condition,scene,original_split,video,frame,label,initial,retrieved,smoothed,final
A,R01,training,03,0,0,0.0,0.0,0.0,0.0
A,R01,training,03,1,0,0.0,0.0,0.0,0.0
A,R01,training,03,2,0,0.0,0.0,0.0,0.0
A,R01,training,03,3,0,0.0,0.0,0.0,0.0
A,R01,training,03,4,0,0.0,0.0,0.0,0.0
A,R01,training,03,5,0,0.0,0.0,0.0,0.0
A,R01,training,03,6,0,0.0,0.0,0.0,0.0
A,R01,training,03,7,0,0.0,0.0,0.0,0.0
A,R01,training,03,8,0,0.0,0.0,0.0,0.0
A,R01,training,03,9,0,0.0,0.0,0.0,0.0
A,R01,training,03,10,0,0.0,0.0,0.0,0.0
A,R01,training,03,11,0,0.0,0.0,0.0,0.0
A,R01,training,03,12,0,0.0,0.0,0.0,0.0
A,R01,training,03,13,0,0.0,0.0,0.0,0.0
A,R01,training,03,14,0,0.0,0.0,0.0,0.0
A,R01,training,03,15,0,0.0,0.0,0.0,0.0
A,R01,training,03,16,0,0.0,0.0,0.0,0.0
A,R01,training,03,17,0,0.0,0.0,0.0,0.0
A,R01,training,03,18,0,0.0,0.0,0.0,0.0
A,R01,training,03,19,0,0.0,0.0,0.0,0.0
A,R01,training,03,20,0,0.0,0.0,0.0,0.0
A,R01,training,03,21,0,0.0,0.0,0.0,0.0
A,R01,training,03,22,0,0.0,0.0,0.0,0.0
A,R01,training,03,23,0,0.0,0.0,0.0,0.0
A,R01,training,03,24,0,0.0,0.0,0.0,0.0
A,R01,training,03,25,0,0.0,0.0,0.0,0.0
A,R01,training,03,26,0,0.0,0.0,0.0,0.0
A,R01,training,03,27,0,0.0,0.0,0.0,0.0
A,R01,training,03,28,0,0.0,0.0,0.0,0.0
A,R01,training,03,29,0,0.0,0.0,0.0,0.0
A,R01,training,03,30,0,0.0,0.0,0.0,0.0
A,R01,training,03,31,0,0.0,0.0,0.0,0.0
A,R01,training,03,32,0,0.0,0.0,0.0,0.0
A,R01,training,03,33,0,0.0,0.0,0.0,0.0
A,R01,training,03,34,0,0.0,0.0,0.0,0.0
A,R01,training,03,35,0,0.0,0.0,0.0,0.0
A,R01,training,03,36,0,0.0,0.0,0.0,0.0
A,R01,training,03,37,0,0.0,0.0,0.0,0.0
A,R01,training,03,38,0,0.0,0.0,0.0,0.0
A,R01,training,03,39,0,0.0,0.0,0.0,0.0
A,R01,training,03,40,0,0.0,0.0,0.0,0.0
A,R01,training,03,41,0,0.0,0.0,0.0,0.0
A,R01,training,03,42,0,0.0,0.0,0.0,0.0
A,R01,training,03,43,0,0.0,0.0,0.0,0.0
A,R01,training,03,44,0,0.0,0.0,0.0,0.0
A,R01,training,03,45,0,0.0,0.0,0.0,0.0
A,R01,training,03,46,0,0.0,0.0,0.0,0.0
A,R01,training,03,47,0,0.0,0.0,0.0,0.0
A,R01,training,03,48,0,0.0,0.0,0.0,0.0
A,R01,training,03,49,0,0.0,0.0,0.0,0.0
A,R01,training,03,50,0,0.0,0.0,0.0,0.0
A,R01,training,03,51,0,0.0,0.0,0.0,0.0
A,R01,training,03,52,0,0.0,0.0,0.0,0.0
A,R01,training,03,53,0,0.0,0.0,0.0,0.0
A,R01,training,03,54,0,0.0,0.0,0.0,0.0
A,R01,training,03,55,0,0.0,0.0,0.0,0.0
A,R01,training,03,56,0,0.0,0.0,0.0,0.0
A,R01,training,03,57,0,0.0,0.0,0.0,0.0
A,R01,training,03,58,0,0.0,0.0,0.0,0.0
A,R01,training,03,59,0,0.0,0.0,0.0,0.0
A,R01,training,03,60,0,0.0,0.0,0.0,0.0
A,R01,training,03,61,0,0.0,0.0,0.0,0.0
A,R01,training,03,62,0,0.0,0.0,0.0,0.0
A,R01,training,03,63,0,0.0,0.0,0.0,0.0
A,R01,training,03,64,0,0.0,0.0,0.0,0.0
A,R01,training,03,65,0,0.0,0.0,0.0,0.0
A,R01,training,03,66,0,0.0,0.0,0.0,0.0
A,R01,training,03,67,0,0.0,0.0,0.0,0.0
A,R01,training,03,68,0,0.0,0.0,0.0,0.0
A,R01,training,03,69,0,0.0,0.0,0.0,0.0
A,R01,training,03,70,0,0.0,0.0,0.0,0.0
A,R01,training,03,71,0,0.0,0.0,0.0,0.0
A,R01,training,03,72,0,0.0,0.0,0.0,0.0
A,R01,training,03,73,0,0.0,0.0,0.0,0.0
A,R01,training,03,74,0,0.0,0.0,0.0,0.0
A,R01,training,03,75,0,0.0,0.0,0.0,0.0
A,R01,training,03,76,0,0.0,0.0,0.0,0.0
A,R01,training,03,77,0,0.0,0.0,0.0,0.0
A,R01,training,03,78,0,0.0,0.0,0.0,0.0
A,R01,training,03,79,0,0.0,0.0,0.0,0.0
A,R01,training,03,80,0,0.0,0.0,0.0,0.0
A,R01,training,03,81,0,0.0,0.0,0.0,0.0
A,R01,training,03,82,0,0.0,0.0,0.0,0.0
A,R01,training,03,83,0,0.0,0.0,0.0,0.0
A,R01,training,03,84,0,0.0,0.0,0.0,0.0
A,R01,training,03,85,0,0.0,0.0,0.0,0.0
A,R01,training,03,86,0,0.0,0.0,0.0,0.0
A,R01,training,03,87,0,0.0,0.0,0.0,0.0
A,R01,training,03,88,0,0.0,0.0,0.0,0.0
A,R01,training,03,89,0,0.0,0.0,0.0,0.0
A,R01,training,03,90,0,0.0,0.0,0.0,0.0
A,R01,training,03,91,0,0.0,0.0,0.0,0.0
A,R01,training,03,92,0,0.0,0.0,0.0,0.0
A,R01,training,03,93,0,0.0,0.0,0.0,0.0
A,R01,training,03,94,0,0.0,0.0,0.0,0.0
A,R01,training,03,95,0,0.0,0.0,0.0,0.0
A,R01,training,03,96,0,0.0,0.0,0.0,0.0
A,R01,training,03,97,0,0.0,0.0,0.0,0.0
A,R01,training,03,98,0,0.0,0.0,0.0,0.0
A,R01,training,03,99,0,0.0,0.0,0.0,0.0
A,R01,training,03,100,0,0.0,0.0,0.0,0.0
A,R01,training,03,101,0,0.0,0.0,0.0,0.0
A,R01,training,03,102,0,0.0,0.0,0.0,0.0
A,R01,training,03,103,0,0.0,0.0,0.0,0.0
A,R01,training,03,104,0,0.0,0.0,0.0,0.0
A,R01,training,03,105,0,0.0,0.0,0.0,0.0
A,R01,training,03,106,0,0.0,0.0,0.0,0.0
A,R01,training,03,107,0,0.0,0.0,0.0,0.0
A,R01,training,03,108,0,0.0,0.0,0.0,0.0
A,R01,training,03,109,0,0.0,0.0,0.0,0.0
A,R01,training,03,110,0,0.0,0.0,0.0,0.0
A,R01,training,03,111,0,0.0,0.0,0.0,0.0
A,R01,training,03,112,0,0.0,0.0,0.0,0.0
A,R01,training,03,113,0,0.0,0.0,0.0,0.0
A,R01,training,03,114,0,0.0,0.0,0.0,0.0
A,R01,training,03,115,0,0.0,0.0,0.0,0.0
A,R01,training,03,116,0,0.0,0.0,0.0,0.0
A,R01,training,03,117,0,0.0,0.0,0.0,0.0
A,R01,training,03,118,0,0.0,0.0,0.0,0.0
A,R01,training,03,119,0,0.0,0.0,0.0,0.0
A,R01,training,03,120,0,0.0,0.0,0.0,0.0
A,R01,training,03,121,0,0.0,0.0,0.0,0.0
A,R01,training,03,122,0,0.0,0.0,0.0,0.0
A,R01,training,03,123,0,0.0,0.0,0.0,0.0
A,R01,training,03,124,0,0.0,0.0,0.0,0.0
A,R01,training,03,125,0,0.0,0.0,0.0,0.0
A,R01,training,03,126,0,0.0,0.0,0.0,0.0
A,R01,training,03,127,0,0.0,0.0,0.0,0.0
A,R01,training,03,128,0,0.0,0.0,0.0,0.0
A,R01,training,03,129,0,0.0,0.0,0.0,0.0
A,R01,training,03,130,0,0.0,0.0,0.0,0.0
A,R01,training,03,131,0,0.0,0.0,0.0,0.0
A,R01,training,03,132,0,0.0,0.0,0.0,0.0
A,R01,training,03,133,0,0.0,0.0,0.0,0.0
A,R01,training,03,134,0,0.0,0.0,0.0,0.0
A,R01,training,03,135,0,0.0,0.0,0.0,0.0
A,R01,training,03,136,0,0.0,0.0,0.0,0.0
A,R01,training,03,137,0,0.0,0.0,0.0,0.0
A,R01,training,03,138,0,0.0,0.0,0.0,0.0
A,R01,training,03,139,0,0.0,0.0,0.0,0.0
A,R01,training,03,140,0,0.0,0.0,0.0,0.0
A,R01,training,03,141,0,0.0,0.0,0.0,0.0
A,R01,training,03,142,0,0.0,0.0,0.0,0.0
A,R01,training,03,143,0,0.0,0.0,0.0,0.0
A,R01,training,03,144,0,0.0,0.0,0.0,0.0
A,R01,training,03,145,0,0.0,0.0,0.0,0.0
A,R01,training,03,146,0,0.0,0.0,0.0,0.0
A,R01,training,03,147,0,0.0,0.0,0.0,0.0
A,R01,training,03,148,0,0.0,0.0,0.0,0.0
A,R01,training,03,149,0,0.0,0.0,0.0,0.0
A,R01,training,03,150,0,0.0,0.0,0.0,0.0
A,R01,training,03,151,0,0.0,0.0,0.0,0.0
A,R01,training,03,152,0,0.0,0.0,0.0,0.0
A,R01,training,03,153,0,0.0,0.0,0.0,0.0
A,R01,training,03,154,0,0.0,0.0,0.0,0.0
A,R01,training,03,155,0,0.0,0.0,0.0,0.0
A,R01,training,03,156,0,0.0,0.0,0.0,0.0
A,R01,training,03,157,0,0.0,0.0,0.0,0.0
A,R01,training,03,158,0,0.0,0.0,0.0,0.0
A,R01,training,03,159,0,0.0,0.0,0.0,0.0
A,R01,training,03,160,0,0.0,0.0,0.0,0.0
A,R01,training,03,161,0,0.0,0.0,0.0,0.0
A,R01,training,03,162,0,0.0,0.0,0.0,0.0
A,R01,training,03,163,0,0.0,0.0,0.0,0.0
A,R01,training,03,164,0,0.0,0.0,0.0,0.0
A,R01,training,03,165,0,0.0,0.0,0.0,0.0
A,R01,training,03,166,0,0.0,0.0,0.0,0.0
A,R01,training,03,167,0,0.0,0.0,0.0,0.0
A,R01,training,03,168,0,0.0,0.0,0.0,0.0
A,R01,training,03,169,0,0.0,0.0,0.0,0.0
A,R01,training,03,170,0,0.0,0.0,0.0,0.0
A,R01,training,03,171,0,0.0,0.0,0.0,0.0
A,R01,training,03,172,0,0.0,0.0,0.0,0.0
A,R01,training,03,173,0,0.0,0.0,0.0,0.0
A,R01,training,03,174,0,0.0,0.0,0.0,0.0
A,R01,training,03,175,0,0.0,0.0,0.0,0.0
A,R01,training,03,176,0,0.0,0.0,0.0,0.0
A,R01,training,03,177,0,0.0,0.0,0.0,0.0
A,R01,training,03,178,0,0.0,0.0,0.0,0.0
A,R01,training,03,179,0,0.0,0.0,0.0,0.0
A,R01,training,03,180,0,0.0,0.0,0.0,0.0
A,R01,training,03,181,0,0.0,0.0,0.0,0.0
A,R01,training,03,182,0,0.0,0.0,0.0,0.0
A,R01,training,03,183,0,0.0,0.0,0.0,0.0
A,R01,training,03,184,0,0.0,0.0,0.0,0.0
A,R01,training,03,185,0,0.0,0.0,0.0,0.0
A,R01,training,03,186,0,0.0,0.0,0.0,0.0
A,R01,training,03,187,0,0.0,0.0,0.0,0.0
A,R01,training,03,188,0,0.0,0.0,0.0,0.0
A,R01,training,03,189,0,0.0,0.0,0.0,0.0
A,R01,training,03,190,0,0.0,0.0,0.0,0.0
A,R01,training,03,191,0,0.0,0.0,0.0,0.0
A,R01,training,03,192,0,0.0,0.0,0.0,0.0
A,R01,training,03,193,0,0.0,0.0,0.0,0.0
A,R01,training,03,194,0,0.0,0.0,0.0,0.0
A,R01,training,03,195,0,0.0,0.0,0.0,0.0
A,R01,training,03,196,0,0.0,0.0,0.0,0.0
A,R01,training,03,197,0,0.0,0.0,0.0,0.0
A,R01,training,03,198,0,0.0,0.0,0.0,0.0
A,R01,training,03,199,0,0.0,0.0,0.0,0.0
A,R01,training,03,200,0,0.0,0.0,0.0,0.0
A,R01,training,03,201,0,0.0,0.0,0.0,0.0
A,R01,training,03,202,0,0.0,0.0,0.0,0.0
B,R01,training,03,0,0,0.0,0.0,0.0,0.0
B,R01,training,03,1,0,0.0,0.0,0.0,0.0
B,R01,training,03,2,0,0.0,0.0,0.0,0.0
B,R01,training,03,3,0,0.0,0.0,0.0,0.0
B,R01,training,03,4,0,0.0,0.0,0.0,0.0
B,R01,training,03,5,0,0.0,0.0,0.0,0.0
B,R01,training,03,6,0,0.0,0.0,0.0,0.0
B,R01,training,03,7,0,0.0,0.0,0.0,0.0
B,R01,training,03,8,0,0.0,0.0,0.0,0.0
B,R01,training,03,9,0,0.0,0.0,0.0,0.0
B,R01,training,03,10,0,0.0,0.0,0.0,0.0
B,R01,training,03,11,0,0.0,0.0,0.0,0.0
B,R01,training,03,12,0,0.0,0.0,0.0,0.0
B,R01,training,03,13,0,0.0,0.0,0.0,0.0
B,R01,training,03,14,0,0.0,0.0,0.0,0.0
B,R01,training,03,15,0,0.0,0.0,0.0,0.0
B,R01,training,03,16,0,0.0,0.0,0.0,0.0
B,R01,training,03,17,0,0.0,0.0,0.0,0.0
B,R01,training,03,18,0,0.0,0.0,0.0,0.0
B,R01,training,03,19,0,0.0,0.0,0.0,0.0
B,R01,training,03,20,0,0.0,0.0,0.0,0.0
B,R01,training,03,21,0,0.0,0.0,0.0,0.0
B,R01,training,03,22,0,0.0,0.0,0.0,0.0
B,R01,training,03,23,0,0.0,0.0,0.0,0.0
B,R01,training,03,24,0,0.0,0.0,0.0,0.0
B,R01,training,03,25,0,0.0,0.0,0.0,0.0
B,R01,training,03,26,0,0.0,0.0,0.0,0.0
B,R01,training,03,27,0,0.0,0.0,0.0,0.0
B,R01,training,03,28,0,0.0,0.0,0.0,0.0
B,R01,training,03,29,0,0.0,0.0,0.0,0.0
B,R01,training,03,30,0,0.0,0.0,0.0,0.0
B,R01,training,03,31,0,0.0,0.0,0.0,0.0
B,R01,training,03,32,0,0.0,0.0,0.0,0.0
B,R01,training,03,33,0,0.0,0.0,0.0,0.0
B,R01,training,03,34,0,0.0,0.0,0.0,0.0
B,R01,training,03,35,0,0.0,0.0,0.0,0.0
B,R01,training,03,36,0,0.0,0.0,0.0,0.0
B,R01,training,03,37,0,0.0,0.0,0.0,0.0
B,R01,training,03,38,0,0.0,0.0,0.0,0.0
B,R01,training,03,39,0,0.0,0.0,0.0,0.0
B,R01,training,03,40,0,0.0,0.0,0.0,0.0
B,R01,training,03,41,0,0.0,0.0,0.0,0.0
B,R01,training,03,42,0,0.0,0.0,0.0,0.0
B,R01,training,03,43,0,0.0,0.0,0.0,0.0
B,R01,training,03,44,0,0.0,0.0,0.0,0.0
B,R01,training,03,45,0,0.0,0.0,0.0,0.0
B,R01,training,03,46,0,0.0,0.0,0.0,0.0
B,R01,training,03,47,0,0.0,0.0,0.0,0.0
B,R01,training,03,48,0,0.0,0.0,0.0,0.0
B,R01,training,03,49,0,0.0,0.0,0.0,0.0
B,R01,training,03,50,0,0.0,0.0,0.0,0.0
B,R01,training,03,51,0,0.0,0.0,0.0,0.0
B,R01,training,03,52,0,0.0,0.0,0.0,0.0
B,R01,training,03,53,0,0.0,0.0,0.0,0.0
B,R01,training,03,54,0,0.0,0.0,0.0,0.0
B,R01,training,03,55,0,0.0,0.0,0.0,0.0
B,R01,training,03,56,0,0.0,0.0,0.0,0.0
B,R01,training,03,57,0,0.0,0.0,0.0,0.0
B,R01,training,03,58,0,0.0,0.0,0.0,0.0
B,R01,training,03,59,0,0.0,0.0,0.0,0.0
B,R01,training,03,60,0,0.0,0.0,0.0,0.0
B,R01,training,03,61,0,0.0,0.0,0.0,0.0
B,R01,training,03,62,0,0.0,0.0,0.0,0.0
B,R01,training,03,63,0,0.0,0.0,0.0,0.0
B,R01,training,03,64,0,0.0,0.0,0.0,0.0
B,R01,training,03,65,0,0.0,0.0,0.0,0.0
B,R01,training,03,66,0,0.0,0.0,0.0,0.0
B,R01,training,03,67,0,0.0,0.0,0.0,0.0
B,R01,training,03,68,0,0.0,0.0,0.0,0.0
B,R01,training,03,69,0,0.0,0.0,0.0,0.0
B,R01,training,03,70,0,0.0,0.0,0.0,0.0
B,R01,training,03,71,0,0.0,0.0,0.0,0.0
B,R01,training,03,72,0,0.0,0.0,0.0,0.0
B,R01,training,03,73,0,0.0,0.0,0.0,0.0
B,R01,training,03,74,0,0.0,0.0,0.0,0.0
B,R01,training,03,75,0,0.0,0.0,0.0,0.0
B,R01,training,03,76,0,0.0,0.0,0.0,0.0
B,R01,training,03,77,0,0.0,0.0,0.0,0.0
B,R01,training,03,78,0,0.0,0.0,0.0,0.0
B,R01,training,03,79,0,0.0,0.0,0.0,0.0
B,R01,training,03,80,0,0.0,0.0,0.0,0.0
B,R01,training,03,81,0,0.0,0.0,0.0,0.0
B,R01,training,03,82,0,0.0,0.0,0.0,0.0
B,R01,training,03,83,0,0.0,0.0,0.0,0.0
B,R01,training,03,84,0,0.0,0.0,0.0,0.0
B,R01,training,03,85,0,0.0,0.0,0.0,0.0
B,R01,training,03,86,0,0.0,0.0,0.0,0.0
B,R01,training,03,87,0,0.0,0.0,0.0,0.0
B,R01,training,03,88,0,0.0,0.0,0.0,0.0
B,R01,training,03,89,0,0.0,0.0,0.0,0.0
B,R01,training,03,90,0,0.0,0.0,0.0,0.0
B,R01,training,03,91,0,0.0,0.0,0.0,0.0
B,R01,training,03,92,0,0.0,0.0,0.0,0.0
B,R01,training,03,93,0,0.0,0.0,0.0,0.0
B,R01,training,03,94,0,0.0,0.0,0.0,0.0
B,R01,training,03,95,0,0.0,0.0,0.0,0.0
B,R01,training,03,96,0,0.0,0.0,0.0,0.0
B,R01,training,03,97,0,0.0,0.0,0.0,0.0
B,R01,training,03,98,0,0.0,0.0,0.0,0.0
B,R01,training,03,99,0,0.0,0.0,0.0,0.0
B,R01,training,03,100,0,0.0,0.0,0.0,0.0
B,R01,training,03,101,0,0.0,0.0,0.0,0.0
B,R01,training,03,102,0,0.0,0.0,0.0,0.0
B,R01,training,03,103,0,0.0,0.0,0.0,0.0
B,R01,training,03,104,0,0.0,0.0,0.0,0.0
B,R01,training,03,105,0,0.0,0.0,0.0,0.0
B,R01,training,03,106,0,0.0,0.0,0.0,0.0
B,R01,training,03,107,0,0.0,0.0,0.0,0.0
B,R01,training,03,108,0,0.0,0.0,0.0,0.0
B,R01,training,03,109,0,0.0,0.0,0.0,0.0
B,R01,training,03,110,0,0.0,0.0,0.0,0.0
B,R01,training,03,111,0,0.0,0.0,0.0,0.0
B,R01,training,03,112,0,0.0,0.0,0.0,0.0
B,R01,training,03,113,0,0.0,0.0,0.0,0.0
B,R01,training,03,114,0,0.0,0.0,0.0,0.0
B,R01,training,03,115,0,0.0,0.0,0.0,0.0
B,R01,training,03,116,0,0.0,0.0,0.0,0.0
B,R01,training,03,117,0,0.0,0.0,0.0,0.0
B,R01,training,03,118,0,0.0,0.0,0.0,0.0
B,R01,training,03,119,0,0.0,0.0,0.0,0.0
B,R01,training,03,120,0,0.0,0.0,0.0,0.0
B,R01,training,03,121,0,0.0,0.0,0.0,0.0
B,R01,training,03,122,0,0.0,0.0,0.0,0.0
B,R01,training,03,123,0,0.0,0.0,0.0,0.0
B,R01,training,03,124,0,0.0,0.0,0.0,0.0
B,R01,training,03,125,0,0.0,0.0,0.0,0.0
B,R01,training,03,126,0,0.0,0.0,0.0,0.0
B,R01,training,03,127,0,0.0,0.0,0.0,0.0
B,R01,training,03,128,0,0.0,0.0,0.0,0.0
B,R01,training,03,129,0,0.0,0.0,0.0,0.0
B,R01,training,03,130,0,0.0,0.0,0.0,0.0
B,R01,training,03,131,0,0.0,0.0,0.0,0.0
B,R01,training,03,132,0,0.0,0.0,0.0,0.0
B,R01,training,03,133,0,0.0,0.0,0.0,0.0
B,R01,training,03,134,0,0.0,0.0,0.0,0.0
B,R01,training,03,135,0,0.0,0.0,0.0,0.0
B,R01,training,03,136,0,0.0,0.0,0.0,0.0
B,R01,training,03,137,0,0.0,0.0,0.0,0.0
B,R01,training,03,138,0,0.0,0.0,0.0,0.0
B,R01,training,03,139,0,0.0,0.0,0.0,0.0
B,R01,training,03,140,0,0.0,0.0,0.0,0.0
B,R01,training,03,141,0,0.0,0.0,0.0,0.0
B,R01,training,03,142,0,0.0,0.0,0.0,0.0
B,R01,training,03,143,0,0.0,0.0,0.0,0.0
B,R01,training,03,144,0,0.0,0.0,0.0,0.0
B,R01,training,03,145,0,0.0,0.0,0.0,0.0
B,R01,training,03,146,0,0.0,0.0,0.0,0.0
B,R01,training,03,147,0,0.0,0.0,0.0,0.0
B,R01,training,03,148,0,0.0,0.0,0.0,0.0
B,R01,training,03,149,0,0.0,0.0,0.0,0.0
B,R01,training,03,150,0,0.0,0.0,0.0,0.0
B,R01,training,03,151,0,0.0,0.0,0.0,0.0
B,R01,training,03,152,0,0.0,0.0,0.0,0.0
B,R01,training,03,153,0,0.0,0.0,0.0,0.0
B,R01,training,03,154,0,0.0,0.0,0.0,0.0
B,R01,training,03,155,0,0.0,0.0,0.0,0.0
B,R01,training,03,156,0,0.0,0.0,0.0,0.0
B,R01,training,03,157,0,0.0,0.0,0.0,0.0
B,R01,training,03,158,0,0.0,0.0,0.0,0.0
B,R01,training,03,159,0,0.0,0.0,0.0,0.0
B,R01,training,03,160,0,0.0,0.0,0.0,0.0
B,R01,training,03,161,0,0.0,0.0,0.0,0.0
B,R01,training,03,162,0,0.0,0.0,0.0,0.0
B,R01,training,03,163,0,0.0,0.0,0.0,0.0
B,R01,training,03,164,0,0.0,0.0,0.0,0.0
B,R01,training,03,165,0,0.0,0.0,0.0,0.0
B,R01,training,03,166,0,0.0,0.0,0.0,0.0
B,R01,training,03,167,0,0.0,0.0,0.0,0.0
B,R01,training,03,168,0,0.0,0.0,0.0,0.0
B,R01,training,03,169,0,0.0,0.0,0.0,0.0
B,R01,training,03,170,0,0.0,0.0,0.0,0.0
B,R01,training,03,171,0,0.0,0.0,0.0,0.0
B,R01,training,03,172,0,0.0,0.0,0.0,0.0
B,R01,training,03,173,0,0.0,0.0,0.0,0.0
B,R01,training,03,174,0,0.0,0.0,0.0,0.0
B,R01,training,03,175,0,0.0,0.0,0.0,0.0
B,R01,training,03,176,0,0.0,0.0,0.0,0.0
B,R01,training,03,177,0,0.0,0.0,0.0,0.0
B,R01,training,03,178,0,0.0,0.0,0.0,0.0
B,R01,training,03,179,0,0.0,0.0,0.0,0.0
B,R01,training,03,180,0,0.0,0.0,0.0,0.0
B,R01,training,03,181,0,0.0,0.0,0.0,0.0
B,R01,training,03,182,0,0.0,0.0,0.0,0.0
B,R01,training,03,183,0,0.0,0.0,0.0,0.0
B,R01,training,03,184,0,0.0,0.0,0.0,0.0
B,R01,training,03,185,0,0.0,0.0,0.0,0.0
B,R01,training,03,186,0,0.0,0.0,0.0,0.0
B,R01,training,03,187,0,0.0,0.0,0.0,0.0
B,R01,training,03,188,0,0.0,0.0,0.0,0.0
B,R01,training,03,189,0,0.0,0.0,0.0,0.0
B,R01,training,03,190,0,0.0,0.0,0.0,0.0
B,R01,training,03,191,0,0.0,0.0,0.0,0.0
B,R01,training,03,192,0,0.0,0.0,0.0,0.0
B,R01,training,03,193,0,0.0,0.0,0.0,0.0
B,R01,training,03,194,0,0.0,0.0,0.0,0.0
B,R01,training,03,195,0,0.0,0.0,0.0,0.0
B,R01,training,03,196,0,0.0,0.0,0.0,0.0
B,R01,training,03,197,0,0.0,0.0,0.0,0.0
B,R01,training,03,198,0,0.0,0.0,0.0,0.0
B,R01,training,03,199,0,0.0,0.0,0.0,0.0
B,R01,training,03,200,0,0.0,0.0,0.0,0.0
B,R01,training,03,201,0,0.0,0.0,0.0,0.0
B,R01,training,03,202,0,0.0,0.0,0.0,0.0
C,R01,training,03,0,0,0.0,0.0,0.0,0.0
C,R01,training,03,1,0,0.0,0.0,0.0,0.0
C,R01,training,03,2,0,0.0,0.0,0.0,0.0
C,R01,training,03,3,0,0.0,0.0,0.0,0.0
C,R01,training,03,4,0,0.0,0.0,0.0,0.0
C,R01,training,03,5,0,0.0,0.0,0.0,0.0
C,R01,training,03,6,0,0.0,0.0,0.0,0.0
C,R01,training,03,7,0,0.0,0.0,0.0,0.0
C,R01,training,03,8,0,0.0,0.0,0.0,0.0
C,R01,training,03,9,0,0.0,0.0,0.0,0.0
C,R01,training,03,10,0,0.0,0.0,0.0,0.0
C,R01,training,03,11,0,0.0,0.0,0.0,0.0
C,R01,training,03,12,0,0.0,0.0,0.0,0.0
C,R01,training,03,13,0,0.0,0.0,0.0,0.0
C,R01,training,03,14,0,0.0,0.0,0.0,0.0
C,R01,training,03,15,0,0.0,0.0,0.0,0.0
C,R01,training,03,16,0,0.0,0.0,0.0,0.0
C,R01,training,03,17,0,0.0,0.0,0.0,0.0
C,R01,training,03,18,0,0.0,0.0,0.0,0.0
C,R01,training,03,19,0,0.0,0.0,0.0,0.0
C,R01,training,03,20,0,0.0,0.0,0.0,0.0
C,R01,training,03,21,0,0.0,0.0,0.0,0.0
C,R01,training,03,22,0,0.0,0.0,0.0,0.0
C,R01,training,03,23,0,0.0,0.0,0.0,0.0
C,R01,training,03,24,0,0.0,0.0,0.0,0.0
C,R01,training,03,25,0,0.0,0.0,0.0,0.0
C,R01,training,03,26,0,0.0,0.0,0.0,0.0
C,R01,training,03,27,0,0.0,0.0,0.0,0.0
C,R01,training,03,28,0,0.0,0.0,0.0,0.0
C,R01,training,03,29,0,0.0,0.0,0.0,0.0
C,R01,training,03,30,0,0.0,0.0,0.0,0.0
C,R01,training,03,31,0,0.0,0.0,0.0,0.0
C,R01,training,03,32,0,0.0,0.0,0.0,0.0
C,R01,training,03,33,0,0.0,0.0,0.0,0.0
C,R01,training,03,34,0,0.0,0.0,0.0,0.0
C,R01,training,03,35,0,0.0,0.0,0.0,0.0
C,R01,training,03,36,0,0.0,0.0,0.0,0.0
C,R01,training,03,37,0,0.0,0.0,0.0,0.0
C,R01,training,03,38,0,0.0,0.0,0.0,0.0
C,R01,training,03,39,0,0.0,0.0,0.0,0.0
C,R01,training,03,40,0,0.0,0.0,0.0,0.0
C,R01,training,03,41,0,0.0,0.0,0.0,0.0
C,R01,training,03,42,0,0.0,0.0,0.0,0.0
C,R01,training,03,43,0,0.0,0.0,0.0,0.0
C,R01,training,03,44,0,0.0,0.0,0.0,0.0
C,R01,training,03,45,0,0.0,0.0,0.0,0.0
C,R01,training,03,46,0,0.0,0.0,0.0,0.0
C,R01,training,03,47,0,0.0,0.0,0.0,0.0
C,R01,training,03,48,0,0.0,0.0,0.0,0.0
C,R01,training,03,49,0,0.0,0.0,0.0,0.0
C,R01,training,03,50,0,0.0,0.0,0.0,0.0
C,R01,training,03,51,0,0.0,0.0,0.0,0.0
C,R01,training,03,52,0,0.0,0.0,0.0,0.0
C,R01,training,03,53,0,0.0,0.0,0.0,0.0
C,R01,training,03,54,0,0.0,0.0,0.0,0.0
C,R01,training,03,55,0,0.0,0.0,0.0,0.0
C,R01,training,03,56,0,0.0,0.0,0.0,0.0
C,R01,training,03,57,0,0.0,0.0,0.0,0.0
C,R01,training,03,58,0,0.0,0.0,0.0,0.0
C,R01,training,03,59,0,0.0,0.0,0.0,0.0
C,R01,training,03,60,0,0.0,0.0,0.0,0.0
C,R01,training,03,61,0,0.0,0.0,0.0,0.0
C,R01,training,03,62,0,0.0,0.0,0.0,0.0
C,R01,training,03,63,0,0.0,0.0,0.0,0.0
C,R01,training,03,64,0,0.0,0.0,0.0,0.0
C,R01,training,03,65,0,0.0,0.0,0.0,0.0
C,R01,training,03,66,0,0.0,0.0,0.0,0.0
C,R01,training,03,67,0,0.0,0.0,0.0,0.0
C,R01,training,03,68,0,0.0,0.0,0.0,0.0
C,R01,training,03,69,0,0.0,0.0,0.0,0.0
C,R01,training,03,70,0,0.0,0.0,0.0,0.0
C,R01,training,03,71,0,0.0,0.0,0.0,0.0
C,R01,training,03,72,0,0.0,0.0,0.0,0.0
C,R01,training,03,73,0,0.0,0.0,0.0,0.0
C,R01,training,03,74,0,0.0,0.0,0.0,0.0
C,R01,training,03,75,0,0.0,0.0,0.0,0.0
C,R01,training,03,76,0,0.0,0.0,0.0,0.0
C,R01,training,03,77,0,0.0,0.0,0.0,0.0
C,R01,training,03,78,0,0.0,0.0,0.0,0.0
C,R01,training,03,79,0,0.0,0.0,0.0,0.0
C,R01,training,03,80,0,0.0,0.0,0.0,0.0
C,R01,training,03,81,0,0.0,0.0,0.0,0.0
C,R01,training,03,82,0,0.0,0.0,0.0,0.0
C,R01,training,03,83,0,0.0,0.0,0.0,0.0
C,R01,training,03,84,0,0.0,0.0,0.0,0.0
C,R01,training,03,85,0,0.0,0.0,0.0,0.0
C,R01,training,03,86,0,0.0,0.0,0.0,0.0
C,R01,training,03,87,0,0.0,0.0,0.0,0.0
C,R01,training,03,88,0,0.0,0.0,0.0,0.0
C,R01,training,03,89,0,0.0,0.0,0.0,0.0
C,R01,training,03,90,0,0.0,0.0,0.0,0.0
C,R01,training,03,91,0,0.0,0.0,0.0,0.0
C,R01,training,03,92,0,0.0,0.0,0.0,0.0
C,R01,training,03,93,0,0.0,0.0,0.0,0.0
C,R01,training,03,94,0,0.0,0.0,0.0,0.0
C,R01,training,03,95,0,0.0,0.0,0.0,0.0
C,R01,training,03,96,0,0.0,0.0,0.0,0.0
C,R01,training,03,97,0,0.0,0.0,0.0,0.0
C,R01,training,03,98,0,0.0,0.0,0.0,0.0
C,R01,training,03,99,0,0.0,0.0,0.0,0.0
C,R01,training,03,100,0,0.0,0.0,0.0,0.0
C,R01,training,03,101,0,0.0,0.0,0.0,0.0
C,R01,training,03,102,0,0.0,0.0,0.0,0.0
C,R01,training,03,103,0,0.0,0.0,0.0,0.0
C,R01,training,03,104,0,0.0,0.0,0.0,0.0
C,R01,training,03,105,0,0.0,0.0,0.0,0.0
C,R01,training,03,106,0,0.0,0.0,0.0,0.0
C,R01,training,03,107,0,0.0,0.0,0.0,0.0
C,R01,training,03,108,0,0.0,0.0,0.0,0.0
C,R01,training,03,109,0,0.0,0.0,0.0,0.0
C,R01,training,03,110,0,0.0,0.0,0.0,0.0
C,R01,training,03,111,0,0.0,0.0,0.0,0.0
C,R01,training,03,112,0,0.0,0.0,0.0,0.0
C,R01,training,03,113,0,0.0,0.0,0.0,0.0
C,R01,training,03,114,0,0.0,0.0,0.0,0.0
C,R01,training,03,115,0,0.0,0.0,0.0,0.0
C,R01,training,03,116,0,0.0,0.0,0.0,0.0
C,R01,training,03,117,0,0.0,0.0,0.0,0.0
C,R01,training,03,118,0,0.0,0.0,0.0,0.0
C,R01,training,03,119,0,0.0,0.0,0.0,0.0
C,R01,training,03,120,0,0.0,0.0,0.0,0.0
C,R01,training,03,121,0,0.0,0.0,0.0,0.0
C,R01,training,03,122,0,0.0,0.0,0.0,0.0
C,R01,training,03,123,0,0.0,0.0,0.0,0.0
C,R01,training,03,124,0,0.0,0.0,0.0,0.0
C,R01,training,03,125,0,0.0,0.0,0.0,0.0
C,R01,training,03,126,0,0.0,0.0,0.0,0.0
C,R01,training,03,127,0,0.0,0.0,0.0,0.0
C,R01,training,03,128,0,0.0,0.0,0.0,0.0
C,R01,training,03,129,0,0.0,0.0,0.0,0.0
C,R01,training,03,130,0,0.0,0.0,0.0,0.0
C,R01,training,03,131,0,0.0,0.0,0.0,0.0
C,R01,training,03,132,0,0.0,0.0,0.0,0.0
C,R01,training,03,133,0,0.0,0.0,0.0,0.0
C,R01,training,03,134,0,0.0,0.0,0.0,0.0
C,R01,training,03,135,0,0.0,0.0,0.0,0.0
C,R01,training,03,136,0,0.0,0.0,0.0,0.0
C,R01,training,03,137,0,0.0,0.0,0.0,0.0
C,R01,training,03,138,0,0.0,0.0,0.0,0.0
C,R01,training,03,139,0,0.0,0.0,0.0,0.0
C,R01,training,03,140,0,0.0,0.0,0.0,0.0
C,R01,training,03,141,0,0.0,0.0,0.0,0.0
C,R01,training,03,142,0,0.0,0.0,0.0,0.0
C,R01,training,03,143,0,0.0,0.0,0.0,0.0
C,R01,training,03,144,0,0.0,0.0,0.0,0.0
C,R01,training,03,145,0,0.0,0.0,0.0,0.0
C,R01,training,03,146,0,0.0,0.0,0.0,0.0
C,R01,training,03,147,0,0.0,0.0,0.0,0.0
C,R01,training,03,148,0,0.0,0.0,0.0,0.0
C,R01,training,03,149,0,0.0,0.0,0.0,0.0
C,R01,training,03,150,0,0.0,0.0,0.0,0.0
C,R01,training,03,151,0,0.0,0.0,0.0,0.0
C,R01,training,03,152,0,0.0,0.0,0.0,0.0
C,R01,training,03,153,0,0.0,0.0,0.0,0.0
C,R01,training,03,154,0,0.0,0.0,0.0,0.0
C,R01,training,03,155,0,0.0,0.0,0.0,0.0
C,R01,training,03,156,0,0.0,0.0,0.0,0.0
C,R01,training,03,157,0,0.0,0.0,0.0,0.0
C,R01,training,03,158,0,0.0,0.0,0.0,0.0
C,R01,training,03,159,0,0.0,0.0,0.0,0.0
C,R01,training,03,160,0,0.0,0.0,0.0,0.0
C,R01,training,03,161,0,0.0,0.0,0.0,0.0
C,R01,training,03,162,0,0.0,0.0,0.0,0.0
C,R01,training,03,163,0,0.0,0.0,0.0,0.0
C,R01,training,03,164,0,0.0,0.0,0.0,0.0
C,R01,training,03,165,0,0.0,0.0,0.0,0.0
C,R01,training,03,166,0,0.0,0.0,0.0,0.0
C,R01,training,03,167,0,0.0,0.0,0.0,0.0
C,R01,training,03,168,0,0.0,0.0,0.0,0.0
C,R01,training,03,169,0,0.0,0.0,0.0,0.0
C,R01,training,03,170,0,0.0,0.0,0.0,0.0
C,R01,training,03,171,0,0.0,0.0,0.0,0.0
C,R01,training,03,172,0,0.0,0.0,0.0,0.0
C,R01,training,03,173,0,0.0,0.0,0.0,0.0
C,R01,training,03,174,0,0.0,0.0,0.0,0.0
C,R01,training,03,175,0,0.0,0.0,0.0,0.0
C,R01,training,03,176,0,0.0,0.0,0.0,0.0
C,R01,training,03,177,0,0.0,0.0,0.0,0.0
C,R01,training,03,178,0,0.0,0.0,0.0,0.0
C,R01,training,03,179,0,0.0,0.0,0.0,0.0
C,R01,training,03,180,0,0.0,0.0,0.0,0.0
C,R01,training,03,181,0,0.0,0.0,0.0,0.0
C,R01,training,03,182,0,0.0,0.0,0.0,0.0
C,R01,training,03,183,0,0.0,0.0,0.0,0.0
C,R01,training,03,184,0,0.0,0.0,0.0,0.0
C,R01,training,03,185,0,0.0,0.0,0.0,0.0
C,R01,training,03,186,0,0.0,0.0,0.0,0.0
C,R01,training,03,187,0,0.0,0.0,0.0,0.0
C,R01,training,03,188,0,0.0,0.0,0.0,0.0
C,R01,training,03,189,0,0.0,0.0,0.0,0.0
C,R01,training,03,190,0,0.0,0.0,0.0,0.0
C,R01,training,03,191,0,0.0,0.0,0.0,0.0
C,R01,training,03,192,0,0.0,0.0,0.0,0.0
C,R01,training,03,193,0,0.0,0.0,0.0,0.0
C,R01,training,03,194,0,0.0,0.0,0.0,0.0
C,R01,training,03,195,0,0.0,0.0,0.0,0.0
C,R01,training,03,196,0,0.0,0.0,0.0,0.0
C,R01,training,03,197,0,0.0,0.0,0.0,0.0
C,R01,training,03,198,0,0.0,0.0,0.0,0.0
C,R01,training,03,199,0,0.0,0.0,0.0,0.0
C,R01,training,03,200,0,0.0,0.0,0.0,0.0
C,R01,training,03,201,0,0.0,0.0,0.0,0.0
C,R01,training,03,202,0,0.0,0.0,0.0,0.0
P1,R01,training,03,0,0,0.0,0.0,0.0,0.0
P1,R01,training,03,1,0,0.0,0.0,0.0,0.0
P1,R01,training,03,2,0,0.0,0.0,0.0,0.0
P1,R01,training,03,3,0,0.0,0.0,0.0,0.0
P1,R01,training,03,4,0,0.0,0.0,0.0,0.0
P1,R01,training,03,5,0,0.0,0.0,0.0,0.0
P1,R01,training,03,6,0,0.0,0.0,0.0,0.0
P1,R01,training,03,7,0,0.0,0.0,0.0,0.0
P1,R01,training,03,8,0,0.0,0.0,0.0,0.0
P1,R01,training,03,9,0,0.0,0.0,0.0,0.0
P1,R01,training,03,10,0,0.0,0.0,0.0,0.0
P1,R01,training,03,11,0,0.0,0.0,0.0,0.0
P1,R01,training,03,12,0,0.0,0.0,0.0,0.0
P1,R01,training,03,13,0,0.0,0.0,0.0,0.0
P1,R01,training,03,14,0,0.0,0.0,0.0,0.0
P1,R01,training,03,15,0,0.0,0.0,0.0,0.0
P1,R01,training,03,16,0,0.0,0.0,0.0,0.0
P1,R01,training,03,17,0,0.0,0.0,0.0,0.0
P1,R01,training,03,18,0,0.0,0.0,0.0,0.0
P1,R01,training,03,19,0,0.0,0.0,0.0,0.0
P1,R01,training,03,20,0,0.0,0.0,0.0,0.0
P1,R01,training,03,21,0,0.0,0.0,0.0,0.0
P1,R01,training,03,22,0,0.0,0.0,0.0,0.0
P1,R01,training,03,23,0,0.0,0.0,0.0,0.0
P1,R01,training,03,24,0,0.0,0.0,0.0,0.0
P1,R01,training,03,25,0,0.0,0.0,0.0,0.0
P1,R01,training,03,26,0,0.0,0.0,0.0,0.0
P1,R01,training,03,27,0,0.0,0.0,0.0,0.0
P1,R01,training,03,28,0,0.0,0.0,0.0,0.0
P1,R01,training,03,29,0,0.0,0.0,0.0,0.0
P1,R01,training,03,30,0,0.0,0.0,0.0,0.0
P1,R01,training,03,31,0,0.0,0.0,0.0,0.0
P1,R01,training,03,32,0,0.0,0.0,0.0,0.0
P1,R01,training,03,33,0,0.0,0.0,0.0,0.0
P1,R01,training,03,34,0,0.0,0.0,0.0,0.0
P1,R01,training,03,35,0,0.0,0.0,0.0,0.0
P1,R01,training,03,36,0,0.0,0.0,0.0,0.0
P1,R01,training,03,37,0,0.0,0.0,0.0,0.0
P1,R01,training,03,38,0,0.0,0.0,0.0,0.0
P1,R01,training,03,39,0,0.0,0.0,0.0,0.0
P1,R01,training,03,40,0,0.0,0.0,0.0,0.0
P1,R01,training,03,41,0,0.0,0.0,0.0,0.0
P1,R01,training,03,42,0,0.0,0.0,0.0,0.0
P1,R01,training,03,43,0,0.0,0.0,0.0,0.0
P1,R01,training,03,44,0,0.0,0.0,0.0,0.0
P1,R01,training,03,45,0,0.0,0.0,0.0,0.0
P1,R01,training,03,46,0,0.0,0.0,0.0,0.0
P1,R01,training,03,47,0,0.0,0.0,0.0,0.0
P1,R01,training,03,48,0,0.0,0.0,0.0,0.0
P1,R01,training,03,49,0,0.0,0.0,0.0,0.0
P1,R01,training,03,50,0,0.0,0.0,0.0,0.0
P1,R01,training,03,51,0,0.0,0.0,0.0,0.0
P1,R01,training,03,52,0,0.0,0.0,0.0,0.0
P1,R01,training,03,53,0,0.0,0.0,0.0,0.0
P1,R01,training,03,54,0,0.0,0.0,0.0,0.0
P1,R01,training,03,55,0,0.0,0.0,0.0,0.0
P1,R01,training,03,56,0,0.0,0.0,0.0,0.0
P1,R01,training,03,57,0,0.0,0.0,0.0,0.0
P1,R01,training,03,58,0,0.0,0.0,0.0,0.0
P1,R01,training,03,59,0,0.0,0.0,0.0,0.0
P1,R01,training,03,60,0,0.0,0.0,0.0,0.0
P1,R01,training,03,61,0,0.0,0.0,0.0,0.0
P1,R01,training,03,62,0,0.0,0.0,0.0,0.0
P1,R01,training,03,63,0,0.0,0.0,0.0,0.0
P1,R01,training,03,64,0,0.0,0.0,0.0,0.0
P1,R01,training,03,65,0,0.0,0.0,0.0,0.0
P1,R01,training,03,66,0,0.0,0.0,0.0,0.0
P1,R01,training,03,67,0,0.0,0.0,0.0,0.0
P1,R01,training,03,68,0,0.0,0.0,0.0,0.0
P1,R01,training,03,69,0,0.0,0.0,0.0,0.0
P1,R01,training,03,70,0,0.0,0.0,0.0,0.0
P1,R01,training,03,71,0,0.0,0.0,0.0,0.0
P1,R01,training,03,72,0,0.0,0.0,0.0,0.0
P1,R01,training,03,73,0,0.0,0.0,0.0,0.0
P1,R01,training,03,74,0,0.0,0.0,0.0,0.0
P1,R01,training,03,75,0,0.0,0.0,0.0,0.0
P1,R01,training,03,76,0,0.0,0.0,0.0,0.0
P1,R01,training,03,77,0,0.0,0.0,0.0,0.0
P1,R01,training,03,78,0,0.0,0.0,0.0,0.0
P1,R01,training,03,79,0,0.0,0.0,0.0,0.0
P1,R01,training,03,80,0,0.0,0.0,0.0,0.0
P1,R01,training,03,81,0,0.0,0.0,0.0,0.0
P1,R01,training,03,82,0,0.0,0.0,0.0,0.0
P1,R01,training,03,83,0,0.0,0.0,0.0,0.0
P1,R01,training,03,84,0,0.0,0.0,0.0,0.0
P1,R01,training,03,85,0,0.0,0.0,0.0,0.0
P1,R01,training,03,86,0,0.0,0.0,0.0,0.0
P1,R01,training,03,87,0,0.0,0.0,0.0,0.0
P1,R01,training,03,88,0,0.0,0.0,0.0,0.0
P1,R01,training,03,89,0,0.0,0.0,0.0,0.0
P1,R01,training,03,90,0,0.0,0.0,0.0,0.0
P1,R01,training,03,91,0,0.0,0.0,0.0,0.0
P1,R01,training,03,92,0,0.0,0.0,0.0,0.0
P1,R01,training,03,93,0,0.0,0.0,0.0,0.0
P1,R01,training,03,94,0,0.0,0.0,0.0,0.0
P1,R01,training,03,95,0,0.0,0.0,0.0,0.0
P1,R01,training,03,96,0,0.0,0.0,0.0,0.0
P1,R01,training,03,97,0,0.0,0.0,0.0,0.0
P1,R01,training,03,98,0,0.0,0.0,0.0,0.0
P1,R01,training,03,99,0,0.0,0.0,0.0,0.0
P1,R01,training,03,100,0,0.0,0.0,0.0,0.0
P1,R01,training,03,101,0,0.0,0.0,0.0,0.0
P1,R01,training,03,102,0,0.0,0.0,0.0,0.0
P1,R01,training,03,103,0,0.0,0.0,0.0,0.0
P1,R01,training,03,104,0,0.0,0.0,0.0,0.0
P1,R01,training,03,105,0,0.0,0.0,0.0,0.0
P1,R01,training,03,106,0,0.0,0.0,0.0,0.0
P1,R01,training,03,107,0,0.0,0.0,0.0,0.0
P1,R01,training,03,108,0,0.0,0.0,0.0,0.0
P1,R01,training,03,109,0,0.0,0.0,0.0,0.0
P1,R01,training,03,110,0,0.0,0.0,0.0,0.0
P1,R01,training,03,111,0,0.0,0.0,0.0,0.0
P1,R01,training,03,112,0,0.0,0.0,0.0,0.0
P1,R01,training,03,113,0,0.0,0.0,0.0,0.0
P1,R01,training,03,114,0,0.0,0.0,0.0,0.0
P1,R01,training,03,115,0,0.0,0.0,0.0,0.0
P1,R01,training,03,116,0,0.0,0.0,0.0,0.0
P1,R01,training,03,117,0,0.0,0.0,0.0,0.0
P1,R01,training,03,118,0,0.0,0.0,0.0,0.0
P1,R01,training,03,119,0,0.0,0.0,0.0,0.0
P1,R01,training,03,120,0,0.0,0.0,0.0,0.0
P1,R01,training,03,121,0,0.0,0.0,0.0,0.0
P1,R01,training,03,122,0,0.0,0.0,0.0,0.0
P1,R01,training,03,123,0,0.0,0.0,0.0,0.0
P1,R01,training,03,124,0,0.0,0.0,0.0,0.0
P1,R01,training,03,125,0,0.0,0.0,0.0,0.0
P1,R01,training,03,126,0,0.0,0.0,0.0,0.0
P1,R01,training,03,127,0,0.0,0.0,0.0,0.0
P1,R01,training,03,128,0,0.0,0.0,0.0,0.0
P1,R01,training,03,129,0,0.0,0.0,0.0,0.0
P1,R01,training,03,130,0,0.0,0.0,0.0,0.0
P1,R01,training,03,131,0,0.0,0.0,0.0,0.0
P1,R01,training,03,132,0,0.0,0.0,0.0,0.0
P1,R01,training,03,133,0,0.0,0.0,0.0,0.0
P1,R01,training,03,134,0,0.0,0.0,0.0,0.0
P1,R01,training,03,135,0,0.0,0.0,0.0,0.0
P1,R01,training,03,136,0,0.0,0.0,0.0,0.0
P1,R01,training,03,137,0,0.0,0.0,0.0,0.0
P1,R01,training,03,138,0,0.0,0.0,0.0,0.0
P1,R01,training,03,139,0,0.0,0.0,0.0,0.0
P1,R01,training,03,140,0,0.0,0.0,0.0,0.0
P1,R01,training,03,141,0,0.0,0.0,0.0,0.0
P1,R01,training,03,142,0,0.0,0.0,0.0,0.0
P1,R01,training,03,143,0,0.0,0.0,0.0,0.0
P1,R01,training,03,144,0,0.0,0.0,0.0,0.0
P1,R01,training,03,145,0,0.0,0.0,0.0,0.0
P1,R01,training,03,146,0,0.0,0.0,0.0,0.0
P1,R01,training,03,147,0,0.0,0.0,0.0,0.0
P1,R01,training,03,148,0,0.0,0.0,0.0,0.0
P1,R01,training,03,149,0,0.0,0.0,0.0,0.0
P1,R01,training,03,150,0,0.0,0.0,0.0,0.0
P1,R01,training,03,151,0,0.0,0.0,0.0,0.0
P1,R01,training,03,152,0,0.0,0.0,0.0,0.0
P1,R01,training,03,153,0,0.0,0.0,0.0,0.0
P1,R01,training,03,154,0,0.0,0.0,0.0,0.0
P1,R01,training,03,155,0,0.0,0.0,0.0,0.0
P1,R01,training,03,156,0,0.0,0.0,0.0,0.0
P1,R01,training,03,157,0,0.0,0.0,0.0,0.0
P1,R01,training,03,158,0,0.0,0.0,0.0,0.0
P1,R01,training,03,159,0,0.0,0.0,0.0,0.0
P1,R01,training,03,160,0,0.0,0.0,0.0,0.0
P1,R01,training,03,161,0,0.0,0.0,0.0,0.0
P1,R01,training,03,162,0,0.0,0.0,0.0,0.0
P1,R01,training,03,163,0,0.0,0.0,0.0,0.0
P1,R01,training,03,164,0,0.0,0.0,0.0,0.0
P1,R01,training,03,165,0,0.0,0.0,0.0,0.0
P1,R01,training,03,166,0,0.0,0.0,0.0,0.0
P1,R01,training,03,167,0,0.0,0.0,0.0,0.0
P1,R01,training,03,168,0,0.0,0.0,0.0,0.0
P1,R01,training,03,169,0,0.0,0.0,0.0,0.0
P1,R01,training,03,170,0,0.0,0.0,0.0,0.0
P1,R01,training,03,171,0,0.0,0.0,0.0,0.0
P1,R01,training,03,172,0,0.0,0.0,0.0,0.0
P1,R01,training,03,173,0,0.0,0.0,0.0,0.0
P1,R01,training,03,174,0,0.0,0.0,0.0,0.0
P1,R01,training,03,175,0,0.0,0.0,0.0,0.0
P1,R01,training,03,176,0,0.0,0.0,0.0,0.0
P1,R01,training,03,177,0,0.0,0.0,0.0,0.0
P1,R01,training,03,178,0,0.0,0.0,0.0,0.0
P1,R01,training,03,179,0,0.0,0.0,0.0,0.0
P1,R01,training,03,180,0,0.0,0.0,0.0,0.0
P1,R01,training,03,181,0,0.0,0.0,0.0,0.0
P1,R01,training,03,182,0,0.0,0.0,0.0,0.0
P1,R01,training,03,183,0,0.0,0.0,0.0,0.0
P1,R01,training,03,184,0,0.0,0.0,0.0,0.0
P1,R01,training,03,185,0,0.0,0.0,0.0,0.0
P1,R01,training,03,186,0,0.0,0.0,0.0,0.0
P1,R01,training,03,187,0,0.0,0.0,0.0,0.0
P1,R01,training,03,188,0,0.0,0.0,0.0,0.0
P1,R01,training,03,189,0,0.0,0.0,0.0,0.0
P1,R01,training,03,190,0,0.0,0.0,0.0,0.0
P1,R01,training,03,191,0,0.0,0.0,0.0,0.0
P1,R01,training,03,192,0,0.0,0.0,0.0,0.0
P1,R01,training,03,193,0,0.0,0.0,0.0,0.0
P1,R01,training,03,194,0,0.0,0.0,0.0,0.0
P1,R01,training,03,195,0,0.0,0.0,0.0,0.0
P1,R01,training,03,196,0,0.0,0.0,0.0,0.0
P1,R01,training,03,197,0,0.0,0.0,0.0,0.0
P1,R01,training,03,198,0,0.0,0.0,0.0,0.0
P1,R01,training,03,199,0,0.0,0.0,0.0,0.0
P1,R01,training,03,200,0,0.0,0.0,0.0,0.0
P1,R01,training,03,201,0,0.0,0.0,0.0,0.0
P1,R01,training,03,202,0,0.0,0.0,0.0,0.0
P2,R01,training,03,0,0,0.0,0.0,0.0,0.0
P2,R01,training,03,1,0,0.0,0.0,0.0,0.0
P2,R01,training,03,2,0,0.0,0.0,0.0,0.0
P2,R01,training,03,3,0,0.0,0.0,0.0,0.0
P2,R01,training,03,4,0,0.0,0.0,0.0,0.0
P2,R01,training,03,5,0,0.0,0.0,0.0,0.0
P2,R01,training,03,6,0,0.0,0.0,0.0,0.0
P2,R01,training,03,7,0,0.0,0.0,0.0,0.0
P2,R01,training,03,8,0,0.0,0.0,0.0,0.0
P2,R01,training,03,9,0,0.0,0.0,0.0,0.0
P2,R01,training,03,10,0,0.0,0.0,0.0,0.0
P2,R01,training,03,11,0,0.0,0.0,0.0,0.0
P2,R01,training,03,12,0,0.0,0.0,0.0,0.0
P2,R01,training,03,13,0,0.0,0.0,0.0,0.0
P2,R01,training,03,14,0,0.0,0.0,0.0,0.0
P2,R01,training,03,15,0,0.0,0.0,0.0,0.0
P2,R01,training,03,16,0,0.0,0.0,0.0,0.0
P2,R01,training,03,17,0,0.0,0.0,0.0,0.0
P2,R01,training,03,18,0,0.0,0.0,0.0,0.0
P2,R01,training,03,19,0,0.0,0.0,0.0,0.0
P2,R01,training,03,20,0,0.0,0.0,0.0,0.0
P2,R01,training,03,21,0,0.0,0.0,0.0,0.0
P2,R01,training,03,22,0,0.0,0.0,0.0,0.0
P2,R01,training,03,23,0,0.0,0.0,0.0,0.0
P2,R01,training,03,24,0,0.0,0.0,0.0,0.0
P2,R01,training,03,25,0,0.0,0.0,0.0,0.0
P2,R01,training,03,26,0,0.0,0.0,0.0,0.0
P2,R01,training,03,27,0,0.0,0.0,0.0,0.0
P2,R01,training,03,28,0,0.0,0.0,0.0,0.0
P2,R01,training,03,29,0,0.0,0.0,0.0,0.0
P2,R01,training,03,30,0,0.0,0.0,0.0,0.0
P2,R01,training,03,31,0,0.0,0.0,0.0,0.0
P2,R01,training,03,32,0,0.0,0.0,0.0,0.0
P2,R01,training,03,33,0,0.0,0.0,0.0,0.0
P2,R01,training,03,34,0,0.0,0.0,0.0,0.0
P2,R01,training,03,35,0,0.0,0.0,0.0,0.0
P2,R01,training,03,36,0,0.0,0.0,0.0,0.0
P2,R01,training,03,37,0,0.0,0.0,0.0,0.0
P2,R01,training,03,38,0,0.0,0.0,0.0,0.0
P2,R01,training,03,39,0,0.0,0.0,0.0,0.0
P2,R01,training,03,40,0,0.0,0.0,0.0,0.0
P2,R01,training,03,41,0,0.0,0.0,0.0,0.0
P2,R01,training,03,42,0,0.0,0.0,0.0,0.0
P2,R01,training,03,43,0,0.0,0.0,0.0,0.0
P2,R01,training,03,44,0,0.0,0.0,0.0,0.0
P2,R01,training,03,45,0,0.0,0.0,0.0,0.0
P2,R01,training,03,46,0,0.0,0.0,0.0,0.0
P2,R01,training,03,47,0,0.0,0.0,0.0,0.0
P2,R01,training,03,48,0,0.0,0.0,0.0,0.0
P2,R01,training,03,49,0,0.0,0.0,0.0,0.0
P2,R01,training,03,50,0,0.0,0.0,0.0,0.0
P2,R01,training,03,51,0,0.0,0.0,0.0,0.0
P2,R01,training,03,52,0,0.0,0.0,0.0,0.0
P2,R01,training,03,53,0,0.0,0.0,0.0,0.0
P2,R01,training,03,54,0,0.0,0.0,0.0,0.0
P2,R01,training,03,55,0,0.0,0.0,0.0,0.0
P2,R01,training,03,56,0,0.0,0.0,0.0,0.0
P2,R01,training,03,57,0,0.0,0.0,0.0,0.0
P2,R01,training,03,58,0,0.0,0.0,0.0,0.0
P2,R01,training,03,59,0,0.0,0.0,0.0,0.0
P2,R01,training,03,60,0,0.0,0.0,0.0,0.0
P2,R01,training,03,61,0,0.0,0.0,0.0,0.0
P2,R01,training,03,62,0,0.0,0.0,0.0,0.0
P2,R01,training,03,63,0,0.0,0.0,0.0,0.0
P2,R01,training,03,64,0,0.0,0.0,0.0,0.0
P2,R01,training,03,65,0,0.0,0.0,0.0,0.0
P2,R01,training,03,66,0,0.0,0.0,0.0,0.0
P2,R01,training,03,67,0,0.0,0.0,0.0,0.0
P2,R01,training,03,68,0,0.0,0.0,0.0,0.0
P2,R01,training,03,69,0,0.0,0.0,0.0,0.0
P2,R01,training,03,70,0,0.0,0.0,0.0,0.0
P2,R01,training,03,71,0,0.0,0.0,0.0,0.0
P2,R01,training,03,72,0,0.0,0.0,0.0,0.0
P2,R01,training,03,73,0,0.0,0.0,0.0,0.0
P2,R01,training,03,74,0,0.0,0.0,0.0,0.0
P2,R01,training,03,75,0,0.0,0.0,0.0,0.0
P2,R01,training,03,76,0,0.0,0.0,0.0,0.0
P2,R01,training,03,77,0,0.0,0.0,0.0,0.0
P2,R01,training,03,78,0,0.0,0.0,0.0,0.0
P2,R01,training,03,79,0,0.0,0.0,0.0,0.0
P2,R01,training,03,80,0,0.0,0.0,0.0,0.0
P2,R01,training,03,81,0,0.0,0.0,0.0,0.0
P2,R01,training,03,82,0,0.0,0.0,0.0,0.0
P2,R01,training,03,83,0,0.0,0.0,0.0,0.0
P2,R01,training,03,84,0,0.0,0.0,0.0,0.0
P2,R01,training,03,85,0,0.0,0.0,0.0,0.0
P2,R01,training,03,86,0,0.0,0.0,0.0,0.0
P2,R01,training,03,87,0,0.0,0.0,0.0,0.0
P2,R01,training,03,88,0,0.0,0.0,0.0,0.0
P2,R01,training,03,89,0,0.0,0.0,0.0,0.0
P2,R01,training,03,90,0,0.0,0.0,0.0,0.0
P2,R01,training,03,91,0,0.0,0.0,0.0,0.0
P2,R01,training,03,92,0,0.0,0.0,0.0,0.0
P2,R01,training,03,93,0,0.0,0.0,0.0,0.0
P2,R01,training,03,94,0,0.0,0.0,0.0,0.0
P2,R01,training,03,95,0,0.0,0.0,0.0,0.0
P2,R01,training,03,96,0,0.0,0.0,0.0,0.0
P2,R01,training,03,97,0,0.0,0.0,0.0,0.0
P2,R01,training,03,98,0,0.0,0.0,0.0,0.0
P2,R01,training,03,99,0,0.0,0.0,0.0,0.0
P2,R01,training,03,100,0,0.0,0.0,0.0,0.0
P2,R01,training,03,101,0,0.0,0.0,0.0,0.0
P2,R01,training,03,102,0,0.0,0.0,0.0,0.0
P2,R01,training,03,103,0,0.0,0.0,0.0,0.0
P2,R01,training,03,104,0,0.0,0.0,0.0,0.0
P2,R01,training,03,105,0,0.0,0.0,0.0,0.0
P2,R01,training,03,106,0,0.0,0.0,0.0,0.0
P2,R01,training,03,107,0,0.0,0.0,0.0,0.0
P2,R01,training,03,108,0,0.0,0.0,0.0,0.0
P2,R01,training,03,109,0,0.0,0.0,0.0,0.0
P2,R01,training,03,110,0,0.0,0.0,0.0,0.0
P2,R01,training,03,111,0,0.0,0.0,0.0,0.0
P2,R01,training,03,112,0,0.0,0.0,0.0,0.0
P2,R01,training,03,113,0,0.0,0.0,0.0,0.0
P2,R01,training,03,114,0,0.0,0.0,0.0,0.0
P2,R01,training,03,115,0,0.0,0.0,0.0,0.0
P2,R01,training,03,116,0,0.0,0.0,0.0,0.0
P2,R01,training,03,117,0,0.0,0.0,0.0,0.0
P2,R01,training,03,118,0,0.0,0.0,0.0,0.0
P2,R01,training,03,119,0,0.0,0.0,0.0,0.0
P2,R01,training,03,120,0,0.0,0.0,0.0,0.0
P2,R01,training,03,121,0,0.0,0.0,0.0,0.0
P2,R01,training,03,122,0,0.0,0.0,0.0,0.0
P2,R01,training,03,123,0,0.0,0.0,0.0,0.0
P2,R01,training,03,124,0,0.0,0.0,0.0,0.0
P2,R01,training,03,125,0,0.0,0.0,0.0,0.0
P2,R01,training,03,126,0,0.0,0.0,0.0,0.0
P2,R01,training,03,127,0,0.0,0.0,0.0,0.0
P2,R01,training,03,128,0,0.0,0.0,0.0,0.0
P2,R01,training,03,129,0,0.0,0.0,0.0,0.0
P2,R01,training,03,130,0,0.0,0.0,0.0,0.0
P2,R01,training,03,131,0,0.0,0.0,0.0,0.0
P2,R01,training,03,132,0,0.0,0.0,0.0,0.0
P2,R01,training,03,133,0,0.0,0.0,0.0,0.0
P2,R01,training,03,134,0,0.0,0.0,0.0,0.0
P2,R01,training,03,135,0,0.0,0.0,0.0,0.0
P2,R01,training,03,136,0,0.0,0.0,0.0,0.0
P2,R01,training,03,137,0,0.0,0.0,0.0,0.0
P2,R01,training,03,138,0,0.0,0.0,0.0,0.0
P2,R01,training,03,139,0,0.0,0.0,0.0,0.0
P2,R01,training,03,140,0,0.0,0.0,0.0,0.0
P2,R01,training,03,141,0,0.0,0.0,0.0,0.0
P2,R01,training,03,142,0,0.0,0.0,0.0,0.0
P2,R01,training,03,143,0,0.0,0.0,0.0,0.0
P2,R01,training,03,144,0,0.0,0.0,0.0,0.0
P2,R01,training,03,145,0,0.0,0.0,0.0,0.0
P2,R01,training,03,146,0,0.0,0.0,0.0,0.0
P2,R01,training,03,147,0,0.0,0.0,0.0,0.0
P2,R01,training,03,148,0,0.0,0.0,0.0,0.0
P2,R01,training,03,149,0,0.0,0.0,0.0,0.0
P2,R01,training,03,150,0,0.0,0.0,0.0,0.0
P2,R01,training,03,151,0,0.0,0.0,0.0,0.0
P2,R01,training,03,152,0,0.0,0.0,0.0,0.0
P2,R01,training,03,153,0,0.0,0.0,0.0,0.0
P2,R01,training,03,154,0,0.0,0.0,0.0,0.0
P2,R01,training,03,155,0,0.0,0.0,0.0,0.0
P2,R01,training,03,156,0,0.0,0.0,0.0,0.0
P2,R01,training,03,157,0,0.0,0.0,0.0,0.0
P2,R01,training,03,158,0,0.0,0.0,0.0,0.0
P2,R01,training,03,159,0,0.0,0.0,0.0,0.0
P2,R01,training,03,160,0,0.0,0.0,0.0,0.0
P2,R01,training,03,161,0,0.0,0.0,0.0,0.0
P2,R01,training,03,162,0,0.0,0.0,0.0,0.0
P2,R01,training,03,163,0,0.0,0.0,0.0,0.0
P2,R01,training,03,164,0,0.0,0.0,0.0,0.0
P2,R01,training,03,165,0,0.0,0.0,0.0,0.0
P2,R01,training,03,166,0,0.0,0.0,0.0,0.0
P2,R01,training,03,167,0,0.0,0.0,0.0,0.0
P2,R01,training,03,168,0,0.0,0.0,0.0,0.0
P2,R01,training,03,169,0,0.0,0.0,0.0,0.0
P2,R01,training,03,170,0,0.0,0.0,0.0,0.0
P2,R01,training,03,171,0,0.0,0.0,0.0,0.0
P2,R01,training,03,172,0,0.0,0.0,0.0,0.0
P2,R01,training,03,173,0,0.0,0.0,0.0,0.0
P2,R01,training,03,174,0,0.0,0.0,0.0,0.0
P2,R01,training,03,175,0,0.0,0.0,0.0,0.0
P2,R01,training,03,176,0,0.0,0.0,0.0,0.0
P2,R01,training,03,177,0,0.0,0.0,0.0,0.0
P2,R01,training,03,178,0,0.0,0.0,0.0,0.0
P2,R01,training,03,179,0,0.0,0.0,0.0,0.0
P2,R01,training,03,180,0,0.0,0.0,0.0,0.0
P2,R01,training,03,181,0,0.0,0.0,0.0,0.0
P2,R01,training,03,182,0,0.0,0.0,0.0,0.0
P2,R01,training,03,183,0,0.0,0.0,0.0,0.0
P2,R01,training,03,184,0,0.0,0.0,0.0,0.0
P2,R01,training,03,185,0,0.0,0.0,0.0,0.0
P2,R01,training,03,186,0,0.0,0.0,0.0,0.0
P2,R01,training,03,187,0,0.0,0.0,0.0,0.0
P2,R01,training,03,188,0,0.0,0.0,0.0,0.0
P2,R01,training,03,189,0,0.0,0.0,0.0,0.0
P2,R01,training,03,190,0,0.0,0.0,0.0,0.0
P2,R01,training,03,191,0,0.0,0.0,0.0,0.0
P2,R01,training,03,192,0,0.0,0.0,0.0,0.0
P2,R01,training,03,193,0,0.0,0.0,0.0,0.0
P2,R01,training,03,194,0,0.0,0.0,0.0,0.0
P2,R01,training,03,195,0,0.0,0.0,0.0,0.0
P2,R01,training,03,196,0,0.0,0.0,0.0,0.0
P2,R01,training,03,197,0,0.0,0.0,0.0,0.0
P2,R01,training,03,198,0,0.0,0.0,0.0,0.0
P2,R01,training,03,199,0,0.0,0.0,0.0,0.0
P2,R01,training,03,200,0,0.0,0.0,0.0,0.0
P2,R01,training,03,201,0,0.0,0.0,0.0,0.0
P2,R01,training,03,202,0,0.0,0.0,0.0,0.0
P3,R01,training,03,0,0,0.0,0.0,0.0,0.0
P3,R01,training,03,1,0,0.0,0.0,0.0,0.0
P3,R01,training,03,2,0,0.0,0.0,0.0,0.0
P3,R01,training,03,3,0,0.0,0.0,0.0,0.0
P3,R01,training,03,4,0,0.0,0.0,0.0,0.0
P3,R01,training,03,5,0,0.0,0.0,0.0,0.0
P3,R01,training,03,6,0,0.0,0.0,0.0,0.0
P3,R01,training,03,7,0,0.0,0.0,0.0,0.0
P3,R01,training,03,8,0,0.0,0.0,0.0,0.0
P3,R01,training,03,9,0,0.0,0.0,0.0,0.0
P3,R01,training,03,10,0,0.0,0.0,0.0,0.0
P3,R01,training,03,11,0,0.0,0.0,0.0,0.0
P3,R01,training,03,12,0,0.0,0.0,0.0,0.0
P3,R01,training,03,13,0,0.0,0.0,0.0,0.0
P3,R01,training,03,14,0,0.0,0.0,0.0,0.0
P3,R01,training,03,15,0,0.0,0.0,0.0,0.0
P3,R01,training,03,16,0,0.0,0.0,0.0,0.0
P3,R01,training,03,17,0,0.0,0.0,0.0,0.0
P3,R01,training,03,18,0,0.0,0.0,0.0,0.0
P3,R01,training,03,19,0,0.0,0.0,0.0,0.0
P3,R01,training,03,20,0,0.0,0.0,0.0,0.0
P3,R01,training,03,21,0,0.0,0.0,0.0,0.0
P3,R01,training,03,22,0,0.0,0.0,0.0,0.0
P3,R01,training,03,23,0,0.0,0.0,0.0,0.0
P3,R01,training,03,24,0,0.0,0.0,0.0,0.0
P3,R01,training,03,25,0,0.0,0.0,0.0,0.0
P3,R01,training,03,26,0,0.0,0.0,0.0,0.0
P3,R01,training,03,27,0,0.0,0.0,0.0,0.0
P3,R01,training,03,28,0,0.0,0.0,0.0,0.0
P3,R01,training,03,29,0,0.0,0.0,0.0,0.0
P3,R01,training,03,30,0,0.0,0.0,0.0,0.0
P3,R01,training,03,31,0,0.0,0.0,0.0,0.0
P3,R01,training,03,32,0,0.0,0.0,0.0,0.0
P3,R01,training,03,33,0,0.0,0.0,0.0,0.0
P3,R01,training,03,34,0,0.0,0.0,0.0,0.0
P3,R01,training,03,35,0,0.0,0.0,0.0,0.0
P3,R01,training,03,36,0,0.0,0.0,0.0,0.0
P3,R01,training,03,37,0,0.0,0.0,0.0,0.0
P3,R01,training,03,38,0,0.0,0.0,0.0,0.0
P3,R01,training,03,39,0,0.0,0.0,0.0,0.0
P3,R01,training,03,40,0,0.0,0.0,0.0,0.0
P3,R01,training,03,41,0,0.0,0.0,0.0,0.0
P3,R01,training,03,42,0,0.0,0.0,0.0,0.0
P3,R01,training,03,43,0,0.0,0.0,0.0,0.0
P3,R01,training,03,44,0,0.0,0.0,0.0,0.0
P3,R01,training,03,45,0,0.0,0.0,0.0,0.0
P3,R01,training,03,46,0,0.0,0.0,0.0,0.0
P3,R01,training,03,47,0,0.0,0.0,0.0,0.0
P3,R01,training,03,48,0,0.0,0.0,0.0,0.0
P3,R01,training,03,49,0,0.0,0.0,0.0,0.0
P3,R01,training,03,50,0,0.0,0.0,0.0,0.0
P3,R01,training,03,51,0,0.0,0.0,0.0,0.0
P3,R01,training,03,52,0,0.0,0.0,0.0,0.0
P3,R01,training,03,53,0,0.0,0.0,0.0,0.0
P3,R01,training,03,54,0,0.0,0.0,0.0,0.0
P3,R01,training,03,55,0,0.0,0.0,0.0,0.0
P3,R01,training,03,56,0,0.0,0.0,0.0,0.0
P3,R01,training,03,57,0,0.0,0.0,0.0,0.0
P3,R01,training,03,58,0,0.0,0.0,0.0,0.0
P3,R01,training,03,59,0,0.0,0.0,0.0,0.0
P3,R01,training,03,60,0,0.0,0.0,0.0,0.0
P3,R01,training,03,61,0,0.0,0.0,0.0,0.0
P3,R01,training,03,62,0,0.0,0.0,0.0,0.0
P3,R01,training,03,63,0,0.0,0.0,0.0,0.0
P3,R01,training,03,64,0,0.0,0.0,0.0,0.0
P3,R01,training,03,65,0,0.0,0.0,0.0,0.0
P3,R01,training,03,66,0,0.0,0.0,0.0,0.0
P3,R01,training,03,67,0,0.0,0.0,0.0,0.0
P3,R01,training,03,68,0,0.0,0.0,0.0,0.0
P3,R01,training,03,69,0,0.0,0.0,0.0,0.0
P3,R01,training,03,70,0,0.0,0.0,0.0,0.0
P3,R01,training,03,71,0,0.0,0.0,0.0,0.0
P3,R01,training,03,72,0,0.0,0.0,0.0,0.0
P3,R01,training,03,73,0,0.0,0.0,0.0,0.0
P3,R01,training,03,74,0,0.0,0.0,0.0,0.0
P3,R01,training,03,75,0,0.0,0.0,0.0,0.0
P3,R01,training,03,76,0,0.0,0.0,0.0,0.0
P3,R01,training,03,77,0,0.0,0.0,0.0,0.0
P3,R01,training,03,78,0,0.0,0.0,0.0,0.0
P3,R01,training,03,79,0,0.0,0.0,0.0,0.0
P3,R01,training,03,80,0,0.0,0.0,0.0,0.0
P3,R01,training,03,81,0,0.0,0.0,0.0,0.0
P3,R01,training,03,82,0,0.0,0.0,0.0,0.0
P3,R01,training,03,83,0,0.0,0.0,0.0,0.0
P3,R01,training,03,84,0,0.0,0.0,0.0,0.0
P3,R01,training,03,85,0,0.0,0.0,0.0,0.0
P3,R01,training,03,86,0,0.0,0.0,0.0,0.0
P3,R01,training,03,87,0,0.0,0.0,0.0,0.0
P3,R01,training,03,88,0,0.0,0.0,0.0,0.0
P3,R01,training,03,89,0,0.0,0.0,0.0,0.0
P3,R01,training,03,90,0,0.0,0.0,0.0,0.0
P3,R01,training,03,91,0,0.0,0.0,0.0,0.0
P3,R01,training,03,92,0,0.0,0.0,0.0,0.0
P3,R01,training,03,93,0,0.0,0.0,0.0,0.0
P3,R01,training,03,94,0,0.0,0.0,0.0,0.0
P3,R01,training,03,95,0,0.0,0.0,0.0,0.0
P3,R01,training,03,96,0,0.0,0.0,0.0,0.0
P3,R01,training,03,97,0,0.0,0.0,0.0,0.0
P3,R01,training,03,98,0,0.0,0.0,0.0,0.0
P3,R01,training,03,99,0,0.0,0.0,0.0,0.0
P3,R01,training,03,100,0,0.0,0.0,0.0,0.0
P3,R01,training,03,101,0,0.0,0.0,0.0,0.0
P3,R01,training,03,102,0,0.0,0.0,0.0,0.0
P3,R01,training,03,103,0,0.0,0.0,0.0,0.0
P3,R01,training,03,104,0,0.0,0.0,0.0,0.0
P3,R01,training,03,105,0,0.0,0.0,0.0,0.0
P3,R01,training,03,106,0,0.0,0.0,0.0,0.0
P3,R01,training,03,107,0,0.0,0.0,0.0,0.0
P3,R01,training,03,108,0,0.0,0.0,0.0,0.0
P3,R01,training,03,109,0,0.0,0.0,0.0,0.0
P3,R01,training,03,110,0,0.0,0.0,0.0,0.0
P3,R01,training,03,111,0,0.0,0.0,0.0,0.0
P3,R01,training,03,112,0,0.0,0.0,0.0,0.0
P3,R01,training,03,113,0,0.0,0.0,0.0,0.0
P3,R01,training,03,114,0,0.0,0.0,0.0,0.0
P3,R01,training,03,115,0,0.0,0.0,0.0,0.0
P3,R01,training,03,116,0,0.0,0.0,0.0,0.0
P3,R01,training,03,117,0,0.0,0.0,0.0,0.0
P3,R01,training,03,118,0,0.0,0.0,0.0,0.0
P3,R01,training,03,119,0,0.0,0.0,0.0,0.0
P3,R01,training,03,120,0,0.0,0.0,0.0,0.0
P3,R01,training,03,121,0,0.0,0.0,0.0,0.0
P3,R01,training,03,122,0,0.0,0.0,0.0,0.0
P3,R01,training,03,123,0,0.0,0.0,0.0,0.0
P3,R01,training,03,124,0,0.0,0.0,0.0,0.0
P3,R01,training,03,125,0,0.0,0.0,0.0,0.0
P3,R01,training,03,126,0,0.0,0.0,0.0,0.0
P3,R01,training,03,127,0,0.0,0.0,0.0,0.0
P3,R01,training,03,128,0,0.0,0.0,0.0,0.0
P3,R01,training,03,129,0,0.0,0.0,0.0,0.0
P3,R01,training,03,130,0,0.0,0.0,0.0,0.0
P3,R01,training,03,131,0,0.0,0.0,0.0,0.0
P3,R01,training,03,132,0,0.0,0.0,0.0,0.0
P3,R01,training,03,133,0,0.0,0.0,0.0,0.0
P3,R01,training,03,134,0,0.0,0.0,0.0,0.0
P3,R01,training,03,135,0,0.0,0.0,0.0,0.0
P3,R01,training,03,136,0,0.0,0.0,0.0,0.0
P3,R01,training,03,137,0,0.0,0.0,0.0,0.0
P3,R01,training,03,138,0,0.0,0.0,0.0,0.0
P3,R01,training,03,139,0,0.0,0.0,0.0,0.0
P3,R01,training,03,140,0,0.0,0.0,0.0,0.0
P3,R01,training,03,141,0,0.0,0.0,0.0,0.0
P3,R01,training,03,142,0,0.0,0.0,0.0,0.0
P3,R01,training,03,143,0,0.0,0.0,0.0,0.0
P3,R01,training,03,144,0,0.0,0.0,0.0,0.0
P3,R01,training,03,145,0,0.0,0.0,0.0,0.0
P3,R01,training,03,146,0,0.0,0.0,0.0,0.0
P3,R01,training,03,147,0,0.0,0.0,0.0,0.0
P3,R01,training,03,148,0,0.0,0.0,0.0,0.0
P3,R01,training,03,149,0,0.0,0.0,0.0,0.0
P3,R01,training,03,150,0,0.0,0.0,0.0,0.0
P3,R01,training,03,151,0,0.0,0.0,0.0,0.0
P3,R01,training,03,152,0,0.0,0.0,0.0,0.0
P3,R01,training,03,153,0,0.0,0.0,0.0,0.0
P3,R01,training,03,154,0,0.0,0.0,0.0,0.0
P3,R01,training,03,155,0,0.0,0.0,0.0,0.0
P3,R01,training,03,156,0,0.0,0.0,0.0,0.0
P3,R01,training,03,157,0,0.0,0.0,0.0,0.0
P3,R01,training,03,158,0,0.0,0.0,0.0,0.0
P3,R01,training,03,159,0,0.0,0.0,0.0,0.0
P3,R01,training,03,160,0,0.0,0.0,0.0,0.0
P3,R01,training,03,161,0,0.0,0.0,0.0,0.0
P3,R01,training,03,162,0,0.0,0.0,0.0,0.0
P3,R01,training,03,163,0,0.0,0.0,0.0,0.0
P3,R01,training,03,164,0,0.0,0.0,0.0,0.0
P3,R01,training,03,165,0,0.0,0.0,0.0,0.0
P3,R01,training,03,166,0,0.0,0.0,0.0,0.0
P3,R01,training,03,167,0,0.0,0.0,0.0,0.0
P3,R01,training,03,168,0,0.0,0.0,0.0,0.0
P3,R01,training,03,169,0,0.0,0.0,0.0,0.0
P3,R01,training,03,170,0,0.0,0.0,0.0,0.0
P3,R01,training,03,171,0,0.0,0.0,0.0,0.0
P3,R01,training,03,172,0,0.0,0.0,0.0,0.0
P3,R01,training,03,173,0,0.0,0.0,0.0,0.0
P3,R01,training,03,174,0,0.0,0.0,0.0,0.0
P3,R01,training,03,175,0,0.0,0.0,0.0,0.0
P3,R01,training,03,176,0,0.0,0.0,0.0,0.0
P3,R01,training,03,177,0,0.0,0.0,0.0,0.0
P3,R01,training,03,178,0,0.0,0.0,0.0,0.0
P3,R01,training,03,179,0,0.0,0.0,0.0,0.0
P3,R01,training,03,180,0,0.0,0.0,0.0,0.0
P3,R01,training,03,181,0,0.0,0.0,0.0,0.0
P3,R01,training,03,182,0,0.0,0.0,0.0,0.0
P3,R01,training,03,183,0,0.0,0.0,0.0,0.0
P3,R01,training,03,184,0,0.0,0.0,0.0,0.0
P3,R01,training,03,185,0,0.0,0.0,0.0,0.0
P3,R01,training,03,186,0,0.0,0.0,0.0,0.0
P3,R01,training,03,187,0,0.0,0.0,0.0,0.0
P3,R01,training,03,188,0,0.0,0.0,0.0,0.0
P3,R01,training,03,189,0,0.0,0.0,0.0,0.0
P3,R01,training,03,190,0,0.0,0.0,0.0,0.0
P3,R01,training,03,191,0,0.0,0.0,0.0,0.0
P3,R01,training,03,192,0,0.0,0.0,0.0,0.0
P3,R01,training,03,193,0,0.0,0.0,0.0,0.0
P3,R01,training,03,194,0,0.0,0.0,0.0,0.0
P3,R01,training,03,195,0,0.0,0.0,0.0,0.0
P3,R01,training,03,196,0,0.0,0.0,0.0,0.0
P3,R01,training,03,197,0,0.0,0.0,0.0,0.0
P3,R01,training,03,198,0,0.0,0.0,0.0,0.0
P3,R01,training,03,199,0,0.0,0.0,0.0,0.0
P3,R01,training,03,200,0,0.0,0.0,0.0,0.0
P3,R01,training,03,201,0,0.0,0.0,0.0,0.0
P3,R01,training,03,202,0,0.0,0.0,0.0,0.0
A,R01,training,04,0,0,0.0,0.0,0.0,0.0
A,R01,training,04,1,0,0.0,0.0,0.0,0.0
A,R01,training,04,2,0,0.0,0.0,0.0,0.0
A,R01,training,04,3,0,0.0,0.0,0.0,0.0
A,R01,training,04,4,0,0.0,0.0,0.0,0.0
A,R01,training,04,5,0,0.0,0.0,0.0,0.0
A,R01,training,04,6,0,0.0,0.0,0.0,0.0
A,R01,training,04,7,0,0.0,0.0,0.0,0.0
A,R01,training,04,8,0,0.0,0.0,0.0,0.0
A,R01,training,04,9,0,0.0,0.0,0.0,0.0
A,R01,training,04,10,0,0.0,0.0,0.0,0.0
A,R01,training,04,11,0,0.0,0.0,0.0,0.0
A,R01,training,04,12,0,0.0,0.0,0.0,0.0
A,R01,training,04,13,0,0.0,0.0,0.0,0.0
A,R01,training,04,14,0,0.0,0.0,0.0,0.0
A,R01,training,04,15,0,0.0,0.0,0.0,0.0
A,R01,training,04,16,0,0.0,0.0,0.0,0.0
A,R01,training,04,17,0,0.0,0.0,0.0,0.0
A,R01,training,04,18,0,0.0,0.0,0.0,0.0
A,R01,training,04,19,0,0.0,0.0,0.0,0.0
A,R01,training,04,20,0,0.0,0.0,0.0,0.0
A,R01,training,04,21,0,0.0,0.0,0.0,0.0
A,R01,training,04,22,0,0.0,0.0,0.0,0.0
A,R01,training,04,23,0,0.0,0.0,0.0,0.0
A,R01,training,04,24,0,0.0,0.0,0.0,0.0
A,R01,training,04,25,0,0.0,0.0,0.0,0.0
A,R01,training,04,26,0,0.0,0.0,0.0,0.0
A,R01,training,04,27,0,0.0,0.0,0.0,0.0
A,R01,training,04,28,0,0.0,0.0,0.0,0.0
A,R01,training,04,29,0,0.0,0.0,0.0,0.0
A,R01,training,04,30,0,0.0,0.0,0.0,0.0
A,R01,training,04,31,0,0.0,0.0,0.0,0.0
A,R01,training,04,32,0,0.0,0.0,0.0,0.0
A,R01,training,04,33,0,0.0,0.0,0.0,0.0
A,R01,training,04,34,0,0.0,0.0,0.0,0.0
A,R01,training,04,35,0,0.0,0.0,0.0,0.0
A,R01,training,04,36,0,0.0,0.0,0.0,0.0
A,R01,training,04,37,0,0.0,0.0,0.0,0.0
A,R01,training,04,38,0,0.0,0.0,0.0,0.0
A,R01,training,04,39,0,0.0,0.0,0.0,0.0
A,R01,training,04,40,0,0.0,0.0,0.0,0.0
A,R01,training,04,41,0,0.0,0.0,0.0,0.0
A,R01,training,04,42,0,0.0,0.0,0.0,0.0
A,R01,training,04,43,0,0.0,0.0,0.0,0.0
A,R01,training,04,44,0,0.0,0.0,0.0,0.0
A,R01,training,04,45,0,0.0,0.0,0.0,0.0
A,R01,training,04,46,0,0.0,0.0,0.0,0.0
A,R01,training,04,47,0,0.0,0.0,0.0,0.0
A,R01,training,04,48,0,0.0,0.0,0.0,0.0
A,R01,training,04,49,0,0.0,0.0,0.0,0.0
A,R01,training,04,50,0,0.0,0.0,0.0,0.0
A,R01,training,04,51,0,0.0,0.0,0.0,0.0
A,R01,training,04,52,0,0.0,0.0,0.0,0.0
A,R01,training,04,53,0,0.0,0.0,0.0,0.0
A,R01,training,04,54,0,0.0,0.0,0.0,0.0
A,R01,training,04,55,0,0.0,0.0,0.0,0.0
A,R01,training,04,56,0,0.0,0.0,0.0,0.0
A,R01,training,04,57,0,0.0,0.0,0.0,0.0
A,R01,training,04,58,0,0.0,0.0,0.0,0.0
A,R01,training,04,59,0,0.0,0.0,0.0,0.0
A,R01,training,04,60,0,0.0,0.0,0.0,0.0
A,R01,training,04,61,0,0.0,0.0,0.0,0.0
A,R01,training,04,62,0,0.0,0.0,0.0,0.0
A,R01,training,04,63,0,0.0,0.0,0.0,0.0
A,R01,training,04,64,0,0.0,0.0,0.0,0.0
A,R01,training,04,65,0,0.0,0.0,0.0,0.0
A,R01,training,04,66,0,0.0,0.0,0.0,0.0
A,R01,training,04,67,0,0.0,0.0,0.0,0.0
A,R01,training,04,68,0,0.0,0.0,0.0,0.0
A,R01,training,04,69,0,0.0,0.0,0.0,0.0
A,R01,training,04,70,0,0.0,0.0,0.0,0.0
A,R01,training,04,71,0,0.0,0.0,0.0,0.0
A,R01,training,04,72,0,0.0,0.0,0.0,0.0
A,R01,training,04,73,0,0.0,0.0,0.0,0.0
A,R01,training,04,74,0,0.0,0.0,0.0,0.0
A,R01,training,04,75,0,0.0,0.0,0.0,0.0
A,R01,training,04,76,0,0.0,0.0,0.0,0.0
A,R01,training,04,77,0,0.0,0.0,0.0,0.0
A,R01,training,04,78,0,0.0,0.0,0.0,0.0
A,R01,training,04,79,0,0.0,0.0,0.0,0.0
A,R01,training,04,80,0,0.0,0.0,0.0,0.0
A,R01,training,04,81,0,0.0,0.0,0.0,0.0
A,R01,training,04,82,0,0.0,0.0,0.0,0.0
A,R01,training,04,83,0,0.0,0.0,0.0,0.0
A,R01,training,04,84,0,0.0,0.0,0.0,0.0
A,R01,training,04,85,0,0.0,0.0,0.0,0.0
A,R01,training,04,86,0,0.0,0.0,0.0,0.0
A,R01,training,04,87,0,0.0,0.0,0.0,0.0
A,R01,training,04,88,0,0.0,0.0,0.0,0.0
A,R01,training,04,89,0,0.0,0.0,0.0,0.0
A,R01,training,04,90,0,0.0,0.0,0.0,0.0
A,R01,training,04,91,0,0.0,0.0,0.0,0.0
A,R01,training,04,92,0,0.0,0.0,0.0,0.0
A,R01,training,04,93,0,0.0,0.0,0.0,0.0
A,R01,training,04,94,0,0.0,0.0,0.0,0.0
A,R01,training,04,95,0,0.0,0.0,0.0,0.0
A,R01,training,04,96,0,0.0,0.0,0.0,0.0
A,R01,training,04,97,0,0.0,0.0,0.0,0.0
A,R01,training,04,98,0,0.0,0.0,0.0,0.0
A,R01,training,04,99,0,0.0,0.0,0.0,0.0
A,R01,training,04,100,0,0.0,0.0,0.0,0.0
A,R01,training,04,101,0,0.0,0.0,0.0,0.0
A,R01,training,04,102,0,0.0,0.0,0.0,0.0
A,R01,training,04,103,0,0.0,0.0,0.0,0.0
A,R01,training,04,104,0,0.0,0.0,0.0,0.0
A,R01,training,04,105,0,0.0,0.0,0.0,0.0
A,R01,training,04,106,0,0.0,0.0,0.0,0.0
A,R01,training,04,107,0,0.0,0.0,0.0,0.0
A,R01,training,04,108,0,0.0,0.0,0.0,0.0
A,R01,training,04,109,0,0.0,0.0,0.0,0.0
A,R01,training,04,110,0,0.0,0.0,0.0,0.0
A,R01,training,04,111,0,0.0,0.0,0.0,0.0
A,R01,training,04,112,0,0.0,0.0,0.0,0.0
A,R01,training,04,113,0,0.0,0.0,0.0,0.0
A,R01,training,04,114,0,0.0,0.0,0.0,0.0
A,R01,training,04,115,0,0.0,0.0,0.0,0.0
A,R01,training,04,116,0,0.0,0.0,0.0,0.0
A,R01,training,04,117,0,0.0,0.0,0.0,0.0
A,R01,training,04,118,0,0.0,0.0,0.0,0.0
A,R01,training,04,119,0,0.0,0.0,0.0,0.0
A,R01,training,04,120,0,0.0,0.0,0.0,0.0
A,R01,training,04,121,0,0.0,0.0,0.0,0.0
A,R01,training,04,122,0,0.0,0.0,0.0,0.0
A,R01,training,04,123,0,0.0,0.0,0.0,0.0
A,R01,training,04,124,0,0.0,0.0,0.0,0.0
A,R01,training,04,125,0,0.0,0.0,0.0,0.0
A,R01,training,04,126,0,0.0,0.0,0.0,0.0
A,R01,training,04,127,0,0.0,0.0,0.0,0.0
A,R01,training,04,128,0,0.0,0.0,0.0,0.0
A,R01,training,04,129,0,0.0,0.0,0.0,0.0
A,R01,training,04,130,0,0.0,0.0,0.0,0.0
A,R01,training,04,131,0,0.0,0.0,0.0,0.0
A,R01,training,04,132,0,0.0,0.0,0.0,0.0
A,R01,training,04,133,0,0.0,0.0,0.0,0.0
A,R01,training,04,134,0,0.0,0.0,0.0,0.0
A,R01,training,04,135,0,0.0,0.0,0.0,0.0
A,R01,training,04,136,0,0.0,0.0,0.0,0.0
A,R01,training,04,137,0,0.0,0.0,0.0,0.0
A,R01,training,04,138,0,0.0,0.0,0.0,0.0
A,R01,training,04,139,0,0.0,0.0,0.0,0.0
A,R01,training,04,140,0,0.0,0.0,0.0,0.0
A,R01,training,04,141,0,0.0,0.0,0.0,0.0
A,R01,training,04,142,0,0.0,0.0,0.0,0.0
A,R01,training,04,143,0,0.0,0.0,0.0,0.0
A,R01,training,04,144,0,0.0,0.0,0.0,0.0
A,R01,training,04,145,0,0.0,0.0,0.0,0.0
A,R01,training,04,146,0,0.0,0.0,0.0,0.0
A,R01,training,04,147,0,0.0,0.0,0.0,0.0
A,R01,training,04,148,0,0.0,0.0,0.0,0.0
A,R01,training,04,149,0,0.0,0.0,0.0,0.0
A,R01,training,04,150,0,0.0,0.0,0.0,0.0
A,R01,training,04,151,0,0.0,0.0,0.0,0.0
A,R01,training,04,152,0,0.0,0.0,0.0,0.0
A,R01,training,04,153,0,0.0,0.0,0.0,0.0
A,R01,training,04,154,0,0.0,0.0,0.0,0.0
A,R01,training,04,155,0,0.0,0.0,0.0,0.0
A,R01,training,04,156,0,0.0,0.0,0.0,0.0
A,R01,training,04,157,0,0.0,0.0,0.0,0.0
A,R01,training,04,158,0,0.0,0.0,0.0,0.0
A,R01,training,04,159,0,0.0,0.0,0.0,0.0
A,R01,training,04,160,0,0.0,0.0,0.0,0.0
A,R01,training,04,161,0,0.0,0.0,0.0,0.0
A,R01,training,04,162,0,0.0,0.0,0.0,0.0
A,R01,training,04,163,0,0.0,0.0,0.0,0.0
A,R01,training,04,164,0,0.0,0.0,0.0,0.0
A,R01,training,04,165,0,0.0,0.0,0.0,0.0
A,R01,training,04,166,0,0.0,0.0,0.0,0.0
A,R01,training,04,167,0,0.0,0.0,0.0,0.0
A,R01,training,04,168,0,0.0,0.0,0.0,0.0
A,R01,training,04,169,0,0.0,0.0,0.0,0.0
A,R01,training,04,170,0,0.0,0.0,0.0,0.0
A,R01,training,04,171,0,0.0,0.0,0.0,0.0
A,R01,training,04,172,0,0.0,0.0,0.0,0.0
A,R01,training,04,173,0,0.0,0.0,0.0,0.0
A,R01,training,04,174,0,0.0,0.0,0.0,0.0
A,R01,training,04,175,0,0.0,0.0,0.0,0.0
A,R01,training,04,176,0,0.0,0.0,0.0,0.0
A,R01,training,04,177,0,0.0,0.0,0.0,0.0
A,R01,training,04,178,0,0.0,0.0,0.0,0.0
A,R01,training,04,179,0,0.0,0.0,0.0,0.0
A,R01,training,04,180,0,0.0,0.0,0.0,0.0
A,R01,training,04,181,0,0.0,0.0,0.0,0.0
A,R01,training,04,182,0,0.0,0.0,0.0,0.0
A,R01,training,04,183,0,0.0,0.0,0.0,0.0
A,R01,training,04,184,0,0.0,0.0,0.0,0.0
A,R01,training,04,185,0,0.0,0.0,0.0,0.0
A,R01,training,04,186,0,0.0,0.0,0.0,0.0
A,R01,training,04,187,0,0.0,0.0,0.0,0.0
A,R01,training,04,188,0,0.0,0.0,0.0,0.0
A,R01,training,04,189,0,0.0,0.0,0.0,0.0
A,R01,training,04,190,0,0.0,0.0,0.0,0.0
A,R01,training,04,191,0,0.0,0.0,0.0,0.0
A,R01,training,04,192,0,0.0,0.0,0.0,0.0
A,R01,training,04,193,0,0.0,0.0,0.0,0.0
A,R01,training,04,194,0,0.0,0.0,0.0,0.0
A,R01,training,04,195,0,0.0,0.0,0.0,0.0
A,R01,training,04,196,0,0.0,0.0,0.0,0.0
A,R01,training,04,197,0,0.0,0.0,0.0,0.0
A,R01,training,04,198,0,0.0,0.0,0.0,0.0
A,R01,training,04,199,0,0.0,0.0,0.0,0.0
A,R01,training,04,200,0,0.0,0.0,0.0,0.0
A,R01,training,04,201,0,0.0,0.0,0.0,0.0
A,R01,training,04,202,0,0.0,0.0,0.0,0.0
A,R01,training,04,203,0,0.0,0.0,0.0,0.0
A,R01,training,04,204,0,0.0,0.0,0.0,0.0
A,R01,training,04,205,0,0.0,0.0,0.0,0.0
A,R01,training,04,206,0,0.0,0.0,0.0,0.0
A,R01,training,04,207,0,0.0,0.0,0.0,0.0
A,R01,training,04,208,0,0.0,0.0,0.0,0.0
A,R01,training,04,209,0,0.0,0.0,0.0,0.0
A,R01,training,04,210,0,0.0,0.0,0.0,0.0
A,R01,training,04,211,0,0.0,0.0,0.0,0.0
A,R01,training,04,212,0,0.0,0.0,0.0,0.0
A,R01,training,04,213,0,0.0,0.0,0.0,0.0
A,R01,training,04,214,0,0.0,0.0,0.0,0.0
A,R01,training,04,215,0,0.0,0.0,0.0,0.0
A,R01,training,04,216,0,0.0,0.0,0.0,0.0
A,R01,training,04,217,0,0.0,0.0,0.0,0.0
A,R01,training,04,218,0,0.0,0.0,0.0,0.0
A,R01,training,04,219,0,0.0,0.0,0.0,0.0
A,R01,training,04,220,0,0.0,0.0,0.0,0.0
A,R01,training,04,221,0,0.0,0.0,0.0,0.0
A,R01,training,04,222,0,0.0,0.0,0.0,0.0
A,R01,training,04,223,0,0.0,0.0,0.0,0.0
A,R01,training,04,224,0,0.0,0.0,0.0,0.0
A,R01,training,04,225,0,0.0,0.0,0.0,0.0
A,R01,training,04,226,0,0.0,0.0,0.0,0.0
A,R01,training,04,227,0,0.0,0.0,0.0,0.0
A,R01,training,04,228,0,0.0,0.0,0.0,0.0
A,R01,training,04,229,0,0.0,0.0,0.0,0.0
A,R01,training,04,230,0,0.0,0.0,0.0,0.0
A,R01,training,04,231,0,0.0,0.0,0.0,0.0
B,R01,training,04,0,0,0.0,0.0,0.0,0.0
B,R01,training,04,1,0,0.0,0.0,0.0,0.0
B,R01,training,04,2,0,0.0,0.0,0.0,0.0
B,R01,training,04,3,0,0.0,0.0,0.0,0.0
B,R01,training,04,4,0,0.0,0.0,0.0,0.0
B,R01,training,04,5,0,0.0,0.0,0.0,0.0
B,R01,training,04,6,0,0.0,0.0,0.0,0.0
B,R01,training,04,7,0,0.0,0.0,0.0,0.0
B,R01,training,04,8,0,0.0,0.0,0.0,0.0
B,R01,training,04,9,0,0.0,0.0,0.0,0.0
B,R01,training,04,10,0,0.0,0.0,0.0,0.0
B,R01,training,04,11,0,0.0,0.0,0.0,0.0
B,R01,training,04,12,0,0.0,0.0,0.0,0.0
B,R01,training,04,13,0,0.0,0.0,0.0,0.0
B,R01,training,04,14,0,0.0,0.0,0.0,0.0
B,R01,training,04,15,0,0.0,0.0,0.0,0.0
B,R01,training,04,16,0,0.0,0.0,0.0,0.0
B,R01,training,04,17,0,0.0,0.0,0.0,0.0
B,R01,training,04,18,0,0.0,0.0,0.0,0.0
B,R01,training,04,19,0,0.0,0.0,0.0,0.0
B,R01,training,04,20,0,0.0,0.0,0.0,0.0
B,R01,training,04,21,0,0.0,0.0,0.0,0.0
B,R01,training,04,22,0,0.0,0.0,0.0,0.0
B,R01,training,04,23,0,0.0,0.0,0.0,0.0
B,R01,training,04,24,0,0.0,0.0,0.0,0.0
B,R01,training,04,25,0,0.0,0.0,0.0,0.0
B,R01,training,04,26,0,0.0,0.0,0.0,0.0
B,R01,training,04,27,0,0.0,0.0,0.0,0.0
B,R01,training,04,28,0,0.0,0.0,0.0,0.0
B,R01,training,04,29,0,0.0,0.0,0.0,0.0
B,R01,training,04,30,0,0.0,0.0,0.0,0.0
B,R01,training,04,31,0,0.0,0.0,0.0,0.0
B,R01,training,04,32,0,0.0,0.0,0.0,0.0
B,R01,training,04,33,0,0.0,0.0,0.0,0.0
B,R01,training,04,34,0,0.0,0.0,0.0,0.0
B,R01,training,04,35,0,0.0,0.0,0.0,0.0
B,R01,training,04,36,0,0.0,0.0,0.0,0.0
B,R01,training,04,37,0,0.0,0.0,0.0,0.0
B,R01,training,04,38,0,0.0,0.0,0.0,0.0
B,R01,training,04,39,0,0.0,0.0,0.0,0.0
B,R01,training,04,40,0,0.0,0.0,0.0,0.0
B,R01,training,04,41,0,0.0,0.0,0.0,0.0
B,R01,training,04,42,0,0.0,0.0,0.0,0.0
B,R01,training,04,43,0,0.0,0.0,0.0,0.0
B,R01,training,04,44,0,0.0,0.0,0.0,0.0
B,R01,training,04,45,0,0.0,0.0,0.0,0.0
B,R01,training,04,46,0,0.0,0.0,0.0,0.0
B,R01,training,04,47,0,0.0,0.0,0.0,0.0
B,R01,training,04,48,0,0.0,0.0,0.0,0.0
B,R01,training,04,49,0,0.0,0.0,0.0,0.0
B,R01,training,04,50,0,0.0,0.0,0.0,0.0
B,R01,training,04,51,0,0.0,0.0,0.0,0.0
B,R01,training,04,52,0,0.0,0.0,0.0,0.0
B,R01,training,04,53,0,0.0,0.0,0.0,0.0
B,R01,training,04,54,0,0.0,0.0,0.0,0.0
B,R01,training,04,55,0,0.0,0.0,0.0,0.0
B,R01,training,04,56,0,0.0,0.0,0.0,0.0
B,R01,training,04,57,0,0.0,0.0,0.0,0.0
B,R01,training,04,58,0,0.0,0.0,0.0,0.0
B,R01,training,04,59,0,0.0,0.0,0.0,0.0
B,R01,training,04,60,0,0.0,0.0,0.0,0.0
B,R01,training,04,61,0,0.0,0.0,0.0,0.0
B,R01,training,04,62,0,0.0,0.0,0.0,0.0
B,R01,training,04,63,0,0.0,0.0,0.0,0.0
B,R01,training,04,64,0,0.0,0.0,0.0,0.0
B,R01,training,04,65,0,0.0,0.0,0.0,0.0
B,R01,training,04,66,0,0.0,0.0,0.0,0.0
B,R01,training,04,67,0,0.0,0.0,0.0,0.0
B,R01,training,04,68,0,0.0,0.0,0.0,0.0
B,R01,training,04,69,0,0.0,0.0,0.0,0.0
B,R01,training,04,70,0,0.0,0.0,0.0,0.0
B,R01,training,04,71,0,0.0,0.0,0.0,0.0
B,R01,training,04,72,0,0.0,0.0,0.0,0.0
B,R01,training,04,73,0,0.0,0.0,0.0,0.0
B,R01,training,04,74,0,0.0,0.0,0.0,0.0
B,R01,training,04,75,0,0.0,0.0,0.0,0.0
B,R01,training,04,76,0,0.0,0.0,0.0,0.0
B,R01,training,04,77,0,0.0,0.0,0.0,0.0
B,R01,training,04,78,0,0.0,0.0,0.0,0.0
B,R01,training,04,79,0,0.0,0.0,0.0,0.0
B,R01,training,04,80,0,0.0,0.0,0.0,0.0
B,R01,training,04,81,0,0.0,0.0,0.0,0.0
B,R01,training,04,82,0,0.0,0.0,0.0,0.0
B,R01,training,04,83,0,0.0,0.0,0.0,0.0
B,R01,training,04,84,0,0.0,0.0,0.0,0.0
B,R01,training,04,85,0,0.0,0.0,0.0,0.0
B,R01,training,04,86,0,0.0,0.0,0.0,0.0
B,R01,training,04,87,0,0.0,0.0,0.0,0.0
B,R01,training,04,88,0,0.0,0.0,0.0,0.0
B,R01,training,04,89,0,0.0,0.0,0.0,0.0
B,R01,training,04,90,0,0.0,0.0,0.0,0.0
B,R01,training,04,91,0,0.0,0.0,0.0,0.0
B,R01,training,04,92,0,0.0,0.0,0.0,0.0
B,R01,training,04,93,0,0.0,0.0,0.0,0.0
B,R01,training,04,94,0,0.0,0.0,0.0,0.0
B,R01,training,04,95,0,0.0,0.0,0.0,0.0
B,R01,training,04,96,0,0.0,0.0,0.0,0.0
B,R01,training,04,97,0,0.0,0.0,0.0,0.0
B,R01,training,04,98,0,0.0,0.0,0.0,0.0
B,R01,training,04,99,0,0.0,0.0,0.0,0.0
B,R01,training,04,100,0,0.0,0.0,0.0,0.0
B,R01,training,04,101,0,0.0,0.0,0.0,0.0
B,R01,training,04,102,0,0.0,0.0,0.0,0.0
B,R01,training,04,103,0,0.0,0.0,0.0,0.0
B,R01,training,04,104,0,0.0,0.0,0.0,0.0
B,R01,training,04,105,0,0.0,0.0,0.0,0.0
B,R01,training,04,106,0,0.0,0.0,0.0,0.0
B,R01,training,04,107,0,0.0,0.0,0.0,0.0
B,R01,training,04,108,0,0.0,0.0,0.0,0.0
B,R01,training,04,109,0,0.0,0.0,0.0,0.0
B,R01,training,04,110,0,0.0,0.0,0.0,0.0
B,R01,training,04,111,0,0.0,0.0,0.0,0.0
B,R01,training,04,112,0,0.0,0.0,0.0,0.0
B,R01,training,04,113,0,0.0,0.0,0.0,0.0
B,R01,training,04,114,0,0.0,0.0,0.0,0.0
B,R01,training,04,115,0,0.0,0.0,0.0,0.0
B,R01,training,04,116,0,0.0,0.0,0.0,0.0
B,R01,training,04,117,0,0.0,0.0,0.0,0.0
B,R01,training,04,118,0,0.0,0.0,0.0,0.0
B,R01,training,04,119,0,0.0,0.0,0.0,0.0
B,R01,training,04,120,0,0.0,0.0,0.0,0.0
B,R01,training,04,121,0,0.0,0.0,0.0,0.0
B,R01,training,04,122,0,0.0,0.0,0.0,0.0
B,R01,training,04,123,0,0.0,0.0,0.0,0.0
B,R01,training,04,124,0,0.0,0.0,0.0,0.0
B,R01,training,04,125,0,0.0,0.0,0.0,0.0
B,R01,training,04,126,0,0.0,0.0,0.0,0.0
B,R01,training,04,127,0,0.0,0.0,0.0,0.0
B,R01,training,04,128,0,0.0,0.0,0.0,0.0
B,R01,training,04,129,0,0.0,0.0,0.0,0.0
B,R01,training,04,130,0,0.0,0.0,0.0,0.0
B,R01,training,04,131,0,0.0,0.0,0.0,0.0
B,R01,training,04,132,0,0.0,0.0,0.0,0.0
B,R01,training,04,133,0,0.0,0.0,0.0,0.0
B,R01,training,04,134,0,0.0,0.0,0.0,0.0
B,R01,training,04,135,0,0.0,0.0,0.0,0.0
B,R01,training,04,136,0,0.0,0.0,0.0,0.0
B,R01,training,04,137,0,0.0,0.0,0.0,0.0
B,R01,training,04,138,0,0.0,0.0,0.0,0.0
B,R01,training,04,139,0,0.0,0.0,0.0,0.0
B,R01,training,04,140,0,0.0,0.0,0.0,0.0
B,R01,training,04,141,0,0.0,0.0,0.0,0.0
B,R01,training,04,142,0,0.0,0.0,0.0,0.0
B,R01,training,04,143,0,0.0,0.0,0.0,0.0
B,R01,training,04,144,0,0.0,0.0,0.0,0.0
B,R01,training,04,145,0,0.0,0.0,0.0,0.0
B,R01,training,04,146,0,0.0,0.0,0.0,0.0
B,R01,training,04,147,0,0.0,0.0,0.0,0.0
B,R01,training,04,148,0,0.0,0.0,0.0,0.0
B,R01,training,04,149,0,0.0,0.0,0.0,0.0
B,R01,training,04,150,0,0.0,0.0,0.0,0.0
B,R01,training,04,151,0,0.0,0.0,0.0,0.0
B,R01,training,04,152,0,0.0,0.0,0.0,0.0
B,R01,training,04,153,0,0.0,0.0,0.0,0.0
B,R01,training,04,154,0,0.0,0.0,0.0,0.0
B,R01,training,04,155,0,0.0,0.0,0.0,0.0
B,R01,training,04,156,0,0.0,0.0,0.0,0.0
B,R01,training,04,157,0,0.0,0.0,0.0,0.0
B,R01,training,04,158,0,0.0,0.0,0.0,0.0
B,R01,training,04,159,0,0.0,0.0,0.0,0.0
B,R01,training,04,160,0,0.0,0.0,0.0,0.0
B,R01,training,04,161,0,0.0,0.0,0.0,0.0
B,R01,training,04,162,0,0.0,0.0,0.0,0.0
B,R01,training,04,163,0,0.0,0.0,0.0,0.0
B,R01,training,04,164,0,0.0,0.0,0.0,0.0
B,R01,training,04,165,0,0.0,0.0,0.0,0.0
B,R01,training,04,166,0,0.0,0.0,0.0,0.0
B,R01,training,04,167,0,0.0,0.0,0.0,0.0
B,R01,training,04,168,0,0.0,0.0,0.0,0.0
B,R01,training,04,169,0,0.0,0.0,0.0,0.0
B,R01,training,04,170,0,0.0,0.0,0.0,0.0
B,R01,training,04,171,0,0.0,0.0,0.0,0.0
B,R01,training,04,172,0,0.0,0.0,0.0,0.0
B,R01,training,04,173,0,0.0,0.0,0.0,0.0
B,R01,training,04,174,0,0.0,0.0,0.0,0.0
B,R01,training,04,175,0,0.0,0.0,0.0,0.0
B,R01,training,04,176,0,0.0,0.0,0.0,0.0
B,R01,training,04,177,0,0.0,0.0,0.0,0.0
B,R01,training,04,178,0,0.0,0.0,0.0,0.0
B,R01,training,04,179,0,0.0,0.0,0.0,0.0
B,R01,training,04,180,0,0.0,0.0,0.0,0.0
B,R01,training,04,181,0,0.0,0.0,0.0,0.0
B,R01,training,04,182,0,0.0,0.0,0.0,0.0
B,R01,training,04,183,0,0.0,0.0,0.0,0.0
B,R01,training,04,184,0,0.0,0.0,0.0,0.0
B,R01,training,04,185,0,0.0,0.0,0.0,0.0
B,R01,training,04,186,0,0.0,0.0,0.0,0.0
B,R01,training,04,187,0,0.0,0.0,0.0,0.0
B,R01,training,04,188,0,0.0,0.0,0.0,0.0
B,R01,training,04,189,0,0.0,0.0,0.0,0.0
B,R01,training,04,190,0,0.0,0.0,0.0,0.0
B,R01,training,04,191,0,0.0,0.0,0.0,0.0
B,R01,training,04,192,0,0.0,0.0,0.0,0.0
B,R01,training,04,193,0,0.0,0.0,0.0,0.0
B,R01,training,04,194,0,0.0,0.0,0.0,0.0
B,R01,training,04,195,0,0.0,0.0,0.0,0.0
B,R01,training,04,196,0,0.0,0.0,0.0,0.0
B,R01,training,04,197,0,0.0,0.0,0.0,0.0
B,R01,training,04,198,0,0.0,0.0,0.0,0.0
B,R01,training,04,199,0,0.0,0.0,0.0,0.0
B,R01,training,04,200,0,0.0,0.0,0.0,0.0
B,R01,training,04,201,0,0.0,0.0,0.0,0.0
B,R01,training,04,202,0,0.0,0.0,0.0,0.0
B,R01,training,04,203,0,0.0,0.0,0.0,0.0
B,R01,training,04,204,0,0.0,0.0,0.0,0.0
B,R01,training,04,205,0,0.0,0.0,0.0,0.0
B,R01,training,04,206,0,0.0,0.0,0.0,0.0
B,R01,training,04,207,0,0.0,0.0,0.0,0.0
B,R01,training,04,208,0,0.0,0.0,0.0,0.0
B,R01,training,04,209,0,0.0,0.0,0.0,0.0
B,R01,training,04,210,0,0.0,0.0,0.0,0.0
B,R01,training,04,211,0,0.0,0.0,0.0,0.0
B,R01,training,04,212,0,0.0,0.0,0.0,0.0
B,R01,training,04,213,0,0.0,0.0,0.0,0.0
B,R01,training,04,214,0,0.0,0.0,0.0,0.0
B,R01,training,04,215,0,0.0,0.0,0.0,0.0
B,R01,training,04,216,0,0.0,0.0,0.0,0.0
B,R01,training,04,217,0,0.0,0.0,0.0,0.0
B,R01,training,04,218,0,0.0,0.0,0.0,0.0
B,R01,training,04,219,0,0.0,0.0,0.0,0.0
B,R01,training,04,220,0,0.0,0.0,0.0,0.0
B,R01,training,04,221,0,0.0,0.0,0.0,0.0
B,R01,training,04,222,0,0.0,0.0,0.0,0.0
B,R01,training,04,223,0,0.0,0.0,0.0,0.0
B,R01,training,04,224,0,0.0,0.0,0.0,0.0
B,R01,training,04,225,0,0.0,0.0,0.0,0.0
B,R01,training,04,226,0,0.0,0.0,0.0,0.0
B,R01,training,04,227,0,0.0,0.0,0.0,0.0
B,R01,training,04,228,0,0.0,0.0,0.0,0.0
B,R01,training,04,229,0,0.0,0.0,0.0,0.0
B,R01,training,04,230,0,0.0,0.0,0.0,0.0
B,R01,training,04,231,0,0.0,0.0,0.0,0.0
C,R01,training,04,0,0,0.0,0.0,0.0,0.0
C,R01,training,04,1,0,0.0,0.0,0.0,0.0
C,R01,training,04,2,0,0.0,0.0,0.0,0.0
C,R01,training,04,3,0,0.0,0.0,0.0,0.0
C,R01,training,04,4,0,0.0,0.0,0.0,0.0
C,R01,training,04,5,0,0.0,0.0,0.0,0.0
C,R01,training,04,6,0,0.0,0.0,0.0,0.0
C,R01,training,04,7,0,0.0,0.0,0.0,0.0
C,R01,training,04,8,0,0.0,0.0,0.0,0.0
C,R01,training,04,9,0,0.0,0.0,0.0,0.0
C,R01,training,04,10,0,0.0,0.0,0.0,0.0
C,R01,training,04,11,0,0.0,0.0,0.0,0.0
C,R01,training,04,12,0,0.0,0.0,0.0,0.0
C,R01,training,04,13,0,0.0,0.0,0.0,0.0
C,R01,training,04,14,0,0.0,0.0,0.0,0.0
C,R01,training,04,15,0,0.0,0.0,0.0,0.0
C,R01,training,04,16,0,0.0,0.0,0.0,0.0
C,R01,training,04,17,0,0.0,0.0,0.0,0.0
C,R01,training,04,18,0,0.0,0.0,0.0,0.0
C,R01,training,04,19,0,0.0,0.0,0.0,0.0
C,R01,training,04,20,0,0.0,0.0,0.0,0.0
C,R01,training,04,21,0,0.0,0.0,0.0,0.0
C,R01,training,04,22,0,0.0,0.0,0.0,0.0
C,R01,training,04,23,0,0.0,0.0,0.0,0.0
C,R01,training,04,24,0,0.0,0.0,0.0,0.0
C,R01,training,04,25,0,0.0,0.0,0.0,0.0
C,R01,training,04,26,0,0.0,0.0,0.0,0.0
C,R01,training,04,27,0,0.0,0.0,0.0,0.0
C,R01,training,04,28,0,0.0,0.0,0.0,0.0
C,R01,training,04,29,0,0.0,0.0,0.0,0.0
C,R01,training,04,30,0,0.0,0.0,0.0,0.0
C,R01,training,04,31,0,0.0,0.0,0.0,0.0
C,R01,training,04,32,0,0.0,0.0,0.0,0.0
C,R01,training,04,33,0,0.0,0.0,0.0,0.0
C,R01,training,04,34,0,0.0,0.0,0.0,0.0
C,R01,training,04,35,0,0.0,0.0,0.0,0.0
C,R01,training,04,36,0,0.0,0.0,0.0,0.0
C,R01,training,04,37,0,0.0,0.0,0.0,0.0
C,R01,training,04,38,0,0.0,0.0,0.0,0.0
C,R01,training,04,39,0,0.0,0.0,0.0,0.0
C,R01,training,04,40,0,0.0,0.0,0.0,0.0
C,R01,training,04,41,0,0.0,0.0,0.0,0.0
C,R01,training,04,42,0,0.0,0.0,0.0,0.0
C,R01,training,04,43,0,0.0,0.0,0.0,0.0
C,R01,training,04,44,0,0.0,0.0,0.0,0.0
C,R01,training,04,45,0,0.0,0.0,0.0,0.0
C,R01,training,04,46,0,0.0,0.0,0.0,0.0
C,R01,training,04,47,0,0.0,0.0,0.0,0.0
C,R01,training,04,48,0,0.0,0.0,0.0,0.0
C,R01,training,04,49,0,0.0,0.0,0.0,0.0
C,R01,training,04,50,0,0.0,0.0,0.0,0.0
C,R01,training,04,51,0,0.0,0.0,0.0,0.0
C,R01,training,04,52,0,0.0,0.0,0.0,0.0
C,R01,training,04,53,0,0.0,0.0,0.0,0.0
C,R01,training,04,54,0,0.0,0.0,0.0,0.0
C,R01,training,04,55,0,0.0,0.0,0.0,0.0
C,R01,training,04,56,0,0.0,0.0,0.0,0.0
C,R01,training,04,57,0,0.0,0.0,0.0,0.0
C,R01,training,04,58,0,0.0,0.0,0.0,0.0
C,R01,training,04,59,0,0.0,0.0,0.0,0.0
C,R01,training,04,60,0,0.0,0.0,0.0,0.0
C,R01,training,04,61,0,0.0,0.0,0.0,0.0
C,R01,training,04,62,0,0.0,0.0,0.0,0.0
C,R01,training,04,63,0,0.0,0.0,0.0,0.0
C,R01,training,04,64,0,0.0,0.0,0.0,0.0
C,R01,training,04,65,0,0.0,0.0,0.0,0.0
C,R01,training,04,66,0,0.0,0.0,0.0,0.0
C,R01,training,04,67,0,0.0,0.0,0.0,0.0
C,R01,training,04,68,0,0.0,0.0,0.0,0.0
C,R01,training,04,69,0,0.0,0.0,0.0,0.0
C,R01,training,04,70,0,0.0,0.0,0.0,0.0
C,R01,training,04,71,0,0.0,0.0,0.0,0.0
C,R01,training,04,72,0,0.0,0.0,0.0,0.0
C,R01,training,04,73,0,0.0,0.0,0.0,0.0
C,R01,training,04,74,0,0.0,0.0,0.0,0.0
C,R01,training,04,75,0,0.0,0.0,0.0,0.0
C,R01,training,04,76,0,0.0,0.0,0.0,0.0
C,R01,training,04,77,0,0.0,0.0,0.0,0.0
C,R01,training,04,78,0,0.0,0.0,0.0,0.0
C,R01,training,04,79,0,0.0,0.0,0.0,0.0
C,R01,training,04,80,0,0.0,0.0,0.0,0.0
C,R01,training,04,81,0,0.0,0.0,0.0,0.0
C,R01,training,04,82,0,0.0,0.0,0.0,0.0
C,R01,training,04,83,0,0.0,0.0,0.0,0.0
C,R01,training,04,84,0,0.0,0.0,0.0,0.0
C,R01,training,04,85,0,0.0,0.0,0.0,0.0
C,R01,training,04,86,0,0.0,0.0,0.0,0.0
C,R01,training,04,87,0,0.0,0.0,0.0,0.0
C,R01,training,04,88,0,0.0,0.0,0.0,0.0
C,R01,training,04,89,0,0.0,0.0,0.0,0.0
C,R01,training,04,90,0,0.0,0.0,0.0,0.0
C,R01,training,04,91,0,0.0,0.0,0.0,0.0
C,R01,training,04,92,0,0.0,0.0,0.0,0.0
C,R01,training,04,93,0,0.0,0.0,0.0,0.0
C,R01,training,04,94,0,0.0,0.0,0.0,0.0
C,R01,training,04,95,0,0.0,0.0,0.0,0.0
C,R01,training,04,96,0,0.0,0.0,0.0,0.0
C,R01,training,04,97,0,0.0,0.0,0.0,0.0
C,R01,training,04,98,0,0.0,0.0,0.0,0.0
C,R01,training,04,99,0,0.0,0.0,0.0,0.0
C,R01,training,04,100,0,0.0,0.0,0.0,0.0
C,R01,training,04,101,0,0.0,0.0,0.0,0.0
C,R01,training,04,102,0,0.0,0.0,0.0,0.0
C,R01,training,04,103,0,0.0,0.0,0.0,0.0
C,R01,training,04,104,0,0.0,0.0,0.0,0.0
C,R01,training,04,105,0,0.0,0.0,0.0,0.0
C,R01,training,04,106,0,0.0,0.0,0.0,0.0
C,R01,training,04,107,0,0.0,0.0,0.0,0.0
C,R01,training,04,108,0,0.0,0.0,0.0,0.0
C,R01,training,04,109,0,0.0,0.0,0.0,0.0
C,R01,training,04,110,0,0.0,0.0,0.0,0.0
C,R01,training,04,111,0,0.0,0.0,0.0,0.0
C,R01,training,04,112,0,0.0,0.0,0.0,0.0
C,R01,training,04,113,0,0.0,0.0,0.0,0.0
C,R01,training,04,114,0,0.0,0.0,0.0,0.0
C,R01,training,04,115,0,0.0,0.0,0.0,0.0
C,R01,training,04,116,0,0.0,0.0,0.0,0.0
C,R01,training,04,117,0,0.0,0.0,0.0,0.0
C,R01,training,04,118,0,0.0,0.0,0.0,0.0
C,R01,training,04,119,0,0.0,0.0,0.0,0.0
C,R01,training,04,120,0,0.0,0.0,0.0,0.0
C,R01,training,04,121,0,0.0,0.0,0.0,0.0
C,R01,training,04,122,0,0.0,0.0,0.0,0.0
C,R01,training,04,123,0,0.0,0.0,0.0,0.0
C,R01,training,04,124,0,0.0,0.0,0.0,0.0
C,R01,training,04,125,0,0.0,0.0,0.0,0.0
C,R01,training,04,126,0,0.0,0.0,0.0,0.0
C,R01,training,04,127,0,0.0,0.0,0.0,0.0
C,R01,training,04,128,0,0.0,0.0,0.0,0.0
C,R01,training,04,129,0,0.0,0.0,0.0,0.0
C,R01,training,04,130,0,0.0,0.0,0.0,0.0
C,R01,training,04,131,0,0.0,0.0,0.0,0.0
C,R01,training,04,132,0,0.0,0.0,0.0,0.0
C,R01,training,04,133,0,0.0,0.0,0.0,0.0
C,R01,training,04,134,0,0.0,0.0,0.0,0.0
C,R01,training,04,135,0,0.0,0.0,0.0,0.0
C,R01,training,04,136,0,0.0,0.0,0.0,0.0
C,R01,training,04,137,0,0.0,0.0,0.0,0.0
C,R01,training,04,138,0,0.0,0.0,0.0,0.0
C,R01,training,04,139,0,0.0,0.0,0.0,0.0
C,R01,training,04,140,0,0.0,0.0,0.0,0.0
C,R01,training,04,141,0,0.0,0.0,0.0,0.0
C,R01,training,04,142,0,0.0,0.0,0.0,0.0
C,R01,training,04,143,0,0.0,0.0,0.0,0.0
C,R01,training,04,144,0,0.0,0.0,0.0,0.0
C,R01,training,04,145,0,0.0,0.0,0.0,0.0
C,R01,training,04,146,0,0.0,0.0,0.0,0.0
C,R01,training,04,147,0,0.0,0.0,0.0,0.0
C,R01,training,04,148,0,0.0,0.0,0.0,0.0
C,R01,training,04,149,0,0.0,0.0,0.0,0.0
C,R01,training,04,150,0,0.0,0.0,0.0,0.0
C,R01,training,04,151,0,0.0,0.0,0.0,0.0
C,R01,training,04,152,0,0.0,0.0,0.0,0.0
C,R01,training,04,153,0,0.0,0.0,0.0,0.0
C,R01,training,04,154,0,0.0,0.0,0.0,0.0
C,R01,training,04,155,0,0.0,0.0,0.0,0.0
C,R01,training,04,156,0,0.0,0.0,0.0,0.0
C,R01,training,04,157,0,0.0,0.0,0.0,0.0
C,R01,training,04,158,0,0.0,0.0,0.0,0.0
C,R01,training,04,159,0,0.0,0.0,0.0,0.0
C,R01,training,04,160,0,0.0,0.0,0.0,0.0
C,R01,training,04,161,0,0.0,0.0,0.0,0.0
C,R01,training,04,162,0,0.0,0.0,0.0,0.0
C,R01,training,04,163,0,0.0,0.0,0.0,0.0
C,R01,training,04,164,0,0.0,0.0,0.0,0.0
C,R01,training,04,165,0,0.0,0.0,0.0,0.0
C,R01,training,04,166,0,0.0,0.0,0.0,0.0
C,R01,training,04,167,0,0.0,0.0,0.0,0.0
C,R01,training,04,168,0,0.0,0.0,0.0,0.0
C,R01,training,04,169,0,0.0,0.0,0.0,0.0
C,R01,training,04,170,0,0.0,0.0,0.0,0.0
C,R01,training,04,171,0,0.0,0.0,0.0,0.0
C,R01,training,04,172,0,0.0,0.0,0.0,0.0
C,R01,training,04,173,0,0.0,0.0,0.0,0.0
C,R01,training,04,174,0,0.0,0.0,0.0,0.0
C,R01,training,04,175,0,0.0,0.0,0.0,0.0
C,R01,training,04,176,0,0.0,0.0,0.0,0.0
C,R01,training,04,177,0,0.0,0.0,0.0,0.0
C,R01,training,04,178,0,0.0,0.0,0.0,0.0
C,R01,training,04,179,0,0.0,0.0,0.0,0.0
C,R01,training,04,180,0,0.0,0.0,0.0,0.0
C,R01,training,04,181,0,0.0,0.0,0.0,0.0
C,R01,training,04,182,0,0.0,0.0,0.0,0.0
C,R01,training,04,183,0,0.0,0.0,0.0,0.0
C,R01,training,04,184,0,0.0,0.0,0.0,0.0
C,R01,training,04,185,0,0.0,0.0,0.0,0.0
C,R01,training,04,186,0,0.0,0.0,0.0,0.0
C,R01,training,04,187,0,0.0,0.0,0.0,0.0
C,R01,training,04,188,0,0.0,0.0,0.0,0.0
C,R01,training,04,189,0,0.0,0.0,0.0,0.0
C,R01,training,04,190,0,0.0,0.0,0.0,0.0
C,R01,training,04,191,0,0.0,0.0,0.0,0.0
C,R01,training,04,192,0,0.0,0.0,0.0,0.0
C,R01,training,04,193,0,0.0,0.0,0.0,0.0
C,R01,training,04,194,0,0.0,0.0,0.0,0.0
C,R01,training,04,195,0,0.0,0.0,0.0,0.0
C,R01,training,04,196,0,0.0,0.0,0.0,0.0
C,R01,training,04,197,0,0.0,0.0,0.0,0.0
C,R01,training,04,198,0,0.0,0.0,0.0,0.0
C,R01,training,04,199,0,0.0,0.0,0.0,0.0
C,R01,training,04,200,0,0.0,0.0,0.0,0.0
C,R01,training,04,201,0,0.0,0.0,0.0,0.0
C,R01,training,04,202,0,0.0,0.0,0.0,0.0
C,R01,training,04,203,0,0.0,0.0,0.0,0.0
C,R01,training,04,204,0,0.0,0.0,0.0,0.0
C,R01,training,04,205,0,0.0,0.0,0.0,0.0
C,R01,training,04,206,0,0.0,0.0,0.0,0.0
C,R01,training,04,207,0,0.0,0.0,0.0,0.0
C,R01,training,04,208,0,0.0,0.0,0.0,0.0
C,R01,training,04,209,0,0.0,0.0,0.0,0.0
C,R01,training,04,210,0,0.0,0.0,0.0,0.0
C,R01,training,04,211,0,0.0,0.0,0.0,0.0
C,R01,training,04,212,0,0.0,0.0,0.0,0.0
C,R01,training,04,213,0,0.0,0.0,0.0,0.0
C,R01,training,04,214,0,0.0,0.0,0.0,0.0
C,R01,training,04,215,0,0.0,0.0,0.0,0.0
C,R01,training,04,216,0,0.0,0.0,0.0,0.0
C,R01,training,04,217,0,0.0,0.0,0.0,0.0
C,R01,training,04,218,0,0.0,0.0,0.0,0.0
C,R01,training,04,219,0,0.0,0.0,0.0,0.0
C,R01,training,04,220,0,0.0,0.0,0.0,0.0
C,R01,training,04,221,0,0.0,0.0,0.0,0.0
C,R01,training,04,222,0,0.0,0.0,0.0,0.0
C,R01,training,04,223,0,0.0,0.0,0.0,0.0
C,R01,training,04,224,0,0.0,0.0,0.0,0.0
C,R01,training,04,225,0,0.0,0.0,0.0,0.0
C,R01,training,04,226,0,0.0,0.0,0.0,0.0
C,R01,training,04,227,0,0.0,0.0,0.0,0.0
C,R01,training,04,228,0,0.0,0.0,0.0,0.0
C,R01,training,04,229,0,0.0,0.0,0.0,0.0
C,R01,training,04,230,0,0.0,0.0,0.0,0.0
C,R01,training,04,231,0,0.0,0.0,0.0,0.0
P1,R01,training,04,0,0,0.0,0.0,0.0,0.0
P1,R01,training,04,1,0,0.0,0.0,0.0,0.0
P1,R01,training,04,2,0,0.0,0.0,0.0,0.0
P1,R01,training,04,3,0,0.0,0.0,0.0,0.0
P1,R01,training,04,4,0,0.0,0.0,0.0,0.0
P1,R01,training,04,5,0,0.0,0.0,0.0,0.0
P1,R01,training,04,6,0,0.0,0.0,0.0,0.0
P1,R01,training,04,7,0,0.0,0.0,0.0,0.0
P1,R01,training,04,8,0,0.0,0.0,0.0,0.0
P1,R01,training,04,9,0,0.0,0.0,0.0,0.0
P1,R01,training,04,10,0,0.0,0.0,0.0,0.0
P1,R01,training,04,11,0,0.0,0.0,0.0,0.0
P1,R01,training,04,12,0,0.0,0.0,0.0,0.0
P1,R01,training,04,13,0,0.0,0.0,0.0,0.0
P1,R01,training,04,14,0,0.0,0.0,0.0,0.0
P1,R01,training,04,15,0,0.0,0.0,0.0,0.0
P1,R01,training,04,16,0,0.0,0.0,0.0,0.0
P1,R01,training,04,17,0,0.0,0.0,0.0,0.0
P1,R01,training,04,18,0,0.0,0.0,0.0,0.0
P1,R01,training,04,19,0,0.0,0.0,0.0,0.0
P1,R01,training,04,20,0,0.0,0.0,0.0,0.0
P1,R01,training,04,21,0,0.0,0.0,0.0,0.0
P1,R01,training,04,22,0,0.0,0.0,0.0,0.0
P1,R01,training,04,23,0,0.0,0.0,0.0,0.0
P1,R01,training,04,24,0,0.0,0.0,0.0,0.0
P1,R01,training,04,25,0,0.0,0.0,0.0,0.0
P1,R01,training,04,26,0,0.0,0.0,0.0,0.0
P1,R01,training,04,27,0,0.0,0.0,0.0,0.0
P1,R01,training,04,28,0,0.0,0.0,0.0,0.0
P1,R01,training,04,29,0,0.0,0.0,0.0,0.0
P1,R01,training,04,30,0,0.0,0.0,0.0,0.0
P1,R01,training,04,31,0,0.0,0.0,0.0,0.0
P1,R01,training,04,32,0,0.0,0.0,0.0,0.0
P1,R01,training,04,33,0,0.0,0.0,0.0,0.0
P1,R01,training,04,34,0,0.0,0.0,0.0,0.0
P1,R01,training,04,35,0,0.0,0.0,0.0,0.0
P1,R01,training,04,36,0,0.0,0.0,0.0,0.0
P1,R01,training,04,37,0,0.0,0.0,0.0,0.0
P1,R01,training,04,38,0,0.0,0.0,0.0,0.0
P1,R01,training,04,39,0,0.0,0.0,0.0,0.0
P1,R01,training,04,40,0,0.0,0.0,0.0,0.0
P1,R01,training,04,41,0,0.0,0.0,0.0,0.0
P1,R01,training,04,42,0,0.0,0.0,0.0,0.0
P1,R01,training,04,43,0,0.0,0.0,0.0,0.0
P1,R01,training,04,44,0,0.0,0.0,0.0,0.0
P1,R01,training,04,45,0,0.0,0.0,0.0,0.0
P1,R01,training,04,46,0,0.0,0.0,0.0,0.0
P1,R01,training,04,47,0,0.0,0.0,0.0,0.0
P1,R01,training,04,48,0,0.0,0.0,0.0,0.0
P1,R01,training,04,49,0,0.0,0.0,0.0,0.0
P1,R01,training,04,50,0,0.0,0.0,0.0,0.0
P1,R01,training,04,51,0,0.0,0.0,0.0,0.0
P1,R01,training,04,52,0,0.0,0.0,0.0,0.0
P1,R01,training,04,53,0,0.0,0.0,0.0,0.0
P1,R01,training,04,54,0,0.0,0.0,0.0,0.0
P1,R01,training,04,55,0,0.0,0.0,0.0,0.0
P1,R01,training,04,56,0,0.0,0.0,0.0,0.0
P1,R01,training,04,57,0,0.0,0.0,0.0,0.0
P1,R01,training,04,58,0,0.0,0.0,0.0,0.0
P1,R01,training,04,59,0,0.0,0.0,0.0,0.0
P1,R01,training,04,60,0,0.0,0.0,0.0,0.0
P1,R01,training,04,61,0,0.0,0.0,0.0,0.0
P1,R01,training,04,62,0,0.0,0.0,0.0,0.0
P1,R01,training,04,63,0,0.0,0.0,0.0,0.0
P1,R01,training,04,64,0,0.0,0.0,0.0,0.0
P1,R01,training,04,65,0,0.0,0.0,0.0,0.0
P1,R01,training,04,66,0,0.0,0.0,0.0,0.0
P1,R01,training,04,67,0,0.0,0.0,0.0,0.0
P1,R01,training,04,68,0,0.0,0.0,0.0,0.0
P1,R01,training,04,69,0,0.0,0.0,0.0,0.0
P1,R01,training,04,70,0,0.0,0.0,0.0,0.0
P1,R01,training,04,71,0,0.0,0.0,0.0,0.0
P1,R01,training,04,72,0,0.0,0.0,0.0,0.0
P1,R01,training,04,73,0,0.0,0.0,0.0,0.0
P1,R01,training,04,74,0,0.0,0.0,0.0,0.0
P1,R01,training,04,75,0,0.0,0.0,0.0,0.0
P1,R01,training,04,76,0,0.0,0.0,0.0,0.0
P1,R01,training,04,77,0,0.0,0.0,0.0,0.0
P1,R01,training,04,78,0,0.0,0.0,0.0,0.0
P1,R01,training,04,79,0,0.0,0.0,0.0,0.0
P1,R01,training,04,80,0,0.0,0.0,0.0,0.0
P1,R01,training,04,81,0,0.0,0.0,0.0,0.0
P1,R01,training,04,82,0,0.0,0.0,0.0,0.0
P1,R01,training,04,83,0,0.0,0.0,0.0,0.0
P1,R01,training,04,84,0,0.0,0.0,0.0,0.0
P1,R01,training,04,85,0,0.0,0.0,0.0,0.0
P1,R01,training,04,86,0,0.0,0.0,0.0,0.0
P1,R01,training,04,87,0,0.0,0.0,0.0,0.0
P1,R01,training,04,88,0,0.0,0.0,0.0,0.0
P1,R01,training,04,89,0,0.0,0.0,0.0,0.0
P1,R01,training,04,90,0,0.0,0.0,0.0,0.0
P1,R01,training,04,91,0,0.0,0.0,0.0,0.0
P1,R01,training,04,92,0,0.0,0.0,0.0,0.0
P1,R01,training,04,93,0,0.0,0.0,0.0,0.0
P1,R01,training,04,94,0,0.0,0.0,0.0,0.0
P1,R01,training,04,95,0,0.0,0.0,0.0,0.0
P1,R01,training,04,96,0,0.0,0.0,0.0,0.0
P1,R01,training,04,97,0,0.0,0.0,0.0,0.0
P1,R01,training,04,98,0,0.0,0.0,0.0,0.0
P1,R01,training,04,99,0,0.0,0.0,0.0,0.0
P1,R01,training,04,100,0,0.0,0.0,0.0,0.0
P1,R01,training,04,101,0,0.0,0.0,0.0,0.0
P1,R01,training,04,102,0,0.0,0.0,0.0,0.0
P1,R01,training,04,103,0,0.0,0.0,0.0,0.0
P1,R01,training,04,104,0,0.0,0.0,0.0,0.0
P1,R01,training,04,105,0,0.0,0.0,0.0,0.0
P1,R01,training,04,106,0,0.0,0.0,0.0,0.0
P1,R01,training,04,107,0,0.0,0.0,0.0,0.0
P1,R01,training,04,108,0,0.0,0.0,0.0,0.0
P1,R01,training,04,109,0,0.0,0.0,0.0,0.0
P1,R01,training,04,110,0,0.0,0.0,0.0,0.0
P1,R01,training,04,111,0,0.0,0.0,0.0,0.0
P1,R01,training,04,112,0,0.0,0.0,0.0,0.0
P1,R01,training,04,113,0,0.0,0.0,0.0,0.0
P1,R01,training,04,114,0,0.0,0.0,0.0,0.0
P1,R01,training,04,115,0,0.0,0.0,0.0,0.0
P1,R01,training,04,116,0,0.0,0.0,0.0,0.0
P1,R01,training,04,117,0,0.0,0.0,0.0,0.0
P1,R01,training,04,118,0,0.0,0.0,0.0,0.0
P1,R01,training,04,119,0,0.0,0.0,0.0,0.0
P1,R01,training,04,120,0,0.0,0.0,0.0,0.0
P1,R01,training,04,121,0,0.0,0.0,0.0,0.0
P1,R01,training,04,122,0,0.0,0.0,0.0,0.0
P1,R01,training,04,123,0,0.0,0.0,0.0,0.0
P1,R01,training,04,124,0,0.0,0.0,0.0,0.0
P1,R01,training,04,125,0,0.0,0.0,0.0,0.0
P1,R01,training,04,126,0,0.0,0.0,0.0,0.0
P1,R01,training,04,127,0,0.0,0.0,0.0,0.0
P1,R01,training,04,128,0,0.0,0.0,0.0,0.0
P1,R01,training,04,129,0,0.0,0.0,0.0,0.0
P1,R01,training,04,130,0,0.0,0.0,0.0,0.0
P1,R01,training,04,131,0,0.0,0.0,0.0,0.0
P1,R01,training,04,132,0,0.0,0.0,0.0,0.0
P1,R01,training,04,133,0,0.0,0.0,0.0,0.0
P1,R01,training,04,134,0,0.0,0.0,0.0,0.0
P1,R01,training,04,135,0,0.0,0.0,0.0,0.0
P1,R01,training,04,136,0,0.0,0.0,0.0,0.0
P1,R01,training,04,137,0,0.0,0.0,0.0,0.0
P1,R01,training,04,138,0,0.0,0.0,0.0,0.0
P1,R01,training,04,139,0,0.0,0.0,0.0,0.0
P1,R01,training,04,140,0,0.0,0.0,0.0,0.0
P1,R01,training,04,141,0,0.0,0.0,0.0,0.0
P1,R01,training,04,142,0,0.0,0.0,0.0,0.0
P1,R01,training,04,143,0,0.0,0.0,0.0,0.0
P1,R01,training,04,144,0,0.0,0.0,0.0,0.0
P1,R01,training,04,145,0,0.0,0.0,0.0,0.0
P1,R01,training,04,146,0,0.0,0.0,0.0,0.0
P1,R01,training,04,147,0,0.0,0.0,0.0,0.0
P1,R01,training,04,148,0,0.0,0.0,0.0,0.0
P1,R01,training,04,149,0,0.0,0.0,0.0,0.0
P1,R01,training,04,150,0,0.0,0.0,0.0,0.0
P1,R01,training,04,151,0,0.0,0.0,0.0,0.0
P1,R01,training,04,152,0,0.0,0.0,0.0,0.0
P1,R01,training,04,153,0,0.0,0.0,0.0,0.0
P1,R01,training,04,154,0,0.0,0.0,0.0,0.0
P1,R01,training,04,155,0,0.0,0.0,0.0,0.0
P1,R01,training,04,156,0,0.0,0.0,0.0,0.0
P1,R01,training,04,157,0,0.0,0.0,0.0,0.0
P1,R01,training,04,158,0,0.0,0.0,0.0,0.0
P1,R01,training,04,159,0,0.0,0.0,0.0,0.0
P1,R01,training,04,160,0,0.0,0.0,0.0,0.0
P1,R01,training,04,161,0,0.0,0.0,0.0,0.0
P1,R01,training,04,162,0,0.0,0.0,0.0,0.0
P1,R01,training,04,163,0,0.0,0.0,0.0,0.0
P1,R01,training,04,164,0,0.0,0.0,0.0,0.0
P1,R01,training,04,165,0,0.0,0.0,0.0,0.0
P1,R01,training,04,166,0,0.0,0.0,0.0,0.0
P1,R01,training,04,167,0,0.0,0.0,0.0,0.0
P1,R01,training,04,168,0,0.0,0.0,0.0,0.0
P1,R01,training,04,169,0,0.0,0.0,0.0,0.0
P1,R01,training,04,170,0,0.0,0.0,0.0,0.0
P1,R01,training,04,171,0,0.0,0.0,0.0,0.0
P1,R01,training,04,172,0,0.0,0.0,0.0,0.0
P1,R01,training,04,173,0,0.0,0.0,0.0,0.0
P1,R01,training,04,174,0,0.0,0.0,0.0,0.0
P1,R01,training,04,175,0,0.0,0.0,0.0,0.0
P1,R01,training,04,176,0,0.0,0.0,0.0,0.0
P1,R01,training,04,177,0,0.0,0.0,0.0,0.0
P1,R01,training,04,178,0,0.0,0.0,0.0,0.0
P1,R01,training,04,179,0,0.0,0.0,0.0,0.0
P1,R01,training,04,180,0,0.0,0.0,0.0,0.0
P1,R01,training,04,181,0,0.0,0.0,0.0,0.0
P1,R01,training,04,182,0,0.0,0.0,0.0,0.0
P1,R01,training,04,183,0,0.0,0.0,0.0,0.0
P1,R01,training,04,184,0,0.0,0.0,0.0,0.0
P1,R01,training,04,185,0,0.0,0.0,0.0,0.0
P1,R01,training,04,186,0,0.0,0.0,0.0,0.0
P1,R01,training,04,187,0,0.0,0.0,0.0,0.0
P1,R01,training,04,188,0,0.0,0.0,0.0,0.0
P1,R01,training,04,189,0,0.0,0.0,0.0,0.0
P1,R01,training,04,190,0,0.0,0.0,0.0,0.0
P1,R01,training,04,191,0,0.0,0.0,0.0,0.0
P1,R01,training,04,192,0,0.0,0.0,0.0,0.0
P1,R01,training,04,193,0,0.0,0.0,0.0,0.0
P1,R01,training,04,194,0,0.0,0.0,0.0,0.0
P1,R01,training,04,195,0,0.0,0.0,0.0,0.0
P1,R01,training,04,196,0,0.0,0.0,0.0,0.0
P1,R01,training,04,197,0,0.0,0.0,0.0,0.0
P1,R01,training,04,198,0,0.0,0.0,0.0,0.0
P1,R01,training,04,199,0,0.0,0.0,0.0,0.0
P1,R01,training,04,200,0,0.0,0.0,0.0,0.0
P1,R01,training,04,201,0,0.0,0.0,0.0,0.0
P1,R01,training,04,202,0,0.0,0.0,0.0,0.0
P1,R01,training,04,203,0,0.0,0.0,0.0,0.0
P1,R01,training,04,204,0,0.0,0.0,0.0,0.0
P1,R01,training,04,205,0,0.0,0.0,0.0,0.0
P1,R01,training,04,206,0,0.0,0.0,0.0,0.0
P1,R01,training,04,207,0,0.0,0.0,0.0,0.0
P1,R01,training,04,208,0,0.0,0.0,0.0,0.0
P1,R01,training,04,209,0,0.0,0.0,0.0,0.0
P1,R01,training,04,210,0,0.0,0.0,0.0,0.0
P1,R01,training,04,211,0,0.0,0.0,0.0,0.0
P1,R01,training,04,212,0,0.0,0.0,0.0,0.0
P1,R01,training,04,213,0,0.0,0.0,0.0,0.0
P1,R01,training,04,214,0,0.0,0.0,0.0,0.0
P1,R01,training,04,215,0,0.0,0.0,0.0,0.0
P1,R01,training,04,216,0,0.0,0.0,0.0,0.0
P1,R01,training,04,217,0,0.0,0.0,0.0,0.0
P1,R01,training,04,218,0,0.0,0.0,0.0,0.0
P1,R01,training,04,219,0,0.0,0.0,0.0,0.0
P1,R01,training,04,220,0,0.0,0.0,0.0,0.0
P1,R01,training,04,221,0,0.0,0.0,0.0,0.0
P1,R01,training,04,222,0,0.0,0.0,0.0,0.0
P1,R01,training,04,223,0,0.0,0.0,0.0,0.0
P1,R01,training,04,224,0,0.0,0.0,0.0,0.0
P1,R01,training,04,225,0,0.0,0.0,0.0,0.0
P1,R01,training,04,226,0,0.0,0.0,0.0,0.0
P1,R01,training,04,227,0,0.0,0.0,0.0,0.0
P1,R01,training,04,228,0,0.0,0.0,0.0,0.0
P1,R01,training,04,229,0,0.0,0.0,0.0,0.0
P1,R01,training,04,230,0,0.0,0.0,0.0,0.0
P1,R01,training,04,231,0,0.0,0.0,0.0,0.0
P2,R01,training,04,0,0,0.0,0.0,0.0,0.0
P2,R01,training,04,1,0,0.0,0.0,0.0,0.0
P2,R01,training,04,2,0,0.0,0.0,0.0,0.0
P2,R01,training,04,3,0,0.0,0.0,0.0,0.0
P2,R01,training,04,4,0,0.0,0.0,0.0,0.0
P2,R01,training,04,5,0,0.0,0.0,0.0,0.0
P2,R01,training,04,6,0,0.0,0.0,0.0,0.0
P2,R01,training,04,7,0,0.0,0.0,0.0,0.0
P2,R01,training,04,8,0,0.0,0.0,0.0,0.0
P2,R01,training,04,9,0,0.0,0.0,0.0,0.0
P2,R01,training,04,10,0,0.0,0.0,0.0,0.0
P2,R01,training,04,11,0,0.0,0.0,0.0,0.0
P2,R01,training,04,12,0,0.0,0.0,0.0,0.0
P2,R01,training,04,13,0,0.0,0.0,0.0,0.0
P2,R01,training,04,14,0,0.0,0.0,0.0,0.0
P2,R01,training,04,15,0,0.0,0.0,0.0,0.0
P2,R01,training,04,16,0,0.0,0.0,0.0,0.0
P2,R01,training,04,17,0,0.0,0.0,0.0,0.0
P2,R01,training,04,18,0,0.0,0.0,0.0,0.0
P2,R01,training,04,19,0,0.0,0.0,0.0,0.0
P2,R01,training,04,20,0,0.0,0.0,0.0,0.0
P2,R01,training,04,21,0,0.0,0.0,0.0,0.0
P2,R01,training,04,22,0,0.0,0.0,0.0,0.0
P2,R01,training,04,23,0,0.0,0.0,0.0,0.0
P2,R01,training,04,24,0,0.0,0.0,0.0,0.0
P2,R01,training,04,25,0,0.0,0.0,0.0,0.0
P2,R01,training,04,26,0,0.0,0.0,0.0,0.0
P2,R01,training,04,27,0,0.0,0.0,0.0,0.0
P2,R01,training,04,28,0,0.0,0.0,0.0,0.0
P2,R01,training,04,29,0,0.0,0.0,0.0,0.0
P2,R01,training,04,30,0,0.0,0.0,0.0,0.0
P2,R01,training,04,31,0,0.0,0.0,0.0,0.0
P2,R01,training,04,32,0,0.0,0.0,0.0,0.0
P2,R01,training,04,33,0,0.0,0.0,0.0,0.0
P2,R01,training,04,34,0,0.0,0.0,0.0,0.0
P2,R01,training,04,35,0,0.0,0.0,0.0,0.0
P2,R01,training,04,36,0,0.0,0.0,0.0,0.0
P2,R01,training,04,37,0,0.0,0.0,0.0,0.0
P2,R01,training,04,38,0,0.0,0.0,0.0,0.0
P2,R01,training,04,39,0,0.0,0.0,0.0,0.0
P2,R01,training,04,40,0,0.0,0.0,0.0,0.0
P2,R01,training,04,41,0,0.0,0.0,0.0,0.0
P2,R01,training,04,42,0,0.0,0.0,0.0,0.0
P2,R01,training,04,43,0,0.0,0.0,0.0,0.0
P2,R01,training,04,44,0,0.0,0.0,0.0,0.0
P2,R01,training,04,45,0,0.0,0.0,0.0,0.0
P2,R01,training,04,46,0,0.0,0.0,0.0,0.0
P2,R01,training,04,47,0,0.0,0.0,0.0,0.0
P2,R01,training,04,48,0,0.0,0.0,0.0,0.0
P2,R01,training,04,49,0,0.0,0.0,0.0,0.0
P2,R01,training,04,50,0,0.0,0.0,0.0,0.0
P2,R01,training,04,51,0,0.0,0.0,0.0,0.0
P2,R01,training,04,52,0,0.0,0.0,0.0,0.0
P2,R01,training,04,53,0,0.0,0.0,0.0,0.0
P2,R01,training,04,54,0,0.0,0.0,0.0,0.0
P2,R01,training,04,55,0,0.0,0.0,0.0,0.0
P2,R01,training,04,56,0,0.0,0.0,0.0,0.0
P2,R01,training,04,57,0,0.0,0.0,0.0,0.0
P2,R01,training,04,58,0,0.0,0.0,0.0,0.0
P2,R01,training,04,59,0,0.0,0.0,0.0,0.0
P2,R01,training,04,60,0,0.0,0.0,0.0,0.0
P2,R01,training,04,61,0,0.0,0.0,0.0,0.0
P2,R01,training,04,62,0,0.0,0.0,0.0,0.0
P2,R01,training,04,63,0,0.0,0.0,0.0,0.0
P2,R01,training,04,64,0,0.0,0.0,0.0,0.0
P2,R01,training,04,65,0,0.0,0.0,0.0,0.0
P2,R01,training,04,66,0,0.0,0.0,0.0,0.0
P2,R01,training,04,67,0,0.0,0.0,0.0,0.0
P2,R01,training,04,68,0,0.0,0.0,0.0,0.0
P2,R01,training,04,69,0,0.0,0.0,0.0,0.0
P2,R01,training,04,70,0,0.0,0.0,0.0,0.0
P2,R01,training,04,71,0,0.0,0.0,0.0,0.0
P2,R01,training,04,72,0,0.0,0.0,0.0,0.0
P2,R01,training,04,73,0,0.0,0.0,0.0,0.0
P2,R01,training,04,74,0,0.0,0.0,0.0,0.0
P2,R01,training,04,75,0,0.0,0.0,0.0,0.0
P2,R01,training,04,76,0,0.0,0.0,0.0,0.0
P2,R01,training,04,77,0,0.0,0.0,0.0,0.0
P2,R01,training,04,78,0,0.0,0.0,0.0,0.0
P2,R01,training,04,79,0,0.0,0.0,0.0,0.0
P2,R01,training,04,80,0,0.0,0.0,0.0,0.0
P2,R01,training,04,81,0,0.0,0.0,0.0,0.0
P2,R01,training,04,82,0,0.0,0.0,0.0,0.0
P2,R01,training,04,83,0,0.0,0.0,0.0,0.0
P2,R01,training,04,84,0,0.0,0.0,0.0,0.0
P2,R01,training,04,85,0,0.0,0.0,0.0,0.0
P2,R01,training,04,86,0,0.0,0.0,0.0,0.0
P2,R01,training,04,87,0,0.0,0.0,0.0,0.0
P2,R01,training,04,88,0,0.0,0.0,0.0,0.0
P2,R01,training,04,89,0,0.0,0.0,0.0,0.0
P2,R01,training,04,90,0,0.0,0.0,0.0,0.0
P2,R01,training,04,91,0,0.0,0.0,0.0,0.0
P2,R01,training,04,92,0,0.0,0.0,0.0,0.0
P2,R01,training,04,93,0,0.0,0.0,0.0,0.0
P2,R01,training,04,94,0,0.0,0.0,0.0,0.0
P2,R01,training,04,95,0,0.0,0.0,0.0,0.0
P2,R01,training,04,96,0,0.0,0.0,0.0,0.0
P2,R01,training,04,97,0,0.0,0.0,0.0,0.0
P2,R01,training,04,98,0,0.0,0.0,0.0,0.0
P2,R01,training,04,99,0,0.0,0.0,0.0,0.0
P2,R01,training,04,100,0,0.0,0.0,0.0,0.0
P2,R01,training,04,101,0,0.0,0.0,0.0,0.0
P2,R01,training,04,102,0,0.0,0.0,0.0,0.0
P2,R01,training,04,103,0,0.0,0.0,0.0,0.0
P2,R01,training,04,104,0,0.0,0.0,0.0,0.0
P2,R01,training,04,105,0,0.0,0.0,0.0,0.0
P2,R01,training,04,106,0,0.0,0.0,0.0,0.0
P2,R01,training,04,107,0,0.0,0.0,0.0,0.0
P2,R01,training,04,108,0,0.0,0.0,0.0,0.0
P2,R01,training,04,109,0,0.0,0.0,0.0,0.0
P2,R01,training,04,110,0,0.0,0.0,0.0,0.0
P2,R01,training,04,111,0,0.0,0.0,0.0,0.0
P2,R01,training,04,112,0,0.0,0.0,0.0,0.0
P2,R01,training,04,113,0,0.0,0.0,0.0,0.0
P2,R01,training,04,114,0,0.0,0.0,0.0,0.0
P2,R01,training,04,115,0,0.0,0.0,0.0,0.0
P2,R01,training,04,116,0,0.0,0.0,0.0,0.0
P2,R01,training,04,117,0,0.0,0.0,0.0,0.0
P2,R01,training,04,118,0,0.0,0.0,0.0,0.0
P2,R01,training,04,119,0,0.0,0.0,0.0,0.0
P2,R01,training,04,120,0,0.0,0.0,0.0,0.0
P2,R01,training,04,121,0,0.0,0.0,0.0,0.0
P2,R01,training,04,122,0,0.0,0.0,0.0,0.0
P2,R01,training,04,123,0,0.0,0.0,0.0,0.0
P2,R01,training,04,124,0,0.0,0.0,0.0,0.0
P2,R01,training,04,125,0,0.0,0.0,0.0,0.0
P2,R01,training,04,126,0,0.0,0.0,0.0,0.0
P2,R01,training,04,127,0,0.0,0.0,0.0,0.0
P2,R01,training,04,128,0,0.0,0.0,0.0,0.0
P2,R01,training,04,129,0,0.0,0.0,0.0,0.0
P2,R01,training,04,130,0,0.0,0.0,0.0,0.0
P2,R01,training,04,131,0,0.0,0.0,0.0,0.0
P2,R01,training,04,132,0,0.0,0.0,0.0,0.0
P2,R01,training,04,133,0,0.0,0.0,0.0,0.0
P2,R01,training,04,134,0,0.0,0.0,0.0,0.0
P2,R01,training,04,135,0,0.0,0.0,0.0,0.0
P2,R01,training,04,136,0,0.0,0.0,0.0,0.0
P2,R01,training,04,137,0,0.0,0.0,0.0,0.0
P2,R01,training,04,138,0,0.0,0.0,0.0,0.0
P2,R01,training,04,139,0,0.0,0.0,0.0,0.0
P2,R01,training,04,140,0,0.0,0.0,0.0,0.0
P2,R01,training,04,141,0,0.0,0.0,0.0,0.0
P2,R01,training,04,142,0,0.0,0.0,0.0,0.0
P2,R01,training,04,143,0,0.0,0.0,0.0,0.0
P2,R01,training,04,144,0,0.0,0.0,0.0,0.0
P2,R01,training,04,145,0,0.0,0.0,0.0,0.0
P2,R01,training,04,146,0,0.0,0.0,0.0,0.0
P2,R01,training,04,147,0,0.0,0.0,0.0,0.0
P2,R01,training,04,148,0,0.0,0.0,0.0,0.0
P2,R01,training,04,149,0,0.0,0.0,0.0,0.0
P2,R01,training,04,150,0,0.0,0.0,0.0,0.0
P2,R01,training,04,151,0,0.0,0.0,0.0,0.0
P2,R01,training,04,152,0,0.0,0.0,0.0,0.0
P2,R01,training,04,153,0,0.0,0.0,0.0,0.0
P2,R01,training,04,154,0,0.0,0.0,0.0,0.0
P2,R01,training,04,155,0,0.0,0.0,0.0,0.0
P2,R01,training,04,156,0,0.0,0.0,0.0,0.0
P2,R01,training,04,157,0,0.0,0.0,0.0,0.0
P2,R01,training,04,158,0,0.0,0.0,0.0,0.0
P2,R01,training,04,159,0,0.0,0.0,0.0,0.0
P2,R01,training,04,160,0,0.0,0.0,0.0,0.0
P2,R01,training,04,161,0,0.0,0.0,0.0,0.0
P2,R01,training,04,162,0,0.0,0.0,0.0,0.0
P2,R01,training,04,163,0,0.0,0.0,0.0,0.0
P2,R01,training,04,164,0,0.0,0.0,0.0,0.0
P2,R01,training,04,165,0,0.0,0.0,0.0,0.0
P2,R01,training,04,166,0,0.0,0.0,0.0,0.0
P2,R01,training,04,167,0,0.0,0.0,0.0,0.0
P2,R01,training,04,168,0,0.0,0.0,0.0,0.0
P2,R01,training,04,169,0,0.0,0.0,0.0,0.0
P2,R01,training,04,170,0,0.0,0.0,0.0,0.0
P2,R01,training,04,171,0,0.0,0.0,0.0,0.0
P2,R01,training,04,172,0,0.0,0.0,0.0,0.0
P2,R01,training,04,173,0,0.0,0.0,0.0,0.0
P2,R01,training,04,174,0,0.0,0.0,0.0,0.0
P2,R01,training,04,175,0,0.0,0.0,0.0,0.0
P2,R01,training,04,176,0,0.0,0.0,0.0,0.0
P2,R01,training,04,177,0,0.0,0.0,0.0,0.0
P2,R01,training,04,178,0,0.0,0.0,0.0,0.0
P2,R01,training,04,179,0,0.0,0.0,0.0,0.0
P2,R01,training,04,180,0,0.0,0.0,0.0,0.0
P2,R01,training,04,181,0,0.0,0.0,0.0,0.0
P2,R01,training,04,182,0,0.0,0.0,0.0,0.0
P2,R01,training,04,183,0,0.0,0.0,0.0,0.0
P2,R01,training,04,184,0,0.0,0.0,0.0,0.0
P2,R01,training,04,185,0,0.0,0.0,0.0,0.0
P2,R01,training,04,186,0,0.0,0.0,0.0,0.0
P2,R01,training,04,187,0,0.0,0.0,0.0,0.0
P2,R01,training,04,188,0,0.0,0.0,0.0,0.0
P2,R01,training,04,189,0,0.0,0.0,0.0,0.0
P2,R01,training,04,190,0,0.0,0.0,0.0,0.0
P2,R01,training,04,191,0,0.0,0.0,0.0,0.0
P2,R01,training,04,192,0,0.0,0.0,0.0,0.0
P2,R01,training,04,193,0,0.0,0.0,0.0,0.0
P2,R01,training,04,194,0,0.0,0.0,0.0,0.0
P2,R01,training,04,195,0,0.0,0.0,0.0,0.0
P2,R01,training,04,196,0,0.0,0.0,0.0,0.0
P2,R01,training,04,197,0,0.0,0.0,0.0,0.0
P2,R01,training,04,198,0,0.0,0.0,0.0,0.0
P2,R01,training,04,199,0,0.0,0.0,0.0,0.0
P2,R01,training,04,200,0,0.0,0.0,0.0,0.0
P2,R01,training,04,201,0,0.0,0.0,0.0,0.0
P2,R01,training,04,202,0,0.0,0.0,0.0,0.0
P2,R01,training,04,203,0,0.0,0.0,0.0,0.0
P2,R01,training,04,204,0,0.0,0.0,0.0,0.0
P2,R01,training,04,205,0,0.0,0.0,0.0,0.0
P2,R01,training,04,206,0,0.0,0.0,0.0,0.0
P2,R01,training,04,207,0,0.0,0.0,0.0,0.0
P2,R01,training,04,208,0,0.0,0.0,0.0,0.0
P2,R01,training,04,209,0,0.0,0.0,0.0,0.0
P2,R01,training,04,210,0,0.0,0.0,0.0,0.0
P2,R01,training,04,211,0,0.0,0.0,0.0,0.0
P2,R01,training,04,212,0,0.0,0.0,0.0,0.0
P2,R01,training,04,213,0,0.0,0.0,0.0,0.0
P2,R01,training,04,214,0,0.0,0.0,0.0,0.0
P2,R01,training,04,215,0,0.0,0.0,0.0,0.0
P2,R01,training,04,216,0,0.0,0.0,0.0,0.0
P2,R01,training,04,217,0,0.0,0.0,0.0,0.0
P2,R01,training,04,218,0,0.0,0.0,0.0,0.0
P2,R01,training,04,219,0,0.0,0.0,0.0,0.0
P2,R01,training,04,220,0,0.0,0.0,0.0,0.0
P2,R01,training,04,221,0,0.0,0.0,0.0,0.0
P2,R01,training,04,222,0,0.0,0.0,0.0,0.0
P2,R01,training,04,223,0,0.0,0.0,0.0,0.0
P2,R01,training,04,224,0,0.0,0.0,0.0,0.0
P2,R01,training,04,225,0,0.0,0.0,0.0,0.0
P2,R01,training,04,226,0,0.0,0.0,0.0,0.0
P2,R01,training,04,227,0,0.0,0.0,0.0,0.0
P2,R01,training,04,228,0,0.0,0.0,0.0,0.0
P2,R01,training,04,229,0,0.0,0.0,0.0,0.0
P2,R01,training,04,230,0,0.0,0.0,0.0,0.0
P2,R01,training,04,231,0,0.0,0.0,0.0,0.0
P3,R01,training,04,0,0,1.0,1.0,0.4667388030418928,0.2855317765907586
P3,R01,training,04,1,0,1.0,1.0,0.4667388030418928,0.28797179452599225
P3,R01,training,04,2,0,1.0,1.0,0.4667388030418928,0.2904110806108462
P3,R01,training,04,3,0,1.0,1.0,0.4667388030418928,0.29284926456673765
P3,R01,training,04,4,0,1.0,1.0,0.4667388030418928,0.29528597323928835
P3,R01,training,04,5,0,1.0,1.0,0.4667388030418928,0.29772083068556476
P3,R01,training,04,6,0,1.0,1.0,0.4667388030418928,0.30015345826308915
P3,R01,training,04,7,0,1.0,1.0,0.4667388030418928,0.30258347472059455
P3,R01,training,04,8,0,1.0,1.0,0.4667388030418928,0.3050104962904981
P3,R01,training,04,9,0,1.0,1.0,0.4667388030418928,0.30743413678306514
P3,R01,training,04,10,0,1.0,1.0,0.4667388030418928,0.30985400768223564
P3,R01,training,04,11,0,1.0,1.0,0.4667388030418928,0.3122697182430838
P3,R01,training,04,12,0,1.0,1.0,0.4667388030418928,0.3146808755908794
P3,R01,training,04,13,0,1.0,1.0,0.4667388030418928,0.31708708482171966
P3,R01,training,04,14,0,1.0,1.0,0.4667388030418928,0.3194879491046988
P3,R01,training,04,15,0,1.0,1.0,0.4667388030418928,0.32188306978558173
P3,R01,training,04,16,0,1.0,1.0,0.5375513551642637,0.37346986558130446
P3,R01,training,04,17,0,1.0,1.0,0.5375513551642637,0.3762137533162088
P3,R01,training,04,18,0,1.0,1.0,0.5375513551642637,0.3789496372506711
P3,R01,training,04,19,0,1.0,1.0,0.5375513551642637,0.3816770510749273
P3,R01,training,04,20,0,1.0,1.0,0.5375513551642637,0.3843955270007954
P3,R01,training,04,21,0,1.0,1.0,0.5375513551642637,0.38710459589058416
P3,R01,training,04,22,0,1.0,1.0,0.5375513551642637,0.389803787387428
P3,R01,training,04,23,0,1.0,1.0,0.5375513551642637,0.39249263004699997
P3,R01,training,04,24,0,1.0,1.0,0.5375513551642637,0.39517065147055364
P3,R01,training,04,25,0,1.0,1.0,0.5375513551642637,0.39783737843924305
P3,R01,training,04,26,0,1.0,1.0,0.5375513551642637,0.40049233704967047
P3,R01,training,04,27,0,1.0,1.0,0.5375513551642637,0.40313505285060836
P3,R01,training,04,28,0,1.0,1.0,0.5375513551642637,0.4057650509808443
P3,R01,training,04,29,0,1.0,1.0,0.5375513551642637,0.40838185630809204
P3,R01,training,04,30,0,1.0,1.0,0.5375513551642637,0.410984993568916
P3,R01,training,04,31,0,1.0,1.0,0.5375513551642637,0.4135739875096117
P3,R01,training,04,32,0,1.0,1.0,0.6079680953764672,0.47066187301648027
P3,R01,training,04,33,0,1.0,1.0,0.6079680953764672,0.47355640944209737
P3,R01,training,04,34,0,1.0,1.0,0.6079680953764672,0.47643333898313
P3,R01,training,04,35,0,1.0,1.0,0.6079680953764672,0.47929212578658065
P3,R01,training,04,36,0,1.0,1.0,0.6079680953764672,0.48213223482107836
P3,R01,training,04,37,0,1.0,1.0,0.6079680953764672,0.4849531320413231
P3,R01,training,04,38,0,1.0,1.0,0.6079680953764672,0.4877542845531423
P3,R01,training,04,39,0,1.0,1.0,0.6079680953764672,0.49053516077909104
P3,R01,training,04,40,0,1.0,1.0,0.6079680953764672,0.49329523062452374
P3,R01,training,04,41,0,1.0,1.0,0.6079680953764672,0.49603396564406693
P3,R01,training,04,42,0,1.0,1.0,0.6079680953764672,0.4987508392084198
P3,R01,training,04,43,0,1.0,1.0,0.6079680953764672,0.5014453266714107
P3,R01,training,04,44,0,1.0,1.0,0.6079680953764672,0.5041169055372359
P3,R01,training,04,45,0,1.0,1.0,0.6079680953764672,0.5067650556278065
P3,R01,training,04,46,0,1.0,1.0,0.6079680953764672,0.5093892592501309
P3,R01,training,04,47,0,1.0,1.0,0.6079680953764672,0.5119890013636552
P3,R01,training,04,48,0,0.0,0.0,0.6773363065684272,0.5732746931051903
P3,R01,training,04,49,0,0.0,0.0,0.6773363065684272,0.576114848014424
P3,R01,training,04,50,0,0.0,0.0,0.6773363065684272,0.5789260485696129
P3,R01,training,04,51,0,0.0,0.0,0.6773363065684272,0.5817077346457047
P3,R01,training,04,52,0,0.0,0.0,0.6773363065684272,0.5844593500012872
P3,R01,training,04,53,0,0.0,0.0,0.6773363065684272,0.5871803424629877
P3,R01,training,04,54,0,0.0,0.0,0.6773363065684272,0.589870164109235
P3,R01,training,04,55,0,0.0,0.0,0.6773363065684272,0.5925282714533019
P3,R01,training,04,56,0,0.0,0.0,0.6773363065684272,0.5951541256255407
P3,R01,training,04,57,0,0.0,0.0,0.6773363065684272,0.597747192554727
P3,R01,training,04,58,0,0.0,0.0,0.6773363065684272,0.6003069431484274
P3,R01,training,04,59,0,0.0,0.0,0.6773363065684272,0.6028328534723058
P3,R01,training,04,60,0,0.0,0.0,0.6773363065684272,0.6053244049282835
P3,R01,training,04,61,0,0.0,0.0,0.6773363065684272,0.607781084431469
P3,R01,training,04,62,0,0.0,0.0,0.6773363065684272,0.6102023845857717
P3,R01,training,04,63,0,0.0,0.0,0.6773363065684272,0.6125878038581181
P3,R01,training,04,64,0,1.0,1.0,0.6879419697804491,0.6245654655481715
P3,R01,training,04,65,0,1.0,1.0,0.6879419697804491,0.6269138466080844
P3,R01,training,04,66,0,1.0,1.0,0.6879419697804491,0.6292242942840132
P3,R01,training,04,67,0,1.0,1.0,0.6879419697804491,0.6314963247472726
P3,R01,training,04,68,0,1.0,1.0,0.6879419697804491,0.6337294609844528
P3,R01,training,04,69,0,1.0,1.0,0.6879419697804491,0.6359232329640754
P3,R01,training,04,70,0,1.0,1.0,0.6879419697804491,0.6380771778012452
P3,R01,training,04,71,0,1.0,1.0,0.6879419697804491,0.6401908399202191
P3,R01,training,04,72,0,1.0,1.0,0.6879419697804491,0.6422637712148108
P3,R01,training,04,73,0,1.0,1.0,0.6879419697804491,0.6442955312065533
P3,R01,training,04,74,0,1.0,1.0,0.6879419697804491,0.6462856872005392
P3,R01,training,04,75,0,1.0,1.0,0.6879419697804491,0.6482338144388652
P3,R01,training,04,76,0,1.0,1.0,0.6879419697804491,0.650139496251601
P3,R01,training,04,77,0,1.0,1.0,0.6879419697804491,0.6520023242052099
P3,R01,training,04,78,0,1.0,1.0,0.6879419697804491,0.6538218982483464
P3,R01,training,04,79,0,1.0,1.0,0.6879419697804491,0.6555978268549575
P3,R01,training,04,80,0,1.0,1.0,0.6924673044024107,0.6616536921254004
P3,R01,training,04,81,0,1.0,1.0,0.6924673044024107,0.6633522905707573
P3,R01,training,04,82,0,1.0,1.0,0.6924673044024107,0.6650058270584215
P3,R01,training,04,83,0,1.0,1.0,0.6924673044024107,0.6666139431960058
P3,R01,training,04,84,0,1.0,1.0,0.6924673044024107,0.6681762898495286
P3,R01,training,04,85,0,1.0,1.0,0.6924673044024107,0.669692527269708
P3,R01,training,04,86,0,1.0,1.0,0.6924673044024107,0.6711623252150637
P3,R01,training,04,87,0,1.0,1.0,0.6924673044024107,0.6725853630717672
P3,R01,training,04,88,0,1.0,1.0,0.6924673044024107,0.6739613299701784
P3,R01,training,04,89,0,1.0,1.0,0.6924673044024107,0.6752899248980081
P3,R01,training,04,90,0,1.0,1.0,0.6924673044024107,0.6765708568100509
P3,R01,training,04,91,0,1.0,1.0,0.6924673044024107,0.6778038447344308
P3,R01,training,04,92,0,1.0,1.0,0.6924673044024107,0.6789886178753066
P3,R01,training,04,93,0,1.0,1.0,0.6924673044024107,0.6801249157119829
P3,R01,training,04,94,0,1.0,1.0,0.6924673044024107,0.6812124880943772
P3,R01,training,04,95,0,1.0,1.0,0.6924673044024107,0.6822510953347941
P3,R01,training,04,96,0,1.0,1.0,0.6907877870561946,0.681583369716238
P3,R01,training,04,97,0,1.0,1.0,0.6907877870561946,0.6825210900094089
P3,R01,training,04,98,0,1.0,1.0,0.6907877870561946,0.6834093100834429
P3,R01,training,04,99,0,1.0,1.0,0.6907877870561946,0.6842478334202526
P3,R01,training,04,100,0,1.0,1.0,0.6907877870561946,0.6850364743396745
P3,R01,training,04,101,0,1.0,1.0,0.6907877870561946,0.6857750580679934
P3,R01,training,04,102,0,1.0,1.0,0.6907877870561946,0.6864634208024937
P3,R01,training,04,103,0,1.0,1.0,0.6907877870561946,0.6871014097720042
P3,R01,training,04,104,0,1.0,1.0,0.6907877870561946,0.6876888832934049
P3,R01,training,04,105,0,1.0,1.0,0.6907877870561946,0.6882257108240666
P3,R01,training,04,106,0,1.0,1.0,0.6907877870561946,0.6887117730101948
P3,R01,training,04,107,0,1.0,1.0,0.6907877870561946,0.6891469617310574
P3,R01,training,04,108,0,1.0,1.0,0.6907877870561946,0.6895311801390663
P3,R01,training,04,109,0,1.0,1.0,0.6907877870561946,0.6898643426956982
P3,R01,training,04,110,0,1.0,1.0,0.6907877870561946,0.690146375203233
P3,R01,training,04,111,0,1.0,1.0,0.6907877870561946,0.6903772148322929
P3,R01,training,04,112,0,1.0,1.0,0.6829443251377687,0.6827159708246535
P3,R01,training,04,113,0,1.0,1.0,0.6829443251377687,0.6828428249038562
P3,R01,training,04,114,0,1.0,1.0,0.6829443251377687,0.6829189486649379
P3,R01,training,04,115,0,1.0,1.0,0.6829443251377687,0.6829443251377687
P3,R01,training,04,116,0,1.0,1.0,0.6829443251377687,0.6829189486649379
P3,R01,training,04,117,0,1.0,1.0,0.6829443251377687,0.6828428249038562
P3,R01,training,04,118,0,1.0,1.0,0.6829443251377687,0.6827159708246535
P3,R01,training,04,119,0,1.0,1.0,0.6829443251377687,0.6825384147038743
P3,R01,training,04,120,0,1.0,1.0,0.6829443251377687,0.6823101961139725
P3,R01,training,04,121,0,1.0,1.0,0.6829443251377687,0.6820313659086124
P3,R01,training,04,122,0,1.0,1.0,0.6829443251377687,0.6817019862037832
P3,R01,training,04,123,0,1.0,1.0,0.6829443251377687,0.6813221303547367
P3,R01,training,04,124,0,1.0,1.0,0.6829443251377687,0.68089188292876
P3,R01,training,04,125,0,1.0,1.0,0.6829443251377687,0.6804113396737974
P3,R01,training,04,126,0,1.0,1.0,0.6829443251377687,0.6798806074829383
P3,R01,training,04,127,0,1.0,1.0,0.6829443251377687,0.6792998043547894
P3,R01,training,04,128,0,1.0,1.0,0.6161751642825765,0.612317876796144
P3,R01,training,04,129,0,1.0,1.0,0.6161751642825765,0.6117038647522656
P3,R01,training,04,130,0,1.0,1.0,0.6161751642825765,0.6110450561301954
P3,R01,training,04,131,0,1.0,1.0,0.6161751642825765,0.6103415970401679
P3,R01,training,04,132,0,1.0,1.0,0.6161751642825765,0.6095936433784285
P3,R01,training,04,133,0,1.0,1.0,0.6161751642825765,0.6088013607696561
P3,R01,training,04,134,0,1.0,1.0,0.6161751642825765,0.6079649245058392
P3,R01,training,04,135,0,1.0,1.0,0.6161751642825765,0.6070845194816408
P3,R01,training,04,136,0,1.0,1.0,0.6161751642825765,0.6061603401262828
P3,R01,training,04,137,0,1.0,1.0,0.6161751642825765,0.6051925903319886
P3,R01,training,04,138,0,1.0,1.0,0.6161751642825765,0.6041814833790153
P3,R01,training,04,139,0,1.0,1.0,0.6161751642825765,0.603127241857321
P3,R01,training,04,140,0,1.0,1.0,0.6161751642825765,0.602030097584901
P3,R01,training,04,141,0,1.0,1.0,0.6161751642825765,0.6008902915228388
P3,R01,training,04,142,0,1.0,1.0,0.6161751642825765,0.5997080736871144
P3,R01,training,04,143,0,1.0,1.0,0.6161751642825765,0.5984837030572151
P3,R01,training,04,144,0,1.0,1.0,0.5481226725683925,0.5312587108232812
P3,R01,training,04,145,0,1.0,1.0,0.5481226725683925,0.5300952918823116
P3,R01,training,04,146,0,1.0,1.0,0.5481226725683925,0.5288951137631236
P3,R01,training,04,147,0,1.0,1.0,0.5481226725683925,0.5276584378684455
P3,R01,training,04,148,0,1.0,1.0,0.5481226725683925,0.5263855331269086
P3,R01,training,04,149,0,1.0,1.0,0.5481226725683925,0.5250766758956058
P3,R01,training,04,150,0,1.0,1.0,0.5481226725683925,0.5237321498601231
P3,R01,training,04,151,0,1.0,1.0,0.5481226725683925,0.5223522459320987
P3,R01,training,04,152,0,1.0,1.0,0.5481226725683925,0.5209372621443571
P3,R01,training,04,153,0,1.0,1.0,0.5481226725683925,0.5194875035436741
P3,R01,training,04,154,0,1.0,1.0,0.5481226725683925,0.5180032820812256
P3,R01,training,04,155,0,1.0,1.0,0.5481226725683925,0.5164849165007754
P3,R01,training,04,156,0,1.0,1.0,0.5481226725683925,0.514932732224658
P3,R01,training,04,157,0,1.0,1.0,0.5481226725683925,0.5133470612376128
P3,R01,training,04,158,0,1.0,1.0,0.5481226725683925,0.51172824196853
P3,R01,training,04,159,0,1.0,1.0,0.5481226725683925,0.5100766191701638
P3,R01,training,04,160,0,1.0,1.0,0.47937907181063083,0.44463175482014433
P3,R01,training,04,161,0,1.0,1.0,0.47937907181063083,0.4431308199707946
P3,R01,training,04,162,0,1.0,1.0,0.47937907181063083,0.44160213234661716
P3,R01,training,04,163,0,1.0,1.0,0.47937907181063083,0.44004601450000896
P3,R01,training,04,164,0,1.0,1.0,0.47937907181063083,0.4384627939633256
P3,R01,training,04,165,0,1.0,1.0,0.47937907181063083,0.4368528031341468
P3,R01,training,04,166,0,1.0,1.0,0.47937907181063083,0.435216379159145
P3,R01,training,04,167,0,1.0,1.0,0.47937907181063083,0.4335538638166158
P3,R01,training,04,168,0,1.0,1.0,0.47937907181063083,0.4318656033977258
P3,R01,training,04,169,0,1.0,1.0,0.47937907181063083,0.43015194858653594
P3,R01,training,04,170,0,1.0,1.0,0.47937907181063083,0.4284132543388591
P3,R01,training,04,171,0,1.0,1.0,0.47937907181063083,0.4266498797600088
P3,R01,training,04,172,0,1.0,1.0,0.47937907181063083,0.42486218798150027
P3,R01,training,04,173,0,1.0,1.0,0.47937907181063083,0.42305054603676007
P3,R01,training,04,174,0,1.0,1.0,0.47937907181063083,0.42121532473590606
P3,R01,training,04,175,0,1.0,1.0,0.47937907181063083,0.41935689853965613
P3,R01,training,04,176,0,0.0,0.0,0.4635291878977073,0.40367249693121066
P3,R01,training,04,177,0,0.0,0.0,0.4635291878977073,0.4018317409711598
P3,R01,training,04,178,0,0.0,0.0,0.4635291878977073,0.39996965353569114
P3,R01,training,04,179,0,0.0,0.0,0.4635291878977073,0.3980866095901483
P3,R01,training,04,180,0,0.0,0.0,0.4635291878977073,0.3961829870095582
P3,R01,training,04,181,0,0.0,0.0,0.4635291878977073,0.3942591664528749
P3,R01,training,04,182,0,0.0,0.0,0.4635291878977073,0.39231553123678775
P3,R01,training,04,183,0,0.0,0.0,0.4635291878977073,0.39035246720915234
P3,R01,training,04,184,0,0.0,0.0,0.4635291878977073,0.38837036262210295
P3,R01,training,04,185,0,0.0,0.0,0.4635291878977073,0.38636960800490383
P3,R01,training,04,186,0,0.0,0.0,0.4635291878977073,0.38435059603659755
P3,R01,training,04,187,0,0.0,0.0,0.4635291878977073,0.38231372141850795
P3,R01,training,04,188,0,0.0,0.0,0.4635291878977073,0.38025938074665516
P3,R01,training,04,189,0,0.0,0.0,0.4635291878977073,0.37818797238414
P3,R01,training,04,190,0,0.0,0.0,0.4635291878977073,0.37609989633355423
P3,R01,training,04,191,0,0.0,0.0,0.4635291878977073,0.37399555410947394
P3,R01,training,04,192,0,0.0,0.0,0.39095136156156185,0.31364836922151007
P3,R01,training,04,193,0,0.0,0.0,0.39095136156156185,0.31184709971943336
P3,R01,training,04,194,0,0.0,0.0,0.39095136156156185,0.310033133464515
P3,R01,training,04,195,0,0.0,0.0,0.39095136156156185,0.30820681313214193
P3,R01,training,04,196,0,0.0,0.0,0.39095136156156185,0.30636848213792883
P3,R01,training,04,197,0,0.0,0.0,0.39095136156156185,0.30451848453157926
P3,R01,training,04,198,0,0.0,0.0,0.39095136156156185,0.3026571648911402
P3,R01,training,04,199,0,0.0,0.0,0.39095136156156185,0.30078486821769623
P3,R01,training,04,200,0,0.0,0.0,0.39095136156156185,0.2989019398305464
P3,R01,training,04,201,0,0.0,0.0,0.39095136156156185,0.29700872526290806
P3,R01,training,04,202,0,0.0,0.0,0.39095136156156185,0.29510557015818983
P3,R01,training,04,203,0,0.0,0.0,0.39095136156156185,0.29319282016687803
P3,R01,training,04,204,0,0.0,0.0,0.39095136156156185,0.2912708208440762
P3,R01,training,04,205,0,0.0,0.0,0.39095136156156185,0.28933991754774085
P3,R01,training,04,206,0,0.0,0.0,0.39095136156156185,0.287400455337654
P3,R01,training,04,207,0,0.0,0.0,0.39095136156156185,0.2854527788751709
P3,R01,training,04,208,0,0.0,0.0,0.31945407828738737,0.23165118721490646
P3,R01,training,04,209,0,0.0,0.0,0.31945407828738737,0.23004712143875022
P3,R01,training,04,210,0,0.0,0.0,0.31945407828738737,0.22843718576118122
P3,R01,training,04,211,0,0.0,0.0,0.31945407828738737,0.22682165970417917
P3,R01,training,04,212,0,0.0,0.0,0.31945407828738737,0.22520082206519715
P3,R01,training,04,213,0,0.0,0.0,0.31945407828738737,0.22357495083970677
P3,R01,training,04,214,0,0.0,0.0,0.31945407828738737,0.22194432314459087
P3,R01,training,04,215,0,0.0,0.0,0.31945407828738737,0.2203092151424111
P3,R01,training,04,216,0,0.0,0.0,0.31945407828738737,0.21866990196657934
P3,R01,training,04,217,0,0.0,0.0,0.31945407828738737,0.2170266576474577
P3,R01,training,04,218,0,0.0,0.0,0.31945407828738737,0.2153797550394145
P3,R01,training,04,219,0,0.0,0.0,0.31945407828738737,0.21372946574886076
P3,R01,training,04,220,0,0.0,0.0,0.31945407828738737,0.21207606006329235
P3,R01,training,04,221,0,0.0,0.0,0.31945407828738737,0.21041980688136094
P3,R01,training,04,222,0,0.0,0.0,0.31945407828738737,0.2087609736439978
P3,R01,training,04,223,0,0.0,0.0,0.31945407828738737,0.20709982626661214
P3,R01,training,04,224,0,0.0,0.0,0.24972206922698745,0.1605929101985702
P3,R01,training,04,225,0,0.0,0.0,0.24972206922698745,0.1592913668335042
P3,R01,training,04,226,0,0.0,0.0,0.24972206922698745,0.15798863040834712
P3,R01,training,04,227,0,0.0,0.0,0.24972206922698745,0.1566849035104614
P3,R01,training,04,228,0,0.0,0.0,0.24972206922698745,0.15538038728285603
P3,R01,training,04,229,0,0.0,0.0,0.24972206922698745,0.15407528137656257
P3,R01,training,04,230,0,0.0,0.0,0.24972206922698745,0.15276978390395832
P3,R01,training,04,231,0,0.0,0.0,0.24972206922698745,0.15146409139304862
A,R01,training,05,0,0,0.0,0.0,0.0,0.0
A,R01,training,05,1,0,0.0,0.0,0.0,0.0
A,R01,training,05,2,0,0.0,0.0,0.0,0.0
A,R01,training,05,3,0,0.0,0.0,0.0,0.0
A,R01,training,05,4,0,0.0,0.0,0.0,0.0
A,R01,training,05,5,0,0.0,0.0,0.0,0.0
A,R01,training,05,6,0,0.0,0.0,0.0,0.0
A,R01,training,05,7,0,0.0,0.0,0.0,0.0
A,R01,training,05,8,0,0.0,0.0,0.0,0.0
A,R01,training,05,9,0,0.0,0.0,0.0,0.0
A,R01,training,05,10,0,0.0,0.0,0.0,0.0
A,R01,training,05,11,0,0.0,0.0,0.0,0.0
A,R01,training,05,12,0,0.0,0.0,0.0,0.0
A,R01,training,05,13,0,0.0,0.0,0.0,0.0
A,R01,training,05,14,0,0.0,0.0,0.0,0.0
A,R01,training,05,15,0,0.0,0.0,0.0,0.0
A,R01,training,05,16,0,0.0,0.0,0.0,0.0
A,R01,training,05,17,0,0.0,0.0,0.0,0.0
A,R01,training,05,18,0,0.0,0.0,0.0,0.0
A,R01,training,05,19,0,0.0,0.0,0.0,0.0
A,R01,training,05,20,0,0.0,0.0,0.0,0.0
A,R01,training,05,21,0,0.0,0.0,0.0,0.0
A,R01,training,05,22,0,0.0,0.0,0.0,0.0
A,R01,training,05,23,0,0.0,0.0,0.0,0.0
A,R01,training,05,24,0,0.0,0.0,0.0,0.0
A,R01,training,05,25,0,0.0,0.0,0.0,0.0
A,R01,training,05,26,0,0.0,0.0,0.0,0.0
A,R01,training,05,27,0,0.0,0.0,0.0,0.0
A,R01,training,05,28,0,0.0,0.0,0.0,0.0
A,R01,training,05,29,0,0.0,0.0,0.0,0.0
A,R01,training,05,30,0,0.0,0.0,0.0,0.0
A,R01,training,05,31,0,0.0,0.0,0.0,0.0
A,R01,training,05,32,0,0.0,0.0,0.0,0.0
A,R01,training,05,33,0,0.0,0.0,0.0,0.0
A,R01,training,05,34,0,0.0,0.0,0.0,0.0
A,R01,training,05,35,0,0.0,0.0,0.0,0.0
A,R01,training,05,36,0,0.0,0.0,0.0,0.0
A,R01,training,05,37,0,0.0,0.0,0.0,0.0
A,R01,training,05,38,0,0.0,0.0,0.0,0.0
A,R01,training,05,39,0,0.0,0.0,0.0,0.0
A,R01,training,05,40,0,0.0,0.0,0.0,0.0
A,R01,training,05,41,0,0.0,0.0,0.0,0.0
A,R01,training,05,42,0,0.0,0.0,0.0,0.0
A,R01,training,05,43,0,0.0,0.0,0.0,0.0
A,R01,training,05,44,0,0.0,0.0,0.0,0.0
A,R01,training,05,45,0,0.0,0.0,0.0,0.0
A,R01,training,05,46,0,0.0,0.0,0.0,0.0
A,R01,training,05,47,0,0.0,0.0,0.0,0.0
A,R01,training,05,48,0,0.0,0.0,0.0,0.0
A,R01,training,05,49,0,0.0,0.0,0.0,0.0
A,R01,training,05,50,0,0.0,0.0,0.0,0.0
A,R01,training,05,51,0,0.0,0.0,0.0,0.0
A,R01,training,05,52,0,0.0,0.0,0.0,0.0
A,R01,training,05,53,0,0.0,0.0,0.0,0.0
A,R01,training,05,54,0,0.0,0.0,0.0,0.0
A,R01,training,05,55,0,0.0,0.0,0.0,0.0
A,R01,training,05,56,0,0.0,0.0,0.0,0.0
A,R01,training,05,57,0,0.0,0.0,0.0,0.0
A,R01,training,05,58,0,0.0,0.0,0.0,0.0
A,R01,training,05,59,0,0.0,0.0,0.0,0.0
A,R01,training,05,60,0,0.0,0.0,0.0,0.0
A,R01,training,05,61,0,0.0,0.0,0.0,0.0
A,R01,training,05,62,0,0.0,0.0,0.0,0.0
A,R01,training,05,63,0,0.0,0.0,0.0,0.0
A,R01,training,05,64,0,0.0,0.0,0.0,0.0
A,R01,training,05,65,0,0.0,0.0,0.0,0.0
A,R01,training,05,66,0,0.0,0.0,0.0,0.0
A,R01,training,05,67,0,0.0,0.0,0.0,0.0
A,R01,training,05,68,0,0.0,0.0,0.0,0.0
A,R01,training,05,69,0,0.0,0.0,0.0,0.0
A,R01,training,05,70,0,0.0,0.0,0.0,0.0
A,R01,training,05,71,0,0.0,0.0,0.0,0.0
A,R01,training,05,72,0,0.0,0.0,0.0,0.0
A,R01,training,05,73,0,0.0,0.0,0.0,0.0
A,R01,training,05,74,0,0.0,0.0,0.0,0.0
A,R01,training,05,75,0,0.0,0.0,0.0,0.0
A,R01,training,05,76,0,0.0,0.0,0.0,0.0
A,R01,training,05,77,0,0.0,0.0,0.0,0.0
A,R01,training,05,78,0,0.0,0.0,0.0,0.0
A,R01,training,05,79,0,0.0,0.0,0.0,0.0
A,R01,training,05,80,0,0.0,0.0,0.0,0.0
A,R01,training,05,81,0,0.0,0.0,0.0,0.0
A,R01,training,05,82,0,0.0,0.0,0.0,0.0
A,R01,training,05,83,0,0.0,0.0,0.0,0.0
A,R01,training,05,84,0,0.0,0.0,0.0,0.0
A,R01,training,05,85,0,0.0,0.0,0.0,0.0
A,R01,training,05,86,0,0.0,0.0,0.0,0.0
A,R01,training,05,87,0,0.0,0.0,0.0,0.0
A,R01,training,05,88,0,0.0,0.0,0.0,0.0
A,R01,training,05,89,0,0.0,0.0,0.0,0.0
A,R01,training,05,90,0,0.0,0.0,0.0,0.0
A,R01,training,05,91,0,0.0,0.0,0.0,0.0
A,R01,training,05,92,0,0.0,0.0,0.0,0.0
A,R01,training,05,93,0,0.0,0.0,0.0,0.0
A,R01,training,05,94,0,0.0,0.0,0.0,0.0
A,R01,training,05,95,0,0.0,0.0,0.0,0.0
A,R01,training,05,96,0,0.0,0.0,0.0,0.0
A,R01,training,05,97,0,0.0,0.0,0.0,0.0
A,R01,training,05,98,0,0.0,0.0,0.0,0.0
A,R01,training,05,99,0,0.0,0.0,0.0,0.0
A,R01,training,05,100,0,0.0,0.0,0.0,0.0
A,R01,training,05,101,0,0.0,0.0,0.0,0.0
A,R01,training,05,102,0,0.0,0.0,0.0,0.0
A,R01,training,05,103,0,0.0,0.0,0.0,0.0
A,R01,training,05,104,0,0.0,0.0,0.0,0.0
A,R01,training,05,105,0,0.0,0.0,0.0,0.0
A,R01,training,05,106,0,0.0,0.0,0.0,0.0
A,R01,training,05,107,0,0.0,0.0,0.0,0.0
A,R01,training,05,108,0,0.0,0.0,0.0,0.0
A,R01,training,05,109,0,0.0,0.0,0.0,0.0
A,R01,training,05,110,0,0.0,0.0,0.0,0.0
A,R01,training,05,111,0,0.0,0.0,0.0,0.0
A,R01,training,05,112,0,0.0,0.0,0.0,0.0
A,R01,training,05,113,0,0.0,0.0,0.0,0.0
A,R01,training,05,114,0,0.0,0.0,0.0,0.0
A,R01,training,05,115,0,0.0,0.0,0.0,0.0
A,R01,training,05,116,0,0.0,0.0,0.0,0.0
A,R01,training,05,117,0,0.0,0.0,0.0,0.0
A,R01,training,05,118,0,0.0,0.0,0.0,0.0
A,R01,training,05,119,0,0.0,0.0,0.0,0.0
A,R01,training,05,120,0,0.0,0.0,0.0,0.0
A,R01,training,05,121,0,0.0,0.0,0.0,0.0
A,R01,training,05,122,0,0.0,0.0,0.0,0.0
A,R01,training,05,123,0,0.0,0.0,0.0,0.0
A,R01,training,05,124,0,0.0,0.0,0.0,0.0
A,R01,training,05,125,0,0.0,0.0,0.0,0.0
A,R01,training,05,126,0,0.0,0.0,0.0,0.0
A,R01,training,05,127,0,0.0,0.0,0.0,0.0
A,R01,training,05,128,0,0.0,0.0,0.0,0.0
A,R01,training,05,129,0,0.0,0.0,0.0,0.0
A,R01,training,05,130,0,0.0,0.0,0.0,0.0
A,R01,training,05,131,0,0.0,0.0,0.0,0.0
A,R01,training,05,132,0,0.0,0.0,0.0,0.0
A,R01,training,05,133,0,0.0,0.0,0.0,0.0
A,R01,training,05,134,0,0.0,0.0,0.0,0.0
A,R01,training,05,135,0,0.0,0.0,0.0,0.0
A,R01,training,05,136,0,0.0,0.0,0.0,0.0
A,R01,training,05,137,0,0.0,0.0,0.0,0.0
A,R01,training,05,138,0,0.0,0.0,0.0,0.0
A,R01,training,05,139,0,0.0,0.0,0.0,0.0
A,R01,training,05,140,0,0.0,0.0,0.0,0.0
A,R01,training,05,141,0,0.0,0.0,0.0,0.0
A,R01,training,05,142,0,0.0,0.0,0.0,0.0
A,R01,training,05,143,0,0.0,0.0,0.0,0.0
A,R01,training,05,144,0,0.0,0.0,0.0,0.0
A,R01,training,05,145,0,0.0,0.0,0.0,0.0
A,R01,training,05,146,0,0.0,0.0,0.0,0.0
A,R01,training,05,147,0,0.0,0.0,0.0,0.0
A,R01,training,05,148,0,0.0,0.0,0.0,0.0
A,R01,training,05,149,0,0.0,0.0,0.0,0.0
A,R01,training,05,150,0,0.0,0.0,0.0,0.0
A,R01,training,05,151,0,0.0,0.0,0.0,0.0
A,R01,training,05,152,0,0.0,0.0,0.0,0.0
A,R01,training,05,153,0,0.0,0.0,0.0,0.0
A,R01,training,05,154,0,0.0,0.0,0.0,0.0
A,R01,training,05,155,0,0.0,0.0,0.0,0.0
A,R01,training,05,156,0,0.0,0.0,0.0,0.0
A,R01,training,05,157,0,0.0,0.0,0.0,0.0
A,R01,training,05,158,0,0.0,0.0,0.0,0.0
A,R01,training,05,159,0,0.0,0.0,0.0,0.0
A,R01,training,05,160,0,0.0,0.0,0.0,0.0
A,R01,training,05,161,0,0.0,0.0,0.0,0.0
A,R01,training,05,162,0,0.0,0.0,0.0,0.0
A,R01,training,05,163,0,0.0,0.0,0.0,0.0
A,R01,training,05,164,0,0.0,0.0,0.0,0.0
A,R01,training,05,165,0,0.0,0.0,0.0,0.0
A,R01,training,05,166,0,0.0,0.0,0.0,0.0
A,R01,training,05,167,0,0.0,0.0,0.0,0.0
A,R01,training,05,168,0,0.0,0.0,0.0,0.0
A,R01,training,05,169,0,0.0,0.0,0.0,0.0
A,R01,training,05,170,0,0.0,0.0,0.0,0.0
A,R01,training,05,171,0,0.0,0.0,0.0,0.0
A,R01,training,05,172,0,0.0,0.0,0.0,0.0
A,R01,training,05,173,0,0.0,0.0,0.0,0.0
A,R01,training,05,174,0,0.0,0.0,0.0,0.0
A,R01,training,05,175,0,0.0,0.0,0.0,0.0
A,R01,training,05,176,0,0.0,0.0,0.0,0.0
A,R01,training,05,177,0,0.0,0.0,0.0,0.0
A,R01,training,05,178,0,0.0,0.0,0.0,0.0
A,R01,training,05,179,0,0.0,0.0,0.0,0.0
A,R01,training,05,180,0,0.0,0.0,0.0,0.0
A,R01,training,05,181,0,0.0,0.0,0.0,0.0
A,R01,training,05,182,0,0.0,0.0,0.0,0.0
A,R01,training,05,183,0,0.0,0.0,0.0,0.0
A,R01,training,05,184,0,0.0,0.0,0.0,0.0
A,R01,training,05,185,0,0.0,0.0,0.0,0.0
A,R01,training,05,186,0,0.0,0.0,0.0,0.0
A,R01,training,05,187,0,0.0,0.0,0.0,0.0
A,R01,training,05,188,0,0.0,0.0,0.0,0.0
A,R01,training,05,189,0,0.0,0.0,0.0,0.0
A,R01,training,05,190,0,0.0,0.0,0.0,0.0
A,R01,training,05,191,0,0.0,0.0,0.0,0.0
A,R01,training,05,192,0,0.0,0.0,0.0,0.0
A,R01,training,05,193,0,0.0,0.0,0.0,0.0
A,R01,training,05,194,0,0.0,0.0,0.0,0.0
A,R01,training,05,195,0,0.0,0.0,0.0,0.0
A,R01,training,05,196,0,0.0,0.0,0.0,0.0
A,R01,training,05,197,0,0.0,0.0,0.0,0.0
A,R01,training,05,198,0,0.0,0.0,0.0,0.0
A,R01,training,05,199,0,0.0,0.0,0.0,0.0
A,R01,training,05,200,0,0.0,0.0,0.0,0.0
A,R01,training,05,201,0,0.0,0.0,0.0,0.0
A,R01,training,05,202,0,0.0,0.0,0.0,0.0
A,R01,training,05,203,0,0.0,0.0,0.0,0.0
A,R01,training,05,204,0,0.0,0.0,0.0,0.0
A,R01,training,05,205,0,0.0,0.0,0.0,0.0
A,R01,training,05,206,0,0.0,0.0,0.0,0.0
A,R01,training,05,207,0,0.0,0.0,0.0,0.0
A,R01,training,05,208,0,0.0,0.0,0.0,0.0
A,R01,training,05,209,0,0.0,0.0,0.0,0.0
A,R01,training,05,210,0,0.0,0.0,0.0,0.0
A,R01,training,05,211,0,0.0,0.0,0.0,0.0
A,R01,training,05,212,0,0.0,0.0,0.0,0.0
A,R01,training,05,213,0,0.0,0.0,0.0,0.0
A,R01,training,05,214,0,0.0,0.0,0.0,0.0
A,R01,training,05,215,0,0.0,0.0,0.0,0.0
A,R01,training,05,216,0,0.0,0.0,0.0,0.0
A,R01,training,05,217,0,0.0,0.0,0.0,0.0
A,R01,training,05,218,0,0.0,0.0,0.0,0.0
A,R01,training,05,219,0,0.0,0.0,0.0,0.0
A,R01,training,05,220,0,0.0,0.0,0.0,0.0
A,R01,training,05,221,0,0.0,0.0,0.0,0.0
A,R01,training,05,222,0,0.0,0.0,0.0,0.0
A,R01,training,05,223,0,0.0,0.0,0.0,0.0
A,R01,training,05,224,0,0.0,0.0,0.0,0.0
A,R01,training,05,225,0,0.0,0.0,0.0,0.0
A,R01,training,05,226,0,0.0,0.0,0.0,0.0
A,R01,training,05,227,0,0.0,0.0,0.0,0.0
A,R01,training,05,228,0,0.0,0.0,0.0,0.0
A,R01,training,05,229,0,0.0,0.0,0.0,0.0
A,R01,training,05,230,0,0.0,0.0,0.0,0.0
A,R01,training,05,231,0,0.0,0.0,0.0,0.0
A,R01,training,05,232,0,0.0,0.0,0.0,0.0
B,R01,training,05,0,0,0.0,0.0,0.0,0.0
B,R01,training,05,1,0,0.0,0.0,0.0,0.0
B,R01,training,05,2,0,0.0,0.0,0.0,0.0
B,R01,training,05,3,0,0.0,0.0,0.0,0.0
B,R01,training,05,4,0,0.0,0.0,0.0,0.0
B,R01,training,05,5,0,0.0,0.0,0.0,0.0
B,R01,training,05,6,0,0.0,0.0,0.0,0.0
B,R01,training,05,7,0,0.0,0.0,0.0,0.0
B,R01,training,05,8,0,0.0,0.0,0.0,0.0
B,R01,training,05,9,0,0.0,0.0,0.0,0.0
B,R01,training,05,10,0,0.0,0.0,0.0,0.0
B,R01,training,05,11,0,0.0,0.0,0.0,0.0
B,R01,training,05,12,0,0.0,0.0,0.0,0.0
B,R01,training,05,13,0,0.0,0.0,0.0,0.0
B,R01,training,05,14,0,0.0,0.0,0.0,0.0
B,R01,training,05,15,0,0.0,0.0,0.0,0.0
B,R01,training,05,16,0,0.0,0.0,0.0,0.0
B,R01,training,05,17,0,0.0,0.0,0.0,0.0
B,R01,training,05,18,0,0.0,0.0,0.0,0.0
B,R01,training,05,19,0,0.0,0.0,0.0,0.0
B,R01,training,05,20,0,0.0,0.0,0.0,0.0
B,R01,training,05,21,0,0.0,0.0,0.0,0.0
B,R01,training,05,22,0,0.0,0.0,0.0,0.0
B,R01,training,05,23,0,0.0,0.0,0.0,0.0
B,R01,training,05,24,0,0.0,0.0,0.0,0.0
B,R01,training,05,25,0,0.0,0.0,0.0,0.0
B,R01,training,05,26,0,0.0,0.0,0.0,0.0
B,R01,training,05,27,0,0.0,0.0,0.0,0.0
B,R01,training,05,28,0,0.0,0.0,0.0,0.0
B,R01,training,05,29,0,0.0,0.0,0.0,0.0
B,R01,training,05,30,0,0.0,0.0,0.0,0.0
B,R01,training,05,31,0,0.0,0.0,0.0,0.0
B,R01,training,05,32,0,0.0,0.0,0.0,0.0
B,R01,training,05,33,0,0.0,0.0,0.0,0.0
B,R01,training,05,34,0,0.0,0.0,0.0,0.0
B,R01,training,05,35,0,0.0,0.0,0.0,0.0
B,R01,training,05,36,0,0.0,0.0,0.0,0.0
B,R01,training,05,37,0,0.0,0.0,0.0,0.0
B,R01,training,05,38,0,0.0,0.0,0.0,0.0
B,R01,training,05,39,0,0.0,0.0,0.0,0.0
B,R01,training,05,40,0,0.0,0.0,0.0,0.0
B,R01,training,05,41,0,0.0,0.0,0.0,0.0
B,R01,training,05,42,0,0.0,0.0,0.0,0.0
B,R01,training,05,43,0,0.0,0.0,0.0,0.0
B,R01,training,05,44,0,0.0,0.0,0.0,0.0
B,R01,training,05,45,0,0.0,0.0,0.0,0.0
B,R01,training,05,46,0,0.0,0.0,0.0,0.0
B,R01,training,05,47,0,0.0,0.0,0.0,0.0
B,R01,training,05,48,0,0.0,0.0,0.0,0.0
B,R01,training,05,49,0,0.0,0.0,0.0,0.0
B,R01,training,05,50,0,0.0,0.0,0.0,0.0
B,R01,training,05,51,0,0.0,0.0,0.0,0.0
B,R01,training,05,52,0,0.0,0.0,0.0,0.0
B,R01,training,05,53,0,0.0,0.0,0.0,0.0
B,R01,training,05,54,0,0.0,0.0,0.0,0.0
B,R01,training,05,55,0,0.0,0.0,0.0,0.0
B,R01,training,05,56,0,0.0,0.0,0.0,0.0
B,R01,training,05,57,0,0.0,0.0,0.0,0.0
B,R01,training,05,58,0,0.0,0.0,0.0,0.0
B,R01,training,05,59,0,0.0,0.0,0.0,0.0
B,R01,training,05,60,0,0.0,0.0,0.0,0.0
B,R01,training,05,61,0,0.0,0.0,0.0,0.0
B,R01,training,05,62,0,0.0,0.0,0.0,0.0
B,R01,training,05,63,0,0.0,0.0,0.0,0.0
B,R01,training,05,64,0,0.0,0.0,0.0,0.0
B,R01,training,05,65,0,0.0,0.0,0.0,0.0
B,R01,training,05,66,0,0.0,0.0,0.0,0.0
B,R01,training,05,67,0,0.0,0.0,0.0,0.0
B,R01,training,05,68,0,0.0,0.0,0.0,0.0
B,R01,training,05,69,0,0.0,0.0,0.0,0.0
B,R01,training,05,70,0,0.0,0.0,0.0,0.0
B,R01,training,05,71,0,0.0,0.0,0.0,0.0
B,R01,training,05,72,0,0.0,0.0,0.0,0.0
B,R01,training,05,73,0,0.0,0.0,0.0,0.0
B,R01,training,05,74,0,0.0,0.0,0.0,0.0
B,R01,training,05,75,0,0.0,0.0,0.0,0.0
B,R01,training,05,76,0,0.0,0.0,0.0,0.0
B,R01,training,05,77,0,0.0,0.0,0.0,0.0
B,R01,training,05,78,0,0.0,0.0,0.0,0.0
B,R01,training,05,79,0,0.0,0.0,0.0,0.0
B,R01,training,05,80,0,0.0,0.0,0.0,0.0
B,R01,training,05,81,0,0.0,0.0,0.0,0.0
B,R01,training,05,82,0,0.0,0.0,0.0,0.0
B,R01,training,05,83,0,0.0,0.0,0.0,0.0
B,R01,training,05,84,0,0.0,0.0,0.0,0.0
B,R01,training,05,85,0,0.0,0.0,0.0,0.0
B,R01,training,05,86,0,0.0,0.0,0.0,0.0
B,R01,training,05,87,0,0.0,0.0,0.0,0.0
B,R01,training,05,88,0,0.0,0.0,0.0,0.0
B,R01,training,05,89,0,0.0,0.0,0.0,0.0
B,R01,training,05,90,0,0.0,0.0,0.0,0.0
B,R01,training,05,91,0,0.0,0.0,0.0,0.0
B,R01,training,05,92,0,0.0,0.0,0.0,0.0
B,R01,training,05,93,0,0.0,0.0,0.0,0.0
B,R01,training,05,94,0,0.0,0.0,0.0,0.0
B,R01,training,05,95,0,0.0,0.0,0.0,0.0
B,R01,training,05,96,0,0.0,0.0,0.0,0.0
B,R01,training,05,97,0,0.0,0.0,0.0,0.0
B,R01,training,05,98,0,0.0,0.0,0.0,0.0
B,R01,training,05,99,0,0.0,0.0,0.0,0.0
B,R01,training,05,100,0,0.0,0.0,0.0,0.0
B,R01,training,05,101,0,0.0,0.0,0.0,0.0
B,R01,training,05,102,0,0.0,0.0,0.0,0.0
B,R01,training,05,103,0,0.0,0.0,0.0,0.0
B,R01,training,05,104,0,0.0,0.0,0.0,0.0
B,R01,training,05,105,0,0.0,0.0,0.0,0.0
B,R01,training,05,106,0,0.0,0.0,0.0,0.0
B,R01,training,05,107,0,0.0,0.0,0.0,0.0
B,R01,training,05,108,0,0.0,0.0,0.0,0.0
B,R01,training,05,109,0,0.0,0.0,0.0,0.0
B,R01,training,05,110,0,0.0,0.0,0.0,0.0
B,R01,training,05,111,0,0.0,0.0,0.0,0.0
B,R01,training,05,112,0,0.0,0.0,0.0,0.0
B,R01,training,05,113,0,0.0,0.0,0.0,0.0
B,R01,training,05,114,0,0.0,0.0,0.0,0.0
B,R01,training,05,115,0,0.0,0.0,0.0,0.0
B,R01,training,05,116,0,0.0,0.0,0.0,0.0
B,R01,training,05,117,0,0.0,0.0,0.0,0.0
B,R01,training,05,118,0,0.0,0.0,0.0,0.0
B,R01,training,05,119,0,0.0,0.0,0.0,0.0
B,R01,training,05,120,0,0.0,0.0,0.0,0.0
B,R01,training,05,121,0,0.0,0.0,0.0,0.0
B,R01,training,05,122,0,0.0,0.0,0.0,0.0
B,R01,training,05,123,0,0.0,0.0,0.0,0.0
B,R01,training,05,124,0,0.0,0.0,0.0,0.0
B,R01,training,05,125,0,0.0,0.0,0.0,0.0
B,R01,training,05,126,0,0.0,0.0,0.0,0.0
B,R01,training,05,127,0,0.0,0.0,0.0,0.0
B,R01,training,05,128,0,0.0,0.0,0.0,0.0
B,R01,training,05,129,0,0.0,0.0,0.0,0.0
B,R01,training,05,130,0,0.0,0.0,0.0,0.0
B,R01,training,05,131,0,0.0,0.0,0.0,0.0
B,R01,training,05,132,0,0.0,0.0,0.0,0.0
B,R01,training,05,133,0,0.0,0.0,0.0,0.0
B,R01,training,05,134,0,0.0,0.0,0.0,0.0
B,R01,training,05,135,0,0.0,0.0,0.0,0.0
B,R01,training,05,136,0,0.0,0.0,0.0,0.0
B,R01,training,05,137,0,0.0,0.0,0.0,0.0
B,R01,training,05,138,0,0.0,0.0,0.0,0.0
B,R01,training,05,139,0,0.0,0.0,0.0,0.0
B,R01,training,05,140,0,0.0,0.0,0.0,0.0
B,R01,training,05,141,0,0.0,0.0,0.0,0.0
B,R01,training,05,142,0,0.0,0.0,0.0,0.0
B,R01,training,05,143,0,0.0,0.0,0.0,0.0
B,R01,training,05,144,0,0.0,0.0,0.0,0.0
B,R01,training,05,145,0,0.0,0.0,0.0,0.0
B,R01,training,05,146,0,0.0,0.0,0.0,0.0
B,R01,training,05,147,0,0.0,0.0,0.0,0.0
B,R01,training,05,148,0,0.0,0.0,0.0,0.0
B,R01,training,05,149,0,0.0,0.0,0.0,0.0
B,R01,training,05,150,0,0.0,0.0,0.0,0.0
B,R01,training,05,151,0,0.0,0.0,0.0,0.0
B,R01,training,05,152,0,0.0,0.0,0.0,0.0
B,R01,training,05,153,0,0.0,0.0,0.0,0.0
B,R01,training,05,154,0,0.0,0.0,0.0,0.0
B,R01,training,05,155,0,0.0,0.0,0.0,0.0
B,R01,training,05,156,0,0.0,0.0,0.0,0.0
B,R01,training,05,157,0,0.0,0.0,0.0,0.0
B,R01,training,05,158,0,0.0,0.0,0.0,0.0
B,R01,training,05,159,0,0.0,0.0,0.0,0.0
B,R01,training,05,160,0,0.0,0.0,0.0,0.0
B,R01,training,05,161,0,0.0,0.0,0.0,0.0
B,R01,training,05,162,0,0.0,0.0,0.0,0.0
B,R01,training,05,163,0,0.0,0.0,0.0,0.0
B,R01,training,05,164,0,0.0,0.0,0.0,0.0
B,R01,training,05,165,0,0.0,0.0,0.0,0.0
B,R01,training,05,166,0,0.0,0.0,0.0,0.0
B,R01,training,05,167,0,0.0,0.0,0.0,0.0
B,R01,training,05,168,0,0.0,0.0,0.0,0.0
B,R01,training,05,169,0,0.0,0.0,0.0,0.0
B,R01,training,05,170,0,0.0,0.0,0.0,0.0
B,R01,training,05,171,0,0.0,0.0,0.0,0.0
B,R01,training,05,172,0,0.0,0.0,0.0,0.0
B,R01,training,05,173,0,0.0,0.0,0.0,0.0
B,R01,training,05,174,0,0.0,0.0,0.0,0.0
B,R01,training,05,175,0,0.0,0.0,0.0,0.0
B,R01,training,05,176,0,0.0,0.0,0.0,0.0
B,R01,training,05,177,0,0.0,0.0,0.0,0.0
B,R01,training,05,178,0,0.0,0.0,0.0,0.0
B,R01,training,05,179,0,0.0,0.0,0.0,0.0
B,R01,training,05,180,0,0.0,0.0,0.0,0.0
B,R01,training,05,181,0,0.0,0.0,0.0,0.0
B,R01,training,05,182,0,0.0,0.0,0.0,0.0
B,R01,training,05,183,0,0.0,0.0,0.0,0.0
B,R01,training,05,184,0,0.0,0.0,0.0,0.0
B,R01,training,05,185,0,0.0,0.0,0.0,0.0
B,R01,training,05,186,0,0.0,0.0,0.0,0.0
B,R01,training,05,187,0,0.0,0.0,0.0,0.0
B,R01,training,05,188,0,0.0,0.0,0.0,0.0
B,R01,training,05,189,0,0.0,0.0,0.0,0.0
B,R01,training,05,190,0,0.0,0.0,0.0,0.0
B,R01,training,05,191,0,0.0,0.0,0.0,0.0
B,R01,training,05,192,0,0.0,0.0,0.0,0.0
B,R01,training,05,193,0,0.0,0.0,0.0,0.0
B,R01,training,05,194,0,0.0,0.0,0.0,0.0
B,R01,training,05,195,0,0.0,0.0,0.0,0.0
B,R01,training,05,196,0,0.0,0.0,0.0,0.0
B,R01,training,05,197,0,0.0,0.0,0.0,0.0
B,R01,training,05,198,0,0.0,0.0,0.0,0.0
B,R01,training,05,199,0,0.0,0.0,0.0,0.0
B,R01,training,05,200,0,0.0,0.0,0.0,0.0
B,R01,training,05,201,0,0.0,0.0,0.0,0.0
B,R01,training,05,202,0,0.0,0.0,0.0,0.0
B,R01,training,05,203,0,0.0,0.0,0.0,0.0
B,R01,training,05,204,0,0.0,0.0,0.0,0.0
B,R01,training,05,205,0,0.0,0.0,0.0,0.0
B,R01,training,05,206,0,0.0,0.0,0.0,0.0
B,R01,training,05,207,0,0.0,0.0,0.0,0.0
B,R01,training,05,208,0,0.0,0.0,0.0,0.0
B,R01,training,05,209,0,0.0,0.0,0.0,0.0
B,R01,training,05,210,0,0.0,0.0,0.0,0.0
B,R01,training,05,211,0,0.0,0.0,0.0,0.0
B,R01,training,05,212,0,0.0,0.0,0.0,0.0
B,R01,training,05,213,0,0.0,0.0,0.0,0.0
B,R01,training,05,214,0,0.0,0.0,0.0,0.0
B,R01,training,05,215,0,0.0,0.0,0.0,0.0
B,R01,training,05,216,0,0.0,0.0,0.0,0.0
B,R01,training,05,217,0,0.0,0.0,0.0,0.0
B,R01,training,05,218,0,0.0,0.0,0.0,0.0
B,R01,training,05,219,0,0.0,0.0,0.0,0.0
B,R01,training,05,220,0,0.0,0.0,0.0,0.0
B,R01,training,05,221,0,0.0,0.0,0.0,0.0
B,R01,training,05,222,0,0.0,0.0,0.0,0.0
B,R01,training,05,223,0,0.0,0.0,0.0,0.0
B,R01,training,05,224,0,0.0,0.0,0.0,0.0
B,R01,training,05,225,0,0.0,0.0,0.0,0.0
B,R01,training,05,226,0,0.0,0.0,0.0,0.0
B,R01,training,05,227,0,0.0,0.0,0.0,0.0
B,R01,training,05,228,0,0.0,0.0,0.0,0.0
B,R01,training,05,229,0,0.0,0.0,0.0,0.0
B,R01,training,05,230,0,0.0,0.0,0.0,0.0
B,R01,training,05,231,0,0.0,0.0,0.0,0.0
B,R01,training,05,232,0,0.0,0.0,0.0,0.0
C,R01,training,05,0,0,0.0,0.0,0.0,0.0
C,R01,training,05,1,0,0.0,0.0,0.0,0.0
C,R01,training,05,2,0,0.0,0.0,0.0,0.0
C,R01,training,05,3,0,0.0,0.0,0.0,0.0
C,R01,training,05,4,0,0.0,0.0,0.0,0.0
C,R01,training,05,5,0,0.0,0.0,0.0,0.0
C,R01,training,05,6,0,0.0,0.0,0.0,0.0
C,R01,training,05,7,0,0.0,0.0,0.0,0.0
C,R01,training,05,8,0,0.0,0.0,0.0,0.0
C,R01,training,05,9,0,0.0,0.0,0.0,0.0
C,R01,training,05,10,0,0.0,0.0,0.0,0.0
C,R01,training,05,11,0,0.0,0.0,0.0,0.0
C,R01,training,05,12,0,0.0,0.0,0.0,0.0
C,R01,training,05,13,0,0.0,0.0,0.0,0.0
C,R01,training,05,14,0,0.0,0.0,0.0,0.0
C,R01,training,05,15,0,0.0,0.0,0.0,0.0
C,R01,training,05,16,0,0.0,0.0,0.0,0.0
C,R01,training,05,17,0,0.0,0.0,0.0,0.0
C,R01,training,05,18,0,0.0,0.0,0.0,0.0
C,R01,training,05,19,0,0.0,0.0,0.0,0.0
C,R01,training,05,20,0,0.0,0.0,0.0,0.0
C,R01,training,05,21,0,0.0,0.0,0.0,0.0
C,R01,training,05,22,0,0.0,0.0,0.0,0.0
C,R01,training,05,23,0,0.0,0.0,0.0,0.0
C,R01,training,05,24,0,0.0,0.0,0.0,0.0
C,R01,training,05,25,0,0.0,0.0,0.0,0.0
C,R01,training,05,26,0,0.0,0.0,0.0,0.0
C,R01,training,05,27,0,0.0,0.0,0.0,0.0
C,R01,training,05,28,0,0.0,0.0,0.0,0.0
C,R01,training,05,29,0,0.0,0.0,0.0,0.0
C,R01,training,05,30,0,0.0,0.0,0.0,0.0
C,R01,training,05,31,0,0.0,0.0,0.0,0.0
C,R01,training,05,32,0,0.0,0.0,0.0,0.0
C,R01,training,05,33,0,0.0,0.0,0.0,0.0
C,R01,training,05,34,0,0.0,0.0,0.0,0.0
C,R01,training,05,35,0,0.0,0.0,0.0,0.0
C,R01,training,05,36,0,0.0,0.0,0.0,0.0
C,R01,training,05,37,0,0.0,0.0,0.0,0.0
C,R01,training,05,38,0,0.0,0.0,0.0,0.0
C,R01,training,05,39,0,0.0,0.0,0.0,0.0
C,R01,training,05,40,0,0.0,0.0,0.0,0.0
C,R01,training,05,41,0,0.0,0.0,0.0,0.0
C,R01,training,05,42,0,0.0,0.0,0.0,0.0
C,R01,training,05,43,0,0.0,0.0,0.0,0.0
C,R01,training,05,44,0,0.0,0.0,0.0,0.0
C,R01,training,05,45,0,0.0,0.0,0.0,0.0
C,R01,training,05,46,0,0.0,0.0,0.0,0.0
C,R01,training,05,47,0,0.0,0.0,0.0,0.0
C,R01,training,05,48,0,0.0,0.0,0.0,0.0
C,R01,training,05,49,0,0.0,0.0,0.0,0.0
C,R01,training,05,50,0,0.0,0.0,0.0,0.0
C,R01,training,05,51,0,0.0,0.0,0.0,0.0
C,R01,training,05,52,0,0.0,0.0,0.0,0.0
C,R01,training,05,53,0,0.0,0.0,0.0,0.0
C,R01,training,05,54,0,0.0,0.0,0.0,0.0
C,R01,training,05,55,0,0.0,0.0,0.0,0.0
C,R01,training,05,56,0,0.0,0.0,0.0,0.0
C,R01,training,05,57,0,0.0,0.0,0.0,0.0
C,R01,training,05,58,0,0.0,0.0,0.0,0.0
C,R01,training,05,59,0,0.0,0.0,0.0,0.0
C,R01,training,05,60,0,0.0,0.0,0.0,0.0
C,R01,training,05,61,0,0.0,0.0,0.0,0.0
C,R01,training,05,62,0,0.0,0.0,0.0,0.0
C,R01,training,05,63,0,0.0,0.0,0.0,0.0
C,R01,training,05,64,0,0.0,0.0,0.0,0.0
C,R01,training,05,65,0,0.0,0.0,0.0,0.0
C,R01,training,05,66,0,0.0,0.0,0.0,0.0
C,R01,training,05,67,0,0.0,0.0,0.0,0.0
C,R01,training,05,68,0,0.0,0.0,0.0,0.0
C,R01,training,05,69,0,0.0,0.0,0.0,0.0
C,R01,training,05,70,0,0.0,0.0,0.0,0.0
C,R01,training,05,71,0,0.0,0.0,0.0,0.0
C,R01,training,05,72,0,0.0,0.0,0.0,0.0
C,R01,training,05,73,0,0.0,0.0,0.0,0.0
C,R01,training,05,74,0,0.0,0.0,0.0,0.0
C,R01,training,05,75,0,0.0,0.0,0.0,0.0
C,R01,training,05,76,0,0.0,0.0,0.0,0.0
C,R01,training,05,77,0,0.0,0.0,0.0,0.0
C,R01,training,05,78,0,0.0,0.0,0.0,0.0
C,R01,training,05,79,0,0.0,0.0,0.0,0.0
C,R01,training,05,80,0,0.0,0.0,0.0,0.0
C,R01,training,05,81,0,0.0,0.0,0.0,0.0
C,R01,training,05,82,0,0.0,0.0,0.0,0.0
C,R01,training,05,83,0,0.0,0.0,0.0,0.0
C,R01,training,05,84,0,0.0,0.0,0.0,0.0
C,R01,training,05,85,0,0.0,0.0,0.0,0.0
C,R01,training,05,86,0,0.0,0.0,0.0,0.0
C,R01,training,05,87,0,0.0,0.0,0.0,0.0
C,R01,training,05,88,0,0.0,0.0,0.0,0.0
C,R01,training,05,89,0,0.0,0.0,0.0,0.0
C,R01,training,05,90,0,0.0,0.0,0.0,0.0
C,R01,training,05,91,0,0.0,0.0,0.0,0.0
C,R01,training,05,92,0,0.0,0.0,0.0,0.0
C,R01,training,05,93,0,0.0,0.0,0.0,0.0
C,R01,training,05,94,0,0.0,0.0,0.0,0.0
C,R01,training,05,95,0,0.0,0.0,0.0,0.0
C,R01,training,05,96,0,0.0,0.0,0.0,0.0
C,R01,training,05,97,0,0.0,0.0,0.0,0.0
C,R01,training,05,98,0,0.0,0.0,0.0,0.0
C,R01,training,05,99,0,0.0,0.0,0.0,0.0
C,R01,training,05,100,0,0.0,0.0,0.0,0.0
C,R01,training,05,101,0,0.0,0.0,0.0,0.0
C,R01,training,05,102,0,0.0,0.0,0.0,0.0
C,R01,training,05,103,0,0.0,0.0,0.0,0.0
C,R01,training,05,104,0,0.0,0.0,0.0,0.0
C,R01,training,05,105,0,0.0,0.0,0.0,0.0
C,R01,training,05,106,0,0.0,0.0,0.0,0.0
C,R01,training,05,107,0,0.0,0.0,0.0,0.0
C,R01,training,05,108,0,0.0,0.0,0.0,0.0
C,R01,training,05,109,0,0.0,0.0,0.0,0.0
C,R01,training,05,110,0,0.0,0.0,0.0,0.0
C,R01,training,05,111,0,0.0,0.0,0.0,0.0
C,R01,training,05,112,0,0.0,0.0,0.0,0.0
C,R01,training,05,113,0,0.0,0.0,0.0,0.0
C,R01,training,05,114,0,0.0,0.0,0.0,0.0
C,R01,training,05,115,0,0.0,0.0,0.0,0.0
C,R01,training,05,116,0,0.0,0.0,0.0,0.0
C,R01,training,05,117,0,0.0,0.0,0.0,0.0
C,R01,training,05,118,0,0.0,0.0,0.0,0.0
C,R01,training,05,119,0,0.0,0.0,0.0,0.0
C,R01,training,05,120,0,0.0,0.0,0.0,0.0
C,R01,training,05,121,0,0.0,0.0,0.0,0.0
C,R01,training,05,122,0,0.0,0.0,0.0,0.0
C,R01,training,05,123,0,0.0,0.0,0.0,0.0
C,R01,training,05,124,0,0.0,0.0,0.0,0.0
C,R01,training,05,125,0,0.0,0.0,0.0,0.0
C,R01,training,05,126,0,0.0,0.0,0.0,0.0
C,R01,training,05,127,0,0.0,0.0,0.0,0.0
C,R01,training,05,128,0,0.0,0.0,0.0,0.0
C,R01,training,05,129,0,0.0,0.0,0.0,0.0
C,R01,training,05,130,0,0.0,0.0,0.0,0.0
C,R01,training,05,131,0,0.0,0.0,0.0,0.0
C,R01,training,05,132,0,0.0,0.0,0.0,0.0
C,R01,training,05,133,0,0.0,0.0,0.0,0.0
C,R01,training,05,134,0,0.0,0.0,0.0,0.0
C,R01,training,05,135,0,0.0,0.0,0.0,0.0
C,R01,training,05,136,0,0.0,0.0,0.0,0.0
C,R01,training,05,137,0,0.0,0.0,0.0,0.0
C,R01,training,05,138,0,0.0,0.0,0.0,0.0
C,R01,training,05,139,0,0.0,0.0,0.0,0.0
C,R01,training,05,140,0,0.0,0.0,0.0,0.0
C,R01,training,05,141,0,0.0,0.0,0.0,0.0
C,R01,training,05,142,0,0.0,0.0,0.0,0.0
C,R01,training,05,143,0,0.0,0.0,0.0,0.0
C,R01,training,05,144,0,0.0,0.0,0.0,0.0
C,R01,training,05,145,0,0.0,0.0,0.0,0.0
C,R01,training,05,146,0,0.0,0.0,0.0,0.0
C,R01,training,05,147,0,0.0,0.0,0.0,0.0
C,R01,training,05,148,0,0.0,0.0,0.0,0.0
C,R01,training,05,149,0,0.0,0.0,0.0,0.0
C,R01,training,05,150,0,0.0,0.0,0.0,0.0
C,R01,training,05,151,0,0.0,0.0,0.0,0.0
C,R01,training,05,152,0,0.0,0.0,0.0,0.0
C,R01,training,05,153,0,0.0,0.0,0.0,0.0
C,R01,training,05,154,0,0.0,0.0,0.0,0.0
C,R01,training,05,155,0,0.0,0.0,0.0,0.0
C,R01,training,05,156,0,0.0,0.0,0.0,0.0
C,R01,training,05,157,0,0.0,0.0,0.0,0.0
C,R01,training,05,158,0,0.0,0.0,0.0,0.0
C,R01,training,05,159,0,0.0,0.0,0.0,0.0
C,R01,training,05,160,0,0.0,0.0,0.0,0.0
C,R01,training,05,161,0,0.0,0.0,0.0,0.0
C,R01,training,05,162,0,0.0,0.0,0.0,0.0
C,R01,training,05,163,0,0.0,0.0,0.0,0.0
C,R01,training,05,164,0,0.0,0.0,0.0,0.0
C,R01,training,05,165,0,0.0,0.0,0.0,0.0
C,R01,training,05,166,0,0.0,0.0,0.0,0.0
C,R01,training,05,167,0,0.0,0.0,0.0,0.0
C,R01,training,05,168,0,0.0,0.0,0.0,0.0
C,R01,training,05,169,0,0.0,0.0,0.0,0.0
C,R01,training,05,170,0,0.0,0.0,0.0,0.0
C,R01,training,05,171,0,0.0,0.0,0.0,0.0
C,R01,training,05,172,0,0.0,0.0,0.0,0.0
C,R01,training,05,173,0,0.0,0.0,0.0,0.0
C,R01,training,05,174,0,0.0,0.0,0.0,0.0
C,R01,training,05,175,0,0.0,0.0,0.0,0.0
C,R01,training,05,176,0,0.0,0.0,0.0,0.0
C,R01,training,05,177,0,0.0,0.0,0.0,0.0
C,R01,training,05,178,0,0.0,0.0,0.0,0.0
C,R01,training,05,179,0,0.0,0.0,0.0,0.0
C,R01,training,05,180,0,0.0,0.0,0.0,0.0
C,R01,training,05,181,0,0.0,0.0,0.0,0.0
C,R01,training,05,182,0,0.0,0.0,0.0,0.0
C,R01,training,05,183,0,0.0,0.0,0.0,0.0
C,R01,training,05,184,0,0.0,0.0,0.0,0.0
C,R01,training,05,185,0,0.0,0.0,0.0,0.0
C,R01,training,05,186,0,0.0,0.0,0.0,0.0
C,R01,training,05,187,0,0.0,0.0,0.0,0.0
C,R01,training,05,188,0,0.0,0.0,0.0,0.0
C,R01,training,05,189,0,0.0,0.0,0.0,0.0
C,R01,training,05,190,0,0.0,0.0,0.0,0.0
C,R01,training,05,191,0,0.0,0.0,0.0,0.0
C,R01,training,05,192,0,0.0,0.0,0.0,0.0
C,R01,training,05,193,0,0.0,0.0,0.0,0.0
C,R01,training,05,194,0,0.0,0.0,0.0,0.0
C,R01,training,05,195,0,0.0,0.0,0.0,0.0
C,R01,training,05,196,0,0.0,0.0,0.0,0.0
C,R01,training,05,197,0,0.0,0.0,0.0,0.0
C,R01,training,05,198,0,0.0,0.0,0.0,0.0
C,R01,training,05,199,0,0.0,0.0,0.0,0.0
C,R01,training,05,200,0,0.0,0.0,0.0,0.0
C,R01,training,05,201,0,0.0,0.0,0.0,0.0
C,R01,training,05,202,0,0.0,0.0,0.0,0.0
C,R01,training,05,203,0,0.0,0.0,0.0,0.0
C,R01,training,05,204,0,0.0,0.0,0.0,0.0
C,R01,training,05,205,0,0.0,0.0,0.0,0.0
C,R01,training,05,206,0,0.0,0.0,0.0,0.0
C,R01,training,05,207,0,0.0,0.0,0.0,0.0
C,R01,training,05,208,0,0.0,0.0,0.0,0.0
C,R01,training,05,209,0,0.0,0.0,0.0,0.0
C,R01,training,05,210,0,0.0,0.0,0.0,0.0
C,R01,training,05,211,0,0.0,0.0,0.0,0.0
C,R01,training,05,212,0,0.0,0.0,0.0,0.0
C,R01,training,05,213,0,0.0,0.0,0.0,0.0
C,R01,training,05,214,0,0.0,0.0,0.0,0.0
C,R01,training,05,215,0,0.0,0.0,0.0,0.0
C,R01,training,05,216,0,0.0,0.0,0.0,0.0
C,R01,training,05,217,0,0.0,0.0,0.0,0.0
C,R01,training,05,218,0,0.0,0.0,0.0,0.0
C,R01,training,05,219,0,0.0,0.0,0.0,0.0
C,R01,training,05,220,0,0.0,0.0,0.0,0.0
C,R01,training,05,221,0,0.0,0.0,0.0,0.0
C,R01,training,05,222,0,0.0,0.0,0.0,0.0
C,R01,training,05,223,0,0.0,0.0,0.0,0.0
C,R01,training,05,224,0,0.0,0.0,0.0,0.0
C,R01,training,05,225,0,0.0,0.0,0.0,0.0
C,R01,training,05,226,0,0.0,0.0,0.0,0.0
C,R01,training,05,227,0,0.0,0.0,0.0,0.0
C,R01,training,05,228,0,0.0,0.0,0.0,0.0
C,R01,training,05,229,0,0.0,0.0,0.0,0.0
C,R01,training,05,230,0,0.0,0.0,0.0,0.0
C,R01,training,05,231,0,0.0,0.0,0.0,0.0
C,R01,training,05,232,0,0.0,0.0,0.0,0.0
P1,R01,training,05,0,0,0.0,0.0,0.0,0.0
P1,R01,training,05,1,0,0.0,0.0,0.0,0.0
P1,R01,training,05,2,0,0.0,0.0,0.0,0.0
P1,R01,training,05,3,0,0.0,0.0,0.0,0.0
P1,R01,training,05,4,0,0.0,0.0,0.0,0.0
P1,R01,training,05,5,0,0.0,0.0,0.0,0.0
P1,R01,training,05,6,0,0.0,0.0,0.0,0.0
P1,R01,training,05,7,0,0.0,0.0,0.0,0.0
P1,R01,training,05,8,0,0.0,0.0,0.0,0.0
P1,R01,training,05,9,0,0.0,0.0,0.0,0.0
P1,R01,training,05,10,0,0.0,0.0,0.0,0.0
P1,R01,training,05,11,0,0.0,0.0,0.0,0.0
P1,R01,training,05,12,0,0.0,0.0,0.0,0.0
P1,R01,training,05,13,0,0.0,0.0,0.0,0.0
P1,R01,training,05,14,0,0.0,0.0,0.0,0.0
P1,R01,training,05,15,0,0.0,0.0,0.0,0.0
P1,R01,training,05,16,0,0.0,0.0,0.0,0.0
P1,R01,training,05,17,0,0.0,0.0,0.0,0.0
P1,R01,training,05,18,0,0.0,0.0,0.0,0.0
P1,R01,training,05,19,0,0.0,0.0,0.0,0.0
P1,R01,training,05,20,0,0.0,0.0,0.0,0.0
P1,R01,training,05,21,0,0.0,0.0,0.0,0.0
P1,R01,training,05,22,0,0.0,0.0,0.0,0.0
P1,R01,training,05,23,0,0.0,0.0,0.0,0.0
P1,R01,training,05,24,0,0.0,0.0,0.0,0.0
P1,R01,training,05,25,0,0.0,0.0,0.0,0.0
P1,R01,training,05,26,0,0.0,0.0,0.0,0.0
P1,R01,training,05,27,0,0.0,0.0,0.0,0.0
P1,R01,training,05,28,0,0.0,0.0,0.0,0.0
P1,R01,training,05,29,0,0.0,0.0,0.0,0.0
P1,R01,training,05,30,0,0.0,0.0,0.0,0.0
P1,R01,training,05,31,0,0.0,0.0,0.0,0.0
P1,R01,training,05,32,0,0.0,0.0,0.0,0.0
P1,R01,training,05,33,0,0.0,0.0,0.0,0.0
P1,R01,training,05,34,0,0.0,0.0,0.0,0.0
P1,R01,training,05,35,0,0.0,0.0,0.0,0.0
P1,R01,training,05,36,0,0.0,0.0,0.0,0.0
P1,R01,training,05,37,0,0.0,0.0,0.0,0.0
P1,R01,training,05,38,0,0.0,0.0,0.0,0.0
P1,R01,training,05,39,0,0.0,0.0,0.0,0.0
P1,R01,training,05,40,0,0.0,0.0,0.0,0.0
P1,R01,training,05,41,0,0.0,0.0,0.0,0.0
P1,R01,training,05,42,0,0.0,0.0,0.0,0.0
P1,R01,training,05,43,0,0.0,0.0,0.0,0.0
P1,R01,training,05,44,0,0.0,0.0,0.0,0.0
P1,R01,training,05,45,0,0.0,0.0,0.0,0.0
P1,R01,training,05,46,0,0.0,0.0,0.0,0.0
P1,R01,training,05,47,0,0.0,0.0,0.0,0.0
P1,R01,training,05,48,0,0.0,0.0,0.0,0.0
P1,R01,training,05,49,0,0.0,0.0,0.0,0.0
P1,R01,training,05,50,0,0.0,0.0,0.0,0.0
P1,R01,training,05,51,0,0.0,0.0,0.0,0.0
P1,R01,training,05,52,0,0.0,0.0,0.0,0.0
P1,R01,training,05,53,0,0.0,0.0,0.0,0.0
P1,R01,training,05,54,0,0.0,0.0,0.0,0.0
P1,R01,training,05,55,0,0.0,0.0,0.0,0.0
P1,R01,training,05,56,0,0.0,0.0,0.0,0.0
P1,R01,training,05,57,0,0.0,0.0,0.0,0.0
P1,R01,training,05,58,0,0.0,0.0,0.0,0.0
P1,R01,training,05,59,0,0.0,0.0,0.0,0.0
P1,R01,training,05,60,0,0.0,0.0,0.0,0.0
P1,R01,training,05,61,0,0.0,0.0,0.0,0.0
P1,R01,training,05,62,0,0.0,0.0,0.0,0.0
P1,R01,training,05,63,0,0.0,0.0,0.0,0.0
P1,R01,training,05,64,0,0.0,0.0,0.0,0.0
P1,R01,training,05,65,0,0.0,0.0,0.0,0.0
P1,R01,training,05,66,0,0.0,0.0,0.0,0.0
P1,R01,training,05,67,0,0.0,0.0,0.0,0.0
P1,R01,training,05,68,0,0.0,0.0,0.0,0.0
P1,R01,training,05,69,0,0.0,0.0,0.0,0.0
P1,R01,training,05,70,0,0.0,0.0,0.0,0.0
P1,R01,training,05,71,0,0.0,0.0,0.0,0.0
P1,R01,training,05,72,0,0.0,0.0,0.0,0.0
P1,R01,training,05,73,0,0.0,0.0,0.0,0.0
P1,R01,training,05,74,0,0.0,0.0,0.0,0.0
P1,R01,training,05,75,0,0.0,0.0,0.0,0.0
P1,R01,training,05,76,0,0.0,0.0,0.0,0.0
P1,R01,training,05,77,0,0.0,0.0,0.0,0.0
P1,R01,training,05,78,0,0.0,0.0,0.0,0.0
P1,R01,training,05,79,0,0.0,0.0,0.0,0.0
P1,R01,training,05,80,0,0.0,0.0,0.0,0.0
P1,R01,training,05,81,0,0.0,0.0,0.0,0.0
P1,R01,training,05,82,0,0.0,0.0,0.0,0.0
P1,R01,training,05,83,0,0.0,0.0,0.0,0.0
P1,R01,training,05,84,0,0.0,0.0,0.0,0.0
P1,R01,training,05,85,0,0.0,0.0,0.0,0.0
P1,R01,training,05,86,0,0.0,0.0,0.0,0.0
P1,R01,training,05,87,0,0.0,0.0,0.0,0.0
P1,R01,training,05,88,0,0.0,0.0,0.0,0.0
P1,R01,training,05,89,0,0.0,0.0,0.0,0.0
P1,R01,training,05,90,0,0.0,0.0,0.0,0.0
P1,R01,training,05,91,0,0.0,0.0,0.0,0.0
P1,R01,training,05,92,0,0.0,0.0,0.0,0.0
P1,R01,training,05,93,0,0.0,0.0,0.0,0.0
P1,R01,training,05,94,0,0.0,0.0,0.0,0.0
P1,R01,training,05,95,0,0.0,0.0,0.0,0.0
P1,R01,training,05,96,0,0.0,0.0,0.0,0.0
P1,R01,training,05,97,0,0.0,0.0,0.0,0.0
P1,R01,training,05,98,0,0.0,0.0,0.0,0.0
P1,R01,training,05,99,0,0.0,0.0,0.0,0.0
P1,R01,training,05,100,0,0.0,0.0,0.0,0.0
P1,R01,training,05,101,0,0.0,0.0,0.0,0.0
P1,R01,training,05,102,0,0.0,0.0,0.0,0.0
P1,R01,training,05,103,0,0.0,0.0,0.0,0.0
P1,R01,training,05,104,0,0.0,0.0,0.0,0.0
P1,R01,training,05,105,0,0.0,0.0,0.0,0.0
P1,R01,training,05,106,0,0.0,0.0,0.0,0.0
P1,R01,training,05,107,0,0.0,0.0,0.0,0.0
P1,R01,training,05,108,0,0.0,0.0,0.0,0.0
P1,R01,training,05,109,0,0.0,0.0,0.0,0.0
P1,R01,training,05,110,0,0.0,0.0,0.0,0.0
P1,R01,training,05,111,0,0.0,0.0,0.0,0.0
P1,R01,training,05,112,0,0.0,0.0,0.0,0.0
P1,R01,training,05,113,0,0.0,0.0,0.0,0.0
P1,R01,training,05,114,0,0.0,0.0,0.0,0.0
P1,R01,training,05,115,0,0.0,0.0,0.0,0.0
P1,R01,training,05,116,0,0.0,0.0,0.0,0.0
P1,R01,training,05,117,0,0.0,0.0,0.0,0.0
P1,R01,training,05,118,0,0.0,0.0,0.0,0.0
P1,R01,training,05,119,0,0.0,0.0,0.0,0.0
P1,R01,training,05,120,0,0.0,0.0,0.0,0.0
P1,R01,training,05,121,0,0.0,0.0,0.0,0.0
P1,R01,training,05,122,0,0.0,0.0,0.0,0.0
P1,R01,training,05,123,0,0.0,0.0,0.0,0.0
P1,R01,training,05,124,0,0.0,0.0,0.0,0.0
P1,R01,training,05,125,0,0.0,0.0,0.0,0.0
P1,R01,training,05,126,0,0.0,0.0,0.0,0.0
P1,R01,training,05,127,0,0.0,0.0,0.0,0.0
P1,R01,training,05,128,0,0.0,0.0,0.0,0.0
P1,R01,training,05,129,0,0.0,0.0,0.0,0.0
P1,R01,training,05,130,0,0.0,0.0,0.0,0.0
P1,R01,training,05,131,0,0.0,0.0,0.0,0.0
P1,R01,training,05,132,0,0.0,0.0,0.0,0.0
P1,R01,training,05,133,0,0.0,0.0,0.0,0.0
P1,R01,training,05,134,0,0.0,0.0,0.0,0.0
P1,R01,training,05,135,0,0.0,0.0,0.0,0.0
P1,R01,training,05,136,0,0.0,0.0,0.0,0.0
P1,R01,training,05,137,0,0.0,0.0,0.0,0.0
P1,R01,training,05,138,0,0.0,0.0,0.0,0.0
P1,R01,training,05,139,0,0.0,0.0,0.0,0.0
P1,R01,training,05,140,0,0.0,0.0,0.0,0.0
P1,R01,training,05,141,0,0.0,0.0,0.0,0.0
P1,R01,training,05,142,0,0.0,0.0,0.0,0.0
P1,R01,training,05,143,0,0.0,0.0,0.0,0.0
P1,R01,training,05,144,0,0.0,0.0,0.0,0.0
P1,R01,training,05,145,0,0.0,0.0,0.0,0.0
P1,R01,training,05,146,0,0.0,0.0,0.0,0.0
P1,R01,training,05,147,0,0.0,0.0,0.0,0.0
P1,R01,training,05,148,0,0.0,0.0,0.0,0.0
P1,R01,training,05,149,0,0.0,0.0,0.0,0.0
P1,R01,training,05,150,0,0.0,0.0,0.0,0.0
P1,R01,training,05,151,0,0.0,0.0,0.0,0.0
P1,R01,training,05,152,0,0.0,0.0,0.0,0.0
P1,R01,training,05,153,0,0.0,0.0,0.0,0.0
P1,R01,training,05,154,0,0.0,0.0,0.0,0.0
P1,R01,training,05,155,0,0.0,0.0,0.0,0.0
P1,R01,training,05,156,0,0.0,0.0,0.0,0.0
P1,R01,training,05,157,0,0.0,0.0,0.0,0.0
P1,R01,training,05,158,0,0.0,0.0,0.0,0.0
P1,R01,training,05,159,0,0.0,0.0,0.0,0.0
P1,R01,training,05,160,0,0.0,0.0,0.0,0.0
P1,R01,training,05,161,0,0.0,0.0,0.0,0.0
P1,R01,training,05,162,0,0.0,0.0,0.0,0.0
P1,R01,training,05,163,0,0.0,0.0,0.0,0.0
P1,R01,training,05,164,0,0.0,0.0,0.0,0.0
P1,R01,training,05,165,0,0.0,0.0,0.0,0.0
P1,R01,training,05,166,0,0.0,0.0,0.0,0.0
P1,R01,training,05,167,0,0.0,0.0,0.0,0.0
P1,R01,training,05,168,0,0.0,0.0,0.0,0.0
P1,R01,training,05,169,0,0.0,0.0,0.0,0.0
P1,R01,training,05,170,0,0.0,0.0,0.0,0.0
P1,R01,training,05,171,0,0.0,0.0,0.0,0.0
P1,R01,training,05,172,0,0.0,0.0,0.0,0.0
P1,R01,training,05,173,0,0.0,0.0,0.0,0.0
P1,R01,training,05,174,0,0.0,0.0,0.0,0.0
P1,R01,training,05,175,0,0.0,0.0,0.0,0.0
P1,R01,training,05,176,0,0.0,0.0,0.0,0.0
P1,R01,training,05,177,0,0.0,0.0,0.0,0.0
P1,R01,training,05,178,0,0.0,0.0,0.0,0.0
P1,R01,training,05,179,0,0.0,0.0,0.0,0.0
P1,R01,training,05,180,0,0.0,0.0,0.0,0.0
P1,R01,training,05,181,0,0.0,0.0,0.0,0.0
P1,R01,training,05,182,0,0.0,0.0,0.0,0.0
P1,R01,training,05,183,0,0.0,0.0,0.0,0.0
P1,R01,training,05,184,0,0.0,0.0,0.0,0.0
P1,R01,training,05,185,0,0.0,0.0,0.0,0.0
P1,R01,training,05,186,0,0.0,0.0,0.0,0.0
P1,R01,training,05,187,0,0.0,0.0,0.0,0.0
P1,R01,training,05,188,0,0.0,0.0,0.0,0.0
P1,R01,training,05,189,0,0.0,0.0,0.0,0.0
P1,R01,training,05,190,0,0.0,0.0,0.0,0.0
P1,R01,training,05,191,0,0.0,0.0,0.0,0.0
P1,R01,training,05,192,0,0.0,0.0,0.0,0.0
P1,R01,training,05,193,0,0.0,0.0,0.0,0.0
P1,R01,training,05,194,0,0.0,0.0,0.0,0.0
P1,R01,training,05,195,0,0.0,0.0,0.0,0.0
P1,R01,training,05,196,0,0.0,0.0,0.0,0.0
P1,R01,training,05,197,0,0.0,0.0,0.0,0.0
P1,R01,training,05,198,0,0.0,0.0,0.0,0.0
P1,R01,training,05,199,0,0.0,0.0,0.0,0.0
P1,R01,training,05,200,0,0.0,0.0,0.0,0.0
P1,R01,training,05,201,0,0.0,0.0,0.0,0.0
P1,R01,training,05,202,0,0.0,0.0,0.0,0.0
P1,R01,training,05,203,0,0.0,0.0,0.0,0.0
P1,R01,training,05,204,0,0.0,0.0,0.0,0.0
P1,R01,training,05,205,0,0.0,0.0,0.0,0.0
P1,R01,training,05,206,0,0.0,0.0,0.0,0.0
P1,R01,training,05,207,0,0.0,0.0,0.0,0.0
P1,R01,training,05,208,0,0.0,0.0,0.0,0.0
P1,R01,training,05,209,0,0.0,0.0,0.0,0.0
P1,R01,training,05,210,0,0.0,0.0,0.0,0.0
P1,R01,training,05,211,0,0.0,0.0,0.0,0.0
P1,R01,training,05,212,0,0.0,0.0,0.0,0.0
P1,R01,training,05,213,0,0.0,0.0,0.0,0.0
P1,R01,training,05,214,0,0.0,0.0,0.0,0.0
P1,R01,training,05,215,0,0.0,0.0,0.0,0.0
P1,R01,training,05,216,0,0.0,0.0,0.0,0.0
P1,R01,training,05,217,0,0.0,0.0,0.0,0.0
P1,R01,training,05,218,0,0.0,0.0,0.0,0.0
P1,R01,training,05,219,0,0.0,0.0,0.0,0.0
P1,R01,training,05,220,0,0.0,0.0,0.0,0.0
P1,R01,training,05,221,0,0.0,0.0,0.0,0.0
P1,R01,training,05,222,0,0.0,0.0,0.0,0.0
P1,R01,training,05,223,0,0.0,0.0,0.0,0.0
P1,R01,training,05,224,0,0.0,0.0,0.0,0.0
P1,R01,training,05,225,0,0.0,0.0,0.0,0.0
P1,R01,training,05,226,0,0.0,0.0,0.0,0.0
P1,R01,training,05,227,0,0.0,0.0,0.0,0.0
P1,R01,training,05,228,0,0.0,0.0,0.0,0.0
P1,R01,training,05,229,0,0.0,0.0,0.0,0.0
P1,R01,training,05,230,0,0.0,0.0,0.0,0.0
P1,R01,training,05,231,0,0.0,0.0,0.0,0.0
P1,R01,training,05,232,0,0.0,0.0,0.0,0.0
P2,R01,training,05,0,0,0.0,0.0,0.0,0.0
P2,R01,training,05,1,0,0.0,0.0,0.0,0.0
P2,R01,training,05,2,0,0.0,0.0,0.0,0.0
P2,R01,training,05,3,0,0.0,0.0,0.0,0.0
P2,R01,training,05,4,0,0.0,0.0,0.0,0.0
P2,R01,training,05,5,0,0.0,0.0,0.0,0.0
P2,R01,training,05,6,0,0.0,0.0,0.0,0.0
P2,R01,training,05,7,0,0.0,0.0,0.0,0.0
P2,R01,training,05,8,0,0.0,0.0,0.0,0.0
P2,R01,training,05,9,0,0.0,0.0,0.0,0.0
P2,R01,training,05,10,0,0.0,0.0,0.0,0.0
P2,R01,training,05,11,0,0.0,0.0,0.0,0.0
P2,R01,training,05,12,0,0.0,0.0,0.0,0.0
P2,R01,training,05,13,0,0.0,0.0,0.0,0.0
P2,R01,training,05,14,0,0.0,0.0,0.0,0.0
P2,R01,training,05,15,0,0.0,0.0,0.0,0.0
P2,R01,training,05,16,0,0.0,0.0,0.0,0.0
P2,R01,training,05,17,0,0.0,0.0,0.0,0.0
P2,R01,training,05,18,0,0.0,0.0,0.0,0.0
P2,R01,training,05,19,0,0.0,0.0,0.0,0.0
P2,R01,training,05,20,0,0.0,0.0,0.0,0.0
P2,R01,training,05,21,0,0.0,0.0,0.0,0.0
P2,R01,training,05,22,0,0.0,0.0,0.0,0.0
P2,R01,training,05,23,0,0.0,0.0,0.0,0.0
P2,R01,training,05,24,0,0.0,0.0,0.0,0.0
P2,R01,training,05,25,0,0.0,0.0,0.0,0.0
P2,R01,training,05,26,0,0.0,0.0,0.0,0.0
P2,R01,training,05,27,0,0.0,0.0,0.0,0.0
P2,R01,training,05,28,0,0.0,0.0,0.0,0.0
P2,R01,training,05,29,0,0.0,0.0,0.0,0.0
P2,R01,training,05,30,0,0.0,0.0,0.0,0.0
P2,R01,training,05,31,0,0.0,0.0,0.0,0.0
P2,R01,training,05,32,0,0.0,0.0,0.0,0.0
P2,R01,training,05,33,0,0.0,0.0,0.0,0.0
P2,R01,training,05,34,0,0.0,0.0,0.0,0.0
P2,R01,training,05,35,0,0.0,0.0,0.0,0.0
P2,R01,training,05,36,0,0.0,0.0,0.0,0.0
P2,R01,training,05,37,0,0.0,0.0,0.0,0.0
P2,R01,training,05,38,0,0.0,0.0,0.0,0.0
P2,R01,training,05,39,0,0.0,0.0,0.0,0.0
P2,R01,training,05,40,0,0.0,0.0,0.0,0.0
P2,R01,training,05,41,0,0.0,0.0,0.0,0.0
P2,R01,training,05,42,0,0.0,0.0,0.0,0.0
P2,R01,training,05,43,0,0.0,0.0,0.0,0.0
P2,R01,training,05,44,0,0.0,0.0,0.0,0.0
P2,R01,training,05,45,0,0.0,0.0,0.0,0.0
P2,R01,training,05,46,0,0.0,0.0,0.0,0.0
P2,R01,training,05,47,0,0.0,0.0,0.0,0.0
P2,R01,training,05,48,0,0.0,0.0,0.0,0.0
P2,R01,training,05,49,0,0.0,0.0,0.0,0.0
P2,R01,training,05,50,0,0.0,0.0,0.0,0.0
P2,R01,training,05,51,0,0.0,0.0,0.0,0.0
P2,R01,training,05,52,0,0.0,0.0,0.0,0.0
P2,R01,training,05,53,0,0.0,0.0,0.0,0.0
P2,R01,training,05,54,0,0.0,0.0,0.0,0.0
P2,R01,training,05,55,0,0.0,0.0,0.0,0.0
P2,R01,training,05,56,0,0.0,0.0,0.0,0.0
P2,R01,training,05,57,0,0.0,0.0,0.0,0.0
P2,R01,training,05,58,0,0.0,0.0,0.0,0.0
P2,R01,training,05,59,0,0.0,0.0,0.0,0.0
P2,R01,training,05,60,0,0.0,0.0,0.0,0.0
P2,R01,training,05,61,0,0.0,0.0,0.0,0.0
P2,R01,training,05,62,0,0.0,0.0,0.0,0.0
P2,R01,training,05,63,0,0.0,0.0,0.0,0.0
P2,R01,training,05,64,0,0.0,0.0,0.0,0.0
P2,R01,training,05,65,0,0.0,0.0,0.0,0.0
P2,R01,training,05,66,0,0.0,0.0,0.0,0.0
P2,R01,training,05,67,0,0.0,0.0,0.0,0.0
P2,R01,training,05,68,0,0.0,0.0,0.0,0.0
P2,R01,training,05,69,0,0.0,0.0,0.0,0.0
P2,R01,training,05,70,0,0.0,0.0,0.0,0.0
P2,R01,training,05,71,0,0.0,0.0,0.0,0.0
P2,R01,training,05,72,0,0.0,0.0,0.0,0.0
P2,R01,training,05,73,0,0.0,0.0,0.0,0.0
P2,R01,training,05,74,0,0.0,0.0,0.0,0.0
P2,R01,training,05,75,0,0.0,0.0,0.0,0.0
P2,R01,training,05,76,0,0.0,0.0,0.0,0.0
P2,R01,training,05,77,0,0.0,0.0,0.0,0.0
P2,R01,training,05,78,0,0.0,0.0,0.0,0.0
P2,R01,training,05,79,0,0.0,0.0,0.0,0.0
P2,R01,training,05,80,0,0.0,0.0,0.0,0.0
P2,R01,training,05,81,0,0.0,0.0,0.0,0.0
P2,R01,training,05,82,0,0.0,0.0,0.0,0.0
P2,R01,training,05,83,0,0.0,0.0,0.0,0.0
P2,R01,training,05,84,0,0.0,0.0,0.0,0.0
P2,R01,training,05,85,0,0.0,0.0,0.0,0.0
P2,R01,training,05,86,0,0.0,0.0,0.0,0.0
P2,R01,training,05,87,0,0.0,0.0,0.0,0.0
P2,R01,training,05,88,0,0.0,0.0,0.0,0.0
P2,R01,training,05,89,0,0.0,0.0,0.0,0.0
P2,R01,training,05,90,0,0.0,0.0,0.0,0.0
P2,R01,training,05,91,0,0.0,0.0,0.0,0.0
P2,R01,training,05,92,0,0.0,0.0,0.0,0.0
P2,R01,training,05,93,0,0.0,0.0,0.0,0.0
P2,R01,training,05,94,0,0.0,0.0,0.0,0.0
P2,R01,training,05,95,0,0.0,0.0,0.0,0.0
P2,R01,training,05,96,0,0.0,0.0,0.0,0.0
P2,R01,training,05,97,0,0.0,0.0,0.0,0.0
P2,R01,training,05,98,0,0.0,0.0,0.0,0.0
P2,R01,training,05,99,0,0.0,0.0,0.0,0.0
P2,R01,training,05,100,0,0.0,0.0,0.0,0.0
P2,R01,training,05,101,0,0.0,0.0,0.0,0.0
P2,R01,training,05,102,0,0.0,0.0,0.0,0.0
P2,R01,training,05,103,0,0.0,0.0,0.0,0.0
P2,R01,training,05,104,0,0.0,0.0,0.0,0.0
P2,R01,training,05,105,0,0.0,0.0,0.0,0.0
P2,R01,training,05,106,0,0.0,0.0,0.0,0.0
P2,R01,training,05,107,0,0.0,0.0,0.0,0.0
P2,R01,training,05,108,0,0.0,0.0,0.0,0.0
P2,R01,training,05,109,0,0.0,0.0,0.0,0.0
P2,R01,training,05,110,0,0.0,0.0,0.0,0.0
P2,R01,training,05,111,0,0.0,0.0,0.0,0.0
P2,R01,training,05,112,0,0.0,0.0,0.0,0.0
P2,R01,training,05,113,0,0.0,0.0,0.0,0.0
P2,R01,training,05,114,0,0.0,0.0,0.0,0.0
P2,R01,training,05,115,0,0.0,0.0,0.0,0.0
P2,R01,training,05,116,0,0.0,0.0,0.0,0.0
P2,R01,training,05,117,0,0.0,0.0,0.0,0.0
P2,R01,training,05,118,0,0.0,0.0,0.0,0.0
P2,R01,training,05,119,0,0.0,0.0,0.0,0.0
P2,R01,training,05,120,0,0.0,0.0,0.0,0.0
P2,R01,training,05,121,0,0.0,0.0,0.0,0.0
P2,R01,training,05,122,0,0.0,0.0,0.0,0.0
P2,R01,training,05,123,0,0.0,0.0,0.0,0.0
P2,R01,training,05,124,0,0.0,0.0,0.0,0.0
P2,R01,training,05,125,0,0.0,0.0,0.0,0.0
P2,R01,training,05,126,0,0.0,0.0,0.0,0.0
P2,R01,training,05,127,0,0.0,0.0,0.0,0.0
P2,R01,training,05,128,0,0.0,0.0,0.0,0.0
P2,R01,training,05,129,0,0.0,0.0,0.0,0.0
P2,R01,training,05,130,0,0.0,0.0,0.0,0.0
P2,R01,training,05,131,0,0.0,0.0,0.0,0.0
P2,R01,training,05,132,0,0.0,0.0,0.0,0.0
P2,R01,training,05,133,0,0.0,0.0,0.0,0.0
P2,R01,training,05,134,0,0.0,0.0,0.0,0.0
P2,R01,training,05,135,0,0.0,0.0,0.0,0.0
P2,R01,training,05,136,0,0.0,0.0,0.0,0.0
P2,R01,training,05,137,0,0.0,0.0,0.0,0.0
P2,R01,training,05,138,0,0.0,0.0,0.0,0.0
P2,R01,training,05,139,0,0.0,0.0,0.0,0.0
P2,R01,training,05,140,0,0.0,0.0,0.0,0.0
P2,R01,training,05,141,0,0.0,0.0,0.0,0.0
P2,R01,training,05,142,0,0.0,0.0,0.0,0.0
P2,R01,training,05,143,0,0.0,0.0,0.0,0.0
P2,R01,training,05,144,0,0.0,0.0,0.0,0.0
P2,R01,training,05,145,0,0.0,0.0,0.0,0.0
P2,R01,training,05,146,0,0.0,0.0,0.0,0.0
P2,R01,training,05,147,0,0.0,0.0,0.0,0.0
P2,R01,training,05,148,0,0.0,0.0,0.0,0.0
P2,R01,training,05,149,0,0.0,0.0,0.0,0.0
P2,R01,training,05,150,0,0.0,0.0,0.0,0.0
P2,R01,training,05,151,0,0.0,0.0,0.0,0.0
P2,R01,training,05,152,0,0.0,0.0,0.0,0.0
P2,R01,training,05,153,0,0.0,0.0,0.0,0.0
P2,R01,training,05,154,0,0.0,0.0,0.0,0.0
P2,R01,training,05,155,0,0.0,0.0,0.0,0.0
P2,R01,training,05,156,0,0.0,0.0,0.0,0.0
P2,R01,training,05,157,0,0.0,0.0,0.0,0.0
P2,R01,training,05,158,0,0.0,0.0,0.0,0.0
P2,R01,training,05,159,0,0.0,0.0,0.0,0.0
P2,R01,training,05,160,0,0.0,0.0,0.0,0.0
P2,R01,training,05,161,0,0.0,0.0,0.0,0.0
P2,R01,training,05,162,0,0.0,0.0,0.0,0.0
P2,R01,training,05,163,0,0.0,0.0,0.0,0.0
P2,R01,training,05,164,0,0.0,0.0,0.0,0.0
P2,R01,training,05,165,0,0.0,0.0,0.0,0.0
P2,R01,training,05,166,0,0.0,0.0,0.0,0.0
P2,R01,training,05,167,0,0.0,0.0,0.0,0.0
P2,R01,training,05,168,0,0.0,0.0,0.0,0.0
P2,R01,training,05,169,0,0.0,0.0,0.0,0.0
P2,R01,training,05,170,0,0.0,0.0,0.0,0.0
P2,R01,training,05,171,0,0.0,0.0,0.0,0.0
P2,R01,training,05,172,0,0.0,0.0,0.0,0.0
P2,R01,training,05,173,0,0.0,0.0,0.0,0.0
P2,R01,training,05,174,0,0.0,0.0,0.0,0.0
P2,R01,training,05,175,0,0.0,0.0,0.0,0.0
P2,R01,training,05,176,0,0.0,0.0,0.0,0.0
P2,R01,training,05,177,0,0.0,0.0,0.0,0.0
P2,R01,training,05,178,0,0.0,0.0,0.0,0.0
P2,R01,training,05,179,0,0.0,0.0,0.0,0.0
P2,R01,training,05,180,0,0.0,0.0,0.0,0.0
P2,R01,training,05,181,0,0.0,0.0,0.0,0.0
P2,R01,training,05,182,0,0.0,0.0,0.0,0.0
P2,R01,training,05,183,0,0.0,0.0,0.0,0.0
P2,R01,training,05,184,0,0.0,0.0,0.0,0.0
P2,R01,training,05,185,0,0.0,0.0,0.0,0.0
P2,R01,training,05,186,0,0.0,0.0,0.0,0.0
P2,R01,training,05,187,0,0.0,0.0,0.0,0.0
P2,R01,training,05,188,0,0.0,0.0,0.0,0.0
P2,R01,training,05,189,0,0.0,0.0,0.0,0.0
P2,R01,training,05,190,0,0.0,0.0,0.0,0.0
P2,R01,training,05,191,0,0.0,0.0,0.0,0.0
P2,R01,training,05,192,0,0.0,0.0,0.0,0.0
P2,R01,training,05,193,0,0.0,0.0,0.0,0.0
P2,R01,training,05,194,0,0.0,0.0,0.0,0.0
P2,R01,training,05,195,0,0.0,0.0,0.0,0.0
P2,R01,training,05,196,0,0.0,0.0,0.0,0.0
P2,R01,training,05,197,0,0.0,0.0,0.0,0.0
P2,R01,training,05,198,0,0.0,0.0,0.0,0.0
P2,R01,training,05,199,0,0.0,0.0,0.0,0.0
P2,R01,training,05,200,0,0.0,0.0,0.0,0.0
P2,R01,training,05,201,0,0.0,0.0,0.0,0.0
P2,R01,training,05,202,0,0.0,0.0,0.0,0.0
P2,R01,training,05,203,0,0.0,0.0,0.0,0.0
P2,R01,training,05,204,0,0.0,0.0,0.0,0.0
P2,R01,training,05,205,0,0.0,0.0,0.0,0.0
P2,R01,training,05,206,0,0.0,0.0,0.0,0.0
P2,R01,training,05,207,0,0.0,0.0,0.0,0.0
P2,R01,training,05,208,0,0.0,0.0,0.0,0.0
P2,R01,training,05,209,0,0.0,0.0,0.0,0.0
P2,R01,training,05,210,0,0.0,0.0,0.0,0.0
P2,R01,training,05,211,0,0.0,0.0,0.0,0.0
P2,R01,training,05,212,0,0.0,0.0,0.0,0.0
P2,R01,training,05,213,0,0.0,0.0,0.0,0.0
P2,R01,training,05,214,0,0.0,0.0,0.0,0.0
P2,R01,training,05,215,0,0.0,0.0,0.0,0.0
P2,R01,training,05,216,0,0.0,0.0,0.0,0.0
P2,R01,training,05,217,0,0.0,0.0,0.0,0.0
P2,R01,training,05,218,0,0.0,0.0,0.0,0.0
P2,R01,training,05,219,0,0.0,0.0,0.0,0.0
P2,R01,training,05,220,0,0.0,0.0,0.0,0.0
P2,R01,training,05,221,0,0.0,0.0,0.0,0.0
P2,R01,training,05,222,0,0.0,0.0,0.0,0.0
P2,R01,training,05,223,0,0.0,0.0,0.0,0.0
P2,R01,training,05,224,0,0.0,0.0,0.0,0.0
P2,R01,training,05,225,0,0.0,0.0,0.0,0.0
P2,R01,training,05,226,0,0.0,0.0,0.0,0.0
P2,R01,training,05,227,0,0.0,0.0,0.0,0.0
P2,R01,training,05,228,0,0.0,0.0,0.0,0.0
P2,R01,training,05,229,0,0.0,0.0,0.0,0.0
P2,R01,training,05,230,0,0.0,0.0,0.0,0.0
P2,R01,training,05,231,0,0.0,0.0,0.0,0.0
P2,R01,training,05,232,0,0.0,0.0,0.0,0.0
P3,R01,training,05,0,0,1.0,1.0,0.255330087796329,0.15620054109582251
P3,R01,training,05,1,0,1.0,1.0,0.255330087796329,0.15753535617776443
P3,R01,training,05,2,0,1.0,1.0,0.255330087796329,0.15886977089997514
P3,R01,training,05,3,0,1.0,1.0,0.255330087796329,0.16020358270105972
P3,R01,training,05,4,0,1.0,1.0,0.255330087796329,0.16153658744641536
P3,R01,training,05,5,0,1.0,1.0,0.255330087796329,0.16286857947595632
P3,R01,training,05,6,0,1.0,1.0,0.255330087796329,0.16419935165280772
P3,R01,training,05,7,0,1.0,1.0,0.255330087796329,0.16552869541295293
P3,R01,training,05,8,0,1.0,1.0,0.255330087796329,0.16685640081582134
P3,R01,training,05,9,0,1.0,1.0,0.255330087796329,0.168182256595801
P3,R01,training,05,10,0,1.0,1.0,0.255330087796329,0.1695060502146605
P3,R01,training,05,11,0,1.0,1.0,0.255330087796329,0.1708275679148645
P3,R01,training,05,12,0,1.0,1.0,0.255330087796329,0.1721465947737652
P3,R01,training,05,13,0,1.0,1.0,0.255330087796329,0.17346291475865325
P3,R01,training,05,14,0,1.0,1.0,0.255330087796329,0.1747763107826498
P3,R01,training,05,15,0,1.0,1.0,0.255330087796329,0.1760865647614212
P3,R01,training,05,16,0,0.0,0.0,0.3222998955631329,0.22392148678715457
P3,R01,training,05,17,0,0.0,0.0,0.3222998955631329,0.22556664072807692
P3,R01,training,05,18,0,0.0,0.0,0.3222998955631329,0.22720699582695042
P3,R01,training,05,19,0,0.0,0.0,0.3222998955631329,0.22884227249823066
P3,R01,training,05,20,0,0.0,0.0,0.3222998955631329,0.23047219026995766
P3,R01,training,05,21,0,0.0,0.0,0.3222998955631329,0.2320964678610456
P3,R01,training,05,22,0,0.0,0.0,0.3222998955631329,0.23371482325942763
P3,R01,training,05,23,0,0.0,0.0,0.3222998955631329,0.23532697380102738
P3,R01,training,05,24,0,0.0,0.0,0.3222998955631329,0.2369326362495267
P3,R01,training,05,25,0,0.0,0.0,0.3222998955631329,0.23853152687690005
P3,R01,training,05,26,0,0.0,0.0,0.3222998955631329,0.2401233615446849
P3,R01,training,05,27,0,0.0,0.0,0.3222998955631329,0.24170785578595613
P3,R01,training,05,28,0,0.0,0.0,0.3222998955631329,0.24328472488797387
P3,R01,training,05,29,0,0.0,0.0,0.3222998955631329,0.24485368397547028
P3,R01,training,05,30,0,0.0,0.0,0.3222998955631329,0.2464144480945444
P3,R01,training,05,31,0,0.0,0.0,0.3222998955631329,0.24796673229712973
P3,R01,training,05,32,0,0.0,0.0,0.39095136156156185,0.3026571648911402
P3,R01,training,05,33,0,0.0,0.0,0.39095136156156185,0.30451848453157926
P3,R01,training,05,34,0,0.0,0.0,0.39095136156156185,0.30636848213792883
P3,R01,training,05,35,0,0.0,0.0,0.39095136156156185,0.30820681313214193
P3,R01,training,05,36,0,0.0,0.0,0.39095136156156185,0.310033133464515
P3,R01,training,05,37,0,0.0,0.0,0.39095136156156185,0.31184709971943336
P3,R01,training,05,38,0,0.0,0.0,0.39095136156156185,0.31364836922151007
P3,R01,training,05,39,0,0.0,0.0,0.39095136156156185,0.3154366001420745
P3,R01,training,05,40,0,0.0,0.0,0.39095136156156185,0.3172114516059638
P3,R01,training,05,41,0,0.0,0.0,0.39095136156156185,0.3189725837985729
P3,R01,training,05,42,0,0.0,0.0,0.39095136156156185,0.32071965807311464
P3,R01,training,05,43,0,0.0,0.0,0.39095136156156185,0.3224523370580449
P3,R01,training,05,44,0,0.0,0.0,0.39095136156156185,0.3241702847646045
P3,R01,training,05,45,0,0.0,0.0,0.39095136156156185,0.3258731666944316
P3,R01,training,05,46,0,0.0,0.0,0.39095136156156185,0.3275606499471954
P3,R01,training,05,47,0,0.0,0.0,0.39095136156156185,0.32923240332820447
P3,R01,training,05,48,0,0.0,0.0,0.40359163033029993,0.3415863962609722
P3,R01,training,05,49,0,0.0,0.0,0.40359163033029993,0.34327870588485093
P3,R01,training,05,50,0,0.0,0.0,0.40359163033029993,0.3449537630230135
P3,R01,training,05,51,0,0.0,0.0,0.40359163033029993,0.3466112339242925
P3,R01,training,05,52,0,0.0,0.0,0.40359163033029993,0.3482507871515921
P3,R01,training,05,53,0,0.0,0.0,0.40359163033029993,0.34987209369176236
P3,R01,training,05,54,0,0.0,0.0,0.40359163033029993,0.35147482706509436
P3,R01,training,05,55,0,0.0,0.0,0.40359163033029993,0.3530586634343863
P3,R01,training,05,56,0,0.0,0.0,0.40359163033029993,0.3546232817135283
P3,R01,training,05,57,0,0.0,0.0,0.40359163033029993,0.35616836367555677
P3,R01,training,05,58,0,0.0,0.0,0.40359163033029993,0.3576935940601266
P3,R01,training,05,59,0,0.0,0.0,0.40359163033029993,0.359198660680351
P3,R01,training,05,60,0,0.0,0.0,0.40359163033029993,0.3606832545289584
P3,R01,training,05,61,0,0.0,0.0,0.40359163033029993,0.3621470698837159
P3,R01,training,05,62,0,0.0,0.0,0.40359163033029993,0.3635898044120699
P3,R01,training,05,63,0,0.0,0.0,0.40359163033029993,0.365011159274952
P3,R01,training,05,64,0,0.0,0.0,0.4128450873712437,0.37481182355480747
P3,R01,training,05,65,0,0.0,0.0,0.4128450873712437,0.37622112495877635
P3,R01,training,05,66,0,0.0,0.0,0.4128450873712437,0.37760766192633466
P3,R01,training,05,67,0,0.0,0.0,0.4128450873712437,0.3789711441040739
P3,R01,training,05,68,0,0.0,0.0,0.4128450873712437,0.3803112852285423
P3,R01,training,05,69,0,0.0,0.0,0.4128450873712437,0.3816278032262579
P3,R01,training,05,70,0,0.0,0.0,0.4128450873712437,0.38292042031251877
P3,R01,training,05,71,0,0.0,0.0,0.4128450873712437,0.3841888630889634
P3,R01,training,05,72,0,0.0,0.0,0.4128450873712437,0.3854328626398317
P3,R01,training,05,73,0,0.0,0.0,0.4128450873712437,0.38665215462688113
P3,R01,training,05,74,0,0.0,0.0,0.4128450873712437,0.3878464793829092
P3,R01,training,05,75,0,0.0,0.0,0.4128450873712437,0.3890155820038376
P3,R01,training,05,76,0,0.0,0.0,0.4128450873712437,0.3901592124393114
P3,R01,training,05,77,0,0.0,0.0,0.4128450873712437,0.3912771255817683
P3,R01,training,05,78,0,0.0,0.0,0.4128450873712437,0.39236908135393445
P3,R01,training,05,79,0,0.0,0.0,0.4128450873712437,0.3934348447947018
P3,R01,training,05,80,0,1.0,1.0,0.41845310594058527,0.39983265746512797
P3,R01,training,05,81,0,1.0,1.0,0.41845310594058527,0.4008591085201981
P3,R01,training,05,82,0,1.0,1.0,0.41845310594058527,0.4018583289521957
P3,R01,training,05,83,0,1.0,1.0,0.41845310594058527,0.40283010218712995
P3,R01,training,05,84,0,1.0,1.0,0.41845310594058527,0.4037742172457993
P3,R01,training,05,85,0,1.0,1.0,0.41845310594058527,0.40469046882011
P3,R01,training,05,86,0,1.0,1.0,0.41845310594058527,0.40557865734746573
P3,R01,training,05,87,0,1.0,1.0,0.41845310594058527,0.4064385890831923
P3,R01,training,05,88,0,1.0,1.0,0.41845310594058527,0.4072700761709595
P3,R01,training,05,89,0,1.0,1.0,0.41845310594058527,0.4080729367111651
P3,R01,training,05,90,0,1.0,1.0,0.41845310594058527,0.4088469948272451
P3,R01,training,05,91,0,1.0,1.0,0.41845310594058527,0.4095920807298774
P3,R01,training,05,92,0,1.0,1.0,0.41845310594058527,0.4103080307790459
P3,R01,training,05,93,0,1.0,1.0,0.41845310594058527,0.41099468754393254
P3,R01,training,05,94,0,1.0,1.0,0.41845310594058527,0.4116518998606077
P3,R01,training,05,95,0,1.0,1.0,0.41845310594058527,0.41227952288748826
P3,R01,training,05,96,0,1.0,1.0,0.4202525350814963,0.4146528707655576
P3,R01,training,05,97,0,1.0,1.0,0.4202525350814963,0.41522334890339757
P3,R01,training,05,98,0,1.0,1.0,0.4202525350814963,0.41576371273845286
P3,R01,training,05,99,0,1.0,1.0,0.4202525350814963,0.41627384271559253
P3,R01,training,05,100,0,1.0,1.0,0.4202525350814963,0.41675362587312115
P3,R01,training,05,101,0,1.0,1.0,0.4202525350814963,0.4172029558844676
P3,R01,training,05,102,0,1.0,1.0,0.4202525350814963,0.41762173309745537
P3,R01,training,05,103,0,1.0,1.0,0.4202525350814963,0.4180098645711362
P3,R01,training,05,104,0,1.0,1.0,0.4202525350814963,0.4183672641101669
P3,R01,training,05,105,0,1.0,1.0,0.4202525350814963,0.4186938522967118
P3,R01,training,05,106,0,1.0,1.0,0.4202525350814963,0.41898955651985414
P3,R01,training,05,107,0,1.0,1.0,0.4202525350814963,0.41925431100250177
P3,R01,training,05,108,0,1.0,1.0,0.4202525350814963,0.4194880568257724
P3,R01,training,05,109,0,1.0,1.0,0.4202525350814963,0.419690741950846
P3,R01,training,05,110,0,1.0,1.0,0.4202525350814963,0.41986232123827366
P3,R01,training,05,111,0,1.0,1.0,0.4202525350814963,0.4200027564647317
P3,R01,training,05,112,0,1.0,1.0,0.41818358371688713,0.41804375676247696
P3,R01,training,05,113,0,1.0,1.0,0.41818358371688713,0.41812143263076884
P3,R01,training,05,114,0,1.0,1.0,0.41818358371688713,0.41816804507931465
P3,R01,training,05,115,0,1.0,1.0,0.41818358371688713,0.41818358371688713
P3,R01,training,05,116,0,1.0,1.0,0.41818358371688713,0.41816804507931465
P3,R01,training,05,117,0,1.0,1.0,0.41818358371688713,0.41812143263076884
P3,R01,training,05,118,0,1.0,1.0,0.41818358371688713,0.41804375676247696
P3,R01,training,05,119,0,1.0,1.0,0.41818358371688713,0.41793503478886174
P3,R01,training,05,120,0,1.0,1.0,0.41818358371688713,0.4177952909411085
P3,R01,training,05,121,0,1.0,1.0,0.41818358371688713,0.41762455635816503
P3,R01,training,05,122,0,1.0,1.0,0.41818358371688713,0.41742286907517706
P3,R01,training,05,123,0,1.0,1.0,0.41818358371688713,0.4171902740093669
P3,R01,training,05,124,0,1.0,1.0,0.41818358371688713,0.41692682294336153
P3,R01,training,05,125,0,1.0,1.0,0.41818358371688713,0.41663257450597874
P3,R01,training,05,126,0,1.0,1.0,0.41818358371688713,0.4163075941504826
P3,R01,training,05,127,0,1.0,1.0,0.41818358371688713,0.41595195413031794
P3,R01,training,05,128,0,1.0,1.0,0.35932656921145073,0.35707716683481355
P3,R01,training,05,129,0,1.0,1.0,0.35932656921145073,0.3567191017033858
P3,R01,training,05,130,0,1.0,1.0,0.35932656921145073,0.35633491315497035
P3,R01,training,05,131,0,1.0,1.0,0.35932656921145073,0.35592468639470404
P3,R01,training,05,132,0,1.0,1.0,0.35932656921145073,0.3554885123345001
P3,R01,training,05,133,0,1.0,1.0,0.35932656921145073,0.3550264875594711
P3,R01,training,05,134,0,1.0,1.0,0.35932656921145073,0.3545387142922845
P3,R01,training,05,135,0,1.0,1.0,0.35932656921145073,0.3540253003554698
P3,R01,training,05,136,0,1.0,1.0,0.35932656921145073,0.3534863591316971
P3,R01,training,05,137,0,1.0,1.0,0.35932656921145073,0.35292200952204716
P3,R01,training,05,138,0,1.0,1.0,0.35932656921145073,0.3523323759022944
P3,R01,training,05,139,0,1.0,1.0,0.35932656921145073,0.3517175880772256
P3,R01,training,05,140,0,1.0,1.0,0.35932656921145073,0.3510777812330181
P3,R01,training,05,141,0,1.0,1.0,0.35932656921145073,0.3504130958877006
P3,R01,training,05,142,0,1.0,1.0,0.35932656921145073,0.3497236778397239
P3,R01,training,05,143,0,1.0,1.0,0.35932656921145073,0.34900967811466643
P3,R01,training,05,144,0,1.0,1.0,0.3540823485105491,0.3431883799178596
P3,R01,training,05,145,0,1.0,1.0,0.3540823485105491,0.342436821678187
P3,R01,training,05,146,0,1.0,1.0,0.3540823485105491,0.34166151733786154
P3,R01,training,05,147,0,1.0,1.0,0.3540823485105491,0.34086263576070985
P3,R01,training,05,148,0,1.0,1.0,0.3540823485105491,0.34004035067222477
P3,R01,training,05,149,0,1.0,1.0,0.3540823485105491,0.3391948405966187
P3,R01,training,05,150,0,1.0,1.0,0.3540823485105491,0.33832628879224524
P3,R01,training,05,151,0,1.0,1.0,0.3540823485105491,0.3374348831854231
P3,R01,training,05,152,0,1.0,1.0,0.3540823485105491,0.33652081630269365
P3,R01,training,05,153,0,1.0,1.0,0.3540823485105491,0.3355842852015483
P3,R01,training,05,154,0,1.0,1.0,0.3540823485105491,0.3346254913996591
P3,R01,training,05,155,0,1.0,1.0,0.3540823485105491,0.3336446408026492
P3,R01,training,05,156,0,1.0,1.0,0.3540823485105491,0.33264194363043864
P3,R01,training,05,157,0,1.0,1.0,0.3540823485105491,0.3316176143422026
P3,R01,training,05,158,0,1.0,1.0,0.3540823485105491,0.33057187155997997
P3,R01,training,05,159,0,1.0,1.0,0.3540823485105491,0.3295049379909693
P3,R01,training,05,160,0,0.0,0.0,0.3455114817359999,0.32046742435905196
P3,R01,training,05,161,0,0.0,0.0,0.3455114817359999,0.3193856286481352
P3,R01,training,05,162,0,0.0,0.0,0.3455114817359999,0.31828383018174383
P3,R01,training,05,163,0,0.0,0.0,0.3455114817359999,0.3171622614388559
P3,R01,training,05,164,0,0.0,0.0,0.3455114817359999,0.3160211584877442
P3,R01,training,05,165,0,0.0,0.0,0.3455114817359999,0.31486076090328163
P3,R01,training,05,166,0,0.0,0.0,0.3455114817359999,0.3136813116832403
P3,R01,training,05,167,0,0.0,0.0,0.3455114817359999,0.31248305716362496
P3,R01,training,05,168,0,0.0,0.0,0.3455114817359999,0.3112662469330829
P3,R01,training,05,169,0,0.0,0.0,0.3455114817359999,0.3100311337464311
P3,R01,training,05,170,0,0.0,0.0,0.3455114817359999,0.3087779734373427
P3,R01,training,05,171,0,0.0,0.0,0.3455114817359999,0.30750702483023534
P3,R01,training,05,172,0,0.0,0.0,0.3455114817359999,0.3062185496514029
P3,R01,training,05,173,0,0.0,0.0,0.3455114817359999,0.3049128124394339
P3,R01,training,05,174,0,0.0,0.0,0.3455114817359999,0.3035900804549596
P3,R01,training,05,175,0,0.0,0.0,0.3455114817359999,0.30225062358977345
P3,R01,training,05,176,0,0.0,0.0,0.3338596212699,0.2907474878847763
P3,R01,training,05,177,0,0.0,0.0,0.3338596212699,0.2894216725883111
P3,R01,training,05,178,0,0.0,0.0,0.3338596212699,0.2880804931713329
P3,R01,training,05,179,0,0.0,0.0,0.3338596212699,0.28672421970483386
P3,R01,training,05,180,0,0.0,0.0,0.3338596212699,0.28535312435552246
P3,R01,training,05,181,0,0.0,0.0,0.3338596212699,0.28396748129524707
P3,R01,training,05,182,0,0.0,0.0,0.3338596212699,0.2825675666101056
P3,R01,training,05,183,0,0.0,0.0,0.3338596212699,0.2811536582092833
P3,R01,training,05,184,0,0.0,0.0,0.3338596212699,0.27972603573366117
P3,R01,training,05,185,0,0.0,0.0,0.3338596212699,0.27828498046423655
P3,R01,training,05,186,0,0.0,0.0,0.3338596212699,0.27683077523039723
P3,R01,training,05,187,0,0.0,0.0,0.3338596212699,0.275363704318091
P3,R01,training,05,188,0,0.0,0.0,0.3338596212699,0.2738840533779317
P3,R01,training,05,189,0,0.0,0.0,0.3338596212699,0.27239210933328345
P3,R01,training,05,190,0,0.0,0.0,0.3338596212699,0.2708881602883634
P3,R01,training,05,191,0,0.0,0.0,0.3338596212699,0.2693724954364043
P3,R01,training,05,192,0,0.0,0.0,0.31945407828738737,0.25628827661781167
P3,R01,training,05,193,0,0.0,0.0,0.31945407828738737,0.25481642373505226
P3,R01,training,05,194,0,0.0,0.0,0.31945407828738737,0.2533341960848024
P3,R01,training,05,195,0,0.0,0.0,0.31945407828738737,0.25184187367388816
P3,R01,training,05,196,0,0.0,0.0,0.31945407828738737,0.25033973711399027
P3,R01,training,05,197,0,0.0,0.0,0.31945407828738737,0.24882806753491601
P3,R01,training,05,198,0,0.0,0.0,0.31945407828738737,0.24730714649819252
P3,R01,training,05,199,0,0.0,0.0,0.31945407828738737,0.24577725591101932
P3,R01,training,05,200,0,0.0,0.0,0.31945407828738737,0.24423867794061524
P3,R01,training,05,201,0,0.0,0.0,0.31945407828738737,0.24269169492899592
P3,R01,training,05,202,0,0.0,0.0,0.31945407828738737,0.2411365893082167
P3,R01,training,05,203,0,0.0,0.0,0.31945407828738737,0.23957364351611585
P3,R01,training,05,204,0,0.0,0.0,0.31945407828738737,0.23800313991259286
P3,R01,training,05,205,0,0.0,0.0,0.31945407828738737,0.2364253606964544
P3,R01,training,05,206,0,0.0,0.0,0.31945407828738737,0.23484058782286268
P3,R01,training,05,207,0,0.0,0.0,0.31945407828738737,0.2332491029214177
P3,R01,training,05,208,0,0.0,0.0,0.24972206922698745,0.1810852255207495
P3,R01,training,05,209,0,0.0,0.0,0.24972206922698745,0.17983130311992926
P3,R01,training,05,210,0,0.0,0.0,0.24972206922698745,0.1785727921286775
P3,R01,training,05,211,0,0.0,0.0,0.24972206922698745,0.17730991105353988
P3,R01,training,05,212,0,0.0,0.0,0.24972206922698745,0.1760428778346888
P3,R01,training,05,213,0,0.0,0.0,0.24972206922698745,0.17477190978537557
P3,R01,training,05,214,0,0.0,0.0,0.24972206922698745,0.17349722353204544
P3,R01,training,05,215,0,0.0,0.0,0.24972206922698745,0.17221903495513644
P3,R01,training,05,216,0,0.0,0.0,0.24972206922698745,0.17093755913058462
P3,R01,training,05,217,0,0.0,0.0,0.24972206922698745,0.16965301027205545
P3,R01,training,05,218,0,0.0,0.0,0.24972206922698745,0.16836560167392237
P3,R01,training,05,219,0,0.0,0.0,0.24972206922698745,0.16707554565501165
P3,R01,training,05,220,0,0.0,0.0,0.24972206922698745,0.16578305350313383
P3,R01,training,05,221,0,0.0,0.0,0.24972206922698745,0.16448833542041894
P3,R01,training,05,222,0,0.0,0.0,0.24972206922698745,0.16319160046947503
P3,R01,training,05,223,0,0.0,0.0,0.24972206922698745,0.16189305652038655
P3,R01,training,05,224,0,0.0,0.0,0.1823884635917436,0.11729157236888164
P3,R01,training,05,225,0,0.0,0.0,0.1823884635917436,0.11634096958320377
P3,R01,training,05,226,0,0.0,0.0,0.1823884635917436,0.11538949542721548
P3,R01,training,05,227,0,0.0,0.0,0.1823884635917436,0.11443729786380161
P3,R01,training,05,228,0,0.0,0.0,0.1823884635917436,0.11348452380094065
P3,R01,training,05,229,0,0.0,0.0,0.1823884635917436,0.11253131905692178
P3,R01,training,05,230,0,0.0,0.0,0.1823884635917436,0.11157782832625368
P3,R01,training,05,231,0,0.0,0.0,0.1823884635917436,0.11062419514627386
P3,R01,training,05,232,0,0.0,0.0,0.1823884635917436,0.10967056186446815
A,R01,training,22,0,0,0.0,0.0,0.0,0.0
A,R01,training,22,1,0,0.0,0.0,0.0,0.0
A,R01,training,22,2,0,0.0,0.0,0.0,0.0
A,R01,training,22,3,0,0.0,0.0,0.0,0.0
A,R01,training,22,4,0,0.0,0.0,0.0,0.0
A,R01,training,22,5,0,0.0,0.0,0.0,0.0
A,R01,training,22,6,0,0.0,0.0,0.0,0.0
A,R01,training,22,7,0,0.0,0.0,0.0,0.0
A,R01,training,22,8,0,0.0,0.0,0.0,0.0
A,R01,training,22,9,0,0.0,0.0,0.0,0.0
A,R01,training,22,10,0,0.0,0.0,0.0,0.0
A,R01,training,22,11,0,0.0,0.0,0.0,0.0
A,R01,training,22,12,0,0.0,0.0,0.0,0.0
A,R01,training,22,13,0,0.0,0.0,0.0,0.0
A,R01,training,22,14,0,0.0,0.0,0.0,0.0
A,R01,training,22,15,0,0.0,0.0,0.0,0.0
A,R01,training,22,16,0,0.0,0.0,0.0,0.0
A,R01,training,22,17,0,0.0,0.0,0.0,0.0
A,R01,training,22,18,0,0.0,0.0,0.0,0.0
A,R01,training,22,19,0,0.0,0.0,0.0,0.0
A,R01,training,22,20,0,0.0,0.0,0.0,0.0
A,R01,training,22,21,0,0.0,0.0,0.0,0.0
A,R01,training,22,22,0,0.0,0.0,0.0,0.0
A,R01,training,22,23,0,0.0,0.0,0.0,0.0
A,R01,training,22,24,0,0.0,0.0,0.0,0.0
A,R01,training,22,25,0,0.0,0.0,0.0,0.0
A,R01,training,22,26,0,0.0,0.0,0.0,0.0
A,R01,training,22,27,0,0.0,0.0,0.0,0.0
A,R01,training,22,28,0,0.0,0.0,0.0,0.0
A,R01,training,22,29,0,0.0,0.0,0.0,0.0
A,R01,training,22,30,0,0.0,0.0,0.0,0.0
A,R01,training,22,31,0,0.0,0.0,0.0,0.0
A,R01,training,22,32,0,0.0,0.0,0.0,0.0
A,R01,training,22,33,0,0.0,0.0,0.0,0.0
A,R01,training,22,34,0,0.0,0.0,0.0,0.0
A,R01,training,22,35,0,0.0,0.0,0.0,0.0
A,R01,training,22,36,0,0.0,0.0,0.0,0.0
A,R01,training,22,37,0,0.0,0.0,0.0,0.0
A,R01,training,22,38,0,0.0,0.0,0.0,0.0
A,R01,training,22,39,0,0.0,0.0,0.0,0.0
A,R01,training,22,40,0,0.0,0.0,0.0,0.0
A,R01,training,22,41,0,0.0,0.0,0.0,0.0
A,R01,training,22,42,0,0.0,0.0,0.0,0.0
A,R01,training,22,43,0,0.0,0.0,0.0,0.0
A,R01,training,22,44,0,0.0,0.0,0.0,0.0
A,R01,training,22,45,0,0.0,0.0,0.0,0.0
A,R01,training,22,46,0,0.0,0.0,0.0,0.0
A,R01,training,22,47,0,0.0,0.0,0.0,0.0
A,R01,training,22,48,0,0.0,0.0,0.0,0.0
A,R01,training,22,49,0,0.0,0.0,0.0,0.0
A,R01,training,22,50,0,0.0,0.0,0.0,0.0
A,R01,training,22,51,0,0.0,0.0,0.0,0.0
A,R01,training,22,52,0,0.0,0.0,0.0,0.0
A,R01,training,22,53,0,0.0,0.0,0.0,0.0
A,R01,training,22,54,0,0.0,0.0,0.0,0.0
A,R01,training,22,55,0,0.0,0.0,0.0,0.0
A,R01,training,22,56,0,0.0,0.0,0.0,0.0
A,R01,training,22,57,0,0.0,0.0,0.0,0.0
A,R01,training,22,58,0,0.0,0.0,0.0,0.0
A,R01,training,22,59,0,0.0,0.0,0.0,0.0
A,R01,training,22,60,0,0.0,0.0,0.0,0.0
A,R01,training,22,61,0,0.0,0.0,0.0,0.0
A,R01,training,22,62,0,0.0,0.0,0.0,0.0
A,R01,training,22,63,0,0.0,0.0,0.0,0.0
A,R01,training,22,64,0,0.0,0.0,0.0,0.0
A,R01,training,22,65,0,0.0,0.0,0.0,0.0
A,R01,training,22,66,0,0.0,0.0,0.0,0.0
A,R01,training,22,67,0,0.0,0.0,0.0,0.0
A,R01,training,22,68,0,0.0,0.0,0.0,0.0
A,R01,training,22,69,0,0.0,0.0,0.0,0.0
A,R01,training,22,70,0,0.0,0.0,0.0,0.0
A,R01,training,22,71,0,0.0,0.0,0.0,0.0
A,R01,training,22,72,0,0.0,0.0,0.0,0.0
A,R01,training,22,73,0,0.0,0.0,0.0,0.0
A,R01,training,22,74,0,0.0,0.0,0.0,0.0
A,R01,training,22,75,0,0.0,0.0,0.0,0.0
A,R01,training,22,76,0,0.0,0.0,0.0,0.0
A,R01,training,22,77,0,0.0,0.0,0.0,0.0
A,R01,training,22,78,0,0.0,0.0,0.0,0.0
A,R01,training,22,79,0,0.0,0.0,0.0,0.0
A,R01,training,22,80,0,0.0,0.0,0.0,0.0
A,R01,training,22,81,0,0.0,0.0,0.0,0.0
A,R01,training,22,82,0,0.0,0.0,0.0,0.0
A,R01,training,22,83,0,0.0,0.0,0.0,0.0
A,R01,training,22,84,0,0.0,0.0,0.0,0.0
A,R01,training,22,85,0,0.0,0.0,0.0,0.0
A,R01,training,22,86,0,0.0,0.0,0.0,0.0
A,R01,training,22,87,0,0.0,0.0,0.0,0.0
A,R01,training,22,88,0,0.0,0.0,0.0,0.0
A,R01,training,22,89,0,0.0,0.0,0.0,0.0
A,R01,training,22,90,0,0.0,0.0,0.0,0.0
A,R01,training,22,91,0,0.0,0.0,0.0,0.0
A,R01,training,22,92,0,0.0,0.0,0.0,0.0
A,R01,training,22,93,0,0.0,0.0,0.0,0.0
A,R01,training,22,94,0,0.0,0.0,0.0,0.0
A,R01,training,22,95,0,0.0,0.0,0.0,0.0
A,R01,training,22,96,0,0.0,0.0,0.0,0.0
A,R01,training,22,97,0,0.0,0.0,0.0,0.0
A,R01,training,22,98,0,0.0,0.0,0.0,0.0
A,R01,training,22,99,0,0.0,0.0,0.0,0.0
A,R01,training,22,100,0,0.0,0.0,0.0,0.0
A,R01,training,22,101,0,0.0,0.0,0.0,0.0
A,R01,training,22,102,0,0.0,0.0,0.0,0.0
A,R01,training,22,103,0,0.0,0.0,0.0,0.0
A,R01,training,22,104,0,0.0,0.0,0.0,0.0
A,R01,training,22,105,0,0.0,0.0,0.0,0.0
A,R01,training,22,106,0,0.0,0.0,0.0,0.0
A,R01,training,22,107,0,0.0,0.0,0.0,0.0
A,R01,training,22,108,0,0.0,0.0,0.0,0.0
A,R01,training,22,109,0,0.0,0.0,0.0,0.0
A,R01,training,22,110,0,0.0,0.0,0.0,0.0
A,R01,training,22,111,0,0.0,0.0,0.0,0.0
A,R01,training,22,112,0,0.0,0.0,0.0,0.0
A,R01,training,22,113,0,0.0,0.0,0.0,0.0
A,R01,training,22,114,0,0.0,0.0,0.0,0.0
A,R01,training,22,115,0,0.0,0.0,0.0,0.0
A,R01,training,22,116,0,0.0,0.0,0.0,0.0
A,R01,training,22,117,0,0.0,0.0,0.0,0.0
A,R01,training,22,118,0,0.0,0.0,0.0,0.0
A,R01,training,22,119,0,0.0,0.0,0.0,0.0
A,R01,training,22,120,0,0.0,0.0,0.0,0.0
A,R01,training,22,121,0,0.0,0.0,0.0,0.0
A,R01,training,22,122,0,0.0,0.0,0.0,0.0
A,R01,training,22,123,0,0.0,0.0,0.0,0.0
A,R01,training,22,124,0,0.0,0.0,0.0,0.0
A,R01,training,22,125,0,0.0,0.0,0.0,0.0
A,R01,training,22,126,0,0.0,0.0,0.0,0.0
A,R01,training,22,127,0,0.0,0.0,0.0,0.0
A,R01,training,22,128,0,0.0,0.0,0.0,0.0
A,R01,training,22,129,0,0.0,0.0,0.0,0.0
A,R01,training,22,130,0,0.0,0.0,0.0,0.0
A,R01,training,22,131,0,0.0,0.0,0.0,0.0
A,R01,training,22,132,0,0.0,0.0,0.0,0.0
A,R01,training,22,133,0,0.0,0.0,0.0,0.0
A,R01,training,22,134,0,0.0,0.0,0.0,0.0
A,R01,training,22,135,0,0.0,0.0,0.0,0.0
A,R01,training,22,136,0,0.0,0.0,0.0,0.0
A,R01,training,22,137,0,0.0,0.0,0.0,0.0
A,R01,training,22,138,0,0.0,0.0,0.0,0.0
A,R01,training,22,139,0,0.0,0.0,0.0,0.0
A,R01,training,22,140,0,0.0,0.0,0.0,0.0
A,R01,training,22,141,0,0.0,0.0,0.0,0.0
A,R01,training,22,142,0,0.0,0.0,0.0,0.0
A,R01,training,22,143,0,0.0,0.0,0.0,0.0
A,R01,training,22,144,0,0.0,0.0,0.0,0.0
A,R01,training,22,145,0,0.0,0.0,0.0,0.0
A,R01,training,22,146,0,0.0,0.0,0.0,0.0
A,R01,training,22,147,0,0.0,0.0,0.0,0.0
A,R01,training,22,148,0,0.0,0.0,0.0,0.0
A,R01,training,22,149,0,0.0,0.0,0.0,0.0
A,R01,training,22,150,0,0.0,0.0,0.0,0.0
A,R01,training,22,151,0,0.0,0.0,0.0,0.0
A,R01,training,22,152,0,0.0,0.0,0.0,0.0
A,R01,training,22,153,0,0.0,0.0,0.0,0.0
A,R01,training,22,154,0,0.0,0.0,0.0,0.0
A,R01,training,22,155,0,0.0,0.0,0.0,0.0
A,R01,training,22,156,0,0.0,0.0,0.0,0.0
A,R01,training,22,157,0,0.0,0.0,0.0,0.0
A,R01,training,22,158,0,0.0,0.0,0.0,0.0
A,R01,training,22,159,0,0.0,0.0,0.0,0.0
A,R01,training,22,160,0,0.0,0.0,0.0,0.0
A,R01,training,22,161,0,0.0,0.0,0.0,0.0
A,R01,training,22,162,0,0.0,0.0,0.0,0.0
A,R01,training,22,163,0,0.0,0.0,0.0,0.0
A,R01,training,22,164,0,0.0,0.0,0.0,0.0
A,R01,training,22,165,0,0.0,0.0,0.0,0.0
A,R01,training,22,166,0,0.0,0.0,0.0,0.0
A,R01,training,22,167,0,0.0,0.0,0.0,0.0
A,R01,training,22,168,0,0.0,0.0,0.0,0.0
A,R01,training,22,169,0,0.0,0.0,0.0,0.0
A,R01,training,22,170,0,0.0,0.0,0.0,0.0
A,R01,training,22,171,0,0.0,0.0,0.0,0.0
A,R01,training,22,172,0,0.0,0.0,0.0,0.0
A,R01,training,22,173,0,0.0,0.0,0.0,0.0
A,R01,training,22,174,0,0.0,0.0,0.0,0.0
A,R01,training,22,175,0,0.0,0.0,0.0,0.0
A,R01,training,22,176,0,0.0,0.0,0.0,0.0
A,R01,training,22,177,0,0.0,0.0,0.0,0.0
A,R01,training,22,178,0,0.0,0.0,0.0,0.0
A,R01,training,22,179,0,0.0,0.0,0.0,0.0
A,R01,training,22,180,0,0.0,0.0,0.0,0.0
A,R01,training,22,181,0,0.0,0.0,0.0,0.0
A,R01,training,22,182,0,0.0,0.0,0.0,0.0
A,R01,training,22,183,0,0.0,0.0,0.0,0.0
A,R01,training,22,184,0,0.0,0.0,0.0,0.0
A,R01,training,22,185,0,0.0,0.0,0.0,0.0
A,R01,training,22,186,0,0.0,0.0,0.0,0.0
A,R01,training,22,187,0,0.0,0.0,0.0,0.0
A,R01,training,22,188,0,0.0,0.0,0.0,0.0
A,R01,training,22,189,0,0.0,0.0,0.0,0.0
A,R01,training,22,190,0,0.0,0.0,0.0,0.0
A,R01,training,22,191,0,0.0,0.0,0.0,0.0
A,R01,training,22,192,0,0.0,0.0,0.0,0.0
A,R01,training,22,193,0,0.0,0.0,0.0,0.0
A,R01,training,22,194,0,0.0,0.0,0.0,0.0
A,R01,training,22,195,0,0.0,0.0,0.0,0.0
A,R01,training,22,196,0,0.0,0.0,0.0,0.0
A,R01,training,22,197,0,0.0,0.0,0.0,0.0
A,R01,training,22,198,0,0.0,0.0,0.0,0.0
A,R01,training,22,199,0,0.0,0.0,0.0,0.0
A,R01,training,22,200,0,0.0,0.0,0.0,0.0
A,R01,training,22,201,0,0.0,0.0,0.0,0.0
A,R01,training,22,202,0,0.0,0.0,0.0,0.0
A,R01,training,22,203,0,0.0,0.0,0.0,0.0
A,R01,training,22,204,0,0.0,0.0,0.0,0.0
A,R01,training,22,205,0,0.0,0.0,0.0,0.0
A,R01,training,22,206,0,0.0,0.0,0.0,0.0
A,R01,training,22,207,0,0.0,0.0,0.0,0.0
A,R01,training,22,208,0,0.0,0.0,0.0,0.0
A,R01,training,22,209,0,0.0,0.0,0.0,0.0
A,R01,training,22,210,0,0.0,0.0,0.0,0.0
A,R01,training,22,211,0,0.0,0.0,0.0,0.0
A,R01,training,22,212,0,0.0,0.0,0.0,0.0
A,R01,training,22,213,0,0.0,0.0,0.0,0.0
A,R01,training,22,214,0,0.0,0.0,0.0,0.0
A,R01,training,22,215,0,0.0,0.0,0.0,0.0
A,R01,training,22,216,0,0.0,0.0,0.0,0.0
A,R01,training,22,217,0,0.0,0.0,0.0,0.0
A,R01,training,22,218,0,0.0,0.0,0.0,0.0
A,R01,training,22,219,0,0.0,0.0,0.0,0.0
A,R01,training,22,220,0,0.0,0.0,0.0,0.0
A,R01,training,22,221,0,0.0,0.0,0.0,0.0
A,R01,training,22,222,0,0.0,0.0,0.0,0.0
A,R01,training,22,223,0,0.0,0.0,0.0,0.0
A,R01,training,22,224,0,0.0,0.0,0.0,0.0
A,R01,training,22,225,0,0.0,0.0,0.0,0.0
A,R01,training,22,226,0,0.0,0.0,0.0,0.0
A,R01,training,22,227,0,0.0,0.0,0.0,0.0
A,R01,training,22,228,0,0.0,0.0,0.0,0.0
A,R01,training,22,229,0,0.0,0.0,0.0,0.0
A,R01,training,22,230,0,0.0,0.0,0.0,0.0
A,R01,training,22,231,0,0.0,0.0,0.0,0.0
A,R01,training,22,232,0,0.0,0.0,0.0,0.0
A,R01,training,22,233,0,0.0,0.0,0.0,0.0
B,R01,training,22,0,0,0.0,0.0,0.0,0.0
B,R01,training,22,1,0,0.0,0.0,0.0,0.0
B,R01,training,22,2,0,0.0,0.0,0.0,0.0
B,R01,training,22,3,0,0.0,0.0,0.0,0.0
B,R01,training,22,4,0,0.0,0.0,0.0,0.0
B,R01,training,22,5,0,0.0,0.0,0.0,0.0
B,R01,training,22,6,0,0.0,0.0,0.0,0.0
B,R01,training,22,7,0,0.0,0.0,0.0,0.0
B,R01,training,22,8,0,0.0,0.0,0.0,0.0
B,R01,training,22,9,0,0.0,0.0,0.0,0.0
B,R01,training,22,10,0,0.0,0.0,0.0,0.0
B,R01,training,22,11,0,0.0,0.0,0.0,0.0
B,R01,training,22,12,0,0.0,0.0,0.0,0.0
B,R01,training,22,13,0,0.0,0.0,0.0,0.0
B,R01,training,22,14,0,0.0,0.0,0.0,0.0
B,R01,training,22,15,0,0.0,0.0,0.0,0.0
B,R01,training,22,16,0,0.0,0.0,0.0,0.0
B,R01,training,22,17,0,0.0,0.0,0.0,0.0
B,R01,training,22,18,0,0.0,0.0,0.0,0.0
B,R01,training,22,19,0,0.0,0.0,0.0,0.0
B,R01,training,22,20,0,0.0,0.0,0.0,0.0
B,R01,training,22,21,0,0.0,0.0,0.0,0.0
B,R01,training,22,22,0,0.0,0.0,0.0,0.0
B,R01,training,22,23,0,0.0,0.0,0.0,0.0
B,R01,training,22,24,0,0.0,0.0,0.0,0.0
B,R01,training,22,25,0,0.0,0.0,0.0,0.0
B,R01,training,22,26,0,0.0,0.0,0.0,0.0
B,R01,training,22,27,0,0.0,0.0,0.0,0.0
B,R01,training,22,28,0,0.0,0.0,0.0,0.0
B,R01,training,22,29,0,0.0,0.0,0.0,0.0
B,R01,training,22,30,0,0.0,0.0,0.0,0.0
B,R01,training,22,31,0,0.0,0.0,0.0,0.0
B,R01,training,22,32,0,0.0,0.0,0.0,0.0
B,R01,training,22,33,0,0.0,0.0,0.0,0.0
B,R01,training,22,34,0,0.0,0.0,0.0,0.0
B,R01,training,22,35,0,0.0,0.0,0.0,0.0
B,R01,training,22,36,0,0.0,0.0,0.0,0.0
B,R01,training,22,37,0,0.0,0.0,0.0,0.0
B,R01,training,22,38,0,0.0,0.0,0.0,0.0
B,R01,training,22,39,0,0.0,0.0,0.0,0.0
B,R01,training,22,40,0,0.0,0.0,0.0,0.0
B,R01,training,22,41,0,0.0,0.0,0.0,0.0
B,R01,training,22,42,0,0.0,0.0,0.0,0.0
B,R01,training,22,43,0,0.0,0.0,0.0,0.0
B,R01,training,22,44,0,0.0,0.0,0.0,0.0
B,R01,training,22,45,0,0.0,0.0,0.0,0.0
B,R01,training,22,46,0,0.0,0.0,0.0,0.0
B,R01,training,22,47,0,0.0,0.0,0.0,0.0
B,R01,training,22,48,0,0.0,0.0,0.0,0.0
B,R01,training,22,49,0,0.0,0.0,0.0,0.0
B,R01,training,22,50,0,0.0,0.0,0.0,0.0
B,R01,training,22,51,0,0.0,0.0,0.0,0.0
B,R01,training,22,52,0,0.0,0.0,0.0,0.0
B,R01,training,22,53,0,0.0,0.0,0.0,0.0
B,R01,training,22,54,0,0.0,0.0,0.0,0.0
B,R01,training,22,55,0,0.0,0.0,0.0,0.0
B,R01,training,22,56,0,0.0,0.0,0.0,0.0
B,R01,training,22,57,0,0.0,0.0,0.0,0.0
B,R01,training,22,58,0,0.0,0.0,0.0,0.0
B,R01,training,22,59,0,0.0,0.0,0.0,0.0
B,R01,training,22,60,0,0.0,0.0,0.0,0.0
B,R01,training,22,61,0,0.0,0.0,0.0,0.0
B,R01,training,22,62,0,0.0,0.0,0.0,0.0
B,R01,training,22,63,0,0.0,0.0,0.0,0.0
B,R01,training,22,64,0,0.0,0.0,0.0,0.0
B,R01,training,22,65,0,0.0,0.0,0.0,0.0
B,R01,training,22,66,0,0.0,0.0,0.0,0.0
B,R01,training,22,67,0,0.0,0.0,0.0,0.0
B,R01,training,22,68,0,0.0,0.0,0.0,0.0
B,R01,training,22,69,0,0.0,0.0,0.0,0.0
B,R01,training,22,70,0,0.0,0.0,0.0,0.0
B,R01,training,22,71,0,0.0,0.0,0.0,0.0
B,R01,training,22,72,0,0.0,0.0,0.0,0.0
B,R01,training,22,73,0,0.0,0.0,0.0,0.0
B,R01,training,22,74,0,0.0,0.0,0.0,0.0
B,R01,training,22,75,0,0.0,0.0,0.0,0.0
B,R01,training,22,76,0,0.0,0.0,0.0,0.0
B,R01,training,22,77,0,0.0,0.0,0.0,0.0
B,R01,training,22,78,0,0.0,0.0,0.0,0.0
B,R01,training,22,79,0,0.0,0.0,0.0,0.0
B,R01,training,22,80,0,0.0,0.0,0.0,0.0
B,R01,training,22,81,0,0.0,0.0,0.0,0.0
B,R01,training,22,82,0,0.0,0.0,0.0,0.0
B,R01,training,22,83,0,0.0,0.0,0.0,0.0
B,R01,training,22,84,0,0.0,0.0,0.0,0.0
B,R01,training,22,85,0,0.0,0.0,0.0,0.0
B,R01,training,22,86,0,0.0,0.0,0.0,0.0
B,R01,training,22,87,0,0.0,0.0,0.0,0.0
B,R01,training,22,88,0,0.0,0.0,0.0,0.0
B,R01,training,22,89,0,0.0,0.0,0.0,0.0
B,R01,training,22,90,0,0.0,0.0,0.0,0.0
B,R01,training,22,91,0,0.0,0.0,0.0,0.0
B,R01,training,22,92,0,0.0,0.0,0.0,0.0
B,R01,training,22,93,0,0.0,0.0,0.0,0.0
B,R01,training,22,94,0,0.0,0.0,0.0,0.0
B,R01,training,22,95,0,0.0,0.0,0.0,0.0
B,R01,training,22,96,0,0.0,0.0,0.0,0.0
B,R01,training,22,97,0,0.0,0.0,0.0,0.0
B,R01,training,22,98,0,0.0,0.0,0.0,0.0
B,R01,training,22,99,0,0.0,0.0,0.0,0.0
B,R01,training,22,100,0,0.0,0.0,0.0,0.0
B,R01,training,22,101,0,0.0,0.0,0.0,0.0
B,R01,training,22,102,0,0.0,0.0,0.0,0.0
B,R01,training,22,103,0,0.0,0.0,0.0,0.0
B,R01,training,22,104,0,0.0,0.0,0.0,0.0
B,R01,training,22,105,0,0.0,0.0,0.0,0.0
B,R01,training,22,106,0,0.0,0.0,0.0,0.0
B,R01,training,22,107,0,0.0,0.0,0.0,0.0
B,R01,training,22,108,0,0.0,0.0,0.0,0.0
B,R01,training,22,109,0,0.0,0.0,0.0,0.0
B,R01,training,22,110,0,0.0,0.0,0.0,0.0
B,R01,training,22,111,0,0.0,0.0,0.0,0.0
B,R01,training,22,112,0,0.0,0.0,0.0,0.0
B,R01,training,22,113,0,0.0,0.0,0.0,0.0
B,R01,training,22,114,0,0.0,0.0,0.0,0.0
B,R01,training,22,115,0,0.0,0.0,0.0,0.0
B,R01,training,22,116,0,0.0,0.0,0.0,0.0
B,R01,training,22,117,0,0.0,0.0,0.0,0.0
B,R01,training,22,118,0,0.0,0.0,0.0,0.0
B,R01,training,22,119,0,0.0,0.0,0.0,0.0
B,R01,training,22,120,0,0.0,0.0,0.0,0.0
B,R01,training,22,121,0,0.0,0.0,0.0,0.0
B,R01,training,22,122,0,0.0,0.0,0.0,0.0
B,R01,training,22,123,0,0.0,0.0,0.0,0.0
B,R01,training,22,124,0,0.0,0.0,0.0,0.0
B,R01,training,22,125,0,0.0,0.0,0.0,0.0
B,R01,training,22,126,0,0.0,0.0,0.0,0.0
B,R01,training,22,127,0,0.0,0.0,0.0,0.0
B,R01,training,22,128,0,0.0,0.0,0.0,0.0
B,R01,training,22,129,0,0.0,0.0,0.0,0.0
B,R01,training,22,130,0,0.0,0.0,0.0,0.0
B,R01,training,22,131,0,0.0,0.0,0.0,0.0
B,R01,training,22,132,0,0.0,0.0,0.0,0.0
B,R01,training,22,133,0,0.0,0.0,0.0,0.0
B,R01,training,22,134,0,0.0,0.0,0.0,0.0
B,R01,training,22,135,0,0.0,0.0,0.0,0.0
B,R01,training,22,136,0,0.0,0.0,0.0,0.0
B,R01,training,22,137,0,0.0,0.0,0.0,0.0
B,R01,training,22,138,0,0.0,0.0,0.0,0.0
B,R01,training,22,139,0,0.0,0.0,0.0,0.0
B,R01,training,22,140,0,0.0,0.0,0.0,0.0
B,R01,training,22,141,0,0.0,0.0,0.0,0.0
B,R01,training,22,142,0,0.0,0.0,0.0,0.0
B,R01,training,22,143,0,0.0,0.0,0.0,0.0
B,R01,training,22,144,0,0.0,0.0,0.0,0.0
B,R01,training,22,145,0,0.0,0.0,0.0,0.0
B,R01,training,22,146,0,0.0,0.0,0.0,0.0
B,R01,training,22,147,0,0.0,0.0,0.0,0.0
B,R01,training,22,148,0,0.0,0.0,0.0,0.0
B,R01,training,22,149,0,0.0,0.0,0.0,0.0
B,R01,training,22,150,0,0.0,0.0,0.0,0.0
B,R01,training,22,151,0,0.0,0.0,0.0,0.0
B,R01,training,22,152,0,0.0,0.0,0.0,0.0
B,R01,training,22,153,0,0.0,0.0,0.0,0.0
B,R01,training,22,154,0,0.0,0.0,0.0,0.0
B,R01,training,22,155,0,0.0,0.0,0.0,0.0
B,R01,training,22,156,0,0.0,0.0,0.0,0.0
B,R01,training,22,157,0,0.0,0.0,0.0,0.0
B,R01,training,22,158,0,0.0,0.0,0.0,0.0
B,R01,training,22,159,0,0.0,0.0,0.0,0.0
B,R01,training,22,160,0,0.0,0.0,0.0,0.0
B,R01,training,22,161,0,0.0,0.0,0.0,0.0
B,R01,training,22,162,0,0.0,0.0,0.0,0.0
B,R01,training,22,163,0,0.0,0.0,0.0,0.0
B,R01,training,22,164,0,0.0,0.0,0.0,0.0
B,R01,training,22,165,0,0.0,0.0,0.0,0.0
B,R01,training,22,166,0,0.0,0.0,0.0,0.0
B,R01,training,22,167,0,0.0,0.0,0.0,0.0
B,R01,training,22,168,0,0.0,0.0,0.0,0.0
B,R01,training,22,169,0,0.0,0.0,0.0,0.0
B,R01,training,22,170,0,0.0,0.0,0.0,0.0
B,R01,training,22,171,0,0.0,0.0,0.0,0.0
B,R01,training,22,172,0,0.0,0.0,0.0,0.0
B,R01,training,22,173,0,0.0,0.0,0.0,0.0
B,R01,training,22,174,0,0.0,0.0,0.0,0.0
B,R01,training,22,175,0,0.0,0.0,0.0,0.0
B,R01,training,22,176,0,0.0,0.0,0.0,0.0
B,R01,training,22,177,0,0.0,0.0,0.0,0.0
B,R01,training,22,178,0,0.0,0.0,0.0,0.0
B,R01,training,22,179,0,0.0,0.0,0.0,0.0
B,R01,training,22,180,0,0.0,0.0,0.0,0.0
B,R01,training,22,181,0,0.0,0.0,0.0,0.0
B,R01,training,22,182,0,0.0,0.0,0.0,0.0
B,R01,training,22,183,0,0.0,0.0,0.0,0.0
B,R01,training,22,184,0,0.0,0.0,0.0,0.0
B,R01,training,22,185,0,0.0,0.0,0.0,0.0
B,R01,training,22,186,0,0.0,0.0,0.0,0.0
B,R01,training,22,187,0,0.0,0.0,0.0,0.0
B,R01,training,22,188,0,0.0,0.0,0.0,0.0
B,R01,training,22,189,0,0.0,0.0,0.0,0.0
B,R01,training,22,190,0,0.0,0.0,0.0,0.0
B,R01,training,22,191,0,0.0,0.0,0.0,0.0
B,R01,training,22,192,0,0.0,0.0,0.0,0.0
B,R01,training,22,193,0,0.0,0.0,0.0,0.0
B,R01,training,22,194,0,0.0,0.0,0.0,0.0
B,R01,training,22,195,0,0.0,0.0,0.0,0.0
B,R01,training,22,196,0,0.0,0.0,0.0,0.0
B,R01,training,22,197,0,0.0,0.0,0.0,0.0
B,R01,training,22,198,0,0.0,0.0,0.0,0.0
B,R01,training,22,199,0,0.0,0.0,0.0,0.0
B,R01,training,22,200,0,0.0,0.0,0.0,0.0
B,R01,training,22,201,0,0.0,0.0,0.0,0.0
B,R01,training,22,202,0,0.0,0.0,0.0,0.0
B,R01,training,22,203,0,0.0,0.0,0.0,0.0
B,R01,training,22,204,0,0.0,0.0,0.0,0.0
B,R01,training,22,205,0,0.0,0.0,0.0,0.0
B,R01,training,22,206,0,0.0,0.0,0.0,0.0
B,R01,training,22,207,0,0.0,0.0,0.0,0.0
B,R01,training,22,208,0,0.0,0.0,0.0,0.0
B,R01,training,22,209,0,0.0,0.0,0.0,0.0
B,R01,training,22,210,0,0.0,0.0,0.0,0.0
B,R01,training,22,211,0,0.0,0.0,0.0,0.0
B,R01,training,22,212,0,0.0,0.0,0.0,0.0
B,R01,training,22,213,0,0.0,0.0,0.0,0.0
B,R01,training,22,214,0,0.0,0.0,0.0,0.0
B,R01,training,22,215,0,0.0,0.0,0.0,0.0
B,R01,training,22,216,0,0.0,0.0,0.0,0.0
B,R01,training,22,217,0,0.0,0.0,0.0,0.0
B,R01,training,22,218,0,0.0,0.0,0.0,0.0
B,R01,training,22,219,0,0.0,0.0,0.0,0.0
B,R01,training,22,220,0,0.0,0.0,0.0,0.0
B,R01,training,22,221,0,0.0,0.0,0.0,0.0
B,R01,training,22,222,0,0.0,0.0,0.0,0.0
B,R01,training,22,223,0,0.0,0.0,0.0,0.0
B,R01,training,22,224,0,0.0,0.0,0.0,0.0
B,R01,training,22,225,0,0.0,0.0,0.0,0.0
B,R01,training,22,226,0,0.0,0.0,0.0,0.0
B,R01,training,22,227,0,0.0,0.0,0.0,0.0
B,R01,training,22,228,0,0.0,0.0,0.0,0.0
B,R01,training,22,229,0,0.0,0.0,0.0,0.0
B,R01,training,22,230,0,0.0,0.0,0.0,0.0
B,R01,training,22,231,0,0.0,0.0,0.0,0.0
B,R01,training,22,232,0,0.0,0.0,0.0,0.0
B,R01,training,22,233,0,0.0,0.0,0.0,0.0
C,R01,training,22,0,0,0.0,0.0,0.0,0.0
C,R01,training,22,1,0,0.0,0.0,0.0,0.0
C,R01,training,22,2,0,0.0,0.0,0.0,0.0
C,R01,training,22,3,0,0.0,0.0,0.0,0.0
C,R01,training,22,4,0,0.0,0.0,0.0,0.0
C,R01,training,22,5,0,0.0,0.0,0.0,0.0
C,R01,training,22,6,0,0.0,0.0,0.0,0.0
C,R01,training,22,7,0,0.0,0.0,0.0,0.0
C,R01,training,22,8,0,0.0,0.0,0.0,0.0
C,R01,training,22,9,0,0.0,0.0,0.0,0.0
C,R01,training,22,10,0,0.0,0.0,0.0,0.0
C,R01,training,22,11,0,0.0,0.0,0.0,0.0
C,R01,training,22,12,0,0.0,0.0,0.0,0.0
C,R01,training,22,13,0,0.0,0.0,0.0,0.0
C,R01,training,22,14,0,0.0,0.0,0.0,0.0
C,R01,training,22,15,0,0.0,0.0,0.0,0.0
C,R01,training,22,16,0,0.0,0.0,0.0,0.0
C,R01,training,22,17,0,0.0,0.0,0.0,0.0
C,R01,training,22,18,0,0.0,0.0,0.0,0.0
C,R01,training,22,19,0,0.0,0.0,0.0,0.0
C,R01,training,22,20,0,0.0,0.0,0.0,0.0
C,R01,training,22,21,0,0.0,0.0,0.0,0.0
C,R01,training,22,22,0,0.0,0.0,0.0,0.0
C,R01,training,22,23,0,0.0,0.0,0.0,0.0
C,R01,training,22,24,0,0.0,0.0,0.0,0.0
C,R01,training,22,25,0,0.0,0.0,0.0,0.0
C,R01,training,22,26,0,0.0,0.0,0.0,0.0
C,R01,training,22,27,0,0.0,0.0,0.0,0.0
C,R01,training,22,28,0,0.0,0.0,0.0,0.0
C,R01,training,22,29,0,0.0,0.0,0.0,0.0
C,R01,training,22,30,0,0.0,0.0,0.0,0.0
C,R01,training,22,31,0,0.0,0.0,0.0,0.0
C,R01,training,22,32,0,0.0,0.0,0.0,0.0
C,R01,training,22,33,0,0.0,0.0,0.0,0.0
C,R01,training,22,34,0,0.0,0.0,0.0,0.0
C,R01,training,22,35,0,0.0,0.0,0.0,0.0
C,R01,training,22,36,0,0.0,0.0,0.0,0.0
C,R01,training,22,37,0,0.0,0.0,0.0,0.0
C,R01,training,22,38,0,0.0,0.0,0.0,0.0
C,R01,training,22,39,0,0.0,0.0,0.0,0.0
C,R01,training,22,40,0,0.0,0.0,0.0,0.0
C,R01,training,22,41,0,0.0,0.0,0.0,0.0
C,R01,training,22,42,0,0.0,0.0,0.0,0.0
C,R01,training,22,43,0,0.0,0.0,0.0,0.0
C,R01,training,22,44,0,0.0,0.0,0.0,0.0
C,R01,training,22,45,0,0.0,0.0,0.0,0.0
C,R01,training,22,46,0,0.0,0.0,0.0,0.0
C,R01,training,22,47,0,0.0,0.0,0.0,0.0
C,R01,training,22,48,0,0.0,0.0,0.0,0.0
C,R01,training,22,49,0,0.0,0.0,0.0,0.0
C,R01,training,22,50,0,0.0,0.0,0.0,0.0
C,R01,training,22,51,0,0.0,0.0,0.0,0.0
C,R01,training,22,52,0,0.0,0.0,0.0,0.0
C,R01,training,22,53,0,0.0,0.0,0.0,0.0
C,R01,training,22,54,0,0.0,0.0,0.0,0.0
C,R01,training,22,55,0,0.0,0.0,0.0,0.0
C,R01,training,22,56,0,0.0,0.0,0.0,0.0
C,R01,training,22,57,0,0.0,0.0,0.0,0.0
C,R01,training,22,58,0,0.0,0.0,0.0,0.0
C,R01,training,22,59,0,0.0,0.0,0.0,0.0
C,R01,training,22,60,0,0.0,0.0,0.0,0.0
C,R01,training,22,61,0,0.0,0.0,0.0,0.0
C,R01,training,22,62,0,0.0,0.0,0.0,0.0
C,R01,training,22,63,0,0.0,0.0,0.0,0.0
C,R01,training,22,64,0,0.0,0.0,0.0,0.0
C,R01,training,22,65,0,0.0,0.0,0.0,0.0
C,R01,training,22,66,0,0.0,0.0,0.0,0.0
C,R01,training,22,67,0,0.0,0.0,0.0,0.0
C,R01,training,22,68,0,0.0,0.0,0.0,0.0
C,R01,training,22,69,0,0.0,0.0,0.0,0.0
C,R01,training,22,70,0,0.0,0.0,0.0,0.0
C,R01,training,22,71,0,0.0,0.0,0.0,0.0
C,R01,training,22,72,0,0.0,0.0,0.0,0.0
C,R01,training,22,73,0,0.0,0.0,0.0,0.0
C,R01,training,22,74,0,0.0,0.0,0.0,0.0
C,R01,training,22,75,0,0.0,0.0,0.0,0.0
C,R01,training,22,76,0,0.0,0.0,0.0,0.0
C,R01,training,22,77,0,0.0,0.0,0.0,0.0
C,R01,training,22,78,0,0.0,0.0,0.0,0.0
C,R01,training,22,79,0,0.0,0.0,0.0,0.0
C,R01,training,22,80,0,0.0,0.0,0.0,0.0
C,R01,training,22,81,0,0.0,0.0,0.0,0.0
C,R01,training,22,82,0,0.0,0.0,0.0,0.0
C,R01,training,22,83,0,0.0,0.0,0.0,0.0
C,R01,training,22,84,0,0.0,0.0,0.0,0.0
C,R01,training,22,85,0,0.0,0.0,0.0,0.0
C,R01,training,22,86,0,0.0,0.0,0.0,0.0
C,R01,training,22,87,0,0.0,0.0,0.0,0.0
C,R01,training,22,88,0,0.0,0.0,0.0,0.0
C,R01,training,22,89,0,0.0,0.0,0.0,0.0
C,R01,training,22,90,0,0.0,0.0,0.0,0.0
C,R01,training,22,91,0,0.0,0.0,0.0,0.0
C,R01,training,22,92,0,0.0,0.0,0.0,0.0
C,R01,training,22,93,0,0.0,0.0,0.0,0.0
C,R01,training,22,94,0,0.0,0.0,0.0,0.0
C,R01,training,22,95,0,0.0,0.0,0.0,0.0
C,R01,training,22,96,0,0.0,0.0,0.0,0.0
C,R01,training,22,97,0,0.0,0.0,0.0,0.0
C,R01,training,22,98,0,0.0,0.0,0.0,0.0
C,R01,training,22,99,0,0.0,0.0,0.0,0.0
C,R01,training,22,100,0,0.0,0.0,0.0,0.0
C,R01,training,22,101,0,0.0,0.0,0.0,0.0
C,R01,training,22,102,0,0.0,0.0,0.0,0.0
C,R01,training,22,103,0,0.0,0.0,0.0,0.0
C,R01,training,22,104,0,0.0,0.0,0.0,0.0
C,R01,training,22,105,0,0.0,0.0,0.0,0.0
C,R01,training,22,106,0,0.0,0.0,0.0,0.0
C,R01,training,22,107,0,0.0,0.0,0.0,0.0
C,R01,training,22,108,0,0.0,0.0,0.0,0.0
C,R01,training,22,109,0,0.0,0.0,0.0,0.0
C,R01,training,22,110,0,0.0,0.0,0.0,0.0
C,R01,training,22,111,0,0.0,0.0,0.0,0.0
C,R01,training,22,112,0,0.0,0.0,0.0,0.0
C,R01,training,22,113,0,0.0,0.0,0.0,0.0
C,R01,training,22,114,0,0.0,0.0,0.0,0.0
C,R01,training,22,115,0,0.0,0.0,0.0,0.0
C,R01,training,22,116,0,0.0,0.0,0.0,0.0
C,R01,training,22,117,0,0.0,0.0,0.0,0.0
C,R01,training,22,118,0,0.0,0.0,0.0,0.0
C,R01,training,22,119,0,0.0,0.0,0.0,0.0
C,R01,training,22,120,0,0.0,0.0,0.0,0.0
C,R01,training,22,121,0,0.0,0.0,0.0,0.0
C,R01,training,22,122,0,0.0,0.0,0.0,0.0
C,R01,training,22,123,0,0.0,0.0,0.0,0.0
C,R01,training,22,124,0,0.0,0.0,0.0,0.0
C,R01,training,22,125,0,0.0,0.0,0.0,0.0
C,R01,training,22,126,0,0.0,0.0,0.0,0.0
C,R01,training,22,127,0,0.0,0.0,0.0,0.0
C,R01,training,22,128,0,0.0,0.0,0.0,0.0
C,R01,training,22,129,0,0.0,0.0,0.0,0.0
C,R01,training,22,130,0,0.0,0.0,0.0,0.0
C,R01,training,22,131,0,0.0,0.0,0.0,0.0
C,R01,training,22,132,0,0.0,0.0,0.0,0.0
C,R01,training,22,133,0,0.0,0.0,0.0,0.0
C,R01,training,22,134,0,0.0,0.0,0.0,0.0
C,R01,training,22,135,0,0.0,0.0,0.0,0.0
C,R01,training,22,136,0,0.0,0.0,0.0,0.0
C,R01,training,22,137,0,0.0,0.0,0.0,0.0
C,R01,training,22,138,0,0.0,0.0,0.0,0.0
C,R01,training,22,139,0,0.0,0.0,0.0,0.0
C,R01,training,22,140,0,0.0,0.0,0.0,0.0
C,R01,training,22,141,0,0.0,0.0,0.0,0.0
C,R01,training,22,142,0,0.0,0.0,0.0,0.0
C,R01,training,22,143,0,0.0,0.0,0.0,0.0
C,R01,training,22,144,0,0.0,0.0,0.0,0.0
C,R01,training,22,145,0,0.0,0.0,0.0,0.0
C,R01,training,22,146,0,0.0,0.0,0.0,0.0
C,R01,training,22,147,0,0.0,0.0,0.0,0.0
C,R01,training,22,148,0,0.0,0.0,0.0,0.0
C,R01,training,22,149,0,0.0,0.0,0.0,0.0
C,R01,training,22,150,0,0.0,0.0,0.0,0.0
C,R01,training,22,151,0,0.0,0.0,0.0,0.0
C,R01,training,22,152,0,0.0,0.0,0.0,0.0
C,R01,training,22,153,0,0.0,0.0,0.0,0.0
C,R01,training,22,154,0,0.0,0.0,0.0,0.0
C,R01,training,22,155,0,0.0,0.0,0.0,0.0
C,R01,training,22,156,0,0.0,0.0,0.0,0.0
C,R01,training,22,157,0,0.0,0.0,0.0,0.0
C,R01,training,22,158,0,0.0,0.0,0.0,0.0
C,R01,training,22,159,0,0.0,0.0,0.0,0.0
C,R01,training,22,160,0,0.0,0.0,0.0,0.0
C,R01,training,22,161,0,0.0,0.0,0.0,0.0
C,R01,training,22,162,0,0.0,0.0,0.0,0.0
C,R01,training,22,163,0,0.0,0.0,0.0,0.0
C,R01,training,22,164,0,0.0,0.0,0.0,0.0
C,R01,training,22,165,0,0.0,0.0,0.0,0.0
C,R01,training,22,166,0,0.0,0.0,0.0,0.0
C,R01,training,22,167,0,0.0,0.0,0.0,0.0
C,R01,training,22,168,0,0.0,0.0,0.0,0.0
C,R01,training,22,169,0,0.0,0.0,0.0,0.0
C,R01,training,22,170,0,0.0,0.0,0.0,0.0
C,R01,training,22,171,0,0.0,0.0,0.0,0.0
C,R01,training,22,172,0,0.0,0.0,0.0,0.0
C,R01,training,22,173,0,0.0,0.0,0.0,0.0
C,R01,training,22,174,0,0.0,0.0,0.0,0.0
C,R01,training,22,175,0,0.0,0.0,0.0,0.0
C,R01,training,22,176,0,0.0,0.0,0.0,0.0
C,R01,training,22,177,0,0.0,0.0,0.0,0.0
C,R01,training,22,178,0,0.0,0.0,0.0,0.0
C,R01,training,22,179,0,0.0,0.0,0.0,0.0
C,R01,training,22,180,0,0.0,0.0,0.0,0.0
C,R01,training,22,181,0,0.0,0.0,0.0,0.0
C,R01,training,22,182,0,0.0,0.0,0.0,0.0
C,R01,training,22,183,0,0.0,0.0,0.0,0.0
C,R01,training,22,184,0,0.0,0.0,0.0,0.0
C,R01,training,22,185,0,0.0,0.0,0.0,0.0
C,R01,training,22,186,0,0.0,0.0,0.0,0.0
C,R01,training,22,187,0,0.0,0.0,0.0,0.0
C,R01,training,22,188,0,0.0,0.0,0.0,0.0
C,R01,training,22,189,0,0.0,0.0,0.0,0.0
C,R01,training,22,190,0,0.0,0.0,0.0,0.0
C,R01,training,22,191,0,0.0,0.0,0.0,0.0
C,R01,training,22,192,0,0.0,0.0,0.0,0.0
C,R01,training,22,193,0,0.0,0.0,0.0,0.0
C,R01,training,22,194,0,0.0,0.0,0.0,0.0
C,R01,training,22,195,0,0.0,0.0,0.0,0.0
C,R01,training,22,196,0,0.0,0.0,0.0,0.0
C,R01,training,22,197,0,0.0,0.0,0.0,0.0
C,R01,training,22,198,0,0.0,0.0,0.0,0.0
C,R01,training,22,199,0,0.0,0.0,0.0,0.0
C,R01,training,22,200,0,0.0,0.0,0.0,0.0
C,R01,training,22,201,0,0.0,0.0,0.0,0.0
C,R01,training,22,202,0,0.0,0.0,0.0,0.0
C,R01,training,22,203,0,0.0,0.0,0.0,0.0
C,R01,training,22,204,0,0.0,0.0,0.0,0.0
C,R01,training,22,205,0,0.0,0.0,0.0,0.0
C,R01,training,22,206,0,0.0,0.0,0.0,0.0
C,R01,training,22,207,0,0.0,0.0,0.0,0.0
C,R01,training,22,208,0,0.0,0.0,0.0,0.0
C,R01,training,22,209,0,0.0,0.0,0.0,0.0
C,R01,training,22,210,0,0.0,0.0,0.0,0.0
C,R01,training,22,211,0,0.0,0.0,0.0,0.0
C,R01,training,22,212,0,0.0,0.0,0.0,0.0
C,R01,training,22,213,0,0.0,0.0,0.0,0.0
C,R01,training,22,214,0,0.0,0.0,0.0,0.0
C,R01,training,22,215,0,0.0,0.0,0.0,0.0
C,R01,training,22,216,0,0.0,0.0,0.0,0.0
C,R01,training,22,217,0,0.0,0.0,0.0,0.0
C,R01,training,22,218,0,0.0,0.0,0.0,0.0
C,R01,training,22,219,0,0.0,0.0,0.0,0.0
C,R01,training,22,220,0,0.0,0.0,0.0,0.0
C,R01,training,22,221,0,0.0,0.0,0.0,0.0
C,R01,training,22,222,0,0.0,0.0,0.0,0.0
C,R01,training,22,223,0,0.0,0.0,0.0,0.0
C,R01,training,22,224,0,0.0,0.0,0.0,0.0
C,R01,training,22,225,0,0.0,0.0,0.0,0.0
C,R01,training,22,226,0,0.0,0.0,0.0,0.0
C,R01,training,22,227,0,0.0,0.0,0.0,0.0
C,R01,training,22,228,0,0.0,0.0,0.0,0.0
C,R01,training,22,229,0,0.0,0.0,0.0,0.0
C,R01,training,22,230,0,0.0,0.0,0.0,0.0
C,R01,training,22,231,0,0.0,0.0,0.0,0.0
C,R01,training,22,232,0,0.0,0.0,0.0,0.0
C,R01,training,22,233,0,0.0,0.0,0.0,0.0
P1,R01,training,22,0,0,0.0,0.0,0.0,0.0
P1,R01,training,22,1,0,0.0,0.0,0.0,0.0
P1,R01,training,22,2,0,0.0,0.0,0.0,0.0
P1,R01,training,22,3,0,0.0,0.0,0.0,0.0
P1,R01,training,22,4,0,0.0,0.0,0.0,0.0
P1,R01,training,22,5,0,0.0,0.0,0.0,0.0
P1,R01,training,22,6,0,0.0,0.0,0.0,0.0
P1,R01,training,22,7,0,0.0,0.0,0.0,0.0
P1,R01,training,22,8,0,0.0,0.0,0.0,0.0
P1,R01,training,22,9,0,0.0,0.0,0.0,0.0
P1,R01,training,22,10,0,0.0,0.0,0.0,0.0
P1,R01,training,22,11,0,0.0,0.0,0.0,0.0
P1,R01,training,22,12,0,0.0,0.0,0.0,0.0
P1,R01,training,22,13,0,0.0,0.0,0.0,0.0
P1,R01,training,22,14,0,0.0,0.0,0.0,0.0
P1,R01,training,22,15,0,0.0,0.0,0.0,0.0
P1,R01,training,22,16,0,0.0,0.0,0.0,0.0
P1,R01,training,22,17,0,0.0,0.0,0.0,0.0
P1,R01,training,22,18,0,0.0,0.0,0.0,0.0
P1,R01,training,22,19,0,0.0,0.0,0.0,0.0
P1,R01,training,22,20,0,0.0,0.0,0.0,0.0
P1,R01,training,22,21,0,0.0,0.0,0.0,0.0
P1,R01,training,22,22,0,0.0,0.0,0.0,0.0
P1,R01,training,22,23,0,0.0,0.0,0.0,0.0
P1,R01,training,22,24,0,0.0,0.0,0.0,0.0
P1,R01,training,22,25,0,0.0,0.0,0.0,0.0
P1,R01,training,22,26,0,0.0,0.0,0.0,0.0
P1,R01,training,22,27,0,0.0,0.0,0.0,0.0
P1,R01,training,22,28,0,0.0,0.0,0.0,0.0
P1,R01,training,22,29,0,0.0,0.0,0.0,0.0
P1,R01,training,22,30,0,0.0,0.0,0.0,0.0
P1,R01,training,22,31,0,0.0,0.0,0.0,0.0
P1,R01,training,22,32,0,0.0,0.0,0.0,0.0
P1,R01,training,22,33,0,0.0,0.0,0.0,0.0
P1,R01,training,22,34,0,0.0,0.0,0.0,0.0
P1,R01,training,22,35,0,0.0,0.0,0.0,0.0
P1,R01,training,22,36,0,0.0,0.0,0.0,0.0
P1,R01,training,22,37,0,0.0,0.0,0.0,0.0
P1,R01,training,22,38,0,0.0,0.0,0.0,0.0
P1,R01,training,22,39,0,0.0,0.0,0.0,0.0
P1,R01,training,22,40,0,0.0,0.0,0.0,0.0
P1,R01,training,22,41,0,0.0,0.0,0.0,0.0
P1,R01,training,22,42,0,0.0,0.0,0.0,0.0
P1,R01,training,22,43,0,0.0,0.0,0.0,0.0
P1,R01,training,22,44,0,0.0,0.0,0.0,0.0
P1,R01,training,22,45,0,0.0,0.0,0.0,0.0
P1,R01,training,22,46,0,0.0,0.0,0.0,0.0
P1,R01,training,22,47,0,0.0,0.0,0.0,0.0
P1,R01,training,22,48,0,0.0,0.0,0.0,0.0
P1,R01,training,22,49,0,0.0,0.0,0.0,0.0
P1,R01,training,22,50,0,0.0,0.0,0.0,0.0
P1,R01,training,22,51,0,0.0,0.0,0.0,0.0
P1,R01,training,22,52,0,0.0,0.0,0.0,0.0
P1,R01,training,22,53,0,0.0,0.0,0.0,0.0
P1,R01,training,22,54,0,0.0,0.0,0.0,0.0
P1,R01,training,22,55,0,0.0,0.0,0.0,0.0
P1,R01,training,22,56,0,0.0,0.0,0.0,0.0
P1,R01,training,22,57,0,0.0,0.0,0.0,0.0
P1,R01,training,22,58,0,0.0,0.0,0.0,0.0
P1,R01,training,22,59,0,0.0,0.0,0.0,0.0
P1,R01,training,22,60,0,0.0,0.0,0.0,0.0
P1,R01,training,22,61,0,0.0,0.0,0.0,0.0
P1,R01,training,22,62,0,0.0,0.0,0.0,0.0
P1,R01,training,22,63,0,0.0,0.0,0.0,0.0
P1,R01,training,22,64,0,0.0,0.0,0.0,0.0
P1,R01,training,22,65,0,0.0,0.0,0.0,0.0
P1,R01,training,22,66,0,0.0,0.0,0.0,0.0
P1,R01,training,22,67,0,0.0,0.0,0.0,0.0
P1,R01,training,22,68,0,0.0,0.0,0.0,0.0
P1,R01,training,22,69,0,0.0,0.0,0.0,0.0
P1,R01,training,22,70,0,0.0,0.0,0.0,0.0
P1,R01,training,22,71,0,0.0,0.0,0.0,0.0
P1,R01,training,22,72,0,0.0,0.0,0.0,0.0
P1,R01,training,22,73,0,0.0,0.0,0.0,0.0
P1,R01,training,22,74,0,0.0,0.0,0.0,0.0
P1,R01,training,22,75,0,0.0,0.0,0.0,0.0
P1,R01,training,22,76,0,0.0,0.0,0.0,0.0
P1,R01,training,22,77,0,0.0,0.0,0.0,0.0
P1,R01,training,22,78,0,0.0,0.0,0.0,0.0
P1,R01,training,22,79,0,0.0,0.0,0.0,0.0
P1,R01,training,22,80,0,0.0,0.0,0.0,0.0
P1,R01,training,22,81,0,0.0,0.0,0.0,0.0
P1,R01,training,22,82,0,0.0,0.0,0.0,0.0
P1,R01,training,22,83,0,0.0,0.0,0.0,0.0
P1,R01,training,22,84,0,0.0,0.0,0.0,0.0
P1,R01,training,22,85,0,0.0,0.0,0.0,0.0
P1,R01,training,22,86,0,0.0,0.0,0.0,0.0
P1,R01,training,22,87,0,0.0,0.0,0.0,0.0
P1,R01,training,22,88,0,0.0,0.0,0.0,0.0
P1,R01,training,22,89,0,0.0,0.0,0.0,0.0
P1,R01,training,22,90,0,0.0,0.0,0.0,0.0
P1,R01,training,22,91,0,0.0,0.0,0.0,0.0
P1,R01,training,22,92,0,0.0,0.0,0.0,0.0
P1,R01,training,22,93,0,0.0,0.0,0.0,0.0
P1,R01,training,22,94,0,0.0,0.0,0.0,0.0
P1,R01,training,22,95,0,0.0,0.0,0.0,0.0
P1,R01,training,22,96,0,0.0,0.0,0.0,0.0
P1,R01,training,22,97,0,0.0,0.0,0.0,0.0
P1,R01,training,22,98,0,0.0,0.0,0.0,0.0
P1,R01,training,22,99,0,0.0,0.0,0.0,0.0
P1,R01,training,22,100,0,0.0,0.0,0.0,0.0
P1,R01,training,22,101,0,0.0,0.0,0.0,0.0
P1,R01,training,22,102,0,0.0,0.0,0.0,0.0
P1,R01,training,22,103,0,0.0,0.0,0.0,0.0
P1,R01,training,22,104,0,0.0,0.0,0.0,0.0
P1,R01,training,22,105,0,0.0,0.0,0.0,0.0
P1,R01,training,22,106,0,0.0,0.0,0.0,0.0
P1,R01,training,22,107,0,0.0,0.0,0.0,0.0
P1,R01,training,22,108,0,0.0,0.0,0.0,0.0
P1,R01,training,22,109,0,0.0,0.0,0.0,0.0
P1,R01,training,22,110,0,0.0,0.0,0.0,0.0
P1,R01,training,22,111,0,0.0,0.0,0.0,0.0
P1,R01,training,22,112,0,0.0,0.0,0.0,0.0
P1,R01,training,22,113,0,0.0,0.0,0.0,0.0
P1,R01,training,22,114,0,0.0,0.0,0.0,0.0
P1,R01,training,22,115,0,0.0,0.0,0.0,0.0
P1,R01,training,22,116,0,0.0,0.0,0.0,0.0
P1,R01,training,22,117,0,0.0,0.0,0.0,0.0
P1,R01,training,22,118,0,0.0,0.0,0.0,0.0
P1,R01,training,22,119,0,0.0,0.0,0.0,0.0
P1,R01,training,22,120,0,0.0,0.0,0.0,0.0
P1,R01,training,22,121,0,0.0,0.0,0.0,0.0
P1,R01,training,22,122,0,0.0,0.0,0.0,0.0
P1,R01,training,22,123,0,0.0,0.0,0.0,0.0
P1,R01,training,22,124,0,0.0,0.0,0.0,0.0
P1,R01,training,22,125,0,0.0,0.0,0.0,0.0
P1,R01,training,22,126,0,0.0,0.0,0.0,0.0
P1,R01,training,22,127,0,0.0,0.0,0.0,0.0
P1,R01,training,22,128,0,0.0,0.0,0.0,0.0
P1,R01,training,22,129,0,0.0,0.0,0.0,0.0
P1,R01,training,22,130,0,0.0,0.0,0.0,0.0
P1,R01,training,22,131,0,0.0,0.0,0.0,0.0
P1,R01,training,22,132,0,0.0,0.0,0.0,0.0
P1,R01,training,22,133,0,0.0,0.0,0.0,0.0
P1,R01,training,22,134,0,0.0,0.0,0.0,0.0
P1,R01,training,22,135,0,0.0,0.0,0.0,0.0
P1,R01,training,22,136,0,0.0,0.0,0.0,0.0
P1,R01,training,22,137,0,0.0,0.0,0.0,0.0
P1,R01,training,22,138,0,0.0,0.0,0.0,0.0
P1,R01,training,22,139,0,0.0,0.0,0.0,0.0
P1,R01,training,22,140,0,0.0,0.0,0.0,0.0
P1,R01,training,22,141,0,0.0,0.0,0.0,0.0
P1,R01,training,22,142,0,0.0,0.0,0.0,0.0
P1,R01,training,22,143,0,0.0,0.0,0.0,0.0
P1,R01,training,22,144,0,0.0,0.0,0.0,0.0
P1,R01,training,22,145,0,0.0,0.0,0.0,0.0
P1,R01,training,22,146,0,0.0,0.0,0.0,0.0
P1,R01,training,22,147,0,0.0,0.0,0.0,0.0
P1,R01,training,22,148,0,0.0,0.0,0.0,0.0
P1,R01,training,22,149,0,0.0,0.0,0.0,0.0
P1,R01,training,22,150,0,0.0,0.0,0.0,0.0
P1,R01,training,22,151,0,0.0,0.0,0.0,0.0
P1,R01,training,22,152,0,0.0,0.0,0.0,0.0
P1,R01,training,22,153,0,0.0,0.0,0.0,0.0
P1,R01,training,22,154,0,0.0,0.0,0.0,0.0
P1,R01,training,22,155,0,0.0,0.0,0.0,0.0
P1,R01,training,22,156,0,0.0,0.0,0.0,0.0
P1,R01,training,22,157,0,0.0,0.0,0.0,0.0
P1,R01,training,22,158,0,0.0,0.0,0.0,0.0
P1,R01,training,22,159,0,0.0,0.0,0.0,0.0
P1,R01,training,22,160,0,0.0,0.0,0.0,0.0
P1,R01,training,22,161,0,0.0,0.0,0.0,0.0
P1,R01,training,22,162,0,0.0,0.0,0.0,0.0
P1,R01,training,22,163,0,0.0,0.0,0.0,0.0
P1,R01,training,22,164,0,0.0,0.0,0.0,0.0
P1,R01,training,22,165,0,0.0,0.0,0.0,0.0
P1,R01,training,22,166,0,0.0,0.0,0.0,0.0
P1,R01,training,22,167,0,0.0,0.0,0.0,0.0
P1,R01,training,22,168,0,0.0,0.0,0.0,0.0
P1,R01,training,22,169,0,0.0,0.0,0.0,0.0
P1,R01,training,22,170,0,0.0,0.0,0.0,0.0
P1,R01,training,22,171,0,0.0,0.0,0.0,0.0
P1,R01,training,22,172,0,0.0,0.0,0.0,0.0
P1,R01,training,22,173,0,0.0,0.0,0.0,0.0
P1,R01,training,22,174,0,0.0,0.0,0.0,0.0
P1,R01,training,22,175,0,0.0,0.0,0.0,0.0
P1,R01,training,22,176,0,0.0,0.0,0.0,0.0
P1,R01,training,22,177,0,0.0,0.0,0.0,0.0
P1,R01,training,22,178,0,0.0,0.0,0.0,0.0
P1,R01,training,22,179,0,0.0,0.0,0.0,0.0
P1,R01,training,22,180,0,0.0,0.0,0.0,0.0
P1,R01,training,22,181,0,0.0,0.0,0.0,0.0
P1,R01,training,22,182,0,0.0,0.0,0.0,0.0
P1,R01,training,22,183,0,0.0,0.0,0.0,0.0
P1,R01,training,22,184,0,0.0,0.0,0.0,0.0
P1,R01,training,22,185,0,0.0,0.0,0.0,0.0
P1,R01,training,22,186,0,0.0,0.0,0.0,0.0
P1,R01,training,22,187,0,0.0,0.0,0.0,0.0
P1,R01,training,22,188,0,0.0,0.0,0.0,0.0
P1,R01,training,22,189,0,0.0,0.0,0.0,0.0
P1,R01,training,22,190,0,0.0,0.0,0.0,0.0
P1,R01,training,22,191,0,0.0,0.0,0.0,0.0
P1,R01,training,22,192,0,0.0,0.0,0.0,0.0
P1,R01,training,22,193,0,0.0,0.0,0.0,0.0
P1,R01,training,22,194,0,0.0,0.0,0.0,0.0
P1,R01,training,22,195,0,0.0,0.0,0.0,0.0
P1,R01,training,22,196,0,0.0,0.0,0.0,0.0
P1,R01,training,22,197,0,0.0,0.0,0.0,0.0
P1,R01,training,22,198,0,0.0,0.0,0.0,0.0
P1,R01,training,22,199,0,0.0,0.0,0.0,0.0
P1,R01,training,22,200,0,0.0,0.0,0.0,0.0
P1,R01,training,22,201,0,0.0,0.0,0.0,0.0
P1,R01,training,22,202,0,0.0,0.0,0.0,0.0
P1,R01,training,22,203,0,0.0,0.0,0.0,0.0
P1,R01,training,22,204,0,0.0,0.0,0.0,0.0
P1,R01,training,22,205,0,0.0,0.0,0.0,0.0
P1,R01,training,22,206,0,0.0,0.0,0.0,0.0
P1,R01,training,22,207,0,0.0,0.0,0.0,0.0
P1,R01,training,22,208,0,0.0,0.0,0.0,0.0
P1,R01,training,22,209,0,0.0,0.0,0.0,0.0
P1,R01,training,22,210,0,0.0,0.0,0.0,0.0
P1,R01,training,22,211,0,0.0,0.0,0.0,0.0
P1,R01,training,22,212,0,0.0,0.0,0.0,0.0
P1,R01,training,22,213,0,0.0,0.0,0.0,0.0
P1,R01,training,22,214,0,0.0,0.0,0.0,0.0
P1,R01,training,22,215,0,0.0,0.0,0.0,0.0
P1,R01,training,22,216,0,0.0,0.0,0.0,0.0
P1,R01,training,22,217,0,0.0,0.0,0.0,0.0
P1,R01,training,22,218,0,0.0,0.0,0.0,0.0
P1,R01,training,22,219,0,0.0,0.0,0.0,0.0
P1,R01,training,22,220,0,0.0,0.0,0.0,0.0
P1,R01,training,22,221,0,0.0,0.0,0.0,0.0
P1,R01,training,22,222,0,0.0,0.0,0.0,0.0
P1,R01,training,22,223,0,0.0,0.0,0.0,0.0
P1,R01,training,22,224,0,0.0,0.0,0.0,0.0
P1,R01,training,22,225,0,0.0,0.0,0.0,0.0
P1,R01,training,22,226,0,0.0,0.0,0.0,0.0
P1,R01,training,22,227,0,0.0,0.0,0.0,0.0
P1,R01,training,22,228,0,0.0,0.0,0.0,0.0
P1,R01,training,22,229,0,0.0,0.0,0.0,0.0
P1,R01,training,22,230,0,0.0,0.0,0.0,0.0
P1,R01,training,22,231,0,0.0,0.0,0.0,0.0
P1,R01,training,22,232,0,0.0,0.0,0.0,0.0
P1,R01,training,22,233,0,0.0,0.0,0.0,0.0
P2,R01,training,22,0,0,0.0,0.0,0.0,0.0
P2,R01,training,22,1,0,0.0,0.0,0.0,0.0
P2,R01,training,22,2,0,0.0,0.0,0.0,0.0
P2,R01,training,22,3,0,0.0,0.0,0.0,0.0
P2,R01,training,22,4,0,0.0,0.0,0.0,0.0
P2,R01,training,22,5,0,0.0,0.0,0.0,0.0
P2,R01,training,22,6,0,0.0,0.0,0.0,0.0
P2,R01,training,22,7,0,0.0,0.0,0.0,0.0
P2,R01,training,22,8,0,0.0,0.0,0.0,0.0
P2,R01,training,22,9,0,0.0,0.0,0.0,0.0
P2,R01,training,22,10,0,0.0,0.0,0.0,0.0
P2,R01,training,22,11,0,0.0,0.0,0.0,0.0
P2,R01,training,22,12,0,0.0,0.0,0.0,0.0
P2,R01,training,22,13,0,0.0,0.0,0.0,0.0
P2,R01,training,22,14,0,0.0,0.0,0.0,0.0
P2,R01,training,22,15,0,0.0,0.0,0.0,0.0
P2,R01,training,22,16,0,0.0,0.0,0.0,0.0
P2,R01,training,22,17,0,0.0,0.0,0.0,0.0
P2,R01,training,22,18,0,0.0,0.0,0.0,0.0
P2,R01,training,22,19,0,0.0,0.0,0.0,0.0
P2,R01,training,22,20,0,0.0,0.0,0.0,0.0
P2,R01,training,22,21,0,0.0,0.0,0.0,0.0
P2,R01,training,22,22,0,0.0,0.0,0.0,0.0
P2,R01,training,22,23,0,0.0,0.0,0.0,0.0
P2,R01,training,22,24,0,0.0,0.0,0.0,0.0
P2,R01,training,22,25,0,0.0,0.0,0.0,0.0
P2,R01,training,22,26,0,0.0,0.0,0.0,0.0
P2,R01,training,22,27,0,0.0,0.0,0.0,0.0
P2,R01,training,22,28,0,0.0,0.0,0.0,0.0
P2,R01,training,22,29,0,0.0,0.0,0.0,0.0
P2,R01,training,22,30,0,0.0,0.0,0.0,0.0
P2,R01,training,22,31,0,0.0,0.0,0.0,0.0
P2,R01,training,22,32,0,0.0,0.0,0.0,0.0
P2,R01,training,22,33,0,0.0,0.0,0.0,0.0
P2,R01,training,22,34,0,0.0,0.0,0.0,0.0
P2,R01,training,22,35,0,0.0,0.0,0.0,0.0
P2,R01,training,22,36,0,0.0,0.0,0.0,0.0
P2,R01,training,22,37,0,0.0,0.0,0.0,0.0
P2,R01,training,22,38,0,0.0,0.0,0.0,0.0
P2,R01,training,22,39,0,0.0,0.0,0.0,0.0
P2,R01,training,22,40,0,0.0,0.0,0.0,0.0
P2,R01,training,22,41,0,0.0,0.0,0.0,0.0
P2,R01,training,22,42,0,0.0,0.0,0.0,0.0
P2,R01,training,22,43,0,0.0,0.0,0.0,0.0
P2,R01,training,22,44,0,0.0,0.0,0.0,0.0
P2,R01,training,22,45,0,0.0,0.0,0.0,0.0
P2,R01,training,22,46,0,0.0,0.0,0.0,0.0
P2,R01,training,22,47,0,0.0,0.0,0.0,0.0
P2,R01,training,22,48,0,0.0,0.0,0.0,0.0
P2,R01,training,22,49,0,0.0,0.0,0.0,0.0
P2,R01,training,22,50,0,0.0,0.0,0.0,0.0
P2,R01,training,22,51,0,0.0,0.0,0.0,0.0
P2,R01,training,22,52,0,0.0,0.0,0.0,0.0
P2,R01,training,22,53,0,0.0,0.0,0.0,0.0
P2,R01,training,22,54,0,0.0,0.0,0.0,0.0
P2,R01,training,22,55,0,0.0,0.0,0.0,0.0
P2,R01,training,22,56,0,0.0,0.0,0.0,0.0
P2,R01,training,22,57,0,0.0,0.0,0.0,0.0
P2,R01,training,22,58,0,0.0,0.0,0.0,0.0
P2,R01,training,22,59,0,0.0,0.0,0.0,0.0
P2,R01,training,22,60,0,0.0,0.0,0.0,0.0
P2,R01,training,22,61,0,0.0,0.0,0.0,0.0
P2,R01,training,22,62,0,0.0,0.0,0.0,0.0
P2,R01,training,22,63,0,0.0,0.0,0.0,0.0
P2,R01,training,22,64,0,0.0,0.0,0.0,0.0
P2,R01,training,22,65,0,0.0,0.0,0.0,0.0
P2,R01,training,22,66,0,0.0,0.0,0.0,0.0
P2,R01,training,22,67,0,0.0,0.0,0.0,0.0
P2,R01,training,22,68,0,0.0,0.0,0.0,0.0
P2,R01,training,22,69,0,0.0,0.0,0.0,0.0
P2,R01,training,22,70,0,0.0,0.0,0.0,0.0
P2,R01,training,22,71,0,0.0,0.0,0.0,0.0
P2,R01,training,22,72,0,0.0,0.0,0.0,0.0
P2,R01,training,22,73,0,0.0,0.0,0.0,0.0
P2,R01,training,22,74,0,0.0,0.0,0.0,0.0
P2,R01,training,22,75,0,0.0,0.0,0.0,0.0
P2,R01,training,22,76,0,0.0,0.0,0.0,0.0
P2,R01,training,22,77,0,0.0,0.0,0.0,0.0
P2,R01,training,22,78,0,0.0,0.0,0.0,0.0
P2,R01,training,22,79,0,0.0,0.0,0.0,0.0
P2,R01,training,22,80,0,0.0,0.0,0.0,0.0
P2,R01,training,22,81,0,0.0,0.0,0.0,0.0
P2,R01,training,22,82,0,0.0,0.0,0.0,0.0
P2,R01,training,22,83,0,0.0,0.0,0.0,0.0
P2,R01,training,22,84,0,0.0,0.0,0.0,0.0
P2,R01,training,22,85,0,0.0,0.0,0.0,0.0
P2,R01,training,22,86,0,0.0,0.0,0.0,0.0
P2,R01,training,22,87,0,0.0,0.0,0.0,0.0
P2,R01,training,22,88,0,0.0,0.0,0.0,0.0
P2,R01,training,22,89,0,0.0,0.0,0.0,0.0
P2,R01,training,22,90,0,0.0,0.0,0.0,0.0
P2,R01,training,22,91,0,0.0,0.0,0.0,0.0
P2,R01,training,22,92,0,0.0,0.0,0.0,0.0
P2,R01,training,22,93,0,0.0,0.0,0.0,0.0
P2,R01,training,22,94,0,0.0,0.0,0.0,0.0
P2,R01,training,22,95,0,0.0,0.0,0.0,0.0
P2,R01,training,22,96,0,0.0,0.0,0.0,0.0
P2,R01,training,22,97,0,0.0,0.0,0.0,0.0
P2,R01,training,22,98,0,0.0,0.0,0.0,0.0
P2,R01,training,22,99,0,0.0,0.0,0.0,0.0
P2,R01,training,22,100,0,0.0,0.0,0.0,0.0
P2,R01,training,22,101,0,0.0,0.0,0.0,0.0
P2,R01,training,22,102,0,0.0,0.0,0.0,0.0
P2,R01,training,22,103,0,0.0,0.0,0.0,0.0
P2,R01,training,22,104,0,0.0,0.0,0.0,0.0
P2,R01,training,22,105,0,0.0,0.0,0.0,0.0
P2,R01,training,22,106,0,0.0,0.0,0.0,0.0
P2,R01,training,22,107,0,0.0,0.0,0.0,0.0
P2,R01,training,22,108,0,0.0,0.0,0.0,0.0
P2,R01,training,22,109,0,0.0,0.0,0.0,0.0
P2,R01,training,22,110,0,0.0,0.0,0.0,0.0
P2,R01,training,22,111,0,0.0,0.0,0.0,0.0
P2,R01,training,22,112,0,0.0,0.0,0.0,0.0
P2,R01,training,22,113,0,0.0,0.0,0.0,0.0
P2,R01,training,22,114,0,0.0,0.0,0.0,0.0
P2,R01,training,22,115,0,0.0,0.0,0.0,0.0
P2,R01,training,22,116,0,0.0,0.0,0.0,0.0
P2,R01,training,22,117,0,0.0,0.0,0.0,0.0
P2,R01,training,22,118,0,0.0,0.0,0.0,0.0
P2,R01,training,22,119,0,0.0,0.0,0.0,0.0
P2,R01,training,22,120,0,0.0,0.0,0.0,0.0
P2,R01,training,22,121,0,0.0,0.0,0.0,0.0
P2,R01,training,22,122,0,0.0,0.0,0.0,0.0
P2,R01,training,22,123,0,0.0,0.0,0.0,0.0
P2,R01,training,22,124,0,0.0,0.0,0.0,0.0
P2,R01,training,22,125,0,0.0,0.0,0.0,0.0
P2,R01,training,22,126,0,0.0,0.0,0.0,0.0
P2,R01,training,22,127,0,0.0,0.0,0.0,0.0
P2,R01,training,22,128,0,0.0,0.0,0.0,0.0
P2,R01,training,22,129,0,0.0,0.0,0.0,0.0
P2,R01,training,22,130,0,0.0,0.0,0.0,0.0
P2,R01,training,22,131,0,0.0,0.0,0.0,0.0
P2,R01,training,22,132,0,0.0,0.0,0.0,0.0
P2,R01,training,22,133,0,0.0,0.0,0.0,0.0
P2,R01,training,22,134,0,0.0,0.0,0.0,0.0
P2,R01,training,22,135,0,0.0,0.0,0.0,0.0
P2,R01,training,22,136,0,0.0,0.0,0.0,0.0
P2,R01,training,22,137,0,0.0,0.0,0.0,0.0
P2,R01,training,22,138,0,0.0,0.0,0.0,0.0
P2,R01,training,22,139,0,0.0,0.0,0.0,0.0
P2,R01,training,22,140,0,0.0,0.0,0.0,0.0
P2,R01,training,22,141,0,0.0,0.0,0.0,0.0
P2,R01,training,22,142,0,0.0,0.0,0.0,0.0
P2,R01,training,22,143,0,0.0,0.0,0.0,0.0
P2,R01,training,22,144,0,0.0,0.0,0.0,0.0
P2,R01,training,22,145,0,0.0,0.0,0.0,0.0
P2,R01,training,22,146,0,0.0,0.0,0.0,0.0
P2,R01,training,22,147,0,0.0,0.0,0.0,0.0
P2,R01,training,22,148,0,0.0,0.0,0.0,0.0
P2,R01,training,22,149,0,0.0,0.0,0.0,0.0
P2,R01,training,22,150,0,0.0,0.0,0.0,0.0
P2,R01,training,22,151,0,0.0,0.0,0.0,0.0
P2,R01,training,22,152,0,0.0,0.0,0.0,0.0
P2,R01,training,22,153,0,0.0,0.0,0.0,0.0
P2,R01,training,22,154,0,0.0,0.0,0.0,0.0
P2,R01,training,22,155,0,0.0,0.0,0.0,0.0
P2,R01,training,22,156,0,0.0,0.0,0.0,0.0
P2,R01,training,22,157,0,0.0,0.0,0.0,0.0
P2,R01,training,22,158,0,0.0,0.0,0.0,0.0
P2,R01,training,22,159,0,0.0,0.0,0.0,0.0
P2,R01,training,22,160,0,0.0,0.0,0.0,0.0
P2,R01,training,22,161,0,0.0,0.0,0.0,0.0
P2,R01,training,22,162,0,0.0,0.0,0.0,0.0
P2,R01,training,22,163,0,0.0,0.0,0.0,0.0
P2,R01,training,22,164,0,0.0,0.0,0.0,0.0
P2,R01,training,22,165,0,0.0,0.0,0.0,0.0
P2,R01,training,22,166,0,0.0,0.0,0.0,0.0
P2,R01,training,22,167,0,0.0,0.0,0.0,0.0
P2,R01,training,22,168,0,0.0,0.0,0.0,0.0
P2,R01,training,22,169,0,0.0,0.0,0.0,0.0
P2,R01,training,22,170,0,0.0,0.0,0.0,0.0
P2,R01,training,22,171,0,0.0,0.0,0.0,0.0
P2,R01,training,22,172,0,0.0,0.0,0.0,0.0
P2,R01,training,22,173,0,0.0,0.0,0.0,0.0
P2,R01,training,22,174,0,0.0,0.0,0.0,0.0
P2,R01,training,22,175,0,0.0,0.0,0.0,0.0
P2,R01,training,22,176,0,0.0,0.0,0.0,0.0
P2,R01,training,22,177,0,0.0,0.0,0.0,0.0
P2,R01,training,22,178,0,0.0,0.0,0.0,0.0
P2,R01,training,22,179,0,0.0,0.0,0.0,0.0
P2,R01,training,22,180,0,0.0,0.0,0.0,0.0
P2,R01,training,22,181,0,0.0,0.0,0.0,0.0
P2,R01,training,22,182,0,0.0,0.0,0.0,0.0
P2,R01,training,22,183,0,0.0,0.0,0.0,0.0
P2,R01,training,22,184,0,0.0,0.0,0.0,0.0
P2,R01,training,22,185,0,0.0,0.0,0.0,0.0
P2,R01,training,22,186,0,0.0,0.0,0.0,0.0
P2,R01,training,22,187,0,0.0,0.0,0.0,0.0
P2,R01,training,22,188,0,0.0,0.0,0.0,0.0
P2,R01,training,22,189,0,0.0,0.0,0.0,0.0
P2,R01,training,22,190,0,0.0,0.0,0.0,0.0
P2,R01,training,22,191,0,0.0,0.0,0.0,0.0
P2,R01,training,22,192,0,0.0,0.0,0.0,0.0
P2,R01,training,22,193,0,0.0,0.0,0.0,0.0
P2,R01,training,22,194,0,0.0,0.0,0.0,0.0
P2,R01,training,22,195,0,0.0,0.0,0.0,0.0
P2,R01,training,22,196,0,0.0,0.0,0.0,0.0
P2,R01,training,22,197,0,0.0,0.0,0.0,0.0
P2,R01,training,22,198,0,0.0,0.0,0.0,0.0
P2,R01,training,22,199,0,0.0,0.0,0.0,0.0
P2,R01,training,22,200,0,0.0,0.0,0.0,0.0
P2,R01,training,22,201,0,0.0,0.0,0.0,0.0
P2,R01,training,22,202,0,0.0,0.0,0.0,0.0
P2,R01,training,22,203,0,0.0,0.0,0.0,0.0
P2,R01,training,22,204,0,0.0,0.0,0.0,0.0
P2,R01,training,22,205,0,0.0,0.0,0.0,0.0
P2,R01,training,22,206,0,0.0,0.0,0.0,0.0
P2,R01,training,22,207,0,0.0,0.0,0.0,0.0
P2,R01,training,22,208,0,0.0,0.0,0.0,0.0
P2,R01,training,22,209,0,0.0,0.0,0.0,0.0
P2,R01,training,22,210,0,0.0,0.0,0.0,0.0
P2,R01,training,22,211,0,0.0,0.0,0.0,0.0
P2,R01,training,22,212,0,0.0,0.0,0.0,0.0
P2,R01,training,22,213,0,0.0,0.0,0.0,0.0
P2,R01,training,22,214,0,0.0,0.0,0.0,0.0
P2,R01,training,22,215,0,0.0,0.0,0.0,0.0
P2,R01,training,22,216,0,0.0,0.0,0.0,0.0
P2,R01,training,22,217,0,0.0,0.0,0.0,0.0
P2,R01,training,22,218,0,0.0,0.0,0.0,0.0
P2,R01,training,22,219,0,0.0,0.0,0.0,0.0
P2,R01,training,22,220,0,0.0,0.0,0.0,0.0
P2,R01,training,22,221,0,0.0,0.0,0.0,0.0
P2,R01,training,22,222,0,0.0,0.0,0.0,0.0
P2,R01,training,22,223,0,0.0,0.0,0.0,0.0
P2,R01,training,22,224,0,0.0,0.0,0.0,0.0
P2,R01,training,22,225,0,0.0,0.0,0.0,0.0
P2,R01,training,22,226,0,0.0,0.0,0.0,0.0
P2,R01,training,22,227,0,0.0,0.0,0.0,0.0
P2,R01,training,22,228,0,0.0,0.0,0.0,0.0
P2,R01,training,22,229,0,0.0,0.0,0.0,0.0
P2,R01,training,22,230,0,0.0,0.0,0.0,0.0
P2,R01,training,22,231,0,0.0,0.0,0.0,0.0
P2,R01,training,22,232,0,0.0,0.0,0.0,0.0
P2,R01,training,22,233,0,0.0,0.0,0.0,0.0
P3,R01,training,22,0,0,0.0,0.0,0.2114087152455638,0.12932178836904365
P3,R01,training,22,1,0,0.0,0.0,0.2114087152455638,0.13041754830080055
P3,R01,training,22,2,0,0.0,0.0,0.2114087152455638,0.13151298519287868
P3,R01,training,22,3,0,0.0,0.0,0.2114087152455638,0.13260793561933956
P3,R01,training,22,4,0,0.0,0.0,0.2114087152455638,0.1337022348946512
P3,R01,training,22,5,0,0.0,0.0,0.2114087152455638,0.13479571711152027
P3,R01,training,22,6,0,0.0,0.0,0.2114087152455638,0.1358882151794866
P3,R01,training,22,7,0,0.0,0.0,0.2114087152455638,0.1369795608642682
P3,R01,training,22,8,0,0.0,0.0,0.2114087152455638,0.1380695848278462
P3,R01,training,22,9,0,0.0,0.0,0.2114087152455638,0.13915811666927796
P3,R01,training,22,10,0,0.0,0.0,0.2114087152455638,0.14024498496622614
P3,R01,training,22,11,0,0.0,0.0,0.2114087152455638,0.14133001731719128
P3,R01,training,22,12,0,0.0,0.0,0.2114087152455638,0.14241304038443478
P3,R01,training,22,13,0,0.0,0.0,0.2114087152455638,0.14349387993757876
P3,R01,training,22,14,0,0.0,0.0,0.2114087152455638,0.14457236089786907
P3,R01,training,22,15,0,0.0,0.0,0.2114087152455638,0.14564830738308654
P3,R01,training,22,16,0,1.0,1.0,0.21525145960113076,0.14938847812328096
P3,R01,training,22,17,0,1.0,1.0,0.21525145960113076,0.15047828056052212
P3,R01,training,22,18,0,1.0,1.0,0.21525145960113076,0.15156496077475504
P3,R01,training,22,19,0,1.0,1.0,0.21525145960113076,0.15264833688444623
P3,R01,training,22,20,0,1.0,1.0,0.21525145960113076,0.15372822642799316
P3,R01,training,22,21,0,1.0,1.0,0.21525145960113076,0.15480444641308208
P3,R01,training,22,22,0,1.0,1.0,0.21525145960113076,0.1558768133665908
P3,R01,training,22,23,0,1.0,1.0,0.21525145960113076,0.15694514338501891
P3,R01,training,22,24,0,1.0,1.0,0.21525145960113076,0.15800925218542752
P3,R01,training,22,25,0,1.0,1.0,0.21525145960113076,0.15906895515686814
P3,R01,training,22,26,0,1.0,1.0,0.21525145960113076,0.16012406741228305
P3,R01,training,22,27,0,1.0,1.0,0.21525145960113076,0.16117440384085657
P3,R01,training,22,28,0,1.0,1.0,0.21525145960113076,0.16221977916079736
P3,R01,training,22,29,0,1.0,1.0,0.21525145960113076,0.16326000797253187
P3,R01,training,22,30,0,1.0,1.0,0.21525145960113076,0.16429490481228753
P3,R01,training,22,31,0,1.0,1.0,0.21525145960113076,0.1653242842060453
P3,R01,training,22,32,0,1.0,1.0,0.21701673381490533,0.1677121780263562
P3,R01,training,22,33,0,1.0,1.0,0.21701673381490533,0.16873831320462127
P3,R01,training,22,34,0,1.0,1.0,0.21701673381490533,0.16975832519021733
P3,R01,training,22,35,0,1.0,1.0,0.21701673381490533,0.17077202749736448
P3,R01,training,22,36,0,1.0,1.0,0.21701673381490533,0.17177923390674404
P3,R01,training,22,37,0,1.0,1.0,0.21701673381490533,0.17277975852166338
P3,R01,training,22,38,0,1.0,1.0,0.21701673381490533,0.17377341582443553
P3,R01,training,22,39,0,1.0,1.0,0.21701673381490533,0.17476002073295094
P3,R01,training,22,40,0,1.0,1.0,0.21701673381490533,0.17573938865741656
P3,R01,training,22,41,0,1.0,1.0,0.21701673381490533,0.17671133555723928
P3,R01,training,22,42,0,1.0,1.0,0.21701673381490533,0.17767567799802864
P3,R01,training,22,43,0,1.0,1.0,0.21701673381490533,0.17863223320869528
P3,R01,training,22,44,0,1.0,1.0,0.21701673381490533,0.17958081913861984
P3,R01,training,22,45,0,1.0,1.0,0.21701673381490533,0.18052125451486797
P3,R01,training,22,46,0,1.0,1.0,0.21701673381490533,0.1814533588994266
P3,R01,training,22,47,0,1.0,1.0,0.21701673381490533,0.18237695274643606
P3,R01,training,22,48,0,0.0,0.0,0.2166529359464654,0.18298459457752267
P3,R01,training,22,49,0,0.0,0.0,0.2166529359464654,0.18388911372185388
P3,R01,training,22,50,0,0.0,0.0,0.2166529359464654,0.18478460477544276
P3,R01,training,22,51,0,0.0,0.0,0.2166529359464654,0.18567089262644745
P3,R01,training,22,52,0,0.0,0.0,0.2166529359464654,0.1865478033384236
P3,R01,training,22,53,0,0.0,0.0,0.2166529359464654,0.18741516420690618
P3,R01,training,22,54,0,0.0,0.0,0.2166529359464654,0.18827280381580908
P3,R01,training,22,55,0,0.0,0.0,0.2166529359464654,0.18912055209361786
P3,R01,training,22,56,0,0.0,0.0,0.2166529359464654,0.18995824036934914
P3,R01,training,22,57,0,0.0,0.0,0.2166529359464654,0.19078570142825155
P3,R01,training,22,58,0,0.0,0.0,0.2166529359464654,0.19160276956722225
P3,R01,training,22,59,0,0.0,0.0,0.2166529359464654,0.19240928064991358
P3,R01,training,22,60,0,0.0,0.0,0.2166529359464654,0.1932050721615043
P3,R01,training,22,61,0,0.0,0.0,0.2166529359464654,0.19398998326310987
P3,R01,training,22,62,0,0.0,0.0,0.2166529359464654,0.1947638548458064
P3,R01,training,22,63,0,0.0,0.0,0.2166529359464654,0.19552652958424285
P3,R01,training,22,64,0,1.0,1.0,0.2712626568308217,0.24575181211004038
P3,R01,training,22,65,0,1.0,1.0,0.2712626568308217,0.2466781073449096
P3,R01,training,22,66,0,1.0,1.0,0.2712626568308217,0.24758980656853782
P3,R01,training,22,67,0,1.0,1.0,0.2712626568308217,0.24848672239242814
P3,R01,training,22,68,0,1.0,1.0,0.2712626568308217,0.24936866998802334
P3,R01,training,22,69,0,1.0,1.0,0.2712626568308217,0.250235467150082
P3,R01,training,22,70,0,1.0,1.0,0.2712626568308217,0.2510869343593217
P3,R01,training,22,71,0,1.0,1.0,0.2712626568308217,0.25192289484430047
P3,R01,training,22,72,0,1.0,1.0,0.2712626568308217,0.2527431746425044
P3,R01,training,22,73,0,1.0,1.0,0.2712626568308217,0.25354760266061444
P3,R01,training,22,74,0,1.0,1.0,0.2712626568308217,0.25433601073392126
P3,R01,training,22,75,0,1.0,1.0,0.2712626568308217,0.2551082336848602
P3,R01,training,22,76,0,1.0,1.0,0.2712626568308217,0.25586410938063797
P3,R01,training,22,77,0,1.0,1.0,0.2712626568308217,0.25660347878992223
P3,R01,training,22,78,0,1.0,1.0,0.2712626568308217,0.25732618603856705
P3,R01,training,22,79,0,1.0,1.0,0.2712626568308217,0.25803207846434634
P3,R01,training,22,80,0,0.0,0.0,0.2705694069018348,0.2580598086952556
P3,R01,training,22,81,0,0.0,0.0,0.2705694069018348,0.25872990967853987
P3,R01,training,22,82,0,0.0,0.0,0.2705694069018348,0.2593828017481869
P3,R01,training,22,83,0,0.0,0.0,0.2705694069018348,0.2600183459721909
P3,R01,training,22,84,0,0.0,0.0,0.2705694069018348,0.2606364068794656
P3,R01,training,22,85,0,0.0,0.0,0.2705694069018348,0.2612368525079556
P3,R01,training,22,86,0,0.0,0.0,0.2705694069018348,0.2618195544515812
P3,R01,training,22,87,0,0.0,0.0,0.2705694069018348,0.2623843879059921
P3,R01,training,22,88,0,0.0,0.0,0.2705694069018348,0.2629312317131083
P3,R01,training,22,89,0,0.0,0.0,0.2705694069018348,0.2634599684044255
P3,R01,training,22,90,0,0.0,0.0,0.2705694069018348,0.26397048424306313
P3,R01,training,22,91,0,0.0,0.0,0.2705694069018348,0.26446266926453454
P3,R01,training,22,92,0,0.0,0.0,0.2705694069018348,0.26493641731621814
P3,R01,training,22,93,0,0.0,0.0,0.2705694069018348,0.26539162609551015
P3,R01,training,22,94,0,0.0,0.0,0.2705694069018348,0.26582819718663997
P3,R01,training,22,95,0,0.0,0.0,0.2705694069018348,0.2662460360961287
P3,R01,training,22,96,0,0.0,0.0,0.26757240376949065,0.263691517864493
P3,R01,training,22,97,0,0.0,0.0,0.26757240376949065,0.2640674144763852
P3,R01,training,22,98,0,0.0,0.0,0.26757240376949065,0.26442452965932123
P3,R01,training,22,99,0,0.0,0.0,0.26757240376949065,0.26476278580510926
P3,R01,training,22,100,0,0.0,0.0,0.26757240376949065,0.26508210933902027
P3,R01,training,22,101,0,0.0,0.0,0.26757240376949065,0.2653824307464589
P3,R01,training,22,102,0,0.0,0.0,0.26757240376949065,0.26566368459818407
P3,R01,training,22,103,0,0.0,0.0,0.26757240376949065,0.2659258095740657
P3,R01,training,22,104,0,0.0,0.0,0.26757240376949065,0.2661687484853661
P3,R01,training,22,105,0,0.0,0.0,0.26757240376949065,0.2663924482955342
P3,R01,training,22,106,0,0.0,0.0,0.26757240376949065,0.2665968601395032
P3,R01,training,22,107,0,0.0,0.0,0.26757240376949065,0.2667819393414793
P3,R01,training,22,108,0,0.0,0.0,0.26757240376949065,0.2669476454312157
P3,R01,training,22,109,0,0.0,0.0,0.26757240376949065,0.26709394215876087
P3,R01,training,22,110,0,0.0,0.0,0.26757240376949065,0.26722079750767525
P3,R01,training,22,111,0,0.0,0.0,0.26757240376949065,0.26732818370670836
P3,R01,training,22,112,0,0.0,0.0,0.2623623379957255,0.2622090553955469
P3,R01,training,22,113,0,0.0,0.0,0.2623623379957255,0.2622761055107186
P3,R01,training,22,114,0,0.0,0.0,0.2623623379957255,0.26232400894714564
P3,R01,training,22,115,0,0.0,0.0,0.2623623379957255,0.2623527552085762
P3,R01,training,22,116,0,0.0,0.0,0.2623623379957255,0.2623623379957255
P3,R01,training,22,117,0,0.0,0.0,0.2623623379957255,0.2623527552085762
P3,R01,training,22,118,0,0.0,0.0,0.2623623379957255,0.26232400894714564
P3,R01,training,22,119,0,0.0,0.0,0.2623623379957255,0.2622761055107186
P3,R01,training,22,120,0,0.0,0.0,0.2623623379957255,0.2622090553955469
P3,R01,training,22,121,0,0.0,0.0,0.2623623379957255,0.2621228732910162
P3,R01,training,22,122,0,0.0,0.0,0.2623623379957255,0.2620175780742827
P3,R01,training,22,123,0,0.0,0.0,0.2623623379957255,0.26189319280338197
P3,R01,training,22,124,0,0.0,0.0,0.2623623379957255,0.26174974470881335
P3,R01,training,22,125,0,0.0,0.0,0.2623623379957255,0.2615872651836048
P3,R01,training,22,126,0,0.0,0.0,0.2623623379957255,0.2614057897718629
P3,R01,training,22,127,0,0.0,0.0,0.2623623379957255,0.26120535815581364
P3,R01,training,22,128,0,0.0,0.0,0.2550833208573512,0.25374518192310624
P3,R01,training,22,129,0,0.0,0.0,0.2550833208573512,0.25351358231347926
P3,R01,training,22,130,0,0.0,0.0,0.2550833208573512,0.25326369215894323
P3,R01,training,22,131,0,0.0,0.0,0.2550833208573512,0.25299556597892137
P3,R01,training,22,132,0,0.0,0.0,0.2550833208573512,0.2527092622313944
P3,R01,training,22,133,0,0.0,0.0,0.2550833208573512,0.25240484329165913
P3,R01,training,22,134,0,0.0,0.0,0.2550833208573512,0.25208237542968054
P3,R01,training,22,135,0,0.0,0.0,0.2550833208573512,0.25174192878604845
P3,R01,training,22,136,0,0.0,0.0,0.2550833208573512,0.25138357734655137
P3,R01,training,22,137,0,0.0,0.0,0.2550833208573512,0.2510073989153803
P3,R01,training,22,138,0,0.0,0.0,0.2550833208573512,0.25061347508697623
P3,R01,training,22,139,0,0.0,0.0,0.2550833208573512,0.25020189121653474
P3,R01,training,22,140,0,0.0,0.0,0.2550833208573512,0.24977273638918443
P3,R01,training,22,141,0,0.0,0.0,0.2550833208573512,0.2493261033878526
P3,R01,training,22,142,0,0.0,0.0,0.2550833208573512,0.24886208865983594
P3,R01,training,22,143,0,0.0,0.0,0.2550833208573512,0.2483807922820928
P3,R01,training,22,144,0,0.0,0.0,0.19295978099587252,0.18751252578508848
P3,R01,training,22,145,0,0.0,0.0,0.19295978099587252,0.187122537639465
P3,R01,training,22,146,0,0.0,0.0,0.19295978099587252,0.1867197199635486
P3,R01,training,22,147,0,0.0,0.0,0.19295978099587252,0.1863041591626608
P3,R01,training,22,148,0,0.0,0.0,0.19295978099587252,0.18587594424250392
P3,R01,training,22,149,0,0.0,0.0,0.19295978099587252,0.18543516677739644
P3,R01,training,22,150,0,0.0,0.0,0.19295978099587252,0.1849819208776429
P3,R01,training,22,151,0,0.0,0.0,0.19295978099587252,0.18451630315605494
P3,R01,training,22,152,0,0.0,0.0,0.19295978099587252,0.18403841269364002
P3,R01,training,22,153,0,0.0,0.0,0.19295978099587252,0.18354835100447486
P3,R01,training,22,154,0,0.0,0.0,0.19295978099587252,0.18304622199978118
P3,R01,training,22,155,0,0.0,0.0,0.19295978099587252,0.18253213195122134
P3,R01,training,22,156,0,0.0,0.0,0.19295978099587252,0.18200618945343214
P3,R01,training,22,157,0,0.0,0.0,0.19295978099587252,0.18146850538581516
P3,R01,training,22,158,0,0.0,0.0,0.19295978099587252,0.1809191928736027
P3,R01,training,22,159,0,0.0,0.0,0.19295978099587252,0.180358367248218
P3,R01,training,22,160,0,0.0,0.0,0.13350379220619105,0.124389300994165
P3,R01,training,22,161,0,0.0,0.0,0.13350379220619105,0.12398559461965043
P3,R01,training,22,162,0,0.0,0.0,0.13350379220619105,0.12357417088671549
P3,R01,training,22,163,0,0.0,0.0,0.13350379220619105,0.12315511541221416
P3,R01,training,22,164,0,0.0,0.0,0.13350379220619105,0.122728515195434
P3,R01,training,22,165,0,0.0,0.0,0.13350379220619105,0.12229445858803108
P3,R01,training,22,166,0,0.0,0.0,0.13350379220619105,0.12185303526357481
P3,R01,training,22,167,0,0.0,0.0,0.13350379220619105,0.12140433618671767
P3,R01,training,22,168,0,0.0,0.0,0.13350379220619105,0.12094845358200407
P3,R01,training,22,169,0,0.0,0.0,0.13350379220619105,0.1204854809023339
P3,R01,training,22,170,0,0.0,0.0,0.13350379220619105,0.12001551279709534
P3,R01,training,22,171,0,0.0,0.0,0.13350379220619105,0.11953864507998245
P3,R01,training,22,172,0,0.0,0.0,0.13350379220619105,0.11905497469651265
P3,R01,training,22,173,0,0.0,0.0,0.13350379220619105,0.11856459969125951
P3,R01,training,22,174,0,0.0,0.0,0.13350379220619105,0.1180676191748163
P3,R01,training,22,175,0,0.0,0.0,0.13350379220619105,0.11756413329050593
P3,R01,training,22,176,0,1.0,1.0,0.13003336449624725,0.11401142108278135
P3,R01,training,22,177,0,1.0,1.0,0.13003336449624725,0.11350864725967788
P3,R01,training,22,178,0,1.0,1.0,0.13003336449624725,0.11299983550354911
P3,R01,training,22,179,0,1.0,1.0,0.13003336449624725,0.11248508704937424
P3,R01,training,22,180,0,1.0,1.0,0.13003336449624725,0.11196450397272005
P3,R01,training,22,181,0,1.0,1.0,0.13003336449624725,0.11143818915615446
P3,R01,training,22,182,0,1.0,1.0,0.13003336449624725,0.11090624625552022
P3,R01,training,22,183,0,1.0,1.0,0.13003336449624725,0.11036877966608417
P3,R01,training,22,184,0,1.0,1.0,0.13003336449624725,0.10982589448857744
P3,R01,training,22,185,0,1.0,1.0,0.13003336449624725,0.10927769649514171
P3,R01,training,22,186,0,1.0,1.0,0.13003336449624725,0.10872429209519757
P3,R01,training,22,187,0,1.0,1.0,0.13003336449624725,0.10816578830124941
P3,R01,training,22,188,0,1.0,1.0,0.13003336449624725,0.1076022926946427
P3,R01,training,22,189,0,1.0,1.0,0.13003336449624725,0.10703391339128863
P3,R01,training,22,190,0,1.0,1.0,0.13003336449624725,0.10646075900737147
P3,R01,training,22,191,0,1.0,1.0,0.13003336449624725,0.10588293862505331
P3,R01,training,22,192,0,0.0,0.0,0.07257782633614546,0.058773268799063985
P3,R01,training,22,193,0,0.0,0.0,0.07257782633614546,0.05844573463203665
P3,R01,training,22,194,0,0.0,0.0,0.07257782633614546,0.058115780169752225
P3,R01,training,22,195,0,0.0,0.0,0.07257782633614546,0.05778346714535776
P3,R01,training,22,196,0,0.0,0.0,0.07257782633614546,0.057448857456647816
P3,R01,training,22,197,0,0.0,0.0,0.07257782633614546,0.05711201314708894
P3,R01,training,22,198,0,0.0,0.0,0.07257782633614546,0.056772996386900185
P3,R01,training,22,199,0,0.0,0.0,0.07257782633614546,0.05643186945419776
P3,R01,training,22,200,0,0.0,0.0,0.07257782633614546,0.056088694716211654
P3,R01,training,22,201,0,0.0,0.0,0.07257782633614546,0.05574353461058193
P3,R01,training,22,202,0,0.0,0.0,0.07257782633614546,0.05539645162674248
P3,R01,training,22,203,0,0.0,0.0,0.07257782633614546,0.055047508287399766
P3,R01,training,22,204,0,0.0,0.0,0.07257782633614546,0.05469676713011413
P3,R01,training,22,205,0,0.0,0.0,0.07257782633614546,0.05434429068899105
P3,R01,training,22,206,0,0.0,0.0,0.07257782633614546,0.05399014147648956
P3,R01,training,22,207,0,0.0,0.0,0.07257782633614546,0.05363438196535526
P3,R01,training,22,208,0,0.0,0.0,0.0714972832741745,0.052483882266704224
P3,R01,training,22,209,0,0.0,0.0,0.0714972832741745,0.05213043105908716
P3,R01,training,22,210,0,0.0,0.0,0.0714972832741745,0.05177557774427387
P3,R01,training,22,211,0,0.0,0.0,0.0714972832741745,0.05141938353313611
P3,R01,training,22,212,0,0.0,0.0,0.0714972832741745,0.05106190951051245
P3,R01,training,22,213,0,0.0,0.0,0.0714972832741745,0.050703216618288326
P3,R01,training,22,214,0,0.0,0.0,0.0714972832741745,0.05034336563864527
P3,R01,training,22,215,0,0.0,0.0,0.0714972832741745,0.04998241717748536
P3,R01,training,22,216,0,0.0,0.0,0.0714972832741745,0.04962043164803668
P3,R01,training,22,217,0,0.0,0.0,0.0714972832741745,0.049257469254646045
P3,R01,training,22,218,0,0.0,0.0,0.0714972832741745,0.048893589976764386
P3,R01,training,22,219,0,0.0,0.0,0.0714972832741745,0.0485288535531306
P3,R01,training,22,220,0,0.0,0.0,0.0714972832741745,0.04816331946615928
P3,R01,training,22,221,0,0.0,0.0,0.0714972832741745,0.047797046926537474
P3,R01,training,22,222,0,0.0,0.0,0.0714972832741745,0.04743009485803601
P3,R01,training,22,223,0,0.0,0.0,0.0714972832741745,0.04706252188253989
P3,R01,training,22,224,0,0.0,0.0,0.06973200906039992,0.0455414977996422
P3,R01,training,22,225,0,0.0,0.0,0.06973200906039992,0.04518195935385966
P3,R01,training,22,226,0,0.0,0.0,0.06973200906039992,0.044821984945563276
P3,R01,training,22,227,0,0.0,0.0,0.06973200906039992,0.044461630429972906
P3,R01,training,22,228,0,0.0,0.0,0.06973200906039992,0.0441009512982468
P3,R01,training,22,229,0,0.0,0.0,0.06973200906039992,0.04374000266425987
P3,R01,training,22,230,0,0.0,0.0,0.06973200906039992,0.043378839251625854
P3,R01,training,22,231,0,0.0,0.0,0.06973200906039992,0.043017515380967264
P3,R01,training,22,232,0,0.0,0.0,0.06973200906039992,0.042656084957436516
P3,R01,training,22,233,0,0.0,0.0,0.06973200906039992,0.0422946014584917
A,R01,training,25,0,0,0.0,0.0,0.0,0.0
A,R01,training,25,1,0,0.0,0.0,0.0,0.0
A,R01,training,25,2,0,0.0,0.0,0.0,0.0
A,R01,training,25,3,0,0.0,0.0,0.0,0.0
A,R01,training,25,4,0,0.0,0.0,0.0,0.0
A,R01,training,25,5,0,0.0,0.0,0.0,0.0
A,R01,training,25,6,0,0.0,0.0,0.0,0.0
A,R01,training,25,7,0,0.0,0.0,0.0,0.0
A,R01,training,25,8,0,0.0,0.0,0.0,0.0
A,R01,training,25,9,0,0.0,0.0,0.0,0.0
A,R01,training,25,10,0,0.0,0.0,0.0,0.0
A,R01,training,25,11,0,0.0,0.0,0.0,0.0
A,R01,training,25,12,0,0.0,0.0,0.0,0.0
A,R01,training,25,13,0,0.0,0.0,0.0,0.0
A,R01,training,25,14,0,0.0,0.0,0.0,0.0
A,R01,training,25,15,0,0.0,0.0,0.0,0.0
A,R01,training,25,16,0,0.0,0.0,0.0,0.0
A,R01,training,25,17,0,0.0,0.0,0.0,0.0
A,R01,training,25,18,0,0.0,0.0,0.0,0.0
A,R01,training,25,19,0,0.0,0.0,0.0,0.0
A,R01,training,25,20,0,0.0,0.0,0.0,0.0
A,R01,training,25,21,0,0.0,0.0,0.0,0.0
A,R01,training,25,22,0,0.0,0.0,0.0,0.0
A,R01,training,25,23,0,0.0,0.0,0.0,0.0
A,R01,training,25,24,0,0.0,0.0,0.0,0.0
A,R01,training,25,25,0,0.0,0.0,0.0,0.0
A,R01,training,25,26,0,0.0,0.0,0.0,0.0
A,R01,training,25,27,0,0.0,0.0,0.0,0.0
A,R01,training,25,28,0,0.0,0.0,0.0,0.0
A,R01,training,25,29,0,0.0,0.0,0.0,0.0
A,R01,training,25,30,0,0.0,0.0,0.0,0.0
A,R01,training,25,31,0,0.0,0.0,0.0,0.0
A,R01,training,25,32,0,0.0,0.0,0.0,0.0
A,R01,training,25,33,0,0.0,0.0,0.0,0.0
A,R01,training,25,34,0,0.0,0.0,0.0,0.0
A,R01,training,25,35,0,0.0,0.0,0.0,0.0
A,R01,training,25,36,0,0.0,0.0,0.0,0.0
A,R01,training,25,37,0,0.0,0.0,0.0,0.0
A,R01,training,25,38,0,0.0,0.0,0.0,0.0
A,R01,training,25,39,0,0.0,0.0,0.0,0.0
A,R01,training,25,40,0,0.0,0.0,0.0,0.0
A,R01,training,25,41,0,0.0,0.0,0.0,0.0
A,R01,training,25,42,0,0.0,0.0,0.0,0.0
A,R01,training,25,43,0,0.0,0.0,0.0,0.0
A,R01,training,25,44,0,0.0,0.0,0.0,0.0
A,R01,training,25,45,0,0.0,0.0,0.0,0.0
A,R01,training,25,46,0,0.0,0.0,0.0,0.0
A,R01,training,25,47,0,0.0,0.0,0.0,0.0
A,R01,training,25,48,0,0.0,0.0,0.0,0.0
A,R01,training,25,49,0,0.0,0.0,0.0,0.0
A,R01,training,25,50,0,0.0,0.0,0.0,0.0
A,R01,training,25,51,0,0.0,0.0,0.0,0.0
A,R01,training,25,52,0,0.0,0.0,0.0,0.0
A,R01,training,25,53,0,0.0,0.0,0.0,0.0
A,R01,training,25,54,0,0.0,0.0,0.0,0.0
A,R01,training,25,55,0,0.0,0.0,0.0,0.0
A,R01,training,25,56,0,0.0,0.0,0.0,0.0
A,R01,training,25,57,0,0.0,0.0,0.0,0.0
A,R01,training,25,58,0,0.0,0.0,0.0,0.0
A,R01,training,25,59,0,0.0,0.0,0.0,0.0
A,R01,training,25,60,0,0.0,0.0,0.0,0.0
A,R01,training,25,61,0,0.0,0.0,0.0,0.0
A,R01,training,25,62,0,0.0,0.0,0.0,0.0
A,R01,training,25,63,0,0.0,0.0,0.0,0.0
A,R01,training,25,64,0,0.0,0.0,0.0,0.0
A,R01,training,25,65,0,0.0,0.0,0.0,0.0
A,R01,training,25,66,0,0.0,0.0,0.0,0.0
A,R01,training,25,67,0,0.0,0.0,0.0,0.0
A,R01,training,25,68,0,0.0,0.0,0.0,0.0
A,R01,training,25,69,0,0.0,0.0,0.0,0.0
A,R01,training,25,70,0,0.0,0.0,0.0,0.0
A,R01,training,25,71,0,0.0,0.0,0.0,0.0
A,R01,training,25,72,0,0.0,0.0,0.0,0.0
A,R01,training,25,73,0,0.0,0.0,0.0,0.0
A,R01,training,25,74,0,0.0,0.0,0.0,0.0
A,R01,training,25,75,0,0.0,0.0,0.0,0.0
A,R01,training,25,76,0,0.0,0.0,0.0,0.0
A,R01,training,25,77,0,0.0,0.0,0.0,0.0
A,R01,training,25,78,0,0.0,0.0,0.0,0.0
A,R01,training,25,79,0,0.0,0.0,0.0,0.0
A,R01,training,25,80,0,0.0,0.0,0.0,0.0
A,R01,training,25,81,0,0.0,0.0,0.0,0.0
A,R01,training,25,82,0,0.0,0.0,0.0,0.0
A,R01,training,25,83,0,0.0,0.0,0.0,0.0
A,R01,training,25,84,0,0.0,0.0,0.0,0.0
A,R01,training,25,85,0,0.0,0.0,0.0,0.0
A,R01,training,25,86,0,0.0,0.0,0.0,0.0
A,R01,training,25,87,0,0.0,0.0,0.0,0.0
A,R01,training,25,88,0,0.0,0.0,0.0,0.0
A,R01,training,25,89,0,0.0,0.0,0.0,0.0
A,R01,training,25,90,0,0.0,0.0,0.0,0.0
A,R01,training,25,91,0,0.0,0.0,0.0,0.0
A,R01,training,25,92,0,0.0,0.0,0.0,0.0
A,R01,training,25,93,0,0.0,0.0,0.0,0.0
A,R01,training,25,94,0,0.0,0.0,0.0,0.0
A,R01,training,25,95,0,0.0,0.0,0.0,0.0
A,R01,training,25,96,0,0.0,0.0,0.0,0.0
A,R01,training,25,97,0,0.0,0.0,0.0,0.0
A,R01,training,25,98,0,0.0,0.0,0.0,0.0
A,R01,training,25,99,0,0.0,0.0,0.0,0.0
A,R01,training,25,100,0,0.0,0.0,0.0,0.0
A,R01,training,25,101,0,0.0,0.0,0.0,0.0
A,R01,training,25,102,0,0.0,0.0,0.0,0.0
A,R01,training,25,103,0,0.0,0.0,0.0,0.0
A,R01,training,25,104,0,0.0,0.0,0.0,0.0
A,R01,training,25,105,0,0.0,0.0,0.0,0.0
A,R01,training,25,106,0,0.0,0.0,0.0,0.0
A,R01,training,25,107,0,0.0,0.0,0.0,0.0
A,R01,training,25,108,0,0.0,0.0,0.0,0.0
A,R01,training,25,109,0,0.0,0.0,0.0,0.0
A,R01,training,25,110,0,0.0,0.0,0.0,0.0
A,R01,training,25,111,0,0.0,0.0,0.0,0.0
A,R01,training,25,112,0,0.0,0.0,0.0,0.0
A,R01,training,25,113,0,0.0,0.0,0.0,0.0
A,R01,training,25,114,0,0.0,0.0,0.0,0.0
A,R01,training,25,115,0,0.0,0.0,0.0,0.0
A,R01,training,25,116,0,0.0,0.0,0.0,0.0
A,R01,training,25,117,0,0.0,0.0,0.0,0.0
A,R01,training,25,118,0,0.0,0.0,0.0,0.0
A,R01,training,25,119,0,0.0,0.0,0.0,0.0
A,R01,training,25,120,0,0.0,0.0,0.0,0.0
A,R01,training,25,121,0,0.0,0.0,0.0,0.0
A,R01,training,25,122,0,0.0,0.0,0.0,0.0
A,R01,training,25,123,0,0.0,0.0,0.0,0.0
A,R01,training,25,124,0,0.0,0.0,0.0,0.0
A,R01,training,25,125,0,0.0,0.0,0.0,0.0
A,R01,training,25,126,0,0.0,0.0,0.0,0.0
A,R01,training,25,127,0,0.0,0.0,0.0,0.0
A,R01,training,25,128,0,0.0,0.0,0.0,0.0
A,R01,training,25,129,0,0.0,0.0,0.0,0.0
A,R01,training,25,130,0,0.0,0.0,0.0,0.0
A,R01,training,25,131,0,0.0,0.0,0.0,0.0
A,R01,training,25,132,0,0.0,0.0,0.0,0.0
A,R01,training,25,133,0,0.0,0.0,0.0,0.0
A,R01,training,25,134,0,0.0,0.0,0.0,0.0
A,R01,training,25,135,0,0.0,0.0,0.0,0.0
A,R01,training,25,136,0,0.0,0.0,0.0,0.0
A,R01,training,25,137,0,0.0,0.0,0.0,0.0
A,R01,training,25,138,0,0.0,0.0,0.0,0.0
A,R01,training,25,139,0,0.0,0.0,0.0,0.0
A,R01,training,25,140,0,0.0,0.0,0.0,0.0
A,R01,training,25,141,0,0.0,0.0,0.0,0.0
A,R01,training,25,142,0,0.0,0.0,0.0,0.0
A,R01,training,25,143,0,0.0,0.0,0.0,0.0
A,R01,training,25,144,0,0.0,0.0,0.0,0.0
A,R01,training,25,145,0,0.0,0.0,0.0,0.0
A,R01,training,25,146,0,0.0,0.0,0.0,0.0
A,R01,training,25,147,0,0.0,0.0,0.0,0.0
A,R01,training,25,148,0,0.0,0.0,0.0,0.0
A,R01,training,25,149,0,0.0,0.0,0.0,0.0
A,R01,training,25,150,0,0.0,0.0,0.0,0.0
A,R01,training,25,151,0,0.0,0.0,0.0,0.0
A,R01,training,25,152,0,0.0,0.0,0.0,0.0
A,R01,training,25,153,0,0.0,0.0,0.0,0.0
A,R01,training,25,154,0,0.0,0.0,0.0,0.0
A,R01,training,25,155,0,0.0,0.0,0.0,0.0
A,R01,training,25,156,0,0.0,0.0,0.0,0.0
A,R01,training,25,157,0,0.0,0.0,0.0,0.0
A,R01,training,25,158,0,0.0,0.0,0.0,0.0
A,R01,training,25,159,0,0.0,0.0,0.0,0.0
A,R01,training,25,160,0,0.0,0.0,0.0,0.0
A,R01,training,25,161,0,0.0,0.0,0.0,0.0
A,R01,training,25,162,0,0.0,0.0,0.0,0.0
A,R01,training,25,163,0,0.0,0.0,0.0,0.0
A,R01,training,25,164,0,0.0,0.0,0.0,0.0
A,R01,training,25,165,0,0.0,0.0,0.0,0.0
A,R01,training,25,166,0,0.0,0.0,0.0,0.0
A,R01,training,25,167,0,0.0,0.0,0.0,0.0
A,R01,training,25,168,0,0.0,0.0,0.0,0.0
A,R01,training,25,169,0,0.0,0.0,0.0,0.0
A,R01,training,25,170,0,0.0,0.0,0.0,0.0
A,R01,training,25,171,0,0.0,0.0,0.0,0.0
A,R01,training,25,172,0,0.0,0.0,0.0,0.0
A,R01,training,25,173,0,0.0,0.0,0.0,0.0
A,R01,training,25,174,0,0.0,0.0,0.0,0.0
A,R01,training,25,175,0,0.0,0.0,0.0,0.0
A,R01,training,25,176,0,0.0,0.0,0.0,0.0
A,R01,training,25,177,0,0.0,0.0,0.0,0.0
A,R01,training,25,178,0,0.0,0.0,0.0,0.0
A,R01,training,25,179,0,0.0,0.0,0.0,0.0
A,R01,training,25,180,0,0.0,0.0,0.0,0.0
A,R01,training,25,181,0,0.0,0.0,0.0,0.0
A,R01,training,25,182,0,0.0,0.0,0.0,0.0
A,R01,training,25,183,0,0.0,0.0,0.0,0.0
A,R01,training,25,184,0,0.0,0.0,0.0,0.0
A,R01,training,25,185,0,0.0,0.0,0.0,0.0
A,R01,training,25,186,0,0.0,0.0,0.0,0.0
A,R01,training,25,187,0,0.0,0.0,0.0,0.0
A,R01,training,25,188,0,0.0,0.0,0.0,0.0
A,R01,training,25,189,0,0.0,0.0,0.0,0.0
A,R01,training,25,190,0,0.0,0.0,0.0,0.0
A,R01,training,25,191,0,0.0,0.0,0.0,0.0
A,R01,training,25,192,0,0.0,0.0,0.0,0.0
A,R01,training,25,193,0,0.0,0.0,0.0,0.0
A,R01,training,25,194,0,0.0,0.0,0.0,0.0
A,R01,training,25,195,0,0.0,0.0,0.0,0.0
A,R01,training,25,196,0,0.0,0.0,0.0,0.0
A,R01,training,25,197,0,0.0,0.0,0.0,0.0
A,R01,training,25,198,0,0.0,0.0,0.0,0.0
A,R01,training,25,199,0,0.0,0.0,0.0,0.0
A,R01,training,25,200,0,0.0,0.0,0.0,0.0
A,R01,training,25,201,0,0.0,0.0,0.0,0.0
A,R01,training,25,202,0,0.0,0.0,0.0,0.0
A,R01,training,25,203,0,0.0,0.0,0.0,0.0
A,R01,training,25,204,0,0.0,0.0,0.0,0.0
A,R01,training,25,205,0,0.0,0.0,0.0,0.0
A,R01,training,25,206,0,0.0,0.0,0.0,0.0
A,R01,training,25,207,0,0.0,0.0,0.0,0.0
A,R01,training,25,208,0,0.0,0.0,0.0,0.0
A,R01,training,25,209,0,0.0,0.0,0.0,0.0
A,R01,training,25,210,0,0.0,0.0,0.0,0.0
A,R01,training,25,211,0,0.0,0.0,0.0,0.0
A,R01,training,25,212,0,0.0,0.0,0.0,0.0
A,R01,training,25,213,0,0.0,0.0,0.0,0.0
A,R01,training,25,214,0,0.0,0.0,0.0,0.0
A,R01,training,25,215,0,0.0,0.0,0.0,0.0
A,R01,training,25,216,0,0.0,0.0,0.0,0.0
A,R01,training,25,217,0,0.0,0.0,0.0,0.0
A,R01,training,25,218,0,0.0,0.0,0.0,0.0
A,R01,training,25,219,0,0.0,0.0,0.0,0.0
A,R01,training,25,220,0,0.0,0.0,0.0,0.0
A,R01,training,25,221,0,0.0,0.0,0.0,0.0
A,R01,training,25,222,0,0.0,0.0,0.0,0.0
A,R01,training,25,223,0,0.0,0.0,0.0,0.0
A,R01,training,25,224,0,0.0,0.0,0.0,0.0
B,R01,training,25,0,0,0.0,0.0,0.0,0.0
B,R01,training,25,1,0,0.0,0.0,0.0,0.0
B,R01,training,25,2,0,0.0,0.0,0.0,0.0
B,R01,training,25,3,0,0.0,0.0,0.0,0.0
B,R01,training,25,4,0,0.0,0.0,0.0,0.0
B,R01,training,25,5,0,0.0,0.0,0.0,0.0
B,R01,training,25,6,0,0.0,0.0,0.0,0.0
B,R01,training,25,7,0,0.0,0.0,0.0,0.0
B,R01,training,25,8,0,0.0,0.0,0.0,0.0
B,R01,training,25,9,0,0.0,0.0,0.0,0.0
B,R01,training,25,10,0,0.0,0.0,0.0,0.0
B,R01,training,25,11,0,0.0,0.0,0.0,0.0
B,R01,training,25,12,0,0.0,0.0,0.0,0.0
B,R01,training,25,13,0,0.0,0.0,0.0,0.0
B,R01,training,25,14,0,0.0,0.0,0.0,0.0
B,R01,training,25,15,0,0.0,0.0,0.0,0.0
B,R01,training,25,16,0,0.0,0.0,0.0,0.0
B,R01,training,25,17,0,0.0,0.0,0.0,0.0
B,R01,training,25,18,0,0.0,0.0,0.0,0.0
B,R01,training,25,19,0,0.0,0.0,0.0,0.0
B,R01,training,25,20,0,0.0,0.0,0.0,0.0
B,R01,training,25,21,0,0.0,0.0,0.0,0.0
B,R01,training,25,22,0,0.0,0.0,0.0,0.0
B,R01,training,25,23,0,0.0,0.0,0.0,0.0
B,R01,training,25,24,0,0.0,0.0,0.0,0.0
B,R01,training,25,25,0,0.0,0.0,0.0,0.0
B,R01,training,25,26,0,0.0,0.0,0.0,0.0
B,R01,training,25,27,0,0.0,0.0,0.0,0.0
B,R01,training,25,28,0,0.0,0.0,0.0,0.0
B,R01,training,25,29,0,0.0,0.0,0.0,0.0
B,R01,training,25,30,0,0.0,0.0,0.0,0.0
B,R01,training,25,31,0,0.0,0.0,0.0,0.0
B,R01,training,25,32,0,0.0,0.0,0.0,0.0
B,R01,training,25,33,0,0.0,0.0,0.0,0.0
B,R01,training,25,34,0,0.0,0.0,0.0,0.0
B,R01,training,25,35,0,0.0,0.0,0.0,0.0
B,R01,training,25,36,0,0.0,0.0,0.0,0.0
B,R01,training,25,37,0,0.0,0.0,0.0,0.0
B,R01,training,25,38,0,0.0,0.0,0.0,0.0
B,R01,training,25,39,0,0.0,0.0,0.0,0.0
B,R01,training,25,40,0,0.0,0.0,0.0,0.0
B,R01,training,25,41,0,0.0,0.0,0.0,0.0
B,R01,training,25,42,0,0.0,0.0,0.0,0.0
B,R01,training,25,43,0,0.0,0.0,0.0,0.0
B,R01,training,25,44,0,0.0,0.0,0.0,0.0
B,R01,training,25,45,0,0.0,0.0,0.0,0.0
B,R01,training,25,46,0,0.0,0.0,0.0,0.0
B,R01,training,25,47,0,0.0,0.0,0.0,0.0
B,R01,training,25,48,0,0.0,0.0,0.0,0.0
B,R01,training,25,49,0,0.0,0.0,0.0,0.0
B,R01,training,25,50,0,0.0,0.0,0.0,0.0
B,R01,training,25,51,0,0.0,0.0,0.0,0.0
B,R01,training,25,52,0,0.0,0.0,0.0,0.0
B,R01,training,25,53,0,0.0,0.0,0.0,0.0
B,R01,training,25,54,0,0.0,0.0,0.0,0.0
B,R01,training,25,55,0,0.0,0.0,0.0,0.0
B,R01,training,25,56,0,0.0,0.0,0.0,0.0
B,R01,training,25,57,0,0.0,0.0,0.0,0.0
B,R01,training,25,58,0,0.0,0.0,0.0,0.0
B,R01,training,25,59,0,0.0,0.0,0.0,0.0
B,R01,training,25,60,0,0.0,0.0,0.0,0.0
B,R01,training,25,61,0,0.0,0.0,0.0,0.0
B,R01,training,25,62,0,0.0,0.0,0.0,0.0
B,R01,training,25,63,0,0.0,0.0,0.0,0.0
B,R01,training,25,64,0,0.0,0.0,0.0,0.0
B,R01,training,25,65,0,0.0,0.0,0.0,0.0
B,R01,training,25,66,0,0.0,0.0,0.0,0.0
B,R01,training,25,67,0,0.0,0.0,0.0,0.0
B,R01,training,25,68,0,0.0,0.0,0.0,0.0
B,R01,training,25,69,0,0.0,0.0,0.0,0.0
B,R01,training,25,70,0,0.0,0.0,0.0,0.0
B,R01,training,25,71,0,0.0,0.0,0.0,0.0
B,R01,training,25,72,0,0.0,0.0,0.0,0.0
B,R01,training,25,73,0,0.0,0.0,0.0,0.0
B,R01,training,25,74,0,0.0,0.0,0.0,0.0
B,R01,training,25,75,0,0.0,0.0,0.0,0.0
B,R01,training,25,76,0,0.0,0.0,0.0,0.0
B,R01,training,25,77,0,0.0,0.0,0.0,0.0
B,R01,training,25,78,0,0.0,0.0,0.0,0.0
B,R01,training,25,79,0,0.0,0.0,0.0,0.0
B,R01,training,25,80,0,0.0,0.0,0.0,0.0
B,R01,training,25,81,0,0.0,0.0,0.0,0.0
B,R01,training,25,82,0,0.0,0.0,0.0,0.0
B,R01,training,25,83,0,0.0,0.0,0.0,0.0
B,R01,training,25,84,0,0.0,0.0,0.0,0.0
B,R01,training,25,85,0,0.0,0.0,0.0,0.0
B,R01,training,25,86,0,0.0,0.0,0.0,0.0
B,R01,training,25,87,0,0.0,0.0,0.0,0.0
B,R01,training,25,88,0,0.0,0.0,0.0,0.0
B,R01,training,25,89,0,0.0,0.0,0.0,0.0
B,R01,training,25,90,0,0.0,0.0,0.0,0.0
B,R01,training,25,91,0,0.0,0.0,0.0,0.0
B,R01,training,25,92,0,0.0,0.0,0.0,0.0
B,R01,training,25,93,0,0.0,0.0,0.0,0.0
B,R01,training,25,94,0,0.0,0.0,0.0,0.0
B,R01,training,25,95,0,0.0,0.0,0.0,0.0
B,R01,training,25,96,0,0.0,0.0,0.0,0.0
B,R01,training,25,97,0,0.0,0.0,0.0,0.0
B,R01,training,25,98,0,0.0,0.0,0.0,0.0
B,R01,training,25,99,0,0.0,0.0,0.0,0.0
B,R01,training,25,100,0,0.0,0.0,0.0,0.0
B,R01,training,25,101,0,0.0,0.0,0.0,0.0
B,R01,training,25,102,0,0.0,0.0,0.0,0.0
B,R01,training,25,103,0,0.0,0.0,0.0,0.0
B,R01,training,25,104,0,0.0,0.0,0.0,0.0
B,R01,training,25,105,0,0.0,0.0,0.0,0.0
B,R01,training,25,106,0,0.0,0.0,0.0,0.0
B,R01,training,25,107,0,0.0,0.0,0.0,0.0
B,R01,training,25,108,0,0.0,0.0,0.0,0.0
B,R01,training,25,109,0,0.0,0.0,0.0,0.0
B,R01,training,25,110,0,0.0,0.0,0.0,0.0
B,R01,training,25,111,0,0.0,0.0,0.0,0.0
B,R01,training,25,112,0,0.0,0.0,0.0,0.0
B,R01,training,25,113,0,0.0,0.0,0.0,0.0
B,R01,training,25,114,0,0.0,0.0,0.0,0.0
B,R01,training,25,115,0,0.0,0.0,0.0,0.0
B,R01,training,25,116,0,0.0,0.0,0.0,0.0
B,R01,training,25,117,0,0.0,0.0,0.0,0.0
B,R01,training,25,118,0,0.0,0.0,0.0,0.0
B,R01,training,25,119,0,0.0,0.0,0.0,0.0
B,R01,training,25,120,0,0.0,0.0,0.0,0.0
B,R01,training,25,121,0,0.0,0.0,0.0,0.0
B,R01,training,25,122,0,0.0,0.0,0.0,0.0
B,R01,training,25,123,0,0.0,0.0,0.0,0.0
B,R01,training,25,124,0,0.0,0.0,0.0,0.0
B,R01,training,25,125,0,0.0,0.0,0.0,0.0
B,R01,training,25,126,0,0.0,0.0,0.0,0.0
B,R01,training,25,127,0,0.0,0.0,0.0,0.0
B,R01,training,25,128,0,0.0,0.0,0.0,0.0
B,R01,training,25,129,0,0.0,0.0,0.0,0.0
B,R01,training,25,130,0,0.0,0.0,0.0,0.0
B,R01,training,25,131,0,0.0,0.0,0.0,0.0
B,R01,training,25,132,0,0.0,0.0,0.0,0.0
B,R01,training,25,133,0,0.0,0.0,0.0,0.0
B,R01,training,25,134,0,0.0,0.0,0.0,0.0
B,R01,training,25,135,0,0.0,0.0,0.0,0.0
B,R01,training,25,136,0,0.0,0.0,0.0,0.0
B,R01,training,25,137,0,0.0,0.0,0.0,0.0
B,R01,training,25,138,0,0.0,0.0,0.0,0.0
B,R01,training,25,139,0,0.0,0.0,0.0,0.0
B,R01,training,25,140,0,0.0,0.0,0.0,0.0
B,R01,training,25,141,0,0.0,0.0,0.0,0.0
B,R01,training,25,142,0,0.0,0.0,0.0,0.0
B,R01,training,25,143,0,0.0,0.0,0.0,0.0
B,R01,training,25,144,0,0.0,0.0,0.0,0.0
B,R01,training,25,145,0,0.0,0.0,0.0,0.0
B,R01,training,25,146,0,0.0,0.0,0.0,0.0
B,R01,training,25,147,0,0.0,0.0,0.0,0.0
B,R01,training,25,148,0,0.0,0.0,0.0,0.0
B,R01,training,25,149,0,0.0,0.0,0.0,0.0
B,R01,training,25,150,0,0.0,0.0,0.0,0.0
B,R01,training,25,151,0,0.0,0.0,0.0,0.0
B,R01,training,25,152,0,0.0,0.0,0.0,0.0
B,R01,training,25,153,0,0.0,0.0,0.0,0.0
B,R01,training,25,154,0,0.0,0.0,0.0,0.0
B,R01,training,25,155,0,0.0,0.0,0.0,0.0
B,R01,training,25,156,0,0.0,0.0,0.0,0.0
B,R01,training,25,157,0,0.0,0.0,0.0,0.0
B,R01,training,25,158,0,0.0,0.0,0.0,0.0
B,R01,training,25,159,0,0.0,0.0,0.0,0.0
B,R01,training,25,160,0,0.0,0.0,0.0,0.0
B,R01,training,25,161,0,0.0,0.0,0.0,0.0
B,R01,training,25,162,0,0.0,0.0,0.0,0.0
B,R01,training,25,163,0,0.0,0.0,0.0,0.0
B,R01,training,25,164,0,0.0,0.0,0.0,0.0
B,R01,training,25,165,0,0.0,0.0,0.0,0.0
B,R01,training,25,166,0,0.0,0.0,0.0,0.0
B,R01,training,25,167,0,0.0,0.0,0.0,0.0
B,R01,training,25,168,0,0.0,0.0,0.0,0.0
B,R01,training,25,169,0,0.0,0.0,0.0,0.0
B,R01,training,25,170,0,0.0,0.0,0.0,0.0
B,R01,training,25,171,0,0.0,0.0,0.0,0.0
B,R01,training,25,172,0,0.0,0.0,0.0,0.0
B,R01,training,25,173,0,0.0,0.0,0.0,0.0
B,R01,training,25,174,0,0.0,0.0,0.0,0.0
B,R01,training,25,175,0,0.0,0.0,0.0,0.0
B,R01,training,25,176,0,0.0,0.0,0.0,0.0
B,R01,training,25,177,0,0.0,0.0,0.0,0.0
B,R01,training,25,178,0,0.0,0.0,0.0,0.0
B,R01,training,25,179,0,0.0,0.0,0.0,0.0
B,R01,training,25,180,0,0.0,0.0,0.0,0.0
B,R01,training,25,181,0,0.0,0.0,0.0,0.0
B,R01,training,25,182,0,0.0,0.0,0.0,0.0
B,R01,training,25,183,0,0.0,0.0,0.0,0.0
B,R01,training,25,184,0,0.0,0.0,0.0,0.0
B,R01,training,25,185,0,0.0,0.0,0.0,0.0
B,R01,training,25,186,0,0.0,0.0,0.0,0.0
B,R01,training,25,187,0,0.0,0.0,0.0,0.0
B,R01,training,25,188,0,0.0,0.0,0.0,0.0
B,R01,training,25,189,0,0.0,0.0,0.0,0.0
B,R01,training,25,190,0,0.0,0.0,0.0,0.0
B,R01,training,25,191,0,0.0,0.0,0.0,0.0
B,R01,training,25,192,0,0.0,0.0,0.0,0.0
B,R01,training,25,193,0,0.0,0.0,0.0,0.0
B,R01,training,25,194,0,0.0,0.0,0.0,0.0
B,R01,training,25,195,0,0.0,0.0,0.0,0.0
B,R01,training,25,196,0,0.0,0.0,0.0,0.0
B,R01,training,25,197,0,0.0,0.0,0.0,0.0
B,R01,training,25,198,0,0.0,0.0,0.0,0.0
B,R01,training,25,199,0,0.0,0.0,0.0,0.0
B,R01,training,25,200,0,0.0,0.0,0.0,0.0
B,R01,training,25,201,0,0.0,0.0,0.0,0.0
B,R01,training,25,202,0,0.0,0.0,0.0,0.0
B,R01,training,25,203,0,0.0,0.0,0.0,0.0
B,R01,training,25,204,0,0.0,0.0,0.0,0.0
B,R01,training,25,205,0,0.0,0.0,0.0,0.0
B,R01,training,25,206,0,0.0,0.0,0.0,0.0
B,R01,training,25,207,0,0.0,0.0,0.0,0.0
B,R01,training,25,208,0,0.0,0.0,0.0,0.0
B,R01,training,25,209,0,0.0,0.0,0.0,0.0
B,R01,training,25,210,0,0.0,0.0,0.0,0.0
B,R01,training,25,211,0,0.0,0.0,0.0,0.0
B,R01,training,25,212,0,0.0,0.0,0.0,0.0
B,R01,training,25,213,0,0.0,0.0,0.0,0.0
B,R01,training,25,214,0,0.0,0.0,0.0,0.0
B,R01,training,25,215,0,0.0,0.0,0.0,0.0
B,R01,training,25,216,0,0.0,0.0,0.0,0.0
B,R01,training,25,217,0,0.0,0.0,0.0,0.0
B,R01,training,25,218,0,0.0,0.0,0.0,0.0
B,R01,training,25,219,0,0.0,0.0,0.0,0.0
B,R01,training,25,220,0,0.0,0.0,0.0,0.0
B,R01,training,25,221,0,0.0,0.0,0.0,0.0
B,R01,training,25,222,0,0.0,0.0,0.0,0.0
B,R01,training,25,223,0,0.0,0.0,0.0,0.0
B,R01,training,25,224,0,0.0,0.0,0.0,0.0
C,R01,training,25,0,0,0.0,0.0,0.0,0.0
C,R01,training,25,1,0,0.0,0.0,0.0,0.0
C,R01,training,25,2,0,0.0,0.0,0.0,0.0
C,R01,training,25,3,0,0.0,0.0,0.0,0.0
C,R01,training,25,4,0,0.0,0.0,0.0,0.0
C,R01,training,25,5,0,0.0,0.0,0.0,0.0
C,R01,training,25,6,0,0.0,0.0,0.0,0.0
C,R01,training,25,7,0,0.0,0.0,0.0,0.0
C,R01,training,25,8,0,0.0,0.0,0.0,0.0
C,R01,training,25,9,0,0.0,0.0,0.0,0.0
C,R01,training,25,10,0,0.0,0.0,0.0,0.0
C,R01,training,25,11,0,0.0,0.0,0.0,0.0
C,R01,training,25,12,0,0.0,0.0,0.0,0.0
C,R01,training,25,13,0,0.0,0.0,0.0,0.0
C,R01,training,25,14,0,0.0,0.0,0.0,0.0
C,R01,training,25,15,0,0.0,0.0,0.0,0.0
C,R01,training,25,16,0,0.0,0.0,0.0,0.0
C,R01,training,25,17,0,0.0,0.0,0.0,0.0
C,R01,training,25,18,0,0.0,0.0,0.0,0.0
C,R01,training,25,19,0,0.0,0.0,0.0,0.0
C,R01,training,25,20,0,0.0,0.0,0.0,0.0
C,R01,training,25,21,0,0.0,0.0,0.0,0.0
C,R01,training,25,22,0,0.0,0.0,0.0,0.0
C,R01,training,25,23,0,0.0,0.0,0.0,0.0
C,R01,training,25,24,0,0.0,0.0,0.0,0.0
C,R01,training,25,25,0,0.0,0.0,0.0,0.0
C,R01,training,25,26,0,0.0,0.0,0.0,0.0
C,R01,training,25,27,0,0.0,0.0,0.0,0.0
C,R01,training,25,28,0,0.0,0.0,0.0,0.0
C,R01,training,25,29,0,0.0,0.0,0.0,0.0
C,R01,training,25,30,0,0.0,0.0,0.0,0.0
C,R01,training,25,31,0,0.0,0.0,0.0,0.0
C,R01,training,25,32,0,0.0,0.0,0.0,0.0
C,R01,training,25,33,0,0.0,0.0,0.0,0.0
C,R01,training,25,34,0,0.0,0.0,0.0,0.0
C,R01,training,25,35,0,0.0,0.0,0.0,0.0
C,R01,training,25,36,0,0.0,0.0,0.0,0.0
C,R01,training,25,37,0,0.0,0.0,0.0,0.0
C,R01,training,25,38,0,0.0,0.0,0.0,0.0
C,R01,training,25,39,0,0.0,0.0,0.0,0.0
C,R01,training,25,40,0,0.0,0.0,0.0,0.0
C,R01,training,25,41,0,0.0,0.0,0.0,0.0
C,R01,training,25,42,0,0.0,0.0,0.0,0.0
C,R01,training,25,43,0,0.0,0.0,0.0,0.0
C,R01,training,25,44,0,0.0,0.0,0.0,0.0
C,R01,training,25,45,0,0.0,0.0,0.0,0.0
C,R01,training,25,46,0,0.0,0.0,0.0,0.0
C,R01,training,25,47,0,0.0,0.0,0.0,0.0
C,R01,training,25,48,0,0.0,0.0,0.0,0.0
C,R01,training,25,49,0,0.0,0.0,0.0,0.0
C,R01,training,25,50,0,0.0,0.0,0.0,0.0
C,R01,training,25,51,0,0.0,0.0,0.0,0.0
C,R01,training,25,52,0,0.0,0.0,0.0,0.0
C,R01,training,25,53,0,0.0,0.0,0.0,0.0
C,R01,training,25,54,0,0.0,0.0,0.0,0.0
C,R01,training,25,55,0,0.0,0.0,0.0,0.0
C,R01,training,25,56,0,0.0,0.0,0.0,0.0
C,R01,training,25,57,0,0.0,0.0,0.0,0.0
C,R01,training,25,58,0,0.0,0.0,0.0,0.0
C,R01,training,25,59,0,0.0,0.0,0.0,0.0
C,R01,training,25,60,0,0.0,0.0,0.0,0.0
C,R01,training,25,61,0,0.0,0.0,0.0,0.0
C,R01,training,25,62,0,0.0,0.0,0.0,0.0
C,R01,training,25,63,0,0.0,0.0,0.0,0.0
C,R01,training,25,64,0,0.0,0.0,0.0,0.0
C,R01,training,25,65,0,0.0,0.0,0.0,0.0
C,R01,training,25,66,0,0.0,0.0,0.0,0.0
C,R01,training,25,67,0,0.0,0.0,0.0,0.0
C,R01,training,25,68,0,0.0,0.0,0.0,0.0
C,R01,training,25,69,0,0.0,0.0,0.0,0.0
C,R01,training,25,70,0,0.0,0.0,0.0,0.0
C,R01,training,25,71,0,0.0,0.0,0.0,0.0
C,R01,training,25,72,0,0.0,0.0,0.0,0.0
C,R01,training,25,73,0,0.0,0.0,0.0,0.0
C,R01,training,25,74,0,0.0,0.0,0.0,0.0
C,R01,training,25,75,0,0.0,0.0,0.0,0.0
C,R01,training,25,76,0,0.0,0.0,0.0,0.0
C,R01,training,25,77,0,0.0,0.0,0.0,0.0
C,R01,training,25,78,0,0.0,0.0,0.0,0.0
C,R01,training,25,79,0,0.0,0.0,0.0,0.0
C,R01,training,25,80,0,0.0,0.0,0.0,0.0
C,R01,training,25,81,0,0.0,0.0,0.0,0.0
C,R01,training,25,82,0,0.0,0.0,0.0,0.0
C,R01,training,25,83,0,0.0,0.0,0.0,0.0
C,R01,training,25,84,0,0.0,0.0,0.0,0.0
C,R01,training,25,85,0,0.0,0.0,0.0,0.0
C,R01,training,25,86,0,0.0,0.0,0.0,0.0
C,R01,training,25,87,0,0.0,0.0,0.0,0.0
C,R01,training,25,88,0,0.0,0.0,0.0,0.0
C,R01,training,25,89,0,0.0,0.0,0.0,0.0
C,R01,training,25,90,0,0.0,0.0,0.0,0.0
C,R01,training,25,91,0,0.0,0.0,0.0,0.0
C,R01,training,25,92,0,0.0,0.0,0.0,0.0
C,R01,training,25,93,0,0.0,0.0,0.0,0.0
C,R01,training,25,94,0,0.0,0.0,0.0,0.0
C,R01,training,25,95,0,0.0,0.0,0.0,0.0
C,R01,training,25,96,0,0.0,0.0,0.0,0.0
C,R01,training,25,97,0,0.0,0.0,0.0,0.0
C,R01,training,25,98,0,0.0,0.0,0.0,0.0
C,R01,training,25,99,0,0.0,0.0,0.0,0.0
C,R01,training,25,100,0,0.0,0.0,0.0,0.0
C,R01,training,25,101,0,0.0,0.0,0.0,0.0
C,R01,training,25,102,0,0.0,0.0,0.0,0.0
C,R01,training,25,103,0,0.0,0.0,0.0,0.0
C,R01,training,25,104,0,0.0,0.0,0.0,0.0
C,R01,training,25,105,0,0.0,0.0,0.0,0.0
C,R01,training,25,106,0,0.0,0.0,0.0,0.0
C,R01,training,25,107,0,0.0,0.0,0.0,0.0
C,R01,training,25,108,0,0.0,0.0,0.0,0.0
C,R01,training,25,109,0,0.0,0.0,0.0,0.0
C,R01,training,25,110,0,0.0,0.0,0.0,0.0
C,R01,training,25,111,0,0.0,0.0,0.0,0.0
C,R01,training,25,112,0,0.0,0.0,0.0,0.0
C,R01,training,25,113,0,0.0,0.0,0.0,0.0
C,R01,training,25,114,0,0.0,0.0,0.0,0.0
C,R01,training,25,115,0,0.0,0.0,0.0,0.0
C,R01,training,25,116,0,0.0,0.0,0.0,0.0
C,R01,training,25,117,0,0.0,0.0,0.0,0.0
C,R01,training,25,118,0,0.0,0.0,0.0,0.0
C,R01,training,25,119,0,0.0,0.0,0.0,0.0
C,R01,training,25,120,0,0.0,0.0,0.0,0.0
C,R01,training,25,121,0,0.0,0.0,0.0,0.0
C,R01,training,25,122,0,0.0,0.0,0.0,0.0
C,R01,training,25,123,0,0.0,0.0,0.0,0.0
C,R01,training,25,124,0,0.0,0.0,0.0,0.0
C,R01,training,25,125,0,0.0,0.0,0.0,0.0
C,R01,training,25,126,0,0.0,0.0,0.0,0.0
C,R01,training,25,127,0,0.0,0.0,0.0,0.0
C,R01,training,25,128,0,0.0,0.0,0.0,0.0
C,R01,training,25,129,0,0.0,0.0,0.0,0.0
C,R01,training,25,130,0,0.0,0.0,0.0,0.0
C,R01,training,25,131,0,0.0,0.0,0.0,0.0
C,R01,training,25,132,0,0.0,0.0,0.0,0.0
C,R01,training,25,133,0,0.0,0.0,0.0,0.0
C,R01,training,25,134,0,0.0,0.0,0.0,0.0
C,R01,training,25,135,0,0.0,0.0,0.0,0.0
C,R01,training,25,136,0,0.0,0.0,0.0,0.0
C,R01,training,25,137,0,0.0,0.0,0.0,0.0
C,R01,training,25,138,0,0.0,0.0,0.0,0.0
C,R01,training,25,139,0,0.0,0.0,0.0,0.0
C,R01,training,25,140,0,0.0,0.0,0.0,0.0
C,R01,training,25,141,0,0.0,0.0,0.0,0.0
C,R01,training,25,142,0,0.0,0.0,0.0,0.0
C,R01,training,25,143,0,0.0,0.0,0.0,0.0
C,R01,training,25,144,0,0.0,0.0,0.0,0.0
C,R01,training,25,145,0,0.0,0.0,0.0,0.0
C,R01,training,25,146,0,0.0,0.0,0.0,0.0
C,R01,training,25,147,0,0.0,0.0,0.0,0.0
C,R01,training,25,148,0,0.0,0.0,0.0,0.0
C,R01,training,25,149,0,0.0,0.0,0.0,0.0
C,R01,training,25,150,0,0.0,0.0,0.0,0.0
C,R01,training,25,151,0,0.0,0.0,0.0,0.0
C,R01,training,25,152,0,0.0,0.0,0.0,0.0
C,R01,training,25,153,0,0.0,0.0,0.0,0.0
C,R01,training,25,154,0,0.0,0.0,0.0,0.0
C,R01,training,25,155,0,0.0,0.0,0.0,0.0
C,R01,training,25,156,0,0.0,0.0,0.0,0.0
C,R01,training,25,157,0,0.0,0.0,0.0,0.0
C,R01,training,25,158,0,0.0,0.0,0.0,0.0
C,R01,training,25,159,0,0.0,0.0,0.0,0.0
C,R01,training,25,160,0,0.0,0.0,0.0,0.0
C,R01,training,25,161,0,0.0,0.0,0.0,0.0
C,R01,training,25,162,0,0.0,0.0,0.0,0.0
C,R01,training,25,163,0,0.0,0.0,0.0,0.0
C,R01,training,25,164,0,0.0,0.0,0.0,0.0
C,R01,training,25,165,0,0.0,0.0,0.0,0.0
C,R01,training,25,166,0,0.0,0.0,0.0,0.0
C,R01,training,25,167,0,0.0,0.0,0.0,0.0
C,R01,training,25,168,0,0.0,0.0,0.0,0.0
C,R01,training,25,169,0,0.0,0.0,0.0,0.0
C,R01,training,25,170,0,0.0,0.0,0.0,0.0
C,R01,training,25,171,0,0.0,0.0,0.0,0.0
C,R01,training,25,172,0,0.0,0.0,0.0,0.0
C,R01,training,25,173,0,0.0,0.0,0.0,0.0
C,R01,training,25,174,0,0.0,0.0,0.0,0.0
C,R01,training,25,175,0,0.0,0.0,0.0,0.0
C,R01,training,25,176,0,0.0,0.0,0.0,0.0
C,R01,training,25,177,0,0.0,0.0,0.0,0.0
C,R01,training,25,178,0,0.0,0.0,0.0,0.0
C,R01,training,25,179,0,0.0,0.0,0.0,0.0
C,R01,training,25,180,0,0.0,0.0,0.0,0.0
C,R01,training,25,181,0,0.0,0.0,0.0,0.0
C,R01,training,25,182,0,0.0,0.0,0.0,0.0
C,R01,training,25,183,0,0.0,0.0,0.0,0.0
C,R01,training,25,184,0,0.0,0.0,0.0,0.0
C,R01,training,25,185,0,0.0,0.0,0.0,0.0
C,R01,training,25,186,0,0.0,0.0,0.0,0.0
C,R01,training,25,187,0,0.0,0.0,0.0,0.0
C,R01,training,25,188,0,0.0,0.0,0.0,0.0
C,R01,training,25,189,0,0.0,0.0,0.0,0.0
C,R01,training,25,190,0,0.0,0.0,0.0,0.0
C,R01,training,25,191,0,0.0,0.0,0.0,0.0
C,R01,training,25,192,0,0.0,0.0,0.0,0.0
C,R01,training,25,193,0,0.0,0.0,0.0,0.0
C,R01,training,25,194,0,0.0,0.0,0.0,0.0
C,R01,training,25,195,0,0.0,0.0,0.0,0.0
C,R01,training,25,196,0,0.0,0.0,0.0,0.0
C,R01,training,25,197,0,0.0,0.0,0.0,0.0
C,R01,training,25,198,0,0.0,0.0,0.0,0.0
C,R01,training,25,199,0,0.0,0.0,0.0,0.0
C,R01,training,25,200,0,0.0,0.0,0.0,0.0
C,R01,training,25,201,0,0.0,0.0,0.0,0.0
C,R01,training,25,202,0,0.0,0.0,0.0,0.0
C,R01,training,25,203,0,0.0,0.0,0.0,0.0
C,R01,training,25,204,0,0.0,0.0,0.0,0.0
C,R01,training,25,205,0,0.0,0.0,0.0,0.0
C,R01,training,25,206,0,0.0,0.0,0.0,0.0
C,R01,training,25,207,0,0.0,0.0,0.0,0.0
C,R01,training,25,208,0,0.0,0.0,0.0,0.0
C,R01,training,25,209,0,0.0,0.0,0.0,0.0
C,R01,training,25,210,0,0.0,0.0,0.0,0.0
C,R01,training,25,211,0,0.0,0.0,0.0,0.0
C,R01,training,25,212,0,0.0,0.0,0.0,0.0
C,R01,training,25,213,0,0.0,0.0,0.0,0.0
C,R01,training,25,214,0,0.0,0.0,0.0,0.0
C,R01,training,25,215,0,0.0,0.0,0.0,0.0
C,R01,training,25,216,0,0.0,0.0,0.0,0.0
C,R01,training,25,217,0,0.0,0.0,0.0,0.0
C,R01,training,25,218,0,0.0,0.0,0.0,0.0
C,R01,training,25,219,0,0.0,0.0,0.0,0.0
C,R01,training,25,220,0,0.0,0.0,0.0,0.0
C,R01,training,25,221,0,0.0,0.0,0.0,0.0
C,R01,training,25,222,0,0.0,0.0,0.0,0.0
C,R01,training,25,223,0,0.0,0.0,0.0,0.0
C,R01,training,25,224,0,0.0,0.0,0.0,0.0
P1,R01,training,25,0,0,0.0,0.0,0.0,0.0
P1,R01,training,25,1,0,0.0,0.0,0.0,0.0
P1,R01,training,25,2,0,0.0,0.0,0.0,0.0
P1,R01,training,25,3,0,0.0,0.0,0.0,0.0
P1,R01,training,25,4,0,0.0,0.0,0.0,0.0
P1,R01,training,25,5,0,0.0,0.0,0.0,0.0
P1,R01,training,25,6,0,0.0,0.0,0.0,0.0
P1,R01,training,25,7,0,0.0,0.0,0.0,0.0
P1,R01,training,25,8,0,0.0,0.0,0.0,0.0
P1,R01,training,25,9,0,0.0,0.0,0.0,0.0
P1,R01,training,25,10,0,0.0,0.0,0.0,0.0
P1,R01,training,25,11,0,0.0,0.0,0.0,0.0
P1,R01,training,25,12,0,0.0,0.0,0.0,0.0
P1,R01,training,25,13,0,0.0,0.0,0.0,0.0
P1,R01,training,25,14,0,0.0,0.0,0.0,0.0
P1,R01,training,25,15,0,0.0,0.0,0.0,0.0
P1,R01,training,25,16,0,0.0,0.0,0.0,0.0
P1,R01,training,25,17,0,0.0,0.0,0.0,0.0
P1,R01,training,25,18,0,0.0,0.0,0.0,0.0
P1,R01,training,25,19,0,0.0,0.0,0.0,0.0
P1,R01,training,25,20,0,0.0,0.0,0.0,0.0
P1,R01,training,25,21,0,0.0,0.0,0.0,0.0
P1,R01,training,25,22,0,0.0,0.0,0.0,0.0
P1,R01,training,25,23,0,0.0,0.0,0.0,0.0
P1,R01,training,25,24,0,0.0,0.0,0.0,0.0
P1,R01,training,25,25,0,0.0,0.0,0.0,0.0
P1,R01,training,25,26,0,0.0,0.0,0.0,0.0
P1,R01,training,25,27,0,0.0,0.0,0.0,0.0
P1,R01,training,25,28,0,0.0,0.0,0.0,0.0
P1,R01,training,25,29,0,0.0,0.0,0.0,0.0
P1,R01,training,25,30,0,0.0,0.0,0.0,0.0
P1,R01,training,25,31,0,0.0,0.0,0.0,0.0
P1,R01,training,25,32,0,0.0,0.0,0.0,0.0
P1,R01,training,25,33,0,0.0,0.0,0.0,0.0
P1,R01,training,25,34,0,0.0,0.0,0.0,0.0
P1,R01,training,25,35,0,0.0,0.0,0.0,0.0
P1,R01,training,25,36,0,0.0,0.0,0.0,0.0
P1,R01,training,25,37,0,0.0,0.0,0.0,0.0
P1,R01,training,25,38,0,0.0,0.0,0.0,0.0
P1,R01,training,25,39,0,0.0,0.0,0.0,0.0
P1,R01,training,25,40,0,0.0,0.0,0.0,0.0
P1,R01,training,25,41,0,0.0,0.0,0.0,0.0
P1,R01,training,25,42,0,0.0,0.0,0.0,0.0
P1,R01,training,25,43,0,0.0,0.0,0.0,0.0
P1,R01,training,25,44,0,0.0,0.0,0.0,0.0
P1,R01,training,25,45,0,0.0,0.0,0.0,0.0
P1,R01,training,25,46,0,0.0,0.0,0.0,0.0
P1,R01,training,25,47,0,0.0,0.0,0.0,0.0
P1,R01,training,25,48,0,0.0,0.0,0.0,0.0
P1,R01,training,25,49,0,0.0,0.0,0.0,0.0
P1,R01,training,25,50,0,0.0,0.0,0.0,0.0
P1,R01,training,25,51,0,0.0,0.0,0.0,0.0
P1,R01,training,25,52,0,0.0,0.0,0.0,0.0
P1,R01,training,25,53,0,0.0,0.0,0.0,0.0
P1,R01,training,25,54,0,0.0,0.0,0.0,0.0
P1,R01,training,25,55,0,0.0,0.0,0.0,0.0
P1,R01,training,25,56,0,0.0,0.0,0.0,0.0
P1,R01,training,25,57,0,0.0,0.0,0.0,0.0
P1,R01,training,25,58,0,0.0,0.0,0.0,0.0
P1,R01,training,25,59,0,0.0,0.0,0.0,0.0
P1,R01,training,25,60,0,0.0,0.0,0.0,0.0
P1,R01,training,25,61,0,0.0,0.0,0.0,0.0
P1,R01,training,25,62,0,0.0,0.0,0.0,0.0
P1,R01,training,25,63,0,0.0,0.0,0.0,0.0
P1,R01,training,25,64,0,0.0,0.0,0.0,0.0
P1,R01,training,25,65,0,0.0,0.0,0.0,0.0
P1,R01,training,25,66,0,0.0,0.0,0.0,0.0
P1,R01,training,25,67,0,0.0,0.0,0.0,0.0
P1,R01,training,25,68,0,0.0,0.0,0.0,0.0
P1,R01,training,25,69,0,0.0,0.0,0.0,0.0
P1,R01,training,25,70,0,0.0,0.0,0.0,0.0
P1,R01,training,25,71,0,0.0,0.0,0.0,0.0
P1,R01,training,25,72,0,0.0,0.0,0.0,0.0
P1,R01,training,25,73,0,0.0,0.0,0.0,0.0
P1,R01,training,25,74,0,0.0,0.0,0.0,0.0
P1,R01,training,25,75,0,0.0,0.0,0.0,0.0
P1,R01,training,25,76,0,0.0,0.0,0.0,0.0
P1,R01,training,25,77,0,0.0,0.0,0.0,0.0
P1,R01,training,25,78,0,0.0,0.0,0.0,0.0
P1,R01,training,25,79,0,0.0,0.0,0.0,0.0
P1,R01,training,25,80,0,0.0,0.0,0.0,0.0
P1,R01,training,25,81,0,0.0,0.0,0.0,0.0
P1,R01,training,25,82,0,0.0,0.0,0.0,0.0
P1,R01,training,25,83,0,0.0,0.0,0.0,0.0
P1,R01,training,25,84,0,0.0,0.0,0.0,0.0
P1,R01,training,25,85,0,0.0,0.0,0.0,0.0
P1,R01,training,25,86,0,0.0,0.0,0.0,0.0
P1,R01,training,25,87,0,0.0,0.0,0.0,0.0
P1,R01,training,25,88,0,0.0,0.0,0.0,0.0
P1,R01,training,25,89,0,0.0,0.0,0.0,0.0
P1,R01,training,25,90,0,0.0,0.0,0.0,0.0
P1,R01,training,25,91,0,0.0,0.0,0.0,0.0
P1,R01,training,25,92,0,0.0,0.0,0.0,0.0
P1,R01,training,25,93,0,0.0,0.0,0.0,0.0
P1,R01,training,25,94,0,0.0,0.0,0.0,0.0
P1,R01,training,25,95,0,0.0,0.0,0.0,0.0
P1,R01,training,25,96,0,0.0,0.0,0.0,0.0
P1,R01,training,25,97,0,0.0,0.0,0.0,0.0
P1,R01,training,25,98,0,0.0,0.0,0.0,0.0
P1,R01,training,25,99,0,0.0,0.0,0.0,0.0
P1,R01,training,25,100,0,0.0,0.0,0.0,0.0
P1,R01,training,25,101,0,0.0,0.0,0.0,0.0
P1,R01,training,25,102,0,0.0,0.0,0.0,0.0
P1,R01,training,25,103,0,0.0,0.0,0.0,0.0
P1,R01,training,25,104,0,0.0,0.0,0.0,0.0
P1,R01,training,25,105,0,0.0,0.0,0.0,0.0
P1,R01,training,25,106,0,0.0,0.0,0.0,0.0
P1,R01,training,25,107,0,0.0,0.0,0.0,0.0
P1,R01,training,25,108,0,0.0,0.0,0.0,0.0
P1,R01,training,25,109,0,0.0,0.0,0.0,0.0
P1,R01,training,25,110,0,0.0,0.0,0.0,0.0
P1,R01,training,25,111,0,0.0,0.0,0.0,0.0
P1,R01,training,25,112,0,0.0,0.0,0.0,0.0
P1,R01,training,25,113,0,0.0,0.0,0.0,0.0
P1,R01,training,25,114,0,0.0,0.0,0.0,0.0
P1,R01,training,25,115,0,0.0,0.0,0.0,0.0
P1,R01,training,25,116,0,0.0,0.0,0.0,0.0
P1,R01,training,25,117,0,0.0,0.0,0.0,0.0
P1,R01,training,25,118,0,0.0,0.0,0.0,0.0
P1,R01,training,25,119,0,0.0,0.0,0.0,0.0
P1,R01,training,25,120,0,0.0,0.0,0.0,0.0
P1,R01,training,25,121,0,0.0,0.0,0.0,0.0
P1,R01,training,25,122,0,0.0,0.0,0.0,0.0
P1,R01,training,25,123,0,0.0,0.0,0.0,0.0
P1,R01,training,25,124,0,0.0,0.0,0.0,0.0
P1,R01,training,25,125,0,0.0,0.0,0.0,0.0
P1,R01,training,25,126,0,0.0,0.0,0.0,0.0
P1,R01,training,25,127,0,0.0,0.0,0.0,0.0
P1,R01,training,25,128,0,0.0,0.0,0.0,0.0
P1,R01,training,25,129,0,0.0,0.0,0.0,0.0
P1,R01,training,25,130,0,0.0,0.0,0.0,0.0
P1,R01,training,25,131,0,0.0,0.0,0.0,0.0
P1,R01,training,25,132,0,0.0,0.0,0.0,0.0
P1,R01,training,25,133,0,0.0,0.0,0.0,0.0
P1,R01,training,25,134,0,0.0,0.0,0.0,0.0
P1,R01,training,25,135,0,0.0,0.0,0.0,0.0
P1,R01,training,25,136,0,0.0,0.0,0.0,0.0
P1,R01,training,25,137,0,0.0,0.0,0.0,0.0
P1,R01,training,25,138,0,0.0,0.0,0.0,0.0
P1,R01,training,25,139,0,0.0,0.0,0.0,0.0
P1,R01,training,25,140,0,0.0,0.0,0.0,0.0
P1,R01,training,25,141,0,0.0,0.0,0.0,0.0
P1,R01,training,25,142,0,0.0,0.0,0.0,0.0
P1,R01,training,25,143,0,0.0,0.0,0.0,0.0
P1,R01,training,25,144,0,0.0,0.0,0.0,0.0
P1,R01,training,25,145,0,0.0,0.0,0.0,0.0
P1,R01,training,25,146,0,0.0,0.0,0.0,0.0
P1,R01,training,25,147,0,0.0,0.0,0.0,0.0
P1,R01,training,25,148,0,0.0,0.0,0.0,0.0
P1,R01,training,25,149,0,0.0,0.0,0.0,0.0
P1,R01,training,25,150,0,0.0,0.0,0.0,0.0
P1,R01,training,25,151,0,0.0,0.0,0.0,0.0
P1,R01,training,25,152,0,0.0,0.0,0.0,0.0
P1,R01,training,25,153,0,0.0,0.0,0.0,0.0
P1,R01,training,25,154,0,0.0,0.0,0.0,0.0
P1,R01,training,25,155,0,0.0,0.0,0.0,0.0
P1,R01,training,25,156,0,0.0,0.0,0.0,0.0
P1,R01,training,25,157,0,0.0,0.0,0.0,0.0
P1,R01,training,25,158,0,0.0,0.0,0.0,0.0
P1,R01,training,25,159,0,0.0,0.0,0.0,0.0
P1,R01,training,25,160,0,0.0,0.0,0.0,0.0
P1,R01,training,25,161,0,0.0,0.0,0.0,0.0
P1,R01,training,25,162,0,0.0,0.0,0.0,0.0
P1,R01,training,25,163,0,0.0,0.0,0.0,0.0
P1,R01,training,25,164,0,0.0,0.0,0.0,0.0
P1,R01,training,25,165,0,0.0,0.0,0.0,0.0
P1,R01,training,25,166,0,0.0,0.0,0.0,0.0
P1,R01,training,25,167,0,0.0,0.0,0.0,0.0
P1,R01,training,25,168,0,0.0,0.0,0.0,0.0
P1,R01,training,25,169,0,0.0,0.0,0.0,0.0
P1,R01,training,25,170,0,0.0,0.0,0.0,0.0
P1,R01,training,25,171,0,0.0,0.0,0.0,0.0
P1,R01,training,25,172,0,0.0,0.0,0.0,0.0
P1,R01,training,25,173,0,0.0,0.0,0.0,0.0
P1,R01,training,25,174,0,0.0,0.0,0.0,0.0
P1,R01,training,25,175,0,0.0,0.0,0.0,0.0
P1,R01,training,25,176,0,0.0,0.0,0.0,0.0
P1,R01,training,25,177,0,0.0,0.0,0.0,0.0
P1,R01,training,25,178,0,0.0,0.0,0.0,0.0
P1,R01,training,25,179,0,0.0,0.0,0.0,0.0
P1,R01,training,25,180,0,0.0,0.0,0.0,0.0
P1,R01,training,25,181,0,0.0,0.0,0.0,0.0
P1,R01,training,25,182,0,0.0,0.0,0.0,0.0
P1,R01,training,25,183,0,0.0,0.0,0.0,0.0
P1,R01,training,25,184,0,0.0,0.0,0.0,0.0
P1,R01,training,25,185,0,0.0,0.0,0.0,0.0
P1,R01,training,25,186,0,0.0,0.0,0.0,0.0
P1,R01,training,25,187,0,0.0,0.0,0.0,0.0
P1,R01,training,25,188,0,0.0,0.0,0.0,0.0
P1,R01,training,25,189,0,0.0,0.0,0.0,0.0
P1,R01,training,25,190,0,0.0,0.0,0.0,0.0
P1,R01,training,25,191,0,0.0,0.0,0.0,0.0
P1,R01,training,25,192,0,0.0,0.0,0.0,0.0
P1,R01,training,25,193,0,0.0,0.0,0.0,0.0
P1,R01,training,25,194,0,0.0,0.0,0.0,0.0
P1,R01,training,25,195,0,0.0,0.0,0.0,0.0
P1,R01,training,25,196,0,0.0,0.0,0.0,0.0
P1,R01,training,25,197,0,0.0,0.0,0.0,0.0
P1,R01,training,25,198,0,0.0,0.0,0.0,0.0
P1,R01,training,25,199,0,0.0,0.0,0.0,0.0
P1,R01,training,25,200,0,0.0,0.0,0.0,0.0
P1,R01,training,25,201,0,0.0,0.0,0.0,0.0
P1,R01,training,25,202,0,0.0,0.0,0.0,0.0
P1,R01,training,25,203,0,0.0,0.0,0.0,0.0
P1,R01,training,25,204,0,0.0,0.0,0.0,0.0
P1,R01,training,25,205,0,0.0,0.0,0.0,0.0
P1,R01,training,25,206,0,0.0,0.0,0.0,0.0
P1,R01,training,25,207,0,0.0,0.0,0.0,0.0
P1,R01,training,25,208,0,0.0,0.0,0.0,0.0
P1,R01,training,25,209,0,0.0,0.0,0.0,0.0
P1,R01,training,25,210,0,0.0,0.0,0.0,0.0
P1,R01,training,25,211,0,0.0,0.0,0.0,0.0
P1,R01,training,25,212,0,0.0,0.0,0.0,0.0
P1,R01,training,25,213,0,0.0,0.0,0.0,0.0
P1,R01,training,25,214,0,0.0,0.0,0.0,0.0
P1,R01,training,25,215,0,0.0,0.0,0.0,0.0
P1,R01,training,25,216,0,0.0,0.0,0.0,0.0
P1,R01,training,25,217,0,0.0,0.0,0.0,0.0
P1,R01,training,25,218,0,0.0,0.0,0.0,0.0
P1,R01,training,25,219,0,0.0,0.0,0.0,0.0
P1,R01,training,25,220,0,0.0,0.0,0.0,0.0
P1,R01,training,25,221,0,0.0,0.0,0.0,0.0
P1,R01,training,25,222,0,0.0,0.0,0.0,0.0
P1,R01,training,25,223,0,0.0,0.0,0.0,0.0
P1,R01,training,25,224,0,0.0,0.0,0.0,0.0
P2,R01,training,25,0,0,0.0,0.0,0.0,0.0
P2,R01,training,25,1,0,0.0,0.0,0.0,0.0
P2,R01,training,25,2,0,0.0,0.0,0.0,0.0
P2,R01,training,25,3,0,0.0,0.0,0.0,0.0
P2,R01,training,25,4,0,0.0,0.0,0.0,0.0
P2,R01,training,25,5,0,0.0,0.0,0.0,0.0
P2,R01,training,25,6,0,0.0,0.0,0.0,0.0
P2,R01,training,25,7,0,0.0,0.0,0.0,0.0
P2,R01,training,25,8,0,0.0,0.0,0.0,0.0
P2,R01,training,25,9,0,0.0,0.0,0.0,0.0
P2,R01,training,25,10,0,0.0,0.0,0.0,0.0
P2,R01,training,25,11,0,0.0,0.0,0.0,0.0
P2,R01,training,25,12,0,0.0,0.0,0.0,0.0
P2,R01,training,25,13,0,0.0,0.0,0.0,0.0
P2,R01,training,25,14,0,0.0,0.0,0.0,0.0
P2,R01,training,25,15,0,0.0,0.0,0.0,0.0
P2,R01,training,25,16,0,0.0,0.0,0.0,0.0
P2,R01,training,25,17,0,0.0,0.0,0.0,0.0
P2,R01,training,25,18,0,0.0,0.0,0.0,0.0
P2,R01,training,25,19,0,0.0,0.0,0.0,0.0
P2,R01,training,25,20,0,0.0,0.0,0.0,0.0
P2,R01,training,25,21,0,0.0,0.0,0.0,0.0
P2,R01,training,25,22,0,0.0,0.0,0.0,0.0
P2,R01,training,25,23,0,0.0,0.0,0.0,0.0
P2,R01,training,25,24,0,0.0,0.0,0.0,0.0
P2,R01,training,25,25,0,0.0,0.0,0.0,0.0
P2,R01,training,25,26,0,0.0,0.0,0.0,0.0
P2,R01,training,25,27,0,0.0,0.0,0.0,0.0
P2,R01,training,25,28,0,0.0,0.0,0.0,0.0
P2,R01,training,25,29,0,0.0,0.0,0.0,0.0
P2,R01,training,25,30,0,0.0,0.0,0.0,0.0
P2,R01,training,25,31,0,0.0,0.0,0.0,0.0
P2,R01,training,25,32,0,0.0,0.0,0.0,0.0
P2,R01,training,25,33,0,0.0,0.0,0.0,0.0
P2,R01,training,25,34,0,0.0,0.0,0.0,0.0
P2,R01,training,25,35,0,0.0,0.0,0.0,0.0
P2,R01,training,25,36,0,0.0,0.0,0.0,0.0
P2,R01,training,25,37,0,0.0,0.0,0.0,0.0
P2,R01,training,25,38,0,0.0,0.0,0.0,0.0
P2,R01,training,25,39,0,0.0,0.0,0.0,0.0
P2,R01,training,25,40,0,0.0,0.0,0.0,0.0
P2,R01,training,25,41,0,0.0,0.0,0.0,0.0
P2,R01,training,25,42,0,0.0,0.0,0.0,0.0
P2,R01,training,25,43,0,0.0,0.0,0.0,0.0
P2,R01,training,25,44,0,0.0,0.0,0.0,0.0
P2,R01,training,25,45,0,0.0,0.0,0.0,0.0
P2,R01,training,25,46,0,0.0,0.0,0.0,0.0
P2,R01,training,25,47,0,0.0,0.0,0.0,0.0
P2,R01,training,25,48,0,0.0,0.0,0.0,0.0
P2,R01,training,25,49,0,0.0,0.0,0.0,0.0
P2,R01,training,25,50,0,0.0,0.0,0.0,0.0
P2,R01,training,25,51,0,0.0,0.0,0.0,0.0
P2,R01,training,25,52,0,0.0,0.0,0.0,0.0
P2,R01,training,25,53,0,0.0,0.0,0.0,0.0
P2,R01,training,25,54,0,0.0,0.0,0.0,0.0
P2,R01,training,25,55,0,0.0,0.0,0.0,0.0
P2,R01,training,25,56,0,0.0,0.0,0.0,0.0
P2,R01,training,25,57,0,0.0,0.0,0.0,0.0
P2,R01,training,25,58,0,0.0,0.0,0.0,0.0
P2,R01,training,25,59,0,0.0,0.0,0.0,0.0
P2,R01,training,25,60,0,0.0,0.0,0.0,0.0
P2,R01,training,25,61,0,0.0,0.0,0.0,0.0
P2,R01,training,25,62,0,0.0,0.0,0.0,0.0
P2,R01,training,25,63,0,0.0,0.0,0.0,0.0
P2,R01,training,25,64,0,0.0,0.0,0.0,0.0
P2,R01,training,25,65,0,0.0,0.0,0.0,0.0
P2,R01,training,25,66,0,0.0,0.0,0.0,0.0
P2,R01,training,25,67,0,0.0,0.0,0.0,0.0
P2,R01,training,25,68,0,0.0,0.0,0.0,0.0
P2,R01,training,25,69,0,0.0,0.0,0.0,0.0
P2,R01,training,25,70,0,0.0,0.0,0.0,0.0
P2,R01,training,25,71,0,0.0,0.0,0.0,0.0
P2,R01,training,25,72,0,0.0,0.0,0.0,0.0
P2,R01,training,25,73,0,0.0,0.0,0.0,0.0
P2,R01,training,25,74,0,0.0,0.0,0.0,0.0
P2,R01,training,25,75,0,0.0,0.0,0.0,0.0
P2,R01,training,25,76,0,0.0,0.0,0.0,0.0
P2,R01,training,25,77,0,0.0,0.0,0.0,0.0
P2,R01,training,25,78,0,0.0,0.0,0.0,0.0
P2,R01,training,25,79,0,0.0,0.0,0.0,0.0
P2,R01,training,25,80,0,0.0,0.0,0.0,0.0
P2,R01,training,25,81,0,0.0,0.0,0.0,0.0
P2,R01,training,25,82,0,0.0,0.0,0.0,0.0
P2,R01,training,25,83,0,0.0,0.0,0.0,0.0
P2,R01,training,25,84,0,0.0,0.0,0.0,0.0
P2,R01,training,25,85,0,0.0,0.0,0.0,0.0
P2,R01,training,25,86,0,0.0,0.0,0.0,0.0
P2,R01,training,25,87,0,0.0,0.0,0.0,0.0
P2,R01,training,25,88,0,0.0,0.0,0.0,0.0
P2,R01,training,25,89,0,0.0,0.0,0.0,0.0
P2,R01,training,25,90,0,0.0,0.0,0.0,0.0
P2,R01,training,25,91,0,0.0,0.0,0.0,0.0
P2,R01,training,25,92,0,0.0,0.0,0.0,0.0
P2,R01,training,25,93,0,0.0,0.0,0.0,0.0
P2,R01,training,25,94,0,0.0,0.0,0.0,0.0
P2,R01,training,25,95,0,0.0,0.0,0.0,0.0
P2,R01,training,25,96,0,0.0,0.0,0.0,0.0
P2,R01,training,25,97,0,0.0,0.0,0.0,0.0
P2,R01,training,25,98,0,0.0,0.0,0.0,0.0
P2,R01,training,25,99,0,0.0,0.0,0.0,0.0
P2,R01,training,25,100,0,0.0,0.0,0.0,0.0
P2,R01,training,25,101,0,0.0,0.0,0.0,0.0
P2,R01,training,25,102,0,0.0,0.0,0.0,0.0
P2,R01,training,25,103,0,0.0,0.0,0.0,0.0
P2,R01,training,25,104,0,0.0,0.0,0.0,0.0
P2,R01,training,25,105,0,0.0,0.0,0.0,0.0
P2,R01,training,25,106,0,0.0,0.0,0.0,0.0
P2,R01,training,25,107,0,0.0,0.0,0.0,0.0
P2,R01,training,25,108,0,0.0,0.0,0.0,0.0
P2,R01,training,25,109,0,0.0,0.0,0.0,0.0
P2,R01,training,25,110,0,0.0,0.0,0.0,0.0
P2,R01,training,25,111,0,0.0,0.0,0.0,0.0
P2,R01,training,25,112,0,0.0,0.0,0.0,0.0
P2,R01,training,25,113,0,0.0,0.0,0.0,0.0
P2,R01,training,25,114,0,0.0,0.0,0.0,0.0
P2,R01,training,25,115,0,0.0,0.0,0.0,0.0
P2,R01,training,25,116,0,0.0,0.0,0.0,0.0
P2,R01,training,25,117,0,0.0,0.0,0.0,0.0
P2,R01,training,25,118,0,0.0,0.0,0.0,0.0
P2,R01,training,25,119,0,0.0,0.0,0.0,0.0
P2,R01,training,25,120,0,0.0,0.0,0.0,0.0
P2,R01,training,25,121,0,0.0,0.0,0.0,0.0
P2,R01,training,25,122,0,0.0,0.0,0.0,0.0
P2,R01,training,25,123,0,0.0,0.0,0.0,0.0
P2,R01,training,25,124,0,0.0,0.0,0.0,0.0
P2,R01,training,25,125,0,0.0,0.0,0.0,0.0
P2,R01,training,25,126,0,0.0,0.0,0.0,0.0
P2,R01,training,25,127,0,0.0,0.0,0.0,0.0
P2,R01,training,25,128,0,0.0,0.0,0.0,0.0
P2,R01,training,25,129,0,0.0,0.0,0.0,0.0
P2,R01,training,25,130,0,0.0,0.0,0.0,0.0
P2,R01,training,25,131,0,0.0,0.0,0.0,0.0
P2,R01,training,25,132,0,0.0,0.0,0.0,0.0
P2,R01,training,25,133,0,0.0,0.0,0.0,0.0
P2,R01,training,25,134,0,0.0,0.0,0.0,0.0
P2,R01,training,25,135,0,0.0,0.0,0.0,0.0
P2,R01,training,25,136,0,0.0,0.0,0.0,0.0
P2,R01,training,25,137,0,0.0,0.0,0.0,0.0
P2,R01,training,25,138,0,0.0,0.0,0.0,0.0
P2,R01,training,25,139,0,0.0,0.0,0.0,0.0
P2,R01,training,25,140,0,0.0,0.0,0.0,0.0
P2,R01,training,25,141,0,0.0,0.0,0.0,0.0
P2,R01,training,25,142,0,0.0,0.0,0.0,0.0
P2,R01,training,25,143,0,0.0,0.0,0.0,0.0
P2,R01,training,25,144,0,0.0,0.0,0.0,0.0
P2,R01,training,25,145,0,0.0,0.0,0.0,0.0
P2,R01,training,25,146,0,0.0,0.0,0.0,0.0
P2,R01,training,25,147,0,0.0,0.0,0.0,0.0
P2,R01,training,25,148,0,0.0,0.0,0.0,0.0
P2,R01,training,25,149,0,0.0,0.0,0.0,0.0
P2,R01,training,25,150,0,0.0,0.0,0.0,0.0
P2,R01,training,25,151,0,0.0,0.0,0.0,0.0
P2,R01,training,25,152,0,0.0,0.0,0.0,0.0
P2,R01,training,25,153,0,0.0,0.0,0.0,0.0
P2,R01,training,25,154,0,0.0,0.0,0.0,0.0
P2,R01,training,25,155,0,0.0,0.0,0.0,0.0
P2,R01,training,25,156,0,0.0,0.0,0.0,0.0
P2,R01,training,25,157,0,0.0,0.0,0.0,0.0
P2,R01,training,25,158,0,0.0,0.0,0.0,0.0
P2,R01,training,25,159,0,0.0,0.0,0.0,0.0
P2,R01,training,25,160,0,0.0,0.0,0.0,0.0
P2,R01,training,25,161,0,0.0,0.0,0.0,0.0
P2,R01,training,25,162,0,0.0,0.0,0.0,0.0
P2,R01,training,25,163,0,0.0,0.0,0.0,0.0
P2,R01,training,25,164,0,0.0,0.0,0.0,0.0
P2,R01,training,25,165,0,0.0,0.0,0.0,0.0
P2,R01,training,25,166,0,0.0,0.0,0.0,0.0
P2,R01,training,25,167,0,0.0,0.0,0.0,0.0
P2,R01,training,25,168,0,0.0,0.0,0.0,0.0
P2,R01,training,25,169,0,0.0,0.0,0.0,0.0
P2,R01,training,25,170,0,0.0,0.0,0.0,0.0
P2,R01,training,25,171,0,0.0,0.0,0.0,0.0
P2,R01,training,25,172,0,0.0,0.0,0.0,0.0
P2,R01,training,25,173,0,0.0,0.0,0.0,0.0
P2,R01,training,25,174,0,0.0,0.0,0.0,0.0
P2,R01,training,25,175,0,0.0,0.0,0.0,0.0
P2,R01,training,25,176,0,0.0,0.0,0.0,0.0
P2,R01,training,25,177,0,0.0,0.0,0.0,0.0
P2,R01,training,25,178,0,0.0,0.0,0.0,0.0
P2,R01,training,25,179,0,0.0,0.0,0.0,0.0
P2,R01,training,25,180,0,0.0,0.0,0.0,0.0
P2,R01,training,25,181,0,0.0,0.0,0.0,0.0
P2,R01,training,25,182,0,0.0,0.0,0.0,0.0
P2,R01,training,25,183,0,0.0,0.0,0.0,0.0
P2,R01,training,25,184,0,0.0,0.0,0.0,0.0
P2,R01,training,25,185,0,0.0,0.0,0.0,0.0
P2,R01,training,25,186,0,0.0,0.0,0.0,0.0
P2,R01,training,25,187,0,0.0,0.0,0.0,0.0
P2,R01,training,25,188,0,0.0,0.0,0.0,0.0
P2,R01,training,25,189,0,0.0,0.0,0.0,0.0
P2,R01,training,25,190,0,0.0,0.0,0.0,0.0
P2,R01,training,25,191,0,0.0,0.0,0.0,0.0
P2,R01,training,25,192,0,0.0,0.0,0.0,0.0
P2,R01,training,25,193,0,0.0,0.0,0.0,0.0
P2,R01,training,25,194,0,0.0,0.0,0.0,0.0
P2,R01,training,25,195,0,0.0,0.0,0.0,0.0
P2,R01,training,25,196,0,0.0,0.0,0.0,0.0
P2,R01,training,25,197,0,0.0,0.0,0.0,0.0
P2,R01,training,25,198,0,0.0,0.0,0.0,0.0
P2,R01,training,25,199,0,0.0,0.0,0.0,0.0
P2,R01,training,25,200,0,0.0,0.0,0.0,0.0
P2,R01,training,25,201,0,0.0,0.0,0.0,0.0
P2,R01,training,25,202,0,0.0,0.0,0.0,0.0
P2,R01,training,25,203,0,0.0,0.0,0.0,0.0
P2,R01,training,25,204,0,0.0,0.0,0.0,0.0
P2,R01,training,25,205,0,0.0,0.0,0.0,0.0
P2,R01,training,25,206,0,0.0,0.0,0.0,0.0
P2,R01,training,25,207,0,0.0,0.0,0.0,0.0
P2,R01,training,25,208,0,0.0,0.0,0.0,0.0
P2,R01,training,25,209,0,0.0,0.0,0.0,0.0
P2,R01,training,25,210,0,0.0,0.0,0.0,0.0
P2,R01,training,25,211,0,0.0,0.0,0.0,0.0
P2,R01,training,25,212,0,0.0,0.0,0.0,0.0
P2,R01,training,25,213,0,0.0,0.0,0.0,0.0
P2,R01,training,25,214,0,0.0,0.0,0.0,0.0
P2,R01,training,25,215,0,0.0,0.0,0.0,0.0
P2,R01,training,25,216,0,0.0,0.0,0.0,0.0
P2,R01,training,25,217,0,0.0,0.0,0.0,0.0
P2,R01,training,25,218,0,0.0,0.0,0.0,0.0
P2,R01,training,25,219,0,0.0,0.0,0.0,0.0
P2,R01,training,25,220,0,0.0,0.0,0.0,0.0
P2,R01,training,25,221,0,0.0,0.0,0.0,0.0
P2,R01,training,25,222,0,0.0,0.0,0.0,0.0
P2,R01,training,25,223,0,0.0,0.0,0.0,0.0
P2,R01,training,25,224,0,0.0,0.0,0.0,0.0
P3,R01,training,25,0,0,0.0,0.0,0.06973200906039992,0.04267222177155748
P3,R01,training,25,1,0,0.0,0.0,0.06973200906039992,0.043049781565740596
P3,R01,training,25,2,0,0.0,0.0,0.06973200906039992,0.043427219844002767
P3,R01,training,25,3,0,0.0,0.0,0.06973200906039992,0.043804475101261155
P3,R01,training,25,4,0,0.0,0.0,0.06973200906039992,0.04418148533963152
P3,R01,training,25,5,0,0.0,0.0,0.06973200906039992,0.04455818808400156
P3,R01,training,25,6,0,0.0,0.0,0.06973200906039992,0.04493452039793007
P3,R01,training,25,7,0,0.0,0.0,0.06973200906039992,0.04531041889986682
P3,R01,training,25,8,0,0.0,0.0,0.06973200906039992,0.04568581977968833
P3,R01,training,25,9,0,0.0,0.0,0.06973200906039992,0.04606065881554412
P3,R01,training,25,10,0,0.0,0.0,0.06973200906039992,0.04643487139100803
P3,R01,training,25,11,0,0.0,0.0,0.06973200906039992,0.04680839251252875
P3,R01,training,25,12,0,0.0,0.0,0.06973200906039992,0.047181156827173915
P3,R01,training,25,13,0,0.0,0.0,0.06973200906039992,0.04755309864066128
P3,R01,training,25,14,0,0.0,0.0,0.06973200906039992,0.04792415193567097
P3,R01,training,25,15,0,0.0,0.0,0.06973200906039992,0.04829425039043189
P3,R01,training,25,16,0,0.0,0.0,0.0714972832741745,0.04989524539576535
P3,R01,training,25,17,0,0.0,0.0,0.0714972832741745,0.050272549759371676
P3,R01,training,25,18,0,0.0,0.0,0.0714972832741745,0.050648669430381786
P3,R01,training,25,19,0,0.0,0.0,0.0714972832741745,0.05102353535539681
P3,R01,training,25,20,0,0.0,0.0,0.0714972832741745,0.05139707826811432
P3,R01,training,25,21,0,0.0,0.0,0.0714972832741745,0.05176922870992036
P3,R01,training,25,22,0,0.0,0.0,0.0714972832741745,0.05213991705070998
P3,R01,training,25,23,0,0.0,0.0,0.0714972832741745,0.052509073509928055
P3,R01,training,25,24,0,0.0,0.0,0.0714972832741745,0.05287662817782163
P3,R01,training,25,25,0,0.0,0.0,0.0714972832741745,0.053242511036895424
P3,R01,training,25,26,0,0.0,0.0,0.0714972832741745,0.053606651983561356
P3,R01,training,25,27,0,0.0,0.0,0.0714972832741745,0.05396898084997319
P3,R01,training,25,28,0,0.0,0.0,0.0714972832741745,0.05432942742603712
P3,R01,training,25,29,0,0.0,0.0,0.0714972832741745,0.05468792148158889
P3,R01,training,25,30,0,0.0,0.0,0.0714972832741745,0.055044392788727886
P3,R01,training,25,31,0,0.0,0.0,0.0714972832741745,0.05539877114429872
P3,R01,training,25,32,0,0.0,0.0,0.07257782633614546,0.05659355465225022
P3,R01,training,25,33,0,0.0,0.0,0.07257782633614546,0.05694882600883603
P3,R01,training,25,34,0,0.0,0.0,0.07257782633614546,0.05730175937148163
P3,R01,training,25,35,0,0.0,0.0,0.07257782633614546,0.05765228380737597
P3,R01,training,25,36,0,0.0,0.0,0.07257782633614546,0.05800032852482354
P3,R01,training,25,37,0,0.0,0.0,0.07257782633614546,0.05834582289674915
P3,R01,training,25,38,0,0.0,0.0,0.07257782633614546,0.058688696484279615
P3,R01,training,25,39,0,0.0,0.0,0.07257782633614546,0.05902887906039168
P3,R01,training,25,40,0,0.0,0.0,0.07257782633614546,0.059366300633615136
P3,R01,training,25,41,0,0.0,0.0,0.07257782633614546,0.059700891471780135
P3,R01,training,25,42,0,0.0,0.0,0.07257782633614546,0.060032582125797554
P3,R01,training,25,43,0,0.0,0.0,0.07257782633614546,0.0603613034534612
P3,R01,training,25,44,0,0.0,0.0,0.07257782633614546,0.06068698664326048
P3,R01,training,25,45,0,0.0,0.0,0.07257782633614546,0.06100956323819234
P3,R01,training,25,46,0,0.0,0.0,0.07257782633614546,0.06132896515956089
P3,R01,training,25,47,0,0.0,0.0,0.07257782633614546,0.061645124730753356
P3,R01,training,25,48,0,1.0,1.0,0.07294162420458537,0.06226854034157559
P3,R01,training,25,49,0,1.0,1.0,0.07294162420458537,0.06257956515228132
P3,R01,training,25,50,0,1.0,1.0,0.07294162420458537,0.06288712997587423
P3,R01,training,25,51,0,1.0,1.0,0.07294162420458537,0.06319116865097293
P3,R01,training,25,52,0,1.0,1.0,0.07294162420458537,0.06349161553900547
P3,R01,training,25,53,0,1.0,1.0,0.07294162420458537,0.0637884055477169
P3,R01,training,25,54,0,1.0,1.0,0.07294162420458537,0.06408147415457124
P3,R01,training,25,55,0,1.0,1.0,0.07294162420458537,0.06437075743003615
P3,R01,training,25,56,0,1.0,1.0,0.07294162420458537,0.06465619206073851
P3,R01,training,25,57,0,1.0,1.0,0.07294162420458537,0.06493771537247958
P3,R01,training,25,58,0,1.0,1.0,0.07294162420458537,0.06521526535309753
P3,R01,training,25,59,0,1.0,1.0,0.07294162420458537,0.06548878067516611
P3,R01,training,25,60,0,1.0,1.0,0.07294162420458537,0.06575820071851776
P3,R01,training,25,61,0,1.0,1.0,0.07294162420458537,0.06602346559257952
P3,R01,training,25,62,0,1.0,1.0,0.07294162420458537,0.06628451615851041
P3,R01,training,25,63,0,1.0,1.0,0.07294162420458537,0.0665412940511287
P3,R01,training,25,64,0,0.0,0.0,0.07257782633614546,0.06646060652408733
P3,R01,training,25,65,0,0.0,0.0,0.07257782633614546,0.06670742996979873
P3,R01,training,25,66,0,0.0,0.0,0.07257782633614546,0.0669498326636033
P3,R01,training,25,67,0,0.0,0.0,0.07257782633614546,0.0671877598242249
P3,R01,training,25,68,0,0.0,0.0,0.07257782633614546,0.06742115754575016
P3,R01,training,25,69,0,0.0,0.0,0.07257782633614546,0.06764997281795813
P3,R01,training,25,70,0,0.0,0.0,0.07257782633614546,0.06787415354636378
P3,R01,training,25,71,0,0.0,0.0,0.07257782633614546,0.06809364857196466
P3,R01,training,25,72,0,0.0,0.0,0.07257782633614546,0.06830840769068042
P3,R01,training,25,73,0,0.0,0.0,0.07257782633614546,0.0685183816724746
P3,R01,training,25,74,0,0.0,0.0,0.07257782633614546,0.06872352228014876
P3,R01,training,25,75,0,0.0,0.0,0.07257782633614546,0.06892378228779875
P3,R01,training,25,76,0,0.0,0.0,0.07257782633614546,0.06911911549892331
P3,R01,training,25,77,0,0.0,0.0,0.07257782633614546,0.06930947676417525
P3,R01,training,25,78,0,0.0,0.0,0.07257782633614546,0.06949482199874571
P3,R01,training,25,79,0,0.0,0.0,0.07257782633614546,0.06967510819937209
P3,R01,training,25,80,0,0.0,0.0,0.0714972832741745,0.0688103580731699
P3,R01,training,25,81,0,0.0,0.0,0.0714972832741745,0.0689778699866507
P3,R01,training,25,82,0,0.0,0.0,0.0714972832741745,0.06914027765077076
P3,R01,training,25,83,0,0.0,0.0,0.0714972832741745,0.06929754312409957
P3,R01,training,25,84,0,0.0,0.0,0.0714972832741745,0.06944962960855383
P3,R01,training,25,85,0,0.0,0.0,0.0714972832741745,0.06959650146374474
P3,R01,training,25,86,0,0.0,0.0,0.0714972832741745,0.06973812422089541
P3,R01,training,25,87,0,0.0,0.0,0.0714972832741745,0.06987446459632078
P3,R01,training,25,88,0,0.0,0.0,0.0714972832741745,0.07000549050446274
P3,R01,training,25,89,0,0.0,0.0,0.0714972832741745,0.0701311710704731
P3,R01,training,25,90,0,0.0,0.0,0.0714972832741745,0.07025147664233786
P3,R01,training,25,91,0,0.0,0.0,0.0714972832741745,0.07036637880253568
P3,R01,training,25,92,0,0.0,0.0,0.0714972832741745,0.07047585037922455
P3,R01,training,25,93,0,0.0,0.0,0.0714972832741745,0.07057986545695011
P3,R01,training,25,94,0,0.0,0.0,0.0714972832741745,0.07067839938687004
P3,R01,training,25,95,0,0.0,0.0,0.0714972832741745,0.0707714287964887
P3,R01,training,25,96,0,0.0,0.0,0.06973200906039992,0.06910941834414157
P3,R01,training,25,97,0,0.0,0.0,0.06973200906039992,0.06918935026065463
P3,R01,training,25,98,0,0.0,0.0,0.06973200906039992,0.06926385273434829
P3,R01,training,25,99,0,0.0,0.0,0.06973200906039992,0.06933290803434224
P3,R01,training,25,100,0,0.0,0.0,0.06973200906039992,0.06939649971472227
P3,R01,training,25,101,0,0.0,0.0,0.06973200906039992,0.0694546126210679
P3,R01,training,25,102,0,0.0,0.0,0.06973200906039992,0.06950723289647125
P3,R01,training,25,103,0,0.0,0.0,0.06973200906039992,0.0695543479870437
P3,R01,training,25,104,0,0.0,0.0,0.06973200906039992,0.06959594664690757
P3,R01,training,25,105,0,0.0,0.0,0.06973200906039992,0.06963201894266981
P3,R01,training,25,106,0,0.0,0.0,0.06973200906039992,0.06966255625737511
P3,R01,training,25,107,0,0.0,0.0,0.06973200906039992,0.06968755129393665
P3,R01,training,25,108,0,0.0,0.0,0.06973200906039992,0.06970699807804208
P3,R01,training,25,109,0,0.0,0.0,0.06973200906039992,0.06972089196053341
P3,R01,training,25,110,0,0.0,0.0,0.06973200906039992,0.06972922961925951
P3,R01,training,25,111,0,0.0,0.0,0.06973200906039992,0.06973200906039992
P3,R01,training,25,112,0,0.0,0.0,0.06733360563524385,0.0673309217918245
P3,R01,training,25,113,0,0.0,0.0,0.06733360563524385,0.06732287090339967
P3,R01,training,25,114,0,0.0,0.0,0.06733360563524385,0.06730945489521319
P3,R01,training,25,115,0,0.0,0.0,0.06733360563524385,0.0672906769751522
P3,R01,training,25,116,0,0.0,0.0,0.06733360563524385,0.06726654163246883
P3,R01,training,25,117,0,0.0,0.0,0.06733360563524385,0.06723705463599142
P3,R01,training,25,118,0,0.0,0.0,0.06733360563524385,0.06720222303182657
P3,R01,training,25,119,0,0.0,0.0,0.06733360563524385,0.06716205514055294
P3,R01,training,25,120,0,0.0,0.0,0.06733360563524385,0.06711656055390873
P3,R01,training,25,121,0,0.0,0.0,0.06733360563524385,0.0670657501309743
P3,R01,training,25,122,0,0.0,0.0,0.06733360563524385,0.06700963599385247
P3,R01,training,25,123,0,0.0,0.0,0.06733360563524385,0.0669482315228486
P3,R01,training,25,124,0,0.0,0.0,0.06733360563524385,0.06688155135115315
P3,R01,training,25,125,0,0.0,0.0,0.06733360563524385,0.06680961135902996
P3,R01,training,25,126,0,0.0,0.0,0.06733360563524385,0.06673242866751311
P3,R01,training,25,127,0,0.0,0.0,0.06733360563524385,0.06665002163161605
P3,R01,training,25,128,0,0.0,0.0,0.06437075743003616,0.06363349618514519
P3,R01,training,25,129,0,0.0,0.0,0.06437075743003616,0.06354478367173147
P3,R01,training,25,130,0,0.0,0.0,0.06437075743003616,0.06345113634653644
P3,R01,training,25,131,0,0.0,0.0,0.06437075743003616,0.06335257640151727
P3,R01,training,25,132,0,0.0,0.0,0.06437075743003616,0.06324912716899303
P3,R01,training,25,133,0,0.0,0.0,0.06437075743003616,0.06314081311243942
P3,R01,training,25,134,0,0.0,0.0,0.06437075743003616,0.06302765981684777
P3,R01,training,25,135,0,0.0,0.0,0.06437075743003616,0.06290969397865344
P3,R01,training,25,136,0,0.0,0.0,0.06437075743003616,0.06278694339523937
P3,R01,training,25,137,0,0.0,0.0,0.06437075743003616,0.06265943695402033
P3,R01,training,25,138,0,0.0,0.0,0.06437075743003616,0.0625272046211142
P3,R01,training,25,139,0,0.0,0.0,0.06437075743003616,0.06239027742960611
P3,R01,training,25,140,0,0.0,0.0,0.06437075743003616,0.062248687467412044
P3,R01,training,25,141,0,0.0,0.0,0.06437075743003616,0.06210246786474881
P3,R01,training,25,142,0,0.0,0.0,0.06437075743003616,0.061951652781216685
P3,R01,training,25,143,0,0.0,0.0,0.06437075743003616,0.061796277392502305
P3,R01,training,25,144,0,0.0,0.0,0.06092596587004558,0.05833791623395345
P3,R01,training,25,145,0,0.0,0.0,0.06092596587004558,0.05818232687552716
P3,R01,training,25,146,0,0.0,0.0,0.06092596587004558,0.05802252677492891
P3,R01,training,25,147,0,0.0,0.0,0.06092596587004558,0.057858552939461
P3,R01,training,25,148,0,0.0,0.0,0.06092596587004558,0.05769044327005992
P3,R01,training,25,149,0,0.0,0.0,0.06092596587004558,0.05751823654670298
P3,R01,training,25,150,0,0.0,0.0,0.06092596587004558,0.05734197241350699
P3,R01,training,25,151,0,0.0,0.0,0.06092596587004558,0.05716169136352685
P3,R01,training,25,152,0,0.0,0.0,0.06092596587004558,0.05697743472326226
P3,R01,training,25,153,0,0.0,0.0,0.06092596587004558,0.056789244636881
P3,R01,training,25,154,0,0.0,0.0,0.06092596587004558,0.0565971640501668
P3,R01,training,25,155,0,0.0,0.0,0.06092596587004558,0.05640123669420088
P3,R01,training,25,156,0,0.0,0.0,0.06092596587004558,0.05620150706878539
P3,R01,training,25,157,0,0.0,0.0,0.06092596587004558,0.05599802042561778
P3,R01,training,25,158,0,0.0,0.0,0.06092596587004558,0.0557908227512249
P3,R01,training,25,159,0,0.0,0.0,0.06092596587004558,0.05557996074966588
P3,R01,training,25,160,0,0.0,0.0,0.05709174029166187,0.05188119161243255
P3,R01,training,25,161,0,0.0,0.0,0.05709174029166187,0.051676866149767825
P3,R01,training,25,162,0,0.0,0.0,0.05709174029166187,0.05146924212900353
P3,R01,training,25,163,0,0.0,0.0,0.05709174029166187,0.05125836583837887
P3,R01,training,25,164,0,0.0,0.0,0.05709174029166187,0.05104428415451711
P3,R01,training,25,165,0,0.0,0.0,0.05709174029166187,0.0508270445250985
P3,R01,training,25,166,0,0.0,0.0,0.05709174029166187,0.05060669495137788
P3,R01,training,25,167,0,0.0,0.0,0.05709174029166187,0.05038328397055575
P3,R01,training,25,168,0,0.0,0.0,0.05709174029166187,0.0501568606380119
P3,R01,training,25,169,0,0.0,0.0,0.05709174029166187,0.049927474509410784
P3,R01,training,25,170,0,0.0,0.0,0.05709174029166187,0.04969517562268749
P3,R01,training,25,171,0,0.0,0.0,0.05709174029166187,0.049460014479923785
P3,R01,training,25,172,0,0.0,0.0,0.05709174029166187,0.04922204202912299
P3,R01,training,25,173,0,0.0,0.0,0.05709174029166187,0.04898130964589325
P3,R01,training,25,174,0,0.0,0.0,0.05709174029166187,0.048737869115048064
P3,R01,training,25,175,0,0.0,0.0,0.05709174029166187,0.04849177261213341
P3,R01,training,25,176,0,0.0,0.0,0.0,0.0
P3,R01,training,25,177,0,0.0,0.0,0.0,0.0
P3,R01,training,25,178,0,0.0,0.0,0.0,0.0
P3,R01,training,25,179,0,0.0,0.0,0.0,0.0
P3,R01,training,25,180,0,0.0,0.0,0.0,0.0
P3,R01,training,25,181,0,0.0,0.0,0.0,0.0
P3,R01,training,25,182,0,0.0,0.0,0.0,0.0
P3,R01,training,25,183,0,0.0,0.0,0.0,0.0
P3,R01,training,25,184,0,0.0,0.0,0.0,0.0
P3,R01,training,25,185,0,0.0,0.0,0.0,0.0
P3,R01,training,25,186,0,0.0,0.0,0.0,0.0
P3,R01,training,25,187,0,0.0,0.0,0.0,0.0
P3,R01,training,25,188,0,0.0,0.0,0.0,0.0
P3,R01,training,25,189,0,0.0,0.0,0.0,0.0
P3,R01,training,25,190,0,0.0,0.0,0.0,0.0
P3,R01,training,25,191,0,0.0,0.0,0.0,0.0
P3,R01,training,25,192,0,0.0,0.0,0.0,0.0
P3,R01,training,25,193,0,0.0,0.0,0.0,0.0
P3,R01,training,25,194,0,0.0,0.0,0.0,0.0
P3,R01,training,25,195,0,0.0,0.0,0.0,0.0
P3,R01,training,25,196,0,0.0,0.0,0.0,0.0
P3,R01,training,25,197,0,0.0,0.0,0.0,0.0
P3,R01,training,25,198,0,0.0,0.0,0.0,0.0
P3,R01,training,25,199,0,0.0,0.0,0.0,0.0
P3,R01,training,25,200,0,0.0,0.0,0.0,0.0
P3,R01,training,25,201,0,0.0,0.0,0.0,0.0
P3,R01,training,25,202,0,0.0,0.0,0.0,0.0
P3,R01,training,25,203,0,0.0,0.0,0.0,0.0
P3,R01,training,25,204,0,0.0,0.0,0.0,0.0
P3,R01,training,25,205,0,0.0,0.0,0.0,0.0
P3,R01,training,25,206,0,0.0,0.0,0.0,0.0
P3,R01,training,25,207,0,0.0,0.0,0.0,0.0
P3,R01,training,25,208,0,0.0,0.0,0.0,0.0
P3,R01,training,25,209,0,0.0,0.0,0.0,0.0
P3,R01,training,25,210,0,0.0,0.0,0.0,0.0
P3,R01,training,25,211,0,0.0,0.0,0.0,0.0
P3,R01,training,25,212,0,0.0,0.0,0.0,0.0
P3,R01,training,25,213,0,0.0,0.0,0.0,0.0
P3,R01,training,25,214,0,0.0,0.0,0.0,0.0
P3,R01,training,25,215,0,0.0,0.0,0.0,0.0
P3,R01,training,25,216,0,0.0,0.0,0.0,0.0
P3,R01,training,25,217,0,0.0,0.0,0.0,0.0
P3,R01,training,25,218,0,0.0,0.0,0.0,0.0
P3,R01,training,25,219,0,0.0,0.0,0.0,0.0
P3,R01,training,25,220,0,0.0,0.0,0.0,0.0
P3,R01,training,25,221,0,0.0,0.0,0.0,0.0
P3,R01,training,25,222,0,0.0,0.0,0.0,0.0
P3,R01,training,25,223,0,0.0,0.0,0.0,0.0
P3,R01,training,25,224,0,0.0,0.0,0.0,0.0
A,R01,training,27,0,0,0.0,0.0,0.0,0.0
A,R01,training,27,1,0,0.0,0.0,0.0,0.0
A,R01,training,27,2,0,0.0,0.0,0.0,0.0
A,R01,training,27,3,0,0.0,0.0,0.0,0.0
A,R01,training,27,4,0,0.0,0.0,0.0,0.0
A,R01,training,27,5,0,0.0,0.0,0.0,0.0
A,R01,training,27,6,0,0.0,0.0,0.0,0.0
A,R01,training,27,7,0,0.0,0.0,0.0,0.0
A,R01,training,27,8,0,0.0,0.0,0.0,0.0
A,R01,training,27,9,0,0.0,0.0,0.0,0.0
A,R01,training,27,10,0,0.0,0.0,0.0,0.0
A,R01,training,27,11,0,0.0,0.0,0.0,0.0
A,R01,training,27,12,0,0.0,0.0,0.0,0.0
A,R01,training,27,13,0,0.0,0.0,0.0,0.0
A,R01,training,27,14,0,0.0,0.0,0.0,0.0
A,R01,training,27,15,0,0.0,0.0,0.0,0.0
A,R01,training,27,16,0,0.0,0.0,0.0,0.0
A,R01,training,27,17,0,0.0,0.0,0.0,0.0
A,R01,training,27,18,0,0.0,0.0,0.0,0.0
A,R01,training,27,19,0,0.0,0.0,0.0,0.0
A,R01,training,27,20,0,0.0,0.0,0.0,0.0
A,R01,training,27,21,0,0.0,0.0,0.0,0.0
A,R01,training,27,22,0,0.0,0.0,0.0,0.0
A,R01,training,27,23,0,0.0,0.0,0.0,0.0
A,R01,training,27,24,0,0.0,0.0,0.0,0.0
A,R01,training,27,25,0,0.0,0.0,0.0,0.0
A,R01,training,27,26,0,0.0,0.0,0.0,0.0
A,R01,training,27,27,0,0.0,0.0,0.0,0.0
A,R01,training,27,28,0,0.0,0.0,0.0,0.0
A,R01,training,27,29,0,0.0,0.0,0.0,0.0
A,R01,training,27,30,0,0.0,0.0,0.0,0.0
A,R01,training,27,31,0,0.0,0.0,0.0,0.0
A,R01,training,27,32,0,0.0,0.0,0.0,0.0
A,R01,training,27,33,0,0.0,0.0,0.0,0.0
A,R01,training,27,34,0,0.0,0.0,0.0,0.0
A,R01,training,27,35,0,0.0,0.0,0.0,0.0
A,R01,training,27,36,0,0.0,0.0,0.0,0.0
A,R01,training,27,37,0,0.0,0.0,0.0,0.0
A,R01,training,27,38,0,0.0,0.0,0.0,0.0
A,R01,training,27,39,0,0.0,0.0,0.0,0.0
A,R01,training,27,40,0,0.0,0.0,0.0,0.0
A,R01,training,27,41,0,0.0,0.0,0.0,0.0
A,R01,training,27,42,0,0.0,0.0,0.0,0.0
A,R01,training,27,43,0,0.0,0.0,0.0,0.0
A,R01,training,27,44,0,0.0,0.0,0.0,0.0
A,R01,training,27,45,0,0.0,0.0,0.0,0.0
A,R01,training,27,46,0,0.0,0.0,0.0,0.0
A,R01,training,27,47,0,0.0,0.0,0.0,0.0
A,R01,training,27,48,0,0.0,0.0,0.0,0.0
A,R01,training,27,49,0,0.0,0.0,0.0,0.0
A,R01,training,27,50,0,0.0,0.0,0.0,0.0
A,R01,training,27,51,0,0.0,0.0,0.0,0.0
A,R01,training,27,52,0,0.0,0.0,0.0,0.0
A,R01,training,27,53,0,0.0,0.0,0.0,0.0
A,R01,training,27,54,0,0.0,0.0,0.0,0.0
A,R01,training,27,55,0,0.0,0.0,0.0,0.0
A,R01,training,27,56,0,0.0,0.0,0.0,0.0
A,R01,training,27,57,0,0.0,0.0,0.0,0.0
A,R01,training,27,58,0,0.0,0.0,0.0,0.0
A,R01,training,27,59,0,0.0,0.0,0.0,0.0
A,R01,training,27,60,0,0.0,0.0,0.0,0.0
A,R01,training,27,61,0,0.0,0.0,0.0,0.0
A,R01,training,27,62,0,0.0,0.0,0.0,0.0
A,R01,training,27,63,0,0.0,0.0,0.0,0.0
A,R01,training,27,64,0,0.0,0.0,0.0,0.0
A,R01,training,27,65,0,0.0,0.0,0.0,0.0
A,R01,training,27,66,0,0.0,0.0,0.0,0.0
A,R01,training,27,67,0,0.0,0.0,0.0,0.0
A,R01,training,27,68,0,0.0,0.0,0.0,0.0
A,R01,training,27,69,0,0.0,0.0,0.0,0.0
A,R01,training,27,70,0,0.0,0.0,0.0,0.0
A,R01,training,27,71,0,0.0,0.0,0.0,0.0
A,R01,training,27,72,0,0.0,0.0,0.0,0.0
A,R01,training,27,73,0,0.0,0.0,0.0,0.0
A,R01,training,27,74,0,0.0,0.0,0.0,0.0
A,R01,training,27,75,0,0.0,0.0,0.0,0.0
A,R01,training,27,76,0,0.0,0.0,0.0,0.0
A,R01,training,27,77,0,0.0,0.0,0.0,0.0
A,R01,training,27,78,0,0.0,0.0,0.0,0.0
A,R01,training,27,79,0,0.0,0.0,0.0,0.0
A,R01,training,27,80,0,0.0,0.0,0.0,0.0
A,R01,training,27,81,0,0.0,0.0,0.0,0.0
A,R01,training,27,82,0,0.0,0.0,0.0,0.0
A,R01,training,27,83,0,0.0,0.0,0.0,0.0
A,R01,training,27,84,0,0.0,0.0,0.0,0.0
A,R01,training,27,85,0,0.0,0.0,0.0,0.0
A,R01,training,27,86,0,0.0,0.0,0.0,0.0
A,R01,training,27,87,0,0.0,0.0,0.0,0.0
A,R01,training,27,88,0,0.0,0.0,0.0,0.0
A,R01,training,27,89,0,0.0,0.0,0.0,0.0
A,R01,training,27,90,0,0.0,0.0,0.0,0.0
A,R01,training,27,91,0,0.0,0.0,0.0,0.0
A,R01,training,27,92,0,0.0,0.0,0.0,0.0
A,R01,training,27,93,0,0.0,0.0,0.0,0.0
A,R01,training,27,94,0,0.0,0.0,0.0,0.0
A,R01,training,27,95,0,0.0,0.0,0.0,0.0
A,R01,training,27,96,0,0.0,0.0,0.0,0.0
A,R01,training,27,97,0,0.0,0.0,0.0,0.0
A,R01,training,27,98,0,0.0,0.0,0.0,0.0
A,R01,training,27,99,0,0.0,0.0,0.0,0.0
A,R01,training,27,100,0,0.0,0.0,0.0,0.0
A,R01,training,27,101,0,0.0,0.0,0.0,0.0
A,R01,training,27,102,0,0.0,0.0,0.0,0.0
A,R01,training,27,103,0,0.0,0.0,0.0,0.0
A,R01,training,27,104,0,0.0,0.0,0.0,0.0
A,R01,training,27,105,0,0.0,0.0,0.0,0.0
A,R01,training,27,106,0,0.0,0.0,0.0,0.0
A,R01,training,27,107,0,0.0,0.0,0.0,0.0
A,R01,training,27,108,0,0.0,0.0,0.0,0.0
A,R01,training,27,109,0,0.0,0.0,0.0,0.0
A,R01,training,27,110,0,0.0,0.0,0.0,0.0
A,R01,training,27,111,0,0.0,0.0,0.0,0.0
A,R01,training,27,112,0,0.0,0.0,0.0,0.0
A,R01,training,27,113,0,0.0,0.0,0.0,0.0
A,R01,training,27,114,0,0.0,0.0,0.0,0.0
A,R01,training,27,115,0,0.0,0.0,0.0,0.0
A,R01,training,27,116,0,0.0,0.0,0.0,0.0
A,R01,training,27,117,0,0.0,0.0,0.0,0.0
A,R01,training,27,118,0,0.0,0.0,0.0,0.0
A,R01,training,27,119,0,0.0,0.0,0.0,0.0
A,R01,training,27,120,0,0.0,0.0,0.0,0.0
A,R01,training,27,121,0,0.0,0.0,0.0,0.0
A,R01,training,27,122,0,0.0,0.0,0.0,0.0
A,R01,training,27,123,0,0.0,0.0,0.0,0.0
A,R01,training,27,124,0,0.0,0.0,0.0,0.0
A,R01,training,27,125,0,0.0,0.0,0.0,0.0
A,R01,training,27,126,0,0.0,0.0,0.0,0.0
A,R01,training,27,127,0,0.0,0.0,0.0,0.0
A,R01,training,27,128,0,0.0,0.0,0.0,0.0
A,R01,training,27,129,0,0.0,0.0,0.0,0.0
A,R01,training,27,130,0,0.0,0.0,0.0,0.0
A,R01,training,27,131,0,0.0,0.0,0.0,0.0
A,R01,training,27,132,0,0.0,0.0,0.0,0.0
A,R01,training,27,133,0,0.0,0.0,0.0,0.0
A,R01,training,27,134,0,0.0,0.0,0.0,0.0
A,R01,training,27,135,0,0.0,0.0,0.0,0.0
A,R01,training,27,136,0,0.0,0.0,0.0,0.0
A,R01,training,27,137,0,0.0,0.0,0.0,0.0
A,R01,training,27,138,0,0.0,0.0,0.0,0.0
A,R01,training,27,139,0,0.0,0.0,0.0,0.0
A,R01,training,27,140,0,0.0,0.0,0.0,0.0
A,R01,training,27,141,0,0.0,0.0,0.0,0.0
A,R01,training,27,142,0,0.0,0.0,0.0,0.0
A,R01,training,27,143,0,0.0,0.0,0.0,0.0
A,R01,training,27,144,0,0.0,0.0,0.0,0.0
A,R01,training,27,145,0,0.0,0.0,0.0,0.0
A,R01,training,27,146,0,0.0,0.0,0.0,0.0
A,R01,training,27,147,0,0.0,0.0,0.0,0.0
A,R01,training,27,148,0,0.0,0.0,0.0,0.0
A,R01,training,27,149,0,0.0,0.0,0.0,0.0
A,R01,training,27,150,0,0.0,0.0,0.0,0.0
A,R01,training,27,151,0,0.0,0.0,0.0,0.0
A,R01,training,27,152,0,0.0,0.0,0.0,0.0
A,R01,training,27,153,0,0.0,0.0,0.0,0.0
A,R01,training,27,154,0,0.0,0.0,0.0,0.0
A,R01,training,27,155,0,0.0,0.0,0.0,0.0
A,R01,training,27,156,0,0.0,0.0,0.0,0.0
A,R01,training,27,157,0,0.0,0.0,0.0,0.0
A,R01,training,27,158,0,0.0,0.0,0.0,0.0
A,R01,training,27,159,0,0.0,0.0,0.0,0.0
A,R01,training,27,160,0,0.0,0.0,0.0,0.0
A,R01,training,27,161,0,0.0,0.0,0.0,0.0
A,R01,training,27,162,0,0.0,0.0,0.0,0.0
A,R01,training,27,163,0,0.0,0.0,0.0,0.0
A,R01,training,27,164,0,0.0,0.0,0.0,0.0
A,R01,training,27,165,0,0.0,0.0,0.0,0.0
A,R01,training,27,166,0,0.0,0.0,0.0,0.0
A,R01,training,27,167,0,0.0,0.0,0.0,0.0
A,R01,training,27,168,0,0.0,0.0,0.0,0.0
A,R01,training,27,169,0,0.0,0.0,0.0,0.0
A,R01,training,27,170,0,0.0,0.0,0.0,0.0
A,R01,training,27,171,0,0.0,0.0,0.0,0.0
A,R01,training,27,172,0,0.0,0.0,0.0,0.0
A,R01,training,27,173,0,0.0,0.0,0.0,0.0
A,R01,training,27,174,0,0.0,0.0,0.0,0.0
A,R01,training,27,175,0,0.0,0.0,0.0,0.0
A,R01,training,27,176,0,0.0,0.0,0.0,0.0
A,R01,training,27,177,0,0.0,0.0,0.0,0.0
A,R01,training,27,178,0,0.0,0.0,0.0,0.0
A,R01,training,27,179,0,0.0,0.0,0.0,0.0
A,R01,training,27,180,0,0.0,0.0,0.0,0.0
A,R01,training,27,181,0,0.0,0.0,0.0,0.0
A,R01,training,27,182,0,0.0,0.0,0.0,0.0
A,R01,training,27,183,0,0.0,0.0,0.0,0.0
A,R01,training,27,184,0,0.0,0.0,0.0,0.0
A,R01,training,27,185,0,0.0,0.0,0.0,0.0
A,R01,training,27,186,0,0.0,0.0,0.0,0.0
A,R01,training,27,187,0,0.0,0.0,0.0,0.0
A,R01,training,27,188,0,0.0,0.0,0.0,0.0
A,R01,training,27,189,0,0.0,0.0,0.0,0.0
A,R01,training,27,190,0,0.0,0.0,0.0,0.0
A,R01,training,27,191,0,0.0,0.0,0.0,0.0
A,R01,training,27,192,0,0.0,0.0,0.0,0.0
A,R01,training,27,193,0,0.0,0.0,0.0,0.0
A,R01,training,27,194,0,0.0,0.0,0.0,0.0
A,R01,training,27,195,0,0.0,0.0,0.0,0.0
A,R01,training,27,196,0,0.0,0.0,0.0,0.0
A,R01,training,27,197,0,0.0,0.0,0.0,0.0
A,R01,training,27,198,0,0.0,0.0,0.0,0.0
A,R01,training,27,199,0,0.0,0.0,0.0,0.0
A,R01,training,27,200,0,0.0,0.0,0.0,0.0
A,R01,training,27,201,0,0.0,0.0,0.0,0.0
A,R01,training,27,202,0,0.0,0.0,0.0,0.0
A,R01,training,27,203,0,0.0,0.0,0.0,0.0
A,R01,training,27,204,0,0.0,0.0,0.0,0.0
A,R01,training,27,205,0,0.0,0.0,0.0,0.0
A,R01,training,27,206,0,0.0,0.0,0.0,0.0
A,R01,training,27,207,0,0.0,0.0,0.0,0.0
A,R01,training,27,208,0,0.0,0.0,0.0,0.0
A,R01,training,27,209,0,0.0,0.0,0.0,0.0
A,R01,training,27,210,0,0.0,0.0,0.0,0.0
A,R01,training,27,211,0,0.0,0.0,0.0,0.0
A,R01,training,27,212,0,0.0,0.0,0.0,0.0
A,R01,training,27,213,0,0.0,0.0,0.0,0.0
A,R01,training,27,214,0,0.0,0.0,0.0,0.0
A,R01,training,27,215,0,0.0,0.0,0.0,0.0
A,R01,training,27,216,0,0.0,0.0,0.0,0.0
A,R01,training,27,217,0,0.0,0.0,0.0,0.0
A,R01,training,27,218,0,0.0,0.0,0.0,0.0
A,R01,training,27,219,0,0.0,0.0,0.0,0.0
A,R01,training,27,220,0,0.0,0.0,0.0,0.0
A,R01,training,27,221,0,0.0,0.0,0.0,0.0
A,R01,training,27,222,0,0.0,0.0,0.0,0.0
A,R01,training,27,223,0,0.0,0.0,0.0,0.0
A,R01,training,27,224,0,0.0,0.0,0.0,0.0
A,R01,training,27,225,0,0.0,0.0,0.0,0.0
A,R01,training,27,226,0,0.0,0.0,0.0,0.0
A,R01,training,27,227,0,0.0,0.0,0.0,0.0
A,R01,training,27,228,0,0.0,0.0,0.0,0.0
A,R01,training,27,229,0,0.0,0.0,0.0,0.0
A,R01,training,27,230,0,0.0,0.0,0.0,0.0
B,R01,training,27,0,0,0.0,0.0,0.0,0.0
B,R01,training,27,1,0,0.0,0.0,0.0,0.0
B,R01,training,27,2,0,0.0,0.0,0.0,0.0
B,R01,training,27,3,0,0.0,0.0,0.0,0.0
B,R01,training,27,4,0,0.0,0.0,0.0,0.0
B,R01,training,27,5,0,0.0,0.0,0.0,0.0
B,R01,training,27,6,0,0.0,0.0,0.0,0.0
B,R01,training,27,7,0,0.0,0.0,0.0,0.0
B,R01,training,27,8,0,0.0,0.0,0.0,0.0
B,R01,training,27,9,0,0.0,0.0,0.0,0.0
B,R01,training,27,10,0,0.0,0.0,0.0,0.0
B,R01,training,27,11,0,0.0,0.0,0.0,0.0
B,R01,training,27,12,0,0.0,0.0,0.0,0.0
B,R01,training,27,13,0,0.0,0.0,0.0,0.0
B,R01,training,27,14,0,0.0,0.0,0.0,0.0
B,R01,training,27,15,0,0.0,0.0,0.0,0.0
B,R01,training,27,16,0,0.0,0.0,0.0,0.0
B,R01,training,27,17,0,0.0,0.0,0.0,0.0
B,R01,training,27,18,0,0.0,0.0,0.0,0.0
B,R01,training,27,19,0,0.0,0.0,0.0,0.0
B,R01,training,27,20,0,0.0,0.0,0.0,0.0
B,R01,training,27,21,0,0.0,0.0,0.0,0.0
B,R01,training,27,22,0,0.0,0.0,0.0,0.0
B,R01,training,27,23,0,0.0,0.0,0.0,0.0
B,R01,training,27,24,0,0.0,0.0,0.0,0.0
B,R01,training,27,25,0,0.0,0.0,0.0,0.0
B,R01,training,27,26,0,0.0,0.0,0.0,0.0
B,R01,training,27,27,0,0.0,0.0,0.0,0.0
B,R01,training,27,28,0,0.0,0.0,0.0,0.0
B,R01,training,27,29,0,0.0,0.0,0.0,0.0
B,R01,training,27,30,0,0.0,0.0,0.0,0.0
B,R01,training,27,31,0,0.0,0.0,0.0,0.0
B,R01,training,27,32,0,0.0,0.0,0.0,0.0
B,R01,training,27,33,0,0.0,0.0,0.0,0.0
B,R01,training,27,34,0,0.0,0.0,0.0,0.0
B,R01,training,27,35,0,0.0,0.0,0.0,0.0
B,R01,training,27,36,0,0.0,0.0,0.0,0.0
B,R01,training,27,37,0,0.0,0.0,0.0,0.0
B,R01,training,27,38,0,0.0,0.0,0.0,0.0
B,R01,training,27,39,0,0.0,0.0,0.0,0.0
B,R01,training,27,40,0,0.0,0.0,0.0,0.0
B,R01,training,27,41,0,0.0,0.0,0.0,0.0
B,R01,training,27,42,0,0.0,0.0,0.0,0.0
B,R01,training,27,43,0,0.0,0.0,0.0,0.0
B,R01,training,27,44,0,0.0,0.0,0.0,0.0
B,R01,training,27,45,0,0.0,0.0,0.0,0.0
B,R01,training,27,46,0,0.0,0.0,0.0,0.0
B,R01,training,27,47,0,0.0,0.0,0.0,0.0
B,R01,training,27,48,0,0.0,0.0,0.0,0.0
B,R01,training,27,49,0,0.0,0.0,0.0,0.0
B,R01,training,27,50,0,0.0,0.0,0.0,0.0
B,R01,training,27,51,0,0.0,0.0,0.0,0.0
B,R01,training,27,52,0,0.0,0.0,0.0,0.0
B,R01,training,27,53,0,0.0,0.0,0.0,0.0
B,R01,training,27,54,0,0.0,0.0,0.0,0.0
B,R01,training,27,55,0,0.0,0.0,0.0,0.0
B,R01,training,27,56,0,0.0,0.0,0.0,0.0
B,R01,training,27,57,0,0.0,0.0,0.0,0.0
B,R01,training,27,58,0,0.0,0.0,0.0,0.0
B,R01,training,27,59,0,0.0,0.0,0.0,0.0
B,R01,training,27,60,0,0.0,0.0,0.0,0.0
B,R01,training,27,61,0,0.0,0.0,0.0,0.0
B,R01,training,27,62,0,0.0,0.0,0.0,0.0
B,R01,training,27,63,0,0.0,0.0,0.0,0.0
B,R01,training,27,64,0,0.0,0.0,0.0,0.0
B,R01,training,27,65,0,0.0,0.0,0.0,0.0
B,R01,training,27,66,0,0.0,0.0,0.0,0.0
B,R01,training,27,67,0,0.0,0.0,0.0,0.0
B,R01,training,27,68,0,0.0,0.0,0.0,0.0
B,R01,training,27,69,0,0.0,0.0,0.0,0.0
B,R01,training,27,70,0,0.0,0.0,0.0,0.0
B,R01,training,27,71,0,0.0,0.0,0.0,0.0
B,R01,training,27,72,0,0.0,0.0,0.0,0.0
B,R01,training,27,73,0,0.0,0.0,0.0,0.0
B,R01,training,27,74,0,0.0,0.0,0.0,0.0
B,R01,training,27,75,0,0.0,0.0,0.0,0.0
B,R01,training,27,76,0,0.0,0.0,0.0,0.0
B,R01,training,27,77,0,0.0,0.0,0.0,0.0
B,R01,training,27,78,0,0.0,0.0,0.0,0.0
B,R01,training,27,79,0,0.0,0.0,0.0,0.0
B,R01,training,27,80,0,0.0,0.0,0.0,0.0
B,R01,training,27,81,0,0.0,0.0,0.0,0.0
B,R01,training,27,82,0,0.0,0.0,0.0,0.0
B,R01,training,27,83,0,0.0,0.0,0.0,0.0
B,R01,training,27,84,0,0.0,0.0,0.0,0.0
B,R01,training,27,85,0,0.0,0.0,0.0,0.0
B,R01,training,27,86,0,0.0,0.0,0.0,0.0
B,R01,training,27,87,0,0.0,0.0,0.0,0.0
B,R01,training,27,88,0,0.0,0.0,0.0,0.0
B,R01,training,27,89,0,0.0,0.0,0.0,0.0
B,R01,training,27,90,0,0.0,0.0,0.0,0.0
B,R01,training,27,91,0,0.0,0.0,0.0,0.0
B,R01,training,27,92,0,0.0,0.0,0.0,0.0
B,R01,training,27,93,0,0.0,0.0,0.0,0.0
B,R01,training,27,94,0,0.0,0.0,0.0,0.0
B,R01,training,27,95,0,0.0,0.0,0.0,0.0
B,R01,training,27,96,0,0.0,0.0,0.0,0.0
B,R01,training,27,97,0,0.0,0.0,0.0,0.0
B,R01,training,27,98,0,0.0,0.0,0.0,0.0
B,R01,training,27,99,0,0.0,0.0,0.0,0.0
B,R01,training,27,100,0,0.0,0.0,0.0,0.0
B,R01,training,27,101,0,0.0,0.0,0.0,0.0
B,R01,training,27,102,0,0.0,0.0,0.0,0.0
B,R01,training,27,103,0,0.0,0.0,0.0,0.0
B,R01,training,27,104,0,0.0,0.0,0.0,0.0
B,R01,training,27,105,0,0.0,0.0,0.0,0.0
B,R01,training,27,106,0,0.0,0.0,0.0,0.0
B,R01,training,27,107,0,0.0,0.0,0.0,0.0
B,R01,training,27,108,0,0.0,0.0,0.0,0.0
B,R01,training,27,109,0,0.0,0.0,0.0,0.0
B,R01,training,27,110,0,0.0,0.0,0.0,0.0
B,R01,training,27,111,0,0.0,0.0,0.0,0.0
B,R01,training,27,112,0,0.0,0.0,0.0,0.0
B,R01,training,27,113,0,0.0,0.0,0.0,0.0
B,R01,training,27,114,0,0.0,0.0,0.0,0.0
B,R01,training,27,115,0,0.0,0.0,0.0,0.0
B,R01,training,27,116,0,0.0,0.0,0.0,0.0
B,R01,training,27,117,0,0.0,0.0,0.0,0.0
B,R01,training,27,118,0,0.0,0.0,0.0,0.0
B,R01,training,27,119,0,0.0,0.0,0.0,0.0
B,R01,training,27,120,0,0.0,0.0,0.0,0.0
B,R01,training,27,121,0,0.0,0.0,0.0,0.0
B,R01,training,27,122,0,0.0,0.0,0.0,0.0
B,R01,training,27,123,0,0.0,0.0,0.0,0.0
B,R01,training,27,124,0,0.0,0.0,0.0,0.0
B,R01,training,27,125,0,0.0,0.0,0.0,0.0
B,R01,training,27,126,0,0.0,0.0,0.0,0.0
B,R01,training,27,127,0,0.0,0.0,0.0,0.0
B,R01,training,27,128,0,0.0,0.0,0.0,0.0
B,R01,training,27,129,0,0.0,0.0,0.0,0.0
B,R01,training,27,130,0,0.0,0.0,0.0,0.0
B,R01,training,27,131,0,0.0,0.0,0.0,0.0
B,R01,training,27,132,0,0.0,0.0,0.0,0.0
B,R01,training,27,133,0,0.0,0.0,0.0,0.0
B,R01,training,27,134,0,0.0,0.0,0.0,0.0
B,R01,training,27,135,0,0.0,0.0,0.0,0.0
B,R01,training,27,136,0,0.0,0.0,0.0,0.0
B,R01,training,27,137,0,0.0,0.0,0.0,0.0
B,R01,training,27,138,0,0.0,0.0,0.0,0.0
B,R01,training,27,139,0,0.0,0.0,0.0,0.0
B,R01,training,27,140,0,0.0,0.0,0.0,0.0
B,R01,training,27,141,0,0.0,0.0,0.0,0.0
B,R01,training,27,142,0,0.0,0.0,0.0,0.0
B,R01,training,27,143,0,0.0,0.0,0.0,0.0
B,R01,training,27,144,0,0.0,0.0,0.0,0.0
B,R01,training,27,145,0,0.0,0.0,0.0,0.0
B,R01,training,27,146,0,0.0,0.0,0.0,0.0
B,R01,training,27,147,0,0.0,0.0,0.0,0.0
B,R01,training,27,148,0,0.0,0.0,0.0,0.0
B,R01,training,27,149,0,0.0,0.0,0.0,0.0
B,R01,training,27,150,0,0.0,0.0,0.0,0.0
B,R01,training,27,151,0,0.0,0.0,0.0,0.0
B,R01,training,27,152,0,0.0,0.0,0.0,0.0
B,R01,training,27,153,0,0.0,0.0,0.0,0.0
B,R01,training,27,154,0,0.0,0.0,0.0,0.0
B,R01,training,27,155,0,0.0,0.0,0.0,0.0
B,R01,training,27,156,0,0.0,0.0,0.0,0.0
B,R01,training,27,157,0,0.0,0.0,0.0,0.0
B,R01,training,27,158,0,0.0,0.0,0.0,0.0
B,R01,training,27,159,0,0.0,0.0,0.0,0.0
B,R01,training,27,160,0,0.0,0.0,0.0,0.0
B,R01,training,27,161,0,0.0,0.0,0.0,0.0
B,R01,training,27,162,0,0.0,0.0,0.0,0.0
B,R01,training,27,163,0,0.0,0.0,0.0,0.0
B,R01,training,27,164,0,0.0,0.0,0.0,0.0
B,R01,training,27,165,0,0.0,0.0,0.0,0.0
B,R01,training,27,166,0,0.0,0.0,0.0,0.0
B,R01,training,27,167,0,0.0,0.0,0.0,0.0
B,R01,training,27,168,0,0.0,0.0,0.0,0.0
B,R01,training,27,169,0,0.0,0.0,0.0,0.0
B,R01,training,27,170,0,0.0,0.0,0.0,0.0
B,R01,training,27,171,0,0.0,0.0,0.0,0.0
B,R01,training,27,172,0,0.0,0.0,0.0,0.0
B,R01,training,27,173,0,0.0,0.0,0.0,0.0
B,R01,training,27,174,0,0.0,0.0,0.0,0.0
B,R01,training,27,175,0,0.0,0.0,0.0,0.0
B,R01,training,27,176,0,0.0,0.0,0.0,0.0
B,R01,training,27,177,0,0.0,0.0,0.0,0.0
B,R01,training,27,178,0,0.0,0.0,0.0,0.0
B,R01,training,27,179,0,0.0,0.0,0.0,0.0
B,R01,training,27,180,0,0.0,0.0,0.0,0.0
B,R01,training,27,181,0,0.0,0.0,0.0,0.0
B,R01,training,27,182,0,0.0,0.0,0.0,0.0
B,R01,training,27,183,0,0.0,0.0,0.0,0.0
B,R01,training,27,184,0,0.0,0.0,0.0,0.0
B,R01,training,27,185,0,0.0,0.0,0.0,0.0
B,R01,training,27,186,0,0.0,0.0,0.0,0.0
B,R01,training,27,187,0,0.0,0.0,0.0,0.0
B,R01,training,27,188,0,0.0,0.0,0.0,0.0
B,R01,training,27,189,0,0.0,0.0,0.0,0.0
B,R01,training,27,190,0,0.0,0.0,0.0,0.0
B,R01,training,27,191,0,0.0,0.0,0.0,0.0
B,R01,training,27,192,0,0.0,0.0,0.0,0.0
B,R01,training,27,193,0,0.0,0.0,0.0,0.0
B,R01,training,27,194,0,0.0,0.0,0.0,0.0
B,R01,training,27,195,0,0.0,0.0,0.0,0.0
B,R01,training,27,196,0,0.0,0.0,0.0,0.0
B,R01,training,27,197,0,0.0,0.0,0.0,0.0
B,R01,training,27,198,0,0.0,0.0,0.0,0.0
B,R01,training,27,199,0,0.0,0.0,0.0,0.0
B,R01,training,27,200,0,0.0,0.0,0.0,0.0
B,R01,training,27,201,0,0.0,0.0,0.0,0.0
B,R01,training,27,202,0,0.0,0.0,0.0,0.0
B,R01,training,27,203,0,0.0,0.0,0.0,0.0
B,R01,training,27,204,0,0.0,0.0,0.0,0.0
B,R01,training,27,205,0,0.0,0.0,0.0,0.0
B,R01,training,27,206,0,0.0,0.0,0.0,0.0
B,R01,training,27,207,0,0.0,0.0,0.0,0.0
B,R01,training,27,208,0,0.0,0.0,0.0,0.0
B,R01,training,27,209,0,0.0,0.0,0.0,0.0
B,R01,training,27,210,0,0.0,0.0,0.0,0.0
B,R01,training,27,211,0,0.0,0.0,0.0,0.0
B,R01,training,27,212,0,0.0,0.0,0.0,0.0
B,R01,training,27,213,0,0.0,0.0,0.0,0.0
B,R01,training,27,214,0,0.0,0.0,0.0,0.0
B,R01,training,27,215,0,0.0,0.0,0.0,0.0
B,R01,training,27,216,0,0.0,0.0,0.0,0.0
B,R01,training,27,217,0,0.0,0.0,0.0,0.0
B,R01,training,27,218,0,0.0,0.0,0.0,0.0
B,R01,training,27,219,0,0.0,0.0,0.0,0.0
B,R01,training,27,220,0,0.0,0.0,0.0,0.0
B,R01,training,27,221,0,0.0,0.0,0.0,0.0
B,R01,training,27,222,0,0.0,0.0,0.0,0.0
B,R01,training,27,223,0,0.0,0.0,0.0,0.0
B,R01,training,27,224,0,0.0,0.0,0.0,0.0
B,R01,training,27,225,0,0.0,0.0,0.0,0.0
B,R01,training,27,226,0,0.0,0.0,0.0,0.0
B,R01,training,27,227,0,0.0,0.0,0.0,0.0
B,R01,training,27,228,0,0.0,0.0,0.0,0.0
B,R01,training,27,229,0,0.0,0.0,0.0,0.0
B,R01,training,27,230,0,0.0,0.0,0.0,0.0
C,R01,training,27,0,0,0.0,0.0,0.0,0.0
C,R01,training,27,1,0,0.0,0.0,0.0,0.0
C,R01,training,27,2,0,0.0,0.0,0.0,0.0
C,R01,training,27,3,0,0.0,0.0,0.0,0.0
C,R01,training,27,4,0,0.0,0.0,0.0,0.0
C,R01,training,27,5,0,0.0,0.0,0.0,0.0
C,R01,training,27,6,0,0.0,0.0,0.0,0.0
C,R01,training,27,7,0,0.0,0.0,0.0,0.0
C,R01,training,27,8,0,0.0,0.0,0.0,0.0
C,R01,training,27,9,0,0.0,0.0,0.0,0.0
C,R01,training,27,10,0,0.0,0.0,0.0,0.0
C,R01,training,27,11,0,0.0,0.0,0.0,0.0
C,R01,training,27,12,0,0.0,0.0,0.0,0.0
C,R01,training,27,13,0,0.0,0.0,0.0,0.0
C,R01,training,27,14,0,0.0,0.0,0.0,0.0
C,R01,training,27,15,0,0.0,0.0,0.0,0.0
C,R01,training,27,16,0,0.0,0.0,0.0,0.0
C,R01,training,27,17,0,0.0,0.0,0.0,0.0
C,R01,training,27,18,0,0.0,0.0,0.0,0.0
C,R01,training,27,19,0,0.0,0.0,0.0,0.0
C,R01,training,27,20,0,0.0,0.0,0.0,0.0
C,R01,training,27,21,0,0.0,0.0,0.0,0.0
C,R01,training,27,22,0,0.0,0.0,0.0,0.0
C,R01,training,27,23,0,0.0,0.0,0.0,0.0
C,R01,training,27,24,0,0.0,0.0,0.0,0.0
C,R01,training,27,25,0,0.0,0.0,0.0,0.0
C,R01,training,27,26,0,0.0,0.0,0.0,0.0
C,R01,training,27,27,0,0.0,0.0,0.0,0.0
C,R01,training,27,28,0,0.0,0.0,0.0,0.0
C,R01,training,27,29,0,0.0,0.0,0.0,0.0
C,R01,training,27,30,0,0.0,0.0,0.0,0.0
C,R01,training,27,31,0,0.0,0.0,0.0,0.0
C,R01,training,27,32,0,0.0,0.0,0.0,0.0
C,R01,training,27,33,0,0.0,0.0,0.0,0.0
C,R01,training,27,34,0,0.0,0.0,0.0,0.0
C,R01,training,27,35,0,0.0,0.0,0.0,0.0
C,R01,training,27,36,0,0.0,0.0,0.0,0.0
C,R01,training,27,37,0,0.0,0.0,0.0,0.0
C,R01,training,27,38,0,0.0,0.0,0.0,0.0
C,R01,training,27,39,0,0.0,0.0,0.0,0.0
C,R01,training,27,40,0,0.0,0.0,0.0,0.0
C,R01,training,27,41,0,0.0,0.0,0.0,0.0
C,R01,training,27,42,0,0.0,0.0,0.0,0.0
C,R01,training,27,43,0,0.0,0.0,0.0,0.0
C,R01,training,27,44,0,0.0,0.0,0.0,0.0
C,R01,training,27,45,0,0.0,0.0,0.0,0.0
C,R01,training,27,46,0,0.0,0.0,0.0,0.0
C,R01,training,27,47,0,0.0,0.0,0.0,0.0
C,R01,training,27,48,0,0.0,0.0,0.0,0.0
C,R01,training,27,49,0,0.0,0.0,0.0,0.0
C,R01,training,27,50,0,0.0,0.0,0.0,0.0
C,R01,training,27,51,0,0.0,0.0,0.0,0.0
C,R01,training,27,52,0,0.0,0.0,0.0,0.0
C,R01,training,27,53,0,0.0,0.0,0.0,0.0
C,R01,training,27,54,0,0.0,0.0,0.0,0.0
C,R01,training,27,55,0,0.0,0.0,0.0,0.0
C,R01,training,27,56,0,0.0,0.0,0.0,0.0
C,R01,training,27,57,0,0.0,0.0,0.0,0.0
C,R01,training,27,58,0,0.0,0.0,0.0,0.0
C,R01,training,27,59,0,0.0,0.0,0.0,0.0
C,R01,training,27,60,0,0.0,0.0,0.0,0.0
C,R01,training,27,61,0,0.0,0.0,0.0,0.0
C,R01,training,27,62,0,0.0,0.0,0.0,0.0
C,R01,training,27,63,0,0.0,0.0,0.0,0.0
C,R01,training,27,64,0,0.0,0.0,0.0,0.0
C,R01,training,27,65,0,0.0,0.0,0.0,0.0
C,R01,training,27,66,0,0.0,0.0,0.0,0.0
C,R01,training,27,67,0,0.0,0.0,0.0,0.0
C,R01,training,27,68,0,0.0,0.0,0.0,0.0
C,R01,training,27,69,0,0.0,0.0,0.0,0.0
C,R01,training,27,70,0,0.0,0.0,0.0,0.0
C,R01,training,27,71,0,0.0,0.0,0.0,0.0
C,R01,training,27,72,0,0.0,0.0,0.0,0.0
C,R01,training,27,73,0,0.0,0.0,0.0,0.0
C,R01,training,27,74,0,0.0,0.0,0.0,0.0
C,R01,training,27,75,0,0.0,0.0,0.0,0.0
C,R01,training,27,76,0,0.0,0.0,0.0,0.0
C,R01,training,27,77,0,0.0,0.0,0.0,0.0
C,R01,training,27,78,0,0.0,0.0,0.0,0.0
C,R01,training,27,79,0,0.0,0.0,0.0,0.0
C,R01,training,27,80,0,0.0,0.0,0.0,0.0
C,R01,training,27,81,0,0.0,0.0,0.0,0.0
C,R01,training,27,82,0,0.0,0.0,0.0,0.0
C,R01,training,27,83,0,0.0,0.0,0.0,0.0
C,R01,training,27,84,0,0.0,0.0,0.0,0.0
C,R01,training,27,85,0,0.0,0.0,0.0,0.0
C,R01,training,27,86,0,0.0,0.0,0.0,0.0
C,R01,training,27,87,0,0.0,0.0,0.0,0.0
C,R01,training,27,88,0,0.0,0.0,0.0,0.0
C,R01,training,27,89,0,0.0,0.0,0.0,0.0
C,R01,training,27,90,0,0.0,0.0,0.0,0.0
C,R01,training,27,91,0,0.0,0.0,0.0,0.0
C,R01,training,27,92,0,0.0,0.0,0.0,0.0
C,R01,training,27,93,0,0.0,0.0,0.0,0.0
C,R01,training,27,94,0,0.0,0.0,0.0,0.0
C,R01,training,27,95,0,0.0,0.0,0.0,0.0
C,R01,training,27,96,0,0.0,0.0,0.0,0.0
C,R01,training,27,97,0,0.0,0.0,0.0,0.0
C,R01,training,27,98,0,0.0,0.0,0.0,0.0
C,R01,training,27,99,0,0.0,0.0,0.0,0.0
C,R01,training,27,100,0,0.0,0.0,0.0,0.0
C,R01,training,27,101,0,0.0,0.0,0.0,0.0
C,R01,training,27,102,0,0.0,0.0,0.0,0.0
C,R01,training,27,103,0,0.0,0.0,0.0,0.0
C,R01,training,27,104,0,0.0,0.0,0.0,0.0
C,R01,training,27,105,0,0.0,0.0,0.0,0.0
C,R01,training,27,106,0,0.0,0.0,0.0,0.0
C,R01,training,27,107,0,0.0,0.0,0.0,0.0
C,R01,training,27,108,0,0.0,0.0,0.0,0.0
C,R01,training,27,109,0,0.0,0.0,0.0,0.0
C,R01,training,27,110,0,0.0,0.0,0.0,0.0
C,R01,training,27,111,0,0.0,0.0,0.0,0.0
C,R01,training,27,112,0,0.0,0.0,0.0,0.0
C,R01,training,27,113,0,0.0,0.0,0.0,0.0
C,R01,training,27,114,0,0.0,0.0,0.0,0.0
C,R01,training,27,115,0,0.0,0.0,0.0,0.0
C,R01,training,27,116,0,0.0,0.0,0.0,0.0
C,R01,training,27,117,0,0.0,0.0,0.0,0.0
C,R01,training,27,118,0,0.0,0.0,0.0,0.0
C,R01,training,27,119,0,0.0,0.0,0.0,0.0
C,R01,training,27,120,0,0.0,0.0,0.0,0.0
C,R01,training,27,121,0,0.0,0.0,0.0,0.0
C,R01,training,27,122,0,0.0,0.0,0.0,0.0
C,R01,training,27,123,0,0.0,0.0,0.0,0.0
C,R01,training,27,124,0,0.0,0.0,0.0,0.0
C,R01,training,27,125,0,0.0,0.0,0.0,0.0
C,R01,training,27,126,0,0.0,0.0,0.0,0.0
C,R01,training,27,127,0,0.0,0.0,0.0,0.0
C,R01,training,27,128,0,0.0,0.0,0.0,0.0
C,R01,training,27,129,0,0.0,0.0,0.0,0.0
C,R01,training,27,130,0,0.0,0.0,0.0,0.0
C,R01,training,27,131,0,0.0,0.0,0.0,0.0
C,R01,training,27,132,0,0.0,0.0,0.0,0.0
C,R01,training,27,133,0,0.0,0.0,0.0,0.0
C,R01,training,27,134,0,0.0,0.0,0.0,0.0
C,R01,training,27,135,0,0.0,0.0,0.0,0.0
C,R01,training,27,136,0,0.0,0.0,0.0,0.0
C,R01,training,27,137,0,0.0,0.0,0.0,0.0
C,R01,training,27,138,0,0.0,0.0,0.0,0.0
C,R01,training,27,139,0,0.0,0.0,0.0,0.0
C,R01,training,27,140,0,0.0,0.0,0.0,0.0
C,R01,training,27,141,0,0.0,0.0,0.0,0.0
C,R01,training,27,142,0,0.0,0.0,0.0,0.0
C,R01,training,27,143,0,0.0,0.0,0.0,0.0
C,R01,training,27,144,0,0.0,0.0,0.0,0.0
C,R01,training,27,145,0,0.0,0.0,0.0,0.0
C,R01,training,27,146,0,0.0,0.0,0.0,0.0
C,R01,training,27,147,0,0.0,0.0,0.0,0.0
C,R01,training,27,148,0,0.0,0.0,0.0,0.0
C,R01,training,27,149,0,0.0,0.0,0.0,0.0
C,R01,training,27,150,0,0.0,0.0,0.0,0.0
C,R01,training,27,151,0,0.0,0.0,0.0,0.0
C,R01,training,27,152,0,0.0,0.0,0.0,0.0
C,R01,training,27,153,0,0.0,0.0,0.0,0.0
C,R01,training,27,154,0,0.0,0.0,0.0,0.0
C,R01,training,27,155,0,0.0,0.0,0.0,0.0
C,R01,training,27,156,0,0.0,0.0,0.0,0.0
C,R01,training,27,157,0,0.0,0.0,0.0,0.0
C,R01,training,27,158,0,0.0,0.0,0.0,0.0
C,R01,training,27,159,0,0.0,0.0,0.0,0.0
C,R01,training,27,160,0,0.0,0.0,0.0,0.0
C,R01,training,27,161,0,0.0,0.0,0.0,0.0
C,R01,training,27,162,0,0.0,0.0,0.0,0.0
C,R01,training,27,163,0,0.0,0.0,0.0,0.0
C,R01,training,27,164,0,0.0,0.0,0.0,0.0
C,R01,training,27,165,0,0.0,0.0,0.0,0.0
C,R01,training,27,166,0,0.0,0.0,0.0,0.0
C,R01,training,27,167,0,0.0,0.0,0.0,0.0
C,R01,training,27,168,0,0.0,0.0,0.0,0.0
C,R01,training,27,169,0,0.0,0.0,0.0,0.0
C,R01,training,27,170,0,0.0,0.0,0.0,0.0
C,R01,training,27,171,0,0.0,0.0,0.0,0.0
C,R01,training,27,172,0,0.0,0.0,0.0,0.0
C,R01,training,27,173,0,0.0,0.0,0.0,0.0
C,R01,training,27,174,0,0.0,0.0,0.0,0.0
C,R01,training,27,175,0,0.0,0.0,0.0,0.0
C,R01,training,27,176,0,0.0,0.0,0.0,0.0
C,R01,training,27,177,0,0.0,0.0,0.0,0.0
C,R01,training,27,178,0,0.0,0.0,0.0,0.0
C,R01,training,27,179,0,0.0,0.0,0.0,0.0
C,R01,training,27,180,0,0.0,0.0,0.0,0.0
C,R01,training,27,181,0,0.0,0.0,0.0,0.0
C,R01,training,27,182,0,0.0,0.0,0.0,0.0
C,R01,training,27,183,0,0.0,0.0,0.0,0.0
C,R01,training,27,184,0,0.0,0.0,0.0,0.0
C,R01,training,27,185,0,0.0,0.0,0.0,0.0
C,R01,training,27,186,0,0.0,0.0,0.0,0.0
C,R01,training,27,187,0,0.0,0.0,0.0,0.0
C,R01,training,27,188,0,0.0,0.0,0.0,0.0
C,R01,training,27,189,0,0.0,0.0,0.0,0.0
C,R01,training,27,190,0,0.0,0.0,0.0,0.0
C,R01,training,27,191,0,0.0,0.0,0.0,0.0
C,R01,training,27,192,0,0.0,0.0,0.0,0.0
C,R01,training,27,193,0,0.0,0.0,0.0,0.0
C,R01,training,27,194,0,0.0,0.0,0.0,0.0
C,R01,training,27,195,0,0.0,0.0,0.0,0.0
C,R01,training,27,196,0,0.0,0.0,0.0,0.0
C,R01,training,27,197,0,0.0,0.0,0.0,0.0
C,R01,training,27,198,0,0.0,0.0,0.0,0.0
C,R01,training,27,199,0,0.0,0.0,0.0,0.0
C,R01,training,27,200,0,0.0,0.0,0.0,0.0
C,R01,training,27,201,0,0.0,0.0,0.0,0.0
C,R01,training,27,202,0,0.0,0.0,0.0,0.0
C,R01,training,27,203,0,0.0,0.0,0.0,0.0
C,R01,training,27,204,0,0.0,0.0,0.0,0.0
C,R01,training,27,205,0,0.0,0.0,0.0,0.0
C,R01,training,27,206,0,0.0,0.0,0.0,0.0
C,R01,training,27,207,0,0.0,0.0,0.0,0.0
C,R01,training,27,208,0,0.0,0.0,0.0,0.0
C,R01,training,27,209,0,0.0,0.0,0.0,0.0
C,R01,training,27,210,0,0.0,0.0,0.0,0.0
C,R01,training,27,211,0,0.0,0.0,0.0,0.0
C,R01,training,27,212,0,0.0,0.0,0.0,0.0
C,R01,training,27,213,0,0.0,0.0,0.0,0.0
C,R01,training,27,214,0,0.0,0.0,0.0,0.0
C,R01,training,27,215,0,0.0,0.0,0.0,0.0
C,R01,training,27,216,0,0.0,0.0,0.0,0.0
C,R01,training,27,217,0,0.0,0.0,0.0,0.0
C,R01,training,27,218,0,0.0,0.0,0.0,0.0
C,R01,training,27,219,0,0.0,0.0,0.0,0.0
C,R01,training,27,220,0,0.0,0.0,0.0,0.0
C,R01,training,27,221,0,0.0,0.0,0.0,0.0
C,R01,training,27,222,0,0.0,0.0,0.0,0.0
C,R01,training,27,223,0,0.0,0.0,0.0,0.0
C,R01,training,27,224,0,0.0,0.0,0.0,0.0
C,R01,training,27,225,0,0.0,0.0,0.0,0.0
C,R01,training,27,226,0,0.0,0.0,0.0,0.0
C,R01,training,27,227,0,0.0,0.0,0.0,0.0
C,R01,training,27,228,0,0.0,0.0,0.0,0.0
C,R01,training,27,229,0,0.0,0.0,0.0,0.0
C,R01,training,27,230,0,0.0,0.0,0.0,0.0
P1,R01,training,27,0,0,0.0,0.0,0.0,0.0
P1,R01,training,27,1,0,0.0,0.0,0.0,0.0
P1,R01,training,27,2,0,0.0,0.0,0.0,0.0
P1,R01,training,27,3,0,0.0,0.0,0.0,0.0
P1,R01,training,27,4,0,0.0,0.0,0.0,0.0
P1,R01,training,27,5,0,0.0,0.0,0.0,0.0
P1,R01,training,27,6,0,0.0,0.0,0.0,0.0
P1,R01,training,27,7,0,0.0,0.0,0.0,0.0
P1,R01,training,27,8,0,0.0,0.0,0.0,0.0
P1,R01,training,27,9,0,0.0,0.0,0.0,0.0
P1,R01,training,27,10,0,0.0,0.0,0.0,0.0
P1,R01,training,27,11,0,0.0,0.0,0.0,0.0
P1,R01,training,27,12,0,0.0,0.0,0.0,0.0
P1,R01,training,27,13,0,0.0,0.0,0.0,0.0
P1,R01,training,27,14,0,0.0,0.0,0.0,0.0
P1,R01,training,27,15,0,0.0,0.0,0.0,0.0
P1,R01,training,27,16,0,0.0,0.0,0.0,0.0
P1,R01,training,27,17,0,0.0,0.0,0.0,0.0
P1,R01,training,27,18,0,0.0,0.0,0.0,0.0
P1,R01,training,27,19,0,0.0,0.0,0.0,0.0
P1,R01,training,27,20,0,0.0,0.0,0.0,0.0
P1,R01,training,27,21,0,0.0,0.0,0.0,0.0
P1,R01,training,27,22,0,0.0,0.0,0.0,0.0
P1,R01,training,27,23,0,0.0,0.0,0.0,0.0
P1,R01,training,27,24,0,0.0,0.0,0.0,0.0
P1,R01,training,27,25,0,0.0,0.0,0.0,0.0
P1,R01,training,27,26,0,0.0,0.0,0.0,0.0
P1,R01,training,27,27,0,0.0,0.0,0.0,0.0
P1,R01,training,27,28,0,0.0,0.0,0.0,0.0
P1,R01,training,27,29,0,0.0,0.0,0.0,0.0
P1,R01,training,27,30,0,0.0,0.0,0.0,0.0
P1,R01,training,27,31,0,0.0,0.0,0.0,0.0
P1,R01,training,27,32,0,0.0,0.0,0.0,0.0
P1,R01,training,27,33,0,0.0,0.0,0.0,0.0
P1,R01,training,27,34,0,0.0,0.0,0.0,0.0
P1,R01,training,27,35,0,0.0,0.0,0.0,0.0
P1,R01,training,27,36,0,0.0,0.0,0.0,0.0
P1,R01,training,27,37,0,0.0,0.0,0.0,0.0
P1,R01,training,27,38,0,0.0,0.0,0.0,0.0
P1,R01,training,27,39,0,0.0,0.0,0.0,0.0
P1,R01,training,27,40,0,0.0,0.0,0.0,0.0
P1,R01,training,27,41,0,0.0,0.0,0.0,0.0
P1,R01,training,27,42,0,0.0,0.0,0.0,0.0
P1,R01,training,27,43,0,0.0,0.0,0.0,0.0
P1,R01,training,27,44,0,0.0,0.0,0.0,0.0
P1,R01,training,27,45,0,0.0,0.0,0.0,0.0
P1,R01,training,27,46,0,0.0,0.0,0.0,0.0
P1,R01,training,27,47,0,0.0,0.0,0.0,0.0
P1,R01,training,27,48,0,0.0,0.0,0.0,0.0
P1,R01,training,27,49,0,0.0,0.0,0.0,0.0
P1,R01,training,27,50,0,0.0,0.0,0.0,0.0
P1,R01,training,27,51,0,0.0,0.0,0.0,0.0
P1,R01,training,27,52,0,0.0,0.0,0.0,0.0
P1,R01,training,27,53,0,0.0,0.0,0.0,0.0
P1,R01,training,27,54,0,0.0,0.0,0.0,0.0
P1,R01,training,27,55,0,0.0,0.0,0.0,0.0
P1,R01,training,27,56,0,0.0,0.0,0.0,0.0
P1,R01,training,27,57,0,0.0,0.0,0.0,0.0
P1,R01,training,27,58,0,0.0,0.0,0.0,0.0
P1,R01,training,27,59,0,0.0,0.0,0.0,0.0
P1,R01,training,27,60,0,0.0,0.0,0.0,0.0
P1,R01,training,27,61,0,0.0,0.0,0.0,0.0
P1,R01,training,27,62,0,0.0,0.0,0.0,0.0
P1,R01,training,27,63,0,0.0,0.0,0.0,0.0
P1,R01,training,27,64,0,0.0,0.0,0.0,0.0
P1,R01,training,27,65,0,0.0,0.0,0.0,0.0
P1,R01,training,27,66,0,0.0,0.0,0.0,0.0
P1,R01,training,27,67,0,0.0,0.0,0.0,0.0
P1,R01,training,27,68,0,0.0,0.0,0.0,0.0
P1,R01,training,27,69,0,0.0,0.0,0.0,0.0
P1,R01,training,27,70,0,0.0,0.0,0.0,0.0
P1,R01,training,27,71,0,0.0,0.0,0.0,0.0
P1,R01,training,27,72,0,0.0,0.0,0.0,0.0
P1,R01,training,27,73,0,0.0,0.0,0.0,0.0
P1,R01,training,27,74,0,0.0,0.0,0.0,0.0
P1,R01,training,27,75,0,0.0,0.0,0.0,0.0
P1,R01,training,27,76,0,0.0,0.0,0.0,0.0
P1,R01,training,27,77,0,0.0,0.0,0.0,0.0
P1,R01,training,27,78,0,0.0,0.0,0.0,0.0
P1,R01,training,27,79,0,0.0,0.0,0.0,0.0
P1,R01,training,27,80,0,0.0,0.0,0.0,0.0
P1,R01,training,27,81,0,0.0,0.0,0.0,0.0
P1,R01,training,27,82,0,0.0,0.0,0.0,0.0
P1,R01,training,27,83,0,0.0,0.0,0.0,0.0
P1,R01,training,27,84,0,0.0,0.0,0.0,0.0
P1,R01,training,27,85,0,0.0,0.0,0.0,0.0
P1,R01,training,27,86,0,0.0,0.0,0.0,0.0
P1,R01,training,27,87,0,0.0,0.0,0.0,0.0
P1,R01,training,27,88,0,0.0,0.0,0.0,0.0
P1,R01,training,27,89,0,0.0,0.0,0.0,0.0
P1,R01,training,27,90,0,0.0,0.0,0.0,0.0
P1,R01,training,27,91,0,0.0,0.0,0.0,0.0
P1,R01,training,27,92,0,0.0,0.0,0.0,0.0
P1,R01,training,27,93,0,0.0,0.0,0.0,0.0
P1,R01,training,27,94,0,0.0,0.0,0.0,0.0
P1,R01,training,27,95,0,0.0,0.0,0.0,0.0
P1,R01,training,27,96,0,0.0,0.0,0.0,0.0
P1,R01,training,27,97,0,0.0,0.0,0.0,0.0
P1,R01,training,27,98,0,0.0,0.0,0.0,0.0
P1,R01,training,27,99,0,0.0,0.0,0.0,0.0
P1,R01,training,27,100,0,0.0,0.0,0.0,0.0
P1,R01,training,27,101,0,0.0,0.0,0.0,0.0
P1,R01,training,27,102,0,0.0,0.0,0.0,0.0
P1,R01,training,27,103,0,0.0,0.0,0.0,0.0
P1,R01,training,27,104,0,0.0,0.0,0.0,0.0
P1,R01,training,27,105,0,0.0,0.0,0.0,0.0
P1,R01,training,27,106,0,0.0,0.0,0.0,0.0
P1,R01,training,27,107,0,0.0,0.0,0.0,0.0
P1,R01,training,27,108,0,0.0,0.0,0.0,0.0
P1,R01,training,27,109,0,0.0,0.0,0.0,0.0
P1,R01,training,27,110,0,0.0,0.0,0.0,0.0
P1,R01,training,27,111,0,0.0,0.0,0.0,0.0
P1,R01,training,27,112,0,0.0,0.0,0.0,0.0
P1,R01,training,27,113,0,0.0,0.0,0.0,0.0
P1,R01,training,27,114,0,0.0,0.0,0.0,0.0
P1,R01,training,27,115,0,0.0,0.0,0.0,0.0
P1,R01,training,27,116,0,0.0,0.0,0.0,0.0
P1,R01,training,27,117,0,0.0,0.0,0.0,0.0
P1,R01,training,27,118,0,0.0,0.0,0.0,0.0
P1,R01,training,27,119,0,0.0,0.0,0.0,0.0
P1,R01,training,27,120,0,0.0,0.0,0.0,0.0
P1,R01,training,27,121,0,0.0,0.0,0.0,0.0
P1,R01,training,27,122,0,0.0,0.0,0.0,0.0
P1,R01,training,27,123,0,0.0,0.0,0.0,0.0
P1,R01,training,27,124,0,0.0,0.0,0.0,0.0
P1,R01,training,27,125,0,0.0,0.0,0.0,0.0
P1,R01,training,27,126,0,0.0,0.0,0.0,0.0
P1,R01,training,27,127,0,0.0,0.0,0.0,0.0
P1,R01,training,27,128,0,0.0,0.0,0.0,0.0
P1,R01,training,27,129,0,0.0,0.0,0.0,0.0
P1,R01,training,27,130,0,0.0,0.0,0.0,0.0
P1,R01,training,27,131,0,0.0,0.0,0.0,0.0
P1,R01,training,27,132,0,0.0,0.0,0.0,0.0
P1,R01,training,27,133,0,0.0,0.0,0.0,0.0
P1,R01,training,27,134,0,0.0,0.0,0.0,0.0
P1,R01,training,27,135,0,0.0,0.0,0.0,0.0
P1,R01,training,27,136,0,0.0,0.0,0.0,0.0
P1,R01,training,27,137,0,0.0,0.0,0.0,0.0
P1,R01,training,27,138,0,0.0,0.0,0.0,0.0
P1,R01,training,27,139,0,0.0,0.0,0.0,0.0
P1,R01,training,27,140,0,0.0,0.0,0.0,0.0
P1,R01,training,27,141,0,0.0,0.0,0.0,0.0
P1,R01,training,27,142,0,0.0,0.0,0.0,0.0
P1,R01,training,27,143,0,0.0,0.0,0.0,0.0
P1,R01,training,27,144,0,0.0,0.0,0.0,0.0
P1,R01,training,27,145,0,0.0,0.0,0.0,0.0
P1,R01,training,27,146,0,0.0,0.0,0.0,0.0
P1,R01,training,27,147,0,0.0,0.0,0.0,0.0
P1,R01,training,27,148,0,0.0,0.0,0.0,0.0
P1,R01,training,27,149,0,0.0,0.0,0.0,0.0
P1,R01,training,27,150,0,0.0,0.0,0.0,0.0
P1,R01,training,27,151,0,0.0,0.0,0.0,0.0
P1,R01,training,27,152,0,0.0,0.0,0.0,0.0
P1,R01,training,27,153,0,0.0,0.0,0.0,0.0
P1,R01,training,27,154,0,0.0,0.0,0.0,0.0
P1,R01,training,27,155,0,0.0,0.0,0.0,0.0
P1,R01,training,27,156,0,0.0,0.0,0.0,0.0
P1,R01,training,27,157,0,0.0,0.0,0.0,0.0
P1,R01,training,27,158,0,0.0,0.0,0.0,0.0
P1,R01,training,27,159,0,0.0,0.0,0.0,0.0
P1,R01,training,27,160,0,0.0,0.0,0.0,0.0
P1,R01,training,27,161,0,0.0,0.0,0.0,0.0
P1,R01,training,27,162,0,0.0,0.0,0.0,0.0
P1,R01,training,27,163,0,0.0,0.0,0.0,0.0
P1,R01,training,27,164,0,0.0,0.0,0.0,0.0
P1,R01,training,27,165,0,0.0,0.0,0.0,0.0
P1,R01,training,27,166,0,0.0,0.0,0.0,0.0
P1,R01,training,27,167,0,0.0,0.0,0.0,0.0
P1,R01,training,27,168,0,0.0,0.0,0.0,0.0
P1,R01,training,27,169,0,0.0,0.0,0.0,0.0
P1,R01,training,27,170,0,0.0,0.0,0.0,0.0
P1,R01,training,27,171,0,0.0,0.0,0.0,0.0
P1,R01,training,27,172,0,0.0,0.0,0.0,0.0
P1,R01,training,27,173,0,0.0,0.0,0.0,0.0
P1,R01,training,27,174,0,0.0,0.0,0.0,0.0
P1,R01,training,27,175,0,0.0,0.0,0.0,0.0
P1,R01,training,27,176,0,0.0,0.0,0.0,0.0
P1,R01,training,27,177,0,0.0,0.0,0.0,0.0
P1,R01,training,27,178,0,0.0,0.0,0.0,0.0
P1,R01,training,27,179,0,0.0,0.0,0.0,0.0
P1,R01,training,27,180,0,0.0,0.0,0.0,0.0
P1,R01,training,27,181,0,0.0,0.0,0.0,0.0
P1,R01,training,27,182,0,0.0,0.0,0.0,0.0
P1,R01,training,27,183,0,0.0,0.0,0.0,0.0
P1,R01,training,27,184,0,0.0,0.0,0.0,0.0
P1,R01,training,27,185,0,0.0,0.0,0.0,0.0
P1,R01,training,27,186,0,0.0,0.0,0.0,0.0
P1,R01,training,27,187,0,0.0,0.0,0.0,0.0
P1,R01,training,27,188,0,0.0,0.0,0.0,0.0
P1,R01,training,27,189,0,0.0,0.0,0.0,0.0
P1,R01,training,27,190,0,0.0,0.0,0.0,0.0
P1,R01,training,27,191,0,0.0,0.0,0.0,0.0
P1,R01,training,27,192,0,0.0,0.0,0.0,0.0
P1,R01,training,27,193,0,0.0,0.0,0.0,0.0
P1,R01,training,27,194,0,0.0,0.0,0.0,0.0
P1,R01,training,27,195,0,0.0,0.0,0.0,0.0
P1,R01,training,27,196,0,0.0,0.0,0.0,0.0
P1,R01,training,27,197,0,0.0,0.0,0.0,0.0
P1,R01,training,27,198,0,0.0,0.0,0.0,0.0
P1,R01,training,27,199,0,0.0,0.0,0.0,0.0
P1,R01,training,27,200,0,0.0,0.0,0.0,0.0
P1,R01,training,27,201,0,0.0,0.0,0.0,0.0
P1,R01,training,27,202,0,0.0,0.0,0.0,0.0
P1,R01,training,27,203,0,0.0,0.0,0.0,0.0
P1,R01,training,27,204,0,0.0,0.0,0.0,0.0
P1,R01,training,27,205,0,0.0,0.0,0.0,0.0
P1,R01,training,27,206,0,0.0,0.0,0.0,0.0
P1,R01,training,27,207,0,0.0,0.0,0.0,0.0
P1,R01,training,27,208,0,0.0,0.0,0.0,0.0
P1,R01,training,27,209,0,0.0,0.0,0.0,0.0
P1,R01,training,27,210,0,0.0,0.0,0.0,0.0
P1,R01,training,27,211,0,0.0,0.0,0.0,0.0
P1,R01,training,27,212,0,0.0,0.0,0.0,0.0
P1,R01,training,27,213,0,0.0,0.0,0.0,0.0
P1,R01,training,27,214,0,0.0,0.0,0.0,0.0
P1,R01,training,27,215,0,0.0,0.0,0.0,0.0
P1,R01,training,27,216,0,0.0,0.0,0.0,0.0
P1,R01,training,27,217,0,0.0,0.0,0.0,0.0
P1,R01,training,27,218,0,0.0,0.0,0.0,0.0
P1,R01,training,27,219,0,0.0,0.0,0.0,0.0
P1,R01,training,27,220,0,0.0,0.0,0.0,0.0
P1,R01,training,27,221,0,0.0,0.0,0.0,0.0
P1,R01,training,27,222,0,0.0,0.0,0.0,0.0
P1,R01,training,27,223,0,0.0,0.0,0.0,0.0
P1,R01,training,27,224,0,0.0,0.0,0.0,0.0
P1,R01,training,27,225,0,0.0,0.0,0.0,0.0
P1,R01,training,27,226,0,0.0,0.0,0.0,0.0
P1,R01,training,27,227,0,0.0,0.0,0.0,0.0
P1,R01,training,27,228,0,0.0,0.0,0.0,0.0
P1,R01,training,27,229,0,0.0,0.0,0.0,0.0
P1,R01,training,27,230,0,0.0,0.0,0.0,0.0
P2,R01,training,27,0,0,0.0,0.0,0.0,0.0
P2,R01,training,27,1,0,0.0,0.0,0.0,0.0
P2,R01,training,27,2,0,0.0,0.0,0.0,0.0
P2,R01,training,27,3,0,0.0,0.0,0.0,0.0
P2,R01,training,27,4,0,0.0,0.0,0.0,0.0
P2,R01,training,27,5,0,0.0,0.0,0.0,0.0
P2,R01,training,27,6,0,0.0,0.0,0.0,0.0
P2,R01,training,27,7,0,0.0,0.0,0.0,0.0
P2,R01,training,27,8,0,0.0,0.0,0.0,0.0
P2,R01,training,27,9,0,0.0,0.0,0.0,0.0
P2,R01,training,27,10,0,0.0,0.0,0.0,0.0
P2,R01,training,27,11,0,0.0,0.0,0.0,0.0
P2,R01,training,27,12,0,0.0,0.0,0.0,0.0
P2,R01,training,27,13,0,0.0,0.0,0.0,0.0
P2,R01,training,27,14,0,0.0,0.0,0.0,0.0
P2,R01,training,27,15,0,0.0,0.0,0.0,0.0
P2,R01,training,27,16,0,0.0,0.0,0.0,0.0
P2,R01,training,27,17,0,0.0,0.0,0.0,0.0
P2,R01,training,27,18,0,0.0,0.0,0.0,0.0
P2,R01,training,27,19,0,0.0,0.0,0.0,0.0
P2,R01,training,27,20,0,0.0,0.0,0.0,0.0
P2,R01,training,27,21,0,0.0,0.0,0.0,0.0
P2,R01,training,27,22,0,0.0,0.0,0.0,0.0
P2,R01,training,27,23,0,0.0,0.0,0.0,0.0
P2,R01,training,27,24,0,0.0,0.0,0.0,0.0
P2,R01,training,27,25,0,0.0,0.0,0.0,0.0
P2,R01,training,27,26,0,0.0,0.0,0.0,0.0
P2,R01,training,27,27,0,0.0,0.0,0.0,0.0
P2,R01,training,27,28,0,0.0,0.0,0.0,0.0
P2,R01,training,27,29,0,0.0,0.0,0.0,0.0
P2,R01,training,27,30,0,0.0,0.0,0.0,0.0
P2,R01,training,27,31,0,0.0,0.0,0.0,0.0
P2,R01,training,27,32,0,0.0,0.0,0.0,0.0
P2,R01,training,27,33,0,0.0,0.0,0.0,0.0
P2,R01,training,27,34,0,0.0,0.0,0.0,0.0
P2,R01,training,27,35,0,0.0,0.0,0.0,0.0
P2,R01,training,27,36,0,0.0,0.0,0.0,0.0
P2,R01,training,27,37,0,0.0,0.0,0.0,0.0
P2,R01,training,27,38,0,0.0,0.0,0.0,0.0
P2,R01,training,27,39,0,0.0,0.0,0.0,0.0
P2,R01,training,27,40,0,0.0,0.0,0.0,0.0
P2,R01,training,27,41,0,0.0,0.0,0.0,0.0
P2,R01,training,27,42,0,0.0,0.0,0.0,0.0
P2,R01,training,27,43,0,0.0,0.0,0.0,0.0
P2,R01,training,27,44,0,0.0,0.0,0.0,0.0
P2,R01,training,27,45,0,0.0,0.0,0.0,0.0
P2,R01,training,27,46,0,0.0,0.0,0.0,0.0
P2,R01,training,27,47,0,0.0,0.0,0.0,0.0
P2,R01,training,27,48,0,0.0,0.0,0.0,0.0
P2,R01,training,27,49,0,0.0,0.0,0.0,0.0
P2,R01,training,27,50,0,0.0,0.0,0.0,0.0
P2,R01,training,27,51,0,0.0,0.0,0.0,0.0
P2,R01,training,27,52,0,0.0,0.0,0.0,0.0
P2,R01,training,27,53,0,0.0,0.0,0.0,0.0
P2,R01,training,27,54,0,0.0,0.0,0.0,0.0
P2,R01,training,27,55,0,0.0,0.0,0.0,0.0
P2,R01,training,27,56,0,0.0,0.0,0.0,0.0
P2,R01,training,27,57,0,0.0,0.0,0.0,0.0
P2,R01,training,27,58,0,0.0,0.0,0.0,0.0
P2,R01,training,27,59,0,0.0,0.0,0.0,0.0
P2,R01,training,27,60,0,0.0,0.0,0.0,0.0
P2,R01,training,27,61,0,0.0,0.0,0.0,0.0
P2,R01,training,27,62,0,0.0,0.0,0.0,0.0
P2,R01,training,27,63,0,0.0,0.0,0.0,0.0
P2,R01,training,27,64,0,0.0,0.0,0.0,0.0
P2,R01,training,27,65,0,0.0,0.0,0.0,0.0
P2,R01,training,27,66,0,0.0,0.0,0.0,0.0
P2,R01,training,27,67,0,0.0,0.0,0.0,0.0
P2,R01,training,27,68,0,0.0,0.0,0.0,0.0
P2,R01,training,27,69,0,0.0,0.0,0.0,0.0
P2,R01,training,27,70,0,0.0,0.0,0.0,0.0
P2,R01,training,27,71,0,0.0,0.0,0.0,0.0
P2,R01,training,27,72,0,0.0,0.0,0.0,0.0
P2,R01,training,27,73,0,0.0,0.0,0.0,0.0
P2,R01,training,27,74,0,0.0,0.0,0.0,0.0
P2,R01,training,27,75,0,0.0,0.0,0.0,0.0
P2,R01,training,27,76,0,0.0,0.0,0.0,0.0
P2,R01,training,27,77,0,0.0,0.0,0.0,0.0
P2,R01,training,27,78,0,0.0,0.0,0.0,0.0
P2,R01,training,27,79,0,0.0,0.0,0.0,0.0
P2,R01,training,27,80,0,0.0,0.0,0.0,0.0
P2,R01,training,27,81,0,0.0,0.0,0.0,0.0
P2,R01,training,27,82,0,0.0,0.0,0.0,0.0
P2,R01,training,27,83,0,0.0,0.0,0.0,0.0
P2,R01,training,27,84,0,0.0,0.0,0.0,0.0
P2,R01,training,27,85,0,0.0,0.0,0.0,0.0
P2,R01,training,27,86,0,0.0,0.0,0.0,0.0
P2,R01,training,27,87,0,0.0,0.0,0.0,0.0
P2,R01,training,27,88,0,0.0,0.0,0.0,0.0
P2,R01,training,27,89,0,0.0,0.0,0.0,0.0
P2,R01,training,27,90,0,0.0,0.0,0.0,0.0
P2,R01,training,27,91,0,0.0,0.0,0.0,0.0
P2,R01,training,27,92,0,0.0,0.0,0.0,0.0
P2,R01,training,27,93,0,0.0,0.0,0.0,0.0
P2,R01,training,27,94,0,0.0,0.0,0.0,0.0
P2,R01,training,27,95,0,0.0,0.0,0.0,0.0
P2,R01,training,27,96,0,0.0,0.0,0.0,0.0
P2,R01,training,27,97,0,0.0,0.0,0.0,0.0
P2,R01,training,27,98,0,0.0,0.0,0.0,0.0
P2,R01,training,27,99,0,0.0,0.0,0.0,0.0
P2,R01,training,27,100,0,0.0,0.0,0.0,0.0
P2,R01,training,27,101,0,0.0,0.0,0.0,0.0
P2,R01,training,27,102,0,0.0,0.0,0.0,0.0
P2,R01,training,27,103,0,0.0,0.0,0.0,0.0
P2,R01,training,27,104,0,0.0,0.0,0.0,0.0
P2,R01,training,27,105,0,0.0,0.0,0.0,0.0
P2,R01,training,27,106,0,0.0,0.0,0.0,0.0
P2,R01,training,27,107,0,0.0,0.0,0.0,0.0
P2,R01,training,27,108,0,0.0,0.0,0.0,0.0
P2,R01,training,27,109,0,0.0,0.0,0.0,0.0
P2,R01,training,27,110,0,0.0,0.0,0.0,0.0
P2,R01,training,27,111,0,0.0,0.0,0.0,0.0
P2,R01,training,27,112,0,0.0,0.0,0.0,0.0
P2,R01,training,27,113,0,0.0,0.0,0.0,0.0
P2,R01,training,27,114,0,0.0,0.0,0.0,0.0
P2,R01,training,27,115,0,0.0,0.0,0.0,0.0
P2,R01,training,27,116,0,0.0,0.0,0.0,0.0
P2,R01,training,27,117,0,0.0,0.0,0.0,0.0
P2,R01,training,27,118,0,0.0,0.0,0.0,0.0
P2,R01,training,27,119,0,0.0,0.0,0.0,0.0
P2,R01,training,27,120,0,0.0,0.0,0.0,0.0
P2,R01,training,27,121,0,0.0,0.0,0.0,0.0
P2,R01,training,27,122,0,0.0,0.0,0.0,0.0
P2,R01,training,27,123,0,0.0,0.0,0.0,0.0
P2,R01,training,27,124,0,0.0,0.0,0.0,0.0
P2,R01,training,27,125,0,0.0,0.0,0.0,0.0
P2,R01,training,27,126,0,0.0,0.0,0.0,0.0
P2,R01,training,27,127,0,0.0,0.0,0.0,0.0
P2,R01,training,27,128,0,0.0,0.0,0.0,0.0
P2,R01,training,27,129,0,0.0,0.0,0.0,0.0
P2,R01,training,27,130,0,0.0,0.0,0.0,0.0
P2,R01,training,27,131,0,0.0,0.0,0.0,0.0
P2,R01,training,27,132,0,0.0,0.0,0.0,0.0
P2,R01,training,27,133,0,0.0,0.0,0.0,0.0
P2,R01,training,27,134,0,0.0,0.0,0.0,0.0
P2,R01,training,27,135,0,0.0,0.0,0.0,0.0
P2,R01,training,27,136,0,0.0,0.0,0.0,0.0
P2,R01,training,27,137,0,0.0,0.0,0.0,0.0
P2,R01,training,27,138,0,0.0,0.0,0.0,0.0
P2,R01,training,27,139,0,0.0,0.0,0.0,0.0
P2,R01,training,27,140,0,0.0,0.0,0.0,0.0
P2,R01,training,27,141,0,0.0,0.0,0.0,0.0
P2,R01,training,27,142,0,0.0,0.0,0.0,0.0
P2,R01,training,27,143,0,0.0,0.0,0.0,0.0
P2,R01,training,27,144,0,0.0,0.0,0.0,0.0
P2,R01,training,27,145,0,0.0,0.0,0.0,0.0
P2,R01,training,27,146,0,0.0,0.0,0.0,0.0
P2,R01,training,27,147,0,0.0,0.0,0.0,0.0
P2,R01,training,27,148,0,0.0,0.0,0.0,0.0
P2,R01,training,27,149,0,0.0,0.0,0.0,0.0
P2,R01,training,27,150,0,0.0,0.0,0.0,0.0
P2,R01,training,27,151,0,0.0,0.0,0.0,0.0
P2,R01,training,27,152,0,0.0,0.0,0.0,0.0
P2,R01,training,27,153,0,0.0,0.0,0.0,0.0
P2,R01,training,27,154,0,0.0,0.0,0.0,0.0
P2,R01,training,27,155,0,0.0,0.0,0.0,0.0
P2,R01,training,27,156,0,0.0,0.0,0.0,0.0
P2,R01,training,27,157,0,0.0,0.0,0.0,0.0
P2,R01,training,27,158,0,0.0,0.0,0.0,0.0
P2,R01,training,27,159,0,0.0,0.0,0.0,0.0
P2,R01,training,27,160,0,0.0,0.0,0.0,0.0
P2,R01,training,27,161,0,0.0,0.0,0.0,0.0
P2,R01,training,27,162,0,0.0,0.0,0.0,0.0
P2,R01,training,27,163,0,0.0,0.0,0.0,0.0
P2,R01,training,27,164,0,0.0,0.0,0.0,0.0
P2,R01,training,27,165,0,0.0,0.0,0.0,0.0
P2,R01,training,27,166,0,0.0,0.0,0.0,0.0
P2,R01,training,27,167,0,0.0,0.0,0.0,0.0
P2,R01,training,27,168,0,0.0,0.0,0.0,0.0
P2,R01,training,27,169,0,0.0,0.0,0.0,0.0
P2,R01,training,27,170,0,0.0,0.0,0.0,0.0
P2,R01,training,27,171,0,0.0,0.0,0.0,0.0
P2,R01,training,27,172,0,0.0,0.0,0.0,0.0
P2,R01,training,27,173,0,0.0,0.0,0.0,0.0
P2,R01,training,27,174,0,0.0,0.0,0.0,0.0
P2,R01,training,27,175,0,0.0,0.0,0.0,0.0
P2,R01,training,27,176,0,0.0,0.0,0.0,0.0
P2,R01,training,27,177,0,0.0,0.0,0.0,0.0
P2,R01,training,27,178,0,0.0,0.0,0.0,0.0
P2,R01,training,27,179,0,0.0,0.0,0.0,0.0
P2,R01,training,27,180,0,0.0,0.0,0.0,0.0
P2,R01,training,27,181,0,0.0,0.0,0.0,0.0
P2,R01,training,27,182,0,0.0,0.0,0.0,0.0
P2,R01,training,27,183,0,0.0,0.0,0.0,0.0
P2,R01,training,27,184,0,0.0,0.0,0.0,0.0
P2,R01,training,27,185,0,0.0,0.0,0.0,0.0
P2,R01,training,27,186,0,0.0,0.0,0.0,0.0
P2,R01,training,27,187,0,0.0,0.0,0.0,0.0
P2,R01,training,27,188,0,0.0,0.0,0.0,0.0
P2,R01,training,27,189,0,0.0,0.0,0.0,0.0
P2,R01,training,27,190,0,0.0,0.0,0.0,0.0
P2,R01,training,27,191,0,0.0,0.0,0.0,0.0
P2,R01,training,27,192,0,0.0,0.0,0.0,0.0
P2,R01,training,27,193,0,0.0,0.0,0.0,0.0
P2,R01,training,27,194,0,0.0,0.0,0.0,0.0
P2,R01,training,27,195,0,0.0,0.0,0.0,0.0
P2,R01,training,27,196,0,0.0,0.0,0.0,0.0
P2,R01,training,27,197,0,0.0,0.0,0.0,0.0
P2,R01,training,27,198,0,0.0,0.0,0.0,0.0
P2,R01,training,27,199,0,0.0,0.0,0.0,0.0
P2,R01,training,27,200,0,0.0,0.0,0.0,0.0
P2,R01,training,27,201,0,0.0,0.0,0.0,0.0
P2,R01,training,27,202,0,0.0,0.0,0.0,0.0
P2,R01,training,27,203,0,0.0,0.0,0.0,0.0
P2,R01,training,27,204,0,0.0,0.0,0.0,0.0
P2,R01,training,27,205,0,0.0,0.0,0.0,0.0
P2,R01,training,27,206,0,0.0,0.0,0.0,0.0
P2,R01,training,27,207,0,0.0,0.0,0.0,0.0
P2,R01,training,27,208,0,0.0,0.0,0.0,0.0
P2,R01,training,27,209,0,0.0,0.0,0.0,0.0
P2,R01,training,27,210,0,0.0,0.0,0.0,0.0
P2,R01,training,27,211,0,0.0,0.0,0.0,0.0
P2,R01,training,27,212,0,0.0,0.0,0.0,0.0
P2,R01,training,27,213,0,0.0,0.0,0.0,0.0
P2,R01,training,27,214,0,0.0,0.0,0.0,0.0
P2,R01,training,27,215,0,0.0,0.0,0.0,0.0
P2,R01,training,27,216,0,0.0,0.0,0.0,0.0
P2,R01,training,27,217,0,0.0,0.0,0.0,0.0
P2,R01,training,27,218,0,0.0,0.0,0.0,0.0
P2,R01,training,27,219,0,0.0,0.0,0.0,0.0
P2,R01,training,27,220,0,0.0,0.0,0.0,0.0
P2,R01,training,27,221,0,0.0,0.0,0.0,0.0
P2,R01,training,27,222,0,0.0,0.0,0.0,0.0
P2,R01,training,27,223,0,0.0,0.0,0.0,0.0
P2,R01,training,27,224,0,0.0,0.0,0.0,0.0
P2,R01,training,27,225,0,0.0,0.0,0.0,0.0
P2,R01,training,27,226,0,0.0,0.0,0.0,0.0
P2,R01,training,27,227,0,0.0,0.0,0.0,0.0
P2,R01,training,27,228,0,0.0,0.0,0.0,0.0
P2,R01,training,27,229,0,0.0,0.0,0.0,0.0
P2,R01,training,27,230,0,0.0,0.0,0.0,0.0
P3,R01,training,27,0,0,1.0,1.0,0.46389298576614724,0.28381191183718046
P3,R01,training,27,1,0,1.0,1.0,0.46389298576614724,0.28625813312134357
P3,R01,training,27,2,0,1.0,1.0,0.46389298576614724,0.2887036078209874
P3,R01,training,27,3,0,1.0,1.0,0.46389298576614724,0.29114795816642125
P3,R01,training,27,4,0,1.0,1.0,0.46389298576614724,0.29359080343129446
P3,R01,training,27,5,0,1.0,1.0,0.46389298576614724,0.2960317600231978
P3,R01,training,27,6,0,1.0,1.0,0.46389298576614724,0.2984704415761166
P3,R01,training,27,7,0,1.0,1.0,0.46389298576614724,0.3009064590447088
P3,R01,training,27,8,0,1.0,1.0,0.46389298576614724,0.3033394208003806
P3,R01,training,27,9,0,1.0,1.0,0.46389298576614724,0.3057689327291303
P3,R01,training,27,10,0,1.0,1.0,0.46389298576614724,0.3081945983311301
P3,R01,training,27,11,0,1.0,1.0,0.46389298576614724,0.3106160188220155
P3,R01,training,27,12,0,1.0,1.0,0.46389298576614724,0.3130327932358483
P3,R01,training,27,13,0,1.0,1.0,0.46389298576614724,0.3154445185297212
P3,R01,training,27,14,0,1.0,1.0,0.46389298576614724,0.31785078968996816
P3,R01,training,27,15,0,1.0,1.0,0.46389298576614724,0.32025119983994477
P3,R01,training,27,16,0,0.0,0.0,0.5361070142338528,0.3728714065065606
P3,R01,training,27,17,0,0.0,0.0,0.5361070142338528,0.37563052210177383
P3,R01,training,27,18,0,0.0,0.0,0.5361070142338528,0.3783814420147717
P3,R01,training,27,19,0,0.0,0.0,0.5361070142338528,0.38112368869900104
P3,R01,training,27,20,0,0.0,0.0,0.5361070142338528,0.383856783103395
P3,R01,training,27,21,0,0.0,0.0,0.5361070142338528,0.38658024480687875
P3,R01,training,27,22,0,0.0,0.0,0.5361070142338528,0.3892935921543637
P3,R01,training,27,23,0,0.0,0.0,0.5361070142338528,0.3919963423941811
P3,R01,training,27,24,0,0.0,0.0,0.5361070142338528,0.3946880118169001
P3,R01,training,27,25,0,0.0,0.0,0.5361070142338528,0.3973681158954798
P3,R01,training,27,26,0,0.0,0.0,0.5361070142338528,0.4000361694266975
P3,R01,training,27,27,0,0.0,0.0,0.5361070142338528,0.4026916866738003
P3,R01,training,27,28,0,0.0,0.0,0.5361070142338528,0.40533418151032174
P3,R01,training,27,29,0,0.0,0.0,0.5361070142338528,0.4079631675650069
P3,R01,training,27,30,0,0.0,0.0,0.5361070142338528,0.41057815836778583
P3,R01,training,27,31,0,0.0,0.0,0.5361070142338528,0.4131786674967381
P3,R01,training,27,32,0,1.0,1.0,0.6079680953764672,0.47149424908397336
P3,R01,training,27,33,0,1.0,1.0,0.6079680953764672,0.47440883727161215
P3,R01,training,27,34,0,1.0,1.0,0.6079680953764672,0.47730534976719813
P3,R01,training,27,35,0,1.0,1.0,0.6079680953764672,0.48018323685271413
P3,R01,training,27,36,0,1.0,1.0,0.6079680953764672,0.48304194971246517
P3,R01,training,27,37,0,1.0,1.0,0.6079680953764672,0.48588094060500264
P3,R01,training,27,38,0,1.0,1.0,0.6079680953764672,0.4886996630356713
P3,R01,training,27,39,0,1.0,1.0,0.6079680953764672,0.49149757192970445
P3,R01,training,27,40,0,1.0,1.0,0.6079680953764672,0.49427412380579067
P3,R01,training,27,41,0,1.0,1.0,0.6079680953764672,0.4970287769500373
P3,R01,training,27,42,0,1.0,1.0,0.6079680953764672,0.4997609915902533
P3,R01,training,27,43,0,1.0,1.0,0.6079680953764672,0.5024702300704736
P3,R01,training,27,44,0,1.0,1.0,0.6079680953764672,0.5051559570256471
P3,R01,training,27,45,0,1.0,1.0,0.6079680953764672,0.5078176395564101
P3,R01,training,27,46,0,1.0,1.0,0.6079680953764672,0.510454747403866
P3,R01,training,27,47,0,1.0,1.0,0.6079680953764672,0.5130667531242908
P3,R01,training,27,48,0,1.0,1.0,0.6216889072071762,0.5272905514827407
P3,R01,training,27,49,0,1.0,1.0,0.6216889072071762,0.5299085628414995
P3,R01,training,27,50,0,1.0,1.0,0.6216889072071762,0.532499306574846
P3,R01,training,27,51,0,1.0,1.0,0.6216889072071762,0.5350622566324956
P3,R01,training,27,52,0,1.0,1.0,0.6216889072071762,0.5375968907321216
P3,R01,training,27,53,0,1.0,1.0,0.6216889072071762,0.5401026905358288
P3,R01,training,27,54,0,1.0,1.0,0.6216889072071762,0.5425791418259761
P3,R01,training,27,55,0,1.0,1.0,0.6216889072071762,0.5450257346802628
P3,R01,training,27,56,0,1.0,1.0,0.6216889072071762,0.5474419636459975
P3,R01,training,27,57,0,1.0,1.0,0.6216889072071762,0.5498273279134652
P3,R01,training,27,58,0,1.0,1.0,0.6216889072071762,0.5521813314883114
P3,R01,training,27,59,0,1.0,1.0,0.6216889072071762,0.5545034833628578
P3,R01,training,27,60,0,1.0,1.0,0.6216889072071762,0.5567932976862708
P3,R01,training,27,61,0,1.0,1.0,0.6216889072071762,0.559050293933496
P3,R01,training,27,62,0,1.0,1.0,0.6216889072071762,0.5612739970728817
P3,R01,training,27,63,0,1.0,1.0,0.6216889072071762,0.5634639377324046
P3,R01,training,27,64,0,1.0,1.0,0.6298618211861491,0.5730554626386594
P3,R01,training,27,65,0,1.0,1.0,0.6298618211861491,0.5752043774109123
P3,R01,training,27,66,0,1.0,1.0,0.6298618211861491,0.5773176952891281
P3,R01,training,27,67,0,1.0,1.0,0.6298618211861491,0.5793949653198853
P3,R01,training,27,68,0,1.0,1.0,0.6298618211861491,0.5814357431017905
P3,R01,training,27,69,0,1.0,1.0,0.6298618211861491,0.5834395909436988
P3,R01,training,27,70,0,1.0,1.0,0.6298618211861491,0.5854060780209577
P3,R01,training,27,71,0,1.0,1.0,0.6298618211861491,0.5873347805295935
P3,R01,training,27,72,0,1.0,1.0,0.6298618211861491,0.5892252818383656
P3,R01,training,27,73,0,1.0,1.0,0.6298618211861491,0.5910771726386109
P3,R01,training,27,74,0,1.0,1.0,0.6298618211861491,0.5928900510918031
P3,R01,training,27,75,0,1.0,1.0,0.6298618211861491,0.5946635229747543
P3,R01,training,27,76,0,1.0,1.0,0.6298618211861491,0.5963972018223819
P3,R01,training,27,77,0,1.0,1.0,0.6298618211861491,0.598090709067972
P3,R01,training,27,78,0,1.0,1.0,0.6298618211861491,0.5997436741808666
P3,R01,training,27,79,0,1.0,1.0,0.6298618211861491,0.601355734801504
P3,R01,training,27,80,0,1.0,1.0,0.6893519649029669,0.6598726560427964
P3,R01,training,27,81,0,1.0,1.0,0.6893519649029669,0.6615462859439817
P3,R01,training,27,82,0,1.0,1.0,0.6893519649029669,0.6631740132807556
P3,R01,training,27,83,0,1.0,1.0,0.6893519649029669,0.6647554786577036
P3,R01,training,27,84,0,1.0,1.0,0.6893519649029669,0.6662903323152085
P3,R01,training,27,85,0,1.0,1.0,0.6893519649029669,0.6677782342583373
P3,R01,training,27,86,0,1.0,1.0,0.6893519649029669,0.6692188543823315
P3,R01,training,27,87,0,1.0,1.0,0.6893519649029669,0.6706118725946424
P3,R01,training,27,88,0,1.0,1.0,0.6893519649029669,0.6719569789334424
P3,R01,training,27,89,0,1.0,1.0,0.6893519649029669,0.6732538736825553
P3,R01,training,27,90,0,1.0,1.0,0.6893519649029669,0.6745022674827431
P3,R01,training,27,91,0,1.0,1.0,0.6893519649029669,0.6757018814392931
P3,R01,training,27,92,0,1.0,1.0,0.6893519649029669,0.6768524472258488
P3,R01,training,27,93,0,1.0,1.0,0.6893519649029669,0.6779537071844303
P3,R01,training,27,94,0,1.0,1.0,0.6893519649029669,0.6790054144215917
P3,R01,training,27,95,0,1.0,1.0,0.6893519649029669,0.6800073329006665
P3,R01,training,27,96,0,1.0,1.0,0.7468331392130221,0.737740589616307
P3,R01,training,27,97,0,1.0,1.0,0.7468331392130221,0.7387174520722377
P3,R01,training,27,98,0,1.0,1.0,0.7468331392130221,0.7396396785180062
P3,R01,training,27,99,0,1.0,1.0,0.7468331392130221,0.7405070611962434
P3,R01,training,27,100,0,1.0,1.0,0.7468331392130221,0.7413194045459914
P3,R01,training,27,101,0,1.0,1.0,0.7468331392130221,0.7420765252761863
P3,R01,training,27,102,0,1.0,1.0,0.7468331392130221,0.7427782524345832
P3,R01,training,27,103,0,1.0,1.0,0.7468331392130221,0.7434244274720867
P3,R01,training,27,104,0,1.0,1.0,0.7468331392130221,0.7440149043024541
P3,R01,training,27,105,0,1.0,1.0,0.7468331392130221,0.744549549357338
P3,R01,training,27,106,0,1.0,1.0,0.7468331392130221,0.7450282416366418
P3,R01,training,27,107,0,1.0,1.0,0.7468331392130221,0.7454508727541592
P3,R01,training,27,108,0,1.0,1.0,0.7468331392130221,0.7458173469784743
P3,R01,training,27,109,0,1.0,1.0,0.7468331392130221,0.7461275812691016
P3,R01,training,27,110,0,1.0,1.0,0.7468331392130221,0.7463815053078462
P3,R01,training,27,111,0,1.0,1.0,0.7468331392130221,0.7465790615253668
P3,R01,training,27,112,0,1.0,1.0,0.7449166791426488,0.7448040348544706
P3,R01,training,27,113,0,1.0,1.0,0.7449166791426488,0.7448885164735478
P3,R01,training,27,114,0,1.0,1.0,0.7449166791426488,0.7449166791426488
P3,R01,training,27,115,0,1.0,1.0,0.7449166791426488,0.7448885164735478
P3,R01,training,27,116,0,1.0,1.0,0.7449166791426488,0.7448040348544706
P3,R01,training,27,117,0,1.0,1.0,0.7449166791426488,0.7446632534476778
P3,R01,training,27,118,0,1.0,1.0,0.7449166791426488,0.7444662041822228
P3,R01,training,27,119,0,1.0,1.0,0.7449166791426488,0.7442129317418817
P3,R01,training,27,120,0,1.0,1.0,0.7449166791426488,0.7439034935482661
P3,R01,training,27,121,0,1.0,1.0,0.7449166791426488,0.7435379597391266
P3,R01,training,27,122,0,1.0,1.0,0.7449166791426488,0.7431164131418571
P3,R01,training,27,123,0,1.0,1.0,0.7449166791426488,0.7426389492422154
P3,R01,training,27,124,0,1.0,1.0,0.7449166791426488,0.7421056761482766
P3,R01,training,27,125,0,1.0,1.0,0.7449166791426488,0.741516714549637
P3,R01,training,27,126,0,1.0,1.0,0.7449166791426488,0.7408721976718922
P3,R01,training,27,127,0,1.0,1.0,0.7449166791426488,0.7401722712264106
P3,R01,training,27,128,0,1.0,1.0,0.6836612612120563,0.678613913151922
P3,R01,training,27,129,0,1.0,1.0,0.6836612612120563,0.6778702829487804
P3,R01,training,27,130,0,1.0,1.0,0.6836612612120563,0.6770762689922196
P3,R01,training,27,131,0,1.0,1.0,0.6836612612120563,0.6762320503014133
P3,R01,training,27,132,0,1.0,1.0,0.6836612612120563,0.675337817060296
P3,R01,training,27,133,0,1.0,1.0,0.6836612612120563,0.6743937705461605
P3,R01,training,27,134,0,1.0,1.0,0.6836612612120563,0.6734001230541533
P3,R01,training,27,135,0,1.0,1.0,0.6836612612120563,0.6723570978177129
P3,R01,training,27,136,0,1.0,1.0,0.6836612612120563,0.6712649289249876
P3,R01,training,27,137,0,1.0,1.0,0.6836612612120563,0.6701238612312806
P3,R01,training,27,138,0,1.0,1.0,0.6836612612120563,0.6689341502675671
P3,R01,training,27,139,0,1.0,1.0,0.6836612612120563,0.667696062145129
P3,R01,training,27,140,0,1.0,1.0,0.6836612612120563,0.6664098734563616
P3,R01,training,27,141,0,1.0,1.0,0.6836612612120563,0.6650758711717988
P3,R01,training,27,142,0,1.0,1.0,0.6836612612120563,0.6636943525334152
P3,R01,training,27,143,0,1.0,1.0,0.6836612612120563,0.6622656249442569
P3,R01,training,27,144,0,1.0,1.0,0.6735364267979363,0.651003888413902
P3,R01,training,27,145,0,1.0,1.0,0.6735364267979363,0.6495042483160034
P3,R01,training,27,146,0,1.0,1.0,0.6735364267979363,0.6479590658934886
P3,R01,training,27,147,0,1.0,1.0,0.6735364267979363,0.6463686828815733
P3,R01,training,27,148,0,1.0,1.0,0.6735364267979363,0.6447334504302011
P3,R01,training,27,149,0,1.0,1.0,0.6735364267979363,0.6430537289748645
P3,R01,training,27,150,0,1.0,1.0,0.6735364267979363,0.6413298881042413
P3,R01,training,27,151,0,1.0,1.0,0.6735364267979363,0.6395623064247167
P3,R01,training,27,152,0,1.0,1.0,0.6735364267979363,0.6377513714218566
P3,R01,training,27,153,0,1.0,1.0,0.6735364267979363,0.6358974793189074
P3,R01,training,27,154,0,1.0,1.0,0.6735364267979363,0.6340010349323908
P3,R01,training,27,155,0,1.0,1.0,0.6735364267979363,0.6320624515248704
P3,R01,training,27,156,0,1.0,1.0,0.6735364267979363,0.6300821506549618
P3,R01,training,27,157,0,1.0,1.0,0.6735364267979363,0.6280605620246662
P3,R01,training,27,158,0,1.0,1.0,0.6735364267979363,0.6259981233241009
P3,R01,training,27,159,0,1.0,1.0,0.6735364267979363,0.6238952800737084
P3,R01,training,27,160,0,0.0,0.0,0.6047584802322817,0.5582624387183583
P3,R01,training,27,161,0,0.0,0.0,0.6047584802322817,0.5563029967767076
P3,R01,training,27,162,0,0.0,0.0,0.6047584802322817,0.5543085169962582
P3,R01,training,27,163,0,0.0,0.0,0.6047584802322817,0.5522794260666465
P3,R01,training,27,164,0,0.0,0.0,0.6047584802322817,0.5502161569684035
P3,R01,training,27,165,0,0.0,0.0,0.6047584802322817,0.548119148819216
P3,R01,training,27,166,0,0.0,0.0,0.6047584802322817,0.5459888467184412
P3,R01,training,27,167,0,0.0,0.0,0.6047584802322817,0.5438257015899493
P3,R01,training,27,168,0,0.0,0.0,0.6047584802322817,0.5416301700233759
P3,R01,training,27,169,0,0.0,0.0,0.6047584802322817,0.5394027141138563
P3,R01,training,27,170,0,0.0,0.0,0.6047584802322817,0.5371438013003271
P3,R01,training,27,171,0,0.0,0.0,0.6047584802322817,0.5348539042024674
P3,R01,training,27,172,0,0.0,0.0,0.6047584802322817,0.5325335004563645
P3,R01,training,27,173,0,0.0,0.0,0.6047584802322817,0.5301830725489803
P3,R01,training,27,174,0,0.0,0.0,0.6047584802322817,0.5278031076515005
P3,R01,training,27,175,0,0.0,0.0,0.6047584802322817,0.5253940974516457
P3,R01,training,27,176,0,0.0,0.0,0.5350264711718818,0.4626567468502881
P3,R01,training,27,177,0,0.0,0.0,0.5350264711718818,0.46047543667680146
P3,R01,training,27,178,0,0.0,0.0,0.5350264711718818,0.4582697577444008
P3,R01,training,27,179,0,0.0,0.0,0.5350264711718818,0.4560401595300947
P3,R01,training,27,180,0,0.0,0.0,0.5350264711718818,0.4537870947536022
P3,R01,training,27,181,0,0.0,0.0,0.5350264711718818,0.4515110192249896
P3,R01,training,27,182,0,0.0,0.0,0.5350264711718818,0.44921239169188804
P3,R01,training,27,183,0,0.0,0.0,0.5350264711718818,0.44689167368636457
P3,R01,training,27,184,0,0.0,0.0,0.5350264711718818,0.44454932937151664
P3,R01,training,27,185,0,0.0,0.0,0.5350264711718818,0.4421858253878612
P3,R01,training,27,186,0,0.0,0.0,0.5350264711718818,0.43980163069958933
P3,R01,training,27,187,0,0.0,0.0,0.5350264711718818,0.43739721644075596
P3,R01,training,27,188,0,0.0,0.0,0.5350264711718818,0.43497305576147527
P3,R01,training,27,189,0,0.0,0.0,0.5350264711718818,0.43252962367419084
P3,R01,training,27,190,0,0.0,0.0,0.5350264711718818,0.4300673969000901
P3,R01,training,27,191,0,0.0,0.0,0.5350264711718818,0.4275868537157313
P3,R01,training,27,192,0,1.0,1.0,0.4649735288281182,0.3694301093065435
P3,R01,training,27,193,0,1.0,1.0,0.4649735288281182,0.3672437679238075
P3,R01,training,27,194,0,1.0,1.0,0.4649735288281182,0.36504276210804565
P3,R01,training,27,195,0,1.0,1.0,0.4649735288281182,0.3628275115930768
P3,R01,training,27,196,0,1.0,1.0,0.4649735288281182,0.36059843680281506
P3,R01,training,27,197,0,1.0,1.0,0.4649735288281182,0.3583559587203153
P3,R01,training,27,198,0,1.0,1.0,0.4649735288281182,0.3561004987574071
P3,R01,training,27,199,0,1.0,1.0,0.4649735288281182,0.35383247862497363
P3,R01,training,27,200,0,1.0,1.0,0.4649735288281182,0.3515523202039282
P3,R01,training,27,201,0,1.0,1.0,0.4649735288281182,0.3492604454169449
P3,R01,training,27,202,0,1.0,1.0,0.4649735288281182,0.34695727610099425
P3,R01,training,27,203,0,1.0,1.0,0.4649735288281182,0.3446432338807381
P3,R01,training,27,204,0,1.0,1.0,0.4649735288281182,0.34231874004283386
P3,R01,training,27,205,0,1.0,1.0,0.4649735288281182,0.33998421541120033
P3,R01,training,27,206,0,1.0,1.0,0.4649735288281182,0.3376400802232941
P3,R01,training,27,207,0,1.0,1.0,0.4649735288281182,0.3352867540074462
P3,R01,training,27,208,0,1.0,1.0,0.39524151976771826,0.28299599575982015
P3,R01,training,27,209,0,1.0,1.0,0.39524151976771826,0.28098103912358763
P3,R01,training,27,210,0,1.0,1.0,0.39524151976771826,0.27895933502668874
P3,R01,training,27,211,0,1.0,1.0,0.39524151976771826,0.27693123664650554
P3,R01,training,27,212,0,1.0,1.0,0.39524151976771826,0.2748970960512265
P3,R01,training,27,213,0,1.0,1.0,0.39524151976771826,0.27285726410181904
P3,R01,training,27,214,0,1.0,1.0,0.39524151976771826,0.27081209035517206
P3,R01,training,27,215,0,1.0,1.0,0.39524151976771826,0.2687619229684449
P3,R01,training,27,216,0,1.0,1.0,0.39524151976771826,0.26670710860465735
P3,R01,training,27,217,0,1.0,1.0,0.39524151976771826,0.2646479923395527
P3,R01,training,27,218,0,1.0,1.0,0.39524151976771826,0.26258491756976804
P3,R01,training,27,219,0,1.0,1.0,0.39524151976771826,0.2605182259223415
P3,R01,training,27,220,0,1.0,1.0,0.39524151976771826,0.25844825716558834
P3,R01,training,27,221,0,1.0,1.0,0.39524151976771826,0.2563753491213757
P3,R01,training,27,222,0,1.0,1.0,0.39524151976771826,0.2542998375788225
P3,R01,training,27,223,0,1.0,1.0,0.39524151976771826,0.25222205620945515
P3,R01,training,27,224,0,0.0,0.0,0.32646357320206354,0.2066138219122853
P3,R01,training,27,225,0,0.0,0.0,0.32646357320206354,0.20489467543147974
P3,R01,training,27,226,0,0.0,0.0,0.32646357320206354,0.20317446975384895
P3,R01,training,27,227,0,0.0,0.0,0.32646357320206354,0.20145347281464662
P3,R01,training,27,228,0,0.0,0.0,0.32646357320206354,0.19973195046838418
P3,R01,training,27,229,0,0.0,0.0,0.32646357320206354,0.1980101664263912
P3,R01,training,27,230,0,0.0,0.0,0.32646357320206354,0.19628838219571376
A,R01,training,28,0,0,0.0,0.0,0.0,0.0
A,R01,training,28,1,0,0.0,0.0,0.0,0.0
A,R01,training,28,2,0,0.0,0.0,0.0,0.0
A,R01,training,28,3,0,0.0,0.0,0.0,0.0
A,R01,training,28,4,0,0.0,0.0,0.0,0.0
A,R01,training,28,5,0,0.0,0.0,0.0,0.0
A,R01,training,28,6,0,0.0,0.0,0.0,0.0
A,R01,training,28,7,0,0.0,0.0,0.0,0.0
A,R01,training,28,8,0,0.0,0.0,0.0,0.0
A,R01,training,28,9,0,0.0,0.0,0.0,0.0
A,R01,training,28,10,0,0.0,0.0,0.0,0.0
A,R01,training,28,11,0,0.0,0.0,0.0,0.0
A,R01,training,28,12,0,0.0,0.0,0.0,0.0
A,R01,training,28,13,0,0.0,0.0,0.0,0.0
A,R01,training,28,14,0,0.0,0.0,0.0,0.0
A,R01,training,28,15,0,0.0,0.0,0.0,0.0
A,R01,training,28,16,0,0.0,0.0,0.0,0.0
A,R01,training,28,17,0,0.0,0.0,0.0,0.0
A,R01,training,28,18,0,0.0,0.0,0.0,0.0
A,R01,training,28,19,0,0.0,0.0,0.0,0.0
A,R01,training,28,20,0,0.0,0.0,0.0,0.0
A,R01,training,28,21,0,0.0,0.0,0.0,0.0
A,R01,training,28,22,0,0.0,0.0,0.0,0.0
A,R01,training,28,23,0,0.0,0.0,0.0,0.0
A,R01,training,28,24,0,0.0,0.0,0.0,0.0
A,R01,training,28,25,0,0.0,0.0,0.0,0.0
A,R01,training,28,26,0,0.0,0.0,0.0,0.0
A,R01,training,28,27,0,0.0,0.0,0.0,0.0
A,R01,training,28,28,0,0.0,0.0,0.0,0.0
A,R01,training,28,29,0,0.0,0.0,0.0,0.0
A,R01,training,28,30,0,0.0,0.0,0.0,0.0
A,R01,training,28,31,0,0.0,0.0,0.0,0.0
A,R01,training,28,32,0,0.0,0.0,0.0,0.0
A,R01,training,28,33,0,0.0,0.0,0.0,0.0
A,R01,training,28,34,0,0.0,0.0,0.0,0.0
A,R01,training,28,35,0,0.0,0.0,0.0,0.0
A,R01,training,28,36,0,0.0,0.0,0.0,0.0
A,R01,training,28,37,0,0.0,0.0,0.0,0.0
A,R01,training,28,38,0,0.0,0.0,0.0,0.0
A,R01,training,28,39,0,0.0,0.0,0.0,0.0
A,R01,training,28,40,0,0.0,0.0,0.0,0.0
A,R01,training,28,41,0,0.0,0.0,0.0,0.0
A,R01,training,28,42,0,0.0,0.0,0.0,0.0
A,R01,training,28,43,0,0.0,0.0,0.0,0.0
A,R01,training,28,44,0,0.0,0.0,0.0,0.0
A,R01,training,28,45,0,0.0,0.0,0.0,0.0
A,R01,training,28,46,0,0.0,0.0,0.0,0.0
A,R01,training,28,47,0,0.0,0.0,0.0,0.0
A,R01,training,28,48,0,0.0,0.0,0.0,0.0
A,R01,training,28,49,0,0.0,0.0,0.0,0.0
A,R01,training,28,50,0,0.0,0.0,0.0,0.0
A,R01,training,28,51,0,0.0,0.0,0.0,0.0
A,R01,training,28,52,0,0.0,0.0,0.0,0.0
A,R01,training,28,53,0,0.0,0.0,0.0,0.0
A,R01,training,28,54,0,0.0,0.0,0.0,0.0
A,R01,training,28,55,0,0.0,0.0,0.0,0.0
A,R01,training,28,56,0,0.0,0.0,0.0,0.0
A,R01,training,28,57,0,0.0,0.0,0.0,0.0
A,R01,training,28,58,0,0.0,0.0,0.0,0.0
A,R01,training,28,59,0,0.0,0.0,0.0,0.0
A,R01,training,28,60,0,0.0,0.0,0.0,0.0
A,R01,training,28,61,0,0.0,0.0,0.0,0.0
A,R01,training,28,62,0,0.0,0.0,0.0,0.0
A,R01,training,28,63,0,0.0,0.0,0.0,0.0
A,R01,training,28,64,0,0.0,0.0,0.0,0.0
A,R01,training,28,65,0,0.0,0.0,0.0,0.0
A,R01,training,28,66,0,0.0,0.0,0.0,0.0
A,R01,training,28,67,0,0.0,0.0,0.0,0.0
A,R01,training,28,68,0,0.0,0.0,0.0,0.0
A,R01,training,28,69,0,0.0,0.0,0.0,0.0
A,R01,training,28,70,0,0.0,0.0,0.0,0.0
A,R01,training,28,71,0,0.0,0.0,0.0,0.0
A,R01,training,28,72,0,0.0,0.0,0.0,0.0
A,R01,training,28,73,0,0.0,0.0,0.0,0.0
A,R01,training,28,74,0,0.0,0.0,0.0,0.0
A,R01,training,28,75,0,0.0,0.0,0.0,0.0
A,R01,training,28,76,0,0.0,0.0,0.0,0.0
A,R01,training,28,77,0,0.0,0.0,0.0,0.0
A,R01,training,28,78,0,0.0,0.0,0.0,0.0
A,R01,training,28,79,0,0.0,0.0,0.0,0.0
A,R01,training,28,80,0,0.0,0.0,0.0,0.0
A,R01,training,28,81,0,0.0,0.0,0.0,0.0
A,R01,training,28,82,0,0.0,0.0,0.0,0.0
A,R01,training,28,83,0,0.0,0.0,0.0,0.0
A,R01,training,28,84,0,0.0,0.0,0.0,0.0
A,R01,training,28,85,0,0.0,0.0,0.0,0.0
A,R01,training,28,86,0,0.0,0.0,0.0,0.0
A,R01,training,28,87,0,0.0,0.0,0.0,0.0
A,R01,training,28,88,0,0.0,0.0,0.0,0.0
A,R01,training,28,89,0,0.0,0.0,0.0,0.0
A,R01,training,28,90,0,0.0,0.0,0.0,0.0
A,R01,training,28,91,0,0.0,0.0,0.0,0.0
A,R01,training,28,92,0,0.0,0.0,0.0,0.0
A,R01,training,28,93,0,0.0,0.0,0.0,0.0
A,R01,training,28,94,0,0.0,0.0,0.0,0.0
A,R01,training,28,95,0,0.0,0.0,0.0,0.0
A,R01,training,28,96,0,0.0,0.0,0.0,0.0
A,R01,training,28,97,0,0.0,0.0,0.0,0.0
A,R01,training,28,98,0,0.0,0.0,0.0,0.0
A,R01,training,28,99,0,0.0,0.0,0.0,0.0
A,R01,training,28,100,0,0.0,0.0,0.0,0.0
A,R01,training,28,101,0,0.0,0.0,0.0,0.0
A,R01,training,28,102,0,0.0,0.0,0.0,0.0
A,R01,training,28,103,0,0.0,0.0,0.0,0.0
A,R01,training,28,104,0,0.0,0.0,0.0,0.0
A,R01,training,28,105,0,0.0,0.0,0.0,0.0
A,R01,training,28,106,0,0.0,0.0,0.0,0.0
A,R01,training,28,107,0,0.0,0.0,0.0,0.0
A,R01,training,28,108,0,0.0,0.0,0.0,0.0
A,R01,training,28,109,0,0.0,0.0,0.0,0.0
A,R01,training,28,110,0,0.0,0.0,0.0,0.0
A,R01,training,28,111,0,0.0,0.0,0.0,0.0
A,R01,training,28,112,0,0.0,0.0,0.0,0.0
A,R01,training,28,113,0,0.0,0.0,0.0,0.0
A,R01,training,28,114,0,0.0,0.0,0.0,0.0
A,R01,training,28,115,0,0.0,0.0,0.0,0.0
A,R01,training,28,116,0,0.0,0.0,0.0,0.0
A,R01,training,28,117,0,0.0,0.0,0.0,0.0
A,R01,training,28,118,0,0.0,0.0,0.0,0.0
A,R01,training,28,119,0,0.0,0.0,0.0,0.0
A,R01,training,28,120,0,0.0,0.0,0.0,0.0
A,R01,training,28,121,0,0.0,0.0,0.0,0.0
A,R01,training,28,122,0,0.0,0.0,0.0,0.0
A,R01,training,28,123,0,0.0,0.0,0.0,0.0
A,R01,training,28,124,0,0.0,0.0,0.0,0.0
A,R01,training,28,125,0,0.0,0.0,0.0,0.0
A,R01,training,28,126,0,0.0,0.0,0.0,0.0
A,R01,training,28,127,0,0.0,0.0,0.0,0.0
A,R01,training,28,128,0,0.0,0.0,0.0,0.0
A,R01,training,28,129,0,0.0,0.0,0.0,0.0
A,R01,training,28,130,0,0.0,0.0,0.0,0.0
A,R01,training,28,131,0,0.0,0.0,0.0,0.0
A,R01,training,28,132,0,0.0,0.0,0.0,0.0
A,R01,training,28,133,0,0.0,0.0,0.0,0.0
A,R01,training,28,134,0,0.0,0.0,0.0,0.0
A,R01,training,28,135,0,0.0,0.0,0.0,0.0
A,R01,training,28,136,0,0.0,0.0,0.0,0.0
A,R01,training,28,137,0,0.0,0.0,0.0,0.0
A,R01,training,28,138,0,0.0,0.0,0.0,0.0
A,R01,training,28,139,0,0.0,0.0,0.0,0.0
A,R01,training,28,140,0,0.0,0.0,0.0,0.0
A,R01,training,28,141,0,0.0,0.0,0.0,0.0
A,R01,training,28,142,0,0.0,0.0,0.0,0.0
A,R01,training,28,143,0,0.0,0.0,0.0,0.0
A,R01,training,28,144,0,0.0,0.0,0.0,0.0
A,R01,training,28,145,0,0.0,0.0,0.0,0.0
A,R01,training,28,146,0,0.0,0.0,0.0,0.0
A,R01,training,28,147,0,0.0,0.0,0.0,0.0
A,R01,training,28,148,0,0.0,0.0,0.0,0.0
A,R01,training,28,149,0,0.0,0.0,0.0,0.0
A,R01,training,28,150,0,0.0,0.0,0.0,0.0
A,R01,training,28,151,0,0.0,0.0,0.0,0.0
A,R01,training,28,152,0,0.0,0.0,0.0,0.0
A,R01,training,28,153,0,0.0,0.0,0.0,0.0
A,R01,training,28,154,0,0.0,0.0,0.0,0.0
A,R01,training,28,155,0,0.0,0.0,0.0,0.0
A,R01,training,28,156,0,0.0,0.0,0.0,0.0
A,R01,training,28,157,0,0.0,0.0,0.0,0.0
A,R01,training,28,158,0,0.0,0.0,0.0,0.0
A,R01,training,28,159,0,0.0,0.0,0.0,0.0
A,R01,training,28,160,0,0.0,0.0,0.0,0.0
A,R01,training,28,161,0,0.0,0.0,0.0,0.0
A,R01,training,28,162,0,0.0,0.0,0.0,0.0
A,R01,training,28,163,0,0.0,0.0,0.0,0.0
A,R01,training,28,164,0,0.0,0.0,0.0,0.0
A,R01,training,28,165,0,0.0,0.0,0.0,0.0
A,R01,training,28,166,0,0.0,0.0,0.0,0.0
A,R01,training,28,167,0,0.0,0.0,0.0,0.0
A,R01,training,28,168,0,0.0,0.0,0.0,0.0
A,R01,training,28,169,0,0.0,0.0,0.0,0.0
A,R01,training,28,170,0,0.0,0.0,0.0,0.0
A,R01,training,28,171,0,0.0,0.0,0.0,0.0
A,R01,training,28,172,0,0.0,0.0,0.0,0.0
A,R01,training,28,173,0,0.0,0.0,0.0,0.0
A,R01,training,28,174,0,0.0,0.0,0.0,0.0
A,R01,training,28,175,0,0.0,0.0,0.0,0.0
A,R01,training,28,176,0,0.0,0.0,0.0,0.0
A,R01,training,28,177,0,0.0,0.0,0.0,0.0
A,R01,training,28,178,0,0.0,0.0,0.0,0.0
A,R01,training,28,179,0,0.0,0.0,0.0,0.0
A,R01,training,28,180,0,0.0,0.0,0.0,0.0
A,R01,training,28,181,0,0.0,0.0,0.0,0.0
A,R01,training,28,182,0,0.0,0.0,0.0,0.0
A,R01,training,28,183,0,0.0,0.0,0.0,0.0
A,R01,training,28,184,0,0.0,0.0,0.0,0.0
A,R01,training,28,185,0,0.0,0.0,0.0,0.0
A,R01,training,28,186,0,0.0,0.0,0.0,0.0
A,R01,training,28,187,0,0.0,0.0,0.0,0.0
A,R01,training,28,188,0,0.0,0.0,0.0,0.0
A,R01,training,28,189,0,0.0,0.0,0.0,0.0
A,R01,training,28,190,0,0.0,0.0,0.0,0.0
A,R01,training,28,191,0,0.0,0.0,0.0,0.0
A,R01,training,28,192,0,0.0,0.0,0.0,0.0
A,R01,training,28,193,0,0.0,0.0,0.0,0.0
A,R01,training,28,194,0,0.0,0.0,0.0,0.0
A,R01,training,28,195,0,0.0,0.0,0.0,0.0
A,R01,training,28,196,0,0.0,0.0,0.0,0.0
A,R01,training,28,197,0,0.0,0.0,0.0,0.0
A,R01,training,28,198,0,0.0,0.0,0.0,0.0
A,R01,training,28,199,0,0.0,0.0,0.0,0.0
A,R01,training,28,200,0,0.0,0.0,0.0,0.0
A,R01,training,28,201,0,0.0,0.0,0.0,0.0
A,R01,training,28,202,0,0.0,0.0,0.0,0.0
A,R01,training,28,203,0,0.0,0.0,0.0,0.0
A,R01,training,28,204,0,0.0,0.0,0.0,0.0
A,R01,training,28,205,0,0.0,0.0,0.0,0.0
A,R01,training,28,206,0,0.0,0.0,0.0,0.0
A,R01,training,28,207,0,0.0,0.0,0.0,0.0
A,R01,training,28,208,0,0.0,0.0,0.0,0.0
A,R01,training,28,209,0,0.0,0.0,0.0,0.0
A,R01,training,28,210,0,0.0,0.0,0.0,0.0
A,R01,training,28,211,0,0.0,0.0,0.0,0.0
A,R01,training,28,212,0,0.0,0.0,0.0,0.0
A,R01,training,28,213,0,0.0,0.0,0.0,0.0
A,R01,training,28,214,0,0.0,0.0,0.0,0.0
A,R01,training,28,215,0,0.0,0.0,0.0,0.0
A,R01,training,28,216,0,0.0,0.0,0.0,0.0
A,R01,training,28,217,0,0.0,0.0,0.0,0.0
A,R01,training,28,218,0,0.0,0.0,0.0,0.0
A,R01,training,28,219,0,0.0,0.0,0.0,0.0
A,R01,training,28,220,0,0.0,0.0,0.0,0.0
A,R01,training,28,221,0,0.0,0.0,0.0,0.0
A,R01,training,28,222,0,0.0,0.0,0.0,0.0
A,R01,training,28,223,0,0.0,0.0,0.0,0.0
A,R01,training,28,224,0,0.0,0.0,0.0,0.0
A,R01,training,28,225,0,0.0,0.0,0.0,0.0
A,R01,training,28,226,0,0.0,0.0,0.0,0.0
A,R01,training,28,227,0,0.0,0.0,0.0,0.0
B,R01,training,28,0,0,0.0,0.0,0.0,0.0
B,R01,training,28,1,0,0.0,0.0,0.0,0.0
B,R01,training,28,2,0,0.0,0.0,0.0,0.0
B,R01,training,28,3,0,0.0,0.0,0.0,0.0
B,R01,training,28,4,0,0.0,0.0,0.0,0.0
B,R01,training,28,5,0,0.0,0.0,0.0,0.0
B,R01,training,28,6,0,0.0,0.0,0.0,0.0
B,R01,training,28,7,0,0.0,0.0,0.0,0.0
B,R01,training,28,8,0,0.0,0.0,0.0,0.0
B,R01,training,28,9,0,0.0,0.0,0.0,0.0
B,R01,training,28,10,0,0.0,0.0,0.0,0.0
B,R01,training,28,11,0,0.0,0.0,0.0,0.0
B,R01,training,28,12,0,0.0,0.0,0.0,0.0
B,R01,training,28,13,0,0.0,0.0,0.0,0.0
B,R01,training,28,14,0,0.0,0.0,0.0,0.0
B,R01,training,28,15,0,0.0,0.0,0.0,0.0
B,R01,training,28,16,0,0.0,0.0,0.0,0.0
B,R01,training,28,17,0,0.0,0.0,0.0,0.0
B,R01,training,28,18,0,0.0,0.0,0.0,0.0
B,R01,training,28,19,0,0.0,0.0,0.0,0.0
B,R01,training,28,20,0,0.0,0.0,0.0,0.0
B,R01,training,28,21,0,0.0,0.0,0.0,0.0
B,R01,training,28,22,0,0.0,0.0,0.0,0.0
B,R01,training,28,23,0,0.0,0.0,0.0,0.0
B,R01,training,28,24,0,0.0,0.0,0.0,0.0
B,R01,training,28,25,0,0.0,0.0,0.0,0.0
B,R01,training,28,26,0,0.0,0.0,0.0,0.0
B,R01,training,28,27,0,0.0,0.0,0.0,0.0
B,R01,training,28,28,0,0.0,0.0,0.0,0.0
B,R01,training,28,29,0,0.0,0.0,0.0,0.0
B,R01,training,28,30,0,0.0,0.0,0.0,0.0
B,R01,training,28,31,0,0.0,0.0,0.0,0.0
B,R01,training,28,32,0,0.0,0.0,0.0,0.0
B,R01,training,28,33,0,0.0,0.0,0.0,0.0
B,R01,training,28,34,0,0.0,0.0,0.0,0.0
B,R01,training,28,35,0,0.0,0.0,0.0,0.0
B,R01,training,28,36,0,0.0,0.0,0.0,0.0
B,R01,training,28,37,0,0.0,0.0,0.0,0.0
B,R01,training,28,38,0,0.0,0.0,0.0,0.0
B,R01,training,28,39,0,0.0,0.0,0.0,0.0
B,R01,training,28,40,0,0.0,0.0,0.0,0.0
B,R01,training,28,41,0,0.0,0.0,0.0,0.0
B,R01,training,28,42,0,0.0,0.0,0.0,0.0
B,R01,training,28,43,0,0.0,0.0,0.0,0.0
B,R01,training,28,44,0,0.0,0.0,0.0,0.0
B,R01,training,28,45,0,0.0,0.0,0.0,0.0
B,R01,training,28,46,0,0.0,0.0,0.0,0.0
B,R01,training,28,47,0,0.0,0.0,0.0,0.0
B,R01,training,28,48,0,0.0,0.0,0.0,0.0
B,R01,training,28,49,0,0.0,0.0,0.0,0.0
B,R01,training,28,50,0,0.0,0.0,0.0,0.0
B,R01,training,28,51,0,0.0,0.0,0.0,0.0
B,R01,training,28,52,0,0.0,0.0,0.0,0.0
B,R01,training,28,53,0,0.0,0.0,0.0,0.0
B,R01,training,28,54,0,0.0,0.0,0.0,0.0
B,R01,training,28,55,0,0.0,0.0,0.0,0.0
B,R01,training,28,56,0,0.0,0.0,0.0,0.0
B,R01,training,28,57,0,0.0,0.0,0.0,0.0
B,R01,training,28,58,0,0.0,0.0,0.0,0.0
B,R01,training,28,59,0,0.0,0.0,0.0,0.0
B,R01,training,28,60,0,0.0,0.0,0.0,0.0
B,R01,training,28,61,0,0.0,0.0,0.0,0.0
B,R01,training,28,62,0,0.0,0.0,0.0,0.0
B,R01,training,28,63,0,0.0,0.0,0.0,0.0
B,R01,training,28,64,0,0.0,0.0,0.0,0.0
B,R01,training,28,65,0,0.0,0.0,0.0,0.0
B,R01,training,28,66,0,0.0,0.0,0.0,0.0
B,R01,training,28,67,0,0.0,0.0,0.0,0.0
B,R01,training,28,68,0,0.0,0.0,0.0,0.0
B,R01,training,28,69,0,0.0,0.0,0.0,0.0
B,R01,training,28,70,0,0.0,0.0,0.0,0.0
B,R01,training,28,71,0,0.0,0.0,0.0,0.0
B,R01,training,28,72,0,0.0,0.0,0.0,0.0
B,R01,training,28,73,0,0.0,0.0,0.0,0.0
B,R01,training,28,74,0,0.0,0.0,0.0,0.0
B,R01,training,28,75,0,0.0,0.0,0.0,0.0
B,R01,training,28,76,0,0.0,0.0,0.0,0.0
B,R01,training,28,77,0,0.0,0.0,0.0,0.0
B,R01,training,28,78,0,0.0,0.0,0.0,0.0
B,R01,training,28,79,0,0.0,0.0,0.0,0.0
B,R01,training,28,80,0,0.0,0.0,0.0,0.0
B,R01,training,28,81,0,0.0,0.0,0.0,0.0
B,R01,training,28,82,0,0.0,0.0,0.0,0.0
B,R01,training,28,83,0,0.0,0.0,0.0,0.0
B,R01,training,28,84,0,0.0,0.0,0.0,0.0
B,R01,training,28,85,0,0.0,0.0,0.0,0.0
B,R01,training,28,86,0,0.0,0.0,0.0,0.0
B,R01,training,28,87,0,0.0,0.0,0.0,0.0
B,R01,training,28,88,0,0.0,0.0,0.0,0.0
B,R01,training,28,89,0,0.0,0.0,0.0,0.0
B,R01,training,28,90,0,0.0,0.0,0.0,0.0
B,R01,training,28,91,0,0.0,0.0,0.0,0.0
B,R01,training,28,92,0,0.0,0.0,0.0,0.0
B,R01,training,28,93,0,0.0,0.0,0.0,0.0
B,R01,training,28,94,0,0.0,0.0,0.0,0.0
B,R01,training,28,95,0,0.0,0.0,0.0,0.0
B,R01,training,28,96,0,0.0,0.0,0.0,0.0
B,R01,training,28,97,0,0.0,0.0,0.0,0.0
B,R01,training,28,98,0,0.0,0.0,0.0,0.0
B,R01,training,28,99,0,0.0,0.0,0.0,0.0
B,R01,training,28,100,0,0.0,0.0,0.0,0.0
B,R01,training,28,101,0,0.0,0.0,0.0,0.0
B,R01,training,28,102,0,0.0,0.0,0.0,0.0
B,R01,training,28,103,0,0.0,0.0,0.0,0.0
B,R01,training,28,104,0,0.0,0.0,0.0,0.0
B,R01,training,28,105,0,0.0,0.0,0.0,0.0
B,R01,training,28,106,0,0.0,0.0,0.0,0.0
B,R01,training,28,107,0,0.0,0.0,0.0,0.0
B,R01,training,28,108,0,0.0,0.0,0.0,0.0
B,R01,training,28,109,0,0.0,0.0,0.0,0.0
B,R01,training,28,110,0,0.0,0.0,0.0,0.0
B,R01,training,28,111,0,0.0,0.0,0.0,0.0
B,R01,training,28,112,0,0.0,0.0,0.0,0.0
B,R01,training,28,113,0,0.0,0.0,0.0,0.0
B,R01,training,28,114,0,0.0,0.0,0.0,0.0
B,R01,training,28,115,0,0.0,0.0,0.0,0.0
B,R01,training,28,116,0,0.0,0.0,0.0,0.0
B,R01,training,28,117,0,0.0,0.0,0.0,0.0
B,R01,training,28,118,0,0.0,0.0,0.0,0.0
B,R01,training,28,119,0,0.0,0.0,0.0,0.0
B,R01,training,28,120,0,0.0,0.0,0.0,0.0
B,R01,training,28,121,0,0.0,0.0,0.0,0.0
B,R01,training,28,122,0,0.0,0.0,0.0,0.0
B,R01,training,28,123,0,0.0,0.0,0.0,0.0
B,R01,training,28,124,0,0.0,0.0,0.0,0.0
B,R01,training,28,125,0,0.0,0.0,0.0,0.0
B,R01,training,28,126,0,0.0,0.0,0.0,0.0
B,R01,training,28,127,0,0.0,0.0,0.0,0.0
B,R01,training,28,128,0,0.0,0.0,0.0,0.0
B,R01,training,28,129,0,0.0,0.0,0.0,0.0
B,R01,training,28,130,0,0.0,0.0,0.0,0.0
B,R01,training,28,131,0,0.0,0.0,0.0,0.0
B,R01,training,28,132,0,0.0,0.0,0.0,0.0
B,R01,training,28,133,0,0.0,0.0,0.0,0.0
B,R01,training,28,134,0,0.0,0.0,0.0,0.0
B,R01,training,28,135,0,0.0,0.0,0.0,0.0
B,R01,training,28,136,0,0.0,0.0,0.0,0.0
B,R01,training,28,137,0,0.0,0.0,0.0,0.0
B,R01,training,28,138,0,0.0,0.0,0.0,0.0
B,R01,training,28,139,0,0.0,0.0,0.0,0.0
B,R01,training,28,140,0,0.0,0.0,0.0,0.0
B,R01,training,28,141,0,0.0,0.0,0.0,0.0
B,R01,training,28,142,0,0.0,0.0,0.0,0.0
B,R01,training,28,143,0,0.0,0.0,0.0,0.0
B,R01,training,28,144,0,0.0,0.0,0.0,0.0
B,R01,training,28,145,0,0.0,0.0,0.0,0.0
B,R01,training,28,146,0,0.0,0.0,0.0,0.0
B,R01,training,28,147,0,0.0,0.0,0.0,0.0
B,R01,training,28,148,0,0.0,0.0,0.0,0.0
B,R01,training,28,149,0,0.0,0.0,0.0,0.0
B,R01,training,28,150,0,0.0,0.0,0.0,0.0
B,R01,training,28,151,0,0.0,0.0,0.0,0.0
B,R01,training,28,152,0,0.0,0.0,0.0,0.0
B,R01,training,28,153,0,0.0,0.0,0.0,0.0
B,R01,training,28,154,0,0.0,0.0,0.0,0.0
B,R01,training,28,155,0,0.0,0.0,0.0,0.0
B,R01,training,28,156,0,0.0,0.0,0.0,0.0
B,R01,training,28,157,0,0.0,0.0,0.0,0.0
B,R01,training,28,158,0,0.0,0.0,0.0,0.0
B,R01,training,28,159,0,0.0,0.0,0.0,0.0
B,R01,training,28,160,0,0.0,0.0,0.0,0.0
B,R01,training,28,161,0,0.0,0.0,0.0,0.0
B,R01,training,28,162,0,0.0,0.0,0.0,0.0
B,R01,training,28,163,0,0.0,0.0,0.0,0.0
B,R01,training,28,164,0,0.0,0.0,0.0,0.0
B,R01,training,28,165,0,0.0,0.0,0.0,0.0
B,R01,training,28,166,0,0.0,0.0,0.0,0.0
B,R01,training,28,167,0,0.0,0.0,0.0,0.0
B,R01,training,28,168,0,0.0,0.0,0.0,0.0
B,R01,training,28,169,0,0.0,0.0,0.0,0.0
B,R01,training,28,170,0,0.0,0.0,0.0,0.0
B,R01,training,28,171,0,0.0,0.0,0.0,0.0
B,R01,training,28,172,0,0.0,0.0,0.0,0.0
B,R01,training,28,173,0,0.0,0.0,0.0,0.0
B,R01,training,28,174,0,0.0,0.0,0.0,0.0
B,R01,training,28,175,0,0.0,0.0,0.0,0.0
B,R01,training,28,176,0,0.0,0.0,0.0,0.0
B,R01,training,28,177,0,0.0,0.0,0.0,0.0
B,R01,training,28,178,0,0.0,0.0,0.0,0.0
B,R01,training,28,179,0,0.0,0.0,0.0,0.0
B,R01,training,28,180,0,0.0,0.0,0.0,0.0
B,R01,training,28,181,0,0.0,0.0,0.0,0.0
B,R01,training,28,182,0,0.0,0.0,0.0,0.0
B,R01,training,28,183,0,0.0,0.0,0.0,0.0
B,R01,training,28,184,0,0.0,0.0,0.0,0.0
B,R01,training,28,185,0,0.0,0.0,0.0,0.0
B,R01,training,28,186,0,0.0,0.0,0.0,0.0
B,R01,training,28,187,0,0.0,0.0,0.0,0.0
B,R01,training,28,188,0,0.0,0.0,0.0,0.0
B,R01,training,28,189,0,0.0,0.0,0.0,0.0
B,R01,training,28,190,0,0.0,0.0,0.0,0.0
B,R01,training,28,191,0,0.0,0.0,0.0,0.0
B,R01,training,28,192,0,0.0,0.0,0.0,0.0
B,R01,training,28,193,0,0.0,0.0,0.0,0.0
B,R01,training,28,194,0,0.0,0.0,0.0,0.0
B,R01,training,28,195,0,0.0,0.0,0.0,0.0
B,R01,training,28,196,0,0.0,0.0,0.0,0.0
B,R01,training,28,197,0,0.0,0.0,0.0,0.0
B,R01,training,28,198,0,0.0,0.0,0.0,0.0
B,R01,training,28,199,0,0.0,0.0,0.0,0.0
B,R01,training,28,200,0,0.0,0.0,0.0,0.0
B,R01,training,28,201,0,0.0,0.0,0.0,0.0
B,R01,training,28,202,0,0.0,0.0,0.0,0.0
B,R01,training,28,203,0,0.0,0.0,0.0,0.0
B,R01,training,28,204,0,0.0,0.0,0.0,0.0
B,R01,training,28,205,0,0.0,0.0,0.0,0.0
B,R01,training,28,206,0,0.0,0.0,0.0,0.0
B,R01,training,28,207,0,0.0,0.0,0.0,0.0
B,R01,training,28,208,0,0.0,0.0,0.0,0.0
B,R01,training,28,209,0,0.0,0.0,0.0,0.0
B,R01,training,28,210,0,0.0,0.0,0.0,0.0
B,R01,training,28,211,0,0.0,0.0,0.0,0.0
B,R01,training,28,212,0,0.0,0.0,0.0,0.0
B,R01,training,28,213,0,0.0,0.0,0.0,0.0
B,R01,training,28,214,0,0.0,0.0,0.0,0.0
B,R01,training,28,215,0,0.0,0.0,0.0,0.0
B,R01,training,28,216,0,0.0,0.0,0.0,0.0
B,R01,training,28,217,0,0.0,0.0,0.0,0.0
B,R01,training,28,218,0,0.0,0.0,0.0,0.0
B,R01,training,28,219,0,0.0,0.0,0.0,0.0
B,R01,training,28,220,0,0.0,0.0,0.0,0.0
B,R01,training,28,221,0,0.0,0.0,0.0,0.0
B,R01,training,28,222,0,0.0,0.0,0.0,0.0
B,R01,training,28,223,0,0.0,0.0,0.0,0.0
B,R01,training,28,224,0,0.0,0.0,0.0,0.0
B,R01,training,28,225,0,0.0,0.0,0.0,0.0
B,R01,training,28,226,0,0.0,0.0,0.0,0.0
B,R01,training,28,227,0,0.0,0.0,0.0,0.0
C,R01,training,28,0,0,0.0,0.0,0.0,0.0
C,R01,training,28,1,0,0.0,0.0,0.0,0.0
C,R01,training,28,2,0,0.0,0.0,0.0,0.0
C,R01,training,28,3,0,0.0,0.0,0.0,0.0
C,R01,training,28,4,0,0.0,0.0,0.0,0.0
C,R01,training,28,5,0,0.0,0.0,0.0,0.0
C,R01,training,28,6,0,0.0,0.0,0.0,0.0
C,R01,training,28,7,0,0.0,0.0,0.0,0.0
C,R01,training,28,8,0,0.0,0.0,0.0,0.0
C,R01,training,28,9,0,0.0,0.0,0.0,0.0
C,R01,training,28,10,0,0.0,0.0,0.0,0.0
C,R01,training,28,11,0,0.0,0.0,0.0,0.0
C,R01,training,28,12,0,0.0,0.0,0.0,0.0
C,R01,training,28,13,0,0.0,0.0,0.0,0.0
C,R01,training,28,14,0,0.0,0.0,0.0,0.0
C,R01,training,28,15,0,0.0,0.0,0.0,0.0
C,R01,training,28,16,0,0.0,0.0,0.0,0.0
C,R01,training,28,17,0,0.0,0.0,0.0,0.0
C,R01,training,28,18,0,0.0,0.0,0.0,0.0
C,R01,training,28,19,0,0.0,0.0,0.0,0.0
C,R01,training,28,20,0,0.0,0.0,0.0,0.0
C,R01,training,28,21,0,0.0,0.0,0.0,0.0
C,R01,training,28,22,0,0.0,0.0,0.0,0.0
C,R01,training,28,23,0,0.0,0.0,0.0,0.0
C,R01,training,28,24,0,0.0,0.0,0.0,0.0
C,R01,training,28,25,0,0.0,0.0,0.0,0.0
C,R01,training,28,26,0,0.0,0.0,0.0,0.0
C,R01,training,28,27,0,0.0,0.0,0.0,0.0
C,R01,training,28,28,0,0.0,0.0,0.0,0.0
C,R01,training,28,29,0,0.0,0.0,0.0,0.0
C,R01,training,28,30,0,0.0,0.0,0.0,0.0
C,R01,training,28,31,0,0.0,0.0,0.0,0.0
C,R01,training,28,32,0,0.0,0.0,0.0,0.0
C,R01,training,28,33,0,0.0,0.0,0.0,0.0
C,R01,training,28,34,0,0.0,0.0,0.0,0.0
C,R01,training,28,35,0,0.0,0.0,0.0,0.0
C,R01,training,28,36,0,0.0,0.0,0.0,0.0
C,R01,training,28,37,0,0.0,0.0,0.0,0.0
C,R01,training,28,38,0,0.0,0.0,0.0,0.0
C,R01,training,28,39,0,0.0,0.0,0.0,0.0
C,R01,training,28,40,0,0.0,0.0,0.0,0.0
C,R01,training,28,41,0,0.0,0.0,0.0,0.0
C,R01,training,28,42,0,0.0,0.0,0.0,0.0
C,R01,training,28,43,0,0.0,0.0,0.0,0.0
C,R01,training,28,44,0,0.0,0.0,0.0,0.0
C,R01,training,28,45,0,0.0,0.0,0.0,0.0
C,R01,training,28,46,0,0.0,0.0,0.0,0.0
C,R01,training,28,47,0,0.0,0.0,0.0,0.0
C,R01,training,28,48,0,0.0,0.0,0.0,0.0
C,R01,training,28,49,0,0.0,0.0,0.0,0.0
C,R01,training,28,50,0,0.0,0.0,0.0,0.0
C,R01,training,28,51,0,0.0,0.0,0.0,0.0
C,R01,training,28,52,0,0.0,0.0,0.0,0.0
C,R01,training,28,53,0,0.0,0.0,0.0,0.0
C,R01,training,28,54,0,0.0,0.0,0.0,0.0
C,R01,training,28,55,0,0.0,0.0,0.0,0.0
C,R01,training,28,56,0,0.0,0.0,0.0,0.0
C,R01,training,28,57,0,0.0,0.0,0.0,0.0
C,R01,training,28,58,0,0.0,0.0,0.0,0.0
C,R01,training,28,59,0,0.0,0.0,0.0,0.0
C,R01,training,28,60,0,0.0,0.0,0.0,0.0
C,R01,training,28,61,0,0.0,0.0,0.0,0.0
C,R01,training,28,62,0,0.0,0.0,0.0,0.0
C,R01,training,28,63,0,0.0,0.0,0.0,0.0
C,R01,training,28,64,0,0.0,0.0,0.0,0.0
C,R01,training,28,65,0,0.0,0.0,0.0,0.0
C,R01,training,28,66,0,0.0,0.0,0.0,0.0
C,R01,training,28,67,0,0.0,0.0,0.0,0.0
C,R01,training,28,68,0,0.0,0.0,0.0,0.0
C,R01,training,28,69,0,0.0,0.0,0.0,0.0
C,R01,training,28,70,0,0.0,0.0,0.0,0.0
C,R01,training,28,71,0,0.0,0.0,0.0,0.0
C,R01,training,28,72,0,0.0,0.0,0.0,0.0
C,R01,training,28,73,0,0.0,0.0,0.0,0.0
C,R01,training,28,74,0,0.0,0.0,0.0,0.0
C,R01,training,28,75,0,0.0,0.0,0.0,0.0
C,R01,training,28,76,0,0.0,0.0,0.0,0.0
C,R01,training,28,77,0,0.0,0.0,0.0,0.0
C,R01,training,28,78,0,0.0,0.0,0.0,0.0
C,R01,training,28,79,0,0.0,0.0,0.0,0.0
C,R01,training,28,80,0,0.0,0.0,0.0,0.0
C,R01,training,28,81,0,0.0,0.0,0.0,0.0
C,R01,training,28,82,0,0.0,0.0,0.0,0.0
C,R01,training,28,83,0,0.0,0.0,0.0,0.0
C,R01,training,28,84,0,0.0,0.0,0.0,0.0
C,R01,training,28,85,0,0.0,0.0,0.0,0.0
C,R01,training,28,86,0,0.0,0.0,0.0,0.0
C,R01,training,28,87,0,0.0,0.0,0.0,0.0
C,R01,training,28,88,0,0.0,0.0,0.0,0.0
C,R01,training,28,89,0,0.0,0.0,0.0,0.0
C,R01,training,28,90,0,0.0,0.0,0.0,0.0
C,R01,training,28,91,0,0.0,0.0,0.0,0.0
C,R01,training,28,92,0,0.0,0.0,0.0,0.0
C,R01,training,28,93,0,0.0,0.0,0.0,0.0
C,R01,training,28,94,0,0.0,0.0,0.0,0.0
C,R01,training,28,95,0,0.0,0.0,0.0,0.0
C,R01,training,28,96,0,0.0,0.0,0.0,0.0
C,R01,training,28,97,0,0.0,0.0,0.0,0.0
C,R01,training,28,98,0,0.0,0.0,0.0,0.0
C,R01,training,28,99,0,0.0,0.0,0.0,0.0
C,R01,training,28,100,0,0.0,0.0,0.0,0.0
C,R01,training,28,101,0,0.0,0.0,0.0,0.0
C,R01,training,28,102,0,0.0,0.0,0.0,0.0
C,R01,training,28,103,0,0.0,0.0,0.0,0.0
C,R01,training,28,104,0,0.0,0.0,0.0,0.0
C,R01,training,28,105,0,0.0,0.0,0.0,0.0
C,R01,training,28,106,0,0.0,0.0,0.0,0.0
C,R01,training,28,107,0,0.0,0.0,0.0,0.0
C,R01,training,28,108,0,0.0,0.0,0.0,0.0
C,R01,training,28,109,0,0.0,0.0,0.0,0.0
C,R01,training,28,110,0,0.0,0.0,0.0,0.0
C,R01,training,28,111,0,0.0,0.0,0.0,0.0
C,R01,training,28,112,0,0.0,0.0,0.0,0.0
C,R01,training,28,113,0,0.0,0.0,0.0,0.0
C,R01,training,28,114,0,0.0,0.0,0.0,0.0
C,R01,training,28,115,0,0.0,0.0,0.0,0.0
C,R01,training,28,116,0,0.0,0.0,0.0,0.0
C,R01,training,28,117,0,0.0,0.0,0.0,0.0
C,R01,training,28,118,0,0.0,0.0,0.0,0.0
C,R01,training,28,119,0,0.0,0.0,0.0,0.0
C,R01,training,28,120,0,0.0,0.0,0.0,0.0
C,R01,training,28,121,0,0.0,0.0,0.0,0.0
C,R01,training,28,122,0,0.0,0.0,0.0,0.0
C,R01,training,28,123,0,0.0,0.0,0.0,0.0
C,R01,training,28,124,0,0.0,0.0,0.0,0.0
C,R01,training,28,125,0,0.0,0.0,0.0,0.0
C,R01,training,28,126,0,0.0,0.0,0.0,0.0
C,R01,training,28,127,0,0.0,0.0,0.0,0.0
C,R01,training,28,128,0,0.0,0.0,0.0,0.0
C,R01,training,28,129,0,0.0,0.0,0.0,0.0
C,R01,training,28,130,0,0.0,0.0,0.0,0.0
C,R01,training,28,131,0,0.0,0.0,0.0,0.0
C,R01,training,28,132,0,0.0,0.0,0.0,0.0
C,R01,training,28,133,0,0.0,0.0,0.0,0.0
C,R01,training,28,134,0,0.0,0.0,0.0,0.0
C,R01,training,28,135,0,0.0,0.0,0.0,0.0
C,R01,training,28,136,0,0.0,0.0,0.0,0.0
C,R01,training,28,137,0,0.0,0.0,0.0,0.0
C,R01,training,28,138,0,0.0,0.0,0.0,0.0
C,R01,training,28,139,0,0.0,0.0,0.0,0.0
C,R01,training,28,140,0,0.0,0.0,0.0,0.0
C,R01,training,28,141,0,0.0,0.0,0.0,0.0
C,R01,training,28,142,0,0.0,0.0,0.0,0.0
C,R01,training,28,143,0,0.0,0.0,0.0,0.0
C,R01,training,28,144,0,0.0,0.0,0.0,0.0
C,R01,training,28,145,0,0.0,0.0,0.0,0.0
C,R01,training,28,146,0,0.0,0.0,0.0,0.0
C,R01,training,28,147,0,0.0,0.0,0.0,0.0
C,R01,training,28,148,0,0.0,0.0,0.0,0.0
C,R01,training,28,149,0,0.0,0.0,0.0,0.0
C,R01,training,28,150,0,0.0,0.0,0.0,0.0
C,R01,training,28,151,0,0.0,0.0,0.0,0.0
C,R01,training,28,152,0,0.0,0.0,0.0,0.0
C,R01,training,28,153,0,0.0,0.0,0.0,0.0
C,R01,training,28,154,0,0.0,0.0,0.0,0.0
C,R01,training,28,155,0,0.0,0.0,0.0,0.0
C,R01,training,28,156,0,0.0,0.0,0.0,0.0
C,R01,training,28,157,0,0.0,0.0,0.0,0.0
C,R01,training,28,158,0,0.0,0.0,0.0,0.0
C,R01,training,28,159,0,0.0,0.0,0.0,0.0
C,R01,training,28,160,0,0.0,0.0,0.0,0.0
C,R01,training,28,161,0,0.0,0.0,0.0,0.0
C,R01,training,28,162,0,0.0,0.0,0.0,0.0
C,R01,training,28,163,0,0.0,0.0,0.0,0.0
C,R01,training,28,164,0,0.0,0.0,0.0,0.0
C,R01,training,28,165,0,0.0,0.0,0.0,0.0
C,R01,training,28,166,0,0.0,0.0,0.0,0.0
C,R01,training,28,167,0,0.0,0.0,0.0,0.0
C,R01,training,28,168,0,0.0,0.0,0.0,0.0
C,R01,training,28,169,0,0.0,0.0,0.0,0.0
C,R01,training,28,170,0,0.0,0.0,0.0,0.0
C,R01,training,28,171,0,0.0,0.0,0.0,0.0
C,R01,training,28,172,0,0.0,0.0,0.0,0.0
C,R01,training,28,173,0,0.0,0.0,0.0,0.0
C,R01,training,28,174,0,0.0,0.0,0.0,0.0
C,R01,training,28,175,0,0.0,0.0,0.0,0.0
C,R01,training,28,176,0,0.0,0.0,0.0,0.0
C,R01,training,28,177,0,0.0,0.0,0.0,0.0
C,R01,training,28,178,0,0.0,0.0,0.0,0.0
C,R01,training,28,179,0,0.0,0.0,0.0,0.0
C,R01,training,28,180,0,0.0,0.0,0.0,0.0
C,R01,training,28,181,0,0.0,0.0,0.0,0.0
C,R01,training,28,182,0,0.0,0.0,0.0,0.0
C,R01,training,28,183,0,0.0,0.0,0.0,0.0
C,R01,training,28,184,0,0.0,0.0,0.0,0.0
C,R01,training,28,185,0,0.0,0.0,0.0,0.0
C,R01,training,28,186,0,0.0,0.0,0.0,0.0
C,R01,training,28,187,0,0.0,0.0,0.0,0.0
C,R01,training,28,188,0,0.0,0.0,0.0,0.0
C,R01,training,28,189,0,0.0,0.0,0.0,0.0
C,R01,training,28,190,0,0.0,0.0,0.0,0.0
C,R01,training,28,191,0,0.0,0.0,0.0,0.0
C,R01,training,28,192,0,0.0,0.0,0.0,0.0
C,R01,training,28,193,0,0.0,0.0,0.0,0.0
C,R01,training,28,194,0,0.0,0.0,0.0,0.0
C,R01,training,28,195,0,0.0,0.0,0.0,0.0
C,R01,training,28,196,0,0.0,0.0,0.0,0.0
C,R01,training,28,197,0,0.0,0.0,0.0,0.0
C,R01,training,28,198,0,0.0,0.0,0.0,0.0
C,R01,training,28,199,0,0.0,0.0,0.0,0.0
C,R01,training,28,200,0,0.0,0.0,0.0,0.0
C,R01,training,28,201,0,0.0,0.0,0.0,0.0
C,R01,training,28,202,0,0.0,0.0,0.0,0.0
C,R01,training,28,203,0,0.0,0.0,0.0,0.0
C,R01,training,28,204,0,0.0,0.0,0.0,0.0
C,R01,training,28,205,0,0.0,0.0,0.0,0.0
C,R01,training,28,206,0,0.0,0.0,0.0,0.0
C,R01,training,28,207,0,0.0,0.0,0.0,0.0
C,R01,training,28,208,0,0.0,0.0,0.0,0.0
C,R01,training,28,209,0,0.0,0.0,0.0,0.0
C,R01,training,28,210,0,0.0,0.0,0.0,0.0
C,R01,training,28,211,0,0.0,0.0,0.0,0.0
C,R01,training,28,212,0,0.0,0.0,0.0,0.0
C,R01,training,28,213,0,0.0,0.0,0.0,0.0
C,R01,training,28,214,0,0.0,0.0,0.0,0.0
C,R01,training,28,215,0,0.0,0.0,0.0,0.0
C,R01,training,28,216,0,0.0,0.0,0.0,0.0
C,R01,training,28,217,0,0.0,0.0,0.0,0.0
C,R01,training,28,218,0,0.0,0.0,0.0,0.0
C,R01,training,28,219,0,0.0,0.0,0.0,0.0
C,R01,training,28,220,0,0.0,0.0,0.0,0.0
C,R01,training,28,221,0,0.0,0.0,0.0,0.0
C,R01,training,28,222,0,0.0,0.0,0.0,0.0
C,R01,training,28,223,0,0.0,0.0,0.0,0.0
C,R01,training,28,224,0,0.0,0.0,0.0,0.0
C,R01,training,28,225,0,0.0,0.0,0.0,0.0
C,R01,training,28,226,0,0.0,0.0,0.0,0.0
C,R01,training,28,227,0,0.0,0.0,0.0,0.0
P1,R01,training,28,0,0,0.0,0.0,0.0,0.0
P1,R01,training,28,1,0,0.0,0.0,0.0,0.0
P1,R01,training,28,2,0,0.0,0.0,0.0,0.0
P1,R01,training,28,3,0,0.0,0.0,0.0,0.0
P1,R01,training,28,4,0,0.0,0.0,0.0,0.0
P1,R01,training,28,5,0,0.0,0.0,0.0,0.0
P1,R01,training,28,6,0,0.0,0.0,0.0,0.0
P1,R01,training,28,7,0,0.0,0.0,0.0,0.0
P1,R01,training,28,8,0,0.0,0.0,0.0,0.0
P1,R01,training,28,9,0,0.0,0.0,0.0,0.0
P1,R01,training,28,10,0,0.0,0.0,0.0,0.0
P1,R01,training,28,11,0,0.0,0.0,0.0,0.0
P1,R01,training,28,12,0,0.0,0.0,0.0,0.0
P1,R01,training,28,13,0,0.0,0.0,0.0,0.0
P1,R01,training,28,14,0,0.0,0.0,0.0,0.0
P1,R01,training,28,15,0,0.0,0.0,0.0,0.0
P1,R01,training,28,16,0,0.0,0.0,0.0,0.0
P1,R01,training,28,17,0,0.0,0.0,0.0,0.0
P1,R01,training,28,18,0,0.0,0.0,0.0,0.0
P1,R01,training,28,19,0,0.0,0.0,0.0,0.0
P1,R01,training,28,20,0,0.0,0.0,0.0,0.0
P1,R01,training,28,21,0,0.0,0.0,0.0,0.0
P1,R01,training,28,22,0,0.0,0.0,0.0,0.0
P1,R01,training,28,23,0,0.0,0.0,0.0,0.0
P1,R01,training,28,24,0,0.0,0.0,0.0,0.0
P1,R01,training,28,25,0,0.0,0.0,0.0,0.0
P1,R01,training,28,26,0,0.0,0.0,0.0,0.0
P1,R01,training,28,27,0,0.0,0.0,0.0,0.0
P1,R01,training,28,28,0,0.0,0.0,0.0,0.0
P1,R01,training,28,29,0,0.0,0.0,0.0,0.0
P1,R01,training,28,30,0,0.0,0.0,0.0,0.0
P1,R01,training,28,31,0,0.0,0.0,0.0,0.0
P1,R01,training,28,32,0,0.0,0.0,0.0,0.0
P1,R01,training,28,33,0,0.0,0.0,0.0,0.0
P1,R01,training,28,34,0,0.0,0.0,0.0,0.0
P1,R01,training,28,35,0,0.0,0.0,0.0,0.0
P1,R01,training,28,36,0,0.0,0.0,0.0,0.0
P1,R01,training,28,37,0,0.0,0.0,0.0,0.0
P1,R01,training,28,38,0,0.0,0.0,0.0,0.0
P1,R01,training,28,39,0,0.0,0.0,0.0,0.0
P1,R01,training,28,40,0,0.0,0.0,0.0,0.0
P1,R01,training,28,41,0,0.0,0.0,0.0,0.0
P1,R01,training,28,42,0,0.0,0.0,0.0,0.0
P1,R01,training,28,43,0,0.0,0.0,0.0,0.0
P1,R01,training,28,44,0,0.0,0.0,0.0,0.0
P1,R01,training,28,45,0,0.0,0.0,0.0,0.0
P1,R01,training,28,46,0,0.0,0.0,0.0,0.0
P1,R01,training,28,47,0,0.0,0.0,0.0,0.0
P1,R01,training,28,48,0,0.0,0.0,0.0,0.0
P1,R01,training,28,49,0,0.0,0.0,0.0,0.0
P1,R01,training,28,50,0,0.0,0.0,0.0,0.0
P1,R01,training,28,51,0,0.0,0.0,0.0,0.0
P1,R01,training,28,52,0,0.0,0.0,0.0,0.0
P1,R01,training,28,53,0,0.0,0.0,0.0,0.0
P1,R01,training,28,54,0,0.0,0.0,0.0,0.0
P1,R01,training,28,55,0,0.0,0.0,0.0,0.0
P1,R01,training,28,56,0,0.0,0.0,0.0,0.0
P1,R01,training,28,57,0,0.0,0.0,0.0,0.0
P1,R01,training,28,58,0,0.0,0.0,0.0,0.0
P1,R01,training,28,59,0,0.0,0.0,0.0,0.0
P1,R01,training,28,60,0,0.0,0.0,0.0,0.0
P1,R01,training,28,61,0,0.0,0.0,0.0,0.0
P1,R01,training,28,62,0,0.0,0.0,0.0,0.0
P1,R01,training,28,63,0,0.0,0.0,0.0,0.0
P1,R01,training,28,64,0,0.0,0.0,0.0,0.0
P1,R01,training,28,65,0,0.0,0.0,0.0,0.0
P1,R01,training,28,66,0,0.0,0.0,0.0,0.0
P1,R01,training,28,67,0,0.0,0.0,0.0,0.0
P1,R01,training,28,68,0,0.0,0.0,0.0,0.0
P1,R01,training,28,69,0,0.0,0.0,0.0,0.0
P1,R01,training,28,70,0,0.0,0.0,0.0,0.0
P1,R01,training,28,71,0,0.0,0.0,0.0,0.0
P1,R01,training,28,72,0,0.0,0.0,0.0,0.0
P1,R01,training,28,73,0,0.0,0.0,0.0,0.0
P1,R01,training,28,74,0,0.0,0.0,0.0,0.0
P1,R01,training,28,75,0,0.0,0.0,0.0,0.0
P1,R01,training,28,76,0,0.0,0.0,0.0,0.0
P1,R01,training,28,77,0,0.0,0.0,0.0,0.0
P1,R01,training,28,78,0,0.0,0.0,0.0,0.0
P1,R01,training,28,79,0,0.0,0.0,0.0,0.0
P1,R01,training,28,80,0,0.0,0.0,0.0,0.0
P1,R01,training,28,81,0,0.0,0.0,0.0,0.0
P1,R01,training,28,82,0,0.0,0.0,0.0,0.0
P1,R01,training,28,83,0,0.0,0.0,0.0,0.0
P1,R01,training,28,84,0,0.0,0.0,0.0,0.0
P1,R01,training,28,85,0,0.0,0.0,0.0,0.0
P1,R01,training,28,86,0,0.0,0.0,0.0,0.0
P1,R01,training,28,87,0,0.0,0.0,0.0,0.0
P1,R01,training,28,88,0,0.0,0.0,0.0,0.0
P1,R01,training,28,89,0,0.0,0.0,0.0,0.0
P1,R01,training,28,90,0,0.0,0.0,0.0,0.0
P1,R01,training,28,91,0,0.0,0.0,0.0,0.0
P1,R01,training,28,92,0,0.0,0.0,0.0,0.0
P1,R01,training,28,93,0,0.0,0.0,0.0,0.0
P1,R01,training,28,94,0,0.0,0.0,0.0,0.0
P1,R01,training,28,95,0,0.0,0.0,0.0,0.0
P1,R01,training,28,96,0,0.0,0.0,0.0,0.0
P1,R01,training,28,97,0,0.0,0.0,0.0,0.0
P1,R01,training,28,98,0,0.0,0.0,0.0,0.0
P1,R01,training,28,99,0,0.0,0.0,0.0,0.0
P1,R01,training,28,100,0,0.0,0.0,0.0,0.0
P1,R01,training,28,101,0,0.0,0.0,0.0,0.0
P1,R01,training,28,102,0,0.0,0.0,0.0,0.0
P1,R01,training,28,103,0,0.0,0.0,0.0,0.0
P1,R01,training,28,104,0,0.0,0.0,0.0,0.0
P1,R01,training,28,105,0,0.0,0.0,0.0,0.0
P1,R01,training,28,106,0,0.0,0.0,0.0,0.0
P1,R01,training,28,107,0,0.0,0.0,0.0,0.0
P1,R01,training,28,108,0,0.0,0.0,0.0,0.0
P1,R01,training,28,109,0,0.0,0.0,0.0,0.0
P1,R01,training,28,110,0,0.0,0.0,0.0,0.0
P1,R01,training,28,111,0,0.0,0.0,0.0,0.0
P1,R01,training,28,112,0,0.0,0.0,0.0,0.0
P1,R01,training,28,113,0,0.0,0.0,0.0,0.0
P1,R01,training,28,114,0,0.0,0.0,0.0,0.0
P1,R01,training,28,115,0,0.0,0.0,0.0,0.0
P1,R01,training,28,116,0,0.0,0.0,0.0,0.0
P1,R01,training,28,117,0,0.0,0.0,0.0,0.0
P1,R01,training,28,118,0,0.0,0.0,0.0,0.0
P1,R01,training,28,119,0,0.0,0.0,0.0,0.0
P1,R01,training,28,120,0,0.0,0.0,0.0,0.0
P1,R01,training,28,121,0,0.0,0.0,0.0,0.0
P1,R01,training,28,122,0,0.0,0.0,0.0,0.0
P1,R01,training,28,123,0,0.0,0.0,0.0,0.0
P1,R01,training,28,124,0,0.0,0.0,0.0,0.0
P1,R01,training,28,125,0,0.0,0.0,0.0,0.0
P1,R01,training,28,126,0,0.0,0.0,0.0,0.0
P1,R01,training,28,127,0,0.0,0.0,0.0,0.0
P1,R01,training,28,128,0,0.0,0.0,0.0,0.0
P1,R01,training,28,129,0,0.0,0.0,0.0,0.0
P1,R01,training,28,130,0,0.0,0.0,0.0,0.0
P1,R01,training,28,131,0,0.0,0.0,0.0,0.0
P1,R01,training,28,132,0,0.0,0.0,0.0,0.0
P1,R01,training,28,133,0,0.0,0.0,0.0,0.0
P1,R01,training,28,134,0,0.0,0.0,0.0,0.0
P1,R01,training,28,135,0,0.0,0.0,0.0,0.0
P1,R01,training,28,136,0,0.0,0.0,0.0,0.0
P1,R01,training,28,137,0,0.0,0.0,0.0,0.0
P1,R01,training,28,138,0,0.0,0.0,0.0,0.0
P1,R01,training,28,139,0,0.0,0.0,0.0,0.0
P1,R01,training,28,140,0,0.0,0.0,0.0,0.0
P1,R01,training,28,141,0,0.0,0.0,0.0,0.0
P1,R01,training,28,142,0,0.0,0.0,0.0,0.0
P1,R01,training,28,143,0,0.0,0.0,0.0,0.0
P1,R01,training,28,144,0,0.0,0.0,0.0,0.0
P1,R01,training,28,145,0,0.0,0.0,0.0,0.0
P1,R01,training,28,146,0,0.0,0.0,0.0,0.0
P1,R01,training,28,147,0,0.0,0.0,0.0,0.0
P1,R01,training,28,148,0,0.0,0.0,0.0,0.0
P1,R01,training,28,149,0,0.0,0.0,0.0,0.0
P1,R01,training,28,150,0,0.0,0.0,0.0,0.0
P1,R01,training,28,151,0,0.0,0.0,0.0,0.0
P1,R01,training,28,152,0,0.0,0.0,0.0,0.0
P1,R01,training,28,153,0,0.0,0.0,0.0,0.0
P1,R01,training,28,154,0,0.0,0.0,0.0,0.0
P1,R01,training,28,155,0,0.0,0.0,0.0,0.0
P1,R01,training,28,156,0,0.0,0.0,0.0,0.0
P1,R01,training,28,157,0,0.0,0.0,0.0,0.0
P1,R01,training,28,158,0,0.0,0.0,0.0,0.0
P1,R01,training,28,159,0,0.0,0.0,0.0,0.0
P1,R01,training,28,160,0,0.0,0.0,0.0,0.0
P1,R01,training,28,161,0,0.0,0.0,0.0,0.0
P1,R01,training,28,162,0,0.0,0.0,0.0,0.0
P1,R01,training,28,163,0,0.0,0.0,0.0,0.0
P1,R01,training,28,164,0,0.0,0.0,0.0,0.0
P1,R01,training,28,165,0,0.0,0.0,0.0,0.0
P1,R01,training,28,166,0,0.0,0.0,0.0,0.0
P1,R01,training,28,167,0,0.0,0.0,0.0,0.0
P1,R01,training,28,168,0,0.0,0.0,0.0,0.0
P1,R01,training,28,169,0,0.0,0.0,0.0,0.0
P1,R01,training,28,170,0,0.0,0.0,0.0,0.0
P1,R01,training,28,171,0,0.0,0.0,0.0,0.0
P1,R01,training,28,172,0,0.0,0.0,0.0,0.0
P1,R01,training,28,173,0,0.0,0.0,0.0,0.0
P1,R01,training,28,174,0,0.0,0.0,0.0,0.0
P1,R01,training,28,175,0,0.0,0.0,0.0,0.0
P1,R01,training,28,176,0,0.0,0.0,0.0,0.0
P1,R01,training,28,177,0,0.0,0.0,0.0,0.0
P1,R01,training,28,178,0,0.0,0.0,0.0,0.0
P1,R01,training,28,179,0,0.0,0.0,0.0,0.0
P1,R01,training,28,180,0,0.0,0.0,0.0,0.0
P1,R01,training,28,181,0,0.0,0.0,0.0,0.0
P1,R01,training,28,182,0,0.0,0.0,0.0,0.0
P1,R01,training,28,183,0,0.0,0.0,0.0,0.0
P1,R01,training,28,184,0,0.0,0.0,0.0,0.0
P1,R01,training,28,185,0,0.0,0.0,0.0,0.0
P1,R01,training,28,186,0,0.0,0.0,0.0,0.0
P1,R01,training,28,187,0,0.0,0.0,0.0,0.0
P1,R01,training,28,188,0,0.0,0.0,0.0,0.0
P1,R01,training,28,189,0,0.0,0.0,0.0,0.0
P1,R01,training,28,190,0,0.0,0.0,0.0,0.0
P1,R01,training,28,191,0,0.0,0.0,0.0,0.0
P1,R01,training,28,192,0,0.0,0.0,0.0,0.0
P1,R01,training,28,193,0,0.0,0.0,0.0,0.0
P1,R01,training,28,194,0,0.0,0.0,0.0,0.0
P1,R01,training,28,195,0,0.0,0.0,0.0,0.0
P1,R01,training,28,196,0,0.0,0.0,0.0,0.0
P1,R01,training,28,197,0,0.0,0.0,0.0,0.0
P1,R01,training,28,198,0,0.0,0.0,0.0,0.0
P1,R01,training,28,199,0,0.0,0.0,0.0,0.0
P1,R01,training,28,200,0,0.0,0.0,0.0,0.0
P1,R01,training,28,201,0,0.0,0.0,0.0,0.0
P1,R01,training,28,202,0,0.0,0.0,0.0,0.0
P1,R01,training,28,203,0,0.0,0.0,0.0,0.0
P1,R01,training,28,204,0,0.0,0.0,0.0,0.0
P1,R01,training,28,205,0,0.0,0.0,0.0,0.0
P1,R01,training,28,206,0,0.0,0.0,0.0,0.0
P1,R01,training,28,207,0,0.0,0.0,0.0,0.0
P1,R01,training,28,208,0,0.0,0.0,0.0,0.0
P1,R01,training,28,209,0,0.0,0.0,0.0,0.0
P1,R01,training,28,210,0,0.0,0.0,0.0,0.0
P1,R01,training,28,211,0,0.0,0.0,0.0,0.0
P1,R01,training,28,212,0,0.0,0.0,0.0,0.0
P1,R01,training,28,213,0,0.0,0.0,0.0,0.0
P1,R01,training,28,214,0,0.0,0.0,0.0,0.0
P1,R01,training,28,215,0,0.0,0.0,0.0,0.0
P1,R01,training,28,216,0,0.0,0.0,0.0,0.0
P1,R01,training,28,217,0,0.0,0.0,0.0,0.0
P1,R01,training,28,218,0,0.0,0.0,0.0,0.0
P1,R01,training,28,219,0,0.0,0.0,0.0,0.0
P1,R01,training,28,220,0,0.0,0.0,0.0,0.0
P1,R01,training,28,221,0,0.0,0.0,0.0,0.0
P1,R01,training,28,222,0,0.0,0.0,0.0,0.0
P1,R01,training,28,223,0,0.0,0.0,0.0,0.0
P1,R01,training,28,224,0,0.0,0.0,0.0,0.0
P1,R01,training,28,225,0,0.0,0.0,0.0,0.0
P1,R01,training,28,226,0,0.0,0.0,0.0,0.0
P1,R01,training,28,227,0,0.0,0.0,0.0,0.0
P2,R01,training,28,0,0,0.0,0.0,0.0,0.0
P2,R01,training,28,1,0,0.0,0.0,0.0,0.0
P2,R01,training,28,2,0,0.0,0.0,0.0,0.0
P2,R01,training,28,3,0,0.0,0.0,0.0,0.0
P2,R01,training,28,4,0,0.0,0.0,0.0,0.0
P2,R01,training,28,5,0,0.0,0.0,0.0,0.0
P2,R01,training,28,6,0,0.0,0.0,0.0,0.0
P2,R01,training,28,7,0,0.0,0.0,0.0,0.0
P2,R01,training,28,8,0,0.0,0.0,0.0,0.0
P2,R01,training,28,9,0,0.0,0.0,0.0,0.0
P2,R01,training,28,10,0,0.0,0.0,0.0,0.0
P2,R01,training,28,11,0,0.0,0.0,0.0,0.0
P2,R01,training,28,12,0,0.0,0.0,0.0,0.0
P2,R01,training,28,13,0,0.0,0.0,0.0,0.0
P2,R01,training,28,14,0,0.0,0.0,0.0,0.0
P2,R01,training,28,15,0,0.0,0.0,0.0,0.0
P2,R01,training,28,16,0,0.0,0.0,0.0,0.0
P2,R01,training,28,17,0,0.0,0.0,0.0,0.0
P2,R01,training,28,18,0,0.0,0.0,0.0,0.0
P2,R01,training,28,19,0,0.0,0.0,0.0,0.0
P2,R01,training,28,20,0,0.0,0.0,0.0,0.0
P2,R01,training,28,21,0,0.0,0.0,0.0,0.0
P2,R01,training,28,22,0,0.0,0.0,0.0,0.0
P2,R01,training,28,23,0,0.0,0.0,0.0,0.0
P2,R01,training,28,24,0,0.0,0.0,0.0,0.0
P2,R01,training,28,25,0,0.0,0.0,0.0,0.0
P2,R01,training,28,26,0,0.0,0.0,0.0,0.0
P2,R01,training,28,27,0,0.0,0.0,0.0,0.0
P2,R01,training,28,28,0,0.0,0.0,0.0,0.0
P2,R01,training,28,29,0,0.0,0.0,0.0,0.0
P2,R01,training,28,30,0,0.0,0.0,0.0,0.0
P2,R01,training,28,31,0,0.0,0.0,0.0,0.0
P2,R01,training,28,32,0,0.0,0.0,0.0,0.0
P2,R01,training,28,33,0,0.0,0.0,0.0,0.0
P2,R01,training,28,34,0,0.0,0.0,0.0,0.0
P2,R01,training,28,35,0,0.0,0.0,0.0,0.0
P2,R01,training,28,36,0,0.0,0.0,0.0,0.0
P2,R01,training,28,37,0,0.0,0.0,0.0,0.0
P2,R01,training,28,38,0,0.0,0.0,0.0,0.0
P2,R01,training,28,39,0,0.0,0.0,0.0,0.0
P2,R01,training,28,40,0,0.0,0.0,0.0,0.0
P2,R01,training,28,41,0,0.0,0.0,0.0,0.0
P2,R01,training,28,42,0,0.0,0.0,0.0,0.0
P2,R01,training,28,43,0,0.0,0.0,0.0,0.0
P2,R01,training,28,44,0,0.0,0.0,0.0,0.0
P2,R01,training,28,45,0,0.0,0.0,0.0,0.0
P2,R01,training,28,46,0,0.0,0.0,0.0,0.0
P2,R01,training,28,47,0,0.0,0.0,0.0,0.0
P2,R01,training,28,48,0,0.0,0.0,0.0,0.0
P2,R01,training,28,49,0,0.0,0.0,0.0,0.0
P2,R01,training,28,50,0,0.0,0.0,0.0,0.0
P2,R01,training,28,51,0,0.0,0.0,0.0,0.0
P2,R01,training,28,52,0,0.0,0.0,0.0,0.0
P2,R01,training,28,53,0,0.0,0.0,0.0,0.0
P2,R01,training,28,54,0,0.0,0.0,0.0,0.0
P2,R01,training,28,55,0,0.0,0.0,0.0,0.0
P2,R01,training,28,56,0,0.0,0.0,0.0,0.0
P2,R01,training,28,57,0,0.0,0.0,0.0,0.0
P2,R01,training,28,58,0,0.0,0.0,0.0,0.0
P2,R01,training,28,59,0,0.0,0.0,0.0,0.0
P2,R01,training,28,60,0,0.0,0.0,0.0,0.0
P2,R01,training,28,61,0,0.0,0.0,0.0,0.0
P2,R01,training,28,62,0,0.0,0.0,0.0,0.0
P2,R01,training,28,63,0,0.0,0.0,0.0,0.0
P2,R01,training,28,64,0,0.0,0.0,0.0,0.0
P2,R01,training,28,65,0,0.0,0.0,0.0,0.0
P2,R01,training,28,66,0,0.0,0.0,0.0,0.0
P2,R01,training,28,67,0,0.0,0.0,0.0,0.0
P2,R01,training,28,68,0,0.0,0.0,0.0,0.0
P2,R01,training,28,69,0,0.0,0.0,0.0,0.0
P2,R01,training,28,70,0,0.0,0.0,0.0,0.0
P2,R01,training,28,71,0,0.0,0.0,0.0,0.0
P2,R01,training,28,72,0,0.0,0.0,0.0,0.0
P2,R01,training,28,73,0,0.0,0.0,0.0,0.0
P2,R01,training,28,74,0,0.0,0.0,0.0,0.0
P2,R01,training,28,75,0,0.0,0.0,0.0,0.0
P2,R01,training,28,76,0,0.0,0.0,0.0,0.0
P2,R01,training,28,77,0,0.0,0.0,0.0,0.0
P2,R01,training,28,78,0,0.0,0.0,0.0,0.0
P2,R01,training,28,79,0,0.0,0.0,0.0,0.0
P2,R01,training,28,80,0,0.0,0.0,0.0,0.0
P2,R01,training,28,81,0,0.0,0.0,0.0,0.0
P2,R01,training,28,82,0,0.0,0.0,0.0,0.0
P2,R01,training,28,83,0,0.0,0.0,0.0,0.0
P2,R01,training,28,84,0,0.0,0.0,0.0,0.0
P2,R01,training,28,85,0,0.0,0.0,0.0,0.0
P2,R01,training,28,86,0,0.0,0.0,0.0,0.0
P2,R01,training,28,87,0,0.0,0.0,0.0,0.0
P2,R01,training,28,88,0,0.0,0.0,0.0,0.0
P2,R01,training,28,89,0,0.0,0.0,0.0,0.0
P2,R01,training,28,90,0,0.0,0.0,0.0,0.0
P2,R01,training,28,91,0,0.0,0.0,0.0,0.0
P2,R01,training,28,92,0,0.0,0.0,0.0,0.0
P2,R01,training,28,93,0,0.0,0.0,0.0,0.0
P2,R01,training,28,94,0,0.0,0.0,0.0,0.0
P2,R01,training,28,95,0,0.0,0.0,0.0,0.0
P2,R01,training,28,96,0,0.0,0.0,0.0,0.0
P2,R01,training,28,97,0,0.0,0.0,0.0,0.0
P2,R01,training,28,98,0,0.0,0.0,0.0,0.0
P2,R01,training,28,99,0,0.0,0.0,0.0,0.0
P2,R01,training,28,100,0,0.0,0.0,0.0,0.0
P2,R01,training,28,101,0,0.0,0.0,0.0,0.0
P2,R01,training,28,102,0,0.0,0.0,0.0,0.0
P2,R01,training,28,103,0,0.0,0.0,0.0,0.0
P2,R01,training,28,104,0,0.0,0.0,0.0,0.0
P2,R01,training,28,105,0,0.0,0.0,0.0,0.0
P2,R01,training,28,106,0,0.0,0.0,0.0,0.0
P2,R01,training,28,107,0,0.0,0.0,0.0,0.0
P2,R01,training,28,108,0,0.0,0.0,0.0,0.0
P2,R01,training,28,109,0,0.0,0.0,0.0,0.0
P2,R01,training,28,110,0,0.0,0.0,0.0,0.0
P2,R01,training,28,111,0,0.0,0.0,0.0,0.0
P2,R01,training,28,112,0,0.0,0.0,0.0,0.0
P2,R01,training,28,113,0,0.0,0.0,0.0,0.0
P2,R01,training,28,114,0,0.0,0.0,0.0,0.0
P2,R01,training,28,115,0,0.0,0.0,0.0,0.0
P2,R01,training,28,116,0,0.0,0.0,0.0,0.0
P2,R01,training,28,117,0,0.0,0.0,0.0,0.0
P2,R01,training,28,118,0,0.0,0.0,0.0,0.0
P2,R01,training,28,119,0,0.0,0.0,0.0,0.0
P2,R01,training,28,120,0,0.0,0.0,0.0,0.0
P2,R01,training,28,121,0,0.0,0.0,0.0,0.0
P2,R01,training,28,122,0,0.0,0.0,0.0,0.0
P2,R01,training,28,123,0,0.0,0.0,0.0,0.0
P2,R01,training,28,124,0,0.0,0.0,0.0,0.0
P2,R01,training,28,125,0,0.0,0.0,0.0,0.0
P2,R01,training,28,126,0,0.0,0.0,0.0,0.0
P2,R01,training,28,127,0,0.0,0.0,0.0,0.0
P2,R01,training,28,128,0,0.0,0.0,0.0,0.0
P2,R01,training,28,129,0,0.0,0.0,0.0,0.0
P2,R01,training,28,130,0,0.0,0.0,0.0,0.0
P2,R01,training,28,131,0,0.0,0.0,0.0,0.0
P2,R01,training,28,132,0,0.0,0.0,0.0,0.0
P2,R01,training,28,133,0,0.0,0.0,0.0,0.0
P2,R01,training,28,134,0,0.0,0.0,0.0,0.0
P2,R01,training,28,135,0,0.0,0.0,0.0,0.0
P2,R01,training,28,136,0,0.0,0.0,0.0,0.0
P2,R01,training,28,137,0,0.0,0.0,0.0,0.0
P2,R01,training,28,138,0,0.0,0.0,0.0,0.0
P2,R01,training,28,139,0,0.0,0.0,0.0,0.0
P2,R01,training,28,140,0,0.0,0.0,0.0,0.0
P2,R01,training,28,141,0,0.0,0.0,0.0,0.0
P2,R01,training,28,142,0,0.0,0.0,0.0,0.0
P2,R01,training,28,143,0,0.0,0.0,0.0,0.0
P2,R01,training,28,144,0,0.0,0.0,0.0,0.0
P2,R01,training,28,145,0,0.0,0.0,0.0,0.0
P2,R01,training,28,146,0,0.0,0.0,0.0,0.0
P2,R01,training,28,147,0,0.0,0.0,0.0,0.0
P2,R01,training,28,148,0,0.0,0.0,0.0,0.0
P2,R01,training,28,149,0,0.0,0.0,0.0,0.0
P2,R01,training,28,150,0,0.0,0.0,0.0,0.0
P2,R01,training,28,151,0,0.0,0.0,0.0,0.0
P2,R01,training,28,152,0,0.0,0.0,0.0,0.0
P2,R01,training,28,153,0,0.0,0.0,0.0,0.0
P2,R01,training,28,154,0,0.0,0.0,0.0,0.0
P2,R01,training,28,155,0,0.0,0.0,0.0,0.0
P2,R01,training,28,156,0,0.0,0.0,0.0,0.0
P2,R01,training,28,157,0,0.0,0.0,0.0,0.0
P2,R01,training,28,158,0,0.0,0.0,0.0,0.0
P2,R01,training,28,159,0,0.0,0.0,0.0,0.0
P2,R01,training,28,160,0,0.0,0.0,0.0,0.0
P2,R01,training,28,161,0,0.0,0.0,0.0,0.0
P2,R01,training,28,162,0,0.0,0.0,0.0,0.0
P2,R01,training,28,163,0,0.0,0.0,0.0,0.0
P2,R01,training,28,164,0,0.0,0.0,0.0,0.0
P2,R01,training,28,165,0,0.0,0.0,0.0,0.0
P2,R01,training,28,166,0,0.0,0.0,0.0,0.0
P2,R01,training,28,167,0,0.0,0.0,0.0,0.0
P2,R01,training,28,168,0,0.0,0.0,0.0,0.0
P2,R01,training,28,169,0,0.0,0.0,0.0,0.0
P2,R01,training,28,170,0,0.0,0.0,0.0,0.0
P2,R01,training,28,171,0,0.0,0.0,0.0,0.0
P2,R01,training,28,172,0,0.0,0.0,0.0,0.0
P2,R01,training,28,173,0,0.0,0.0,0.0,0.0
P2,R01,training,28,174,0,0.0,0.0,0.0,0.0
P2,R01,training,28,175,0,0.0,0.0,0.0,0.0
P2,R01,training,28,176,0,0.0,0.0,0.0,0.0
P2,R01,training,28,177,0,0.0,0.0,0.0,0.0
P2,R01,training,28,178,0,0.0,0.0,0.0,0.0
P2,R01,training,28,179,0,0.0,0.0,0.0,0.0
P2,R01,training,28,180,0,0.0,0.0,0.0,0.0
P2,R01,training,28,181,0,0.0,0.0,0.0,0.0
P2,R01,training,28,182,0,0.0,0.0,0.0,0.0
P2,R01,training,28,183,0,0.0,0.0,0.0,0.0
P2,R01,training,28,184,0,0.0,0.0,0.0,0.0
P2,R01,training,28,185,0,0.0,0.0,0.0,0.0
P2,R01,training,28,186,0,0.0,0.0,0.0,0.0
P2,R01,training,28,187,0,0.0,0.0,0.0,0.0
P2,R01,training,28,188,0,0.0,0.0,0.0,0.0
P2,R01,training,28,189,0,0.0,0.0,0.0,0.0
P2,R01,training,28,190,0,0.0,0.0,0.0,0.0
P2,R01,training,28,191,0,0.0,0.0,0.0,0.0
P2,R01,training,28,192,0,0.0,0.0,0.0,0.0
P2,R01,training,28,193,0,0.0,0.0,0.0,0.0
P2,R01,training,28,194,0,0.0,0.0,0.0,0.0
P2,R01,training,28,195,0,0.0,0.0,0.0,0.0
P2,R01,training,28,196,0,0.0,0.0,0.0,0.0
P2,R01,training,28,197,0,0.0,0.0,0.0,0.0
P2,R01,training,28,198,0,0.0,0.0,0.0,0.0
P2,R01,training,28,199,0,0.0,0.0,0.0,0.0
P2,R01,training,28,200,0,0.0,0.0,0.0,0.0
P2,R01,training,28,201,0,0.0,0.0,0.0,0.0
P2,R01,training,28,202,0,0.0,0.0,0.0,0.0
P2,R01,training,28,203,0,0.0,0.0,0.0,0.0
P2,R01,training,28,204,0,0.0,0.0,0.0,0.0
P2,R01,training,28,205,0,0.0,0.0,0.0,0.0
P2,R01,training,28,206,0,0.0,0.0,0.0,0.0
P2,R01,training,28,207,0,0.0,0.0,0.0,0.0
P2,R01,training,28,208,0,0.0,0.0,0.0,0.0
P2,R01,training,28,209,0,0.0,0.0,0.0,0.0
P2,R01,training,28,210,0,0.0,0.0,0.0,0.0
P2,R01,training,28,211,0,0.0,0.0,0.0,0.0
P2,R01,training,28,212,0,0.0,0.0,0.0,0.0
P2,R01,training,28,213,0,0.0,0.0,0.0,0.0
P2,R01,training,28,214,0,0.0,0.0,0.0,0.0
P2,R01,training,28,215,0,0.0,0.0,0.0,0.0
P2,R01,training,28,216,0,0.0,0.0,0.0,0.0
P2,R01,training,28,217,0,0.0,0.0,0.0,0.0
P2,R01,training,28,218,0,0.0,0.0,0.0,0.0
P2,R01,training,28,219,0,0.0,0.0,0.0,0.0
P2,R01,training,28,220,0,0.0,0.0,0.0,0.0
P2,R01,training,28,221,0,0.0,0.0,0.0,0.0
P2,R01,training,28,222,0,0.0,0.0,0.0,0.0
P2,R01,training,28,223,0,0.0,0.0,0.0,0.0
P2,R01,training,28,224,0,0.0,0.0,0.0,0.0
P2,R01,training,28,225,0,0.0,0.0,0.0,0.0
P2,R01,training,28,226,0,0.0,0.0,0.0,0.0
P2,R01,training,28,227,0,0.0,0.0,0.0,0.0
P3,R01,training,28,0,0,1.0,1.0,0.3923957024919727,0.24008769014771492
P3,R01,training,28,1,0,1.0,1.0,0.3923957024919727,0.24217503308277752
P3,R01,training,28,2,0,1.0,1.0,0.3923957024919727,0.2442617276861196
P3,R01,training,28,3,0,1.0,1.0,0.3923957024919727,0.2463474458715699
P3,R01,training,28,4,0,1.0,1.0,0.3923957024919727,0.2484318569651487
P3,R01,training,28,5,0,1.0,1.0,0.3923957024919727,0.25051462778517675
P3,R01,training,28,6,0,1.0,1.0,0.3923957024919727,0.2525954227240334
P3,R01,training,28,7,0,1.0,1.0,0.3923957024919727,0.2546739038315415
P3,R01,training,28,8,0,1.0,1.0,0.3923957024919727,0.2567497308999518
P3,R01,training,28,9,0,1.0,1.0,0.3923957024919727,0.2588225615505031
P3,R01,training,28,10,0,1.0,1.0,0.3923957024919727,0.2608920513215294
P3,R01,training,28,11,0,1.0,1.0,0.3923957024919727,0.26295785375808634
P3,R01,training,28,12,0,1.0,1.0,0.3923957024919727,0.26501962050306754
P3,R01,training,28,13,0,1.0,1.0,0.3923957024919727,0.267077001389781
P3,R01,training,28,14,0,1.0,1.0,0.3923957024919727,0.2691296445359534
P3,R01,training,28,15,0,1.0,1.0,0.3923957024919727,0.2711771964391306
P3,R01,training,28,16,0,0.0,0.0,0.4635291878977073,0.322748491901924
P3,R01,training,28,17,0,0.0,0.0,0.4635291878977073,0.32515393576932355
P3,R01,training,28,18,0,0.0,0.0,0.4635291878977073,0.3275521023647006
P3,R01,training,28,19,0,0.0,0.0,0.4635291878977073,0.32994256760565627
P3,R01,training,28,20,0,0.0,0.0,0.4635291878977073,0.3323249060826917
P3,R01,training,28,21,0,0.0,0.0,0.4635291878977073,0.3346986911809291
P3,R01,training,28,22,0,0.0,0.0,0.4635291878977073,0.33706349520318024
P3,R01,training,28,23,0,0.0,0.0,0.4635291878977073,0.3394188894943179
P3,R01,training,28,24,0,0.0,0.0,0.4635291878977073,0.34176444456689986
P3,R01,training,28,25,0,0.0,0.0,0.4635291878977073,0.34409973022799706
P3,R01,training,28,26,0,0.0,0.0,0.4635291878977073,0.34642431570717586
P3,R01,training,28,27,0,0.0,0.0,0.4635291878977073,0.348737769785582
P3,R01,training,28,28,0,0.0,0.0,0.4635291878977073,0.35103966092607564
P3,R01,training,28,29,0,0.0,0.0,0.4635291878977073,0.35332955740436167
P3,R01,training,28,30,0,0.0,0.0,0.4635291878977073,0.3556070274410649
P3,R01,training,28,31,0,0.0,0.0,0.4635291878977073,0.35787163933469174
P3,R01,training,28,32,0,0.0,0.0,0.5350264711718818,0.4156703015925007
P3,R01,training,28,33,0,0.0,0.0,0.5350264711718818,0.41825304299751387
P3,R01,training,28,34,0,0.0,0.0,0.5350264711718818,0.42081945016855943
P3,R01,training,28,35,0,0.0,0.0,0.5350264711718818,0.4233690267286486
P3,R01,training,28,36,0,0.0,0.0,0.5350264711718818,0.4259012771711283
P3,R01,training,28,37,0,0.0,0.0,0.5350264711718818,0.42841570701791715
P3,R01,training,28,38,0,0.0,0.0,0.5350264711718818,0.43091182297829717
P3,R01,training,28,39,0,0.0,0.0,0.5350264711718818,0.43338913310819094
P3,R01,training,28,40,0,0.0,0.0,0.5350264711718818,0.4358471469698535
P3,R01,training,28,41,0,0.0,0.0,0.5350264711718818,0.4382853757919071
P3,R01,training,28,42,0,0.0,0.0,0.5350264711718818,0.4407033326296465
P3,R01,training,28,43,0,0.0,0.0,0.5350264711718818,0.4431005325255436
P3,R01,training,28,44,0,0.0,0.0,0.5350264711718818,0.445476492669876
P3,R01,training,28,45,0,0.0,0.0,0.5350264711718818,0.44783073256140754
P3,R01,training,28,46,0,0.0,0.0,0.5350264711718818,0.4501627741680461
P3,R01,training,28,47,0,0.0,0.0,0.5350264711718818,0.45247214208740383
P3,R01,training,28,48,0,1.0,1.0,0.6062028211626926,0.5152563805353526
P3,R01,training,28,49,0,1.0,1.0,0.6062028211626926,0.5178199881455379
P3,R01,training,28,50,0,1.0,1.0,0.6062028211626926,0.5203563094652341
P3,R01,training,28,51,0,1.0,1.0,0.6062028211626926,0.5228648195798924
P3,R01,training,28,52,0,1.0,1.0,0.6062028211626926,0.5253449974594773
P3,R01,training,28,53,0,1.0,1.0,0.6062028211626926,0.5277963261379375
P3,R01,training,28,54,0,1.0,1.0,0.6062028211626926,0.5302182928919653
P3,R01,training,28,55,0,1.0,1.0,0.6062028211626926,0.5326103894189615
P3,R01,training,28,56,0,1.0,1.0,0.6062028211626926,0.5349721120141198
P3,R01,training,28,57,0,1.0,1.0,0.6062028211626926,0.5373029617465425
P3,R01,training,28,58,0,1.0,1.0,0.6062028211626926,0.5396024446343061
P3,R01,training,28,59,0,1.0,1.0,0.6062028211626926,0.5418700718183852
P3,R01,training,28,60,0,1.0,1.0,0.6062028211626926,0.5441053597353545
P3,R01,training,28,61,0,1.0,1.0,0.6062028211626926,0.5463078302887805
P3,R01,training,28,62,0,1.0,1.0,0.6062028211626926,0.54847701101922
P3,R01,training,28,63,0,1.0,1.0,0.6062028211626926,0.5506124352727395
P3,R01,training,28,64,0,1.0,1.0,0.6192905037820201,0.5646465144663717
P3,R01,training,28,65,0,1.0,1.0,0.6192905037820201,0.5667576655530626
P3,R01,training,28,66,0,1.0,1.0,0.6192905037820201,0.5688329384694475
P3,R01,training,28,67,0,1.0,1.0,0.6192905037820201,0.5708718818984972
P3,R01,training,28,68,0,1.0,1.0,0.6192905037820201,0.572874051289186
P3,R01,training,28,69,0,1.0,1.0,0.6192905037820201,0.5748390090178073
P3,R01,training,28,70,0,1.0,1.0,0.6192905037820201,0.5767663245471917
P3,R01,training,28,71,0,1.0,1.0,0.6192905037820201,0.5786555745837471
P3,R01,training,28,72,0,1.0,1.0,0.6192905037820201,0.5805063432322383
P3,R01,training,28,73,0,1.0,1.0,0.6192905037820201,0.5823182221482304
P3,R01,training,28,74,0,1.0,1.0,0.6192905037820201,0.5840908106881147
P3,R01,training,28,75,0,1.0,1.0,0.6192905037820201,0.585823716056643
P3,R01,training,28,76,0,1.0,1.0,0.6192905037820201,0.5875165534518906
P3,R01,training,28,77,0,1.0,1.0,0.6192905037820201,0.5891689462075772
P3,R01,training,28,78,0,1.0,1.0,0.6192905037820201,0.5907805259326692
P3,R01,training,28,79,0,1.0,1.0,0.6192905037820201,0.5923509326481918
P3,R01,training,28,80,0,1.0,1.0,0.6268989729809413,0.6011760938921872
P3,R01,training,28,81,0,1.0,1.0,0.6268989729809413,0.6026813781123248
P3,R01,training,28,82,0,1.0,1.0,0.6268989729809413,0.6041439427089174
P3,R01,training,28,83,0,1.0,1.0,0.6268989729809413,0.6055634586679525
P3,R01,training,28,84,0,1.0,1.0,0.6268989729809413,0.6069396061384554
P3,R01,training,28,85,0,1.0,1.0,0.6268989729809413,0.6082720745525758
P3,R01,training,28,86,0,1.0,1.0,0.6268989729809413,0.6095605627423732
P3,R01,training,28,87,0,1.0,1.0,0.6268989729809413,0.6108047790532459
P3,R01,training,28,88,0,1.0,1.0,0.6268989729809413,0.6120044414539393
P3,R01,training,28,89,0,1.0,1.0,0.6268989729809413,0.6131592776430778
P3,R01,training,28,90,0,1.0,1.0,0.6268989729809413,0.614269025152162
P3,R01,training,28,91,0,1.0,1.0,0.6268989729809413,0.6153334314449791
P3,R01,training,28,92,0,1.0,1.0,0.6268989729809413,0.6163522540133719
P3,R01,training,28,93,0,1.0,1.0,0.6268989729809413,0.6173252604693159
P3,R01,training,28,94,0,1.0,1.0,0.6268989729809413,0.6182522286332564
P3,R01,training,28,95,0,1.0,1.0,0.6268989729809413,0.6191329466186573
P3,R01,training,28,96,0,1.0,1.0,0.6288154330513145,0.6218624822618414
P3,R01,training,28,97,0,1.0,1.0,0.6288154330513145,0.6226525136050794
P3,R01,training,28,98,0,1.0,1.0,0.6288154330513145,0.623395578514991
P3,R01,training,28,99,0,1.0,1.0,0.6288154330513145,0.6240915065257878
P3,R01,training,28,100,0,1.0,1.0,0.6288154330513145,0.6247401378617071
P3,R01,training,28,101,0,1.0,1.0,0.6288154330513145,0.6253413234981463
P3,R01,training,28,102,0,1.0,1.0,0.6288154330513145,0.6258949252187264
P3,R01,training,28,103,0,1.0,1.0,0.6288154330513145,0.6264008156682507
P3,R01,training,28,104,0,1.0,1.0,0.6288154330513145,0.626858878401534
P3,R01,training,28,105,0,1.0,1.0,0.6288154330513145,0.6272690079280724
P3,R01,training,28,106,0,1.0,1.0,0.6288154330513145,0.6276311097525336
P3,R01,training,28,107,0,1.0,1.0,0.6288154330513145,0.6279451004110412
P3,R01,training,28,108,0,1.0,1.0,0.6288154330513145,0.6282109075032393
P3,R01,training,28,109,0,1.0,1.0,0.6288154330513145,0.6284284697201139
P3,R01,training,28,110,0,1.0,1.0,0.6288154330513145,0.6285977368675618
P3,R01,training,28,111,0,1.0,1.0,0.6288154330513145,0.62871866988569
P3,R01,training,28,112,0,1.0,1.0,0.6249812074729308,0.624957162798221
P3,R01,training,28,113,0,1.0,1.0,0.6249812074729308,0.6249812074729308
P3,R01,training,28,114,0,1.0,1.0,0.6249812074729308,0.624957162798221
P3,R01,training,28,115,0,1.0,1.0,0.6249812074729308,0.6248850343243212
P3,R01,training,28,116,0,1.0,1.0,0.6249812074729308,0.6247648386997857
P3,R01,training,28,117,0,1.0,1.0,0.6249812074729308,0.6245966036650886
P3,R01,training,28,118,0,1.0,1.0,0.6249812074729308,0.6243803680419536
P3,R01,training,28,119,0,1.0,1.0,0.6249812074729308,0.6241161817184235
P3,R01,training,28,120,0,1.0,1.0,0.6249812074729308,0.6238041056296781
P3,R01,training,28,121,0,1.0,1.0,0.6249812074729308,0.6234442117346098
P3,R01,training,28,122,0,1.0,1.0,0.6249812074729308,0.6230365829881708
P3,R01,training,28,123,0,1.0,1.0,0.6249812074729308,0.6225813133095044
P3,R01,training,28,124,0,1.0,1.0,0.6249812074729308,0.6220785075458822
P3,R01,training,28,125,0,1.0,1.0,0.6249812074729308,0.6215282814324609
P3,R01,training,28,126,0,1.0,1.0,0.6249812074729308,0.6209307615478836
P3,R01,training,28,127,0,1.0,1.0,0.6249812074729308,0.6202860852657504
P3,R01,training,28,128,0,1.0,1.0,0.5625282155509053,0.5576797004849356
P3,R01,training,28,129,0,1.0,1.0,0.5625282155509053,0.5570149665171595
P3,R01,training,28,130,0,1.0,1.0,0.5625282155509053,0.5563082171303252
P3,R01,training,28,131,0,1.0,1.0,0.5625282155509053,0.5555596143252182
P3,R01,training,28,132,0,1.0,1.0,0.5625282155509053,0.5547693295455585
P3,R01,training,28,133,0,1.0,1.0,0.5625282155509053,0.5539375436125645
P3,R01,training,28,134,0,1.0,1.0,0.5625282155509053,0.5530644466560022
P3,R01,training,28,135,0,1.0,1.0,0.5625282155509053,0.5521502380417564
P3,R01,training,28,136,0,1.0,1.0,0.5625282155509053,0.5511951262959636
P3,R01,training,28,137,0,1.0,1.0,0.5625282155509053,0.5501993290257451
P3,R01,training,28,138,0,1.0,1.0,0.5625282155509053,0.5491630728365849
P3,R01,training,28,139,0,1.0,1.0,0.5625282155509053,0.5480865932463941
P3,R01,training,28,140,0,1.0,1.0,0.5625282155509053,0.5469701345963082
P3,R01,training,28,141,0,1.0,1.0,0.5625282155509053,0.5458139499582658
P3,R01,training,28,142,0,1.0,1.0,0.5625282155509053,0.5446183010394153
P3,R01,training,28,143,0,1.0,1.0,0.5625282155509053,0.5433834580834029
P3,R01,training,28,144,0,1.0,1.0,0.5519568981467763,0.5319220975369432
P3,R01,training,28,145,0,1.0,1.0,0.5519568981467763,0.5306343739118176
P3,R01,training,28,146,0,1.0,1.0,0.5519568981467763,0.5293090375421858
P3,R01,training,28,147,0,1.0,1.0,0.5519568981467763,0.527946386069449
P3,R01,training,28,148,0,1.0,1.0,0.5519568981467763,0.5265467249827132
P3,R01,training,28,149,0,1.0,1.0,0.5519568981467763,0.5251103675046868
P3,R01,training,28,150,0,1.0,1.0,0.5519568981467763,0.5236376344749066
P3,R01,training,28,151,0,1.0,1.0,0.5519568981467763,0.5221288542303502
P3,R01,training,28,152,0,1.0,1.0,0.5519568981467763,0.5205843624834987
P3,R01,training,28,153,0,1.0,1.0,0.5519568981467763,0.5190045021979138
P3,R01,training,28,154,0,1.0,1.0,0.5519568981467763,0.5173896234613903
P3,R01,training,28,155,0,1.0,1.0,0.5519568981467763,0.5157400833567546
P3,R01,training,28,156,0,1.0,1.0,0.5519568981467763,0.5140562458303716
P3,R01,training,28,157,0,1.0,1.0,0.5519568981467763,0.5123384815584305
P3,R01,training,28,158,0,1.0,1.0,0.5519568981467763,0.5105871678110764
P3,R01,training,28,159,0,1.0,1.0,0.5519568981467763,0.5088026883144589
P3,R01,training,28,160,0,1.0,1.0,0.5364708121022926,0.49276109772006127
P3,R01,training,28,161,0,1.0,1.0,0.5364708121022926,0.49096335766109406
P3,R01,training,28,162,0,1.0,1.0,0.5364708121022926,0.48913453753381764
P3,R01,training,28,163,0,1.0,1.0,0.5364708121022926,0.4872750340188726
P3,R01,training,28,164,0,1.0,1.0,0.5364708121022926,0.4853852493734113
P3,R01,training,28,165,0,1.0,1.0,0.5364708121022926,0.4834655912863316
P3,R01,training,28,166,0,1.0,1.0,0.5364708121022926,0.4815164727319811
P3,R01,training,28,167,0,1.0,1.0,0.5364708121022926,0.47953831182240475
P3,R01,training,28,168,0,1.0,1.0,0.5364708121022926,0.47753153165821
P3,R01,training,28,169,0,1.0,1.0,0.5364708121022926,0.47549656017812386
P3,R01,training,28,170,0,1.0,1.0,0.5364708121022926,0.47343383000731576
P3,R01,training,28,171,0,1.0,1.0,0.5364708121022926,0.47134377830456264
P3,R01,training,28,172,0,1.0,1.0,0.5364708121022926,0.46922684660833036
P3,R01,training,28,173,0,1.0,1.0,0.5364708121022926,0.4670834806818472
P3,R01,training,28,174,0,1.0,1.0,0.5364708121022926,0.46491413035724644
P3,R01,training,28,175,0,1.0,1.0,0.5364708121022926,0.46271924937885195
P3,R01,training,28,176,0,0.0,0.0,0.4635291878977073,0.3978871907610848
P3,R01,training,28,177,0,0.0,0.0,0.4635291878977073,0.39594780856007233
P3,R01,training,28,178,0,0.0,0.0,0.4635291878977073,0.39398756206805113
P3,R01,training,28,179,0,0.0,0.0,0.4635291878977073,0.3920068554902052
P3,R01,training,28,180,0,0.0,0.0,0.4635291878977073,0.3900060957261654
P3,R01,training,28,181,0,0.0,0.0,0.4635291878977073,0.38798569223154733
P3,R01,training,28,182,0,0.0,0.0,0.4635291878977073,0.38594605687921085
P3,R01,training,28,183,0,0.0,0.0,0.4635291878977073,0.38388760382030435
P3,R01,training,28,184,0,0.0,0.0,0.4635291878977073,0.3818107493451607
P3,R01,training,28,185,0,0.0,0.0,0.4635291878977073,0.3797159117441086
P3,R01,training,28,186,0,0.0,0.0,0.4635291878977073,0.37760351116826457
P3,R01,training,28,187,0,0.0,0.0,0.4635291878977073,0.3754739694903693
P3,R01,training,28,188,0,0.0,0.0,0.4635291878977073,0.373327710165732
P3,R01,training,28,189,0,0.0,0.0,0.4635291878977073,0.37116515809334727
P3,R01,training,28,190,0,0.0,0.0,0.4635291878977073,0.36898673947724603
P3,R01,training,28,191,0,0.0,0.0,0.4635291878977073,0.366792881688144
P3,R01,training,28,192,0,0.0,0.0,0.39095136156156185,0.307498686288613
P3,R01,training,28,193,0,0.0,0.0,0.39095136156156185,0.3056233765013347
P3,R01,training,28,194,0,0.0,0.0,0.39095136156156185,0.3037361310597405
P3,R01,training,28,195,0,0.0,0.0,0.39095136156156185,0.30183731319427004
P3,R01,training,28,196,0,0.0,0.0,0.39095136156156185,0.2999272865414991
P3,R01,training,28,197,0,0.0,0.0,0.39095136156156185,0.29800641503003494
P3,R01,training,28,198,0,0.0,0.0,0.39095136156156185,0.29607506276701734
P3,R01,training,28,199,0,0.0,0.0,0.39095136156156185,0.294133593925273
P3,R01,training,28,200,0,0.0,0.0,0.39095136156156185,0.29218237263117264
P3,R01,training,28,201,0,0.0,0.0,0.39095136156156185,0.2902217628532362
P3,R01,training,28,202,0,0.0,0.0,0.39095136156156185,0.28825212829153385
P3,R01,training,28,203,0,0.0,0.0,0.39095136156156185,0.28627383226792746
P3,R01,training,28,204,0,0.0,0.0,0.39095136156156185,0.2842872376171979
P3,R01,training,28,205,0,0.0,0.0,0.39095136156156185,0.282292706579102
P3,R01,training,28,206,0,0.0,0.0,0.39095136156156185,0.28029060069140277
P3,R01,training,28,207,0,0.0,0.0,0.39095136156156185,0.27828128068391483
P3,R01,training,28,208,0,0.0,0.0,0.31945407828738737,0.22574167427640635
P3,R01,training,28,209,0,0.0,0.0,0.31945407828738737,0.22408891082739812
P3,R01,training,28,210,0,0.0,0.0,0.31945407828738737,0.22243113204324583
P3,R01,training,28,211,0,0.0,0.0,0.31945407828738737,0.22076862919463908
P3,R01,training,28,212,0,0.0,0.0,0.31945407828738737,0.2191016924728017
P3,R01,training,28,213,0,0.0,0.0,0.31945407828738737,0.2174306109085819
P3,R01,training,28,214,0,0.0,0.0,0.31945407828738737,0.2157556722925949
P3,R01,training,28,215,0,0.0,0.0,0.31945407828738737,0.21407716309644734
P3,R01,training,28,216,0,0.0,0.0,0.31945407828738737,0.21239536839507026
P3,R01,training,28,217,0,0.0,0.0,0.31945407828738737,0.21071057179018923
P3,R01,training,28,218,0,0.0,0.0,0.31945407828738737,0.20902305533495674
P3,R01,training,28,219,0,0.0,0.0,0.31945407828738737,0.20733309945977338
P3,R01,training,28,220,0,0.0,0.0,0.31945407828738737,0.20564098289932167
P3,R01,training,28,221,0,0.0,0.0,0.31945407828738737,0.20394698262083719
P3,R01,training,28,222,0,0.0,0.0,0.31945407828738737,0.2022513737536388
P3,R01,training,28,223,0,0.0,0.0,0.31945407828738737,0.20055442951994185
P3,R01,training,28,224,0,0.0,0.0,0.24972206922698745,0.15544906247280968
P3,R01,training,28,225,0,0.0,0.0,0.24972206922698745,0.15412108234743604
P3,R01,training,28,226,0,0.0,0.0,0.24972206922698745,0.15279268962136935
P3,R01,training,28,227,0,0.0,0.0,0.24972206922698745,0.15146409139304862
A,R02,training,05,0,0,0.0,0.0,0.0,0.0
A,R02,training,05,1,0,0.0,0.0,0.0,0.0
A,R02,training,05,2,0,0.0,0.0,0.0,0.0
A,R02,training,05,3,0,0.0,0.0,0.0,0.0
A,R02,training,05,4,0,0.0,0.0,0.0,0.0
A,R02,training,05,5,0,0.0,0.0,0.0,0.0
A,R02,training,05,6,0,0.0,0.0,0.0,0.0
A,R02,training,05,7,0,0.0,0.0,0.0,0.0
A,R02,training,05,8,0,0.0,0.0,0.0,0.0
A,R02,training,05,9,0,0.0,0.0,0.0,0.0
A,R02,training,05,10,0,0.0,0.0,0.0,0.0
A,R02,training,05,11,0,0.0,0.0,0.0,0.0
A,R02,training,05,12,0,0.0,0.0,0.0,0.0
A,R02,training,05,13,0,0.0,0.0,0.0,0.0
A,R02,training,05,14,0,0.0,0.0,0.0,0.0
A,R02,training,05,15,0,0.0,0.0,0.0,0.0
A,R02,training,05,16,0,0.0,0.0,0.0,0.0
A,R02,training,05,17,0,0.0,0.0,0.0,0.0
A,R02,training,05,18,0,0.0,0.0,0.0,0.0
A,R02,training,05,19,0,0.0,0.0,0.0,0.0
A,R02,training,05,20,0,0.0,0.0,0.0,0.0
A,R02,training,05,21,0,0.0,0.0,0.0,0.0
A,R02,training,05,22,0,0.0,0.0,0.0,0.0
A,R02,training,05,23,0,0.0,0.0,0.0,0.0
A,R02,training,05,24,0,0.0,0.0,0.0,0.0
A,R02,training,05,25,0,0.0,0.0,0.0,0.0
A,R02,training,05,26,0,0.0,0.0,0.0,0.0
A,R02,training,05,27,0,0.0,0.0,0.0,0.0
A,R02,training,05,28,0,0.0,0.0,0.0,0.0
A,R02,training,05,29,0,0.0,0.0,0.0,0.0
A,R02,training,05,30,0,0.0,0.0,0.0,0.0
A,R02,training,05,31,0,0.0,0.0,0.0,0.0
A,R02,training,05,32,0,0.0,0.0,0.0,0.0
A,R02,training,05,33,0,0.0,0.0,0.0,0.0
A,R02,training,05,34,0,0.0,0.0,0.0,0.0
A,R02,training,05,35,0,0.0,0.0,0.0,0.0
A,R02,training,05,36,0,0.0,0.0,0.0,0.0
A,R02,training,05,37,0,0.0,0.0,0.0,0.0
A,R02,training,05,38,0,0.0,0.0,0.0,0.0
A,R02,training,05,39,0,0.0,0.0,0.0,0.0
A,R02,training,05,40,0,0.0,0.0,0.0,0.0
A,R02,training,05,41,0,0.0,0.0,0.0,0.0
A,R02,training,05,42,0,0.0,0.0,0.0,0.0
A,R02,training,05,43,0,0.0,0.0,0.0,0.0
A,R02,training,05,44,0,0.0,0.0,0.0,0.0
A,R02,training,05,45,0,0.0,0.0,0.0,0.0
A,R02,training,05,46,0,0.0,0.0,0.0,0.0
A,R02,training,05,47,0,0.0,0.0,0.0,0.0
A,R02,training,05,48,0,0.0,0.0,0.0,0.0
A,R02,training,05,49,0,0.0,0.0,0.0,0.0
A,R02,training,05,50,0,0.0,0.0,0.0,0.0
A,R02,training,05,51,0,0.0,0.0,0.0,0.0
A,R02,training,05,52,0,0.0,0.0,0.0,0.0
A,R02,training,05,53,0,0.0,0.0,0.0,0.0
A,R02,training,05,54,0,0.0,0.0,0.0,0.0
A,R02,training,05,55,0,0.0,0.0,0.0,0.0
A,R02,training,05,56,0,0.0,0.0,0.0,0.0
A,R02,training,05,57,0,0.0,0.0,0.0,0.0
A,R02,training,05,58,0,0.0,0.0,0.0,0.0
A,R02,training,05,59,0,0.0,0.0,0.0,0.0
A,R02,training,05,60,0,0.0,0.0,0.0,0.0
A,R02,training,05,61,0,0.0,0.0,0.0,0.0
A,R02,training,05,62,0,0.0,0.0,0.0,0.0
A,R02,training,05,63,0,0.0,0.0,0.0,0.0
A,R02,training,05,64,0,0.0,0.0,0.0,0.0
A,R02,training,05,65,0,0.0,0.0,0.0,0.0
A,R02,training,05,66,0,0.0,0.0,0.0,0.0
A,R02,training,05,67,0,0.0,0.0,0.0,0.0
A,R02,training,05,68,0,0.0,0.0,0.0,0.0
A,R02,training,05,69,0,0.0,0.0,0.0,0.0
A,R02,training,05,70,0,0.0,0.0,0.0,0.0
A,R02,training,05,71,0,0.0,0.0,0.0,0.0
A,R02,training,05,72,0,0.0,0.0,0.0,0.0
A,R02,training,05,73,0,0.0,0.0,0.0,0.0
A,R02,training,05,74,0,0.0,0.0,0.0,0.0
A,R02,training,05,75,0,0.0,0.0,0.0,0.0
A,R02,training,05,76,0,0.0,0.0,0.0,0.0
A,R02,training,05,77,0,0.0,0.0,0.0,0.0
A,R02,training,05,78,0,0.0,0.0,0.0,0.0
A,R02,training,05,79,0,0.0,0.0,0.0,0.0
A,R02,training,05,80,0,0.0,0.0,0.0,0.0
A,R02,training,05,81,0,0.0,0.0,0.0,0.0
A,R02,training,05,82,0,0.0,0.0,0.0,0.0
A,R02,training,05,83,0,0.0,0.0,0.0,0.0
A,R02,training,05,84,0,0.0,0.0,0.0,0.0
A,R02,training,05,85,0,0.0,0.0,0.0,0.0
A,R02,training,05,86,0,0.0,0.0,0.0,0.0
A,R02,training,05,87,0,0.0,0.0,0.0,0.0
A,R02,training,05,88,0,0.0,0.0,0.0,0.0
A,R02,training,05,89,0,0.0,0.0,0.0,0.0
A,R02,training,05,90,0,0.0,0.0,0.0,0.0
A,R02,training,05,91,0,0.0,0.0,0.0,0.0
A,R02,training,05,92,0,0.0,0.0,0.0,0.0
A,R02,training,05,93,0,0.0,0.0,0.0,0.0
A,R02,training,05,94,0,0.0,0.0,0.0,0.0
A,R02,training,05,95,0,0.0,0.0,0.0,0.0
A,R02,training,05,96,0,0.0,0.0,0.0,0.0
A,R02,training,05,97,0,0.0,0.0,0.0,0.0
A,R02,training,05,98,0,0.0,0.0,0.0,0.0
A,R02,training,05,99,0,0.0,0.0,0.0,0.0
A,R02,training,05,100,0,0.0,0.0,0.0,0.0
A,R02,training,05,101,0,0.0,0.0,0.0,0.0
A,R02,training,05,102,0,0.0,0.0,0.0,0.0
A,R02,training,05,103,0,0.0,0.0,0.0,0.0
A,R02,training,05,104,0,0.0,0.0,0.0,0.0
A,R02,training,05,105,0,0.0,0.0,0.0,0.0
A,R02,training,05,106,0,0.0,0.0,0.0,0.0
A,R02,training,05,107,0,0.0,0.0,0.0,0.0
A,R02,training,05,108,0,0.0,0.0,0.0,0.0
A,R02,training,05,109,0,0.0,0.0,0.0,0.0
A,R02,training,05,110,0,0.0,0.0,0.0,0.0
A,R02,training,05,111,0,0.0,0.0,0.0,0.0
A,R02,training,05,112,0,0.0,0.0,0.0,0.0
A,R02,training,05,113,0,0.0,0.0,0.0,0.0
A,R02,training,05,114,0,0.0,0.0,0.0,0.0
A,R02,training,05,115,0,0.0,0.0,0.0,0.0
A,R02,training,05,116,0,0.0,0.0,0.0,0.0
A,R02,training,05,117,0,0.0,0.0,0.0,0.0
A,R02,training,05,118,0,0.0,0.0,0.0,0.0
A,R02,training,05,119,0,0.0,0.0,0.0,0.0
A,R02,training,05,120,0,0.0,0.0,0.0,0.0
A,R02,training,05,121,0,0.0,0.0,0.0,0.0
A,R02,training,05,122,0,0.0,0.0,0.0,0.0
A,R02,training,05,123,0,0.0,0.0,0.0,0.0
A,R02,training,05,124,0,0.0,0.0,0.0,0.0
A,R02,training,05,125,0,0.0,0.0,0.0,0.0
A,R02,training,05,126,0,0.0,0.0,0.0,0.0
A,R02,training,05,127,0,0.0,0.0,0.0,0.0
A,R02,training,05,128,0,0.0,0.0,0.0,0.0
A,R02,training,05,129,0,0.0,0.0,0.0,0.0
A,R02,training,05,130,0,0.0,0.0,0.0,0.0
A,R02,training,05,131,0,0.0,0.0,0.0,0.0
A,R02,training,05,132,0,0.0,0.0,0.0,0.0
A,R02,training,05,133,0,0.0,0.0,0.0,0.0
A,R02,training,05,134,0,0.0,0.0,0.0,0.0
A,R02,training,05,135,0,0.0,0.0,0.0,0.0
A,R02,training,05,136,0,0.0,0.0,0.0,0.0
A,R02,training,05,137,0,0.0,0.0,0.0,0.0
A,R02,training,05,138,0,0.0,0.0,0.0,0.0
A,R02,training,05,139,0,0.0,0.0,0.0,0.0
A,R02,training,05,140,0,0.0,0.0,0.0,0.0
A,R02,training,05,141,0,0.0,0.0,0.0,0.0
A,R02,training,05,142,0,0.0,0.0,0.0,0.0
A,R02,training,05,143,0,0.0,0.0,0.0,0.0
A,R02,training,05,144,0,0.0,0.0,0.0,0.0
A,R02,training,05,145,0,0.0,0.0,0.0,0.0
A,R02,training,05,146,0,0.0,0.0,0.0,0.0
A,R02,training,05,147,0,0.0,0.0,0.0,0.0
A,R02,training,05,148,0,0.0,0.0,0.0,0.0
A,R02,training,05,149,0,0.0,0.0,0.0,0.0
A,R02,training,05,150,0,0.0,0.0,0.0,0.0
A,R02,training,05,151,0,0.0,0.0,0.0,0.0
A,R02,training,05,152,0,0.0,0.0,0.0,0.0
A,R02,training,05,153,0,0.0,0.0,0.0,0.0
A,R02,training,05,154,0,0.0,0.0,0.0,0.0
A,R02,training,05,155,0,0.0,0.0,0.0,0.0
A,R02,training,05,156,0,0.0,0.0,0.0,0.0
A,R02,training,05,157,0,0.0,0.0,0.0,0.0
A,R02,training,05,158,0,0.0,0.0,0.0,0.0
A,R02,training,05,159,0,0.0,0.0,0.0,0.0
A,R02,training,05,160,0,0.0,0.0,0.0,0.0
A,R02,training,05,161,0,0.0,0.0,0.0,0.0
A,R02,training,05,162,0,0.0,0.0,0.0,0.0
A,R02,training,05,163,0,0.0,0.0,0.0,0.0
A,R02,training,05,164,0,0.0,0.0,0.0,0.0
A,R02,training,05,165,0,0.0,0.0,0.0,0.0
A,R02,training,05,166,0,0.0,0.0,0.0,0.0
A,R02,training,05,167,0,0.0,0.0,0.0,0.0
A,R02,training,05,168,0,0.0,0.0,0.0,0.0
A,R02,training,05,169,0,0.0,0.0,0.0,0.0
A,R02,training,05,170,0,0.0,0.0,0.0,0.0
A,R02,training,05,171,0,0.0,0.0,0.0,0.0
A,R02,training,05,172,0,0.0,0.0,0.0,0.0
A,R02,training,05,173,0,0.0,0.0,0.0,0.0
A,R02,training,05,174,0,0.0,0.0,0.0,0.0
A,R02,training,05,175,0,0.0,0.0,0.0,0.0
A,R02,training,05,176,0,0.0,0.0,0.0,0.0
A,R02,training,05,177,0,0.0,0.0,0.0,0.0
A,R02,training,05,178,0,0.0,0.0,0.0,0.0
A,R02,training,05,179,0,0.0,0.0,0.0,0.0
A,R02,training,05,180,0,0.0,0.0,0.0,0.0
A,R02,training,05,181,0,0.0,0.0,0.0,0.0
A,R02,training,05,182,0,0.0,0.0,0.0,0.0
A,R02,training,05,183,0,0.0,0.0,0.0,0.0
A,R02,training,05,184,0,0.0,0.0,0.0,0.0
A,R02,training,05,185,0,0.0,0.0,0.0,0.0
A,R02,training,05,186,0,0.0,0.0,0.0,0.0
A,R02,training,05,187,0,0.0,0.0,0.0,0.0
A,R02,training,05,188,0,0.0,0.0,0.0,0.0
A,R02,training,05,189,0,0.0,0.0,0.0,0.0
A,R02,training,05,190,0,0.0,0.0,0.0,0.0
A,R02,training,05,191,0,0.0,0.0,0.0,0.0
A,R02,training,05,192,0,0.0,0.0,0.0,0.0
A,R02,training,05,193,0,0.0,0.0,0.0,0.0
A,R02,training,05,194,0,0.0,0.0,0.0,0.0
A,R02,training,05,195,0,0.0,0.0,0.0,0.0
A,R02,training,05,196,0,0.0,0.0,0.0,0.0
A,R02,training,05,197,0,0.0,0.0,0.0,0.0
A,R02,training,05,198,0,0.0,0.0,0.0,0.0
A,R02,training,05,199,0,0.0,0.0,0.0,0.0
A,R02,training,05,200,0,0.0,0.0,0.0,0.0
A,R02,training,05,201,0,0.0,0.0,0.0,0.0
A,R02,training,05,202,0,0.0,0.0,0.0,0.0
A,R02,training,05,203,0,0.0,0.0,0.0,0.0
A,R02,training,05,204,0,0.0,0.0,0.0,0.0
A,R02,training,05,205,0,0.0,0.0,0.0,0.0
A,R02,training,05,206,0,0.0,0.0,0.0,0.0
A,R02,training,05,207,0,0.0,0.0,0.0,0.0
A,R02,training,05,208,0,0.0,0.0,0.0,0.0
A,R02,training,05,209,0,0.0,0.0,0.0,0.0
A,R02,training,05,210,0,0.0,0.0,0.0,0.0
A,R02,training,05,211,0,0.0,0.0,0.0,0.0
A,R02,training,05,212,0,0.0,0.0,0.0,0.0
A,R02,training,05,213,0,0.0,0.0,0.0,0.0
A,R02,training,05,214,0,0.0,0.0,0.0,0.0
A,R02,training,05,215,0,0.0,0.0,0.0,0.0
A,R02,training,05,216,0,0.0,0.0,0.0,0.0
A,R02,training,05,217,0,0.0,0.0,0.0,0.0
A,R02,training,05,218,0,0.0,0.0,0.0,0.0
A,R02,training,05,219,0,0.0,0.0,0.0,0.0
A,R02,training,05,220,0,0.0,0.0,0.0,0.0
A,R02,training,05,221,0,0.0,0.0,0.0,0.0
A,R02,training,05,222,0,0.0,0.0,0.0,0.0
A,R02,training,05,223,0,0.0,0.0,0.0,0.0
A,R02,training,05,224,0,0.0,0.0,0.0,0.0
A,R02,training,05,225,0,0.0,0.0,0.0,0.0
A,R02,training,05,226,0,0.0,0.0,0.0,0.0
A,R02,training,05,227,0,0.0,0.0,0.0,0.0
A,R02,training,05,228,0,0.0,0.0,0.0,0.0
A,R02,training,05,229,0,0.0,0.0,0.0,0.0
A,R02,training,05,230,0,0.0,0.0,0.0,0.0
A,R02,training,05,231,0,0.0,0.0,0.0,0.0
A,R02,training,05,232,0,0.0,0.0,0.0,0.0
A,R02,training,05,233,0,0.0,0.0,0.0,0.0
A,R02,training,05,234,0,0.0,0.0,0.0,0.0
A,R02,training,05,235,0,0.0,0.0,0.0,0.0
A,R02,training,05,236,0,0.0,0.0,0.0,0.0
A,R02,training,05,237,0,0.0,0.0,0.0,0.0
A,R02,training,05,238,0,0.0,0.0,0.0,0.0
A,R02,training,05,239,0,0.0,0.0,0.0,0.0
A,R02,training,05,240,0,0.0,0.0,0.0,0.0
A,R02,training,05,241,0,0.0,0.0,0.0,0.0
A,R02,training,05,242,0,0.0,0.0,0.0,0.0
A,R02,training,05,243,0,0.0,0.0,0.0,0.0
A,R02,training,05,244,0,0.0,0.0,0.0,0.0
A,R02,training,05,245,0,0.0,0.0,0.0,0.0
A,R02,training,05,246,0,0.0,0.0,0.0,0.0
A,R02,training,05,247,0,0.0,0.0,0.0,0.0
A,R02,training,05,248,0,0.0,0.0,0.0,0.0
A,R02,training,05,249,0,0.0,0.0,0.0,0.0
A,R02,training,05,250,0,0.0,0.0,0.0,0.0
A,R02,training,05,251,0,0.0,0.0,0.0,0.0
A,R02,training,05,252,0,0.0,0.0,0.0,0.0
A,R02,training,05,253,0,0.0,0.0,0.0,0.0
A,R02,training,05,254,0,0.0,0.0,0.0,0.0
A,R02,training,05,255,0,0.0,0.0,0.0,0.0
A,R02,training,05,256,0,0.0,0.0,0.0,0.0
A,R02,training,05,257,0,0.0,0.0,0.0,0.0
A,R02,training,05,258,0,0.0,0.0,0.0,0.0
A,R02,training,05,259,0,0.0,0.0,0.0,0.0
A,R02,training,05,260,0,0.0,0.0,0.0,0.0
A,R02,training,05,261,0,0.0,0.0,0.0,0.0
A,R02,training,05,262,0,0.0,0.0,0.0,0.0
A,R02,training,05,263,0,0.0,0.0,0.0,0.0
A,R02,training,05,264,0,0.0,0.0,0.0,0.0
A,R02,training,05,265,0,0.0,0.0,0.0,0.0
A,R02,training,05,266,0,0.0,0.0,0.0,0.0
A,R02,training,05,267,0,0.0,0.0,0.0,0.0
A,R02,training,05,268,0,0.0,0.0,0.0,0.0
A,R02,training,05,269,0,0.0,0.0,0.0,0.0
A,R02,training,05,270,0,0.0,0.0,0.0,0.0
A,R02,training,05,271,0,0.0,0.0,0.0,0.0
A,R02,training,05,272,0,0.0,0.0,0.0,0.0
A,R02,training,05,273,0,0.0,0.0,0.0,0.0
A,R02,training,05,274,0,0.0,0.0,0.0,0.0
A,R02,training,05,275,0,0.0,0.0,0.0,0.0
A,R02,training,05,276,0,0.0,0.0,0.0,0.0
A,R02,training,05,277,0,0.0,0.0,0.0,0.0
A,R02,training,05,278,0,0.0,0.0,0.0,0.0
A,R02,training,05,279,0,0.0,0.0,0.0,0.0
A,R02,training,05,280,0,0.0,0.0,0.0,0.0
A,R02,training,05,281,0,0.0,0.0,0.0,0.0
A,R02,training,05,282,0,0.0,0.0,0.0,0.0
A,R02,training,05,283,0,0.0,0.0,0.0,0.0
A,R02,training,05,284,0,0.0,0.0,0.0,0.0
A,R02,training,05,285,0,0.0,0.0,0.0,0.0
A,R02,training,05,286,0,0.0,0.0,0.0,0.0
A,R02,training,05,287,0,0.0,0.0,0.0,0.0
A,R02,training,05,288,0,0.0,0.0,0.0,0.0
A,R02,training,05,289,0,0.0,0.0,0.0,0.0
A,R02,training,05,290,0,0.0,0.0,0.0,0.0
A,R02,training,05,291,0,0.0,0.0,0.0,0.0
A,R02,training,05,292,0,0.0,0.0,0.0,0.0
A,R02,training,05,293,0,0.0,0.0,0.0,0.0
A,R02,training,05,294,0,0.0,0.0,0.0,0.0
A,R02,training,05,295,0,0.0,0.0,0.0,0.0
A,R02,training,05,296,0,0.0,0.0,0.0,0.0
A,R02,training,05,297,0,0.0,0.0,0.0,0.0
A,R02,training,05,298,0,0.0,0.0,0.0,0.0
A,R02,training,05,299,0,0.0,0.0,0.0,0.0
A,R02,training,05,300,0,0.0,0.0,0.0,0.0
A,R02,training,05,301,0,0.0,0.0,0.0,0.0
A,R02,training,05,302,0,0.0,0.0,0.0,0.0
A,R02,training,05,303,0,0.0,0.0,0.0,0.0
A,R02,training,05,304,0,0.0,0.0,0.0,0.0
A,R02,training,05,305,0,0.0,0.0,0.0,0.0
A,R02,training,05,306,0,0.0,0.0,0.0,0.0
A,R02,training,05,307,0,0.0,0.0,0.0,0.0
A,R02,training,05,308,0,0.0,0.0,0.0,0.0
A,R02,training,05,309,0,0.0,0.0,0.0,0.0
A,R02,training,05,310,0,0.0,0.0,0.0,0.0
A,R02,training,05,311,0,0.0,0.0,0.0,0.0
A,R02,training,05,312,0,0.0,0.0,0.0,0.0
A,R02,training,05,313,0,0.0,0.0,0.0,0.0
A,R02,training,05,314,0,0.0,0.0,0.0,0.0
A,R02,training,05,315,0,0.0,0.0,0.0,0.0
A,R02,training,05,316,0,0.0,0.0,0.0,0.0
A,R02,training,05,317,0,0.0,0.0,0.0,0.0
A,R02,training,05,318,0,0.0,0.0,0.0,0.0
A,R02,training,05,319,0,0.0,0.0,0.0,0.0
A,R02,training,05,320,0,0.0,0.0,0.0,0.0
A,R02,training,05,321,0,0.0,0.0,0.0,0.0
A,R02,training,05,322,0,0.0,0.0,0.0,0.0
A,R02,training,05,323,0,0.0,0.0,0.0,0.0
A,R02,training,05,324,0,0.0,0.0,0.0,0.0
A,R02,training,05,325,0,0.0,0.0,0.0,0.0
A,R02,training,05,326,0,0.0,0.0,0.0,0.0
A,R02,training,05,327,0,0.0,0.0,0.0,0.0
A,R02,training,05,328,0,0.0,0.0,0.0,0.0
A,R02,training,05,329,0,0.0,0.0,0.0,0.0
A,R02,training,05,330,0,0.0,0.0,0.0,0.0
A,R02,training,05,331,0,0.0,0.0,0.0,0.0
A,R02,training,05,332,0,0.0,0.0,0.0,0.0
A,R02,training,05,333,0,0.0,0.0,0.0,0.0
A,R02,training,05,334,0,0.0,0.0,0.0,0.0
A,R02,training,05,335,0,0.0,0.0,0.0,0.0
A,R02,training,05,336,0,0.0,0.0,0.0,0.0
A,R02,training,05,337,0,0.0,0.0,0.0,0.0
A,R02,training,05,338,0,0.0,0.0,0.0,0.0
A,R02,training,05,339,0,0.0,0.0,0.0,0.0
A,R02,training,05,340,0,0.0,0.0,0.0,0.0
A,R02,training,05,341,0,0.0,0.0,0.0,0.0
A,R02,training,05,342,0,0.0,0.0,0.0,0.0
A,R02,training,05,343,0,0.0,0.0,0.0,0.0
A,R02,training,05,344,0,0.0,0.0,0.0,0.0
A,R02,training,05,345,0,0.0,0.0,0.0,0.0
A,R02,training,05,346,0,0.0,0.0,0.0,0.0
A,R02,training,05,347,0,0.0,0.0,0.0,0.0
A,R02,training,05,348,0,0.0,0.0,0.0,0.0
A,R02,training,05,349,0,0.0,0.0,0.0,0.0
A,R02,training,05,350,0,0.0,0.0,0.0,0.0
A,R02,training,05,351,0,0.0,0.0,0.0,0.0
A,R02,training,05,352,0,0.0,0.0,0.0,0.0
A,R02,training,05,353,0,0.0,0.0,0.0,0.0
A,R02,training,05,354,0,0.0,0.0,0.0,0.0
A,R02,training,05,355,0,0.0,0.0,0.0,0.0
A,R02,training,05,356,0,0.0,0.0,0.0,0.0
A,R02,training,05,357,0,0.0,0.0,0.0,0.0
A,R02,training,05,358,0,0.0,0.0,0.0,0.0
A,R02,training,05,359,0,0.0,0.0,0.0,0.0
A,R02,training,05,360,0,0.0,0.0,0.0,0.0
A,R02,training,05,361,0,0.0,0.0,0.0,0.0
A,R02,training,05,362,0,0.0,0.0,0.0,0.0
A,R02,training,05,363,0,0.0,0.0,0.0,0.0
A,R02,training,05,364,0,0.0,0.0,0.0,0.0
A,R02,training,05,365,0,0.0,0.0,0.0,0.0
A,R02,training,05,366,0,0.0,0.0,0.0,0.0
A,R02,training,05,367,0,0.0,0.0,0.0,0.0
A,R02,training,05,368,0,0.0,0.0,0.0,0.0
A,R02,training,05,369,0,0.0,0.0,0.0,0.0
A,R02,training,05,370,0,0.0,0.0,0.0,0.0
A,R02,training,05,371,0,0.0,0.0,0.0,0.0
A,R02,training,05,372,0,0.0,0.0,0.0,0.0
A,R02,training,05,373,0,0.0,0.0,0.0,0.0
A,R02,training,05,374,0,0.0,0.0,0.0,0.0
A,R02,training,05,375,0,0.0,0.0,0.0,0.0
A,R02,training,05,376,0,0.0,0.0,0.0,0.0
A,R02,training,05,377,0,0.0,0.0,0.0,0.0
A,R02,training,05,378,0,0.0,0.0,0.0,0.0
A,R02,training,05,379,0,0.0,0.0,0.0,0.0
A,R02,training,05,380,0,0.0,0.0,0.0,0.0
A,R02,training,05,381,0,0.0,0.0,0.0,0.0
A,R02,training,05,382,0,0.0,0.0,0.0,0.0
A,R02,training,05,383,0,0.0,0.0,0.0,0.0
A,R02,training,05,384,0,0.0,0.0,0.0,0.0
A,R02,training,05,385,0,0.0,0.0,0.0,0.0
A,R02,training,05,386,0,0.0,0.0,0.0,0.0
A,R02,training,05,387,0,0.0,0.0,0.0,0.0
A,R02,training,05,388,0,0.0,0.0,0.0,0.0
A,R02,training,05,389,0,0.0,0.0,0.0,0.0
A,R02,training,05,390,0,0.0,0.0,0.0,0.0
A,R02,training,05,391,0,0.0,0.0,0.0,0.0
A,R02,training,05,392,0,0.0,0.0,0.0,0.0
A,R02,training,05,393,0,0.0,0.0,0.0,0.0
A,R02,training,05,394,0,0.0,0.0,0.0,0.0
A,R02,training,05,395,0,0.0,0.0,0.0,0.0
A,R02,training,05,396,0,0.0,0.0,0.0,0.0
A,R02,training,05,397,0,0.0,0.0,0.0,0.0
A,R02,training,05,398,0,0.0,0.0,0.0,0.0
A,R02,training,05,399,0,0.0,0.0,0.0,0.0
A,R02,training,05,400,0,0.0,0.0,0.0,0.0
A,R02,training,05,401,0,0.0,0.0,0.0,0.0
A,R02,training,05,402,0,0.0,0.0,0.0,0.0
A,R02,training,05,403,0,0.0,0.0,0.0,0.0
A,R02,training,05,404,0,0.0,0.0,0.0,0.0
A,R02,training,05,405,0,0.0,0.0,0.0,0.0
A,R02,training,05,406,0,0.0,0.0,0.0,0.0
A,R02,training,05,407,0,0.0,0.0,0.0,0.0
A,R02,training,05,408,0,0.0,0.0,0.0,0.0
A,R02,training,05,409,0,0.0,0.0,0.0,0.0
A,R02,training,05,410,0,0.0,0.0,0.0,0.0
A,R02,training,05,411,0,0.0,0.0,0.0,0.0
A,R02,training,05,412,0,0.0,0.0,0.0,0.0
A,R02,training,05,413,0,0.0,0.0,0.0,0.0
A,R02,training,05,414,0,0.0,0.0,0.0,0.0
A,R02,training,05,415,0,0.0,0.0,0.0,0.0
A,R02,training,05,416,0,0.0,0.0,0.0,0.0
A,R02,training,05,417,0,0.0,0.0,0.0,0.0
A,R02,training,05,418,0,0.0,0.0,0.0,0.0
A,R02,training,05,419,0,0.0,0.0,0.0,0.0
A,R02,training,05,420,0,0.0,0.0,0.0,0.0
A,R02,training,05,421,0,0.0,0.0,0.0,0.0
A,R02,training,05,422,0,0.0,0.0,0.0,0.0
A,R02,training,05,423,0,0.0,0.0,0.0,0.0
A,R02,training,05,424,0,0.0,0.0,0.0,0.0
A,R02,training,05,425,0,0.0,0.0,0.0,0.0
A,R02,training,05,426,0,0.0,0.0,0.0,0.0
A,R02,training,05,427,0,0.0,0.0,0.0,0.0
A,R02,training,05,428,0,0.0,0.0,0.0,0.0
A,R02,training,05,429,0,0.0,0.0,0.0,0.0
A,R02,training,05,430,0,0.0,0.0,0.0,0.0
A,R02,training,05,431,0,0.0,0.0,0.0,0.0
A,R02,training,05,432,0,0.0,0.0,0.0,0.0
A,R02,training,05,433,0,0.0,0.0,0.0,0.0
A,R02,training,05,434,0,0.0,0.0,0.0,0.0
A,R02,training,05,435,0,0.0,0.0,0.0,0.0
A,R02,training,05,436,0,0.0,0.0,0.0,0.0
A,R02,training,05,437,0,0.0,0.0,0.0,0.0
A,R02,training,05,438,0,0.0,0.0,0.0,0.0
A,R02,training,05,439,0,0.0,0.0,0.0,0.0
A,R02,training,05,440,0,0.0,0.0,0.0,0.0
A,R02,training,05,441,0,0.0,0.0,0.0,0.0
A,R02,training,05,442,0,0.0,0.0,0.0,0.0
A,R02,training,05,443,0,0.0,0.0,0.0,0.0
A,R02,training,05,444,0,0.0,0.0,0.0,0.0
A,R02,training,05,445,0,0.0,0.0,0.0,0.0
A,R02,training,05,446,0,0.0,0.0,0.0,0.0
A,R02,training,05,447,0,0.0,0.0,0.0,0.0
A,R02,training,05,448,0,0.0,0.0,0.0,0.0
A,R02,training,05,449,0,0.0,0.0,0.0,0.0
A,R02,training,05,450,0,0.0,0.0,0.0,0.0
A,R02,training,05,451,0,0.0,0.0,0.0,0.0
A,R02,training,05,452,0,0.0,0.0,0.0,0.0
A,R02,training,05,453,0,0.0,0.0,0.0,0.0
A,R02,training,05,454,0,0.0,0.0,0.0,0.0
A,R02,training,05,455,0,0.0,0.0,0.0,0.0
A,R02,training,05,456,0,0.0,0.0,0.0,0.0
A,R02,training,05,457,0,0.0,0.0,0.0,0.0
A,R02,training,05,458,0,0.0,0.0,0.0,0.0
A,R02,training,05,459,0,0.0,0.0,0.0,0.0
A,R02,training,05,460,0,0.0,0.0,0.0,0.0
A,R02,training,05,461,0,0.0,0.0,0.0,0.0
A,R02,training,05,462,0,0.0,0.0,0.0,0.0
A,R02,training,05,463,0,0.0,0.0,0.0,0.0
A,R02,training,05,464,0,0.0,0.0,0.0,0.0
A,R02,training,05,465,0,0.0,0.0,0.0,0.0
A,R02,training,05,466,0,0.0,0.0,0.0,0.0
A,R02,training,05,467,0,0.0,0.0,0.0,0.0
A,R02,training,05,468,0,0.0,0.0,0.0,0.0
A,R02,training,05,469,0,0.0,0.0,0.0,0.0
A,R02,training,05,470,0,0.0,0.0,0.0,0.0
A,R02,training,05,471,0,0.0,0.0,0.0,0.0
A,R02,training,05,472,0,0.0,0.0,0.0,0.0
A,R02,training,05,473,0,0.0,0.0,0.0,0.0
A,R02,training,05,474,0,0.0,0.0,0.0,0.0
A,R02,training,05,475,0,0.0,0.0,0.0,0.0
A,R02,training,05,476,0,0.0,0.0,0.0,0.0
A,R02,training,05,477,0,0.0,0.0,0.0,0.0
A,R02,training,05,478,0,0.0,0.0,0.0,0.0
A,R02,training,05,479,0,0.0,0.0,0.0,0.0
A,R02,training,05,480,0,0.0,0.0,0.0,0.0
A,R02,training,05,481,0,0.0,0.0,0.0,0.0
A,R02,training,05,482,0,0.0,0.0,0.0,0.0
A,R02,training,05,483,0,0.0,0.0,0.0,0.0
A,R02,training,05,484,0,0.0,0.0,0.0,0.0
A,R02,training,05,485,0,0.0,0.0,0.0,0.0
A,R02,training,05,486,0,0.0,0.0,0.0,0.0
A,R02,training,05,487,0,0.0,0.0,0.0,0.0
A,R02,training,05,488,0,0.0,0.0,0.0,0.0
A,R02,training,05,489,0,0.0,0.0,0.0,0.0
A,R02,training,05,490,0,0.0,0.0,0.0,0.0
A,R02,training,05,491,0,0.0,0.0,0.0,0.0
A,R02,training,05,492,0,0.0,0.0,0.0,0.0
A,R02,training,05,493,0,0.0,0.0,0.0,0.0
A,R02,training,05,494,0,0.0,0.0,0.0,0.0
A,R02,training,05,495,0,0.0,0.0,0.0,0.0
A,R02,training,05,496,0,0.0,0.0,0.0,0.0
A,R02,training,05,497,0,0.0,0.0,0.0,0.0
A,R02,training,05,498,0,0.0,0.0,0.0,0.0
A,R02,training,05,499,0,0.0,0.0,0.0,0.0
A,R02,training,05,500,0,0.0,0.0,0.0,0.0
A,R02,training,05,501,0,0.0,0.0,0.0,0.0
A,R02,training,05,502,0,0.0,0.0,0.0,0.0
A,R02,training,05,503,0,0.0,0.0,0.0,0.0
A,R02,training,05,504,0,0.0,0.0,0.0,0.0
A,R02,training,05,505,0,0.0,0.0,0.0,0.0
A,R02,training,05,506,0,0.0,0.0,0.0,0.0
A,R02,training,05,507,0,0.0,0.0,0.0,0.0
A,R02,training,05,508,0,0.0,0.0,0.0,0.0
A,R02,training,05,509,0,0.0,0.0,0.0,0.0
A,R02,training,05,510,0,0.0,0.0,0.0,0.0
A,R02,training,05,511,0,0.0,0.0,0.0,0.0
A,R02,training,05,512,0,0.0,0.0,0.0,0.0
A,R02,training,05,513,0,0.0,0.0,0.0,0.0
A,R02,training,05,514,0,0.0,0.0,0.0,0.0
A,R02,training,05,515,0,0.0,0.0,0.0,0.0
A,R02,training,05,516,0,0.0,0.0,0.0,0.0
A,R02,training,05,517,0,0.0,0.0,0.0,0.0
A,R02,training,05,518,0,0.0,0.0,0.0,0.0
A,R02,training,05,519,0,0.0,0.0,0.0,0.0
A,R02,training,05,520,0,0.0,0.0,0.0,0.0
A,R02,training,05,521,0,0.0,0.0,0.0,0.0
A,R02,training,05,522,0,0.0,0.0,0.0,0.0
A,R02,training,05,523,0,0.0,0.0,0.0,0.0
A,R02,training,05,524,0,0.0,0.0,0.0,0.0
A,R02,training,05,525,0,0.0,0.0,0.0,0.0
A,R02,training,05,526,0,0.0,0.0,0.0,0.0
A,R02,training,05,527,0,0.0,0.0,0.0,0.0
A,R02,training,05,528,0,0.0,0.0,0.0,0.0
A,R02,training,05,529,0,0.0,0.0,0.0,0.0
A,R02,training,05,530,0,0.0,0.0,0.0,0.0
A,R02,training,05,531,0,0.0,0.0,0.0,0.0
A,R02,training,05,532,0,0.0,0.0,0.0,0.0
A,R02,training,05,533,0,0.0,0.0,0.0,0.0
A,R02,training,05,534,0,0.0,0.0,0.0,0.0
A,R02,training,05,535,0,0.0,0.0,0.0,0.0
A,R02,training,05,536,0,0.0,0.0,0.0,0.0
A,R02,training,05,537,0,0.0,0.0,0.0,0.0
A,R02,training,05,538,0,0.0,0.0,0.0,0.0
A,R02,training,05,539,0,0.0,0.0,0.0,0.0
A,R02,training,05,540,0,0.0,0.0,0.0,0.0
A,R02,training,05,541,0,0.0,0.0,0.0,0.0
A,R02,training,05,542,0,0.0,0.0,0.0,0.0
A,R02,training,05,543,0,0.0,0.0,0.0,0.0
A,R02,training,05,544,0,0.0,0.0,0.0,0.0
A,R02,training,05,545,0,0.0,0.0,0.0,0.0
A,R02,training,05,546,0,0.0,0.0,0.0,0.0
A,R02,training,05,547,0,0.0,0.0,0.0,0.0
A,R02,training,05,548,0,0.0,0.0,0.0,0.0
A,R02,training,05,549,0,0.0,0.0,0.0,0.0
A,R02,training,05,550,0,0.0,0.0,0.0,0.0
A,R02,training,05,551,0,0.0,0.0,0.0,0.0
A,R02,training,05,552,0,0.0,0.0,0.0,0.0
A,R02,training,05,553,0,0.0,0.0,0.0,0.0
A,R02,training,05,554,0,0.0,0.0,0.0,0.0
A,R02,training,05,555,0,0.0,0.0,0.0,0.0
A,R02,training,05,556,0,0.0,0.0,0.0,0.0
A,R02,training,05,557,0,0.0,0.0,0.0,0.0
A,R02,training,05,558,0,0.0,0.0,0.0,0.0
A,R02,training,05,559,0,0.0,0.0,0.0,0.0
A,R02,training,05,560,0,0.0,0.0,0.0,0.0
A,R02,training,05,561,0,0.0,0.0,0.0,0.0
A,R02,training,05,562,0,0.0,0.0,0.0,0.0
A,R02,training,05,563,0,0.0,0.0,0.0,0.0
A,R02,training,05,564,0,0.0,0.0,0.0,0.0
A,R02,training,05,565,0,0.0,0.0,0.0,0.0
A,R02,training,05,566,0,0.0,0.0,0.0,0.0
A,R02,training,05,567,0,0.0,0.0,0.0,0.0
A,R02,training,05,568,0,0.0,0.0,0.0,0.0
A,R02,training,05,569,0,0.0,0.0,0.0,0.0
A,R02,training,05,570,0,0.0,0.0,0.0,0.0
A,R02,training,05,571,0,0.0,0.0,0.0,0.0
A,R02,training,05,572,0,0.0,0.0,0.0,0.0
A,R02,training,05,573,0,0.0,0.0,0.0,0.0
A,R02,training,05,574,0,0.0,0.0,0.0,0.0
A,R02,training,05,575,0,0.0,0.0,0.0,0.0
A,R02,training,05,576,0,0.0,0.0,0.0,0.0
A,R02,training,05,577,0,0.0,0.0,0.0,0.0
A,R02,training,05,578,0,0.0,0.0,0.0,0.0
A,R02,training,05,579,0,0.0,0.0,0.0,0.0
A,R02,training,05,580,0,0.0,0.0,0.0,0.0
A,R02,training,05,581,0,0.0,0.0,0.0,0.0
A,R02,training,05,582,0,0.0,0.0,0.0,0.0
A,R02,training,05,583,0,0.0,0.0,0.0,0.0
A,R02,training,05,584,0,0.0,0.0,0.0,0.0
A,R02,training,05,585,0,0.0,0.0,0.0,0.0
A,R02,training,05,586,0,0.0,0.0,0.0,0.0
A,R02,training,05,587,0,0.0,0.0,0.0,0.0
A,R02,training,05,588,0,0.0,0.0,0.0,0.0
A,R02,training,05,589,0,0.0,0.0,0.0,0.0
A,R02,training,05,590,0,0.0,0.0,0.0,0.0
A,R02,training,05,591,0,0.0,0.0,0.0,0.0
A,R02,training,05,592,0,0.0,0.0,0.0,0.0
A,R02,training,05,593,0,0.0,0.0,0.0,0.0
A,R02,training,05,594,0,0.0,0.0,0.0,0.0
A,R02,training,05,595,0,0.0,0.0,0.0,0.0
A,R02,training,05,596,0,0.0,0.0,0.0,0.0
A,R02,training,05,597,0,0.0,0.0,0.0,0.0
A,R02,training,05,598,0,0.0,0.0,0.0,0.0
A,R02,training,05,599,0,0.0,0.0,0.0,0.0
A,R02,training,05,600,0,0.0,0.0,0.0,0.0
A,R02,training,05,601,0,0.0,0.0,0.0,0.0
B,R02,training,05,0,0,0.0,0.0,0.0,0.0
B,R02,training,05,1,0,0.0,0.0,0.0,0.0
B,R02,training,05,2,0,0.0,0.0,0.0,0.0
B,R02,training,05,3,0,0.0,0.0,0.0,0.0
B,R02,training,05,4,0,0.0,0.0,0.0,0.0
B,R02,training,05,5,0,0.0,0.0,0.0,0.0
B,R02,training,05,6,0,0.0,0.0,0.0,0.0
B,R02,training,05,7,0,0.0,0.0,0.0,0.0
B,R02,training,05,8,0,0.0,0.0,0.0,0.0
B,R02,training,05,9,0,0.0,0.0,0.0,0.0
B,R02,training,05,10,0,0.0,0.0,0.0,0.0
B,R02,training,05,11,0,0.0,0.0,0.0,0.0
B,R02,training,05,12,0,0.0,0.0,0.0,0.0
B,R02,training,05,13,0,0.0,0.0,0.0,0.0
B,R02,training,05,14,0,0.0,0.0,0.0,0.0
B,R02,training,05,15,0,0.0,0.0,0.0,0.0
B,R02,training,05,16,0,0.0,0.0,0.0,0.0
B,R02,training,05,17,0,0.0,0.0,0.0,0.0
B,R02,training,05,18,0,0.0,0.0,0.0,0.0
B,R02,training,05,19,0,0.0,0.0,0.0,0.0
B,R02,training,05,20,0,0.0,0.0,0.0,0.0
B,R02,training,05,21,0,0.0,0.0,0.0,0.0
B,R02,training,05,22,0,0.0,0.0,0.0,0.0
B,R02,training,05,23,0,0.0,0.0,0.0,0.0
B,R02,training,05,24,0,0.0,0.0,0.0,0.0
B,R02,training,05,25,0,0.0,0.0,0.0,0.0
B,R02,training,05,26,0,0.0,0.0,0.0,0.0
B,R02,training,05,27,0,0.0,0.0,0.0,0.0
B,R02,training,05,28,0,0.0,0.0,0.0,0.0
B,R02,training,05,29,0,0.0,0.0,0.0,0.0
B,R02,training,05,30,0,0.0,0.0,0.0,0.0
B,R02,training,05,31,0,0.0,0.0,0.0,0.0
B,R02,training,05,32,0,0.0,0.0,0.0,0.0
B,R02,training,05,33,0,0.0,0.0,0.0,0.0
B,R02,training,05,34,0,0.0,0.0,0.0,0.0
B,R02,training,05,35,0,0.0,0.0,0.0,0.0
B,R02,training,05,36,0,0.0,0.0,0.0,0.0
B,R02,training,05,37,0,0.0,0.0,0.0,0.0
B,R02,training,05,38,0,0.0,0.0,0.0,0.0
B,R02,training,05,39,0,0.0,0.0,0.0,0.0
B,R02,training,05,40,0,0.0,0.0,0.0,0.0
B,R02,training,05,41,0,0.0,0.0,0.0,0.0
B,R02,training,05,42,0,0.0,0.0,0.0,0.0
B,R02,training,05,43,0,0.0,0.0,0.0,0.0
B,R02,training,05,44,0,0.0,0.0,0.0,0.0
B,R02,training,05,45,0,0.0,0.0,0.0,0.0
B,R02,training,05,46,0,0.0,0.0,0.0,0.0
B,R02,training,05,47,0,0.0,0.0,0.0,0.0
B,R02,training,05,48,0,0.0,0.0,0.0,0.0
B,R02,training,05,49,0,0.0,0.0,0.0,0.0
B,R02,training,05,50,0,0.0,0.0,0.0,0.0
B,R02,training,05,51,0,0.0,0.0,0.0,0.0
B,R02,training,05,52,0,0.0,0.0,0.0,0.0
B,R02,training,05,53,0,0.0,0.0,0.0,0.0
B,R02,training,05,54,0,0.0,0.0,0.0,0.0
B,R02,training,05,55,0,0.0,0.0,0.0,0.0
B,R02,training,05,56,0,0.0,0.0,0.0,0.0
B,R02,training,05,57,0,0.0,0.0,0.0,0.0
B,R02,training,05,58,0,0.0,0.0,0.0,0.0
B,R02,training,05,59,0,0.0,0.0,0.0,0.0
B,R02,training,05,60,0,0.0,0.0,0.0,0.0
B,R02,training,05,61,0,0.0,0.0,0.0,0.0
B,R02,training,05,62,0,0.0,0.0,0.0,0.0
B,R02,training,05,63,0,0.0,0.0,0.0,0.0
B,R02,training,05,64,0,0.0,0.0,0.0,0.0
B,R02,training,05,65,0,0.0,0.0,0.0,0.0
B,R02,training,05,66,0,0.0,0.0,0.0,0.0
B,R02,training,05,67,0,0.0,0.0,0.0,0.0
B,R02,training,05,68,0,0.0,0.0,0.0,0.0
B,R02,training,05,69,0,0.0,0.0,0.0,0.0
B,R02,training,05,70,0,0.0,0.0,0.0,0.0
B,R02,training,05,71,0,0.0,0.0,0.0,0.0
B,R02,training,05,72,0,0.0,0.0,0.0,0.0
B,R02,training,05,73,0,0.0,0.0,0.0,0.0
B,R02,training,05,74,0,0.0,0.0,0.0,0.0
B,R02,training,05,75,0,0.0,0.0,0.0,0.0
B,R02,training,05,76,0,0.0,0.0,0.0,0.0
B,R02,training,05,77,0,0.0,0.0,0.0,0.0
B,R02,training,05,78,0,0.0,0.0,0.0,0.0
B,R02,training,05,79,0,0.0,0.0,0.0,0.0
B,R02,training,05,80,0,0.0,0.0,0.0,0.0
B,R02,training,05,81,0,0.0,0.0,0.0,0.0
B,R02,training,05,82,0,0.0,0.0,0.0,0.0
B,R02,training,05,83,0,0.0,0.0,0.0,0.0
B,R02,training,05,84,0,0.0,0.0,0.0,0.0
B,R02,training,05,85,0,0.0,0.0,0.0,0.0
B,R02,training,05,86,0,0.0,0.0,0.0,0.0
B,R02,training,05,87,0,0.0,0.0,0.0,0.0
B,R02,training,05,88,0,0.0,0.0,0.0,0.0
B,R02,training,05,89,0,0.0,0.0,0.0,0.0
B,R02,training,05,90,0,0.0,0.0,0.0,0.0
B,R02,training,05,91,0,0.0,0.0,0.0,0.0
B,R02,training,05,92,0,0.0,0.0,0.0,0.0
B,R02,training,05,93,0,0.0,0.0,0.0,0.0
B,R02,training,05,94,0,0.0,0.0,0.0,0.0
B,R02,training,05,95,0,0.0,0.0,0.0,0.0
B,R02,training,05,96,0,0.0,0.0,0.0,0.0
B,R02,training,05,97,0,0.0,0.0,0.0,0.0
B,R02,training,05,98,0,0.0,0.0,0.0,0.0
B,R02,training,05,99,0,0.0,0.0,0.0,0.0
B,R02,training,05,100,0,0.0,0.0,0.0,0.0
B,R02,training,05,101,0,0.0,0.0,0.0,0.0
B,R02,training,05,102,0,0.0,0.0,0.0,0.0
B,R02,training,05,103,0,0.0,0.0,0.0,0.0
B,R02,training,05,104,0,0.0,0.0,0.0,0.0
B,R02,training,05,105,0,0.0,0.0,0.0,0.0
B,R02,training,05,106,0,0.0,0.0,0.0,0.0
B,R02,training,05,107,0,0.0,0.0,0.0,0.0
B,R02,training,05,108,0,0.0,0.0,0.0,0.0
B,R02,training,05,109,0,0.0,0.0,0.0,0.0
B,R02,training,05,110,0,0.0,0.0,0.0,0.0
B,R02,training,05,111,0,0.0,0.0,0.0,0.0
B,R02,training,05,112,0,0.0,0.0,0.0,0.0
B,R02,training,05,113,0,0.0,0.0,0.0,0.0
B,R02,training,05,114,0,0.0,0.0,0.0,0.0
B,R02,training,05,115,0,0.0,0.0,0.0,0.0
B,R02,training,05,116,0,0.0,0.0,0.0,0.0
B,R02,training,05,117,0,0.0,0.0,0.0,0.0
B,R02,training,05,118,0,0.0,0.0,0.0,0.0
B,R02,training,05,119,0,0.0,0.0,0.0,0.0
B,R02,training,05,120,0,0.0,0.0,0.0,0.0
B,R02,training,05,121,0,0.0,0.0,0.0,0.0
B,R02,training,05,122,0,0.0,0.0,0.0,0.0
B,R02,training,05,123,0,0.0,0.0,0.0,0.0
B,R02,training,05,124,0,0.0,0.0,0.0,0.0
B,R02,training,05,125,0,0.0,0.0,0.0,0.0
B,R02,training,05,126,0,0.0,0.0,0.0,0.0
B,R02,training,05,127,0,0.0,0.0,0.0,0.0
B,R02,training,05,128,0,0.0,0.0,0.0,0.0
B,R02,training,05,129,0,0.0,0.0,0.0,0.0
B,R02,training,05,130,0,0.0,0.0,0.0,0.0
B,R02,training,05,131,0,0.0,0.0,0.0,0.0
B,R02,training,05,132,0,0.0,0.0,0.0,0.0
B,R02,training,05,133,0,0.0,0.0,0.0,0.0
B,R02,training,05,134,0,0.0,0.0,0.0,0.0
B,R02,training,05,135,0,0.0,0.0,0.0,0.0
B,R02,training,05,136,0,0.0,0.0,0.0,0.0
B,R02,training,05,137,0,0.0,0.0,0.0,0.0
B,R02,training,05,138,0,0.0,0.0,0.0,0.0
B,R02,training,05,139,0,0.0,0.0,0.0,0.0
B,R02,training,05,140,0,0.0,0.0,0.0,0.0
B,R02,training,05,141,0,0.0,0.0,0.0,0.0
B,R02,training,05,142,0,0.0,0.0,0.0,0.0
B,R02,training,05,143,0,0.0,0.0,0.0,0.0
B,R02,training,05,144,0,0.0,0.0,0.0,0.0
B,R02,training,05,145,0,0.0,0.0,0.0,0.0
B,R02,training,05,146,0,0.0,0.0,0.0,0.0
B,R02,training,05,147,0,0.0,0.0,0.0,0.0
B,R02,training,05,148,0,0.0,0.0,0.0,0.0
B,R02,training,05,149,0,0.0,0.0,0.0,0.0
B,R02,training,05,150,0,0.0,0.0,0.0,0.0
B,R02,training,05,151,0,0.0,0.0,0.0,0.0
B,R02,training,05,152,0,0.0,0.0,0.0,0.0
B,R02,training,05,153,0,0.0,0.0,0.0,0.0
B,R02,training,05,154,0,0.0,0.0,0.0,0.0
B,R02,training,05,155,0,0.0,0.0,0.0,0.0
B,R02,training,05,156,0,0.0,0.0,0.0,0.0
B,R02,training,05,157,0,0.0,0.0,0.0,0.0
B,R02,training,05,158,0,0.0,0.0,0.0,0.0
B,R02,training,05,159,0,0.0,0.0,0.0,0.0
B,R02,training,05,160,0,0.0,0.0,0.0,0.0
B,R02,training,05,161,0,0.0,0.0,0.0,0.0
B,R02,training,05,162,0,0.0,0.0,0.0,0.0
B,R02,training,05,163,0,0.0,0.0,0.0,0.0
B,R02,training,05,164,0,0.0,0.0,0.0,0.0
B,R02,training,05,165,0,0.0,0.0,0.0,0.0
B,R02,training,05,166,0,0.0,0.0,0.0,0.0
B,R02,training,05,167,0,0.0,0.0,0.0,0.0
B,R02,training,05,168,0,0.0,0.0,0.0,0.0
B,R02,training,05,169,0,0.0,0.0,0.0,0.0
B,R02,training,05,170,0,0.0,0.0,0.0,0.0
B,R02,training,05,171,0,0.0,0.0,0.0,0.0
B,R02,training,05,172,0,0.0,0.0,0.0,0.0
B,R02,training,05,173,0,0.0,0.0,0.0,0.0
B,R02,training,05,174,0,0.0,0.0,0.0,0.0
B,R02,training,05,175,0,0.0,0.0,0.0,0.0
B,R02,training,05,176,0,0.0,0.0,0.0,0.0
B,R02,training,05,177,0,0.0,0.0,0.0,0.0
B,R02,training,05,178,0,0.0,0.0,0.0,0.0
B,R02,training,05,179,0,0.0,0.0,0.0,0.0
B,R02,training,05,180,0,0.0,0.0,0.0,0.0
B,R02,training,05,181,0,0.0,0.0,0.0,0.0
B,R02,training,05,182,0,0.0,0.0,0.0,0.0
B,R02,training,05,183,0,0.0,0.0,0.0,0.0
B,R02,training,05,184,0,0.0,0.0,0.0,0.0
B,R02,training,05,185,0,0.0,0.0,0.0,0.0
B,R02,training,05,186,0,0.0,0.0,0.0,0.0
B,R02,training,05,187,0,0.0,0.0,0.0,0.0
B,R02,training,05,188,0,0.0,0.0,0.0,0.0
B,R02,training,05,189,0,0.0,0.0,0.0,0.0
B,R02,training,05,190,0,0.0,0.0,0.0,0.0
B,R02,training,05,191,0,0.0,0.0,0.0,0.0
B,R02,training,05,192,0,0.0,0.0,0.0,0.0
B,R02,training,05,193,0,0.0,0.0,0.0,0.0
B,R02,training,05,194,0,0.0,0.0,0.0,0.0
B,R02,training,05,195,0,0.0,0.0,0.0,0.0
B,R02,training,05,196,0,0.0,0.0,0.0,0.0
B,R02,training,05,197,0,0.0,0.0,0.0,0.0
B,R02,training,05,198,0,0.0,0.0,0.0,0.0
B,R02,training,05,199,0,0.0,0.0,0.0,0.0
B,R02,training,05,200,0,0.0,0.0,0.0,0.0
B,R02,training,05,201,0,0.0,0.0,0.0,0.0
B,R02,training,05,202,0,0.0,0.0,0.0,0.0
B,R02,training,05,203,0,0.0,0.0,0.0,0.0
B,R02,training,05,204,0,0.0,0.0,0.0,0.0
B,R02,training,05,205,0,0.0,0.0,0.0,0.0
B,R02,training,05,206,0,0.0,0.0,0.0,0.0
B,R02,training,05,207,0,0.0,0.0,0.0,0.0
B,R02,training,05,208,0,0.0,0.0,0.0,0.0
B,R02,training,05,209,0,0.0,0.0,0.0,0.0
B,R02,training,05,210,0,0.0,0.0,0.0,0.0
B,R02,training,05,211,0,0.0,0.0,0.0,0.0
B,R02,training,05,212,0,0.0,0.0,0.0,0.0
B,R02,training,05,213,0,0.0,0.0,0.0,0.0
B,R02,training,05,214,0,0.0,0.0,0.0,0.0
B,R02,training,05,215,0,0.0,0.0,0.0,0.0
B,R02,training,05,216,0,0.0,0.0,0.0,0.0
B,R02,training,05,217,0,0.0,0.0,0.0,0.0
B,R02,training,05,218,0,0.0,0.0,0.0,0.0
B,R02,training,05,219,0,0.0,0.0,0.0,0.0
B,R02,training,05,220,0,0.0,0.0,0.0,0.0
B,R02,training,05,221,0,0.0,0.0,0.0,0.0
B,R02,training,05,222,0,0.0,0.0,0.0,0.0
B,R02,training,05,223,0,0.0,0.0,0.0,0.0
B,R02,training,05,224,0,0.0,0.0,0.0,0.0
B,R02,training,05,225,0,0.0,0.0,0.0,0.0
B,R02,training,05,226,0,0.0,0.0,0.0,0.0
B,R02,training,05,227,0,0.0,0.0,0.0,0.0
B,R02,training,05,228,0,0.0,0.0,0.0,0.0
B,R02,training,05,229,0,0.0,0.0,0.0,0.0
B,R02,training,05,230,0,0.0,0.0,0.0,0.0
B,R02,training,05,231,0,0.0,0.0,0.0,0.0
B,R02,training,05,232,0,0.0,0.0,0.0,0.0
B,R02,training,05,233,0,0.0,0.0,0.0,0.0
B,R02,training,05,234,0,0.0,0.0,0.0,0.0
B,R02,training,05,235,0,0.0,0.0,0.0,0.0
B,R02,training,05,236,0,0.0,0.0,0.0,0.0
B,R02,training,05,237,0,0.0,0.0,0.0,0.0
B,R02,training,05,238,0,0.0,0.0,0.0,0.0
B,R02,training,05,239,0,0.0,0.0,0.0,0.0
B,R02,training,05,240,0,0.0,0.0,0.0,0.0
B,R02,training,05,241,0,0.0,0.0,0.0,0.0
B,R02,training,05,242,0,0.0,0.0,0.0,0.0
B,R02,training,05,243,0,0.0,0.0,0.0,0.0
B,R02,training,05,244,0,0.0,0.0,0.0,0.0
B,R02,training,05,245,0,0.0,0.0,0.0,0.0
B,R02,training,05,246,0,0.0,0.0,0.0,0.0
B,R02,training,05,247,0,0.0,0.0,0.0,0.0
B,R02,training,05,248,0,0.0,0.0,0.0,0.0
B,R02,training,05,249,0,0.0,0.0,0.0,0.0
B,R02,training,05,250,0,0.0,0.0,0.0,0.0
B,R02,training,05,251,0,0.0,0.0,0.0,0.0
B,R02,training,05,252,0,0.0,0.0,0.0,0.0
B,R02,training,05,253,0,0.0,0.0,0.0,0.0
B,R02,training,05,254,0,0.0,0.0,0.0,0.0
B,R02,training,05,255,0,0.0,0.0,0.0,0.0
B,R02,training,05,256,0,0.0,0.0,0.0,0.0
B,R02,training,05,257,0,0.0,0.0,0.0,0.0
B,R02,training,05,258,0,0.0,0.0,0.0,0.0
B,R02,training,05,259,0,0.0,0.0,0.0,0.0
B,R02,training,05,260,0,0.0,0.0,0.0,0.0
B,R02,training,05,261,0,0.0,0.0,0.0,0.0
B,R02,training,05,262,0,0.0,0.0,0.0,0.0
B,R02,training,05,263,0,0.0,0.0,0.0,0.0
B,R02,training,05,264,0,0.0,0.0,0.0,0.0
B,R02,training,05,265,0,0.0,0.0,0.0,0.0
B,R02,training,05,266,0,0.0,0.0,0.0,0.0
B,R02,training,05,267,0,0.0,0.0,0.0,0.0
B,R02,training,05,268,0,0.0,0.0,0.0,0.0
B,R02,training,05,269,0,0.0,0.0,0.0,0.0
B,R02,training,05,270,0,0.0,0.0,0.0,0.0
B,R02,training,05,271,0,0.0,0.0,0.0,0.0
B,R02,training,05,272,0,0.0,0.0,0.0,0.0
B,R02,training,05,273,0,0.0,0.0,0.0,0.0
B,R02,training,05,274,0,0.0,0.0,0.0,0.0
B,R02,training,05,275,0,0.0,0.0,0.0,0.0
B,R02,training,05,276,0,0.0,0.0,0.0,0.0
B,R02,training,05,277,0,0.0,0.0,0.0,0.0
B,R02,training,05,278,0,0.0,0.0,0.0,0.0
B,R02,training,05,279,0,0.0,0.0,0.0,0.0
B,R02,training,05,280,0,0.0,0.0,0.0,0.0
B,R02,training,05,281,0,0.0,0.0,0.0,0.0
B,R02,training,05,282,0,0.0,0.0,0.0,0.0
B,R02,training,05,283,0,0.0,0.0,0.0,0.0
B,R02,training,05,284,0,0.0,0.0,0.0,0.0
B,R02,training,05,285,0,0.0,0.0,0.0,0.0
B,R02,training,05,286,0,0.0,0.0,0.0,0.0
B,R02,training,05,287,0,0.0,0.0,0.0,0.0
B,R02,training,05,288,0,0.0,0.0,0.0,0.0
B,R02,training,05,289,0,0.0,0.0,0.0,0.0
B,R02,training,05,290,0,0.0,0.0,0.0,0.0
B,R02,training,05,291,0,0.0,0.0,0.0,0.0
B,R02,training,05,292,0,0.0,0.0,0.0,0.0
B,R02,training,05,293,0,0.0,0.0,0.0,0.0
B,R02,training,05,294,0,0.0,0.0,0.0,0.0
B,R02,training,05,295,0,0.0,0.0,0.0,0.0
B,R02,training,05,296,0,0.0,0.0,0.0,0.0
B,R02,training,05,297,0,0.0,0.0,0.0,0.0
B,R02,training,05,298,0,0.0,0.0,0.0,0.0
B,R02,training,05,299,0,0.0,0.0,0.0,0.0
B,R02,training,05,300,0,0.0,0.0,0.0,0.0
B,R02,training,05,301,0,0.0,0.0,0.0,0.0
B,R02,training,05,302,0,0.0,0.0,0.0,0.0
B,R02,training,05,303,0,0.0,0.0,0.0,0.0
B,R02,training,05,304,0,0.0,0.0,0.0,0.0
B,R02,training,05,305,0,0.0,0.0,0.0,0.0
B,R02,training,05,306,0,0.0,0.0,0.0,0.0
B,R02,training,05,307,0,0.0,0.0,0.0,0.0
B,R02,training,05,308,0,0.0,0.0,0.0,0.0
B,R02,training,05,309,0,0.0,0.0,0.0,0.0
B,R02,training,05,310,0,0.0,0.0,0.0,0.0
B,R02,training,05,311,0,0.0,0.0,0.0,0.0
B,R02,training,05,312,0,0.0,0.0,0.0,0.0
B,R02,training,05,313,0,0.0,0.0,0.0,0.0
B,R02,training,05,314,0,0.0,0.0,0.0,0.0
B,R02,training,05,315,0,0.0,0.0,0.0,0.0
B,R02,training,05,316,0,0.0,0.0,0.0,0.0
B,R02,training,05,317,0,0.0,0.0,0.0,0.0
B,R02,training,05,318,0,0.0,0.0,0.0,0.0
B,R02,training,05,319,0,0.0,0.0,0.0,0.0
B,R02,training,05,320,0,0.0,0.0,0.0,0.0
B,R02,training,05,321,0,0.0,0.0,0.0,0.0
B,R02,training,05,322,0,0.0,0.0,0.0,0.0
B,R02,training,05,323,0,0.0,0.0,0.0,0.0
B,R02,training,05,324,0,0.0,0.0,0.0,0.0
B,R02,training,05,325,0,0.0,0.0,0.0,0.0
B,R02,training,05,326,0,0.0,0.0,0.0,0.0
B,R02,training,05,327,0,0.0,0.0,0.0,0.0
B,R02,training,05,328,0,0.0,0.0,0.0,0.0
B,R02,training,05,329,0,0.0,0.0,0.0,0.0
B,R02,training,05,330,0,0.0,0.0,0.0,0.0
B,R02,training,05,331,0,0.0,0.0,0.0,0.0
B,R02,training,05,332,0,0.0,0.0,0.0,0.0
B,R02,training,05,333,0,0.0,0.0,0.0,0.0
B,R02,training,05,334,0,0.0,0.0,0.0,0.0
B,R02,training,05,335,0,0.0,0.0,0.0,0.0
B,R02,training,05,336,0,0.0,0.0,0.0,0.0
B,R02,training,05,337,0,0.0,0.0,0.0,0.0
B,R02,training,05,338,0,0.0,0.0,0.0,0.0
B,R02,training,05,339,0,0.0,0.0,0.0,0.0
B,R02,training,05,340,0,0.0,0.0,0.0,0.0
B,R02,training,05,341,0,0.0,0.0,0.0,0.0
B,R02,training,05,342,0,0.0,0.0,0.0,0.0
B,R02,training,05,343,0,0.0,0.0,0.0,0.0
B,R02,training,05,344,0,0.0,0.0,0.0,0.0
B,R02,training,05,345,0,0.0,0.0,0.0,0.0
B,R02,training,05,346,0,0.0,0.0,0.0,0.0
B,R02,training,05,347,0,0.0,0.0,0.0,0.0
B,R02,training,05,348,0,0.0,0.0,0.0,0.0
B,R02,training,05,349,0,0.0,0.0,0.0,0.0
B,R02,training,05,350,0,0.0,0.0,0.0,0.0
B,R02,training,05,351,0,0.0,0.0,0.0,0.0
B,R02,training,05,352,0,0.0,0.0,0.0,0.0
B,R02,training,05,353,0,0.0,0.0,0.0,0.0
B,R02,training,05,354,0,0.0,0.0,0.0,0.0
B,R02,training,05,355,0,0.0,0.0,0.0,0.0
B,R02,training,05,356,0,0.0,0.0,0.0,0.0
B,R02,training,05,357,0,0.0,0.0,0.0,0.0
B,R02,training,05,358,0,0.0,0.0,0.0,0.0
B,R02,training,05,359,0,0.0,0.0,0.0,0.0
B,R02,training,05,360,0,0.0,0.0,0.0,0.0
B,R02,training,05,361,0,0.0,0.0,0.0,0.0
B,R02,training,05,362,0,0.0,0.0,0.0,0.0
B,R02,training,05,363,0,0.0,0.0,0.0,0.0
B,R02,training,05,364,0,0.0,0.0,0.0,0.0
B,R02,training,05,365,0,0.0,0.0,0.0,0.0
B,R02,training,05,366,0,0.0,0.0,0.0,0.0
B,R02,training,05,367,0,0.0,0.0,0.0,0.0
B,R02,training,05,368,0,0.0,0.0,0.0,0.0
B,R02,training,05,369,0,0.0,0.0,0.0,0.0
B,R02,training,05,370,0,0.0,0.0,0.0,0.0
B,R02,training,05,371,0,0.0,0.0,0.0,0.0
B,R02,training,05,372,0,0.0,0.0,0.0,0.0
B,R02,training,05,373,0,0.0,0.0,0.0,0.0
B,R02,training,05,374,0,0.0,0.0,0.0,0.0
B,R02,training,05,375,0,0.0,0.0,0.0,0.0
B,R02,training,05,376,0,0.0,0.0,0.0,0.0
B,R02,training,05,377,0,0.0,0.0,0.0,0.0
B,R02,training,05,378,0,0.0,0.0,0.0,0.0
B,R02,training,05,379,0,0.0,0.0,0.0,0.0
B,R02,training,05,380,0,0.0,0.0,0.0,0.0
B,R02,training,05,381,0,0.0,0.0,0.0,0.0
B,R02,training,05,382,0,0.0,0.0,0.0,0.0
B,R02,training,05,383,0,0.0,0.0,0.0,0.0
B,R02,training,05,384,0,0.0,0.0,0.0,0.0
B,R02,training,05,385,0,0.0,0.0,0.0,0.0
B,R02,training,05,386,0,0.0,0.0,0.0,0.0
B,R02,training,05,387,0,0.0,0.0,0.0,0.0
B,R02,training,05,388,0,0.0,0.0,0.0,0.0
B,R02,training,05,389,0,0.0,0.0,0.0,0.0
B,R02,training,05,390,0,0.0,0.0,0.0,0.0
B,R02,training,05,391,0,0.0,0.0,0.0,0.0
B,R02,training,05,392,0,0.0,0.0,0.0,0.0
B,R02,training,05,393,0,0.0,0.0,0.0,0.0
B,R02,training,05,394,0,0.0,0.0,0.0,0.0
B,R02,training,05,395,0,0.0,0.0,0.0,0.0
B,R02,training,05,396,0,0.0,0.0,0.0,0.0
B,R02,training,05,397,0,0.0,0.0,0.0,0.0
B,R02,training,05,398,0,0.0,0.0,0.0,0.0
B,R02,training,05,399,0,0.0,0.0,0.0,0.0
B,R02,training,05,400,0,0.0,0.0,0.0,0.0
B,R02,training,05,401,0,0.0,0.0,0.0,0.0
B,R02,training,05,402,0,0.0,0.0,0.0,0.0
B,R02,training,05,403,0,0.0,0.0,0.0,0.0
B,R02,training,05,404,0,0.0,0.0,0.0,0.0
B,R02,training,05,405,0,0.0,0.0,0.0,0.0
B,R02,training,05,406,0,0.0,0.0,0.0,0.0
B,R02,training,05,407,0,0.0,0.0,0.0,0.0
B,R02,training,05,408,0,0.0,0.0,0.0,0.0
B,R02,training,05,409,0,0.0,0.0,0.0,0.0
B,R02,training,05,410,0,0.0,0.0,0.0,0.0
B,R02,training,05,411,0,0.0,0.0,0.0,0.0
B,R02,training,05,412,0,0.0,0.0,0.0,0.0
B,R02,training,05,413,0,0.0,0.0,0.0,0.0
B,R02,training,05,414,0,0.0,0.0,0.0,0.0
B,R02,training,05,415,0,0.0,0.0,0.0,0.0
B,R02,training,05,416,0,0.0,0.0,0.0,0.0
B,R02,training,05,417,0,0.0,0.0,0.0,0.0
B,R02,training,05,418,0,0.0,0.0,0.0,0.0
B,R02,training,05,419,0,0.0,0.0,0.0,0.0
B,R02,training,05,420,0,0.0,0.0,0.0,0.0
B,R02,training,05,421,0,0.0,0.0,0.0,0.0
B,R02,training,05,422,0,0.0,0.0,0.0,0.0
B,R02,training,05,423,0,0.0,0.0,0.0,0.0
B,R02,training,05,424,0,0.0,0.0,0.0,0.0
B,R02,training,05,425,0,0.0,0.0,0.0,0.0
B,R02,training,05,426,0,0.0,0.0,0.0,0.0
B,R02,training,05,427,0,0.0,0.0,0.0,0.0
B,R02,training,05,428,0,0.0,0.0,0.0,0.0
B,R02,training,05,429,0,0.0,0.0,0.0,0.0
B,R02,training,05,430,0,0.0,0.0,0.0,0.0
B,R02,training,05,431,0,0.0,0.0,0.0,0.0
B,R02,training,05,432,0,0.0,0.0,0.0,0.0
B,R02,training,05,433,0,0.0,0.0,0.0,0.0
B,R02,training,05,434,0,0.0,0.0,0.0,0.0
B,R02,training,05,435,0,0.0,0.0,0.0,0.0
B,R02,training,05,436,0,0.0,0.0,0.0,0.0
B,R02,training,05,437,0,0.0,0.0,0.0,0.0
B,R02,training,05,438,0,0.0,0.0,0.0,0.0
B,R02,training,05,439,0,0.0,0.0,0.0,0.0
B,R02,training,05,440,0,0.0,0.0,0.0,0.0
B,R02,training,05,441,0,0.0,0.0,0.0,0.0
B,R02,training,05,442,0,0.0,0.0,0.0,0.0
B,R02,training,05,443,0,0.0,0.0,0.0,0.0
B,R02,training,05,444,0,0.0,0.0,0.0,0.0
B,R02,training,05,445,0,0.0,0.0,0.0,0.0
B,R02,training,05,446,0,0.0,0.0,0.0,0.0
B,R02,training,05,447,0,0.0,0.0,0.0,0.0
B,R02,training,05,448,0,0.0,0.0,0.0,0.0
B,R02,training,05,449,0,0.0,0.0,0.0,0.0
B,R02,training,05,450,0,0.0,0.0,0.0,0.0
B,R02,training,05,451,0,0.0,0.0,0.0,0.0
B,R02,training,05,452,0,0.0,0.0,0.0,0.0
B,R02,training,05,453,0,0.0,0.0,0.0,0.0
B,R02,training,05,454,0,0.0,0.0,0.0,0.0
B,R02,training,05,455,0,0.0,0.0,0.0,0.0
B,R02,training,05,456,0,0.0,0.0,0.0,0.0
B,R02,training,05,457,0,0.0,0.0,0.0,0.0
B,R02,training,05,458,0,0.0,0.0,0.0,0.0
B,R02,training,05,459,0,0.0,0.0,0.0,0.0
B,R02,training,05,460,0,0.0,0.0,0.0,0.0
B,R02,training,05,461,0,0.0,0.0,0.0,0.0
B,R02,training,05,462,0,0.0,0.0,0.0,0.0
B,R02,training,05,463,0,0.0,0.0,0.0,0.0
B,R02,training,05,464,0,0.0,0.0,0.0,0.0
B,R02,training,05,465,0,0.0,0.0,0.0,0.0
B,R02,training,05,466,0,0.0,0.0,0.0,0.0
B,R02,training,05,467,0,0.0,0.0,0.0,0.0
B,R02,training,05,468,0,0.0,0.0,0.0,0.0
B,R02,training,05,469,0,0.0,0.0,0.0,0.0
B,R02,training,05,470,0,0.0,0.0,0.0,0.0
B,R02,training,05,471,0,0.0,0.0,0.0,0.0
B,R02,training,05,472,0,0.0,0.0,0.0,0.0
B,R02,training,05,473,0,0.0,0.0,0.0,0.0
B,R02,training,05,474,0,0.0,0.0,0.0,0.0
B,R02,training,05,475,0,0.0,0.0,0.0,0.0
B,R02,training,05,476,0,0.0,0.0,0.0,0.0
B,R02,training,05,477,0,0.0,0.0,0.0,0.0
B,R02,training,05,478,0,0.0,0.0,0.0,0.0
B,R02,training,05,479,0,0.0,0.0,0.0,0.0
B,R02,training,05,480,0,0.0,0.0,0.0,0.0
B,R02,training,05,481,0,0.0,0.0,0.0,0.0
B,R02,training,05,482,0,0.0,0.0,0.0,0.0
B,R02,training,05,483,0,0.0,0.0,0.0,0.0
B,R02,training,05,484,0,0.0,0.0,0.0,0.0
B,R02,training,05,485,0,0.0,0.0,0.0,0.0
B,R02,training,05,486,0,0.0,0.0,0.0,0.0
B,R02,training,05,487,0,0.0,0.0,0.0,0.0
B,R02,training,05,488,0,0.0,0.0,0.0,0.0
B,R02,training,05,489,0,0.0,0.0,0.0,0.0
B,R02,training,05,490,0,0.0,0.0,0.0,0.0
B,R02,training,05,491,0,0.0,0.0,0.0,0.0
B,R02,training,05,492,0,0.0,0.0,0.0,0.0
B,R02,training,05,493,0,0.0,0.0,0.0,0.0
B,R02,training,05,494,0,0.0,0.0,0.0,0.0
B,R02,training,05,495,0,0.0,0.0,0.0,0.0
B,R02,training,05,496,0,0.0,0.0,0.0,0.0
B,R02,training,05,497,0,0.0,0.0,0.0,0.0
B,R02,training,05,498,0,0.0,0.0,0.0,0.0
B,R02,training,05,499,0,0.0,0.0,0.0,0.0
B,R02,training,05,500,0,0.0,0.0,0.0,0.0
B,R02,training,05,501,0,0.0,0.0,0.0,0.0
B,R02,training,05,502,0,0.0,0.0,0.0,0.0
B,R02,training,05,503,0,0.0,0.0,0.0,0.0
B,R02,training,05,504,0,0.0,0.0,0.0,0.0
B,R02,training,05,505,0,0.0,0.0,0.0,0.0
B,R02,training,05,506,0,0.0,0.0,0.0,0.0
B,R02,training,05,507,0,0.0,0.0,0.0,0.0
B,R02,training,05,508,0,0.0,0.0,0.0,0.0
B,R02,training,05,509,0,0.0,0.0,0.0,0.0
B,R02,training,05,510,0,0.0,0.0,0.0,0.0
B,R02,training,05,511,0,0.0,0.0,0.0,0.0
B,R02,training,05,512,0,0.0,0.0,0.0,0.0
B,R02,training,05,513,0,0.0,0.0,0.0,0.0
B,R02,training,05,514,0,0.0,0.0,0.0,0.0
B,R02,training,05,515,0,0.0,0.0,0.0,0.0
B,R02,training,05,516,0,0.0,0.0,0.0,0.0
B,R02,training,05,517,0,0.0,0.0,0.0,0.0
B,R02,training,05,518,0,0.0,0.0,0.0,0.0
B,R02,training,05,519,0,0.0,0.0,0.0,0.0
B,R02,training,05,520,0,0.0,0.0,0.0,0.0
B,R02,training,05,521,0,0.0,0.0,0.0,0.0
B,R02,training,05,522,0,0.0,0.0,0.0,0.0
B,R02,training,05,523,0,0.0,0.0,0.0,0.0
B,R02,training,05,524,0,0.0,0.0,0.0,0.0
B,R02,training,05,525,0,0.0,0.0,0.0,0.0
B,R02,training,05,526,0,0.0,0.0,0.0,0.0
B,R02,training,05,527,0,0.0,0.0,0.0,0.0
B,R02,training,05,528,0,0.0,0.0,0.0,0.0
B,R02,training,05,529,0,0.0,0.0,0.0,0.0
B,R02,training,05,530,0,0.0,0.0,0.0,0.0
B,R02,training,05,531,0,0.0,0.0,0.0,0.0
B,R02,training,05,532,0,0.0,0.0,0.0,0.0
B,R02,training,05,533,0,0.0,0.0,0.0,0.0
B,R02,training,05,534,0,0.0,0.0,0.0,0.0
B,R02,training,05,535,0,0.0,0.0,0.0,0.0
B,R02,training,05,536,0,0.0,0.0,0.0,0.0
B,R02,training,05,537,0,0.0,0.0,0.0,0.0
B,R02,training,05,538,0,0.0,0.0,0.0,0.0
B,R02,training,05,539,0,0.0,0.0,0.0,0.0
B,R02,training,05,540,0,0.0,0.0,0.0,0.0
B,R02,training,05,541,0,0.0,0.0,0.0,0.0
B,R02,training,05,542,0,0.0,0.0,0.0,0.0
B,R02,training,05,543,0,0.0,0.0,0.0,0.0
B,R02,training,05,544,0,0.0,0.0,0.0,0.0
B,R02,training,05,545,0,0.0,0.0,0.0,0.0
B,R02,training,05,546,0,0.0,0.0,0.0,0.0
B,R02,training,05,547,0,0.0,0.0,0.0,0.0
B,R02,training,05,548,0,0.0,0.0,0.0,0.0
B,R02,training,05,549,0,0.0,0.0,0.0,0.0
B,R02,training,05,550,0,0.0,0.0,0.0,0.0
B,R02,training,05,551,0,0.0,0.0,0.0,0.0
B,R02,training,05,552,0,0.0,0.0,0.0,0.0
B,R02,training,05,553,0,0.0,0.0,0.0,0.0
B,R02,training,05,554,0,0.0,0.0,0.0,0.0
B,R02,training,05,555,0,0.0,0.0,0.0,0.0
B,R02,training,05,556,0,0.0,0.0,0.0,0.0
B,R02,training,05,557,0,0.0,0.0,0.0,0.0
B,R02,training,05,558,0,0.0,0.0,0.0,0.0
B,R02,training,05,559,0,0.0,0.0,0.0,0.0
B,R02,training,05,560,0,0.0,0.0,0.0,0.0
B,R02,training,05,561,0,0.0,0.0,0.0,0.0
B,R02,training,05,562,0,0.0,0.0,0.0,0.0
B,R02,training,05,563,0,0.0,0.0,0.0,0.0
B,R02,training,05,564,0,0.0,0.0,0.0,0.0
B,R02,training,05,565,0,0.0,0.0,0.0,0.0
B,R02,training,05,566,0,0.0,0.0,0.0,0.0
B,R02,training,05,567,0,0.0,0.0,0.0,0.0
B,R02,training,05,568,0,0.0,0.0,0.0,0.0
B,R02,training,05,569,0,0.0,0.0,0.0,0.0
B,R02,training,05,570,0,0.0,0.0,0.0,0.0
B,R02,training,05,571,0,0.0,0.0,0.0,0.0
B,R02,training,05,572,0,0.0,0.0,0.0,0.0
B,R02,training,05,573,0,0.0,0.0,0.0,0.0
B,R02,training,05,574,0,0.0,0.0,0.0,0.0
B,R02,training,05,575,0,0.0,0.0,0.0,0.0
B,R02,training,05,576,0,0.0,0.0,0.0,0.0
B,R02,training,05,577,0,0.0,0.0,0.0,0.0
B,R02,training,05,578,0,0.0,0.0,0.0,0.0
B,R02,training,05,579,0,0.0,0.0,0.0,0.0
B,R02,training,05,580,0,0.0,0.0,0.0,0.0
B,R02,training,05,581,0,0.0,0.0,0.0,0.0
B,R02,training,05,582,0,0.0,0.0,0.0,0.0
B,R02,training,05,583,0,0.0,0.0,0.0,0.0
B,R02,training,05,584,0,0.0,0.0,0.0,0.0
B,R02,training,05,585,0,0.0,0.0,0.0,0.0
B,R02,training,05,586,0,0.0,0.0,0.0,0.0
B,R02,training,05,587,0,0.0,0.0,0.0,0.0
B,R02,training,05,588,0,0.0,0.0,0.0,0.0
B,R02,training,05,589,0,0.0,0.0,0.0,0.0
B,R02,training,05,590,0,0.0,0.0,0.0,0.0
B,R02,training,05,591,0,0.0,0.0,0.0,0.0
B,R02,training,05,592,0,0.0,0.0,0.0,0.0
B,R02,training,05,593,0,0.0,0.0,0.0,0.0
B,R02,training,05,594,0,0.0,0.0,0.0,0.0
B,R02,training,05,595,0,0.0,0.0,0.0,0.0
B,R02,training,05,596,0,0.0,0.0,0.0,0.0
B,R02,training,05,597,0,0.0,0.0,0.0,0.0
B,R02,training,05,598,0,0.0,0.0,0.0,0.0
B,R02,training,05,599,0,0.0,0.0,0.0,0.0
B,R02,training,05,600,0,0.0,0.0,0.0,0.0
B,R02,training,05,601,0,0.0,0.0,0.0,0.0
C,R02,training,05,0,0,0.0,0.0,0.0,0.0
C,R02,training,05,1,0,0.0,0.0,0.0,0.0
C,R02,training,05,2,0,0.0,0.0,0.0,0.0
C,R02,training,05,3,0,0.0,0.0,0.0,0.0
C,R02,training,05,4,0,0.0,0.0,0.0,0.0
C,R02,training,05,5,0,0.0,0.0,0.0,0.0
C,R02,training,05,6,0,0.0,0.0,0.0,0.0
C,R02,training,05,7,0,0.0,0.0,0.0,0.0
C,R02,training,05,8,0,0.0,0.0,0.0,0.0
C,R02,training,05,9,0,0.0,0.0,0.0,0.0
C,R02,training,05,10,0,0.0,0.0,0.0,0.0
C,R02,training,05,11,0,0.0,0.0,0.0,0.0
C,R02,training,05,12,0,0.0,0.0,0.0,0.0
C,R02,training,05,13,0,0.0,0.0,0.0,0.0
C,R02,training,05,14,0,0.0,0.0,0.0,0.0
C,R02,training,05,15,0,0.0,0.0,0.0,0.0
C,R02,training,05,16,0,0.0,0.0,0.0,0.0
C,R02,training,05,17,0,0.0,0.0,0.0,0.0
C,R02,training,05,18,0,0.0,0.0,0.0,0.0
C,R02,training,05,19,0,0.0,0.0,0.0,0.0
C,R02,training,05,20,0,0.0,0.0,0.0,0.0
C,R02,training,05,21,0,0.0,0.0,0.0,0.0
C,R02,training,05,22,0,0.0,0.0,0.0,0.0
C,R02,training,05,23,0,0.0,0.0,0.0,0.0
C,R02,training,05,24,0,0.0,0.0,0.0,0.0
C,R02,training,05,25,0,0.0,0.0,0.0,0.0
C,R02,training,05,26,0,0.0,0.0,0.0,0.0
C,R02,training,05,27,0,0.0,0.0,0.0,0.0
C,R02,training,05,28,0,0.0,0.0,0.0,0.0
C,R02,training,05,29,0,0.0,0.0,0.0,0.0
C,R02,training,05,30,0,0.0,0.0,0.0,0.0
C,R02,training,05,31,0,0.0,0.0,0.0,0.0
C,R02,training,05,32,0,0.0,0.0,0.0,0.0
C,R02,training,05,33,0,0.0,0.0,0.0,0.0
C,R02,training,05,34,0,0.0,0.0,0.0,0.0
C,R02,training,05,35,0,0.0,0.0,0.0,0.0
C,R02,training,05,36,0,0.0,0.0,0.0,0.0
C,R02,training,05,37,0,0.0,0.0,0.0,0.0
C,R02,training,05,38,0,0.0,0.0,0.0,0.0
C,R02,training,05,39,0,0.0,0.0,0.0,0.0
C,R02,training,05,40,0,0.0,0.0,0.0,0.0
C,R02,training,05,41,0,0.0,0.0,0.0,0.0
C,R02,training,05,42,0,0.0,0.0,0.0,0.0
C,R02,training,05,43,0,0.0,0.0,0.0,0.0
C,R02,training,05,44,0,0.0,0.0,0.0,0.0
C,R02,training,05,45,0,0.0,0.0,0.0,0.0
C,R02,training,05,46,0,0.0,0.0,0.0,0.0
C,R02,training,05,47,0,0.0,0.0,0.0,0.0
C,R02,training,05,48,0,0.0,0.0,0.0,0.0
C,R02,training,05,49,0,0.0,0.0,0.0,0.0
C,R02,training,05,50,0,0.0,0.0,0.0,0.0
C,R02,training,05,51,0,0.0,0.0,0.0,0.0
C,R02,training,05,52,0,0.0,0.0,0.0,0.0
C,R02,training,05,53,0,0.0,0.0,0.0,0.0
C,R02,training,05,54,0,0.0,0.0,0.0,0.0
C,R02,training,05,55,0,0.0,0.0,0.0,0.0
C,R02,training,05,56,0,0.0,0.0,0.0,0.0
C,R02,training,05,57,0,0.0,0.0,0.0,0.0
C,R02,training,05,58,0,0.0,0.0,0.0,0.0
C,R02,training,05,59,0,0.0,0.0,0.0,0.0
C,R02,training,05,60,0,0.0,0.0,0.0,0.0
C,R02,training,05,61,0,0.0,0.0,0.0,0.0
C,R02,training,05,62,0,0.0,0.0,0.0,0.0
C,R02,training,05,63,0,0.0,0.0,0.0,0.0
C,R02,training,05,64,0,0.0,0.0,0.0,0.0
C,R02,training,05,65,0,0.0,0.0,0.0,0.0
C,R02,training,05,66,0,0.0,0.0,0.0,0.0
C,R02,training,05,67,0,0.0,0.0,0.0,0.0
C,R02,training,05,68,0,0.0,0.0,0.0,0.0
C,R02,training,05,69,0,0.0,0.0,0.0,0.0
C,R02,training,05,70,0,0.0,0.0,0.0,0.0
C,R02,training,05,71,0,0.0,0.0,0.0,0.0
C,R02,training,05,72,0,0.0,0.0,0.0,0.0
C,R02,training,05,73,0,0.0,0.0,0.0,0.0
C,R02,training,05,74,0,0.0,0.0,0.0,0.0
C,R02,training,05,75,0,0.0,0.0,0.0,0.0
C,R02,training,05,76,0,0.0,0.0,0.0,0.0
C,R02,training,05,77,0,0.0,0.0,0.0,0.0
C,R02,training,05,78,0,0.0,0.0,0.0,0.0
C,R02,training,05,79,0,0.0,0.0,0.0,0.0
C,R02,training,05,80,0,0.0,0.0,0.0,0.0
C,R02,training,05,81,0,0.0,0.0,0.0,0.0
C,R02,training,05,82,0,0.0,0.0,0.0,0.0
C,R02,training,05,83,0,0.0,0.0,0.0,0.0
C,R02,training,05,84,0,0.0,0.0,0.0,0.0
C,R02,training,05,85,0,0.0,0.0,0.0,0.0
C,R02,training,05,86,0,0.0,0.0,0.0,0.0
C,R02,training,05,87,0,0.0,0.0,0.0,0.0
C,R02,training,05,88,0,0.0,0.0,0.0,0.0
C,R02,training,05,89,0,0.0,0.0,0.0,0.0
C,R02,training,05,90,0,0.0,0.0,0.0,0.0
C,R02,training,05,91,0,0.0,0.0,0.0,0.0
C,R02,training,05,92,0,0.0,0.0,0.0,0.0
C,R02,training,05,93,0,0.0,0.0,0.0,0.0
C,R02,training,05,94,0,0.0,0.0,0.0,0.0
C,R02,training,05,95,0,0.0,0.0,0.0,0.0
C,R02,training,05,96,0,0.0,0.0,0.0,0.0
C,R02,training,05,97,0,0.0,0.0,0.0,0.0
C,R02,training,05,98,0,0.0,0.0,0.0,0.0
C,R02,training,05,99,0,0.0,0.0,0.0,0.0
C,R02,training,05,100,0,0.0,0.0,0.0,0.0
C,R02,training,05,101,0,0.0,0.0,0.0,0.0
C,R02,training,05,102,0,0.0,0.0,0.0,0.0
C,R02,training,05,103,0,0.0,0.0,0.0,0.0
C,R02,training,05,104,0,0.0,0.0,0.0,0.0
C,R02,training,05,105,0,0.0,0.0,0.0,0.0
C,R02,training,05,106,0,0.0,0.0,0.0,0.0
C,R02,training,05,107,0,0.0,0.0,0.0,0.0
C,R02,training,05,108,0,0.0,0.0,0.0,0.0
C,R02,training,05,109,0,0.0,0.0,0.0,0.0
C,R02,training,05,110,0,0.0,0.0,0.0,0.0
C,R02,training,05,111,0,0.0,0.0,0.0,0.0
C,R02,training,05,112,0,0.0,0.0,0.0,0.0
C,R02,training,05,113,0,0.0,0.0,0.0,0.0
C,R02,training,05,114,0,0.0,0.0,0.0,0.0
C,R02,training,05,115,0,0.0,0.0,0.0,0.0
C,R02,training,05,116,0,0.0,0.0,0.0,0.0
C,R02,training,05,117,0,0.0,0.0,0.0,0.0
C,R02,training,05,118,0,0.0,0.0,0.0,0.0
C,R02,training,05,119,0,0.0,0.0,0.0,0.0
C,R02,training,05,120,0,0.0,0.0,0.0,0.0
C,R02,training,05,121,0,0.0,0.0,0.0,0.0
C,R02,training,05,122,0,0.0,0.0,0.0,0.0
C,R02,training,05,123,0,0.0,0.0,0.0,0.0
C,R02,training,05,124,0,0.0,0.0,0.0,0.0
C,R02,training,05,125,0,0.0,0.0,0.0,0.0
C,R02,training,05,126,0,0.0,0.0,0.0,0.0
C,R02,training,05,127,0,0.0,0.0,0.0,0.0
C,R02,training,05,128,0,0.0,0.0,0.0,0.0
C,R02,training,05,129,0,0.0,0.0,0.0,0.0
C,R02,training,05,130,0,0.0,0.0,0.0,0.0
C,R02,training,05,131,0,0.0,0.0,0.0,0.0
C,R02,training,05,132,0,0.0,0.0,0.0,0.0
C,R02,training,05,133,0,0.0,0.0,0.0,0.0
C,R02,training,05,134,0,0.0,0.0,0.0,0.0
C,R02,training,05,135,0,0.0,0.0,0.0,0.0
C,R02,training,05,136,0,0.0,0.0,0.0,0.0
C,R02,training,05,137,0,0.0,0.0,0.0,0.0
C,R02,training,05,138,0,0.0,0.0,0.0,0.0
C,R02,training,05,139,0,0.0,0.0,0.0,0.0
C,R02,training,05,140,0,0.0,0.0,0.0,0.0
C,R02,training,05,141,0,0.0,0.0,0.0,0.0
C,R02,training,05,142,0,0.0,0.0,0.0,0.0
C,R02,training,05,143,0,0.0,0.0,0.0,0.0
C,R02,training,05,144,0,0.0,0.0,0.0,0.0
C,R02,training,05,145,0,0.0,0.0,0.0,0.0
C,R02,training,05,146,0,0.0,0.0,0.0,0.0
C,R02,training,05,147,0,0.0,0.0,0.0,0.0
C,R02,training,05,148,0,0.0,0.0,0.0,0.0
C,R02,training,05,149,0,0.0,0.0,0.0,0.0
C,R02,training,05,150,0,0.0,0.0,0.0,0.0
C,R02,training,05,151,0,0.0,0.0,0.0,0.0
C,R02,training,05,152,0,0.0,0.0,0.0,0.0
C,R02,training,05,153,0,0.0,0.0,0.0,0.0
C,R02,training,05,154,0,0.0,0.0,0.0,0.0
C,R02,training,05,155,0,0.0,0.0,0.0,0.0
C,R02,training,05,156,0,0.0,0.0,0.0,0.0
C,R02,training,05,157,0,0.0,0.0,0.0,0.0
C,R02,training,05,158,0,0.0,0.0,0.0,0.0
C,R02,training,05,159,0,0.0,0.0,0.0,0.0
C,R02,training,05,160,0,0.0,0.0,0.0,0.0
C,R02,training,05,161,0,0.0,0.0,0.0,0.0
C,R02,training,05,162,0,0.0,0.0,0.0,0.0
C,R02,training,05,163,0,0.0,0.0,0.0,0.0
C,R02,training,05,164,0,0.0,0.0,0.0,0.0
C,R02,training,05,165,0,0.0,0.0,0.0,0.0
C,R02,training,05,166,0,0.0,0.0,0.0,0.0
C,R02,training,05,167,0,0.0,0.0,0.0,0.0
C,R02,training,05,168,0,0.0,0.0,0.0,0.0
C,R02,training,05,169,0,0.0,0.0,0.0,0.0
C,R02,training,05,170,0,0.0,0.0,0.0,0.0
C,R02,training,05,171,0,0.0,0.0,0.0,0.0
C,R02,training,05,172,0,0.0,0.0,0.0,0.0
C,R02,training,05,173,0,0.0,0.0,0.0,0.0
C,R02,training,05,174,0,0.0,0.0,0.0,0.0
C,R02,training,05,175,0,0.0,0.0,0.0,0.0
C,R02,training,05,176,0,0.0,0.0,0.0,0.0
C,R02,training,05,177,0,0.0,0.0,0.0,0.0
C,R02,training,05,178,0,0.0,0.0,0.0,0.0
C,R02,training,05,179,0,0.0,0.0,0.0,0.0
C,R02,training,05,180,0,0.0,0.0,0.0,0.0
C,R02,training,05,181,0,0.0,0.0,0.0,0.0
C,R02,training,05,182,0,0.0,0.0,0.0,0.0
C,R02,training,05,183,0,0.0,0.0,0.0,0.0
C,R02,training,05,184,0,0.0,0.0,0.0,0.0
C,R02,training,05,185,0,0.0,0.0,0.0,0.0
C,R02,training,05,186,0,0.0,0.0,0.0,0.0
C,R02,training,05,187,0,0.0,0.0,0.0,0.0
C,R02,training,05,188,0,0.0,0.0,0.0,0.0
C,R02,training,05,189,0,0.0,0.0,0.0,0.0
C,R02,training,05,190,0,0.0,0.0,0.0,0.0
C,R02,training,05,191,0,0.0,0.0,0.0,0.0
C,R02,training,05,192,0,0.0,0.0,0.0,0.0
C,R02,training,05,193,0,0.0,0.0,0.0,0.0
C,R02,training,05,194,0,0.0,0.0,0.0,0.0
C,R02,training,05,195,0,0.0,0.0,0.0,0.0
C,R02,training,05,196,0,0.0,0.0,0.0,0.0
C,R02,training,05,197,0,0.0,0.0,0.0,0.0
C,R02,training,05,198,0,0.0,0.0,0.0,0.0
C,R02,training,05,199,0,0.0,0.0,0.0,0.0
C,R02,training,05,200,0,0.0,0.0,0.0,0.0
C,R02,training,05,201,0,0.0,0.0,0.0,0.0
C,R02,training,05,202,0,0.0,0.0,0.0,0.0
C,R02,training,05,203,0,0.0,0.0,0.0,0.0
C,R02,training,05,204,0,0.0,0.0,0.0,0.0
C,R02,training,05,205,0,0.0,0.0,0.0,0.0
C,R02,training,05,206,0,0.0,0.0,0.0,0.0
C,R02,training,05,207,0,0.0,0.0,0.0,0.0
C,R02,training,05,208,0,0.0,0.0,0.0,0.0
C,R02,training,05,209,0,0.0,0.0,0.0,0.0
C,R02,training,05,210,0,0.0,0.0,0.0,0.0
C,R02,training,05,211,0,0.0,0.0,0.0,0.0
C,R02,training,05,212,0,0.0,0.0,0.0,0.0
C,R02,training,05,213,0,0.0,0.0,0.0,0.0
C,R02,training,05,214,0,0.0,0.0,0.0,0.0
C,R02,training,05,215,0,0.0,0.0,0.0,0.0
C,R02,training,05,216,0,0.0,0.0,0.0,0.0
C,R02,training,05,217,0,0.0,0.0,0.0,0.0
C,R02,training,05,218,0,0.0,0.0,0.0,0.0
C,R02,training,05,219,0,0.0,0.0,0.0,0.0
C,R02,training,05,220,0,0.0,0.0,0.0,0.0
C,R02,training,05,221,0,0.0,0.0,0.0,0.0
C,R02,training,05,222,0,0.0,0.0,0.0,0.0
C,R02,training,05,223,0,0.0,0.0,0.0,0.0
C,R02,training,05,224,0,0.0,0.0,0.0,0.0
C,R02,training,05,225,0,0.0,0.0,0.0,0.0
C,R02,training,05,226,0,0.0,0.0,0.0,0.0
C,R02,training,05,227,0,0.0,0.0,0.0,0.0
C,R02,training,05,228,0,0.0,0.0,0.0,0.0
C,R02,training,05,229,0,0.0,0.0,0.0,0.0
C,R02,training,05,230,0,0.0,0.0,0.0,0.0
C,R02,training,05,231,0,0.0,0.0,0.0,0.0
C,R02,training,05,232,0,0.0,0.0,0.0,0.0
C,R02,training,05,233,0,0.0,0.0,0.0,0.0
C,R02,training,05,234,0,0.0,0.0,0.0,0.0
C,R02,training,05,235,0,0.0,0.0,0.0,0.0
C,R02,training,05,236,0,0.0,0.0,0.0,0.0
C,R02,training,05,237,0,0.0,0.0,0.0,0.0
C,R02,training,05,238,0,0.0,0.0,0.0,0.0
C,R02,training,05,239,0,0.0,0.0,0.0,0.0
C,R02,training,05,240,0,0.0,0.0,0.0,0.0
C,R02,training,05,241,0,0.0,0.0,0.0,0.0
C,R02,training,05,242,0,0.0,0.0,0.0,0.0
C,R02,training,05,243,0,0.0,0.0,0.0,0.0
C,R02,training,05,244,0,0.0,0.0,0.0,0.0
C,R02,training,05,245,0,0.0,0.0,0.0,0.0
C,R02,training,05,246,0,0.0,0.0,0.0,0.0
C,R02,training,05,247,0,0.0,0.0,0.0,0.0
C,R02,training,05,248,0,0.0,0.0,0.0,0.0
C,R02,training,05,249,0,0.0,0.0,0.0,0.0
C,R02,training,05,250,0,0.0,0.0,0.0,0.0
C,R02,training,05,251,0,0.0,0.0,0.0,0.0
C,R02,training,05,252,0,0.0,0.0,0.0,0.0
C,R02,training,05,253,0,0.0,0.0,0.0,0.0
C,R02,training,05,254,0,0.0,0.0,0.0,0.0
C,R02,training,05,255,0,0.0,0.0,0.0,0.0
C,R02,training,05,256,0,0.0,0.0,0.0,0.0
C,R02,training,05,257,0,0.0,0.0,0.0,0.0
C,R02,training,05,258,0,0.0,0.0,0.0,0.0
C,R02,training,05,259,0,0.0,0.0,0.0,0.0
C,R02,training,05,260,0,0.0,0.0,0.0,0.0
C,R02,training,05,261,0,0.0,0.0,0.0,0.0
C,R02,training,05,262,0,0.0,0.0,0.0,0.0
C,R02,training,05,263,0,0.0,0.0,0.0,0.0
C,R02,training,05,264,0,0.0,0.0,0.0,0.0
C,R02,training,05,265,0,0.0,0.0,0.0,0.0
C,R02,training,05,266,0,0.0,0.0,0.0,0.0
C,R02,training,05,267,0,0.0,0.0,0.0,0.0
C,R02,training,05,268,0,0.0,0.0,0.0,0.0
C,R02,training,05,269,0,0.0,0.0,0.0,0.0
C,R02,training,05,270,0,0.0,0.0,0.0,0.0
C,R02,training,05,271,0,0.0,0.0,0.0,0.0
C,R02,training,05,272,0,0.0,0.0,0.0,0.0
C,R02,training,05,273,0,0.0,0.0,0.0,0.0
C,R02,training,05,274,0,0.0,0.0,0.0,0.0
C,R02,training,05,275,0,0.0,0.0,0.0,0.0
C,R02,training,05,276,0,0.0,0.0,0.0,0.0
C,R02,training,05,277,0,0.0,0.0,0.0,0.0
C,R02,training,05,278,0,0.0,0.0,0.0,0.0
C,R02,training,05,279,0,0.0,0.0,0.0,0.0
C,R02,training,05,280,0,0.0,0.0,0.0,0.0
C,R02,training,05,281,0,0.0,0.0,0.0,0.0
C,R02,training,05,282,0,0.0,0.0,0.0,0.0
C,R02,training,05,283,0,0.0,0.0,0.0,0.0
C,R02,training,05,284,0,0.0,0.0,0.0,0.0
C,R02,training,05,285,0,0.0,0.0,0.0,0.0
C,R02,training,05,286,0,0.0,0.0,0.0,0.0
C,R02,training,05,287,0,0.0,0.0,0.0,0.0
C,R02,training,05,288,0,0.0,0.0,0.0,0.0
C,R02,training,05,289,0,0.0,0.0,0.0,0.0
C,R02,training,05,290,0,0.0,0.0,0.0,0.0
C,R02,training,05,291,0,0.0,0.0,0.0,0.0
C,R02,training,05,292,0,0.0,0.0,0.0,0.0
C,R02,training,05,293,0,0.0,0.0,0.0,0.0
C,R02,training,05,294,0,0.0,0.0,0.0,0.0
C,R02,training,05,295,0,0.0,0.0,0.0,0.0
C,R02,training,05,296,0,0.0,0.0,0.0,0.0
C,R02,training,05,297,0,0.0,0.0,0.0,0.0
C,R02,training,05,298,0,0.0,0.0,0.0,0.0
C,R02,training,05,299,0,0.0,0.0,0.0,0.0
C,R02,training,05,300,0,0.0,0.0,0.0,0.0
C,R02,training,05,301,0,0.0,0.0,0.0,0.0
C,R02,training,05,302,0,0.0,0.0,0.0,0.0
C,R02,training,05,303,0,0.0,0.0,0.0,0.0
C,R02,training,05,304,0,0.0,0.0,0.0,0.0
C,R02,training,05,305,0,0.0,0.0,0.0,0.0
C,R02,training,05,306,0,0.0,0.0,0.0,0.0
C,R02,training,05,307,0,0.0,0.0,0.0,0.0
C,R02,training,05,308,0,0.0,0.0,0.0,0.0
C,R02,training,05,309,0,0.0,0.0,0.0,0.0
C,R02,training,05,310,0,0.0,0.0,0.0,0.0
C,R02,training,05,311,0,0.0,0.0,0.0,0.0
C,R02,training,05,312,0,0.0,0.0,0.0,0.0
C,R02,training,05,313,0,0.0,0.0,0.0,0.0
C,R02,training,05,314,0,0.0,0.0,0.0,0.0
C,R02,training,05,315,0,0.0,0.0,0.0,0.0
C,R02,training,05,316,0,0.0,0.0,0.0,0.0
C,R02,training,05,317,0,0.0,0.0,0.0,0.0
C,R02,training,05,318,0,0.0,0.0,0.0,0.0
C,R02,training,05,319,0,0.0,0.0,0.0,0.0
C,R02,training,05,320,0,0.0,0.0,0.0,0.0
C,R02,training,05,321,0,0.0,0.0,0.0,0.0
C,R02,training,05,322,0,0.0,0.0,0.0,0.0
C,R02,training,05,323,0,0.0,0.0,0.0,0.0
C,R02,training,05,324,0,0.0,0.0,0.0,0.0
C,R02,training,05,325,0,0.0,0.0,0.0,0.0
C,R02,training,05,326,0,0.0,0.0,0.0,0.0
C,R02,training,05,327,0,0.0,0.0,0.0,0.0
C,R02,training,05,328,0,0.0,0.0,0.0,0.0
C,R02,training,05,329,0,0.0,0.0,0.0,0.0
C,R02,training,05,330,0,0.0,0.0,0.0,0.0
C,R02,training,05,331,0,0.0,0.0,0.0,0.0
C,R02,training,05,332,0,0.0,0.0,0.0,0.0
C,R02,training,05,333,0,0.0,0.0,0.0,0.0
C,R02,training,05,334,0,0.0,0.0,0.0,0.0
C,R02,training,05,335,0,0.0,0.0,0.0,0.0
C,R02,training,05,336,0,0.0,0.0,0.0,0.0
C,R02,training,05,337,0,0.0,0.0,0.0,0.0
C,R02,training,05,338,0,0.0,0.0,0.0,0.0
C,R02,training,05,339,0,0.0,0.0,0.0,0.0
C,R02,training,05,340,0,0.0,0.0,0.0,0.0
C,R02,training,05,341,0,0.0,0.0,0.0,0.0
C,R02,training,05,342,0,0.0,0.0,0.0,0.0
C,R02,training,05,343,0,0.0,0.0,0.0,0.0
C,R02,training,05,344,0,0.0,0.0,0.0,0.0
C,R02,training,05,345,0,0.0,0.0,0.0,0.0
C,R02,training,05,346,0,0.0,0.0,0.0,0.0
C,R02,training,05,347,0,0.0,0.0,0.0,0.0
C,R02,training,05,348,0,0.0,0.0,0.0,0.0
C,R02,training,05,349,0,0.0,0.0,0.0,0.0
C,R02,training,05,350,0,0.0,0.0,0.0,0.0
C,R02,training,05,351,0,0.0,0.0,0.0,0.0
C,R02,training,05,352,0,0.0,0.0,0.0,0.0
C,R02,training,05,353,0,0.0,0.0,0.0,0.0
C,R02,training,05,354,0,0.0,0.0,0.0,0.0
C,R02,training,05,355,0,0.0,0.0,0.0,0.0
C,R02,training,05,356,0,0.0,0.0,0.0,0.0
C,R02,training,05,357,0,0.0,0.0,0.0,0.0
C,R02,training,05,358,0,0.0,0.0,0.0,0.0
C,R02,training,05,359,0,0.0,0.0,0.0,0.0
C,R02,training,05,360,0,0.0,0.0,0.0,0.0
C,R02,training,05,361,0,0.0,0.0,0.0,0.0
C,R02,training,05,362,0,0.0,0.0,0.0,0.0
C,R02,training,05,363,0,0.0,0.0,0.0,0.0
C,R02,training,05,364,0,0.0,0.0,0.0,0.0
C,R02,training,05,365,0,0.0,0.0,0.0,0.0
C,R02,training,05,366,0,0.0,0.0,0.0,0.0
C,R02,training,05,367,0,0.0,0.0,0.0,0.0
C,R02,training,05,368,0,0.0,0.0,0.0,0.0
C,R02,training,05,369,0,0.0,0.0,0.0,0.0
C,R02,training,05,370,0,0.0,0.0,0.0,0.0
C,R02,training,05,371,0,0.0,0.0,0.0,0.0
C,R02,training,05,372,0,0.0,0.0,0.0,0.0
C,R02,training,05,373,0,0.0,0.0,0.0,0.0
C,R02,training,05,374,0,0.0,0.0,0.0,0.0
C,R02,training,05,375,0,0.0,0.0,0.0,0.0
C,R02,training,05,376,0,0.0,0.0,0.0,0.0
C,R02,training,05,377,0,0.0,0.0,0.0,0.0
C,R02,training,05,378,0,0.0,0.0,0.0,0.0
C,R02,training,05,379,0,0.0,0.0,0.0,0.0
C,R02,training,05,380,0,0.0,0.0,0.0,0.0
C,R02,training,05,381,0,0.0,0.0,0.0,0.0
C,R02,training,05,382,0,0.0,0.0,0.0,0.0
C,R02,training,05,383,0,0.0,0.0,0.0,0.0
C,R02,training,05,384,0,0.0,0.0,0.0,0.0
C,R02,training,05,385,0,0.0,0.0,0.0,0.0
C,R02,training,05,386,0,0.0,0.0,0.0,0.0
C,R02,training,05,387,0,0.0,0.0,0.0,0.0
C,R02,training,05,388,0,0.0,0.0,0.0,0.0
C,R02,training,05,389,0,0.0,0.0,0.0,0.0
C,R02,training,05,390,0,0.0,0.0,0.0,0.0
C,R02,training,05,391,0,0.0,0.0,0.0,0.0
C,R02,training,05,392,0,0.0,0.0,0.0,0.0
C,R02,training,05,393,0,0.0,0.0,0.0,0.0
C,R02,training,05,394,0,0.0,0.0,0.0,0.0
C,R02,training,05,395,0,0.0,0.0,0.0,0.0
C,R02,training,05,396,0,0.0,0.0,0.0,0.0
C,R02,training,05,397,0,0.0,0.0,0.0,0.0
C,R02,training,05,398,0,0.0,0.0,0.0,0.0
C,R02,training,05,399,0,0.0,0.0,0.0,0.0
C,R02,training,05,400,0,0.0,0.0,0.0,0.0
C,R02,training,05,401,0,0.0,0.0,0.0,0.0
C,R02,training,05,402,0,0.0,0.0,0.0,0.0
C,R02,training,05,403,0,0.0,0.0,0.0,0.0
C,R02,training,05,404,0,0.0,0.0,0.0,0.0
C,R02,training,05,405,0,0.0,0.0,0.0,0.0
C,R02,training,05,406,0,0.0,0.0,0.0,0.0
C,R02,training,05,407,0,0.0,0.0,0.0,0.0
C,R02,training,05,408,0,0.0,0.0,0.0,0.0
C,R02,training,05,409,0,0.0,0.0,0.0,0.0
C,R02,training,05,410,0,0.0,0.0,0.0,0.0
C,R02,training,05,411,0,0.0,0.0,0.0,0.0
C,R02,training,05,412,0,0.0,0.0,0.0,0.0
C,R02,training,05,413,0,0.0,0.0,0.0,0.0
C,R02,training,05,414,0,0.0,0.0,0.0,0.0
C,R02,training,05,415,0,0.0,0.0,0.0,0.0
C,R02,training,05,416,0,0.0,0.0,0.0,0.0
C,R02,training,05,417,0,0.0,0.0,0.0,0.0
C,R02,training,05,418,0,0.0,0.0,0.0,0.0
C,R02,training,05,419,0,0.0,0.0,0.0,0.0
C,R02,training,05,420,0,0.0,0.0,0.0,0.0
C,R02,training,05,421,0,0.0,0.0,0.0,0.0
C,R02,training,05,422,0,0.0,0.0,0.0,0.0
C,R02,training,05,423,0,0.0,0.0,0.0,0.0
C,R02,training,05,424,0,0.0,0.0,0.0,0.0
C,R02,training,05,425,0,0.0,0.0,0.0,0.0
C,R02,training,05,426,0,0.0,0.0,0.0,0.0
C,R02,training,05,427,0,0.0,0.0,0.0,0.0
C,R02,training,05,428,0,0.0,0.0,0.0,0.0
C,R02,training,05,429,0,0.0,0.0,0.0,0.0
C,R02,training,05,430,0,0.0,0.0,0.0,0.0
C,R02,training,05,431,0,0.0,0.0,0.0,0.0
C,R02,training,05,432,0,0.0,0.0,0.0,0.0
C,R02,training,05,433,0,0.0,0.0,0.0,0.0
C,R02,training,05,434,0,0.0,0.0,0.0,0.0
C,R02,training,05,435,0,0.0,0.0,0.0,0.0
C,R02,training,05,436,0,0.0,0.0,0.0,0.0
C,R02,training,05,437,0,0.0,0.0,0.0,0.0
C,R02,training,05,438,0,0.0,0.0,0.0,0.0
C,R02,training,05,439,0,0.0,0.0,0.0,0.0
C,R02,training,05,440,0,0.0,0.0,0.0,0.0
C,R02,training,05,441,0,0.0,0.0,0.0,0.0
C,R02,training,05,442,0,0.0,0.0,0.0,0.0
C,R02,training,05,443,0,0.0,0.0,0.0,0.0
C,R02,training,05,444,0,0.0,0.0,0.0,0.0
C,R02,training,05,445,0,0.0,0.0,0.0,0.0
C,R02,training,05,446,0,0.0,0.0,0.0,0.0
C,R02,training,05,447,0,0.0,0.0,0.0,0.0
C,R02,training,05,448,0,0.0,0.0,0.0,0.0
C,R02,training,05,449,0,0.0,0.0,0.0,0.0
C,R02,training,05,450,0,0.0,0.0,0.0,0.0
C,R02,training,05,451,0,0.0,0.0,0.0,0.0
C,R02,training,05,452,0,0.0,0.0,0.0,0.0
C,R02,training,05,453,0,0.0,0.0,0.0,0.0
C,R02,training,05,454,0,0.0,0.0,0.0,0.0
C,R02,training,05,455,0,0.0,0.0,0.0,0.0
C,R02,training,05,456,0,0.0,0.0,0.0,0.0
C,R02,training,05,457,0,0.0,0.0,0.0,0.0
C,R02,training,05,458,0,0.0,0.0,0.0,0.0
C,R02,training,05,459,0,0.0,0.0,0.0,0.0
C,R02,training,05,460,0,0.0,0.0,0.0,0.0
C,R02,training,05,461,0,0.0,0.0,0.0,0.0
C,R02,training,05,462,0,0.0,0.0,0.0,0.0
C,R02,training,05,463,0,0.0,0.0,0.0,0.0
C,R02,training,05,464,0,0.0,0.0,0.0,0.0
C,R02,training,05,465,0,0.0,0.0,0.0,0.0
C,R02,training,05,466,0,0.0,0.0,0.0,0.0
C,R02,training,05,467,0,0.0,0.0,0.0,0.0
C,R02,training,05,468,0,0.0,0.0,0.0,0.0
C,R02,training,05,469,0,0.0,0.0,0.0,0.0
C,R02,training,05,470,0,0.0,0.0,0.0,0.0
C,R02,training,05,471,0,0.0,0.0,0.0,0.0
C,R02,training,05,472,0,0.0,0.0,0.0,0.0
C,R02,training,05,473,0,0.0,0.0,0.0,0.0
C,R02,training,05,474,0,0.0,0.0,0.0,0.0
C,R02,training,05,475,0,0.0,0.0,0.0,0.0
C,R02,training,05,476,0,0.0,0.0,0.0,0.0
C,R02,training,05,477,0,0.0,0.0,0.0,0.0
C,R02,training,05,478,0,0.0,0.0,0.0,0.0
C,R02,training,05,479,0,0.0,0.0,0.0,0.0
C,R02,training,05,480,0,0.0,0.0,0.0,0.0
C,R02,training,05,481,0,0.0,0.0,0.0,0.0
C,R02,training,05,482,0,0.0,0.0,0.0,0.0
C,R02,training,05,483,0,0.0,0.0,0.0,0.0
C,R02,training,05,484,0,0.0,0.0,0.0,0.0
C,R02,training,05,485,0,0.0,0.0,0.0,0.0
C,R02,training,05,486,0,0.0,0.0,0.0,0.0
C,R02,training,05,487,0,0.0,0.0,0.0,0.0
C,R02,training,05,488,0,0.0,0.0,0.0,0.0
C,R02,training,05,489,0,0.0,0.0,0.0,0.0
C,R02,training,05,490,0,0.0,0.0,0.0,0.0
C,R02,training,05,491,0,0.0,0.0,0.0,0.0
C,R02,training,05,492,0,0.0,0.0,0.0,0.0
C,R02,training,05,493,0,0.0,0.0,0.0,0.0
C,R02,training,05,494,0,0.0,0.0,0.0,0.0
C,R02,training,05,495,0,0.0,0.0,0.0,0.0
C,R02,training,05,496,0,0.0,0.0,0.0,0.0
C,R02,training,05,497,0,0.0,0.0,0.0,0.0
C,R02,training,05,498,0,0.0,0.0,0.0,0.0
C,R02,training,05,499,0,0.0,0.0,0.0,0.0
C,R02,training,05,500,0,0.0,0.0,0.0,0.0
C,R02,training,05,501,0,0.0,0.0,0.0,0.0
C,R02,training,05,502,0,0.0,0.0,0.0,0.0
C,R02,training,05,503,0,0.0,0.0,0.0,0.0
C,R02,training,05,504,0,0.0,0.0,0.0,0.0
C,R02,training,05,505,0,0.0,0.0,0.0,0.0
C,R02,training,05,506,0,0.0,0.0,0.0,0.0
C,R02,training,05,507,0,0.0,0.0,0.0,0.0
C,R02,training,05,508,0,0.0,0.0,0.0,0.0
C,R02,training,05,509,0,0.0,0.0,0.0,0.0
C,R02,training,05,510,0,0.0,0.0,0.0,0.0
C,R02,training,05,511,0,0.0,0.0,0.0,0.0
C,R02,training,05,512,0,0.0,0.0,0.0,0.0
C,R02,training,05,513,0,0.0,0.0,0.0,0.0
C,R02,training,05,514,0,0.0,0.0,0.0,0.0
C,R02,training,05,515,0,0.0,0.0,0.0,0.0
C,R02,training,05,516,0,0.0,0.0,0.0,0.0
C,R02,training,05,517,0,0.0,0.0,0.0,0.0
C,R02,training,05,518,0,0.0,0.0,0.0,0.0
C,R02,training,05,519,0,0.0,0.0,0.0,0.0
C,R02,training,05,520,0,0.0,0.0,0.0,0.0
C,R02,training,05,521,0,0.0,0.0,0.0,0.0
C,R02,training,05,522,0,0.0,0.0,0.0,0.0
C,R02,training,05,523,0,0.0,0.0,0.0,0.0
C,R02,training,05,524,0,0.0,0.0,0.0,0.0
C,R02,training,05,525,0,0.0,0.0,0.0,0.0
C,R02,training,05,526,0,0.0,0.0,0.0,0.0
C,R02,training,05,527,0,0.0,0.0,0.0,0.0
C,R02,training,05,528,0,0.0,0.0,0.0,0.0
C,R02,training,05,529,0,0.0,0.0,0.0,0.0
C,R02,training,05,530,0,0.0,0.0,0.0,0.0
C,R02,training,05,531,0,0.0,0.0,0.0,0.0
C,R02,training,05,532,0,0.0,0.0,0.0,0.0
C,R02,training,05,533,0,0.0,0.0,0.0,0.0
C,R02,training,05,534,0,0.0,0.0,0.0,0.0
C,R02,training,05,535,0,0.0,0.0,0.0,0.0
C,R02,training,05,536,0,0.0,0.0,0.0,0.0
C,R02,training,05,537,0,0.0,0.0,0.0,0.0
C,R02,training,05,538,0,0.0,0.0,0.0,0.0
C,R02,training,05,539,0,0.0,0.0,0.0,0.0
C,R02,training,05,540,0,0.0,0.0,0.0,0.0
C,R02,training,05,541,0,0.0,0.0,0.0,0.0
C,R02,training,05,542,0,0.0,0.0,0.0,0.0
C,R02,training,05,543,0,0.0,0.0,0.0,0.0
C,R02,training,05,544,0,0.0,0.0,0.0,0.0
C,R02,training,05,545,0,0.0,0.0,0.0,0.0
C,R02,training,05,546,0,0.0,0.0,0.0,0.0
C,R02,training,05,547,0,0.0,0.0,0.0,0.0
C,R02,training,05,548,0,0.0,0.0,0.0,0.0
C,R02,training,05,549,0,0.0,0.0,0.0,0.0
C,R02,training,05,550,0,0.0,0.0,0.0,0.0
C,R02,training,05,551,0,0.0,0.0,0.0,0.0
C,R02,training,05,552,0,0.0,0.0,0.0,0.0
C,R02,training,05,553,0,0.0,0.0,0.0,0.0
C,R02,training,05,554,0,0.0,0.0,0.0,0.0
C,R02,training,05,555,0,0.0,0.0,0.0,0.0
C,R02,training,05,556,0,0.0,0.0,0.0,0.0
C,R02,training,05,557,0,0.0,0.0,0.0,0.0
C,R02,training,05,558,0,0.0,0.0,0.0,0.0
C,R02,training,05,559,0,0.0,0.0,0.0,0.0
C,R02,training,05,560,0,0.0,0.0,0.0,0.0
C,R02,training,05,561,0,0.0,0.0,0.0,0.0
C,R02,training,05,562,0,0.0,0.0,0.0,0.0
C,R02,training,05,563,0,0.0,0.0,0.0,0.0
C,R02,training,05,564,0,0.0,0.0,0.0,0.0
C,R02,training,05,565,0,0.0,0.0,0.0,0.0
C,R02,training,05,566,0,0.0,0.0,0.0,0.0
C,R02,training,05,567,0,0.0,0.0,0.0,0.0
C,R02,training,05,568,0,0.0,0.0,0.0,0.0
C,R02,training,05,569,0,0.0,0.0,0.0,0.0
C,R02,training,05,570,0,0.0,0.0,0.0,0.0
C,R02,training,05,571,0,0.0,0.0,0.0,0.0
C,R02,training,05,572,0,0.0,0.0,0.0,0.0
C,R02,training,05,573,0,0.0,0.0,0.0,0.0
C,R02,training,05,574,0,0.0,0.0,0.0,0.0
C,R02,training,05,575,0,0.0,0.0,0.0,0.0
C,R02,training,05,576,0,0.0,0.0,0.0,0.0
C,R02,training,05,577,0,0.0,0.0,0.0,0.0
C,R02,training,05,578,0,0.0,0.0,0.0,0.0
C,R02,training,05,579,0,0.0,0.0,0.0,0.0
C,R02,training,05,580,0,0.0,0.0,0.0,0.0
C,R02,training,05,581,0,0.0,0.0,0.0,0.0
C,R02,training,05,582,0,0.0,0.0,0.0,0.0
C,R02,training,05,583,0,0.0,0.0,0.0,0.0
C,R02,training,05,584,0,0.0,0.0,0.0,0.0
C,R02,training,05,585,0,0.0,0.0,0.0,0.0
C,R02,training,05,586,0,0.0,0.0,0.0,0.0
C,R02,training,05,587,0,0.0,0.0,0.0,0.0
C,R02,training,05,588,0,0.0,0.0,0.0,0.0
C,R02,training,05,589,0,0.0,0.0,0.0,0.0
C,R02,training,05,590,0,0.0,0.0,0.0,0.0
C,R02,training,05,591,0,0.0,0.0,0.0,0.0
C,R02,training,05,592,0,0.0,0.0,0.0,0.0
C,R02,training,05,593,0,0.0,0.0,0.0,0.0
C,R02,training,05,594,0,0.0,0.0,0.0,0.0
C,R02,training,05,595,0,0.0,0.0,0.0,0.0
C,R02,training,05,596,0,0.0,0.0,0.0,0.0
C,R02,training,05,597,0,0.0,0.0,0.0,0.0
C,R02,training,05,598,0,0.0,0.0,0.0,0.0
C,R02,training,05,599,0,0.0,0.0,0.0,0.0
C,R02,training,05,600,0,0.0,0.0,0.0,0.0
C,R02,training,05,601,0,0.0,0.0,0.0,0.0
P1,R02,training,05,0,0,0.0,0.0,0.019022539629869644,0.011576084776984888
P1,R02,training,05,1,0,0.0,0.0,0.019022539629869644,0.01161441519506383
P1,R02,training,05,2,0,0.0,0.0,0.019022539629869644,0.011652743915011251
P1,R02,training,05,3,0,0.0,0.0,0.019022539629869644,0.011691070083732456
P1,R02,training,05,4,0,0.0,0.0,0.019022539629869644,0.011729392845406797
P1,R02,training,05,5,0,0.0,0.0,0.019022539629869644,0.011767711341516548
P1,R02,training,05,6,0,0.0,0.0,0.019022539629869644,0.011806024710876046
P1,R02,training,05,7,0,0.0,0.0,0.019022539629869644,0.011844332089661043
P1,R02,training,05,8,0,0.0,0.0,0.019022539629869644,0.011882632611438328
P1,R02,training,05,9,0,0.0,0.0,0.019022539629869644,0.011920925407195557
P1,R02,training,05,10,0,0.0,0.0,0.019022539629869644,0.011959209605371364
P1,R02,training,05,11,0,0.0,0.0,0.019022539629869644,0.011997484331885673
P1,R02,training,05,12,0,0.0,0.0,0.019022539629869644,0.012035748710170257
P1,R02,training,05,13,0,0.0,0.0,0.019022539629869644,0.012074001861199554
P1,R02,training,05,14,0,0.0,0.0,0.019022539629869644,0.012112242903521687
P1,R02,training,05,15,0,0.0,0.0,0.019022539629869644,0.012150470953289727
P1,R02,training,05,16,0,0.0,0.0,0.02030007483272133,0.013007265325766857
P1,R02,training,05,17,0,0.0,0.0,0.02030007483272133,0.013048030164147795
P1,R02,training,05,18,0,0.0,0.0,0.02030007483272133,0.013088778292793698
P1,R02,training,05,19,0,0.0,0.0,0.02030007483272133,0.013129508758614341
P1,R02,training,05,20,0,0.0,0.0,0.02030007483272133,0.013170220606134105
P1,R02,training,05,21,0,0.0,0.0,0.02030007483272133,0.013210912877526805
P1,R02,training,05,22,0,0.0,0.0,0.02030007483272133,0.013251584612650762
P1,R02,training,05,23,0,0.0,0.0,0.02030007483272133,0.013292234849084096
P1,R02,training,05,24,0,0.0,0.0,0.02030007483272133,0.01333286262216026
P1,R02,training,05,25,0,0.0,0.0,0.02030007483272133,0.013373466965003819
P1,R02,training,05,26,0,0.0,0.0,0.02030007483272133,0.013414046908566436
P1,R02,training,05,27,0,0.0,0.0,0.02030007483272133,0.013454601481663121
P1,R02,training,05,28,0,0.0,0.0,0.02030007483272133,0.01349512971100867
P1,R02,training,05,29,0,0.0,0.0,0.02030007483272133,0.013535630621254369
P1,R02,training,05,30,0,0.0,0.0,0.02030007483272133,0.013576103235024882
P1,R02,training,05,31,0,0.0,0.0,0.02030007483272133,0.013616546572955409
P1,R02,training,05,32,0,0.0,0.0,0.021447853541721934,0.014429132547149295
P1,R02,training,05,33,0,0.0,0.0,0.021447853541721934,0.01447179760161163
P1,R02,training,05,34,0,0.0,0.0,0.021447853541721934,0.014514428608527955
P1,R02,training,05,35,0,0.0,0.0,0.021447853541721934,0.0145570245251487
P1,R02,training,05,36,0,0.0,0.0,0.021447853541721934,0.014599584306821957
P1,R02,training,05,37,0,0.0,0.0,0.021447853541721934,0.01464210690703409
P1,R02,training,05,38,0,0.0,0.0,0.021447853541721934,0.014684591277450568
P1,R02,training,05,39,0,0.0,0.0,0.021447853541721934,0.014727036367957
P1,R02,training,05,40,0,0.0,0.0,0.021447853541721934,0.014769441126700412
P1,R02,training,05,41,0,0.0,0.0,0.021447853541721934,0.01481180450013072
P1,R02,training,05,42,0,0.0,0.0,0.021447853541721934,0.014854125433042415
P1,R02,training,05,43,0,0.0,0.0,0.021447853541721934,0.014896402868616498
P1,R02,training,05,44,0,0.0,0.0,0.021447853541721934,0.014938635748462558
P1,R02,training,05,45,0,0.0,0.0,0.021447853541721934,0.01498082301266112
P1,R02,training,05,46,0,0.0,0.0,0.021447853541721934,0.01502296359980615
P1,R02,training,05,47,0,0.0,0.0,0.021447853541721934,0.015065056447047807
P1,R02,training,05,48,0,0.0,0.0,0.022435052339882983,0.015802447995122204
P1,R02,training,05,49,0,0.0,0.0,0.022435052339882983,0.015846375070373907
P1,R02,training,05,50,0,0.0,0.0,0.022435052339882983,0.01589024886443342
P1,R02,training,05,51,0,0.0,0.0,0.022435052339882983,0.015934068259940187
P1,R02,training,05,52,0,0.0,0.0,0.022435052339882983,0.015977832138249954
P1,R02,training,05,53,0,0.0,0.0,0.022435052339882983,0.016021539379480667
P1,R02,training,05,54,0,0.0,0.0,0.022435052339882983,0.0160651888625586
P1,R02,training,05,55,0,0.0,0.0,0.022435052339882983,0.016108779465264633
P1,R02,training,05,56,0,0.0,0.0,0.022435052339882983,0.01615231006428077
P1,R02,training,05,57,0,0.0,0.0,0.022435052339882983,0.016195779535236814
P1,R02,training,05,58,0,0.0,0.0,0.022435052339882983,0.016239186752757203
P1,R02,training,05,59,0,0.0,0.0,0.022435052339882983,0.016282530590508097
P1,R02,training,05,60,0,0.0,0.0,0.022435052339882983,0.01632580992124457
P1,R02,training,05,61,0,0.0,0.0,0.022435052339882983,0.016369023616858033
P1,R02,training,05,62,0,0.0,0.0,0.022435052339882983,0.0164121705484238
P1,R02,training,05,63,0,0.0,0.0,0.022435052339882983,0.016455249586248822
P1,R02,training,05,64,0,0.0,0.0,0.023234182371133925,0.01708592280256937
P1,R02,training,05,65,0,0.0,0.0,0.023234182371133925,0.017130392166253356
P1,R02,training,05,66,0,0.0,0.0,0.023234182371133925,0.017174787703766983
P1,R02,training,05,67,0,0.0,0.0,0.023234182371133925,0.01721910824249293
P1,R02,training,05,68,0,0.0,0.0,0.023234182371133925,0.017263352609267958
P1,R02,training,05,69,0,0.0,0.0,0.023234182371133925,0.01730751963043338
P1,R02,training,05,70,0,0.0,0.0,0.023234182371133925,0.017351608131885632
P1,R02,training,05,71,0,0.0,0.0,0.023234182371133925,0.01739561693912707
P1,R02,training,05,72,0,0.0,0.0,0.023234182371133925,0.017439544877316873
P1,R02,training,05,73,0,0.0,0.0,0.023234182371133925,0.01748339077132211
P1,R02,training,05,74,0,0.0,0.0,0.023234182371133925,0.01752715344576894
P1,R02,training,05,75,0,0.0,0.0,0.023234182371133925,0.01757083172509398
P1,R02,training,05,76,0,0.0,0.0,0.023234182371133925,0.017614424433595777
P1,R02,training,05,77,0,0.0,0.0,0.023234182371133925,0.017657930395486448
P1,R02,training,05,78,0,0.0,0.0,0.023234182371133925,0.017701348434943445
P1,R02,training,05,79,0,0.0,0.0,0.023234182371133925,0.017744677376161415
P1,R02,training,05,80,0,0.0,0.0,0.02382235849814574,0.01823821928192146
P1,R02,training,05,81,0,0.0,0.0,0.02382235849814574,0.018282458776589624
P1,R02,training,05,82,0,0.0,0.0,0.02382235849814574,0.018326603301413006
P1,R02,training,05,83,0,0.0,0.0,0.02382235849814574,0.018370651651425814
P1,R02,training,05,84,0,0.0,0.0,0.02382235849814574,0.01841460262194782
P1,R02,training,05,85,0,0.0,0.0,0.02382235849814574,0.01845845500863827
P1,R02,training,05,86,0,0.0,0.0,0.02382235849814574,0.018502207607549972
P1,R02,training,05,87,0,0.0,0.0,0.02382235849814574,0.018545859215183414
P1,R02,training,05,88,0,0.0,0.0,0.02382235849814574,0.01858940862854105
P1,R02,training,05,89,0,0.0,0.0,0.02382235849814574,0.01863285464518163
P1,R02,training,05,90,0,0.0,0.0,0.02382235849814574,0.018676196063274687
P1,R02,training,05,91,0,0.0,0.0,0.02382235849814574,0.01871943168165505
P1,R02,training,05,92,0,0.0,0.0,0.02382235849814574,0.01876256029987752
P1,R02,training,05,93,0,0.0,0.0,0.02382235849814574,0.018805580718271573
P1,R02,training,05,94,0,0.0,0.0,0.02382235849814574,0.018848491737996177
P1,R02,training,05,95,0,0.0,0.0,0.02382235849814574,0.018891292161094683
P1,R02,training,05,96,0,0.0,0.0,0.024182387341427036,0.01922013126567015
P1,R02,training,05,97,0,0.0,0.0,0.024182387341427036,0.019263350353854142
P1,R02,training,05,98,0,0.0,0.0,0.024182387341427036,0.01930645353171859
P1,R02,training,05,99,0,0.0,0.0,0.024182387341427036,0.01934943958735175
P1,R02,training,05,100,0,0.0,0.0,0.024182387341427036,0.019392307310019317
P1,R02,training,05,101,0,0.0,0.0,0.024182387341427036,0.019435055490220583
P1,R02,training,05,102,0,0.0,0.0,0.024182387341427036,0.019477682919744593
P1,R02,training,05,103,0,0.0,0.0,0.024182387341427036,0.019520188391726423
P1,R02,training,05,104,0,0.0,0.0,0.024182387341427036,0.01956257070070344
P1,R02,training,05,105,0,0.0,0.0,0.024182387341427036,0.019604828642671674
P1,R02,training,05,106,0,0.0,0.0,0.024182387341427036,0.019646961015142166
P1,R02,training,05,107,0,0.0,0.0,0.024182387341427036,0.019688966617197413
P1,R02,training,05,108,0,0.0,0.0,0.024182387341427036,0.019730844249547807
P1,R02,training,05,109,0,0.0,0.0,0.024182387341427036,0.019772592714588127
P1,R02,training,05,110,0,0.0,0.0,0.024182387341427036,0.01981421081645404
P1,R02,training,05,111,0,0.0,0.0,0.024182387341427036,0.01985569736107865
P1,R02,training,05,112,0,0.0,0.3331924991722112,0.024303602062406053,0.019996785540210324
P1,R02,training,05,113,0,0.0,0.3331924991722112,0.024303602062406053,0.02003821201100926
P1,R02,training,05,114,0,0.0,0.3331924991722112,0.024303602062406053,0.02007950267638406
P1,R02,training,05,115,0,0.0,0.3331924991722112,0.024303602062406053,0.02012065634407685
P1,R02,training,05,116,0,0.0,0.3331924991722112,0.024303602062406053,0.020161671823920528
P1,R02,training,05,117,0,0.0,0.3331924991722112,0.024303602062406053,0.02020254792789562
P1,R02,training,05,118,0,0.0,0.3331924991722112,0.024303602062406053,0.02024328347018721
P1,R02,training,05,119,0,0.0,0.3331924991722112,0.024303602062406053,0.020283877267241766
P1,R02,training,05,120,0,0.0,0.3331924991722112,0.024303602062406053,0.02032432813782404
P1,R02,training,05,121,0,0.0,0.3331924991722112,0.024303602062406053,0.020364634903073903
P1,R02,training,05,122,0,0.0,0.3331924991722112,0.024303602062406053,0.020404796386563187
P1,R02,training,05,123,0,0.0,0.3331924991722112,0.024303602062406053,0.020444811414352483
P1,R02,training,05,124,0,0.0,0.3331924991722112,0.024303602062406053,0.02048467881504796
P1,R02,training,05,125,0,0.0,0.3331924991722112,0.024303602062406053,0.020524397419858082
P1,R02,training,05,126,0,0.0,0.3331924991722112,0.024303602062406053,0.020563966062650374
P1,R02,training,05,127,0,0.0,0.3331924991722112,0.024303602062406053,0.020603383580008083
P1,R02,training,05,128,0,0.0,0.0,0.024182387341427036,0.020539693170822396
P1,R02,training,05,129,0,0.0,0.0,0.024182387341427036,0.02057860988735343
P1,R02,training,05,130,0,0.0,0.0,0.024182387341427036,0.020617372776125145
P1,R02,training,05,131,0,0.0,0.0,0.024182387341427036,0.02065598069089531
P1,R02,training,05,132,0,0.0,0.0,0.024182387341427036,0.02069443248840525
P1,R02,training,05,133,0,0.0,0.0,0.024182387341427036,0.020732727028435916
P1,R02,training,05,134,0,0.0,0.0,0.024182387341427036,0.02077086317386398
P1,R02,training,05,135,0,0.0,0.0,0.024182387341427036,0.02080883979071777
P1,R02,training,05,136,0,0.0,0.0,0.024182387341427036,0.0208466557482332
P1,R02,training,05,137,0,0.0,0.0,0.024182387341427036,0.020884309918909598
P1,R02,training,05,138,0,0.0,0.0,0.024182387341427036,0.020921801178565458
P1,R02,training,05,139,0,0.0,0.0,0.024182387341427036,0.020959128406394113
P1,R02,training,05,140,0,0.0,0.0,0.024182387341427036,0.020996290485019328
P1,R02,training,05,141,0,0.0,0.0,0.024182387341427036,0.021033286300550774
P1,R02,training,05,142,0,0.0,0.0,0.024182387341427036,0.021070114742639458
P1,R02,training,05,143,0,0.0,0.0,0.024182387341427036,0.021106774704533
P1,R02,training,05,144,0,0.0,0.0,0.04283347779791598,0.037450379184121314
P1,R02,training,05,145,0,0.0,0.0,0.04283347779791598,0.03751471108263745
P1,R02,training,05,146,0,0.0,0.0,0.04283347779791598,0.037578738715789095
P1,R02,training,05,147,0,0.0,0.0,0.04283347779791598,0.03764246014967992
P1,R02,training,05,148,0,0.0,0.0,0.04283347779791598,0.03770587345727116
P1,R02,training,05,149,0,0.0,0.0,0.04283347779791598,0.037768976718478356
P1,R02,training,05,150,0,0.0,0.0,0.04283347779791598,0.03783176802026794
P1,R02,training,05,151,0,0.0,0.0,0.04283347779791598,0.037894245456753566
P1,R02,training,05,152,0,0.0,0.0,0.04283347779791598,0.037956407129292165
P1,R02,training,05,153,0,0.0,0.0,0.04283347779791598,0.03801825114657986
P1,R02,training,05,154,0,0.0,0.0,0.04283347779791598,0.038079775624747514
P1,R02,training,05,155,0,0.0,0.0,0.04283347779791598,0.03814097868745613
P1,R02,training,05,156,0,0.0,0.0,0.04283347779791598,0.038201858465991924
P1,R02,training,05,157,0,0.0,0.0,0.04283347779791598,0.03826241309936114
P1,R02,training,05,158,0,0.0,0.0,0.04283347779791598,0.03832264073438461
P1,R02,training,05,159,0,0.0,0.0,0.04283347779791598,0.03838253952579202
P1,R02,training,05,160,0,0.0,0.0,0.08160241203744845,0.07323637650266213
P1,R02,training,05,161,0,0.0,0.0,0.08160241203744845,0.07334922673396004
P1,R02,training,05,162,0,0.0,0.0,0.08160241203744845,0.07346144002844308
P1,R02,training,05,163,0,0.0,0.0,0.08160241203744845,0.07357301293272522
P1,R02,training,05,164,0,0.0,0.0,0.08160241203744845,0.07368394200937708
P1,R02,training,05,165,0,0.0,0.0,0.08160241203744845,0.07379422383710216
P1,R02,training,05,166,0,0.0,0.0,0.08160241203744845,0.07390385501091219
P1,R02,training,05,167,0,0.0,0.0,0.08160241203744845,0.07401283214230209
P1,R02,training,05,168,0,0.0,0.0,0.08160241203744845,0.07412115185942411
P1,R02,training,05,169,0,0.0,0.0,0.08160241203744845,0.07422881080726139
P1,R02,training,05,170,0,0.0,0.0,0.08160241203744845,0.07433580564780079
P1,R02,training,05,171,0,0.0,0.0,0.08160241203744845,0.0744421330602051
P1,R02,training,05,172,0,0.0,0.0,0.08160241203744845,0.0745477897409845
P1,R02,training,05,173,0,0.0,0.0,0.08160241203744845,0.07465277240416733
P1,R02,training,05,174,0,0.0,0.0,0.08160241203744845,0.07475707778147013
P1,R02,training,05,175,0,0.0,0.0,0.08160241203744845,0.07486070262246695
P1,R02,training,05,176,0,0.0,0.0,0.12253927790803601,0.11257008877991682
P1,R02,training,05,177,0,0.0,0.0,0.12253927790803601,0.11272363990619835
P1,R02,training,05,178,0,0.0,0.0,0.12253927790803601,0.11287615461695716
P1,R02,training,05,179,0,0.0,0.0,0.12253927790803601,0.11302762814093396
P1,R02,training,05,180,0,0.0,0.0,0.12253927790803601,0.11317805573493941
P1,R02,training,05,181,0,0.0,0.0,0.12253927790803601,0.11332743268410123
P1,R02,training,05,182,0,0.0,0.0,0.12253927790803601,0.11347575430211027
P1,R02,training,05,183,0,0.0,0.0,0.12253927790803601,0.11362301593146514
P1,R02,training,05,184,0,0.0,0.0,0.12253927790803601,0.11376921294371581
P1,R02,training,05,185,0,0.0,0.0,0.12253927790803601,0.11391434073970569
P1,R02,training,05,186,0,0.0,0.0,0.12253927790803601,0.11405839474981247
P1,R02,training,05,187,0,0.0,0.0,0.12253927790803601,0.11420137043418782
P1,R02,training,05,188,0,0.0,0.0,0.12253927790803601,0.11434326328299539
P1,R02,training,05,189,0,0.0,0.0,0.12253927790803601,0.11448406881664785
P1,R02,training,05,190,0,0.0,0.0,0.12253927790803601,0.11462378258604226
P1,R02,training,05,191,0,0.0,0.0,0.12253927790803601,0.11476240017279417
P1,R02,training,05,192,0,0.0,0.0,0.1464496700262651,0.13731968431437622
P1,R02,training,05,193,0,0.0,0.0,0.1464496700262651,0.13748271371980725
P1,R02,training,05,194,0,0.0,0.0,0.1464496700262651,0.13764441743220426
P1,R02,training,05,195,0,0.0,0.0,0.1464496700262651,0.137804790320662
P1,R02,training,05,196,0,0.0,0.0,0.1464496700262651,0.13796382729236067
P1,R02,training,05,197,0,0.0,0.0,0.1464496700262651,0.13812152329283542
P1,R02,training,05,198,0,0.0,0.0,0.1464496700262651,0.13827787330624386
P1,R02,training,05,199,0,0.0,0.0,0.1464496700262651,0.13843287235563176
P1,R02,training,05,200,0,0.0,0.0,0.1464496700262651,0.13858651550319695
P1,R02,training,05,201,0,0.0,0.0,0.1464496700262651,0.13873879785055132
P1,R02,training,05,202,0,0.0,0.0,0.1464496700262651,0.13888971453898089
P1,R02,training,05,203,0,0.0,0.0,0.1464496700262651,0.13903926074970413
P1,R02,training,05,204,0,0.0,0.0,0.1464496700262651,0.1391874317041282
P1,R02,training,05,205,0,0.0,0.0,0.1464496700262651,0.1393342226641033
P1,R02,training,05,206,0,0.0,0.0,0.1464496700262651,0.13947962893217508
P1,R02,training,05,207,0,0.0,0.0,0.1464496700262651,0.1396236458518351
P1,R02,training,05,208,0,0.0,0.0,0.17066509247673967,0.16287659225813755
P1,R02,training,05,209,0,0.0,0.0,0.17066509247673967,0.16304116810464314
P1,R02,training,05,210,0,0.0,0.0,0.17066509247673967,0.1632041088840635
P1,R02,training,05,211,0,0.0,0.0,0.17066509247673967,0.16336540936367383
P1,R02,training,05,212,0,0.0,0.0,0.17066509247673967,0.16352506435988928
P1,R02,training,05,213,0,0.0,0.0,0.17066509247673967,0.16368306873854263
P1,R02,training,05,214,0,0.0,0.0,0.17066509247673967,0.16383941741515934
P1,R02,training,05,215,0,0.0,0.0,0.17066509247673967,0.16399410535522993
P1,R02,training,05,216,0,0.0,0.0,0.17066509247673967,0.16414712757448036
P1,R02,training,05,217,0,0.0,0.0,0.17066509247673967,0.16429847913913947
P1,R02,training,05,218,0,0.0,0.0,0.17066509247673967,0.1644481551662041
P1,R02,training,05,219,0,0.0,0.0,0.17066509247673967,0.16459615082370146
P1,R02,training,05,220,0,0.0,0.0,0.17066509247673967,0.1647424613309492
P1,R02,training,05,221,0,0.0,0.0,0.17066509247673967,0.16488708195881258
P1,R02,training,05,222,0,0.0,0.0,0.17066509247673967,0.1650300080299593
P1,R02,training,05,223,0,0.0,0.0,0.17066509247673967,0.16517123491911145
P1,R02,training,05,224,0,0.0,0.0,0.1949885596453893,0.1888711167522008
P1,R02,training,05,225,0,0.0,0.0,0.1949885596453893,0.1890285732093095
P1,R02,training,05,226,0,0.0,0.0,0.1949885596453893,0.18918407282047028
P1,R02,training,05,227,0,0.0,0.0,0.1949885596453893,0.18933761054191545
P1,R02,training,05,228,0,0.0,0.0,0.1949885596453893,0.1894891813907446
P1,R02,training,05,229,0,0.0,0.0,0.1949885596453893,0.1896387804451943
P1,R02,training,05,230,0,0.0,0.0,0.1949885596453893,0.18978640284490414
P1,R02,training,05,231,0,0.0,0.0,0.1949885596453893,0.18993204379118017
P1,R02,training,05,232,0,0.0,0.0,0.1949885596453893,0.19007569854725456
P1,R02,training,05,233,0,0.0,0.0,0.1949885596453893,0.19021736243854265
P1,R02,training,05,234,0,0.0,0.0,0.1949885596453893,0.1903570308528961
P1,R02,training,05,235,0,0.0,0.0,0.1949885596453893,0.19049469924085335
P1,R02,training,05,236,0,0.0,0.0,0.1949885596453893,0.19063036311588658
P1,R02,training,05,237,0,0.0,0.0,0.1949885596453893,0.19076401805464513
P1,R02,training,05,238,0,0.0,0.0,0.1949885596453893,0.1908956596971962
P1,R02,training,05,239,0,0.0,0.0,0.1949885596453893,0.1910252837472616
P1,R02,training,05,240,0,0.0,0.0,0.22059303878147066,0.21625369234583253
P1,R02,training,05,241,0,0.0,0.0,0.22059303878147066,0.2163957583351169
P1,R02,training,05,242,0,0.0,0.0,0.22059303878147066,0.21653552764975031
P1,R02,training,05,243,0,0.0,0.0,0.22059303878147066,0.2166729957199574
P1,R02,training,05,244,0,0.0,0.0,0.22059303878147066,0.21680815804925974
P1,R02,training,05,245,0,0.0,0.0,0.22059303878147066,0.21694101021472076
P1,R02,training,05,246,0,0.0,0.0,0.22059303878147066,0.21707154786718708
P1,R02,training,05,247,0,0.0,0.0,0.22059303878147066,0.2171997667315259
P1,R02,training,05,248,0,0.0,0.0,0.22059303878147066,0.21732566260685804
P1,R02,training,05,249,0,0.0,0.0,0.22059303878147066,0.2174492313667876
P1,R02,training,05,250,0,0.0,0.0,0.22059303878147066,0.21757046895962714
P1,R02,training,05,251,0,0.0,0.0,0.22059303878147066,0.21768937140861935
P1,R02,training,05,252,0,0.0,0.0,0.22059303878147066,0.21780593481215424
P1,R02,training,05,253,0,0.0,0.0,0.22059303878147066,0.21792015534398249
P1,R02,training,05,254,0,0.0,0.0,0.22059303878147066,0.2180320292534249
P1,R02,training,05,255,0,0.0,0.0,0.22059303878147066,0.21814155286557768
P1,R02,training,05,256,0,0.0,0.33299246445543673,0.2661388652480936,0.2633105182762864
P1,R02,training,05,257,0,0.0,0.33299246445543673,0.2661388652480936,0.2634369711595343
P1,R02,training,05,258,0,0.0,0.33299246445543673,0.2661388652480936,0.2635605757297492
P1,R02,training,05,259,0,0.0,0.33299246445543673,0.2661388652480936,0.26368132792133075
P1,R02,training,05,260,0,0.0,0.33299246445543673,0.2661388652480936,0.263799223761263
P1,R02,training,05,261,0,0.0,0.33299246445543673,0.2661388652480936,0.263914259369333
P1,R02,training,05,262,0,0.0,0.33299246445543673,0.2661388652480936,0.2640264309583428
P1,R02,training,05,263,0,0.0,0.33299246445543673,0.2661388652480936,0.26413573483431807
P1,R02,training,05,264,0,0.0,0.33299246445543673,0.2661388652480936,0.26424216739671025
P1,R02,training,05,265,0,0.0,0.33299246445543673,0.2661388652480936,0.26434572513859456
P1,R02,training,05,266,0,0.0,0.33299246445543673,0.2661388652480936,0.2644464046468624
P1,R02,training,05,267,0,0.0,0.33299246445543673,0.2661388652480936,0.264544202602409
P1,R02,training,05,268,0,0.0,0.33299246445543673,0.2661388652480936,0.2646391157803155
P1,R02,training,05,269,0,0.0,0.33299246445543673,0.2661388652480936,0.2647311410500266
P1,R02,training,05,270,0,0.0,0.33299246445543673,0.2661388652480936,0.26482027537552216
P1,R02,training,05,271,0,0.0,0.33299246445543673,0.2661388652480936,0.2649065158154846
P1,R02,training,05,272,0,1.0,0.6670026513008883,0.29326174485224765,0.29199564107091136
P1,R02,training,05,273,0,1.0,0.6670026513008883,0.29326174485224765,0.29208428356825833
P1,R02,training,05,274,0,1.0,0.6670026513008883,0.29326174485224765,0.29216972816158765
P1,R02,training,05,275,0,1.0,0.6670026513008883,0.29326174485224765,0.2922519720289648
P1,R02,training,05,276,0,1.0,0.6670026513008883,0.29326174485224765,0.29233101245364307
P1,R02,training,05,277,0,1.0,0.6670026513008883,0.29326174485224765,0.29240684682421286
P1,R02,training,05,278,0,1.0,0.6670026513008883,0.29326174485224765,0.29247947263474583
P1,R02,training,05,279,0,1.0,0.6670026513008883,0.29326174485224765,0.29254888748493263
P1,R02,training,05,280,0,1.0,0.6670026513008883,0.29326174485224765,0.2926150890802152
P1,R02,training,05,281,0,1.0,0.6670026513008883,0.29326174485224765,0.2926780752319135
P1,R02,training,05,282,0,1.0,0.6670026513008883,0.29326174485224765,0.29273784385734547
P1,R02,training,05,283,0,1.0,0.6670026513008883,0.29326174485224765,0.2927943929799423
P1,R02,training,05,284,0,1.0,0.6670026513008883,0.29326174485224765,0.29284772072935733
P1,R02,training,05,285,0,1.0,0.6670026513008883,0.29326174485224765,0.2928978253415689
P1,R02,training,05,286,0,1.0,0.6670026513008883,0.29326174485224765,0.29294470515897775
P1,R02,training,05,287,0,1.0,0.6670026513008883,0.29326174485224765,0.2929883586304986
P1,R02,training,05,288,0,0.0,0.6661465817994822,0.31921495548477147,0.318961378296804
P1,R02,training,05,289,0,0.0,0.6661465817994822,0.31921495548477147,0.31900186668714997
P1,R02,training,05,290,0,0.0,0.6661465817994822,0.31921495548477147,0.3190388388364667
P1,R02,training,05,291,0,0.0,0.6661465817994822,0.31921495548477147,0.31907229352102784
P1,R02,training,05,292,0,0.0,0.6661465817994822,0.31921495548477147,0.3191022296334484
P1,R02,training,05,293,0,0.0,0.6661465817994822,0.31921495548477147,0.3191286461827464
P1,R02,training,05,294,0,0.0,0.6661465817994822,0.31921495548477147,0.319151542294397
P1,R02,training,05,295,0,0.0,0.6661465817994822,0.31921495548477147,0.3191709172103814
P1,R02,training,05,296,0,0.0,0.6661465817994822,0.31921495548477147,0.319186770289228
P1,R02,training,05,297,0,0.0,0.6661465817994822,0.31921495548477147,0.3191991010060482
P1,R02,training,05,298,0,0.0,0.6661465817994822,0.31921495548477147,0.3192079089525653
P1,R02,training,05,299,0,0.0,0.6661465817994822,0.31921495548477147,0.319213193837137
P1,R02,training,05,300,0,0.0,0.6661465817994822,0.31921495548477147,0.31921495548477147
P1,R02,training,05,301,0,0.0,0.6661465817994822,0.31921495548477147,0.319213193837137
P1,R02,training,05,302,0,0.0,0.6661465817994822,0.31921495548477147,0.3192079089525653
P1,R02,training,05,303,0,0.0,0.6661465817994822,0.31921495548477147,0.3191991010060482
P1,R02,training,05,304,0,1.0,0.33383363910056063,0.34378365328207705,0.34375329878481453
P1,R02,training,05,305,0,1.0,0.33383363910056063,0.34378365328207705,0.34373622555792466
P1,R02,training,05,306,0,1.0,0.33383363910056063,0.34378365328207705,0.34371535943218495
P1,R02,training,05,307,0,1.0,0.33383363910056063,0.34378365328207705,0.34369070109843847
P1,R02,training,05,308,0,1.0,0.33383363910056063,0.34378365328207705,0.34366225137304585
P1,R02,training,05,309,0,1.0,0.33383363910056063,0.34378365328207705,0.3436300111978404
P1,R02,training,05,310,0,1.0,0.33383363910056063,0.34378365328207705,0.34359398164007626
P1,R02,training,05,311,0,1.0,0.33383363910056063,0.34378365328207705,0.34355416389236926
P1,R02,training,05,312,0,1.0,0.33383363910056063,0.34378365328207705,0.3435105592726311
P1,R02,training,05,313,0,1.0,0.33383363910056063,0.34378365328207705,0.34346316922399706
P1,R02,training,05,314,0,1.0,0.33383363910056063,0.34378365328207705,0.343411995314746
P1,R02,training,05,315,0,1.0,0.33383363910056063,0.34378365328207705,0.3433570392382139
P1,R02,training,05,316,0,1.0,0.33383363910056063,0.34378365328207705,0.34329830281270074
P1,R02,training,05,317,0,1.0,0.33383363910056063,0.34378365328207705,0.34323578798137
P1,R02,training,05,318,0,1.0,0.33383363910056063,0.34378365328207705,0.34316949681214154
P1,R02,training,05,319,0,1.0,0.33383363910056063,0.34378365328207705,0.34309943149757754
P1,R02,training,05,320,0,0.0,0.33303580493607166,0.34763817790414503,0.34687161957096113
P1,R02,training,05,321,0,0.0,0.33303580493607166,0.34763817790414503,0.3467931429119274
P1,R02,training,05,322,0,0.0,0.33303580493607166,0.34763817790414503,0.3467108571980148
P1,R02,training,05,323,0,0.0,0.33303580493607166,0.34763817790414503,0.34662476514923696
P1,R02,training,05,324,0,0.0,0.33303580493607166,0.34763817790414503,0.3465348696109673
P1,R02,training,05,325,0,0.0,0.33303580493607166,0.34763817790414503,0.34644117355378207
P1,R02,training,05,326,0,0.0,0.33303580493607166,0.34763817790414503,0.3463436800732969
P1,R02,training,05,327,0,0.0,0.33303580493607166,0.34763817790414503,0.3462423923899964
P1,R02,training,05,328,0,0.0,0.33303580493607166,0.34763817790414503,0.3461373138490565
P1,R02,training,05,329,0,0.0,0.33303580493607166,0.34763817790414503,0.34602844792016074
P1,R02,training,05,330,0,0.0,0.33303580493607166,0.34763817790414503,0.34591579819730933
P1,R02,training,05,331,0,0.0,0.33303580493607166,0.34763817790414503,0.3457993683986209
P1,R02,training,05,332,0,0.0,0.33303580493607166,0.34763817790414503,0.3456791623661286
P1,R02,training,05,333,0,0.0,0.33303580493607166,0.34763817790414503,0.34555518406556823
P1,R02,training,05,334,0,0.0,0.33303580493607166,0.34763817790414503,0.3454274375861607
P1,R02,training,05,335,0,0.0,0.33303580493607166,0.34763817790414503,0.3452959271403868
P1,R02,training,05,336,0,0.0,0.3330223410866592,0.3483486788172688,0.3458660944340032
P1,R02,training,05,337,0,0.0,0.3330223410866592,0.3483486788172688,0.3457267850458088
P1,R02,training,05,338,0,0.0,0.3330223410866592,0.3483486788172688,0.34558371740046473
P1,R02,training,05,339,0,0.0,0.3330223410866592,0.3483486788172688,0.3454368962107224
P1,R02,training,05,340,0,0.0,0.3330223410866592,0.3483486788172688,0.3452863263116182
P1,R02,training,05,341,0,0.0,0.3330223410866592,0.3483486788172688,0.34513201266020854
P1,R02,training,05,342,0,0.0,0.3330223410866592,0.3483486788172688,0.34497396033529726
P1,R02,training,05,343,0,0.0,0.3330223410866592,0.3483486788172688,0.34481217453715757
P1,R02,training,05,344,0,0.0,0.3330223410866592,0.3483486788172688,0.3446466605872466
P1,R02,training,05,345,0,0.0,0.3330223410866592,0.3483486788172688,0.3444774239279137
P1,R02,training,05,346,0,0.0,0.3330223410866592,0.3483486788172688,0.34430447012210247
P1,R02,training,05,347,0,0.0,0.3330223410866592,0.3483486788172688,0.34412780485304567
P1,R02,training,05,348,0,0.0,0.3330223410866592,0.3483486788172688,0.34394743392395394
P1,R02,training,05,349,0,0.0,0.3330223410866592,0.3483486788172688,0.3437633632576985
P1,R02,training,05,350,0,0.0,0.3330223410866592,0.3483486788172688,0.34357559889648676
P1,R02,training,05,351,0,0.0,0.3330223410866592,0.3483486788172688,0.34338414700153147
P1,R02,training,05,352,0,1.0,0.6669766054270829,0.3458965017819457,0.3407731579309923
P1,R02,training,05,353,0,1.0,0.6669766054270829,0.3458965017819457,0.34057574942206237
P1,R02,training,05,354,0,1.0,0.6669766054270829,0.3458965017819457,0.340374698396689
P1,R02,training,05,355,0,1.0,0.6669766054270829,0.3458965017819457,0.34017001144197656
P1,R02,training,05,356,0,1.0,0.6669766054270829,0.3458965017819457,0.3399616952614617
P1,R02,training,05,357,0,1.0,0.6669766054270829,0.3458965017819457,0.3397497566747473
P1,R02,training,05,358,0,1.0,0.6669766054270829,0.3458965017819457,0.33953420261713063
P1,R02,training,05,359,0,1.0,0.6669766054270829,0.3458965017819457,0.33931504013922464
P1,R02,training,05,360,0,1.0,0.6669766054270829,0.3458965017819457,0.33909227640657424
P1,R02,training,05,361,0,1.0,0.6669766054270829,0.3458965017819457,0.3388659186992654
P1,R02,training,05,362,0,1.0,0.6669766054270829,0.3458965017819457,0.3386359744115289
P1,R02,training,05,363,0,1.0,0.6669766054270829,0.3458965017819457,0.33840245105133765
P1,R02,training,05,364,0,1.0,0.6669766054270829,0.3458965017819457,0.3381653562399982
P1,R02,training,05,365,0,1.0,0.6669766054270829,0.3458965017819457,0.33792469771173633
P1,R02,training,05,366,0,1.0,0.6669766054270829,0.3458965017819457,0.3376804833132763
P1,R02,training,05,367,0,1.0,0.6669766054270829,0.3458965017819457,0.3374327210034149
P1,R02,training,05,368,0,0.0,0.6662276235048836,0.3403485430393655,0.331773244468281
P1,R02,training,05,369,0,0.0,0.6662276235048836,0.3403485430393655,0.33152249802951805
P1,R02,training,05,370,0,0.0,0.6662276235048836,0.3403485430393655,0.33126828473637887
P1,R02,training,05,371,0,0.0,0.6662276235048836,0.3403485430393655,0.3310106128567948
P1,R02,training,05,372,0,0.0,0.6662276235048836,0.3403485430393655,0.330749490766788
P1,R02,training,05,373,0,0.0,0.6662276235048836,0.3403485430393655,0.33048492695001813
P1,R02,training,05,374,0,0.0,0.6662276235048836,0.3403485430393655,0.33021692999732266
P1,R02,training,05,375,0,0.0,0.6662276235048836,0.3403485430393655,0.3299455086062522
P1,R02,training,05,376,0,0.0,0.6662276235048836,0.3403485430393655,0.32967067158060037
P1,R02,training,05,377,0,0.0,0.6662276235048836,0.3403485430393655,0.32939242782992745
P1,R02,training,05,378,0,0.0,0.6662276235048836,0.3403485430393655,0.3291107863690793
P1,R02,training,05,379,0,0.0,0.6662276235048836,0.3403485430393655,0.32882575631770106
P1,R02,training,05,380,0,0.0,0.6662276235048836,0.3403485430393655,0.32853734689974434
P1,R02,training,05,381,0,0.0,0.6662276235048836,0.3403485430393655,0.32824556744297056
P1,R02,training,05,382,0,0.0,0.6662276235048836,0.3403485430393655,0.3279504273784477
P1,R02,training,05,383,0,0.0,0.6662276235048836,0.3403485430393655,0.3276519362400428
P1,R02,training,05,384,0,1.0,0.3337566536558348,0.31421678631233224,0.3022163593054818
P1,R02,training,05,385,0,1.0,0.3337566536558348,0.31421678631233224,0.30193462535936855
P1,R02,training,05,386,0,1.0,0.3337566536558348,0.31421678631233224,0.30164982460307516
P1,R02,training,05,387,0,1.0,0.3337566536558348,0.31421678631233224,0.30136196621330297
P1,R02,training,05,388,0,1.0,0.3337566536558348,0.31421678631233224,0.30107105945924306
P1,R02,training,05,389,0,1.0,0.3337566536558348,0.31421678631233224,0.30077711370207916
P1,R02,training,05,390,0,1.0,0.3337566536558348,0.31421678631233224,0.30048013839448545
P1,R02,training,05,391,0,1.0,0.3337566536558348,0.31421678631233224,0.3001801430801204
P1,R02,training,05,392,0,1.0,0.3337566536558348,0.31421678631233224,0.2998771373931158
P1,R02,training,05,393,0,1.0,0.3337566536558348,0.31421678631233224,0.29957113105756095
P1,R02,training,05,394,0,1.0,0.3337566536558348,0.31421678631233224,0.29926213388698314
P1,R02,training,05,395,0,1.0,0.3337566536558348,0.31421678631233224,0.2989501557838233
P1,R02,training,05,396,0,1.0,0.3337566536558348,0.31421678631233224,0.298635206738907
P1,R02,training,05,397,0,1.0,0.3337566536558348,0.31421678631233224,0.2983172968309119
P1,R02,training,05,398,0,1.0,0.3337566536558348,0.31421678631233224,0.29799643622583016
P1,R02,training,05,399,0,1.0,0.3337566536558348,0.31421678631233224,0.2976726351764271
P1,R02,training,05,400,0,0.0,0.33306267373864973,0.2691098566799659,0.25466084913781306
P1,R02,training,05,401,0,0.0,0.33306267373864973,0.2691098566799659,0.25437852084432006
P1,R02,training,05,402,0,0.0,0.33306267373864973,0.2691098566799659,0.2540937010017159
P1,R02,training,05,403,0,0.0,0.33306267373864973,0.2691098566799659,0.2538063986835017
P1,R02,training,05,404,0,0.0,0.33306267373864973,0.2691098566799659,0.2535166230351226
P1,R02,training,05,405,0,0.0,0.33306267373864973,0.2691098566799659,0.25322438327348323
P1,R02,training,05,406,0,0.0,0.33306267373864973,0.2691098566799659,0.2529296886864591
P1,R02,training,05,407,0,0.0,0.33306267373864973,0.2691098566799659,0.25263254863240514
P1,R02,training,05,408,0,0.0,0.33306267373864973,0.2691098566799659,0.2523329725396608
P1,R02,training,05,409,0,0.0,0.33306267373864973,0.2691098566799659,0.2520309699060517
P1,R02,training,05,410,0,0.0,0.33306267373864973,0.2691098566799659,0.25172655029838825
P1,R02,training,05,411,0,0.0,0.33306267373864973,0.2691098566799659,0.2514197233519608
P1,R02,training,05,412,0,0.0,0.33306267373864973,0.2691098566799659,0.25111049877003205
P1,R02,training,05,413,0,0.0,0.33306267373864973,0.2691098566799659,0.25079888632332603
P1,R02,training,05,414,0,0.0,0.33306267373864973,0.2691098566799659,0.25048489584951367
P1,R02,training,05,415,0,0.0,0.33306267373864973,0.2691098566799659,0.25016853725269617
P1,R02,training,05,416,0,1.0,0.3336741083480933,0.22452829256500653,0.20845893304421026
P1,R02,training,05,417,0,1.0,0.3336741083480933,0.22452829256500653,0.2081910567673206
P1,R02,training,05,418,0,1.0,0.3336741083480933,0.22452829256500653,0.20792122979621502
P1,R02,training,05,419,0,1.0,0.3336741083480933,0.22452829256500653,0.2076494606115864
P1,R02,training,05,420,0,1.0,0.3336741083480933,0.22452829256500653,0.2073757577473583
P1,R02,training,05,421,0,1.0,0.3336741083480933,0.22452829256500653,0.20710012979023867
P1,R02,training,05,422,0,1.0,0.3336741083480933,0.22452829256500653,0.20682258537927162
P1,R02,training,05,423,0,1.0,0.3336741083480933,0.22452829256500653,0.20654313320538645
P1,R02,training,05,424,0,1.0,0.3336741083480933,0.22452829256500653,0.20626178201094492
P1,R02,training,05,425,0,1.0,0.3336741083480933,0.22452829256500653,0.20597854058928594
P1,R02,training,05,426,0,1.0,0.3336741083480933,0.22452829256500653,0.20569341778426814
P1,R02,training,05,427,0,1.0,0.3336741083480933,0.22452829256500653,0.20540642248981042
P1,R02,training,05,428,0,1.0,0.3336741083480933,0.22452829256500653,0.20511756364943018
P1,R02,training,05,429,0,1.0,0.3336741083480933,0.22452829256500653,0.20482685025577954
P1,R02,training,05,430,0,1.0,0.3336741083480933,0.22452829256500653,0.20453429135017956
P1,R02,training,05,431,0,1.0,0.3336741083480933,0.22452829256500653,0.20423989602215234
P1,R02,training,05,432,0,0.0,0.0,0.1984005386316822,0.18021129628082347
P1,R02,training,05,433,0,0.0,0.0,0.1984005386316822,0.1799479377637789
P1,R02,training,05,434,0,0.0,0.0,0.1984005386316822,0.17968298087063744
P1,R02,training,05,435,0,0.0,0.0,0.1984005386316822,0.17941643379939703
P1,R02,training,05,436,0,0.0,0.0,0.1984005386316822,0.1791483047885548
P1,R02,training,05,437,0,0.0,0.0,0.1984005386316822,0.17887860211668347
P1,R02,training,05,438,0,0.0,0.0,0.1984005386316822,0.17860733410200622
P1,R02,training,05,439,0,0.0,0.0,0.1984005386316822,0.17833450910197
P1,R02,training,05,440,0,0.0,0.0,0.1984005386316822,0.17806013551281746
P1,R02,training,05,441,0,0.0,0.0,0.1984005386316822,0.17778422176915726
P1,R02,training,05,442,0,0.0,0.0,0.1984005386316822,0.17750677634353282
P1,R02,training,05,443,0,0.0,0.0,0.1984005386316822,0.17722780774598995
P1,R02,training,05,444,0,0.0,0.0,0.1984005386316822,0.17694732452364278
P1,R02,training,05,445,0,0.0,0.0,0.1984005386316822,0.17666533526023848
P1,R02,training,05,446,0,0.0,0.0,0.1984005386316822,0.17638184857572067
P1,R02,training,05,447,0,0.0,0.0,0.1984005386316822,0.17609687312579142
P1,R02,training,05,448,0,0.0,0.0,0.1720895561768788,0.152495234866654
P1,R02,training,05,449,0,0.0,0.0,0.1720895561768788,0.15224549155398515
P1,R02,training,05,450,0,0.0,0.0,0.1720895561768788,0.15199447961499188
P1,R02,training,05,451,0,0.0,0.0,0.1720895561768788,0.15174220667774127
P1,R02,training,05,452,0,0.0,0.0,0.1720895561768788,0.15148868039940136
P1,R02,training,05,453,0,0.0,0.0,0.1720895561768788,0.15123390846585516
P1,R02,training,05,454,0,0.0,0.0,0.1720895561768788,0.15097789859131353
P1,R02,training,05,455,0,0.0,0.0,0.1720895561768788,0.15072065851792732
P1,R02,training,05,456,0,0.0,0.0,0.1720895561768788,0.1504621960153986
P1,R02,training,05,457,0,0.0,0.0,0.1720895561768788,0.15020251888059086
P1,R02,training,05,458,0,0.0,0.0,0.1720895561768788,0.14994163493713863
P1,R02,training,05,459,0,0.0,0.0,0.1720895561768788,0.149679552035056
P1,R02,training,05,460,0,0.0,0.0,0.1720895561768788,0.14941627805034477
P1,R02,training,05,461,0,0.0,0.0,0.1720895561768788,0.14915182088460135
P1,R02,training,05,462,0,0.0,0.0,0.1720895561768788,0.14888618846462343
P1,R02,training,05,463,0,0.0,0.0,0.1720895561768788,0.14861938874201552
P1,R02,training,05,464,0,0.0,0.0,0.14584766185402595,0.1257293564704014
P1,R02,training,05,465,0,0.0,0.0,0.14584766185402595,0.12550128266997276
P1,R02,training,05,466,0,0.0,0.0,0.14584766185402595,0.12527223990860062
P1,R02,training,05,467,0,0.0,0.0,0.14584766185402595,0.1250422350060954
P1,R02,training,05,468,0,0.0,0.0,0.14584766185402595,0.124811274801613
P1,R02,training,05,469,0,0.0,0.0,0.14584766185402595,0.1245793661533175
P1,R02,training,05,470,0,0.0,0.0,0.14584766185402595,0.12434651593804359
P1,R02,training,05,471,0,0.0,0.0,0.14584766185402595,0.12411273105095855
P1,R02,training,05,472,0,0.0,0.0,0.14584766185402595,0.12387801840522386
P1,R02,training,05,473,0,0.0,0.0,0.14584766185402595,0.12364238493165647
P1,R02,training,05,474,0,0.0,0.0,0.14584766185402595,0.12340583757838965
P1,R02,training,05,475,0,0.0,0.0,0.14584766185402595,0.12316838331053362
P1,R02,training,05,476,0,0.0,0.0,0.14584766185402595,0.12293002910983589
P1,R02,training,05,477,0,0.0,0.0,0.14584766185402595,0.12269078197434125
P1,R02,training,05,478,0,0.0,0.0,0.14584766185402595,0.12245064891805159
P1,R02,training,05,479,0,0.0,0.0,0.14584766185402595,0.12220963697058551
P1,R02,training,05,480,0,0.0,0.0,0.10227751834823995,0.08553143022562124
P1,R02,training,05,481,0,0.0,0.0,0.10227751834823995,0.08536119971215424
P1,R02,training,05,482,0,0.0,0.0,0.10227751834823995,0.08519036771727499
P1,R02,training,05,483,0,0.0,0.0,0.10227751834823995,0.08501893921200836
P1,R02,training,05,484,0,0.0,0.0,0.10227751834823995,0.08484691917713526
P1,R02,training,05,485,0,0.0,0.0,0.10227751834823995,0.0846743126029533
P1,R02,training,05,486,0,0.0,0.0,0.10227751834823995,0.08450112448903756
P1,R02,training,05,487,0,0.0,0.0,0.10227751834823995,0.08432735984400107
P1,R02,training,05,488,0,0.0,0.0,0.10227751834823995,0.08415302368525548
P1,R02,training,05,489,0,0.0,0.0,0.10227751834823995,0.08397812103877174
P1,R02,training,05,490,0,0.0,0.0,0.10227751834823995,0.08380265693884063
P1,R02,training,05,491,0,0.0,0.0,0.10227751834823995,0.08362663642783352
P1,R02,training,05,492,0,0.0,0.0,0.10227751834823995,0.08345006455596309
P1,R02,training,05,493,0,0.0,0.0,0.10227751834823995,0.08327294638104406
P1,R02,training,05,494,0,0.0,0.0,0.10227751834823995,0.08309528696825422
P1,R02,training,05,495,0,0.0,0.0,0.10227751834823995,0.08291709138989528
P1,R02,training,05,496,0,0.0,0.0,0.060825768373078876,0.049205579971193555
P1,R02,training,05,497,0,0.0,0.0,0.060825768373078876,0.049098976083307926
P1,R02,training,05,498,0,0.0,0.0,0.060825768373078876,0.048992062404486565
P1,R02,training,05,499,0,0.0,0.0,0.060825768373078876,0.04888484196682012
P1,R02,training,05,500,0,0.0,0.0,0.060825768373078876,0.04877731780592645
P1,R02,training,05,501,0,0.0,0.0,0.060825768373078876,0.048669492960809024
P1,R02,training,05,502,0,0.0,0.0,0.060825768373078876,0.04856137047371547
P1,R02,training,05,503,0,0.0,0.0,0.060825768373078876,0.04845295338999624
P1,R02,training,05,504,0,0.0,0.0,0.060825768373078876,0.04834424475796338
P1,R02,training,05,505,0,0.0,0.0,0.060825768373078876,0.04823524762874955
P1,R02,training,05,506,0,0.0,0.0,0.060825768373078876,0.048125965056167064
P1,R02,training,05,507,0,0.0,0.0,0.060825768373078876,0.04801640009656726
P1,R02,training,05,508,0,0.0,0.0,0.060825768373078876,0.04790655580869991
P1,R02,training,05,509,0,0.0,0.0,0.060825768373078876,0.04779643525357288
P1,R02,training,05,510,0,0.0,0.0,0.060825768373078876,0.04768604149431199
P1,R02,training,05,511,0,0.0,0.0,0.060825768373078876,0.04757537759602106
P1,R02,training,05,512,0,0.0,0.0,0.03934454500686732,0.030701906551091923
P1,R02,training,05,513,0,0.0,0.0,0.03934454500686732,0.03062998118509571
P1,R02,training,05,514,0,0.0,0.0,0.03934454500686732,0.03055788703701672
P1,R02,training,05,515,0,0.0,0.0,0.03934454500686732,0.03048562609370236
P1,R02,training,05,516,0,0.0,0.0,0.03934454500686732,0.030413200342829065
P1,R02,training,05,517,0,0.0,0.0,0.03934454500686732,0.030340611772812665
P1,R02,training,05,518,0,0.0,0.0,0.03934454500686732,0.030267862372718966
P1,R02,training,05,519,0,0.0,0.0,0.03934454500686732,0.030194954132174455
P1,R02,training,05,520,0,0.0,0.0,0.03934454500686732,0.03012188904127726
P1,R02,training,05,521,0,0.0,0.0,0.03934454500686732,0.030048669090508226
P1,R02,training,05,522,0,0.0,0.0,0.03934454500686732,0.029975296270642254
P1,R02,training,05,523,0,0.0,0.0,0.03934454500686732,0.02990177257265975
P1,R02,training,05,524,0,0.0,0.0,0.03934454500686732,0.029828099987658382
P1,R02,training,05,525,0,0.0,0.0,0.03934454500686732,0.02975428050676496
P1,R02,training,05,526,0,0.0,0.0,0.03934454500686732,0.029680316121047576
P1,R02,training,05,527,0,0.0,0.0,0.03934454500686732,0.02960620882142797
P1,R02,training,05,528,0,0.0,0.0,0.019050035535861185,0.014298930099424817
P1,R02,training,05,529,0,0.0,0.0,0.019050035535861185,0.014262912960101138
P1,R02,training,05,530,0,0.0,0.0,0.019050035535861185,0.01422682951509548
P1,R02,training,05,531,0,0.0,0.0,0.019050035535861185,0.014190680727676486
P1,R02,training,05,532,0,0.0,0.0,0.019050035535861185,0.014154467560831427
P1,R02,training,05,533,0,0.0,0.0,0.019050035535861185,0.014118190977224457
P1,R02,training,05,534,0,0.0,0.0,0.019050035535861185,0.01408185193915498
P1,R02,training,05,535,0,0.0,0.0,0.019050035535861185,0.01404545140851617
P1,R02,training,05,536,0,0.0,0.0,0.019050035535861185,0.014008990346753583
P1,R02,training,05,537,0,0.0,0.0,0.019050035535861185,0.01397246971482395
P1,R02,training,05,538,0,0.0,0.0,0.019050035535861185,0.013935890473154048
P1,R02,training,05,539,0,0.0,0.0,0.019050035535861185,0.013899253581599757
P1,R02,training,05,540,0,0.0,0.0,0.019050035535861185,0.013862559999405213
P1,R02,training,05,541,0,0.0,0.0,0.019050035535861185,0.013825810685162141
P1,R02,training,05,542,0,0.0,0.0,0.019050035535861185,0.013789006596769298
P1,R02,training,05,543,0,0.0,0.0,0.019050035535861185,0.013752148691392083
P1,R02,training,05,544,0,0.0,0.0,0.0,0.0
P1,R02,training,05,545,0,0.0,0.0,0.0,0.0
P1,R02,training,05,546,0,0.0,0.0,0.0,0.0
P1,R02,training,05,547,0,0.0,0.0,0.0,0.0
P1,R02,training,05,548,0,0.0,0.0,0.0,0.0
P1,R02,training,05,549,0,0.0,0.0,0.0,0.0
P1,R02,training,05,550,0,0.0,0.0,0.0,0.0
P1,R02,training,05,551,0,0.0,0.0,0.0,0.0
P1,R02,training,05,552,0,0.0,0.0,0.0,0.0
P1,R02,training,05,553,0,0.0,0.0,0.0,0.0
P1,R02,training,05,554,0,0.0,0.0,0.0,0.0
P1,R02,training,05,555,0,0.0,0.0,0.0,0.0
P1,R02,training,05,556,0,0.0,0.0,0.0,0.0
P1,R02,training,05,557,0,0.0,0.0,0.0,0.0
P1,R02,training,05,558,0,0.0,0.0,0.0,0.0
P1,R02,training,05,559,0,0.0,0.0,0.0,0.0
P1,R02,training,05,560,0,0.0,0.0,0.0,0.0
P1,R02,training,05,561,0,0.0,0.0,0.0,0.0
P1,R02,training,05,562,0,0.0,0.0,0.0,0.0
P1,R02,training,05,563,0,0.0,0.0,0.0,0.0
P1,R02,training,05,564,0,0.0,0.0,0.0,0.0
P1,R02,training,05,565,0,0.0,0.0,0.0,0.0
P1,R02,training,05,566,0,0.0,0.0,0.0,0.0
P1,R02,training,05,567,0,0.0,0.0,0.0,0.0
P1,R02,training,05,568,0,0.0,0.0,0.0,0.0
P1,R02,training,05,569,0,0.0,0.0,0.0,0.0
P1,R02,training,05,570,0,0.0,0.0,0.0,0.0
P1,R02,training,05,571,0,0.0,0.0,0.0,0.0
P1,R02,training,05,572,0,0.0,0.0,0.0,0.0
P1,R02,training,05,573,0,0.0,0.0,0.0,0.0
P1,R02,training,05,574,0,0.0,0.0,0.0,0.0
P1,R02,training,05,575,0,0.0,0.0,0.0,0.0
P1,R02,training,05,576,0,0.0,0.0,0.0,0.0
P1,R02,training,05,577,0,0.0,0.0,0.0,0.0
P1,R02,training,05,578,0,0.0,0.0,0.0,0.0
P1,R02,training,05,579,0,0.0,0.0,0.0,0.0
P1,R02,training,05,580,0,0.0,0.0,0.0,0.0
P1,R02,training,05,581,0,0.0,0.0,0.0,0.0
P1,R02,training,05,582,0,0.0,0.0,0.0,0.0
P1,R02,training,05,583,0,0.0,0.0,0.0,0.0
P1,R02,training,05,584,0,0.0,0.0,0.0,0.0
P1,R02,training,05,585,0,0.0,0.0,0.0,0.0
P1,R02,training,05,586,0,0.0,0.0,0.0,0.0
P1,R02,training,05,587,0,0.0,0.0,0.0,0.0
P1,R02,training,05,588,0,0.0,0.0,0.0,0.0
P1,R02,training,05,589,0,0.0,0.0,0.0,0.0
P1,R02,training,05,590,0,0.0,0.0,0.0,0.0
P1,R02,training,05,591,0,0.0,0.0,0.0,0.0
P1,R02,training,05,592,0,0.0,0.0,0.0,0.0
P1,R02,training,05,593,0,0.0,0.0,0.0,0.0
P1,R02,training,05,594,0,0.0,0.0,0.0,0.0
P1,R02,training,05,595,0,0.0,0.0,0.0,0.0
P1,R02,training,05,596,0,0.0,0.0,0.0,0.0
P1,R02,training,05,597,0,0.0,0.0,0.0,0.0
P1,R02,training,05,598,0,0.0,0.0,0.0,0.0
P1,R02,training,05,599,0,0.0,0.0,0.0,0.0
P1,R02,training,05,600,0,0.0,0.0,0.0,0.0
P1,R02,training,05,601,0,0.0,0.0,0.0,0.0
P2,R02,training,05,0,0,0.0,0.0,0.019022539629869644,0.011576084776984888
P2,R02,training,05,1,0,0.0,0.0,0.019022539629869644,0.01161441519506383
P2,R02,training,05,2,0,0.0,0.0,0.019022539629869644,0.011652743915011251
P2,R02,training,05,3,0,0.0,0.0,0.019022539629869644,0.011691070083732456
P2,R02,training,05,4,0,0.0,0.0,0.019022539629869644,0.011729392845406797
P2,R02,training,05,5,0,0.0,0.0,0.019022539629869644,0.011767711341516548
P2,R02,training,05,6,0,0.0,0.0,0.019022539629869644,0.011806024710876046
P2,R02,training,05,7,0,0.0,0.0,0.019022539629869644,0.011844332089661043
P2,R02,training,05,8,0,0.0,0.0,0.019022539629869644,0.011882632611438328
P2,R02,training,05,9,0,0.0,0.0,0.019022539629869644,0.011920925407195557
P2,R02,training,05,10,0,0.0,0.0,0.019022539629869644,0.011959209605371364
P2,R02,training,05,11,0,0.0,0.0,0.019022539629869644,0.011997484331885673
P2,R02,training,05,12,0,0.0,0.0,0.019022539629869644,0.012035748710170257
P2,R02,training,05,13,0,0.0,0.0,0.019022539629869644,0.012074001861199554
P2,R02,training,05,14,0,0.0,0.0,0.019022539629869644,0.012112242903521687
P2,R02,training,05,15,0,0.0,0.0,0.019022539629869644,0.012150470953289727
P2,R02,training,05,16,0,0.0,0.0,0.02030007483272133,0.013007265325766857
P2,R02,training,05,17,0,0.0,0.0,0.02030007483272133,0.013048030164147795
P2,R02,training,05,18,0,0.0,0.0,0.02030007483272133,0.013088778292793698
P2,R02,training,05,19,0,0.0,0.0,0.02030007483272133,0.013129508758614341
P2,R02,training,05,20,0,0.0,0.0,0.02030007483272133,0.013170220606134105
P2,R02,training,05,21,0,0.0,0.0,0.02030007483272133,0.013210912877526805
P2,R02,training,05,22,0,0.0,0.0,0.02030007483272133,0.013251584612650762
P2,R02,training,05,23,0,0.0,0.0,0.02030007483272133,0.013292234849084096
P2,R02,training,05,24,0,0.0,0.0,0.02030007483272133,0.01333286262216026
P2,R02,training,05,25,0,0.0,0.0,0.02030007483272133,0.013373466965003819
P2,R02,training,05,26,0,0.0,0.0,0.02030007483272133,0.013414046908566436
P2,R02,training,05,27,0,0.0,0.0,0.02030007483272133,0.013454601481663121
P2,R02,training,05,28,0,0.0,0.0,0.02030007483272133,0.01349512971100867
P2,R02,training,05,29,0,0.0,0.0,0.02030007483272133,0.013535630621254369
P2,R02,training,05,30,0,0.0,0.0,0.02030007483272133,0.013576103235024882
P2,R02,training,05,31,0,0.0,0.0,0.02030007483272133,0.013616546572955409
P2,R02,training,05,32,0,0.0,0.0,0.021447853541721934,0.014429132547149295
P2,R02,training,05,33,0,0.0,0.0,0.021447853541721934,0.01447179760161163
P2,R02,training,05,34,0,0.0,0.0,0.021447853541721934,0.014514428608527955
P2,R02,training,05,35,0,0.0,0.0,0.021447853541721934,0.0145570245251487
P2,R02,training,05,36,0,0.0,0.0,0.021447853541721934,0.014599584306821957
P2,R02,training,05,37,0,0.0,0.0,0.021447853541721934,0.01464210690703409
P2,R02,training,05,38,0,0.0,0.0,0.021447853541721934,0.014684591277450568
P2,R02,training,05,39,0,0.0,0.0,0.021447853541721934,0.014727036367957
P2,R02,training,05,40,0,0.0,0.0,0.021447853541721934,0.014769441126700412
P2,R02,training,05,41,0,0.0,0.0,0.021447853541721934,0.01481180450013072
P2,R02,training,05,42,0,0.0,0.0,0.021447853541721934,0.014854125433042415
P2,R02,training,05,43,0,0.0,0.0,0.021447853541721934,0.014896402868616498
P2,R02,training,05,44,0,0.0,0.0,0.021447853541721934,0.014938635748462558
P2,R02,training,05,45,0,0.0,0.0,0.021447853541721934,0.01498082301266112
P2,R02,training,05,46,0,0.0,0.0,0.021447853541721934,0.01502296359980615
P2,R02,training,05,47,0,0.0,0.0,0.021447853541721934,0.015065056447047807
P2,R02,training,05,48,0,0.0,0.0,0.022435052339882983,0.015802447995122204
P2,R02,training,05,49,0,0.0,0.0,0.022435052339882983,0.015846375070373907
P2,R02,training,05,50,0,0.0,0.0,0.022435052339882983,0.01589024886443342
P2,R02,training,05,51,0,0.0,0.0,0.022435052339882983,0.015934068259940187
P2,R02,training,05,52,0,0.0,0.0,0.022435052339882983,0.015977832138249954
P2,R02,training,05,53,0,0.0,0.0,0.022435052339882983,0.016021539379480667
P2,R02,training,05,54,0,0.0,0.0,0.022435052339882983,0.0160651888625586
P2,R02,training,05,55,0,0.0,0.0,0.022435052339882983,0.016108779465264633
P2,R02,training,05,56,0,0.0,0.0,0.022435052339882983,0.01615231006428077
P2,R02,training,05,57,0,0.0,0.0,0.022435052339882983,0.016195779535236814
P2,R02,training,05,58,0,0.0,0.0,0.022435052339882983,0.016239186752757203
P2,R02,training,05,59,0,0.0,0.0,0.022435052339882983,0.016282530590508097
P2,R02,training,05,60,0,0.0,0.0,0.022435052339882983,0.01632580992124457
P2,R02,training,05,61,0,0.0,0.0,0.022435052339882983,0.016369023616858033
P2,R02,training,05,62,0,0.0,0.0,0.022435052339882983,0.0164121705484238
P2,R02,training,05,63,0,0.0,0.0,0.022435052339882983,0.016455249586248822
P2,R02,training,05,64,0,0.0,0.0,0.023234182371133925,0.01708592280256937
P2,R02,training,05,65,0,0.0,0.0,0.023234182371133925,0.017130392166253356
P2,R02,training,05,66,0,0.0,0.0,0.023234182371133925,0.017174787703766983
P2,R02,training,05,67,0,0.0,0.0,0.023234182371133925,0.01721910824249293
P2,R02,training,05,68,0,0.0,0.0,0.023234182371133925,0.017263352609267958
P2,R02,training,05,69,0,0.0,0.0,0.023234182371133925,0.01730751963043338
P2,R02,training,05,70,0,0.0,0.0,0.023234182371133925,0.017351608131885632
P2,R02,training,05,71,0,0.0,0.0,0.023234182371133925,0.01739561693912707
P2,R02,training,05,72,0,0.0,0.0,0.023234182371133925,0.017439544877316873
P2,R02,training,05,73,0,0.0,0.0,0.023234182371133925,0.01748339077132211
P2,R02,training,05,74,0,0.0,0.0,0.023234182371133925,0.01752715344576894
P2,R02,training,05,75,0,0.0,0.0,0.023234182371133925,0.01757083172509398
P2,R02,training,05,76,0,0.0,0.0,0.023234182371133925,0.017614424433595777
P2,R02,training,05,77,0,0.0,0.0,0.023234182371133925,0.017657930395486448
P2,R02,training,05,78,0,0.0,0.0,0.023234182371133925,0.017701348434943445
P2,R02,training,05,79,0,0.0,0.0,0.023234182371133925,0.017744677376161415
P2,R02,training,05,80,0,0.0,0.0,0.02382235849814574,0.01823821928192146
P2,R02,training,05,81,0,0.0,0.0,0.02382235849814574,0.018282458776589624
P2,R02,training,05,82,0,0.0,0.0,0.02382235849814574,0.018326603301413006
P2,R02,training,05,83,0,0.0,0.0,0.02382235849814574,0.018370651651425814
P2,R02,training,05,84,0,0.0,0.0,0.02382235849814574,0.01841460262194782
P2,R02,training,05,85,0,0.0,0.0,0.02382235849814574,0.01845845500863827
P2,R02,training,05,86,0,0.0,0.0,0.02382235849814574,0.018502207607549972
P2,R02,training,05,87,0,0.0,0.0,0.02382235849814574,0.018545859215183414
P2,R02,training,05,88,0,0.0,0.0,0.02382235849814574,0.01858940862854105
P2,R02,training,05,89,0,0.0,0.0,0.02382235849814574,0.01863285464518163
P2,R02,training,05,90,0,0.0,0.0,0.02382235849814574,0.018676196063274687
P2,R02,training,05,91,0,0.0,0.0,0.02382235849814574,0.01871943168165505
P2,R02,training,05,92,0,0.0,0.0,0.02382235849814574,0.01876256029987752
P2,R02,training,05,93,0,0.0,0.0,0.02382235849814574,0.018805580718271573
P2,R02,training,05,94,0,0.0,0.0,0.02382235849814574,0.018848491737996177
P2,R02,training,05,95,0,0.0,0.0,0.02382235849814574,0.018891292161094683
P2,R02,training,05,96,0,0.0,0.0,0.024182387341427036,0.01922013126567015
P2,R02,training,05,97,0,0.0,0.0,0.024182387341427036,0.019263350353854142
P2,R02,training,05,98,0,0.0,0.0,0.024182387341427036,0.01930645353171859
P2,R02,training,05,99,0,0.0,0.0,0.024182387341427036,0.01934943958735175
P2,R02,training,05,100,0,0.0,0.0,0.024182387341427036,0.019392307310019317
P2,R02,training,05,101,0,0.0,0.0,0.024182387341427036,0.019435055490220583
P2,R02,training,05,102,0,0.0,0.0,0.024182387341427036,0.019477682919744593
P2,R02,training,05,103,0,0.0,0.0,0.024182387341427036,0.019520188391726423
P2,R02,training,05,104,0,0.0,0.0,0.024182387341427036,0.01956257070070344
P2,R02,training,05,105,0,0.0,0.0,0.024182387341427036,0.019604828642671674
P2,R02,training,05,106,0,0.0,0.0,0.024182387341427036,0.019646961015142166
P2,R02,training,05,107,0,0.0,0.0,0.024182387341427036,0.019688966617197413
P2,R02,training,05,108,0,0.0,0.0,0.024182387341427036,0.019730844249547807
P2,R02,training,05,109,0,0.0,0.0,0.024182387341427036,0.019772592714588127
P2,R02,training,05,110,0,0.0,0.0,0.024182387341427036,0.01981421081645404
P2,R02,training,05,111,0,0.0,0.0,0.024182387341427036,0.01985569736107865
P2,R02,training,05,112,0,0.0,0.3331924991722112,0.024303602062406053,0.019996785540210324
P2,R02,training,05,113,0,0.0,0.3331924991722112,0.024303602062406053,0.02003821201100926
P2,R02,training,05,114,0,0.0,0.3331924991722112,0.024303602062406053,0.02007950267638406
P2,R02,training,05,115,0,0.0,0.3331924991722112,0.024303602062406053,0.02012065634407685
P2,R02,training,05,116,0,0.0,0.3331924991722112,0.024303602062406053,0.020161671823920528
P2,R02,training,05,117,0,0.0,0.3331924991722112,0.024303602062406053,0.02020254792789562
P2,R02,training,05,118,0,0.0,0.3331924991722112,0.024303602062406053,0.02024328347018721
P2,R02,training,05,119,0,0.0,0.3331924991722112,0.024303602062406053,0.020283877267241766
P2,R02,training,05,120,0,0.0,0.3331924991722112,0.024303602062406053,0.02032432813782404
P2,R02,training,05,121,0,0.0,0.3331924991722112,0.024303602062406053,0.020364634903073903
P2,R02,training,05,122,0,0.0,0.3331924991722112,0.024303602062406053,0.020404796386563187
P2,R02,training,05,123,0,0.0,0.3331924991722112,0.024303602062406053,0.020444811414352483
P2,R02,training,05,124,0,0.0,0.3331924991722112,0.024303602062406053,0.02048467881504796
P2,R02,training,05,125,0,0.0,0.3331924991722112,0.024303602062406053,0.020524397419858082
P2,R02,training,05,126,0,0.0,0.3331924991722112,0.024303602062406053,0.020563966062650374
P2,R02,training,05,127,0,0.0,0.3331924991722112,0.024303602062406053,0.020603383580008083
P2,R02,training,05,128,0,0.0,0.0,0.024182387341427036,0.020539693170822396
P2,R02,training,05,129,0,0.0,0.0,0.024182387341427036,0.02057860988735343
P2,R02,training,05,130,0,0.0,0.0,0.024182387341427036,0.020617372776125145
P2,R02,training,05,131,0,0.0,0.0,0.024182387341427036,0.02065598069089531
P2,R02,training,05,132,0,0.0,0.0,0.024182387341427036,0.02069443248840525
P2,R02,training,05,133,0,0.0,0.0,0.024182387341427036,0.020732727028435916
P2,R02,training,05,134,0,0.0,0.0,0.024182387341427036,0.02077086317386398
P2,R02,training,05,135,0,0.0,0.0,0.024182387341427036,0.02080883979071777
P2,R02,training,05,136,0,0.0,0.0,0.024182387341427036,0.0208466557482332
P2,R02,training,05,137,0,0.0,0.0,0.024182387341427036,0.020884309918909598
P2,R02,training,05,138,0,0.0,0.0,0.024182387341427036,0.020921801178565458
P2,R02,training,05,139,0,0.0,0.0,0.024182387341427036,0.020959128406394113
P2,R02,training,05,140,0,0.0,0.0,0.024182387341427036,0.020996290485019328
P2,R02,training,05,141,0,0.0,0.0,0.024182387341427036,0.021033286300550774
P2,R02,training,05,142,0,0.0,0.0,0.024182387341427036,0.021070114742639458
P2,R02,training,05,143,0,0.0,0.0,0.024182387341427036,0.021106774704533
P2,R02,training,05,144,0,0.0,0.0,0.04283347779791598,0.037450379184121314
P2,R02,training,05,145,0,0.0,0.0,0.04283347779791598,0.03751471108263745
P2,R02,training,05,146,0,0.0,0.0,0.04283347779791598,0.037578738715789095
P2,R02,training,05,147,0,0.0,0.0,0.04283347779791598,0.03764246014967992
P2,R02,training,05,148,0,0.0,0.0,0.04283347779791598,0.03770587345727116
P2,R02,training,05,149,0,0.0,0.0,0.04283347779791598,0.037768976718478356
P2,R02,training,05,150,0,0.0,0.0,0.04283347779791598,0.03783176802026794
P2,R02,training,05,151,0,0.0,0.0,0.04283347779791598,0.037894245456753566
P2,R02,training,05,152,0,0.0,0.0,0.04283347779791598,0.037956407129292165
P2,R02,training,05,153,0,0.0,0.0,0.04283347779791598,0.03801825114657986
P2,R02,training,05,154,0,0.0,0.0,0.04283347779791598,0.038079775624747514
P2,R02,training,05,155,0,0.0,0.0,0.04283347779791598,0.03814097868745613
P2,R02,training,05,156,0,0.0,0.0,0.04283347779791598,0.038201858465991924
P2,R02,training,05,157,0,0.0,0.0,0.04283347779791598,0.03826241309936114
P2,R02,training,05,158,0,0.0,0.0,0.04283347779791598,0.03832264073438461
P2,R02,training,05,159,0,0.0,0.0,0.04283347779791598,0.03838253952579202
P2,R02,training,05,160,0,0.0,0.0,0.06257909331564976,0.05616336484216816
P2,R02,training,05,161,0,0.0,0.0,0.06257909331564976,0.0562499072001544
P2,R02,training,05,162,0,0.0,0.0,0.06257909331564976,0.056335961105319465
P2,R02,training,05,163,0,0.0,0.0,0.06257909331564976,0.05642152390933763
P2,R02,training,05,164,0,0.0,0.0,0.06257909331564976,0.05650659297611999
P2,R02,training,05,165,0,0.0,0.0,0.06257909331564976,0.05659116568194958
P2,R02,training,05,166,0,0.0,0.0,0.06257909331564976,0.056675239415615856
P2,R02,training,05,167,0,0.0,0.0,0.06257909331564976,0.05675881157854887
P2,R02,training,05,168,0,0.0,0.0,0.06257909331564976,0.05684187958495281
P2,R02,training,05,169,0,0.0,0.0,0.06257909331564976,0.0569244408619391
P2,R02,training,05,170,0,0.0,0.0,0.06257909331564976,0.05700649284965897
P2,R02,training,05,171,0,0.0,0.0,0.06257909331564976,0.05708803300143545
P2,R02,training,05,172,0,0.0,0.0,0.06257909331564976,0.057169058783894944
P2,R02,training,05,173,0,0.0,0.0,0.06257909331564976,0.057249567677098115
P2,R02,training,05,174,0,0.0,0.0,0.06257909331564976,0.05732955717467032
P2,R02,training,05,175,0,0.0,0.0,0.06257909331564976,0.05740902478393147
P2,R02,training,05,176,0,0.0,0.0,0.0832215436139451,0.07645105074027173
P2,R02,training,05,177,0,0.0,0.0,0.0832215436139451,0.07655533372586594
P2,R02,training,05,178,0,0.0,0.0,0.0832215436139451,0.07665891283837473
P2,R02,training,05,179,0,0.0,0.0,0.0832215436139451,0.07676178483743656
P2,R02,training,05,180,0,0.0,0.0,0.0832215436139451,0.07686394650175338
P2,R02,training,05,181,0,0.0,0.0,0.0832215436139451,0.0769653946292584
P2,R02,training,05,182,0,0.0,0.0,0.0832215436139451,0.07706612603728329
P2,R02,training,05,183,0,0.0,0.0,0.0832215436139451,0.07716613756272427
P2,R02,training,05,184,0,0.0,0.0,0.0832215436139451,0.07726542606220749
P2,R02,training,05,185,0,0.0,0.0,0.0832215436139451,0.07736398841225359
P2,R02,training,05,186,0,0.0,0.0,0.0832215436139451,0.07746182150944111
P2,R02,training,05,187,0,0.0,0.0,0.0832215436139451,0.07755892227056936
P2,R02,training,05,188,0,0.0,0.0,0.0832215436139451,0.07765528763282005
P2,R02,training,05,189,0,0.0,0.0,0.0832215436139451,0.07775091455391826
P2,R02,training,05,190,0,0.0,0.0,0.0832215436139451,0.07784580001229228
P2,R02,training,05,191,0,0.0,0.0,0.0832215436139451,0.07793994100723263
P2,R02,training,05,192,0,0.0,0.0,0.08564781497183253,0.08030834697025156
P2,R02,training,05,193,0,0.0,0.0,0.08564781497183253,0.08040369107276009
P2,R02,training,05,194,0,0.0,0.0,0.08564781497183253,0.08049825987333954
P2,R02,training,05,195,0,0.0,0.0,0.08564781497183253,0.08059205037129466
P2,R02,training,05,196,0,0.0,0.0,0.08564781497183253,0.08068505958820368
P2,R02,training,05,197,0,0.0,0.0,0.08564781497183253,0.08077728456807585
P2,R02,training,05,198,0,0.0,0.0,0.08564781497183253,0.08086872237750792
P2,R02,training,05,199,0,0.0,0.0,0.08564781497183253,0.08095937010583945
P2,R02,training,05,200,0,0.0,0.0,0.08564781497183253,0.08104922486530729
P2,R02,training,05,201,0,0.0,0.0,0.08564781497183253,0.08113828379119864
P2,R02,training,05,202,0,0.0,0.0,0.08564781497183253,0.08122654404200332
P2,R02,training,05,203,0,0.0,0.0,0.08564781497183253,0.08131400279956463
P2,R02,training,05,204,0,0.0,0.0,0.08564781497183253,0.08140065726922945
P2,R02,training,05,205,0,0.0,0.0,0.08564781497183253,0.08148650467999678
P2,R02,training,05,206,0,0.0,0.0,0.08564781497183253,0.08157154228466548
P2,R02,training,05,207,0,0.0,0.0,0.08564781497183253,0.08165576735998072
P2,R02,training,05,208,0,0.0,0.0,0.08743497694652072,0.08344477996377064
P2,R02,training,05,209,0,0.0,0.0,0.08743497694652072,0.08352909530404524
P2,R02,training,05,210,0,0.0,0.0,0.08743497694652072,0.08361257296831458
P2,R02,training,05,211,0,0.0,0.0,0.08743497694652072,0.08369521027575408
P2,R02,training,05,212,0,0.0,0.0,0.08743497694652072,0.08377700457071452
P2,R02,training,05,213,0,0.0,0.0,0.08743497694652072,0.08385795322286428
P2,R02,training,05,214,0,0.0,0.0,0.08743497694652072,0.0839380536273302
P2,R02,training,05,215,0,0.0,0.0,0.08743497694652072,0.0840173032048372
P2,R02,training,05,216,0,0.0,0.0,0.08743497694652072,0.0840956994018468
P2,R02,training,05,217,0,0.0,0.0,0.08743497694652072,0.08417323969069407
P2,R02,training,05,218,0,0.0,0.0,0.08743497694652072,0.08424992156972345
P2,R02,training,05,219,0,0.0,0.0,0.08743497694652072,0.08432574256342333
P2,R02,training,05,220,0,0.0,0.0,0.08743497694652072,0.08440070022255906
P2,R02,training,05,221,0,0.0,0.0,0.08743497694652072,0.08447479212430486
P2,R02,training,05,222,0,0.0,0.0,0.08743497694652072,0.08454801587237434
P2,R02,training,05,223,0,0.0,0.0,0.08743497694652072,0.08462036909714954
P2,R02,training,05,224,0,0.0,0.0,0.08853263225339067,0.08575506764663257
P2,R02,training,05,225,0,0.0,0.0,0.08853263225339067,0.08582655919792397
P2,R02,training,05,226,0,0.0,0.0,0.08853263225339067,0.08589716226261392
P2,R02,training,05,227,0,0.0,0.0,0.08853263225339067,0.08596687455062942
P2,R02,training,05,228,0,0.0,0.0,0.08853263225339067,0.08603569379953373
P2,R02,training,05,229,0,0.0,0.0,0.08853263225339067,0.08610361777464866
P2,R02,training,05,230,0,0.0,0.0,0.08853263225339067,0.08617064426917552
P2,R02,training,05,231,0,0.0,0.0,0.08853263225339067,0.08623677110431467
P2,R02,training,05,232,0,0.0,0.0,0.08853263225339067,0.0863019961293834
P2,R02,training,05,233,0,0.0,0.0,0.08853263225339067,0.08636631722193262
P2,R02,training,05,234,0,0.0,0.0,0.08853263225339067,0.08642973228786191
P2,R02,training,05,235,0,0.0,0.0,0.08853263225339067,0.0864922392615331
P2,R02,training,05,236,0,0.0,0.0,0.08853263225339067,0.08655383610588248
P2,R02,training,05,237,0,0.0,0.0,0.08853263225339067,0.08661452081253132
P2,R02,training,05,238,0,0.0,0.0,0.08853263225339067,0.08667429140189513
P2,R02,training,05,239,0,0.0,0.0,0.08853263225339067,0.08673314592329118
P2,R02,training,05,240,0,0.0,0.0,0.09028052171652867,0.08850458870303833
P2,R02,training,05,241,0,0.0,0.0,0.09028052171652867,0.08856273102566835
P2,R02,training,05,242,0,0.0,0.0,0.09028052171652867,0.08861993340483121
P2,R02,training,05,243,0,0.0,0.0,0.09028052171652867,0.08867619397028792
P2,R02,training,05,244,0,0.0,0.0,0.09028052171652867,0.08873151088179719
P2,R02,training,05,245,0,0.0,0.0,0.09028052171652867,0.08878588232921568
P2,R02,training,05,246,0,0.0,0.0,0.09028052171652867,0.08883930653259677
P2,R02,training,05,247,0,0.0,0.0,0.09028052171652867,0.08889178174228766
P2,R02,training,05,248,0,0.0,0.0,0.09028052171652867,0.08894330623902486
P2,R02,training,05,249,0,0.0,0.0,0.09028052171652867,0.08899387833402807
P2,R02,training,05,250,0,0.0,0.0,0.09028052171652867,0.08904349636909242
P2,R02,training,05,251,0,0.0,0.0,0.09028052171652867,0.08909215871667912
P2,R02,training,05,252,0,0.0,0.0,0.09028052171652867,0.08913986378000438
P2,R02,training,05,253,0,0.0,0.0,0.09028052171652867,0.08918660999312676
P2,R02,training,05,254,0,0.0,0.0,0.09028052171652867,0.08923239582103286
P2,R02,training,05,255,0,0.0,0.0,0.09028052171652867,0.08927721975972128
P2,R02,training,05,256,0,0.0,0.33299246445543673,0.11165388797306722,0.11046730466196478
P2,R02,training,05,257,0,0.0,0.33299246445543673,0.11165388797306722,0.11052035574883581
P2,R02,training,05,258,0,0.0,0.33299246445543673,0.11165388797306722,0.11057221187598536
P2,R02,training,05,259,0,0.0,0.33299246445543673,0.11165388797306722,0.11062287133776211
P2,R02,training,05,260,0,0.0,0.33299246445543673,0.11165388797306722,0.11067233246735705
P2,R02,training,05,261,0,0.0,0.33299246445543673,0.11165388797306722,0.11072059363689493
P2,R02,training,05,262,0,0.0,0.33299246445543673,0.11165388797306722,0.11076765325752339
P2,R02,training,05,263,0,0.0,0.33299246445543673,0.11165388797306722,0.1108135097795003
P2,R02,training,05,264,0,0.0,0.33299246445543673,0.11165388797306722,0.1108581616922788
P2,R02,training,05,265,0,0.0,0.33299246445543673,0.11165388797306722,0.11090160752459013
P2,R02,training,05,266,0,0.0,0.33299246445543673,0.11165388797306722,0.11094384584452452
P2,R02,training,05,267,0,0.0,0.33299246445543673,0.11165388797306722,0.1109848752596098
P2,R02,training,05,268,0,0.0,0.33299246445543673,0.11165388797306722,0.11102469441688796
P2,R02,training,05,269,0,0.0,0.33299246445543673,0.11165388797306722,0.11106330200298942
P2,R02,training,05,270,0,0.0,0.33299246445543673,0.11165388797306722,0.11110069674420528
P2,R02,training,05,271,0,0.0,0.33299246445543673,0.11165388797306722,0.11113687740655738
P2,R02,training,05,272,0,1.0,0.3337965058126766,0.13349436141430823,0.1329180239998975
P2,R02,training,05,273,0,1.0,0.3337965058126766,0.13349436141430823,0.13295837455289397
P2,R02,training,05,274,0,1.0,0.3337965058126766,0.13349436141430823,0.13299726940236895
P2,R02,training,05,275,0,1.0,0.3337965058126766,0.13349436141430823,0.13303470726376235
P2,R02,training,05,276,0,1.0,0.3337965058126766,0.13349436141430823,0.133070686900396
P2,R02,training,05,277,0,1.0,0.3337965058126766,0.13349436141430823,0.13310520712354196
P2,R02,training,05,278,0,1.0,0.3337965058126766,0.13349436141430823,0.1331382667924878
P2,R02,training,05,279,0,1.0,0.3337965058126766,0.13349436141430823,0.1331698648145995
P2,R02,training,05,280,0,1.0,0.3337965058126766,0.13349436141430823,0.1332000001453816
P2,R02,training,05,281,0,1.0,0.3337965058126766,0.13349436141430823,0.13322867178853487
P2,R02,training,05,282,0,1.0,0.3337965058126766,0.13349436141430823,0.13325587879601097
P2,R02,training,05,283,0,1.0,0.3337965058126766,0.13349436141430823,0.13328162026806492
P2,R02,training,05,284,0,1.0,0.3337965058126766,0.13349436141430823,0.13330589535330456
P2,R02,training,05,285,0,1.0,0.3337965058126766,0.13349436141430823,0.13332870324873758
P2,R02,training,05,286,0,1.0,0.3337965058126766,0.13349436141430823,0.13335004319981567
P2,R02,training,05,287,0,1.0,0.3337965058126766,0.13349436141430823,0.1333699145004762
P2,R02,training,05,288,0,0.0,0.33305412483046487,0.155564297211966,0.1554407204297465
P2,R02,training,05,289,0,0.0,0.33305412483046487,0.155564297211966,0.15546045179847215
P2,R02,training,05,290,0,0.0,0.33305412483046487,0.155564297211966,0.15547846958343509
P2,R02,training,05,291,0,0.0,0.33305412483046487,0.155564297211966,0.15549477318827182
P2,R02,training,05,292,0,0.0,0.33305412483046487,0.155564297211966,0.15550936207331606
P2,R02,training,05,293,0,0.0,0.33305412483046487,0.155564297211966,0.1555222357556285
P2,R02,training,05,294,0,0.0,0.33305412483046487,0.155564297211966,0.15553339380902365
P2,R02,training,05,295,0,0.0,0.33305412483046487,0.155564297211966,0.155542835864093
P2,R02,training,05,296,0,0.0,0.33305412483046487,0.155564297211966,0.15555056160822572
P2,R02,training,05,297,0,0.0,0.33305412483046487,0.155564297211966,0.15555657078562576
P2,R02,training,05,298,0,0.0,0.33305412483046487,0.155564297211966,0.155560863197326
P2,R02,training,05,299,0,0.0,0.33305412483046487,0.155564297211966,0.15556343870119924
P2,R02,training,05,300,0,0.0,0.33305412483046487,0.155564297211966,0.155564297211966
P2,R02,training,05,301,0,0.0,0.33305412483046487,0.155564297211966,0.15556343870119924
P2,R02,training,05,302,0,0.0,0.33305412483046487,0.155564297211966,0.155560863197326
P2,R02,training,05,303,0,0.0,0.33305412483046487,0.155564297211966,0.15555657078562576
P2,R02,training,05,304,0,0.0,0.0,0.17775793712141902,0.1777422419225222
P2,R02,training,05,305,0,0.0,0.0,0.17775793712141902,0.17773341398215045
P2,R02,training,05,306,0,0.0,0.0,0.17775793712141902,0.17772262487268642
P2,R02,training,05,307,0,0.0,0.0,0.17775793712141902,0.17770987495133972
P2,R02,training,05,308,0,0.0,0.0,0.17775793712141902,0.17769516464022053
P2,R02,training,05,309,0,0.0,0.0,0.17775793712141902,0.17767849442631645
P2,R02,training,05,310,0,0.0,0.0,0.17775793712141902,0.1776598648614654
P2,R02,training,05,311,0,0.0,0.0,0.17775793712141902,0.17763927656232537
P2,R02,training,05,312,0,0.0,0.0,0.17775793712141902,0.17761673021034027
P2,R02,training,05,313,0,0.0,0.0,0.17775793712141902,0.17759222655170248
P2,R02,training,05,314,0,0.0,0.0,0.17775793712141902,0.1775657663973116
P2,R02,training,05,315,0,0.0,0.0,0.17775793712141902,0.17753735062272963
P2,R02,training,05,316,0,0.0,0.0,0.17775793712141902,0.1775069801681329
P2,R02,training,05,317,0,0.0,0.0,0.17775793712141902,0.17747465603826007
P2,R02,training,05,318,0,0.0,0.0,0.17775793712141902,0.17744037930235676
P2,R02,training,05,319,0,0.0,0.0,0.17775793712141902,0.17740415109411664
P2,R02,training,05,320,0,0.0,0.0,0.1808132044845179,0.18041450296823763
P2,R02,training,05,321,0,0.0,0.0,0.1808132044845179,0.18037368577064825
P2,R02,training,05,322,0,0.0,0.0,0.1808132044845179,0.18033088741143025
P2,R02,training,05,323,0,0.0,0.0,0.1808132044845179,0.18028610930531427
P2,R02,training,05,324,0,0.0,0.0,0.1808132044845179,0.18023935293223295
P2,R02,training,05,325,0,0.0,0.0,0.1808132044845179,0.18019061983723927
P2,R02,training,05,326,0,0.0,0.0,0.1808132044845179,0.18013991163042165
P2,R02,training,05,327,0,0.0,0.0,0.1808132044845179,0.18008722998681506
P2,R02,training,05,328,0,0.0,0.0,0.1808132044845179,0.180032576646309
P2,R02,training,05,329,0,0.0,0.0,0.1808132044845179,0.17997595341355163
P2,R02,training,05,330,0,0.0,0.0,0.1808132044845179,0.1799173621578505
P2,R02,training,05,331,0,0.0,0.0,0.1808132044845179,0.17985680481306962
P2,R02,training,05,332,0,0.0,0.0,0.1808132044845179,0.1797942833775232
P2,R02,training,05,333,0,0.0,0.0,0.1808132044845179,0.17972979991386565
P2,R02,training,05,334,0,0.0,0.0,0.1808132044845179,0.1796633565489782
P2,R02,training,05,335,0,0.0,0.0,0.1808132044845179,0.17959495547385199
P2,R02,training,05,336,0,0.0,0.0,0.18232313773397993,0.18102377131759745
P2,R02,training,05,337,0,0.0,0.0,0.18232313773397993,0.18095085780789896
P2,R02,training,05,338,0,0.0,0.0,0.18232313773397993,0.18087597725403579
P2,R02,training,05,339,0,0.0,0.0,0.18232313773397993,0.18079913212262738
P2,R02,training,05,340,0,0.0,0.0,0.18232313773397993,0.18072032494429627
P2,R02,training,05,341,0,0.0,0.0,0.18232313773397993,0.1806395583135293
P2,R02,training,05,342,0,0.0,0.0,0.18232313773397993,0.18055683488853505
P2,R02,training,05,343,0,0.0,0.0,0.18232313773397993,0.18047215739109837
P2,R02,training,05,344,0,0.0,0.0,0.18232313773397993,0.18038552860643073
P2,R02,training,05,345,0,0.0,0.0,0.18232313773397993,0.18029695138301782
P2,R02,training,05,346,0,0.0,0.0,0.18232313773397993,0.18020642863246342
P2,R02,training,05,347,0,0.0,0.0,0.18232313773397993,0.18011396332932975
P2,R02,training,05,348,0,0.0,0.0,0.18232313773397993,0.18001955851097462
P2,R02,training,05,349,0,0.0,0.0,0.18232313773397993,0.17992321727738528
P2,R02,training,05,350,0,0.0,0.0,0.18232313773397993,0.1798249427910086
P2,R02,training,05,351,0,0.0,0.0,0.18232313773397993,0.17972473827657823
P2,R02,training,05,352,0,0.0,0.3331931340778378,0.18224618865115236,0.17954679769121085
P2,R02,training,05,353,0,0.0,0.3331931340778378,0.18224618865115236,0.17944278695917268
P2,R02,training,05,354,0,0.0,0.3331931340778378,0.18224618865115236,0.17933685705554558
P2,R02,training,05,355,0,0.0,0.3331931340778378,0.18224618865115236,0.17922901145094777
P2,R02,training,05,356,0,0.0,0.3331931340778378,0.18224618865115236,0.1791192536773432
P2,R02,training,05,357,0,0.0,0.3331931340778378,0.18224618865115236,0.179007587327849
P2,R02,training,05,358,0,0.0,0.3331931340778378,0.18224618865115236,0.17889401605653932
P2,R02,training,05,359,0,0.0,0.3331931340778378,0.18224618865115236,0.17877854357824613
P2,R02,training,05,360,0,0.0,0.3331931340778378,0.18224618865115236,0.17866117366835663
P2,R02,training,05,361,0,0.0,0.3331931340778378,0.18224618865115236,0.1785419101626076
P2,R02,training,05,362,0,0.0,0.3331931340778378,0.18224618865115236,0.1784207569568764
P2,R02,training,05,363,0,0.0,0.3331931340778378,0.18224618865115236,0.17829771800696909
P2,R02,training,05,364,0,0.0,0.3331931340778378,0.18224618865115236,0.1781727973284049
P2,R02,training,05,365,0,0.0,0.3331931340778378,0.18224618865115236,0.17804599899619808
P2,R02,training,05,366,0,0.0,0.3331931340778378,0.18224618865115236,0.17791732714463618
P2,R02,training,05,367,0,0.0,0.3331931340778378,0.18224618865115236,0.17778678596705552
P2,R02,training,05,368,0,0.0,0.3332543940072924,0.1805816650211553,0.17603179481988676
P2,R02,training,05,369,0,0.0,0.3332543940072924,0.1805816650211553,0.17589875411694858
P2,R02,training,05,370,0,0.0,0.3332543940072924,0.1805816650211553,0.1757638739751515
P2,R02,training,05,371,0,0.0,0.3332543940072924,0.1805816650211553,0.17562715878128318
P2,R02,training,05,372,0,0.0,0.3332543940072924,0.1805816650211553,0.17548861297948207
P2,R02,training,05,373,0,0.0,0.3332543940072924,0.1805816650211553,0.17534824107099667
P2,R02,training,05,374,0,0.0,0.3332543940072924,0.1805816650211553,0.17520604761394185
P2,R02,training,05,375,0,0.0,0.3332543940072924,0.1805816650211553,0.1750620372230521
P2,R02,training,05,376,0,0.0,0.3332543940072924,0.1805816650211553,0.17491621456943218
P2,R02,training,05,377,0,0.0,0.3332543940072924,0.1805816650211553,0.17476858438030443
P2,R02,training,05,378,0,0.0,0.3332543940072924,0.1805816650211553,0.17461915143875353
P2,R02,training,05,379,0,0.0,0.3332543940072924,0.1805816650211553,0.1744679205834682
P2,R02,training,05,380,0,0.0,0.3332543940072924,0.1805816650211553,0.17431489670848022
P2,R02,training,05,381,0,0.0,0.3332543940072924,0.1805816650211553,0.1741600847629004
P2,R02,training,05,382,0,0.0,0.3332543940072924,0.1805816650211553,0.17400348975065197
P2,R02,training,05,383,0,0.0,0.3332543940072924,0.1805816650211553,0.173845116730201
P2,R02,training,05,384,0,1.0,0.3337566536558348,0.15973246063483323,0.15363202991956404
P2,R02,training,05,385,0,1.0,0.3337566536558348,0.15973246063483323,0.15348881014768243
P2,R02,training,05,386,0,1.0,0.3337566536558348,0.15973246063483323,0.15334403135935828
P2,R02,training,05,387,0,1.0,0.3337566536558348,0.15973246063483323,0.15319769821957818
P2,R02,training,05,388,0,1.0,0.3337566536558348,0.15973246063483323,0.153049815440346
P2,R02,training,05,389,0,1.0,0.3337566536558348,0.15973246063483323,0.15290038778043002
P2,R02,training,05,390,0,1.0,0.3337566536558348,0.15973246063483323,0.15274942004510803
P2,R02,training,05,391,0,1.0,0.3337566536558348,0.15973246063483323,0.1525969170859096
P2,R02,training,05,392,0,1.0,0.3337566536558348,0.15973246063483323,0.1524428838003566
P2,R02,training,05,393,0,1.0,0.3337566536558348,0.15973246063483323,0.15228732513170087
P2,R02,training,05,394,0,1.0,0.3337566536558348,0.15973246063483323,0.1521302460686602
P2,R02,training,05,395,0,1.0,0.3337566536558348,0.15973246063483323,0.15197165164515167
P2,R02,training,05,396,0,1.0,0.3337566536558348,0.15973246063483323,0.15181154694002283
P2,R02,training,05,397,0,1.0,0.3337566536558348,0.15973246063483323,0.1516499370767809
P2,R02,training,05,398,0,1.0,0.3337566536558348,0.15973246063483323,0.1514868272233196
P2,R02,training,05,399,0,1.0,0.3337566536558348,0.15973246063483323,0.1513222225916438
P2,R02,training,05,400,0,0.0,0.33306267373864973,0.13881045637351053,0.13135746540612378
P2,R02,training,05,401,0,0.0,0.33306267373864973,0.13881045637351053,0.13121183670359163
P2,R02,training,05,402,0,0.0,0.33306267373864973,0.13881045637351053,0.1310649228267687
P2,R02,training,05,403,0,0.0,0.33306267373864973,0.13881045637351053,0.130916728455888
P2,R02,training,05,404,0,0.0,0.33306267373864973,0.13881045637351053,0.13076725830829222
P2,R02,training,05,405,0,0.0,0.33306267373864973,0.13881045637351053,0.1306165171381838
P2,R02,training,05,406,0,0.0,0.33306267373864973,0.13881045637351053,0.1304645097363729
P2,R02,training,05,407,0,0.0,0.33306267373864973,0.13881045637351053,0.13031124093002394
P2,R02,training,05,408,0,0.0,0.33306267373864973,0.13881045637351053,0.13015671558240027
P2,R02,training,05,409,0,0.0,0.33306267373864973,0.13881045637351053,0.13000093859260708
P2,R02,training,05,410,0,0.0,0.33306267373864973,0.13881045637351053,0.1298439148953329
P2,R02,training,05,411,0,0.0,0.33306267373864973,0.13881045637351053,0.12968564946058914
P2,R02,training,05,412,0,0.0,0.33306267373864973,0.13881045637351053,0.12952614729344822
P2,R02,training,05,413,0,0.0,0.33306267373864973,0.13881045637351053,0.12936541343378
P2,R02,training,05,414,0,0.0,0.33306267373864973,0.13881045637351053,0.1292034529559865
P2,R02,training,05,415,0,0.0,0.33306267373864973,0.13881045637351053,0.12904027096873533
P2,R02,training,05,416,0,1.0,0.3336741083480933,0.11804798383535714,0.10959935817983409
P2,R02,training,05,417,0,1.0,0.3336741083480933,0.11804798383535714,0.1094585195619348
P2,R02,training,05,418,0,1.0,0.3336741083480933,0.11804798383535714,0.10931665534714237
P2,R02,training,05,419,0,1.0,0.3336741083480933,0.11804798383535714,0.10917376999426552
P2,R02,training,05,420,0,1.0,0.3336741083480933,0.11804798383535714,0.10902986799009945
P2,R02,training,05,421,0,1.0,0.3336741083480933,0.11804798383535714,0.10888495384919132
P2,R02,training,05,422,0,1.0,0.3336741083480933,0.11804798383535714,0.10873903211360449
P2,R02,training,05,423,0,1.0,0.3336741083480933,0.11804798383535714,0.10859210735268153
P2,R02,training,05,424,0,1.0,0.3336741083480933,0.11804798383535714,0.10844418416280614
P2,R02,training,05,425,0,1.0,0.3336741083480933,0.11804798383535714,0.10829526716716371
P2,R02,training,05,426,0,1.0,0.3336741083480933,0.11804798383535714,0.10814536101550096
P2,R02,training,05,427,0,1.0,0.3336741083480933,0.11804798383535714,0.10799447038388418
P2,R02,training,05,428,0,1.0,0.3336741083480933,0.11804798383535714,0.10784259997445667
P2,R02,training,05,429,0,1.0,0.3336741083480933,0.11804798383535714,0.10768975451519476
P2,R02,training,05,430,0,1.0,0.3336741083480933,0.11804798383535714,0.10753593875966293
P2,R02,training,05,431,0,1.0,0.3336741083480933,0.11804798383535714,0.1073811574867679
P2,R02,training,05,432,0,0.0,0.0,0.11519105417097693,0.10463040743373964
P2,R02,training,05,433,0,0.0,0.0,0.11519105417097693,0.1044775018750527
P2,R02,training,05,434,0,0.0,0.0,0.11519105417097693,0.10432366830160918
P2,R02,training,05,435,0,0.0,0.0,0.11519105417097693,0.10416891147315435
P2,R02,training,05,436,0,0.0,0.0,0.11519105417097693,0.10401323617294725
P2,R02,training,05,437,0,0.0,0.0,0.11519105417097693,0.10385664720751472
P2,R02,training,05,438,0,0.0,0.0,0.11519105417097693,0.10369914940640466
P2,R02,training,05,439,0,0.0,0.0,0.11519105417097693,0.10354074762193818
P2,R02,training,05,440,0,0.0,0.0,0.11519105417097693,0.10338144672896114
P2,R02,training,05,441,0,0.0,0.0,0.11519105417097693,0.1032212516245946
P2,R02,training,05,442,0,0.0,0.0,0.11519105417097693,0.10306016722798454
P2,R02,training,05,443,0,0.0,0.0,0.11519105417097693,0.10289819848005077
P2,R02,training,05,444,0,0.0,0.0,0.11519105417097693,0.10273535034323485
P2,R02,training,05,445,0,0.0,0.0,0.11519105417097693,0.1025716278012475
P2,R02,training,05,446,0,0.0,0.0,0.11519105417097693,0.10240703585881501
P2,R02,training,05,447,0,0.0,0.0,0.11519105417097693,0.10224157954142496
P2,R02,training,05,448,0,0.0,0.0,0.1113069117981434,0.09863337458720427
P2,R02,training,05,449,0,0.0,0.0,0.1113069117981434,0.09847184150237931
P2,R02,training,05,450,0,0.0,0.0,0.1113069117981434,0.09830948787456771
P2,R02,training,05,451,0,0.0,0.0,0.1113069117981434,0.09814631863757607
P2,R02,training,05,452,0,0.0,0.0,0.1113069117981434,0.09798233874403339
P2,R02,training,05,453,0,0.0,0.0,0.1113069117981434,0.09781755316514142
P2,R02,training,05,454,0,0.0,0.0,0.1113069117981434,0.09765196689042424
P2,R02,training,05,455,0,0.0,0.0,0.1113069117981434,0.09748558492747748
P2,R02,training,05,456,0,0.0,0.0,0.1113069117981434,0.09731841230171673
P2,R02,training,05,457,0,0.0,0.0,0.1113069117981434,0.09715045405612552
P2,R02,training,05,458,0,0.0,0.0,0.1113069117981434,0.09698171525100277
P2,R02,training,05,459,0,0.0,0.0,0.1113069117981434,0.09681220096370965
P2,R02,training,05,460,0,0.0,0.0,0.1113069117981434,0.09664191628841606
P2,R02,training,05,461,0,0.0,0.0,0.1113069117981434,0.0964708663358464
P2,R02,training,05,462,0,0.0,0.0,0.1113069117981434,0.09629905623302516
P2,R02,training,05,463,0,0.0,0.0,0.1113069117981434,0.09612649112302184
P2,R02,training,05,464,0,0.0,0.0,0.10650466697809638,0.0918133555932685
P2,R02,training,05,465,0,0.0,0.0,0.10650466697809638,0.09164680562015072
P2,R02,training,05,466,0,0.0,0.0,0.10650466697809638,0.091479548067211
P2,R02,training,05,467,0,0.0,0.0,0.10650466697809638,0.09131158791458843
P2,R02,training,05,468,0,0.0,0.0,0.10650466697809638,0.09114293015654902
P2,R02,training,05,469,0,0.0,0.0,0.10650466697809638,0.09097357980123942
P2,R02,training,05,470,0,0.0,0.0,0.10650466697809638,0.09080354187044046
P2,R02,training,05,471,0,0.0,0.0,0.10650466697809638,0.09063282139932022
P2,R02,training,05,472,0,0.0,0.0,0.10650466697809638,0.09046142343618702
P2,R02,training,05,473,0,0.0,0.0,0.10650466697809638,0.09028935304224196
P2,R02,training,05,474,0,0.0,0.0,0.10650466697809638,0.09011661529133137
P2,R02,training,05,475,0,0.0,0.0,0.10650466697809638,0.0899432152696989
P2,R02,training,05,476,0,0.0,0.0,0.10650466697809638,0.0897691580757375
P2,R02,training,05,477,0,0.0,0.0,0.10650466697809638,0.08959444881974117
P2,R02,training,05,478,0,0.0,0.0,0.10650466697809638,0.08941909262365652
P2,R02,training,05,479,0,0.0,0.0,0.10650466697809638,0.08924309462083418
P2,R02,training,05,480,0,0.0,0.0,0.08326749720568755,0.06963395516755745
P2,R02,training,05,481,0,0.0,0.0,0.08326749720568755,0.06949536489832377
P2,R02,training,05,482,0,0.0,0.0,0.08326749720568755,0.06935628494325664
P2,R02,training,05,483,0,0.0,0.0,0.08326749720568755,0.0692167193494312
P2,R02,training,05,484,0,0.0,0.0,0.08326749720568755,0.06907667217186528
P2,R02,training,05,485,0,0.0,0.0,0.08326749720568755,0.06893614747332456
P2,R02,training,05,486,0,0.0,0.0,0.08326749720568755,0.06879514932412782
P2,R02,training,05,487,0,0.0,0.0,0.08326749720568755,0.06865368180195194
P2,R02,training,05,488,0,0.0,0.0,0.08326749720568755,0.06851174899163706
P2,R02,training,05,489,0,0.0,0.0,0.08326749720568755,0.06836935498499168
P2,R02,training,05,490,0,0.0,0.0,0.08326749720568755,0.0682265038805978
P2,R02,training,05,491,0,0.0,0.0,0.08326749720568755,0.06808319978361604
P2,R02,training,05,492,0,0.0,0.0,0.08326749720568755,0.06793944680559096
P2,R02,training,05,493,0,0.0,0.0,0.08326749720568755,0.06779524906425614
P2,R02,training,05,494,0,0.0,0.0,0.08326749720568755,0.06765061068333969
P2,R02,training,05,495,0,0.0,0.0,0.08326749720568755,0.06750553579236954
P2,R02,training,05,496,0,0.0,0.0,0.060825768373078876,0.049205579971193555
P2,R02,training,05,497,0,0.0,0.0,0.060825768373078876,0.049098976083307926
P2,R02,training,05,498,0,0.0,0.0,0.060825768373078876,0.048992062404486565
P2,R02,training,05,499,0,0.0,0.0,0.060825768373078876,0.04888484196682012
P2,R02,training,05,500,0,0.0,0.0,0.060825768373078876,0.04877731780592645
P2,R02,training,05,501,0,0.0,0.0,0.060825768373078876,0.048669492960809024
P2,R02,training,05,502,0,0.0,0.0,0.060825768373078876,0.04856137047371547
P2,R02,training,05,503,0,0.0,0.0,0.060825768373078876,0.04845295338999624
P2,R02,training,05,504,0,0.0,0.0,0.060825768373078876,0.04834424475796338
P2,R02,training,05,505,0,0.0,0.0,0.060825768373078876,0.04823524762874955
P2,R02,training,05,506,0,0.0,0.0,0.060825768373078876,0.048125965056167064
P2,R02,training,05,507,0,0.0,0.0,0.060825768373078876,0.04801640009656726
P2,R02,training,05,508,0,0.0,0.0,0.060825768373078876,0.04790655580869991
P2,R02,training,05,509,0,0.0,0.0,0.060825768373078876,0.04779643525357288
P2,R02,training,05,510,0,0.0,0.0,0.060825768373078876,0.04768604149431199
P2,R02,training,05,511,0,0.0,0.0,0.060825768373078876,0.04757537759602106
P2,R02,training,05,512,0,0.0,0.0,0.03934454500686732,0.030701906551091923
P2,R02,training,05,513,0,0.0,0.0,0.03934454500686732,0.03062998118509571
P2,R02,training,05,514,0,0.0,0.0,0.03934454500686732,0.03055788703701672
P2,R02,training,05,515,0,0.0,0.0,0.03934454500686732,0.03048562609370236
P2,R02,training,05,516,0,0.0,0.0,0.03934454500686732,0.030413200342829065
P2,R02,training,05,517,0,0.0,0.0,0.03934454500686732,0.030340611772812665
P2,R02,training,05,518,0,0.0,0.0,0.03934454500686732,0.030267862372718966
P2,R02,training,05,519,0,0.0,0.0,0.03934454500686732,0.030194954132174455
P2,R02,training,05,520,0,0.0,0.0,0.03934454500686732,0.03012188904127726
P2,R02,training,05,521,0,0.0,0.0,0.03934454500686732,0.030048669090508226
P2,R02,training,05,522,0,0.0,0.0,0.03934454500686732,0.029975296270642254
P2,R02,training,05,523,0,0.0,0.0,0.03934454500686732,0.02990177257265975
P2,R02,training,05,524,0,0.0,0.0,0.03934454500686732,0.029828099987658382
P2,R02,training,05,525,0,0.0,0.0,0.03934454500686732,0.02975428050676496
P2,R02,training,05,526,0,0.0,0.0,0.03934454500686732,0.029680316121047576
P2,R02,training,05,527,0,0.0,0.0,0.03934454500686732,0.02960620882142797
P2,R02,training,05,528,0,0.0,0.0,0.019050035535861185,0.014298930099424817
P2,R02,training,05,529,0,0.0,0.0,0.019050035535861185,0.014262912960101138
P2,R02,training,05,530,0,0.0,0.0,0.019050035535861185,0.01422682951509548
P2,R02,training,05,531,0,0.0,0.0,0.019050035535861185,0.014190680727676486
P2,R02,training,05,532,0,0.0,0.0,0.019050035535861185,0.014154467560831427
P2,R02,training,05,533,0,0.0,0.0,0.019050035535861185,0.014118190977224457
P2,R02,training,05,534,0,0.0,0.0,0.019050035535861185,0.01408185193915498
P2,R02,training,05,535,0,0.0,0.0,0.019050035535861185,0.01404545140851617
P2,R02,training,05,536,0,0.0,0.0,0.019050035535861185,0.014008990346753583
P2,R02,training,05,537,0,0.0,0.0,0.019050035535861185,0.01397246971482395
P2,R02,training,05,538,0,0.0,0.0,0.019050035535861185,0.013935890473154048
P2,R02,training,05,539,0,0.0,0.0,0.019050035535861185,0.013899253581599757
P2,R02,training,05,540,0,0.0,0.0,0.019050035535861185,0.013862559999405213
P2,R02,training,05,541,0,0.0,0.0,0.019050035535861185,0.013825810685162141
P2,R02,training,05,542,0,0.0,0.0,0.019050035535861185,0.013789006596769298
P2,R02,training,05,543,0,0.0,0.0,0.019050035535861185,0.013752148691392083
P2,R02,training,05,544,0,0.0,0.0,0.0,0.0
P2,R02,training,05,545,0,0.0,0.0,0.0,0.0
P2,R02,training,05,546,0,0.0,0.0,0.0,0.0
P2,R02,training,05,547,0,0.0,0.0,0.0,0.0
P2,R02,training,05,548,0,0.0,0.0,0.0,0.0
P2,R02,training,05,549,0,0.0,0.0,0.0,0.0
P2,R02,training,05,550,0,0.0,0.0,0.0,0.0
P2,R02,training,05,551,0,0.0,0.0,0.0,0.0
P2,R02,training,05,552,0,0.0,0.0,0.0,0.0
P2,R02,training,05,553,0,0.0,0.0,0.0,0.0
P2,R02,training,05,554,0,0.0,0.0,0.0,0.0
P2,R02,training,05,555,0,0.0,0.0,0.0,0.0
P2,R02,training,05,556,0,0.0,0.0,0.0,0.0
P2,R02,training,05,557,0,0.0,0.0,0.0,0.0
P2,R02,training,05,558,0,0.0,0.0,0.0,0.0
P2,R02,training,05,559,0,0.0,0.0,0.0,0.0
P2,R02,training,05,560,0,0.0,0.0,0.0,0.0
P2,R02,training,05,561,0,0.0,0.0,0.0,0.0
P2,R02,training,05,562,0,0.0,0.0,0.0,0.0
P2,R02,training,05,563,0,0.0,0.0,0.0,0.0
P2,R02,training,05,564,0,0.0,0.0,0.0,0.0
P2,R02,training,05,565,0,0.0,0.0,0.0,0.0
P2,R02,training,05,566,0,0.0,0.0,0.0,0.0
P2,R02,training,05,567,0,0.0,0.0,0.0,0.0
P2,R02,training,05,568,0,0.0,0.0,0.0,0.0
P2,R02,training,05,569,0,0.0,0.0,0.0,0.0
P2,R02,training,05,570,0,0.0,0.0,0.0,0.0
P2,R02,training,05,571,0,0.0,0.0,0.0,0.0
P2,R02,training,05,572,0,0.0,0.0,0.0,0.0
P2,R02,training,05,573,0,0.0,0.0,0.0,0.0
P2,R02,training,05,574,0,0.0,0.0,0.0,0.0
P2,R02,training,05,575,0,0.0,0.0,0.0,0.0
P2,R02,training,05,576,0,0.0,0.0,0.0,0.0
P2,R02,training,05,577,0,0.0,0.0,0.0,0.0
P2,R02,training,05,578,0,0.0,0.0,0.0,0.0
P2,R02,training,05,579,0,0.0,0.0,0.0,0.0
P2,R02,training,05,580,0,0.0,0.0,0.0,0.0
P2,R02,training,05,581,0,0.0,0.0,0.0,0.0
P2,R02,training,05,582,0,0.0,0.0,0.0,0.0
P2,R02,training,05,583,0,0.0,0.0,0.0,0.0
P2,R02,training,05,584,0,0.0,0.0,0.0,0.0
P2,R02,training,05,585,0,0.0,0.0,0.0,0.0
P2,R02,training,05,586,0,0.0,0.0,0.0,0.0
P2,R02,training,05,587,0,0.0,0.0,0.0,0.0
P2,R02,training,05,588,0,0.0,0.0,0.0,0.0
P2,R02,training,05,589,0,0.0,0.0,0.0,0.0
P2,R02,training,05,590,0,0.0,0.0,0.0,0.0
P2,R02,training,05,591,0,0.0,0.0,0.0,0.0
P2,R02,training,05,592,0,0.0,0.0,0.0,0.0
P2,R02,training,05,593,0,0.0,0.0,0.0,0.0
P2,R02,training,05,594,0,0.0,0.0,0.0,0.0
P2,R02,training,05,595,0,0.0,0.0,0.0,0.0
P2,R02,training,05,596,0,0.0,0.0,0.0,0.0
P2,R02,training,05,597,0,0.0,0.0,0.0,0.0
P2,R02,training,05,598,0,0.0,0.0,0.0,0.0
P2,R02,training,05,599,0,0.0,0.0,0.0,0.0
P2,R02,training,05,600,0,0.0,0.0,0.0,0.0
P2,R02,training,05,601,0,0.0,0.0,0.0,0.0
P3,R02,training,05,0,0,0.0,0.0,0.019022539629869644,0.011576084776984888
P3,R02,training,05,1,0,0.0,0.0,0.019022539629869644,0.01161441519506383
P3,R02,training,05,2,0,0.0,0.0,0.019022539629869644,0.011652743915011251
P3,R02,training,05,3,0,0.0,0.0,0.019022539629869644,0.011691070083732456
P3,R02,training,05,4,0,0.0,0.0,0.019022539629869644,0.011729392845406797
P3,R02,training,05,5,0,0.0,0.0,0.019022539629869644,0.011767711341516548
P3,R02,training,05,6,0,0.0,0.0,0.019022539629869644,0.011806024710876046
P3,R02,training,05,7,0,0.0,0.0,0.019022539629869644,0.011844332089661043
P3,R02,training,05,8,0,0.0,0.0,0.019022539629869644,0.011882632611438328
P3,R02,training,05,9,0,0.0,0.0,0.019022539629869644,0.011920925407195557
P3,R02,training,05,10,0,0.0,0.0,0.019022539629869644,0.011959209605371364
P3,R02,training,05,11,0,0.0,0.0,0.019022539629869644,0.011997484331885673
P3,R02,training,05,12,0,0.0,0.0,0.019022539629869644,0.012035748710170257
P3,R02,training,05,13,0,0.0,0.0,0.019022539629869644,0.012074001861199554
P3,R02,training,05,14,0,0.0,0.0,0.019022539629869644,0.012112242903521687
P3,R02,training,05,15,0,0.0,0.0,0.019022539629869644,0.012150470953289727
P3,R02,training,05,16,0,0.0,0.0,0.02030007483272133,0.013007265325766857
P3,R02,training,05,17,0,0.0,0.0,0.02030007483272133,0.013048030164147795
P3,R02,training,05,18,0,0.0,0.0,0.02030007483272133,0.013088778292793698
P3,R02,training,05,19,0,0.0,0.0,0.02030007483272133,0.013129508758614341
P3,R02,training,05,20,0,0.0,0.0,0.02030007483272133,0.013170220606134105
P3,R02,training,05,21,0,0.0,0.0,0.02030007483272133,0.013210912877526805
P3,R02,training,05,22,0,0.0,0.0,0.02030007483272133,0.013251584612650762
P3,R02,training,05,23,0,0.0,0.0,0.02030007483272133,0.013292234849084096
P3,R02,training,05,24,0,0.0,0.0,0.02030007483272133,0.01333286262216026
P3,R02,training,05,25,0,0.0,0.0,0.02030007483272133,0.013373466965003819
P3,R02,training,05,26,0,0.0,0.0,0.02030007483272133,0.013414046908566436
P3,R02,training,05,27,0,0.0,0.0,0.02030007483272133,0.013454601481663121
P3,R02,training,05,28,0,0.0,0.0,0.02030007483272133,0.01349512971100867
P3,R02,training,05,29,0,0.0,0.0,0.02030007483272133,0.013535630621254369
P3,R02,training,05,30,0,0.0,0.0,0.02030007483272133,0.013576103235024882
P3,R02,training,05,31,0,0.0,0.0,0.02030007483272133,0.013616546572955409
P3,R02,training,05,32,0,0.0,0.0,0.021447853541721934,0.014429132547149295
P3,R02,training,05,33,0,0.0,0.0,0.021447853541721934,0.01447179760161163
P3,R02,training,05,34,0,0.0,0.0,0.021447853541721934,0.014514428608527955
P3,R02,training,05,35,0,0.0,0.0,0.021447853541721934,0.0145570245251487
P3,R02,training,05,36,0,0.0,0.0,0.021447853541721934,0.014599584306821957
P3,R02,training,05,37,0,0.0,0.0,0.021447853541721934,0.01464210690703409
P3,R02,training,05,38,0,0.0,0.0,0.021447853541721934,0.014684591277450568
P3,R02,training,05,39,0,0.0,0.0,0.021447853541721934,0.014727036367957
P3,R02,training,05,40,0,0.0,0.0,0.021447853541721934,0.014769441126700412
P3,R02,training,05,41,0,0.0,0.0,0.021447853541721934,0.01481180450013072
P3,R02,training,05,42,0,0.0,0.0,0.021447853541721934,0.014854125433042415
P3,R02,training,05,43,0,0.0,0.0,0.021447853541721934,0.014896402868616498
P3,R02,training,05,44,0,0.0,0.0,0.021447853541721934,0.014938635748462558
P3,R02,training,05,45,0,0.0,0.0,0.021447853541721934,0.01498082301266112
P3,R02,training,05,46,0,0.0,0.0,0.021447853541721934,0.01502296359980615
P3,R02,training,05,47,0,0.0,0.0,0.021447853541721934,0.015065056447047807
P3,R02,training,05,48,0,0.0,0.0,0.022435052339882983,0.015802447995122204
P3,R02,training,05,49,0,0.0,0.0,0.022435052339882983,0.015846375070373907
P3,R02,training,05,50,0,0.0,0.0,0.022435052339882983,0.01589024886443342
P3,R02,training,05,51,0,0.0,0.0,0.022435052339882983,0.015934068259940187
P3,R02,training,05,52,0,0.0,0.0,0.022435052339882983,0.015977832138249954
P3,R02,training,05,53,0,0.0,0.0,0.022435052339882983,0.016021539379480667
P3,R02,training,05,54,0,0.0,0.0,0.022435052339882983,0.0160651888625586
P3,R02,training,05,55,0,0.0,0.0,0.022435052339882983,0.016108779465264633
P3,R02,training,05,56,0,0.0,0.0,0.022435052339882983,0.01615231006428077
P3,R02,training,05,57,0,0.0,0.0,0.022435052339882983,0.016195779535236814
P3,R02,training,05,58,0,0.0,0.0,0.022435052339882983,0.016239186752757203
P3,R02,training,05,59,0,0.0,0.0,0.022435052339882983,0.016282530590508097
P3,R02,training,05,60,0,0.0,0.0,0.022435052339882983,0.01632580992124457
P3,R02,training,05,61,0,0.0,0.0,0.022435052339882983,0.016369023616858033
P3,R02,training,05,62,0,0.0,0.0,0.022435052339882983,0.0164121705484238
P3,R02,training,05,63,0,0.0,0.0,0.022435052339882983,0.016455249586248822
P3,R02,training,05,64,0,0.0,0.0,0.04223482860663077,0.031058593309880422
P3,R02,training,05,65,0,0.0,0.0,0.04223482860663077,0.031139429206037135
P3,R02,training,05,66,0,0.0,0.0,0.04223482860663077,0.031220130901833273
P3,R02,training,05,67,0,0.0,0.0,0.04223482860663077,0.031300696265698605
P3,R02,training,05,68,0,0.0,0.0,0.04223482860663077,0.03138112316507054
P3,R02,training,05,69,0,0.0,0.0,0.04223482860663077,0.03146140946648584
P3,R02,training,05,70,0,0.0,0.0,0.04223482860663077,0.03154155303567261
P3,R02,training,05,71,0,0.0,0.0,0.04223482860663077,0.031621551737642584
P3,R02,training,05,72,0,0.0,0.0,0.04223482860663077,0.031701403436783675
P3,R02,training,05,73,0,0.0,0.0,0.04223482860663077,0.031781105996952795
P3,R02,training,05,74,0,0.0,0.0,0.04223482860663077,0.03186065728156895
P3,R02,training,05,75,0,0.0,0.0,0.04223482860663077,0.03194005515370658
P3,R02,training,05,76,0,0.0,0.0,0.04223482860663077,0.032019297476189146
P3,R02,training,05,77,0,0.0,0.0,0.04223482860663077,0.03209838211168302
P3,R02,training,05,78,0,0.0,0.0,0.04223482860663077,0.03217730692279151
P3,R02,training,05,79,0,0.0,0.0,0.04223482860663077,0.032256069772149246
P3,R02,training,05,80,0,0.0,0.0,0.06318954504799779,0.048377442518965634
P3,R02,training,05,81,0,0.0,0.0,0.06318954504799779,0.0484947891511831
P3,R02,training,05,82,0,0.0,0.0,0.06318954504799779,0.04861188387294068
P3,R02,training,05,83,0,0.0,0.0,0.06318954504799779,0.04872872348802921
P3,R02,training,05,84,0,0.0,0.0,0.06318954504799779,0.048845304800997
P3,R02,training,05,85,0,0.0,0.0,0.06318954504799779,0.048961624617292865
P3,R02,training,05,86,0,0.0,0.0,0.06318954504799779,0.0490776797434095
P3,R02,training,05,87,0,0.0,0.0,0.06318954504799779,0.04919346698702711
P3,R02,training,05,88,0,0.0,0.0,0.06318954504799779,0.049308983157157385
P3,R02,training,05,89,0,0.0,0.0,0.06318954504799779,0.049424225064287605
P3,R02,training,05,90,0,0.0,0.0,0.06318954504799779,0.04953918952052515
P3,R02,training,05,91,0,0.0,0.0,0.06318954504799779,0.04965387333974216
P3,R02,training,05,92,0,0.0,0.0,0.06318954504799779,0.04976827333772048
P3,R02,training,05,93,0,0.0,0.0,0.06318954504799779,0.04988238633229682
P3,R02,training,05,94,0,0.0,0.0,0.06318954504799779,0.049996209143508163
P3,R02,training,05,95,0,0.0,0.0,0.06318954504799779,0.050109738593737324
P3,R02,training,05,96,0,0.0,0.0,0.06597812930671995,0.05243933479496088
P3,R02,training,05,97,0,0.0,0.0,0.06597812930671995,0.052557251795812034
P3,R02,training,05,98,0,0.0,0.0,0.06597812930671995,0.05267485255220217
P3,R02,training,05,99,0,0.0,0.0,0.06597812930671995,0.052792133757606226
P3,R02,training,05,100,0,0.0,0.0,0.06597812930671995,0.05290909210871163
P3,R02,training,05,101,0,0.0,0.0,0.06597812930671995,0.05302572430557145
P3,R02,training,05,102,0,0.0,0.0,0.06597812930671995,0.05314202705175774
P3,R02,training,05,103,0,0.0,0.0,0.06597812930671995,0.05325799705451491
P3,R02,training,05,104,0,0.0,0.0,0.06597812930671995,0.05337363102491338
P3,R02,training,05,105,0,0.0,0.0,0.06597812930671995,0.053488925678003306
P3,R02,training,05,106,0,0.0,0.0,0.06597812930671995,0.05360387773296832
P3,R02,training,05,107,0,0.0,0.0,0.06597812930671995,0.053718483913279554
P3,R02,training,05,108,0,0.0,0.0,0.06597812930671995,0.053832740946849617
P3,R02,training,05,109,0,0.0,0.0,0.06597812930671995,0.0539466455661867
P3,R02,training,05,110,0,0.0,0.0,0.06597812930671995,0.05406019450854879
P3,R02,training,05,111,0,0.0,0.0,0.06597812930671995,0.054173384516097906
P3,R02,training,05,112,0,0.0,0.3331924991722112,0.06823728444922399,0.05614502490098676
P3,R02,training,05,113,0,0.0,0.3331924991722112,0.06823728444922399,0.05626133810692125
P3,R02,training,05,114,0,0.0,0.3331924991722112,0.06823728444922399,0.056377270011625874
P3,R02,training,05,115,0,0.0,0.3331924991722112,0.06823728444922399,0.05649281726759521
P3,R02,training,05,116,0,0.0,0.3331924991722112,0.06823728444922399,0.0566079765331941
P3,R02,training,05,117,0,0.0,0.3331924991722112,0.06823728444922399,0.0567227444728173
P3,R02,training,05,118,0,0.0,0.3331924991722112,0.06823728444922399,0.05683711775704928
P3,R02,training,05,119,0,0.0,0.3331924991722112,0.06823728444922399,0.05695109306282384
P3,R02,training,05,120,0,0.0,0.3331924991722112,0.06823728444922399,0.05706466707358379
P3,R02,training,05,121,0,0.0,0.3331924991722112,0.06823728444922399,0.05717783647944061
P3,R02,training,05,122,0,0.0,0.3331924991722112,0.06823728444922399,0.05729059797733397
P3,R02,training,05,123,0,0.0,0.3331924991722112,0.06823728444922399,0.05740294827119126
P3,R02,training,05,124,0,0.0,0.3331924991722112,0.06823728444922399,0.05751488407208706
P3,R02,training,05,125,0,0.0,0.3331924991722112,0.06823728444922399,0.057626402098402474
P3,R02,training,05,126,0,0.0,0.3331924991722112,0.06823728444922399,0.057737499075984404
P3,R02,training,05,127,0,0.0,0.3331924991722112,0.06823728444922399,0.05784817173830473
P3,R02,training,05,128,0,0.0,0.0,0.06990500443954883,0.0593749211780089
P3,R02,training,05,129,0,0.0,0.0,0.06990500443954883,0.05948741930333726
P3,R02,training,05,130,0,0.0,0.0,0.06990500443954883,0.05959947275254466
P3,R02,training,05,131,0,0.0,0.0,0.06990500443954883,0.05971107821214239
P3,R02,training,05,132,0,0.0,0.0,0.06990500443954883,0.05982223237726636
P3,R02,training,05,133,0,0.0,0.0,0.06990500443954883,0.05993293195183932
P3,R02,training,05,134,0,0.0,0.0,0.06990500443954883,0.060043173648732864
P3,R02,training,05,135,0,0.0,0.0,0.06990500443954883,0.06015295418992928
P3,R02,training,05,136,0,0.0,0.0,0.06990500443954883,0.06026227030668311
P3,R02,training,05,137,0,0.0,0.0,0.06990500443954883,0.06037111873968261
P3,R02,training,05,138,0,0.0,0.0,0.06990500443954883,0.060479496239210846
P3,R02,training,05,139,0,0.0,0.0,0.06990500443954883,0.060587399565306704
P3,R02,training,05,140,0,0.0,0.0,0.06990500443954883,0.06069482548792552
P3,R02,training,05,141,0,0.0,0.0,0.06990500443954883,0.060801770787099516
P3,R02,training,05,142,0,0.0,0.0,0.06990500443954883,0.06090823225309798
P3,R02,training,05,143,0,0.0,0.0,0.06990500443954883,0.06101420668658709
P3,R02,training,05,144,0,0.0,0.0,0.08994557807079612,0.078641664834654
P3,R02,training,05,145,0,0.0,0.0,0.08994557807079612,0.07877675472456967
P3,R02,training,05,146,0,0.0,0.0,0.08994557807079612,0.07891120569078584
P3,R02,training,05,147,0,0.0,0.0,0.08994557807079612,0.07904501367233362
P3,R02,training,05,148,0,0.0,0.0,0.08994557807079612,0.07917817462264413
P3,R02,training,05,149,0,0.0,0.0,0.08994557807079612,0.07931068450975189
P3,R02,training,05,150,0,0.0,0.0,0.08994557807079612,0.07944253931649739
P3,R02,training,05,151,0,0.0,0.0,0.08994557807079612,0.07957373504072958
P3,R02,training,05,152,0,0.0,0.0,0.08994557807079612,0.07970426769550747
P3,R02,training,05,153,0,0.0,0.0,0.08994557807079612,0.07983413330930156
P3,R02,training,05,154,0,0.0,0.0,0.08994557807079612,0.0799633279261945
P3,R02,training,05,155,0,0.0,0.0,0.08994557807079612,0.08009184760608137
P3,R02,training,05,156,0,0.0,0.0,0.08994557807079612,0.08021968842486939
P3,R02,training,05,157,0,0.0,0.0,0.08994557807079612,0.08034684647467696
P3,R02,training,05,158,0,0.0,0.0,0.08994557807079612,0.08047331786403228
P3,R02,training,05,159,0,0.0,0.0,0.08994557807079612,0.08059909871807126
P3,R02,training,05,160,0,0.0,0.0,0.1296644034894583,0.11637096056167007
P3,R02,training,05,161,0,0.0,0.0,0.1296644034894583,0.1165502770494986
P3,R02,training,05,162,0,0.0,0.0,0.1296644034894583,0.11672858145900618
P3,R02,training,05,163,0,0.0,0.0,0.1296644034894583,0.11690586830283978
P3,R02,training,05,164,0,0.0,0.0,0.1296644034894583,0.11708213211900124
P3,R02,training,05,165,0,0.0,0.0,0.1296644034894583,0.11725736747112707
P3,R02,training,05,166,0,0.0,0.0,0.1296644034894583,0.11743156894876726
P3,R02,training,05,167,0,0.0,0.0,0.1296644034894583,0.11760473116766318
P3,R02,training,05,168,0,0.0,0.0,0.1296644034894583,0.11777684877002435
P3,R02,training,05,169,0,0.0,0.0,0.1296644034894583,0.11794791642480416
P3,R02,training,05,170,0,0.0,0.0,0.1296644034894583,0.1181179288279746
P3,R02,training,05,171,0,0.0,0.0,0.1296644034894583,0.11828688070279977
P3,R02,training,05,172,0,0.0,0.0,0.1296644034894583,0.11845476680010839
P3,R02,training,05,173,0,0.0,0.0,0.1296644034894583,0.11862158189856516
P3,R02,training,05,174,0,0.0,0.0,0.1296644034894583,0.11878732080494092
P3,R02,training,05,175,0,0.0,0.0,0.1296644034894583,0.11895197835438168
P3,R02,training,05,176,0,0.0,0.33280902173290117,0.17108365919886553,0.1571651394850136
P3,R02,training,05,177,0,0.0,0.33280902173290117,0.17108365919886553,0.15737952044927936
P3,R02,training,05,178,0,0.0,0.33280902173290117,0.17108365919886553,0.1575924544182379
P3,R02,training,05,179,0,0.0,0.33280902173290117,0.17108365919886553,0.15780393473047824
P3,R02,training,05,180,0,0.0,0.33280902173290117,0.17108365919886553,0.1580139547637793
P3,R02,training,05,181,0,0.0,0.33280902173290117,0.17108365919886553,0.15822250793545498
P3,R02,training,05,182,0,0.0,0.33280902173290117,0.17108365919886553,0.15842958770269763
P3,R02,training,05,183,0,0.0,0.33280902173290117,0.17108365919886553,0.15863518756291983
P3,R02,training,05,184,0,0.0,0.33280902173290117,0.17108365919886553,0.15883930105409413
P3,R02,training,05,185,0,0.0,0.33280902173290117,0.17108365919886553,0.1590419217550913
P3,R02,training,05,186,0,0.0,0.33280902173290117,0.17108365919886553,0.15924304328601657
P3,R02,training,05,187,0,0.0,0.33280902173290117,0.17108365919886553,0.15944265930854407
P3,R02,training,05,188,0,0.0,0.33280902173290117,0.17108365919886553,0.15964076352624942
P3,R02,training,05,189,0,0.0,0.33280902173290117,0.17108365919886553,0.15983734968494046
P3,R02,training,05,190,0,0.0,0.33280902173290117,0.17108365919886553,0.16003241157298587
P3,R02,training,05,191,0,0.0,0.33280902173290117,0.17108365919886553,0.16022594302164211
P3,R02,training,05,192,0,1.0,0.3343824404893502,0.19499462372348436,0.1828382417516351
P3,R02,training,05,193,0,1.0,0.3343824404893502,0.19499462372348436,0.18305531194074637
P3,R02,training,05,194,0,1.0,0.3343824404893502,0.19499462372348436,0.18327061699775263
P3,R02,training,05,195,0,1.0,0.3343824404893502,0.19499462372348436,0.18348415009096244
P3,R02,training,05,196,0,1.0,0.3343824404893502,0.19499462372348436,0.1836959044393945
P3,R02,training,05,197,0,1.0,0.3343824404893502,0.19499462372348436,0.1839058733131363
P3,R02,training,05,198,0,1.0,0.3343824404893502,0.19499462372348436,0.18411405003370024
P3,R02,training,05,199,0,1.0,0.3343824404893502,0.19499462372348436,0.18432042797437753
P3,R02,training,05,200,0,1.0,0.3343824404893502,0.19499462372348436,0.18452500056058954
P3,R02,training,05,201,0,1.0,0.3343824404893502,0.19499462372348436,0.18472776127023652
P3,R02,training,05,202,0,1.0,0.3343824404893502,0.19499462372348436,0.18492870363404412
P3,R02,training,05,203,0,1.0,0.3343824404893502,0.19499462372348436,0.1851278212359071
P3,R02,training,05,204,0,1.0,0.3343824404893502,0.19499462372348436,0.18532510771323057
P3,R02,training,05,205,0,1.0,0.3343824404893502,0.19499462372348436,0.18552055675726886
P3,R02,training,05,206,0,1.0,0.3343824404893502,0.19499462372348436,0.18571416211346126
P3,R02,training,05,207,0,1.0,0.3343824404893502,0.19499462372348436,0.18590591758176567
P3,R02,training,05,208,0,0.0,0.0,0.21872878407547033,0.20874684132511814
P3,R02,training,05,209,0,0.0,0.0,0.21872878407547033,0.20895776597451163
P3,R02,training,05,210,0,0.0,0.0,0.21872878407547033,0.2091665950797593
P3,R02,training,05,211,0,0.0,0.0,0.21872878407547033,0.20937332193446603
P3,R02,training,05,212,0,0.0,0.0,0.21872878407547033,0.20957793989521592
P3,R02,training,05,213,0,0.0,0.0,0.21872878407547033,0.20978044238192778
P3,R02,training,05,214,0,0.0,0.0,0.21872878407547033,0.20998082287820788
P3,R02,training,05,215,0,0.0,0.0,0.21872878407547033,0.21017907493169907
P3,R02,training,05,216,0,0.0,0.0,0.21872878407547033,0.2103751921544272
P3,R02,training,05,217,0,0.0,0.0,0.21872878407547033,0.2105691682231439
P3,R02,training,05,218,0,0.0,0.0,0.21872878407547033,0.21076099687966635
P3,R02,training,05,219,0,0.0,0.0,0.21872878407547033,0.21095067193121364
P3,R02,training,05,220,0,0.0,0.0,0.21872878407547033,0.21113818725073993
P3,R02,training,05,221,0,0.0,0.0,0.21872878407547033,0.21132353677726423
P3,R02,training,05,222,0,0.0,0.0,0.21872878407547033,0.2115067145161968
P3,R02,training,05,223,0,0.0,0.0,0.21872878407547033,0.2116877145396622
P3,R02,training,05,224,0,0.0,0.0,0.24210343743382767,0.23450784333620703
P3,R02,training,05,225,0,0.0,0.0,0.24210343743382767,0.2347033458291814
P3,R02,training,05,226,0,0.0,0.0,0.24210343743382767,0.23489641864560776
P3,R02,training,05,227,0,0.0,0.0,0.24210343743382767,0.23508705552299808
P3,R02,training,05,228,0,0.0,0.0,0.24210343743382767,0.2352752502744391
P3,R02,training,05,229,0,0.0,0.0,0.24210343743382767,0.23546099678892685
P3,R02,training,05,230,0,0.0,0.0,0.24210343743382767,0.2356442890316973
P3,R02,training,05,231,0,0.0,0.0,0.24210343743382767,0.23582512104455317
P3,R02,training,05,232,0,0.0,0.0,0.24210343743382767,0.23600348694618647
P3,R02,training,05,233,0,0.0,0.0,0.24210343743382767,0.2361793809324976
P3,R02,training,05,234,0,0.0,0.0,0.24210343743382767,0.23635279727690983
P3,R02,training,05,235,0,0.0,0.0,0.24210343743382767,0.23652373033067994
P3,R02,training,05,236,0,0.0,0.0,0.24210343743382767,0.2366921745232052
P3,R02,training,05,237,0,0.0,0.0,0.24210343743382767,0.23685812436232553
P3,R02,training,05,238,0,0.0,0.0,0.24210343743382767,0.23702157443462213
P3,R02,training,05,239,0,0.0,0.0,0.24210343743382767,0.23718251940571172
P3,R02,training,05,240,0,0.0,0.0,0.26631942957252713,0.2610805867067667
P3,R02,training,05,241,0,0.0,0.0,0.26631942957252713,0.2612521013358632
P3,R02,training,05,242,0,0.0,0.0,0.26631942957252713,0.26142084321616244
P3,R02,training,05,243,0,0.0,0.0,0.26631942957252713,0.2615868068306274
P3,R02,training,05,244,0,0.0,0.0,0.26631942957252713,0.2617499867507116
P3,R02,training,05,245,0,0.0,0.0,0.26631942957252713,0.26191037763665476
P3,R02,training,05,246,0,0.0,0.0,0.26631942957252713,0.2620679742377742
P3,R02,training,05,247,0,0.0,0.0,0.26631942957252713,0.26222277139275146
P3,R02,training,05,248,0,0.0,0.0,0.26631942957252713,0.2623747640299135
P3,R02,training,05,249,0,0.0,0.0,0.26631942957252713,0.26252394716751026
P3,R02,training,05,250,0,0.0,0.0,0.26631942957252713,0.26267031591398626
P3,R02,training,05,251,0,0.0,0.0,0.26631942957252713,0.2628138654682483
P3,R02,training,05,252,0,0.0,0.0,0.26631942957252713,0.2629545911199276
P3,R02,training,05,253,0,0.0,0.0,0.26631942957252713,0.26309248824963755
P3,R02,training,05,254,0,0.0,0.0,0.26631942957252713,0.26322755232922657
P3,R02,training,05,255,0,0.0,0.0,0.26631942957252713,0.26335977892202556
P3,R02,training,05,256,0,0.0,0.33299246445543673,0.31007720943585015,0.3067819149454465
P3,R02,training,05,257,0,0.0,0.33299246445543673,0.31007720943585015,0.30692924463788385
P3,R02,training,05,258,0,0.0,0.33299246445543673,0.31007720943585015,0.3070732557734617
P3,R02,training,05,259,0,0.0,0.33299246445543673,0.31007720943585015,0.3072139436153669
P3,R02,training,05,260,0,0.0,0.33299246445543673,0.31007720943585015,0.3073513035346565
P3,R02,training,05,261,0,0.0,0.33299246445543673,0.31007720943585015,0.30748533101051134
P3,R02,training,05,262,0,0.0,0.33299246445543673,0.31007720943585015,0.30761602163048424
P3,R02,training,05,263,0,0.0,0.33299246445543673,0.31007720943585015,0.3077433710907419
P3,R02,training,05,264,0,0.0,0.33299246445543673,0.31007720943585015,0.30786737519630125
P3,R02,training,05,265,0,0.0,0.33299246445543673,0.31007720943585015,0.30798802986125984
P3,R02,training,05,266,0,0.0,0.33299246445543673,0.31007720943585015,0.30810533110902
P3,R02,training,05,267,0,0.0,0.33299246445543673,0.31007720943585015,0.30821927507250746
P3,R02,training,05,268,0,0.0,0.33299246445543673,0.31007720943585015,0.3083298579943836
P3,R02,training,05,269,0,0.0,0.33299246445543673,0.31007720943585015,0.3084370762272523
P3,R02,training,05,270,0,0.0,0.33299246445543673,0.31007720943585015,0.30854092623386015
P3,R02,training,05,271,0,0.0,0.33299246445543673,0.31007720943585015,0.30864140458729095
P3,R02,training,05,272,0,1.0,0.6670026513008883,0.33506290691719315,0.33361633428752024
P3,R02,training,05,273,0,1.0,0.6670026513008883,0.33506290691719315,0.3337176117754941
P3,R02,training,05,274,0,1.0,0.6670026513008883,0.33506290691719315,0.33381523553421416
P3,R02,training,05,275,0,1.0,0.6670026513008883,0.33506290691719315,0.3339092023395109
P3,R02,training,05,276,0,1.0,0.6670026513008883,0.33506290691719315,0.3339995090873958
P3,R02,training,05,277,0,1.0,0.6670026513008883,0.33506290691719315,0.3340861527942323
P3,R02,training,05,278,0,1.0,0.6670026513008883,0.33506290691719315,0.33416913059690023
P3,R02,training,05,279,0,1.0,0.6670026513008883,0.33506290691719315,0.33424843975295304
P3,R02,training,05,280,0,1.0,0.6670026513008883,0.33506290691719315,0.3343240776407694
P3,R02,training,05,281,0,1.0,0.6670026513008883,0.33506290691719315,0.3343960417596972
P3,R02,training,05,282,0,1.0,0.6670026513008883,0.33506290691719315,0.3344643297301919
P3,R02,training,05,283,0,1.0,0.6670026513008883,0.33506290691719315,0.33452893929394684
P3,R02,training,05,284,0,1.0,0.6670026513008883,0.33506290691719315,0.3345898683140185
P3,R02,training,05,285,0,1.0,0.6670026513008883,0.33506290691719315,0.33464711477494374
P3,R02,training,05,286,0,1.0,0.6670026513008883,0.33506290691719315,0.3347006767828513
P3,R02,training,05,287,0,1.0,0.6670026513008883,0.33506290691719315,0.3347505525655661
P3,R02,training,05,288,0,0.0,0.6661465817994822,0.358588174877065,0.3583033204883174
P3,R02,training,05,289,0,0.0,0.6661465817994822,0.358588174877065,0.3583488028748673
P3,R02,training,05,290,0,0.0,0.6661465817994822,0.358588174877065,0.3583903353134858
P3,R02,training,05,291,0,0.0,0.6661465817994822,0.358588174877065,0.3584279164295073
P3,R02,training,05,292,0,0.0,0.6661465817994822,0.358588174877065,0.3584615449789576
P3,R02,training,05,293,0,0.0,0.6661465817994822,0.358588174877065,0.35849121984862314
P3,R02,training,05,294,0,0.0,0.6661465817994822,0.358588174877065,0.35851694005611195
P3,R02,training,05,295,0,0.0,0.6661465817994822,0.358588174877065,0.35853870474990795
P3,R02,training,05,296,0,0.0,0.6661465817994822,0.358588174877065,0.35855651320941806
P3,R02,training,05,297,0,0.0,0.6661465817994822,0.358588174877065,0.3585703648450119
P3,R02,training,05,298,0,0.0,0.6661465817994822,0.358588174877065,0.35858025919805436
P3,R02,training,05,299,0,0.0,0.6661465817994822,0.358588174877065,0.3585861959409307
P3,R02,training,05,300,0,0.0,0.6661465817994822,0.358588174877065,0.358588174877065
P3,R02,training,05,301,0,0.0,0.6661465817994822,0.358588174877065,0.3585861959409307
P3,R02,training,05,302,0,0.0,0.6661465817994822,0.358588174877065,0.35858025919805436
P3,R02,training,05,303,0,0.0,0.6661465817994822,0.358588174877065,0.3585703648450119
P3,R02,training,05,304,0,1.0,0.33383363910056063,0.36287412873258706,0.36284208863515344
P3,R02,training,05,305,0,1.0,0.33383363910056063,0.36287412873258706,0.3628240673235722
P3,R02,training,05,306,0,1.0,0.33383363910056063,0.36287412873258706,0.3628020424916015
P3,R02,training,05,307,0,1.0,0.33383363910056063,0.36287412873258706,0.3627760148684471
P3,R02,training,05,308,0,1.0,0.33383363910056063,0.36287412873258706,0.3627459853158027
P3,R02,training,05,309,0,1.0,0.33383363910056063,0.36287412873258706,0.362711954827802
P3,R02,training,05,310,0,1.0,0.33383363910056063,0.36287412873258706,0.36267392453096425
P3,R02,training,05,311,0,1.0,0.33383363910056063,0.36287412873258706,0.36263189568413184
P3,R02,training,05,312,0,1.0,0.33383363910056063,0.36287412873258706,0.3625858696784008
P3,R02,training,05,313,0,1.0,0.33383363910056063,0.36287412873258706,0.36253584803704436
P3,R02,training,05,314,0,1.0,0.33383363910056063,0.36287412873258706,0.36248183241542875
P3,R02,training,05,315,0,1.0,0.33383363910056063,0.36287412873258706,0.3624238246009217
P3,R02,training,05,316,0,1.0,0.33383363910056063,0.36287412873258706,0.3623618265127943
P3,R02,training,05,317,0,1.0,0.33383363910056063,0.36287412873258706,0.3622958402021148
P3,R02,training,05,318,0,1.0,0.33383363910056063,0.36287412873258706,0.3622258678516357
P3,R02,training,05,319,0,1.0,0.33383363910056063,0.36287412873258706,0.36215191177567324
P3,R02,training,05,320,0,0.0,0.33303580493607166,0.34763817790414503,0.34687161957096113
P3,R02,training,05,321,0,0.0,0.33303580493607166,0.34763817790414503,0.3467931429119274
P3,R02,training,05,322,0,0.0,0.33303580493607166,0.34763817790414503,0.3467108571980148
P3,R02,training,05,323,0,0.0,0.33303580493607166,0.34763817790414503,0.34662476514923696
P3,R02,training,05,324,0,0.0,0.33303580493607166,0.34763817790414503,0.3465348696109673
P3,R02,training,05,325,0,0.0,0.33303580493607166,0.34763817790414503,0.34644117355378207
P3,R02,training,05,326,0,0.0,0.33303580493607166,0.34763817790414503,0.3463436800732969
P3,R02,training,05,327,0,0.0,0.33303580493607166,0.34763817790414503,0.3462423923899964
P3,R02,training,05,328,0,0.0,0.33303580493607166,0.34763817790414503,0.3461373138490565
P3,R02,training,05,329,0,0.0,0.33303580493607166,0.34763817790414503,0.34602844792016074
P3,R02,training,05,330,0,0.0,0.33303580493607166,0.34763817790414503,0.34591579819730933
P3,R02,training,05,331,0,0.0,0.33303580493607166,0.34763817790414503,0.3457993683986209
P3,R02,training,05,332,0,0.0,0.33303580493607166,0.34763817790414503,0.3456791623661286
P3,R02,training,05,333,0,0.0,0.33303580493607166,0.34763817790414503,0.34555518406556823
P3,R02,training,05,334,0,0.0,0.33303580493607166,0.34763817790414503,0.3454274375861607
P3,R02,training,05,335,0,0.0,0.33303580493607166,0.34763817790414503,0.3452959271403868
P3,R02,training,05,336,0,0.0,0.3330223410866592,0.3483486788172688,0.3458660944340032
P3,R02,training,05,337,0,0.0,0.3330223410866592,0.3483486788172688,0.3457267850458088
P3,R02,training,05,338,0,0.0,0.3330223410866592,0.3483486788172688,0.34558371740046473
P3,R02,training,05,339,0,0.0,0.3330223410866592,0.3483486788172688,0.3454368962107224
P3,R02,training,05,340,0,0.0,0.3330223410866592,0.3483486788172688,0.3452863263116182
P3,R02,training,05,341,0,0.0,0.3330223410866592,0.3483486788172688,0.34513201266020854
P3,R02,training,05,342,0,0.0,0.3330223410866592,0.3483486788172688,0.34497396033529726
P3,R02,training,05,343,0,0.0,0.3330223410866592,0.3483486788172688,0.34481217453715757
P3,R02,training,05,344,0,0.0,0.3330223410866592,0.3483486788172688,0.3446466605872466
P3,R02,training,05,345,0,0.0,0.3330223410866592,0.3483486788172688,0.3444774239279137
P3,R02,training,05,346,0,0.0,0.3330223410866592,0.3483486788172688,0.34430447012210247
P3,R02,training,05,347,0,0.0,0.3330223410866592,0.3483486788172688,0.34412780485304567
P3,R02,training,05,348,0,0.0,0.3330223410866592,0.3483486788172688,0.34394743392395394
P3,R02,training,05,349,0,0.0,0.3330223410866592,0.3483486788172688,0.3437633632576985
P3,R02,training,05,350,0,0.0,0.3330223410866592,0.3483486788172688,0.34357559889648676
P3,R02,training,05,351,0,0.0,0.3330223410866592,0.3483486788172688,0.34338414700153147
P3,R02,training,05,352,0,1.0,0.6669766054270829,0.3458965017819457,0.3407731579309923
P3,R02,training,05,353,0,1.0,0.6669766054270829,0.3458965017819457,0.34057574942206237
P3,R02,training,05,354,0,1.0,0.6669766054270829,0.3458965017819457,0.340374698396689
P3,R02,training,05,355,0,1.0,0.6669766054270829,0.3458965017819457,0.34017001144197656
P3,R02,training,05,356,0,1.0,0.6669766054270829,0.3458965017819457,0.3399616952614617
P3,R02,training,05,357,0,1.0,0.6669766054270829,0.3458965017819457,0.3397497566747473
P3,R02,training,05,358,0,1.0,0.6669766054270829,0.3458965017819457,0.33953420261713063
P3,R02,training,05,359,0,1.0,0.6669766054270829,0.3458965017819457,0.33931504013922464
P3,R02,training,05,360,0,1.0,0.6669766054270829,0.3458965017819457,0.33909227640657424
P3,R02,training,05,361,0,1.0,0.6669766054270829,0.3458965017819457,0.3388659186992654
P3,R02,training,05,362,0,1.0,0.6669766054270829,0.3458965017819457,0.3386359744115289
P3,R02,training,05,363,0,1.0,0.6669766054270829,0.3458965017819457,0.33840245105133765
P3,R02,training,05,364,0,1.0,0.6669766054270829,0.3458965017819457,0.3381653562399982
P3,R02,training,05,365,0,1.0,0.6669766054270829,0.3458965017819457,0.33792469771173633
P3,R02,training,05,366,0,1.0,0.6669766054270829,0.3458965017819457,0.3376804833132763
P3,R02,training,05,367,0,1.0,0.6669766054270829,0.3458965017819457,0.3374327210034149
P3,R02,training,05,368,0,0.0,0.6662276235048836,0.3403485430393655,0.331773244468281
P3,R02,training,05,369,0,0.0,0.6662276235048836,0.3403485430393655,0.33152249802951805
P3,R02,training,05,370,0,0.0,0.6662276235048836,0.3403485430393655,0.33126828473637887
P3,R02,training,05,371,0,0.0,0.6662276235048836,0.3403485430393655,0.3310106128567948
P3,R02,training,05,372,0,0.0,0.6662276235048836,0.3403485430393655,0.330749490766788
P3,R02,training,05,373,0,0.0,0.6662276235048836,0.3403485430393655,0.33048492695001813
P3,R02,training,05,374,0,0.0,0.6662276235048836,0.3403485430393655,0.33021692999732266
P3,R02,training,05,375,0,0.0,0.6662276235048836,0.3403485430393655,0.3299455086062522
P3,R02,training,05,376,0,0.0,0.6662276235048836,0.3403485430393655,0.32967067158060037
P3,R02,training,05,377,0,0.0,0.6662276235048836,0.3403485430393655,0.32939242782992745
P3,R02,training,05,378,0,0.0,0.6662276235048836,0.3403485430393655,0.3291107863690793
P3,R02,training,05,379,0,0.0,0.6662276235048836,0.3403485430393655,0.32882575631770106
P3,R02,training,05,380,0,0.0,0.6662276235048836,0.3403485430393655,0.32853734689974434
P3,R02,training,05,381,0,0.0,0.6662276235048836,0.3403485430393655,0.32824556744297056
P3,R02,training,05,382,0,0.0,0.6662276235048836,0.3403485430393655,0.3279504273784477
P3,R02,training,05,383,0,0.0,0.6662276235048836,0.3403485430393655,0.3276519362400428
P3,R02,training,05,384,0,1.0,0.3337566536558348,0.31421678631233224,0.3022163593054818
P3,R02,training,05,385,0,1.0,0.3337566536558348,0.31421678631233224,0.30193462535936855
P3,R02,training,05,386,0,1.0,0.3337566536558348,0.31421678631233224,0.30164982460307516
P3,R02,training,05,387,0,1.0,0.3337566536558348,0.31421678631233224,0.30136196621330297
P3,R02,training,05,388,0,1.0,0.3337566536558348,0.31421678631233224,0.30107105945924306
P3,R02,training,05,389,0,1.0,0.3337566536558348,0.31421678631233224,0.30077711370207916
P3,R02,training,05,390,0,1.0,0.3337566536558348,0.31421678631233224,0.30048013839448545
P3,R02,training,05,391,0,1.0,0.3337566536558348,0.31421678631233224,0.3001801430801204
P3,R02,training,05,392,0,1.0,0.3337566536558348,0.31421678631233224,0.2998771373931158
P3,R02,training,05,393,0,1.0,0.3337566536558348,0.31421678631233224,0.29957113105756095
P3,R02,training,05,394,0,1.0,0.3337566536558348,0.31421678631233224,0.29926213388698314
P3,R02,training,05,395,0,1.0,0.3337566536558348,0.31421678631233224,0.2989501557838233
P3,R02,training,05,396,0,1.0,0.3337566536558348,0.31421678631233224,0.298635206738907
P3,R02,training,05,397,0,1.0,0.3337566536558348,0.31421678631233224,0.2983172968309119
P3,R02,training,05,398,0,1.0,0.3337566536558348,0.31421678631233224,0.29799643622583016
P3,R02,training,05,399,0,1.0,0.3337566536558348,0.31421678631233224,0.2976726351764271
P3,R02,training,05,400,0,0.0,0.33306267373864973,0.2691098566799659,0.25466084913781306
P3,R02,training,05,401,0,0.0,0.33306267373864973,0.2691098566799659,0.25437852084432006
P3,R02,training,05,402,0,0.0,0.33306267373864973,0.2691098566799659,0.2540937010017159
P3,R02,training,05,403,0,0.0,0.33306267373864973,0.2691098566799659,0.2538063986835017
P3,R02,training,05,404,0,0.0,0.33306267373864973,0.2691098566799659,0.2535166230351226
P3,R02,training,05,405,0,0.0,0.33306267373864973,0.2691098566799659,0.25322438327348323
P3,R02,training,05,406,0,0.0,0.33306267373864973,0.2691098566799659,0.2529296886864591
P3,R02,training,05,407,0,0.0,0.33306267373864973,0.2691098566799659,0.25263254863240514
P3,R02,training,05,408,0,0.0,0.33306267373864973,0.2691098566799659,0.2523329725396608
P3,R02,training,05,409,0,0.0,0.33306267373864973,0.2691098566799659,0.2520309699060517
P3,R02,training,05,410,0,0.0,0.33306267373864973,0.2691098566799659,0.25172655029838825
P3,R02,training,05,411,0,0.0,0.33306267373864973,0.2691098566799659,0.2514197233519608
P3,R02,training,05,412,0,0.0,0.33306267373864973,0.2691098566799659,0.25111049877003205
P3,R02,training,05,413,0,0.0,0.33306267373864973,0.2691098566799659,0.25079888632332603
P3,R02,training,05,414,0,0.0,0.33306267373864973,0.2691098566799659,0.25048489584951367
P3,R02,training,05,415,0,0.0,0.33306267373864973,0.2691098566799659,0.25016853725269617
P3,R02,training,05,416,0,1.0,0.3336741083480933,0.22452829256500653,0.20845893304421026
P3,R02,training,05,417,0,1.0,0.3336741083480933,0.22452829256500653,0.2081910567673206
P3,R02,training,05,418,0,1.0,0.3336741083480933,0.22452829256500653,0.20792122979621502
P3,R02,training,05,419,0,1.0,0.3336741083480933,0.22452829256500653,0.2076494606115864
P3,R02,training,05,420,0,1.0,0.3336741083480933,0.22452829256500653,0.2073757577473583
P3,R02,training,05,421,0,1.0,0.3336741083480933,0.22452829256500653,0.20710012979023867
P3,R02,training,05,422,0,1.0,0.3336741083480933,0.22452829256500653,0.20682258537927162
P3,R02,training,05,423,0,1.0,0.3336741083480933,0.22452829256500653,0.20654313320538645
P3,R02,training,05,424,0,1.0,0.3336741083480933,0.22452829256500653,0.20626178201094492
P3,R02,training,05,425,0,1.0,0.3336741083480933,0.22452829256500653,0.20597854058928594
P3,R02,training,05,426,0,1.0,0.3336741083480933,0.22452829256500653,0.20569341778426814
P3,R02,training,05,427,0,1.0,0.3336741083480933,0.22452829256500653,0.20540642248981042
P3,R02,training,05,428,0,1.0,0.3336741083480933,0.22452829256500653,0.20511756364943018
P3,R02,training,05,429,0,1.0,0.3336741083480933,0.22452829256500653,0.20482685025577954
P3,R02,training,05,430,0,1.0,0.3336741083480933,0.22452829256500653,0.20453429135017956
P3,R02,training,05,431,0,1.0,0.3336741083480933,0.22452829256500653,0.20423989602215234
P3,R02,training,05,432,0,0.0,0.0,0.1984005386316822,0.18021129628082347
P3,R02,training,05,433,0,0.0,0.0,0.1984005386316822,0.1799479377637789
P3,R02,training,05,434,0,0.0,0.0,0.1984005386316822,0.17968298087063744
P3,R02,training,05,435,0,0.0,0.0,0.1984005386316822,0.17941643379939703
P3,R02,training,05,436,0,0.0,0.0,0.1984005386316822,0.1791483047885548
P3,R02,training,05,437,0,0.0,0.0,0.1984005386316822,0.17887860211668347
P3,R02,training,05,438,0,0.0,0.0,0.1984005386316822,0.17860733410200622
P3,R02,training,05,439,0,0.0,0.0,0.1984005386316822,0.17833450910197
P3,R02,training,05,440,0,0.0,0.0,0.1984005386316822,0.17806013551281746
P3,R02,training,05,441,0,0.0,0.0,0.1984005386316822,0.17778422176915726
P3,R02,training,05,442,0,0.0,0.0,0.1984005386316822,0.17750677634353282
P3,R02,training,05,443,0,0.0,0.0,0.1984005386316822,0.17722780774598995
P3,R02,training,05,444,0,0.0,0.0,0.1984005386316822,0.17694732452364278
P3,R02,training,05,445,0,0.0,0.0,0.1984005386316822,0.17666533526023848
P3,R02,training,05,446,0,0.0,0.0,0.1984005386316822,0.17638184857572067
P3,R02,training,05,447,0,0.0,0.0,0.1984005386316822,0.17609687312579142
P3,R02,training,05,448,0,0.0,0.0,0.1720895561768788,0.152495234866654
P3,R02,training,05,449,0,0.0,0.0,0.1720895561768788,0.15224549155398515
P3,R02,training,05,450,0,0.0,0.0,0.1720895561768788,0.15199447961499188
P3,R02,training,05,451,0,0.0,0.0,0.1720895561768788,0.15174220667774127
P3,R02,training,05,452,0,0.0,0.0,0.1720895561768788,0.15148868039940136
P3,R02,training,05,453,0,0.0,0.0,0.1720895561768788,0.15123390846585516
P3,R02,training,05,454,0,0.0,0.0,0.1720895561768788,0.15097789859131353
P3,R02,training,05,455,0,0.0,0.0,0.1720895561768788,0.15072065851792732
P3,R02,training,05,456,0,0.0,0.0,0.1720895561768788,0.1504621960153986
P3,R02,training,05,457,0,0.0,0.0,0.1720895561768788,0.15020251888059086
P3,R02,training,05,458,0,0.0,0.0,0.1720895561768788,0.14994163493713863
P3,R02,training,05,459,0,0.0,0.0,0.1720895561768788,0.149679552035056
P3,R02,training,05,460,0,0.0,0.0,0.1720895561768788,0.14941627805034477
P3,R02,training,05,461,0,0.0,0.0,0.1720895561768788,0.14915182088460135
P3,R02,training,05,462,0,0.0,0.0,0.1720895561768788,0.14888618846462343
P3,R02,training,05,463,0,0.0,0.0,0.1720895561768788,0.14861938874201552
P3,R02,training,05,464,0,0.0,0.0,0.14584766185402595,0.1257293564704014
P3,R02,training,05,465,0,0.0,0.0,0.14584766185402595,0.12550128266997276
P3,R02,training,05,466,0,0.0,0.0,0.14584766185402595,0.12527223990860062
P3,R02,training,05,467,0,0.0,0.0,0.14584766185402595,0.1250422350060954
P3,R02,training,05,468,0,0.0,0.0,0.14584766185402595,0.124811274801613
P3,R02,training,05,469,0,0.0,0.0,0.14584766185402595,0.1245793661533175
P3,R02,training,05,470,0,0.0,0.0,0.14584766185402595,0.12434651593804359
P3,R02,training,05,471,0,0.0,0.0,0.14584766185402595,0.12411273105095855
P3,R02,training,05,472,0,0.0,0.0,0.14584766185402595,0.12387801840522386
P3,R02,training,05,473,0,0.0,0.0,0.14584766185402595,0.12364238493165647
P3,R02,training,05,474,0,0.0,0.0,0.14584766185402595,0.12340583757838965
P3,R02,training,05,475,0,0.0,0.0,0.14584766185402595,0.12316838331053362
P3,R02,training,05,476,0,0.0,0.0,0.14584766185402595,0.12293002910983589
P3,R02,training,05,477,0,0.0,0.0,0.14584766185402595,0.12269078197434125
P3,R02,training,05,478,0,0.0,0.0,0.14584766185402595,0.12245064891805159
P3,R02,training,05,479,0,0.0,0.0,0.14584766185402595,0.12220963697058551
P3,R02,training,05,480,0,0.0,0.0,0.10227751834823995,0.08553143022562124
P3,R02,training,05,481,0,0.0,0.0,0.10227751834823995,0.08536119971215424
P3,R02,training,05,482,0,0.0,0.0,0.10227751834823995,0.08519036771727499
P3,R02,training,05,483,0,0.0,0.0,0.10227751834823995,0.08501893921200836
P3,R02,training,05,484,0,0.0,0.0,0.10227751834823995,0.08484691917713526
P3,R02,training,05,485,0,0.0,0.0,0.10227751834823995,0.0846743126029533
P3,R02,training,05,486,0,0.0,0.0,0.10227751834823995,0.08450112448903756
P3,R02,training,05,487,0,0.0,0.0,0.10227751834823995,0.08432735984400107
P3,R02,training,05,488,0,0.0,0.0,0.10227751834823995,0.08415302368525548
P3,R02,training,05,489,0,0.0,0.0,0.10227751834823995,0.08397812103877174
P3,R02,training,05,490,0,0.0,0.0,0.10227751834823995,0.08380265693884063
P3,R02,training,05,491,0,0.0,0.0,0.10227751834823995,0.08362663642783352
P3,R02,training,05,492,0,0.0,0.0,0.10227751834823995,0.08345006455596309
P3,R02,training,05,493,0,0.0,0.0,0.10227751834823995,0.08327294638104406
P3,R02,training,05,494,0,0.0,0.0,0.10227751834823995,0.08309528696825422
P3,R02,training,05,495,0,0.0,0.0,0.10227751834823995,0.08291709138989528
P3,R02,training,05,496,0,0.0,0.0,0.060825768373078876,0.049205579971193555
P3,R02,training,05,497,0,0.0,0.0,0.060825768373078876,0.049098976083307926
P3,R02,training,05,498,0,0.0,0.0,0.060825768373078876,0.048992062404486565
P3,R02,training,05,499,0,0.0,0.0,0.060825768373078876,0.04888484196682012
P3,R02,training,05,500,0,0.0,0.0,0.060825768373078876,0.04877731780592645
P3,R02,training,05,501,0,0.0,0.0,0.060825768373078876,0.048669492960809024
P3,R02,training,05,502,0,0.0,0.0,0.060825768373078876,0.04856137047371547
P3,R02,training,05,503,0,0.0,0.0,0.060825768373078876,0.04845295338999624
P3,R02,training,05,504,0,0.0,0.0,0.060825768373078876,0.04834424475796338
P3,R02,training,05,505,0,0.0,0.0,0.060825768373078876,0.04823524762874955
P3,R02,training,05,506,0,0.0,0.0,0.060825768373078876,0.048125965056167064
P3,R02,training,05,507,0,0.0,0.0,0.060825768373078876,0.04801640009656726
P3,R02,training,05,508,0,0.0,0.0,0.060825768373078876,0.04790655580869991
P3,R02,training,05,509,0,0.0,0.0,0.060825768373078876,0.04779643525357288
P3,R02,training,05,510,0,0.0,0.0,0.060825768373078876,0.04768604149431199
P3,R02,training,05,511,0,0.0,0.0,0.060825768373078876,0.04757537759602106
P3,R02,training,05,512,0,0.0,0.0,0.03934454500686732,0.030701906551091923
P3,R02,training,05,513,0,0.0,0.0,0.03934454500686732,0.03062998118509571
P3,R02,training,05,514,0,0.0,0.0,0.03934454500686732,0.03055788703701672
P3,R02,training,05,515,0,0.0,0.0,0.03934454500686732,0.03048562609370236
P3,R02,training,05,516,0,0.0,0.0,0.03934454500686732,0.030413200342829065
P3,R02,training,05,517,0,0.0,0.0,0.03934454500686732,0.030340611772812665
P3,R02,training,05,518,0,0.0,0.0,0.03934454500686732,0.030267862372718966
P3,R02,training,05,519,0,0.0,0.0,0.03934454500686732,0.030194954132174455
P3,R02,training,05,520,0,0.0,0.0,0.03934454500686732,0.03012188904127726
P3,R02,training,05,521,0,0.0,0.0,0.03934454500686732,0.030048669090508226
P3,R02,training,05,522,0,0.0,0.0,0.03934454500686732,0.029975296270642254
P3,R02,training,05,523,0,0.0,0.0,0.03934454500686732,0.02990177257265975
P3,R02,training,05,524,0,0.0,0.0,0.03934454500686732,0.029828099987658382
P3,R02,training,05,525,0,0.0,0.0,0.03934454500686732,0.02975428050676496
P3,R02,training,05,526,0,0.0,0.0,0.03934454500686732,0.029680316121047576
P3,R02,training,05,527,0,0.0,0.0,0.03934454500686732,0.02960620882142797
P3,R02,training,05,528,0,0.0,0.0,0.019050035535861185,0.014298930099424817
P3,R02,training,05,529,0,0.0,0.0,0.019050035535861185,0.014262912960101138
P3,R02,training,05,530,0,0.0,0.0,0.019050035535861185,0.01422682951509548
P3,R02,training,05,531,0,0.0,0.0,0.019050035535861185,0.014190680727676486
P3,R02,training,05,532,0,0.0,0.0,0.019050035535861185,0.014154467560831427
P3,R02,training,05,533,0,0.0,0.0,0.019050035535861185,0.014118190977224457
P3,R02,training,05,534,0,0.0,0.0,0.019050035535861185,0.01408185193915498
P3,R02,training,05,535,0,0.0,0.0,0.019050035535861185,0.01404545140851617
P3,R02,training,05,536,0,0.0,0.0,0.019050035535861185,0.014008990346753583
P3,R02,training,05,537,0,0.0,0.0,0.019050035535861185,0.01397246971482395
P3,R02,training,05,538,0,0.0,0.0,0.019050035535861185,0.013935890473154048
P3,R02,training,05,539,0,0.0,0.0,0.019050035535861185,0.013899253581599757
P3,R02,training,05,540,0,0.0,0.0,0.019050035535861185,0.013862559999405213
P3,R02,training,05,541,0,0.0,0.0,0.019050035535861185,0.013825810685162141
P3,R02,training,05,542,0,0.0,0.0,0.019050035535861185,0.013789006596769298
P3,R02,training,05,543,0,0.0,0.0,0.019050035535861185,0.013752148691392083
P3,R02,training,05,544,0,0.0,0.0,0.0,0.0
P3,R02,training,05,545,0,0.0,0.0,0.0,0.0
P3,R02,training,05,546,0,0.0,0.0,0.0,0.0
P3,R02,training,05,547,0,0.0,0.0,0.0,0.0
P3,R02,training,05,548,0,0.0,0.0,0.0,0.0
P3,R02,training,05,549,0,0.0,0.0,0.0,0.0
P3,R02,training,05,550,0,0.0,0.0,0.0,0.0
P3,R02,training,05,551,0,0.0,0.0,0.0,0.0
P3,R02,training,05,552,0,0.0,0.0,0.0,0.0
P3,R02,training,05,553,0,0.0,0.0,0.0,0.0
P3,R02,training,05,554,0,0.0,0.0,0.0,0.0
P3,R02,training,05,555,0,0.0,0.0,0.0,0.0
P3,R02,training,05,556,0,0.0,0.0,0.0,0.0
P3,R02,training,05,557,0,0.0,0.0,0.0,0.0
P3,R02,training,05,558,0,0.0,0.0,0.0,0.0
P3,R02,training,05,559,0,0.0,0.0,0.0,0.0
P3,R02,training,05,560,0,0.0,0.0,0.0,0.0
P3,R02,training,05,561,0,0.0,0.0,0.0,0.0
P3,R02,training,05,562,0,0.0,0.0,0.0,0.0
P3,R02,training,05,563,0,0.0,0.0,0.0,0.0
P3,R02,training,05,564,0,0.0,0.0,0.0,0.0
P3,R02,training,05,565,0,0.0,0.0,0.0,0.0
P3,R02,training,05,566,0,0.0,0.0,0.0,0.0
P3,R02,training,05,567,0,0.0,0.0,0.0,0.0
P3,R02,training,05,568,0,0.0,0.0,0.0,0.0
P3,R02,training,05,569,0,0.0,0.0,0.0,0.0
P3,R02,training,05,570,0,0.0,0.0,0.0,0.0
P3,R02,training,05,571,0,0.0,0.0,0.0,0.0
P3,R02,training,05,572,0,0.0,0.0,0.0,0.0
P3,R02,training,05,573,0,0.0,0.0,0.0,0.0
P3,R02,training,05,574,0,0.0,0.0,0.0,0.0
P3,R02,training,05,575,0,0.0,0.0,0.0,0.0
P3,R02,training,05,576,0,0.0,0.0,0.0,0.0
P3,R02,training,05,577,0,0.0,0.0,0.0,0.0
P3,R02,training,05,578,0,0.0,0.0,0.0,0.0
P3,R02,training,05,579,0,0.0,0.0,0.0,0.0
P3,R02,training,05,580,0,0.0,0.0,0.0,0.0
P3,R02,training,05,581,0,0.0,0.0,0.0,0.0
P3,R02,training,05,582,0,0.0,0.0,0.0,0.0
P3,R02,training,05,583,0,0.0,0.0,0.0,0.0
P3,R02,training,05,584,0,0.0,0.0,0.0,0.0
P3,R02,training,05,585,0,0.0,0.0,0.0,0.0
P3,R02,training,05,586,0,0.0,0.0,0.0,0.0
P3,R02,training,05,587,0,0.0,0.0,0.0,0.0
P3,R02,training,05,588,0,0.0,0.0,0.0,0.0
P3,R02,training,05,589,0,0.0,0.0,0.0,0.0
P3,R02,training,05,590,0,0.0,0.0,0.0,0.0
P3,R02,training,05,591,0,0.0,0.0,0.0,0.0
P3,R02,training,05,592,0,0.0,0.0,0.0,0.0
P3,R02,training,05,593,0,0.0,0.0,0.0,0.0
P3,R02,training,05,594,0,0.0,0.0,0.0,0.0
P3,R02,training,05,595,0,0.0,0.0,0.0,0.0
P3,R02,training,05,596,0,0.0,0.0,0.0,0.0
P3,R02,training,05,597,0,0.0,0.0,0.0,0.0
P3,R02,training,05,598,0,0.0,0.0,0.0,0.0
P3,R02,training,05,599,0,0.0,0.0,0.0,0.0
P3,R02,training,05,600,0,0.0,0.0,0.0,0.0
P3,R02,training,05,601,0,0.0,0.0,0.0,0.0
A,R02,training,09,0,0,0.0,0.0,0.0,0.0
A,R02,training,09,1,0,0.0,0.0,0.0,0.0
A,R02,training,09,2,0,0.0,0.0,0.0,0.0
A,R02,training,09,3,0,0.0,0.0,0.0,0.0
A,R02,training,09,4,0,0.0,0.0,0.0,0.0
A,R02,training,09,5,0,0.0,0.0,0.0,0.0
A,R02,training,09,6,0,0.0,0.0,0.0,0.0
A,R02,training,09,7,0,0.0,0.0,0.0,0.0
A,R02,training,09,8,0,0.0,0.0,0.0,0.0
A,R02,training,09,9,0,0.0,0.0,0.0,0.0
A,R02,training,09,10,0,0.0,0.0,0.0,0.0
A,R02,training,09,11,0,0.0,0.0,0.0,0.0
A,R02,training,09,12,0,0.0,0.0,0.0,0.0
A,R02,training,09,13,0,0.0,0.0,0.0,0.0
A,R02,training,09,14,0,0.0,0.0,0.0,0.0
A,R02,training,09,15,0,0.0,0.0,0.0,0.0
A,R02,training,09,16,0,0.0,0.0,0.0,0.0
A,R02,training,09,17,0,0.0,0.0,0.0,0.0
A,R02,training,09,18,0,0.0,0.0,0.0,0.0
A,R02,training,09,19,0,0.0,0.0,0.0,0.0
A,R02,training,09,20,0,0.0,0.0,0.0,0.0
A,R02,training,09,21,0,0.0,0.0,0.0,0.0
A,R02,training,09,22,0,0.0,0.0,0.0,0.0
A,R02,training,09,23,0,0.0,0.0,0.0,0.0
A,R02,training,09,24,0,0.0,0.0,0.0,0.0
A,R02,training,09,25,0,0.0,0.0,0.0,0.0
A,R02,training,09,26,0,0.0,0.0,0.0,0.0
A,R02,training,09,27,0,0.0,0.0,0.0,0.0
A,R02,training,09,28,0,0.0,0.0,0.0,0.0
A,R02,training,09,29,0,0.0,0.0,0.0,0.0
A,R02,training,09,30,0,0.0,0.0,0.0,0.0
A,R02,training,09,31,0,0.0,0.0,0.0,0.0
A,R02,training,09,32,0,0.0,0.0,0.0,0.0
A,R02,training,09,33,0,0.0,0.0,0.0,0.0
A,R02,training,09,34,0,0.0,0.0,0.0,0.0
A,R02,training,09,35,0,0.0,0.0,0.0,0.0
A,R02,training,09,36,0,0.0,0.0,0.0,0.0
A,R02,training,09,37,0,0.0,0.0,0.0,0.0
A,R02,training,09,38,0,0.0,0.0,0.0,0.0
A,R02,training,09,39,0,0.0,0.0,0.0,0.0
A,R02,training,09,40,0,0.0,0.0,0.0,0.0
A,R02,training,09,41,0,0.0,0.0,0.0,0.0
A,R02,training,09,42,0,0.0,0.0,0.0,0.0
A,R02,training,09,43,0,0.0,0.0,0.0,0.0
A,R02,training,09,44,0,0.0,0.0,0.0,0.0
A,R02,training,09,45,0,0.0,0.0,0.0,0.0
A,R02,training,09,46,0,0.0,0.0,0.0,0.0
A,R02,training,09,47,0,0.0,0.0,0.0,0.0
A,R02,training,09,48,0,0.0,0.0,0.0,0.0
A,R02,training,09,49,0,0.0,0.0,0.0,0.0
A,R02,training,09,50,0,0.0,0.0,0.0,0.0
A,R02,training,09,51,0,0.0,0.0,0.0,0.0
A,R02,training,09,52,0,0.0,0.0,0.0,0.0
A,R02,training,09,53,0,0.0,0.0,0.0,0.0
A,R02,training,09,54,0,0.0,0.0,0.0,0.0
A,R02,training,09,55,0,0.0,0.0,0.0,0.0
A,R02,training,09,56,0,0.0,0.0,0.0,0.0
A,R02,training,09,57,0,0.0,0.0,0.0,0.0
A,R02,training,09,58,0,0.0,0.0,0.0,0.0
A,R02,training,09,59,0,0.0,0.0,0.0,0.0
A,R02,training,09,60,0,0.0,0.0,0.0,0.0
A,R02,training,09,61,0,0.0,0.0,0.0,0.0
A,R02,training,09,62,0,0.0,0.0,0.0,0.0
A,R02,training,09,63,0,0.0,0.0,0.0,0.0
A,R02,training,09,64,0,0.0,0.0,0.0,0.0
A,R02,training,09,65,0,0.0,0.0,0.0,0.0
A,R02,training,09,66,0,0.0,0.0,0.0,0.0
A,R02,training,09,67,0,0.0,0.0,0.0,0.0
A,R02,training,09,68,0,0.0,0.0,0.0,0.0
A,R02,training,09,69,0,0.0,0.0,0.0,0.0
A,R02,training,09,70,0,0.0,0.0,0.0,0.0
A,R02,training,09,71,0,0.0,0.0,0.0,0.0
A,R02,training,09,72,0,0.0,0.0,0.0,0.0
A,R02,training,09,73,0,0.0,0.0,0.0,0.0
A,R02,training,09,74,0,0.0,0.0,0.0,0.0
A,R02,training,09,75,0,0.0,0.0,0.0,0.0
A,R02,training,09,76,0,0.0,0.0,0.0,0.0
A,R02,training,09,77,0,0.0,0.0,0.0,0.0
A,R02,training,09,78,0,0.0,0.0,0.0,0.0
A,R02,training,09,79,0,0.0,0.0,0.0,0.0
A,R02,training,09,80,0,0.0,0.0,0.0,0.0
A,R02,training,09,81,0,0.0,0.0,0.0,0.0
A,R02,training,09,82,0,0.0,0.0,0.0,0.0
A,R02,training,09,83,0,0.0,0.0,0.0,0.0
A,R02,training,09,84,0,0.0,0.0,0.0,0.0
A,R02,training,09,85,0,0.0,0.0,0.0,0.0
A,R02,training,09,86,0,0.0,0.0,0.0,0.0
A,R02,training,09,87,0,0.0,0.0,0.0,0.0
A,R02,training,09,88,0,0.0,0.0,0.0,0.0
A,R02,training,09,89,0,0.0,0.0,0.0,0.0
A,R02,training,09,90,0,0.0,0.0,0.0,0.0
A,R02,training,09,91,0,0.0,0.0,0.0,0.0
A,R02,training,09,92,0,0.0,0.0,0.0,0.0
A,R02,training,09,93,0,0.0,0.0,0.0,0.0
A,R02,training,09,94,0,0.0,0.0,0.0,0.0
A,R02,training,09,95,0,0.0,0.0,0.0,0.0
A,R02,training,09,96,0,0.0,0.0,0.0,0.0
A,R02,training,09,97,0,0.0,0.0,0.0,0.0
A,R02,training,09,98,0,0.0,0.0,0.0,0.0
A,R02,training,09,99,0,0.0,0.0,0.0,0.0
A,R02,training,09,100,0,0.0,0.0,0.0,0.0
A,R02,training,09,101,0,0.0,0.0,0.0,0.0
A,R02,training,09,102,0,0.0,0.0,0.0,0.0
A,R02,training,09,103,0,0.0,0.0,0.0,0.0
A,R02,training,09,104,0,0.0,0.0,0.0,0.0
A,R02,training,09,105,0,0.0,0.0,0.0,0.0
A,R02,training,09,106,0,0.0,0.0,0.0,0.0
A,R02,training,09,107,0,0.0,0.0,0.0,0.0
A,R02,training,09,108,0,0.0,0.0,0.0,0.0
A,R02,training,09,109,0,0.0,0.0,0.0,0.0
A,R02,training,09,110,0,0.0,0.0,0.0,0.0
A,R02,training,09,111,0,0.0,0.0,0.0,0.0
A,R02,training,09,112,0,0.0,0.0,0.0,0.0
A,R02,training,09,113,0,0.0,0.0,0.0,0.0
A,R02,training,09,114,0,0.0,0.0,0.0,0.0
A,R02,training,09,115,0,0.0,0.0,0.0,0.0
A,R02,training,09,116,0,0.0,0.0,0.0,0.0
A,R02,training,09,117,0,0.0,0.0,0.0,0.0
A,R02,training,09,118,0,0.0,0.0,0.0,0.0
A,R02,training,09,119,0,0.0,0.0,0.0,0.0
A,R02,training,09,120,0,0.0,0.0,0.0,0.0
A,R02,training,09,121,0,0.0,0.0,0.0,0.0
A,R02,training,09,122,0,0.0,0.0,0.0,0.0
A,R02,training,09,123,0,0.0,0.0,0.0,0.0
A,R02,training,09,124,0,0.0,0.0,0.0,0.0
A,R02,training,09,125,0,0.0,0.0,0.0,0.0
A,R02,training,09,126,0,0.0,0.0,0.0,0.0
A,R02,training,09,127,0,0.0,0.0,0.0,0.0
A,R02,training,09,128,0,0.0,0.0,0.0,0.0
A,R02,training,09,129,0,0.0,0.0,0.0,0.0
A,R02,training,09,130,0,0.0,0.0,0.0,0.0
A,R02,training,09,131,0,0.0,0.0,0.0,0.0
A,R02,training,09,132,0,0.0,0.0,0.0,0.0
A,R02,training,09,133,0,0.0,0.0,0.0,0.0
A,R02,training,09,134,0,0.0,0.0,0.0,0.0
A,R02,training,09,135,0,0.0,0.0,0.0,0.0
A,R02,training,09,136,0,0.0,0.0,0.0,0.0
A,R02,training,09,137,0,0.0,0.0,0.0,0.0
A,R02,training,09,138,0,0.0,0.0,0.0,0.0
A,R02,training,09,139,0,0.0,0.0,0.0,0.0
A,R02,training,09,140,0,0.0,0.0,0.0,0.0
A,R02,training,09,141,0,0.0,0.0,0.0,0.0
A,R02,training,09,142,0,0.0,0.0,0.0,0.0
A,R02,training,09,143,0,0.0,0.0,0.0,0.0
A,R02,training,09,144,0,0.0,0.0,0.0,0.0
A,R02,training,09,145,0,0.0,0.0,0.0,0.0
A,R02,training,09,146,0,0.0,0.0,0.0,0.0
A,R02,training,09,147,0,0.0,0.0,0.0,0.0
A,R02,training,09,148,0,0.0,0.0,0.0,0.0
A,R02,training,09,149,0,0.0,0.0,0.0,0.0
A,R02,training,09,150,0,0.0,0.0,0.0,0.0
A,R02,training,09,151,0,0.0,0.0,0.0,0.0
A,R02,training,09,152,0,0.0,0.0,0.0,0.0
A,R02,training,09,153,0,0.0,0.0,0.0,0.0
A,R02,training,09,154,0,0.0,0.0,0.0,0.0
A,R02,training,09,155,0,0.0,0.0,0.0,0.0
A,R02,training,09,156,0,0.0,0.0,0.0,0.0
A,R02,training,09,157,0,0.0,0.0,0.0,0.0
A,R02,training,09,158,0,0.0,0.0,0.0,0.0
A,R02,training,09,159,0,0.0,0.0,0.0,0.0
A,R02,training,09,160,0,0.0,0.0,0.0,0.0
A,R02,training,09,161,0,0.0,0.0,0.0,0.0
A,R02,training,09,162,0,0.0,0.0,0.0,0.0
A,R02,training,09,163,0,0.0,0.0,0.0,0.0
A,R02,training,09,164,0,0.0,0.0,0.0,0.0
A,R02,training,09,165,0,0.0,0.0,0.0,0.0
A,R02,training,09,166,0,0.0,0.0,0.0,0.0
A,R02,training,09,167,0,0.0,0.0,0.0,0.0
A,R02,training,09,168,0,0.0,0.0,0.0,0.0
A,R02,training,09,169,0,0.0,0.0,0.0,0.0
A,R02,training,09,170,0,0.0,0.0,0.0,0.0
A,R02,training,09,171,0,0.0,0.0,0.0,0.0
A,R02,training,09,172,0,0.0,0.0,0.0,0.0
A,R02,training,09,173,0,0.0,0.0,0.0,0.0
A,R02,training,09,174,0,0.0,0.0,0.0,0.0
A,R02,training,09,175,0,0.0,0.0,0.0,0.0
A,R02,training,09,176,0,0.0,0.0,0.0,0.0
A,R02,training,09,177,0,0.0,0.0,0.0,0.0
A,R02,training,09,178,0,0.0,0.0,0.0,0.0
A,R02,training,09,179,0,0.0,0.0,0.0,0.0
A,R02,training,09,180,0,0.0,0.0,0.0,0.0
A,R02,training,09,181,0,0.0,0.0,0.0,0.0
A,R02,training,09,182,0,0.0,0.0,0.0,0.0
A,R02,training,09,183,0,0.0,0.0,0.0,0.0
A,R02,training,09,184,0,0.0,0.0,0.0,0.0
A,R02,training,09,185,0,0.0,0.0,0.0,0.0
A,R02,training,09,186,0,0.0,0.0,0.0,0.0
A,R02,training,09,187,0,0.0,0.0,0.0,0.0
A,R02,training,09,188,0,0.0,0.0,0.0,0.0
A,R02,training,09,189,0,0.0,0.0,0.0,0.0
A,R02,training,09,190,0,0.0,0.0,0.0,0.0
A,R02,training,09,191,0,0.0,0.0,0.0,0.0
A,R02,training,09,192,0,0.0,0.0,0.0,0.0
A,R02,training,09,193,0,0.0,0.0,0.0,0.0
A,R02,training,09,194,0,0.0,0.0,0.0,0.0
A,R02,training,09,195,0,0.0,0.0,0.0,0.0
A,R02,training,09,196,0,0.0,0.0,0.0,0.0
A,R02,training,09,197,0,0.0,0.0,0.0,0.0
A,R02,training,09,198,0,0.0,0.0,0.0,0.0
A,R02,training,09,199,0,0.0,0.0,0.0,0.0
A,R02,training,09,200,0,0.0,0.0,0.0,0.0
A,R02,training,09,201,0,0.0,0.0,0.0,0.0
A,R02,training,09,202,0,0.0,0.0,0.0,0.0
A,R02,training,09,203,0,0.0,0.0,0.0,0.0
A,R02,training,09,204,0,0.0,0.0,0.0,0.0
A,R02,training,09,205,0,0.0,0.0,0.0,0.0
A,R02,training,09,206,0,0.0,0.0,0.0,0.0
A,R02,training,09,207,0,0.0,0.0,0.0,0.0
A,R02,training,09,208,0,0.0,0.0,0.0,0.0
A,R02,training,09,209,0,0.0,0.0,0.0,0.0
A,R02,training,09,210,0,0.0,0.0,0.0,0.0
A,R02,training,09,211,0,0.0,0.0,0.0,0.0
A,R02,training,09,212,0,0.0,0.0,0.0,0.0
A,R02,training,09,213,0,0.0,0.0,0.0,0.0
A,R02,training,09,214,0,0.0,0.0,0.0,0.0
A,R02,training,09,215,0,0.0,0.0,0.0,0.0
A,R02,training,09,216,0,0.0,0.0,0.0,0.0
A,R02,training,09,217,0,0.0,0.0,0.0,0.0
A,R02,training,09,218,0,0.0,0.0,0.0,0.0
A,R02,training,09,219,0,0.0,0.0,0.0,0.0
A,R02,training,09,220,0,0.0,0.0,0.0,0.0
A,R02,training,09,221,0,0.0,0.0,0.0,0.0
A,R02,training,09,222,0,0.0,0.0,0.0,0.0
A,R02,training,09,223,0,0.0,0.0,0.0,0.0
A,R02,training,09,224,0,0.0,0.0,0.0,0.0
A,R02,training,09,225,0,0.0,0.0,0.0,0.0
A,R02,training,09,226,0,0.0,0.0,0.0,0.0
A,R02,training,09,227,0,0.0,0.0,0.0,0.0
A,R02,training,09,228,0,0.0,0.0,0.0,0.0
A,R02,training,09,229,0,0.0,0.0,0.0,0.0
A,R02,training,09,230,0,0.0,0.0,0.0,0.0
A,R02,training,09,231,0,0.0,0.0,0.0,0.0
A,R02,training,09,232,0,0.0,0.0,0.0,0.0
A,R02,training,09,233,0,0.0,0.0,0.0,0.0
A,R02,training,09,234,0,0.0,0.0,0.0,0.0
A,R02,training,09,235,0,0.0,0.0,0.0,0.0
A,R02,training,09,236,0,0.0,0.0,0.0,0.0
A,R02,training,09,237,0,0.0,0.0,0.0,0.0
A,R02,training,09,238,0,0.0,0.0,0.0,0.0
A,R02,training,09,239,0,0.0,0.0,0.0,0.0
A,R02,training,09,240,0,0.0,0.0,0.0,0.0
A,R02,training,09,241,0,0.0,0.0,0.0,0.0
A,R02,training,09,242,0,0.0,0.0,0.0,0.0
A,R02,training,09,243,0,0.0,0.0,0.0,0.0
A,R02,training,09,244,0,0.0,0.0,0.0,0.0
A,R02,training,09,245,0,0.0,0.0,0.0,0.0
A,R02,training,09,246,0,0.0,0.0,0.0,0.0
A,R02,training,09,247,0,0.0,0.0,0.0,0.0
A,R02,training,09,248,0,0.0,0.0,0.0,0.0
A,R02,training,09,249,0,0.0,0.0,0.0,0.0
A,R02,training,09,250,0,0.0,0.0,0.0,0.0
A,R02,training,09,251,0,0.0,0.0,0.0,0.0
A,R02,training,09,252,0,0.0,0.0,0.0,0.0
A,R02,training,09,253,0,0.0,0.0,0.0,0.0
A,R02,training,09,254,0,0.0,0.0,0.0,0.0
A,R02,training,09,255,0,0.0,0.0,0.0,0.0
A,R02,training,09,256,0,0.0,0.0,0.0,0.0
A,R02,training,09,257,0,0.0,0.0,0.0,0.0
A,R02,training,09,258,0,0.0,0.0,0.0,0.0
A,R02,training,09,259,0,0.0,0.0,0.0,0.0
A,R02,training,09,260,0,0.0,0.0,0.0,0.0
A,R02,training,09,261,0,0.0,0.0,0.0,0.0
A,R02,training,09,262,0,0.0,0.0,0.0,0.0
A,R02,training,09,263,0,0.0,0.0,0.0,0.0
A,R02,training,09,264,0,0.0,0.0,0.0,0.0
A,R02,training,09,265,0,0.0,0.0,0.0,0.0
A,R02,training,09,266,0,0.0,0.0,0.0,0.0
A,R02,training,09,267,0,0.0,0.0,0.0,0.0
A,R02,training,09,268,0,0.0,0.0,0.0,0.0
A,R02,training,09,269,0,0.0,0.0,0.0,0.0
A,R02,training,09,270,0,0.0,0.0,0.0,0.0
A,R02,training,09,271,0,0.0,0.0,0.0,0.0
A,R02,training,09,272,0,0.0,0.0,0.0,0.0
A,R02,training,09,273,0,0.0,0.0,0.0,0.0
A,R02,training,09,274,0,0.0,0.0,0.0,0.0
A,R02,training,09,275,0,0.0,0.0,0.0,0.0
A,R02,training,09,276,0,0.0,0.0,0.0,0.0
A,R02,training,09,277,0,0.0,0.0,0.0,0.0
A,R02,training,09,278,0,0.0,0.0,0.0,0.0
A,R02,training,09,279,0,0.0,0.0,0.0,0.0
A,R02,training,09,280,0,0.0,0.0,0.0,0.0
A,R02,training,09,281,0,0.0,0.0,0.0,0.0
A,R02,training,09,282,0,0.0,0.0,0.0,0.0
A,R02,training,09,283,0,0.0,0.0,0.0,0.0
A,R02,training,09,284,0,0.0,0.0,0.0,0.0
A,R02,training,09,285,0,0.0,0.0,0.0,0.0
A,R02,training,09,286,0,0.0,0.0,0.0,0.0
A,R02,training,09,287,0,0.0,0.0,0.0,0.0
A,R02,training,09,288,0,0.0,0.0,0.0,0.0
A,R02,training,09,289,0,0.0,0.0,0.0,0.0
A,R02,training,09,290,0,0.0,0.0,0.0,0.0
A,R02,training,09,291,0,0.0,0.0,0.0,0.0
A,R02,training,09,292,0,0.0,0.0,0.0,0.0
A,R02,training,09,293,0,0.0,0.0,0.0,0.0
A,R02,training,09,294,0,0.0,0.0,0.0,0.0
A,R02,training,09,295,0,0.0,0.0,0.0,0.0
A,R02,training,09,296,0,0.0,0.0,0.0,0.0
A,R02,training,09,297,0,0.0,0.0,0.0,0.0
A,R02,training,09,298,0,0.0,0.0,0.0,0.0
A,R02,training,09,299,0,0.0,0.0,0.0,0.0
A,R02,training,09,300,0,0.0,0.0,0.0,0.0
A,R02,training,09,301,0,0.0,0.0,0.0,0.0
A,R02,training,09,302,0,0.0,0.0,0.0,0.0
A,R02,training,09,303,0,0.0,0.0,0.0,0.0
A,R02,training,09,304,0,0.0,0.0,0.0,0.0
A,R02,training,09,305,0,0.0,0.0,0.0,0.0
A,R02,training,09,306,0,0.0,0.0,0.0,0.0
A,R02,training,09,307,0,0.0,0.0,0.0,0.0
A,R02,training,09,308,0,0.0,0.0,0.0,0.0
A,R02,training,09,309,0,0.0,0.0,0.0,0.0
A,R02,training,09,310,0,0.0,0.0,0.0,0.0
A,R02,training,09,311,0,0.0,0.0,0.0,0.0
A,R02,training,09,312,0,0.0,0.0,0.0,0.0
A,R02,training,09,313,0,0.0,0.0,0.0,0.0
A,R02,training,09,314,0,0.0,0.0,0.0,0.0
A,R02,training,09,315,0,0.0,0.0,0.0,0.0
A,R02,training,09,316,0,0.0,0.0,0.0,0.0
A,R02,training,09,317,0,0.0,0.0,0.0,0.0
A,R02,training,09,318,0,0.0,0.0,0.0,0.0
A,R02,training,09,319,0,0.0,0.0,0.0,0.0
A,R02,training,09,320,0,0.0,0.0,0.0,0.0
A,R02,training,09,321,0,0.0,0.0,0.0,0.0
A,R02,training,09,322,0,0.0,0.0,0.0,0.0
A,R02,training,09,323,0,0.0,0.0,0.0,0.0
A,R02,training,09,324,0,0.0,0.0,0.0,0.0
A,R02,training,09,325,0,0.0,0.0,0.0,0.0
A,R02,training,09,326,0,0.0,0.0,0.0,0.0
A,R02,training,09,327,0,0.0,0.0,0.0,0.0
A,R02,training,09,328,0,0.0,0.0,0.0,0.0
A,R02,training,09,329,0,0.0,0.0,0.0,0.0
A,R02,training,09,330,0,0.0,0.0,0.0,0.0
A,R02,training,09,331,0,0.0,0.0,0.0,0.0
A,R02,training,09,332,0,0.0,0.0,0.0,0.0
A,R02,training,09,333,0,0.0,0.0,0.0,0.0
A,R02,training,09,334,0,0.0,0.0,0.0,0.0
A,R02,training,09,335,0,0.0,0.0,0.0,0.0
A,R02,training,09,336,0,0.0,0.0,0.0,0.0
A,R02,training,09,337,0,0.0,0.0,0.0,0.0
A,R02,training,09,338,0,0.0,0.0,0.0,0.0
A,R02,training,09,339,0,0.0,0.0,0.0,0.0
A,R02,training,09,340,0,0.0,0.0,0.0,0.0
A,R02,training,09,341,0,0.0,0.0,0.0,0.0
A,R02,training,09,342,0,0.0,0.0,0.0,0.0
A,R02,training,09,343,0,0.0,0.0,0.0,0.0
A,R02,training,09,344,0,0.0,0.0,0.0,0.0
A,R02,training,09,345,0,0.0,0.0,0.0,0.0
A,R02,training,09,346,0,0.0,0.0,0.0,0.0
A,R02,training,09,347,0,0.0,0.0,0.0,0.0
A,R02,training,09,348,0,0.0,0.0,0.0,0.0
A,R02,training,09,349,0,0.0,0.0,0.0,0.0
A,R02,training,09,350,0,0.0,0.0,0.0,0.0
A,R02,training,09,351,0,0.0,0.0,0.0,0.0
A,R02,training,09,352,0,0.0,0.0,0.0,0.0
A,R02,training,09,353,0,0.0,0.0,0.0,0.0
A,R02,training,09,354,0,0.0,0.0,0.0,0.0
A,R02,training,09,355,0,0.0,0.0,0.0,0.0
A,R02,training,09,356,0,0.0,0.0,0.0,0.0
A,R02,training,09,357,0,0.0,0.0,0.0,0.0
A,R02,training,09,358,0,0.0,0.0,0.0,0.0
A,R02,training,09,359,0,0.0,0.0,0.0,0.0
A,R02,training,09,360,0,0.0,0.0,0.0,0.0
A,R02,training,09,361,0,0.0,0.0,0.0,0.0
A,R02,training,09,362,0,0.0,0.0,0.0,0.0
A,R02,training,09,363,0,0.0,0.0,0.0,0.0
A,R02,training,09,364,0,0.0,0.0,0.0,0.0
A,R02,training,09,365,0,0.0,0.0,0.0,0.0
A,R02,training,09,366,0,0.0,0.0,0.0,0.0
A,R02,training,09,367,0,0.0,0.0,0.0,0.0
A,R02,training,09,368,0,0.0,0.0,0.0,0.0
A,R02,training,09,369,0,0.0,0.0,0.0,0.0
A,R02,training,09,370,0,0.0,0.0,0.0,0.0
A,R02,training,09,371,0,0.0,0.0,0.0,0.0
A,R02,training,09,372,0,0.0,0.0,0.0,0.0
A,R02,training,09,373,0,0.0,0.0,0.0,0.0
A,R02,training,09,374,0,0.0,0.0,0.0,0.0
A,R02,training,09,375,0,0.0,0.0,0.0,0.0
A,R02,training,09,376,0,0.0,0.0,0.0,0.0
A,R02,training,09,377,0,0.0,0.0,0.0,0.0
A,R02,training,09,378,0,0.0,0.0,0.0,0.0
A,R02,training,09,379,0,0.0,0.0,0.0,0.0
A,R02,training,09,380,0,0.0,0.0,0.0,0.0
A,R02,training,09,381,0,0.0,0.0,0.0,0.0
A,R02,training,09,382,0,0.0,0.0,0.0,0.0
A,R02,training,09,383,0,0.0,0.0,0.0,0.0
A,R02,training,09,384,0,0.0,0.0,0.0,0.0
A,R02,training,09,385,0,0.0,0.0,0.0,0.0
A,R02,training,09,386,0,0.0,0.0,0.0,0.0
A,R02,training,09,387,0,0.0,0.0,0.0,0.0
A,R02,training,09,388,0,0.0,0.0,0.0,0.0
A,R02,training,09,389,0,0.0,0.0,0.0,0.0
A,R02,training,09,390,0,0.0,0.0,0.0,0.0
A,R02,training,09,391,0,0.0,0.0,0.0,0.0
A,R02,training,09,392,0,0.0,0.0,0.0,0.0
A,R02,training,09,393,0,0.0,0.0,0.0,0.0
A,R02,training,09,394,0,0.0,0.0,0.0,0.0
A,R02,training,09,395,0,0.0,0.0,0.0,0.0
A,R02,training,09,396,0,0.0,0.0,0.0,0.0
A,R02,training,09,397,0,0.0,0.0,0.0,0.0
A,R02,training,09,398,0,0.0,0.0,0.0,0.0
A,R02,training,09,399,0,0.0,0.0,0.0,0.0
A,R02,training,09,400,0,0.0,0.0,0.0,0.0
A,R02,training,09,401,0,0.0,0.0,0.0,0.0
A,R02,training,09,402,0,0.0,0.0,0.0,0.0
A,R02,training,09,403,0,0.0,0.0,0.0,0.0
A,R02,training,09,404,0,0.0,0.0,0.0,0.0
A,R02,training,09,405,0,0.0,0.0,0.0,0.0
A,R02,training,09,406,0,0.0,0.0,0.0,0.0
A,R02,training,09,407,0,0.0,0.0,0.0,0.0
A,R02,training,09,408,0,0.0,0.0,0.0,0.0
A,R02,training,09,409,0,0.0,0.0,0.0,0.0
A,R02,training,09,410,0,0.0,0.0,0.0,0.0
A,R02,training,09,411,0,0.0,0.0,0.0,0.0
A,R02,training,09,412,0,0.0,0.0,0.0,0.0
A,R02,training,09,413,0,0.0,0.0,0.0,0.0
A,R02,training,09,414,0,0.0,0.0,0.0,0.0
A,R02,training,09,415,0,0.0,0.0,0.0,0.0
A,R02,training,09,416,0,0.0,0.0,0.0,0.0
A,R02,training,09,417,0,0.0,0.0,0.0,0.0
A,R02,training,09,418,0,0.0,0.0,0.0,0.0
A,R02,training,09,419,0,0.0,0.0,0.0,0.0
A,R02,training,09,420,0,0.0,0.0,0.0,0.0
A,R02,training,09,421,0,0.0,0.0,0.0,0.0
A,R02,training,09,422,0,0.0,0.0,0.0,0.0
A,R02,training,09,423,0,0.0,0.0,0.0,0.0
A,R02,training,09,424,0,0.0,0.0,0.0,0.0
A,R02,training,09,425,0,0.0,0.0,0.0,0.0
A,R02,training,09,426,0,0.0,0.0,0.0,0.0
A,R02,training,09,427,0,0.0,0.0,0.0,0.0
A,R02,training,09,428,0,0.0,0.0,0.0,0.0
A,R02,training,09,429,0,0.0,0.0,0.0,0.0
A,R02,training,09,430,0,0.0,0.0,0.0,0.0
A,R02,training,09,431,0,0.0,0.0,0.0,0.0
A,R02,training,09,432,0,0.0,0.0,0.0,0.0
A,R02,training,09,433,0,0.0,0.0,0.0,0.0
A,R02,training,09,434,0,0.0,0.0,0.0,0.0
A,R02,training,09,435,0,0.0,0.0,0.0,0.0
A,R02,training,09,436,0,0.0,0.0,0.0,0.0
A,R02,training,09,437,0,0.0,0.0,0.0,0.0
A,R02,training,09,438,0,0.0,0.0,0.0,0.0
A,R02,training,09,439,0,0.0,0.0,0.0,0.0
A,R02,training,09,440,0,0.0,0.0,0.0,0.0
A,R02,training,09,441,0,0.0,0.0,0.0,0.0
A,R02,training,09,442,0,0.0,0.0,0.0,0.0
A,R02,training,09,443,0,0.0,0.0,0.0,0.0
A,R02,training,09,444,0,0.0,0.0,0.0,0.0
A,R02,training,09,445,0,0.0,0.0,0.0,0.0
A,R02,training,09,446,0,0.0,0.0,0.0,0.0
A,R02,training,09,447,0,0.0,0.0,0.0,0.0
A,R02,training,09,448,0,0.0,0.0,0.0,0.0
A,R02,training,09,449,0,0.0,0.0,0.0,0.0
A,R02,training,09,450,0,0.0,0.0,0.0,0.0
A,R02,training,09,451,0,0.0,0.0,0.0,0.0
A,R02,training,09,452,0,0.0,0.0,0.0,0.0
A,R02,training,09,453,0,0.0,0.0,0.0,0.0
A,R02,training,09,454,0,0.0,0.0,0.0,0.0
A,R02,training,09,455,0,0.0,0.0,0.0,0.0
A,R02,training,09,456,0,0.0,0.0,0.0,0.0
A,R02,training,09,457,0,0.0,0.0,0.0,0.0
A,R02,training,09,458,0,0.0,0.0,0.0,0.0
A,R02,training,09,459,0,0.0,0.0,0.0,0.0
A,R02,training,09,460,0,0.0,0.0,0.0,0.0
A,R02,training,09,461,0,0.0,0.0,0.0,0.0
A,R02,training,09,462,0,0.0,0.0,0.0,0.0
A,R02,training,09,463,0,0.0,0.0,0.0,0.0
A,R02,training,09,464,0,0.0,0.0,0.0,0.0
A,R02,training,09,465,0,0.0,0.0,0.0,0.0
A,R02,training,09,466,0,0.0,0.0,0.0,0.0
A,R02,training,09,467,0,0.0,0.0,0.0,0.0
A,R02,training,09,468,0,0.0,0.0,0.0,0.0
A,R02,training,09,469,0,0.0,0.0,0.0,0.0
A,R02,training,09,470,0,0.0,0.0,0.0,0.0
A,R02,training,09,471,0,0.0,0.0,0.0,0.0
A,R02,training,09,472,0,0.0,0.0,0.0,0.0
A,R02,training,09,473,0,0.0,0.0,0.0,0.0
A,R02,training,09,474,0,0.0,0.0,0.0,0.0
A,R02,training,09,475,0,0.0,0.0,0.0,0.0
A,R02,training,09,476,0,0.0,0.0,0.0,0.0
A,R02,training,09,477,0,0.0,0.0,0.0,0.0
A,R02,training,09,478,0,0.0,0.0,0.0,0.0
A,R02,training,09,479,0,0.0,0.0,0.0,0.0
A,R02,training,09,480,0,0.0,0.0,0.0,0.0
A,R02,training,09,481,0,0.0,0.0,0.0,0.0
A,R02,training,09,482,0,0.0,0.0,0.0,0.0
A,R02,training,09,483,0,0.0,0.0,0.0,0.0
A,R02,training,09,484,0,0.0,0.0,0.0,0.0
A,R02,training,09,485,0,0.0,0.0,0.0,0.0
A,R02,training,09,486,0,0.0,0.0,0.0,0.0
A,R02,training,09,487,0,0.0,0.0,0.0,0.0
A,R02,training,09,488,0,0.0,0.0,0.0,0.0
A,R02,training,09,489,0,0.0,0.0,0.0,0.0
A,R02,training,09,490,0,0.0,0.0,0.0,0.0
A,R02,training,09,491,0,0.0,0.0,0.0,0.0
A,R02,training,09,492,0,0.0,0.0,0.0,0.0
A,R02,training,09,493,0,0.0,0.0,0.0,0.0
A,R02,training,09,494,0,0.0,0.0,0.0,0.0
A,R02,training,09,495,0,0.0,0.0,0.0,0.0
A,R02,training,09,496,0,0.0,0.0,0.0,0.0
A,R02,training,09,497,0,0.0,0.0,0.0,0.0
A,R02,training,09,498,0,0.0,0.0,0.0,0.0
A,R02,training,09,499,0,0.0,0.0,0.0,0.0
A,R02,training,09,500,0,0.0,0.0,0.0,0.0
A,R02,training,09,501,0,0.0,0.0,0.0,0.0
A,R02,training,09,502,0,0.0,0.0,0.0,0.0
A,R02,training,09,503,0,0.0,0.0,0.0,0.0
A,R02,training,09,504,0,0.0,0.0,0.0,0.0
A,R02,training,09,505,0,0.0,0.0,0.0,0.0
A,R02,training,09,506,0,0.0,0.0,0.0,0.0
A,R02,training,09,507,0,0.0,0.0,0.0,0.0
A,R02,training,09,508,0,0.0,0.0,0.0,0.0
A,R02,training,09,509,0,0.0,0.0,0.0,0.0
A,R02,training,09,510,0,0.0,0.0,0.0,0.0
A,R02,training,09,511,0,0.0,0.0,0.0,0.0
A,R02,training,09,512,0,0.0,0.0,0.0,0.0
A,R02,training,09,513,0,0.0,0.0,0.0,0.0
A,R02,training,09,514,0,0.0,0.0,0.0,0.0
A,R02,training,09,515,0,0.0,0.0,0.0,0.0
A,R02,training,09,516,0,0.0,0.0,0.0,0.0
A,R02,training,09,517,0,0.0,0.0,0.0,0.0
A,R02,training,09,518,0,0.0,0.0,0.0,0.0
A,R02,training,09,519,0,0.0,0.0,0.0,0.0
A,R02,training,09,520,0,0.0,0.0,0.0,0.0
A,R02,training,09,521,0,0.0,0.0,0.0,0.0
A,R02,training,09,522,0,0.0,0.0,0.0,0.0
A,R02,training,09,523,0,0.0,0.0,0.0,0.0
A,R02,training,09,524,0,0.0,0.0,0.0,0.0
A,R02,training,09,525,0,0.0,0.0,0.0,0.0
A,R02,training,09,526,0,0.0,0.0,0.0,0.0
A,R02,training,09,527,0,0.0,0.0,0.0,0.0
A,R02,training,09,528,0,0.0,0.0,0.0,0.0
A,R02,training,09,529,0,0.0,0.0,0.0,0.0
A,R02,training,09,530,0,0.0,0.0,0.0,0.0
A,R02,training,09,531,0,0.0,0.0,0.0,0.0
A,R02,training,09,532,0,0.0,0.0,0.0,0.0
A,R02,training,09,533,0,0.0,0.0,0.0,0.0
A,R02,training,09,534,0,0.0,0.0,0.0,0.0
A,R02,training,09,535,0,0.0,0.0,0.0,0.0
A,R02,training,09,536,0,0.0,0.0,0.0,0.0
A,R02,training,09,537,0,0.0,0.0,0.0,0.0
A,R02,training,09,538,0,0.0,0.0,0.0,0.0
A,R02,training,09,539,0,0.0,0.0,0.0,0.0
A,R02,training,09,540,0,0.0,0.0,0.0,0.0
A,R02,training,09,541,0,0.0,0.0,0.0,0.0
A,R02,training,09,542,0,0.0,0.0,0.0,0.0
A,R02,training,09,543,0,0.0,0.0,0.0,0.0
A,R02,training,09,544,0,0.0,0.0,0.0,0.0
A,R02,training,09,545,0,0.0,0.0,0.0,0.0
A,R02,training,09,546,0,0.0,0.0,0.0,0.0
A,R02,training,09,547,0,0.0,0.0,0.0,0.0
A,R02,training,09,548,0,0.0,0.0,0.0,0.0
A,R02,training,09,549,0,0.0,0.0,0.0,0.0
A,R02,training,09,550,0,0.0,0.0,0.0,0.0
A,R02,training,09,551,0,0.0,0.0,0.0,0.0
A,R02,training,09,552,0,0.0,0.0,0.0,0.0
A,R02,training,09,553,0,0.0,0.0,0.0,0.0
A,R02,training,09,554,0,0.0,0.0,0.0,0.0
A,R02,training,09,555,0,0.0,0.0,0.0,0.0
A,R02,training,09,556,0,0.0,0.0,0.0,0.0
A,R02,training,09,557,0,0.0,0.0,0.0,0.0
A,R02,training,09,558,0,0.0,0.0,0.0,0.0
A,R02,training,09,559,0,0.0,0.0,0.0,0.0
A,R02,training,09,560,0,0.0,0.0,0.0,0.0
A,R02,training,09,561,0,0.0,0.0,0.0,0.0
A,R02,training,09,562,0,0.0,0.0,0.0,0.0
A,R02,training,09,563,0,0.0,0.0,0.0,0.0
A,R02,training,09,564,0,0.0,0.0,0.0,0.0
A,R02,training,09,565,0,0.0,0.0,0.0,0.0
A,R02,training,09,566,0,0.0,0.0,0.0,0.0
A,R02,training,09,567,0,0.0,0.0,0.0,0.0
A,R02,training,09,568,0,0.0,0.0,0.0,0.0
A,R02,training,09,569,0,0.0,0.0,0.0,0.0
A,R02,training,09,570,0,0.0,0.0,0.0,0.0
A,R02,training,09,571,0,0.0,0.0,0.0,0.0
A,R02,training,09,572,0,0.0,0.0,0.0,0.0
A,R02,training,09,573,0,0.0,0.0,0.0,0.0
A,R02,training,09,574,0,0.0,0.0,0.0,0.0
A,R02,training,09,575,0,0.0,0.0,0.0,0.0
A,R02,training,09,576,0,0.0,0.0,0.0,0.0
A,R02,training,09,577,0,0.0,0.0,0.0,0.0
A,R02,training,09,578,0,0.0,0.0,0.0,0.0
A,R02,training,09,579,0,0.0,0.0,0.0,0.0
A,R02,training,09,580,0,0.0,0.0,0.0,0.0
A,R02,training,09,581,0,0.0,0.0,0.0,0.0
A,R02,training,09,582,0,0.0,0.0,0.0,0.0
A,R02,training,09,583,0,0.0,0.0,0.0,0.0
A,R02,training,09,584,0,0.0,0.0,0.0,0.0
A,R02,training,09,585,0,0.0,0.0,0.0,0.0
A,R02,training,09,586,0,0.0,0.0,0.0,0.0
A,R02,training,09,587,0,0.0,0.0,0.0,0.0
A,R02,training,09,588,0,0.0,0.0,0.0,0.0
A,R02,training,09,589,0,0.0,0.0,0.0,0.0
A,R02,training,09,590,0,0.0,0.0,0.0,0.0
A,R02,training,09,591,0,0.0,0.0,0.0,0.0
A,R02,training,09,592,0,0.0,0.0,0.0,0.0
A,R02,training,09,593,0,0.0,0.0,0.0,0.0
A,R02,training,09,594,0,0.0,0.0,0.0,0.0
B,R02,training,09,0,0,0.0,0.0,0.0,0.0
B,R02,training,09,1,0,0.0,0.0,0.0,0.0
B,R02,training,09,2,0,0.0,0.0,0.0,0.0
B,R02,training,09,3,0,0.0,0.0,0.0,0.0
B,R02,training,09,4,0,0.0,0.0,0.0,0.0
B,R02,training,09,5,0,0.0,0.0,0.0,0.0
B,R02,training,09,6,0,0.0,0.0,0.0,0.0
B,R02,training,09,7,0,0.0,0.0,0.0,0.0
B,R02,training,09,8,0,0.0,0.0,0.0,0.0
B,R02,training,09,9,0,0.0,0.0,0.0,0.0
B,R02,training,09,10,0,0.0,0.0,0.0,0.0
B,R02,training,09,11,0,0.0,0.0,0.0,0.0
B,R02,training,09,12,0,0.0,0.0,0.0,0.0
B,R02,training,09,13,0,0.0,0.0,0.0,0.0
B,R02,training,09,14,0,0.0,0.0,0.0,0.0
B,R02,training,09,15,0,0.0,0.0,0.0,0.0
B,R02,training,09,16,0,0.0,0.0,0.0,0.0
B,R02,training,09,17,0,0.0,0.0,0.0,0.0
B,R02,training,09,18,0,0.0,0.0,0.0,0.0
B,R02,training,09,19,0,0.0,0.0,0.0,0.0
B,R02,training,09,20,0,0.0,0.0,0.0,0.0
B,R02,training,09,21,0,0.0,0.0,0.0,0.0
B,R02,training,09,22,0,0.0,0.0,0.0,0.0
B,R02,training,09,23,0,0.0,0.0,0.0,0.0
B,R02,training,09,24,0,0.0,0.0,0.0,0.0
B,R02,training,09,25,0,0.0,0.0,0.0,0.0
B,R02,training,09,26,0,0.0,0.0,0.0,0.0
B,R02,training,09,27,0,0.0,0.0,0.0,0.0
B,R02,training,09,28,0,0.0,0.0,0.0,0.0
B,R02,training,09,29,0,0.0,0.0,0.0,0.0
B,R02,training,09,30,0,0.0,0.0,0.0,0.0
B,R02,training,09,31,0,0.0,0.0,0.0,0.0
B,R02,training,09,32,0,0.0,0.0,0.0,0.0
B,R02,training,09,33,0,0.0,0.0,0.0,0.0
B,R02,training,09,34,0,0.0,0.0,0.0,0.0
B,R02,training,09,35,0,0.0,0.0,0.0,0.0
B,R02,training,09,36,0,0.0,0.0,0.0,0.0
B,R02,training,09,37,0,0.0,0.0,0.0,0.0
B,R02,training,09,38,0,0.0,0.0,0.0,0.0
B,R02,training,09,39,0,0.0,0.0,0.0,0.0
B,R02,training,09,40,0,0.0,0.0,0.0,0.0
B,R02,training,09,41,0,0.0,0.0,0.0,0.0
B,R02,training,09,42,0,0.0,0.0,0.0,0.0
B,R02,training,09,43,0,0.0,0.0,0.0,0.0
B,R02,training,09,44,0,0.0,0.0,0.0,0.0
B,R02,training,09,45,0,0.0,0.0,0.0,0.0
B,R02,training,09,46,0,0.0,0.0,0.0,0.0
B,R02,training,09,47,0,0.0,0.0,0.0,0.0
B,R02,training,09,48,0,0.0,0.0,0.0,0.0
B,R02,training,09,49,0,0.0,0.0,0.0,0.0
B,R02,training,09,50,0,0.0,0.0,0.0,0.0
B,R02,training,09,51,0,0.0,0.0,0.0,0.0
B,R02,training,09,52,0,0.0,0.0,0.0,0.0
B,R02,training,09,53,0,0.0,0.0,0.0,0.0
B,R02,training,09,54,0,0.0,0.0,0.0,0.0
B,R02,training,09,55,0,0.0,0.0,0.0,0.0
B,R02,training,09,56,0,0.0,0.0,0.0,0.0
B,R02,training,09,57,0,0.0,0.0,0.0,0.0
B,R02,training,09,58,0,0.0,0.0,0.0,0.0
B,R02,training,09,59,0,0.0,0.0,0.0,0.0
B,R02,training,09,60,0,0.0,0.0,0.0,0.0
B,R02,training,09,61,0,0.0,0.0,0.0,0.0
B,R02,training,09,62,0,0.0,0.0,0.0,0.0
B,R02,training,09,63,0,0.0,0.0,0.0,0.0
B,R02,training,09,64,0,0.0,0.0,0.0,0.0
B,R02,training,09,65,0,0.0,0.0,0.0,0.0
B,R02,training,09,66,0,0.0,0.0,0.0,0.0
B,R02,training,09,67,0,0.0,0.0,0.0,0.0
B,R02,training,09,68,0,0.0,0.0,0.0,0.0
B,R02,training,09,69,0,0.0,0.0,0.0,0.0
B,R02,training,09,70,0,0.0,0.0,0.0,0.0
B,R02,training,09,71,0,0.0,0.0,0.0,0.0
B,R02,training,09,72,0,0.0,0.0,0.0,0.0
B,R02,training,09,73,0,0.0,0.0,0.0,0.0
B,R02,training,09,74,0,0.0,0.0,0.0,0.0
B,R02,training,09,75,0,0.0,0.0,0.0,0.0
B,R02,training,09,76,0,0.0,0.0,0.0,0.0
B,R02,training,09,77,0,0.0,0.0,0.0,0.0
B,R02,training,09,78,0,0.0,0.0,0.0,0.0
B,R02,training,09,79,0,0.0,0.0,0.0,0.0
B,R02,training,09,80,0,0.0,0.0,0.0,0.0
B,R02,training,09,81,0,0.0,0.0,0.0,0.0
B,R02,training,09,82,0,0.0,0.0,0.0,0.0
B,R02,training,09,83,0,0.0,0.0,0.0,0.0
B,R02,training,09,84,0,0.0,0.0,0.0,0.0
B,R02,training,09,85,0,0.0,0.0,0.0,0.0
B,R02,training,09,86,0,0.0,0.0,0.0,0.0
B,R02,training,09,87,0,0.0,0.0,0.0,0.0
B,R02,training,09,88,0,0.0,0.0,0.0,0.0
B,R02,training,09,89,0,0.0,0.0,0.0,0.0
B,R02,training,09,90,0,0.0,0.0,0.0,0.0
B,R02,training,09,91,0,0.0,0.0,0.0,0.0
B,R02,training,09,92,0,0.0,0.0,0.0,0.0
B,R02,training,09,93,0,0.0,0.0,0.0,0.0
B,R02,training,09,94,0,0.0,0.0,0.0,0.0
B,R02,training,09,95,0,0.0,0.0,0.0,0.0
B,R02,training,09,96,0,0.0,0.0,0.0,0.0
B,R02,training,09,97,0,0.0,0.0,0.0,0.0
B,R02,training,09,98,0,0.0,0.0,0.0,0.0
B,R02,training,09,99,0,0.0,0.0,0.0,0.0
B,R02,training,09,100,0,0.0,0.0,0.0,0.0
B,R02,training,09,101,0,0.0,0.0,0.0,0.0
B,R02,training,09,102,0,0.0,0.0,0.0,0.0
B,R02,training,09,103,0,0.0,0.0,0.0,0.0
B,R02,training,09,104,0,0.0,0.0,0.0,0.0
B,R02,training,09,105,0,0.0,0.0,0.0,0.0
B,R02,training,09,106,0,0.0,0.0,0.0,0.0
B,R02,training,09,107,0,0.0,0.0,0.0,0.0
B,R02,training,09,108,0,0.0,0.0,0.0,0.0
B,R02,training,09,109,0,0.0,0.0,0.0,0.0
B,R02,training,09,110,0,0.0,0.0,0.0,0.0
B,R02,training,09,111,0,0.0,0.0,0.0,0.0
B,R02,training,09,112,0,0.0,0.0,0.0,0.0
B,R02,training,09,113,0,0.0,0.0,0.0,0.0
B,R02,training,09,114,0,0.0,0.0,0.0,0.0
B,R02,training,09,115,0,0.0,0.0,0.0,0.0
B,R02,training,09,116,0,0.0,0.0,0.0,0.0
B,R02,training,09,117,0,0.0,0.0,0.0,0.0
B,R02,training,09,118,0,0.0,0.0,0.0,0.0
B,R02,training,09,119,0,0.0,0.0,0.0,0.0
B,R02,training,09,120,0,0.0,0.0,0.0,0.0
B,R02,training,09,121,0,0.0,0.0,0.0,0.0
B,R02,training,09,122,0,0.0,0.0,0.0,0.0
B,R02,training,09,123,0,0.0,0.0,0.0,0.0
B,R02,training,09,124,0,0.0,0.0,0.0,0.0
B,R02,training,09,125,0,0.0,0.0,0.0,0.0
B,R02,training,09,126,0,0.0,0.0,0.0,0.0
B,R02,training,09,127,0,0.0,0.0,0.0,0.0
B,R02,training,09,128,0,0.0,0.0,0.0,0.0
B,R02,training,09,129,0,0.0,0.0,0.0,0.0
B,R02,training,09,130,0,0.0,0.0,0.0,0.0
B,R02,training,09,131,0,0.0,0.0,0.0,0.0
B,R02,training,09,132,0,0.0,0.0,0.0,0.0
B,R02,training,09,133,0,0.0,0.0,0.0,0.0
B,R02,training,09,134,0,0.0,0.0,0.0,0.0
B,R02,training,09,135,0,0.0,0.0,0.0,0.0
B,R02,training,09,136,0,0.0,0.0,0.0,0.0
B,R02,training,09,137,0,0.0,0.0,0.0,0.0
B,R02,training,09,138,0,0.0,0.0,0.0,0.0
B,R02,training,09,139,0,0.0,0.0,0.0,0.0
B,R02,training,09,140,0,0.0,0.0,0.0,0.0
B,R02,training,09,141,0,0.0,0.0,0.0,0.0
B,R02,training,09,142,0,0.0,0.0,0.0,0.0
B,R02,training,09,143,0,0.0,0.0,0.0,0.0
B,R02,training,09,144,0,0.0,0.0,0.0,0.0
B,R02,training,09,145,0,0.0,0.0,0.0,0.0
B,R02,training,09,146,0,0.0,0.0,0.0,0.0
B,R02,training,09,147,0,0.0,0.0,0.0,0.0
B,R02,training,09,148,0,0.0,0.0,0.0,0.0
B,R02,training,09,149,0,0.0,0.0,0.0,0.0
B,R02,training,09,150,0,0.0,0.0,0.0,0.0
B,R02,training,09,151,0,0.0,0.0,0.0,0.0
B,R02,training,09,152,0,0.0,0.0,0.0,0.0
B,R02,training,09,153,0,0.0,0.0,0.0,0.0
B,R02,training,09,154,0,0.0,0.0,0.0,0.0
B,R02,training,09,155,0,0.0,0.0,0.0,0.0
B,R02,training,09,156,0,0.0,0.0,0.0,0.0
B,R02,training,09,157,0,0.0,0.0,0.0,0.0
B,R02,training,09,158,0,0.0,0.0,0.0,0.0
B,R02,training,09,159,0,0.0,0.0,0.0,0.0
B,R02,training,09,160,0,0.0,0.0,0.0,0.0
B,R02,training,09,161,0,0.0,0.0,0.0,0.0
B,R02,training,09,162,0,0.0,0.0,0.0,0.0
B,R02,training,09,163,0,0.0,0.0,0.0,0.0
B,R02,training,09,164,0,0.0,0.0,0.0,0.0
B,R02,training,09,165,0,0.0,0.0,0.0,0.0
B,R02,training,09,166,0,0.0,0.0,0.0,0.0
B,R02,training,09,167,0,0.0,0.0,0.0,0.0
B,R02,training,09,168,0,0.0,0.0,0.0,0.0
B,R02,training,09,169,0,0.0,0.0,0.0,0.0
B,R02,training,09,170,0,0.0,0.0,0.0,0.0
B,R02,training,09,171,0,0.0,0.0,0.0,0.0
B,R02,training,09,172,0,0.0,0.0,0.0,0.0
B,R02,training,09,173,0,0.0,0.0,0.0,0.0
B,R02,training,09,174,0,0.0,0.0,0.0,0.0
B,R02,training,09,175,0,0.0,0.0,0.0,0.0
B,R02,training,09,176,0,0.0,0.0,0.0,0.0
B,R02,training,09,177,0,0.0,0.0,0.0,0.0
B,R02,training,09,178,0,0.0,0.0,0.0,0.0
B,R02,training,09,179,0,0.0,0.0,0.0,0.0
B,R02,training,09,180,0,0.0,0.0,0.0,0.0
B,R02,training,09,181,0,0.0,0.0,0.0,0.0
B,R02,training,09,182,0,0.0,0.0,0.0,0.0
B,R02,training,09,183,0,0.0,0.0,0.0,0.0
B,R02,training,09,184,0,0.0,0.0,0.0,0.0
B,R02,training,09,185,0,0.0,0.0,0.0,0.0
B,R02,training,09,186,0,0.0,0.0,0.0,0.0
B,R02,training,09,187,0,0.0,0.0,0.0,0.0
B,R02,training,09,188,0,0.0,0.0,0.0,0.0
B,R02,training,09,189,0,0.0,0.0,0.0,0.0
B,R02,training,09,190,0,0.0,0.0,0.0,0.0
B,R02,training,09,191,0,0.0,0.0,0.0,0.0
B,R02,training,09,192,0,0.0,0.0,0.0,0.0
B,R02,training,09,193,0,0.0,0.0,0.0,0.0
B,R02,training,09,194,0,0.0,0.0,0.0,0.0
B,R02,training,09,195,0,0.0,0.0,0.0,0.0
B,R02,training,09,196,0,0.0,0.0,0.0,0.0
B,R02,training,09,197,0,0.0,0.0,0.0,0.0
B,R02,training,09,198,0,0.0,0.0,0.0,0.0
B,R02,training,09,199,0,0.0,0.0,0.0,0.0
B,R02,training,09,200,0,0.0,0.0,0.0,0.0
B,R02,training,09,201,0,0.0,0.0,0.0,0.0
B,R02,training,09,202,0,0.0,0.0,0.0,0.0
B,R02,training,09,203,0,0.0,0.0,0.0,0.0
B,R02,training,09,204,0,0.0,0.0,0.0,0.0
B,R02,training,09,205,0,0.0,0.0,0.0,0.0
B,R02,training,09,206,0,0.0,0.0,0.0,0.0
B,R02,training,09,207,0,0.0,0.0,0.0,0.0
B,R02,training,09,208,0,0.0,0.0,0.0,0.0
B,R02,training,09,209,0,0.0,0.0,0.0,0.0
B,R02,training,09,210,0,0.0,0.0,0.0,0.0
B,R02,training,09,211,0,0.0,0.0,0.0,0.0
B,R02,training,09,212,0,0.0,0.0,0.0,0.0
B,R02,training,09,213,0,0.0,0.0,0.0,0.0
B,R02,training,09,214,0,0.0,0.0,0.0,0.0
B,R02,training,09,215,0,0.0,0.0,0.0,0.0
B,R02,training,09,216,0,0.0,0.0,0.0,0.0
B,R02,training,09,217,0,0.0,0.0,0.0,0.0
B,R02,training,09,218,0,0.0,0.0,0.0,0.0
B,R02,training,09,219,0,0.0,0.0,0.0,0.0
B,R02,training,09,220,0,0.0,0.0,0.0,0.0
B,R02,training,09,221,0,0.0,0.0,0.0,0.0
B,R02,training,09,222,0,0.0,0.0,0.0,0.0
B,R02,training,09,223,0,0.0,0.0,0.0,0.0
B,R02,training,09,224,0,0.0,0.0,0.0,0.0
B,R02,training,09,225,0,0.0,0.0,0.0,0.0
B,R02,training,09,226,0,0.0,0.0,0.0,0.0
B,R02,training,09,227,0,0.0,0.0,0.0,0.0
B,R02,training,09,228,0,0.0,0.0,0.0,0.0
B,R02,training,09,229,0,0.0,0.0,0.0,0.0
B,R02,training,09,230,0,0.0,0.0,0.0,0.0
B,R02,training,09,231,0,0.0,0.0,0.0,0.0
B,R02,training,09,232,0,0.0,0.0,0.0,0.0
B,R02,training,09,233,0,0.0,0.0,0.0,0.0
B,R02,training,09,234,0,0.0,0.0,0.0,0.0
B,R02,training,09,235,0,0.0,0.0,0.0,0.0
B,R02,training,09,236,0,0.0,0.0,0.0,0.0
B,R02,training,09,237,0,0.0,0.0,0.0,0.0
B,R02,training,09,238,0,0.0,0.0,0.0,0.0
B,R02,training,09,239,0,0.0,0.0,0.0,0.0
B,R02,training,09,240,0,0.0,0.0,0.0,0.0
B,R02,training,09,241,0,0.0,0.0,0.0,0.0
B,R02,training,09,242,0,0.0,0.0,0.0,0.0
B,R02,training,09,243,0,0.0,0.0,0.0,0.0
B,R02,training,09,244,0,0.0,0.0,0.0,0.0
B,R02,training,09,245,0,0.0,0.0,0.0,0.0
B,R02,training,09,246,0,0.0,0.0,0.0,0.0
B,R02,training,09,247,0,0.0,0.0,0.0,0.0
B,R02,training,09,248,0,0.0,0.0,0.0,0.0
B,R02,training,09,249,0,0.0,0.0,0.0,0.0
B,R02,training,09,250,0,0.0,0.0,0.0,0.0
B,R02,training,09,251,0,0.0,0.0,0.0,0.0
B,R02,training,09,252,0,0.0,0.0,0.0,0.0
B,R02,training,09,253,0,0.0,0.0,0.0,0.0
B,R02,training,09,254,0,0.0,0.0,0.0,0.0
B,R02,training,09,255,0,0.0,0.0,0.0,0.0
B,R02,training,09,256,0,0.0,0.0,0.0,0.0
B,R02,training,09,257,0,0.0,0.0,0.0,0.0
B,R02,training,09,258,0,0.0,0.0,0.0,0.0
B,R02,training,09,259,0,0.0,0.0,0.0,0.0
B,R02,training,09,260,0,0.0,0.0,0.0,0.0
B,R02,training,09,261,0,0.0,0.0,0.0,0.0
B,R02,training,09,262,0,0.0,0.0,0.0,0.0
B,R02,training,09,263,0,0.0,0.0,0.0,0.0
B,R02,training,09,264,0,0.0,0.0,0.0,0.0
B,R02,training,09,265,0,0.0,0.0,0.0,0.0
B,R02,training,09,266,0,0.0,0.0,0.0,0.0
B,R02,training,09,267,0,0.0,0.0,0.0,0.0
B,R02,training,09,268,0,0.0,0.0,0.0,0.0
B,R02,training,09,269,0,0.0,0.0,0.0,0.0
B,R02,training,09,270,0,0.0,0.0,0.0,0.0
B,R02,training,09,271,0,0.0,0.0,0.0,0.0
B,R02,training,09,272,0,0.0,0.0,0.0,0.0
B,R02,training,09,273,0,0.0,0.0,0.0,0.0
B,R02,training,09,274,0,0.0,0.0,0.0,0.0
B,R02,training,09,275,0,0.0,0.0,0.0,0.0
B,R02,training,09,276,0,0.0,0.0,0.0,0.0
B,R02,training,09,277,0,0.0,0.0,0.0,0.0
B,R02,training,09,278,0,0.0,0.0,0.0,0.0
B,R02,training,09,279,0,0.0,0.0,0.0,0.0
B,R02,training,09,280,0,0.0,0.0,0.0,0.0
B,R02,training,09,281,0,0.0,0.0,0.0,0.0
B,R02,training,09,282,0,0.0,0.0,0.0,0.0
B,R02,training,09,283,0,0.0,0.0,0.0,0.0
B,R02,training,09,284,0,0.0,0.0,0.0,0.0
B,R02,training,09,285,0,0.0,0.0,0.0,0.0
B,R02,training,09,286,0,0.0,0.0,0.0,0.0
B,R02,training,09,287,0,0.0,0.0,0.0,0.0
B,R02,training,09,288,0,0.0,0.0,0.0,0.0
B,R02,training,09,289,0,0.0,0.0,0.0,0.0
B,R02,training,09,290,0,0.0,0.0,0.0,0.0
B,R02,training,09,291,0,0.0,0.0,0.0,0.0
B,R02,training,09,292,0,0.0,0.0,0.0,0.0
B,R02,training,09,293,0,0.0,0.0,0.0,0.0
B,R02,training,09,294,0,0.0,0.0,0.0,0.0
B,R02,training,09,295,0,0.0,0.0,0.0,0.0
B,R02,training,09,296,0,0.0,0.0,0.0,0.0
B,R02,training,09,297,0,0.0,0.0,0.0,0.0
B,R02,training,09,298,0,0.0,0.0,0.0,0.0
B,R02,training,09,299,0,0.0,0.0,0.0,0.0
B,R02,training,09,300,0,0.0,0.0,0.0,0.0
B,R02,training,09,301,0,0.0,0.0,0.0,0.0
B,R02,training,09,302,0,0.0,0.0,0.0,0.0
B,R02,training,09,303,0,0.0,0.0,0.0,0.0
B,R02,training,09,304,0,0.0,0.0,0.0,0.0
B,R02,training,09,305,0,0.0,0.0,0.0,0.0
B,R02,training,09,306,0,0.0,0.0,0.0,0.0
B,R02,training,09,307,0,0.0,0.0,0.0,0.0
B,R02,training,09,308,0,0.0,0.0,0.0,0.0
B,R02,training,09,309,0,0.0,0.0,0.0,0.0
B,R02,training,09,310,0,0.0,0.0,0.0,0.0
B,R02,training,09,311,0,0.0,0.0,0.0,0.0
B,R02,training,09,312,0,0.0,0.0,0.0,0.0
B,R02,training,09,313,0,0.0,0.0,0.0,0.0
B,R02,training,09,314,0,0.0,0.0,0.0,0.0
B,R02,training,09,315,0,0.0,0.0,0.0,0.0
B,R02,training,09,316,0,0.0,0.0,0.0,0.0
B,R02,training,09,317,0,0.0,0.0,0.0,0.0
B,R02,training,09,318,0,0.0,0.0,0.0,0.0
B,R02,training,09,319,0,0.0,0.0,0.0,0.0
B,R02,training,09,320,0,0.0,0.0,0.0,0.0
B,R02,training,09,321,0,0.0,0.0,0.0,0.0
B,R02,training,09,322,0,0.0,0.0,0.0,0.0
B,R02,training,09,323,0,0.0,0.0,0.0,0.0
B,R02,training,09,324,0,0.0,0.0,0.0,0.0
B,R02,training,09,325,0,0.0,0.0,0.0,0.0
B,R02,training,09,326,0,0.0,0.0,0.0,0.0
B,R02,training,09,327,0,0.0,0.0,0.0,0.0
B,R02,training,09,328,0,0.0,0.0,0.0,0.0
B,R02,training,09,329,0,0.0,0.0,0.0,0.0
B,R02,training,09,330,0,0.0,0.0,0.0,0.0
B,R02,training,09,331,0,0.0,0.0,0.0,0.0
B,R02,training,09,332,0,0.0,0.0,0.0,0.0
B,R02,training,09,333,0,0.0,0.0,0.0,0.0
B,R02,training,09,334,0,0.0,0.0,0.0,0.0
B,R02,training,09,335,0,0.0,0.0,0.0,0.0
B,R02,training,09,336,0,0.0,0.0,0.0,0.0
B,R02,training,09,337,0,0.0,0.0,0.0,0.0
B,R02,training,09,338,0,0.0,0.0,0.0,0.0
B,R02,training,09,339,0,0.0,0.0,0.0,0.0
B,R02,training,09,340,0,0.0,0.0,0.0,0.0
B,R02,training,09,341,0,0.0,0.0,0.0,0.0
B,R02,training,09,342,0,0.0,0.0,0.0,0.0
B,R02,training,09,343,0,0.0,0.0,0.0,0.0
B,R02,training,09,344,0,0.0,0.0,0.0,0.0
B,R02,training,09,345,0,0.0,0.0,0.0,0.0
B,R02,training,09,346,0,0.0,0.0,0.0,0.0
B,R02,training,09,347,0,0.0,0.0,0.0,0.0
B,R02,training,09,348,0,0.0,0.0,0.0,0.0
B,R02,training,09,349,0,0.0,0.0,0.0,0.0
B,R02,training,09,350,0,0.0,0.0,0.0,0.0
B,R02,training,09,351,0,0.0,0.0,0.0,0.0
B,R02,training,09,352,0,0.0,0.0,0.0,0.0
B,R02,training,09,353,0,0.0,0.0,0.0,0.0
B,R02,training,09,354,0,0.0,0.0,0.0,0.0
B,R02,training,09,355,0,0.0,0.0,0.0,0.0
B,R02,training,09,356,0,0.0,0.0,0.0,0.0
B,R02,training,09,357,0,0.0,0.0,0.0,0.0
B,R02,training,09,358,0,0.0,0.0,0.0,0.0
B,R02,training,09,359,0,0.0,0.0,0.0,0.0
B,R02,training,09,360,0,0.0,0.0,0.0,0.0
B,R02,training,09,361,0,0.0,0.0,0.0,0.0
B,R02,training,09,362,0,0.0,0.0,0.0,0.0
B,R02,training,09,363,0,0.0,0.0,0.0,0.0
B,R02,training,09,364,0,0.0,0.0,0.0,0.0
B,R02,training,09,365,0,0.0,0.0,0.0,0.0
B,R02,training,09,366,0,0.0,0.0,0.0,0.0
B,R02,training,09,367,0,0.0,0.0,0.0,0.0
B,R02,training,09,368,0,0.0,0.0,0.0,0.0
B,R02,training,09,369,0,0.0,0.0,0.0,0.0
B,R02,training,09,370,0,0.0,0.0,0.0,0.0
B,R02,training,09,371,0,0.0,0.0,0.0,0.0
B,R02,training,09,372,0,0.0,0.0,0.0,0.0
B,R02,training,09,373,0,0.0,0.0,0.0,0.0
B,R02,training,09,374,0,0.0,0.0,0.0,0.0
B,R02,training,09,375,0,0.0,0.0,0.0,0.0
B,R02,training,09,376,0,0.0,0.0,0.0,0.0
B,R02,training,09,377,0,0.0,0.0,0.0,0.0
B,R02,training,09,378,0,0.0,0.0,0.0,0.0
B,R02,training,09,379,0,0.0,0.0,0.0,0.0
B,R02,training,09,380,0,0.0,0.0,0.0,0.0
B,R02,training,09,381,0,0.0,0.0,0.0,0.0
B,R02,training,09,382,0,0.0,0.0,0.0,0.0
B,R02,training,09,383,0,0.0,0.0,0.0,0.0
B,R02,training,09,384,0,0.0,0.0,0.0,0.0
B,R02,training,09,385,0,0.0,0.0,0.0,0.0
B,R02,training,09,386,0,0.0,0.0,0.0,0.0
B,R02,training,09,387,0,0.0,0.0,0.0,0.0
B,R02,training,09,388,0,0.0,0.0,0.0,0.0
B,R02,training,09,389,0,0.0,0.0,0.0,0.0
B,R02,training,09,390,0,0.0,0.0,0.0,0.0
B,R02,training,09,391,0,0.0,0.0,0.0,0.0
B,R02,training,09,392,0,0.0,0.0,0.0,0.0
B,R02,training,09,393,0,0.0,0.0,0.0,0.0
B,R02,training,09,394,0,0.0,0.0,0.0,0.0
B,R02,training,09,395,0,0.0,0.0,0.0,0.0
B,R02,training,09,396,0,0.0,0.0,0.0,0.0
B,R02,training,09,397,0,0.0,0.0,0.0,0.0
B,R02,training,09,398,0,0.0,0.0,0.0,0.0
B,R02,training,09,399,0,0.0,0.0,0.0,0.0
B,R02,training,09,400,0,0.0,0.0,0.0,0.0
B,R02,training,09,401,0,0.0,0.0,0.0,0.0
B,R02,training,09,402,0,0.0,0.0,0.0,0.0
B,R02,training,09,403,0,0.0,0.0,0.0,0.0
B,R02,training,09,404,0,0.0,0.0,0.0,0.0
B,R02,training,09,405,0,0.0,0.0,0.0,0.0
B,R02,training,09,406,0,0.0,0.0,0.0,0.0
B,R02,training,09,407,0,0.0,0.0,0.0,0.0
B,R02,training,09,408,0,0.0,0.0,0.0,0.0
B,R02,training,09,409,0,0.0,0.0,0.0,0.0
B,R02,training,09,410,0,0.0,0.0,0.0,0.0
B,R02,training,09,411,0,0.0,0.0,0.0,0.0
B,R02,training,09,412,0,0.0,0.0,0.0,0.0
B,R02,training,09,413,0,0.0,0.0,0.0,0.0
B,R02,training,09,414,0,0.0,0.0,0.0,0.0
B,R02,training,09,415,0,0.0,0.0,0.0,0.0
B,R02,training,09,416,0,0.0,0.0,0.0,0.0
B,R02,training,09,417,0,0.0,0.0,0.0,0.0
B,R02,training,09,418,0,0.0,0.0,0.0,0.0
B,R02,training,09,419,0,0.0,0.0,0.0,0.0
B,R02,training,09,420,0,0.0,0.0,0.0,0.0
B,R02,training,09,421,0,0.0,0.0,0.0,0.0
B,R02,training,09,422,0,0.0,0.0,0.0,0.0
B,R02,training,09,423,0,0.0,0.0,0.0,0.0
B,R02,training,09,424,0,0.0,0.0,0.0,0.0
B,R02,training,09,425,0,0.0,0.0,0.0,0.0
B,R02,training,09,426,0,0.0,0.0,0.0,0.0
B,R02,training,09,427,0,0.0,0.0,0.0,0.0
B,R02,training,09,428,0,0.0,0.0,0.0,0.0
B,R02,training,09,429,0,0.0,0.0,0.0,0.0
B,R02,training,09,430,0,0.0,0.0,0.0,0.0
B,R02,training,09,431,0,0.0,0.0,0.0,0.0
B,R02,training,09,432,0,0.0,0.0,0.0,0.0
B,R02,training,09,433,0,0.0,0.0,0.0,0.0
B,R02,training,09,434,0,0.0,0.0,0.0,0.0
B,R02,training,09,435,0,0.0,0.0,0.0,0.0
B,R02,training,09,436,0,0.0,0.0,0.0,0.0
B,R02,training,09,437,0,0.0,0.0,0.0,0.0
B,R02,training,09,438,0,0.0,0.0,0.0,0.0
B,R02,training,09,439,0,0.0,0.0,0.0,0.0
B,R02,training,09,440,0,0.0,0.0,0.0,0.0
B,R02,training,09,441,0,0.0,0.0,0.0,0.0
B,R02,training,09,442,0,0.0,0.0,0.0,0.0
B,R02,training,09,443,0,0.0,0.0,0.0,0.0
B,R02,training,09,444,0,0.0,0.0,0.0,0.0
B,R02,training,09,445,0,0.0,0.0,0.0,0.0
B,R02,training,09,446,0,0.0,0.0,0.0,0.0
B,R02,training,09,447,0,0.0,0.0,0.0,0.0
B,R02,training,09,448,0,0.0,0.0,0.0,0.0
B,R02,training,09,449,0,0.0,0.0,0.0,0.0
B,R02,training,09,450,0,0.0,0.0,0.0,0.0
B,R02,training,09,451,0,0.0,0.0,0.0,0.0
B,R02,training,09,452,0,0.0,0.0,0.0,0.0
B,R02,training,09,453,0,0.0,0.0,0.0,0.0
B,R02,training,09,454,0,0.0,0.0,0.0,0.0
B,R02,training,09,455,0,0.0,0.0,0.0,0.0
B,R02,training,09,456,0,0.0,0.0,0.0,0.0
B,R02,training,09,457,0,0.0,0.0,0.0,0.0
B,R02,training,09,458,0,0.0,0.0,0.0,0.0
B,R02,training,09,459,0,0.0,0.0,0.0,0.0
B,R02,training,09,460,0,0.0,0.0,0.0,0.0
B,R02,training,09,461,0,0.0,0.0,0.0,0.0
B,R02,training,09,462,0,0.0,0.0,0.0,0.0
B,R02,training,09,463,0,0.0,0.0,0.0,0.0
B,R02,training,09,464,0,0.0,0.0,0.0,0.0
B,R02,training,09,465,0,0.0,0.0,0.0,0.0
B,R02,training,09,466,0,0.0,0.0,0.0,0.0
B,R02,training,09,467,0,0.0,0.0,0.0,0.0
B,R02,training,09,468,0,0.0,0.0,0.0,0.0
B,R02,training,09,469,0,0.0,0.0,0.0,0.0
B,R02,training,09,470,0,0.0,0.0,0.0,0.0
B,R02,training,09,471,0,0.0,0.0,0.0,0.0
B,R02,training,09,472,0,0.0,0.0,0.0,0.0
B,R02,training,09,473,0,0.0,0.0,0.0,0.0
B,R02,training,09,474,0,0.0,0.0,0.0,0.0
B,R02,training,09,475,0,0.0,0.0,0.0,0.0
B,R02,training,09,476,0,0.0,0.0,0.0,0.0
B,R02,training,09,477,0,0.0,0.0,0.0,0.0
B,R02,training,09,478,0,0.0,0.0,0.0,0.0
B,R02,training,09,479,0,0.0,0.0,0.0,0.0
B,R02,training,09,480,0,0.0,0.0,0.0,0.0
B,R02,training,09,481,0,0.0,0.0,0.0,0.0
B,R02,training,09,482,0,0.0,0.0,0.0,0.0
B,R02,training,09,483,0,0.0,0.0,0.0,0.0
B,R02,training,09,484,0,0.0,0.0,0.0,0.0
B,R02,training,09,485,0,0.0,0.0,0.0,0.0
B,R02,training,09,486,0,0.0,0.0,0.0,0.0
B,R02,training,09,487,0,0.0,0.0,0.0,0.0
B,R02,training,09,488,0,0.0,0.0,0.0,0.0
B,R02,training,09,489,0,0.0,0.0,0.0,0.0
B,R02,training,09,490,0,0.0,0.0,0.0,0.0
B,R02,training,09,491,0,0.0,0.0,0.0,0.0
B,R02,training,09,492,0,0.0,0.0,0.0,0.0
B,R02,training,09,493,0,0.0,0.0,0.0,0.0
B,R02,training,09,494,0,0.0,0.0,0.0,0.0
B,R02,training,09,495,0,0.0,0.0,0.0,0.0
B,R02,training,09,496,0,0.0,0.0,0.0,0.0
B,R02,training,09,497,0,0.0,0.0,0.0,0.0
B,R02,training,09,498,0,0.0,0.0,0.0,0.0
B,R02,training,09,499,0,0.0,0.0,0.0,0.0
B,R02,training,09,500,0,0.0,0.0,0.0,0.0
B,R02,training,09,501,0,0.0,0.0,0.0,0.0
B,R02,training,09,502,0,0.0,0.0,0.0,0.0
B,R02,training,09,503,0,0.0,0.0,0.0,0.0
B,R02,training,09,504,0,0.0,0.0,0.0,0.0
B,R02,training,09,505,0,0.0,0.0,0.0,0.0
B,R02,training,09,506,0,0.0,0.0,0.0,0.0
B,R02,training,09,507,0,0.0,0.0,0.0,0.0
B,R02,training,09,508,0,0.0,0.0,0.0,0.0
B,R02,training,09,509,0,0.0,0.0,0.0,0.0
B,R02,training,09,510,0,0.0,0.0,0.0,0.0
B,R02,training,09,511,0,0.0,0.0,0.0,0.0
B,R02,training,09,512,0,0.0,0.0,0.0,0.0
B,R02,training,09,513,0,0.0,0.0,0.0,0.0
B,R02,training,09,514,0,0.0,0.0,0.0,0.0
B,R02,training,09,515,0,0.0,0.0,0.0,0.0
B,R02,training,09,516,0,0.0,0.0,0.0,0.0
B,R02,training,09,517,0,0.0,0.0,0.0,0.0
B,R02,training,09,518,0,0.0,0.0,0.0,0.0
B,R02,training,09,519,0,0.0,0.0,0.0,0.0
B,R02,training,09,520,0,0.0,0.0,0.0,0.0
B,R02,training,09,521,0,0.0,0.0,0.0,0.0
B,R02,training,09,522,0,0.0,0.0,0.0,0.0
B,R02,training,09,523,0,0.0,0.0,0.0,0.0
B,R02,training,09,524,0,0.0,0.0,0.0,0.0
B,R02,training,09,525,0,0.0,0.0,0.0,0.0
B,R02,training,09,526,0,0.0,0.0,0.0,0.0
B,R02,training,09,527,0,0.0,0.0,0.0,0.0
B,R02,training,09,528,0,0.0,0.0,0.0,0.0
B,R02,training,09,529,0,0.0,0.0,0.0,0.0
B,R02,training,09,530,0,0.0,0.0,0.0,0.0
B,R02,training,09,531,0,0.0,0.0,0.0,0.0
B,R02,training,09,532,0,0.0,0.0,0.0,0.0
B,R02,training,09,533,0,0.0,0.0,0.0,0.0
B,R02,training,09,534,0,0.0,0.0,0.0,0.0
B,R02,training,09,535,0,0.0,0.0,0.0,0.0
B,R02,training,09,536,0,0.0,0.0,0.0,0.0
B,R02,training,09,537,0,0.0,0.0,0.0,0.0
B,R02,training,09,538,0,0.0,0.0,0.0,0.0
B,R02,training,09,539,0,0.0,0.0,0.0,0.0
B,R02,training,09,540,0,0.0,0.0,0.0,0.0
B,R02,training,09,541,0,0.0,0.0,0.0,0.0
B,R02,training,09,542,0,0.0,0.0,0.0,0.0
B,R02,training,09,543,0,0.0,0.0,0.0,0.0
B,R02,training,09,544,0,0.0,0.0,0.0,0.0
B,R02,training,09,545,0,0.0,0.0,0.0,0.0
B,R02,training,09,546,0,0.0,0.0,0.0,0.0
B,R02,training,09,547,0,0.0,0.0,0.0,0.0
B,R02,training,09,548,0,0.0,0.0,0.0,0.0
B,R02,training,09,549,0,0.0,0.0,0.0,0.0
B,R02,training,09,550,0,0.0,0.0,0.0,0.0
B,R02,training,09,551,0,0.0,0.0,0.0,0.0
B,R02,training,09,552,0,0.0,0.0,0.0,0.0
B,R02,training,09,553,0,0.0,0.0,0.0,0.0
B,R02,training,09,554,0,0.0,0.0,0.0,0.0
B,R02,training,09,555,0,0.0,0.0,0.0,0.0
B,R02,training,09,556,0,0.0,0.0,0.0,0.0
B,R02,training,09,557,0,0.0,0.0,0.0,0.0
B,R02,training,09,558,0,0.0,0.0,0.0,0.0
B,R02,training,09,559,0,0.0,0.0,0.0,0.0
B,R02,training,09,560,0,0.0,0.0,0.0,0.0
B,R02,training,09,561,0,0.0,0.0,0.0,0.0
B,R02,training,09,562,0,0.0,0.0,0.0,0.0
B,R02,training,09,563,0,0.0,0.0,0.0,0.0
B,R02,training,09,564,0,0.0,0.0,0.0,0.0
B,R02,training,09,565,0,0.0,0.0,0.0,0.0
B,R02,training,09,566,0,0.0,0.0,0.0,0.0
B,R02,training,09,567,0,0.0,0.0,0.0,0.0
B,R02,training,09,568,0,0.0,0.0,0.0,0.0
B,R02,training,09,569,0,0.0,0.0,0.0,0.0
B,R02,training,09,570,0,0.0,0.0,0.0,0.0
B,R02,training,09,571,0,0.0,0.0,0.0,0.0
B,R02,training,09,572,0,0.0,0.0,0.0,0.0
B,R02,training,09,573,0,0.0,0.0,0.0,0.0
B,R02,training,09,574,0,0.0,0.0,0.0,0.0
B,R02,training,09,575,0,0.0,0.0,0.0,0.0
B,R02,training,09,576,0,0.0,0.0,0.0,0.0
B,R02,training,09,577,0,0.0,0.0,0.0,0.0
B,R02,training,09,578,0,0.0,0.0,0.0,0.0
B,R02,training,09,579,0,0.0,0.0,0.0,0.0
B,R02,training,09,580,0,0.0,0.0,0.0,0.0
B,R02,training,09,581,0,0.0,0.0,0.0,0.0
B,R02,training,09,582,0,0.0,0.0,0.0,0.0
B,R02,training,09,583,0,0.0,0.0,0.0,0.0
B,R02,training,09,584,0,0.0,0.0,0.0,0.0
B,R02,training,09,585,0,0.0,0.0,0.0,0.0
B,R02,training,09,586,0,0.0,0.0,0.0,0.0
B,R02,training,09,587,0,0.0,0.0,0.0,0.0
B,R02,training,09,588,0,0.0,0.0,0.0,0.0
B,R02,training,09,589,0,0.0,0.0,0.0,0.0
B,R02,training,09,590,0,0.0,0.0,0.0,0.0
B,R02,training,09,591,0,0.0,0.0,0.0,0.0
B,R02,training,09,592,0,0.0,0.0,0.0,0.0
B,R02,training,09,593,0,0.0,0.0,0.0,0.0
B,R02,training,09,594,0,0.0,0.0,0.0,0.0
C,R02,training,09,0,0,0.0,0.0,0.0,0.0
C,R02,training,09,1,0,0.0,0.0,0.0,0.0
C,R02,training,09,2,0,0.0,0.0,0.0,0.0
C,R02,training,09,3,0,0.0,0.0,0.0,0.0
C,R02,training,09,4,0,0.0,0.0,0.0,0.0
C,R02,training,09,5,0,0.0,0.0,0.0,0.0
C,R02,training,09,6,0,0.0,0.0,0.0,0.0
C,R02,training,09,7,0,0.0,0.0,0.0,0.0
C,R02,training,09,8,0,0.0,0.0,0.0,0.0
C,R02,training,09,9,0,0.0,0.0,0.0,0.0
C,R02,training,09,10,0,0.0,0.0,0.0,0.0
C,R02,training,09,11,0,0.0,0.0,0.0,0.0
C,R02,training,09,12,0,0.0,0.0,0.0,0.0
C,R02,training,09,13,0,0.0,0.0,0.0,0.0
C,R02,training,09,14,0,0.0,0.0,0.0,0.0
C,R02,training,09,15,0,0.0,0.0,0.0,0.0
C,R02,training,09,16,0,0.0,0.0,0.0,0.0
C,R02,training,09,17,0,0.0,0.0,0.0,0.0
C,R02,training,09,18,0,0.0,0.0,0.0,0.0
C,R02,training,09,19,0,0.0,0.0,0.0,0.0
C,R02,training,09,20,0,0.0,0.0,0.0,0.0
C,R02,training,09,21,0,0.0,0.0,0.0,0.0
C,R02,training,09,22,0,0.0,0.0,0.0,0.0
C,R02,training,09,23,0,0.0,0.0,0.0,0.0
C,R02,training,09,24,0,0.0,0.0,0.0,0.0
C,R02,training,09,25,0,0.0,0.0,0.0,0.0
C,R02,training,09,26,0,0.0,0.0,0.0,0.0
C,R02,training,09,27,0,0.0,0.0,0.0,0.0
C,R02,training,09,28,0,0.0,0.0,0.0,0.0
C,R02,training,09,29,0,0.0,0.0,0.0,0.0
C,R02,training,09,30,0,0.0,0.0,0.0,0.0
C,R02,training,09,31,0,0.0,0.0,0.0,0.0
C,R02,training,09,32,0,0.0,0.0,0.0,0.0
C,R02,training,09,33,0,0.0,0.0,0.0,0.0
C,R02,training,09,34,0,0.0,0.0,0.0,0.0
C,R02,training,09,35,0,0.0,0.0,0.0,0.0
C,R02,training,09,36,0,0.0,0.0,0.0,0.0
C,R02,training,09,37,0,0.0,0.0,0.0,0.0
C,R02,training,09,38,0,0.0,0.0,0.0,0.0
C,R02,training,09,39,0,0.0,0.0,0.0,0.0
C,R02,training,09,40,0,0.0,0.0,0.0,0.0
C,R02,training,09,41,0,0.0,0.0,0.0,0.0
C,R02,training,09,42,0,0.0,0.0,0.0,0.0
C,R02,training,09,43,0,0.0,0.0,0.0,0.0
C,R02,training,09,44,0,0.0,0.0,0.0,0.0
C,R02,training,09,45,0,0.0,0.0,0.0,0.0
C,R02,training,09,46,0,0.0,0.0,0.0,0.0
C,R02,training,09,47,0,0.0,0.0,0.0,0.0
C,R02,training,09,48,0,0.0,0.0,0.0,0.0
C,R02,training,09,49,0,0.0,0.0,0.0,0.0
C,R02,training,09,50,0,0.0,0.0,0.0,0.0
C,R02,training,09,51,0,0.0,0.0,0.0,0.0
C,R02,training,09,52,0,0.0,0.0,0.0,0.0
C,R02,training,09,53,0,0.0,0.0,0.0,0.0
C,R02,training,09,54,0,0.0,0.0,0.0,0.0
C,R02,training,09,55,0,0.0,0.0,0.0,0.0
C,R02,training,09,56,0,0.0,0.0,0.0,0.0
C,R02,training,09,57,0,0.0,0.0,0.0,0.0
C,R02,training,09,58,0,0.0,0.0,0.0,0.0
C,R02,training,09,59,0,0.0,0.0,0.0,0.0
C,R02,training,09,60,0,0.0,0.0,0.0,0.0
C,R02,training,09,61,0,0.0,0.0,0.0,0.0
C,R02,training,09,62,0,0.0,0.0,0.0,0.0
C,R02,training,09,63,0,0.0,0.0,0.0,0.0
C,R02,training,09,64,0,0.0,0.0,0.0,0.0
C,R02,training,09,65,0,0.0,0.0,0.0,0.0
C,R02,training,09,66,0,0.0,0.0,0.0,0.0
C,R02,training,09,67,0,0.0,0.0,0.0,0.0
C,R02,training,09,68,0,0.0,0.0,0.0,0.0
C,R02,training,09,69,0,0.0,0.0,0.0,0.0
C,R02,training,09,70,0,0.0,0.0,0.0,0.0
C,R02,training,09,71,0,0.0,0.0,0.0,0.0
C,R02,training,09,72,0,0.0,0.0,0.0,0.0
C,R02,training,09,73,0,0.0,0.0,0.0,0.0
C,R02,training,09,74,0,0.0,0.0,0.0,0.0
C,R02,training,09,75,0,0.0,0.0,0.0,0.0
C,R02,training,09,76,0,0.0,0.0,0.0,0.0
C,R02,training,09,77,0,0.0,0.0,0.0,0.0
C,R02,training,09,78,0,0.0,0.0,0.0,0.0
C,R02,training,09,79,0,0.0,0.0,0.0,0.0
C,R02,training,09,80,0,0.0,0.0,0.0,0.0
C,R02,training,09,81,0,0.0,0.0,0.0,0.0
C,R02,training,09,82,0,0.0,0.0,0.0,0.0
C,R02,training,09,83,0,0.0,0.0,0.0,0.0
C,R02,training,09,84,0,0.0,0.0,0.0,0.0
C,R02,training,09,85,0,0.0,0.0,0.0,0.0
C,R02,training,09,86,0,0.0,0.0,0.0,0.0
C,R02,training,09,87,0,0.0,0.0,0.0,0.0
C,R02,training,09,88,0,0.0,0.0,0.0,0.0
C,R02,training,09,89,0,0.0,0.0,0.0,0.0
C,R02,training,09,90,0,0.0,0.0,0.0,0.0
C,R02,training,09,91,0,0.0,0.0,0.0,0.0
C,R02,training,09,92,0,0.0,0.0,0.0,0.0
C,R02,training,09,93,0,0.0,0.0,0.0,0.0
C,R02,training,09,94,0,0.0,0.0,0.0,0.0
C,R02,training,09,95,0,0.0,0.0,0.0,0.0
C,R02,training,09,96,0,0.0,0.0,0.0,0.0
C,R02,training,09,97,0,0.0,0.0,0.0,0.0
C,R02,training,09,98,0,0.0,0.0,0.0,0.0
C,R02,training,09,99,0,0.0,0.0,0.0,0.0
C,R02,training,09,100,0,0.0,0.0,0.0,0.0
C,R02,training,09,101,0,0.0,0.0,0.0,0.0
C,R02,training,09,102,0,0.0,0.0,0.0,0.0
C,R02,training,09,103,0,0.0,0.0,0.0,0.0
C,R02,training,09,104,0,0.0,0.0,0.0,0.0
C,R02,training,09,105,0,0.0,0.0,0.0,0.0
C,R02,training,09,106,0,0.0,0.0,0.0,0.0
C,R02,training,09,107,0,0.0,0.0,0.0,0.0
C,R02,training,09,108,0,0.0,0.0,0.0,0.0
C,R02,training,09,109,0,0.0,0.0,0.0,0.0
C,R02,training,09,110,0,0.0,0.0,0.0,0.0
C,R02,training,09,111,0,0.0,0.0,0.0,0.0
C,R02,training,09,112,0,0.0,0.0,0.0,0.0
C,R02,training,09,113,0,0.0,0.0,0.0,0.0
C,R02,training,09,114,0,0.0,0.0,0.0,0.0
C,R02,training,09,115,0,0.0,0.0,0.0,0.0
C,R02,training,09,116,0,0.0,0.0,0.0,0.0
C,R02,training,09,117,0,0.0,0.0,0.0,0.0
C,R02,training,09,118,0,0.0,0.0,0.0,0.0
C,R02,training,09,119,0,0.0,0.0,0.0,0.0
C,R02,training,09,120,0,0.0,0.0,0.0,0.0
C,R02,training,09,121,0,0.0,0.0,0.0,0.0
C,R02,training,09,122,0,0.0,0.0,0.0,0.0
C,R02,training,09,123,0,0.0,0.0,0.0,0.0
C,R02,training,09,124,0,0.0,0.0,0.0,0.0
C,R02,training,09,125,0,0.0,0.0,0.0,0.0
C,R02,training,09,126,0,0.0,0.0,0.0,0.0
C,R02,training,09,127,0,0.0,0.0,0.0,0.0
C,R02,training,09,128,0,0.0,0.0,0.0,0.0
C,R02,training,09,129,0,0.0,0.0,0.0,0.0
C,R02,training,09,130,0,0.0,0.0,0.0,0.0
C,R02,training,09,131,0,0.0,0.0,0.0,0.0
C,R02,training,09,132,0,0.0,0.0,0.0,0.0
C,R02,training,09,133,0,0.0,0.0,0.0,0.0
C,R02,training,09,134,0,0.0,0.0,0.0,0.0
C,R02,training,09,135,0,0.0,0.0,0.0,0.0
C,R02,training,09,136,0,0.0,0.0,0.0,0.0
C,R02,training,09,137,0,0.0,0.0,0.0,0.0
C,R02,training,09,138,0,0.0,0.0,0.0,0.0
C,R02,training,09,139,0,0.0,0.0,0.0,0.0
C,R02,training,09,140,0,0.0,0.0,0.0,0.0
C,R02,training,09,141,0,0.0,0.0,0.0,0.0
C,R02,training,09,142,0,0.0,0.0,0.0,0.0
C,R02,training,09,143,0,0.0,0.0,0.0,0.0
C,R02,training,09,144,0,0.0,0.0,0.0,0.0
C,R02,training,09,145,0,0.0,0.0,0.0,0.0
C,R02,training,09,146,0,0.0,0.0,0.0,0.0
C,R02,training,09,147,0,0.0,0.0,0.0,0.0
C,R02,training,09,148,0,0.0,0.0,0.0,0.0
C,R02,training,09,149,0,0.0,0.0,0.0,0.0
C,R02,training,09,150,0,0.0,0.0,0.0,0.0
C,R02,training,09,151,0,0.0,0.0,0.0,0.0
C,R02,training,09,152,0,0.0,0.0,0.0,0.0
C,R02,training,09,153,0,0.0,0.0,0.0,0.0
C,R02,training,09,154,0,0.0,0.0,0.0,0.0
C,R02,training,09,155,0,0.0,0.0,0.0,0.0
C,R02,training,09,156,0,0.0,0.0,0.0,0.0
C,R02,training,09,157,0,0.0,0.0,0.0,0.0
C,R02,training,09,158,0,0.0,0.0,0.0,0.0
C,R02,training,09,159,0,0.0,0.0,0.0,0.0
C,R02,training,09,160,0,0.0,0.0,0.0,0.0
C,R02,training,09,161,0,0.0,0.0,0.0,0.0
C,R02,training,09,162,0,0.0,0.0,0.0,0.0
C,R02,training,09,163,0,0.0,0.0,0.0,0.0
C,R02,training,09,164,0,0.0,0.0,0.0,0.0
C,R02,training,09,165,0,0.0,0.0,0.0,0.0
C,R02,training,09,166,0,0.0,0.0,0.0,0.0
C,R02,training,09,167,0,0.0,0.0,0.0,0.0
C,R02,training,09,168,0,0.0,0.0,0.0,0.0
C,R02,training,09,169,0,0.0,0.0,0.0,0.0
C,R02,training,09,170,0,0.0,0.0,0.0,0.0
C,R02,training,09,171,0,0.0,0.0,0.0,0.0
C,R02,training,09,172,0,0.0,0.0,0.0,0.0
C,R02,training,09,173,0,0.0,0.0,0.0,0.0
C,R02,training,09,174,0,0.0,0.0,0.0,0.0
C,R02,training,09,175,0,0.0,0.0,0.0,0.0
C,R02,training,09,176,0,0.0,0.0,0.0,0.0
C,R02,training,09,177,0,0.0,0.0,0.0,0.0
C,R02,training,09,178,0,0.0,0.0,0.0,0.0
C,R02,training,09,179,0,0.0,0.0,0.0,0.0
C,R02,training,09,180,0,0.0,0.0,0.0,0.0
C,R02,training,09,181,0,0.0,0.0,0.0,0.0
C,R02,training,09,182,0,0.0,0.0,0.0,0.0
C,R02,training,09,183,0,0.0,0.0,0.0,0.0
C,R02,training,09,184,0,0.0,0.0,0.0,0.0
C,R02,training,09,185,0,0.0,0.0,0.0,0.0
C,R02,training,09,186,0,0.0,0.0,0.0,0.0
C,R02,training,09,187,0,0.0,0.0,0.0,0.0
C,R02,training,09,188,0,0.0,0.0,0.0,0.0
C,R02,training,09,189,0,0.0,0.0,0.0,0.0
C,R02,training,09,190,0,0.0,0.0,0.0,0.0
C,R02,training,09,191,0,0.0,0.0,0.0,0.0
C,R02,training,09,192,0,0.0,0.0,0.0,0.0
C,R02,training,09,193,0,0.0,0.0,0.0,0.0
C,R02,training,09,194,0,0.0,0.0,0.0,0.0
C,R02,training,09,195,0,0.0,0.0,0.0,0.0
C,R02,training,09,196,0,0.0,0.0,0.0,0.0
C,R02,training,09,197,0,0.0,0.0,0.0,0.0
C,R02,training,09,198,0,0.0,0.0,0.0,0.0
C,R02,training,09,199,0,0.0,0.0,0.0,0.0
C,R02,training,09,200,0,0.0,0.0,0.0,0.0
C,R02,training,09,201,0,0.0,0.0,0.0,0.0
C,R02,training,09,202,0,0.0,0.0,0.0,0.0
C,R02,training,09,203,0,0.0,0.0,0.0,0.0
C,R02,training,09,204,0,0.0,0.0,0.0,0.0
C,R02,training,09,205,0,0.0,0.0,0.0,0.0
C,R02,training,09,206,0,0.0,0.0,0.0,0.0
C,R02,training,09,207,0,0.0,0.0,0.0,0.0
C,R02,training,09,208,0,0.0,0.0,0.0,0.0
C,R02,training,09,209,0,0.0,0.0,0.0,0.0
C,R02,training,09,210,0,0.0,0.0,0.0,0.0
C,R02,training,09,211,0,0.0,0.0,0.0,0.0
C,R02,training,09,212,0,0.0,0.0,0.0,0.0
C,R02,training,09,213,0,0.0,0.0,0.0,0.0
C,R02,training,09,214,0,0.0,0.0,0.0,0.0
C,R02,training,09,215,0,0.0,0.0,0.0,0.0
C,R02,training,09,216,0,0.0,0.0,0.0,0.0
C,R02,training,09,217,0,0.0,0.0,0.0,0.0
C,R02,training,09,218,0,0.0,0.0,0.0,0.0
C,R02,training,09,219,0,0.0,0.0,0.0,0.0
C,R02,training,09,220,0,0.0,0.0,0.0,0.0
C,R02,training,09,221,0,0.0,0.0,0.0,0.0
C,R02,training,09,222,0,0.0,0.0,0.0,0.0
C,R02,training,09,223,0,0.0,0.0,0.0,0.0
C,R02,training,09,224,0,0.0,0.0,0.0,0.0
C,R02,training,09,225,0,0.0,0.0,0.0,0.0
C,R02,training,09,226,0,0.0,0.0,0.0,0.0
C,R02,training,09,227,0,0.0,0.0,0.0,0.0
C,R02,training,09,228,0,0.0,0.0,0.0,0.0
C,R02,training,09,229,0,0.0,0.0,0.0,0.0
C,R02,training,09,230,0,0.0,0.0,0.0,0.0
C,R02,training,09,231,0,0.0,0.0,0.0,0.0
C,R02,training,09,232,0,0.0,0.0,0.0,0.0
C,R02,training,09,233,0,0.0,0.0,0.0,0.0
C,R02,training,09,234,0,0.0,0.0,0.0,0.0
C,R02,training,09,235,0,0.0,0.0,0.0,0.0
C,R02,training,09,236,0,0.0,0.0,0.0,0.0
C,R02,training,09,237,0,0.0,0.0,0.0,0.0
C,R02,training,09,238,0,0.0,0.0,0.0,0.0
C,R02,training,09,239,0,0.0,0.0,0.0,0.0
C,R02,training,09,240,0,0.0,0.0,0.0,0.0
C,R02,training,09,241,0,0.0,0.0,0.0,0.0
C,R02,training,09,242,0,0.0,0.0,0.0,0.0
C,R02,training,09,243,0,0.0,0.0,0.0,0.0
C,R02,training,09,244,0,0.0,0.0,0.0,0.0
C,R02,training,09,245,0,0.0,0.0,0.0,0.0
C,R02,training,09,246,0,0.0,0.0,0.0,0.0
C,R02,training,09,247,0,0.0,0.0,0.0,0.0
C,R02,training,09,248,0,0.0,0.0,0.0,0.0
C,R02,training,09,249,0,0.0,0.0,0.0,0.0
C,R02,training,09,250,0,0.0,0.0,0.0,0.0
C,R02,training,09,251,0,0.0,0.0,0.0,0.0
C,R02,training,09,252,0,0.0,0.0,0.0,0.0
C,R02,training,09,253,0,0.0,0.0,0.0,0.0
C,R02,training,09,254,0,0.0,0.0,0.0,0.0
C,R02,training,09,255,0,0.0,0.0,0.0,0.0
C,R02,training,09,256,0,0.0,0.0,0.0,0.0
C,R02,training,09,257,0,0.0,0.0,0.0,0.0
C,R02,training,09,258,0,0.0,0.0,0.0,0.0
C,R02,training,09,259,0,0.0,0.0,0.0,0.0
C,R02,training,09,260,0,0.0,0.0,0.0,0.0
C,R02,training,09,261,0,0.0,0.0,0.0,0.0
C,R02,training,09,262,0,0.0,0.0,0.0,0.0
C,R02,training,09,263,0,0.0,0.0,0.0,0.0
C,R02,training,09,264,0,0.0,0.0,0.0,0.0
C,R02,training,09,265,0,0.0,0.0,0.0,0.0
C,R02,training,09,266,0,0.0,0.0,0.0,0.0
C,R02,training,09,267,0,0.0,0.0,0.0,0.0
C,R02,training,09,268,0,0.0,0.0,0.0,0.0
C,R02,training,09,269,0,0.0,0.0,0.0,0.0
C,R02,training,09,270,0,0.0,0.0,0.0,0.0
C,R02,training,09,271,0,0.0,0.0,0.0,0.0
C,R02,training,09,272,0,0.0,0.0,0.0,0.0
C,R02,training,09,273,0,0.0,0.0,0.0,0.0
C,R02,training,09,274,0,0.0,0.0,0.0,0.0
C,R02,training,09,275,0,0.0,0.0,0.0,0.0
C,R02,training,09,276,0,0.0,0.0,0.0,0.0
C,R02,training,09,277,0,0.0,0.0,0.0,0.0
C,R02,training,09,278,0,0.0,0.0,0.0,0.0
C,R02,training,09,279,0,0.0,0.0,0.0,0.0
C,R02,training,09,280,0,0.0,0.0,0.0,0.0
C,R02,training,09,281,0,0.0,0.0,0.0,0.0
C,R02,training,09,282,0,0.0,0.0,0.0,0.0
C,R02,training,09,283,0,0.0,0.0,0.0,0.0
C,R02,training,09,284,0,0.0,0.0,0.0,0.0
C,R02,training,09,285,0,0.0,0.0,0.0,0.0
C,R02,training,09,286,0,0.0,0.0,0.0,0.0
C,R02,training,09,287,0,0.0,0.0,0.0,0.0
C,R02,training,09,288,0,0.0,0.0,0.0,0.0
C,R02,training,09,289,0,0.0,0.0,0.0,0.0
C,R02,training,09,290,0,0.0,0.0,0.0,0.0
C,R02,training,09,291,0,0.0,0.0,0.0,0.0
C,R02,training,09,292,0,0.0,0.0,0.0,0.0
C,R02,training,09,293,0,0.0,0.0,0.0,0.0
C,R02,training,09,294,0,0.0,0.0,0.0,0.0
C,R02,training,09,295,0,0.0,0.0,0.0,0.0
C,R02,training,09,296,0,0.0,0.0,0.0,0.0
C,R02,training,09,297,0,0.0,0.0,0.0,0.0
C,R02,training,09,298,0,0.0,0.0,0.0,0.0
C,R02,training,09,299,0,0.0,0.0,0.0,0.0
C,R02,training,09,300,0,0.0,0.0,0.0,0.0
C,R02,training,09,301,0,0.0,0.0,0.0,0.0
C,R02,training,09,302,0,0.0,0.0,0.0,0.0
C,R02,training,09,303,0,0.0,0.0,0.0,0.0
C,R02,training,09,304,0,0.0,0.0,0.0,0.0
C,R02,training,09,305,0,0.0,0.0,0.0,0.0
C,R02,training,09,306,0,0.0,0.0,0.0,0.0
C,R02,training,09,307,0,0.0,0.0,0.0,0.0
C,R02,training,09,308,0,0.0,0.0,0.0,0.0
C,R02,training,09,309,0,0.0,0.0,0.0,0.0
C,R02,training,09,310,0,0.0,0.0,0.0,0.0
C,R02,training,09,311,0,0.0,0.0,0.0,0.0
C,R02,training,09,312,0,0.0,0.0,0.0,0.0
C,R02,training,09,313,0,0.0,0.0,0.0,0.0
C,R02,training,09,314,0,0.0,0.0,0.0,0.0
C,R02,training,09,315,0,0.0,0.0,0.0,0.0
C,R02,training,09,316,0,0.0,0.0,0.0,0.0
C,R02,training,09,317,0,0.0,0.0,0.0,0.0
C,R02,training,09,318,0,0.0,0.0,0.0,0.0
C,R02,training,09,319,0,0.0,0.0,0.0,0.0
C,R02,training,09,320,0,0.0,0.0,0.0,0.0
C,R02,training,09,321,0,0.0,0.0,0.0,0.0
C,R02,training,09,322,0,0.0,0.0,0.0,0.0
C,R02,training,09,323,0,0.0,0.0,0.0,0.0
C,R02,training,09,324,0,0.0,0.0,0.0,0.0
C,R02,training,09,325,0,0.0,0.0,0.0,0.0
C,R02,training,09,326,0,0.0,0.0,0.0,0.0
C,R02,training,09,327,0,0.0,0.0,0.0,0.0
C,R02,training,09,328,0,0.0,0.0,0.0,0.0
C,R02,training,09,329,0,0.0,0.0,0.0,0.0
C,R02,training,09,330,0,0.0,0.0,0.0,0.0
C,R02,training,09,331,0,0.0,0.0,0.0,0.0
C,R02,training,09,332,0,0.0,0.0,0.0,0.0
C,R02,training,09,333,0,0.0,0.0,0.0,0.0
C,R02,training,09,334,0,0.0,0.0,0.0,0.0
C,R02,training,09,335,0,0.0,0.0,0.0,0.0
C,R02,training,09,336,0,0.0,0.0,0.0,0.0
C,R02,training,09,337,0,0.0,0.0,0.0,0.0
C,R02,training,09,338,0,0.0,0.0,0.0,0.0
C,R02,training,09,339,0,0.0,0.0,0.0,0.0
C,R02,training,09,340,0,0.0,0.0,0.0,0.0
C,R02,training,09,341,0,0.0,0.0,0.0,0.0
C,R02,training,09,342,0,0.0,0.0,0.0,0.0
C,R02,training,09,343,0,0.0,0.0,0.0,0.0
C,R02,training,09,344,0,0.0,0.0,0.0,0.0
C,R02,training,09,345,0,0.0,0.0,0.0,0.0
C,R02,training,09,346,0,0.0,0.0,0.0,0.0
C,R02,training,09,347,0,0.0,0.0,0.0,0.0
C,R02,training,09,348,0,0.0,0.0,0.0,0.0
C,R02,training,09,349,0,0.0,0.0,0.0,0.0
C,R02,training,09,350,0,0.0,0.0,0.0,0.0
C,R02,training,09,351,0,0.0,0.0,0.0,0.0
C,R02,training,09,352,0,0.0,0.0,0.0,0.0
C,R02,training,09,353,0,0.0,0.0,0.0,0.0
C,R02,training,09,354,0,0.0,0.0,0.0,0.0
C,R02,training,09,355,0,0.0,0.0,0.0,0.0
C,R02,training,09,356,0,0.0,0.0,0.0,0.0
C,R02,training,09,357,0,0.0,0.0,0.0,0.0
C,R02,training,09,358,0,0.0,0.0,0.0,0.0
C,R02,training,09,359,0,0.0,0.0,0.0,0.0
C,R02,training,09,360,0,0.0,0.0,0.0,0.0
C,R02,training,09,361,0,0.0,0.0,0.0,0.0
C,R02,training,09,362,0,0.0,0.0,0.0,0.0
C,R02,training,09,363,0,0.0,0.0,0.0,0.0
C,R02,training,09,364,0,0.0,0.0,0.0,0.0
C,R02,training,09,365,0,0.0,0.0,0.0,0.0
C,R02,training,09,366,0,0.0,0.0,0.0,0.0
C,R02,training,09,367,0,0.0,0.0,0.0,0.0
C,R02,training,09,368,0,0.0,0.0,0.0,0.0
C,R02,training,09,369,0,0.0,0.0,0.0,0.0
C,R02,training,09,370,0,0.0,0.0,0.0,0.0
C,R02,training,09,371,0,0.0,0.0,0.0,0.0
C,R02,training,09,372,0,0.0,0.0,0.0,0.0
C,R02,training,09,373,0,0.0,0.0,0.0,0.0
C,R02,training,09,374,0,0.0,0.0,0.0,0.0
C,R02,training,09,375,0,0.0,0.0,0.0,0.0
C,R02,training,09,376,0,0.0,0.0,0.0,0.0
C,R02,training,09,377,0,0.0,0.0,0.0,0.0
C,R02,training,09,378,0,0.0,0.0,0.0,0.0
C,R02,training,09,379,0,0.0,0.0,0.0,0.0
C,R02,training,09,380,0,0.0,0.0,0.0,0.0
C,R02,training,09,381,0,0.0,0.0,0.0,0.0
C,R02,training,09,382,0,0.0,0.0,0.0,0.0
C,R02,training,09,383,0,0.0,0.0,0.0,0.0
C,R02,training,09,384,0,0.0,0.0,0.0,0.0
C,R02,training,09,385,0,0.0,0.0,0.0,0.0
C,R02,training,09,386,0,0.0,0.0,0.0,0.0
C,R02,training,09,387,0,0.0,0.0,0.0,0.0
C,R02,training,09,388,0,0.0,0.0,0.0,0.0
C,R02,training,09,389,0,0.0,0.0,0.0,0.0
C,R02,training,09,390,0,0.0,0.0,0.0,0.0
C,R02,training,09,391,0,0.0,0.0,0.0,0.0
C,R02,training,09,392,0,0.0,0.0,0.0,0.0
C,R02,training,09,393,0,0.0,0.0,0.0,0.0
C,R02,training,09,394,0,0.0,0.0,0.0,0.0
C,R02,training,09,395,0,0.0,0.0,0.0,0.0
C,R02,training,09,396,0,0.0,0.0,0.0,0.0
C,R02,training,09,397,0,0.0,0.0,0.0,0.0
C,R02,training,09,398,0,0.0,0.0,0.0,0.0
C,R02,training,09,399,0,0.0,0.0,0.0,0.0
C,R02,training,09,400,0,0.0,0.0,0.0,0.0
C,R02,training,09,401,0,0.0,0.0,0.0,0.0
C,R02,training,09,402,0,0.0,0.0,0.0,0.0
C,R02,training,09,403,0,0.0,0.0,0.0,0.0
C,R02,training,09,404,0,0.0,0.0,0.0,0.0
C,R02,training,09,405,0,0.0,0.0,0.0,0.0
C,R02,training,09,406,0,0.0,0.0,0.0,0.0
C,R02,training,09,407,0,0.0,0.0,0.0,0.0
C,R02,training,09,408,0,0.0,0.0,0.0,0.0
C,R02,training,09,409,0,0.0,0.0,0.0,0.0
C,R02,training,09,410,0,0.0,0.0,0.0,0.0
C,R02,training,09,411,0,0.0,0.0,0.0,0.0
C,R02,training,09,412,0,0.0,0.0,0.0,0.0
C,R02,training,09,413,0,0.0,0.0,0.0,0.0
C,R02,training,09,414,0,0.0,0.0,0.0,0.0
C,R02,training,09,415,0,0.0,0.0,0.0,0.0
C,R02,training,09,416,0,0.0,0.0,0.0,0.0
C,R02,training,09,417,0,0.0,0.0,0.0,0.0
C,R02,training,09,418,0,0.0,0.0,0.0,0.0
C,R02,training,09,419,0,0.0,0.0,0.0,0.0
C,R02,training,09,420,0,0.0,0.0,0.0,0.0
C,R02,training,09,421,0,0.0,0.0,0.0,0.0
C,R02,training,09,422,0,0.0,0.0,0.0,0.0
C,R02,training,09,423,0,0.0,0.0,0.0,0.0
C,R02,training,09,424,0,0.0,0.0,0.0,0.0
C,R02,training,09,425,0,0.0,0.0,0.0,0.0
C,R02,training,09,426,0,0.0,0.0,0.0,0.0
C,R02,training,09,427,0,0.0,0.0,0.0,0.0
C,R02,training,09,428,0,0.0,0.0,0.0,0.0
C,R02,training,09,429,0,0.0,0.0,0.0,0.0
C,R02,training,09,430,0,0.0,0.0,0.0,0.0
C,R02,training,09,431,0,0.0,0.0,0.0,0.0
C,R02,training,09,432,0,0.0,0.0,0.0,0.0
C,R02,training,09,433,0,0.0,0.0,0.0,0.0
C,R02,training,09,434,0,0.0,0.0,0.0,0.0
C,R02,training,09,435,0,0.0,0.0,0.0,0.0
C,R02,training,09,436,0,0.0,0.0,0.0,0.0
C,R02,training,09,437,0,0.0,0.0,0.0,0.0
C,R02,training,09,438,0,0.0,0.0,0.0,0.0
C,R02,training,09,439,0,0.0,0.0,0.0,0.0
C,R02,training,09,440,0,0.0,0.0,0.0,0.0
C,R02,training,09,441,0,0.0,0.0,0.0,0.0
C,R02,training,09,442,0,0.0,0.0,0.0,0.0
C,R02,training,09,443,0,0.0,0.0,0.0,0.0
C,R02,training,09,444,0,0.0,0.0,0.0,0.0
C,R02,training,09,445,0,0.0,0.0,0.0,0.0
C,R02,training,09,446,0,0.0,0.0,0.0,0.0
C,R02,training,09,447,0,0.0,0.0,0.0,0.0
C,R02,training,09,448,0,0.0,0.0,0.0,0.0
C,R02,training,09,449,0,0.0,0.0,0.0,0.0
C,R02,training,09,450,0,0.0,0.0,0.0,0.0
C,R02,training,09,451,0,0.0,0.0,0.0,0.0
C,R02,training,09,452,0,0.0,0.0,0.0,0.0
C,R02,training,09,453,0,0.0,0.0,0.0,0.0
C,R02,training,09,454,0,0.0,0.0,0.0,0.0
C,R02,training,09,455,0,0.0,0.0,0.0,0.0
C,R02,training,09,456,0,0.0,0.0,0.0,0.0
C,R02,training,09,457,0,0.0,0.0,0.0,0.0
C,R02,training,09,458,0,0.0,0.0,0.0,0.0
C,R02,training,09,459,0,0.0,0.0,0.0,0.0
C,R02,training,09,460,0,0.0,0.0,0.0,0.0
C,R02,training,09,461,0,0.0,0.0,0.0,0.0
C,R02,training,09,462,0,0.0,0.0,0.0,0.0
C,R02,training,09,463,0,0.0,0.0,0.0,0.0
C,R02,training,09,464,0,0.0,0.0,0.0,0.0
C,R02,training,09,465,0,0.0,0.0,0.0,0.0
C,R02,training,09,466,0,0.0,0.0,0.0,0.0
C,R02,training,09,467,0,0.0,0.0,0.0,0.0
C,R02,training,09,468,0,0.0,0.0,0.0,0.0
C,R02,training,09,469,0,0.0,0.0,0.0,0.0
C,R02,training,09,470,0,0.0,0.0,0.0,0.0
C,R02,training,09,471,0,0.0,0.0,0.0,0.0
C,R02,training,09,472,0,0.0,0.0,0.0,0.0
C,R02,training,09,473,0,0.0,0.0,0.0,0.0
C,R02,training,09,474,0,0.0,0.0,0.0,0.0
C,R02,training,09,475,0,0.0,0.0,0.0,0.0
C,R02,training,09,476,0,0.0,0.0,0.0,0.0
C,R02,training,09,477,0,0.0,0.0,0.0,0.0
C,R02,training,09,478,0,0.0,0.0,0.0,0.0
C,R02,training,09,479,0,0.0,0.0,0.0,0.0
C,R02,training,09,480,0,0.0,0.0,0.0,0.0
C,R02,training,09,481,0,0.0,0.0,0.0,0.0
C,R02,training,09,482,0,0.0,0.0,0.0,0.0
C,R02,training,09,483,0,0.0,0.0,0.0,0.0
C,R02,training,09,484,0,0.0,0.0,0.0,0.0
C,R02,training,09,485,0,0.0,0.0,0.0,0.0
C,R02,training,09,486,0,0.0,0.0,0.0,0.0
C,R02,training,09,487,0,0.0,0.0,0.0,0.0
C,R02,training,09,488,0,0.0,0.0,0.0,0.0
C,R02,training,09,489,0,0.0,0.0,0.0,0.0
C,R02,training,09,490,0,0.0,0.0,0.0,0.0
C,R02,training,09,491,0,0.0,0.0,0.0,0.0
C,R02,training,09,492,0,0.0,0.0,0.0,0.0
C,R02,training,09,493,0,0.0,0.0,0.0,0.0
C,R02,training,09,494,0,0.0,0.0,0.0,0.0
C,R02,training,09,495,0,0.0,0.0,0.0,0.0
C,R02,training,09,496,0,0.0,0.0,0.0,0.0
C,R02,training,09,497,0,0.0,0.0,0.0,0.0
C,R02,training,09,498,0,0.0,0.0,0.0,0.0
C,R02,training,09,499,0,0.0,0.0,0.0,0.0
C,R02,training,09,500,0,0.0,0.0,0.0,0.0
C,R02,training,09,501,0,0.0,0.0,0.0,0.0
C,R02,training,09,502,0,0.0,0.0,0.0,0.0
C,R02,training,09,503,0,0.0,0.0,0.0,0.0
C,R02,training,09,504,0,0.0,0.0,0.0,0.0
C,R02,training,09,505,0,0.0,0.0,0.0,0.0
C,R02,training,09,506,0,0.0,0.0,0.0,0.0
C,R02,training,09,507,0,0.0,0.0,0.0,0.0
C,R02,training,09,508,0,0.0,0.0,0.0,0.0
C,R02,training,09,509,0,0.0,0.0,0.0,0.0
C,R02,training,09,510,0,0.0,0.0,0.0,0.0
C,R02,training,09,511,0,0.0,0.0,0.0,0.0
C,R02,training,09,512,0,0.0,0.0,0.0,0.0
C,R02,training,09,513,0,0.0,0.0,0.0,0.0
C,R02,training,09,514,0,0.0,0.0,0.0,0.0
C,R02,training,09,515,0,0.0,0.0,0.0,0.0
C,R02,training,09,516,0,0.0,0.0,0.0,0.0
C,R02,training,09,517,0,0.0,0.0,0.0,0.0
C,R02,training,09,518,0,0.0,0.0,0.0,0.0
C,R02,training,09,519,0,0.0,0.0,0.0,0.0
C,R02,training,09,520,0,0.0,0.0,0.0,0.0
C,R02,training,09,521,0,0.0,0.0,0.0,0.0
C,R02,training,09,522,0,0.0,0.0,0.0,0.0
C,R02,training,09,523,0,0.0,0.0,0.0,0.0
C,R02,training,09,524,0,0.0,0.0,0.0,0.0
C,R02,training,09,525,0,0.0,0.0,0.0,0.0
C,R02,training,09,526,0,0.0,0.0,0.0,0.0
C,R02,training,09,527,0,0.0,0.0,0.0,0.0
C,R02,training,09,528,0,0.0,0.0,0.0,0.0
C,R02,training,09,529,0,0.0,0.0,0.0,0.0
C,R02,training,09,530,0,0.0,0.0,0.0,0.0
C,R02,training,09,531,0,0.0,0.0,0.0,0.0
C,R02,training,09,532,0,0.0,0.0,0.0,0.0
C,R02,training,09,533,0,0.0,0.0,0.0,0.0
C,R02,training,09,534,0,0.0,0.0,0.0,0.0
C,R02,training,09,535,0,0.0,0.0,0.0,0.0
C,R02,training,09,536,0,0.0,0.0,0.0,0.0
C,R02,training,09,537,0,0.0,0.0,0.0,0.0
C,R02,training,09,538,0,0.0,0.0,0.0,0.0
C,R02,training,09,539,0,0.0,0.0,0.0,0.0
C,R02,training,09,540,0,0.0,0.0,0.0,0.0
C,R02,training,09,541,0,0.0,0.0,0.0,0.0
C,R02,training,09,542,0,0.0,0.0,0.0,0.0
C,R02,training,09,543,0,0.0,0.0,0.0,0.0
C,R02,training,09,544,0,0.0,0.0,0.0,0.0
C,R02,training,09,545,0,0.0,0.0,0.0,0.0
C,R02,training,09,546,0,0.0,0.0,0.0,0.0
C,R02,training,09,547,0,0.0,0.0,0.0,0.0
C,R02,training,09,548,0,0.0,0.0,0.0,0.0
C,R02,training,09,549,0,0.0,0.0,0.0,0.0
C,R02,training,09,550,0,0.0,0.0,0.0,0.0
C,R02,training,09,551,0,0.0,0.0,0.0,0.0
C,R02,training,09,552,0,0.0,0.0,0.0,0.0
C,R02,training,09,553,0,0.0,0.0,0.0,0.0
C,R02,training,09,554,0,0.0,0.0,0.0,0.0
C,R02,training,09,555,0,0.0,0.0,0.0,0.0
C,R02,training,09,556,0,0.0,0.0,0.0,0.0
C,R02,training,09,557,0,0.0,0.0,0.0,0.0
C,R02,training,09,558,0,0.0,0.0,0.0,0.0
C,R02,training,09,559,0,0.0,0.0,0.0,0.0
C,R02,training,09,560,0,0.0,0.0,0.0,0.0
C,R02,training,09,561,0,0.0,0.0,0.0,0.0
C,R02,training,09,562,0,0.0,0.0,0.0,0.0
C,R02,training,09,563,0,0.0,0.0,0.0,0.0
C,R02,training,09,564,0,0.0,0.0,0.0,0.0
C,R02,training,09,565,0,0.0,0.0,0.0,0.0
C,R02,training,09,566,0,0.0,0.0,0.0,0.0
C,R02,training,09,567,0,0.0,0.0,0.0,0.0
C,R02,training,09,568,0,0.0,0.0,0.0,0.0
C,R02,training,09,569,0,0.0,0.0,0.0,0.0
C,R02,training,09,570,0,0.0,0.0,0.0,0.0
C,R02,training,09,571,0,0.0,0.0,0.0,0.0
C,R02,training,09,572,0,0.0,0.0,0.0,0.0
C,R02,training,09,573,0,0.0,0.0,0.0,0.0
C,R02,training,09,574,0,0.0,0.0,0.0,0.0
C,R02,training,09,575,0,0.0,0.0,0.0,0.0
C,R02,training,09,576,0,0.0,0.0,0.0,0.0
C,R02,training,09,577,0,0.0,0.0,0.0,0.0
C,R02,training,09,578,0,0.0,0.0,0.0,0.0
C,R02,training,09,579,0,0.0,0.0,0.0,0.0
C,R02,training,09,580,0,0.0,0.0,0.0,0.0
C,R02,training,09,581,0,0.0,0.0,0.0,0.0
C,R02,training,09,582,0,0.0,0.0,0.0,0.0
C,R02,training,09,583,0,0.0,0.0,0.0,0.0
C,R02,training,09,584,0,0.0,0.0,0.0,0.0
C,R02,training,09,585,0,0.0,0.0,0.0,0.0
C,R02,training,09,586,0,0.0,0.0,0.0,0.0
C,R02,training,09,587,0,0.0,0.0,0.0,0.0
C,R02,training,09,588,0,0.0,0.0,0.0,0.0
C,R02,training,09,589,0,0.0,0.0,0.0,0.0
C,R02,training,09,590,0,0.0,0.0,0.0,0.0
C,R02,training,09,591,0,0.0,0.0,0.0,0.0
C,R02,training,09,592,0,0.0,0.0,0.0,0.0
C,R02,training,09,593,0,0.0,0.0,0.0,0.0
C,R02,training,09,594,0,0.0,0.0,0.0,0.0
P1,R02,training,09,0,0,0.0,0.0,0.0,0.0
P1,R02,training,09,1,0,0.0,0.0,0.0,0.0
P1,R02,training,09,2,0,0.0,0.0,0.0,0.0
P1,R02,training,09,3,0,0.0,0.0,0.0,0.0
P1,R02,training,09,4,0,0.0,0.0,0.0,0.0
P1,R02,training,09,5,0,0.0,0.0,0.0,0.0
P1,R02,training,09,6,0,0.0,0.0,0.0,0.0
P1,R02,training,09,7,0,0.0,0.0,0.0,0.0
P1,R02,training,09,8,0,0.0,0.0,0.0,0.0
P1,R02,training,09,9,0,0.0,0.0,0.0,0.0
P1,R02,training,09,10,0,0.0,0.0,0.0,0.0
P1,R02,training,09,11,0,0.0,0.0,0.0,0.0
P1,R02,training,09,12,0,0.0,0.0,0.0,0.0
P1,R02,training,09,13,0,0.0,0.0,0.0,0.0
P1,R02,training,09,14,0,0.0,0.0,0.0,0.0
P1,R02,training,09,15,0,0.0,0.0,0.0,0.0
P1,R02,training,09,16,0,0.0,0.0,0.0,0.0
P1,R02,training,09,17,0,0.0,0.0,0.0,0.0
P1,R02,training,09,18,0,0.0,0.0,0.0,0.0
P1,R02,training,09,19,0,0.0,0.0,0.0,0.0
P1,R02,training,09,20,0,0.0,0.0,0.0,0.0
P1,R02,training,09,21,0,0.0,0.0,0.0,0.0
P1,R02,training,09,22,0,0.0,0.0,0.0,0.0
P1,R02,training,09,23,0,0.0,0.0,0.0,0.0
P1,R02,training,09,24,0,0.0,0.0,0.0,0.0
P1,R02,training,09,25,0,0.0,0.0,0.0,0.0
P1,R02,training,09,26,0,0.0,0.0,0.0,0.0
P1,R02,training,09,27,0,0.0,0.0,0.0,0.0
P1,R02,training,09,28,0,0.0,0.0,0.0,0.0
P1,R02,training,09,29,0,0.0,0.0,0.0,0.0
P1,R02,training,09,30,0,0.0,0.0,0.0,0.0
P1,R02,training,09,31,0,0.0,0.0,0.0,0.0
P1,R02,training,09,32,0,0.0,0.0,0.0,0.0
P1,R02,training,09,33,0,0.0,0.0,0.0,0.0
P1,R02,training,09,34,0,0.0,0.0,0.0,0.0
P1,R02,training,09,35,0,0.0,0.0,0.0,0.0
P1,R02,training,09,36,0,0.0,0.0,0.0,0.0
P1,R02,training,09,37,0,0.0,0.0,0.0,0.0
P1,R02,training,09,38,0,0.0,0.0,0.0,0.0
P1,R02,training,09,39,0,0.0,0.0,0.0,0.0
P1,R02,training,09,40,0,0.0,0.0,0.0,0.0
P1,R02,training,09,41,0,0.0,0.0,0.0,0.0
P1,R02,training,09,42,0,0.0,0.0,0.0,0.0
P1,R02,training,09,43,0,0.0,0.0,0.0,0.0
P1,R02,training,09,44,0,0.0,0.0,0.0,0.0
P1,R02,training,09,45,0,0.0,0.0,0.0,0.0
P1,R02,training,09,46,0,0.0,0.0,0.0,0.0
P1,R02,training,09,47,0,0.0,0.0,0.0,0.0
P1,R02,training,09,48,0,0.0,0.0,0.0,0.0
P1,R02,training,09,49,0,0.0,0.0,0.0,0.0
P1,R02,training,09,50,0,0.0,0.0,0.0,0.0
P1,R02,training,09,51,0,0.0,0.0,0.0,0.0
P1,R02,training,09,52,0,0.0,0.0,0.0,0.0
P1,R02,training,09,53,0,0.0,0.0,0.0,0.0
P1,R02,training,09,54,0,0.0,0.0,0.0,0.0
P1,R02,training,09,55,0,0.0,0.0,0.0,0.0
P1,R02,training,09,56,0,0.0,0.0,0.0,0.0
P1,R02,training,09,57,0,0.0,0.0,0.0,0.0
P1,R02,training,09,58,0,0.0,0.0,0.0,0.0
P1,R02,training,09,59,0,0.0,0.0,0.0,0.0
P1,R02,training,09,60,0,0.0,0.0,0.0,0.0
P1,R02,training,09,61,0,0.0,0.0,0.0,0.0
P1,R02,training,09,62,0,0.0,0.0,0.0,0.0
P1,R02,training,09,63,0,0.0,0.0,0.0,0.0
P1,R02,training,09,64,0,0.0,0.0,0.0,0.0
P1,R02,training,09,65,0,0.0,0.0,0.0,0.0
P1,R02,training,09,66,0,0.0,0.0,0.0,0.0
P1,R02,training,09,67,0,0.0,0.0,0.0,0.0
P1,R02,training,09,68,0,0.0,0.0,0.0,0.0
P1,R02,training,09,69,0,0.0,0.0,0.0,0.0
P1,R02,training,09,70,0,0.0,0.0,0.0,0.0
P1,R02,training,09,71,0,0.0,0.0,0.0,0.0
P1,R02,training,09,72,0,0.0,0.0,0.0,0.0
P1,R02,training,09,73,0,0.0,0.0,0.0,0.0
P1,R02,training,09,74,0,0.0,0.0,0.0,0.0
P1,R02,training,09,75,0,0.0,0.0,0.0,0.0
P1,R02,training,09,76,0,0.0,0.0,0.0,0.0
P1,R02,training,09,77,0,0.0,0.0,0.0,0.0
P1,R02,training,09,78,0,0.0,0.0,0.0,0.0
P1,R02,training,09,79,0,0.0,0.0,0.0,0.0
P1,R02,training,09,80,0,0.0,0.0,0.018994453380490932,0.014580488040234704
P1,R02,training,09,81,0,0.0,0.0,0.018994453380490932,0.014616152614891109
P1,R02,training,09,82,0,0.0,0.0,0.018994453380490932,0.014651738323337169
P1,R02,training,09,83,0,0.0,0.0,0.018994453380490932,0.014687244165731137
P1,R02,training,09,84,0,0.0,0.0,0.018994453380490932,0.014722669142522196
P1,R02,training,09,85,0,0.0,0.0,0.018994453380490932,0.01475801225449654
P1,R02,training,09,86,0,0.0,0.0,0.018994453380490932,0.014793272502823552
P1,R02,training,09,87,0,0.0,0.0,0.018994453380490932,0.014828448889102066
P1,R02,training,09,88,0,0.0,0.0,0.018994453380490932,0.014863540415406735
P1,R02,training,09,89,0,0.0,0.0,0.018994453380490932,0.014898546084334453
P1,R02,training,09,90,0,0.0,0.0,0.018994453380490932,0.014933464899050885
P1,R02,training,09,91,0,0.0,0.0,0.018994453380490932,0.014968295863337058
P1,R02,training,09,92,0,0.0,0.0,0.018994453380490932,0.015003037981636023
P1,R02,training,09,93,0,0.0,0.0,0.018994453380490932,0.015037690259099616
P1,R02,training,09,94,0,0.0,0.0,0.018994453380490932,0.015072251701635248
P1,R02,training,09,95,0,0.0,0.0,0.018994453380490932,0.015106721315952797
P1,R02,training,09,96,0,0.0,0.0,0.0393552050190209,0.031371317109282905
P1,R02,training,09,97,0,0.0,0.0,0.0393552050190209,0.03144234909619093
P1,R02,training,09,98,0,0.0,0.0,0.0393552050190209,0.03151318465818932
P1,R02,training,09,99,0,0.0,0.0,0.0393552050190209,0.03158382174487334
P1,R02,training,09,100,0,0.0,0.0,0.0393552050190209,0.03165425830798832
P1,R02,training,09,101,0,0.0,0.0,0.0393552050190209,0.03172449230152748
P1,R02,training,09,102,0,0.0,0.0,0.0393552050190209,0.031794521681829786
P1,R02,training,09,103,0,0.0,0.0,0.0393552050190209,0.031864344407677984
P1,R02,training,09,104,0,0.0,0.0,0.0393552050190209,0.031933958440396634
P1,R02,training,09,105,0,0.0,0.0,0.0393552050190209,0.03200336174395022
P1,R02,training,09,106,0,0.0,0.0,0.0393552050190209,0.03207255228504137
P1,R02,training,09,107,0,0.0,0.0,0.0393552050190209,0.03214152803320911
P1,R02,training,09,108,0,0.0,0.0,0.0393552050190209,0.03221028696092716
P1,R02,training,09,109,0,0.0,0.0,0.0393552050190209,0.03227882704370229
P1,R02,training,09,110,0,0.0,0.0,0.0393552050190209,0.03234714626017269
P1,R02,training,09,111,0,0.0,0.0,0.0393552050190209,0.03241524259220644
P1,R02,training,09,112,0,0.0,0.0,0.041783025941073595,0.034486995946214724
P1,R02,training,09,113,0,0.0,0.0,0.041783025941073595,0.034558813456084136
P1,R02,training,09,114,0,0.0,0.0,0.041783025941073595,0.03463038792551424
P1,R02,training,09,115,0,0.0,0.0,0.041783025941073595,0.034701717226636467
P1,R02,training,09,116,0,0.0,0.0,0.041783025941073595,0.03477279923553407
P1,R02,training,09,117,0,0.0,0.0,0.041783025941073595,0.03484363183234672
P1,R02,training,09,118,0,0.0,0.0,0.041783025941073595,0.03491421290137502
P1,R02,training,09,119,0,0.0,0.0,0.041783025941073595,0.03498454033118502
P1,R02,training,09,120,0,0.0,0.0,0.041783025941073595,0.03505461201471269
P1,R02,training,09,121,0,0.0,0.0,0.041783025941073595,0.03512442584936839
P1,R02,training,09,122,0,0.0,0.0,0.041783025941073595,0.03519397973714125
P1,R02,training,09,123,0,0.0,0.0,0.041783025941073595,0.03526327158470354
P1,R02,training,09,124,0,0.0,0.0,0.041783025941073595,0.03533229930351496
P1,R02,training,09,125,0,0.0,0.0,0.041783025941073595,0.03540106080992683
P1,R02,training,09,126,0,0.0,0.0,0.041783025941073595,0.03546955402528631
P1,R02,training,09,127,0,0.0,0.0,0.041783025941073595,0.035537776876040414
P1,R02,training,09,128,0,0.0,0.0,0.043920320795289694,0.03742703956148356
P1,R02,training,09,129,0,0.0,0.0,0.043920320795289694,0.03749817725744483
P1,R02,training,09,130,0,0.0,0.0,0.043920320795289694,0.037569024253446416
P1,R02,training,09,131,0,0.0,0.0,0.043920320795289694,0.037639578392403505
P1,R02,training,09,132,0,0.0,0.0,0.043920320795289694,0.03770983752313747
P1,R02,training,09,133,0,0.0,0.0,0.043920320795289694,0.03777979950048463
P1,R02,training,09,134,0,0.0,0.0,0.043920320795289694,0.03784946218540484
P1,R02,training,09,135,0,0.0,0.0,0.043920320795289694,0.03791882344508992
P1,R02,training,09,136,0,0.0,0.0,0.043920320795289694,0.03798788115307196
P1,R02,training,09,137,0,0.0,0.0,0.043920320795289694,0.03805663318933148
P1,R02,training,09,138,0,0.0,0.0,0.043920320795289694,0.03812507744040535
P1,R02,training,09,139,0,0.0,0.0,0.043920320795289694,0.038193211799494635
P1,R02,training,09,140,0,0.0,0.0,0.043920320795289694,0.03826103416657213
P1,R02,training,09,141,0,0.0,0.0,0.043920320795289694,0.03832854244848987
P1,R02,training,09,142,0,0.0,0.0,0.043920320795289694,0.03839573455908625
P1,R02,training,09,143,0,0.0,0.0,0.043920320795289694,0.038462608419293116
P1,R02,training,09,144,0,0.0,0.0,0.04570871652029472,0.04009803457211987
P1,R02,training,09,145,0,0.0,0.0,0.04570871652029472,0.04016696259580071
P1,R02,training,09,146,0,0.0,0.0,0.04570871652029472,0.04023555296445009
P1,R02,training,09,147,0,0.0,0.0,0.04570871652029472,0.04030380354498018
P1,R02,training,09,148,0,0.0,0.0,0.04570871652029472,0.04037171221223873
P1,R02,training,09,149,0,0.0,0.0,0.04570871652029472,0.040439276849119
P1,R02,training,09,150,0,0.0,0.0,0.04570871652029472,0.0405064953466694
P1,R02,training,09,151,0,0.0,0.0,0.04570871652029472,0.04057336560420282
P1,R02,training,09,152,0,0.0,0.0,0.04570871652029472,0.04063988552940573
P1,R02,training,09,153,0,0.0,0.0,0.04570871652029472,0.04070605303844697
P1,R02,training,09,154,0,0.0,0.0,0.04570871652029472,0.0407718660560862
P1,R02,training,09,155,0,0.0,0.0,0.04570871652029472,0.04083732251578209
P1,R02,training,09,156,0,0.0,0.0,0.04570871652029472,0.040902420359800185
P1,R02,training,09,157,0,0.0,0.0,0.04570871652029472,0.04096715753932038
P1,R02,training,09,158,0,0.0,0.0,0.04570871652029472,0.04103153201454414
P1,R02,training,09,159,0,0.0,0.0,0.04570871652029472,0.041095541754801374
P1,R02,training,09,160,0,0.0,0.0,0.0470977825041172,0.0424099926325287
P1,R02,training,09,161,0,0.0,0.0,0.0470977825041172,0.04247518972096161
P1,R02,training,09,162,0,0.0,0.0,0.0470977825041172,0.042540004770694105
P1,R02,training,09,163,0,0.0,0.0,0.0470977825041172,0.04260443572806193
P1,R02,training,09,164,0,0.0,0.0,0.0470977825041172,0.042668480549351614
P1,R02,training,09,165,0,0.0,0.0,0.0470977825041172,0.04273213720090822
P1,R02,training,09,166,0,0.0,0.0,0.0470977825041172,0.04279540365924281
P1,R02,training,09,167,0,0.0,0.0,0.0470977825041172,0.04285827791113941
P1,R02,training,09,168,0,0.0,0.0,0.0470977825041172,0.04292075795376159
P1,R02,training,09,169,0,0.0,0.0,0.0470977825041172,0.042982841794758565
P1,R02,training,09,170,0,0.0,0.0,0.0470977825041172,0.04304452745237098
P1,R02,training,09,171,0,0.0,0.0,0.0470977825041172,0.04310581295553605
P1,R02,training,09,172,0,0.0,0.0,0.0470977825041172,0.04316669634399245
P1,R02,training,09,173,0,0.0,0.0,0.0470977825041172,0.04322717566838459
P1,R02,training,09,174,0,0.0,0.0,0.0470977825041172,0.04328724899036649
P1,R02,training,09,175,0,0.0,0.0,0.0470977825041172,0.04334691438270518
P1,R02,training,09,176,0,0.0,0.0,0.06706849420625921,0.06181153977196859
P1,R02,training,09,177,0,0.0,0.0,0.06706849420625921,0.061895334902072094
P1,R02,training,09,178,0,0.0,0.0,0.06706849420625921,0.06197854099264044
P1,R02,training,09,179,0,0.0,0.0,0.06706849420625921,0.062061155364001676
P1,R02,training,09,180,0,0.0,0.0,0.06706849420625921,0.06214317535303457
P1,R02,training,09,181,0,0.0,0.0,0.06706849420625921,0.062224598313311494
P1,R02,training,09,182,0,0.0,0.0,0.06706849420625921,0.06230542161524061
P1,R02,training,09,183,0,0.0,0.0,0.06706849420625921,0.0623856426462072
P1,R02,training,09,184,0,0.0,0.0,0.06706849420625921,0.06246525881071428
P1,R02,training,09,185,0,0.0,0.0,0.06706849420625921,0.06254426753052249
P1,R02,training,09,186,0,0.0,0.0,0.06706849420625921,0.06262266624478895
P1,R02,training,09,187,0,0.0,0.0,0.06706849420625921,0.06270045241020561
P1,R02,training,09,188,0,0.0,0.0,0.06706849420625921,0.06277762350113655
P1,R02,training,09,189,0,0.0,0.0,0.06706849420625921,0.06285417700975458
P1,R02,training,09,190,0,0.0,0.0,0.06706849420625921,0.06293011044617693
P1,R02,training,09,191,0,0.0,0.0,0.06706849420625921,0.06300542133860004
P1,R02,training,09,192,0,0.0,0.3327005497372276,0.06882818167360516,0.06473515071474614
P1,R02,training,09,193,0,0.0,0.3327005497372276,0.06882818167360516,0.06481115226118536
P1,R02,training,09,194,0,0.0,0.3327005497372276,0.06882818167360516,0.06488650743255522
P1,R02,training,09,195,0,0.0,0.3327005497372276,0.06882818167360516,0.0649612137677797
P1,R02,training,09,196,0,0.0,0.3327005497372276,0.06882818167360516,0.06503526882501487
P1,R02,training,09,197,0,0.0,0.3327005497372276,0.06882818167360516,0.0651086701817819
P1,R02,training,09,198,0,0.0,0.3327005497372276,0.06882818167360516,0.06518141543509903
P1,R02,training,09,199,0,0.0,0.3327005497372276,0.06882818167360516,0.06525350220161258
P1,R02,training,09,200,0,0.0,0.3327005497372276,0.06882818167360516,0.06532492811772699
P1,R02,training,09,201,0,0.0,0.3327005497372276,0.06882818167360516,0.06539569083973402
P1,R02,training,09,202,0,0.0,0.3327005497372276,0.06882818167360516,0.06546578804394072
P1,R02,training,09,203,0,0.0,0.3327005497372276,0.06882818167360516,0.06553521742679663
P1,R02,training,09,204,0,0.0,0.3327005497372276,0.06882818167360516,0.06560397670501987
P1,R02,training,09,205,0,0.0,0.3327005497372276,0.06882818167360516,0.06567206361572221
P1,R02,training,09,206,0,0.0,0.3327005497372276,0.06882818167360516,0.0657394759165331
P1,R02,training,09,207,0,0.0,0.3327005497372276,0.06882818167360516,0.06580621138572283
P1,R02,training,09,208,0,1.0,0.3342883328356432,0.10805536572647256,0.10341479053634542
P1,R02,training,09,209,0,1.0,0.3342883328356432,0.10805536572647256,0.10351742500320817
P1,R02,training,09,210,0,1.0,0.3342883328356432,0.10805536572647256,0.10361898662486817
P1,R02,training,09,211,0,1.0,0.3342883328356432,0.10805536572647256,0.10371947204488383
P1,R02,training,09,212,0,1.0,0.3342883328356432,0.10805536572647256,0.1038188779401589
P1,R02,training,09,213,0,1.0,0.3342883328356432,0.10805536572647256,0.1039172010211256
P1,R02,training,09,214,0,1.0,0.3342883328356432,0.10805536572647256,0.1040144380319261
P1,R02,training,09,215,0,1.0,0.3342883328356432,0.10805536572647256,0.104110585750592
P1,R02,training,09,216,0,1.0,0.3342883328356432,0.10805536572647256,0.10420564098922233
P1,R02,training,09,217,0,1.0,0.3342883328356432,0.10805536572647256,0.10429960059415964
P1,R02,training,09,218,0,1.0,0.3342883328356432,0.10805536572647256,0.10439246144616432
P1,R02,training,09,219,0,1.0,0.3342883328356432,0.10805536572647256,0.10448422046058714
P1,R02,training,09,220,0,1.0,0.3342883328356432,0.10805536572647256,0.10457487458754
P1,R02,training,09,221,0,1.0,0.3342883328356432,0.10805536572647256,0.10466442081206485
P1,R02,training,09,222,0,1.0,0.3342883328356432,0.10805536572647256,0.10475285615430079
P1,R02,training,09,223,0,1.0,0.3342883328356432,0.10805536572647256,0.10484017766964925
P1,R02,training,09,224,0,0.0,0.0,0.13014088884989672,0.12637237016322936
P1,R02,training,09,225,0,0.0,0.0,0.13014088884989672,0.12647484595913966
P1,R02,training,09,226,0,0.0,0.0,0.13014088884989672,0.1265759698896211
P1,R02,training,09,227,0,0.0,0.0,0.13014088884989672,0.1266757385800501
P1,R02,training,09,228,0,0.0,0.0,0.13014088884989672,0.12677414869923379
P1,R02,training,09,229,0,0.0,0.0,0.13014088884989672,0.12687119695959553
P1,R02,training,09,230,0,0.0,0.0,0.13014088884989672,0.1269668801173579
P1,R02,training,09,231,0,0.0,0.0,0.13014088884989672,0.1270611949727234
P1,R02,training,09,232,0,0.0,0.0,0.13014088884989672,0.12715413837005257
P1,R02,training,09,233,0,0.0,0.0,0.13014088884989672,0.12724570719804026
P1,R02,training,09,234,0,0.0,0.0,0.13014088884989672,0.127335898389889
P1,R02,training,09,235,0,0.0,0.0,0.13014088884989672,0.12742470892348026
P1,R02,training,09,236,0,0.0,0.0,0.13014088884989672,0.12751213582154305
P1,R02,training,09,237,0,0.0,0.0,0.13014088884989672,0.12759817615182045
P1,R02,training,09,238,0,0.0,0.0,0.13014088884989672,0.12768282702723344
P1,R02,training,09,239,0,0.0,0.0,0.13014088884989672,0.12776608560604227
P1,R02,training,09,240,0,0.0,0.0,0.15261924619998252,0.1499302624338201
P1,R02,training,09,241,0,0.0,0.0,0.15261924619998252,0.1500246263636859
P1,R02,training,09,242,0,0.0,0.0,0.15261924619998252,0.15011734783810252
P1,R02,training,09,243,0,0.0,0.0,0.15261924619998252,0.15020842373901303
P1,R02,training,09,244,0,0.0,0.0,0.15261924619998252,0.15029785100243404
P1,R02,training,09,245,0,0.0,0.0,0.15261924619998252,0.15038562661862748
P1,R02,training,09,246,0,0.0,0.0,0.15261924619998252,0.15047174763226945
P1,R02,training,09,247,0,0.0,0.0,0.15261924619998252,0.15055621114261603
P1,R02,training,09,248,0,0.0,0.0,0.15261924619998252,0.15063901430366608
P1,R02,training,09,249,0,0.0,0.0,0.15261924619998252,0.15072015432432112
P1,R02,training,09,250,0,0.0,0.0,0.15261924619998252,0.15079962846854214
P1,R02,training,09,251,0,0.0,0.0,0.15261924619998252,0.1508774340555032
P1,R02,training,09,252,0,0.0,0.0,0.15261924619998252,0.15095356845974237
P1,R02,training,09,253,0,0.0,0.0,0.15261924619998252,0.15102802911130922
P1,R02,training,09,254,0,0.0,0.0,0.15261924619998252,0.15110081349590945
P1,R02,training,09,255,0,0.0,0.0,0.15261924619998252,0.15117191915504644
P1,R02,training,09,256,0,0.0,0.0,0.1752373847199287,0.17365527735841702
P1,R02,training,09,257,0,0.0,0.0,0.1752373847199287,0.17373305762461738
P1,R02,training,09,258,0,0.0,0.0,0.1752373847199287,0.17380890229604848
P1,R02,training,09,259,0,0.0,0.0,0.1752373847199287,0.1738828088076857
P1,R02,training,09,260,0,0.0,0.0,0.1752373847199287,0.17395477465933004
P1,R02,training,09,261,0,0.0,0.0,0.1752373847199287,0.17402479741574906
P1,R02,training,09,262,0,0.0,0.0,0.1752373847199287,0.17409287470681417
P1,R02,training,09,263,0,0.0,0.0,0.1752373847199287,0.17415900422763453
P1,R02,training,09,264,0,0.0,0.0,0.1752373847199287,0.17422318373868678
P1,R02,training,09,265,0,0.0,0.0,0.1752373847199287,0.17428541106594184
P1,R02,training,09,266,0,0.0,0.0,0.1752373847199287,0.1743456841009873
P1,R02,training,09,267,0,0.0,0.0,0.1752373847199287,0.1744040008011467
P1,R02,training,09,268,0,0.0,0.0,0.1752373847199287,0.17446035918959485
P1,R02,training,09,269,0,0.0,0.0,0.1752373847199287,0.17451475735546942
P1,R02,training,09,270,0,0.0,0.0,0.1752373847199287,0.17456719345397906
P1,R02,training,09,271,0,0.0,0.0,0.1752373847199287,0.1746176657065076
P1,R02,training,09,272,0,0.0,0.0,0.17882334804865493,0.17824044674861697
P1,R02,training,09,273,0,0.0,0.0,0.17882334804865493,0.17828793859755576
P1,R02,training,09,274,0,0.0,0.0,0.17882334804865493,0.1783334213745732
P1,R02,training,09,275,0,0.0,0.0,0.17882334804865493,0.178376893535762
P1,R02,training,09,276,0,0.0,0.0,0.17882334804865493,0.17841835360521902
P1,R02,training,09,277,0,0.0,0.0,0.17882334804865493,0.178457800175129
P1,R02,training,09,278,0,0.0,0.0,0.17882334804865493,0.17849523190584407
P1,R02,training,09,279,0,0.0,0.0,0.17882334804865493,0.1785306475259597
P1,R02,training,09,280,0,0.0,0.0,0.17882334804865493,0.17856404583238666
P1,R02,training,09,281,0,0.0,0.0,0.17882334804865493,0.17859542569041909
P1,R02,training,09,282,0,0.0,0.0,0.17882334804865493,0.17862478603379867
P1,R02,training,09,283,0,0.0,0.0,0.17882334804865493,0.17865212586477516
P1,R02,training,09,284,0,0.0,0.0,0.17882334804865493,0.17867744425416293
P1,R02,training,09,285,0,0.0,0.0,0.17882334804865493,0.17870074034139344
P1,R02,training,09,286,0,0.0,0.0,0.17882334804865493,0.178722013334564
P1,R02,training,09,287,0,0.0,0.0,0.17882334804865493,0.17874126251048283
P1,R02,training,09,288,0,0.0,0.3331673506590771,0.1809206002268293,0.18085497870068845
P1,R02,training,09,289,0,0.0,0.3331673506590771,0.1809206002268293,0.18087035661004688
P1,R02,training,09,290,0,0.0,0.3331673506590771,0.1809206002268293,0.1808836851891637
P1,R02,training,09,291,0,0.0,0.3331673506590771,0.1809206002268293,0.18089496398480706
P1,R02,training,09,292,0,0.0,0.3331673506590771,0.1809206002268293,0.18090419261342966
P1,R02,training,09,293,0,0.0,0.3331673506590771,0.1809206002268293,0.18091137076119035
P1,R02,training,09,294,0,0.0,0.3331673506590771,0.1809206002268293,0.18091649818397204
P1,R02,training,09,295,0,0.0,0.3331673506590771,0.1809206002268293,0.18091957470739553
P1,R02,training,09,296,0,0.0,0.3331673506590771,0.1809206002268293,0.1809206002268293
P1,R02,training,09,297,0,0.0,0.3331673506590771,0.1809206002268293,0.18091957470739553
P1,R02,training,09,298,0,0.0,0.3331673506590771,0.1809206002268293,0.18091649818397204
P1,R02,training,09,299,0,0.0,0.3331673506590771,0.1809206002268293,0.18091137076119035
P1,R02,training,09,300,0,0.0,0.3331673506590771,0.1809206002268293,0.18090419261342966
P1,R02,training,09,301,0,0.0,0.3331673506590771,0.1809206002268293,0.18089496398480706
P1,R02,training,09,302,0,0.0,0.3331673506590771,0.1809206002268293,0.1808836851891637
P1,R02,training,09,303,0,0.0,0.3331673506590771,0.1809206002268293,0.18087035661004688
P1,R02,training,09,304,0,0.0,0.0,0.181468238363522,0.18140241820411188
P1,R02,training,09,305,0,0.0,0.0,0.181468238363522,0.18138493873755168
P1,R02,training,09,306,0,0.0,0.0,0.181468238363522,0.18136540485631047
P1,R02,training,09,307,0,0.0,0.0,0.181468238363522,0.18134381722450785
P1,R02,training,09,308,0,0.0,0.0,0.181468238363522,0.18132017657603208
P1,R02,training,09,309,0,0.0,0.0,0.181468238363522,0.1812944837144984
P1,R02,training,09,310,0,0.0,0.0,0.181468238363522,0.18126673951320366
P1,R02,training,09,311,0,0.0,0.0,0.181468238363522,0.1812369449150766
P1,R02,training,09,312,0,0.0,0.0,0.181468238363522,0.1812051009326248
P1,R02,training,09,313,0,0.0,0.0,0.181468238363522,0.18117120864787697
P1,R02,training,09,314,0,0.0,0.0,0.181468238363522,0.1811352692123219
P1,R02,training,09,315,0,0.0,0.0,0.181468238363522,0.18109728384684315
P1,R02,training,09,316,0,0.0,0.0,0.181468238363522,0.18105725384164997
P1,R02,training,09,317,0,0.0,0.0,0.181468238363522,0.18101518055620433
P1,R02,training,09,318,0,0.0,0.0,0.181468238363522,0.18097106541914385
P1,R02,training,09,319,0,0.0,0.0,0.181468238363522,0.18092490992820093
P1,R02,training,09,320,0,1.0,0.6669776424507976,0.16282261829463154,0.1622918737530759
P1,R02,training,09,321,0,1.0,0.6669776424507976,0.16282261829463154,0.1622468035360773
P1,R02,training,09,322,0,1.0,0.6669776424507976,0.16282261829463154,0.16219990701156534
P1,R02,training,09,323,0,1.0,0.6669776424507976,0.16282261829463154,0.16215118577056906
P1,R02,training,09,324,0,1.0,0.6669776424507976,0.16282261829463154,0.16210064146569783
P1,R02,training,09,325,0,1.0,0.6669776424507976,0.16282261829463154,0.16204827581104794
P1,R02,training,09,326,0,1.0,0.6669776424507976,0.16282261829463154,0.1619940905821059
P1,R02,training,09,327,0,1.0,0.6669776424507976,0.16282261829463154,0.16193808761564782
P1,R02,training,09,328,0,1.0,0.6669776424507976,0.16282261829463154,0.161880268809636
P1,R02,training,09,329,0,1.0,0.6669776424507976,0.16282261829463154,0.16182063612311134
P1,R02,training,09,330,0,1.0,0.6669776424507976,0.16282261829463154,0.16175919157608307
P1,R02,training,09,331,0,1.0,0.6669776424507976,0.16282261829463154,0.16169593724941445
P1,R02,training,09,332,0,1.0,0.6669776424507976,0.16282261829463154,0.16163087528470543
P1,R02,training,09,333,0,1.0,0.6669776424507976,0.16282261829463154,0.1615640078841718
P1,R02,training,09,334,0,1.0,0.6669776424507976,0.16282261829463154,0.1614953373105209
P1,R02,training,09,335,0,1.0,0.6669776424507976,0.16282261829463154,0.16142486588682417
P1,R02,training,09,336,0,0.0,0.3331859679890644,0.14397648138085967,0.1426766089167661
P1,R02,training,09,337,0,0.0,0.3331859679890644,0.14397648138085967,0.14261111586814967
P1,R02,training,09,338,0,0.0,0.3331859679890644,0.14397648138085967,0.14254403689309433
P1,R02,training,09,339,0,0.0,0.3331859679890644,0.14397648138085967,0.14247537425810475
P1,R02,training,09,340,0,0.0,0.3331859679890644,0.14397648138085967,0.1424051302824539
P1,R02,training,09,341,0,0.0,0.3331859679890644,0.14397648138085967,0.14233330733805266
P1,R02,training,09,342,0,0.0,0.3331859679890644,0.14397648138085967,0.1422599078493162
P1,R02,training,09,343,0,0.0,0.3331859679890644,0.14397648138085967,0.14218493429302761
P1,R02,training,09,344,0,0.0,0.3331859679890644,0.14397648138085967,0.14210838919819876
P1,R02,training,09,345,0,0.0,0.3331859679890644,0.14397648138085967,0.14203027514592792
P1,R02,training,09,346,0,0.0,0.3331859679890644,0.14397648138085967,0.14195059476925484
P1,R02,training,09,347,0,0.0,0.3331859679890644,0.14397648138085967,0.1418693507530128
P1,R02,training,09,348,0,0.0,0.3331859679890644,0.14397648138085967,0.1417865458336777
P1,R02,training,09,349,0,0.0,0.3331859679890644,0.14397648138085967,0.1417021827992148
P1,R02,training,09,350,0,0.0,0.3331859679890644,0.14397648138085967,0.1416162644889218
P1,R02,training,09,351,0,0.0,0.3331859679890644,0.14397648138085967,0.14152879379327013
P1,R02,training,09,352,0,1.0,0.3337207635228016,0.14281678667864947,0.1403005115005428
P1,R02,training,09,353,0,1.0,0.3337207635228016,0.14281678667864947,0.14021067440080487
P1,R02,training,09,354,0,1.0,0.3337207635228016,0.14281678667864947,0.14011930632429953
P1,R02,training,09,355,0,1.0,0.3337207635228016,0.14281678667864947,0.14002641033962587
P1,R02,training,09,356,0,1.0,0.3337207635228016,0.14281678667864947,0.1399319895653129
P1,R02,training,09,357,0,1.0,0.3337207635228016,0.14281678667864947,0.13983604716964496
P1,R02,training,09,358,0,1.0,0.3337207635228016,0.14281678667864947,0.1397385863704849
P1,R02,training,09,359,0,1.0,0.3337207635228016,0.14281678667864947,0.1396396104350937
P1,R02,training,09,360,0,1.0,0.3337207635228016,0.14281678667864947,0.13953912267994845
P1,R02,training,09,361,0,1.0,0.3337207635228016,0.14281678667864947,0.1394371264705568
P1,R02,training,09,362,0,1.0,0.3337207635228016,0.14281678667864947,0.13933362522126924
P1,R02,training,09,363,0,1.0,0.3337207635228016,0.14281678667864947,0.13922862239508868
P1,R02,training,09,364,0,1.0,0.3337207635228016,0.14281678667864947,0.13912212150347725
P1,R02,training,09,365,0,1.0,0.3337207635228016,0.14281678667864947,0.13901412610616065
P1,R02,training,09,366,0,1.0,0.3337207635228016,0.14281678667864947,0.13890463981092996
P1,R02,training,09,367,0,1.0,0.3337207635228016,0.14281678667864947,0.13879366627344067
P1,R02,training,09,368,0,0.0,0.3330533802780717,0.14029199937967435,0.13622953272584645
P1,R02,training,09,369,0,0.0,0.3330533802780717,0.14029199937967435,0.1361176100946924
P1,R02,training,09,370,0,0.0,0.3330533802780717,0.14029199937967435,0.1360042375666857
P1,R02,training,09,371,0,0.0,0.3330533802780717,0.14029199937967435,0.13588941891890552
P1,R02,training,09,372,0,0.0,0.3330533802780717,0.14029199937967435,0.13577315797442552
P1,R02,training,09,373,0,0.0,0.3330533802780717,0.14029199937967435,0.13565545860210163
P1,R02,training,09,374,0,0.0,0.3330533802780717,0.14029199937967435,0.1355363247163576
P1,R02,training,09,375,0,0.0,0.3330533802780717,0.14029199937967435,0.13541576027696814
P1,R02,training,09,376,0,0.0,0.3330533802780717,0.14029199937967435,0.13529376928883943
P1,R02,training,09,377,0,0.0,0.3330533802780717,0.14029199937967435,0.13517035580178763
P1,R02,training,09,378,0,0.0,0.3330533802780717,0.14029199937967435,0.1350455239103147
P1,R02,training,09,379,0,0.0,0.3330533802780717,0.14029199937967435,0.1349192777533822
P1,R02,training,09,380,0,0.0,0.3330533802780717,0.14029199937967435,0.1347916215141825
P1,R02,training,09,381,0,0.0,0.3330533802780717,0.14029199937967435,0.13466255941990793
P1,R02,training,09,382,0,0.0,0.3330533802780717,0.14029199937967435,0.13453209574151745
P1,R02,training,09,383,0,0.0,0.3330533802780717,0.14029199937967435,0.1344002347935013
P1,R02,training,09,384,0,0.0,0.0,0.13647469747673832,0.13061361791874743
P1,R02,training,09,385,0,0.0,0.0,0.13647469747673832,0.13048263912514318
P1,R02,training,09,386,0,0.0,0.0,0.13647469747673832,0.1303503139242273
P1,R02,training,09,387,0,0.0,0.0,0.13647469747673832,0.13021664668014685
P1,R02,training,09,388,0,0.0,0.0,0.13647469747673832,0.13008164179821793
P1,R02,training,09,389,0,0.0,0.0,0.13647469747673832,0.12994530372468382
P1,R02,training,09,390,0,0.0,0.0,0.13647469747673832,0.12980763694647093
P1,R02,training,09,391,0,0.0,0.0,0.13647469747673832,0.12966864599094285
P1,R02,training,09,392,0,0.0,0.0,0.13647469747673832,0.12952833542565237
P1,R02,training,09,393,0,0.0,0.0,0.13647469747673832,0.1293867098580914
P1,R02,training,09,394,0,0.0,0.0,0.13647469747673832,0.12924377393543887
P1,R02,training,09,395,0,0.0,0.0,0.13647469747673832,0.12909953234430685
P1,R02,training,09,396,0,0.0,0.0,0.13647469747673832,0.12895398981048448
P1,R02,training,09,397,0,0.0,0.0,0.13647469747673832,0.12880715109868007
P1,R02,training,09,398,0,0.0,0.0,0.13647469747673832,0.12865902101226134
P1,R02,training,09,399,0,0.0,0.0,0.13647469747673832,0.1285096043929937
P1,R02,training,09,400,0,0.0,0.0,0.13147300364349762,0.12365464986627754
P1,R02,training,09,401,0,0.0,0.0,0.13147300364349762,0.12350824462727839
P1,R02,training,09,402,0,0.0,0.0,0.13147300364349762,0.12336061421822984
P1,R02,training,09,403,0,0.0,0.0,0.13147300364349762,0.12321176344885497
P1,R02,training,09,404,0,0.0,0.0,0.13147300364349762,0.12306169716457983
P1,R02,training,09,405,0,0.0,0.0,0.13147300364349762,0.12291042024627098
P1,R02,training,09,406,0,0.0,0.0,0.13147300364349762,0.12275793760997104
P1,R02,training,09,407,0,0.0,0.0,0.13147300364349762,0.12260425420663265
P1,R02,training,09,408,0,0.0,0.0,0.13147300364349762,0.1224493750218508
P1,R02,training,09,409,0,0.0,0.0,0.13147300364349762,0.12229330507559359
P1,R02,training,09,410,0,0.0,0.0,0.13147300364349762,0.12213604942193124
P1,R02,training,09,411,0,0.0,0.0,0.13147300364349762,0.1219776131487636
P1,R02,training,09,412,0,0.0,0.0,0.13147300364349762,0.12181800137754609
P1,R02,training,09,413,0,0.0,0.0,0.13147300364349762,0.12165721926301405
P1,R02,training,09,414,0,0.0,0.0,0.13147300364349762,0.1214952719929057
P1,R02,training,09,415,0,0.0,0.0,0.13147300364349762,0.12133216478768337
P1,R02,training,09,416,0,0.0,0.0,0.10777879381904074,0.09933088970556768
P1,R02,training,09,417,0,0.0,0.0,0.10777879381904074,0.09919528902526964
P1,R02,training,09,418,0,0.0,0.0,0.10777879381904074,0.09905875045217563
P1,R02,training,09,419,0,0.0,0.0,0.10777879381904074,0.0989212783709084
P1,R02,training,09,420,0,0.0,0.0,0.10777879381904074,0.09878287719175724
P1,R02,training,09,421,0,0.0,0.0,0.10777879381904074,0.09864355135044246
P1,R02,training,09,422,0,0.0,0.0,0.10777879381904074,0.09850330530787883
P1,R02,training,09,423,0,0.0,0.0,0.10777879381904074,0.09836214354993793
P1,R02,training,09,424,0,0.0,0.0,0.10777879381904074,0.0982200705872093
P1,R02,training,09,425,0,0.0,0.0,0.10777879381904074,0.09807709095476076
P1,R02,training,09,426,0,0.0,0.0,0.10777879381904074,0.09793320921189744
P1,R02,training,09,427,0,0.0,0.0,0.10777879381904074,0.09778842994191994
P1,R02,training,09,428,0,0.0,0.0,0.10777879381904074,0.09764275775188148
P1,R02,training,09,429,0,0.0,0.0,0.10777879381904074,0.09749619727234395
P1,R02,training,09,430,0,0.0,0.0,0.10777879381904074,0.09734875315713315
P1,R02,training,09,431,0,0.0,0.0,0.10777879381904074,0.09720043008309291
P1,R02,training,09,432,0,0.0,0.0,0.10228613453844698,0.09210527505846289
P1,R02,training,09,433,0,0.0,0.0,0.10228613453844698,0.09196285594664681
P1,R02,training,09,434,0,0.0,0.0,0.10228613453844698,0.09181961611402506
P1,R02,training,09,435,0,0.0,0.0,0.10228613453844698,0.09167556008412853
P1,R02,training,09,436,0,0.0,0.0,0.10228613453844698,0.09153069240115384
P1,R02,training,09,437,0,0.0,0.0,0.10228613453844698,0.09138501762972505
P1,R02,training,09,438,0,0.0,0.0,0.10228613453844698,0.0912385403546545
P1,R02,training,09,439,0,0.0,0.0,0.10228613453844698,0.09109126518070297
P1,R02,training,09,440,0,0.0,0.0,0.10228613453844698,0.09094319673233905
P1,R02,training,09,441,0,0.0,0.0,0.10228613453844698,0.09079433965349784
P1,R02,training,09,442,0,0.0,0.0,0.10228613453844698,0.0906446986073388
P1,R02,training,09,443,0,0.0,0.0,0.10228613453844698,0.0904942782760031
P1,R02,training,09,444,0,0.0,0.0,0.10228613453844698,0.09034308336037014
P1,R02,training,09,445,0,0.0,0.0,0.10228613453844698,0.09019111857981343
P1,R02,training,09,446,0,0.0,0.0,0.10228613453844698,0.09003838867195597
P1,R02,training,09,447,0,0.0,0.0,0.10228613453844698,0.08988489839242479
P1,R02,training,09,448,0,0.0,0.0,0.06079332495490673,0.05333102811394036
P1,R02,training,09,449,0,0.0,0.0,0.06079332495490673,0.05323890649947597
P1,R02,training,09,450,0,0.0,0.0,0.06079332495490673,0.053146341503571365
P1,R02,training,09,451,0,0.0,0.0,0.06079332495490673,0.053053335994050356
P1,R02,training,09,452,0,0.0,0.0,0.06079332495490673,0.0529598928487031
P1,R02,training,09,453,0,0.0,0.0,0.06079332495490673,0.05286601495513827
P1,R02,training,09,454,0,0.0,0.0,0.06079332495490673,0.05277170521063492
P1,R02,training,09,455,0,0.0,0.0,0.06079332495490673,0.05267696652199412
P1,R02,training,09,456,0,0.0,0.0,0.06079332495490673,0.05258180180539021
P1,R02,training,09,457,0,0.0,0.0,0.06079332495490673,0.05248621398622192
P1,R02,training,09,458,0,0.0,0.0,0.06079332495490673,0.05239020599896312
P1,R02,training,09,459,0,0.0,0.0,0.06079332495490673,0.0522937807870134
P1,R02,training,09,460,0,0.0,0.0,0.06079332495490673,0.052196941302548386
P1,R02,training,09,461,0,0.0,0.0,0.06079332495490673,0.05209969050636984
P1,R02,training,09,462,0,0.0,0.0,0.06079332495490673,0.05200203136775554
P1,R02,training,09,463,0,0.0,0.0,0.06079332495490673,0.05190396686430898
P1,R02,training,09,464,0,0.0,0.0,0.03934429804070401,0.03352754653481844
P1,R02,training,09,465,0,0.0,0.0,0.03934429804070401,0.03346356214331773
P1,R02,training,09,466,0,0.0,0.0,0.03934429804070401,0.033399321219813496
P1,R02,training,09,467,0,0.0,0.0,0.03934429804070401,0.03333482571193262
P1,R02,training,09,468,0,0.0,0.0,0.03934429804070401,0.0332700775722021
P1,R02,training,09,469,0,0.0,0.0,0.03934429804070401,0.03320507875795115
P1,R02,training,09,470,0,0.0,0.0,0.03934429804070401,0.033139831231213224
P1,R02,training,09,471,0,0.0,0.0,0.03934429804070401,0.03307433695862788
P1,R02,training,09,472,0,0.0,0.0,0.03934429804070401,0.033008597911342696
P1,R02,training,09,473,0,0.0,0.0,0.03934429804070401,0.032942616064915047
P1,R02,training,09,474,0,0.0,0.0,0.03934429804070401,0.032876393399213825
P1,R02,training,09,475,0,0.0,0.0,0.03934429804070401,0.032809931898321154
P1,R02,training,09,476,0,0.0,0.0,0.03934429804070401,0.03274323355043404
P1,R02,training,09,477,0,0.0,0.0,0.03934429804070401,0.03267630034776597
P1,R02,training,09,478,0,0.0,0.0,0.03934429804070401,0.032609134286448495
P1,R02,training,09,479,0,0.0,0.0,0.03934429804070401,0.032541737366432816
P1,R02,training,09,480,0,0.0,0.0,0.01901459709009577,0.015694323663629557
P1,R02,training,09,481,0,0.0,0.0,0.01901459709009577,0.015661531357049736
P1,R02,training,09,482,0,0.0,0.0,0.01901459709009577,0.015628630389660305
P1,R02,training,09,483,0,0.0,0.0,0.01901459709009577,0.015595621734920281
P1,R02,training,09,484,0,0.0,0.0,0.01901459709009577,0.01556250636789676
P1,R02,training,09,485,0,0.0,0.0,0.01901459709009577,0.01552928526521736
P1,R02,training,09,486,0,0.0,0.0,0.01901459709009577,0.015495959405022663
P1,R02,training,09,487,0,0.0,0.0,0.01901459709009577,0.01546252976691868
P1,R02,training,09,488,0,0.0,0.0,0.01901459709009577,0.015428997331929324
P1,R02,training,09,489,0,0.0,0.0,0.01901459709009577,0.01539536308244893
P1,R02,training,09,490,0,0.0,0.0,0.01901459709009577,0.015361628002194766
P1,R02,training,09,491,0,0.0,0.0,0.01901459709009577,0.015327793076159595
P1,R02,training,09,492,0,0.0,0.0,0.01901459709009577,0.015293859290564274
P1,R02,training,09,493,0,0.0,0.0,0.01901459709009577,0.015259827632810362
P1,R02,training,09,494,0,0.0,0.0,0.01901459709009577,0.015225699091432782
P1,R02,training,09,495,0,0.0,0.0,0.01901459709009577,0.015191474656052533
P1,R02,training,09,496,0,0.0,0.0,0.0,0.0
P1,R02,training,09,497,0,0.0,0.0,0.0,0.0
P1,R02,training,09,498,0,0.0,0.0,0.0,0.0
P1,R02,training,09,499,0,0.0,0.0,0.0,0.0
P1,R02,training,09,500,0,0.0,0.0,0.0,0.0
P1,R02,training,09,501,0,0.0,0.0,0.0,0.0
P1,R02,training,09,502,0,0.0,0.0,0.0,0.0
P1,R02,training,09,503,0,0.0,0.0,0.0,0.0
P1,R02,training,09,504,0,0.0,0.0,0.0,0.0
P1,R02,training,09,505,0,0.0,0.0,0.0,0.0
P1,R02,training,09,506,0,0.0,0.0,0.0,0.0
P1,R02,training,09,507,0,0.0,0.0,0.0,0.0
P1,R02,training,09,508,0,0.0,0.0,0.0,0.0
P1,R02,training,09,509,0,0.0,0.0,0.0,0.0
P1,R02,training,09,510,0,0.0,0.0,0.0,0.0
P1,R02,training,09,511,0,0.0,0.0,0.0,0.0
P1,R02,training,09,512,0,0.0,0.0,0.0,0.0
P1,R02,training,09,513,0,0.0,0.0,0.0,0.0
P1,R02,training,09,514,0,0.0,0.0,0.0,0.0
P1,R02,training,09,515,0,0.0,0.0,0.0,0.0
P1,R02,training,09,516,0,0.0,0.0,0.0,0.0
P1,R02,training,09,517,0,0.0,0.0,0.0,0.0
P1,R02,training,09,518,0,0.0,0.0,0.0,0.0
P1,R02,training,09,519,0,0.0,0.0,0.0,0.0
P1,R02,training,09,520,0,0.0,0.0,0.0,0.0
P1,R02,training,09,521,0,0.0,0.0,0.0,0.0
P1,R02,training,09,522,0,0.0,0.0,0.0,0.0
P1,R02,training,09,523,0,0.0,0.0,0.0,0.0
P1,R02,training,09,524,0,0.0,0.0,0.0,0.0
P1,R02,training,09,525,0,0.0,0.0,0.0,0.0
P1,R02,training,09,526,0,0.0,0.0,0.0,0.0
P1,R02,training,09,527,0,0.0,0.0,0.0,0.0
P1,R02,training,09,528,0,0.0,0.0,0.0,0.0
P1,R02,training,09,529,0,0.0,0.0,0.0,0.0
P1,R02,training,09,530,0,0.0,0.0,0.0,0.0
P1,R02,training,09,531,0,0.0,0.0,0.0,0.0
P1,R02,training,09,532,0,0.0,0.0,0.0,0.0
P1,R02,training,09,533,0,0.0,0.0,0.0,0.0
P1,R02,training,09,534,0,0.0,0.0,0.0,0.0
P1,R02,training,09,535,0,0.0,0.0,0.0,0.0
P1,R02,training,09,536,0,0.0,0.0,0.0,0.0
P1,R02,training,09,537,0,0.0,0.0,0.0,0.0
P1,R02,training,09,538,0,0.0,0.0,0.0,0.0
P1,R02,training,09,539,0,0.0,0.0,0.0,0.0
P1,R02,training,09,540,0,0.0,0.0,0.0,0.0
P1,R02,training,09,541,0,0.0,0.0,0.0,0.0
P1,R02,training,09,542,0,0.0,0.0,0.0,0.0
P1,R02,training,09,543,0,0.0,0.0,0.0,0.0
P1,R02,training,09,544,0,0.0,0.0,0.0,0.0
P1,R02,training,09,545,0,0.0,0.0,0.0,0.0
P1,R02,training,09,546,0,0.0,0.0,0.0,0.0
P1,R02,training,09,547,0,0.0,0.0,0.0,0.0
P1,R02,training,09,548,0,0.0,0.0,0.0,0.0
P1,R02,training,09,549,0,0.0,0.0,0.0,0.0
P1,R02,training,09,550,0,0.0,0.0,0.0,0.0
P1,R02,training,09,551,0,0.0,0.0,0.0,0.0
P1,R02,training,09,552,0,0.0,0.0,0.0,0.0
P1,R02,training,09,553,0,0.0,0.0,0.0,0.0
P1,R02,training,09,554,0,0.0,0.0,0.0,0.0
P1,R02,training,09,555,0,0.0,0.0,0.0,0.0
P1,R02,training,09,556,0,0.0,0.0,0.0,0.0
P1,R02,training,09,557,0,0.0,0.0,0.0,0.0
P1,R02,training,09,558,0,0.0,0.0,0.0,0.0
P1,R02,training,09,559,0,0.0,0.0,0.0,0.0
P1,R02,training,09,560,0,0.0,0.0,0.0,0.0
P1,R02,training,09,561,0,0.0,0.0,0.0,0.0
P1,R02,training,09,562,0,0.0,0.0,0.0,0.0
P1,R02,training,09,563,0,0.0,0.0,0.0,0.0
P1,R02,training,09,564,0,0.0,0.0,0.0,0.0
P1,R02,training,09,565,0,0.0,0.0,0.0,0.0
P1,R02,training,09,566,0,0.0,0.0,0.0,0.0
P1,R02,training,09,567,0,0.0,0.0,0.0,0.0
P1,R02,training,09,568,0,0.0,0.0,0.0,0.0
P1,R02,training,09,569,0,0.0,0.0,0.0,0.0
P1,R02,training,09,570,0,0.0,0.0,0.0,0.0
P1,R02,training,09,571,0,0.0,0.0,0.0,0.0
P1,R02,training,09,572,0,0.0,0.0,0.0,0.0
P1,R02,training,09,573,0,0.0,0.0,0.0,0.0
P1,R02,training,09,574,0,0.0,0.0,0.0,0.0
P1,R02,training,09,575,0,0.0,0.0,0.0,0.0
P1,R02,training,09,576,0,0.0,0.0,0.0,0.0
P1,R02,training,09,577,0,0.0,0.0,0.0,0.0
P1,R02,training,09,578,0,0.0,0.0,0.0,0.0
P1,R02,training,09,579,0,0.0,0.0,0.0,0.0
P1,R02,training,09,580,0,0.0,0.0,0.0,0.0
P1,R02,training,09,581,0,0.0,0.0,0.0,0.0
P1,R02,training,09,582,0,0.0,0.0,0.0,0.0
P1,R02,training,09,583,0,0.0,0.0,0.0,0.0
P1,R02,training,09,584,0,0.0,0.0,0.0,0.0
P1,R02,training,09,585,0,0.0,0.0,0.0,0.0
P1,R02,training,09,586,0,0.0,0.0,0.0,0.0
P1,R02,training,09,587,0,0.0,0.0,0.0,0.0
P1,R02,training,09,588,0,0.0,0.0,0.0,0.0
P1,R02,training,09,589,0,0.0,0.0,0.0,0.0
P1,R02,training,09,590,0,0.0,0.0,0.0,0.0
P1,R02,training,09,591,0,0.0,0.0,0.0,0.0
P1,R02,training,09,592,0,0.0,0.0,0.0,0.0
P1,R02,training,09,593,0,0.0,0.0,0.0,0.0
P1,R02,training,09,594,0,0.0,0.0,0.0,0.0
P2,R02,training,09,0,0,0.0,0.0,0.0,0.0
P2,R02,training,09,1,0,0.0,0.0,0.0,0.0
P2,R02,training,09,2,0,0.0,0.0,0.0,0.0
P2,R02,training,09,3,0,0.0,0.0,0.0,0.0
P2,R02,training,09,4,0,0.0,0.0,0.0,0.0
P2,R02,training,09,5,0,0.0,0.0,0.0,0.0
P2,R02,training,09,6,0,0.0,0.0,0.0,0.0
P2,R02,training,09,7,0,0.0,0.0,0.0,0.0
P2,R02,training,09,8,0,0.0,0.0,0.0,0.0
P2,R02,training,09,9,0,0.0,0.0,0.0,0.0
P2,R02,training,09,10,0,0.0,0.0,0.0,0.0
P2,R02,training,09,11,0,0.0,0.0,0.0,0.0
P2,R02,training,09,12,0,0.0,0.0,0.0,0.0
P2,R02,training,09,13,0,0.0,0.0,0.0,0.0
P2,R02,training,09,14,0,0.0,0.0,0.0,0.0
P2,R02,training,09,15,0,0.0,0.0,0.0,0.0
P2,R02,training,09,16,0,0.0,0.0,0.0,0.0
P2,R02,training,09,17,0,0.0,0.0,0.0,0.0
P2,R02,training,09,18,0,0.0,0.0,0.0,0.0
P2,R02,training,09,19,0,0.0,0.0,0.0,0.0
P2,R02,training,09,20,0,0.0,0.0,0.0,0.0
P2,R02,training,09,21,0,0.0,0.0,0.0,0.0
P2,R02,training,09,22,0,0.0,0.0,0.0,0.0
P2,R02,training,09,23,0,0.0,0.0,0.0,0.0
P2,R02,training,09,24,0,0.0,0.0,0.0,0.0
P2,R02,training,09,25,0,0.0,0.0,0.0,0.0
P2,R02,training,09,26,0,0.0,0.0,0.0,0.0
P2,R02,training,09,27,0,0.0,0.0,0.0,0.0
P2,R02,training,09,28,0,0.0,0.0,0.0,0.0
P2,R02,training,09,29,0,0.0,0.0,0.0,0.0
P2,R02,training,09,30,0,0.0,0.0,0.0,0.0
P2,R02,training,09,31,0,0.0,0.0,0.0,0.0
P2,R02,training,09,32,0,0.0,0.0,0.0,0.0
P2,R02,training,09,33,0,0.0,0.0,0.0,0.0
P2,R02,training,09,34,0,0.0,0.0,0.0,0.0
P2,R02,training,09,35,0,0.0,0.0,0.0,0.0
P2,R02,training,09,36,0,0.0,0.0,0.0,0.0
P2,R02,training,09,37,0,0.0,0.0,0.0,0.0
P2,R02,training,09,38,0,0.0,0.0,0.0,0.0
P2,R02,training,09,39,0,0.0,0.0,0.0,0.0
P2,R02,training,09,40,0,0.0,0.0,0.0,0.0
P2,R02,training,09,41,0,0.0,0.0,0.0,0.0
P2,R02,training,09,42,0,0.0,0.0,0.0,0.0
P2,R02,training,09,43,0,0.0,0.0,0.0,0.0
P2,R02,training,09,44,0,0.0,0.0,0.0,0.0
P2,R02,training,09,45,0,0.0,0.0,0.0,0.0
P2,R02,training,09,46,0,0.0,0.0,0.0,0.0
P2,R02,training,09,47,0,0.0,0.0,0.0,0.0
P2,R02,training,09,48,0,0.0,0.0,0.0,0.0
P2,R02,training,09,49,0,0.0,0.0,0.0,0.0
P2,R02,training,09,50,0,0.0,0.0,0.0,0.0
P2,R02,training,09,51,0,0.0,0.0,0.0,0.0
P2,R02,training,09,52,0,0.0,0.0,0.0,0.0
P2,R02,training,09,53,0,0.0,0.0,0.0,0.0
P2,R02,training,09,54,0,0.0,0.0,0.0,0.0
P2,R02,training,09,55,0,0.0,0.0,0.0,0.0
P2,R02,training,09,56,0,0.0,0.0,0.0,0.0
P2,R02,training,09,57,0,0.0,0.0,0.0,0.0
P2,R02,training,09,58,0,0.0,0.0,0.0,0.0
P2,R02,training,09,59,0,0.0,0.0,0.0,0.0
P2,R02,training,09,60,0,0.0,0.0,0.0,0.0
P2,R02,training,09,61,0,0.0,0.0,0.0,0.0
P2,R02,training,09,62,0,0.0,0.0,0.0,0.0
P2,R02,training,09,63,0,0.0,0.0,0.0,0.0
P2,R02,training,09,64,0,0.0,0.0,0.0,0.0
P2,R02,training,09,65,0,0.0,0.0,0.0,0.0
P2,R02,training,09,66,0,0.0,0.0,0.0,0.0
P2,R02,training,09,67,0,0.0,0.0,0.0,0.0
P2,R02,training,09,68,0,0.0,0.0,0.0,0.0
P2,R02,training,09,69,0,0.0,0.0,0.0,0.0
P2,R02,training,09,70,0,0.0,0.0,0.0,0.0
P2,R02,training,09,71,0,0.0,0.0,0.0,0.0
P2,R02,training,09,72,0,0.0,0.0,0.0,0.0
P2,R02,training,09,73,0,0.0,0.0,0.0,0.0
P2,R02,training,09,74,0,0.0,0.0,0.0,0.0
P2,R02,training,09,75,0,0.0,0.0,0.0,0.0
P2,R02,training,09,76,0,0.0,0.0,0.0,0.0
P2,R02,training,09,77,0,0.0,0.0,0.0,0.0
P2,R02,training,09,78,0,0.0,0.0,0.0,0.0
P2,R02,training,09,79,0,0.0,0.0,0.0,0.0
P2,R02,training,09,80,0,0.0,0.0,0.018994453380490932,0.014580488040234704
P2,R02,training,09,81,0,0.0,0.0,0.018994453380490932,0.014616152614891109
P2,R02,training,09,82,0,0.0,0.0,0.018994453380490932,0.014651738323337169
P2,R02,training,09,83,0,0.0,0.0,0.018994453380490932,0.014687244165731137
P2,R02,training,09,84,0,0.0,0.0,0.018994453380490932,0.014722669142522196
P2,R02,training,09,85,0,0.0,0.0,0.018994453380490932,0.01475801225449654
P2,R02,training,09,86,0,0.0,0.0,0.018994453380490932,0.014793272502823552
P2,R02,training,09,87,0,0.0,0.0,0.018994453380490932,0.014828448889102066
P2,R02,training,09,88,0,0.0,0.0,0.018994453380490932,0.014863540415406735
P2,R02,training,09,89,0,0.0,0.0,0.018994453380490932,0.014898546084334453
P2,R02,training,09,90,0,0.0,0.0,0.018994453380490932,0.014933464899050885
P2,R02,training,09,91,0,0.0,0.0,0.018994453380490932,0.014968295863337058
P2,R02,training,09,92,0,0.0,0.0,0.018994453380490932,0.015003037981636023
P2,R02,training,09,93,0,0.0,0.0,0.018994453380490932,0.015037690259099616
P2,R02,training,09,94,0,0.0,0.0,0.018994453380490932,0.015072251701635248
P2,R02,training,09,95,0,0.0,0.0,0.018994453380490932,0.015106721315952797
P2,R02,training,09,96,0,0.0,0.0,0.0393552050190209,0.031371317109282905
P2,R02,training,09,97,0,0.0,0.0,0.0393552050190209,0.03144234909619093
P2,R02,training,09,98,0,0.0,0.0,0.0393552050190209,0.03151318465818932
P2,R02,training,09,99,0,0.0,0.0,0.0393552050190209,0.03158382174487334
P2,R02,training,09,100,0,0.0,0.0,0.0393552050190209,0.03165425830798832
P2,R02,training,09,101,0,0.0,0.0,0.0393552050190209,0.03172449230152748
P2,R02,training,09,102,0,0.0,0.0,0.0393552050190209,0.031794521681829786
P2,R02,training,09,103,0,0.0,0.0,0.0393552050190209,0.031864344407677984
P2,R02,training,09,104,0,0.0,0.0,0.0393552050190209,0.031933958440396634
P2,R02,training,09,105,0,0.0,0.0,0.0393552050190209,0.03200336174395022
P2,R02,training,09,106,0,0.0,0.0,0.0393552050190209,0.03207255228504137
P2,R02,training,09,107,0,0.0,0.0,0.0393552050190209,0.03214152803320911
P2,R02,training,09,108,0,0.0,0.0,0.0393552050190209,0.03221028696092716
P2,R02,training,09,109,0,0.0,0.0,0.0393552050190209,0.03227882704370229
P2,R02,training,09,110,0,0.0,0.0,0.0393552050190209,0.03234714626017269
P2,R02,training,09,111,0,0.0,0.0,0.0393552050190209,0.03241524259220644
P2,R02,training,09,112,0,0.0,0.0,0.041783025941073595,0.034486995946214724
P2,R02,training,09,113,0,0.0,0.0,0.041783025941073595,0.034558813456084136
P2,R02,training,09,114,0,0.0,0.0,0.041783025941073595,0.03463038792551424
P2,R02,training,09,115,0,0.0,0.0,0.041783025941073595,0.034701717226636467
P2,R02,training,09,116,0,0.0,0.0,0.041783025941073595,0.03477279923553407
P2,R02,training,09,117,0,0.0,0.0,0.041783025941073595,0.03484363183234672
P2,R02,training,09,118,0,0.0,0.0,0.041783025941073595,0.03491421290137502
P2,R02,training,09,119,0,0.0,0.0,0.041783025941073595,0.03498454033118502
P2,R02,training,09,120,0,0.0,0.0,0.041783025941073595,0.03505461201471269
P2,R02,training,09,121,0,0.0,0.0,0.041783025941073595,0.03512442584936839
P2,R02,training,09,122,0,0.0,0.0,0.041783025941073595,0.03519397973714125
P2,R02,training,09,123,0,0.0,0.0,0.041783025941073595,0.03526327158470354
P2,R02,training,09,124,0,0.0,0.0,0.041783025941073595,0.03533229930351496
P2,R02,training,09,125,0,0.0,0.0,0.041783025941073595,0.03540106080992683
P2,R02,training,09,126,0,0.0,0.0,0.041783025941073595,0.03546955402528631
P2,R02,training,09,127,0,0.0,0.0,0.041783025941073595,0.035537776876040414
P2,R02,training,09,128,0,0.0,0.0,0.043920320795289694,0.03742703956148356
P2,R02,training,09,129,0,0.0,0.0,0.043920320795289694,0.03749817725744483
P2,R02,training,09,130,0,0.0,0.0,0.043920320795289694,0.037569024253446416
P2,R02,training,09,131,0,0.0,0.0,0.043920320795289694,0.037639578392403505
P2,R02,training,09,132,0,0.0,0.0,0.043920320795289694,0.03770983752313747
P2,R02,training,09,133,0,0.0,0.0,0.043920320795289694,0.03777979950048463
P2,R02,training,09,134,0,0.0,0.0,0.043920320795289694,0.03784946218540484
P2,R02,training,09,135,0,0.0,0.0,0.043920320795289694,0.03791882344508992
P2,R02,training,09,136,0,0.0,0.0,0.043920320795289694,0.03798788115307196
P2,R02,training,09,137,0,0.0,0.0,0.043920320795289694,0.03805663318933148
P2,R02,training,09,138,0,0.0,0.0,0.043920320795289694,0.03812507744040535
P2,R02,training,09,139,0,0.0,0.0,0.043920320795289694,0.038193211799494635
P2,R02,training,09,140,0,0.0,0.0,0.043920320795289694,0.03826103416657213
P2,R02,training,09,141,0,0.0,0.0,0.043920320795289694,0.03832854244848987
P2,R02,training,09,142,0,0.0,0.0,0.043920320795289694,0.03839573455908625
P2,R02,training,09,143,0,0.0,0.0,0.043920320795289694,0.038462608419293116
P2,R02,training,09,144,0,0.0,0.0,0.04570871652029472,0.04009803457211987
P2,R02,training,09,145,0,0.0,0.0,0.04570871652029472,0.04016696259580071
P2,R02,training,09,146,0,0.0,0.0,0.04570871652029472,0.04023555296445009
P2,R02,training,09,147,0,0.0,0.0,0.04570871652029472,0.04030380354498018
P2,R02,training,09,148,0,0.0,0.0,0.04570871652029472,0.04037171221223873
P2,R02,training,09,149,0,0.0,0.0,0.04570871652029472,0.040439276849119
P2,R02,training,09,150,0,0.0,0.0,0.04570871652029472,0.0405064953466694
P2,R02,training,09,151,0,0.0,0.0,0.04570871652029472,0.04057336560420282
P2,R02,training,09,152,0,0.0,0.0,0.04570871652029472,0.04063988552940573
P2,R02,training,09,153,0,0.0,0.0,0.04570871652029472,0.04070605303844697
P2,R02,training,09,154,0,0.0,0.0,0.04570871652029472,0.0407718660560862
P2,R02,training,09,155,0,0.0,0.0,0.04570871652029472,0.04083732251578209
P2,R02,training,09,156,0,0.0,0.0,0.04570871652029472,0.040902420359800185
P2,R02,training,09,157,0,0.0,0.0,0.04570871652029472,0.04096715753932038
P2,R02,training,09,158,0,0.0,0.0,0.04570871652029472,0.04103153201454414
P2,R02,training,09,159,0,0.0,0.0,0.04570871652029472,0.041095541754801374
P2,R02,training,09,160,0,0.0,0.0,0.0470977825041172,0.0424099926325287
P2,R02,training,09,161,0,0.0,0.0,0.0470977825041172,0.04247518972096161
P2,R02,training,09,162,0,0.0,0.0,0.0470977825041172,0.042540004770694105
P2,R02,training,09,163,0,0.0,0.0,0.0470977825041172,0.04260443572806193
P2,R02,training,09,164,0,0.0,0.0,0.0470977825041172,0.042668480549351614
P2,R02,training,09,165,0,0.0,0.0,0.0470977825041172,0.04273213720090822
P2,R02,training,09,166,0,0.0,0.0,0.0470977825041172,0.04279540365924281
P2,R02,training,09,167,0,0.0,0.0,0.0470977825041172,0.04285827791113941
P2,R02,training,09,168,0,0.0,0.0,0.0470977825041172,0.04292075795376159
P2,R02,training,09,169,0,0.0,0.0,0.0470977825041172,0.042982841794758565
P2,R02,training,09,170,0,0.0,0.0,0.0470977825041172,0.04304452745237098
P2,R02,training,09,171,0,0.0,0.0,0.0470977825041172,0.04310581295553605
P2,R02,training,09,172,0,0.0,0.0,0.0470977825041172,0.04316669634399245
P2,R02,training,09,173,0,0.0,0.0,0.0470977825041172,0.04322717566838459
P2,R02,training,09,174,0,0.0,0.0,0.0470977825041172,0.04328724899036649
P2,R02,training,09,175,0,0.0,0.0,0.0470977825041172,0.04334691438270518
P2,R02,training,09,176,0,0.0,0.0,0.04804739034877014,0.044281345729171584
P2,R02,training,09,177,0,0.0,0.0,0.04804739034877014,0.04434137596204109
P2,R02,training,09,178,0,0.0,0.0,0.04804739034877014,0.04440098421119363
P2,R02,training,09,179,0,0.0,0.0,0.04804739034877014,0.044460168556931356
P2,R02,training,09,180,0,0.0,0.0,0.04804739034877014,0.04451892709141322
P2,R02,training,09,181,0,0.0,0.0,0.04804739034877014,0.04457725791875738
P2,R02,training,09,182,0,0.0,0.0,0.04804739034877014,0.044635159155143
P2,R02,training,09,183,0,0.0,0.0,0.04804739034877014,0.04469262892891157
P2,R02,training,09,184,0,0.0,0.0,0.04804739034877014,0.04474966538066759
P2,R02,training,09,185,0,0.0,0.0,0.04804739034877014,0.044806266663378766
P2,R02,training,09,186,0,0.0,0.0,0.04804739034877014,0.04486243094247556
P2,R02,training,09,187,0,0.0,0.0,0.04804739034877014,0.044918156395950246
P2,R02,training,09,188,0,0.0,0.0,0.04804739034877014,0.04497344121445529
P2,R02,training,09,189,0,0.0,0.0,0.04804739034877014,0.045028283601401195
P2,R02,training,09,190,0,0.0,0.0,0.04804739034877014,0.045082681773053704
P2,R02,training,09,191,0,0.0,0.0,0.04804739034877014,0.04513663395863043
P2,R02,training,09,192,0,0.0,0.3327005497372276,0.04852963903833672,0.045643709028618924
P2,R02,training,09,193,0,0.0,0.3327005497372276,0.04852963903833672,0.045697296491274
P2,R02,training,09,194,0,0.0,0.3327005497372276,0.04852963903833672,0.0457504282053093
P2,R02,training,09,195,0,0.0,0.3327005497372276,0.04852963903833672,0.04580310243545987
P2,R02,training,09,196,0,0.0,0.3327005497372276,0.04852963903833672,0.04585531746002101
P2,R02,training,09,197,0,0.0,0.3327005497372276,0.04852963903833672,0.04590707157094204
P2,R02,training,09,198,0,0.0,0.3327005497372276,0.04852963903833672,0.045958363073919324
P2,R02,training,09,199,0,0.0,0.3327005497372276,0.04852963903833672,0.046009190288488676
P2,R02,training,09,200,0,0.0,0.3327005497372276,0.04852963903833672,0.04605955154811708
P2,R02,training,09,201,0,0.0,0.3327005497372276,0.04852963903833672,0.04610944520029368
P2,R02,training,09,202,0,0.0,0.3327005497372276,0.04852963903833672,0.04615886960662015
P2,R02,training,09,203,0,0.0,0.3327005497372276,0.04852963903833672,0.04620782314290025
P2,R02,training,09,204,0,0.0,0.3327005497372276,0.04852963903833672,0.046256304199228805
P2,R02,training,09,205,0,0.0,0.3327005497372276,0.04852963903833672,0.04630431118007989
P2,R02,training,09,206,0,0.0,0.3327005497372276,0.04852963903833672,0.04635184250439427
P2,R02,training,09,207,0,0.0,0.3327005497372276,0.04852963903833672,0.04639889660566617
P2,R02,training,09,208,0,1.0,0.3342883328356432,0.04853021667044347,0.04644602475699016
P2,R02,training,09,209,0,1.0,0.3342883328356432,0.04853021667044347,0.04649212031995658
P2,R02,training,09,210,0,1.0,0.3342883328356432,0.04853021667044347,0.04653773404280527
P2,R02,training,09,211,0,1.0,0.3342883328356432,0.04853021667044347,0.046582864418079045
P2,R02,training,09,212,0,1.0,0.3342883328356432,0.04853021667044347,0.04662750995329689
P2,R02,training,09,213,0,1.0,0.3342883328356432,0.04853021667044347,0.04667166917103623
P2,R02,training,09,214,0,1.0,0.3342883328356432,0.04853021667044347,0.04671534060901442
P2,R02,training,09,215,0,1.0,0.3342883328356432,0.04853021667044347,0.04675852282016937
P2,R02,training,09,216,0,1.0,0.3342883328356432,0.04853021667044347,0.046801214372739444
P2,R02,training,09,217,0,1.0,0.3342883328356432,0.04853021667044347,0.04684341385034262
P2,R02,training,09,218,0,1.0,0.3342883328356432,0.04853021667044347,0.046885119852054714
P2,R02,training,09,219,0,1.0,0.3342883328356432,0.04853021667044347,0.04692633099248691
P2,R02,training,09,220,0,1.0,0.3342883328356432,0.04853021667044347,0.04696704590186243
P2,R02,training,09,221,0,1.0,0.3342883328356432,0.04853021667044347,0.047007263226092416
P2,R02,training,09,222,0,1.0,0.3342883328356432,0.04853021667044347,0.047046981626850955
P2,R02,training,09,223,0,1.0,0.3342883328356432,0.04853021667044347,0.0470861997816493
P2,R02,training,09,224,0,0.0,0.0,0.04804910601678105,0.04665773735853599
P2,R02,training,09,225,0,0.0,0.0,0.04804910601678105,0.046695572280560586
P2,R02,training,09,226,0,0.0,0.0,0.04804910601678105,0.04673290808254778
P2,R02,training,09,227,0,0.0,0.0,0.04804910601678105,0.04676974351855826
P2,R02,training,09,228,0,0.0,0.0,0.04804910601678105,0.04680607735868775
P2,R02,training,09,229,0,0.0,0.0,0.04804910601678105,0.046841908389135406
P2,R02,training,09,230,0,0.0,0.0,0.04804910601678105,0.04687723541227144
P2,R02,training,09,231,0,0.0,0.0,0.04804910601678105,0.04691205724670382
P2,R02,training,09,232,0,0.0,0.0,0.04804910601678105,0.04694637272734403
P2,R02,training,09,233,0,0.0,0.0,0.04804910601678105,0.04698018070547217
P2,R02,training,09,234,0,0.0,0.0,0.04804910601678105,0.04701348004880092
P2,R02,training,09,235,0,0.0,0.0,0.04804910601678105,0.04704626964153878
P2,R02,training,09,236,0,0.0,0.0,0.04804910601678105,0.04707854838445241
P2,R02,training,09,237,0,0.0,0.0,0.04804910601678105,0.04711031519492799
P2,R02,training,09,238,0,0.0,0.0,0.04804910601678105,0.04714156900703176
P2,R02,training,09,239,0,0.0,0.0,0.04804910601678105,0.04717230877156961
P2,R02,training,09,240,0,0.0,0.0,0.0471005853766779,0.04627072470963807
P2,R02,training,09,241,0,0.0,0.0,0.0471005853766779,0.04629984683181982
P2,R02,training,09,242,0,0.0,0.0,0.0471005853766779,0.04632846206764852
P2,R02,training,09,243,0,0.0,0.0,0.0471005853766779,0.046356569454845106
P2,R02,training,09,244,0,0.0,0.0,0.0471005853766779,0.04638416804781839
P2,R02,training,09,245,0,0.0,0.0,0.0471005853766779,0.04641125691771815
P2,R02,training,09,246,0,0.0,0.0,0.0471005853766779,0.04643783515248714
P2,R02,training,09,247,0,0.0,0.0,0.0471005853766779,0.04646390185691235
P2,R02,training,09,248,0,0.0,0.0,0.0471005853766779,0.0464894561526752
P2,R02,training,09,249,0,0.0,0.0,0.0471005853766779,0.04651449717840088
P2,R02,training,09,250,0,0.0,0.0,0.0471005853766779,0.046539024089706775
P2,R02,training,09,251,0,0.0,0.0,0.0471005853766779,0.04656303605924986
P2,R02,training,09,252,0,0.0,0.0,0.0471005853766779,0.046586532276773236
P2,R02,training,09,253,0,0.0,0.0,0.0471005853766779,0.04660951194915173
P2,R02,training,09,254,0,0.0,0.0,0.0471005853766779,0.046631974300436446
P2,R02,training,09,255,0,0.0,0.0,0.0471005853766779,0.046653918571898496
P2,R02,training,09,256,0,0.0,0.0,0.04571252466471637,0.04529981523116188
P2,R02,training,09,257,0,0.0,0.0,0.04571252466471637,0.045320105036004574
P2,R02,training,09,258,0,0.0,0.0,0.04571252466471637,0.045339889920485835
P2,R02,training,09,259,0,0.0,0.0,0.04571252466471637,0.045359169215491865
P2,R02,training,09,260,0,0.0,0.0,0.04571252466471637,0.045377942268819305
P2,R02,training,09,261,0,0.0,0.0,0.04571252466471637,0.045396208445212034
P2,R02,training,09,262,0,0.0,0.0,0.04571252466471637,0.04541396712639697
P2,R02,training,09,263,0,0.0,0.0,0.04571252466471637,0.045431217711118924
P2,R02,training,09,264,0,0.0,0.0,0.04571252466471637,0.04544795961517459
P2,R02,training,09,265,0,0.0,0.0,0.04571252466471637,0.045464192271445464
P2,R02,training,09,266,0,0.0,0.0,0.04571252466471637,0.045479915129929896
P2,R02,training,09,267,0,0.0,0.0,0.04571252466471637,0.04549512765777412
P2,R02,training,09,268,0,0.0,0.0,0.04571252466471637,0.04550982933930239
P2,R02,training,09,269,0,0.0,0.0,0.04571252466471637,0.045524019676046065
P2,R02,training,09,270,0,0.0,0.0,0.04571252466471637,0.045537698186771815
P2,R02,training,09,271,0,0.0,0.0,0.04571252466471637,0.0455508644075088
P2,R02,training,09,272,0,0.0,0.0,0.04392502515559309,0.0437818450029632
P2,R02,training,09,273,0,0.0,0.0,0.04392502515559309,0.04379351059742882
P2,R02,training,09,274,0,0.0,0.0,0.04392502515559309,0.04380468269629868
P2,R02,training,09,275,0,0.0,0.0,0.04392502515559309,0.04381536092033722
P2,R02,training,09,276,0,0.0,0.0,0.04392502515559309,0.043825544907013035
P2,R02,training,09,277,0,0.0,0.0,0.04392502515559309,0.043835234310519375
P2,R02,training,09,278,0,0.0,0.0,0.04392502515559309,0.04384442880179369
P2,R02,training,09,279,0,0.0,0.0,0.04392502515559309,0.04385312806853629
P2,R02,training,09,280,0,0.0,0.0,0.04392502515559309,0.04386133181522803
P2,R02,training,09,281,0,0.0,0.0,0.04392502515559309,0.043869039763146975
P2,R02,training,09,282,0,0.0,0.0,0.04392502515559309,0.043876251650384286
P2,R02,training,09,283,0,0.0,0.0,0.04392502515559309,0.04388296723185895
P2,R02,training,09,284,0,0.0,0.0,0.04392502515559309,0.043889186279331735
P2,R02,training,09,285,0,0.0,0.0,0.04392502515559309,0.043894908581418084
P2,R02,training,09,286,0,0.0,0.0,0.04392502515559309,0.04390013394360009
P2,R02,training,09,287,0,0.0,0.0,0.04392502515559309,0.04390486218823752
P2,R02,training,09,288,0,0.0,0.0,0.041788495522890115,0.04177333846035603
P2,R02,training,09,289,0,0.0,0.0,0.041788495522890115,0.04177689040355968
P2,R02,training,09,290,0,0.0,0.0,0.041788495522890115,0.04177996899863427
P2,R02,training,09,291,0,0.0,0.0,0.041788495522890115,0.04178257414089367
P2,R02,training,09,292,0,0.0,0.0,0.041788495522890115,0.041784705741747266
P2,R02,training,09,293,0,0.0,0.0,0.041788495522890115,0.04178636372870499
P2,R02,training,09,294,0,0.0,0.0,0.041788495522890115,0.04178754804538142
P2,R02,training,09,295,0,0.0,0.0,0.041788495522890115,0.04178825865149895
P2,R02,training,09,296,0,0.0,0.0,0.041788495522890115,0.041788495522890115
P2,R02,training,09,297,0,0.0,0.0,0.041788495522890115,0.04178825865149895
P2,R02,training,09,298,0,0.0,0.0,0.041788495522890115,0.04178754804538142
P2,R02,training,09,299,0,0.0,0.0,0.041788495522890115,0.04178636372870499
P2,R02,training,09,300,0,0.0,0.0,0.041788495522890115,0.041784705741747266
P2,R02,training,09,301,0,0.0,0.0,0.041788495522890115,0.04178257414089367
P2,R02,training,09,302,0,0.0,0.0,0.041788495522890115,0.04177996899863427
P2,R02,training,09,303,0,0.0,0.0,0.041788495522890115,0.04177689040355968
P2,R02,training,09,304,0,0.0,0.0,0.03936129293758976,0.03934701624322658
P2,R02,training,09,305,0,0.0,0.0,0.03936129293758976,0.03934322486678587
P2,R02,training,09,306,0,0.0,0.0,0.03936129293758976,0.039338987878381304
P2,R02,training,09,307,0,0.0,0.0,0.03936129293758976,0.039334305422063474
P2,R02,training,09,308,0,0.0,0.0,0.03936129293758976,0.039329177657016094
P2,R02,training,09,309,0,0.0,0.0,0.03936129293758976,0.03932360475754701
P2,R02,training,09,310,0,0.0,0.0,0.03936129293758976,0.0393175869130783
P2,R02,training,09,311,0,0.0,0.0,0.03936129293758976,0.03931112432813555
P2,R02,training,09,312,0,0.0,0.0,0.03936129293758976,0.03930421722233627
P2,R02,training,09,313,0,0.0,0.0,0.03936129293758976,0.03929686583037747
P2,R02,training,09,314,0,0.0,0.0,0.03936129293758976,0.039289070402022334
P2,R02,training,09,315,0,0.0,0.0,0.03936129293758976,0.039280831202086114
P2,R02,training,09,316,0,0.0,0.0,0.03936129293758976,0.039272148510421115
P2,R02,training,09,317,0,0.0,0.0,0.03936129293758976,0.03926302262190086
P2,R02,training,09,318,0,0.0,0.0,0.03936129293758976,0.0392534538464034
P2,R02,training,09,319,0,0.0,0.0,0.03936129293758976,0.03924344250879377
P2,R02,training,09,320,0,0.0,0.0,0.019085102680785164,0.01902289194999759
P2,R02,training,09,321,0,0.0,0.0,0.019085102680785164,0.0190176090861776
P2,R02,training,09,322,0,0.0,0.0,0.019085102680785164,0.01901211215341079
P2,R02,training,09,323,0,0.0,0.0,0.019085102680785164,0.019006401338188133
P2,R02,training,09,324,0,0.0,0.0,0.019085102680785164,0.019000476834218724
P2,R02,training,09,325,0,0.0,0.0,0.019085102680785164,0.01899433884241877
P2,R02,training,09,326,0,0.0,0.0,0.019085102680785164,0.018987987570900276
P2,R02,training,09,327,0,0.0,0.0,0.019085102680785164,0.018981423234959268
P2,R02,training,09,328,0,0.0,0.0,0.019085102680785164,0.01897464605706363
P2,R02,training,09,329,0,0.0,0.0,0.019085102680785164,0.01896765626684054
P2,R02,training,09,330,0,0.0,0.0,0.019085102680785164,0.018960454101063503
P2,R02,training,09,331,0,0.0,0.0,0.019085102680785164,0.018953039803638987
P2,R02,training,09,332,0,0.0,0.0,0.019085102680785164,0.018945413625592655
P2,R02,training,09,333,0,0.0,0.0,0.019085102680785164,0.018937575825055186
P2,R02,training,09,334,0,0.0,0.0,0.019085102680785164,0.018929526667247735
P2,R02,training,09,335,0,0.0,0.0,0.019085102680785164,0.01892126642446697
P2,R02,training,09,336,0,0.0,0.0,0.0,0.0
P2,R02,training,09,337,0,0.0,0.0,0.0,0.0
P2,R02,training,09,338,0,0.0,0.0,0.0,0.0
P2,R02,training,09,339,0,0.0,0.0,0.0,0.0
P2,R02,training,09,340,0,0.0,0.0,0.0,0.0
P2,R02,training,09,341,0,0.0,0.0,0.0,0.0
P2,R02,training,09,342,0,0.0,0.0,0.0,0.0
P2,R02,training,09,343,0,0.0,0.0,0.0,0.0
P2,R02,training,09,344,0,0.0,0.0,0.0,0.0
P2,R02,training,09,345,0,0.0,0.0,0.0,0.0
P2,R02,training,09,346,0,0.0,0.0,0.0,0.0
P2,R02,training,09,347,0,0.0,0.0,0.0,0.0
P2,R02,training,09,348,0,0.0,0.0,0.0,0.0
P2,R02,training,09,349,0,0.0,0.0,0.0,0.0
P2,R02,training,09,350,0,0.0,0.0,0.0,0.0
P2,R02,training,09,351,0,0.0,0.0,0.0,0.0
P2,R02,training,09,352,0,0.0,0.0,0.0,0.0
P2,R02,training,09,353,0,0.0,0.0,0.0,0.0
P2,R02,training,09,354,0,0.0,0.0,0.0,0.0
P2,R02,training,09,355,0,0.0,0.0,0.0,0.0
P2,R02,training,09,356,0,0.0,0.0,0.0,0.0
P2,R02,training,09,357,0,0.0,0.0,0.0,0.0
P2,R02,training,09,358,0,0.0,0.0,0.0,0.0
P2,R02,training,09,359,0,0.0,0.0,0.0,0.0
P2,R02,training,09,360,0,0.0,0.0,0.0,0.0
P2,R02,training,09,361,0,0.0,0.0,0.0,0.0
P2,R02,training,09,362,0,0.0,0.0,0.0,0.0
P2,R02,training,09,363,0,0.0,0.0,0.0,0.0
P2,R02,training,09,364,0,0.0,0.0,0.0,0.0
P2,R02,training,09,365,0,0.0,0.0,0.0,0.0
P2,R02,training,09,366,0,0.0,0.0,0.0,0.0
P2,R02,training,09,367,0,0.0,0.0,0.0,0.0
P2,R02,training,09,368,0,0.0,0.0,0.0,0.0
P2,R02,training,09,369,0,0.0,0.0,0.0,0.0
P2,R02,training,09,370,0,0.0,0.0,0.0,0.0
P2,R02,training,09,371,0,0.0,0.0,0.0,0.0
P2,R02,training,09,372,0,0.0,0.0,0.0,0.0
P2,R02,training,09,373,0,0.0,0.0,0.0,0.0
P2,R02,training,09,374,0,0.0,0.0,0.0,0.0
P2,R02,training,09,375,0,0.0,0.0,0.0,0.0
P2,R02,training,09,376,0,0.0,0.0,0.0,0.0
P2,R02,training,09,377,0,0.0,0.0,0.0,0.0
P2,R02,training,09,378,0,0.0,0.0,0.0,0.0
P2,R02,training,09,379,0,0.0,0.0,0.0,0.0
P2,R02,training,09,380,0,0.0,0.0,0.0,0.0
P2,R02,training,09,381,0,0.0,0.0,0.0,0.0
P2,R02,training,09,382,0,0.0,0.0,0.0,0.0
P2,R02,training,09,383,0,0.0,0.0,0.0,0.0
P2,R02,training,09,384,0,0.0,0.0,0.0,0.0
P2,R02,training,09,385,0,0.0,0.0,0.0,0.0
P2,R02,training,09,386,0,0.0,0.0,0.0,0.0
P2,R02,training,09,387,0,0.0,0.0,0.0,0.0
P2,R02,training,09,388,0,0.0,0.0,0.0,0.0
P2,R02,training,09,389,0,0.0,0.0,0.0,0.0
P2,R02,training,09,390,0,0.0,0.0,0.0,0.0
P2,R02,training,09,391,0,0.0,0.0,0.0,0.0
P2,R02,training,09,392,0,0.0,0.0,0.0,0.0
P2,R02,training,09,393,0,0.0,0.0,0.0,0.0
P2,R02,training,09,394,0,0.0,0.0,0.0,0.0
P2,R02,training,09,395,0,0.0,0.0,0.0,0.0
P2,R02,training,09,396,0,0.0,0.0,0.0,0.0
P2,R02,training,09,397,0,0.0,0.0,0.0,0.0
P2,R02,training,09,398,0,0.0,0.0,0.0,0.0
P2,R02,training,09,399,0,0.0,0.0,0.0,0.0
P2,R02,training,09,400,0,0.0,0.0,0.0,0.0
P2,R02,training,09,401,0,0.0,0.0,0.0,0.0
P2,R02,training,09,402,0,0.0,0.0,0.0,0.0
P2,R02,training,09,403,0,0.0,0.0,0.0,0.0
P2,R02,training,09,404,0,0.0,0.0,0.0,0.0
P2,R02,training,09,405,0,0.0,0.0,0.0,0.0
P2,R02,training,09,406,0,0.0,0.0,0.0,0.0
P2,R02,training,09,407,0,0.0,0.0,0.0,0.0
P2,R02,training,09,408,0,0.0,0.0,0.0,0.0
P2,R02,training,09,409,0,0.0,0.0,0.0,0.0
P2,R02,training,09,410,0,0.0,0.0,0.0,0.0
P2,R02,training,09,411,0,0.0,0.0,0.0,0.0
P2,R02,training,09,412,0,0.0,0.0,0.0,0.0
P2,R02,training,09,413,0,0.0,0.0,0.0,0.0
P2,R02,training,09,414,0,0.0,0.0,0.0,0.0
P2,R02,training,09,415,0,0.0,0.0,0.0,0.0
P2,R02,training,09,416,0,0.0,0.0,0.0,0.0
P2,R02,training,09,417,0,0.0,0.0,0.0,0.0
P2,R02,training,09,418,0,0.0,0.0,0.0,0.0
P2,R02,training,09,419,0,0.0,0.0,0.0,0.0
P2,R02,training,09,420,0,0.0,0.0,0.0,0.0
P2,R02,training,09,421,0,0.0,0.0,0.0,0.0
P2,R02,training,09,422,0,0.0,0.0,0.0,0.0
P2,R02,training,09,423,0,0.0,0.0,0.0,0.0
P2,R02,training,09,424,0,0.0,0.0,0.0,0.0
P2,R02,training,09,425,0,0.0,0.0,0.0,0.0
P2,R02,training,09,426,0,0.0,0.0,0.0,0.0
P2,R02,training,09,427,0,0.0,0.0,0.0,0.0
P2,R02,training,09,428,0,0.0,0.0,0.0,0.0
P2,R02,training,09,429,0,0.0,0.0,0.0,0.0
P2,R02,training,09,430,0,0.0,0.0,0.0,0.0
P2,R02,training,09,431,0,0.0,0.0,0.0,0.0
P2,R02,training,09,432,0,0.0,0.0,0.0,0.0
P2,R02,training,09,433,0,0.0,0.0,0.0,0.0
P2,R02,training,09,434,0,0.0,0.0,0.0,0.0
P2,R02,training,09,435,0,0.0,0.0,0.0,0.0
P2,R02,training,09,436,0,0.0,0.0,0.0,0.0
P2,R02,training,09,437,0,0.0,0.0,0.0,0.0
P2,R02,training,09,438,0,0.0,0.0,0.0,0.0
P2,R02,training,09,439,0,0.0,0.0,0.0,0.0
P2,R02,training,09,440,0,0.0,0.0,0.0,0.0
P2,R02,training,09,441,0,0.0,0.0,0.0,0.0
P2,R02,training,09,442,0,0.0,0.0,0.0,0.0
P2,R02,training,09,443,0,0.0,0.0,0.0,0.0
P2,R02,training,09,444,0,0.0,0.0,0.0,0.0
P2,R02,training,09,445,0,0.0,0.0,0.0,0.0
P2,R02,training,09,446,0,0.0,0.0,0.0,0.0
P2,R02,training,09,447,0,0.0,0.0,0.0,0.0
P2,R02,training,09,448,0,0.0,0.0,0.0,0.0
P2,R02,training,09,449,0,0.0,0.0,0.0,0.0
P2,R02,training,09,450,0,0.0,0.0,0.0,0.0
P2,R02,training,09,451,0,0.0,0.0,0.0,0.0
P2,R02,training,09,452,0,0.0,0.0,0.0,0.0
P2,R02,training,09,453,0,0.0,0.0,0.0,0.0
P2,R02,training,09,454,0,0.0,0.0,0.0,0.0
P2,R02,training,09,455,0,0.0,0.0,0.0,0.0
P2,R02,training,09,456,0,0.0,0.0,0.0,0.0
P2,R02,training,09,457,0,0.0,0.0,0.0,0.0
P2,R02,training,09,458,0,0.0,0.0,0.0,0.0
P2,R02,training,09,459,0,0.0,0.0,0.0,0.0
P2,R02,training,09,460,0,0.0,0.0,0.0,0.0
P2,R02,training,09,461,0,0.0,0.0,0.0,0.0
P2,R02,training,09,462,0,0.0,0.0,0.0,0.0
P2,R02,training,09,463,0,0.0,0.0,0.0,0.0
P2,R02,training,09,464,0,0.0,0.0,0.0,0.0
P2,R02,training,09,465,0,0.0,0.0,0.0,0.0
P2,R02,training,09,466,0,0.0,0.0,0.0,0.0
P2,R02,training,09,467,0,0.0,0.0,0.0,0.0
P2,R02,training,09,468,0,0.0,0.0,0.0,0.0
P2,R02,training,09,469,0,0.0,0.0,0.0,0.0
P2,R02,training,09,470,0,0.0,0.0,0.0,0.0
P2,R02,training,09,471,0,0.0,0.0,0.0,0.0
P2,R02,training,09,472,0,0.0,0.0,0.0,0.0
P2,R02,training,09,473,0,0.0,0.0,0.0,0.0
P2,R02,training,09,474,0,0.0,0.0,0.0,0.0
P2,R02,training,09,475,0,0.0,0.0,0.0,0.0
P2,R02,training,09,476,0,0.0,0.0,0.0,0.0
P2,R02,training,09,477,0,0.0,0.0,0.0,0.0
P2,R02,training,09,478,0,0.0,0.0,0.0,0.0
P2,R02,training,09,479,0,0.0,0.0,0.0,0.0
P2,R02,training,09,480,0,0.0,0.0,0.0,0.0
P2,R02,training,09,481,0,0.0,0.0,0.0,0.0
P2,R02,training,09,482,0,0.0,0.0,0.0,0.0
P2,R02,training,09,483,0,0.0,0.0,0.0,0.0
P2,R02,training,09,484,0,0.0,0.0,0.0,0.0
P2,R02,training,09,485,0,0.0,0.0,0.0,0.0
P2,R02,training,09,486,0,0.0,0.0,0.0,0.0
P2,R02,training,09,487,0,0.0,0.0,0.0,0.0
P2,R02,training,09,488,0,0.0,0.0,0.0,0.0
P2,R02,training,09,489,0,0.0,0.0,0.0,0.0
P2,R02,training,09,490,0,0.0,0.0,0.0,0.0
P2,R02,training,09,491,0,0.0,0.0,0.0,0.0
P2,R02,training,09,492,0,0.0,0.0,0.0,0.0
P2,R02,training,09,493,0,0.0,0.0,0.0,0.0
P2,R02,training,09,494,0,0.0,0.0,0.0,0.0
P2,R02,training,09,495,0,0.0,0.0,0.0,0.0
P2,R02,training,09,496,0,0.0,0.0,0.0,0.0
P2,R02,training,09,497,0,0.0,0.0,0.0,0.0
P2,R02,training,09,498,0,0.0,0.0,0.0,0.0
P2,R02,training,09,499,0,0.0,0.0,0.0,0.0
P2,R02,training,09,500,0,0.0,0.0,0.0,0.0
P2,R02,training,09,501,0,0.0,0.0,0.0,0.0
P2,R02,training,09,502,0,0.0,0.0,0.0,0.0
P2,R02,training,09,503,0,0.0,0.0,0.0,0.0
P2,R02,training,09,504,0,0.0,0.0,0.0,0.0
P2,R02,training,09,505,0,0.0,0.0,0.0,0.0
P2,R02,training,09,506,0,0.0,0.0,0.0,0.0
P2,R02,training,09,507,0,0.0,0.0,0.0,0.0
P2,R02,training,09,508,0,0.0,0.0,0.0,0.0
P2,R02,training,09,509,0,0.0,0.0,0.0,0.0
P2,R02,training,09,510,0,0.0,0.0,0.0,0.0
P2,R02,training,09,511,0,0.0,0.0,0.0,0.0
P2,R02,training,09,512,0,0.0,0.0,0.0,0.0
P2,R02,training,09,513,0,0.0,0.0,0.0,0.0
P2,R02,training,09,514,0,0.0,0.0,0.0,0.0
P2,R02,training,09,515,0,0.0,0.0,0.0,0.0
P2,R02,training,09,516,0,0.0,0.0,0.0,0.0
P2,R02,training,09,517,0,0.0,0.0,0.0,0.0
P2,R02,training,09,518,0,0.0,0.0,0.0,0.0
P2,R02,training,09,519,0,0.0,0.0,0.0,0.0
P2,R02,training,09,520,0,0.0,0.0,0.0,0.0
P2,R02,training,09,521,0,0.0,0.0,0.0,0.0
P2,R02,training,09,522,0,0.0,0.0,0.0,0.0
P2,R02,training,09,523,0,0.0,0.0,0.0,0.0
P2,R02,training,09,524,0,0.0,0.0,0.0,0.0
P2,R02,training,09,525,0,0.0,0.0,0.0,0.0
P2,R02,training,09,526,0,0.0,0.0,0.0,0.0
P2,R02,training,09,527,0,0.0,0.0,0.0,0.0
P2,R02,training,09,528,0,0.0,0.0,0.0,0.0
P2,R02,training,09,529,0,0.0,0.0,0.0,0.0
P2,R02,training,09,530,0,0.0,0.0,0.0,0.0
P2,R02,training,09,531,0,0.0,0.0,0.0,0.0
P2,R02,training,09,532,0,0.0,0.0,0.0,0.0
P2,R02,training,09,533,0,0.0,0.0,0.0,0.0
P2,R02,training,09,534,0,0.0,0.0,0.0,0.0
P2,R02,training,09,535,0,0.0,0.0,0.0,0.0
P2,R02,training,09,536,0,0.0,0.0,0.0,0.0
P2,R02,training,09,537,0,0.0,0.0,0.0,0.0
P2,R02,training,09,538,0,0.0,0.0,0.0,0.0
P2,R02,training,09,539,0,0.0,0.0,0.0,0.0
P2,R02,training,09,540,0,0.0,0.0,0.0,0.0
P2,R02,training,09,541,0,0.0,0.0,0.0,0.0
P2,R02,training,09,542,0,0.0,0.0,0.0,0.0
P2,R02,training,09,543,0,0.0,0.0,0.0,0.0
P2,R02,training,09,544,0,0.0,0.0,0.0,0.0
P2,R02,training,09,545,0,0.0,0.0,0.0,0.0
P2,R02,training,09,546,0,0.0,0.0,0.0,0.0
P2,R02,training,09,547,0,0.0,0.0,0.0,0.0
P2,R02,training,09,548,0,0.0,0.0,0.0,0.0
P2,R02,training,09,549,0,0.0,0.0,0.0,0.0
P2,R02,training,09,550,0,0.0,0.0,0.0,0.0
P2,R02,training,09,551,0,0.0,0.0,0.0,0.0
P2,R02,training,09,552,0,0.0,0.0,0.0,0.0
P2,R02,training,09,553,0,0.0,0.0,0.0,0.0
P2,R02,training,09,554,0,0.0,0.0,0.0,0.0
P2,R02,training,09,555,0,0.0,0.0,0.0,0.0
P2,R02,training,09,556,0,0.0,0.0,0.0,0.0
P2,R02,training,09,557,0,0.0,0.0,0.0,0.0
P2,R02,training,09,558,0,0.0,0.0,0.0,0.0
P2,R02,training,09,559,0,0.0,0.0,0.0,0.0
P2,R02,training,09,560,0,0.0,0.0,0.0,0.0
P2,R02,training,09,561,0,0.0,0.0,0.0,0.0
P2,R02,training,09,562,0,0.0,0.0,0.0,0.0
P2,R02,training,09,563,0,0.0,0.0,0.0,0.0
P2,R02,training,09,564,0,0.0,0.0,0.0,0.0
P2,R02,training,09,565,0,0.0,0.0,0.0,0.0
P2,R02,training,09,566,0,0.0,0.0,0.0,0.0
P2,R02,training,09,567,0,0.0,0.0,0.0,0.0
P2,R02,training,09,568,0,0.0,0.0,0.0,0.0
P2,R02,training,09,569,0,0.0,0.0,0.0,0.0
P2,R02,training,09,570,0,0.0,0.0,0.0,0.0
P2,R02,training,09,571,0,0.0,0.0,0.0,0.0
P2,R02,training,09,572,0,0.0,0.0,0.0,0.0
P2,R02,training,09,573,0,0.0,0.0,0.0,0.0
P2,R02,training,09,574,0,0.0,0.0,0.0,0.0
P2,R02,training,09,575,0,0.0,0.0,0.0,0.0
P2,R02,training,09,576,0,0.0,0.0,0.0,0.0
P2,R02,training,09,577,0,0.0,0.0,0.0,0.0
P2,R02,training,09,578,0,0.0,0.0,0.0,0.0
P2,R02,training,09,579,0,0.0,0.0,0.0,0.0
P2,R02,training,09,580,0,0.0,0.0,0.0,0.0
P2,R02,training,09,581,0,0.0,0.0,0.0,0.0
P2,R02,training,09,582,0,0.0,0.0,0.0,0.0
P2,R02,training,09,583,0,0.0,0.0,0.0,0.0
P2,R02,training,09,584,0,0.0,0.0,0.0,0.0
P2,R02,training,09,585,0,0.0,0.0,0.0,0.0
P2,R02,training,09,586,0,0.0,0.0,0.0,0.0
P2,R02,training,09,587,0,0.0,0.0,0.0,0.0
P2,R02,training,09,588,0,0.0,0.0,0.0,0.0
P2,R02,training,09,589,0,0.0,0.0,0.0,0.0
P2,R02,training,09,590,0,0.0,0.0,0.0,0.0
P2,R02,training,09,591,0,0.0,0.0,0.0,0.0
P2,R02,training,09,592,0,0.0,0.0,0.0,0.0
P2,R02,training,09,593,0,0.0,0.0,0.0,0.0
P2,R02,training,09,594,0,0.0,0.0,0.0,0.0
P3,R02,training,09,0,0,0.0,0.0,0.0,0.0
P3,R02,training,09,1,0,0.0,0.0,0.0,0.0
P3,R02,training,09,2,0,0.0,0.0,0.0,0.0
P3,R02,training,09,3,0,0.0,0.0,0.0,0.0
P3,R02,training,09,4,0,0.0,0.0,0.0,0.0
P3,R02,training,09,5,0,0.0,0.0,0.0,0.0
P3,R02,training,09,6,0,0.0,0.0,0.0,0.0
P3,R02,training,09,7,0,0.0,0.0,0.0,0.0
P3,R02,training,09,8,0,0.0,0.0,0.0,0.0
P3,R02,training,09,9,0,0.0,0.0,0.0,0.0
P3,R02,training,09,10,0,0.0,0.0,0.0,0.0
P3,R02,training,09,11,0,0.0,0.0,0.0,0.0
P3,R02,training,09,12,0,0.0,0.0,0.0,0.0
P3,R02,training,09,13,0,0.0,0.0,0.0,0.0
P3,R02,training,09,14,0,0.0,0.0,0.0,0.0
P3,R02,training,09,15,0,0.0,0.0,0.0,0.0
P3,R02,training,09,16,0,0.0,0.0,0.019027354460256087,0.01220051976617685
P3,R02,training,09,17,0,0.0,0.0,0.019027354460256087,0.012239239778179036
P3,R02,training,09,18,0,0.0,0.0,0.019027354460256087,0.012277943481121384
P3,R02,training,09,19,0,0.0,0.0,0.019027354460256087,0.012316629944502366
P3,R02,training,09,20,0,0.0,0.0,0.019027354460256087,0.012355298235470514
P3,R02,training,09,21,0,0.0,0.0,0.019027354460256087,0.012393947418859365
P3,R02,training,09,22,0,0.0,0.0,0.019027354460256087,0.012432576557222677
P3,R02,training,09,23,0,0.0,0.0,0.019027354460256087,0.01247118471086987
P3,R02,training,09,24,0,0.0,0.0,0.019027354460256087,0.012509770937901716
P3,R02,training,09,25,0,0.0,0.0,0.019027354460256087,0.01254833429424624
P3,R02,training,09,26,0,0.0,0.0,0.019027354460256087,0.012586873833694898
P3,R02,training,09,27,0,0.0,0.0,0.019027354460256087,0.012625388607938944
P3,R02,training,09,28,0,0.0,0.0,0.019027354460256087,0.012663877666606059
P3,R02,training,09,29,0,0.0,0.0,0.019027354460256087,0.012702340057297194
P3,R02,training,09,30,0,0.0,0.0,0.019027354460256087,0.012740774825623656
P3,R02,training,09,31,0,0.0,0.0,0.019027354460256087,0.012779181015244384
P3,R02,training,09,32,0,0.0,0.0,0.03932068294603701,0.02648792412286811
P3,R02,training,09,33,0,0.0,0.0,0.03932068294603701,0.02656716777328218
P3,R02,training,09,34,0,0.0,0.0,0.03932068294603701,0.026646346412452164
P3,R02,training,09,35,0,0.0,0.0,0.03932068294603701,0.026725458048707976
P3,R02,training,09,36,0,0.0,0.0,0.03932068294603701,0.026804500686737214
P3,R02,training,09,37,0,0.0,0.0,0.03932068294603701,0.026883472327664953
P3,R02,training,09,38,0,0.0,0.0,0.03932068294603701,0.026962370969133988
P3,R02,training,09,39,0,0.0,0.0,0.03932068294603701,0.027041194605385507
P3,R02,training,09,40,0,0.0,0.0,0.03932068294603701,0.027119941227340186
P3,R02,training,09,41,0,0.0,0.0,0.03932068294603701,0.027198608822679743
P3,R02,training,09,42,0,0.0,0.0,0.03932068294603701,0.02727719537592886
P3,R02,training,09,43,0,0.0,0.0,0.03932068294603701,0.027355698868537583
P3,R02,training,09,44,0,0.0,0.0,0.03932068294603701,0.02743411727896408
P3,R02,training,09,45,0,0.0,0.0,0.03932068294603701,0.027512448582757833
P3,R02,training,09,46,0,0.0,0.0,0.03932068294603701,0.02759069075264326
P3,R02,training,09,47,0,0.0,0.0,0.03932068294603701,0.02766884175860368
P3,R02,training,09,48,0,0.0,0.0,0.04174581257971858,0.029458208307882757
P3,R02,training,09,49,0,0.0,0.0,0.04174581257971858,0.029540979279937835
P3,R02,training,09,50,0,0.0,0.0,0.04174581257971858,0.029623646983250523
P3,R02,training,09,51,0,0.0,0.0,0.04174581257971858,0.02970620925186096
P3,R02,training,09,52,0,0.0,0.0,0.04174581257971858,0.029788663917351223
P3,R02,training,09,53,0,0.0,0.0,0.04174581257971858,0.029871008808936922
P3,R02,training,09,54,0,0.0,0.0,0.04174581257971858,0.029953241753559207
P3,R02,training,09,55,0,0.0,0.0,0.04174581257971858,0.030035360575977152
P3,R02,training,09,56,0,0.0,0.0,0.04174581257971858,0.03011736309886054
P3,R02,training,09,57,0,0.0,0.0,0.04174581257971858,0.030199247142882985
P3,R02,training,09,58,0,0.0,0.0,0.04174581257971858,0.030281010526815463
P3,R02,training,09,59,0,0.0,0.0,0.04174581257971858,0.030362651067620164
P3,R02,training,09,60,0,0.0,0.0,0.04174581257971858,0.030444166580544735
P3,R02,training,09,61,0,0.0,0.0,0.04174581257971858,0.030525554879216855
P3,R02,training,09,62,0,0.0,0.0,0.04174581257971858,0.03060681377573916
P3,R02,training,09,63,0,0.0,0.0,0.04174581257971858,0.030687941080784528
P3,R02,training,09,64,0,0.0,0.0,0.043880613387890025,0.03234239892021685
P3,R02,training,09,65,0,0.0,0.0,0.043880613387890025,0.032427391369091924
P3,R02,training,09,66,0,0.0,0.0,0.043880613387890025,0.03251223858528825
P3,R02,training,09,67,0,0.0,0.0,0.043880613387890025,0.03259693826251754
P3,R02,training,09,68,0,0.0,0.0,0.043880613387890025,0.032681488093494505
P3,R02,training,09,69,0,0.0,0.0,0.043880613387890025,0.032765885770039
P3,R02,training,09,70,0,0.0,0.0,0.043880613387890025,0.03285012898317851
P3,R02,training,09,71,0,0.0,0.0,0.043880613387890025,0.03293421542325096
P3,R02,training,09,72,0,0.0,0.0,0.043880613387890025,0.03301814278000779
P3,R02,training,09,73,0,0.0,0.0,0.043880613387890025,0.03310190874271737
P3,R02,training,09,74,0,0.0,0.0,0.043880613387890025,0.033185511000268675
P3,R02,training,09,75,0,0.0,0.0,0.043880613387890025,0.033268947241275264
P3,R02,training,09,76,0,0.0,0.0,0.043880613387890025,0.0333522151541795
P3,R02,training,09,77,0,0.0,0.0,0.043880613387890025,0.03343531242735712
P3,R02,training,09,78,0,0.0,0.0,0.043880613387890025,0.033518236749221976
P3,R02,training,09,79,0,0.0,0.0,0.043880613387890025,0.03360098580833113
P3,R02,training,09,80,0,0.0,0.0,0.0646612309757173,0.04963513748053604
P3,R02,training,09,81,0,0.0,0.0,0.0646612309757173,0.04975654741286276
P3,R02,training,09,82,0,0.0,0.0,0.0646612309757173,0.04987768886753755
P3,R02,training,09,83,0,0.0,0.0,0.0646612309757173,0.049998558440882676
P3,R02,training,09,84,0,0.0,0.0,0.0646612309757173,0.05011915273021078
P3,R02,training,09,85,0,0.0,0.0,0.0646612309757173,0.05023946833398177
P3,R02,training,09,86,0,0.0,0.0,0.0646612309757173,0.05035950185196001
P3,R02,training,09,87,0,0.0,0.0,0.0646612309757173,0.05047924988537182
P3,R02,training,09,88,0,0.0,0.0,0.0646612309757173,0.050598709037063296
P3,R02,training,09,89,0,0.0,0.0,0.0646612309757173,0.050717875911658356
P3,R02,training,09,90,0,0.0,0.0,0.0646612309757173,0.05083674711571714
P3,R02,training,09,91,0,0.0,0.0,0.0646612309757173,0.05095531925789463
P3,R02,training,09,92,0,0.0,0.0,0.0646612309757173,0.05107358894909945
P3,R02,training,09,93,0,0.0,0.0,0.0646612309757173,0.051191552802653105
P3,R02,training,09,94,0,0.0,0.0,0.0646612309757173,0.05130920743444924
P3,R02,training,09,95,0,0.0,0.0,0.0646612309757173,0.05142654946311326
P3,R02,training,09,96,0,0.0,0.0,0.08640914065105285,0.06887954340968765
P3,R02,training,09,97,0,0.0,0.0,0.08640914065105285,0.06903550277883572
P3,R02,training,09,98,0,0.0,0.0,0.08640914065105285,0.06919103087319724
P3,R02,training,09,99,0,0.0,0.0,0.08640914065105285,0.06934612319085916
P3,R02,training,09,100,0,0.0,0.0,0.08640914065105285,0.06950077523462916
P3,R02,training,09,101,0,0.0,0.0,0.08640914065105285,0.06965498251225041
P3,R02,training,09,102,0,0.0,0.0,0.08640914065105285,0.06980874053661654
P3,R02,training,09,103,0,0.0,0.0,0.08640914065105285,0.06996204482598668
P3,R02,training,09,104,0,0.0,0.0,0.08640914065105285,0.07011489090420087
P3,R02,training,09,105,0,0.0,0.0,0.08640914065105285,0.07026727430089544
P3,R02,training,09,106,0,0.0,0.0,0.08640914065105285,0.07041919055171862
P3,R02,training,09,107,0,0.0,0.0,0.08640914065105285,0.07057063519854634
P3,R02,training,09,108,0,0.0,0.0,0.08640914065105285,0.07072160378969797
P3,R02,training,09,109,0,0.0,0.0,0.08640914065105285,0.07087209188015227
P3,R02,training,09,110,0,0.0,0.0,0.08640914065105285,0.07102209503176354
P3,R02,training,09,111,0,0.0,0.0,0.08640914065105285,0.07117160881347759
P3,R02,training,09,112,0,0.0,0.0,0.1088085583996368,0.08980872562302805
P3,R02,training,09,113,0,0.0,0.0,0.1088085583996368,0.0899957479733902
P3,R02,training,09,114,0,0.0,0.0,0.1088085583996368,0.0901821374141141
P3,R02,training,09,115,0,0.0,0.0,0.1088085583996368,0.09036788840394687
P3,R02,training,09,116,0,0.0,0.0,0.1088085583996368,0.09055299541192677
P3,R02,training,09,117,0,0.0,0.0,0.1088085583996368,0.09073745291765545
P3,R02,training,09,118,0,0.0,0.0,0.1088085583996368,0.09092125541157021
P3,R02,training,09,119,0,0.0,0.0,0.1088085583996368,0.09110439739521614
P3,R02,training,09,120,0,0.0,0.0,0.1088085583996368,0.09128687338151818
P3,R02,training,09,121,0,0.0,0.0,0.1088085583996368,0.0914686778950532
P3,R02,training,09,122,0,0.0,0.0,0.1088085583996368,0.09164980547232174
P3,R02,training,09,123,0,0.0,0.0,0.1088085583996368,0.0918302506620199
P3,R02,training,09,124,0,0.0,0.0,0.1088085583996368,0.09201000802531087
P3,R02,training,09,125,0,0.0,0.0,0.1088085583996368,0.09218907213609631
P3,R02,training,09,126,0,0.0,0.0,0.1088085583996368,0.09236743758128764
P3,R02,training,09,127,0,0.0,0.0,0.1088085583996368,0.09254509896107704
P3,R02,training,09,128,0,0.0,0.3332768341453937,0.13176664640515423,0.11228596236525269
P3,R02,training,09,129,0,0.0,0.3332768341453937,0.13176664640515423,0.11249938465953636
P3,R02,training,09,130,0,0.0,0.3332768341453937,0.13176664640515423,0.11271193481631958
P3,R02,training,09,131,0,0.0,0.3332768341453937,0.13176664640515423,0.11292360636406874
P3,R02,training,09,132,0,0.0,0.3332768341453937,0.13176664640515423,0.11313439284896958
P3,R02,training,09,133,0,0.0,0.3332768341453937,0.13176664640515423,0.1133442878352534
P3,R02,training,09,134,0,0.0,0.3332768341453937,0.13176664640515423,0.11355328490552297
P3,R02,training,09,135,0,0.0,0.3332768341453937,0.13176664640515423,0.1137613776610777
P3,R02,training,09,136,0,0.0,0.3332768341453937,0.13176664640515423,0.1139685597222387
P3,R02,training,09,137,0,0.0,0.3332768341453937,0.13176664640515423,0.11417482472867312
P3,R02,training,09,138,0,0.0,0.3332768341453937,0.13176664640515423,0.11438016633971809
P3,R02,training,09,139,0,0.0,0.3332768341453937,0.13176664640515423,0.11458457823470411
P3,R02,training,09,140,0,0.0,0.3332768341453937,0.13176664640515423,0.11478805411327783
P3,R02,training,09,141,0,0.0,0.3332768341453937,0.13176664640515423,0.11499058769572443
P3,R02,training,09,142,0,0.0,0.3332768341453937,0.13176664640515423,0.11519217272328915
P3,R02,training,09,143,0,0.0,0.3332768341453937,0.13176664640515423,0.11539280295849842
P3,R02,training,09,144,0,0.0,0.3330686685407465,0.15499587219446043,0.1359703425282105
P3,R02,training,09,145,0,0.0,0.3330686685407465,0.15499587219446043,0.13620407385917685
P3,R02,training,09,146,0,0.0,0.3330686685407465,0.15499587219446043,0.13643666021955364
P3,R02,training,09,147,0,0.0,0.3330686685407465,0.15499587219446043,0.13666809437615138
P3,R02,training,09,148,0,0.0,0.3330686685407465,0.15499587219446043,0.13689836912268968
P3,R02,training,09,149,0,0.0,0.3330686685407465,0.15499587219446043,0.13712747728017013
P3,R02,training,09,150,0,0.0,0.3330686685407465,0.15499587219446043,0.13735541169724785
P3,R02,training,09,151,0,0.0,0.3330686685407465,0.15499587219446043,0.13758216525060257
P3,R02,training,09,152,0,0.0,0.3330686685407465,0.15499587219446043,0.1378077308453083
P3,R02,training,09,153,0,0.0,0.3330686685407465,0.15499587219446043,0.1380321014152023
P3,R02,training,09,154,0,0.0,0.3330686685407465,0.15499587219446043,0.1382552699232529
P3,R02,training,09,155,0,0.0,0.3330686685407465,0.15499587219446043,0.13847722936192633
P3,R02,training,09,156,0,0.0,0.3330686685407465,0.15499587219446043,0.13869797275355236
P3,R02,training,09,157,0,0.0,0.3330686685407465,0.15499587219446043,0.138917493150689
P3,R02,training,09,158,0,0.0,0.3330686685407465,0.15499587219446043,0.1391357836364859
P3,R02,training,09,159,0,0.0,0.3330686685407465,0.15499587219446043,0.13935283732504672
P3,R02,training,09,160,0,0.0,0.0,0.15931794737486266,0.14346053285644317
P3,R02,training,09,161,0,0.0,0.0,0.15931794737486266,0.14368107543300807
P3,R02,training,09,162,0,0.0,0.0,0.15931794737486266,0.1439003256850019
P3,R02,training,09,163,0,0.0,0.0,0.15931794737486266,0.14411827666548263
P3,R02,training,09,164,0,0.0,0.0,0.15931794737486266,0.1443349214611685
P3,R02,training,09,165,0,0.0,0.0,0.15931794737486266,0.14455025319280296
P3,R02,training,09,166,0,0.0,0.0,0.15931794737486266,0.14476426501551803
P3,R02,training,09,167,0,0.0,0.0,0.15931794737486266,0.14497695011919612
P3,R02,training,09,168,0,0.0,0.0,0.15931794737486266,0.1451883017288306
P3,R02,training,09,169,0,0.0,0.0,0.15931794737486266,0.14539831310488469
P3,R02,training,09,170,0,0.0,0.0,0.15931794737486266,0.14560697754364926
P3,R02,training,09,171,0,0.0,0.0,0.15931794737486266,0.14581428837759866
P3,R02,training,09,172,0,0.0,0.0,0.15931794737486266,0.14602023897574523
P3,R02,training,09,173,0,0.0,0.0,0.15931794737486266,0.14622482274399232
P3,R02,training,09,174,0,0.0,0.0,0.15931794737486266,0.14642803312548552
P3,R02,training,09,175,0,0.0,0.0,0.15931794737486266,0.14662986360096247
P3,R02,training,09,176,0,0.0,0.0,0.18127605537054486,0.16706729797425965
P3,R02,training,09,177,0,0.0,0.0,0.18127605537054486,0.16729378361143094
P3,R02,training,09,178,0,0.0,0.0,0.18127605537054486,0.16751867716330715
P3,R02,training,09,179,0,0.0,0.0,0.18127605537054486,0.1677419713871379
P3,R02,training,09,180,0,0.0,0.0,0.18127605537054486,0.16796365908490687
P3,R02,training,09,181,0,0.0,0.0,0.18127605537054486,0.16818373310371817
P3,R02,training,09,182,0,0.0,0.0,0.18127605537054486,0.1684021863361804
P3,R02,training,09,183,0,0.0,0.0,0.18127605537054486,0.16861901172078883
P3,R02,training,09,184,0,0.0,0.0,0.18127605537054486,0.16883420224230544
P3,R02,training,09,185,0,0.0,0.0,0.18127605537054486,0.16904775093213678
P3,R02,training,09,186,0,0.0,0.0,0.18127605537054486,0.16925965086870967
P3,R02,training,09,187,0,0.0,0.0,0.18127605537054486,0.16946989517784486
P3,R02,training,09,188,0,0.0,0.0,0.18127605537054486,0.16967847703312824
P3,R02,training,09,189,0,0.0,0.0,0.18127605537054486,0.16988538965627994
P3,R02,training,09,190,0,0.0,0.0,0.18127605537054486,0.1700906263175212
P3,R02,training,09,191,0,0.0,0.0,0.18127605537054486,0.17029418033593874
P3,R02,training,09,192,0,0.0,0.3327005497372276,0.18402414680077958,0.17308071473969322
P3,R02,training,09,193,0,0.0,0.3327005497372276,0.18402414680077958,0.17328391812817356
P3,R02,training,09,194,0,0.0,0.3327005497372276,0.18402414680077958,0.17348539332018323
P3,R02,training,09,195,0,0.0,0.3327005497372276,0.18402414680077958,0.17368513373560626
P3,R02,training,09,196,0,0.0,0.3327005497372276,0.18402414680077958,0.17388313284574708
P3,R02,training,09,197,0,0.0,0.3327005497372276,0.18402414680077958,0.1740793841736861
P3,R02,training,09,198,0,0.0,0.3327005497372276,0.18402414680077958,0.1742738812946325
P3,R02,training,09,199,0,0.0,0.3327005497372276,0.18402414680077958,0.17446661783627454
P3,R02,training,09,200,0,0.0,0.3327005497372276,0.18402414680077958,0.17465758747912738
P3,R02,training,09,201,0,0.0,0.3327005497372276,0.18402414680077958,0.17484678395687828
P3,R02,training,09,202,0,0.0,0.3327005497372276,0.18402414680077958,0.17503420105672887
P3,R02,training,09,203,0,0.0,0.3327005497372276,0.18402414680077958,0.17521983261973537
P3,R02,training,09,204,0,0.0,0.3327005497372276,0.18402414680077958,0.17540367254114536
P3,R02,training,09,205,0,0.0,0.3327005497372276,0.18402414680077958,0.17558571477073256
P3,R02,training,09,206,0,0.0,0.3327005497372276,0.18402414680077958,0.1757659533131284
P3,R02,training,09,207,0,0.0,0.3327005497372276,0.18402414680077958,0.17594438222815081
P3,R02,training,09,208,0,1.0,0.3342883328356432,0.22321321857177254,0.2136270428437233
P3,R02,training,09,209,0,1.0,0.3342883328356432,0.22321321857177254,0.21383905794848748
P3,R02,training,09,210,0,1.0,0.3342883328356432,0.22321321857177254,0.2140488568446523
P3,R02,training,09,211,0,1.0,0.3342883328356432,0.22321321857177254,0.21425643259871535
P3,R02,training,09,212,0,1.0,0.3342883328356432,0.22321321857177254,0.2144617783460568
P3,R02,training,09,213,0,1.0,0.3342883328356432,0.22321321857177254,0.21466488729131758
P3,R02,training,09,214,0,1.0,0.3342883328356432,0.22321321857177254,0.2148657527087742
P3,R02,training,09,215,0,1.0,0.3342883328356432,0.22321321857177254,0.2150643679427097
P3,R02,training,09,216,0,1.0,0.3342883328356432,0.22321321857177254,0.21526072640778116
P3,R02,training,09,217,0,1.0,0.3342883328356432,0.22321321857177254,0.21545482158938353
P3,R02,training,09,218,0,1.0,0.3342883328356432,0.22321321857177254,0.2156466470440097
P3,R02,training,09,219,0,1.0,0.3342883328356432,0.22321321857177254,0.21583619639960708
P3,R02,training,09,220,0,1.0,0.3342883328356432,0.22321321857177254,0.21602346335593006
P3,R02,training,09,221,0,1.0,0.3342883328356432,0.22321321857177254,0.21620844168488912
P3,R02,training,09,222,0,1.0,0.3342883328356432,0.22321321857177254,0.216391125230896
P3,R02,training,09,223,0,1.0,0.3342883328356432,0.22321321857177254,0.21657150791120483
P3,R02,training,09,224,0,0.0,0.33320965916442613,0.2442337156190698,0.23716138555156702
P3,R02,training,09,225,0,0.0,0.33320965916442613,0.2442337156190698,0.23735370054662638
P3,R02,training,09,226,0,0.0,0.33320965916442613,0.2442337156190698,0.23754347851339572
P3,R02,training,09,227,0,0.0,0.33320965916442613,0.2442337156190698,0.23773071311876273
P3,R02,training,09,228,0,0.0,0.33320965916442613,0.2442337156190698,0.23791539811112106
P3,R02,training,09,229,0,0.0,0.33320965916442613,0.2442337156190698,0.23809752732071834
P3,R02,training,09,230,0,0.0,0.33320965916442613,0.2442337156190698,0.23827709465999958
P3,R02,training,09,231,0,0.0,0.33320965916442613,0.2442337156190698,0.2384540941239463
P3,R02,training,09,232,0,0.0,0.33320965916442613,0.2442337156190698,0.2386285197904111
P3,R02,training,09,233,0,0.0,0.33320965916442613,0.2442337156190698,0.23880036582044792
P3,R02,training,09,234,0,0.0,0.33320965916442613,0.2442337156190698,0.23896962645863784
P3,R02,training,09,235,0,0.0,0.33320965916442613,0.2442337156190698,0.2391362960334101
P3,R02,training,09,236,0,0.0,0.33320965916442613,0.2442337156190698,0.23930036895735912
P3,R02,training,09,237,0,0.0,0.33320965916442613,0.2442337156190698,0.23946183972755633
P3,R02,training,09,238,0,0.0,0.33320965916442613,0.2442337156190698,0.23962070292585802
P3,R02,training,09,239,0,0.0,0.33320965916442613,0.2442337156190698,0.23977695321920817
P3,R02,training,09,240,0,1.0,0.3338845797128105,0.26464695380872205,0.2599841646764555
P3,R02,training,09,241,0,1.0,0.3338845797128105,0.26464695380872205,0.26014779493417334
P3,R02,training,09,242,0,1.0,0.3338845797128105,0.26464695380872205,0.26030857711838656
P3,R02,training,09,243,0,1.0,0.3338845797128105,0.26464695380872205,0.2604665058222787
P3,R02,training,09,244,0,1.0,0.3338845797128105,0.26464695380872205,0.2606215757327984
P3,R02,training,09,245,0,1.0,0.3338845797128105,0.26464695380872205,0.2607737816309578
P3,R02,training,09,246,0,1.0,0.3338845797128105,0.26464695380872205,0.2609231183921249
P3,R02,training,09,247,0,1.0,0.3338845797128105,0.26464695380872205,0.2610695809863112
P3,R02,training,09,248,0,1.0,0.3338845797128105,0.26464695380872205,0.2612131644784543
P3,R02,training,09,249,0,1.0,0.3338845797128105,0.26464695380872205,0.2613538640286944
P3,R02,training,09,250,0,1.0,0.3338845797128105,0.26464695380872205,0.26149167489264724
P3,R02,training,09,251,0,1.0,0.3338845797128105,0.26464695380872205,0.2616265924216695
P3,R02,training,09,252,0,1.0,0.3338845797128105,0.26464695380872205,0.2617586120631211
P3,R02,training,09,253,0,1.0,0.3338845797128105,0.26464695380872205,0.2618877293606208
P3,R02,training,09,254,0,1.0,0.3338845797128105,0.26464695380872205,0.2620139399542969
P3,R02,training,09,255,0,1.0,0.3338845797128105,0.26464695380872205,0.26213723958103274
P3,R02,training,09,256,0,0.0,0.33302328988422003,0.2666003167393395,0.2641933513285695
P3,R02,training,09,257,0,0.0,0.33302328988422003,0.2666003167393395,0.2643116836332785
P3,R02,training,09,258,0,0.0,0.33302328988422003,0.2666003167393395,0.26442707118861575
P3,R02,training,09,259,0,0.0,0.33302328988422003,0.2666003167393395,0.26453951009223825
P3,R02,training,09,260,0,0.0,0.33302328988422003,0.2666003167393395,0.2646489965404266
P3,R02,training,09,261,0,0.0,0.33302328988422003,0.2666003167393395,0.2647555268282993
P3,R02,training,09,262,0,0.0,0.33302328988422003,0.2666003167393395,0.2648590973500217
P3,R02,training,09,263,0,0.0,0.33302328988422003,0.2666003167393395,0.2649597045990097
P3,R02,training,09,264,0,0.0,0.33302328988422003,0.2666003167393395,0.2650573451681272
P3,R02,training,09,265,0,0.0,0.33302328988422003,0.2666003167393395,0.2651520157498786
P3,R02,training,09,266,0,0.0,0.33302328988422003,0.2666003167393395,0.2652437131365958
P3,R02,training,09,267,0,0.0,0.33302328988422003,0.2666003167393395,0.2653324342206187
P3,R02,training,09,268,0,0.0,0.33302328988422003,0.2666003167393395,0.2654181759944714
P3,R02,training,09,269,0,0.0,0.33302328988422003,0.2666003167393395,0.2655009355510316
P3,R02,training,09,270,0,0.0,0.33302328988422003,0.2666003167393395,0.2655807100836954
P3,R02,training,09,271,0,0.0,0.33302328988422003,0.2666003167393395,0.26565749688653517
P3,R02,training,09,272,0,0.0,0.0,0.25010067389623575,0.24928543355125116
P3,R02,training,09,273,0,0.0,0.0,0.25010067389623575,0.24935185521013284
P3,R02,training,09,274,0,0.0,0.0,0.25010067389623575,0.24941546699968306
P3,R02,training,09,275,0,0.0,0.0,0.25010067389623575,0.24947626676060736
P3,R02,training,09,276,0,0.0,0.0,0.25010067389623575,0.24953425242872138
P3,R02,training,09,277,0,0.0,0.0,0.25010067389623575,0.24958942203506773
P3,R02,training,09,278,0,0.0,0.0,0.25010067389623575,0.24964177370602736
P3,R02,training,09,279,0,0.0,0.0,0.25010067389623575,0.2496913056634257
P3,R02,training,09,280,0,0.0,0.0,0.25010067389623575,0.2497380162246333
P3,R02,training,09,281,0,0.0,0.0,0.25010067389623575,0.24978190380266108
P3,R02,training,09,282,0,0.0,0.0,0.25010067389623575,0.2498229669062501
P3,R02,training,09,283,0,0.0,0.0,0.25010067389623575,0.24986120413995613
P3,R02,training,09,284,0,0.0,0.0,0.25010067389623575,0.24989661420422876
P3,R02,training,09,285,0,0.0,0.0,0.25010067389623575,0.2499291958954848
P3,R02,training,09,286,0,0.0,0.0,0.25010067389623575,0.24995894810617658
P3,R02,training,09,287,0,0.0,0.0,0.25010067389623575,0.24998586982485468
P3,R02,training,09,288,0,0.0,0.3331673506590771,0.2504495110422719,0.25035867075589646
P3,R02,training,09,289,0,0.0,0.3331673506590771,0.2504495110422719,0.25037995849137185
P3,R02,training,09,290,0,0.0,0.3331673506590771,0.2504495110422719,0.25039840932626023
P3,R02,training,09,291,0,0.0,0.3331673506590771,0.2504495110422719,0.25041402263315005
P3,R02,training,09,292,0,0.0,0.3331673506590771,0.2504495110422719,0.2504267978810943
P3,R02,training,09,293,0,0.0,0.3331673506590771,0.2504495110422719,0.2504367346356407
P3,R02,training,09,294,0,0.0,0.3331673506590771,0.2504495110422719,0.25044383255885666
P3,R02,training,09,295,0,0.0,0.3331673506590771,0.2504495110422719,0.2504480914093477
P3,R02,training,09,296,0,0.0,0.3331673506590771,0.2504495110422719,0.2504495110422719
P3,R02,training,09,297,0,0.0,0.3331673506590771,0.2504495110422719,0.2504480914093477
P3,R02,training,09,298,0,0.0,0.3331673506590771,0.2504495110422719,0.25044383255885666
P3,R02,training,09,299,0,0.0,0.3331673506590771,0.2504495110422719,0.2504367346356407
P3,R02,training,09,300,0,0.0,0.3331673506590771,0.2504495110422719,0.2504267978810943
P3,R02,training,09,301,0,0.0,0.3331673506590771,0.2504495110422719,0.25041402263315005
P3,R02,training,09,302,0,0.0,0.3331673506590771,0.2504495110422719,0.25039840932626023
P3,R02,training,09,303,0,0.0,0.3331673506590771,0.2504495110422719,0.25037995849137185
P3,R02,training,09,304,0,0.0,0.0,0.2486212321925424,0.24853105503932138
P3,R02,training,09,305,0,0.0,0.0,0.2486212321925424,0.24850710723141045
P3,R02,training,09,306,0,0.0,0.0,0.2486212321925424,0.24848034476505554
P3,R02,training,09,307,0,0.0,0.0,0.2486212321925424,0.24845076855013612
P3,R02,training,09,308,0,0.0,0.0,0.2486212321925424,0.24841837959211857
P3,R02,training,09,309,0,0.0,0.0,0.2486212321925424,0.2483831789919989
P3,R02,training,09,310,0,0.0,0.0,0.2486212321925424,0.24834516794624067
P3,R02,training,09,311,0,0.0,0.0,0.2486212321925424,0.24830434774670698
P3,R02,training,09,312,0,0.0,0.0,0.2486212321925424,0.2482607197805875
P3,R02,training,09,313,0,0.0,0.0,0.2486212321925424,0.2482142855303197
P3,R02,training,09,314,0,0.0,0.0,0.2486212321925424,0.24816504657350508
P3,R02,training,09,315,0,0.0,0.0,0.2486212321925424,0.24811300458281968
P3,R02,training,09,316,0,0.0,0.0,0.2486212321925424,0.24805816132591946
P3,R02,training,09,317,0,0.0,0.0,0.2486212321925424,0.24800051866534034
P3,R02,training,09,318,0,0.0,0.0,0.2486212321925424,0.2479400785583925
P3,R02,training,09,319,0,0.0,0.0,0.2486212321925424,0.2478768430570499
P3,R02,training,09,320,0,1.0,0.6669776424507976,0.2460852174145268,0.24528306604717837
P3,R02,training,09,321,0,1.0,0.6669776424507976,0.2460852174145268,0.2452149482741982
P3,R02,training,09,322,0,1.0,0.6669776424507976,0.2460852174145268,0.24514407027486754
P3,R02,training,09,323,0,1.0,0.6669776424507976,0.2460852174145268,0.24507043445381974
P3,R02,training,09,324,0,1.0,0.6669776424507976,0.2460852174145268,0.24499404330875907
P3,R02,training,09,325,0,1.0,0.6669776424507976,0.2460852174145268,0.24491489943031922
P3,R02,training,09,326,0,1.0,0.6669776424507976,0.2460852174145268,0.2448330055019171
P3,R02,training,09,327,0,1.0,0.6669776424507976,0.2460852174145268,0.24474836429960115
P3,R02,training,09,328,0,1.0,0.6669776424507976,0.2460852174145268,0.24466097869189446
P3,R02,training,09,329,0,1.0,0.6669776424507976,0.2460852174145268,0.24457085163963277
P3,R02,training,09,330,0,1.0,0.6669776424507976,0.2460852174145268,0.24447798619579725
P3,R02,training,09,331,0,1.0,0.6669776424507976,0.2460852174145268,0.24438238550534225
P3,R02,training,09,332,0,1.0,0.6669776424507976,0.2460852174145268,0.24428405280501764
P3,R02,training,09,333,0,1.0,0.6669776424507976,0.2460852174145268,0.24418299142318622
P3,R02,training,09,334,0,1.0,0.6669776424507976,0.2460852174145268,0.244079204779636
P3,R02,training,09,335,0,1.0,0.6669776424507976,0.2460852174145268,0.24397269638538732
P3,R02,training,09,336,0,0.0,0.3331859679890644,0.22510369086417892,0.22307137220689663
P3,R02,training,09,337,0,0.0,0.3331859679890644,0.22510369086417892,0.22296897543467306
P3,R02,training,09,338,0,0.0,0.3331859679890644,0.22510369086417892,0.2228640991054315
P3,R02,training,09,339,0,0.0,0.3331859679890644,0.22510369086417892,0.22275674676279628
P3,R02,training,09,340,0,0.0,0.3331859679890644,0.22510369086417892,0.22264692203289368
P3,R02,training,09,341,0,0.0,0.3331859679890644,0.22510369086417892,0.22253462862414805
P3,R02,training,09,342,0,0.0,0.3331859679890644,0.22510369086417892,0.22241987032707303
P3,R02,training,09,343,0,0.0,0.3331859679890644,0.22510369086417892,0.22230265101405808
P3,R02,training,09,344,0,0.0,0.3331859679890644,0.22510369086417892,0.22218297463915113
P3,R02,training,09,345,0,0.0,0.3331859679890644,0.22510369086417892,0.22206084523783587
P3,R02,training,09,346,0,0.0,0.3331859679890644,0.22510369086417892,0.22193626692680524
P3,R02,training,09,347,0,0.0,0.3331859679890644,0.22510369086417892,0.2218092439037301
P3,R02,training,09,348,0,0.0,0.3331859679890644,0.22510369086417892,0.22167978044702338
P3,R02,training,09,349,0,0.0,0.3331859679890644,0.22510369086417892,0.22154788091560013
P3,R02,training,09,350,0,0.0,0.3331859679890644,0.22510369086417892,0.22141354974863267
P3,R02,training,09,351,0,0.0,0.3331859679890644,0.22510369086417892,0.22127679146530188
P3,R02,training,09,352,0,1.0,0.3337207635228016,0.2036422512822884,0.20005429811493158
P3,R02,training,09,353,0,1.0,0.3337207635228016,0.2036422512822884,0.19992619952326907
P3,R02,training,09,354,0,1.0,0.3337207635228016,0.2036422512822884,0.19979591791402976
P3,R02,training,09,355,0,1.0,0.3337207635228016,0.2036422512822884,0.19966345766272475
P3,R02,training,09,356,0,1.0,0.3337207635228016,0.2036422512822884,0.19952882321606003
P3,R02,training,09,357,0,1.0,0.3337207635228016,0.2036422512822884,0.19939201909168777
P3,R02,training,09,358,0,1.0,0.3337207635228016,0.2036422512822884,0.1992530498779539
P3,R02,training,09,359,0,1.0,0.3337207635228016,0.2036422512822884,0.19911192023364127
P3,R02,training,09,360,0,1.0,0.3337207635228016,0.2036422512822884,0.19896863488770972
P3,R02,training,09,361,0,1.0,0.3337207635228016,0.2036422512822884,0.19882319863903183
P3,R02,training,09,362,0,1.0,0.3337207635228016,0.2036422512822884,0.19867561635612502
P3,R02,training,09,363,0,1.0,0.3337207635228016,0.2036422512822884,0.19852589297688022
P3,R02,training,09,364,0,1.0,0.3337207635228016,0.2036422512822884,0.1983740335082862
P3,R02,training,09,365,0,1.0,0.3337207635228016,0.2036422512822884,0.1982200430261508
P3,R02,training,09,366,0,1.0,0.3337207635228016,0.2036422512822884,0.19806392667481806
P3,R02,training,09,367,0,1.0,0.3337207635228016,0.2036422512822884,0.19790568966688193
P3,R02,training,09,368,0,0.0,0.3330533802780717,0.1817669118842427,0.17650344695706174
P3,R02,training,09,369,0,0.0,0.3330533802780717,0.1817669118842427,0.17635843632833892
P3,R02,training,09,370,0,0.0,0.3330533802780717,0.1817669118842427,0.17621154716573942
P3,R02,training,09,371,0,0.0,0.3330533802780717,0.1817669118842427,0.17606278436297085
P3,R02,training,09,372,0,0.0,0.3330533802780717,0.1817669118842427,0.1759121528733327
P3,R02,training,09,373,0,0.0,0.3330533802780717,0.1817669118842427,0.17575965770944146
P3,R02,training,09,374,0,0.0,0.3330533802780717,0.1817669118842427,0.17560530394295293
P3,R02,training,09,375,0,0.0,0.3330533802780717,0.1817669118842427,0.1754490967042809
P3,R02,training,09,376,0,0.0,0.3330533802780717,0.1817669118842427,0.1752910411823131
P3,R02,training,09,377,0,0.0,0.3330533802780717,0.1817669118842427,0.17513114262412402
P3,R02,training,09,378,0,0.0,0.3330533802780717,0.1817669118842427,0.17496940633468464
P3,R02,training,09,379,0,0.0,0.3330533802780717,0.1817669118842427,0.17480583767656913
P3,R02,training,09,380,0,0.0,0.3330533802780717,0.1817669118842427,0.17464044206965865
P3,R02,training,09,381,0,0.0,0.3330533802780717,0.1817669118842427,0.17447322499084209
P3,R02,training,09,382,0,0.0,0.3330533802780717,0.1817669118842427,0.17430419197371388
P3,R02,training,09,383,0,0.0,0.3330533802780717,0.1817669118842427,0.17413334860826893
P3,R02,training,09,384,0,0.0,0.0,0.15973682189033223,0.15287672079650538
P3,R02,training,09,385,0,0.0,0.0,0.15973682189033223,0.15272341665579509
P3,R02,training,09,386,0,0.0,0.0,0.15973682189033223,0.1525685366125262
P3,R02,training,09,387,0,0.0,0.0,0.15973682189033223,0.15241208577471513
P3,R02,training,09,388,0,0.0,0.0,0.15973682189033223,0.15225406929856444
P3,R02,training,09,389,0,0.0,0.0,0.15973682189033223,0.15209449238818
P3,R02,training,09,390,0,0.0,0.0,0.15973682189033223,0.1519333602952852
P3,R02,training,09,391,0,0.0,0.0,0.15973682189033223,0.15177067831893323
P3,R02,training,09,392,0,0.0,0.0,0.15973682189033223,0.1516064518052166
P3,R02,training,09,393,0,0.0,0.0,0.15973682189033223,0.15144068614697462
P3,R02,training,09,394,0,0.0,0.0,0.15973682189033223,0.15127338678349836
P3,R02,training,09,395,0,0.0,0.0,0.15973682189033223,0.15110455920023325
P3,R02,training,09,396,0,0.0,0.0,0.15973682189033223,0.15093420892847967
P3,R02,training,09,397,0,0.0,0.0,0.15973682189033223,0.15076234154509086
P3,R02,training,09,398,0,0.0,0.0,0.15973682189033223,0.15058896267216898
P3,R02,training,09,399,0,0.0,0.0,0.15973682189033223,0.15041407797675882
P3,R02,training,09,400,0,0.0,0.0,0.15532401154027592,0.14608730104713316
P3,R02,training,09,401,0,0.0,0.0,0.15532401154027592,0.14591433588773417
P3,R02,training,09,402,0,0.0,0.0,0.15532401154027592,0.14573992329561808
P3,R02,training,09,403,0,0.0,0.0,0.15532401154027592,0.1455640689530577
P3,R02,training,09,404,0,0.0,0.0,0.15532401154027592,0.145386778584506
P3,R02,training,09,405,0,0.0,0.0,0.15532401154027592,0.14520805795628566
P3,R02,training,09,406,0,0.0,0.0,0.15532401154027592,0.14502791287627692
P3,R02,training,09,407,0,0.0,0.0,0.15532401154027592,0.14484634919360326
P3,R02,training,09,408,0,0.0,0.0,0.15532401154027592,0.14466337279831504
P3,R02,training,09,409,0,0.0,0.0,0.15532401154027592,0.14447898962107145
P3,R02,training,09,410,0,0.0,0.0,0.15532401154027592,0.14429320563282047
P3,R02,training,09,411,0,0.0,0.0,0.15532401154027592,0.14410602684447682
P3,R02,training,09,412,0,0.0,0.0,0.15532401154027592,0.14391745930659827
P3,R02,training,09,413,0,0.0,0.0,0.15532401154027592,0.14372750910905993
P3,R02,training,09,414,0,0.0,0.0,0.15532401154027592,0.1435361823807269
P3,R02,training,09,415,0,0.0,0.0,0.15532401154027592,0.14334348528912508
P3,R02,training,09,416,0,0.0,0.0,0.13199026353931306,0.12164461899476291
P3,R02,training,09,417,0,0.0,0.0,0.13199026353931306,0.12147855692545918
P3,R02,training,09,418,0,0.0,0.0,0.13199026353931306,0.12131134627476088
P3,R02,training,09,419,0,0.0,0.0,0.13199026353931306,0.1211429924122541
P3,R02,training,09,420,0,0.0,0.0,0.13199026353931306,0.12097350073895717
P3,R02,training,09,421,0,0.0,0.0,0.13199026353931306,0.12080287668703235
P3,R02,training,09,422,0,0.0,0.0,0.13199026353931306,0.12063112571949601
P3,R02,training,09,423,0,0.0,0.0,0.13199026353931306,0.12045825332992764
P3,R02,training,09,424,0,0.0,0.0,0.13199026353931306,0.1202842650421774
P3,R02,training,09,425,0,0.0,0.0,0.13199026353931306,0.12010916641007244
P3,R02,training,09,426,0,0.0,0.0,0.13199026353931306,0.11993296301712196
P3,R02,training,09,427,0,0.0,0.0,0.13199026353931306,0.11975566047622097
P3,R02,training,09,428,0,0.0,0.0,0.13199026353931306,0.1195772644293529
P3,R02,training,09,429,0,0.0,0.0,0.13199026353931306,0.11939778054729085
P3,R02,training,09,430,0,0.0,0.0,0.13199026353931306,0.11921721452929783
P3,R02,training,09,431,0,0.0,0.0,0.13199026353931306,0.11903557210282568
P3,R02,training,09,432,0,1.0,0.33359320528747294,0.12661896475572892,0.11401618243830157
P3,R02,training,09,433,0,1.0,0.33359320528747294,0.12661896475572892,0.11383988326949483
P3,R02,training,09,434,0,1.0,0.33359320528747294,0.12661896475572892,0.11366256813875703
P3,R02,training,09,435,0,1.0,0.33359320528747294,0.12661896475572892,0.11348424264572099
P3,R02,training,09,436,0,1.0,0.33359320528747294,0.12661896475572892,0.11330491241560146
P3,R02,training,09,437,0,1.0,0.33359320528747294,0.12661896475572892,0.11312458309890011
P3,R02,training,09,438,0,1.0,0.33359320528747294,0.12661896475572892,0.11294326037110945
P3,R02,training,09,439,0,1.0,0.33359320528747294,0.12661896475572892,0.11276094993241599
P3,R02,training,09,440,0,1.0,0.33359320528747294,0.12661896475572892,0.11257765750740234
P3,R02,training,09,441,0,1.0,0.33359320528747294,0.12661896475572892,0.11239338884474843
P3,R02,training,09,442,0,1.0,0.33359320528747294,0.12661896475572892,0.11220814971693194
P3,R02,training,09,443,0,1.0,0.33359320528747294,0.12661896475572892,0.11202194591992776
P3,R02,training,09,444,0,1.0,0.33359320528747294,0.12661896475572892,0.11183478327290662
P3,R02,training,09,445,0,1.0,0.33359320528747294,0.12661896475572892,0.11164666761793299
P3,R02,training,09,446,0,1.0,0.33359320528747294,0.12661896475572892,0.11145760481966212
P3,R02,training,09,447,0,1.0,0.33359320528747294,0.12661896475572892,0.1112676007650363
P3,R02,training,09,448,0,0.0,0.0,0.08500479467517906,0.07457057329903131
P3,R02,training,09,449,0,0.0,0.0,0.08500479467517906,0.0744417634514288
P3,R02,training,09,450,0,0.0,0.0,0.08500479467517906,0.07431233364187625
P3,R02,training,09,451,0,0.0,0.0,0.08500479467517906,0.07418228788033322
P3,R02,training,09,452,0,0.0,0.0,0.08500479467517906,0.0740516301906948
P3,R02,training,09,453,0,0.0,0.0,0.08500479467517906,0.07392036461058488
P3,R02,training,09,454,0,0.0,0.0,0.08500479467517906,0.07378849519114908
P3,R02,training,09,455,0,0.0,0.0,0.08500479467517906,0.07365602599684722
P3,R02,training,09,456,0,0.0,0.0,0.08500479467517906,0.07352296110524544
P3,R02,training,09,457,0,0.0,0.0,0.08500479467517906,0.07338930460680788
P3,R02,training,09,458,0,0.0,0.0,0.08500479467517906,0.07325506060468817
P3,R02,training,09,459,0,0.0,0.0,0.08500479467517906,0.07312023321452031
P3,R02,training,09,460,0,0.0,0.0,0.08500479467517906,0.07298482656420953
P3,R02,training,09,461,0,0.0,0.0,0.08500479467517906,0.0728488447937226
P3,R02,training,09,462,0,0.0,0.0,0.08500479467517906,0.07271229205487799
P3,R02,training,09,463,0,0.0,0.0,0.08500479467517906,0.07257517251113563
P3,R02,training,09,464,0,0.0,0.0,0.06319530593748231,0.053852366571873235
P3,R02,training,09,465,0,0.0,0.0,0.06319530593748231,0.053749594038177806
P3,R02,training,09,466,0,0.0,0.0,0.06319530593748231,0.05364640945955459
P3,R02,training,09,467,0,0.0,0.0,0.06319530593748231,0.053542815964306344
P3,R02,training,09,468,0,0.0,0.0,0.06319530593748231,0.05343881668860647
P3,R02,training,09,469,0,0.0,0.0,0.06319530593748231,0.053334414776341765
P3,R02,training,09,470,0,0.0,0.0,0.06319530593748231,0.05322961337895499
P3,R02,training,09,471,0,0.0,0.0,0.06319530593748231,0.05312441565528734
P3,R02,training,09,472,0,0.0,0.0,0.06319530593748231,0.053018824771420815
P3,R02,training,09,473,0,0.0,0.0,0.06319530593748231,0.0529128439005205
P3,R02,training,09,474,0,0.0,0.0,0.06319530593748231,0.052806476222676695
P3,R02,training,09,475,0,0.0,0.0,0.06319530593748231,0.05269972492474704
P3,R02,training,09,476,0,0.0,0.0,0.06319530593748231,0.052592593200198545
P3,R02,training,09,477,0,0.0,0.0,0.06319530593748231,0.05248508424894953
P3,R02,training,09,478,0,0.0,0.0,0.06319530593748231,0.05237720127721161
P3,R02,training,09,479,0,0.0,0.0,0.06319530593748231,0.05226894749733153
P3,R02,training,09,480,0,0.0,0.0,0.04227672150368968,0.034894483831142374
P3,R02,training,09,481,0,0.0,0.0,0.04227672150368968,0.03482157399212923
P3,R02,training,09,482,0,0.0,0.0,0.04227672150368968,0.03474842255857876
P3,R02,training,09,483,0,0.0,0.0,0.04227672150368968,0.034675031694862676
P3,R02,training,09,484,0,0.0,0.0,0.04227672150368968,0.034601403568928046
P3,R02,training,09,485,0,0.0,0.0,0.04227672150368968,0.03452754035219157
P3,R02,training,09,486,0,0.0,0.0,0.04227672150368968,0.03445344421943386
P3,R02,training,09,487,0,0.0,0.0,0.04227672150368968,0.034379117348693734
P3,R02,training,09,488,0,0.0,0.0,0.04227672150368968,0.03430456192116253
P3,R02,training,09,489,0,0.0,0.0,0.04227672150368968,0.03422978012107859
P3,R02,training,09,490,0,0.0,0.0,0.04227672150368968,0.03415477413562162
P3,R02,training,09,491,0,0.0,0.0,0.04227672150368968,0.03407954615480724
P3,R02,training,09,492,0,0.0,0.0,0.04227672150368968,0.0340040983713816
P3,R02,training,09,493,0,0.0,0.0,0.04227672150368968,0.033928432980716
P3,R02,training,09,494,0,0.0,0.0,0.04227672150368968,0.03385255218070165
P3,R02,training,09,495,0,0.0,0.0,0.04227672150368968,0.0337764581716445
P3,R02,training,09,496,0,0.0,0.0,0.022462033327423647,0.017905219146827335
P3,R02,training,09,497,0,0.0,0.0,0.022462033327423647,0.017864566611616946
P3,R02,training,09,498,0,0.0,0.0,0.022462033327423647,0.017823804310640207
P3,R02,training,09,499,0,0.0,0.0,0.022462033327423647,0.017782933417515343
P3,R02,training,09,500,0,0.0,0.0,0.022462033327423647,0.01774195510686505
P3,R02,training,09,501,0,0.0,0.0,0.022462033327423647,0.01770087055426096
P3,R02,training,09,502,0,0.0,0.0,0.022462033327423647,0.017659680936168244
P3,R02,training,09,503,0,0.0,0.0,0.022462033327423647,0.017618387429890237
P3,R02,training,09,504,0,0.0,0.0,0.022462033327423647,0.017576991213513155
P3,R02,training,09,505,0,0.0,0.0,0.022462033327423647,0.017535493465850923
P3,R02,training,09,506,0,0.0,0.0,0.022462033327423647,0.017493895366390066
P3,R02,training,09,507,0,0.0,0.0,0.022462033327423647,0.017452198095234683
P3,R02,training,09,508,0,0.0,0.0,0.022462033327423647,0.01741040283305157
P3,R02,training,09,509,0,0.0,0.0,0.022462033327423647,0.01736851076101536
P3,R02,training,09,510,0,0.0,0.0,0.022462033327423647,0.017326523060753836
P3,R02,training,09,511,0,0.0,0.0,0.022462033327423647,0.017284440914293313
P3,R02,training,09,512,0,0.0,0.0,0.021473647297868177,0.016483562402925696
P3,R02,training,09,513,0,0.0,0.0,0.021473647297868177,0.01644315478752863
P3,R02,training,09,514,0,0.0,0.0,0.021473647297868177,0.01640266027361122
P3,R02,training,09,515,0,0.0,0.0,0.021473647297868177,0.016362079992191716
P3,R02,training,09,516,0,0.0,0.0,0.021473647297868177,0.01632141507440998
P3,R02,training,09,517,0,0.0,0.0,0.021473647297868177,0.01628066665147593
P3,R02,training,09,518,0,0.0,0.0,0.021473647297868177,0.016239835854618162
P3,R02,training,09,519,0,0.0,0.0,0.021473647297868177,0.016198923815032643
P3,R02,training,09,520,0,0.0,0.0,0.021473647297868177,0.016157931663831573
P3,R02,training,09,521,0,0.0,0.0,0.021473647297868177,0.01611686053199238
P3,R02,training,09,522,0,0.0,0.0,0.021473647297868177,0.01607571155030683
P3,R02,training,09,523,0,0.0,0.0,0.021473647297868177,0.016034485849330277
P3,R02,training,09,524,0,0.0,0.0,0.021473647297868177,0.01599318455933108
P3,R02,training,09,525,0,0.0,0.0,0.021473647297868177,0.01595180881024014
P3,R02,training,09,526,0,0.0,0.0,0.021473647297868177,0.01591035973160062
P3,R02,training,09,527,0,0.0,0.0,0.021473647297868177,0.015868838452517756
P3,R02,training,09,528,0,0.0,0.0,0.020324488239823687,0.014980253368177487
P3,R02,training,09,529,0,0.0,0.0,0.020324488239823687,0.014940820625056618
P3,R02,training,09,530,0,0.0,0.0,0.020324488239823687,0.014901322748373191
P3,R02,training,09,531,0,0.0,0.0,0.020324488239823687,0.014861760804678962
P3,R02,training,09,532,0,0.0,0.0,0.020324488239823687,0.014822135859876129
P3,R02,training,09,533,0,0.0,0.0,0.020324488239823687,0.014782448979170793
P3,R02,training,09,534,0,0.0,0.0,0.020324488239823687,0.014742701227026566
P3,R02,training,09,535,0,0.0,0.0,0.020324488239823687,0.014702893667118362
P3,R02,training,09,536,0,0.0,0.0,0.020324488239823687,0.014663027362286342
P3,R02,training,09,537,0,0.0,0.0,0.020324488239823687,0.014623103374490043
P3,R02,training,09,538,0,0.0,0.0,0.020324488239823687,0.01458312276476267
P3,R02,training,09,539,0,0.0,0.0,0.020324488239823687,0.01454308659316558
P3,R02,training,09,540,0,0.0,0.0,0.020324488239823687,0.014502995918742913
P3,R02,training,09,541,0,0.0,0.0,0.020324488239823687,0.014462851799476456
P3,R02,training,09,542,0,0.0,0.0,0.020324488239823687,0.01442265529224063
P3,R02,training,09,543,0,0.0,0.0,0.020324488239823687,0.014382407452757727
P3,R02,training,09,544,0,0.0,0.0,0.019045416639335448,0.013439524014548291
P3,R02,training,09,545,0,0.0,0.0,0.019045416639335448,0.013401715833462167
P3,R02,training,09,546,0,0.0,0.0,0.019045416639335448,0.013363862511551609
P3,R02,training,09,547,0,0.0,0.0,0.019045416639335448,0.013325965033364907
P3,R02,training,09,548,0,0.0,0.0,0.019045416639335448,0.013288024382163558
P3,R02,training,09,549,0,0.0,0.0,0.019045416639335448,0.013250041539881376
P3,R02,training,09,550,0,0.0,0.0,0.019045416639335448,0.01321201748708382
P3,R02,training,09,551,0,0.0,0.0,0.019045416639335448,0.013173953202927493
P3,R02,training,09,552,0,0.0,0.0,0.019045416639335448,0.013135849665119855
P3,R02,training,09,553,0,0.0,0.0,0.019045416639335448,0.013097707849879122
P3,R02,training,09,554,0,0.0,0.0,0.019045416639335448,0.013059528731894374
P3,R02,training,09,555,0,0.0,0.0,0.019045416639335448,0.01302131328428586
P3,R02,training,09,556,0,0.0,0.0,0.019045416639335448,0.012983062478565498
P3,R02,training,09,557,0,0.0,0.0,0.019045416639335448,0.012944777284597605
P3,R02,training,09,558,0,0.0,0.0,0.019045416639335448,0.012906458670559817
P3,R02,training,09,559,0,0.0,0.0,0.019045416639335448,0.012868107602904215
P3,R02,training,09,560,0,0.0,0.0,0.0,0.0
P3,R02,training,09,561,0,0.0,0.0,0.0,0.0
P3,R02,training,09,562,0,0.0,0.0,0.0,0.0
P3,R02,training,09,563,0,0.0,0.0,0.0,0.0
P3,R02,training,09,564,0,0.0,0.0,0.0,0.0
P3,R02,training,09,565,0,0.0,0.0,0.0,0.0
P3,R02,training,09,566,0,0.0,0.0,0.0,0.0
P3,R02,training,09,567,0,0.0,0.0,0.0,0.0
P3,R02,training,09,568,0,0.0,0.0,0.0,0.0
P3,R02,training,09,569,0,0.0,0.0,0.0,0.0
P3,R02,training,09,570,0,0.0,0.0,0.0,0.0
P3,R02,training,09,571,0,0.0,0.0,0.0,0.0
P3,R02,training,09,572,0,0.0,0.0,0.0,0.0
P3,R02,training,09,573,0,0.0,0.0,0.0,0.0
P3,R02,training,09,574,0,0.0,0.0,0.0,0.0
P3,R02,training,09,575,0,0.0,0.0,0.0,0.0
P3,R02,training,09,576,0,0.0,0.0,0.0,0.0
P3,R02,training,09,577,0,0.0,0.0,0.0,0.0
P3,R02,training,09,578,0,0.0,0.0,0.0,0.0
P3,R02,training,09,579,0,0.0,0.0,0.0,0.0
P3,R02,training,09,580,0,0.0,0.0,0.0,0.0
P3,R02,training,09,581,0,0.0,0.0,0.0,0.0
P3,R02,training,09,582,0,0.0,0.0,0.0,0.0
P3,R02,training,09,583,0,0.0,0.0,0.0,0.0
P3,R02,training,09,584,0,0.0,0.0,0.0,0.0
P3,R02,training,09,585,0,0.0,0.0,0.0,0.0
P3,R02,training,09,586,0,0.0,0.0,0.0,0.0
P3,R02,training,09,587,0,0.0,0.0,0.0,0.0
P3,R02,training,09,588,0,0.0,0.0,0.0,0.0
P3,R02,training,09,589,0,0.0,0.0,0.0,0.0
P3,R02,training,09,590,0,0.0,0.0,0.0,0.0
P3,R02,training,09,591,0,0.0,0.0,0.0,0.0
P3,R02,training,09,592,0,0.0,0.0,0.0,0.0
P3,R02,training,09,593,0,0.0,0.0,0.0,0.0
P3,R02,training,09,594,0,0.0,0.0,0.0,0.0
A,R02,training,10,0,0,0.0,0.0,0.0,0.0
A,R02,training,10,1,0,0.0,0.0,0.0,0.0
A,R02,training,10,2,0,0.0,0.0,0.0,0.0
A,R02,training,10,3,0,0.0,0.0,0.0,0.0
A,R02,training,10,4,0,0.0,0.0,0.0,0.0
A,R02,training,10,5,0,0.0,0.0,0.0,0.0
A,R02,training,10,6,0,0.0,0.0,0.0,0.0
A,R02,training,10,7,0,0.0,0.0,0.0,0.0
A,R02,training,10,8,0,0.0,0.0,0.0,0.0
A,R02,training,10,9,0,0.0,0.0,0.0,0.0
A,R02,training,10,10,0,0.0,0.0,0.0,0.0
A,R02,training,10,11,0,0.0,0.0,0.0,0.0
A,R02,training,10,12,0,0.0,0.0,0.0,0.0
A,R02,training,10,13,0,0.0,0.0,0.0,0.0
A,R02,training,10,14,0,0.0,0.0,0.0,0.0
A,R02,training,10,15,0,0.0,0.0,0.0,0.0
A,R02,training,10,16,0,0.0,0.0,0.0,0.0
A,R02,training,10,17,0,0.0,0.0,0.0,0.0
A,R02,training,10,18,0,0.0,0.0,0.0,0.0
A,R02,training,10,19,0,0.0,0.0,0.0,0.0
A,R02,training,10,20,0,0.0,0.0,0.0,0.0
A,R02,training,10,21,0,0.0,0.0,0.0,0.0
A,R02,training,10,22,0,0.0,0.0,0.0,0.0
A,R02,training,10,23,0,0.0,0.0,0.0,0.0
A,R02,training,10,24,0,0.0,0.0,0.0,0.0
A,R02,training,10,25,0,0.0,0.0,0.0,0.0
A,R02,training,10,26,0,0.0,0.0,0.0,0.0
A,R02,training,10,27,0,0.0,0.0,0.0,0.0
A,R02,training,10,28,0,0.0,0.0,0.0,0.0
A,R02,training,10,29,0,0.0,0.0,0.0,0.0
A,R02,training,10,30,0,0.0,0.0,0.0,0.0
A,R02,training,10,31,0,0.0,0.0,0.0,0.0
A,R02,training,10,32,0,0.0,0.0,0.0,0.0
A,R02,training,10,33,0,0.0,0.0,0.0,0.0
A,R02,training,10,34,0,0.0,0.0,0.0,0.0
A,R02,training,10,35,0,0.0,0.0,0.0,0.0
A,R02,training,10,36,0,0.0,0.0,0.0,0.0
A,R02,training,10,37,0,0.0,0.0,0.0,0.0
A,R02,training,10,38,0,0.0,0.0,0.0,0.0
A,R02,training,10,39,0,0.0,0.0,0.0,0.0
A,R02,training,10,40,0,0.0,0.0,0.0,0.0
A,R02,training,10,41,0,0.0,0.0,0.0,0.0
A,R02,training,10,42,0,0.0,0.0,0.0,0.0
A,R02,training,10,43,0,0.0,0.0,0.0,0.0
A,R02,training,10,44,0,0.0,0.0,0.0,0.0
A,R02,training,10,45,0,0.0,0.0,0.0,0.0
A,R02,training,10,46,0,0.0,0.0,0.0,0.0
A,R02,training,10,47,0,0.0,0.0,0.0,0.0
A,R02,training,10,48,0,0.0,0.0,0.0,0.0
A,R02,training,10,49,0,0.0,0.0,0.0,0.0
A,R02,training,10,50,0,0.0,0.0,0.0,0.0
A,R02,training,10,51,0,0.0,0.0,0.0,0.0
A,R02,training,10,52,0,0.0,0.0,0.0,0.0
A,R02,training,10,53,0,0.0,0.0,0.0,0.0
A,R02,training,10,54,0,0.0,0.0,0.0,0.0
A,R02,training,10,55,0,0.0,0.0,0.0,0.0
A,R02,training,10,56,0,0.0,0.0,0.0,0.0
A,R02,training,10,57,0,0.0,0.0,0.0,0.0
A,R02,training,10,58,0,0.0,0.0,0.0,0.0
A,R02,training,10,59,0,0.0,0.0,0.0,0.0
A,R02,training,10,60,0,0.0,0.0,0.0,0.0
A,R02,training,10,61,0,0.0,0.0,0.0,0.0
A,R02,training,10,62,0,0.0,0.0,0.0,0.0
A,R02,training,10,63,0,0.0,0.0,0.0,0.0
A,R02,training,10,64,0,0.0,0.0,0.0,0.0
A,R02,training,10,65,0,0.0,0.0,0.0,0.0
A,R02,training,10,66,0,0.0,0.0,0.0,0.0
A,R02,training,10,67,0,0.0,0.0,0.0,0.0
A,R02,training,10,68,0,0.0,0.0,0.0,0.0
A,R02,training,10,69,0,0.0,0.0,0.0,0.0
A,R02,training,10,70,0,0.0,0.0,0.0,0.0
A,R02,training,10,71,0,0.0,0.0,0.0,0.0
A,R02,training,10,72,0,0.0,0.0,0.0,0.0
A,R02,training,10,73,0,0.0,0.0,0.0,0.0
A,R02,training,10,74,0,0.0,0.0,0.0,0.0
A,R02,training,10,75,0,0.0,0.0,0.0,0.0
A,R02,training,10,76,0,0.0,0.0,0.0,0.0
A,R02,training,10,77,0,0.0,0.0,0.0,0.0
A,R02,training,10,78,0,0.0,0.0,0.0,0.0
A,R02,training,10,79,0,0.0,0.0,0.0,0.0
A,R02,training,10,80,0,0.0,0.0,0.0,0.0
A,R02,training,10,81,0,0.0,0.0,0.0,0.0
A,R02,training,10,82,0,0.0,0.0,0.0,0.0
A,R02,training,10,83,0,0.0,0.0,0.0,0.0
A,R02,training,10,84,0,0.0,0.0,0.0,0.0
A,R02,training,10,85,0,0.0,0.0,0.0,0.0
A,R02,training,10,86,0,0.0,0.0,0.0,0.0
A,R02,training,10,87,0,0.0,0.0,0.0,0.0
A,R02,training,10,88,0,0.0,0.0,0.0,0.0
A,R02,training,10,89,0,0.0,0.0,0.0,0.0
A,R02,training,10,90,0,0.0,0.0,0.0,0.0
A,R02,training,10,91,0,0.0,0.0,0.0,0.0
A,R02,training,10,92,0,0.0,0.0,0.0,0.0
A,R02,training,10,93,0,0.0,0.0,0.0,0.0
A,R02,training,10,94,0,0.0,0.0,0.0,0.0
A,R02,training,10,95,0,0.0,0.0,0.0,0.0
A,R02,training,10,96,0,0.0,0.0,0.0,0.0
A,R02,training,10,97,0,0.0,0.0,0.0,0.0
A,R02,training,10,98,0,0.0,0.0,0.0,0.0
A,R02,training,10,99,0,0.0,0.0,0.0,0.0
A,R02,training,10,100,0,0.0,0.0,0.0,0.0
A,R02,training,10,101,0,0.0,0.0,0.0,0.0
A,R02,training,10,102,0,0.0,0.0,0.0,0.0
A,R02,training,10,103,0,0.0,0.0,0.0,0.0
A,R02,training,10,104,0,0.0,0.0,0.0,0.0
A,R02,training,10,105,0,0.0,0.0,0.0,0.0
A,R02,training,10,106,0,0.0,0.0,0.0,0.0
A,R02,training,10,107,0,0.0,0.0,0.0,0.0
A,R02,training,10,108,0,0.0,0.0,0.0,0.0
A,R02,training,10,109,0,0.0,0.0,0.0,0.0
A,R02,training,10,110,0,0.0,0.0,0.0,0.0
A,R02,training,10,111,0,0.0,0.0,0.0,0.0
A,R02,training,10,112,0,0.0,0.0,0.0,0.0
A,R02,training,10,113,0,0.0,0.0,0.0,0.0
A,R02,training,10,114,0,0.0,0.0,0.0,0.0
A,R02,training,10,115,0,0.0,0.0,0.0,0.0
A,R02,training,10,116,0,0.0,0.0,0.0,0.0
A,R02,training,10,117,0,0.0,0.0,0.0,0.0
A,R02,training,10,118,0,0.0,0.0,0.0,0.0
A,R02,training,10,119,0,0.0,0.0,0.0,0.0
A,R02,training,10,120,0,0.0,0.0,0.0,0.0
A,R02,training,10,121,0,0.0,0.0,0.0,0.0
A,R02,training,10,122,0,0.0,0.0,0.0,0.0
A,R02,training,10,123,0,0.0,0.0,0.0,0.0
A,R02,training,10,124,0,0.0,0.0,0.0,0.0
A,R02,training,10,125,0,0.0,0.0,0.0,0.0
A,R02,training,10,126,0,0.0,0.0,0.0,0.0
A,R02,training,10,127,0,0.0,0.0,0.0,0.0
A,R02,training,10,128,0,0.0,0.0,0.0,0.0
A,R02,training,10,129,0,0.0,0.0,0.0,0.0
A,R02,training,10,130,0,0.0,0.0,0.0,0.0
A,R02,training,10,131,0,0.0,0.0,0.0,0.0
A,R02,training,10,132,0,0.0,0.0,0.0,0.0
A,R02,training,10,133,0,0.0,0.0,0.0,0.0
A,R02,training,10,134,0,0.0,0.0,0.0,0.0
A,R02,training,10,135,0,0.0,0.0,0.0,0.0
A,R02,training,10,136,0,0.0,0.0,0.0,0.0
A,R02,training,10,137,0,0.0,0.0,0.0,0.0
A,R02,training,10,138,0,0.0,0.0,0.0,0.0
A,R02,training,10,139,0,0.0,0.0,0.0,0.0
A,R02,training,10,140,0,0.0,0.0,0.0,0.0
A,R02,training,10,141,0,0.0,0.0,0.0,0.0
A,R02,training,10,142,0,0.0,0.0,0.0,0.0
A,R02,training,10,143,0,0.0,0.0,0.0,0.0
A,R02,training,10,144,0,0.0,0.0,0.0,0.0
A,R02,training,10,145,0,0.0,0.0,0.0,0.0
A,R02,training,10,146,0,0.0,0.0,0.0,0.0
A,R02,training,10,147,0,0.0,0.0,0.0,0.0
A,R02,training,10,148,0,0.0,0.0,0.0,0.0
A,R02,training,10,149,0,0.0,0.0,0.0,0.0
A,R02,training,10,150,0,0.0,0.0,0.0,0.0
A,R02,training,10,151,0,0.0,0.0,0.0,0.0
A,R02,training,10,152,0,0.0,0.0,0.0,0.0
A,R02,training,10,153,0,0.0,0.0,0.0,0.0
A,R02,training,10,154,0,0.0,0.0,0.0,0.0
A,R02,training,10,155,0,0.0,0.0,0.0,0.0
A,R02,training,10,156,0,0.0,0.0,0.0,0.0
A,R02,training,10,157,0,0.0,0.0,0.0,0.0
A,R02,training,10,158,0,0.0,0.0,0.0,0.0
A,R02,training,10,159,0,0.0,0.0,0.0,0.0
A,R02,training,10,160,0,0.0,0.0,0.0,0.0
A,R02,training,10,161,0,0.0,0.0,0.0,0.0
A,R02,training,10,162,0,0.0,0.0,0.0,0.0
A,R02,training,10,163,0,0.0,0.0,0.0,0.0
A,R02,training,10,164,0,0.0,0.0,0.0,0.0
A,R02,training,10,165,0,0.0,0.0,0.0,0.0
A,R02,training,10,166,0,0.0,0.0,0.0,0.0
A,R02,training,10,167,0,0.0,0.0,0.0,0.0
A,R02,training,10,168,0,0.0,0.0,0.0,0.0
A,R02,training,10,169,0,0.0,0.0,0.0,0.0
A,R02,training,10,170,0,0.0,0.0,0.0,0.0
A,R02,training,10,171,0,0.0,0.0,0.0,0.0
A,R02,training,10,172,0,0.0,0.0,0.0,0.0
A,R02,training,10,173,0,0.0,0.0,0.0,0.0
A,R02,training,10,174,0,0.0,0.0,0.0,0.0
A,R02,training,10,175,0,0.0,0.0,0.0,0.0
A,R02,training,10,176,0,0.0,0.0,0.0,0.0
A,R02,training,10,177,0,0.0,0.0,0.0,0.0
A,R02,training,10,178,0,0.0,0.0,0.0,0.0
A,R02,training,10,179,0,0.0,0.0,0.0,0.0
A,R02,training,10,180,0,0.0,0.0,0.0,0.0
A,R02,training,10,181,0,0.0,0.0,0.0,0.0
A,R02,training,10,182,0,0.0,0.0,0.0,0.0
A,R02,training,10,183,0,0.0,0.0,0.0,0.0
A,R02,training,10,184,0,0.0,0.0,0.0,0.0
A,R02,training,10,185,0,0.0,0.0,0.0,0.0
A,R02,training,10,186,0,0.0,0.0,0.0,0.0
A,R02,training,10,187,0,0.0,0.0,0.0,0.0
A,R02,training,10,188,0,0.0,0.0,0.0,0.0
A,R02,training,10,189,0,0.0,0.0,0.0,0.0
A,R02,training,10,190,0,0.0,0.0,0.0,0.0
A,R02,training,10,191,0,0.0,0.0,0.0,0.0
A,R02,training,10,192,0,0.0,0.0,0.0,0.0
A,R02,training,10,193,0,0.0,0.0,0.0,0.0
A,R02,training,10,194,0,0.0,0.0,0.0,0.0
A,R02,training,10,195,0,0.0,0.0,0.0,0.0
A,R02,training,10,196,0,0.0,0.0,0.0,0.0
A,R02,training,10,197,0,0.0,0.0,0.0,0.0
A,R02,training,10,198,0,0.0,0.0,0.0,0.0
A,R02,training,10,199,0,0.0,0.0,0.0,0.0
A,R02,training,10,200,0,0.0,0.0,0.0,0.0
A,R02,training,10,201,0,0.0,0.0,0.0,0.0
A,R02,training,10,202,0,0.0,0.0,0.0,0.0
A,R02,training,10,203,0,0.0,0.0,0.0,0.0
A,R02,training,10,204,0,0.0,0.0,0.0,0.0
A,R02,training,10,205,0,0.0,0.0,0.0,0.0
A,R02,training,10,206,0,0.0,0.0,0.0,0.0
A,R02,training,10,207,0,0.0,0.0,0.0,0.0
A,R02,training,10,208,0,0.0,0.0,0.0,0.0
A,R02,training,10,209,0,0.0,0.0,0.0,0.0
A,R02,training,10,210,0,0.0,0.0,0.0,0.0
A,R02,training,10,211,0,0.0,0.0,0.0,0.0
A,R02,training,10,212,0,0.0,0.0,0.0,0.0
A,R02,training,10,213,0,0.0,0.0,0.0,0.0
A,R02,training,10,214,0,0.0,0.0,0.0,0.0
A,R02,training,10,215,0,0.0,0.0,0.0,0.0
A,R02,training,10,216,0,0.0,0.0,0.0,0.0
A,R02,training,10,217,0,0.0,0.0,0.0,0.0
A,R02,training,10,218,0,0.0,0.0,0.0,0.0
A,R02,training,10,219,0,0.0,0.0,0.0,0.0
A,R02,training,10,220,0,0.0,0.0,0.0,0.0
A,R02,training,10,221,0,0.0,0.0,0.0,0.0
A,R02,training,10,222,0,0.0,0.0,0.0,0.0
A,R02,training,10,223,0,0.0,0.0,0.0,0.0
A,R02,training,10,224,0,0.0,0.0,0.0,0.0
A,R02,training,10,225,0,0.0,0.0,0.0,0.0
A,R02,training,10,226,0,0.0,0.0,0.0,0.0
A,R02,training,10,227,0,0.0,0.0,0.0,0.0
A,R02,training,10,228,0,0.0,0.0,0.0,0.0
A,R02,training,10,229,0,0.0,0.0,0.0,0.0
A,R02,training,10,230,0,0.0,0.0,0.0,0.0
A,R02,training,10,231,0,0.0,0.0,0.0,0.0
A,R02,training,10,232,0,0.0,0.0,0.0,0.0
A,R02,training,10,233,0,0.0,0.0,0.0,0.0
A,R02,training,10,234,0,0.0,0.0,0.0,0.0
A,R02,training,10,235,0,0.0,0.0,0.0,0.0
A,R02,training,10,236,0,0.0,0.0,0.0,0.0
A,R02,training,10,237,0,0.0,0.0,0.0,0.0
A,R02,training,10,238,0,0.0,0.0,0.0,0.0
A,R02,training,10,239,0,0.0,0.0,0.0,0.0
A,R02,training,10,240,0,0.0,0.0,0.0,0.0
A,R02,training,10,241,0,0.0,0.0,0.0,0.0
A,R02,training,10,242,0,0.0,0.0,0.0,0.0
A,R02,training,10,243,0,0.0,0.0,0.0,0.0
A,R02,training,10,244,0,0.0,0.0,0.0,0.0
A,R02,training,10,245,0,0.0,0.0,0.0,0.0
A,R02,training,10,246,0,0.0,0.0,0.0,0.0
A,R02,training,10,247,0,0.0,0.0,0.0,0.0
A,R02,training,10,248,0,0.0,0.0,0.0,0.0
A,R02,training,10,249,0,0.0,0.0,0.0,0.0
A,R02,training,10,250,0,0.0,0.0,0.0,0.0
A,R02,training,10,251,0,0.0,0.0,0.0,0.0
A,R02,training,10,252,0,0.0,0.0,0.0,0.0
A,R02,training,10,253,0,0.0,0.0,0.0,0.0
A,R02,training,10,254,0,0.0,0.0,0.0,0.0
A,R02,training,10,255,0,0.0,0.0,0.0,0.0
A,R02,training,10,256,0,0.0,0.0,0.0,0.0
A,R02,training,10,257,0,0.0,0.0,0.0,0.0
A,R02,training,10,258,0,0.0,0.0,0.0,0.0
A,R02,training,10,259,0,0.0,0.0,0.0,0.0
A,R02,training,10,260,0,0.0,0.0,0.0,0.0
A,R02,training,10,261,0,0.0,0.0,0.0,0.0
A,R02,training,10,262,0,0.0,0.0,0.0,0.0
A,R02,training,10,263,0,0.0,0.0,0.0,0.0
A,R02,training,10,264,0,0.0,0.0,0.0,0.0
A,R02,training,10,265,0,0.0,0.0,0.0,0.0
A,R02,training,10,266,0,0.0,0.0,0.0,0.0
A,R02,training,10,267,0,0.0,0.0,0.0,0.0
A,R02,training,10,268,0,0.0,0.0,0.0,0.0
A,R02,training,10,269,0,0.0,0.0,0.0,0.0
A,R02,training,10,270,0,0.0,0.0,0.0,0.0
A,R02,training,10,271,0,0.0,0.0,0.0,0.0
A,R02,training,10,272,0,0.0,0.0,0.0,0.0
A,R02,training,10,273,0,0.0,0.0,0.0,0.0
A,R02,training,10,274,0,0.0,0.0,0.0,0.0
A,R02,training,10,275,0,0.0,0.0,0.0,0.0
A,R02,training,10,276,0,0.0,0.0,0.0,0.0
A,R02,training,10,277,0,0.0,0.0,0.0,0.0
A,R02,training,10,278,0,0.0,0.0,0.0,0.0
A,R02,training,10,279,0,0.0,0.0,0.0,0.0
A,R02,training,10,280,0,0.0,0.0,0.0,0.0
A,R02,training,10,281,0,0.0,0.0,0.0,0.0
A,R02,training,10,282,0,0.0,0.0,0.0,0.0
A,R02,training,10,283,0,0.0,0.0,0.0,0.0
A,R02,training,10,284,0,0.0,0.0,0.0,0.0
A,R02,training,10,285,0,0.0,0.0,0.0,0.0
A,R02,training,10,286,0,0.0,0.0,0.0,0.0
A,R02,training,10,287,0,0.0,0.0,0.0,0.0
A,R02,training,10,288,0,0.0,0.0,0.0,0.0
A,R02,training,10,289,0,0.0,0.0,0.0,0.0
A,R02,training,10,290,0,0.0,0.0,0.0,0.0
A,R02,training,10,291,0,0.0,0.0,0.0,0.0
A,R02,training,10,292,0,0.0,0.0,0.0,0.0
A,R02,training,10,293,0,0.0,0.0,0.0,0.0
A,R02,training,10,294,0,0.0,0.0,0.0,0.0
A,R02,training,10,295,0,0.0,0.0,0.0,0.0
A,R02,training,10,296,0,0.0,0.0,0.0,0.0
A,R02,training,10,297,0,0.0,0.0,0.0,0.0
A,R02,training,10,298,0,0.0,0.0,0.0,0.0
A,R02,training,10,299,0,0.0,0.0,0.0,0.0
A,R02,training,10,300,0,0.0,0.0,0.0,0.0
A,R02,training,10,301,0,0.0,0.0,0.0,0.0
A,R02,training,10,302,0,0.0,0.0,0.0,0.0
A,R02,training,10,303,0,0.0,0.0,0.0,0.0
A,R02,training,10,304,0,0.0,0.0,0.0,0.0
A,R02,training,10,305,0,0.0,0.0,0.0,0.0
A,R02,training,10,306,0,0.0,0.0,0.0,0.0
A,R02,training,10,307,0,0.0,0.0,0.0,0.0
A,R02,training,10,308,0,0.0,0.0,0.0,0.0
A,R02,training,10,309,0,0.0,0.0,0.0,0.0
A,R02,training,10,310,0,0.0,0.0,0.0,0.0
A,R02,training,10,311,0,0.0,0.0,0.0,0.0
A,R02,training,10,312,0,0.0,0.0,0.0,0.0
A,R02,training,10,313,0,0.0,0.0,0.0,0.0
A,R02,training,10,314,0,0.0,0.0,0.0,0.0
A,R02,training,10,315,0,0.0,0.0,0.0,0.0
A,R02,training,10,316,0,0.0,0.0,0.0,0.0
A,R02,training,10,317,0,0.0,0.0,0.0,0.0
A,R02,training,10,318,0,0.0,0.0,0.0,0.0
A,R02,training,10,319,0,0.0,0.0,0.0,0.0
A,R02,training,10,320,0,0.0,0.0,0.0,0.0
A,R02,training,10,321,0,0.0,0.0,0.0,0.0
A,R02,training,10,322,0,0.0,0.0,0.0,0.0
A,R02,training,10,323,0,0.0,0.0,0.0,0.0
A,R02,training,10,324,0,0.0,0.0,0.0,0.0
A,R02,training,10,325,0,0.0,0.0,0.0,0.0
A,R02,training,10,326,0,0.0,0.0,0.0,0.0
A,R02,training,10,327,0,0.0,0.0,0.0,0.0
A,R02,training,10,328,0,0.0,0.0,0.0,0.0
A,R02,training,10,329,0,0.0,0.0,0.0,0.0
A,R02,training,10,330,0,0.0,0.0,0.0,0.0
A,R02,training,10,331,0,0.0,0.0,0.0,0.0
A,R02,training,10,332,0,0.0,0.0,0.0,0.0
A,R02,training,10,333,0,0.0,0.0,0.0,0.0
A,R02,training,10,334,0,0.0,0.0,0.0,0.0
A,R02,training,10,335,0,0.0,0.0,0.0,0.0
A,R02,training,10,336,0,0.0,0.0,0.0,0.0
A,R02,training,10,337,0,0.0,0.0,0.0,0.0
A,R02,training,10,338,0,0.0,0.0,0.0,0.0
A,R02,training,10,339,0,0.0,0.0,0.0,0.0
A,R02,training,10,340,0,0.0,0.0,0.0,0.0
A,R02,training,10,341,0,0.0,0.0,0.0,0.0
A,R02,training,10,342,0,0.0,0.0,0.0,0.0
A,R02,training,10,343,0,0.0,0.0,0.0,0.0
A,R02,training,10,344,0,0.0,0.0,0.0,0.0
A,R02,training,10,345,0,0.0,0.0,0.0,0.0
A,R02,training,10,346,0,0.0,0.0,0.0,0.0
A,R02,training,10,347,0,0.0,0.0,0.0,0.0
A,R02,training,10,348,0,0.0,0.0,0.0,0.0
A,R02,training,10,349,0,0.0,0.0,0.0,0.0
A,R02,training,10,350,0,0.0,0.0,0.0,0.0
A,R02,training,10,351,0,0.0,0.0,0.0,0.0
A,R02,training,10,352,0,0.0,0.0,0.0,0.0
A,R02,training,10,353,0,0.0,0.0,0.0,0.0
A,R02,training,10,354,0,0.0,0.0,0.0,0.0
A,R02,training,10,355,0,0.0,0.0,0.0,0.0
A,R02,training,10,356,0,0.0,0.0,0.0,0.0
A,R02,training,10,357,0,0.0,0.0,0.0,0.0
A,R02,training,10,358,0,0.0,0.0,0.0,0.0
A,R02,training,10,359,0,0.0,0.0,0.0,0.0
A,R02,training,10,360,0,0.0,0.0,0.0,0.0
A,R02,training,10,361,0,0.0,0.0,0.0,0.0
A,R02,training,10,362,0,0.0,0.0,0.0,0.0
A,R02,training,10,363,0,0.0,0.0,0.0,0.0
A,R02,training,10,364,0,0.0,0.0,0.0,0.0
A,R02,training,10,365,0,0.0,0.0,0.0,0.0
A,R02,training,10,366,0,0.0,0.0,0.0,0.0
A,R02,training,10,367,0,0.0,0.0,0.0,0.0
A,R02,training,10,368,0,0.0,0.0,0.0,0.0
A,R02,training,10,369,0,0.0,0.0,0.0,0.0
A,R02,training,10,370,0,0.0,0.0,0.0,0.0
A,R02,training,10,371,0,0.0,0.0,0.0,0.0
A,R02,training,10,372,0,0.0,0.0,0.0,0.0
A,R02,training,10,373,0,0.0,0.0,0.0,0.0
A,R02,training,10,374,0,0.0,0.0,0.0,0.0
A,R02,training,10,375,0,0.0,0.0,0.0,0.0
A,R02,training,10,376,0,0.0,0.0,0.0,0.0
A,R02,training,10,377,0,0.0,0.0,0.0,0.0
A,R02,training,10,378,0,0.0,0.0,0.0,0.0
A,R02,training,10,379,0,0.0,0.0,0.0,0.0
A,R02,training,10,380,0,0.0,0.0,0.0,0.0
A,R02,training,10,381,0,0.0,0.0,0.0,0.0
A,R02,training,10,382,0,0.0,0.0,0.0,0.0
A,R02,training,10,383,0,0.0,0.0,0.0,0.0
A,R02,training,10,384,0,0.0,0.0,0.0,0.0
A,R02,training,10,385,0,0.0,0.0,0.0,0.0
A,R02,training,10,386,0,0.0,0.0,0.0,0.0
A,R02,training,10,387,0,0.0,0.0,0.0,0.0
A,R02,training,10,388,0,0.0,0.0,0.0,0.0
A,R02,training,10,389,0,0.0,0.0,0.0,0.0
A,R02,training,10,390,0,0.0,0.0,0.0,0.0
A,R02,training,10,391,0,0.0,0.0,0.0,0.0
A,R02,training,10,392,0,0.0,0.0,0.0,0.0
A,R02,training,10,393,0,0.0,0.0,0.0,0.0
A,R02,training,10,394,0,0.0,0.0,0.0,0.0
A,R02,training,10,395,0,0.0,0.0,0.0,0.0
A,R02,training,10,396,0,0.0,0.0,0.0,0.0
A,R02,training,10,397,0,0.0,0.0,0.0,0.0
A,R02,training,10,398,0,0.0,0.0,0.0,0.0
A,R02,training,10,399,0,0.0,0.0,0.0,0.0
A,R02,training,10,400,0,0.0,0.0,0.0,0.0
A,R02,training,10,401,0,0.0,0.0,0.0,0.0
A,R02,training,10,402,0,0.0,0.0,0.0,0.0
A,R02,training,10,403,0,0.0,0.0,0.0,0.0
A,R02,training,10,404,0,0.0,0.0,0.0,0.0
A,R02,training,10,405,0,0.0,0.0,0.0,0.0
A,R02,training,10,406,0,0.0,0.0,0.0,0.0
A,R02,training,10,407,0,0.0,0.0,0.0,0.0
A,R02,training,10,408,0,0.0,0.0,0.0,0.0
A,R02,training,10,409,0,0.0,0.0,0.0,0.0
A,R02,training,10,410,0,0.0,0.0,0.0,0.0
A,R02,training,10,411,0,0.0,0.0,0.0,0.0
A,R02,training,10,412,0,0.0,0.0,0.0,0.0
A,R02,training,10,413,0,0.0,0.0,0.0,0.0
A,R02,training,10,414,0,0.0,0.0,0.0,0.0
A,R02,training,10,415,0,0.0,0.0,0.0,0.0
A,R02,training,10,416,0,0.0,0.0,0.0,0.0
A,R02,training,10,417,0,0.0,0.0,0.0,0.0
A,R02,training,10,418,0,0.0,0.0,0.0,0.0
A,R02,training,10,419,0,0.0,0.0,0.0,0.0
A,R02,training,10,420,0,0.0,0.0,0.0,0.0
A,R02,training,10,421,0,0.0,0.0,0.0,0.0
A,R02,training,10,422,0,0.0,0.0,0.0,0.0
A,R02,training,10,423,0,0.0,0.0,0.0,0.0
A,R02,training,10,424,0,0.0,0.0,0.0,0.0
A,R02,training,10,425,0,0.0,0.0,0.0,0.0
A,R02,training,10,426,0,0.0,0.0,0.0,0.0
A,R02,training,10,427,0,0.0,0.0,0.0,0.0
A,R02,training,10,428,0,0.0,0.0,0.0,0.0
A,R02,training,10,429,0,0.0,0.0,0.0,0.0
A,R02,training,10,430,0,0.0,0.0,0.0,0.0
A,R02,training,10,431,0,0.0,0.0,0.0,0.0
A,R02,training,10,432,0,0.0,0.0,0.0,0.0
A,R02,training,10,433,0,0.0,0.0,0.0,0.0
A,R02,training,10,434,0,0.0,0.0,0.0,0.0
A,R02,training,10,435,0,0.0,0.0,0.0,0.0
A,R02,training,10,436,0,0.0,0.0,0.0,0.0
A,R02,training,10,437,0,0.0,0.0,0.0,0.0
A,R02,training,10,438,0,0.0,0.0,0.0,0.0
A,R02,training,10,439,0,0.0,0.0,0.0,0.0
A,R02,training,10,440,0,0.0,0.0,0.0,0.0
A,R02,training,10,441,0,0.0,0.0,0.0,0.0
A,R02,training,10,442,0,0.0,0.0,0.0,0.0
A,R02,training,10,443,0,0.0,0.0,0.0,0.0
A,R02,training,10,444,0,0.0,0.0,0.0,0.0
A,R02,training,10,445,0,0.0,0.0,0.0,0.0
A,R02,training,10,446,0,0.0,0.0,0.0,0.0
A,R02,training,10,447,0,0.0,0.0,0.0,0.0
A,R02,training,10,448,0,0.0,0.0,0.0,0.0
A,R02,training,10,449,0,0.0,0.0,0.0,0.0
A,R02,training,10,450,0,0.0,0.0,0.0,0.0
A,R02,training,10,451,0,0.0,0.0,0.0,0.0
A,R02,training,10,452,0,0.0,0.0,0.0,0.0
A,R02,training,10,453,0,0.0,0.0,0.0,0.0
A,R02,training,10,454,0,0.0,0.0,0.0,0.0
A,R02,training,10,455,0,0.0,0.0,0.0,0.0
A,R02,training,10,456,0,0.0,0.0,0.0,0.0
A,R02,training,10,457,0,0.0,0.0,0.0,0.0
A,R02,training,10,458,0,0.0,0.0,0.0,0.0
A,R02,training,10,459,0,0.0,0.0,0.0,0.0
A,R02,training,10,460,0,0.0,0.0,0.0,0.0
A,R02,training,10,461,0,0.0,0.0,0.0,0.0
A,R02,training,10,462,0,0.0,0.0,0.0,0.0
A,R02,training,10,463,0,0.0,0.0,0.0,0.0
A,R02,training,10,464,0,0.0,0.0,0.0,0.0
A,R02,training,10,465,0,0.0,0.0,0.0,0.0
A,R02,training,10,466,0,0.0,0.0,0.0,0.0
A,R02,training,10,467,0,0.0,0.0,0.0,0.0
A,R02,training,10,468,0,0.0,0.0,0.0,0.0
A,R02,training,10,469,0,0.0,0.0,0.0,0.0
A,R02,training,10,470,0,0.0,0.0,0.0,0.0
A,R02,training,10,471,0,0.0,0.0,0.0,0.0
A,R02,training,10,472,0,0.0,0.0,0.0,0.0
A,R02,training,10,473,0,0.0,0.0,0.0,0.0
A,R02,training,10,474,0,0.0,0.0,0.0,0.0
A,R02,training,10,475,0,0.0,0.0,0.0,0.0
A,R02,training,10,476,0,0.0,0.0,0.0,0.0
A,R02,training,10,477,0,0.0,0.0,0.0,0.0
A,R02,training,10,478,0,0.0,0.0,0.0,0.0
A,R02,training,10,479,0,0.0,0.0,0.0,0.0
A,R02,training,10,480,0,0.0,0.0,0.0,0.0
A,R02,training,10,481,0,0.0,0.0,0.0,0.0
A,R02,training,10,482,0,0.0,0.0,0.0,0.0
A,R02,training,10,483,0,0.0,0.0,0.0,0.0
A,R02,training,10,484,0,0.0,0.0,0.0,0.0
A,R02,training,10,485,0,0.0,0.0,0.0,0.0
A,R02,training,10,486,0,0.0,0.0,0.0,0.0
A,R02,training,10,487,0,0.0,0.0,0.0,0.0
A,R02,training,10,488,0,0.0,0.0,0.0,0.0
A,R02,training,10,489,0,0.0,0.0,0.0,0.0
A,R02,training,10,490,0,0.0,0.0,0.0,0.0
A,R02,training,10,491,0,0.0,0.0,0.0,0.0
A,R02,training,10,492,0,0.0,0.0,0.0,0.0
A,R02,training,10,493,0,0.0,0.0,0.0,0.0
A,R02,training,10,494,0,0.0,0.0,0.0,0.0
A,R02,training,10,495,0,0.0,0.0,0.0,0.0
A,R02,training,10,496,0,0.0,0.0,0.0,0.0
A,R02,training,10,497,0,0.0,0.0,0.0,0.0
A,R02,training,10,498,0,0.0,0.0,0.0,0.0
A,R02,training,10,499,0,0.0,0.0,0.0,0.0
A,R02,training,10,500,0,0.0,0.0,0.0,0.0
A,R02,training,10,501,0,0.0,0.0,0.0,0.0
A,R02,training,10,502,0,0.0,0.0,0.0,0.0
A,R02,training,10,503,0,0.0,0.0,0.0,0.0
A,R02,training,10,504,0,0.0,0.0,0.0,0.0
A,R02,training,10,505,0,0.0,0.0,0.0,0.0
A,R02,training,10,506,0,0.0,0.0,0.0,0.0
A,R02,training,10,507,0,0.0,0.0,0.0,0.0
A,R02,training,10,508,0,0.0,0.0,0.0,0.0
A,R02,training,10,509,0,0.0,0.0,0.0,0.0
A,R02,training,10,510,0,0.0,0.0,0.0,0.0
A,R02,training,10,511,0,0.0,0.0,0.0,0.0
A,R02,training,10,512,0,0.0,0.0,0.0,0.0
A,R02,training,10,513,0,0.0,0.0,0.0,0.0
A,R02,training,10,514,0,0.0,0.0,0.0,0.0
A,R02,training,10,515,0,0.0,0.0,0.0,0.0
A,R02,training,10,516,0,0.0,0.0,0.0,0.0
A,R02,training,10,517,0,0.0,0.0,0.0,0.0
A,R02,training,10,518,0,0.0,0.0,0.0,0.0
A,R02,training,10,519,0,0.0,0.0,0.0,0.0
A,R02,training,10,520,0,0.0,0.0,0.0,0.0
A,R02,training,10,521,0,0.0,0.0,0.0,0.0
A,R02,training,10,522,0,0.0,0.0,0.0,0.0
A,R02,training,10,523,0,0.0,0.0,0.0,0.0
A,R02,training,10,524,0,0.0,0.0,0.0,0.0
A,R02,training,10,525,0,0.0,0.0,0.0,0.0
A,R02,training,10,526,0,0.0,0.0,0.0,0.0
A,R02,training,10,527,0,0.0,0.0,0.0,0.0
A,R02,training,10,528,0,0.0,0.0,0.0,0.0
A,R02,training,10,529,0,0.0,0.0,0.0,0.0
A,R02,training,10,530,0,0.0,0.0,0.0,0.0
A,R02,training,10,531,0,0.0,0.0,0.0,0.0
A,R02,training,10,532,0,0.0,0.0,0.0,0.0
A,R02,training,10,533,0,0.0,0.0,0.0,0.0
A,R02,training,10,534,0,0.0,0.0,0.0,0.0
A,R02,training,10,535,0,0.0,0.0,0.0,0.0
A,R02,training,10,536,0,0.0,0.0,0.0,0.0
A,R02,training,10,537,0,0.0,0.0,0.0,0.0
A,R02,training,10,538,0,0.0,0.0,0.0,0.0
A,R02,training,10,539,0,0.0,0.0,0.0,0.0
A,R02,training,10,540,0,0.0,0.0,0.0,0.0
A,R02,training,10,541,0,0.0,0.0,0.0,0.0
A,R02,training,10,542,0,0.0,0.0,0.0,0.0
A,R02,training,10,543,0,0.0,0.0,0.0,0.0
A,R02,training,10,544,0,0.0,0.0,0.0,0.0
A,R02,training,10,545,0,0.0,0.0,0.0,0.0
A,R02,training,10,546,0,0.0,0.0,0.0,0.0
A,R02,training,10,547,0,0.0,0.0,0.0,0.0
A,R02,training,10,548,0,0.0,0.0,0.0,0.0
A,R02,training,10,549,0,0.0,0.0,0.0,0.0
A,R02,training,10,550,0,0.0,0.0,0.0,0.0
A,R02,training,10,551,0,0.0,0.0,0.0,0.0
A,R02,training,10,552,0,0.0,0.0,0.0,0.0
A,R02,training,10,553,0,0.0,0.0,0.0,0.0
A,R02,training,10,554,0,0.0,0.0,0.0,0.0
A,R02,training,10,555,0,0.0,0.0,0.0,0.0
A,R02,training,10,556,0,0.0,0.0,0.0,0.0
A,R02,training,10,557,0,0.0,0.0,0.0,0.0
A,R02,training,10,558,0,0.0,0.0,0.0,0.0
A,R02,training,10,559,0,0.0,0.0,0.0,0.0
A,R02,training,10,560,0,0.0,0.0,0.0,0.0
A,R02,training,10,561,0,0.0,0.0,0.0,0.0
A,R02,training,10,562,0,0.0,0.0,0.0,0.0
A,R02,training,10,563,0,0.0,0.0,0.0,0.0
A,R02,training,10,564,0,0.0,0.0,0.0,0.0
A,R02,training,10,565,0,0.0,0.0,0.0,0.0
A,R02,training,10,566,0,0.0,0.0,0.0,0.0
A,R02,training,10,567,0,0.0,0.0,0.0,0.0
A,R02,training,10,568,0,0.0,0.0,0.0,0.0
A,R02,training,10,569,0,0.0,0.0,0.0,0.0
A,R02,training,10,570,0,0.0,0.0,0.0,0.0
A,R02,training,10,571,0,0.0,0.0,0.0,0.0
A,R02,training,10,572,0,0.0,0.0,0.0,0.0
A,R02,training,10,573,0,0.0,0.0,0.0,0.0
A,R02,training,10,574,0,0.0,0.0,0.0,0.0
A,R02,training,10,575,0,0.0,0.0,0.0,0.0
A,R02,training,10,576,0,0.0,0.0,0.0,0.0
A,R02,training,10,577,0,0.0,0.0,0.0,0.0
A,R02,training,10,578,0,0.0,0.0,0.0,0.0
A,R02,training,10,579,0,0.0,0.0,0.0,0.0
A,R02,training,10,580,0,0.0,0.0,0.0,0.0
A,R02,training,10,581,0,0.0,0.0,0.0,0.0
A,R02,training,10,582,0,0.0,0.0,0.0,0.0
A,R02,training,10,583,0,0.0,0.0,0.0,0.0
A,R02,training,10,584,0,0.0,0.0,0.0,0.0
A,R02,training,10,585,0,0.0,0.0,0.0,0.0
A,R02,training,10,586,0,0.0,0.0,0.0,0.0
A,R02,training,10,587,0,0.0,0.0,0.0,0.0
A,R02,training,10,588,0,0.0,0.0,0.0,0.0
A,R02,training,10,589,0,0.0,0.0,0.0,0.0
A,R02,training,10,590,0,0.0,0.0,0.0,0.0
A,R02,training,10,591,0,0.0,0.0,0.0,0.0
A,R02,training,10,592,0,0.0,0.0,0.0,0.0
A,R02,training,10,593,0,0.0,0.0,0.0,0.0
A,R02,training,10,594,0,0.0,0.0,0.0,0.0
B,R02,training,10,0,0,0.0,0.0,0.0,0.0
B,R02,training,10,1,0,0.0,0.0,0.0,0.0
B,R02,training,10,2,0,0.0,0.0,0.0,0.0
B,R02,training,10,3,0,0.0,0.0,0.0,0.0
B,R02,training,10,4,0,0.0,0.0,0.0,0.0
B,R02,training,10,5,0,0.0,0.0,0.0,0.0
B,R02,training,10,6,0,0.0,0.0,0.0,0.0
B,R02,training,10,7,0,0.0,0.0,0.0,0.0
B,R02,training,10,8,0,0.0,0.0,0.0,0.0
B,R02,training,10,9,0,0.0,0.0,0.0,0.0
B,R02,training,10,10,0,0.0,0.0,0.0,0.0
B,R02,training,10,11,0,0.0,0.0,0.0,0.0
B,R02,training,10,12,0,0.0,0.0,0.0,0.0
B,R02,training,10,13,0,0.0,0.0,0.0,0.0
B,R02,training,10,14,0,0.0,0.0,0.0,0.0
B,R02,training,10,15,0,0.0,0.0,0.0,0.0
B,R02,training,10,16,0,0.0,0.0,0.0,0.0
B,R02,training,10,17,0,0.0,0.0,0.0,0.0
B,R02,training,10,18,0,0.0,0.0,0.0,0.0
B,R02,training,10,19,0,0.0,0.0,0.0,0.0
B,R02,training,10,20,0,0.0,0.0,0.0,0.0
B,R02,training,10,21,0,0.0,0.0,0.0,0.0
B,R02,training,10,22,0,0.0,0.0,0.0,0.0
B,R02,training,10,23,0,0.0,0.0,0.0,0.0
B,R02,training,10,24,0,0.0,0.0,0.0,0.0
B,R02,training,10,25,0,0.0,0.0,0.0,0.0
B,R02,training,10,26,0,0.0,0.0,0.0,0.0
B,R02,training,10,27,0,0.0,0.0,0.0,0.0
B,R02,training,10,28,0,0.0,0.0,0.0,0.0
B,R02,training,10,29,0,0.0,0.0,0.0,0.0
B,R02,training,10,30,0,0.0,0.0,0.0,0.0
B,R02,training,10,31,0,0.0,0.0,0.0,0.0
B,R02,training,10,32,0,0.0,0.0,0.0,0.0
B,R02,training,10,33,0,0.0,0.0,0.0,0.0
B,R02,training,10,34,0,0.0,0.0,0.0,0.0
B,R02,training,10,35,0,0.0,0.0,0.0,0.0
B,R02,training,10,36,0,0.0,0.0,0.0,0.0
B,R02,training,10,37,0,0.0,0.0,0.0,0.0
B,R02,training,10,38,0,0.0,0.0,0.0,0.0
B,R02,training,10,39,0,0.0,0.0,0.0,0.0
B,R02,training,10,40,0,0.0,0.0,0.0,0.0
B,R02,training,10,41,0,0.0,0.0,0.0,0.0
B,R02,training,10,42,0,0.0,0.0,0.0,0.0
B,R02,training,10,43,0,0.0,0.0,0.0,0.0
B,R02,training,10,44,0,0.0,0.0,0.0,0.0
B,R02,training,10,45,0,0.0,0.0,0.0,0.0
B,R02,training,10,46,0,0.0,0.0,0.0,0.0
B,R02,training,10,47,0,0.0,0.0,0.0,0.0
B,R02,training,10,48,0,0.0,0.0,0.0,0.0
B,R02,training,10,49,0,0.0,0.0,0.0,0.0
B,R02,training,10,50,0,0.0,0.0,0.0,0.0
B,R02,training,10,51,0,0.0,0.0,0.0,0.0
B,R02,training,10,52,0,0.0,0.0,0.0,0.0
B,R02,training,10,53,0,0.0,0.0,0.0,0.0
B,R02,training,10,54,0,0.0,0.0,0.0,0.0
B,R02,training,10,55,0,0.0,0.0,0.0,0.0
B,R02,training,10,56,0,0.0,0.0,0.0,0.0
B,R02,training,10,57,0,0.0,0.0,0.0,0.0
B,R02,training,10,58,0,0.0,0.0,0.0,0.0
B,R02,training,10,59,0,0.0,0.0,0.0,0.0
B,R02,training,10,60,0,0.0,0.0,0.0,0.0
B,R02,training,10,61,0,0.0,0.0,0.0,0.0
B,R02,training,10,62,0,0.0,0.0,0.0,0.0
B,R02,training,10,63,0,0.0,0.0,0.0,0.0
B,R02,training,10,64,0,0.0,0.0,0.0,0.0
B,R02,training,10,65,0,0.0,0.0,0.0,0.0
B,R02,training,10,66,0,0.0,0.0,0.0,0.0
B,R02,training,10,67,0,0.0,0.0,0.0,0.0
B,R02,training,10,68,0,0.0,0.0,0.0,0.0
B,R02,training,10,69,0,0.0,0.0,0.0,0.0
B,R02,training,10,70,0,0.0,0.0,0.0,0.0
B,R02,training,10,71,0,0.0,0.0,0.0,0.0
B,R02,training,10,72,0,0.0,0.0,0.0,0.0
B,R02,training,10,73,0,0.0,0.0,0.0,0.0
B,R02,training,10,74,0,0.0,0.0,0.0,0.0
B,R02,training,10,75,0,0.0,0.0,0.0,0.0
B,R02,training,10,76,0,0.0,0.0,0.0,0.0
B,R02,training,10,77,0,0.0,0.0,0.0,0.0
B,R02,training,10,78,0,0.0,0.0,0.0,0.0
B,R02,training,10,79,0,0.0,0.0,0.0,0.0
B,R02,training,10,80,0,0.0,0.0,0.0,0.0
B,R02,training,10,81,0,0.0,0.0,0.0,0.0
B,R02,training,10,82,0,0.0,0.0,0.0,0.0
B,R02,training,10,83,0,0.0,0.0,0.0,0.0
B,R02,training,10,84,0,0.0,0.0,0.0,0.0
B,R02,training,10,85,0,0.0,0.0,0.0,0.0
B,R02,training,10,86,0,0.0,0.0,0.0,0.0
B,R02,training,10,87,0,0.0,0.0,0.0,0.0
B,R02,training,10,88,0,0.0,0.0,0.0,0.0
B,R02,training,10,89,0,0.0,0.0,0.0,0.0
B,R02,training,10,90,0,0.0,0.0,0.0,0.0
B,R02,training,10,91,0,0.0,0.0,0.0,0.0
B,R02,training,10,92,0,0.0,0.0,0.0,0.0
B,R02,training,10,93,0,0.0,0.0,0.0,0.0
B,R02,training,10,94,0,0.0,0.0,0.0,0.0
B,R02,training,10,95,0,0.0,0.0,0.0,0.0
B,R02,training,10,96,0,0.0,0.0,0.0,0.0
B,R02,training,10,97,0,0.0,0.0,0.0,0.0
B,R02,training,10,98,0,0.0,0.0,0.0,0.0
B,R02,training,10,99,0,0.0,0.0,0.0,0.0
B,R02,training,10,100,0,0.0,0.0,0.0,0.0
B,R02,training,10,101,0,0.0,0.0,0.0,0.0
B,R02,training,10,102,0,0.0,0.0,0.0,0.0
B,R02,training,10,103,0,0.0,0.0,0.0,0.0
B,R02,training,10,104,0,0.0,0.0,0.0,0.0
B,R02,training,10,105,0,0.0,0.0,0.0,0.0
B,R02,training,10,106,0,0.0,0.0,0.0,0.0
B,R02,training,10,107,0,0.0,0.0,0.0,0.0
B,R02,training,10,108,0,0.0,0.0,0.0,0.0
B,R02,training,10,109,0,0.0,0.0,0.0,0.0
B,R02,training,10,110,0,0.0,0.0,0.0,0.0
B,R02,training,10,111,0,0.0,0.0,0.0,0.0
B,R02,training,10,112,0,0.0,0.0,0.0,0.0
B,R02,training,10,113,0,0.0,0.0,0.0,0.0
B,R02,training,10,114,0,0.0,0.0,0.0,0.0
B,R02,training,10,115,0,0.0,0.0,0.0,0.0
B,R02,training,10,116,0,0.0,0.0,0.0,0.0
B,R02,training,10,117,0,0.0,0.0,0.0,0.0
B,R02,training,10,118,0,0.0,0.0,0.0,0.0
B,R02,training,10,119,0,0.0,0.0,0.0,0.0
B,R02,training,10,120,0,0.0,0.0,0.0,0.0
B,R02,training,10,121,0,0.0,0.0,0.0,0.0
B,R02,training,10,122,0,0.0,0.0,0.0,0.0
B,R02,training,10,123,0,0.0,0.0,0.0,0.0
B,R02,training,10,124,0,0.0,0.0,0.0,0.0
B,R02,training,10,125,0,0.0,0.0,0.0,0.0
B,R02,training,10,126,0,0.0,0.0,0.0,0.0
B,R02,training,10,127,0,0.0,0.0,0.0,0.0
B,R02,training,10,128,0,0.0,0.0,0.0,0.0
B,R02,training,10,129,0,0.0,0.0,0.0,0.0
B,R02,training,10,130,0,0.0,0.0,0.0,0.0
B,R02,training,10,131,0,0.0,0.0,0.0,0.0
B,R02,training,10,132,0,0.0,0.0,0.0,0.0
B,R02,training,10,133,0,0.0,0.0,0.0,0.0
B,R02,training,10,134,0,0.0,0.0,0.0,0.0
B,R02,training,10,135,0,0.0,0.0,0.0,0.0
B,R02,training,10,136,0,0.0,0.0,0.0,0.0
B,R02,training,10,137,0,0.0,0.0,0.0,0.0
B,R02,training,10,138,0,0.0,0.0,0.0,0.0
B,R02,training,10,139,0,0.0,0.0,0.0,0.0
B,R02,training,10,140,0,0.0,0.0,0.0,0.0
B,R02,training,10,141,0,0.0,0.0,0.0,0.0
B,R02,training,10,142,0,0.0,0.0,0.0,0.0
B,R02,training,10,143,0,0.0,0.0,0.0,0.0
B,R02,training,10,144,0,0.0,0.0,0.0,0.0
B,R02,training,10,145,0,0.0,0.0,0.0,0.0
B,R02,training,10,146,0,0.0,0.0,0.0,0.0
B,R02,training,10,147,0,0.0,0.0,0.0,0.0
B,R02,training,10,148,0,0.0,0.0,0.0,0.0
B,R02,training,10,149,0,0.0,0.0,0.0,0.0
B,R02,training,10,150,0,0.0,0.0,0.0,0.0
B,R02,training,10,151,0,0.0,0.0,0.0,0.0
B,R02,training,10,152,0,0.0,0.0,0.0,0.0
B,R02,training,10,153,0,0.0,0.0,0.0,0.0
B,R02,training,10,154,0,0.0,0.0,0.0,0.0
B,R02,training,10,155,0,0.0,0.0,0.0,0.0
B,R02,training,10,156,0,0.0,0.0,0.0,0.0
B,R02,training,10,157,0,0.0,0.0,0.0,0.0
B,R02,training,10,158,0,0.0,0.0,0.0,0.0
B,R02,training,10,159,0,0.0,0.0,0.0,0.0
B,R02,training,10,160,0,0.0,0.0,0.0,0.0
B,R02,training,10,161,0,0.0,0.0,0.0,0.0
B,R02,training,10,162,0,0.0,0.0,0.0,0.0
B,R02,training,10,163,0,0.0,0.0,0.0,0.0
B,R02,training,10,164,0,0.0,0.0,0.0,0.0
B,R02,training,10,165,0,0.0,0.0,0.0,0.0
B,R02,training,10,166,0,0.0,0.0,0.0,0.0
B,R02,training,10,167,0,0.0,0.0,0.0,0.0
B,R02,training,10,168,0,0.0,0.0,0.0,0.0
B,R02,training,10,169,0,0.0,0.0,0.0,0.0
B,R02,training,10,170,0,0.0,0.0,0.0,0.0
B,R02,training,10,171,0,0.0,0.0,0.0,0.0
B,R02,training,10,172,0,0.0,0.0,0.0,0.0
B,R02,training,10,173,0,0.0,0.0,0.0,0.0
B,R02,training,10,174,0,0.0,0.0,0.0,0.0
B,R02,training,10,175,0,0.0,0.0,0.0,0.0
B,R02,training,10,176,0,0.0,0.0,0.0,0.0
B,R02,training,10,177,0,0.0,0.0,0.0,0.0
B,R02,training,10,178,0,0.0,0.0,0.0,0.0
B,R02,training,10,179,0,0.0,0.0,0.0,0.0
B,R02,training,10,180,0,0.0,0.0,0.0,0.0
B,R02,training,10,181,0,0.0,0.0,0.0,0.0
B,R02,training,10,182,0,0.0,0.0,0.0,0.0
B,R02,training,10,183,0,0.0,0.0,0.0,0.0
B,R02,training,10,184,0,0.0,0.0,0.0,0.0
B,R02,training,10,185,0,0.0,0.0,0.0,0.0
B,R02,training,10,186,0,0.0,0.0,0.0,0.0
B,R02,training,10,187,0,0.0,0.0,0.0,0.0
B,R02,training,10,188,0,0.0,0.0,0.0,0.0
B,R02,training,10,189,0,0.0,0.0,0.0,0.0
B,R02,training,10,190,0,0.0,0.0,0.0,0.0
B,R02,training,10,191,0,0.0,0.0,0.0,0.0
B,R02,training,10,192,0,0.0,0.0,0.0,0.0
B,R02,training,10,193,0,0.0,0.0,0.0,0.0
B,R02,training,10,194,0,0.0,0.0,0.0,0.0
B,R02,training,10,195,0,0.0,0.0,0.0,0.0
B,R02,training,10,196,0,0.0,0.0,0.0,0.0
B,R02,training,10,197,0,0.0,0.0,0.0,0.0
B,R02,training,10,198,0,0.0,0.0,0.0,0.0
B,R02,training,10,199,0,0.0,0.0,0.0,0.0
B,R02,training,10,200,0,0.0,0.0,0.0,0.0
B,R02,training,10,201,0,0.0,0.0,0.0,0.0
B,R02,training,10,202,0,0.0,0.0,0.0,0.0
B,R02,training,10,203,0,0.0,0.0,0.0,0.0
B,R02,training,10,204,0,0.0,0.0,0.0,0.0
B,R02,training,10,205,0,0.0,0.0,0.0,0.0
B,R02,training,10,206,0,0.0,0.0,0.0,0.0
B,R02,training,10,207,0,0.0,0.0,0.0,0.0
B,R02,training,10,208,0,0.0,0.0,0.0,0.0
B,R02,training,10,209,0,0.0,0.0,0.0,0.0
B,R02,training,10,210,0,0.0,0.0,0.0,0.0
B,R02,training,10,211,0,0.0,0.0,0.0,0.0
B,R02,training,10,212,0,0.0,0.0,0.0,0.0
B,R02,training,10,213,0,0.0,0.0,0.0,0.0
B,R02,training,10,214,0,0.0,0.0,0.0,0.0
B,R02,training,10,215,0,0.0,0.0,0.0,0.0
B,R02,training,10,216,0,0.0,0.0,0.0,0.0
B,R02,training,10,217,0,0.0,0.0,0.0,0.0
B,R02,training,10,218,0,0.0,0.0,0.0,0.0
B,R02,training,10,219,0,0.0,0.0,0.0,0.0
B,R02,training,10,220,0,0.0,0.0,0.0,0.0
B,R02,training,10,221,0,0.0,0.0,0.0,0.0
B,R02,training,10,222,0,0.0,0.0,0.0,0.0
B,R02,training,10,223,0,0.0,0.0,0.0,0.0
B,R02,training,10,224,0,0.0,0.0,0.0,0.0
B,R02,training,10,225,0,0.0,0.0,0.0,0.0
B,R02,training,10,226,0,0.0,0.0,0.0,0.0
B,R02,training,10,227,0,0.0,0.0,0.0,0.0
B,R02,training,10,228,0,0.0,0.0,0.0,0.0
B,R02,training,10,229,0,0.0,0.0,0.0,0.0
B,R02,training,10,230,0,0.0,0.0,0.0,0.0
B,R02,training,10,231,0,0.0,0.0,0.0,0.0
B,R02,training,10,232,0,0.0,0.0,0.0,0.0
B,R02,training,10,233,0,0.0,0.0,0.0,0.0
B,R02,training,10,234,0,0.0,0.0,0.0,0.0
B,R02,training,10,235,0,0.0,0.0,0.0,0.0
B,R02,training,10,236,0,0.0,0.0,0.0,0.0
B,R02,training,10,237,0,0.0,0.0,0.0,0.0
B,R02,training,10,238,0,0.0,0.0,0.0,0.0
B,R02,training,10,239,0,0.0,0.0,0.0,0.0
B,R02,training,10,240,0,0.0,0.0,0.0,0.0
B,R02,training,10,241,0,0.0,0.0,0.0,0.0
B,R02,training,10,242,0,0.0,0.0,0.0,0.0
B,R02,training,10,243,0,0.0,0.0,0.0,0.0
B,R02,training,10,244,0,0.0,0.0,0.0,0.0
B,R02,training,10,245,0,0.0,0.0,0.0,0.0
B,R02,training,10,246,0,0.0,0.0,0.0,0.0
B,R02,training,10,247,0,0.0,0.0,0.0,0.0
B,R02,training,10,248,0,0.0,0.0,0.0,0.0
B,R02,training,10,249,0,0.0,0.0,0.0,0.0
B,R02,training,10,250,0,0.0,0.0,0.0,0.0
B,R02,training,10,251,0,0.0,0.0,0.0,0.0
B,R02,training,10,252,0,0.0,0.0,0.0,0.0
B,R02,training,10,253,0,0.0,0.0,0.0,0.0
B,R02,training,10,254,0,0.0,0.0,0.0,0.0
B,R02,training,10,255,0,0.0,0.0,0.0,0.0
B,R02,training,10,256,0,0.0,0.0,0.0,0.0
B,R02,training,10,257,0,0.0,0.0,0.0,0.0
B,R02,training,10,258,0,0.0,0.0,0.0,0.0
B,R02,training,10,259,0,0.0,0.0,0.0,0.0
B,R02,training,10,260,0,0.0,0.0,0.0,0.0
B,R02,training,10,261,0,0.0,0.0,0.0,0.0
B,R02,training,10,262,0,0.0,0.0,0.0,0.0
B,R02,training,10,263,0,0.0,0.0,0.0,0.0
B,R02,training,10,264,0,0.0,0.0,0.0,0.0
B,R02,training,10,265,0,0.0,0.0,0.0,0.0
B,R02,training,10,266,0,0.0,0.0,0.0,0.0
B,R02,training,10,267,0,0.0,0.0,0.0,0.0
B,R02,training,10,268,0,0.0,0.0,0.0,0.0
B,R02,training,10,269,0,0.0,0.0,0.0,0.0
B,R02,training,10,270,0,0.0,0.0,0.0,0.0
B,R02,training,10,271,0,0.0,0.0,0.0,0.0
B,R02,training,10,272,0,0.0,0.0,0.0,0.0
B,R02,training,10,273,0,0.0,0.0,0.0,0.0
B,R02,training,10,274,0,0.0,0.0,0.0,0.0
B,R02,training,10,275,0,0.0,0.0,0.0,0.0
B,R02,training,10,276,0,0.0,0.0,0.0,0.0
B,R02,training,10,277,0,0.0,0.0,0.0,0.0
B,R02,training,10,278,0,0.0,0.0,0.0,0.0
B,R02,training,10,279,0,0.0,0.0,0.0,0.0
B,R02,training,10,280,0,0.0,0.0,0.0,0.0
B,R02,training,10,281,0,0.0,0.0,0.0,0.0
B,R02,training,10,282,0,0.0,0.0,0.0,0.0
B,R02,training,10,283,0,0.0,0.0,0.0,0.0
B,R02,training,10,284,0,0.0,0.0,0.0,0.0
B,R02,training,10,285,0,0.0,0.0,0.0,0.0
B,R02,training,10,286,0,0.0,0.0,0.0,0.0
B,R02,training,10,287,0,0.0,0.0,0.0,0.0
B,R02,training,10,288,0,0.0,0.0,0.0,0.0
B,R02,training,10,289,0,0.0,0.0,0.0,0.0
B,R02,training,10,290,0,0.0,0.0,0.0,0.0
B,R02,training,10,291,0,0.0,0.0,0.0,0.0
B,R02,training,10,292,0,0.0,0.0,0.0,0.0
B,R02,training,10,293,0,0.0,0.0,0.0,0.0
B,R02,training,10,294,0,0.0,0.0,0.0,0.0
B,R02,training,10,295,0,0.0,0.0,0.0,0.0
B,R02,training,10,296,0,0.0,0.0,0.0,0.0
B,R02,training,10,297,0,0.0,0.0,0.0,0.0
B,R02,training,10,298,0,0.0,0.0,0.0,0.0
B,R02,training,10,299,0,0.0,0.0,0.0,0.0
B,R02,training,10,300,0,0.0,0.0,0.0,0.0
B,R02,training,10,301,0,0.0,0.0,0.0,0.0
B,R02,training,10,302,0,0.0,0.0,0.0,0.0
B,R02,training,10,303,0,0.0,0.0,0.0,0.0
B,R02,training,10,304,0,0.0,0.0,0.0,0.0
B,R02,training,10,305,0,0.0,0.0,0.0,0.0
B,R02,training,10,306,0,0.0,0.0,0.0,0.0
B,R02,training,10,307,0,0.0,0.0,0.0,0.0
B,R02,training,10,308,0,0.0,0.0,0.0,0.0
B,R02,training,10,309,0,0.0,0.0,0.0,0.0
B,R02,training,10,310,0,0.0,0.0,0.0,0.0
B,R02,training,10,311,0,0.0,0.0,0.0,0.0
B,R02,training,10,312,0,0.0,0.0,0.0,0.0
B,R02,training,10,313,0,0.0,0.0,0.0,0.0
B,R02,training,10,314,0,0.0,0.0,0.0,0.0
B,R02,training,10,315,0,0.0,0.0,0.0,0.0
B,R02,training,10,316,0,0.0,0.0,0.0,0.0
B,R02,training,10,317,0,0.0,0.0,0.0,0.0
B,R02,training,10,318,0,0.0,0.0,0.0,0.0
B,R02,training,10,319,0,0.0,0.0,0.0,0.0
B,R02,training,10,320,0,0.0,0.0,0.0,0.0
B,R02,training,10,321,0,0.0,0.0,0.0,0.0
B,R02,training,10,322,0,0.0,0.0,0.0,0.0
B,R02,training,10,323,0,0.0,0.0,0.0,0.0
B,R02,training,10,324,0,0.0,0.0,0.0,0.0
B,R02,training,10,325,0,0.0,0.0,0.0,0.0
B,R02,training,10,326,0,0.0,0.0,0.0,0.0
B,R02,training,10,327,0,0.0,0.0,0.0,0.0
B,R02,training,10,328,0,0.0,0.0,0.0,0.0
B,R02,training,10,329,0,0.0,0.0,0.0,0.0
B,R02,training,10,330,0,0.0,0.0,0.0,0.0
B,R02,training,10,331,0,0.0,0.0,0.0,0.0
B,R02,training,10,332,0,0.0,0.0,0.0,0.0
B,R02,training,10,333,0,0.0,0.0,0.0,0.0
B,R02,training,10,334,0,0.0,0.0,0.0,0.0
B,R02,training,10,335,0,0.0,0.0,0.0,0.0
B,R02,training,10,336,0,0.0,0.0,0.0,0.0
B,R02,training,10,337,0,0.0,0.0,0.0,0.0
B,R02,training,10,338,0,0.0,0.0,0.0,0.0
B,R02,training,10,339,0,0.0,0.0,0.0,0.0
B,R02,training,10,340,0,0.0,0.0,0.0,0.0
B,R02,training,10,341,0,0.0,0.0,0.0,0.0
B,R02,training,10,342,0,0.0,0.0,0.0,0.0
B,R02,training,10,343,0,0.0,0.0,0.0,0.0
B,R02,training,10,344,0,0.0,0.0,0.0,0.0
B,R02,training,10,345,0,0.0,0.0,0.0,0.0
B,R02,training,10,346,0,0.0,0.0,0.0,0.0
B,R02,training,10,347,0,0.0,0.0,0.0,0.0
B,R02,training,10,348,0,0.0,0.0,0.0,0.0
B,R02,training,10,349,0,0.0,0.0,0.0,0.0
B,R02,training,10,350,0,0.0,0.0,0.0,0.0
B,R02,training,10,351,0,0.0,0.0,0.0,0.0
B,R02,training,10,352,0,0.0,0.0,0.0,0.0
B,R02,training,10,353,0,0.0,0.0,0.0,0.0
B,R02,training,10,354,0,0.0,0.0,0.0,0.0
B,R02,training,10,355,0,0.0,0.0,0.0,0.0
B,R02,training,10,356,0,0.0,0.0,0.0,0.0
B,R02,training,10,357,0,0.0,0.0,0.0,0.0
B,R02,training,10,358,0,0.0,0.0,0.0,0.0
B,R02,training,10,359,0,0.0,0.0,0.0,0.0
B,R02,training,10,360,0,0.0,0.0,0.0,0.0
B,R02,training,10,361,0,0.0,0.0,0.0,0.0
B,R02,training,10,362,0,0.0,0.0,0.0,0.0
B,R02,training,10,363,0,0.0,0.0,0.0,0.0
B,R02,training,10,364,0,0.0,0.0,0.0,0.0
B,R02,training,10,365,0,0.0,0.0,0.0,0.0
B,R02,training,10,366,0,0.0,0.0,0.0,0.0
B,R02,training,10,367,0,0.0,0.0,0.0,0.0
B,R02,training,10,368,0,0.0,0.0,0.0,0.0
B,R02,training,10,369,0,0.0,0.0,0.0,0.0
B,R02,training,10,370,0,0.0,0.0,0.0,0.0
B,R02,training,10,371,0,0.0,0.0,0.0,0.0
B,R02,training,10,372,0,0.0,0.0,0.0,0.0
B,R02,training,10,373,0,0.0,0.0,0.0,0.0
B,R02,training,10,374,0,0.0,0.0,0.0,0.0
B,R02,training,10,375,0,0.0,0.0,0.0,0.0
B,R02,training,10,376,0,0.0,0.0,0.0,0.0
B,R02,training,10,377,0,0.0,0.0,0.0,0.0
B,R02,training,10,378,0,0.0,0.0,0.0,0.0
B,R02,training,10,379,0,0.0,0.0,0.0,0.0
B,R02,training,10,380,0,0.0,0.0,0.0,0.0
B,R02,training,10,381,0,0.0,0.0,0.0,0.0
B,R02,training,10,382,0,0.0,0.0,0.0,0.0
B,R02,training,10,383,0,0.0,0.0,0.0,0.0
B,R02,training,10,384,0,0.0,0.0,0.0,0.0
B,R02,training,10,385,0,0.0,0.0,0.0,0.0
B,R02,training,10,386,0,0.0,0.0,0.0,0.0
B,R02,training,10,387,0,0.0,0.0,0.0,0.0
B,R02,training,10,388,0,0.0,0.0,0.0,0.0
B,R02,training,10,389,0,0.0,0.0,0.0,0.0
B,R02,training,10,390,0,0.0,0.0,0.0,0.0
B,R02,training,10,391,0,0.0,0.0,0.0,0.0
B,R02,training,10,392,0,0.0,0.0,0.0,0.0
B,R02,training,10,393,0,0.0,0.0,0.0,0.0
B,R02,training,10,394,0,0.0,0.0,0.0,0.0
B,R02,training,10,395,0,0.0,0.0,0.0,0.0
B,R02,training,10,396,0,0.0,0.0,0.0,0.0
B,R02,training,10,397,0,0.0,0.0,0.0,0.0
B,R02,training,10,398,0,0.0,0.0,0.0,0.0
B,R02,training,10,399,0,0.0,0.0,0.0,0.0
B,R02,training,10,400,0,0.0,0.0,0.0,0.0
B,R02,training,10,401,0,0.0,0.0,0.0,0.0
B,R02,training,10,402,0,0.0,0.0,0.0,0.0
B,R02,training,10,403,0,0.0,0.0,0.0,0.0
B,R02,training,10,404,0,0.0,0.0,0.0,0.0
B,R02,training,10,405,0,0.0,0.0,0.0,0.0
B,R02,training,10,406,0,0.0,0.0,0.0,0.0
B,R02,training,10,407,0,0.0,0.0,0.0,0.0
B,R02,training,10,408,0,0.0,0.0,0.0,0.0
B,R02,training,10,409,0,0.0,0.0,0.0,0.0
B,R02,training,10,410,0,0.0,0.0,0.0,0.0
B,R02,training,10,411,0,0.0,0.0,0.0,0.0
B,R02,training,10,412,0,0.0,0.0,0.0,0.0
B,R02,training,10,413,0,0.0,0.0,0.0,0.0
B,R02,training,10,414,0,0.0,0.0,0.0,0.0
B,R02,training,10,415,0,0.0,0.0,0.0,0.0
B,R02,training,10,416,0,0.0,0.0,0.0,0.0
B,R02,training,10,417,0,0.0,0.0,0.0,0.0
B,R02,training,10,418,0,0.0,0.0,0.0,0.0
B,R02,training,10,419,0,0.0,0.0,0.0,0.0
B,R02,training,10,420,0,0.0,0.0,0.0,0.0
B,R02,training,10,421,0,0.0,0.0,0.0,0.0
B,R02,training,10,422,0,0.0,0.0,0.0,0.0
B,R02,training,10,423,0,0.0,0.0,0.0,0.0
B,R02,training,10,424,0,0.0,0.0,0.0,0.0
B,R02,training,10,425,0,0.0,0.0,0.0,0.0
B,R02,training,10,426,0,0.0,0.0,0.0,0.0
B,R02,training,10,427,0,0.0,0.0,0.0,0.0
B,R02,training,10,428,0,0.0,0.0,0.0,0.0
B,R02,training,10,429,0,0.0,0.0,0.0,0.0
B,R02,training,10,430,0,0.0,0.0,0.0,0.0
B,R02,training,10,431,0,0.0,0.0,0.0,0.0
B,R02,training,10,432,0,0.0,0.0,0.0,0.0
B,R02,training,10,433,0,0.0,0.0,0.0,0.0
B,R02,training,10,434,0,0.0,0.0,0.0,0.0
B,R02,training,10,435,0,0.0,0.0,0.0,0.0
B,R02,training,10,436,0,0.0,0.0,0.0,0.0
B,R02,training,10,437,0,0.0,0.0,0.0,0.0
B,R02,training,10,438,0,0.0,0.0,0.0,0.0
B,R02,training,10,439,0,0.0,0.0,0.0,0.0
B,R02,training,10,440,0,0.0,0.0,0.0,0.0
B,R02,training,10,441,0,0.0,0.0,0.0,0.0
B,R02,training,10,442,0,0.0,0.0,0.0,0.0
B,R02,training,10,443,0,0.0,0.0,0.0,0.0
B,R02,training,10,444,0,0.0,0.0,0.0,0.0
B,R02,training,10,445,0,0.0,0.0,0.0,0.0
B,R02,training,10,446,0,0.0,0.0,0.0,0.0
B,R02,training,10,447,0,0.0,0.0,0.0,0.0
B,R02,training,10,448,0,0.0,0.0,0.0,0.0
B,R02,training,10,449,0,0.0,0.0,0.0,0.0
B,R02,training,10,450,0,0.0,0.0,0.0,0.0
B,R02,training,10,451,0,0.0,0.0,0.0,0.0
B,R02,training,10,452,0,0.0,0.0,0.0,0.0
B,R02,training,10,453,0,0.0,0.0,0.0,0.0
B,R02,training,10,454,0,0.0,0.0,0.0,0.0
B,R02,training,10,455,0,0.0,0.0,0.0,0.0
B,R02,training,10,456,0,0.0,0.0,0.0,0.0
B,R02,training,10,457,0,0.0,0.0,0.0,0.0
B,R02,training,10,458,0,0.0,0.0,0.0,0.0
B,R02,training,10,459,0,0.0,0.0,0.0,0.0
B,R02,training,10,460,0,0.0,0.0,0.0,0.0
B,R02,training,10,461,0,0.0,0.0,0.0,0.0
B,R02,training,10,462,0,0.0,0.0,0.0,0.0
B,R02,training,10,463,0,0.0,0.0,0.0,0.0
B,R02,training,10,464,0,0.0,0.0,0.0,0.0
B,R02,training,10,465,0,0.0,0.0,0.0,0.0
B,R02,training,10,466,0,0.0,0.0,0.0,0.0
B,R02,training,10,467,0,0.0,0.0,0.0,0.0
B,R02,training,10,468,0,0.0,0.0,0.0,0.0
B,R02,training,10,469,0,0.0,0.0,0.0,0.0
B,R02,training,10,470,0,0.0,0.0,0.0,0.0
B,R02,training,10,471,0,0.0,0.0,0.0,0.0
B,R02,training,10,472,0,0.0,0.0,0.0,0.0
B,R02,training,10,473,0,0.0,0.0,0.0,0.0
B,R02,training,10,474,0,0.0,0.0,0.0,0.0
B,R02,training,10,475,0,0.0,0.0,0.0,0.0
B,R02,training,10,476,0,0.0,0.0,0.0,0.0
B,R02,training,10,477,0,0.0,0.0,0.0,0.0
B,R02,training,10,478,0,0.0,0.0,0.0,0.0
B,R02,training,10,479,0,0.0,0.0,0.0,0.0
B,R02,training,10,480,0,0.0,0.0,0.0,0.0
B,R02,training,10,481,0,0.0,0.0,0.0,0.0
B,R02,training,10,482,0,0.0,0.0,0.0,0.0
B,R02,training,10,483,0,0.0,0.0,0.0,0.0
B,R02,training,10,484,0,0.0,0.0,0.0,0.0
B,R02,training,10,485,0,0.0,0.0,0.0,0.0
B,R02,training,10,486,0,0.0,0.0,0.0,0.0
B,R02,training,10,487,0,0.0,0.0,0.0,0.0
B,R02,training,10,488,0,0.0,0.0,0.0,0.0
B,R02,training,10,489,0,0.0,0.0,0.0,0.0
B,R02,training,10,490,0,0.0,0.0,0.0,0.0
B,R02,training,10,491,0,0.0,0.0,0.0,0.0
B,R02,training,10,492,0,0.0,0.0,0.0,0.0
B,R02,training,10,493,0,0.0,0.0,0.0,0.0
B,R02,training,10,494,0,0.0,0.0,0.0,0.0
B,R02,training,10,495,0,0.0,0.0,0.0,0.0
B,R02,training,10,496,0,0.0,0.0,0.0,0.0
B,R02,training,10,497,0,0.0,0.0,0.0,0.0
B,R02,training,10,498,0,0.0,0.0,0.0,0.0
B,R02,training,10,499,0,0.0,0.0,0.0,0.0
B,R02,training,10,500,0,0.0,0.0,0.0,0.0
B,R02,training,10,501,0,0.0,0.0,0.0,0.0
B,R02,training,10,502,0,0.0,0.0,0.0,0.0
B,R02,training,10,503,0,0.0,0.0,0.0,0.0
B,R02,training,10,504,0,0.0,0.0,0.0,0.0
B,R02,training,10,505,0,0.0,0.0,0.0,0.0
B,R02,training,10,506,0,0.0,0.0,0.0,0.0
B,R02,training,10,507,0,0.0,0.0,0.0,0.0
B,R02,training,10,508,0,0.0,0.0,0.0,0.0
B,R02,training,10,509,0,0.0,0.0,0.0,0.0
B,R02,training,10,510,0,0.0,0.0,0.0,0.0
B,R02,training,10,511,0,0.0,0.0,0.0,0.0
B,R02,training,10,512,0,0.0,0.0,0.0,0.0
B,R02,training,10,513,0,0.0,0.0,0.0,0.0
B,R02,training,10,514,0,0.0,0.0,0.0,0.0
B,R02,training,10,515,0,0.0,0.0,0.0,0.0
B,R02,training,10,516,0,0.0,0.0,0.0,0.0
B,R02,training,10,517,0,0.0,0.0,0.0,0.0
B,R02,training,10,518,0,0.0,0.0,0.0,0.0
B,R02,training,10,519,0,0.0,0.0,0.0,0.0
B,R02,training,10,520,0,0.0,0.0,0.0,0.0
B,R02,training,10,521,0,0.0,0.0,0.0,0.0
B,R02,training,10,522,0,0.0,0.0,0.0,0.0
B,R02,training,10,523,0,0.0,0.0,0.0,0.0
B,R02,training,10,524,0,0.0,0.0,0.0,0.0
B,R02,training,10,525,0,0.0,0.0,0.0,0.0
B,R02,training,10,526,0,0.0,0.0,0.0,0.0
B,R02,training,10,527,0,0.0,0.0,0.0,0.0
B,R02,training,10,528,0,0.0,0.0,0.0,0.0
B,R02,training,10,529,0,0.0,0.0,0.0,0.0
B,R02,training,10,530,0,0.0,0.0,0.0,0.0
B,R02,training,10,531,0,0.0,0.0,0.0,0.0
B,R02,training,10,532,0,0.0,0.0,0.0,0.0
B,R02,training,10,533,0,0.0,0.0,0.0,0.0
B,R02,training,10,534,0,0.0,0.0,0.0,0.0
B,R02,training,10,535,0,0.0,0.0,0.0,0.0
B,R02,training,10,536,0,0.0,0.0,0.0,0.0
B,R02,training,10,537,0,0.0,0.0,0.0,0.0
B,R02,training,10,538,0,0.0,0.0,0.0,0.0
B,R02,training,10,539,0,0.0,0.0,0.0,0.0
B,R02,training,10,540,0,0.0,0.0,0.0,0.0
B,R02,training,10,541,0,0.0,0.0,0.0,0.0
B,R02,training,10,542,0,0.0,0.0,0.0,0.0
B,R02,training,10,543,0,0.0,0.0,0.0,0.0
B,R02,training,10,544,0,0.0,0.0,0.0,0.0
B,R02,training,10,545,0,0.0,0.0,0.0,0.0
B,R02,training,10,546,0,0.0,0.0,0.0,0.0
B,R02,training,10,547,0,0.0,0.0,0.0,0.0
B,R02,training,10,548,0,0.0,0.0,0.0,0.0
B,R02,training,10,549,0,0.0,0.0,0.0,0.0
B,R02,training,10,550,0,0.0,0.0,0.0,0.0
B,R02,training,10,551,0,0.0,0.0,0.0,0.0
B,R02,training,10,552,0,0.0,0.0,0.0,0.0
B,R02,training,10,553,0,0.0,0.0,0.0,0.0
B,R02,training,10,554,0,0.0,0.0,0.0,0.0
B,R02,training,10,555,0,0.0,0.0,0.0,0.0
B,R02,training,10,556,0,0.0,0.0,0.0,0.0
B,R02,training,10,557,0,0.0,0.0,0.0,0.0
B,R02,training,10,558,0,0.0,0.0,0.0,0.0
B,R02,training,10,559,0,0.0,0.0,0.0,0.0
B,R02,training,10,560,0,0.0,0.0,0.0,0.0
B,R02,training,10,561,0,0.0,0.0,0.0,0.0
B,R02,training,10,562,0,0.0,0.0,0.0,0.0
B,R02,training,10,563,0,0.0,0.0,0.0,0.0
B,R02,training,10,564,0,0.0,0.0,0.0,0.0
B,R02,training,10,565,0,0.0,0.0,0.0,0.0
B,R02,training,10,566,0,0.0,0.0,0.0,0.0
B,R02,training,10,567,0,0.0,0.0,0.0,0.0
B,R02,training,10,568,0,0.0,0.0,0.0,0.0
B,R02,training,10,569,0,0.0,0.0,0.0,0.0
B,R02,training,10,570,0,0.0,0.0,0.0,0.0
B,R02,training,10,571,0,0.0,0.0,0.0,0.0
B,R02,training,10,572,0,0.0,0.0,0.0,0.0
B,R02,training,10,573,0,0.0,0.0,0.0,0.0
B,R02,training,10,574,0,0.0,0.0,0.0,0.0
B,R02,training,10,575,0,0.0,0.0,0.0,0.0
B,R02,training,10,576,0,0.0,0.0,0.0,0.0
B,R02,training,10,577,0,0.0,0.0,0.0,0.0
B,R02,training,10,578,0,0.0,0.0,0.0,0.0
B,R02,training,10,579,0,0.0,0.0,0.0,0.0
B,R02,training,10,580,0,0.0,0.0,0.0,0.0
B,R02,training,10,581,0,0.0,0.0,0.0,0.0
B,R02,training,10,582,0,0.0,0.0,0.0,0.0
B,R02,training,10,583,0,0.0,0.0,0.0,0.0
B,R02,training,10,584,0,0.0,0.0,0.0,0.0
B,R02,training,10,585,0,0.0,0.0,0.0,0.0
B,R02,training,10,586,0,0.0,0.0,0.0,0.0
B,R02,training,10,587,0,0.0,0.0,0.0,0.0
B,R02,training,10,588,0,0.0,0.0,0.0,0.0
B,R02,training,10,589,0,0.0,0.0,0.0,0.0
B,R02,training,10,590,0,0.0,0.0,0.0,0.0
B,R02,training,10,591,0,0.0,0.0,0.0,0.0
B,R02,training,10,592,0,0.0,0.0,0.0,0.0
B,R02,training,10,593,0,0.0,0.0,0.0,0.0
B,R02,training,10,594,0,0.0,0.0,0.0,0.0
C,R02,training,10,0,0,0.0,0.0,0.0,0.0
C,R02,training,10,1,0,0.0,0.0,0.0,0.0
C,R02,training,10,2,0,0.0,0.0,0.0,0.0
C,R02,training,10,3,0,0.0,0.0,0.0,0.0
C,R02,training,10,4,0,0.0,0.0,0.0,0.0
C,R02,training,10,5,0,0.0,0.0,0.0,0.0
C,R02,training,10,6,0,0.0,0.0,0.0,0.0
C,R02,training,10,7,0,0.0,0.0,0.0,0.0
C,R02,training,10,8,0,0.0,0.0,0.0,0.0
C,R02,training,10,9,0,0.0,0.0,0.0,0.0
C,R02,training,10,10,0,0.0,0.0,0.0,0.0
C,R02,training,10,11,0,0.0,0.0,0.0,0.0
C,R02,training,10,12,0,0.0,0.0,0.0,0.0
C,R02,training,10,13,0,0.0,0.0,0.0,0.0
C,R02,training,10,14,0,0.0,0.0,0.0,0.0
C,R02,training,10,15,0,0.0,0.0,0.0,0.0
C,R02,training,10,16,0,0.0,0.0,0.0,0.0
C,R02,training,10,17,0,0.0,0.0,0.0,0.0
C,R02,training,10,18,0,0.0,0.0,0.0,0.0
C,R02,training,10,19,0,0.0,0.0,0.0,0.0
C,R02,training,10,20,0,0.0,0.0,0.0,0.0
C,R02,training,10,21,0,0.0,0.0,0.0,0.0
C,R02,training,10,22,0,0.0,0.0,0.0,0.0
C,R02,training,10,23,0,0.0,0.0,0.0,0.0
C,R02,training,10,24,0,0.0,0.0,0.0,0.0
C,R02,training,10,25,0,0.0,0.0,0.0,0.0
C,R02,training,10,26,0,0.0,0.0,0.0,0.0
C,R02,training,10,27,0,0.0,0.0,0.0,0.0
C,R02,training,10,28,0,0.0,0.0,0.0,0.0
C,R02,training,10,29,0,0.0,0.0,0.0,0.0
C,R02,training,10,30,0,0.0,0.0,0.0,0.0
C,R02,training,10,31,0,0.0,0.0,0.0,0.0
C,R02,training,10,32,0,0.0,0.0,0.0,0.0
C,R02,training,10,33,0,0.0,0.0,0.0,0.0
C,R02,training,10,34,0,0.0,0.0,0.0,0.0
C,R02,training,10,35,0,0.0,0.0,0.0,0.0
C,R02,training,10,36,0,0.0,0.0,0.0,0.0
C,R02,training,10,37,0,0.0,0.0,0.0,0.0
C,R02,training,10,38,0,0.0,0.0,0.0,0.0
C,R02,training,10,39,0,0.0,0.0,0.0,0.0
C,R02,training,10,40,0,0.0,0.0,0.0,0.0
C,R02,training,10,41,0,0.0,0.0,0.0,0.0
C,R02,training,10,42,0,0.0,0.0,0.0,0.0
C,R02,training,10,43,0,0.0,0.0,0.0,0.0
C,R02,training,10,44,0,0.0,0.0,0.0,0.0
C,R02,training,10,45,0,0.0,0.0,0.0,0.0
C,R02,training,10,46,0,0.0,0.0,0.0,0.0
C,R02,training,10,47,0,0.0,0.0,0.0,0.0
C,R02,training,10,48,0,0.0,0.0,0.0,0.0
C,R02,training,10,49,0,0.0,0.0,0.0,0.0
C,R02,training,10,50,0,0.0,0.0,0.0,0.0
C,R02,training,10,51,0,0.0,0.0,0.0,0.0
C,R02,training,10,52,0,0.0,0.0,0.0,0.0
C,R02,training,10,53,0,0.0,0.0,0.0,0.0
C,R02,training,10,54,0,0.0,0.0,0.0,0.0
C,R02,training,10,55,0,0.0,0.0,0.0,0.0
C,R02,training,10,56,0,0.0,0.0,0.0,0.0
C,R02,training,10,57,0,0.0,0.0,0.0,0.0
C,R02,training,10,58,0,0.0,0.0,0.0,0.0
C,R02,training,10,59,0,0.0,0.0,0.0,0.0
C,R02,training,10,60,0,0.0,0.0,0.0,0.0
C,R02,training,10,61,0,0.0,0.0,0.0,0.0
C,R02,training,10,62,0,0.0,0.0,0.0,0.0
C,R02,training,10,63,0,0.0,0.0,0.0,0.0
C,R02,training,10,64,0,0.0,0.0,0.0,0.0
C,R02,training,10,65,0,0.0,0.0,0.0,0.0
C,R02,training,10,66,0,0.0,0.0,0.0,0.0
C,R02,training,10,67,0,0.0,0.0,0.0,0.0
C,R02,training,10,68,0,0.0,0.0,0.0,0.0
C,R02,training,10,69,0,0.0,0.0,0.0,0.0
C,R02,training,10,70,0,0.0,0.0,0.0,0.0
C,R02,training,10,71,0,0.0,0.0,0.0,0.0
C,R02,training,10,72,0,0.0,0.0,0.0,0.0
C,R02,training,10,73,0,0.0,0.0,0.0,0.0
C,R02,training,10,74,0,0.0,0.0,0.0,0.0
C,R02,training,10,75,0,0.0,0.0,0.0,0.0
C,R02,training,10,76,0,0.0,0.0,0.0,0.0
C,R02,training,10,77,0,0.0,0.0,0.0,0.0
C,R02,training,10,78,0,0.0,0.0,0.0,0.0
C,R02,training,10,79,0,0.0,0.0,0.0,0.0
C,R02,training,10,80,0,0.0,0.0,0.0,0.0
C,R02,training,10,81,0,0.0,0.0,0.0,0.0
C,R02,training,10,82,0,0.0,0.0,0.0,0.0
C,R02,training,10,83,0,0.0,0.0,0.0,0.0
C,R02,training,10,84,0,0.0,0.0,0.0,0.0
C,R02,training,10,85,0,0.0,0.0,0.0,0.0
C,R02,training,10,86,0,0.0,0.0,0.0,0.0
C,R02,training,10,87,0,0.0,0.0,0.0,0.0
C,R02,training,10,88,0,0.0,0.0,0.0,0.0
C,R02,training,10,89,0,0.0,0.0,0.0,0.0
C,R02,training,10,90,0,0.0,0.0,0.0,0.0
C,R02,training,10,91,0,0.0,0.0,0.0,0.0
C,R02,training,10,92,0,0.0,0.0,0.0,0.0
C,R02,training,10,93,0,0.0,0.0,0.0,0.0
C,R02,training,10,94,0,0.0,0.0,0.0,0.0
C,R02,training,10,95,0,0.0,0.0,0.0,0.0
C,R02,training,10,96,0,0.0,0.0,0.0,0.0
C,R02,training,10,97,0,0.0,0.0,0.0,0.0
C,R02,training,10,98,0,0.0,0.0,0.0,0.0
C,R02,training,10,99,0,0.0,0.0,0.0,0.0
C,R02,training,10,100,0,0.0,0.0,0.0,0.0
C,R02,training,10,101,0,0.0,0.0,0.0,0.0
C,R02,training,10,102,0,0.0,0.0,0.0,0.0
C,R02,training,10,103,0,0.0,0.0,0.0,0.0
C,R02,training,10,104,0,0.0,0.0,0.0,0.0
C,R02,training,10,105,0,0.0,0.0,0.0,0.0
C,R02,training,10,106,0,0.0,0.0,0.0,0.0
C,R02,training,10,107,0,0.0,0.0,0.0,0.0
C,R02,training,10,108,0,0.0,0.0,0.0,0.0
C,R02,training,10,109,0,0.0,0.0,0.0,0.0
C,R02,training,10,110,0,0.0,0.0,0.0,0.0
C,R02,training,10,111,0,0.0,0.0,0.0,0.0
C,R02,training,10,112,0,0.0,0.0,0.0,0.0
C,R02,training,10,113,0,0.0,0.0,0.0,0.0
C,R02,training,10,114,0,0.0,0.0,0.0,0.0
C,R02,training,10,115,0,0.0,0.0,0.0,0.0
C,R02,training,10,116,0,0.0,0.0,0.0,0.0
C,R02,training,10,117,0,0.0,0.0,0.0,0.0
C,R02,training,10,118,0,0.0,0.0,0.0,0.0
C,R02,training,10,119,0,0.0,0.0,0.0,0.0
C,R02,training,10,120,0,0.0,0.0,0.0,0.0
C,R02,training,10,121,0,0.0,0.0,0.0,0.0
C,R02,training,10,122,0,0.0,0.0,0.0,0.0
C,R02,training,10,123,0,0.0,0.0,0.0,0.0
C,R02,training,10,124,0,0.0,0.0,0.0,0.0
C,R02,training,10,125,0,0.0,0.0,0.0,0.0
C,R02,training,10,126,0,0.0,0.0,0.0,0.0
C,R02,training,10,127,0,0.0,0.0,0.0,0.0
C,R02,training,10,128,0,0.0,0.0,0.0,0.0
C,R02,training,10,129,0,0.0,0.0,0.0,0.0
C,R02,training,10,130,0,0.0,0.0,0.0,0.0
C,R02,training,10,131,0,0.0,0.0,0.0,0.0
C,R02,training,10,132,0,0.0,0.0,0.0,0.0
C,R02,training,10,133,0,0.0,0.0,0.0,0.0
C,R02,training,10,134,0,0.0,0.0,0.0,0.0
C,R02,training,10,135,0,0.0,0.0,0.0,0.0
C,R02,training,10,136,0,0.0,0.0,0.0,0.0
C,R02,training,10,137,0,0.0,0.0,0.0,0.0
C,R02,training,10,138,0,0.0,0.0,0.0,0.0
C,R02,training,10,139,0,0.0,0.0,0.0,0.0
C,R02,training,10,140,0,0.0,0.0,0.0,0.0
C,R02,training,10,141,0,0.0,0.0,0.0,0.0
C,R02,training,10,142,0,0.0,0.0,0.0,0.0
C,R02,training,10,143,0,0.0,0.0,0.0,0.0
C,R02,training,10,144,0,0.0,0.0,0.0,0.0
C,R02,training,10,145,0,0.0,0.0,0.0,0.0
C,R02,training,10,146,0,0.0,0.0,0.0,0.0
C,R02,training,10,147,0,0.0,0.0,0.0,0.0
C,R02,training,10,148,0,0.0,0.0,0.0,0.0
C,R02,training,10,149,0,0.0,0.0,0.0,0.0
C,R02,training,10,150,0,0.0,0.0,0.0,0.0
C,R02,training,10,151,0,0.0,0.0,0.0,0.0
C,R02,training,10,152,0,0.0,0.0,0.0,0.0
C,R02,training,10,153,0,0.0,0.0,0.0,0.0
C,R02,training,10,154,0,0.0,0.0,0.0,0.0
C,R02,training,10,155,0,0.0,0.0,0.0,0.0
C,R02,training,10,156,0,0.0,0.0,0.0,0.0
C,R02,training,10,157,0,0.0,0.0,0.0,0.0
C,R02,training,10,158,0,0.0,0.0,0.0,0.0
C,R02,training,10,159,0,0.0,0.0,0.0,0.0
C,R02,training,10,160,0,0.0,0.0,0.0,0.0
C,R02,training,10,161,0,0.0,0.0,0.0,0.0
C,R02,training,10,162,0,0.0,0.0,0.0,0.0
C,R02,training,10,163,0,0.0,0.0,0.0,0.0
C,R02,training,10,164,0,0.0,0.0,0.0,0.0
C,R02,training,10,165,0,0.0,0.0,0.0,0.0
C,R02,training,10,166,0,0.0,0.0,0.0,0.0
C,R02,training,10,167,0,0.0,0.0,0.0,0.0
C,R02,training,10,168,0,0.0,0.0,0.0,0.0
C,R02,training,10,169,0,0.0,0.0,0.0,0.0
C,R02,training,10,170,0,0.0,0.0,0.0,0.0
C,R02,training,10,171,0,0.0,0.0,0.0,0.0
C,R02,training,10,172,0,0.0,0.0,0.0,0.0
C,R02,training,10,173,0,0.0,0.0,0.0,0.0
C,R02,training,10,174,0,0.0,0.0,0.0,0.0
C,R02,training,10,175,0,0.0,0.0,0.0,0.0
C,R02,training,10,176,0,0.0,0.0,0.0,0.0
C,R02,training,10,177,0,0.0,0.0,0.0,0.0
C,R02,training,10,178,0,0.0,0.0,0.0,0.0
C,R02,training,10,179,0,0.0,0.0,0.0,0.0
C,R02,training,10,180,0,0.0,0.0,0.0,0.0
C,R02,training,10,181,0,0.0,0.0,0.0,0.0
C,R02,training,10,182,0,0.0,0.0,0.0,0.0
C,R02,training,10,183,0,0.0,0.0,0.0,0.0
C,R02,training,10,184,0,0.0,0.0,0.0,0.0
C,R02,training,10,185,0,0.0,0.0,0.0,0.0
C,R02,training,10,186,0,0.0,0.0,0.0,0.0
C,R02,training,10,187,0,0.0,0.0,0.0,0.0
C,R02,training,10,188,0,0.0,0.0,0.0,0.0
C,R02,training,10,189,0,0.0,0.0,0.0,0.0
C,R02,training,10,190,0,0.0,0.0,0.0,0.0
C,R02,training,10,191,0,0.0,0.0,0.0,0.0
C,R02,training,10,192,0,0.0,0.0,0.0,0.0
C,R02,training,10,193,0,0.0,0.0,0.0,0.0
C,R02,training,10,194,0,0.0,0.0,0.0,0.0
C,R02,training,10,195,0,0.0,0.0,0.0,0.0
C,R02,training,10,196,0,0.0,0.0,0.0,0.0
C,R02,training,10,197,0,0.0,0.0,0.0,0.0
C,R02,training,10,198,0,0.0,0.0,0.0,0.0
C,R02,training,10,199,0,0.0,0.0,0.0,0.0
C,R02,training,10,200,0,0.0,0.0,0.0,0.0
C,R02,training,10,201,0,0.0,0.0,0.0,0.0
C,R02,training,10,202,0,0.0,0.0,0.0,0.0
C,R02,training,10,203,0,0.0,0.0,0.0,0.0
C,R02,training,10,204,0,0.0,0.0,0.0,0.0
C,R02,training,10,205,0,0.0,0.0,0.0,0.0
C,R02,training,10,206,0,0.0,0.0,0.0,0.0
C,R02,training,10,207,0,0.0,0.0,0.0,0.0
C,R02,training,10,208,0,0.0,0.0,0.0,0.0
C,R02,training,10,209,0,0.0,0.0,0.0,0.0
C,R02,training,10,210,0,0.0,0.0,0.0,0.0
C,R02,training,10,211,0,0.0,0.0,0.0,0.0
C,R02,training,10,212,0,0.0,0.0,0.0,0.0
C,R02,training,10,213,0,0.0,0.0,0.0,0.0
C,R02,training,10,214,0,0.0,0.0,0.0,0.0
C,R02,training,10,215,0,0.0,0.0,0.0,0.0
C,R02,training,10,216,0,0.0,0.0,0.0,0.0
C,R02,training,10,217,0,0.0,0.0,0.0,0.0
C,R02,training,10,218,0,0.0,0.0,0.0,0.0
C,R02,training,10,219,0,0.0,0.0,0.0,0.0
C,R02,training,10,220,0,0.0,0.0,0.0,0.0
C,R02,training,10,221,0,0.0,0.0,0.0,0.0
C,R02,training,10,222,0,0.0,0.0,0.0,0.0
C,R02,training,10,223,0,0.0,0.0,0.0,0.0
C,R02,training,10,224,0,0.0,0.0,0.0,0.0
C,R02,training,10,225,0,0.0,0.0,0.0,0.0
C,R02,training,10,226,0,0.0,0.0,0.0,0.0
C,R02,training,10,227,0,0.0,0.0,0.0,0.0
C,R02,training,10,228,0,0.0,0.0,0.0,0.0
C,R02,training,10,229,0,0.0,0.0,0.0,0.0
C,R02,training,10,230,0,0.0,0.0,0.0,0.0
C,R02,training,10,231,0,0.0,0.0,0.0,0.0
C,R02,training,10,232,0,0.0,0.0,0.0,0.0
C,R02,training,10,233,0,0.0,0.0,0.0,0.0
C,R02,training,10,234,0,0.0,0.0,0.0,0.0
C,R02,training,10,235,0,0.0,0.0,0.0,0.0
C,R02,training,10,236,0,0.0,0.0,0.0,0.0
C,R02,training,10,237,0,0.0,0.0,0.0,0.0
C,R02,training,10,238,0,0.0,0.0,0.0,0.0
C,R02,training,10,239,0,0.0,0.0,0.0,0.0
C,R02,training,10,240,0,0.0,0.0,0.0,0.0
C,R02,training,10,241,0,0.0,0.0,0.0,0.0
C,R02,training,10,242,0,0.0,0.0,0.0,0.0
C,R02,training,10,243,0,0.0,0.0,0.0,0.0
C,R02,training,10,244,0,0.0,0.0,0.0,0.0
C,R02,training,10,245,0,0.0,0.0,0.0,0.0
C,R02,training,10,246,0,0.0,0.0,0.0,0.0
C,R02,training,10,247,0,0.0,0.0,0.0,0.0
C,R02,training,10,248,0,0.0,0.0,0.0,0.0
C,R02,training,10,249,0,0.0,0.0,0.0,0.0
C,R02,training,10,250,0,0.0,0.0,0.0,0.0
C,R02,training,10,251,0,0.0,0.0,0.0,0.0
C,R02,training,10,252,0,0.0,0.0,0.0,0.0
C,R02,training,10,253,0,0.0,0.0,0.0,0.0
C,R02,training,10,254,0,0.0,0.0,0.0,0.0
C,R02,training,10,255,0,0.0,0.0,0.0,0.0
C,R02,training,10,256,0,0.0,0.0,0.0,0.0
C,R02,training,10,257,0,0.0,0.0,0.0,0.0
C,R02,training,10,258,0,0.0,0.0,0.0,0.0
C,R02,training,10,259,0,0.0,0.0,0.0,0.0
C,R02,training,10,260,0,0.0,0.0,0.0,0.0
C,R02,training,10,261,0,0.0,0.0,0.0,0.0
C,R02,training,10,262,0,0.0,0.0,0.0,0.0
C,R02,training,10,263,0,0.0,0.0,0.0,0.0
C,R02,training,10,264,0,0.0,0.0,0.0,0.0
C,R02,training,10,265,0,0.0,0.0,0.0,0.0
C,R02,training,10,266,0,0.0,0.0,0.0,0.0
C,R02,training,10,267,0,0.0,0.0,0.0,0.0
C,R02,training,10,268,0,0.0,0.0,0.0,0.0
C,R02,training,10,269,0,0.0,0.0,0.0,0.0
C,R02,training,10,270,0,0.0,0.0,0.0,0.0
C,R02,training,10,271,0,0.0,0.0,0.0,0.0
C,R02,training,10,272,0,0.0,0.0,0.0,0.0
C,R02,training,10,273,0,0.0,0.0,0.0,0.0
C,R02,training,10,274,0,0.0,0.0,0.0,0.0
C,R02,training,10,275,0,0.0,0.0,0.0,0.0
C,R02,training,10,276,0,0.0,0.0,0.0,0.0
C,R02,training,10,277,0,0.0,0.0,0.0,0.0
C,R02,training,10,278,0,0.0,0.0,0.0,0.0
C,R02,training,10,279,0,0.0,0.0,0.0,0.0
C,R02,training,10,280,0,0.0,0.0,0.0,0.0
C,R02,training,10,281,0,0.0,0.0,0.0,0.0
C,R02,training,10,282,0,0.0,0.0,0.0,0.0
C,R02,training,10,283,0,0.0,0.0,0.0,0.0
C,R02,training,10,284,0,0.0,0.0,0.0,0.0
C,R02,training,10,285,0,0.0,0.0,0.0,0.0
C,R02,training,10,286,0,0.0,0.0,0.0,0.0
C,R02,training,10,287,0,0.0,0.0,0.0,0.0
C,R02,training,10,288,0,0.0,0.0,0.0,0.0
C,R02,training,10,289,0,0.0,0.0,0.0,0.0
C,R02,training,10,290,0,0.0,0.0,0.0,0.0
C,R02,training,10,291,0,0.0,0.0,0.0,0.0
C,R02,training,10,292,0,0.0,0.0,0.0,0.0
C,R02,training,10,293,0,0.0,0.0,0.0,0.0
C,R02,training,10,294,0,0.0,0.0,0.0,0.0
C,R02,training,10,295,0,0.0,0.0,0.0,0.0
C,R02,training,10,296,0,0.0,0.0,0.0,0.0
C,R02,training,10,297,0,0.0,0.0,0.0,0.0
C,R02,training,10,298,0,0.0,0.0,0.0,0.0
C,R02,training,10,299,0,0.0,0.0,0.0,0.0
C,R02,training,10,300,0,0.0,0.0,0.0,0.0
C,R02,training,10,301,0,0.0,0.0,0.0,0.0
C,R02,training,10,302,0,0.0,0.0,0.0,0.0
C,R02,training,10,303,0,0.0,0.0,0.0,0.0
C,R02,training,10,304,0,0.0,0.0,0.0,0.0
C,R02,training,10,305,0,0.0,0.0,0.0,0.0
C,R02,training,10,306,0,0.0,0.0,0.0,0.0
C,R02,training,10,307,0,0.0,0.0,0.0,0.0
C,R02,training,10,308,0,0.0,0.0,0.0,0.0
C,R02,training,10,309,0,0.0,0.0,0.0,0.0
C,R02,training,10,310,0,0.0,0.0,0.0,0.0
C,R02,training,10,311,0,0.0,0.0,0.0,0.0
C,R02,training,10,312,0,0.0,0.0,0.0,0.0
C,R02,training,10,313,0,0.0,0.0,0.0,0.0
C,R02,training,10,314,0,0.0,0.0,0.0,0.0
C,R02,training,10,315,0,0.0,0.0,0.0,0.0
C,R02,training,10,316,0,0.0,0.0,0.0,0.0
C,R02,training,10,317,0,0.0,0.0,0.0,0.0
C,R02,training,10,318,0,0.0,0.0,0.0,0.0
C,R02,training,10,319,0,0.0,0.0,0.0,0.0
C,R02,training,10,320,0,0.0,0.0,0.0,0.0
C,R02,training,10,321,0,0.0,0.0,0.0,0.0
C,R02,training,10,322,0,0.0,0.0,0.0,0.0
C,R02,training,10,323,0,0.0,0.0,0.0,0.0
C,R02,training,10,324,0,0.0,0.0,0.0,0.0
C,R02,training,10,325,0,0.0,0.0,0.0,0.0
C,R02,training,10,326,0,0.0,0.0,0.0,0.0
C,R02,training,10,327,0,0.0,0.0,0.0,0.0
C,R02,training,10,328,0,0.0,0.0,0.0,0.0
C,R02,training,10,329,0,0.0,0.0,0.0,0.0
C,R02,training,10,330,0,0.0,0.0,0.0,0.0
C,R02,training,10,331,0,0.0,0.0,0.0,0.0
C,R02,training,10,332,0,0.0,0.0,0.0,0.0
C,R02,training,10,333,0,0.0,0.0,0.0,0.0
C,R02,training,10,334,0,0.0,0.0,0.0,0.0
C,R02,training,10,335,0,0.0,0.0,0.0,0.0
C,R02,training,10,336,0,0.0,0.0,0.0,0.0
C,R02,training,10,337,0,0.0,0.0,0.0,0.0
C,R02,training,10,338,0,0.0,0.0,0.0,0.0
C,R02,training,10,339,0,0.0,0.0,0.0,0.0
C,R02,training,10,340,0,0.0,0.0,0.0,0.0
C,R02,training,10,341,0,0.0,0.0,0.0,0.0
C,R02,training,10,342,0,0.0,0.0,0.0,0.0
C,R02,training,10,343,0,0.0,0.0,0.0,0.0
C,R02,training,10,344,0,0.0,0.0,0.0,0.0
C,R02,training,10,345,0,0.0,0.0,0.0,0.0
C,R02,training,10,346,0,0.0,0.0,0.0,0.0
C,R02,training,10,347,0,0.0,0.0,0.0,0.0
C,R02,training,10,348,0,0.0,0.0,0.0,0.0
C,R02,training,10,349,0,0.0,0.0,0.0,0.0
C,R02,training,10,350,0,0.0,0.0,0.0,0.0
C,R02,training,10,351,0,0.0,0.0,0.0,0.0
C,R02,training,10,352,0,0.0,0.0,0.0,0.0
C,R02,training,10,353,0,0.0,0.0,0.0,0.0
C,R02,training,10,354,0,0.0,0.0,0.0,0.0
C,R02,training,10,355,0,0.0,0.0,0.0,0.0
C,R02,training,10,356,0,0.0,0.0,0.0,0.0
C,R02,training,10,357,0,0.0,0.0,0.0,0.0
C,R02,training,10,358,0,0.0,0.0,0.0,0.0
C,R02,training,10,359,0,0.0,0.0,0.0,0.0
C,R02,training,10,360,0,0.0,0.0,0.0,0.0
C,R02,training,10,361,0,0.0,0.0,0.0,0.0
C,R02,training,10,362,0,0.0,0.0,0.0,0.0
C,R02,training,10,363,0,0.0,0.0,0.0,0.0
C,R02,training,10,364,0,0.0,0.0,0.0,0.0
C,R02,training,10,365,0,0.0,0.0,0.0,0.0
C,R02,training,10,366,0,0.0,0.0,0.0,0.0
C,R02,training,10,367,0,0.0,0.0,0.0,0.0
C,R02,training,10,368,0,0.0,0.0,0.0,0.0
C,R02,training,10,369,0,0.0,0.0,0.0,0.0
C,R02,training,10,370,0,0.0,0.0,0.0,0.0
C,R02,training,10,371,0,0.0,0.0,0.0,0.0
C,R02,training,10,372,0,0.0,0.0,0.0,0.0
C,R02,training,10,373,0,0.0,0.0,0.0,0.0
C,R02,training,10,374,0,0.0,0.0,0.0,0.0
C,R02,training,10,375,0,0.0,0.0,0.0,0.0
C,R02,training,10,376,0,0.0,0.0,0.0,0.0
C,R02,training,10,377,0,0.0,0.0,0.0,0.0
C,R02,training,10,378,0,0.0,0.0,0.0,0.0
C,R02,training,10,379,0,0.0,0.0,0.0,0.0
C,R02,training,10,380,0,0.0,0.0,0.0,0.0
C,R02,training,10,381,0,0.0,0.0,0.0,0.0
C,R02,training,10,382,0,0.0,0.0,0.0,0.0
C,R02,training,10,383,0,0.0,0.0,0.0,0.0
C,R02,training,10,384,0,0.0,0.0,0.0,0.0
C,R02,training,10,385,0,0.0,0.0,0.0,0.0
C,R02,training,10,386,0,0.0,0.0,0.0,0.0
C,R02,training,10,387,0,0.0,0.0,0.0,0.0
C,R02,training,10,388,0,0.0,0.0,0.0,0.0
C,R02,training,10,389,0,0.0,0.0,0.0,0.0
C,R02,training,10,390,0,0.0,0.0,0.0,0.0
C,R02,training,10,391,0,0.0,0.0,0.0,0.0
C,R02,training,10,392,0,0.0,0.0,0.0,0.0
C,R02,training,10,393,0,0.0,0.0,0.0,0.0
C,R02,training,10,394,0,0.0,0.0,0.0,0.0
C,R02,training,10,395,0,0.0,0.0,0.0,0.0
C,R02,training,10,396,0,0.0,0.0,0.0,0.0
C,R02,training,10,397,0,0.0,0.0,0.0,0.0
C,R02,training,10,398,0,0.0,0.0,0.0,0.0
C,R02,training,10,399,0,0.0,0.0,0.0,0.0
C,R02,training,10,400,0,0.0,0.0,0.0,0.0
C,R02,training,10,401,0,0.0,0.0,0.0,0.0
C,R02,training,10,402,0,0.0,0.0,0.0,0.0
C,R02,training,10,403,0,0.0,0.0,0.0,0.0
C,R02,training,10,404,0,0.0,0.0,0.0,0.0
C,R02,training,10,405,0,0.0,0.0,0.0,0.0
C,R02,training,10,406,0,0.0,0.0,0.0,0.0
C,R02,training,10,407,0,0.0,0.0,0.0,0.0
C,R02,training,10,408,0,0.0,0.0,0.0,0.0
C,R02,training,10,409,0,0.0,0.0,0.0,0.0
C,R02,training,10,410,0,0.0,0.0,0.0,0.0
C,R02,training,10,411,0,0.0,0.0,0.0,0.0
C,R02,training,10,412,0,0.0,0.0,0.0,0.0
C,R02,training,10,413,0,0.0,0.0,0.0,0.0
C,R02,training,10,414,0,0.0,0.0,0.0,0.0
C,R02,training,10,415,0,0.0,0.0,0.0,0.0
C,R02,training,10,416,0,0.0,0.0,0.0,0.0
C,R02,training,10,417,0,0.0,0.0,0.0,0.0
C,R02,training,10,418,0,0.0,0.0,0.0,0.0
C,R02,training,10,419,0,0.0,0.0,0.0,0.0
C,R02,training,10,420,0,0.0,0.0,0.0,0.0
C,R02,training,10,421,0,0.0,0.0,0.0,0.0
C,R02,training,10,422,0,0.0,0.0,0.0,0.0
C,R02,training,10,423,0,0.0,0.0,0.0,0.0
C,R02,training,10,424,0,0.0,0.0,0.0,0.0
C,R02,training,10,425,0,0.0,0.0,0.0,0.0
C,R02,training,10,426,0,0.0,0.0,0.0,0.0
C,R02,training,10,427,0,0.0,0.0,0.0,0.0
C,R02,training,10,428,0,0.0,0.0,0.0,0.0
C,R02,training,10,429,0,0.0,0.0,0.0,0.0
C,R02,training,10,430,0,0.0,0.0,0.0,0.0
C,R02,training,10,431,0,0.0,0.0,0.0,0.0
C,R02,training,10,432,0,0.0,0.0,0.0,0.0
C,R02,training,10,433,0,0.0,0.0,0.0,0.0
C,R02,training,10,434,0,0.0,0.0,0.0,0.0
C,R02,training,10,435,0,0.0,0.0,0.0,0.0
C,R02,training,10,436,0,0.0,0.0,0.0,0.0
C,R02,training,10,437,0,0.0,0.0,0.0,0.0
C,R02,training,10,438,0,0.0,0.0,0.0,0.0
C,R02,training,10,439,0,0.0,0.0,0.0,0.0
C,R02,training,10,440,0,0.0,0.0,0.0,0.0
C,R02,training,10,441,0,0.0,0.0,0.0,0.0
C,R02,training,10,442,0,0.0,0.0,0.0,0.0
C,R02,training,10,443,0,0.0,0.0,0.0,0.0
C,R02,training,10,444,0,0.0,0.0,0.0,0.0
C,R02,training,10,445,0,0.0,0.0,0.0,0.0
C,R02,training,10,446,0,0.0,0.0,0.0,0.0
C,R02,training,10,447,0,0.0,0.0,0.0,0.0
C,R02,training,10,448,0,0.0,0.0,0.0,0.0
C,R02,training,10,449,0,0.0,0.0,0.0,0.0
C,R02,training,10,450,0,0.0,0.0,0.0,0.0
C,R02,training,10,451,0,0.0,0.0,0.0,0.0
C,R02,training,10,452,0,0.0,0.0,0.0,0.0
C,R02,training,10,453,0,0.0,0.0,0.0,0.0
C,R02,training,10,454,0,0.0,0.0,0.0,0.0
C,R02,training,10,455,0,0.0,0.0,0.0,0.0
C,R02,training,10,456,0,0.0,0.0,0.0,0.0
C,R02,training,10,457,0,0.0,0.0,0.0,0.0
C,R02,training,10,458,0,0.0,0.0,0.0,0.0
C,R02,training,10,459,0,0.0,0.0,0.0,0.0
C,R02,training,10,460,0,0.0,0.0,0.0,0.0
C,R02,training,10,461,0,0.0,0.0,0.0,0.0
C,R02,training,10,462,0,0.0,0.0,0.0,0.0
C,R02,training,10,463,0,0.0,0.0,0.0,0.0
C,R02,training,10,464,0,0.0,0.0,0.0,0.0
C,R02,training,10,465,0,0.0,0.0,0.0,0.0
C,R02,training,10,466,0,0.0,0.0,0.0,0.0
C,R02,training,10,467,0,0.0,0.0,0.0,0.0
C,R02,training,10,468,0,0.0,0.0,0.0,0.0
C,R02,training,10,469,0,0.0,0.0,0.0,0.0
C,R02,training,10,470,0,0.0,0.0,0.0,0.0
C,R02,training,10,471,0,0.0,0.0,0.0,0.0
C,R02,training,10,472,0,0.0,0.0,0.0,0.0
C,R02,training,10,473,0,0.0,0.0,0.0,0.0
C,R02,training,10,474,0,0.0,0.0,0.0,0.0
C,R02,training,10,475,0,0.0,0.0,0.0,0.0
C,R02,training,10,476,0,0.0,0.0,0.0,0.0
C,R02,training,10,477,0,0.0,0.0,0.0,0.0
C,R02,training,10,478,0,0.0,0.0,0.0,0.0
C,R02,training,10,479,0,0.0,0.0,0.0,0.0
C,R02,training,10,480,0,0.0,0.0,0.0,0.0
C,R02,training,10,481,0,0.0,0.0,0.0,0.0
C,R02,training,10,482,0,0.0,0.0,0.0,0.0
C,R02,training,10,483,0,0.0,0.0,0.0,0.0
C,R02,training,10,484,0,0.0,0.0,0.0,0.0
C,R02,training,10,485,0,0.0,0.0,0.0,0.0
C,R02,training,10,486,0,0.0,0.0,0.0,0.0
C,R02,training,10,487,0,0.0,0.0,0.0,0.0
C,R02,training,10,488,0,0.0,0.0,0.0,0.0
C,R02,training,10,489,0,0.0,0.0,0.0,0.0
C,R02,training,10,490,0,0.0,0.0,0.0,0.0
C,R02,training,10,491,0,0.0,0.0,0.0,0.0
C,R02,training,10,492,0,0.0,0.0,0.0,0.0
C,R02,training,10,493,0,0.0,0.0,0.0,0.0
C,R02,training,10,494,0,0.0,0.0,0.0,0.0
C,R02,training,10,495,0,0.0,0.0,0.0,0.0
C,R02,training,10,496,0,0.0,0.0,0.0,0.0
C,R02,training,10,497,0,0.0,0.0,0.0,0.0
C,R02,training,10,498,0,0.0,0.0,0.0,0.0
C,R02,training,10,499,0,0.0,0.0,0.0,0.0
C,R02,training,10,500,0,0.0,0.0,0.0,0.0
C,R02,training,10,501,0,0.0,0.0,0.0,0.0
C,R02,training,10,502,0,0.0,0.0,0.0,0.0
C,R02,training,10,503,0,0.0,0.0,0.0,0.0
C,R02,training,10,504,0,0.0,0.0,0.0,0.0
C,R02,training,10,505,0,0.0,0.0,0.0,0.0
C,R02,training,10,506,0,0.0,0.0,0.0,0.0
C,R02,training,10,507,0,0.0,0.0,0.0,0.0
C,R02,training,10,508,0,0.0,0.0,0.0,0.0
C,R02,training,10,509,0,0.0,0.0,0.0,0.0
C,R02,training,10,510,0,0.0,0.0,0.0,0.0
C,R02,training,10,511,0,0.0,0.0,0.0,0.0
C,R02,training,10,512,0,0.0,0.0,0.0,0.0
C,R02,training,10,513,0,0.0,0.0,0.0,0.0
C,R02,training,10,514,0,0.0,0.0,0.0,0.0
C,R02,training,10,515,0,0.0,0.0,0.0,0.0
C,R02,training,10,516,0,0.0,0.0,0.0,0.0
C,R02,training,10,517,0,0.0,0.0,0.0,0.0
C,R02,training,10,518,0,0.0,0.0,0.0,0.0
C,R02,training,10,519,0,0.0,0.0,0.0,0.0
C,R02,training,10,520,0,0.0,0.0,0.0,0.0
C,R02,training,10,521,0,0.0,0.0,0.0,0.0
C,R02,training,10,522,0,0.0,0.0,0.0,0.0
C,R02,training,10,523,0,0.0,0.0,0.0,0.0
C,R02,training,10,524,0,0.0,0.0,0.0,0.0
C,R02,training,10,525,0,0.0,0.0,0.0,0.0
C,R02,training,10,526,0,0.0,0.0,0.0,0.0
C,R02,training,10,527,0,0.0,0.0,0.0,0.0
C,R02,training,10,528,0,0.0,0.0,0.0,0.0
C,R02,training,10,529,0,0.0,0.0,0.0,0.0
C,R02,training,10,530,0,0.0,0.0,0.0,0.0
C,R02,training,10,531,0,0.0,0.0,0.0,0.0
C,R02,training,10,532,0,0.0,0.0,0.0,0.0
C,R02,training,10,533,0,0.0,0.0,0.0,0.0
C,R02,training,10,534,0,0.0,0.0,0.0,0.0
C,R02,training,10,535,0,0.0,0.0,0.0,0.0
C,R02,training,10,536,0,0.0,0.0,0.0,0.0
C,R02,training,10,537,0,0.0,0.0,0.0,0.0
C,R02,training,10,538,0,0.0,0.0,0.0,0.0
C,R02,training,10,539,0,0.0,0.0,0.0,0.0
C,R02,training,10,540,0,0.0,0.0,0.0,0.0
C,R02,training,10,541,0,0.0,0.0,0.0,0.0
C,R02,training,10,542,0,0.0,0.0,0.0,0.0
C,R02,training,10,543,0,0.0,0.0,0.0,0.0
C,R02,training,10,544,0,0.0,0.0,0.0,0.0
C,R02,training,10,545,0,0.0,0.0,0.0,0.0
C,R02,training,10,546,0,0.0,0.0,0.0,0.0
C,R02,training,10,547,0,0.0,0.0,0.0,0.0
C,R02,training,10,548,0,0.0,0.0,0.0,0.0
C,R02,training,10,549,0,0.0,0.0,0.0,0.0
C,R02,training,10,550,0,0.0,0.0,0.0,0.0
C,R02,training,10,551,0,0.0,0.0,0.0,0.0
C,R02,training,10,552,0,0.0,0.0,0.0,0.0
C,R02,training,10,553,0,0.0,0.0,0.0,0.0
C,R02,training,10,554,0,0.0,0.0,0.0,0.0
C,R02,training,10,555,0,0.0,0.0,0.0,0.0
C,R02,training,10,556,0,0.0,0.0,0.0,0.0
C,R02,training,10,557,0,0.0,0.0,0.0,0.0
C,R02,training,10,558,0,0.0,0.0,0.0,0.0
C,R02,training,10,559,0,0.0,0.0,0.0,0.0
C,R02,training,10,560,0,0.0,0.0,0.0,0.0
C,R02,training,10,561,0,0.0,0.0,0.0,0.0
C,R02,training,10,562,0,0.0,0.0,0.0,0.0
C,R02,training,10,563,0,0.0,0.0,0.0,0.0
C,R02,training,10,564,0,0.0,0.0,0.0,0.0
C,R02,training,10,565,0,0.0,0.0,0.0,0.0
C,R02,training,10,566,0,0.0,0.0,0.0,0.0
C,R02,training,10,567,0,0.0,0.0,0.0,0.0
C,R02,training,10,568,0,0.0,0.0,0.0,0.0
C,R02,training,10,569,0,0.0,0.0,0.0,0.0
C,R02,training,10,570,0,0.0,0.0,0.0,0.0
C,R02,training,10,571,0,0.0,0.0,0.0,0.0
C,R02,training,10,572,0,0.0,0.0,0.0,0.0
C,R02,training,10,573,0,0.0,0.0,0.0,0.0
C,R02,training,10,574,0,0.0,0.0,0.0,0.0
C,R02,training,10,575,0,0.0,0.0,0.0,0.0
C,R02,training,10,576,0,0.0,0.0,0.0,0.0
C,R02,training,10,577,0,0.0,0.0,0.0,0.0
C,R02,training,10,578,0,0.0,0.0,0.0,0.0
C,R02,training,10,579,0,0.0,0.0,0.0,0.0
C,R02,training,10,580,0,0.0,0.0,0.0,0.0
C,R02,training,10,581,0,0.0,0.0,0.0,0.0
C,R02,training,10,582,0,0.0,0.0,0.0,0.0
C,R02,training,10,583,0,0.0,0.0,0.0,0.0
C,R02,training,10,584,0,0.0,0.0,0.0,0.0
C,R02,training,10,585,0,0.0,0.0,0.0,0.0
C,R02,training,10,586,0,0.0,0.0,0.0,0.0
C,R02,training,10,587,0,0.0,0.0,0.0,0.0
C,R02,training,10,588,0,0.0,0.0,0.0,0.0
C,R02,training,10,589,0,0.0,0.0,0.0,0.0
C,R02,training,10,590,0,0.0,0.0,0.0,0.0
C,R02,training,10,591,0,0.0,0.0,0.0,0.0
C,R02,training,10,592,0,0.0,0.0,0.0,0.0
C,R02,training,10,593,0,0.0,0.0,0.0,0.0
C,R02,training,10,594,0,0.0,0.0,0.0,0.0
P1,R02,training,10,0,0,0.0,0.0,0.0,0.0
P1,R02,training,10,1,0,0.0,0.0,0.0,0.0
P1,R02,training,10,2,0,0.0,0.0,0.0,0.0
P1,R02,training,10,3,0,0.0,0.0,0.0,0.0
P1,R02,training,10,4,0,0.0,0.0,0.0,0.0
P1,R02,training,10,5,0,0.0,0.0,0.0,0.0
P1,R02,training,10,6,0,0.0,0.0,0.0,0.0
P1,R02,training,10,7,0,0.0,0.0,0.0,0.0
P1,R02,training,10,8,0,0.0,0.0,0.0,0.0
P1,R02,training,10,9,0,0.0,0.0,0.0,0.0
P1,R02,training,10,10,0,0.0,0.0,0.0,0.0
P1,R02,training,10,11,0,0.0,0.0,0.0,0.0
P1,R02,training,10,12,0,0.0,0.0,0.0,0.0
P1,R02,training,10,13,0,0.0,0.0,0.0,0.0
P1,R02,training,10,14,0,0.0,0.0,0.0,0.0
P1,R02,training,10,15,0,0.0,0.0,0.0,0.0
P1,R02,training,10,16,0,0.0,0.0,0.019020864667832312,0.012196358449851449
P1,R02,training,10,17,0,0.0,0.0,0.019020864667832312,0.01223506525534923
P1,R02,training,10,18,0,0.0,0.0,0.019020864667832312,0.012273755757349814
P1,R02,training,10,19,0,0.0,0.0,0.019020864667832312,0.01231242902566905
P1,R02,training,10,20,0,0.0,0.0,0.019020864667832312,0.012351084127773644
P1,R02,training,10,21,0,0.0,0.0,0.019020864667832312,0.012389720128816097
P1,R02,training,10,22,0,0.0,0.0,0.019020864667832312,0.012428336091669906
P1,R02,training,10,23,0,0.0,0.0,0.019020864667832312,0.012466931076965003
P1,R02,training,10,24,0,0.0,0.0,0.019020864667832312,0.012505504143123413
P1,R02,training,10,25,0,0.0,0.0,0.019020864667832312,0.012544054346395165
P1,R02,training,10,26,0,0.0,0.0,0.019020864667832312,0.012582580740894448
P1,R02,training,10,27,0,0.0,0.0,0.019020864667832312,0.01262108237863596
P1,R02,training,10,28,0,0.0,0.0,0.019020864667832312,0.012659558309571531
P1,R02,training,10,29,0,0.0,0.0,0.019020864667832312,0.012698007581626956
P1,R02,training,10,30,0,0.0,0.0,0.019020864667832312,0.01273642924073906
P1,R02,training,10,31,0,0.0,0.0,0.019020864667832312,0.012774822330892967
P1,R02,training,10,32,0,0.0,0.0,0.020298287381867692,0.01367370695806471
P1,R02,training,10,33,0,0.0,0.0,0.020298287381867692,0.013714614446663026
P1,R02,training,10,34,0,0.0,0.0,0.020298287381867692,0.013755488374885057
P1,R02,training,10,35,0,0.0,0.0,0.020298287381867692,0.01379632771458254
P1,R02,training,10,36,0,0.0,0.0,0.020298287381867692,0.013837131435726966
P1,R02,training,10,37,0,0.0,0.0,0.020298287381867692,0.013877898506450758
P1,R02,training,10,38,0,0.0,0.0,0.020298287381867692,0.013918627893088708
P1,R02,training,10,39,0,0.0,0.0,0.020298287381867692,0.013959318560219616
P1,R02,training,10,40,0,0.0,0.0,0.020298287381867692,0.01399996947070815
P1,R02,training,10,41,0,0.0,0.0,0.020298287381867692,0.01404057958574695
P1,R02,training,10,42,0,0.0,0.0,0.020298287381867692,0.014081147864898926
P1,R02,training,10,43,0,0.0,0.0,0.020298287381867692,0.01412167326613977
P1,R02,training,10,44,0,0.0,0.0,0.020298287381867692,0.014162154745900705
P1,R02,training,10,45,0,0.0,0.0,0.020298287381867692,0.014202591259111427
P1,R02,training,10,46,0,0.0,0.0,0.020298287381867692,0.014242981759243252
P1,R02,training,10,47,0,0.0,0.0,0.020298287381867692,0.014283325198352478
P1,R02,training,10,48,0,0.0,0.0,0.021445965027298324,0.015133486836106077
P1,R02,training,10,49,0,0.0,0.0,0.021445965027298324,0.015176008546962199
P1,R02,training,10,50,0,0.0,0.0,0.021445965027298324,0.015218477205842545
P1,R02,training,10,51,0,0.0,0.0,0.021445965027298324,0.015260891700034333
P1,R02,training,10,52,0,0.0,0.0,0.021445965027298324,0.015303250915561995
P1,R02,training,10,53,0,0.0,0.0,0.021445965027298324,0.01534555373723426
P1,R02,training,10,54,0,0.0,0.0,0.021445965027298324,0.01538779904869139
P1,R02,training,10,55,0,0.0,0.0,0.021445965027298324,0.01542998573245267
P1,R02,training,10,56,0,0.0,0.0,0.021445965027298324,0.015472112669964044
P1,R02,training,10,57,0,0.0,0.0,0.021445965027298324,0.01551417874164598
P1,R02,training,10,58,0,0.0,0.0,0.021445965027298324,0.015556182826941505
P1,R02,training,10,59,0,0.0,0.0,0.021445965027298324,0.015598123804364424
P1,R02,training,10,60,0,0.0,0.0,0.021445965027298324,0.015640000551547732
P1,R02,training,10,61,0,0.0,0.0,0.021445965027298324,0.015681811945292206
P1,R02,training,10,62,0,0.0,0.0,0.021445965027298324,0.01572355686161516
P1,R02,training,10,63,0,0.0,0.0,0.021445965027298324,0.015765234175799416
P1,R02,training,10,64,0,0.0,0.0,0.022433076901182052,0.01653439790671119
P1,R02,training,10,65,0,0.0,0.0,0.022433076901182052,0.01657784857876038
P1,R02,training,10,66,0,0.0,0.0,0.022433076901182052,0.016621225003537264
P1,R02,training,10,67,0,0.0,0.0,0.022433076901182052,0.016664526001998567
P1,R02,training,10,68,0,0.0,0.0,0.022433076901182052,0.0167077503945913
P1,R02,training,10,69,0,0.0,0.0,0.022433076901182052,0.016750897001305012
P1,R02,training,10,70,0,0.0,0.0,0.022433076901182052,0.01679396464172416
P1,R02,training,10,71,0,0.0,0.0,0.022433076901182052,0.016836952135080678
P1,R02,training,10,72,0,0.0,0.0,0.022433076901182052,0.016879858300306676
P1,R02,training,10,73,0,0.0,0.0,0.022433076901182052,0.016922681956087298
P1,R02,training,10,74,0,0.0,0.0,0.022433076901182052,0.016965421920913736
P1,R02,training,10,75,0,0.0,0.0,0.022433076901182052,0.01700807701313637
P1,R02,training,10,76,0,0.0,0.0,0.022433076901182052,0.01705064605101808
P1,R02,training,10,77,0,0.0,0.0,0.022433076901182052,0.01709312785278766
P1,R02,training,10,78,0,0.0,0.0,0.022433076901182052,0.017135521236693416
P1,R02,training,10,79,0,0.0,0.0,0.022433076901182052,0.01717782502105684
P1,R02,training,10,80,0,0.0,0.0,0.023232136567881714,0.01783341076427142
P1,R02,training,10,81,0,0.0,0.0,0.023232136567881714,0.0178770321442846
P1,R02,training,10,82,0,0.0,0.0,0.023232136567881714,0.017920557062950215
P1,R02,training,10,83,0,0.0,0.0,0.023232136567881714,0.01796398429736074
P1,R02,training,10,84,0,0.0,0.0,0.023232136567881714,0.01800731262496448
P1,R02,training,10,85,0,0.0,0.0,0.023232136567881714,0.01805054082362195
P1,R02,training,10,86,0,0.0,0.0,0.023232136567881714,0.01809366767166233
P1,R02,training,10,87,0,0.0,0.0,0.023232136567881714,0.018136691947940077
P1,R02,training,10,88,0,0.0,0.0,0.023232136567881714,0.01817961243189161
P1,R02,training,10,89,0,0.0,0.0,0.023232136567881714,0.018222427903592107
P1,R02,training,10,90,0,0.0,0.0,0.023232136567881714,0.018265137143812407
P1,R02,training,10,91,0,0.0,0.0,0.023232136567881714,0.018307738934076008
P1,R02,training,10,92,0,0.0,0.0,0.023232136567881714,0.018350232056716115
P1,R02,training,10,93,0,0.0,0.0,0.023232136567881714,0.018392615294932867
P1,R02,training,10,94,0,0.0,0.0,0.023232136567881714,0.018434887432850534
P1,R02,training,10,95,0,0.0,0.0,0.023232136567881714,0.018477047255574888
P1,R02,training,10,96,0,0.0,0.0,0.023820260905137627,0.018987906634453048
P1,R02,training,10,97,0,0.0,0.0,0.023820260905137627,0.019030899688610478
P1,R02,training,10,98,0,0.0,0.0,0.023820260905137627,0.01907377385398068
P1,R02,training,10,99,0,0.0,0.0,0.023820260905137627,0.019116527889528934
P1,R02,training,10,100,0,0.0,0.0,0.023820260905137627,0.019159160555521887
P1,R02,training,10,101,0,0.0,0.0,0.023820260905137627,0.019201670613586727
P1,R02,training,10,102,0,0.0,0.0,0.023820260905137627,0.01924405682677047
P1,R02,training,10,103,0,0.0,0.0,0.023820260905137627,0.019286317959599234
P1,R02,training,10,104,0,0.0,0.0,0.023820260905137627,0.01932845277813761
P1,R02,training,10,105,0,0.0,0.0,0.023820260905137627,0.019370460050048045
P1,R02,training,10,106,0,0.0,0.0,0.023820260905137627,0.019412338544650274
P1,R02,training,10,107,0,0.0,0.0,0.023820260905137627,0.019454087032980818
P1,R02,training,10,108,0,0.0,0.0,0.023820260905137627,0.01949570428785244
P1,R02,training,10,109,0,0.0,0.0,0.023820260905137627,0.0195371890839137
P1,R02,training,10,110,0,0.0,0.0,0.023820260905137627,0.019578540197708508
P1,R02,training,10,111,0,0.0,0.0,0.023820260905137627,0.01961975640773569
P1,R02,training,10,112,0,0.0,0.0,0.024180258047360258,0.019957971986849173
P1,R02,training,10,113,0,0.0,0.0,0.024180258047360258,0.01999953350332264
P1,R02,training,10,114,0,0.0,0.0,0.024180258047360258,0.020040954369845418
P1,R02,training,10,115,0,0.0,0.0,0.024180258047360258,0.020082233354998518
P1,R02,training,10,116,0,0.0,0.0,0.024180258047360258,0.020123369229649933
P1,R02,training,10,117,0,0.0,0.0,0.024180258047360258,0.02016436076701513
P1,R02,training,10,118,0,0.0,0.0,0.024180258047360258,0.020205206742717554
P1,R02,training,10,119,0,0.0,0.0,0.024180258047360258,0.020245905934849106
P1,R02,training,10,120,0,0.0,0.0,0.024180258047360258,0.020286457124030606
P1,R02,training,10,121,0,0.0,0.0,0.024180258047360258,0.020326859093472247
P1,R02,training,10,122,0,0.0,0.0,0.024180258047360258,0.020367110629034006
P1,R02,training,10,123,0,0.0,0.0,0.024180258047360258,0.02040721051928603
P1,R02,training,10,124,0,0.0,0.0,0.024180258047360258,0.020447157555569008
P1,R02,training,10,125,0,0.0,0.0,0.024180258047360258,0.020486950532054463
P1,R02,training,10,126,0,0.0,0.0,0.024180258047360258,0.02052658824580505
P1,R02,training,10,127,0,0.0,0.0,0.024180258047360258,0.020566069496834767
P1,R02,training,10,128,0,0.0,0.3331631610923283,0.02430146209520835,0.020708678050839747
P1,R02,training,10,129,0,0.0,0.3331631610923283,0.02430146209520835,0.020748039102640822
P1,R02,training,10,130,0,0.0,0.3331631610923283,0.02430146209520835,0.020787239307846896
P1,R02,training,10,131,0,0.0,0.3331631610923283,0.02430146209520835,0.020826277472925817
P1,R02,training,10,132,0,0.0,0.3331631610923283,0.02430146209520835,0.02086515240761338
P1,R02,training,10,133,0,0.0,0.3331631610923283,0.02430146209520835,0.020903862924973496
P1,R02,training,10,134,0,0.0,0.3331631610923283,0.02430146209520835,0.02094240784145827
P1,R02,training,10,135,0,0.0,0.3331631610923283,0.02430146209520835,0.02098078597696801
P1,R02,training,10,136,0,0.0,0.3331631610923283,0.02430146209520835,0.02101899615491114
P1,R02,training,10,137,0,0.0,0.3331631610923283,0.02430146209520835,0.021057037202264064
P1,R02,training,10,138,0,0.0,0.3331631610923283,0.02430146209520835,0.02109490794963085
P1,R02,training,10,139,0,0.0,0.3331631610923283,0.02430146209520835,0.021132607231302922
P1,R02,training,10,140,0,0.0,0.3331631610923283,0.02430146209520835,0.021170133885318573
P1,R02,training,10,141,0,0.0,0.3331631610923283,0.02430146209520835,0.021207486753522405
P1,R02,training,10,142,0,0.0,0.3331631610923283,0.02430146209520835,0.021244664681624656
P1,R02,training,10,143,0,0.0,0.3331631610923283,0.02430146209520835,0.021281666519260407
P1,R02,training,10,144,0,0.0,0.0,0.024180258047360258,0.021212164702006812
P1,R02,training,10,145,0,0.0,0.0,0.024180258047360258,0.021248628149816755
P1,R02,training,10,146,0,0.0,0.0,0.024180258047360258,0.02128491297555167
P1,R02,training,10,147,0,0.0,0.0,0.024180258047360258,0.021321018050791903
P1,R02,training,10,148,0,0.0,0.0,0.024180258047360258,0.02135694225131578
P1,R02,training,10,149,0,0.0,0.0,0.024180258047360258,0.02139268445715776
P1,R02,training,10,150,0,0.0,0.0,0.024180258047360258,0.021428243552666443
P1,R02,training,10,151,0,0.0,0.0,0.024180258047360258,0.021463618426562404
P1,R02,training,10,152,0,0.0,0.0,0.024180258047360258,0.021498807971995895
P1,R02,training,10,153,0,0.0,0.0,0.024180258047360258,0.02153381108660441
P1,R02,training,10,154,0,0.0,0.0,0.024180258047360258,0.02156862667257007
P1,R02,training,10,155,0,0.0,0.0,0.024180258047360258,0.021603253636676808
P1,R02,training,10,156,0,0.0,0.0,0.024180258047360258,0.02163769089036748
P1,R02,training,10,157,0,0.0,0.0,0.024180258047360258,0.02167193734980069
P1,R02,training,10,158,0,0.0,0.0,0.024180258047360258,0.02170599193590754
P1,R02,training,10,159,0,0.0,0.0,0.024180258047360258,0.021739853574448128
P1,R02,training,10,160,0,0.0,0.0,0.023820260905137627,0.021449355697446836
P1,R02,training,10,161,0,0.0,0.0,0.023820260905137627,0.0214823298965313
P1,R02,training,10,162,0,0.0,0.0,0.023820260905137627,0.02151511087502158
P1,R02,training,10,163,0,0.0,0.0,0.023820260905137627,0.021547697594252686
P1,R02,training,10,164,0,0.0,0.0,0.023820260905137627,0.02158008902059234
P1,R02,training,10,165,0,0.0,0.0,0.023820260905137627,0.021612284125495488
P1,R02,training,10,166,0,0.0,0.0,0.023820260905137627,0.021644281885558656
P1,R02,training,10,167,0,0.0,0.0,0.023820260905137627,0.021676081282574033
P1,R02,training,10,168,0,0.0,0.0,0.023820260905137627,0.021707681303583394
P1,R02,training,10,169,0,0.0,0.0,0.023820260905137627,0.021739080940931754
P1,R02,training,10,170,0,0.0,0.0,0.023820260905137627,0.021770279192320854
P1,R02,training,10,171,0,0.0,0.0,0.023820260905137627,0.021801275060862376
P1,R02,training,10,172,0,0.0,0.0,0.023820260905137627,0.02183206755513094
P1,R02,training,10,173,0,0.0,0.0,0.023820260905137627,0.021862655689216897
P1,R02,training,10,174,0,0.0,0.0,0.023820260905137627,0.021893038482778827
P1,R02,training,10,175,0,0.0,0.0,0.023820260905137627,0.02192321496109584
P1,R02,training,10,176,0,0.0,0.0,0.023232136567881714,0.021411158107071525
P1,R02,training,10,177,0,0.0,0.0,0.023232136567881714,0.02144018425309325
P1,R02,training,10,178,0,0.0,0.0,0.023232136567881714,0.021469006359243693
P1,R02,training,10,179,0,0.0,0.0,0.023232136567881714,0.021497623497300073
P1,R02,training,10,180,0,0.0,0.0,0.023232136567881714,0.021526034744772667
P1,R02,training,10,181,0,0.0,0.0,0.023232136567881714,0.021554239184954332
P1,R02,training,10,182,0,0.0,0.0,0.023232136567881714,0.021582235906969734
P1,R02,training,10,183,0,0.0,0.0,0.023232136567881714,0.021610024005824326
P1,R02,training,10,184,0,0.0,0.0,0.023232136567881714,0.021637602582453036
P1,R02,training,10,185,0,0.0,0.0,0.023232136567881714,0.021664970743768733
P1,R02,training,10,186,0,0.0,0.0,0.023232136567881714,0.021692127602710328
P1,R02,training,10,187,0,0.0,0.0,0.023232136567881714,0.0217190722782907
P1,R02,training,10,188,0,0.0,0.0,0.023232136567881714,0.021745803895644244
P1,R02,training,10,189,0,0.0,0.0,0.023232136567881714,0.021772321586074197
P1,R02,training,10,190,0,0.0,0.0,0.023232136567881714,0.021798624487099634
P1,R02,training,10,191,0,0.0,0.0,0.023232136567881714,0.021824711742502178
P1,R02,training,10,192,0,0.0,0.0,0.022433076901182052,0.02109904081267363
P1,R02,training,10,193,0,0.0,0.0,0.022433076901182052,0.021123811894727854
P1,R02,training,10,194,0,0.0,0.0,0.022433076901182052,0.02114837230462301
P1,R02,training,10,195,0,0.0,0.0,0.022433076901182052,0.021172721240223884
P1,R02,training,10,196,0,0.0,0.0,0.022433076901182052,0.021196857905663575
P1,R02,training,10,197,0,0.0,0.0,0.022433076901182052,0.021220781511386802
P1,R02,training,10,198,0,0.0,0.0,0.022433076901182052,0.021244491274192943
P1,R02,training,10,199,0,0.0,0.0,0.022433076901182052,0.021267986417278728
P1,R02,training,10,200,0,0.0,0.0,0.022433076901182052,0.021291266170280636
P1,R02,training,10,201,0,0.0,0.0,0.022433076901182052,0.02131432976931698
P1,R02,training,10,202,0,0.0,0.0,0.022433076901182052,0.021337176457029636
P1,R02,training,10,203,0,0.0,0.0,0.022433076901182052,0.021359805482625494
P1,R02,training,10,204,0,0.0,0.0,0.022433076901182052,0.02138221610191755
P1,R02,training,10,205,0,0.0,0.0,0.022433076901182052,0.021404407577365683
P1,R02,training,10,206,0,0.0,0.0,0.022433076901182052,0.021426379178117076
P1,R02,training,10,207,0,0.0,0.0,0.022433076901182052,0.021448130180046324
P1,R02,training,10,208,0,0.0,0.0,0.04053124451635963,0.038790578641388504
P1,R02,training,10,209,0,0.0,0.0,0.04053124451635963,0.038829076522953684
P1,R02,training,10,210,0,0.0,0.0,0.04053124451635963,0.03886717198349194
P1,R02,training,10,211,0,0.0,0.0,0.04053124451635963,0.03890486376401207
P1,R02,training,10,212,0,0.0,0.0,0.04053124451635963,0.03894215061803059
P1,R02,training,10,213,0,0.0,0.0,0.04053124451635963,0.03897903131164049
P1,R02,training,10,214,0,0.0,0.0,0.04053124451635963,0.039015504623579216
P1,R02,training,10,215,0,0.0,0.0,0.04053124451635963,0.039051569345296064
P1,R02,training,10,216,0,0.0,0.0,0.04053124451635963,0.03908722428101892
P1,R02,training,10,217,0,0.0,0.0,0.04053124451635963,0.0391224682478203
P1,R02,training,10,218,0,0.0,0.0,0.04053124451635963,0.03915730007568275
P1,R02,training,10,219,0,0.0,0.0,0.04053124451635963,0.03919171860756358
P1,R02,training,10,220,0,0.0,0.0,0.04053124451635963,0.039225722699458884
P1,R02,training,10,221,0,0.0,0.0,0.04053124451635963,0.039259311220466914
P1,R02,training,10,222,0,0.0,0.0,0.04053124451635963,0.03929248305285075
P1,R02,training,10,223,0,0.0,0.0,0.04053124451635963,0.039325237092100285
P1,R02,training,10,224,0,0.0,0.0,0.05968556060077812,0.057957232536969695
P1,R02,training,10,225,0,0.0,0.0,0.05968556060077812,0.05800423025906126
P1,R02,training,10,226,0,0.0,0.0,0.05968556060077812,0.05805060798503408
P1,R02,training,10,227,0,0.0,0.0,0.05968556060077812,0.058096364167209286
P1,R02,training,10,228,0,0.0,0.0,0.05968556060077812,0.05814149727782637
P1,R02,training,10,229,0,0.0,0.0,0.05968556060077812,0.05818600580912819
P1,R02,training,10,230,0,0.0,0.0,0.05968556060077812,0.0582298882734449
P1,R02,training,10,231,0,0.0,0.0,0.05968556060077812,0.05827314320327684
P1,R02,training,10,232,0,0.0,0.0,0.05968556060077812,0.0583157691513763
P1,R02,training,10,233,0,0.0,0.0,0.05968556060077812,0.0583577646908282
P1,R02,training,10,234,0,0.0,0.0,0.05968556060077812,0.05839912841512975
P1,R02,training,10,235,0,0.0,0.0,0.05968556060077812,0.05843985893826888
P1,R02,training,10,236,0,0.0,0.0,0.05968556060077812,0.05847995489480167
P1,R02,training,10,237,0,0.0,0.0,0.05968556060077812,0.05851941493992866
P1,R02,training,10,238,0,0.0,0.0,0.05968556060077812,0.05855823774956997
P1,R02,training,10,239,0,0.0,0.0,0.05968556060077812,0.058596422020439375
P1,R02,training,10,240,0,0.0,0.0,0.07988842168784895,0.07848087529791672
P1,R02,training,10,241,0,0.0,0.0,0.07988842168784895,0.07853027002111804
P1,R02,training,10,242,0,0.0,0.0,0.07988842168784895,0.07857880500233533
P1,R02,training,10,243,0,0.0,0.0,0.07988842168784895,0.0786264786094242
P1,R02,training,10,244,0,0.0,0.0,0.07988842168784895,0.07867328923854504
P1,R02,training,10,245,0,0.0,0.0,0.07988842168784895,0.07871923531425284
P1,R02,training,10,246,0,0.0,0.0,0.07988842168784895,0.0787643152895857
P1,R02,training,10,247,0,0.0,0.0,0.07988842168784895,0.07880852764615154
P1,R02,training,10,248,0,0.0,0.0,0.07988842168784895,0.07885187089421336
P1,R02,training,10,249,0,0.0,0.0,0.07988842168784895,0.0788943435727729
P1,R02,training,10,250,0,0.0,0.0,0.07988842168784895,0.07893594424965274
P1,R02,training,10,251,0,0.0,0.0,0.07988842168784895,0.07897667152157668
P1,R02,training,10,252,0,0.0,0.0,0.07988842168784895,0.07901652401424882
P1,R02,training,10,253,0,0.0,0.0,0.07988842168784895,0.07905550038243066
P1,R02,training,10,254,0,0.0,0.0,0.07988842168784895,0.07909359931001686
P1,R02,training,10,255,0,0.0,0.0,0.07988842168784895,0.07913081951010936
P1,R02,training,10,256,0,0.0,0.0,0.08330601626819625,0.08255389900847585
P1,R02,training,10,257,0,0.0,0.0,0.08330601626819625,0.08259087493191698
P1,R02,training,10,258,0,0.0,0.0,0.08330601626819625,0.0826269306938892
P1,R02,training,10,259,0,0.0,0.0,0.08330601626819625,0.08266206507500666
P1,R02,training,10,260,0,0.0,0.0,0.08330601626819625,0.08269627688670095
P1,R02,training,10,261,0,0.0,0.0,0.08330601626819625,0.08272956497128808
P1,R02,training,10,262,0,0.0,0.0,0.08330601626819625,0.0827619282020338
P1,R02,training,10,263,0,0.0,0.0,0.08330601626819625,0.0827933654832171
P1,R02,training,10,264,0,0.0,0.0,0.08330601626819625,0.0828238757501921
P1,R02,training,10,265,0,0.0,0.0,0.08330601626819625,0.08285345796944811
P1,R02,training,10,266,0,0.0,0.0,0.08330601626819625,0.08288211113866802
P1,R02,training,10,267,0,0.0,0.0,0.08330601626819625,0.08290983428678478
P1,R02,training,10,268,0,0.0,0.0,0.08330601626819625,0.08293662647403645
P1,R02,training,10,269,0,0.0,0.0,0.08330601626819625,0.08296248679201912
P1,R02,training,10,270,0,0.0,0.0,0.08330601626819625,0.08298741436373828
P1,R02,training,10,271,0,0.0,0.0,0.08330601626819625,0.08301140834365847
P1,R02,training,10,272,0,0.0,0.0,0.10657625849538196,0.10622885732932597
P1,R02,training,10,273,0,0.0,0.0,0.10657625849538196,0.1062571618187797
P1,R02,training,10,274,0,0.0,0.0,0.10657625849538196,0.10628426892897194
P1,R02,training,10,275,0,0.0,0.0,0.10657625849538196,0.10631017773975512
P1,R02,training,10,276,0,0.0,0.0,0.10657625849538196,0.1063348873715113
P1,R02,training,10,277,0,0.0,0.0,0.10657625849538196,0.10635839698520189
P1,R02,training,10,278,0,0.0,0.0,0.10657625849538196,0.10638070578241518
P1,R02,training,10,279,0,0.0,0.0,0.10657625849538196,0.10640181300541154
P1,R02,training,10,280,0,0.0,0.0,0.10657625849538196,0.10642171793716632
P1,R02,training,10,281,0,0.0,0.0,0.10657625849538196,0.10644041990141037
P1,R02,training,10,282,0,0.0,0.0,0.10657625849538196,0.10645791826266846
P1,R02,training,10,283,0,0.0,0.0,0.10657625849538196,0.10647421242629512
P1,R02,training,10,284,0,0.0,0.0,0.10657625849538196,0.10648930183850848
P1,R02,training,10,285,0,0.0,0.0,0.10657625849538196,0.10650318598642149
P1,R02,training,10,286,0,0.0,0.0,0.10657625849538196,0.10651586439807108
P1,R02,training,10,287,0,0.0,0.0,0.10657625849538196,0.10652733664244483
P1,R02,training,10,288,0,0.0,0.0,0.1304024049126019,0.13035510678949114
P1,R02,training,10,289,0,0.0,0.0,0.1304024049126019,0.13036619074764932
P1,R02,training,10,290,0,0.0,0.0,0.1304024049126019,0.13037579760706017
P1,R02,training,10,291,0,0.0,0.0,0.1304024049126019,0.13038392704104704
P1,R02,training,10,292,0,0.0,0.0,0.1304024049126019,0.13039057877316004
P1,R02,training,10,293,0,0.0,0.0,0.1304024049126019,0.1303957525771914
P1,R02,training,10,294,0,0.0,0.0,0.1304024049126019,0.13039944827718855
P1,R02,training,10,295,0,0.0,0.0,0.1304024049126019,0.13040166574746384
P1,R02,training,10,296,0,0.0,0.0,0.1304024049126019,0.1304024049126019
P1,R02,training,10,297,0,0.0,0.0,0.1304024049126019,0.13040166574746384
P1,R02,training,10,298,0,0.0,0.0,0.1304024049126019,0.13039944827718855
P1,R02,training,10,299,0,0.0,0.0,0.1304024049126019,0.1303957525771914
P1,R02,training,10,300,0,0.0,0.0,0.1304024049126019,0.13039057877316004
P1,R02,training,10,301,0,0.0,0.0,0.1304024049126019,0.13038392704104704
P1,R02,training,10,302,0,0.0,0.0,0.1304024049126019,0.13037579760706017
P1,R02,training,10,303,0,0.0,0.0,0.1304024049126019,0.13036619074764932
P1,R02,training,10,304,0,0.0,0.0,0.1355663122581403,0.13551714113946994
P1,R02,training,10,305,0,0.0,0.0,0.1355663122581403,0.13550408305920658
P1,R02,training,10,306,0,0.0,0.0,0.1355663122581403,0.13548949022319384
P1,R02,training,10,307,0,0.0,0.0,0.1355663122581403,0.135473363127564
P1,R02,training,10,308,0,0.0,0.0,0.1355663122581403,0.13545570232057014
P1,R02,training,10,309,0,0.0,0.0,0.1355663122581403,0.13543650840255514
P1,R02,training,10,310,0,0.0,0.0,0.1355663122581403,0.13541578202591759
P1,R02,training,10,311,0,0.0,0.0,0.1355663122581403,0.13539352389507484
P1,R02,training,10,312,0,0.0,0.0,0.1355663122581403,0.13536973476642325
P1,R02,training,10,313,0,0.0,0.0,0.1355663122581403,0.13534441544829517
P1,R02,training,10,314,0,0.0,0.0,0.1355663122581403,0.13531756680091325
P1,R02,training,10,315,0,0.0,0.0,0.1355663122581403,0.1352891897363417
P1,R02,training,10,316,0,0.0,0.0,0.1355663122581403,0.13525928521843458
P1,R02,training,10,317,0,0.0,0.0,0.1355663122581403,0.1352278542627815
P1,R02,training,10,318,0,0.0,0.0,0.1355663122581403,0.1351948979366498
P1,R02,training,10,319,0,0.0,0.0,0.1355663122581403,0.13516041735892434
P1,R02,training,10,320,0,1.0,0.33429142975080534,0.15862275583146027,0.15810570136626478
P1,R02,training,10,321,0,1.0,0.33429142975080534,0.15862275583146027,0.15806179369482992
P1,R02,training,10,322,0,1.0,0.33429142975080534,0.15862275583146027,0.1580161068238355
P1,R02,training,10,323,0,1.0,0.33429142975080534,0.15862275583146027,0.15796864230327132
P1,R02,training,10,324,0,1.0,0.33429142975080534,0.15862275583146027,0.1579194017431192
P1,R02,training,10,325,0,1.0,0.33429142975080534,0.15862275583146027,0.1578683868132619
P1,R02,training,10,326,0,1.0,0.33429142975080534,0.15862275583146027,0.1578155992433888
P1,R02,training,10,327,0,1.0,0.33429142975080534,0.15862275583146027,0.1577610408228981
P1,R02,training,10,328,0,1.0,0.33429142975080534,0.15862275583146027,0.1577047134007958
P1,R02,training,10,329,0,1.0,0.33429142975080534,0.15862275583146027,0.15764661888559123
P1,R02,training,10,330,0,1.0,0.33429142975080534,0.15862275583146027,0.15758675924518914
P1,R02,training,10,331,0,1.0,0.33429142975080534,0.15862275583146027,0.1575251365067789
P1,R02,training,10,332,0,1.0,0.33429142975080534,0.15862275583146027,0.1574617527567198
P1,R02,training,10,333,0,1.0,0.33429142975080534,0.15862275583146027,0.15739661014042347
P1,R02,training,10,334,0,1.0,0.33429142975080534,0.15862275583146027,0.15732971086223277
P1,R02,training,10,335,0,1.0,0.33429142975080534,0.15862275583146027,0.15726105718529756
P1,R02,training,10,336,0,0.0,0.3331523068327624,0.1626380188678865,0.16116966320095047
P1,R02,training,10,337,0,0.0,0.3331523068327624,0.1626380188678865,0.1610956812590775
P1,R02,training,10,338,0,0.0,0.3331523068327624,0.1626380188678865,0.16101990783062547
P1,R02,training,10,339,0,0.0,0.3331523068327624,0.1626380188678865,0.16094234547587244
P1,R02,training,10,340,0,0.0,0.3331523068327624,0.1626380188678865,0.1608629968147044
P1,R02,training,10,341,0,0.0,0.3331523068327624,0.1626380188678865,0.16078186452646784
P1,R02,training,10,342,0,0.0,0.3331523068327624,0.1626380188678865,0.16069895134981896
P1,R02,training,10,343,0,0.0,0.3331523068327624,0.1626380188678865,0.16061426008256954
P1,R02,training,10,344,0,0.0,0.3331523068327624,0.1626380188678865,0.1605277935815298
P1,R02,training,10,345,0,0.0,0.3331523068327624,0.1626380188678865,0.1604395547623475
P1,R02,training,10,346,0,0.0,0.3331523068327624,0.1626380188678865,0.16034954659934428
P1,R02,training,10,347,0,0.0,0.3331523068327624,0.1626380188678865,0.16025777212534859
P1,R02,training,10,348,0,0.0,0.3331523068327624,0.1626380188678865,0.1601642344315252
P1,R02,training,10,349,0,0.0,0.3331523068327624,0.1626380188678865,0.16006893666720187
P1,R02,training,10,350,0,0.0,0.3331523068327624,0.1626380188678865,0.15997188203969254
P1,R02,training,10,351,0,0.0,0.3331523068327624,0.1626380188678865,0.15987307381411747
P1,R02,training,10,352,0,1.0,0.3336969290415927,0.16517467083137838,0.16226447425063517
P1,R02,training,10,353,0,1.0,0.3336969290415927,0.16517467083137838,0.16216057320564775
P1,R02,training,10,354,0,1.0,0.3336969290415927,0.16517467083137838,0.16205490151037832
P1,R02,training,10,355,0,1.0,0.3336969290415927,0.16517467083137838,0.16194746271381336
P1,R02,training,10,356,0,1.0,0.3336969290415927,0.16517467083137838,0.16183826042268573
P1,R02,training,10,357,0,1.0,0.3336969290415927,0.16517467083137838,0.16172729830127294
P1,R02,training,10,358,0,1.0,0.3336969290415927,0.16517467083137838,0.16161458007119225
P1,R02,training,10,359,0,1.0,0.3336969290415927,0.16517467083137838,0.1615001095111925
P1,R02,training,10,360,0,1.0,0.3336969290415927,0.16517467083137838,0.16138389045694335
P1,R02,training,10,361,0,1.0,0.3336969290415927,0.16517467083137838,0.1612659268008206
P1,R02,training,10,362,0,1.0,0.3336969290415927,0.16517467083137838,0.1611462224916894
P1,R02,training,10,363,0,1.0,0.3336969290415927,0.16517467083137838,0.16102478153468366
P1,R02,training,10,364,0,1.0,0.3336969290415927,0.16517467083137838,0.16090160799098288
P1,R02,training,10,365,0,1.0,0.3336969290415927,0.16517467083137838,0.16077670597758575
P1,R02,training,10,366,0,1.0,0.3336969290415927,0.16517467083137838,0.1606500796670809
P1,R02,training,10,367,0,1.0,0.3336969290415927,0.16517467083137838,0.1605217332874145
P1,R02,training,10,368,0,0.0,0.33316369115438993,0.16616176826816575,0.1613501849582461
P1,R02,training,10,369,0,0.0,0.33316369115438993,0.16616176826816575,0.1612176238543769
P1,R02,training,10,370,0,0.0,0.33316369115438993,0.16616176826816575,0.16108334549345882
P1,R02,training,10,371,0,0.0,0.33316369115438993,0.16616176826816575,0.16094735434906232
P1,R02,training,10,372,0,0.0,0.33316369115438993,0.16616176826816575,0.1608096549492338
P1,R02,training,10,373,0,0.0,0.33316369115438993,0.16616176826816575,0.16067025187624412
P1,R02,training,10,374,0,0.0,0.33316369115438993,0.16616176826816575,0.1605291497663347
P1,R02,training,10,375,0,0.0,0.33316369115438993,0.16616176826816575,0.16038635330946052
P1,R02,training,10,376,0,0.0,0.33316369115438993,0.16616176826816575,0.1602418672490303
P1,R02,training,10,377,0,0.0,0.33316369115438993,0.16616176826816575,0.16009569638164411
P1,R02,training,10,378,0,0.0,0.33316369115438993,0.16616176826816575,0.15994784555682792
P1,R02,training,10,379,0,0.0,0.33316369115438993,0.16616176826816575,0.15979831967676547
P1,R02,training,10,380,0,0.0,0.33316369115438993,0.16616176826816575,0.1596471236960276
P1,R02,training,10,381,0,0.0,0.33316369115438993,0.16616176826816575,0.1594942626212986
P1,R02,training,10,382,0,0.0,0.33316369115438993,0.16616176826816575,0.15933974151109997
P1,R02,training,10,383,0,0.0,0.33316369115438993,0.16616176826816575,0.15918356547551166
P1,R02,training,10,384,0,1.0,0.3337515303299228,0.16557182713250246,0.1584611343130447
P1,R02,training,10,385,0,1.0,0.3337515303299228,0.16557182713250246,0.15830223014565234
P1,R02,training,10,386,0,1.0,0.3337515303299228,0.16557182713250246,0.15814169250976529
P1,R02,training,10,387,0,1.0,0.3337515303299228,0.16557182713250246,0.15797952669998988
P1,R02,training,10,388,0,1.0,0.3337515303299228,0.16557182713250246,0.15781573806087906
P1,R02,training,10,389,0,1.0,0.3337515303299228,0.16557182713250246,0.1576503319866387
P1,R02,training,10,390,0,1.0,0.3337515303299228,0.16557182713250246,0.15748331392083173
P1,R02,training,10,391,0,1.0,0.3337515303299228,0.16557182713250246,0.15731468935607973
P1,R02,training,10,392,0,1.0,0.3337515303299228,0.16557182713250246,0.15714446383376193
P1,R02,training,10,393,0,1.0,0.3337515303299228,0.16557182713250246,0.15697264294371202
P1,R02,training,10,394,0,1.0,0.3337515303299228,0.16557182713250246,0.1567992323239121
P1,R02,training,10,395,0,1.0,0.3337515303299228,0.16557182713250246,0.1566242376601848
P1,R02,training,10,396,0,1.0,0.3337515303299228,0.16557182713250246,0.15644766468588256
P1,R02,training,10,397,0,1.0,0.3337515303299228,0.16557182713250246,0.15626951918157483
P1,R02,training,10,398,0,1.0,0.3337515303299228,0.16557182713250246,0.1560898069747328
P1,R02,training,10,399,0,1.0,0.3337515303299228,0.16557182713250246,0.15590853393941193
P1,R02,training,10,400,0,0.0,0.3331645728843334,0.16342209162275495,0.15370380960354618
P1,R02,training,10,401,0,0.0,0.3331645728843334,0.16342209162275495,0.15352182661297992
P1,R02,training,10,402,0,0.0,0.3331645728843334,0.16342209162275495,0.15333832072534345
P1,R02,training,10,403,0,0.0,0.3331645728843334,0.16342209162275495,0.15315329791916446
P1,R02,training,10,404,0,0.0,0.3331645728843334,0.16342209162275495,0.15296676421734992
P1,R02,training,10,405,0,0.0,0.3331645728843334,0.16342209162275495,0.15277872568685957
P1,R02,training,10,406,0,0.0,0.3331645728843334,0.16342209162275495,0.1525891884383773
P1,R02,training,10,407,0,0.0,0.3331645728843334,0.16342209162275495,0.15239815862598047
P1,R02,training,10,408,0,0.0,0.3331645728843334,0.16342209162275495,0.15220564244680723
P1,R02,training,10,409,0,0.0,0.3331645728843334,0.16342209162275495,0.15201164614072174
P1,R02,training,10,410,0,0.0,0.3331645728843334,0.16342209162275495,0.1518161759899774
P1,R02,training,10,411,0,0.0,0.3331645728843334,0.16342209162275495,0.15161923831887816
P1,R02,training,10,412,0,0.0,0.3331645728843334,0.16342209162275495,0.15142083949343785
P1,R02,training,10,413,0,0.0,0.3331645728843334,0.16342209162275495,0.15122098592103755
P1,R02,training,10,414,0,0.0,0.3331645728843334,0.16342209162275495,0.1510196840500811
P1,R02,training,10,415,0,0.0,0.3331645728843334,0.16342209162275495,0.15081694036964874
P1,R02,training,10,416,0,0.0,0.0,0.1597736969685699,0.14725033477440955
P1,R02,training,10,417,0,0.0,0.0,0.1597736969685699,0.14704931729003273
P1,R02,training,10,418,0,0.0,0.0,0.1597736969685699,0.1468469094523771
P1,R02,training,10,419,0,0.0,0.0,0.1597736969685699,0.14664311776130562
P1,R02,training,10,420,0,0.0,0.0,0.1597736969685699,0.14643794875472982
P1,R02,training,10,421,0,0.0,0.0,0.1597736969685699,0.14623140900826082
P1,R02,training,10,422,0,0.0,0.0,0.1597736969685699,0.14602350513485857
P1,R02,training,10,423,0,0.0,0.0,0.1597736969685699,0.14581424378447946
P1,R02,training,10,424,0,0.0,0.0,0.1597736969685699,0.14560363164372253
P1,R02,training,10,425,0,0.0,0.0,0.1597736969685699,0.14539167543547374
P1,R02,training,10,426,0,0.0,0.0,0.1597736969685699,0.14517838191854915
P1,R02,training,10,427,0,0.0,0.0,0.1597736969685699,0.14496375788733618
P1,R02,training,10,428,0,0.0,0.0,0.1597736969685699,0.14474781017143362
P1,R02,training,10,429,0,0.0,0.0,0.1597736969685699,0.14453054563529014
P1,R02,training,10,430,0,0.0,0.0,0.1597736969685699,0.14431197117784128
P1,R02,training,10,431,0,0.0,0.0,0.1597736969685699,0.14409209373214507
P1,R02,training,10,432,0,1.0,0.3336766124005324,0.15472878288023514,0.1393281422839231
P1,R02,training,10,433,0,1.0,0.3336766124005324,0.15472878288023514,0.1391127041316298
P1,R02,training,10,434,0,1.0,0.3336766124005324,0.15472878288023514,0.13889602447058344
P1,R02,training,10,435,0,1.0,0.3336766124005324,0.15472878288023514,0.1386781101435534
P1,R02,training,10,436,0,1.0,0.3336766124005324,0.15472878288023514,0.13845896802457025
P1,R02,training,10,437,0,1.0,0.3336766124005324,0.15472878288023514,0.13823860501856516
P1,R02,training,10,438,0,1.0,0.3336766124005324,0.15472878288023514,0.13801702806100832
P1,R02,training,10,439,0,1.0,0.3336766124005324,0.15472878288023514,0.13779424411754596
P1,R02,training,10,440,0,1.0,0.3336766124005324,0.15472878288023514,0.13757026018363652
P1,R02,training,10,441,0,1.0,0.3336766124005324,0.15472878288023514,0.13734508328418538
P1,R02,training,10,442,0,1.0,0.3336766124005324,0.15472878288023514,0.13711872047317886
P1,R02,training,10,443,0,1.0,0.3336766124005324,0.15472878288023514,0.13689117883331695
P1,R02,training,10,444,0,1.0,0.3336766124005324,0.15472878288023514,0.13666246547564506
P1,R02,training,10,445,0,1.0,0.3336766124005324,0.15472878288023514,0.13643258753918475
P1,R02,training,10,446,0,1.0,0.3336766124005324,0.15472878288023514,0.13620155219056362
P1,R02,training,10,447,0,1.0,0.3336766124005324,0.15472878288023514,0.13596936662364417
P1,R02,training,10,448,0,0.0,0.0,0.13071950400239385,0.11467386506928227
P1,R02,training,10,449,0,0.0,0.0,0.13071950400239385,0.11447578260283359
P1,R02,training,10,450,0,0.0,0.0,0.13071950400239385,0.11427674676523777
P1,R02,training,10,451,0,0.0,0.0,0.13071950400239385,0.11407676372296967
P1,R02,training,10,452,0,0.0,0.0,0.13071950400239385,0.11387583966393396
P1,R02,training,10,453,0,0.0,0.0,0.13071950400239385,0.11367398079714741
P1,R02,training,10,454,0,0.0,0.0,0.13071950400239385,0.1134711933524203
P1,R02,training,10,455,0,0.0,0.0,0.13071950400239385,0.11326748358003741
P1,R02,training,10,456,0,0.0,0.0,0.13071950400239385,0.11306285775043821
P1,R02,training,10,457,0,0.0,0.0,0.13071950400239385,0.1128573221538967
P1,R02,training,10,458,0,0.0,0.0,0.13071950400239385,0.11265088310020047
P1,R02,training,10,459,0,0.0,0.0,0.13071950400239385,0.11244354691832946
P1,R02,training,10,460,0,0.0,0.0,0.13071950400239385,0.11223531995613413
P1,R02,training,10,461,0,0.0,0.0,0.13071950400239385,0.11202620858001303
P1,R02,training,10,462,0,0.0,0.0,0.13071950400239385,0.11181621917459011
P1,R02,training,10,463,0,0.0,0.0,0.13071950400239385,0.11160535814239156
P1,R02,training,10,464,0,0.0,0.0,0.10712364012714526,0.0912862348090768
P1,R02,training,10,465,0,0.0,0.0,0.10712364012714526,0.09111202301041196
P1,R02,training,10,466,0,0.0,0.0,0.10712364012714526,0.09093711274606353
P1,R02,training,10,467,0,0.0,0.0,0.10712364012714526,0.09076150931888075
P1,R02,training,10,468,0,0.0,0.0,0.10712364012714526,0.09058521804505452
P1,R02,training,10,469,0,0.0,0.0,0.10712364012714526,0.09040824425385088
P1,R02,training,10,470,0,0.0,0.0,0.10712364012714526,0.09023059328734415
P1,R02,training,10,471,0,0.0,0.0,0.10712364012714526,0.09005227050014984
P1,R02,training,10,472,0,0.0,0.0,0.10712364012714526,0.08987328125915757
P1,R02,training,10,473,0,0.0,0.0,0.10712364012714526,0.08969363094326357
P1,R02,training,10,474,0,0.0,0.0,0.10712364012714526,0.08951332494310317
P1,R02,training,10,475,0,0.0,0.0,0.10712364012714526,0.08933236866078317
P1,R02,training,10,476,0,0.0,0.0,0.10712364012714526,0.08915076750961402
P1,R02,training,10,477,0,0.0,0.0,0.10712364012714526,0.08896852691384194
P1,R02,training,10,478,0,0.0,0.0,0.10712364012714526,0.08878565230838101
P1,R02,training,10,479,0,0.0,0.0,0.10712364012714526,0.08860214913854511
P1,R02,training,10,480,0,0.0,0.0,0.08406902574053074,0.06938913792420771
P1,R02,training,10,481,0,0.0,0.0,0.08406902574053074,0.06924415366538342
P1,R02,training,10,482,0,0.0,0.0,0.08406902574053074,0.06909868898573521
P1,R02,training,10,483,0,0.0,0.0,0.08406902574053074,0.06895274818920658
P1,R02,training,10,484,0,0.0,0.0,0.08406902574053074,0.06880633558685081
P1,R02,training,10,485,0,0.0,0.0,0.08406902574053074,0.06865945549662066
P1,R02,training,10,486,0,0.0,0.0,0.08406902574053074,0.06851211224315815
P1,R02,training,10,487,0,0.0,0.0,0.08406902574053074,0.06836431015758442
P1,R02,training,10,488,0,0.0,0.0,0.08406902574053074,0.06821605357728952
P1,R02,training,10,489,0,0.0,0.0,0.08406902574053074,0.06806734684572258
P1,R02,training,10,490,0,0.0,0.0,0.08406902574053074,0.06791819431218173
P1,R02,training,10,491,0,0.0,0.0,0.08406902574053074,0.06776860033160449
P1,R02,training,10,492,0,0.0,0.0,0.08406902574053074,0.06761856926435812
P1,R02,training,10,493,0,0.0,0.0,0.08406902574053074,0.0674681054760301
P1,R02,training,10,494,0,0.0,0.0,0.08406902574053074,0.06731721333721886
P1,R02,training,10,495,0,0.0,0.0,0.08406902574053074,0.06716589722332467
P1,R02,training,10,496,0,0.0,0.0,0.06182047851728144,0.0492791191019311
P1,R02,training,10,497,0,0.0,0.0,0.06182047851728144,0.049167234343191174
P1,R02,training,10,498,0,0.0,0.0,0.06182047851728144,0.04905504748481042
P1,R02,training,10,499,0,0.0,0.0,0.06182047851728144,0.04894256175684549
P1,R02,training,10,500,0,0.0,0.0,0.06182047851728144,0.04882978039211756
P1,R02,training,10,501,0,0.0,0.0,0.06182047851728144,0.048716706626059515
P1,R02,training,10,502,0,0.0,0.0,0.06182047851728144,0.04860334369656342
P1,R02,training,10,503,0,0.0,0.0,0.06182047851728144,0.04848969484382816
P1,R02,training,10,504,0,0.0,0.0,0.06182047851728144,0.04837576331020731
P1,R02,training,10,505,0,0.0,0.0,0.06182047851728144,0.048261552340057225
P1,R02,training,10,506,0,0.0,0.0,0.06182047851728144,0.04814706517958542
P1,R02,training,10,507,0,0.0,0.0,0.06182047851728144,0.04803230507669913
P1,R02,training,10,508,0,0.0,0.0,0.06182047851728144,0.04791727528085421
P1,R02,training,10,509,0,0.0,0.0,0.06182047851728144,0.04780197904290423
P1,R02,training,10,510,0,0.0,0.0,0.06182047851728144,0.047686419614949925
P1,R02,training,10,511,0,0.0,0.0,0.06182047851728144,0.04757060025018887
P1,R02,training,10,512,0,0.0,0.0,0.040499961546405686,0.031088507425217158
P1,R02,training,10,513,0,0.0,0.0,0.040499961546405686,0.03101229741547533
P1,R02,training,10,514,0,0.0,0.0,0.040499961546405686,0.030935923512442176
P1,R02,training,10,515,0,0.0,0.0,0.040499961546405686,0.03085938784925303
P1,R02,training,10,516,0,0.0,0.0,0.040499961546405686,0.030782692559272573
P1,R02,training,10,517,0,0.0,0.0,0.040499961546405686,0.03070583977599763
P1,R02,training,10,518,0,0.0,0.0,0.040499961546405686,0.030628831632960235
P1,R02,training,10,519,0,0.0,0.0,0.040499961546405686,0.0305516702636309
P1,R02,training,10,520,0,0.0,0.0,0.040499961546405686,0.03047435780132216
P1,R02,training,10,521,0,0.0,0.0,0.040499961546405686,0.03039689637909233
P1,R02,training,10,522,0,0.0,0.0,0.040499961546405686,0.030319288129649583
P1,R02,training,10,523,0,0.0,0.0,0.040499961546405686,0.030241535185256206
P1,R02,training,10,524,0,0.0,0.0,0.040499961546405686,0.030163639677633216
P1,R02,training,10,525,0,0.0,0.0,0.040499961546405686,0.03008560373786517
P1,R02,training,10,526,0,0.0,0.0,0.040499961546405686,0.03000742949630532
P1,R02,training,10,527,0,0.0,0.0,0.040499961546405686,0.029929119082481
P1,R02,training,10,528,0,0.0,0.0,0.020329569898747266,0.014983998827217225
P1,R02,training,10,529,0,0.0,0.0,0.020329569898747266,0.014944556224868974
P1,R02,training,10,530,0,0.0,0.0,0.020329569898747266,0.014905048472673054
P1,R02,training,10,531,0,0.0,0.0,0.020329569898747266,0.014865476637447889
P1,R02,training,10,532,0,0.0,0.0,0.020329569898747266,0.014825841785362177
P1,R02,training,10,533,0,0.0,0.0,0.020329569898747266,0.014786144981888351
P1,R02,training,10,534,0,0.0,0.0,0.020329569898747266,0.014746387291756166
P1,R02,training,10,535,0,0.0,0.0,0.020329569898747266,0.014706569778906484
P1,R02,training,10,536,0,0.0,0.0,0.020329569898747266,0.014666693506445201
P1,R02,training,10,537,0,0.0,0.0,0.020329569898747266,0.014626759536597377
P1,R02,training,10,538,0,0.0,0.0,0.020329569898747266,0.014586768930661501
P1,R02,training,10,539,0,0.0,0.0,0.020329569898747266,0.014546722748963969
P1,R02,training,10,540,0,0.0,0.0,0.020329569898747266,0.014506622050813718
P1,R02,training,10,541,0,0.0,0.0,0.020329569898747266,0.014466467894457052
P1,R02,training,10,542,0,0.0,0.0,0.020329569898747266,0.014426261337032644
P1,R02,training,10,543,0,0.0,0.0,0.020329569898747266,0.014386003434526735
P1,R02,training,10,544,0,0.0,0.0,0.019050178496572718,0.013442884250551842
P1,R02,training,10,545,0,0.0,0.0,0.019050178496572718,0.01340506661642176
P1,R02,training,10,546,0,0.0,0.0,0.019050178496572718,0.013367203830180842
P1,R02,training,10,547,0,0.0,0.0,0.019050178496572718,0.013329296876623545
P1,R02,training,10,548,0,0.0,0.0,0.019050178496572718,0.013291346739257208
P1,R02,training,10,549,0,0.0,0.0,0.019050178496572718,0.013253354400261154
P1,R02,training,10,550,0,0.0,0.0,0.019050178496572718,0.013215320840446007
P1,R02,training,10,551,0,0.0,0.0,0.019050178496572718,0.013177247039213188
P1,R02,training,10,552,0,0.0,0.0,0.019050178496572718,0.013139133974514607
P1,R02,training,10,553,0,0.0,0.0,0.019050178496572718,0.013100982622812563
P1,R02,training,10,554,0,0.0,0.0,0.019050178496572718,0.013062793959039832
P1,R02,training,10,555,0,0.0,0.0,0.019050178496572718,0.013024568956559969
P1,R02,training,10,556,0,0.0,0.0,0.019050178496572718,0.012986308587127796
P1,R02,training,10,557,0,0.0,0.0,0.019050178496572718,0.012948013820850124
P1,R02,training,10,558,0,0.0,0.0,0.019050178496572718,0.012909685626146652
P1,R02,training,10,559,0,0.0,0.0,0.019050178496572718,0.012871324969711108
P1,R02,training,10,560,0,0.0,0.0,0.0,0.0
P1,R02,training,10,561,0,0.0,0.0,0.0,0.0
P1,R02,training,10,562,0,0.0,0.0,0.0,0.0
P1,R02,training,10,563,0,0.0,0.0,0.0,0.0
P1,R02,training,10,564,0,0.0,0.0,0.0,0.0
P1,R02,training,10,565,0,0.0,0.0,0.0,0.0
P1,R02,training,10,566,0,0.0,0.0,0.0,0.0
P1,R02,training,10,567,0,0.0,0.0,0.0,0.0
P1,R02,training,10,568,0,0.0,0.0,0.0,0.0
P1,R02,training,10,569,0,0.0,0.0,0.0,0.0
P1,R02,training,10,570,0,0.0,0.0,0.0,0.0
P1,R02,training,10,571,0,0.0,0.0,0.0,0.0
P1,R02,training,10,572,0,0.0,0.0,0.0,0.0
P1,R02,training,10,573,0,0.0,0.0,0.0,0.0
P1,R02,training,10,574,0,0.0,0.0,0.0,0.0
P1,R02,training,10,575,0,0.0,0.0,0.0,0.0
P1,R02,training,10,576,0,0.0,0.0,0.0,0.0
P1,R02,training,10,577,0,0.0,0.0,0.0,0.0
P1,R02,training,10,578,0,0.0,0.0,0.0,0.0
P1,R02,training,10,579,0,0.0,0.0,0.0,0.0
P1,R02,training,10,580,0,0.0,0.0,0.0,0.0
P1,R02,training,10,581,0,0.0,0.0,0.0,0.0
P1,R02,training,10,582,0,0.0,0.0,0.0,0.0
P1,R02,training,10,583,0,0.0,0.0,0.0,0.0
P1,R02,training,10,584,0,0.0,0.0,0.0,0.0
P1,R02,training,10,585,0,0.0,0.0,0.0,0.0
P1,R02,training,10,586,0,0.0,0.0,0.0,0.0
P1,R02,training,10,587,0,0.0,0.0,0.0,0.0
P1,R02,training,10,588,0,0.0,0.0,0.0,0.0
P1,R02,training,10,589,0,0.0,0.0,0.0,0.0
P1,R02,training,10,590,0,0.0,0.0,0.0,0.0
P1,R02,training,10,591,0,0.0,0.0,0.0,0.0
P1,R02,training,10,592,0,0.0,0.0,0.0,0.0
P1,R02,training,10,593,0,0.0,0.0,0.0,0.0
P1,R02,training,10,594,0,0.0,0.0,0.0,0.0
P2,R02,training,10,0,0,0.0,0.0,0.0,0.0
P2,R02,training,10,1,0,0.0,0.0,0.0,0.0
P2,R02,training,10,2,0,0.0,0.0,0.0,0.0
P2,R02,training,10,3,0,0.0,0.0,0.0,0.0
P2,R02,training,10,4,0,0.0,0.0,0.0,0.0
P2,R02,training,10,5,0,0.0,0.0,0.0,0.0
P2,R02,training,10,6,0,0.0,0.0,0.0,0.0
P2,R02,training,10,7,0,0.0,0.0,0.0,0.0
P2,R02,training,10,8,0,0.0,0.0,0.0,0.0
P2,R02,training,10,9,0,0.0,0.0,0.0,0.0
P2,R02,training,10,10,0,0.0,0.0,0.0,0.0
P2,R02,training,10,11,0,0.0,0.0,0.0,0.0
P2,R02,training,10,12,0,0.0,0.0,0.0,0.0
P2,R02,training,10,13,0,0.0,0.0,0.0,0.0
P2,R02,training,10,14,0,0.0,0.0,0.0,0.0
P2,R02,training,10,15,0,0.0,0.0,0.0,0.0
P2,R02,training,10,16,0,0.0,0.0,0.019020864667832312,0.012196358449851449
P2,R02,training,10,17,0,0.0,0.0,0.019020864667832312,0.01223506525534923
P2,R02,training,10,18,0,0.0,0.0,0.019020864667832312,0.012273755757349814
P2,R02,training,10,19,0,0.0,0.0,0.019020864667832312,0.01231242902566905
P2,R02,training,10,20,0,0.0,0.0,0.019020864667832312,0.012351084127773644
P2,R02,training,10,21,0,0.0,0.0,0.019020864667832312,0.012389720128816097
P2,R02,training,10,22,0,0.0,0.0,0.019020864667832312,0.012428336091669906
P2,R02,training,10,23,0,0.0,0.0,0.019020864667832312,0.012466931076965003
P2,R02,training,10,24,0,0.0,0.0,0.019020864667832312,0.012505504143123413
P2,R02,training,10,25,0,0.0,0.0,0.019020864667832312,0.012544054346395165
P2,R02,training,10,26,0,0.0,0.0,0.019020864667832312,0.012582580740894448
P2,R02,training,10,27,0,0.0,0.0,0.019020864667832312,0.01262108237863596
P2,R02,training,10,28,0,0.0,0.0,0.019020864667832312,0.012659558309571531
P2,R02,training,10,29,0,0.0,0.0,0.019020864667832312,0.012698007581626956
P2,R02,training,10,30,0,0.0,0.0,0.019020864667832312,0.01273642924073906
P2,R02,training,10,31,0,0.0,0.0,0.019020864667832312,0.012774822330892967
P2,R02,training,10,32,0,0.0,0.0,0.020298287381867692,0.01367370695806471
P2,R02,training,10,33,0,0.0,0.0,0.020298287381867692,0.013714614446663026
P2,R02,training,10,34,0,0.0,0.0,0.020298287381867692,0.013755488374885057
P2,R02,training,10,35,0,0.0,0.0,0.020298287381867692,0.01379632771458254
P2,R02,training,10,36,0,0.0,0.0,0.020298287381867692,0.013837131435726966
P2,R02,training,10,37,0,0.0,0.0,0.020298287381867692,0.013877898506450758
P2,R02,training,10,38,0,0.0,0.0,0.020298287381867692,0.013918627893088708
P2,R02,training,10,39,0,0.0,0.0,0.020298287381867692,0.013959318560219616
P2,R02,training,10,40,0,0.0,0.0,0.020298287381867692,0.01399996947070815
P2,R02,training,10,41,0,0.0,0.0,0.020298287381867692,0.01404057958574695
P2,R02,training,10,42,0,0.0,0.0,0.020298287381867692,0.014081147864898926
P2,R02,training,10,43,0,0.0,0.0,0.020298287381867692,0.01412167326613977
P2,R02,training,10,44,0,0.0,0.0,0.020298287381867692,0.014162154745900705
P2,R02,training,10,45,0,0.0,0.0,0.020298287381867692,0.014202591259111427
P2,R02,training,10,46,0,0.0,0.0,0.020298287381867692,0.014242981759243252
P2,R02,training,10,47,0,0.0,0.0,0.020298287381867692,0.014283325198352478
P2,R02,training,10,48,0,0.0,0.0,0.021445965027298324,0.015133486836106077
P2,R02,training,10,49,0,0.0,0.0,0.021445965027298324,0.015176008546962199
P2,R02,training,10,50,0,0.0,0.0,0.021445965027298324,0.015218477205842545
P2,R02,training,10,51,0,0.0,0.0,0.021445965027298324,0.015260891700034333
P2,R02,training,10,52,0,0.0,0.0,0.021445965027298324,0.015303250915561995
P2,R02,training,10,53,0,0.0,0.0,0.021445965027298324,0.01534555373723426
P2,R02,training,10,54,0,0.0,0.0,0.021445965027298324,0.01538779904869139
P2,R02,training,10,55,0,0.0,0.0,0.021445965027298324,0.01542998573245267
P2,R02,training,10,56,0,0.0,0.0,0.021445965027298324,0.015472112669964044
P2,R02,training,10,57,0,0.0,0.0,0.021445965027298324,0.01551417874164598
P2,R02,training,10,58,0,0.0,0.0,0.021445965027298324,0.015556182826941505
P2,R02,training,10,59,0,0.0,0.0,0.021445965027298324,0.015598123804364424
P2,R02,training,10,60,0,0.0,0.0,0.021445965027298324,0.015640000551547732
P2,R02,training,10,61,0,0.0,0.0,0.021445965027298324,0.015681811945292206
P2,R02,training,10,62,0,0.0,0.0,0.021445965027298324,0.01572355686161516
P2,R02,training,10,63,0,0.0,0.0,0.021445965027298324,0.015765234175799416
P2,R02,training,10,64,0,0.0,0.0,0.04143612376350169,0.030540677100846902
P2,R02,training,10,65,0,0.0,0.0,0.04143612376350169,0.03062093481282142
P2,R02,training,10,66,0,0.0,0.0,0.04143612376350169,0.030701055382700917
P2,R02,training,10,67,0,0.0,0.0,0.04143612376350169,0.030781036632675198
P2,R02,training,10,68,0,0.0,0.0,0.04143612376350169,0.030860876383992614
P2,R02,training,10,69,0,0.0,0.0,0.04143612376350169,0.0309405724570565
P2,R02,training,10,70,0,0.0,0.0,0.04143612376350169,0.031020122671521988
P2,R02,training,10,71,0,0.0,0.0,0.04143612376350169,0.03109952484639304
P2,R02,training,10,72,0,0.0,0.0,0.04143612376350169,0.031178776800119816
P2,R02,training,10,73,0,0.0,0.0,0.04143612376350169,0.031257876350696316
P2,R02,training,10,74,0,0.0,0.0,0.04143612376350169,0.03133682131575827
P2,R02,training,10,75,0,0.0,0.0,0.04143612376350169,0.03141560951268134
P2,R02,training,10,76,0,0.0,0.0,0.04143612376350169,0.031494238758679544
P2,R02,training,10,77,0,0.0,0.0,0.04143612376350169,0.03157270687090396
P2,R02,training,10,78,0,0.0,0.0,0.04143612376350169,0.03165101166654168
P2,R02,training,10,79,0,0.0,0.0,0.04143612376350169,0.03172915096291502
P2,R02,training,10,80,0,0.0,0.0,0.06252417151977206,0.04799469175596027
P2,R02,training,10,81,0,0.0,0.0,0.06252417151977206,0.048112089079185544
P2,R02,training,10,82,0,0.0,0.0,0.06252417151977206,0.04822922679796924
P2,R02,training,10,83,0,0.0,0.0,0.06252417151977206,0.04834610162112549
P2,R02,training,10,84,0,0.0,0.0,0.06252417151977206,0.04846271025842605
P2,R02,training,10,85,0,0.0,0.0,0.06252417151977206,0.048579049420752037
P2,R02,training,10,86,0,0.0,0.0,0.06252417151977206,0.04869511582024591
P2,R02,training,10,87,0,0.0,0.0,0.06252417151977206,0.048810906170463755
P2,R02,training,10,88,0,0.0,0.0,0.06252417151977206,0.04892641718652792
P2,R02,training,10,89,0,0.0,0.0,0.06252417151977206,0.049041645585279785
P2,R02,training,10,90,0,0.0,0.0,0.06252417151977206,0.049156588085433
P2,R02,training,10,91,0,0.0,0.0,0.06252417151977206,0.04927124140772678
P2,R02,training,10,92,0,0.0,0.0,0.06252417151977206,0.04938560227507956
P2,R02,training,10,93,0,0.0,0.0,0.06252417151977206,0.04949966741274283
P2,R02,training,10,94,0,0.0,0.0,0.06252417151977206,0.04961343354845528
P2,R02,training,10,95,0,0.0,0.0,0.06252417151977206,0.049726897412597025
P2,R02,training,10,96,0,0.0,0.0,0.08461328487892149,0.06744800821928933
P2,R02,training,10,97,0,0.0,0.0,0.08461328487892149,0.06760072625851336
P2,R02,training,10,98,0,0.0,0.0,0.08461328487892149,0.06775302198620761
P2,R02,training,10,99,0,0.0,0.0,0.08461328487892149,0.06790489099402305
P2,R02,training,10,100,0,0.0,0.0,0.08461328487892149,0.06805632887823328
P2,R02,training,10,101,0,0.0,0.0,0.08461328487892149,0.06820733123994478
P2,R02,training,10,102,0,0.0,0.0,0.08461328487892149,0.06835789368530747
P2,R02,training,10,103,0,0.0,0.0,0.08461328487892149,0.06850801182572527
P2,R02,training,10,104,0,0.0,0.0,0.08461328487892149,0.068657681278067
P2,R02,training,10,105,0,0.0,0.0,0.08461328487892149,0.06880689766487733
P2,R02,training,10,106,0,0.0,0.0,0.08461328487892149,0.06895565661458786
P2,R02,training,10,107,0,0.0,0.0,0.08461328487892149,0.06910395376172845
P2,R02,training,10,108,0,0.0,0.0,0.08461328487892149,0.0692517847471385
P2,R02,training,10,109,0,0.0,0.0,0.08461328487892149,0.06939914521817844
P2,R02,training,10,110,0,0.0,0.0,0.08461328487892149,0.06954603082894126
P2,R02,training,10,111,0,0.0,0.0,0.08461328487892149,0.06969243724046413
P2,R02,training,10,112,0,0.0,0.0,0.1074053877490457,0.08865057253456987
P2,R02,training,10,113,0,0.0,0.0,0.1074053877490457,0.08883518308684471
P2,R02,training,10,114,0,0.0,0.0,0.1074053877490457,0.08901916889134136
P2,R02,training,10,115,0,0.0,0.0,0.1074053877490457,0.08920252447826571
P2,R02,training,10,116,0,0.0,0.0,0.1074053877490457,0.08938524438798205
P2,R02,training,10,117,0,0.0,0.0,0.1074053877490457,0.08956732317128184
P2,R02,training,10,118,0,0.0,0.0,0.1074053877490457,0.08974875538965248
P2,R02,training,10,119,0,0.0,0.0,0.1074053877490457,0.08992953561554587
P2,R02,training,10,120,0,0.0,0.0,0.1074053877490457,0.09010965843264704
P2,R02,training,10,121,0,0.0,0.0,0.1074053877490457,0.09028911843614268
P2,R02,training,10,122,0,0.0,0.0,0.1074053877490457,0.0904679102329894
P2,R02,training,10,123,0,0.0,0.0,0.1074053877490457,0.09064602844218209
P2,R02,training,10,124,0,0.0,0.0,0.1074053877490457,0.09082346769502195
P2,R02,training,10,125,0,0.0,0.0,0.1074053877490457,0.09100022263538436
P2,R02,training,10,126,0,0.0,0.0,0.1074053877490457,0.09117628791998673
P2,R02,training,10,127,0,0.0,0.0,0.1074053877490457,0.09135165821865596
P2,R02,training,10,128,0,0.0,0.3331631610923283,0.13079682875324108,0.11145952478537346
P2,R02,training,10,129,0,0.0,0.3331631610923283,0.13079682875324108,0.11167137626705809
P2,R02,training,10,130,0,0.0,0.3331631610923283,0.13079682875324108,0.11188236203027443
P2,R02,training,10,131,0,0.0,0.3331631610923283,0.13079682875324108,0.11209247565112011
P2,R02,training,10,132,0,0.0,0.3331631610923283,0.13079682875324108,0.11230171072328168
P2,R02,training,10,133,0,0.0,0.3331631610923283,0.13079682875324108,0.11251006085835849
P2,R02,training,10,134,0,0.0,0.3331631610923283,0.13079682875324108,0.11271751968618601
P2,R02,training,10,135,0,0.0,0.3331631610923283,0.13079682875324108,0.11292408085515887
P2,R02,training,10,136,0,0.0,0.3331631610923283,0.13079682875324108,0.11312973803255333
P2,R02,training,10,137,0,0.0,0.3331631610923283,0.13079682875324108,0.11333448490484935
P2,R02,training,10,138,0,0.0,0.3331631610923283,0.13079682875324108,0.11353831517805203
P2,R02,training,10,139,0,0.0,0.3331631610923283,0.13079682875324108,0.11374122257801272
P2,R02,training,10,140,0,0.0,0.3331631610923283,0.13079682875324108,0.11394320085074945
P2,R02,training,10,141,0,0.0,0.3331631610923283,0.13079682875324108,0.11414424376276676
P2,R02,training,10,142,0,0.0,0.3331631610923283,0.13079682875324108,0.11434434510137508
P2,R02,training,10,143,0,0.0,0.3331631610923283,0.13079682875324108,0.11454349867500935
P2,R02,training,10,144,0,0.0,0.0,0.1544999795025408,0.1355353199806877
P2,R02,training,10,145,0,0.0,0.0,0.1544999795025408,0.13576830351329494
P2,R02,training,10,146,0,0.0,0.0,0.1544999795025408,0.13600014573852337
P2,R02,training,10,147,0,0.0,0.0,0.1544999795025408,0.13623083944632533
P2,R02,training,10,148,0,0.0,0.0,0.1544999795025408,0.13646037745347617
P2,R02,training,10,149,0,0.0,0.0,0.1544999795025408,0.13668875260394586
P2,R02,training,10,150,0,0.0,0.0,0.1544999795025408,0.13691595776926957
P2,R02,training,10,151,0,0.0,0.0,0.1544999795025408,0.13714198584891726
P2,R02,training,10,152,0,0.0,0.0,0.1544999795025408,0.13736682977066242
P2,R02,training,10,153,0,0.0,0.0,0.1544999795025408,0.1375904824909497
P2,R02,training,10,154,0,0.0,0.0,0.1544999795025408,0.13781293699526176
P2,R02,training,10,155,0,0.0,0.0,0.1544999795025408,0.13803418629848457
P2,R02,training,10,156,0,0.0,0.0,0.1544999795025408,0.1382542234452723
P2,R02,training,10,157,0,0.0,0.0,0.1544999795025408,0.1384730415104105
P2,R02,training,10,158,0,0.0,0.0,0.1544999795025408,0.13869063359917858
P2,R02,training,10,159,0,0.0,0.0,0.1544999795025408,0.13890699284771085
P2,R02,training,10,160,0,0.0,0.0,0.15930315819932325,0.14344721569388647
P2,R02,training,10,161,0,0.0,0.0,0.15930315819932325,0.14366773779791242
P2,R02,training,10,162,0,0.0,0.0,0.15930315819932325,0.14388696769733136
P2,R02,training,10,163,0,0.0,0.0,0.15930315819932325,0.14410489844584598
P2,R02,training,10,164,0,0.0,0.0,0.15930315819932325,0.14432152313081634
P2,R02,training,10,165,0,0.0,0.0,0.15930315819932325,0.1445368348736245
P2,R02,training,10,166,0,0.0,0.0,0.15930315819932325,0.14475082683003784
P2,R02,training,10,167,0,0.0,0.0,0.15930315819932325,0.14496349219057095
P2,R02,training,10,168,0,0.0,0.0,0.15930315819932325,0.1451748241808461
P2,R02,training,10,169,0,0.0,0.0,0.15930315819932325,0.14538481606195217
P2,R02,training,10,170,0,0.0,0.0,0.15930315819932325,0.14559346113080227
P2,R02,training,10,171,0,0.0,0.0,0.15930315819932325,0.1458007527204897
P2,R02,training,10,172,0,0.0,0.0,0.15930315819932325,0.14600668420064236
P2,R02,training,10,173,0,0.0,0.0,0.15930315819932325,0.14621124897777568
P2,R02,training,10,174,0,0.0,0.0,0.15930315819932325,0.14641444049564395
P2,R02,training,10,175,0,0.0,0.0,0.15930315819932325,0.14661625223559
P2,R02,training,10,176,0,0.0,0.332851070316646,0.16272141362435666,0.14996700386713316
P2,R02,training,10,177,0,0.0,0.332851070316646,0.16272141362435666,0.15017030740311751
P2,R02,training,10,178,0,0.0,0.332851070316646,0.16272141362435666,0.15037218181284856
P2,R02,training,10,179,0,0.0,0.332851070316646,0.16272141362435666,0.15057262059491283
P2,R02,training,10,180,0,0.0,0.332851070316646,0.16272141362435666,0.15077161728805227
P2,R02,training,10,181,0,0.0,0.332851070316646,0.16272141362435666,0.15096916547151074
P2,R02,training,10,182,0,0.0,0.332851070316646,0.16272141362435666,0.15116525876537903
P2,R02,training,10,183,0,0.0,0.332851070316646,0.16272141362435666,0.1513598908309379
P2,R02,training,10,184,0,0.0,0.332851070316646,0.16272141362435666,0.151553055370999
P2,R02,training,10,185,0,0.0,0.332851070316646,0.16272141362435666,0.15174474613024438
P2,R02,training,10,186,0,0.0,0.332851070316646,0.16272141362435666,0.15193495689556344
P2,R02,training,10,187,0,0.0,0.332851070316646,0.16272141362435666,0.15212368149638855
P2,R02,training,10,188,0,0.0,0.332851070316646,0.16272141362435666,0.15231091380502812
P2,R02,training,10,189,0,0.0,0.332851070316646,0.16272141362435666,0.15249664773699806
P2,R02,training,10,190,0,0.0,0.332851070316646,0.16272141362435666,0.15268087725135093
P2,R02,training,10,191,0,0.0,0.332851070316646,0.16272141362435666,0.1528635963510032
P2,R02,training,10,192,0,0.0,0.3330212374827012,0.1646591835421081,0.15486733491977622
P2,R02,training,10,193,0,0.0,0.3330212374827012,0.1646591835421081,0.1550491551027351
P2,R02,training,10,194,0,0.0,0.3330212374827012,0.1646591835421081,0.1552294289482985
P2,R02,training,10,195,0,0.0,0.3330212374827012,0.1646591835421081,0.15540815056877974
P2,R02,training,10,196,0,0.0,0.3330212374827012,0.1646591835421081,0.15558531412250157
P2,R02,training,10,197,0,0.0,0.3330212374827012,0.1646591835421081,0.1557609138141142
P2,R02,training,10,198,0,0.0,0.3330212374827012,0.1646591835421081,0.1559349438949111
P2,R02,training,10,199,0,0.0,0.3330212374827012,0.1646591835421081,0.15610739866314252
P2,R02,training,10,200,0,0.0,0.3330212374827012,0.1646591835421081,0.15627827246432643
P2,R02,training,10,201,0,0.0,0.3330212374827012,0.1646591835421081,0.15644755969155769
P2,R02,training,10,202,0,0.0,0.3330212374827012,0.1646591835421081,0.1566152547858142
P2,R02,training,10,203,0,0.0,0.3330212374827012,0.1646591835421081,0.1567813522362612
P2,R02,training,10,204,0,0.0,0.3330212374827012,0.1646591835421081,0.1569458465805528
P2,R02,training,10,205,0,0.0,0.3330212374827012,0.1646591835421081,0.1571087324051314
P2,R02,training,10,206,0,0.0,0.3330212374827012,0.1646591835421081,0.15727000434552432
P2,R02,training,10,207,0,0.0,0.3330212374827012,0.1646591835421081,0.15742965708663825
P2,R02,training,10,208,0,1.0,0.3341553054745114,0.16506105003049532,0.15797229318368755
P2,R02,training,10,209,0,1.0,0.3341553054745114,0.16506105003049532,0.15812907348567243
P2,R02,training,10,210,0,1.0,0.3341553054745114,0.16506105003049532,0.15828421495228348
P2,R02,training,10,211,0,1.0,0.3341553054745114,0.16506105003049532,0.15843771245635493
P2,R02,training,10,212,0,1.0,0.3341553054745114,0.16506105003049532,0.15858956092165796
P2,R02,training,10,213,0,1.0,0.3341553054745114,0.16506105003049532,0.15873975532318063
P2,R02,training,10,214,0,1.0,0.3341553054745114,0.16506105003049532,0.1588882906874048
P2,R02,training,10,215,0,1.0,0.3341553054745114,0.16506105003049532,0.15903516209258056
P2,R02,training,10,216,0,1.0,0.3341553054745114,0.16506105003049532,0.1591803646689981
P2,R02,training,10,217,0,1.0,0.3341553054745114,0.16506105003049532,0.15932389359925653
P2,R02,training,10,218,0,1.0,0.3341553054745114,0.16506105003049532,0.1594657441185303
P2,R02,training,10,219,0,1.0,0.3341553054745114,0.16506105003049532,0.15960591151483278
P2,R02,training,10,220,0,1.0,0.3341553054745114,0.16506105003049532,0.15974439112927707
P2,R02,training,10,221,0,1.0,0.3341553054745114,0.16506105003049532,0.15988117835633392
P2,R02,training,10,222,0,1.0,0.3341553054745114,0.16506105003049532,0.16001626864408716
P2,R02,training,10,223,0,1.0,0.3341553054745114,0.16506105003049532,0.16014965749448593
P2,R02,training,10,224,0,0.0,0.33310427860278224,0.16391437172738169,0.1591678667793446
P2,R02,training,10,225,0,0.0,0.33310427860278224,0.16391437172738169,0.15929693655789262
P2,R02,training,10,226,0,0.0,0.33310427860278224,0.16391437172738169,0.15942430364196555
P2,R02,training,10,227,0,0.0,0.33310427860278224,0.16391437172738169,0.15954996378117509
P2,R02,training,10,228,0,0.0,0.33310427860278224,0.16391437172738169,0.15967391277983467
P2,R02,training,10,229,0,0.0,0.33310427860278224,0.16391437172738169,0.15979614649719295
P2,R02,training,10,230,0,0.0,0.33310427860278224,0.16391437172738169,0.15991666084766432
P2,R02,training,10,231,0,0.0,0.33310427860278224,0.16391437172738169,0.16003545180105652
P2,R02,training,10,232,0,0.0,0.33310427860278224,0.16391437172738169,0.16015251538279518
P2,R02,training,10,233,0,0.0,0.33310427860278224,0.16391437172738169,0.16026784767414542
P2,R02,training,10,234,0,0.0,0.33310427860278224,0.16391437172738169,0.16038144481243058
P2,R02,training,10,235,0,0.0,0.33310427860278224,0.16391437172738169,0.16049330299124762
P2,R02,training,10,236,0,0.0,0.33310427860278224,0.16391437172738169,0.16060341846067985
P2,R02,training,10,237,0,0.0,0.33310427860278224,0.16391437172738169,0.1607117875275064
P2,R02,training,10,238,0,0.0,0.33310427860278224,0.16391437172738169,0.1608184065554085
P2,R02,training,10,239,0,0.0,0.33310427860278224,0.16391437172738169,0.16092327196517303
P2,R02,training,10,240,0,1.0,0.3337950816491759,0.1612499400192312,0.15840889289180524
P2,R02,training,10,241,0,1.0,0.3337950816491759,0.1612499400192312,0.15850859314855334
P2,R02,training,10,242,0,1.0,0.3337950816491759,0.1612499400192312,0.15860655806818466
P2,R02,training,10,243,0,1.0,0.3337950816491759,0.1612499400192312,0.15870278435631463
P2,R02,training,10,244,0,1.0,0.3337950816491759,0.1612499400192312,0.15879726877569006
P2,R02,training,10,245,0,1.0,0.3337950816491759,0.1612499400192312,0.15889000814637072
P2,R02,training,10,246,0,1.0,0.3337950816491759,0.1612499400192312,0.15898099934590768
P2,R02,training,10,247,0,1.0,0.3337950816491759,0.1612499400192312,0.15907023930951852
P2,R02,training,10,248,0,1.0,0.3337950816491759,0.1612499400192312,0.15915772503025932
P2,R02,training,10,249,0,1.0,0.3337950816491759,0.1612499400192312,0.15924345355919362
P2,R02,training,10,250,0,1.0,0.3337950816491759,0.1612499400192312,0.159327422005558
P2,R02,training,10,251,0,1.0,0.3337950816491759,0.1612499400192312,0.15940962753692456
P2,R02,training,10,252,0,1.0,0.3337950816491759,0.1612499400192312,0.15949006737936014
P2,R02,training,10,253,0,1.0,0.3337950816491759,0.1612499400192312,0.1595687388175824
P2,R02,training,10,254,0,1.0,0.3337950816491759,0.1612499400192312,0.1596456391951124
P2,R02,training,10,255,0,1.0,0.3337950816491759,0.1612499400192312,0.15972076591442436
P2,R02,training,10,256,0,0.0,0.3331601054247228,0.13949412861417737,0.13823472447435373
P2,R02,training,10,257,0,0.0,0.3331601054247228,0.13949412861417737,0.13829663986115512
P2,R02,training,10,258,0,0.0,0.3331601054247228,0.13949412861417737,0.13835701445741047
P2,R02,training,10,259,0,0.0,0.3331601054247228,0.13949412861417737,0.13841584622128453
P2,R02,training,10,260,0,0.0,0.3331601054247228,0.13949412861417737,0.1384731331625451
P2,R02,training,10,261,0,0.0,0.3331601054247228,0.13949412861417737,0.13852887334267527
P2,R02,training,10,262,0,0.0,0.3331601054247228,0.13949412861417737,0.13858306487498284
P2,R02,training,10,263,0,0.0,0.3331601054247228,0.13949412861417737,0.13863570592470661
P2,R02,training,10,264,0,0.0,0.3331601054247228,0.13949412861417737,0.13868679470912
P2,R02,training,10,265,0,0.0,0.3331601054247228,0.13949412861417737,0.1387363294976316
P2,R02,training,10,266,0,0.0,0.3331601054247228,0.13949412861417737,0.13878430861188304
P2,R02,training,10,267,0,0.0,0.3331601054247228,0.13949412861417737,0.1388307304258435
P2,R02,training,10,268,0,0.0,0.3331601054247228,0.13949412861417737,0.13887559336590188
P2,R02,training,10,269,0,0.0,0.3331601054247228,0.13949412861417737,0.13891889591095533
P2,R02,training,10,270,0,0.0,0.3331601054247228,0.13949412861417737,0.13896063659249552
P2,R02,training,10,271,0,0.0,0.3331601054247228,0.13949412861417737,0.1390008139946915
P2,R02,training,10,272,0,0.0,0.0,0.1354894921621467,0.1350478440105792
P2,R02,training,10,273,0,0.0,0.0,0.1354894921621467,0.13508382726760226
P2,R02,training,10,274,0,0.0,0.0,0.1354894921621467,0.13511828830654077
P2,R02,training,10,275,0,0.0,0.0,0.1354894921621467,0.13515122595761897
P2,R02,training,10,276,0,0.0,0.0,0.1354894921621467,0.13518263910258596
P2,R02,training,10,277,0,0.0,0.0,0.1354894921621467,0.1352125266747792
P2,R02,training,10,278,0,0.0,0.0,0.1354894921621467,0.13524088765918466
P2,R02,training,10,279,0,0.0,0.0,0.1354894921621467,0.13526772109249433
P2,R02,training,10,280,0,0.0,0.0,0.1354894921621467,0.13529302606316088
P2,R02,training,10,281,0,0.0,0.0,0.1354894921621467,0.1353168017114491
P2,R02,training,10,282,0,0.0,0.0,0.1354894921621467,0.13533904722948473
P2,R02,training,10,283,0,0.0,0.0,0.1354894921621467,0.13535976186130003
P2,R02,training,10,284,0,0.0,0.0,0.1354894921621467,0.13537894490287677
P2,R02,training,10,285,0,0.0,0.0,0.1354894921621467,0.1353965957021861
P2,R02,training,10,286,0,0.0,0.0,0.1354894921621467,0.13541271365922525
P2,R02,training,10,287,0,0.0,0.0,0.1354894921621467,0.1354272982260519
P2,R02,training,10,288,0,0.0,0.0,0.13032787374578508,0.13028060265579772
P2,R02,training,10,289,0,0.0,0.0,0.13032787374578508,0.13029168027894747
P2,R02,training,10,290,0,0.0,0.0,0.13032787374578508,0.13030128164758195
P2,R02,training,10,291,0,0.0,0.0,0.13032787374578508,0.13030940643521127
P2,R02,training,10,292,0,0.0,0.0,0.13032787374578508,0.1303160543655435
P2,R02,training,10,293,0,0.0,0.0,0.13032787374578508,0.13032122521250017
P2,R02,training,10,294,0,0.0,0.0,0.13032787374578508,0.13032491880022926
P2,R02,training,10,295,0,0.0,0.0,0.13032787374578508,0.130327135003115
P2,R02,training,10,296,0,0.0,0.0,0.13032787374578508,0.13032787374578508
P2,R02,training,10,297,0,0.0,0.0,0.13032787374578508,0.130327135003115
P2,R02,training,10,298,0,0.0,0.0,0.13032787374578508,0.13032491880022926
P2,R02,training,10,299,0,0.0,0.0,0.13032787374578508,0.13032122521250017
P2,R02,training,10,300,0,0.0,0.0,0.13032787374578508,0.1303160543655435
P2,R02,training,10,301,0,0.0,0.0,0.13032787374578508,0.13030940643521127
P2,R02,training,10,302,0,0.0,0.0,0.13032787374578508,0.13030128164758195
P2,R02,training,10,303,0,0.0,0.0,0.13032787374578508,0.13029168027894747
P2,R02,training,10,304,0,0.0,0.0,0.10652122133624203,0.1064825851328373
P2,R02,training,10,305,0,0.0,0.0,0.10652122133624203,0.10647232474709106
P2,R02,training,10,306,0,0.0,0.0,0.10652122133624203,0.10646085842711124
P2,R02,training,10,307,0,0.0,0.0,0.10652122133624203,0.10644818656273372
P2,R02,training,10,308,0,0.0,0.0,0.10652122133624203,0.10643430958474831
P2,R02,training,10,309,0,0.0,0.0,0.10652122133624203,0.1064192279648744
P2,R02,training,10,310,0,0.0,0.0,0.10652122133624203,0.10640294221573413
P2,R02,training,10,311,0,0.0,0.0,0.10652122133624203,0.1063854528908234
P2,R02,training,10,312,0,0.0,0.0,0.10652122133624203,0.10636676058448062
P2,R02,training,10,313,0,0.0,0.0,0.10652122133624203,0.10634686593185284
P2,R02,training,10,314,0,0.0,0.0,0.10652122133624203,0.10632576960885999
P2,R02,training,10,315,0,0.0,0.0,0.10652122133624203,0.10630347233215642
P2,R02,training,10,316,0,0.0,0.0,0.10652122133624203,0.10627997485909048
P2,R02,training,10,317,0,0.0,0.0,0.10652122133624203,0.10625527798766154
P2,R02,training,10,318,0,0.0,0.0,0.10652122133624203,0.10622938255647493
P2,R02,training,10,319,0,0.0,0.0,0.10652122133624203,0.10620228944469433
P2,R02,training,10,320,0,0.0,0.0,0.10234189970736648,0.10200830106357224
P2,R02,training,10,321,0,0.0,0.0,0.10234189970736648,0.1019799722498228
P2,R02,training,10,322,0,0.0,0.0,0.10234189970736648,0.10195049551336878
P2,R02,training,10,323,0,0.0,0.0,0.10234189970736648,0.1019198718542489
P2,R02,training,10,324,0,0.0,0.0,0.10234189970736648,0.1018881023112082
P2,R02,training,10,325,0,0.0,0.0,0.10234189970736648,0.10185518796163921
P2,R02,training,10,326,0,0.0,0.0,0.10234189970736648,0.10182112992152113
P2,R02,training,10,327,0,0.0,0.0,0.10234189970736648,0.10178592934535674
P2,R02,training,10,328,0,0.0,0.0,0.10234189970736648,0.1017495874261072
P2,R02,training,10,329,0,0.0,0.0,0.10234189970736648,0.10171210539512461
P2,R02,training,10,330,0,0.0,0.0,0.10234189970736648,0.10167348452208255
P2,R02,training,10,331,0,0.0,0.0,0.10234189970736648,0.10163372611490436
P2,R02,training,10,332,0,0.0,0.0,0.10234189970736648,0.1015928315196893
P2,R02,training,10,333,0,0.0,0.0,0.10234189970736648,0.10155080212063664
P2,R02,training,10,334,0,0.0,0.0,0.10234189970736648,0.1015076393399675
P2,R02,training,10,335,0,0.0,0.0,0.10234189970736648,0.10146334463784473
P2,R02,training,10,336,0,0.0,0.0,0.08112962894658556,0.08039716090959535
P2,R02,training,10,337,0,0.0,0.0,0.08112962894658556,0.08036025608540551
P2,R02,training,10,338,0,0.0,0.0,0.08112962894658556,0.08032245760398576
P2,R02,training,10,339,0,0.0,0.0,0.08112962894658556,0.08028376674249385
P2,R02,training,10,340,0,0.0,0.0,0.08112962894658556,0.0802441848078221
P2,R02,training,10,341,0,0.0,0.0,0.08112962894658556,0.08020371313652384
P2,R02,training,10,342,0,0.0,0.0,0.08112962894658556,0.08016235309473822
P2,R02,training,10,343,0,0.0,0.0,0.08112962894658556,0.08012010607811328
P2,R02,training,10,344,0,0.0,0.0,0.08112962894658556,0.08007697351172753
P2,R02,training,10,345,0,0.0,0.0,0.08112962894658556,0.08003295685000983
P2,R02,training,10,346,0,0.0,0.0,0.08112962894658556,0.0799880575766576
P2,R02,training,10,347,0,0.0,0.0,0.08112962894658556,0.07994227720455355
P2,R02,training,10,348,0,0.0,0.0,0.08112962894658556,0.0798956172756806
P2,R02,training,10,349,0,0.0,0.0,0.08112962894658556,0.07984807936103551
P2,R02,training,10,350,0,0.0,0.0,0.08112962894658556,0.07979966506054051
P2,R02,training,10,351,0,0.0,0.0,0.08112962894658556,0.07975037600295375
P2,R02,training,10,352,0,0.0,0.0,0.06083405960142714,0.05976223017774065
P2,R02,training,10,353,0,0.0,0.0,0.06083405960142714,0.05972396327924101
P2,R02,training,10,354,0,0.0,0.0,0.06083405960142714,0.0596850442477948
P2,R02,training,10,355,0,0.0,0.0,0.06083405960142714,0.05964547439049864
P2,R02,training,10,356,0,0.0,0.0,0.06083405960142714,0.059605255035717224
P2,R02,training,10,357,0,0.0,0.0,0.06083405960142714,0.05956438753300903
P2,R02,training,10,358,0,0.0,0.0,0.06083405960142714,0.059522873253050834
P2,R02,training,10,359,0,0.0,0.0,0.06083405960142714,0.059480713587561074
P2,R02,training,10,360,0,0.0,0.0,0.06083405960142714,0.059437909949222156
P2,R02,training,10,361,0,0.0,0.0,0.06083405960142714,0.059394463771601506
P2,R02,training,10,362,0,0.0,0.0,0.06083405960142714,0.05935037650907158
P2,R02,training,10,363,0,0.0,0.0,0.06083405960142714,0.05930564963672877
P2,R02,training,10,364,0,0.0,0.0,0.06083405960142714,0.05926028465031108
P2,R02,training,10,365,0,0.0,0.0,0.06083405960142714,0.05921428306611482
P2,R02,training,10,366,0,0.0,0.0,0.06083405960142714,0.05916764642091015
P2,R02,training,10,367,0,0.0,0.0,0.06083405960142714,0.0591203762718555
P2,R02,training,10,368,0,0.0,0.0,0.04148833964353253,0.04028695255752771
P2,R02,training,10,369,0,0.0,0.0,0.04148833964353253,0.04025385384801007
P2,R02,training,10,370,0,0.0,0.0,0.04148833964353253,0.04022032636270096
P2,R02,training,10,371,0,0.0,0.0,0.04148833964353253,0.04018637121859026
P2,R02,training,10,372,0,0.0,0.0,0.04148833964353253,0.04015198954626973
P2,R02,training,10,373,0,0.0,0.0,0.04148833964353253,0.04011718248987024
P2,R02,training,10,374,0,0.0,0.0,0.04148833964353253,0.0400819512069984
P2,R02,training,10,375,0,0.0,0.0,0.04148833964353253,0.040046296868672344
P2,R02,training,10,376,0,0.0,0.0,0.04148833964353253,0.04001022065925689
P2,R02,training,10,377,0,0.0,0.0,0.04148833964353253,0.03997372377639801
P2,R02,training,10,378,0,0.0,0.0,0.04148833964353253,0.03993680743095655
P2,R02,training,10,379,0,0.0,0.0,0.04148833964353253,0.03989947284694131
P2,R02,training,10,380,0,0.0,0.0,0.04148833964353253,0.03986172126144141
P2,R02,training,10,381,0,0.0,0.0,0.04148833964353253,0.03982355392455801
P2,R02,training,10,382,0,0.0,0.0,0.04148833964353253,0.03978497209933532
P2,R02,training,10,383,0,0.0,0.0,0.04148833964353253,0.03974597706169097
P2,R02,training,10,384,0,0.0,0.0,0.023267940559157478,0.022268669241548807
P2,R02,training,10,385,0,0.0,0.0,0.023267940559157478,0.022246338312516243
P2,R02,training,10,386,0,0.0,0.0,0.023267940559157478,0.022223777830856894
P2,R02,training,10,387,0,0.0,0.0,0.023267940559157478,0.022200988540626004
P2,R02,training,10,388,0,0.0,0.0,0.023267940559157478,0.02217797119289784
P2,R02,training,10,389,0,0.0,0.0,0.023267940559157478,0.02215472654572445
P2,R02,training,10,390,0,0.0,0.0,0.023267940559157478,0.022131255364094063
P2,R02,training,10,391,0,0.0,0.0,0.023267940559157478,0.022107558419889158
P2,R02,training,10,392,0,0.0,0.0,0.023267940559157478,0.022083636491844163
P2,R02,training,10,393,0,0.0,0.0,0.023267940559157478,0.022059490365502855
P2,R02,training,10,394,0,0.0,0.0,0.023267940559157478,0.02203512083317534
P2,R02,training,10,395,0,0.0,0.0,0.023267940559157478,0.022010528693894794
P2,R02,training,10,396,0,0.0,0.0,0.023267940559157478,0.021985714753373804
P2,R02,training,10,397,0,0.0,0.0,0.023267940559157478,0.021960679823960383
P2,R02,training,10,398,0,0.0,0.0,0.023267940559157478,0.021935424724593693
P2,R02,training,10,399,0,0.0,0.0,0.023267940559157478,0.021909950280759424
P2,R02,training,10,400,0,0.0,0.0,0.023856971278767795,0.022438259936200775
P2,R02,training,10,401,0,0.0,0.0,0.023856971278767795,0.02241169337511927
P2,R02,training,10,402,0,0.0,0.0,0.023856971278767795,0.022384904495798507
P2,R02,training,10,403,0,0.0,0.0,0.023856971278767795,0.022357894171006445
P2,R02,training,10,404,0,0.0,0.0,0.023856971278767795,0.022330663279989674
P2,R02,training,10,405,0,0.0,0.0,0.023856971278767795,0.022303212708425793
P2,R02,training,10,406,0,0.0,0.0,0.023856971278767795,0.0222755433483754
P2,R02,training,10,407,0,0.0,0.0,0.023856971278767795,0.022247656098233846
P2,R02,training,10,408,0,0.0,0.0,0.023856971278767795,0.022219551862682655
P2,R02,training,10,409,0,0.0,0.0,0.023856971278767795,0.022191231552640654
P2,R02,training,10,410,0,0.0,0.0,0.023856971278767795,0.022162696085214813
P2,R02,training,10,411,0,0.0,0.0,0.023856971278767795,0.022133946383650793
P2,R02,training,10,412,0,0.0,0.0,0.023856971278767795,0.02210498337728323
P2,R02,training,10,413,0,0.0,0.0,0.023856971278767795,0.022075808001485692
P2,R02,training,10,414,0,0.0,0.0,0.023856971278767795,0.02204642119762042
P2,R02,training,10,415,0,0.0,0.0,0.023856971278767795,0.022016823912987742
P2,R02,training,10,416,0,0.0,0.0,0.024217523227239163,0.022319308310926197
P2,R02,training,10,417,0,0.0,0.0,0.024217523227239163,0.022288839305768644
P2,R02,training,10,418,0,0.0,0.0,0.024217523227239163,0.022258159559334755
P2,R02,training,10,419,0,0.0,0.0,0.024217523227239163,0.022227270056834145
P2,R02,training,10,420,0,0.0,0.0,0.024217523227239163,0.0221961717892436
P2,R02,training,10,421,0,0.0,0.0,0.024217523227239163,0.02216486575325418
P2,R02,training,10,422,0,0.0,0.0,0.024217523227239163,0.022133352951218044
P2,R02,training,10,423,0,0.0,0.0,0.024217523227239163,0.02210163439109506
P2,R02,training,10,424,0,0.0,0.0,0.024217523227239163,0.02206971108639915
P2,R02,training,10,425,0,0.0,0.0,0.024217523227239163,0.0220375840561444
P2,R02,training,10,426,0,0.0,0.0,0.024217523227239163,0.022005254324790953
P2,R02,training,10,427,0,0.0,0.0,0.024217523227239163,0.021972722922190647
P2,R02,training,10,428,0,0.0,0.0,0.024217523227239163,0.021939990883532445
P2,R02,training,10,429,0,0.0,0.0,0.024217523227239163,0.021907059249287632
P2,R02,training,10,430,0,0.0,0.0,0.024217523227239163,0.02187392906515482
P2,R02,training,10,431,0,0.0,0.0,0.024217523227239163,0.021840601382004683
P2,R02,training,10,432,0,1.0,0.3336766124005324,0.024338914067578727,0.02191638568545194
P2,R02,training,10,433,0,1.0,0.3336766124005324,0.024338914067578727,0.021882497157552104
P2,R02,training,10,434,0,1.0,0.3336766124005324,0.024338914067578727,0.021848413339711426
P2,R02,training,10,435,0,1.0,0.3336766124005324,0.024338914067578727,0.02181413530830092
P2,R02,training,10,436,0,1.0,0.3336766124005324,0.024338914067578727,0.021779664144608985
P2,R02,training,10,437,0,1.0,0.3336766124005324,0.024338914067578727,0.02174500093478472
P2,R02,training,10,438,0,1.0,0.3336766124005324,0.024338914067578727,0.021710146769781002
P2,R02,training,10,439,0,1.0,0.3336766124005324,0.024338914067578727,0.021675102745297443
P2,R02,training,10,440,0,1.0,0.3336766124005324,0.024338914067578727,0.021639869961723103
P2,R02,training,10,441,0,1.0,0.3336766124005324,0.024338914067578727,0.02160444952407908
P2,R02,training,10,442,0,1.0,0.3336766124005324,0.024338914067578727,0.021568842541960908
P2,R02,training,10,443,0,1.0,0.3336766124005324,0.024338914067578727,0.021533050129480796
P2,R02,training,10,444,0,1.0,0.3336766124005324,0.024338914067578727,0.021497073405209705
P2,R02,training,10,445,0,1.0,0.3336766124005324,0.024338914067578727,0.021460913492119257
P2,R02,training,10,446,0,1.0,0.3336766124005324,0.024338914067578727,0.021424571517523524
P2,R02,training,10,447,0,1.0,0.3336766124005324,0.024338914067578727,0.021388048613020627
P2,R02,training,10,448,0,0.0,0.0,0.024217523227239163,0.02124485563242174
P2,R02,training,10,449,0,0.0,0.0,0.024217523227239163,0.02120815822625623
P2,R02,training,10,450,0,0.0,0.0,0.024217523227239163,0.021171284195431104
P2,R02,training,10,451,0,0.0,0.0,0.024217523227239163,0.021134234682367675
P2,R02,training,10,452,0,0.0,0.0,0.024217523227239163,0.021097010833457417
P2,R02,training,10,453,0,0.0,0.0,0.024217523227239163,0.02105961379900311
P2,R02,training,10,454,0,0.0,0.0,0.024217523227239163,0.021022044733159797
P2,R02,training,10,455,0,0.0,0.0,0.024217523227239163,0.020984304793875697
P2,R02,training,10,456,0,0.0,0.0,0.024217523227239163,0.02094639514283295
P2,R02,training,10,457,0,0.0,0.0,0.024217523227239163,0.02090831694538831
P2,R02,training,10,458,0,0.0,0.0,0.024217523227239163,0.02087007137051368
P2,R02,training,10,459,0,0.0,0.0,0.024217523227239163,0.020831659590736608
P2,R02,training,10,460,0,0.0,0.0,0.024217523227239163,0.020793082782080644
P2,R02,training,10,461,0,0.0,0.0,0.024217523227239163,0.020754342124005627
P2,R02,training,10,462,0,0.0,0.0,0.024217523227239163,0.02071543879934789
P2,R02,training,10,463,0,0.0,0.0,0.024217523227239163,0.020676373994260387
P2,R02,training,10,464,0,0.0,0.0,0.023856971278767795,0.020329901778936448
P2,R02,training,10,465,0,0.0,0.0,0.023856971278767795,0.020291103938681613
P2,R02,training,10,466,0,0.0,0.0,0.023856971278767795,0.020252150546620162
P2,R02,training,10,467,0,0.0,0.0,0.023856971278767795,0.02021304278372319
P2,R02,training,10,468,0,0.0,0.0,0.023856971278767795,0.020173781833933046
P2,R02,training,10,469,0,0.0,0.0,0.023856971278767795,0.020134368884103963
P2,R02,training,10,470,0,0.0,0.0,0.023856971278767795,0.020094805123942655
P2,R02,training,10,471,0,0.0,0.0,0.023856971278767795,0.020055091745948824
P2,R02,training,10,472,0,0.0,0.0,0.023856971278767795,0.02001522994535567
P2,R02,training,10,473,0,0.0,0.0,0.023856971278767795,0.01997522092007033
P2,R02,training,10,474,0,0.0,0.0,0.023856971278767795,0.019935065870614294
P2,R02,training,10,475,0,0.0,0.0,0.023856971278767795,0.019894766000063804
P2,R02,training,10,476,0,0.0,0.0,0.023856971278767795,0.019854322513990223
P2,R02,training,10,477,0,0.0,0.0,0.023856971278767795,0.01981373662040035
P2,R02,training,10,478,0,0.0,0.0,0.023856971278767795,0.01977300952967678
P2,R02,training,10,479,0,0.0,0.0,0.023856971278767795,0.01973214245451819
P2,R02,training,10,480,0,0.0,0.0,0.023267940559157478,0.019204960714719617
P2,R02,training,10,481,0,0.0,0.0,0.023267940559157478,0.019164833151843495
P2,R02,training,10,482,0,0.0,0.0,0.023267940559157478,0.019124572622002723
P2,R02,training,10,483,0,0.0,0.0,0.023267940559157478,0.01908418031640774
P2,R02,training,10,484,0,0.0,0.0,0.023267940559157478,0.01904365742823677
P2,R02,training,10,485,0,0.0,0.0,0.023267940559157478,0.019003005152577634
P2,R02,training,10,486,0,0.0,0.0,0.023267940559157478,0.01896222468636955
P2,R02,training,10,487,0,0.0,0.0,0.023267940559157478,0.018921317228344958
P2,R02,training,10,488,0,0.0,0.0,0.023267940559157478,0.018880283978971374
P2,R02,training,10,489,0,0.0,0.0,0.023267940559157478,0.018839126140393278
P2,R02,training,10,490,0,0.0,0.0,0.023267940559157478,0.018797844916374012
P2,R02,training,10,491,0,0.0,0.0,0.023267940559157478,0.01875644151223773
P2,R02,training,10,492,0,0.0,0.0,0.023267940559157478,0.01871491713481138
P2,R02,training,10,493,0,0.0,0.0,0.023267940559157478,0.018673272992366725
P2,R02,training,10,494,0,0.0,0.0,0.023267940559157478,0.018631510294562423
P2,R02,training,10,495,0,0.0,0.0,0.023267940559157478,0.018589630252386132
P2,R02,training,10,496,0,0.0,0.0,0.022467649429081568,0.017909695924573595
P2,R02,training,10,497,0,0.0,0.0,0.022467649429081568,0.01786903322515558
P2,R02,training,10,498,0,0.0,0.0,0.022467649429081568,0.017828260732526878
P2,R02,training,10,499,0,0.0,0.0,0.022467649429081568,0.017787379620599144
P2,R02,training,10,500,0,0.0,0.0,0.022467649429081568,0.01774639106428876
P2,R02,training,10,501,0,0.0,0.0,0.022467649429081568,0.017705296239461286
P2,R02,training,10,502,0,0.0,0.0,0.022467649429081568,0.01766409632287604
P2,R02,training,10,503,0,0.0,0.0,0.022467649429081568,0.017622792492130713
P2,R02,training,10,504,0,0.0,0.0,0.022467649429081568,0.017581385925606072
P2,R02,training,10,505,0,0.0,0.0,0.022467649429081568,0.017539877802410776
P2,R02,training,10,506,0,0.0,0.0,0.022467649429081568,0.017498269302326255
P2,R02,training,10,507,0,0.0,0.0,0.022467649429081568,0.017456561605751666
P2,R02,training,10,508,0,0.0,0.0,0.022467649429081568,0.017414755893649003
P2,R02,training,10,509,0,0.0,0.0,0.022467649429081568,0.017372853347488216
P2,R02,training,10,510,0,0.0,0.0,0.022467649429081568,0.01733085514919254
P2,R02,training,10,511,0,0.0,0.0,0.022467649429081568,0.017288762481083818
P2,R02,training,10,512,0,0.0,0.0,0.02147901627691087,0.016487683728933458
P2,R02,training,10,513,0,0.0,0.0,0.02147901627691087,0.016447266010565193
P2,R02,training,10,514,0,0.0,0.0,0.02147901627691087,0.016406761371949654
P2,R02,training,10,515,0,0.0,0.0,0.02147901627691087,0.016366170944387883
P2,R02,training,10,516,0,0.0,0.0,0.02147901627691087,0.016325495859302555
P2,R02,training,10,517,0,0.0,0.0,0.02147901627691087,0.016284737248186416
P2,R02,training,10,518,0,0.0,0.0,0.02147901627691087,0.016243896242550904
P2,R02,training,10,519,0,0.0,0.0,0.02147901627691087,0.01620297397387481
P2,R02,training,10,520,0,0.0,0.0,0.02147901627691087,0.01616197157355315
P2,R02,training,10,521,0,0.0,0.0,0.02147901627691087,0.01612089017284612
P2,R02,training,10,522,0,0.0,0.0,0.02147901627691087,0.016079730902828215
P2,R02,training,10,523,0,0.0,0.0,0.02147901627691087,0.016038494894337455
P2,R02,training,10,524,0,0.0,0.0,0.02147901627691087,0.0159971832779248
P2,R02,training,10,525,0,0.0,0.0,0.02147901627691087,0.015955797183803664
P2,R02,training,10,526,0,0.0,0.0,0.02147901627691087,0.01591433774179962
P2,R02,training,10,527,0,0.0,0.0,0.02147901627691087,0.015872806081300216
P2,R02,training,10,528,0,0.0,0.0,0.020329569898747266,0.014983998827217225
P2,R02,training,10,529,0,0.0,0.0,0.020329569898747266,0.014944556224868974
P2,R02,training,10,530,0,0.0,0.0,0.020329569898747266,0.014905048472673054
P2,R02,training,10,531,0,0.0,0.0,0.020329569898747266,0.014865476637447889
P2,R02,training,10,532,0,0.0,0.0,0.020329569898747266,0.014825841785362177
P2,R02,training,10,533,0,0.0,0.0,0.020329569898747266,0.014786144981888351
P2,R02,training,10,534,0,0.0,0.0,0.020329569898747266,0.014746387291756166
P2,R02,training,10,535,0,0.0,0.0,0.020329569898747266,0.014706569778906484
P2,R02,training,10,536,0,0.0,0.0,0.020329569898747266,0.014666693506445201
P2,R02,training,10,537,0,0.0,0.0,0.020329569898747266,0.014626759536597377
P2,R02,training,10,538,0,0.0,0.0,0.020329569898747266,0.014586768930661501
P2,R02,training,10,539,0,0.0,0.0,0.020329569898747266,0.014546722748963969
P2,R02,training,10,540,0,0.0,0.0,0.020329569898747266,0.014506622050813718
P2,R02,training,10,541,0,0.0,0.0,0.020329569898747266,0.014466467894457052
P2,R02,training,10,542,0,0.0,0.0,0.020329569898747266,0.014426261337032644
P2,R02,training,10,543,0,0.0,0.0,0.020329569898747266,0.014386003434526735
P2,R02,training,10,544,0,0.0,0.0,0.019050178496572718,0.013442884250551842
P2,R02,training,10,545,0,0.0,0.0,0.019050178496572718,0.01340506661642176
P2,R02,training,10,546,0,0.0,0.0,0.019050178496572718,0.013367203830180842
P2,R02,training,10,547,0,0.0,0.0,0.019050178496572718,0.013329296876623545
P2,R02,training,10,548,0,0.0,0.0,0.019050178496572718,0.013291346739257208
P2,R02,training,10,549,0,0.0,0.0,0.019050178496572718,0.013253354400261154
P2,R02,training,10,550,0,0.0,0.0,0.019050178496572718,0.013215320840446007
P2,R02,training,10,551,0,0.0,0.0,0.019050178496572718,0.013177247039213188
P2,R02,training,10,552,0,0.0,0.0,0.019050178496572718,0.013139133974514607
P2,R02,training,10,553,0,0.0,0.0,0.019050178496572718,0.013100982622812563
P2,R02,training,10,554,0,0.0,0.0,0.019050178496572718,0.013062793959039832
P2,R02,training,10,555,0,0.0,0.0,0.019050178496572718,0.013024568956559969
P2,R02,training,10,556,0,0.0,0.0,0.019050178496572718,0.012986308587127796
P2,R02,training,10,557,0,0.0,0.0,0.019050178496572718,0.012948013820850124
P2,R02,training,10,558,0,0.0,0.0,0.019050178496572718,0.012909685626146652
P2,R02,training,10,559,0,0.0,0.0,0.019050178496572718,0.012871324969711108
P2,R02,training,10,560,0,0.0,0.0,0.0,0.0
P2,R02,training,10,561,0,0.0,0.0,0.0,0.0
P2,R02,training,10,562,0,0.0,0.0,0.0,0.0
P2,R02,training,10,563,0,0.0,0.0,0.0,0.0
P2,R02,training,10,564,0,0.0,0.0,0.0,0.0
P2,R02,training,10,565,0,0.0,0.0,0.0,0.0
P2,R02,training,10,566,0,0.0,0.0,0.0,0.0
P2,R02,training,10,567,0,0.0,0.0,0.0,0.0
P2,R02,training,10,568,0,0.0,0.0,0.0,0.0
P2,R02,training,10,569,0,0.0,0.0,0.0,0.0
P2,R02,training,10,570,0,0.0,0.0,0.0,0.0
P2,R02,training,10,571,0,0.0,0.0,0.0,0.0
P2,R02,training,10,572,0,0.0,0.0,0.0,0.0
P2,R02,training,10,573,0,0.0,0.0,0.0,0.0
P2,R02,training,10,574,0,0.0,0.0,0.0,0.0
P2,R02,training,10,575,0,0.0,0.0,0.0,0.0
P2,R02,training,10,576,0,0.0,0.0,0.0,0.0
P2,R02,training,10,577,0,0.0,0.0,0.0,0.0
P2,R02,training,10,578,0,0.0,0.0,0.0,0.0
P2,R02,training,10,579,0,0.0,0.0,0.0,0.0
P2,R02,training,10,580,0,0.0,0.0,0.0,0.0
P2,R02,training,10,581,0,0.0,0.0,0.0,0.0
P2,R02,training,10,582,0,0.0,0.0,0.0,0.0
P2,R02,training,10,583,0,0.0,0.0,0.0,0.0
P2,R02,training,10,584,0,0.0,0.0,0.0,0.0
P2,R02,training,10,585,0,0.0,0.0,0.0,0.0
P2,R02,training,10,586,0,0.0,0.0,0.0,0.0
P2,R02,training,10,587,0,0.0,0.0,0.0,0.0
P2,R02,training,10,588,0,0.0,0.0,0.0,0.0
P2,R02,training,10,589,0,0.0,0.0,0.0,0.0
P2,R02,training,10,590,0,0.0,0.0,0.0,0.0
P2,R02,training,10,591,0,0.0,0.0,0.0,0.0
P2,R02,training,10,592,0,0.0,0.0,0.0,0.0
P2,R02,training,10,593,0,0.0,0.0,0.0,0.0
P2,R02,training,10,594,0,0.0,0.0,0.0,0.0
P3,R02,training,10,0,0,0.0,0.0,0.02029485234207675,0.012350895983259808
P3,R02,training,10,1,0,0.0,0.0,0.02029485234207675,0.01239234084514984
P3,R02,training,10,2,0,0.0,0.0,0.02029485234207675,0.012433783821052685
P3,R02,training,10,3,0,0.0,0.0,0.02029485234207675,0.012475223963441128
P3,R02,training,10,4,0,0.0,0.0,0.02029485234207675,0.012516660321721126
P3,R02,training,10,5,0,0.0,0.0,0.02029485234207675,0.012558091942264754
P3,R02,training,10,6,0,0.0,0.0,0.02029485234207675,0.01259951786844345
P3,R02,training,10,7,0,0.0,0.0,0.02029485234207675,0.012640937140661534
P3,R02,training,10,8,0,0.0,0.0,0.02029485234207675,0.012682348796390006
P3,R02,training,10,9,0,0.0,0.0,0.02029485234207675,0.012723751870200618
P3,R02,training,10,10,0,0.0,0.0,0.02029485234207675,0.01276514539380023
P3,R02,training,10,11,0,0.0,0.0,0.02029485234207675,0.01280652839606544
P3,R02,training,10,12,0,0.0,0.0,0.02029485234207675,0.012847899903077482
P3,R02,training,10,13,0,0.0,0.0,0.02029485234207675,0.012889258938157398
P3,R02,training,10,14,0,0.0,0.0,0.02029485234207675,0.012930604521901484
P3,R02,training,10,15,0,0.0,0.0,0.02029485234207675,0.012971935672217
P3,R02,training,10,16,0,0.0,0.0,0.040463200436078484,0.025945387087538758
P3,R02,training,10,17,0,0.0,0.0,0.040463200436078484,0.026027728308952613
P3,R02,training,10,18,0,0.0,0.0,0.040463200436078484,0.02611003484783829
P3,R02,training,10,19,0,0.0,0.0,0.040463200436078484,0.026192304725409416
P3,R02,training,10,20,0,0.0,0.0,0.040463200436078484,0.02627453595788227
P3,R02,training,10,21,0,0.0,0.0,0.040463200436078484,0.026356726556550122
P3,R02,training,10,22,0,0.0,0.0,0.040463200436078484,0.02643887452785809
P3,R02,training,10,23,0,0.0,0.0,0.040463200436078484,0.02652097787347855
P3,R02,training,10,24,0,0.0,0.0,0.040463200436078484,0.02660303459038698
P3,R02,training,10,25,0,0.0,0.0,0.040463200436078484,0.02668504267093836
P3,R02,training,10,26,0,0.0,0.0,0.040463200436078484,0.026767000102944083
P3,R02,training,10,27,0,0.0,0.0,0.040463200436078484,0.026848904869749283
P3,R02,training,10,28,0,0.0,0.0,0.040463200436078484,0.026930754950310744
P3,R02,training,10,29,0,0.0,0.0,0.040463200436078484,0.027012548319275253
P3,R02,training,10,30,0,0.0,0.0,0.040463200436078484,0.027094282947058443
P3,R02,training,10,31,0,0.0,0.0,0.040463200436078484,0.027175956799924093
P3,R02,training,10,32,0,0.0,0.0,0.061757960100977984,0.04160253684766407
P3,R02,training,10,33,0,0.0,0.0,0.061757960100977984,0.04172699872965235
P3,R02,training,10,34,0,0.0,0.0,0.061757960100977984,0.04185135850350013
P3,R02,training,10,35,0,0.0,0.0,0.061757960100977984,0.04197561304104503
P3,R02,training,10,36,0,0.0,0.0,0.061757960100977984,0.042099759208403954
P3,R02,training,10,37,0,0.0,0.0,0.061757960100977984,0.04222379386609841
P3,R02,training,10,38,0,0.0,0.0,0.061757960100977984,0.042347713869180584
P3,R02,training,10,39,0,0.0,0.0,0.061757960100977984,0.04247151606736
P3,R02,training,10,40,0,0.0,0.0,0.061757960100977984,0.04259519730513093
P3,R02,training,10,41,0,0.0,0.0,0.061757960100977984,0.04271875442190043
P3,R02,training,10,42,0,0.0,0.0,0.061757960100977984,0.04284218425211709
P3,R02,training,10,43,0,0.0,0.0,0.061757960100977984,0.04296548362540037
P3,R02,training,10,44,0,0.0,0.0,0.061757960100977984,0.04308864936667063
P3,R02,training,10,45,0,0.0,0.0,0.061757960100977984,0.043211678296279796
P3,R02,training,10,46,0,0.0,0.0,0.061757960100977984,0.04333456723014266
P3,R02,training,10,47,0,0.0,0.0,0.061757960100977984,0.043457312979868795
P3,R02,training,10,48,0,0.0,0.0,0.08400234833747461,0.05927681179881677
P3,R02,training,10,49,0,0.0,0.0,0.08400234833747461,0.059443366372728214
P3,R02,training,10,50,0,0.0,0.0,0.08400234833747461,0.059609713145752946
P3,R02,training,10,51,0,0.0,0.0,0.08400234833747461,0.05977584775947264
P3,R02,training,10,52,0,0.0,0.0,0.08400234833747461,0.05994176585052276
P3,R02,training,10,53,0,0.0,0.0,0.08400234833747461,0.060107463050776896
P3,R02,training,10,54,0,0.0,0.0,0.08400234833747461,0.0602729349875319
P3,R02,training,10,55,0,0.0,0.0,0.08400234833747461,0.060438177283693766
P3,R02,training,10,56,0,0.0,0.0,0.08400234833747461,0.06060318555796433
P3,R02,training,10,57,0,0.0,0.0,0.08400234833747461,0.06076795542502871
P3,R02,training,10,58,0,0.0,0.0,0.08400234833747461,0.06093248249574343
P3,R02,training,10,59,0,0.0,0.0,0.08400234833747461,0.06109676237732533
P3,R02,training,10,60,0,0.0,0.0,0.08400234833747461,0.061260790673541184
P3,R02,training,10,61,0,0.0,0.0,0.08400234833747461,0.06142456298489802
P3,R02,training,10,62,0,0.0,0.0,0.08400234833747461,0.06158807490883411
P3,R02,training,10,63,0,0.0,0.0,0.08400234833747461,0.061751322039910746
P3,R02,training,10,64,0,0.0,0.0,0.10700613047485007,0.07886933867887727
P3,R02,training,10,65,0,0.0,0.0,0.10700613047485007,0.07907659906954931
P3,R02,training,10,66,0,0.0,0.0,0.10700613047485007,0.07928350529956198
P3,R02,training,10,67,0,0.0,0.0,0.10700613047485007,0.07949005174486022
P3,R02,training,10,68,0,0.0,0.0,0.10700613047485007,0.07969623277895772
P3,R02,training,10,69,0,0.0,0.0,0.10700613047485007,0.07990204277318598
P3,R02,training,10,70,0,0.0,0.0,0.10700613047485007,0.08010747609694428
P3,R02,training,10,71,0,0.0,0.0,0.10700613047485007,0.08031252711795031
P3,R02,training,10,72,0,0.0,0.0,0.10700613047485007,0.08051719020249164
P3,R02,training,10,73,0,0.0,0.0,0.10700613047485007,0.08072145971567776
P3,R02,training,10,74,0,0.0,0.0,0.10700613047485007,0.08092533002169304
P3,R02,training,10,75,0,0.0,0.0,0.10700613047485007,0.08112879548405016
P3,R02,training,10,76,0,0.0,0.0,0.10700613047485007,0.08133185046584444
P3,R02,training,10,77,0,0.0,0.0,0.10700613047485007,0.08153448933000859
P3,R02,training,10,78,0,0.0,0.0,0.10700613047485007,0.08173670643956839
P3,R02,training,10,79,0,0.0,0.0,0.10700613047485007,0.08193849615789874
P3,R02,training,10,80,0,0.0,0.0,0.13058932955962868,0.10024274558919799
P3,R02,training,10,81,0,0.0,0.0,0.13058932955962868,0.10048794416375623
P3,R02,training,10,82,0,0.0,0.0,0.13058932955962868,0.1007326005228936
P3,R02,training,10,83,0,0.0,0.0,0.13058932955962868,0.10097670779256845
P3,R02,training,10,84,0,0.0,0.0,0.13058932955962868,0.10122025910073937
P3,R02,training,10,85,0,0.0,0.0,0.13058932955962868,0.10146324757768184
P3,R02,training,10,86,0,0.0,0.0,0.13058932955962868,0.10170566635630592
P3,R02,training,10,87,0,0.0,0.0,0.13058932955962868,0.10194750857247413
P3,R02,training,10,88,0,0.0,0.0,0.13058932955962868,0.10218876736532033
P3,R02,training,10,89,0,0.0,0.0,0.13058932955962868,0.10242943587756888
P3,R02,training,10,90,0,0.0,0.0,0.13058932955962868,0.10266950725585446
P3,R02,training,10,91,0,0.0,0.0,0.13058932955962868,0.1029089746510425
P3,R02,training,10,92,0,0.0,0.0,0.13058932955962868,0.10314783121854988
P3,R02,training,10,93,0,0.0,0.0,0.13058932955962868,0.10338607011866652
P3,R02,training,10,94,0,0.0,0.0,0.13058932955962868,0.10362368451687697
P3,R02,training,10,95,0,0.0,0.0,0.13058932955962868,0.10386066758418287
P3,R02,training,10,96,0,0.0,0.33310678053697906,0.15458613902283097,0.12322565174393223
P3,R02,training,10,97,0,0.0,0.33310678053697906,0.15458613902283097,0.123504663391767
P3,R02,training,10,98,0,0.0,0.33310678053697906,0.15458613902283097,0.12378290348807831
P3,R02,training,10,99,0,0.0,0.33310678053697906,0.15458613902283097,0.12406036397893398
P3,R02,training,10,100,0,0.0,0.33310678053697906,0.15458613902283097,0.12433703681884728
P3,R02,training,10,101,0,0.0,0.33310678053697906,0.15458613902283097,0.12461291397116105
P3,R02,training,10,102,0,0.0,0.33310678053697906,0.15458613902283097,0.12488798740843227
P3,R02,training,10,103,0,0.0,0.33310678053697906,0.15458613902283097,0.1251622491128169
P3,R02,training,10,104,0,0.0,0.33310678053697906,0.15458613902283097,0.12543569107645508
P3,R02,training,10,105,0,0.0,0.33310678053697906,0.15458613902283097,0.12570830530185662
P3,R02,training,10,106,0,0.0,0.33310678053697906,0.15458613902283097,0.12598008380228654
P3,R02,training,10,107,0,0.0,0.33310678053697906,0.15458613902283097,0.1262510186021512
P3,R02,training,10,108,0,0.0,0.33310678053697906,0.15458613902283097,0.12652110173738443
P3,R02,training,10,109,0,0.0,0.33310678053697906,0.15458613902283097,0.12679032525583367
P3,R02,training,10,110,0,0.0,0.33310678053697906,0.15458613902283097,0.1270586812176466
P3,R02,training,10,111,0,0.0,0.33310678053697906,0.15458613902283097,0.12732616169565775
P3,R02,training,10,112,0,0.0,0.0,0.1786444890120026,0.14745010993361848
P3,R02,training,10,113,0,0.0,0.0,0.1786444890120026,0.14775716769364833
P3,R02,training,10,114,0,0.0,0.0,0.1786444890120026,0.14806318632752324
P3,R02,training,10,115,0,0.0,0.0,0.1786444890120026,0.1483681567374819
P3,R02,training,10,116,0,0.0,0.0,0.1786444890120026,0.1486720698426593
P3,R02,training,10,117,0,0.0,0.0,0.1786444890120026,0.14897491657953363
P3,R02,training,10,118,0,0.0,0.0,0.1786444890120026,0.14927668790237328
P3,R02,training,10,119,0,0.0,0.0,0.1786444890120026,0.14957737478368371
P3,R02,training,10,120,0,0.0,0.0,0.1786444890120026,0.1498769682146541
P3,R02,training,10,121,0,0.0,0.0,0.1786444890120026,0.150175459205604
P3,R02,training,10,122,0,0.0,0.0,0.1786444890120026,0.15047283878642959
P3,R02,training,10,123,0,0.0,0.0,0.1786444890120026,0.15076909800704996
P3,R02,training,10,124,0,0.0,0.0,0.1786444890120026,0.15106422793785299
P3,R02,training,10,125,0,0.0,0.0,0.1786444890120026,0.15135821967014082
P3,R02,training,10,126,0,0.0,0.0,0.1786444890120026,0.15165106431657546
P3,R02,training,10,127,0,0.0,0.0,0.1786444890120026,0.15194275301162347
P3,R02,training,10,128,0,0.0,0.3331631610923283,0.20262426031342431,0.17266782367582786
P3,R02,training,10,129,0,0.0,0.3331631610923283,0.20262426031342431,0.17299601397051484
P3,R02,training,10,130,0,0.0,0.3331631610923283,0.20262426031342431,0.17332286313509992
P3,R02,training,10,131,0,0.0,0.3331631610923283,0.20262426031342431,0.1736483612179774
P3,R02,training,10,132,0,0.0,0.3331631610923283,0.20262426031342431,0.17397249829478947
P3,R02,training,10,133,0,0.0,0.3331631610923283,0.20262426031342431,0.174295264468928
P3,R02,training,10,134,0,0.0,0.3331631610923283,0.20262426031342431,0.1746166498720355
P3,R02,training,10,135,0,0.0,0.3331631610923283,0.20262426031342431,0.17493664466450531
P3,R02,training,10,136,0,0.0,0.3331631610923283,0.20262426031342431,0.17525523903598136
P3,R02,training,10,137,0,0.0,0.3331631610923283,0.20262426031342431,0.17557242320585703
P3,R02,training,10,138,0,0.0,0.3331631610923283,0.20262426031342431,0.17588818742377316
P3,R02,training,10,139,0,0.0,0.3331631610923283,0.20262426031342431,0.1762025219701154
P3,R02,training,10,140,0,0.0,0.3331631610923283,0.20262426031342431,0.17651541715651073
P3,R02,training,10,141,0,0.0,0.3331631610923283,0.20262426031342431,0.17682686332632283
P3,R02,training,10,142,0,0.0,0.3331631610923283,0.20262426031342431,0.17713685085514683
P3,R02,training,10,143,0,0.0,0.3331631610923283,0.20262426031342431,0.1774453701513031
P3,R02,training,10,144,0,0.0,0.3333300408568378,0.24523956024237753,0.21513674225974355
P3,R02,training,10,145,0,0.0,0.3333300408568378,0.24523956024237753,0.21550655964913273
P3,R02,training,10,146,0,0.0,0.3333300408568378,0.24523956024237753,0.21587456542844546
P3,R02,training,10,147,0,0.0,0.3333300408568378,0.24523956024237753,0.21624074815309174
P3,R02,training,10,148,0,0.0,0.3333300408568378,0.24523956024237753,0.21660509642105807
P3,R02,training,10,149,0,0.0,0.3333300408568378,0.24523956024237753,0.21696759887349726
P3,R02,training,10,150,0,0.0,0.3333300408568378,0.24523956024237753,0.21732824419531666
P3,R02,training,10,151,0,0.0,0.3333300408568378,0.24523956024237753,0.21768702111576482
P3,R02,training,10,152,0,0.0,0.3333300408568378,0.24523956024237753,0.21804391840901688
P3,R02,training,10,153,0,0.0,0.3333300408568378,0.24523956024237753,0.21839892489475798
P3,R02,training,10,154,0,0.0,0.3333300408568378,0.24523956024237753,0.21875202943876554
P3,R02,training,10,155,0,0.0,0.3333300408568378,0.24523956024237753,0.21910322095348936
P3,R02,training,10,156,0,0.0,0.3333300408568378,0.24523956024237753,0.2194524883986305
P3,R02,training,10,157,0,0.0,0.3333300408568378,0.24523956024237753,0.21979982078171795
P3,R02,training,10,158,0,0.0,0.3333300408568378,0.24523956024237753,0.22014520715868394
P3,R02,training,10,159,0,0.0,0.3333300408568378,0.24523956024237753,0.22048863663443705
P3,R02,training,10,160,0,0.0,0.333143174158315,0.26957525158455214,0.24274358209143929
P3,R02,training,10,161,0,0.0,0.333143174158315,0.26957525158455214,0.24311675298362193
P3,R02,training,10,162,0,0.0,0.333143174158315,0.26957525158455214,0.24348773718731714
P3,R02,training,10,163,0,0.0,0.333143174158315,0.26957525158455214,0.24385652294789403
P3,R02,training,10,164,0,0.0,0.333143174158315,0.26957525158455214,0.24422309856767707
P3,R02,training,10,165,0,0.0,0.333143174158315,0.26957525158455214,0.24458745240656327
P3,R02,training,10,166,0,0.0,0.333143174158315,0.26957525158455214,0.24494957288263708
P3,R02,training,10,167,0,0.0,0.333143174158315,0.26957525158455214,0.2453094484727826
P3,R02,training,10,168,0,0.0,0.333143174158315,0.26957525158455214,0.24566706771329386
P3,R02,training,10,169,0,0.0,0.333143174158315,0.26957525158455214,0.2460224192004819
P3,R02,training,10,170,0,0.0,0.333143174158315,0.26957525158455214,0.24637549159128017
P3,R02,training,10,171,0,0.0,0.333143174158315,0.26957525158455214,0.2467262736038466
P3,R02,training,10,172,0,0.0,0.333143174158315,0.26957525158455214,0.24707475401816376
P3,R02,training,10,173,0,0.0,0.333143174158315,0.26957525158455214,0.24742092167663574
P3,R02,training,10,174,0,0.0,0.333143174158315,0.26957525158455214,0.24776476548468288
P3,R02,training,10,175,0,0.0,0.333143174158315,0.26957525158455214,0.24810627441133323
P3,R02,training,10,176,0,0.0,0.332851070316646,0.29296993160865065,0.2700063985919785
P3,R02,training,10,177,0,0.0,0.332851070316646,0.29296993160865065,0.2703724341475117
P3,R02,training,10,178,0,0.0,0.332851070316646,0.29296993160865065,0.27073589664882064
P3,R02,training,10,179,0,0.0,0.332851070316646,0.29296993160865065,0.271096774390509
P3,R02,training,10,180,0,0.0,0.332851070316646,0.29296993160865065,0.2714550557394776
P3,R02,training,10,181,0,0.0,0.332851070316646,0.29296993160865065,0.27181072913554855
P3,R02,training,10,182,0,0.0,0.332851070316646,0.29296993160865065,0.2721637830920864
P3,R02,training,10,183,0,0.0,0.332851070316646,0.29296993160865065,0.2725142061966156
P3,R02,training,10,184,0,0.0,0.332851070316646,0.29296993160865065,0.2728619871114346
P3,R02,training,10,185,0,0.0,0.332851070316646,0.29296993160865065,0.27320711457422675
P3,R02,training,10,186,0,0.0,0.332851070316646,0.29296993160865065,0.2735495773986673
P3,R02,training,10,187,0,0.0,0.332851070316646,0.29296993160865065,0.2738893644750274
P3,R02,training,10,188,0,0.0,0.332851070316646,0.29296993160865065,0.2742264647707739
P3,R02,training,10,189,0,0.0,0.332851070316646,0.29296993160865065,0.2745608673311662
P3,R02,training,10,190,0,0.0,0.332851070316646,0.29296993160865065,0.2748925612798487
P3,R02,training,10,191,0,0.0,0.332851070316646,0.29296993160865065,0.27522153581944
P3,R02,training,10,192,0,0.0,0.3330212374827012,0.31523861089554145,0.29649219972428753
P3,R02,training,10,193,0,0.0,0.3330212374827012,0.31523861089554145,0.29684029292307396
P3,R02,training,10,194,0,0.0,0.3330212374827012,0.31523861089554145,0.2971854256720267
P3,R02,training,10,195,0,0.0,0.3330212374827012,0.31523861089554145,0.2975275866992196
P3,R02,training,10,196,0,0.0,0.3330212374827012,0.31523861089554145,0.297866764820811
P3,R02,training,10,197,0,0.0,0.3330212374827012,0.31523861089554145,0.29820294894165283
P3,R02,training,10,198,0,0.0,0.3330212374827012,0.31523861089554145,0.2985361280558954
P3,R02,training,10,199,0,0.0,0.3330212374827012,0.31523861089554145,0.2988662912475869
P3,R02,training,10,200,0,0.0,0.3330212374827012,0.31523861089554145,0.2991934276912696
P3,R02,training,10,201,0,0.0,0.3330212374827012,0.31523861089554145,0.2995175266525711
P3,R02,training,10,202,0,0.0,0.3330212374827012,0.31523861089554145,0.2998385774887906
P3,R02,training,10,203,0,0.0,0.3330212374827012,0.31523861089554145,0.3001565696494818
P3,R02,training,10,204,0,0.0,0.3330212374827012,0.31523861089554145,0.3004714926770297
P3,R02,training,10,205,0,0.0,0.3330212374827012,0.31523861089554145,0.30078333620722436
P3,R02,training,10,206,0,0.0,0.3330212374827012,0.31523861089554145,0.3010920899698281
P3,R02,training,10,207,0,0.0,0.3330212374827012,0.31523861089554145,0.30139774378913997
P3,R02,training,10,208,0,1.0,0.3341553054745114,0.3362731852346115,0.32183150536047217
P3,R02,training,10,209,0,1.0,0.3341553054745114,0.3362731852346115,0.32215090846326816
P3,R02,training,10,210,0,1.0,0.3341553054745114,0.3362731852346115,0.3224669728232709
P3,R02,training,10,211,0,1.0,0.3341553054745114,0.3362731852346115,0.3227796879950824
P3,R02,training,10,212,0,1.0,0.3341553054745114,0.3362731852346115,0.3230890436370767
P3,R02,training,10,213,0,1.0,0.3341553054745114,0.3362731852346115,0.32339502951197024
P3,R02,training,10,214,0,1.0,0.3341553054745114,0.3362731852346115,0.32369763548738606
P3,R02,training,10,215,0,1.0,0.3341553054745114,0.3362731852346115,0.3239968515364129
P3,R02,training,10,216,0,1.0,0.3341553054745114,0.3362731852346115,0.3242926677381587
P3,R02,training,10,217,0,1.0,0.3341553054745114,0.3362731852346115,0.32458507427829886
P3,R02,training,10,218,0,1.0,0.3341553054745114,0.3362731852346115,0.32487406144961856
P3,R02,training,10,219,0,1.0,0.3341553054745114,0.3362731852346115,0.32515961965254997
P3,R02,training,10,220,0,1.0,0.3341553054745114,0.3362731852346115,0.3254417393957034
P3,R02,training,10,221,0,1.0,0.3341553054745114,0.3362731852346115,0.325720411296393
P3,R02,training,10,222,0,1.0,0.3341553054745114,0.3362731852346115,0.3259956260811569
P3,R02,training,10,223,0,1.0,0.3341553054745114,0.3362731852346115,0.32626737458627114
P3,R02,training,10,224,0,0.0,0.33310427860278224,0.3571665213257693,0.3468239708655478
P3,R02,training,10,225,0,0.0,0.33310427860278224,0.3571665213257693,0.3471052116336786
P3,R02,training,10,226,0,0.0,0.33310427860278224,0.3571665213257693,0.3473827422606171
P3,R02,training,10,227,0,0.0,0.33310427860278224,0.3571665213257693,0.3476565534848423
P3,R02,training,10,228,0,0.0,0.33310427860278224,0.3571665213257693,0.3479266361640273
P3,R02,training,10,229,0,0.0,0.33310427860278224,0.3571665213257693,0.348192981275548
P3,R02,training,10,230,0,0.0,0.33310427860278224,0.3571665213257693,0.3484555799169855
P3,R02,training,10,231,0,0.0,0.33310427860278224,0.3571665213257693,0.3487144233066221
P3,R02,training,10,232,0,0.0,0.33310427860278224,0.3571665213257693,0.3489695027839303
P3,R02,training,10,233,0,0.0,0.33310427860278224,0.3571665213257693,0.34922080981005615
P3,R02,training,10,234,0,0.0,0.33310427860278224,0.3571665213257693,0.34946833596829535
P3,R02,training,10,235,0,0.0,0.33310427860278224,0.3571665213257693,0.3497120729645629
P3,R02,training,10,236,0,0.0,0.33310427860278224,0.3571665213257693,0.3499520126278567
P3,R02,training,10,237,0,0.0,0.33310427860278224,0.3571665213257693,0.35018814691071337
P3,R02,training,10,238,0,0.0,0.33310427860278224,0.3571665213257693,0.35042046788965875
P3,R02,training,10,239,0,0.0,0.33310427860278224,0.3571665213257693,0.3506489677656507
P3,R02,training,10,240,0,1.0,0.3337950816491759,0.3968798290565739,0.38988724166001415
P3,R02,training,10,241,0,1.0,0.3337950816491759,0.3968798290565739,0.39013263102791323
P3,R02,training,10,242,0,1.0,0.3337950816491759,0.3968798290565739,0.3903737492605909
P3,R02,training,10,243,0,1.0,0.3337950816491759,0.3968798290565739,0.39061058824967343
P3,R02,training,10,244,0,1.0,0.3337950816491759,0.3968798290565739,0.3908431400274028
P3,R02,training,10,245,0,1.0,0.3337950816491759,0.3968798290565739,0.39107139676708386
P3,R02,training,10,246,0,1.0,0.3337950816491759,0.3968798290565739,0.391295350783523
P3,R02,training,10,247,0,1.0,0.3337950816491759,0.3968798290565739,0.39151499453345967
P3,R02,training,10,248,0,1.0,0.3337950816491759,0.3968798290565739,0.39173032061598945
P3,R02,training,10,249,0,1.0,0.3337950816491759,0.3968798290565739,0.39194132177298
P3,R02,training,10,250,0,1.0,0.3337950816491759,0.3968798290565739,0.3921479908894787
P3,R02,training,10,251,0,1.0,0.3337950816491759,0.3968798290565739,0.3923503209941124
P3,R02,training,10,252,0,1.0,0.3337950816491759,0.3968798290565739,0.3925483052594793
P3,R02,training,10,253,0,1.0,0.3337950816491759,0.3968798290565739,0.39274193700253335
P3,R02,training,10,254,0,1.0,0.3337950816491759,0.3968798290565739,0.39293120968495954
P3,R02,training,10,255,0,1.0,0.3337950816491759,0.3968798290565739,0.3931161169135424
P3,R02,training,10,256,0,0.0,0.6662894440782194,0.41848193015366114,0.41470372184831644
P3,R02,training,10,257,0,0.0,0.6662894440782194,0.41848193015366114,0.4148894678064601
P3,R02,training,10,258,0,0.0,0.6662894440782194,0.41848193015366114,0.41507059139799896
P3,R02,training,10,259,0,0.0,0.6662894440782194,0.41848193015366114,0.41524708649743397
P3,R02,training,10,260,0,0.0,0.6662894440782194,0.41848193015366114,0.415418947134075
P3,R02,training,10,261,0,0.0,0.6662894440782194,0.41848193015366114,0.41558616749237776
P3,R02,training,10,262,0,0.0,0.6662894440782194,0.41848193015366114,0.4157487419122716
P3,R02,training,10,263,0,0.0,0.6662894440782194,0.41848193015366114,0.4159066648894792
P3,R02,training,10,264,0,0.0,0.6662894440782194,0.41848193015366114,0.4160599310758263
P3,R02,training,10,265,0,0.0,0.6662894440782194,0.41848193015366114,0.4162085352795447
P3,R02,training,10,266,0,0.0,0.6662894440782194,0.41848193015366114,0.41635247246556445
P3,R02,training,10,267,0,0.0,0.6662894440782194,0.41848193015366114,0.4164917377557986
P3,R02,training,10,268,0,0.0,0.6662894440782194,0.41848193015366114,0.4166263264294188
P3,R02,training,10,269,0,0.0,0.6662894440782194,0.41848193015366114,0.41675623392312167
P3,R02,training,10,270,0,0.0,0.6662894440782194,0.41848193015366114,0.41688145583138697
P3,R02,training,10,271,0,0.0,0.6662894440782194,0.41848193015366114,0.4170019879067264
P3,R02,training,10,272,0,1.0,0.3337472625981386,0.4218020317859877,0.42042710532716865
P3,R02,training,10,273,0,1.0,0.3337472625981386,0.4218020317859877,0.42053912737906646
P3,R02,training,10,274,0,1.0,0.3337472625981386,0.4218020317859877,0.4206464105049367
P3,R02,training,10,275,0,1.0,0.3337472625981386,0.4218020317859877,0.4207489510630665
P3,R02,training,10,276,0,1.0,0.3337472625981386,0.4218020317859877,0.4208467455721493
P3,R02,training,10,277,0,1.0,0.3337472625981386,0.4218020317859877,0.42093979071148135
P3,R02,training,10,278,0,1.0,0.3337472625981386,0.4218020317859877,0.42102808332114994
P3,R02,training,10,279,0,1.0,0.3337472625981386,0.4218020317859877,0.42111162040221206
P3,R02,training,10,280,0,1.0,0.3337472625981386,0.4218020317859877,0.4211903991168644
P3,R02,training,10,281,0,1.0,0.3337472625981386,0.4218020317859877,0.4212644167886039
P3,R02,training,10,282,0,1.0,0.3337472625981386,0.4218020317859877,0.4213336709023792
P3,R02,training,10,283,0,1.0,0.3337472625981386,0.4218020317859877,0.42139815910473316
P3,R02,training,10,284,0,1.0,0.3337472625981386,0.4218020317859877,0.42145787920393635
P3,R02,training,10,285,0,1.0,0.3337472625981386,0.4218020317859877,0.42151282917011085
P3,R02,training,10,286,0,1.0,0.3337472625981386,0.4218020317859877,0.42156300713534545
P3,R02,training,10,287,0,1.0,0.3337472625981386,0.4218020317859877,0.42160841139380145
P3,R02,training,10,288,0,0.0,0.3331045812101375,0.42438212712169054,0.4242281999137678
P3,R02,training,10,289,0,0.0,0.3331045812101375,0.42438212712169054,0.42426427159314556
P3,R02,training,10,290,0,0.0,0.3331045812101375,0.42438212712169054,0.4242955361962367
P3,R02,training,10,291,0,0.0,0.3331045812101375,0.42438212712169054,0.42432199265990367
P3,R02,training,10,292,0,0.0,0.3331045812101375,0.42438212712169054,0.4243436400844665
P3,R02,training,10,293,0,0.0,0.3331045812101375,0.42438212712169054,0.4243604777337538
P3,R02,training,10,294,0,0.0,0.3331045812101375,0.42438212712169054,0.42437250503514473
P3,R02,training,10,295,0,0.0,0.3331045812101375,0.42438212712169054,0.424379721579601
P3,R02,training,10,296,0,0.0,0.3331045812101375,0.42438212712169054,0.42438212712169054
P3,R02,training,10,297,0,0.0,0.3331045812101375,0.42438212712169054,0.424379721579601
P3,R02,training,10,298,0,0.0,0.3331045812101375,0.42438212712169054,0.42437250503514473
P3,R02,training,10,299,0,0.0,0.3331045812101375,0.42438212712169054,0.4243604777337538
P3,R02,training,10,300,0,0.0,0.3331045812101375,0.42438212712169054,0.4243436400844665
P3,R02,training,10,301,0,0.0,0.3331045812101375,0.42438212712169054,0.42432199265990367
P3,R02,training,10,302,0,0.0,0.3331045812101375,0.42438212712169054,0.4242955361962367
P3,R02,training,10,303,0,0.0,0.3331045812101375,0.42438212712169054,0.42426427159314556
P3,R02,training,10,304,0,0.0,0.33302343994782857,0.4262209426565493,0.4260663484937218
P3,R02,training,10,305,0,0.0,0.33302343994782857,0.4262209426565493,0.42602529384536236
P3,R02,training,10,306,0,0.0,0.33302343994782857,0.4262209426565493,0.4259794139197542
P3,R02,training,10,307,0,0.0,0.33302343994782857,0.4262209426565493,0.42592871027673873
P3,R02,training,10,308,0,0.0,0.33302343994782857,0.4262209426565493,0.4258731846400255
P3,R02,training,10,309,0,0.0,0.33302343994782857,0.4262209426565493,0.42581283889709454
P3,R02,training,10,310,0,0.0,0.33302343994782857,0.4262209426565493,0.42574767509908923
P3,R02,training,10,311,0,0.0,0.33302343994782857,0.4262209426565493,0.4256776954607001
P3,R02,training,10,312,0,0.0,0.33302343994782857,0.4262209426565493,0.42560290236003995
P3,R02,training,10,313,0,0.0,0.33302343994782857,0.4262209426565493,0.42552329833850827
P3,R02,training,10,314,0,0.0,0.33302343994782857,0.4262209426565493,0.42543888610064795
P3,R02,training,10,315,0,0.0,0.33302343994782857,0.4262209426565493,0.425349668513992
P3,R02,training,10,316,0,0.0,0.33302343994782857,0.4262209426565493,0.4252556486089009
P3,R02,training,10,317,0,0.0,0.33302343994782857,0.4262209426565493,0.42515682957839174
P3,R02,training,10,318,0,0.0,0.33302343994782857,0.4262209426565493,0.4250532147779566
P3,R02,training,10,319,0,0.0,0.33302343994782857,0.4262209426565493,0.42494480772537335
P3,R02,training,10,320,0,1.0,0.33429142975080534,0.42720678381620447,0.4258142397642737
P3,R02,training,10,321,0,1.0,0.33429142975080534,0.42720678381620447,0.42569598652248486
P3,R02,training,10,322,0,1.0,0.33429142975080534,0.42720678381620447,0.4255729414958249
P3,R02,training,10,323,0,1.0,0.33429142975080534,0.42720678381620447,0.4254451088587653
P3,R02,training,10,324,0,1.0,0.33429142975080534,0.42720678381620447,0.4253124929473494
P3,R02,training,10,325,0,1.0,0.33429142975080534,0.42720678381620447,0.4251750982589473
P3,R02,training,10,326,0,1.0,0.33429142975080534,0.42720678381620447,0.4250329294520019
P3,R02,training,10,327,0,1.0,0.33429142975080534,0.42720678381620447,0.42488599134576516
P3,R02,training,10,328,0,1.0,0.33429142975080534,0.42720678381620447,0.4247342889200265
P3,R02,training,10,329,0,1.0,0.33429142975080534,0.42720678381620447,0.42457782731483107
P3,R02,training,10,330,0,1.0,0.33429142975080534,0.42720678381620447,0.42441661183018936
P3,R02,training,10,331,0,1.0,0.33429142975080534,0.42720678381620447,0.4242506479257786
P3,R02,training,10,332,0,1.0,0.33429142975080534,0.42720678381620447,0.4240799412206339
P3,R02,training,10,333,0,1.0,0.33429142975080534,0.42720678381620447,0.4239044974928317
P3,R02,training,10,334,0,1.0,0.33429142975080534,0.42720678381620447,0.4237243226791635
P3,R02,training,10,335,0,1.0,0.33429142975080534,0.42720678381620447,0.4235394228748012
P3,R02,training,10,336,0,0.0,0.6662937482988085,0.4272596871409868,0.42340223002712213
P3,R02,training,10,337,0,0.0,0.6662937482988085,0.4272596871409868,0.42320787509364
P3,R02,training,10,338,0,0.0,0.6662937482988085,0.4272596871409868,0.42300881381904154
P3,R02,training,10,339,0,0.0,0.6662937482988085,0.4272596871409868,0.4228050529293284
P3,R02,training,10,340,0,0.0,0.6662937482988085,0.4272596871409868,0.42259659930709603
P3,R02,training,10,341,0,0.0,0.6662937482988085,0.4272596871409868,0.42238345999114585
P3,R02,training,10,342,0,0.0,0.6662937482988085,0.4272596871409868,0.4221656421760897
P3,R02,training,10,343,0,0.0,0.6662937482988085,0.4272596871409868,0.4219431532119444
P3,R02,training,10,344,0,0.0,0.6662937482988085,0.4272596871409868,0.4217160006037192
P3,R02,training,10,345,0,0.0,0.6662937482988085,0.4272596871409868,0.4214841920109932
P3,R02,training,10,346,0,0.0,0.6662937482988085,0.4272596871409868,0.42124773524748493
P3,R02,training,10,347,0,0.0,0.6662937482988085,0.4272596871409868,0.42100663828061413
P3,R02,training,10,348,0,0.0,0.6662937482988085,0.4272596871409868,0.42076090923105325
P3,R02,training,10,349,0,0.0,0.6662937482988085,0.4272596871409868,0.42051055637227247
P3,R02,training,10,350,0,0.0,0.6662937482988085,0.4272596871409868,0.420255588130075
P3,R02,training,10,351,0,0.0,0.6662937482988085,0.4272596871409868,0.41999601308212475
P3,R02,training,10,352,0,1.0,0.6668570003514311,0.426434792352205,0.4189214789103381
P3,R02,training,10,353,0,1.0,0.6668570003514311,0.426434792352205,0.4186532354785736
P3,R02,training,10,354,0,1.0,0.6668570003514311,0.426434792352205,0.4183804207231216
P3,R02,training,10,355,0,1.0,0.6668570003514311,0.426434792352205,0.41810304380647245
P3,R02,training,10,356,0,1.0,0.6668570003514311,0.426434792352205,0.4178211140402014
P3,R02,training,10,357,0,1.0,0.6668570003514311,0.426434792352205,0.4175346408844478
P3,R02,training,10,358,0,1.0,0.6668570003514311,0.426434792352205,0.41724363394738634
P3,R02,training,10,359,0,1.0,0.6668570003514311,0.426434792352205,0.41694810298468954
P3,R02,training,10,360,0,1.0,0.6668570003514311,0.426434792352205,0.4166480578989832
P3,R02,training,10,361,0,1.0,0.6668570003514311,0.426434792352205,0.416343508739293
P3,R02,training,10,362,0,1.0,0.6668570003514311,0.426434792352205,0.4160344657004838
P3,R02,training,10,363,0,1.0,0.6668570003514311,0.426434792352205,0.41572093912269115
P3,R02,training,10,364,0,1.0,0.6668570003514311,0.426434792352205,0.41540293949074425
P3,R02,training,10,365,0,1.0,0.6668570003514311,0.426434792352205,0.415080477433582
P3,R02,training,10,366,0,1.0,0.6668570003514311,0.426434792352205,0.414753563723661
P3,R02,training,10,367,0,1.0,0.6668570003514311,0.426434792352205,0.4144222092763556
P3,R02,training,10,368,0,1.0,0.6668642458735907,0.4057392564693231,0.3939901745056772
P3,R02,training,10,369,0,1.0,0.6668642458735907,0.4057392564693231,0.39366648245376173
P3,R02,training,10,370,0,1.0,0.6668642458735907,0.4057392564693231,0.39333859714725183
P3,R02,training,10,371,0,1.0,0.6668642458735907,0.4057392564693231,0.3930065295098589
P3,R02,training,10,372,0,1.0,0.6668642458735907,0.4057392564693231,0.392670290598315
P3,R02,training,10,373,0,1.0,0.6668642458735907,0.4057392564693231,0.39232989160175946
P3,R02,training,10,374,0,1.0,0.6668642458735907,0.4057392564693231,0.3919853438411187
P3,R02,training,10,375,0,1.0,0.6668642458735907,0.4057392564693231,0.3916366587684787
P3,R02,training,10,376,0,1.0,0.6668642458735907,0.4057392564693231,0.3912838479664504
P3,R02,training,10,377,0,1.0,0.6668642458735907,0.4057392564693231,0.39092692314752914
P3,R02,training,10,378,0,1.0,0.6668642458735907,0.4057392564693231,0.39056589615344656
P3,R02,training,10,379,0,1.0,0.6668642458735907,0.4057392564693231,0.39020077895451577
P3,R02,training,10,380,0,1.0,0.6668642458735907,0.4057392564693231,0.38983158364897036
P3,R02,training,10,381,0,1.0,0.6668642458735907,0.4057392564693231,0.3894583224622962
P3,R02,training,10,382,0,1.0,0.6668642458735907,0.4057392564693231,0.3890810077465572
P3,R02,training,10,383,0,1.0,0.6668642458735907,0.4057392564693231,0.3886996519797139
P3,R02,training,10,384,0,1.0,0.3337515303299228,0.3653489899807225,0.349658612670499
P3,R02,training,10,385,0,1.0,0.3337515303299228,0.3653489899807225,0.3493079764658622
P3,R02,training,10,386,0,1.0,0.3337515303299228,0.3653489899807225,0.3489537358674402
P3,R02,training,10,387,0,1.0,0.3337515303299228,0.3653489899807225,0.34859590255825396
P3,R02,training,10,388,0,1.0,0.3337515303299228,0.3653489899807225,0.3482344883315355
P3,R02,training,10,389,0,1.0,0.3337515303299228,0.3653489899807225,0.3478695050900808
P3,R02,training,10,390,0,1.0,0.3337515303299228,0.3653489899807225,0.34750096484559656
P3,R02,training,10,391,0,1.0,0.3337515303299228,0.3653489899807225,0.34712887971804174
P3,R02,training,10,392,0,1.0,0.3337515303299228,0.3653489899807225,0.3467532619349634
P3,R02,training,10,393,0,1.0,0.3337515303299228,0.3653489899807225,0.34637412383082755
P3,R02,training,10,394,0,1.0,0.3337515303299228,0.3653489899807225,0.34599147784634415
P3,R02,training,10,395,0,1.0,0.3337515303299228,0.3653489899807225,0.3456053365277874
P3,R02,training,10,396,0,1.0,0.3337515303299228,0.3653489899807225,0.3452157125263105
P3,R02,training,10,397,0,1.0,0.3337515303299228,0.3653489899807225,0.3448226185972549
P3,R02,training,10,398,0,1.0,0.3337515303299228,0.3653489899807225,0.344426067599455
P3,R02,training,10,399,0,1.0,0.3337515303299228,0.3653489899807225,0.3440260724945376
P3,R02,training,10,400,0,0.0,0.3331645728843334,0.34211853446192364,0.32177364492535854
P3,R02,training,10,401,0,0.0,0.3331645728843334,0.34211853446192364,0.3213926697866163
P3,R02,training,10,402,0,0.0,0.3331645728843334,0.34211853446192364,0.32100850651517654
P3,R02,training,10,403,0,0.0,0.3331645728843334,0.34211853446192364,0.32062116762688164
P3,R02,training,10,404,0,0.0,0.3331645728843334,0.34211853446192364,0.32023066573048037
P3,R02,training,10,405,0,0.0,0.3331645728843334,0.34211853446192364,0.31983701352694455
P3,R02,training,10,406,0,0.0,0.3331645728843334,0.34211853446192364,0.3194402238087809
P3,R02,training,10,407,0,0.0,0.3331645728843334,0.34211853446192364,0.3190403094593391
P3,R02,training,10,408,0,0.0,0.3331645728843334,0.34211853446192364,0.3186372834521148
P3,R02,training,10,409,0,0.0,0.3331645728843334,0.34211853446192364,0.3182311588500493
P3,R02,training,10,410,0,0.0,0.3331645728843334,0.34211853446192364,0.3178219488048244
P3,R02,training,10,411,0,0.0,0.3331645728843334,0.34211853446192364,0.317409666556153
P3,R02,training,10,412,0,0.0,0.3331645728843334,0.34211853446192364,0.31699432543106637
P3,R02,training,10,413,0,0.0,0.3331645728843334,0.34211853446192364,0.3165759388431967
P3,R02,training,10,414,0,0.0,0.3331645728843334,0.34211853446192364,0.3161545202920558
P3,R02,training,10,415,0,0.0,0.3331645728843334,0.34211853446192364,0.31573008336231045
P3,R02,training,10,416,0,1.0,0.3337512676794774,0.31730810607849175,0.2924369012747016
P3,R02,training,10,417,0,1.0,0.3337512676794774,0.31730810607849175,0.29203768364084526
P3,R02,training,10,418,0,1.0,0.3337512676794774,0.31730810607849175,0.29163570478675027
P3,R02,training,10,419,0,1.0,0.3337512676794774,0.31730810607849175,0.29123097762104444
P3,R02,training,10,420,0,1.0,0.3337512676794774,0.31730810607849175,0.2908235151279197
P3,R02,training,10,421,0,1.0,0.3337512676794774,0.31730810607849175,0.29041333036643857
P3,R02,training,10,422,0,1.0,0.3337512676794774,0.31730810607849175,0.29000043646983786
P3,R02,training,10,423,0,1.0,0.3337512676794774,0.31730810607849175,0.2895848466448288
P3,R02,training,10,424,0,1.0,0.3337512676794774,0.31730810607849175,0.2891665741708942
P3,R02,training,10,425,0,1.0,0.3337512676794774,0.31730810607849175,0.2887456323995823
P3,R02,training,10,426,0,1.0,0.3337512676794774,0.31730810607849175,0.28832203475379786
P3,R02,training,10,427,0,1.0,0.3337512676794774,0.31730810607849175,0.28789579472708987
P3,R02,training,10,428,0,1.0,0.3337512676794774,0.31730810607849175,0.28746692588293654
P3,R02,training,10,429,0,1.0,0.3337512676794774,0.31730810607849175,0.28703544185402735
P3,R02,training,10,430,0,1.0,0.3337512676794774,0.31730810607849175,0.2866013563415423
P3,R02,training,10,431,0,1.0,0.3337512676794774,0.31730810607849175,0.28616468311442805
P3,R02,training,10,432,0,1.0,0.3336766124005324,0.2911410853560745,0.2621629008520338
P3,R02,training,10,433,0,1.0,0.3336766124005324,0.2911410853560745,0.26175752768022825
P3,R02,training,10,434,0,1.0,0.3336766124005324,0.2911410853560745,0.261349818458212
P3,R02,training,10,435,0,1.0,0.3336766124005324,0.2911410853560745,0.2609397860614906
P3,R02,training,10,436,0,1.0,0.3336766124005324,0.2911410853560745,0.2605274434243914
P3,R02,training,10,437,0,1.0,0.3336766124005324,0.2911410853560745,0.26011280353938493
P3,R02,training,10,438,0,1.0,0.3336766124005324,0.2911410853560745,0.25969587945640465
P3,R02,training,10,439,0,1.0,0.3336766124005324,0.2911410853560745,0.25927668428216394
P3,R02,training,10,440,0,1.0,0.3336766124005324,0.2911410853560745,0.25885523117947135
P3,R02,training,10,441,0,1.0,0.3336766124005324,0.2911410853560745,0.2584315333665437
P3,R02,training,10,442,0,1.0,0.3336766124005324,0.2911410853560745,0.25800560411631684
P3,R02,training,10,443,0,1.0,0.3336766124005324,0.2911410853560745,0.25757745675575516
P3,R02,training,10,444,0,1.0,0.3336766124005324,0.2911410853560745,0.2571471046651582
P3,R02,training,10,445,0,1.0,0.3336766124005324,0.2911410853560745,0.2567145612774662
P3,R02,training,10,446,0,1.0,0.3336766124005324,0.2911410853560745,0.2562798400775636
P3,R02,training,10,447,0,1.0,0.3336766124005324,0.2911410853560745,0.25584295460158035
P3,R02,training,10,448,0,1.0,0.3335802202881089,0.263838008923766,0.23145225700151045
P3,R02,training,10,449,0,1.0,0.3335802202881089,0.263838008923766,0.23105245680375594
P3,R02,training,10,450,0,1.0,0.3335802202881089,0.263838008923766,0.2306507323671731
P3,R02,training,10,451,0,1.0,0.3335802202881089,0.263838008923766,0.2302470961378804
P3,R02,training,10,452,0,1.0,0.3335802202881089,0.263838008923766,0.22984156060524946
P3,R02,training,10,453,0,1.0,0.3335802202881089,0.263838008923766,0.22943413830126339
P3,R02,training,10,454,0,1.0,0.3335802202881089,0.263838008923766,0.229024841799874
P3,R02,training,10,455,0,1.0,0.3335802202881089,0.263838008923766,0.22861368371635776
P3,R02,training,10,456,0,1.0,0.3335802202881089,0.263838008923766,0.22820067670667055
P3,R02,training,10,457,0,1.0,0.3335802202881089,0.263838008923766,0.22778583346680115
P3,R02,training,10,458,0,1.0,0.3335802202881089,0.263838008923766,0.22736916673212382
P3,R02,training,10,459,0,1.0,0.3335802202881089,0.263838008923766,0.2269506892767496
P3,R02,training,10,460,0,1.0,0.3335802202881089,0.263838008923766,0.22653041391287693
P3,R02,training,10,461,0,1.0,0.3335802202881089,0.263838008923766,0.22610835349014086
P3,R02,training,10,462,0,1.0,0.3335802202881089,0.263838008923766,0.22568452089496172
P3,R02,training,10,463,0,1.0,0.3335802202881089,0.263838008923766,0.22525892904989273
P3,R02,training,10,464,0,0.0,0.33241601309946694,0.21820599462763207,0.1859459185543362
P3,R02,training,10,465,0,0.0,0.33241601309946694,0.21820599462763207,0.18559105702462705
P3,R02,training,10,466,0,0.0,0.33241601309946694,0.21820599462763207,0.18523477275201056
P3,R02,training,10,467,0,0.0,0.33241601309946694,0.21820599462763207,0.18487707653815
P3,R02,training,10,468,0,0.0,0.33241601309946694,0.21820599462763207,0.1845179792118851
P3,R02,training,10,469,0,0.0,0.33241601309946694,0.21820599462763207,0.18415749162868889
P3,R02,training,10,470,0,0.0,0.33241601309946694,0.21820599462763207,0.18379562467012445
P3,R02,training,10,471,0,0.0,0.33241601309946694,0.21820599462763207,0.18343238924330063
P3,R02,training,10,472,0,0.0,0.33241601309946694,0.21820599462763207,0.18306779628032804
P3,R02,training,10,473,0,0.0,0.33241601309946694,0.21820599462763207,0.1827018567377743
P3,R02,training,10,474,0,0.0,0.33241601309946694,0.21820599462763207,0.182334581596119
P3,R02,training,10,475,0,0.0,0.33241601309946694,0.21820599462763207,0.18196598185920856
P3,R02,training,10,476,0,0.0,0.33241601309946694,0.21820599462763207,0.18159606855371077
P3,R02,training,10,477,0,0.0,0.33241601309946694,0.21820599462763207,0.18122485272856909
P3,R02,training,10,478,0,0.0,0.33241601309946694,0.21820599462763207,0.1808523454544569
P3,R02,training,10,479,0,0.0,0.33241601309946694,0.21820599462763207,0.18047855782323152
P3,R02,training,10,480,0,0.0,0.0,0.17356935855862293,0.14326118394201953
P3,R02,training,10,481,0,0.0,0.0,0.17356935855862293,0.142961848668611
P3,R02,training,10,482,0,0.0,0.0,0.17356935855862293,0.1426615215158092
P3,R02,training,10,483,0,0.0,0.0,0.17356935855862293,0.1423602113695588
P3,R02,training,10,484,0,0.0,0.0,0.17356935855862293,0.14205792713048335
P3,R02,training,10,485,0,0.0,0.0,0.17356935855862293,0.14175467771345115
P3,R02,training,10,486,0,0.0,0.0,0.17356935855862293,0.1414504720471412
P3,R02,training,10,487,0,0.0,0.0,0.17356935855862293,0.14114531907360922
P3,R02,training,10,488,0,0.0,0.0,0.17356935855862293,0.14083922774785387
P3,R02,training,10,489,0,0.0,0.0,0.17356935855862293,0.1405322070373833
P3,R02,training,10,490,0,0.0,0.0,0.17356935855862293,0.14022426592178172
P3,R02,training,10,491,0,0.0,0.0,0.17356935855862293,0.13991541339227626
P3,R02,training,10,492,0,0.0,0.0,0.17356935855862293,0.13960565845130443
P3,R02,training,10,493,0,0.0,0.0,0.17356935855862293,0.1392950101120814
P3,R02,training,10,494,0,0.0,0.0,0.17356935855862293,0.13898347739816796
P3,R02,training,10,495,0,0.0,0.0,0.17356935855862293,0.13867106934303886
P3,R02,training,10,496,0,0.0,0.0,0.13033236120798905,0.10389217464580108
P3,R02,training,10,497,0,0.0,0.0,0.13033236120798905,0.10365629480243034
P3,R02,training,10,498,0,0.0,0.0,0.13033236120798905,0.10341977806072988
P3,R02,training,10,499,0,0.0,0.0,0.13033236120798905,0.10318263123043206
P3,R02,training,10,500,0,0.0,0.0,0.13033236120798905,0.10294486112709741
P3,R02,training,10,501,0,0.0,0.0,0.13033236120798905,0.10270647457179269
P3,R02,training,10,502,0,0.0,0.0,0.13033236120798905,0.1024674783907691
P3,R02,training,10,503,0,0.0,0.0,0.13033236120798905,0.10222787941514123
P3,R02,training,10,504,0,0.0,0.0,0.13033236120798905,0.10198768448056625
P3,R02,training,10,505,0,0.0,0.0,0.13033236120798905,0.10174690042692366
P3,R02,training,10,506,0,0.0,0.0,0.13033236120798905,0.10150553409799566
P3,R02,training,10,507,0,0.0,0.0,0.13033236120798905,0.10126359234114787
P3,R02,training,10,508,0,0.0,0.0,0.13033236120798905,0.10102108200701077
P3,R02,training,10,509,0,0.0,0.0,0.13033236120798905,0.10077800994916154
P3,R02,training,10,510,0,0.0,0.0,0.13033236120798905,0.10053438302380673
P3,R02,training,10,511,0,0.0,0.0,0.13033236120798905,0.10029020808946522
P3,R02,training,10,512,0,0.0,0.0,0.10647527532800131,0.08173235877875498
P3,R02,training,10,513,0,0.0,0.0,0.10647527532800131,0.08153200101395285
P3,R02,training,10,514,0,0.0,0.0,0.10647527532800131,0.08133121237014113
P3,R02,training,10,515,0,0.0,0.0,0.10647527532800131,0.08112999845537881
P3,R02,training,10,516,0,0.0,0.0,0.10647527532800131,0.08092836487832782
P3,R02,training,10,517,0,0.0,0.0,0.10647527532800131,0.08072631724799742
P3,R02,training,10,518,0,0.0,0.0,0.10647527532800131,0.08052386117348956
P3,R02,training,10,519,0,0.0,0.0,0.10647527532800131,0.08032100226374436
P3,R02,training,10,520,0,0.0,0.0,0.10647527532800131,0.08011774612728663
P3,R02,training,10,521,0,0.0,0.0,0.10647527532800131,0.07991409837197286
P3,R02,training,10,522,0,0.0,0.0,0.10647527532800131,0.07971006460473896
P3,R02,training,10,523,0,0.0,0.0,0.10647527532800131,0.07950565043134868
P3,R02,training,10,524,0,0.0,0.0,0.10647527532800131,0.07930086145614264
P3,R02,training,10,525,0,0.0,0.0,0.10647527532800131,0.07909570328178829
P3,R02,training,10,526,0,0.0,0.0,0.10647527532800131,0.07889018150903042
P3,R02,training,10,527,0,0.0,0.0,0.10647527532800131,0.07868430173644247
P3,R02,training,10,528,0,0.0,0.0,0.08323959077162035,0.0613521061543392
P3,R02,training,10,529,0,0.0,0.0,0.08323959077162035,0.0611906080953646
P3,R02,training,10,530,0,0.0,0.0,0.08323959077162035,0.06102884327980411
P3,R02,training,10,531,0,0.0,0.0,0.08323959077162035,0.06086681607575452
P3,R02,training,10,532,0,0.0,0.0,0.08323959077162035,0.060704530848652315
P3,R02,training,10,533,0,0.0,0.0,0.08323959077162035,0.06054199196108311
P3,R02,training,10,534,0,0.0,0.0,0.08323959077162035,0.06037920377259163
P3,R02,training,10,535,0,0.0,0.0,0.08323959077162035,0.06021617063949246
P3,R02,training,10,536,0,0.0,0.0,0.08323959077162035,0.06005289691468143
P3,R02,training,10,537,0,0.0,0.0,0.08323959077162035,0.05988938694744774
P3,R02,training,10,538,0,0.0,0.0,0.08323959077162035,0.059725645083286774
P3,R02,training,10,539,0,0.0,0.0,0.08323959077162035,0.059561675663713676
P3,R02,training,10,540,0,0.0,0.0,0.08323959077162035,0.05939748302607755
P3,R02,training,10,541,0,0.0,0.0,0.08323959077162035,0.059233071503376596
P3,R02,training,10,542,0,0.0,0.0,0.08323959077162035,0.05906844542407377
P3,R02,training,10,543,0,0.0,0.0,0.08323959077162035,0.058903609111913426
P3,R02,training,10,544,0,0.0,0.0,0.060771746157853836,0.042883983971642226
P3,R02,training,10,545,0,0.0,0.0,0.060771746157853836,0.042763342390144315
P3,R02,training,10,546,0,0.0,0.0,0.060771746157853836,0.04264255676943866
P3,R02,training,10,547,0,0.0,0.0,0.060771746157853836,0.04252163025110624
P3,R02,training,10,548,0,0.0,0.0,0.060771746157853836,0.04240056597262205
P3,R02,training,10,549,0,0.0,0.0,0.060771746157853836,0.04227936706722456
P3,R02,training,10,550,0,0.0,0.0,0.060771746157853836,0.042158036663786
P3,R02,training,10,551,0,0.0,0.0,0.060771746157853836,0.042036577886683114
P3,R02,training,10,552,0,0.0,0.0,0.060771746157853836,0.04191499385566856
P3,R02,training,10,553,0,0.0,0.0,0.060771746157853836,0.04179328768574303
P3,R02,training,10,554,0,0.0,0.0,0.060771746157853836,0.04167146248702788
P3,R02,training,10,555,0,0.0,0.0,0.060771746157853836,0.04154952136463853
P3,R02,training,10,556,0,0.0,0.0,0.060771746157853836,0.04142746741855839
P3,R02,training,10,557,0,0.0,0.0,0.060771746157853836,0.04130530374351357
P3,R02,training,10,558,0,0.0,0.0,0.060771746157853836,0.041183033428848166
P3,R02,training,10,559,0,0.0,0.0,0.060771746157853836,0.041060659558400235
P3,R02,training,10,560,0,0.0,0.0,0.039297441971878816,0.02647226810893548
P3,R02,training,10,561,0,0.0,0.0,0.039297441971878816,0.026393008310412414
P3,R02,training,10,562,0,0.0,0.0,0.039297441971878816,0.02631368750881942
P3,R02,training,10,563,0,0.0,0.0,0.039297441971878816,0.026234307683254778
P3,R02,training,10,564,0,0.0,0.0,0.039297441971878816,0.026154870808862085
P3,R02,training,10,565,0,0.0,0.0,0.039297441971878816,0.026075378856752686
P3,R02,training,10,566,0,0.0,0.0,0.039297441971878816,0.025995833793928697
P3,R02,training,10,567,0,0.0,0.0,0.039297441971878816,0.025916237583206388
P3,R02,training,10,568,0,0.0,0.0,0.039297441971878816,0.02583659218314012
P3,R02,training,10,569,0,0.0,0.0,0.039297441971878816,0.025756899547946667
P3,R02,training,10,570,0,0.0,0.0,0.039297441971878816,0.025677161627430126
P3,R02,training,10,571,0,0.0,0.0,0.039297441971878816,0.025597380366907188
P3,R02,training,10,572,0,0.0,0.0,0.039297441971878816,0.025517557707133
P3,R02,training,10,573,0,0.0,0.0,0.039297441971878816,0.02543769558422745
P3,R02,training,10,574,0,0.0,0.0,0.039297441971878816,0.025357795929601953
P3,R02,training,10,575,0,0.0,0.0,0.039297441971878816,0.025277860669886753
P3,R02,training,10,576,0,0.0,0.0,0.018978208688664438,0.012169007032287312
P3,R02,training,10,577,0,0.0,0.0,0.018978208688664438,0.012130371689024718
P3,R02,training,10,578,0,0.0,0.0,0.018978208688664438,0.012091721927853303
P3,R02,training,10,579,0,0.0,0.0,0.018978208688664438,0.012053058669632738
P3,R02,training,10,580,0,0.0,0.0,0.018978208688664438,0.012014382832741772
P3,R02,training,10,581,0,0.0,0.0,0.018978208688664438,0.01197569533304456
P3,R02,training,10,582,0,0.0,0.0,0.018978208688664438,0.011936997083857285
P3,R02,training,10,583,0,0.0,0.0,0.018978208688664438,0.011898288995915008
P3,R02,training,10,584,0,0.0,0.0,0.018978208688664438,0.01185957197733878
P3,R02,training,10,585,0,0.0,0.0,0.018978208688664438,0.011820846933603005
P3,R02,training,10,586,0,0.0,0.0,0.018978208688664438,0.011782114767503049
P3,R02,training,10,587,0,0.0,0.0,0.018978208688664438,0.011743376379123129
P3,R02,training,10,588,0,0.0,0.0,0.018978208688664438,0.011704632665804439
P3,R02,training,10,589,0,0.0,0.0,0.018978208688664438,0.011665884522113557
P3,R02,training,10,590,0,0.0,0.0,0.018978208688664438,0.011627132839811078
P3,R02,training,10,591,0,0.0,0.0,0.018978208688664438,0.011588378507820556
P3,R02,training,10,592,0,0.0,0.0,0.0,0.0
P3,R02,training,10,593,0,0.0,0.0,0.0,0.0
P3,R02,training,10,594,0,0.0,0.0,0.0,0.0
A,R02,training,23,0,0,0.0,0.0,0.0,0.0
A,R02,training,23,1,0,0.0,0.0,0.0,0.0
A,R02,training,23,2,0,0.0,0.0,0.0,0.0
A,R02,training,23,3,0,0.0,0.0,0.0,0.0
A,R02,training,23,4,0,0.0,0.0,0.0,0.0
A,R02,training,23,5,0,0.0,0.0,0.0,0.0
A,R02,training,23,6,0,0.0,0.0,0.0,0.0
A,R02,training,23,7,0,0.0,0.0,0.0,0.0
A,R02,training,23,8,0,0.0,0.0,0.0,0.0
A,R02,training,23,9,0,0.0,0.0,0.0,0.0
A,R02,training,23,10,0,0.0,0.0,0.0,0.0
A,R02,training,23,11,0,0.0,0.0,0.0,0.0
A,R02,training,23,12,0,0.0,0.0,0.0,0.0
A,R02,training,23,13,0,0.0,0.0,0.0,0.0
A,R02,training,23,14,0,0.0,0.0,0.0,0.0
A,R02,training,23,15,0,0.0,0.0,0.0,0.0
A,R02,training,23,16,0,0.0,0.0,0.0,0.0
A,R02,training,23,17,0,0.0,0.0,0.0,0.0
A,R02,training,23,18,0,0.0,0.0,0.0,0.0
A,R02,training,23,19,0,0.0,0.0,0.0,0.0
A,R02,training,23,20,0,0.0,0.0,0.0,0.0
A,R02,training,23,21,0,0.0,0.0,0.0,0.0
A,R02,training,23,22,0,0.0,0.0,0.0,0.0
A,R02,training,23,23,0,0.0,0.0,0.0,0.0
A,R02,training,23,24,0,0.0,0.0,0.0,0.0
A,R02,training,23,25,0,0.0,0.0,0.0,0.0
A,R02,training,23,26,0,0.0,0.0,0.0,0.0
A,R02,training,23,27,0,0.0,0.0,0.0,0.0
A,R02,training,23,28,0,0.0,0.0,0.0,0.0
A,R02,training,23,29,0,0.0,0.0,0.0,0.0
A,R02,training,23,30,0,0.0,0.0,0.0,0.0
A,R02,training,23,31,0,0.0,0.0,0.0,0.0
A,R02,training,23,32,0,0.0,0.0,0.0,0.0
A,R02,training,23,33,0,0.0,0.0,0.0,0.0
A,R02,training,23,34,0,0.0,0.0,0.0,0.0
A,R02,training,23,35,0,0.0,0.0,0.0,0.0
A,R02,training,23,36,0,0.0,0.0,0.0,0.0
A,R02,training,23,37,0,0.0,0.0,0.0,0.0
A,R02,training,23,38,0,0.0,0.0,0.0,0.0
A,R02,training,23,39,0,0.0,0.0,0.0,0.0
A,R02,training,23,40,0,0.0,0.0,0.0,0.0
A,R02,training,23,41,0,0.0,0.0,0.0,0.0
A,R02,training,23,42,0,0.0,0.0,0.0,0.0
A,R02,training,23,43,0,0.0,0.0,0.0,0.0
A,R02,training,23,44,0,0.0,0.0,0.0,0.0
A,R02,training,23,45,0,0.0,0.0,0.0,0.0
A,R02,training,23,46,0,0.0,0.0,0.0,0.0
A,R02,training,23,47,0,0.0,0.0,0.0,0.0
A,R02,training,23,48,0,0.0,0.0,0.0,0.0
A,R02,training,23,49,0,0.0,0.0,0.0,0.0
A,R02,training,23,50,0,0.0,0.0,0.0,0.0
A,R02,training,23,51,0,0.0,0.0,0.0,0.0
A,R02,training,23,52,0,0.0,0.0,0.0,0.0
A,R02,training,23,53,0,0.0,0.0,0.0,0.0
A,R02,training,23,54,0,0.0,0.0,0.0,0.0
A,R02,training,23,55,0,0.0,0.0,0.0,0.0
A,R02,training,23,56,0,0.0,0.0,0.0,0.0
A,R02,training,23,57,0,0.0,0.0,0.0,0.0
A,R02,training,23,58,0,0.0,0.0,0.0,0.0
A,R02,training,23,59,0,0.0,0.0,0.0,0.0
A,R02,training,23,60,0,0.0,0.0,0.0,0.0
A,R02,training,23,61,0,0.0,0.0,0.0,0.0
A,R02,training,23,62,0,0.0,0.0,0.0,0.0
A,R02,training,23,63,0,0.0,0.0,0.0,0.0
A,R02,training,23,64,0,0.0,0.0,0.0,0.0
A,R02,training,23,65,0,0.0,0.0,0.0,0.0
A,R02,training,23,66,0,0.0,0.0,0.0,0.0
A,R02,training,23,67,0,0.0,0.0,0.0,0.0
A,R02,training,23,68,0,0.0,0.0,0.0,0.0
A,R02,training,23,69,0,0.0,0.0,0.0,0.0
A,R02,training,23,70,0,0.0,0.0,0.0,0.0
A,R02,training,23,71,0,0.0,0.0,0.0,0.0
A,R02,training,23,72,0,0.0,0.0,0.0,0.0
A,R02,training,23,73,0,0.0,0.0,0.0,0.0
A,R02,training,23,74,0,0.0,0.0,0.0,0.0
A,R02,training,23,75,0,0.0,0.0,0.0,0.0
A,R02,training,23,76,0,0.0,0.0,0.0,0.0
A,R02,training,23,77,0,0.0,0.0,0.0,0.0
A,R02,training,23,78,0,0.0,0.0,0.0,0.0
A,R02,training,23,79,0,0.0,0.0,0.0,0.0
A,R02,training,23,80,0,0.0,0.0,0.0,0.0
A,R02,training,23,81,0,0.0,0.0,0.0,0.0
A,R02,training,23,82,0,0.0,0.0,0.0,0.0
A,R02,training,23,83,0,0.0,0.0,0.0,0.0
A,R02,training,23,84,0,0.0,0.0,0.0,0.0
A,R02,training,23,85,0,0.0,0.0,0.0,0.0
A,R02,training,23,86,0,0.0,0.0,0.0,0.0
A,R02,training,23,87,0,0.0,0.0,0.0,0.0
A,R02,training,23,88,0,0.0,0.0,0.0,0.0
A,R02,training,23,89,0,0.0,0.0,0.0,0.0
A,R02,training,23,90,0,0.0,0.0,0.0,0.0
A,R02,training,23,91,0,0.0,0.0,0.0,0.0
A,R02,training,23,92,0,0.0,0.0,0.0,0.0
A,R02,training,23,93,0,0.0,0.0,0.0,0.0
A,R02,training,23,94,0,0.0,0.0,0.0,0.0
A,R02,training,23,95,0,0.0,0.0,0.0,0.0
A,R02,training,23,96,0,0.0,0.0,0.0,0.0
A,R02,training,23,97,0,0.0,0.0,0.0,0.0
A,R02,training,23,98,0,0.0,0.0,0.0,0.0
A,R02,training,23,99,0,0.0,0.0,0.0,0.0
A,R02,training,23,100,0,0.0,0.0,0.0,0.0
A,R02,training,23,101,0,0.0,0.0,0.0,0.0
A,R02,training,23,102,0,0.0,0.0,0.0,0.0
A,R02,training,23,103,0,0.0,0.0,0.0,0.0
A,R02,training,23,104,0,0.0,0.0,0.0,0.0
A,R02,training,23,105,0,0.0,0.0,0.0,0.0
A,R02,training,23,106,0,0.0,0.0,0.0,0.0
A,R02,training,23,107,0,0.0,0.0,0.0,0.0
A,R02,training,23,108,0,0.0,0.0,0.0,0.0
A,R02,training,23,109,0,0.0,0.0,0.0,0.0
A,R02,training,23,110,0,0.0,0.0,0.0,0.0
A,R02,training,23,111,0,0.0,0.0,0.0,0.0
A,R02,training,23,112,0,0.0,0.0,0.0,0.0
A,R02,training,23,113,0,0.0,0.0,0.0,0.0
A,R02,training,23,114,0,0.0,0.0,0.0,0.0
A,R02,training,23,115,0,0.0,0.0,0.0,0.0
A,R02,training,23,116,0,0.0,0.0,0.0,0.0
A,R02,training,23,117,0,0.0,0.0,0.0,0.0
A,R02,training,23,118,0,0.0,0.0,0.0,0.0
A,R02,training,23,119,0,0.0,0.0,0.0,0.0
A,R02,training,23,120,0,0.0,0.0,0.0,0.0
A,R02,training,23,121,0,0.0,0.0,0.0,0.0
A,R02,training,23,122,0,0.0,0.0,0.0,0.0
A,R02,training,23,123,0,0.0,0.0,0.0,0.0
A,R02,training,23,124,0,0.0,0.0,0.0,0.0
A,R02,training,23,125,0,0.0,0.0,0.0,0.0
A,R02,training,23,126,0,0.0,0.0,0.0,0.0
A,R02,training,23,127,0,0.0,0.0,0.0,0.0
A,R02,training,23,128,0,0.0,0.0,0.0,0.0
A,R02,training,23,129,0,0.0,0.0,0.0,0.0
A,R02,training,23,130,0,0.0,0.0,0.0,0.0
A,R02,training,23,131,0,0.0,0.0,0.0,0.0
A,R02,training,23,132,0,0.0,0.0,0.0,0.0
A,R02,training,23,133,0,0.0,0.0,0.0,0.0
A,R02,training,23,134,0,0.0,0.0,0.0,0.0
A,R02,training,23,135,0,0.0,0.0,0.0,0.0
A,R02,training,23,136,0,0.0,0.0,0.0,0.0
A,R02,training,23,137,0,0.0,0.0,0.0,0.0
A,R02,training,23,138,0,0.0,0.0,0.0,0.0
A,R02,training,23,139,0,0.0,0.0,0.0,0.0
A,R02,training,23,140,0,0.0,0.0,0.0,0.0
A,R02,training,23,141,0,0.0,0.0,0.0,0.0
A,R02,training,23,142,0,0.0,0.0,0.0,0.0
A,R02,training,23,143,0,0.0,0.0,0.0,0.0
A,R02,training,23,144,0,0.0,0.0,0.0,0.0
A,R02,training,23,145,0,0.0,0.0,0.0,0.0
A,R02,training,23,146,0,0.0,0.0,0.0,0.0
A,R02,training,23,147,0,0.0,0.0,0.0,0.0
A,R02,training,23,148,0,0.0,0.0,0.0,0.0
A,R02,training,23,149,0,0.0,0.0,0.0,0.0
A,R02,training,23,150,0,0.0,0.0,0.0,0.0
A,R02,training,23,151,0,0.0,0.0,0.0,0.0
A,R02,training,23,152,0,0.0,0.0,0.0,0.0
A,R02,training,23,153,0,0.0,0.0,0.0,0.0
A,R02,training,23,154,0,0.0,0.0,0.0,0.0
A,R02,training,23,155,0,0.0,0.0,0.0,0.0
A,R02,training,23,156,0,0.0,0.0,0.0,0.0
A,R02,training,23,157,0,0.0,0.0,0.0,0.0
A,R02,training,23,158,0,0.0,0.0,0.0,0.0
A,R02,training,23,159,0,0.0,0.0,0.0,0.0
A,R02,training,23,160,0,0.0,0.0,0.0,0.0
A,R02,training,23,161,0,0.0,0.0,0.0,0.0
A,R02,training,23,162,0,0.0,0.0,0.0,0.0
A,R02,training,23,163,0,0.0,0.0,0.0,0.0
A,R02,training,23,164,0,0.0,0.0,0.0,0.0
A,R02,training,23,165,0,0.0,0.0,0.0,0.0
A,R02,training,23,166,0,0.0,0.0,0.0,0.0
A,R02,training,23,167,0,0.0,0.0,0.0,0.0
A,R02,training,23,168,0,0.0,0.0,0.0,0.0
A,R02,training,23,169,0,0.0,0.0,0.0,0.0
A,R02,training,23,170,0,0.0,0.0,0.0,0.0
A,R02,training,23,171,0,0.0,0.0,0.0,0.0
A,R02,training,23,172,0,0.0,0.0,0.0,0.0
A,R02,training,23,173,0,0.0,0.0,0.0,0.0
A,R02,training,23,174,0,0.0,0.0,0.0,0.0
A,R02,training,23,175,0,0.0,0.0,0.0,0.0
A,R02,training,23,176,0,0.0,0.0,0.0,0.0
A,R02,training,23,177,0,0.0,0.0,0.0,0.0
A,R02,training,23,178,0,0.0,0.0,0.0,0.0
A,R02,training,23,179,0,0.0,0.0,0.0,0.0
A,R02,training,23,180,0,0.0,0.0,0.0,0.0
A,R02,training,23,181,0,0.0,0.0,0.0,0.0
A,R02,training,23,182,0,0.0,0.0,0.0,0.0
A,R02,training,23,183,0,0.0,0.0,0.0,0.0
A,R02,training,23,184,0,0.0,0.0,0.0,0.0
A,R02,training,23,185,0,0.0,0.0,0.0,0.0
A,R02,training,23,186,0,0.0,0.0,0.0,0.0
A,R02,training,23,187,0,0.0,0.0,0.0,0.0
A,R02,training,23,188,0,0.0,0.0,0.0,0.0
A,R02,training,23,189,0,0.0,0.0,0.0,0.0
A,R02,training,23,190,0,0.0,0.0,0.0,0.0
A,R02,training,23,191,0,0.0,0.0,0.0,0.0
A,R02,training,23,192,0,0.0,0.0,0.0,0.0
A,R02,training,23,193,0,0.0,0.0,0.0,0.0
A,R02,training,23,194,0,0.0,0.0,0.0,0.0
A,R02,training,23,195,0,0.0,0.0,0.0,0.0
A,R02,training,23,196,0,0.0,0.0,0.0,0.0
A,R02,training,23,197,0,0.0,0.0,0.0,0.0
A,R02,training,23,198,0,0.0,0.0,0.0,0.0
A,R02,training,23,199,0,0.0,0.0,0.0,0.0
A,R02,training,23,200,0,0.0,0.0,0.0,0.0
A,R02,training,23,201,0,0.0,0.0,0.0,0.0
A,R02,training,23,202,0,0.0,0.0,0.0,0.0
A,R02,training,23,203,0,0.0,0.0,0.0,0.0
A,R02,training,23,204,0,0.0,0.0,0.0,0.0
A,R02,training,23,205,0,0.0,0.0,0.0,0.0
A,R02,training,23,206,0,0.0,0.0,0.0,0.0
A,R02,training,23,207,0,0.0,0.0,0.0,0.0
A,R02,training,23,208,0,0.0,0.0,0.0,0.0
A,R02,training,23,209,0,0.0,0.0,0.0,0.0
A,R02,training,23,210,0,0.0,0.0,0.0,0.0
A,R02,training,23,211,0,0.0,0.0,0.0,0.0
A,R02,training,23,212,0,0.0,0.0,0.0,0.0
A,R02,training,23,213,0,0.0,0.0,0.0,0.0
A,R02,training,23,214,0,0.0,0.0,0.0,0.0
A,R02,training,23,215,0,0.0,0.0,0.0,0.0
A,R02,training,23,216,0,0.0,0.0,0.0,0.0
A,R02,training,23,217,0,0.0,0.0,0.0,0.0
A,R02,training,23,218,0,0.0,0.0,0.0,0.0
A,R02,training,23,219,0,0.0,0.0,0.0,0.0
A,R02,training,23,220,0,0.0,0.0,0.0,0.0
A,R02,training,23,221,0,0.0,0.0,0.0,0.0
A,R02,training,23,222,0,0.0,0.0,0.0,0.0
A,R02,training,23,223,0,0.0,0.0,0.0,0.0
A,R02,training,23,224,0,0.0,0.0,0.0,0.0
A,R02,training,23,225,0,0.0,0.0,0.0,0.0
A,R02,training,23,226,0,0.0,0.0,0.0,0.0
A,R02,training,23,227,0,0.0,0.0,0.0,0.0
A,R02,training,23,228,0,0.0,0.0,0.0,0.0
A,R02,training,23,229,0,0.0,0.0,0.0,0.0
A,R02,training,23,230,0,0.0,0.0,0.0,0.0
A,R02,training,23,231,0,0.0,0.0,0.0,0.0
A,R02,training,23,232,0,0.0,0.0,0.0,0.0
A,R02,training,23,233,0,0.0,0.0,0.0,0.0
A,R02,training,23,234,0,0.0,0.0,0.0,0.0
A,R02,training,23,235,0,0.0,0.0,0.0,0.0
A,R02,training,23,236,0,0.0,0.0,0.0,0.0
A,R02,training,23,237,0,0.0,0.0,0.0,0.0
A,R02,training,23,238,0,0.0,0.0,0.0,0.0
A,R02,training,23,239,0,0.0,0.0,0.0,0.0
A,R02,training,23,240,0,0.0,0.0,0.0,0.0
A,R02,training,23,241,0,0.0,0.0,0.0,0.0
A,R02,training,23,242,0,0.0,0.0,0.0,0.0
A,R02,training,23,243,0,0.0,0.0,0.0,0.0
A,R02,training,23,244,0,0.0,0.0,0.0,0.0
A,R02,training,23,245,0,0.0,0.0,0.0,0.0
A,R02,training,23,246,0,0.0,0.0,0.0,0.0
A,R02,training,23,247,0,0.0,0.0,0.0,0.0
A,R02,training,23,248,0,0.0,0.0,0.0,0.0
A,R02,training,23,249,0,0.0,0.0,0.0,0.0
A,R02,training,23,250,0,0.0,0.0,0.0,0.0
A,R02,training,23,251,0,0.0,0.0,0.0,0.0
A,R02,training,23,252,0,0.0,0.0,0.0,0.0
A,R02,training,23,253,0,0.0,0.0,0.0,0.0
A,R02,training,23,254,0,0.0,0.0,0.0,0.0
A,R02,training,23,255,0,0.0,0.0,0.0,0.0
A,R02,training,23,256,0,0.0,0.0,0.0,0.0
A,R02,training,23,257,0,0.0,0.0,0.0,0.0
A,R02,training,23,258,0,0.0,0.0,0.0,0.0
A,R02,training,23,259,0,0.0,0.0,0.0,0.0
A,R02,training,23,260,0,0.0,0.0,0.0,0.0
A,R02,training,23,261,0,0.0,0.0,0.0,0.0
A,R02,training,23,262,0,0.0,0.0,0.0,0.0
A,R02,training,23,263,0,0.0,0.0,0.0,0.0
A,R02,training,23,264,0,0.0,0.0,0.0,0.0
A,R02,training,23,265,0,0.0,0.0,0.0,0.0
A,R02,training,23,266,0,0.0,0.0,0.0,0.0
A,R02,training,23,267,0,0.0,0.0,0.0,0.0
A,R02,training,23,268,0,0.0,0.0,0.0,0.0
A,R02,training,23,269,0,0.0,0.0,0.0,0.0
A,R02,training,23,270,0,0.0,0.0,0.0,0.0
A,R02,training,23,271,0,0.0,0.0,0.0,0.0
A,R02,training,23,272,0,0.0,0.0,0.0,0.0
A,R02,training,23,273,0,0.0,0.0,0.0,0.0
A,R02,training,23,274,0,0.0,0.0,0.0,0.0
A,R02,training,23,275,0,0.0,0.0,0.0,0.0
A,R02,training,23,276,0,0.0,0.0,0.0,0.0
A,R02,training,23,277,0,0.0,0.0,0.0,0.0
A,R02,training,23,278,0,0.0,0.0,0.0,0.0
A,R02,training,23,279,0,0.0,0.0,0.0,0.0
A,R02,training,23,280,0,0.0,0.0,0.0,0.0
A,R02,training,23,281,0,0.0,0.0,0.0,0.0
A,R02,training,23,282,0,0.0,0.0,0.0,0.0
A,R02,training,23,283,0,0.0,0.0,0.0,0.0
A,R02,training,23,284,0,0.0,0.0,0.0,0.0
A,R02,training,23,285,0,0.0,0.0,0.0,0.0
A,R02,training,23,286,0,0.0,0.0,0.0,0.0
A,R02,training,23,287,0,0.0,0.0,0.0,0.0
A,R02,training,23,288,0,0.0,0.0,0.0,0.0
A,R02,training,23,289,0,0.0,0.0,0.0,0.0
A,R02,training,23,290,0,0.0,0.0,0.0,0.0
A,R02,training,23,291,0,0.0,0.0,0.0,0.0
A,R02,training,23,292,0,0.0,0.0,0.0,0.0
A,R02,training,23,293,0,0.0,0.0,0.0,0.0
A,R02,training,23,294,0,0.0,0.0,0.0,0.0
A,R02,training,23,295,0,0.0,0.0,0.0,0.0
A,R02,training,23,296,0,0.0,0.0,0.0,0.0
A,R02,training,23,297,0,0.0,0.0,0.0,0.0
A,R02,training,23,298,0,0.0,0.0,0.0,0.0
A,R02,training,23,299,0,0.0,0.0,0.0,0.0
A,R02,training,23,300,0,0.0,0.0,0.0,0.0
A,R02,training,23,301,0,0.0,0.0,0.0,0.0
A,R02,training,23,302,0,0.0,0.0,0.0,0.0
A,R02,training,23,303,0,0.0,0.0,0.0,0.0
A,R02,training,23,304,0,0.0,0.0,0.0,0.0
A,R02,training,23,305,0,0.0,0.0,0.0,0.0
A,R02,training,23,306,0,0.0,0.0,0.0,0.0
A,R02,training,23,307,0,0.0,0.0,0.0,0.0
A,R02,training,23,308,0,0.0,0.0,0.0,0.0
A,R02,training,23,309,0,0.0,0.0,0.0,0.0
A,R02,training,23,310,0,0.0,0.0,0.0,0.0
A,R02,training,23,311,0,0.0,0.0,0.0,0.0
A,R02,training,23,312,0,0.0,0.0,0.0,0.0
A,R02,training,23,313,0,0.0,0.0,0.0,0.0
A,R02,training,23,314,0,0.0,0.0,0.0,0.0
A,R02,training,23,315,0,0.0,0.0,0.0,0.0
A,R02,training,23,316,0,0.0,0.0,0.0,0.0
A,R02,training,23,317,0,0.0,0.0,0.0,0.0
A,R02,training,23,318,0,0.0,0.0,0.0,0.0
A,R02,training,23,319,0,0.0,0.0,0.0,0.0
A,R02,training,23,320,0,0.0,0.0,0.0,0.0
A,R02,training,23,321,0,0.0,0.0,0.0,0.0
A,R02,training,23,322,0,0.0,0.0,0.0,0.0
A,R02,training,23,323,0,0.0,0.0,0.0,0.0
A,R02,training,23,324,0,0.0,0.0,0.0,0.0
A,R02,training,23,325,0,0.0,0.0,0.0,0.0
A,R02,training,23,326,0,0.0,0.0,0.0,0.0
A,R02,training,23,327,0,0.0,0.0,0.0,0.0
A,R02,training,23,328,0,0.0,0.0,0.0,0.0
A,R02,training,23,329,0,0.0,0.0,0.0,0.0
A,R02,training,23,330,0,0.0,0.0,0.0,0.0
A,R02,training,23,331,0,0.0,0.0,0.0,0.0
A,R02,training,23,332,0,0.0,0.0,0.0,0.0
A,R02,training,23,333,0,0.0,0.0,0.0,0.0
A,R02,training,23,334,0,0.0,0.0,0.0,0.0
A,R02,training,23,335,0,0.0,0.0,0.0,0.0
A,R02,training,23,336,0,0.0,0.0,0.0,0.0
A,R02,training,23,337,0,0.0,0.0,0.0,0.0
A,R02,training,23,338,0,0.0,0.0,0.0,0.0
A,R02,training,23,339,0,0.0,0.0,0.0,0.0
A,R02,training,23,340,0,0.0,0.0,0.0,0.0
A,R02,training,23,341,0,0.0,0.0,0.0,0.0
A,R02,training,23,342,0,0.0,0.0,0.0,0.0
A,R02,training,23,343,0,0.0,0.0,0.0,0.0
A,R02,training,23,344,0,0.0,0.0,0.0,0.0
A,R02,training,23,345,0,0.0,0.0,0.0,0.0
A,R02,training,23,346,0,0.0,0.0,0.0,0.0
A,R02,training,23,347,0,0.0,0.0,0.0,0.0
A,R02,training,23,348,0,0.0,0.0,0.0,0.0
A,R02,training,23,349,0,0.0,0.0,0.0,0.0
A,R02,training,23,350,0,0.0,0.0,0.0,0.0
A,R02,training,23,351,0,0.0,0.0,0.0,0.0
A,R02,training,23,352,0,0.0,0.0,0.0,0.0
A,R02,training,23,353,0,0.0,0.0,0.0,0.0
A,R02,training,23,354,0,0.0,0.0,0.0,0.0
A,R02,training,23,355,0,0.0,0.0,0.0,0.0
A,R02,training,23,356,0,0.0,0.0,0.0,0.0
A,R02,training,23,357,0,0.0,0.0,0.0,0.0
A,R02,training,23,358,0,0.0,0.0,0.0,0.0
A,R02,training,23,359,0,0.0,0.0,0.0,0.0
A,R02,training,23,360,0,0.0,0.0,0.0,0.0
A,R02,training,23,361,0,0.0,0.0,0.0,0.0
A,R02,training,23,362,0,0.0,0.0,0.0,0.0
A,R02,training,23,363,0,0.0,0.0,0.0,0.0
A,R02,training,23,364,0,0.0,0.0,0.0,0.0
A,R02,training,23,365,0,0.0,0.0,0.0,0.0
A,R02,training,23,366,0,0.0,0.0,0.0,0.0
A,R02,training,23,367,0,0.0,0.0,0.0,0.0
A,R02,training,23,368,0,0.0,0.0,0.0,0.0
A,R02,training,23,369,0,0.0,0.0,0.0,0.0
A,R02,training,23,370,0,0.0,0.0,0.0,0.0
A,R02,training,23,371,0,0.0,0.0,0.0,0.0
A,R02,training,23,372,0,0.0,0.0,0.0,0.0
A,R02,training,23,373,0,0.0,0.0,0.0,0.0
A,R02,training,23,374,0,0.0,0.0,0.0,0.0
A,R02,training,23,375,0,0.0,0.0,0.0,0.0
A,R02,training,23,376,0,0.0,0.0,0.0,0.0
A,R02,training,23,377,0,0.0,0.0,0.0,0.0
A,R02,training,23,378,0,0.0,0.0,0.0,0.0
A,R02,training,23,379,0,0.0,0.0,0.0,0.0
A,R02,training,23,380,0,0.0,0.0,0.0,0.0
A,R02,training,23,381,0,0.0,0.0,0.0,0.0
A,R02,training,23,382,0,0.0,0.0,0.0,0.0
A,R02,training,23,383,0,0.0,0.0,0.0,0.0
A,R02,training,23,384,0,0.0,0.0,0.0,0.0
A,R02,training,23,385,0,0.0,0.0,0.0,0.0
A,R02,training,23,386,0,0.0,0.0,0.0,0.0
A,R02,training,23,387,0,0.0,0.0,0.0,0.0
A,R02,training,23,388,0,0.0,0.0,0.0,0.0
A,R02,training,23,389,0,0.0,0.0,0.0,0.0
A,R02,training,23,390,0,0.0,0.0,0.0,0.0
A,R02,training,23,391,0,0.0,0.0,0.0,0.0
A,R02,training,23,392,0,0.0,0.0,0.0,0.0
A,R02,training,23,393,0,0.0,0.0,0.0,0.0
A,R02,training,23,394,0,0.0,0.0,0.0,0.0
A,R02,training,23,395,0,0.0,0.0,0.0,0.0
A,R02,training,23,396,0,0.0,0.0,0.0,0.0
A,R02,training,23,397,0,0.0,0.0,0.0,0.0
A,R02,training,23,398,0,0.0,0.0,0.0,0.0
A,R02,training,23,399,0,0.0,0.0,0.0,0.0
A,R02,training,23,400,0,0.0,0.0,0.0,0.0
A,R02,training,23,401,0,0.0,0.0,0.0,0.0
A,R02,training,23,402,0,0.0,0.0,0.0,0.0
A,R02,training,23,403,0,0.0,0.0,0.0,0.0
A,R02,training,23,404,0,0.0,0.0,0.0,0.0
A,R02,training,23,405,0,0.0,0.0,0.0,0.0
A,R02,training,23,406,0,0.0,0.0,0.0,0.0
A,R02,training,23,407,0,0.0,0.0,0.0,0.0
A,R02,training,23,408,0,0.0,0.0,0.0,0.0
A,R02,training,23,409,0,0.0,0.0,0.0,0.0
A,R02,training,23,410,0,0.0,0.0,0.0,0.0
A,R02,training,23,411,0,0.0,0.0,0.0,0.0
A,R02,training,23,412,0,0.0,0.0,0.0,0.0
A,R02,training,23,413,0,0.0,0.0,0.0,0.0
A,R02,training,23,414,0,0.0,0.0,0.0,0.0
A,R02,training,23,415,0,0.0,0.0,0.0,0.0
A,R02,training,23,416,0,0.0,0.0,0.0,0.0
A,R02,training,23,417,0,0.0,0.0,0.0,0.0
A,R02,training,23,418,0,0.0,0.0,0.0,0.0
A,R02,training,23,419,0,0.0,0.0,0.0,0.0
A,R02,training,23,420,0,0.0,0.0,0.0,0.0
A,R02,training,23,421,0,0.0,0.0,0.0,0.0
A,R02,training,23,422,0,0.0,0.0,0.0,0.0
A,R02,training,23,423,0,0.0,0.0,0.0,0.0
A,R02,training,23,424,0,0.0,0.0,0.0,0.0
A,R02,training,23,425,0,0.0,0.0,0.0,0.0
A,R02,training,23,426,0,0.0,0.0,0.0,0.0
A,R02,training,23,427,0,0.0,0.0,0.0,0.0
A,R02,training,23,428,0,0.0,0.0,0.0,0.0
A,R02,training,23,429,0,0.0,0.0,0.0,0.0
A,R02,training,23,430,0,0.0,0.0,0.0,0.0
A,R02,training,23,431,0,0.0,0.0,0.0,0.0
A,R02,training,23,432,0,0.0,0.0,0.0,0.0
A,R02,training,23,433,0,0.0,0.0,0.0,0.0
A,R02,training,23,434,0,0.0,0.0,0.0,0.0
A,R02,training,23,435,0,0.0,0.0,0.0,0.0
A,R02,training,23,436,0,0.0,0.0,0.0,0.0
A,R02,training,23,437,0,0.0,0.0,0.0,0.0
A,R02,training,23,438,0,0.0,0.0,0.0,0.0
A,R02,training,23,439,0,0.0,0.0,0.0,0.0
A,R02,training,23,440,0,0.0,0.0,0.0,0.0
A,R02,training,23,441,0,0.0,0.0,0.0,0.0
A,R02,training,23,442,0,0.0,0.0,0.0,0.0
A,R02,training,23,443,0,0.0,0.0,0.0,0.0
A,R02,training,23,444,0,0.0,0.0,0.0,0.0
A,R02,training,23,445,0,0.0,0.0,0.0,0.0
A,R02,training,23,446,0,0.0,0.0,0.0,0.0
A,R02,training,23,447,0,0.0,0.0,0.0,0.0
A,R02,training,23,448,0,0.0,0.0,0.0,0.0
A,R02,training,23,449,0,0.0,0.0,0.0,0.0
A,R02,training,23,450,0,0.0,0.0,0.0,0.0
A,R02,training,23,451,0,0.0,0.0,0.0,0.0
A,R02,training,23,452,0,0.0,0.0,0.0,0.0
A,R02,training,23,453,0,0.0,0.0,0.0,0.0
A,R02,training,23,454,0,0.0,0.0,0.0,0.0
A,R02,training,23,455,0,0.0,0.0,0.0,0.0
A,R02,training,23,456,0,0.0,0.0,0.0,0.0
A,R02,training,23,457,0,0.0,0.0,0.0,0.0
A,R02,training,23,458,0,0.0,0.0,0.0,0.0
A,R02,training,23,459,0,0.0,0.0,0.0,0.0
A,R02,training,23,460,0,0.0,0.0,0.0,0.0
A,R02,training,23,461,0,0.0,0.0,0.0,0.0
A,R02,training,23,462,0,0.0,0.0,0.0,0.0
A,R02,training,23,463,0,0.0,0.0,0.0,0.0
A,R02,training,23,464,0,0.0,0.0,0.0,0.0
A,R02,training,23,465,0,0.0,0.0,0.0,0.0
A,R02,training,23,466,0,0.0,0.0,0.0,0.0
A,R02,training,23,467,0,0.0,0.0,0.0,0.0
A,R02,training,23,468,0,0.0,0.0,0.0,0.0
A,R02,training,23,469,0,0.0,0.0,0.0,0.0
A,R02,training,23,470,0,0.0,0.0,0.0,0.0
A,R02,training,23,471,0,0.0,0.0,0.0,0.0
A,R02,training,23,472,0,0.0,0.0,0.0,0.0
A,R02,training,23,473,0,0.0,0.0,0.0,0.0
A,R02,training,23,474,0,0.0,0.0,0.0,0.0
A,R02,training,23,475,0,0.0,0.0,0.0,0.0
A,R02,training,23,476,0,0.0,0.0,0.0,0.0
A,R02,training,23,477,0,0.0,0.0,0.0,0.0
A,R02,training,23,478,0,0.0,0.0,0.0,0.0
A,R02,training,23,479,0,0.0,0.0,0.0,0.0
A,R02,training,23,480,0,0.0,0.0,0.0,0.0
A,R02,training,23,481,0,0.0,0.0,0.0,0.0
A,R02,training,23,482,0,0.0,0.0,0.0,0.0
A,R02,training,23,483,0,0.0,0.0,0.0,0.0
A,R02,training,23,484,0,0.0,0.0,0.0,0.0
A,R02,training,23,485,0,0.0,0.0,0.0,0.0
A,R02,training,23,486,0,0.0,0.0,0.0,0.0
A,R02,training,23,487,0,0.0,0.0,0.0,0.0
A,R02,training,23,488,0,0.0,0.0,0.0,0.0
A,R02,training,23,489,0,0.0,0.0,0.0,0.0
A,R02,training,23,490,0,0.0,0.0,0.0,0.0
A,R02,training,23,491,0,0.0,0.0,0.0,0.0
A,R02,training,23,492,0,0.0,0.0,0.0,0.0
A,R02,training,23,493,0,0.0,0.0,0.0,0.0
A,R02,training,23,494,0,0.0,0.0,0.0,0.0
A,R02,training,23,495,0,0.0,0.0,0.0,0.0
A,R02,training,23,496,0,0.0,0.0,0.0,0.0
A,R02,training,23,497,0,0.0,0.0,0.0,0.0
A,R02,training,23,498,0,0.0,0.0,0.0,0.0
A,R02,training,23,499,0,0.0,0.0,0.0,0.0
A,R02,training,23,500,0,0.0,0.0,0.0,0.0
A,R02,training,23,501,0,0.0,0.0,0.0,0.0
A,R02,training,23,502,0,0.0,0.0,0.0,0.0
A,R02,training,23,503,0,0.0,0.0,0.0,0.0
A,R02,training,23,504,0,0.0,0.0,0.0,0.0
A,R02,training,23,505,0,0.0,0.0,0.0,0.0
A,R02,training,23,506,0,0.0,0.0,0.0,0.0
A,R02,training,23,507,0,0.0,0.0,0.0,0.0
A,R02,training,23,508,0,0.0,0.0,0.0,0.0
A,R02,training,23,509,0,0.0,0.0,0.0,0.0
A,R02,training,23,510,0,0.0,0.0,0.0,0.0
A,R02,training,23,511,0,0.0,0.0,0.0,0.0
A,R02,training,23,512,0,0.0,0.0,0.0,0.0
A,R02,training,23,513,0,0.0,0.0,0.0,0.0
A,R02,training,23,514,0,0.0,0.0,0.0,0.0
A,R02,training,23,515,0,0.0,0.0,0.0,0.0
A,R02,training,23,516,0,0.0,0.0,0.0,0.0
A,R02,training,23,517,0,0.0,0.0,0.0,0.0
A,R02,training,23,518,0,0.0,0.0,0.0,0.0
A,R02,training,23,519,0,0.0,0.0,0.0,0.0
A,R02,training,23,520,0,0.0,0.0,0.0,0.0
A,R02,training,23,521,0,0.0,0.0,0.0,0.0
A,R02,training,23,522,0,0.0,0.0,0.0,0.0
A,R02,training,23,523,0,0.0,0.0,0.0,0.0
A,R02,training,23,524,0,0.0,0.0,0.0,0.0
A,R02,training,23,525,0,0.0,0.0,0.0,0.0
A,R02,training,23,526,0,0.0,0.0,0.0,0.0
A,R02,training,23,527,0,0.0,0.0,0.0,0.0
A,R02,training,23,528,0,0.0,0.0,0.0,0.0
A,R02,training,23,529,0,0.0,0.0,0.0,0.0
A,R02,training,23,530,0,0.0,0.0,0.0,0.0
A,R02,training,23,531,0,0.0,0.0,0.0,0.0
A,R02,training,23,532,0,0.0,0.0,0.0,0.0
A,R02,training,23,533,0,0.0,0.0,0.0,0.0
A,R02,training,23,534,0,0.0,0.0,0.0,0.0
A,R02,training,23,535,0,0.0,0.0,0.0,0.0
A,R02,training,23,536,0,0.0,0.0,0.0,0.0
A,R02,training,23,537,0,0.0,0.0,0.0,0.0
A,R02,training,23,538,0,0.0,0.0,0.0,0.0
A,R02,training,23,539,0,0.0,0.0,0.0,0.0
A,R02,training,23,540,0,0.0,0.0,0.0,0.0
A,R02,training,23,541,0,0.0,0.0,0.0,0.0
A,R02,training,23,542,0,0.0,0.0,0.0,0.0
A,R02,training,23,543,0,0.0,0.0,0.0,0.0
A,R02,training,23,544,0,0.0,0.0,0.0,0.0
A,R02,training,23,545,0,0.0,0.0,0.0,0.0
A,R02,training,23,546,0,0.0,0.0,0.0,0.0
A,R02,training,23,547,0,0.0,0.0,0.0,0.0
A,R02,training,23,548,0,0.0,0.0,0.0,0.0
A,R02,training,23,549,0,0.0,0.0,0.0,0.0
A,R02,training,23,550,0,0.0,0.0,0.0,0.0
A,R02,training,23,551,0,0.0,0.0,0.0,0.0
A,R02,training,23,552,0,0.0,0.0,0.0,0.0
A,R02,training,23,553,0,0.0,0.0,0.0,0.0
A,R02,training,23,554,0,0.0,0.0,0.0,0.0
A,R02,training,23,555,0,0.0,0.0,0.0,0.0
A,R02,training,23,556,0,0.0,0.0,0.0,0.0
A,R02,training,23,557,0,0.0,0.0,0.0,0.0
A,R02,training,23,558,0,0.0,0.0,0.0,0.0
A,R02,training,23,559,0,0.0,0.0,0.0,0.0
A,R02,training,23,560,0,0.0,0.0,0.0,0.0
A,R02,training,23,561,0,0.0,0.0,0.0,0.0
A,R02,training,23,562,0,0.0,0.0,0.0,0.0
A,R02,training,23,563,0,0.0,0.0,0.0,0.0
A,R02,training,23,564,0,0.0,0.0,0.0,0.0
A,R02,training,23,565,0,0.0,0.0,0.0,0.0
A,R02,training,23,566,0,0.0,0.0,0.0,0.0
A,R02,training,23,567,0,0.0,0.0,0.0,0.0
A,R02,training,23,568,0,0.0,0.0,0.0,0.0
A,R02,training,23,569,0,0.0,0.0,0.0,0.0
A,R02,training,23,570,0,0.0,0.0,0.0,0.0
A,R02,training,23,571,0,0.0,0.0,0.0,0.0
A,R02,training,23,572,0,0.0,0.0,0.0,0.0
A,R02,training,23,573,0,0.0,0.0,0.0,0.0
A,R02,training,23,574,0,0.0,0.0,0.0,0.0
A,R02,training,23,575,0,0.0,0.0,0.0,0.0
A,R02,training,23,576,0,0.0,0.0,0.0,0.0
A,R02,training,23,577,0,0.0,0.0,0.0,0.0
A,R02,training,23,578,0,0.0,0.0,0.0,0.0
A,R02,training,23,579,0,0.0,0.0,0.0,0.0
A,R02,training,23,580,0,0.0,0.0,0.0,0.0
A,R02,training,23,581,0,0.0,0.0,0.0,0.0
A,R02,training,23,582,0,0.0,0.0,0.0,0.0
A,R02,training,23,583,0,0.0,0.0,0.0,0.0
A,R02,training,23,584,0,0.0,0.0,0.0,0.0
A,R02,training,23,585,0,0.0,0.0,0.0,0.0
A,R02,training,23,586,0,0.0,0.0,0.0,0.0
A,R02,training,23,587,0,0.0,0.0,0.0,0.0
A,R02,training,23,588,0,0.0,0.0,0.0,0.0
A,R02,training,23,589,0,0.0,0.0,0.0,0.0
A,R02,training,23,590,0,0.0,0.0,0.0,0.0
A,R02,training,23,591,0,0.0,0.0,0.0,0.0
A,R02,training,23,592,0,0.0,0.0,0.0,0.0
A,R02,training,23,593,0,0.0,0.0,0.0,0.0
A,R02,training,23,594,0,0.0,0.0,0.0,0.0
A,R02,training,23,595,0,0.0,0.0,0.0,0.0
A,R02,training,23,596,0,0.0,0.0,0.0,0.0
A,R02,training,23,597,0,0.0,0.0,0.0,0.0
A,R02,training,23,598,0,0.0,0.0,0.0,0.0
A,R02,training,23,599,0,0.0,0.0,0.0,0.0
A,R02,training,23,600,0,0.0,0.0,0.0,0.0
A,R02,training,23,601,0,0.0,0.0,0.0,0.0
A,R02,training,23,602,0,0.0,0.0,0.0,0.0
A,R02,training,23,603,0,0.0,0.0,0.0,0.0
A,R02,training,23,604,0,0.0,0.0,0.0,0.0
A,R02,training,23,605,0,0.0,0.0,0.0,0.0
A,R02,training,23,606,0,0.0,0.0,0.0,0.0
A,R02,training,23,607,0,0.0,0.0,0.0,0.0
A,R02,training,23,608,0,0.0,0.0,0.0,0.0
A,R02,training,23,609,0,0.0,0.0,0.0,0.0
A,R02,training,23,610,0,0.0,0.0,0.0,0.0
A,R02,training,23,611,0,0.0,0.0,0.0,0.0
B,R02,training,23,0,0,0.0,0.0,0.0,0.0
B,R02,training,23,1,0,0.0,0.0,0.0,0.0
B,R02,training,23,2,0,0.0,0.0,0.0,0.0
B,R02,training,23,3,0,0.0,0.0,0.0,0.0
B,R02,training,23,4,0,0.0,0.0,0.0,0.0
B,R02,training,23,5,0,0.0,0.0,0.0,0.0
B,R02,training,23,6,0,0.0,0.0,0.0,0.0
B,R02,training,23,7,0,0.0,0.0,0.0,0.0
B,R02,training,23,8,0,0.0,0.0,0.0,0.0
B,R02,training,23,9,0,0.0,0.0,0.0,0.0
B,R02,training,23,10,0,0.0,0.0,0.0,0.0
B,R02,training,23,11,0,0.0,0.0,0.0,0.0
B,R02,training,23,12,0,0.0,0.0,0.0,0.0
B,R02,training,23,13,0,0.0,0.0,0.0,0.0
B,R02,training,23,14,0,0.0,0.0,0.0,0.0
B,R02,training,23,15,0,0.0,0.0,0.0,0.0
B,R02,training,23,16,0,0.0,0.0,0.0,0.0
B,R02,training,23,17,0,0.0,0.0,0.0,0.0
B,R02,training,23,18,0,0.0,0.0,0.0,0.0
B,R02,training,23,19,0,0.0,0.0,0.0,0.0
B,R02,training,23,20,0,0.0,0.0,0.0,0.0
B,R02,training,23,21,0,0.0,0.0,0.0,0.0
B,R02,training,23,22,0,0.0,0.0,0.0,0.0
B,R02,training,23,23,0,0.0,0.0,0.0,0.0
B,R02,training,23,24,0,0.0,0.0,0.0,0.0
B,R02,training,23,25,0,0.0,0.0,0.0,0.0
B,R02,training,23,26,0,0.0,0.0,0.0,0.0
B,R02,training,23,27,0,0.0,0.0,0.0,0.0
B,R02,training,23,28,0,0.0,0.0,0.0,0.0
B,R02,training,23,29,0,0.0,0.0,0.0,0.0
B,R02,training,23,30,0,0.0,0.0,0.0,0.0
B,R02,training,23,31,0,0.0,0.0,0.0,0.0
B,R02,training,23,32,0,0.0,0.0,0.0,0.0
B,R02,training,23,33,0,0.0,0.0,0.0,0.0
B,R02,training,23,34,0,0.0,0.0,0.0,0.0
B,R02,training,23,35,0,0.0,0.0,0.0,0.0
B,R02,training,23,36,0,0.0,0.0,0.0,0.0
B,R02,training,23,37,0,0.0,0.0,0.0,0.0
B,R02,training,23,38,0,0.0,0.0,0.0,0.0
B,R02,training,23,39,0,0.0,0.0,0.0,0.0
B,R02,training,23,40,0,0.0,0.0,0.0,0.0
B,R02,training,23,41,0,0.0,0.0,0.0,0.0
B,R02,training,23,42,0,0.0,0.0,0.0,0.0
B,R02,training,23,43,0,0.0,0.0,0.0,0.0
B,R02,training,23,44,0,0.0,0.0,0.0,0.0
B,R02,training,23,45,0,0.0,0.0,0.0,0.0
B,R02,training,23,46,0,0.0,0.0,0.0,0.0
B,R02,training,23,47,0,0.0,0.0,0.0,0.0
B,R02,training,23,48,0,0.0,0.0,0.0,0.0
B,R02,training,23,49,0,0.0,0.0,0.0,0.0
B,R02,training,23,50,0,0.0,0.0,0.0,0.0
B,R02,training,23,51,0,0.0,0.0,0.0,0.0
B,R02,training,23,52,0,0.0,0.0,0.0,0.0
B,R02,training,23,53,0,0.0,0.0,0.0,0.0
B,R02,training,23,54,0,0.0,0.0,0.0,0.0
B,R02,training,23,55,0,0.0,0.0,0.0,0.0
B,R02,training,23,56,0,0.0,0.0,0.0,0.0
B,R02,training,23,57,0,0.0,0.0,0.0,0.0
B,R02,training,23,58,0,0.0,0.0,0.0,0.0
B,R02,training,23,59,0,0.0,0.0,0.0,0.0
B,R02,training,23,60,0,0.0,0.0,0.0,0.0
B,R02,training,23,61,0,0.0,0.0,0.0,0.0
B,R02,training,23,62,0,0.0,0.0,0.0,0.0
B,R02,training,23,63,0,0.0,0.0,0.0,0.0
B,R02,training,23,64,0,0.0,0.0,0.0,0.0
B,R02,training,23,65,0,0.0,0.0,0.0,0.0
B,R02,training,23,66,0,0.0,0.0,0.0,0.0
B,R02,training,23,67,0,0.0,0.0,0.0,0.0
B,R02,training,23,68,0,0.0,0.0,0.0,0.0
B,R02,training,23,69,0,0.0,0.0,0.0,0.0
B,R02,training,23,70,0,0.0,0.0,0.0,0.0
B,R02,training,23,71,0,0.0,0.0,0.0,0.0
B,R02,training,23,72,0,0.0,0.0,0.0,0.0
B,R02,training,23,73,0,0.0,0.0,0.0,0.0
B,R02,training,23,74,0,0.0,0.0,0.0,0.0
B,R02,training,23,75,0,0.0,0.0,0.0,0.0
B,R02,training,23,76,0,0.0,0.0,0.0,0.0
B,R02,training,23,77,0,0.0,0.0,0.0,0.0
B,R02,training,23,78,0,0.0,0.0,0.0,0.0
B,R02,training,23,79,0,0.0,0.0,0.0,0.0
B,R02,training,23,80,0,0.0,0.0,0.0,0.0
B,R02,training,23,81,0,0.0,0.0,0.0,0.0
B,R02,training,23,82,0,0.0,0.0,0.0,0.0
B,R02,training,23,83,0,0.0,0.0,0.0,0.0
B,R02,training,23,84,0,0.0,0.0,0.0,0.0
B,R02,training,23,85,0,0.0,0.0,0.0,0.0
B,R02,training,23,86,0,0.0,0.0,0.0,0.0
B,R02,training,23,87,0,0.0,0.0,0.0,0.0
B,R02,training,23,88,0,0.0,0.0,0.0,0.0
B,R02,training,23,89,0,0.0,0.0,0.0,0.0
B,R02,training,23,90,0,0.0,0.0,0.0,0.0
B,R02,training,23,91,0,0.0,0.0,0.0,0.0
B,R02,training,23,92,0,0.0,0.0,0.0,0.0
B,R02,training,23,93,0,0.0,0.0,0.0,0.0
B,R02,training,23,94,0,0.0,0.0,0.0,0.0
B,R02,training,23,95,0,0.0,0.0,0.0,0.0
B,R02,training,23,96,0,0.0,0.0,0.0,0.0
B,R02,training,23,97,0,0.0,0.0,0.0,0.0
B,R02,training,23,98,0,0.0,0.0,0.0,0.0
B,R02,training,23,99,0,0.0,0.0,0.0,0.0
B,R02,training,23,100,0,0.0,0.0,0.0,0.0
B,R02,training,23,101,0,0.0,0.0,0.0,0.0
B,R02,training,23,102,0,0.0,0.0,0.0,0.0
B,R02,training,23,103,0,0.0,0.0,0.0,0.0
B,R02,training,23,104,0,0.0,0.0,0.0,0.0
B,R02,training,23,105,0,0.0,0.0,0.0,0.0
B,R02,training,23,106,0,0.0,0.0,0.0,0.0
B,R02,training,23,107,0,0.0,0.0,0.0,0.0
B,R02,training,23,108,0,0.0,0.0,0.0,0.0
B,R02,training,23,109,0,0.0,0.0,0.0,0.0
B,R02,training,23,110,0,0.0,0.0,0.0,0.0
B,R02,training,23,111,0,0.0,0.0,0.0,0.0
B,R02,training,23,112,0,0.0,0.0,0.0,0.0
B,R02,training,23,113,0,0.0,0.0,0.0,0.0
B,R02,training,23,114,0,0.0,0.0,0.0,0.0
B,R02,training,23,115,0,0.0,0.0,0.0,0.0
B,R02,training,23,116,0,0.0,0.0,0.0,0.0
B,R02,training,23,117,0,0.0,0.0,0.0,0.0
B,R02,training,23,118,0,0.0,0.0,0.0,0.0
B,R02,training,23,119,0,0.0,0.0,0.0,0.0
B,R02,training,23,120,0,0.0,0.0,0.0,0.0
B,R02,training,23,121,0,0.0,0.0,0.0,0.0
B,R02,training,23,122,0,0.0,0.0,0.0,0.0
B,R02,training,23,123,0,0.0,0.0,0.0,0.0
B,R02,training,23,124,0,0.0,0.0,0.0,0.0
B,R02,training,23,125,0,0.0,0.0,0.0,0.0
B,R02,training,23,126,0,0.0,0.0,0.0,0.0
B,R02,training,23,127,0,0.0,0.0,0.0,0.0
B,R02,training,23,128,0,0.0,0.0,0.0,0.0
B,R02,training,23,129,0,0.0,0.0,0.0,0.0
B,R02,training,23,130,0,0.0,0.0,0.0,0.0
B,R02,training,23,131,0,0.0,0.0,0.0,0.0
B,R02,training,23,132,0,0.0,0.0,0.0,0.0
B,R02,training,23,133,0,0.0,0.0,0.0,0.0
B,R02,training,23,134,0,0.0,0.0,0.0,0.0
B,R02,training,23,135,0,0.0,0.0,0.0,0.0
B,R02,training,23,136,0,0.0,0.0,0.0,0.0
B,R02,training,23,137,0,0.0,0.0,0.0,0.0
B,R02,training,23,138,0,0.0,0.0,0.0,0.0
B,R02,training,23,139,0,0.0,0.0,0.0,0.0
B,R02,training,23,140,0,0.0,0.0,0.0,0.0
B,R02,training,23,141,0,0.0,0.0,0.0,0.0
B,R02,training,23,142,0,0.0,0.0,0.0,0.0
B,R02,training,23,143,0,0.0,0.0,0.0,0.0
B,R02,training,23,144,0,0.0,0.0,0.0,0.0
B,R02,training,23,145,0,0.0,0.0,0.0,0.0
B,R02,training,23,146,0,0.0,0.0,0.0,0.0
B,R02,training,23,147,0,0.0,0.0,0.0,0.0
B,R02,training,23,148,0,0.0,0.0,0.0,0.0
B,R02,training,23,149,0,0.0,0.0,0.0,0.0
B,R02,training,23,150,0,0.0,0.0,0.0,0.0
B,R02,training,23,151,0,0.0,0.0,0.0,0.0
B,R02,training,23,152,0,0.0,0.0,0.0,0.0
B,R02,training,23,153,0,0.0,0.0,0.0,0.0
B,R02,training,23,154,0,0.0,0.0,0.0,0.0
B,R02,training,23,155,0,0.0,0.0,0.0,0.0
B,R02,training,23,156,0,0.0,0.0,0.0,0.0
B,R02,training,23,157,0,0.0,0.0,0.0,0.0
B,R02,training,23,158,0,0.0,0.0,0.0,0.0
B,R02,training,23,159,0,0.0,0.0,0.0,0.0
B,R02,training,23,160,0,0.0,0.0,0.0,0.0
B,R02,training,23,161,0,0.0,0.0,0.0,0.0
B,R02,training,23,162,0,0.0,0.0,0.0,0.0
B,R02,training,23,163,0,0.0,0.0,0.0,0.0
B,R02,training,23,164,0,0.0,0.0,0.0,0.0
B,R02,training,23,165,0,0.0,0.0,0.0,0.0
B,R02,training,23,166,0,0.0,0.0,0.0,0.0
B,R02,training,23,167,0,0.0,0.0,0.0,0.0
B,R02,training,23,168,0,0.0,0.0,0.0,0.0
B,R02,training,23,169,0,0.0,0.0,0.0,0.0
B,R02,training,23,170,0,0.0,0.0,0.0,0.0
B,R02,training,23,171,0,0.0,0.0,0.0,0.0
B,R02,training,23,172,0,0.0,0.0,0.0,0.0
B,R02,training,23,173,0,0.0,0.0,0.0,0.0
B,R02,training,23,174,0,0.0,0.0,0.0,0.0
B,R02,training,23,175,0,0.0,0.0,0.0,0.0
B,R02,training,23,176,0,0.0,0.0,0.0,0.0
B,R02,training,23,177,0,0.0,0.0,0.0,0.0
B,R02,training,23,178,0,0.0,0.0,0.0,0.0
B,R02,training,23,179,0,0.0,0.0,0.0,0.0
B,R02,training,23,180,0,0.0,0.0,0.0,0.0
B,R02,training,23,181,0,0.0,0.0,0.0,0.0
B,R02,training,23,182,0,0.0,0.0,0.0,0.0
B,R02,training,23,183,0,0.0,0.0,0.0,0.0
B,R02,training,23,184,0,0.0,0.0,0.0,0.0
B,R02,training,23,185,0,0.0,0.0,0.0,0.0
B,R02,training,23,186,0,0.0,0.0,0.0,0.0
B,R02,training,23,187,0,0.0,0.0,0.0,0.0
B,R02,training,23,188,0,0.0,0.0,0.0,0.0
B,R02,training,23,189,0,0.0,0.0,0.0,0.0
B,R02,training,23,190,0,0.0,0.0,0.0,0.0
B,R02,training,23,191,0,0.0,0.0,0.0,0.0
B,R02,training,23,192,0,0.0,0.0,0.0,0.0
B,R02,training,23,193,0,0.0,0.0,0.0,0.0
B,R02,training,23,194,0,0.0,0.0,0.0,0.0
B,R02,training,23,195,0,0.0,0.0,0.0,0.0
B,R02,training,23,196,0,0.0,0.0,0.0,0.0
B,R02,training,23,197,0,0.0,0.0,0.0,0.0
B,R02,training,23,198,0,0.0,0.0,0.0,0.0
B,R02,training,23,199,0,0.0,0.0,0.0,0.0
B,R02,training,23,200,0,0.0,0.0,0.0,0.0
B,R02,training,23,201,0,0.0,0.0,0.0,0.0
B,R02,training,23,202,0,0.0,0.0,0.0,0.0
B,R02,training,23,203,0,0.0,0.0,0.0,0.0
B,R02,training,23,204,0,0.0,0.0,0.0,0.0
B,R02,training,23,205,0,0.0,0.0,0.0,0.0
B,R02,training,23,206,0,0.0,0.0,0.0,0.0
B,R02,training,23,207,0,0.0,0.0,0.0,0.0
B,R02,training,23,208,0,0.0,0.0,0.0,0.0
B,R02,training,23,209,0,0.0,0.0,0.0,0.0
B,R02,training,23,210,0,0.0,0.0,0.0,0.0
B,R02,training,23,211,0,0.0,0.0,0.0,0.0
B,R02,training,23,212,0,0.0,0.0,0.0,0.0
B,R02,training,23,213,0,0.0,0.0,0.0,0.0
B,R02,training,23,214,0,0.0,0.0,0.0,0.0
B,R02,training,23,215,0,0.0,0.0,0.0,0.0
B,R02,training,23,216,0,0.0,0.0,0.0,0.0
B,R02,training,23,217,0,0.0,0.0,0.0,0.0
B,R02,training,23,218,0,0.0,0.0,0.0,0.0
B,R02,training,23,219,0,0.0,0.0,0.0,0.0
B,R02,training,23,220,0,0.0,0.0,0.0,0.0
B,R02,training,23,221,0,0.0,0.0,0.0,0.0
B,R02,training,23,222,0,0.0,0.0,0.0,0.0
B,R02,training,23,223,0,0.0,0.0,0.0,0.0
B,R02,training,23,224,0,0.0,0.0,0.0,0.0
B,R02,training,23,225,0,0.0,0.0,0.0,0.0
B,R02,training,23,226,0,0.0,0.0,0.0,0.0
B,R02,training,23,227,0,0.0,0.0,0.0,0.0
B,R02,training,23,228,0,0.0,0.0,0.0,0.0
B,R02,training,23,229,0,0.0,0.0,0.0,0.0
B,R02,training,23,230,0,0.0,0.0,0.0,0.0
B,R02,training,23,231,0,0.0,0.0,0.0,0.0
B,R02,training,23,232,0,0.0,0.0,0.0,0.0
B,R02,training,23,233,0,0.0,0.0,0.0,0.0
B,R02,training,23,234,0,0.0,0.0,0.0,0.0
B,R02,training,23,235,0,0.0,0.0,0.0,0.0
B,R02,training,23,236,0,0.0,0.0,0.0,0.0
B,R02,training,23,237,0,0.0,0.0,0.0,0.0
B,R02,training,23,238,0,0.0,0.0,0.0,0.0
B,R02,training,23,239,0,0.0,0.0,0.0,0.0
B,R02,training,23,240,0,0.0,0.0,0.0,0.0
B,R02,training,23,241,0,0.0,0.0,0.0,0.0
B,R02,training,23,242,0,0.0,0.0,0.0,0.0
B,R02,training,23,243,0,0.0,0.0,0.0,0.0
B,R02,training,23,244,0,0.0,0.0,0.0,0.0
B,R02,training,23,245,0,0.0,0.0,0.0,0.0
B,R02,training,23,246,0,0.0,0.0,0.0,0.0
B,R02,training,23,247,0,0.0,0.0,0.0,0.0
B,R02,training,23,248,0,0.0,0.0,0.0,0.0
B,R02,training,23,249,0,0.0,0.0,0.0,0.0
B,R02,training,23,250,0,0.0,0.0,0.0,0.0
B,R02,training,23,251,0,0.0,0.0,0.0,0.0
B,R02,training,23,252,0,0.0,0.0,0.0,0.0
B,R02,training,23,253,0,0.0,0.0,0.0,0.0
B,R02,training,23,254,0,0.0,0.0,0.0,0.0
B,R02,training,23,255,0,0.0,0.0,0.0,0.0
B,R02,training,23,256,0,0.0,0.0,0.0,0.0
B,R02,training,23,257,0,0.0,0.0,0.0,0.0
B,R02,training,23,258,0,0.0,0.0,0.0,0.0
B,R02,training,23,259,0,0.0,0.0,0.0,0.0
B,R02,training,23,260,0,0.0,0.0,0.0,0.0
B,R02,training,23,261,0,0.0,0.0,0.0,0.0
B,R02,training,23,262,0,0.0,0.0,0.0,0.0
B,R02,training,23,263,0,0.0,0.0,0.0,0.0
B,R02,training,23,264,0,0.0,0.0,0.0,0.0
B,R02,training,23,265,0,0.0,0.0,0.0,0.0
B,R02,training,23,266,0,0.0,0.0,0.0,0.0
B,R02,training,23,267,0,0.0,0.0,0.0,0.0
B,R02,training,23,268,0,0.0,0.0,0.0,0.0
B,R02,training,23,269,0,0.0,0.0,0.0,0.0
B,R02,training,23,270,0,0.0,0.0,0.0,0.0
B,R02,training,23,271,0,0.0,0.0,0.0,0.0
B,R02,training,23,272,0,0.0,0.0,0.0,0.0
B,R02,training,23,273,0,0.0,0.0,0.0,0.0
B,R02,training,23,274,0,0.0,0.0,0.0,0.0
B,R02,training,23,275,0,0.0,0.0,0.0,0.0
B,R02,training,23,276,0,0.0,0.0,0.0,0.0
B,R02,training,23,277,0,0.0,0.0,0.0,0.0
B,R02,training,23,278,0,0.0,0.0,0.0,0.0
B,R02,training,23,279,0,0.0,0.0,0.0,0.0
B,R02,training,23,280,0,0.0,0.0,0.0,0.0
B,R02,training,23,281,0,0.0,0.0,0.0,0.0
B,R02,training,23,282,0,0.0,0.0,0.0,0.0
B,R02,training,23,283,0,0.0,0.0,0.0,0.0
B,R02,training,23,284,0,0.0,0.0,0.0,0.0
B,R02,training,23,285,0,0.0,0.0,0.0,0.0
B,R02,training,23,286,0,0.0,0.0,0.0,0.0
B,R02,training,23,287,0,0.0,0.0,0.0,0.0
B,R02,training,23,288,0,0.0,0.0,0.0,0.0
B,R02,training,23,289,0,0.0,0.0,0.0,0.0
B,R02,training,23,290,0,0.0,0.0,0.0,0.0
B,R02,training,23,291,0,0.0,0.0,0.0,0.0
B,R02,training,23,292,0,0.0,0.0,0.0,0.0
B,R02,training,23,293,0,0.0,0.0,0.0,0.0
B,R02,training,23,294,0,0.0,0.0,0.0,0.0
B,R02,training,23,295,0,0.0,0.0,0.0,0.0
B,R02,training,23,296,0,0.0,0.0,0.0,0.0
B,R02,training,23,297,0,0.0,0.0,0.0,0.0
B,R02,training,23,298,0,0.0,0.0,0.0,0.0
B,R02,training,23,299,0,0.0,0.0,0.0,0.0
B,R02,training,23,300,0,0.0,0.0,0.0,0.0
B,R02,training,23,301,0,0.0,0.0,0.0,0.0
B,R02,training,23,302,0,0.0,0.0,0.0,0.0
B,R02,training,23,303,0,0.0,0.0,0.0,0.0
B,R02,training,23,304,0,0.0,0.0,0.0,0.0
B,R02,training,23,305,0,0.0,0.0,0.0,0.0
B,R02,training,23,306,0,0.0,0.0,0.0,0.0
B,R02,training,23,307,0,0.0,0.0,0.0,0.0
B,R02,training,23,308,0,0.0,0.0,0.0,0.0
B,R02,training,23,309,0,0.0,0.0,0.0,0.0
B,R02,training,23,310,0,0.0,0.0,0.0,0.0
B,R02,training,23,311,0,0.0,0.0,0.0,0.0
B,R02,training,23,312,0,0.0,0.0,0.0,0.0
B,R02,training,23,313,0,0.0,0.0,0.0,0.0
B,R02,training,23,314,0,0.0,0.0,0.0,0.0
B,R02,training,23,315,0,0.0,0.0,0.0,0.0
B,R02,training,23,316,0,0.0,0.0,0.0,0.0
B,R02,training,23,317,0,0.0,0.0,0.0,0.0
B,R02,training,23,318,0,0.0,0.0,0.0,0.0
B,R02,training,23,319,0,0.0,0.0,0.0,0.0
B,R02,training,23,320,0,0.0,0.0,0.0,0.0
B,R02,training,23,321,0,0.0,0.0,0.0,0.0
B,R02,training,23,322,0,0.0,0.0,0.0,0.0
B,R02,training,23,323,0,0.0,0.0,0.0,0.0
B,R02,training,23,324,0,0.0,0.0,0.0,0.0
B,R02,training,23,325,0,0.0,0.0,0.0,0.0
B,R02,training,23,326,0,0.0,0.0,0.0,0.0
B,R02,training,23,327,0,0.0,0.0,0.0,0.0
B,R02,training,23,328,0,0.0,0.0,0.0,0.0
B,R02,training,23,329,0,0.0,0.0,0.0,0.0
B,R02,training,23,330,0,0.0,0.0,0.0,0.0
B,R02,training,23,331,0,0.0,0.0,0.0,0.0
B,R02,training,23,332,0,0.0,0.0,0.0,0.0
B,R02,training,23,333,0,0.0,0.0,0.0,0.0
B,R02,training,23,334,0,0.0,0.0,0.0,0.0
B,R02,training,23,335,0,0.0,0.0,0.0,0.0
B,R02,training,23,336,0,0.0,0.0,0.0,0.0
B,R02,training,23,337,0,0.0,0.0,0.0,0.0
B,R02,training,23,338,0,0.0,0.0,0.0,0.0
B,R02,training,23,339,0,0.0,0.0,0.0,0.0
B,R02,training,23,340,0,0.0,0.0,0.0,0.0
B,R02,training,23,341,0,0.0,0.0,0.0,0.0
B,R02,training,23,342,0,0.0,0.0,0.0,0.0
B,R02,training,23,343,0,0.0,0.0,0.0,0.0
B,R02,training,23,344,0,0.0,0.0,0.0,0.0
B,R02,training,23,345,0,0.0,0.0,0.0,0.0
B,R02,training,23,346,0,0.0,0.0,0.0,0.0
B,R02,training,23,347,0,0.0,0.0,0.0,0.0
B,R02,training,23,348,0,0.0,0.0,0.0,0.0
B,R02,training,23,349,0,0.0,0.0,0.0,0.0
B,R02,training,23,350,0,0.0,0.0,0.0,0.0
B,R02,training,23,351,0,0.0,0.0,0.0,0.0
B,R02,training,23,352,0,0.0,0.0,0.0,0.0
B,R02,training,23,353,0,0.0,0.0,0.0,0.0
B,R02,training,23,354,0,0.0,0.0,0.0,0.0
B,R02,training,23,355,0,0.0,0.0,0.0,0.0
B,R02,training,23,356,0,0.0,0.0,0.0,0.0
B,R02,training,23,357,0,0.0,0.0,0.0,0.0
B,R02,training,23,358,0,0.0,0.0,0.0,0.0
B,R02,training,23,359,0,0.0,0.0,0.0,0.0
B,R02,training,23,360,0,0.0,0.0,0.0,0.0
B,R02,training,23,361,0,0.0,0.0,0.0,0.0
B,R02,training,23,362,0,0.0,0.0,0.0,0.0
B,R02,training,23,363,0,0.0,0.0,0.0,0.0
B,R02,training,23,364,0,0.0,0.0,0.0,0.0
B,R02,training,23,365,0,0.0,0.0,0.0,0.0
B,R02,training,23,366,0,0.0,0.0,0.0,0.0
B,R02,training,23,367,0,0.0,0.0,0.0,0.0
B,R02,training,23,368,0,0.0,0.0,0.0,0.0
B,R02,training,23,369,0,0.0,0.0,0.0,0.0
B,R02,training,23,370,0,0.0,0.0,0.0,0.0
B,R02,training,23,371,0,0.0,0.0,0.0,0.0
B,R02,training,23,372,0,0.0,0.0,0.0,0.0
B,R02,training,23,373,0,0.0,0.0,0.0,0.0
B,R02,training,23,374,0,0.0,0.0,0.0,0.0
B,R02,training,23,375,0,0.0,0.0,0.0,0.0
B,R02,training,23,376,0,0.0,0.0,0.0,0.0
B,R02,training,23,377,0,0.0,0.0,0.0,0.0
B,R02,training,23,378,0,0.0,0.0,0.0,0.0
B,R02,training,23,379,0,0.0,0.0,0.0,0.0
B,R02,training,23,380,0,0.0,0.0,0.0,0.0
B,R02,training,23,381,0,0.0,0.0,0.0,0.0
B,R02,training,23,382,0,0.0,0.0,0.0,0.0
B,R02,training,23,383,0,0.0,0.0,0.0,0.0
B,R02,training,23,384,0,0.0,0.0,0.0,0.0
B,R02,training,23,385,0,0.0,0.0,0.0,0.0
B,R02,training,23,386,0,0.0,0.0,0.0,0.0
B,R02,training,23,387,0,0.0,0.0,0.0,0.0
B,R02,training,23,388,0,0.0,0.0,0.0,0.0
B,R02,training,23,389,0,0.0,0.0,0.0,0.0
B,R02,training,23,390,0,0.0,0.0,0.0,0.0
B,R02,training,23,391,0,0.0,0.0,0.0,0.0
B,R02,training,23,392,0,0.0,0.0,0.0,0.0
B,R02,training,23,393,0,0.0,0.0,0.0,0.0
B,R02,training,23,394,0,0.0,0.0,0.0,0.0
B,R02,training,23,395,0,0.0,0.0,0.0,0.0
B,R02,training,23,396,0,0.0,0.0,0.0,0.0
B,R02,training,23,397,0,0.0,0.0,0.0,0.0
B,R02,training,23,398,0,0.0,0.0,0.0,0.0
B,R02,training,23,399,0,0.0,0.0,0.0,0.0
B,R02,training,23,400,0,0.0,0.0,0.0,0.0
B,R02,training,23,401,0,0.0,0.0,0.0,0.0
B,R02,training,23,402,0,0.0,0.0,0.0,0.0
B,R02,training,23,403,0,0.0,0.0,0.0,0.0
B,R02,training,23,404,0,0.0,0.0,0.0,0.0
B,R02,training,23,405,0,0.0,0.0,0.0,0.0
B,R02,training,23,406,0,0.0,0.0,0.0,0.0
B,R02,training,23,407,0,0.0,0.0,0.0,0.0
B,R02,training,23,408,0,0.0,0.0,0.0,0.0
B,R02,training,23,409,0,0.0,0.0,0.0,0.0
B,R02,training,23,410,0,0.0,0.0,0.0,0.0
B,R02,training,23,411,0,0.0,0.0,0.0,0.0
B,R02,training,23,412,0,0.0,0.0,0.0,0.0
B,R02,training,23,413,0,0.0,0.0,0.0,0.0
B,R02,training,23,414,0,0.0,0.0,0.0,0.0
B,R02,training,23,415,0,0.0,0.0,0.0,0.0
B,R02,training,23,416,0,0.0,0.0,0.0,0.0
B,R02,training,23,417,0,0.0,0.0,0.0,0.0
B,R02,training,23,418,0,0.0,0.0,0.0,0.0
B,R02,training,23,419,0,0.0,0.0,0.0,0.0
B,R02,training,23,420,0,0.0,0.0,0.0,0.0
B,R02,training,23,421,0,0.0,0.0,0.0,0.0
B,R02,training,23,422,0,0.0,0.0,0.0,0.0
B,R02,training,23,423,0,0.0,0.0,0.0,0.0
B,R02,training,23,424,0,0.0,0.0,0.0,0.0
B,R02,training,23,425,0,0.0,0.0,0.0,0.0
B,R02,training,23,426,0,0.0,0.0,0.0,0.0
B,R02,training,23,427,0,0.0,0.0,0.0,0.0
B,R02,training,23,428,0,0.0,0.0,0.0,0.0
B,R02,training,23,429,0,0.0,0.0,0.0,0.0
B,R02,training,23,430,0,0.0,0.0,0.0,0.0
B,R02,training,23,431,0,0.0,0.0,0.0,0.0
B,R02,training,23,432,0,0.0,0.0,0.0,0.0
B,R02,training,23,433,0,0.0,0.0,0.0,0.0
B,R02,training,23,434,0,0.0,0.0,0.0,0.0
B,R02,training,23,435,0,0.0,0.0,0.0,0.0
B,R02,training,23,436,0,0.0,0.0,0.0,0.0
B,R02,training,23,437,0,0.0,0.0,0.0,0.0
B,R02,training,23,438,0,0.0,0.0,0.0,0.0
B,R02,training,23,439,0,0.0,0.0,0.0,0.0
B,R02,training,23,440,0,0.0,0.0,0.0,0.0
B,R02,training,23,441,0,0.0,0.0,0.0,0.0
B,R02,training,23,442,0,0.0,0.0,0.0,0.0
B,R02,training,23,443,0,0.0,0.0,0.0,0.0
B,R02,training,23,444,0,0.0,0.0,0.0,0.0
B,R02,training,23,445,0,0.0,0.0,0.0,0.0
B,R02,training,23,446,0,0.0,0.0,0.0,0.0
B,R02,training,23,447,0,0.0,0.0,0.0,0.0
B,R02,training,23,448,0,0.0,0.0,0.0,0.0
B,R02,training,23,449,0,0.0,0.0,0.0,0.0
B,R02,training,23,450,0,0.0,0.0,0.0,0.0
B,R02,training,23,451,0,0.0,0.0,0.0,0.0
B,R02,training,23,452,0,0.0,0.0,0.0,0.0
B,R02,training,23,453,0,0.0,0.0,0.0,0.0
B,R02,training,23,454,0,0.0,0.0,0.0,0.0
B,R02,training,23,455,0,0.0,0.0,0.0,0.0
B,R02,training,23,456,0,0.0,0.0,0.0,0.0
B,R02,training,23,457,0,0.0,0.0,0.0,0.0
B,R02,training,23,458,0,0.0,0.0,0.0,0.0
B,R02,training,23,459,0,0.0,0.0,0.0,0.0
B,R02,training,23,460,0,0.0,0.0,0.0,0.0
B,R02,training,23,461,0,0.0,0.0,0.0,0.0
B,R02,training,23,462,0,0.0,0.0,0.0,0.0
B,R02,training,23,463,0,0.0,0.0,0.0,0.0
B,R02,training,23,464,0,0.0,0.0,0.0,0.0
B,R02,training,23,465,0,0.0,0.0,0.0,0.0
B,R02,training,23,466,0,0.0,0.0,0.0,0.0
B,R02,training,23,467,0,0.0,0.0,0.0,0.0
B,R02,training,23,468,0,0.0,0.0,0.0,0.0
B,R02,training,23,469,0,0.0,0.0,0.0,0.0
B,R02,training,23,470,0,0.0,0.0,0.0,0.0
B,R02,training,23,471,0,0.0,0.0,0.0,0.0
B,R02,training,23,472,0,0.0,0.0,0.0,0.0
B,R02,training,23,473,0,0.0,0.0,0.0,0.0
B,R02,training,23,474,0,0.0,0.0,0.0,0.0
B,R02,training,23,475,0,0.0,0.0,0.0,0.0
B,R02,training,23,476,0,0.0,0.0,0.0,0.0
B,R02,training,23,477,0,0.0,0.0,0.0,0.0
B,R02,training,23,478,0,0.0,0.0,0.0,0.0
B,R02,training,23,479,0,0.0,0.0,0.0,0.0
B,R02,training,23,480,0,0.0,0.0,0.0,0.0
B,R02,training,23,481,0,0.0,0.0,0.0,0.0
B,R02,training,23,482,0,0.0,0.0,0.0,0.0
B,R02,training,23,483,0,0.0,0.0,0.0,0.0
B,R02,training,23,484,0,0.0,0.0,0.0,0.0
B,R02,training,23,485,0,0.0,0.0,0.0,0.0
B,R02,training,23,486,0,0.0,0.0,0.0,0.0
B,R02,training,23,487,0,0.0,0.0,0.0,0.0
B,R02,training,23,488,0,0.0,0.0,0.0,0.0
B,R02,training,23,489,0,0.0,0.0,0.0,0.0
B,R02,training,23,490,0,0.0,0.0,0.0,0.0
B,R02,training,23,491,0,0.0,0.0,0.0,0.0
B,R02,training,23,492,0,0.0,0.0,0.0,0.0
B,R02,training,23,493,0,0.0,0.0,0.0,0.0
B,R02,training,23,494,0,0.0,0.0,0.0,0.0
B,R02,training,23,495,0,0.0,0.0,0.0,0.0
B,R02,training,23,496,0,0.0,0.0,0.0,0.0
B,R02,training,23,497,0,0.0,0.0,0.0,0.0
B,R02,training,23,498,0,0.0,0.0,0.0,0.0
B,R02,training,23,499,0,0.0,0.0,0.0,0.0
B,R02,training,23,500,0,0.0,0.0,0.0,0.0
B,R02,training,23,501,0,0.0,0.0,0.0,0.0
B,R02,training,23,502,0,0.0,0.0,0.0,0.0
B,R02,training,23,503,0,0.0,0.0,0.0,0.0
B,R02,training,23,504,0,0.0,0.0,0.0,0.0
B,R02,training,23,505,0,0.0,0.0,0.0,0.0
B,R02,training,23,506,0,0.0,0.0,0.0,0.0
B,R02,training,23,507,0,0.0,0.0,0.0,0.0
B,R02,training,23,508,0,0.0,0.0,0.0,0.0
B,R02,training,23,509,0,0.0,0.0,0.0,0.0
B,R02,training,23,510,0,0.0,0.0,0.0,0.0
B,R02,training,23,511,0,0.0,0.0,0.0,0.0
B,R02,training,23,512,0,0.0,0.0,0.0,0.0
B,R02,training,23,513,0,0.0,0.0,0.0,0.0
B,R02,training,23,514,0,0.0,0.0,0.0,0.0
B,R02,training,23,515,0,0.0,0.0,0.0,0.0
B,R02,training,23,516,0,0.0,0.0,0.0,0.0
B,R02,training,23,517,0,0.0,0.0,0.0,0.0
B,R02,training,23,518,0,0.0,0.0,0.0,0.0
B,R02,training,23,519,0,0.0,0.0,0.0,0.0
B,R02,training,23,520,0,0.0,0.0,0.0,0.0
B,R02,training,23,521,0,0.0,0.0,0.0,0.0
B,R02,training,23,522,0,0.0,0.0,0.0,0.0
B,R02,training,23,523,0,0.0,0.0,0.0,0.0
B,R02,training,23,524,0,0.0,0.0,0.0,0.0
B,R02,training,23,525,0,0.0,0.0,0.0,0.0
B,R02,training,23,526,0,0.0,0.0,0.0,0.0
B,R02,training,23,527,0,0.0,0.0,0.0,0.0
B,R02,training,23,528,0,0.0,0.0,0.0,0.0
B,R02,training,23,529,0,0.0,0.0,0.0,0.0
B,R02,training,23,530,0,0.0,0.0,0.0,0.0
B,R02,training,23,531,0,0.0,0.0,0.0,0.0
B,R02,training,23,532,0,0.0,0.0,0.0,0.0
B,R02,training,23,533,0,0.0,0.0,0.0,0.0
B,R02,training,23,534,0,0.0,0.0,0.0,0.0
B,R02,training,23,535,0,0.0,0.0,0.0,0.0
B,R02,training,23,536,0,0.0,0.0,0.0,0.0
B,R02,training,23,537,0,0.0,0.0,0.0,0.0
B,R02,training,23,538,0,0.0,0.0,0.0,0.0
B,R02,training,23,539,0,0.0,0.0,0.0,0.0
B,R02,training,23,540,0,0.0,0.0,0.0,0.0
B,R02,training,23,541,0,0.0,0.0,0.0,0.0
B,R02,training,23,542,0,0.0,0.0,0.0,0.0
B,R02,training,23,543,0,0.0,0.0,0.0,0.0
B,R02,training,23,544,0,0.0,0.0,0.0,0.0
B,R02,training,23,545,0,0.0,0.0,0.0,0.0
B,R02,training,23,546,0,0.0,0.0,0.0,0.0
B,R02,training,23,547,0,0.0,0.0,0.0,0.0
B,R02,training,23,548,0,0.0,0.0,0.0,0.0
B,R02,training,23,549,0,0.0,0.0,0.0,0.0
B,R02,training,23,550,0,0.0,0.0,0.0,0.0
B,R02,training,23,551,0,0.0,0.0,0.0,0.0
B,R02,training,23,552,0,0.0,0.0,0.0,0.0
B,R02,training,23,553,0,0.0,0.0,0.0,0.0
B,R02,training,23,554,0,0.0,0.0,0.0,0.0
B,R02,training,23,555,0,0.0,0.0,0.0,0.0
B,R02,training,23,556,0,0.0,0.0,0.0,0.0
B,R02,training,23,557,0,0.0,0.0,0.0,0.0
B,R02,training,23,558,0,0.0,0.0,0.0,0.0
B,R02,training,23,559,0,0.0,0.0,0.0,0.0
B,R02,training,23,560,0,0.0,0.0,0.0,0.0
B,R02,training,23,561,0,0.0,0.0,0.0,0.0
B,R02,training,23,562,0,0.0,0.0,0.0,0.0
B,R02,training,23,563,0,0.0,0.0,0.0,0.0
B,R02,training,23,564,0,0.0,0.0,0.0,0.0
B,R02,training,23,565,0,0.0,0.0,0.0,0.0
B,R02,training,23,566,0,0.0,0.0,0.0,0.0
B,R02,training,23,567,0,0.0,0.0,0.0,0.0
B,R02,training,23,568,0,0.0,0.0,0.0,0.0
B,R02,training,23,569,0,0.0,0.0,0.0,0.0
B,R02,training,23,570,0,0.0,0.0,0.0,0.0
B,R02,training,23,571,0,0.0,0.0,0.0,0.0
B,R02,training,23,572,0,0.0,0.0,0.0,0.0
B,R02,training,23,573,0,0.0,0.0,0.0,0.0
B,R02,training,23,574,0,0.0,0.0,0.0,0.0
B,R02,training,23,575,0,0.0,0.0,0.0,0.0
B,R02,training,23,576,0,0.0,0.0,0.0,0.0
B,R02,training,23,577,0,0.0,0.0,0.0,0.0
B,R02,training,23,578,0,0.0,0.0,0.0,0.0
B,R02,training,23,579,0,0.0,0.0,0.0,0.0
B,R02,training,23,580,0,0.0,0.0,0.0,0.0
B,R02,training,23,581,0,0.0,0.0,0.0,0.0
B,R02,training,23,582,0,0.0,0.0,0.0,0.0
B,R02,training,23,583,0,0.0,0.0,0.0,0.0
B,R02,training,23,584,0,0.0,0.0,0.0,0.0
B,R02,training,23,585,0,0.0,0.0,0.0,0.0
B,R02,training,23,586,0,0.0,0.0,0.0,0.0
B,R02,training,23,587,0,0.0,0.0,0.0,0.0
B,R02,training,23,588,0,0.0,0.0,0.0,0.0
B,R02,training,23,589,0,0.0,0.0,0.0,0.0
B,R02,training,23,590,0,0.0,0.0,0.0,0.0
B,R02,training,23,591,0,0.0,0.0,0.0,0.0
B,R02,training,23,592,0,0.0,0.0,0.0,0.0
B,R02,training,23,593,0,0.0,0.0,0.0,0.0
B,R02,training,23,594,0,0.0,0.0,0.0,0.0
B,R02,training,23,595,0,0.0,0.0,0.0,0.0
B,R02,training,23,596,0,0.0,0.0,0.0,0.0
B,R02,training,23,597,0,0.0,0.0,0.0,0.0
B,R02,training,23,598,0,0.0,0.0,0.0,0.0
B,R02,training,23,599,0,0.0,0.0,0.0,0.0
B,R02,training,23,600,0,0.0,0.0,0.0,0.0
B,R02,training,23,601,0,0.0,0.0,0.0,0.0
B,R02,training,23,602,0,0.0,0.0,0.0,0.0
B,R02,training,23,603,0,0.0,0.0,0.0,0.0
B,R02,training,23,604,0,0.0,0.0,0.0,0.0
B,R02,training,23,605,0,0.0,0.0,0.0,0.0
B,R02,training,23,606,0,0.0,0.0,0.0,0.0
B,R02,training,23,607,0,0.0,0.0,0.0,0.0
B,R02,training,23,608,0,0.0,0.0,0.0,0.0
B,R02,training,23,609,0,0.0,0.0,0.0,0.0
B,R02,training,23,610,0,0.0,0.0,0.0,0.0
B,R02,training,23,611,0,0.0,0.0,0.0,0.0
C,R02,training,23,0,0,0.0,0.0,0.0,0.0
C,R02,training,23,1,0,0.0,0.0,0.0,0.0
C,R02,training,23,2,0,0.0,0.0,0.0,0.0
C,R02,training,23,3,0,0.0,0.0,0.0,0.0
C,R02,training,23,4,0,0.0,0.0,0.0,0.0
C,R02,training,23,5,0,0.0,0.0,0.0,0.0
C,R02,training,23,6,0,0.0,0.0,0.0,0.0
C,R02,training,23,7,0,0.0,0.0,0.0,0.0
C,R02,training,23,8,0,0.0,0.0,0.0,0.0
C,R02,training,23,9,0,0.0,0.0,0.0,0.0
C,R02,training,23,10,0,0.0,0.0,0.0,0.0
C,R02,training,23,11,0,0.0,0.0,0.0,0.0
C,R02,training,23,12,0,0.0,0.0,0.0,0.0
C,R02,training,23,13,0,0.0,0.0,0.0,0.0
C,R02,training,23,14,0,0.0,0.0,0.0,0.0
C,R02,training,23,15,0,0.0,0.0,0.0,0.0
C,R02,training,23,16,0,0.0,0.0,0.0,0.0
C,R02,training,23,17,0,0.0,0.0,0.0,0.0
C,R02,training,23,18,0,0.0,0.0,0.0,0.0
C,R02,training,23,19,0,0.0,0.0,0.0,0.0
C,R02,training,23,20,0,0.0,0.0,0.0,0.0
C,R02,training,23,21,0,0.0,0.0,0.0,0.0
C,R02,training,23,22,0,0.0,0.0,0.0,0.0
C,R02,training,23,23,0,0.0,0.0,0.0,0.0
C,R02,training,23,24,0,0.0,0.0,0.0,0.0
C,R02,training,23,25,0,0.0,0.0,0.0,0.0
C,R02,training,23,26,0,0.0,0.0,0.0,0.0
C,R02,training,23,27,0,0.0,0.0,0.0,0.0
C,R02,training,23,28,0,0.0,0.0,0.0,0.0
C,R02,training,23,29,0,0.0,0.0,0.0,0.0
C,R02,training,23,30,0,0.0,0.0,0.0,0.0
C,R02,training,23,31,0,0.0,0.0,0.0,0.0
C,R02,training,23,32,0,0.0,0.0,0.0,0.0
C,R02,training,23,33,0,0.0,0.0,0.0,0.0
C,R02,training,23,34,0,0.0,0.0,0.0,0.0
C,R02,training,23,35,0,0.0,0.0,0.0,0.0
C,R02,training,23,36,0,0.0,0.0,0.0,0.0
C,R02,training,23,37,0,0.0,0.0,0.0,0.0
C,R02,training,23,38,0,0.0,0.0,0.0,0.0
C,R02,training,23,39,0,0.0,0.0,0.0,0.0
C,R02,training,23,40,0,0.0,0.0,0.0,0.0
C,R02,training,23,41,0,0.0,0.0,0.0,0.0
C,R02,training,23,42,0,0.0,0.0,0.0,0.0
C,R02,training,23,43,0,0.0,0.0,0.0,0.0
C,R02,training,23,44,0,0.0,0.0,0.0,0.0
C,R02,training,23,45,0,0.0,0.0,0.0,0.0
C,R02,training,23,46,0,0.0,0.0,0.0,0.0
C,R02,training,23,47,0,0.0,0.0,0.0,0.0
C,R02,training,23,48,0,0.0,0.0,0.0,0.0
C,R02,training,23,49,0,0.0,0.0,0.0,0.0
C,R02,training,23,50,0,0.0,0.0,0.0,0.0
C,R02,training,23,51,0,0.0,0.0,0.0,0.0
C,R02,training,23,52,0,0.0,0.0,0.0,0.0
C,R02,training,23,53,0,0.0,0.0,0.0,0.0
C,R02,training,23,54,0,0.0,0.0,0.0,0.0
C,R02,training,23,55,0,0.0,0.0,0.0,0.0
C,R02,training,23,56,0,0.0,0.0,0.0,0.0
C,R02,training,23,57,0,0.0,0.0,0.0,0.0
C,R02,training,23,58,0,0.0,0.0,0.0,0.0
C,R02,training,23,59,0,0.0,0.0,0.0,0.0
C,R02,training,23,60,0,0.0,0.0,0.0,0.0
C,R02,training,23,61,0,0.0,0.0,0.0,0.0
C,R02,training,23,62,0,0.0,0.0,0.0,0.0
C,R02,training,23,63,0,0.0,0.0,0.0,0.0
C,R02,training,23,64,0,0.0,0.0,0.0,0.0
C,R02,training,23,65,0,0.0,0.0,0.0,0.0
C,R02,training,23,66,0,0.0,0.0,0.0,0.0
C,R02,training,23,67,0,0.0,0.0,0.0,0.0
C,R02,training,23,68,0,0.0,0.0,0.0,0.0
C,R02,training,23,69,0,0.0,0.0,0.0,0.0
C,R02,training,23,70,0,0.0,0.0,0.0,0.0
C,R02,training,23,71,0,0.0,0.0,0.0,0.0
C,R02,training,23,72,0,0.0,0.0,0.0,0.0
C,R02,training,23,73,0,0.0,0.0,0.0,0.0
C,R02,training,23,74,0,0.0,0.0,0.0,0.0
C,R02,training,23,75,0,0.0,0.0,0.0,0.0
C,R02,training,23,76,0,0.0,0.0,0.0,0.0
C,R02,training,23,77,0,0.0,0.0,0.0,0.0
C,R02,training,23,78,0,0.0,0.0,0.0,0.0
C,R02,training,23,79,0,0.0,0.0,0.0,0.0
C,R02,training,23,80,0,0.0,0.0,0.0,0.0
C,R02,training,23,81,0,0.0,0.0,0.0,0.0
C,R02,training,23,82,0,0.0,0.0,0.0,0.0
C,R02,training,23,83,0,0.0,0.0,0.0,0.0
C,R02,training,23,84,0,0.0,0.0,0.0,0.0
C,R02,training,23,85,0,0.0,0.0,0.0,0.0
C,R02,training,23,86,0,0.0,0.0,0.0,0.0
C,R02,training,23,87,0,0.0,0.0,0.0,0.0
C,R02,training,23,88,0,0.0,0.0,0.0,0.0
C,R02,training,23,89,0,0.0,0.0,0.0,0.0
C,R02,training,23,90,0,0.0,0.0,0.0,0.0
C,R02,training,23,91,0,0.0,0.0,0.0,0.0
C,R02,training,23,92,0,0.0,0.0,0.0,0.0
C,R02,training,23,93,0,0.0,0.0,0.0,0.0
C,R02,training,23,94,0,0.0,0.0,0.0,0.0
C,R02,training,23,95,0,0.0,0.0,0.0,0.0
C,R02,training,23,96,0,0.0,0.0,0.0,0.0
C,R02,training,23,97,0,0.0,0.0,0.0,0.0
C,R02,training,23,98,0,0.0,0.0,0.0,0.0
C,R02,training,23,99,0,0.0,0.0,0.0,0.0
C,R02,training,23,100,0,0.0,0.0,0.0,0.0
C,R02,training,23,101,0,0.0,0.0,0.0,0.0
C,R02,training,23,102,0,0.0,0.0,0.0,0.0
C,R02,training,23,103,0,0.0,0.0,0.0,0.0
C,R02,training,23,104,0,0.0,0.0,0.0,0.0
C,R02,training,23,105,0,0.0,0.0,0.0,0.0
C,R02,training,23,106,0,0.0,0.0,0.0,0.0
C,R02,training,23,107,0,0.0,0.0,0.0,0.0
C,R02,training,23,108,0,0.0,0.0,0.0,0.0
C,R02,training,23,109,0,0.0,0.0,0.0,0.0
C,R02,training,23,110,0,0.0,0.0,0.0,0.0
C,R02,training,23,111,0,0.0,0.0,0.0,0.0
C,R02,training,23,112,0,0.0,0.0,0.0,0.0
C,R02,training,23,113,0,0.0,0.0,0.0,0.0
C,R02,training,23,114,0,0.0,0.0,0.0,0.0
C,R02,training,23,115,0,0.0,0.0,0.0,0.0
C,R02,training,23,116,0,0.0,0.0,0.0,0.0
C,R02,training,23,117,0,0.0,0.0,0.0,0.0
C,R02,training,23,118,0,0.0,0.0,0.0,0.0
C,R02,training,23,119,0,0.0,0.0,0.0,0.0
C,R02,training,23,120,0,0.0,0.0,0.0,0.0
C,R02,training,23,121,0,0.0,0.0,0.0,0.0
C,R02,training,23,122,0,0.0,0.0,0.0,0.0
C,R02,training,23,123,0,0.0,0.0,0.0,0.0
C,R02,training,23,124,0,0.0,0.0,0.0,0.0
C,R02,training,23,125,0,0.0,0.0,0.0,0.0
C,R02,training,23,126,0,0.0,0.0,0.0,0.0
C,R02,training,23,127,0,0.0,0.0,0.0,0.0
C,R02,training,23,128,0,0.0,0.0,0.0,0.0
C,R02,training,23,129,0,0.0,0.0,0.0,0.0
C,R02,training,23,130,0,0.0,0.0,0.0,0.0
C,R02,training,23,131,0,0.0,0.0,0.0,0.0
C,R02,training,23,132,0,0.0,0.0,0.0,0.0
C,R02,training,23,133,0,0.0,0.0,0.0,0.0
C,R02,training,23,134,0,0.0,0.0,0.0,0.0
C,R02,training,23,135,0,0.0,0.0,0.0,0.0
C,R02,training,23,136,0,0.0,0.0,0.0,0.0
C,R02,training,23,137,0,0.0,0.0,0.0,0.0
C,R02,training,23,138,0,0.0,0.0,0.0,0.0
C,R02,training,23,139,0,0.0,0.0,0.0,0.0
C,R02,training,23,140,0,0.0,0.0,0.0,0.0
C,R02,training,23,141,0,0.0,0.0,0.0,0.0
C,R02,training,23,142,0,0.0,0.0,0.0,0.0
C,R02,training,23,143,0,0.0,0.0,0.0,0.0
C,R02,training,23,144,0,0.0,0.0,0.0,0.0
C,R02,training,23,145,0,0.0,0.0,0.0,0.0
C,R02,training,23,146,0,0.0,0.0,0.0,0.0
C,R02,training,23,147,0,0.0,0.0,0.0,0.0
C,R02,training,23,148,0,0.0,0.0,0.0,0.0
C,R02,training,23,149,0,0.0,0.0,0.0,0.0
C,R02,training,23,150,0,0.0,0.0,0.0,0.0
C,R02,training,23,151,0,0.0,0.0,0.0,0.0
C,R02,training,23,152,0,0.0,0.0,0.0,0.0
C,R02,training,23,153,0,0.0,0.0,0.0,0.0
C,R02,training,23,154,0,0.0,0.0,0.0,0.0
C,R02,training,23,155,0,0.0,0.0,0.0,0.0
C,R02,training,23,156,0,0.0,0.0,0.0,0.0
C,R02,training,23,157,0,0.0,0.0,0.0,0.0
C,R02,training,23,158,0,0.0,0.0,0.0,0.0
C,R02,training,23,159,0,0.0,0.0,0.0,0.0
C,R02,training,23,160,0,0.0,0.0,0.0,0.0
C,R02,training,23,161,0,0.0,0.0,0.0,0.0
C,R02,training,23,162,0,0.0,0.0,0.0,0.0
C,R02,training,23,163,0,0.0,0.0,0.0,0.0
C,R02,training,23,164,0,0.0,0.0,0.0,0.0
C,R02,training,23,165,0,0.0,0.0,0.0,0.0
C,R02,training,23,166,0,0.0,0.0,0.0,0.0
C,R02,training,23,167,0,0.0,0.0,0.0,0.0
C,R02,training,23,168,0,0.0,0.0,0.0,0.0
C,R02,training,23,169,0,0.0,0.0,0.0,0.0
C,R02,training,23,170,0,0.0,0.0,0.0,0.0
C,R02,training,23,171,0,0.0,0.0,0.0,0.0
C,R02,training,23,172,0,0.0,0.0,0.0,0.0
C,R02,training,23,173,0,0.0,0.0,0.0,0.0
C,R02,training,23,174,0,0.0,0.0,0.0,0.0
C,R02,training,23,175,0,0.0,0.0,0.0,0.0
C,R02,training,23,176,0,0.0,0.0,0.0,0.0
C,R02,training,23,177,0,0.0,0.0,0.0,0.0
C,R02,training,23,178,0,0.0,0.0,0.0,0.0
C,R02,training,23,179,0,0.0,0.0,0.0,0.0
C,R02,training,23,180,0,0.0,0.0,0.0,0.0
C,R02,training,23,181,0,0.0,0.0,0.0,0.0
C,R02,training,23,182,0,0.0,0.0,0.0,0.0
C,R02,training,23,183,0,0.0,0.0,0.0,0.0
C,R02,training,23,184,0,0.0,0.0,0.0,0.0
C,R02,training,23,185,0,0.0,0.0,0.0,0.0
C,R02,training,23,186,0,0.0,0.0,0.0,0.0
C,R02,training,23,187,0,0.0,0.0,0.0,0.0
C,R02,training,23,188,0,0.0,0.0,0.0,0.0
C,R02,training,23,189,0,0.0,0.0,0.0,0.0
C,R02,training,23,190,0,0.0,0.0,0.0,0.0
C,R02,training,23,191,0,0.0,0.0,0.0,0.0
C,R02,training,23,192,0,0.0,0.0,0.0,0.0
C,R02,training,23,193,0,0.0,0.0,0.0,0.0
C,R02,training,23,194,0,0.0,0.0,0.0,0.0
C,R02,training,23,195,0,0.0,0.0,0.0,0.0
C,R02,training,23,196,0,0.0,0.0,0.0,0.0
C,R02,training,23,197,0,0.0,0.0,0.0,0.0
C,R02,training,23,198,0,0.0,0.0,0.0,0.0
C,R02,training,23,199,0,0.0,0.0,0.0,0.0
C,R02,training,23,200,0,0.0,0.0,0.0,0.0
C,R02,training,23,201,0,0.0,0.0,0.0,0.0
C,R02,training,23,202,0,0.0,0.0,0.0,0.0
C,R02,training,23,203,0,0.0,0.0,0.0,0.0
C,R02,training,23,204,0,0.0,0.0,0.0,0.0
C,R02,training,23,205,0,0.0,0.0,0.0,0.0
C,R02,training,23,206,0,0.0,0.0,0.0,0.0
C,R02,training,23,207,0,0.0,0.0,0.0,0.0
C,R02,training,23,208,0,0.0,0.0,0.0,0.0
C,R02,training,23,209,0,0.0,0.0,0.0,0.0
C,R02,training,23,210,0,0.0,0.0,0.0,0.0
C,R02,training,23,211,0,0.0,0.0,0.0,0.0
C,R02,training,23,212,0,0.0,0.0,0.0,0.0
C,R02,training,23,213,0,0.0,0.0,0.0,0.0
C,R02,training,23,214,0,0.0,0.0,0.0,0.0
C,R02,training,23,215,0,0.0,0.0,0.0,0.0
C,R02,training,23,216,0,0.0,0.0,0.0,0.0
C,R02,training,23,217,0,0.0,0.0,0.0,0.0
C,R02,training,23,218,0,0.0,0.0,0.0,0.0
C,R02,training,23,219,0,0.0,0.0,0.0,0.0
C,R02,training,23,220,0,0.0,0.0,0.0,0.0
C,R02,training,23,221,0,0.0,0.0,0.0,0.0
C,R02,training,23,222,0,0.0,0.0,0.0,0.0
C,R02,training,23,223,0,0.0,0.0,0.0,0.0
C,R02,training,23,224,0,0.0,0.0,0.0,0.0
C,R02,training,23,225,0,0.0,0.0,0.0,0.0
C,R02,training,23,226,0,0.0,0.0,0.0,0.0
C,R02,training,23,227,0,0.0,0.0,0.0,0.0
C,R02,training,23,228,0,0.0,0.0,0.0,0.0
C,R02,training,23,229,0,0.0,0.0,0.0,0.0
C,R02,training,23,230,0,0.0,0.0,0.0,0.0
C,R02,training,23,231,0,0.0,0.0,0.0,0.0
C,R02,training,23,232,0,0.0,0.0,0.0,0.0
C,R02,training,23,233,0,0.0,0.0,0.0,0.0
C,R02,training,23,234,0,0.0,0.0,0.0,0.0
C,R02,training,23,235,0,0.0,0.0,0.0,0.0
C,R02,training,23,236,0,0.0,0.0,0.0,0.0
C,R02,training,23,237,0,0.0,0.0,0.0,0.0
C,R02,training,23,238,0,0.0,0.0,0.0,0.0
C,R02,training,23,239,0,0.0,0.0,0.0,0.0
C,R02,training,23,240,0,0.0,0.0,0.0,0.0
C,R02,training,23,241,0,0.0,0.0,0.0,0.0
C,R02,training,23,242,0,0.0,0.0,0.0,0.0
C,R02,training,23,243,0,0.0,0.0,0.0,0.0
C,R02,training,23,244,0,0.0,0.0,0.0,0.0
C,R02,training,23,245,0,0.0,0.0,0.0,0.0
C,R02,training,23,246,0,0.0,0.0,0.0,0.0
C,R02,training,23,247,0,0.0,0.0,0.0,0.0
C,R02,training,23,248,0,0.0,0.0,0.0,0.0
C,R02,training,23,249,0,0.0,0.0,0.0,0.0
C,R02,training,23,250,0,0.0,0.0,0.0,0.0
C,R02,training,23,251,0,0.0,0.0,0.0,0.0
C,R02,training,23,252,0,0.0,0.0,0.0,0.0
C,R02,training,23,253,0,0.0,0.0,0.0,0.0
C,R02,training,23,254,0,0.0,0.0,0.0,0.0
C,R02,training,23,255,0,0.0,0.0,0.0,0.0
C,R02,training,23,256,0,0.0,0.0,0.0,0.0
C,R02,training,23,257,0,0.0,0.0,0.0,0.0
C,R02,training,23,258,0,0.0,0.0,0.0,0.0
C,R02,training,23,259,0,0.0,0.0,0.0,0.0
C,R02,training,23,260,0,0.0,0.0,0.0,0.0
C,R02,training,23,261,0,0.0,0.0,0.0,0.0
C,R02,training,23,262,0,0.0,0.0,0.0,0.0
C,R02,training,23,263,0,0.0,0.0,0.0,0.0
C,R02,training,23,264,0,0.0,0.0,0.0,0.0
C,R02,training,23,265,0,0.0,0.0,0.0,0.0
C,R02,training,23,266,0,0.0,0.0,0.0,0.0
C,R02,training,23,267,0,0.0,0.0,0.0,0.0
C,R02,training,23,268,0,0.0,0.0,0.0,0.0
C,R02,training,23,269,0,0.0,0.0,0.0,0.0
C,R02,training,23,270,0,0.0,0.0,0.0,0.0
C,R02,training,23,271,0,0.0,0.0,0.0,0.0
C,R02,training,23,272,0,0.0,0.0,0.0,0.0
C,R02,training,23,273,0,0.0,0.0,0.0,0.0
C,R02,training,23,274,0,0.0,0.0,0.0,0.0
C,R02,training,23,275,0,0.0,0.0,0.0,0.0
C,R02,training,23,276,0,0.0,0.0,0.0,0.0
C,R02,training,23,277,0,0.0,0.0,0.0,0.0
C,R02,training,23,278,0,0.0,0.0,0.0,0.0
C,R02,training,23,279,0,0.0,0.0,0.0,0.0
C,R02,training,23,280,0,0.0,0.0,0.0,0.0
C,R02,training,23,281,0,0.0,0.0,0.0,0.0
C,R02,training,23,282,0,0.0,0.0,0.0,0.0
C,R02,training,23,283,0,0.0,0.0,0.0,0.0
C,R02,training,23,284,0,0.0,0.0,0.0,0.0
C,R02,training,23,285,0,0.0,0.0,0.0,0.0
C,R02,training,23,286,0,0.0,0.0,0.0,0.0
C,R02,training,23,287,0,0.0,0.0,0.0,0.0
C,R02,training,23,288,0,0.0,0.0,0.0,0.0
C,R02,training,23,289,0,0.0,0.0,0.0,0.0
C,R02,training,23,290,0,0.0,0.0,0.0,0.0
C,R02,training,23,291,0,0.0,0.0,0.0,0.0
C,R02,training,23,292,0,0.0,0.0,0.0,0.0
C,R02,training,23,293,0,0.0,0.0,0.0,0.0
C,R02,training,23,294,0,0.0,0.0,0.0,0.0
C,R02,training,23,295,0,0.0,0.0,0.0,0.0
C,R02,training,23,296,0,0.0,0.0,0.0,0.0
C,R02,training,23,297,0,0.0,0.0,0.0,0.0
C,R02,training,23,298,0,0.0,0.0,0.0,0.0
C,R02,training,23,299,0,0.0,0.0,0.0,0.0
C,R02,training,23,300,0,0.0,0.0,0.0,0.0
C,R02,training,23,301,0,0.0,0.0,0.0,0.0
C,R02,training,23,302,0,0.0,0.0,0.0,0.0
C,R02,training,23,303,0,0.0,0.0,0.0,0.0
C,R02,training,23,304,0,0.0,0.0,0.0,0.0
C,R02,training,23,305,0,0.0,0.0,0.0,0.0
C,R02,training,23,306,0,0.0,0.0,0.0,0.0
C,R02,training,23,307,0,0.0,0.0,0.0,0.0
C,R02,training,23,308,0,0.0,0.0,0.0,0.0
C,R02,training,23,309,0,0.0,0.0,0.0,0.0
C,R02,training,23,310,0,0.0,0.0,0.0,0.0
C,R02,training,23,311,0,0.0,0.0,0.0,0.0
C,R02,training,23,312,0,0.0,0.0,0.0,0.0
C,R02,training,23,313,0,0.0,0.0,0.0,0.0
C,R02,training,23,314,0,0.0,0.0,0.0,0.0
C,R02,training,23,315,0,0.0,0.0,0.0,0.0
C,R02,training,23,316,0,0.0,0.0,0.0,0.0
C,R02,training,23,317,0,0.0,0.0,0.0,0.0
C,R02,training,23,318,0,0.0,0.0,0.0,0.0
C,R02,training,23,319,0,0.0,0.0,0.0,0.0
C,R02,training,23,320,0,0.0,0.0,0.0,0.0
C,R02,training,23,321,0,0.0,0.0,0.0,0.0
C,R02,training,23,322,0,0.0,0.0,0.0,0.0
C,R02,training,23,323,0,0.0,0.0,0.0,0.0
C,R02,training,23,324,0,0.0,0.0,0.0,0.0
C,R02,training,23,325,0,0.0,0.0,0.0,0.0
C,R02,training,23,326,0,0.0,0.0,0.0,0.0
C,R02,training,23,327,0,0.0,0.0,0.0,0.0
C,R02,training,23,328,0,0.0,0.0,0.0,0.0
C,R02,training,23,329,0,0.0,0.0,0.0,0.0
C,R02,training,23,330,0,0.0,0.0,0.0,0.0
C,R02,training,23,331,0,0.0,0.0,0.0,0.0
C,R02,training,23,332,0,0.0,0.0,0.0,0.0
C,R02,training,23,333,0,0.0,0.0,0.0,0.0
C,R02,training,23,334,0,0.0,0.0,0.0,0.0
C,R02,training,23,335,0,0.0,0.0,0.0,0.0
C,R02,training,23,336,0,0.0,0.0,0.0,0.0
C,R02,training,23,337,0,0.0,0.0,0.0,0.0
C,R02,training,23,338,0,0.0,0.0,0.0,0.0
C,R02,training,23,339,0,0.0,0.0,0.0,0.0
C,R02,training,23,340,0,0.0,0.0,0.0,0.0
C,R02,training,23,341,0,0.0,0.0,0.0,0.0
C,R02,training,23,342,0,0.0,0.0,0.0,0.0
C,R02,training,23,343,0,0.0,0.0,0.0,0.0
C,R02,training,23,344,0,0.0,0.0,0.0,0.0
C,R02,training,23,345,0,0.0,0.0,0.0,0.0
C,R02,training,23,346,0,0.0,0.0,0.0,0.0
C,R02,training,23,347,0,0.0,0.0,0.0,0.0
C,R02,training,23,348,0,0.0,0.0,0.0,0.0
C,R02,training,23,349,0,0.0,0.0,0.0,0.0
C,R02,training,23,350,0,0.0,0.0,0.0,0.0
C,R02,training,23,351,0,0.0,0.0,0.0,0.0
C,R02,training,23,352,0,0.0,0.0,0.0,0.0
C,R02,training,23,353,0,0.0,0.0,0.0,0.0
C,R02,training,23,354,0,0.0,0.0,0.0,0.0
C,R02,training,23,355,0,0.0,0.0,0.0,0.0
C,R02,training,23,356,0,0.0,0.0,0.0,0.0
C,R02,training,23,357,0,0.0,0.0,0.0,0.0
C,R02,training,23,358,0,0.0,0.0,0.0,0.0
C,R02,training,23,359,0,0.0,0.0,0.0,0.0
C,R02,training,23,360,0,0.0,0.0,0.0,0.0
C,R02,training,23,361,0,0.0,0.0,0.0,0.0
C,R02,training,23,362,0,0.0,0.0,0.0,0.0
C,R02,training,23,363,0,0.0,0.0,0.0,0.0
C,R02,training,23,364,0,0.0,0.0,0.0,0.0
C,R02,training,23,365,0,0.0,0.0,0.0,0.0
C,R02,training,23,366,0,0.0,0.0,0.0,0.0
C,R02,training,23,367,0,0.0,0.0,0.0,0.0
C,R02,training,23,368,0,0.0,0.0,0.0,0.0
C,R02,training,23,369,0,0.0,0.0,0.0,0.0
C,R02,training,23,370,0,0.0,0.0,0.0,0.0
C,R02,training,23,371,0,0.0,0.0,0.0,0.0
C,R02,training,23,372,0,0.0,0.0,0.0,0.0
C,R02,training,23,373,0,0.0,0.0,0.0,0.0
C,R02,training,23,374,0,0.0,0.0,0.0,0.0
C,R02,training,23,375,0,0.0,0.0,0.0,0.0
C,R02,training,23,376,0,0.0,0.0,0.0,0.0
C,R02,training,23,377,0,0.0,0.0,0.0,0.0
C,R02,training,23,378,0,0.0,0.0,0.0,0.0
C,R02,training,23,379,0,0.0,0.0,0.0,0.0
C,R02,training,23,380,0,0.0,0.0,0.0,0.0
C,R02,training,23,381,0,0.0,0.0,0.0,0.0
C,R02,training,23,382,0,0.0,0.0,0.0,0.0
C,R02,training,23,383,0,0.0,0.0,0.0,0.0
C,R02,training,23,384,0,0.0,0.0,0.0,0.0
C,R02,training,23,385,0,0.0,0.0,0.0,0.0
C,R02,training,23,386,0,0.0,0.0,0.0,0.0
C,R02,training,23,387,0,0.0,0.0,0.0,0.0
C,R02,training,23,388,0,0.0,0.0,0.0,0.0
C,R02,training,23,389,0,0.0,0.0,0.0,0.0
C,R02,training,23,390,0,0.0,0.0,0.0,0.0
C,R02,training,23,391,0,0.0,0.0,0.0,0.0
C,R02,training,23,392,0,0.0,0.0,0.0,0.0
C,R02,training,23,393,0,0.0,0.0,0.0,0.0
C,R02,training,23,394,0,0.0,0.0,0.0,0.0
C,R02,training,23,395,0,0.0,0.0,0.0,0.0
C,R02,training,23,396,0,0.0,0.0,0.0,0.0
C,R02,training,23,397,0,0.0,0.0,0.0,0.0
C,R02,training,23,398,0,0.0,0.0,0.0,0.0
C,R02,training,23,399,0,0.0,0.0,0.0,0.0
C,R02,training,23,400,0,0.0,0.0,0.0,0.0
C,R02,training,23,401,0,0.0,0.0,0.0,0.0
C,R02,training,23,402,0,0.0,0.0,0.0,0.0
C,R02,training,23,403,0,0.0,0.0,0.0,0.0
C,R02,training,23,404,0,0.0,0.0,0.0,0.0
C,R02,training,23,405,0,0.0,0.0,0.0,0.0
C,R02,training,23,406,0,0.0,0.0,0.0,0.0
C,R02,training,23,407,0,0.0,0.0,0.0,0.0
C,R02,training,23,408,0,0.0,0.0,0.0,0.0
C,R02,training,23,409,0,0.0,0.0,0.0,0.0
C,R02,training,23,410,0,0.0,0.0,0.0,0.0
C,R02,training,23,411,0,0.0,0.0,0.0,0.0
C,R02,training,23,412,0,0.0,0.0,0.0,0.0
C,R02,training,23,413,0,0.0,0.0,0.0,0.0
C,R02,training,23,414,0,0.0,0.0,0.0,0.0
C,R02,training,23,415,0,0.0,0.0,0.0,0.0
C,R02,training,23,416,0,0.0,0.0,0.0,0.0
C,R02,training,23,417,0,0.0,0.0,0.0,0.0
C,R02,training,23,418,0,0.0,0.0,0.0,0.0
C,R02,training,23,419,0,0.0,0.0,0.0,0.0
C,R02,training,23,420,0,0.0,0.0,0.0,0.0
C,R02,training,23,421,0,0.0,0.0,0.0,0.0
C,R02,training,23,422,0,0.0,0.0,0.0,0.0
C,R02,training,23,423,0,0.0,0.0,0.0,0.0
C,R02,training,23,424,0,0.0,0.0,0.0,0.0
C,R02,training,23,425,0,0.0,0.0,0.0,0.0
C,R02,training,23,426,0,0.0,0.0,0.0,0.0
C,R02,training,23,427,0,0.0,0.0,0.0,0.0
C,R02,training,23,428,0,0.0,0.0,0.0,0.0
C,R02,training,23,429,0,0.0,0.0,0.0,0.0
C,R02,training,23,430,0,0.0,0.0,0.0,0.0
C,R02,training,23,431,0,0.0,0.0,0.0,0.0
C,R02,training,23,432,0,0.0,0.0,0.0,0.0
C,R02,training,23,433,0,0.0,0.0,0.0,0.0
C,R02,training,23,434,0,0.0,0.0,0.0,0.0
C,R02,training,23,435,0,0.0,0.0,0.0,0.0
C,R02,training,23,436,0,0.0,0.0,0.0,0.0
C,R02,training,23,437,0,0.0,0.0,0.0,0.0
C,R02,training,23,438,0,0.0,0.0,0.0,0.0
C,R02,training,23,439,0,0.0,0.0,0.0,0.0
C,R02,training,23,440,0,0.0,0.0,0.0,0.0
C,R02,training,23,441,0,0.0,0.0,0.0,0.0
C,R02,training,23,442,0,0.0,0.0,0.0,0.0
C,R02,training,23,443,0,0.0,0.0,0.0,0.0
C,R02,training,23,444,0,0.0,0.0,0.0,0.0
C,R02,training,23,445,0,0.0,0.0,0.0,0.0
C,R02,training,23,446,0,0.0,0.0,0.0,0.0
C,R02,training,23,447,0,0.0,0.0,0.0,0.0
C,R02,training,23,448,0,0.0,0.0,0.0,0.0
C,R02,training,23,449,0,0.0,0.0,0.0,0.0
C,R02,training,23,450,0,0.0,0.0,0.0,0.0
C,R02,training,23,451,0,0.0,0.0,0.0,0.0
C,R02,training,23,452,0,0.0,0.0,0.0,0.0
C,R02,training,23,453,0,0.0,0.0,0.0,0.0
C,R02,training,23,454,0,0.0,0.0,0.0,0.0
C,R02,training,23,455,0,0.0,0.0,0.0,0.0
C,R02,training,23,456,0,0.0,0.0,0.0,0.0
C,R02,training,23,457,0,0.0,0.0,0.0,0.0
C,R02,training,23,458,0,0.0,0.0,0.0,0.0
C,R02,training,23,459,0,0.0,0.0,0.0,0.0
C,R02,training,23,460,0,0.0,0.0,0.0,0.0
C,R02,training,23,461,0,0.0,0.0,0.0,0.0
C,R02,training,23,462,0,0.0,0.0,0.0,0.0
C,R02,training,23,463,0,0.0,0.0,0.0,0.0
C,R02,training,23,464,0,0.0,0.0,0.0,0.0
C,R02,training,23,465,0,0.0,0.0,0.0,0.0
C,R02,training,23,466,0,0.0,0.0,0.0,0.0
C,R02,training,23,467,0,0.0,0.0,0.0,0.0
C,R02,training,23,468,0,0.0,0.0,0.0,0.0
C,R02,training,23,469,0,0.0,0.0,0.0,0.0
C,R02,training,23,470,0,0.0,0.0,0.0,0.0
C,R02,training,23,471,0,0.0,0.0,0.0,0.0
C,R02,training,23,472,0,0.0,0.0,0.0,0.0
C,R02,training,23,473,0,0.0,0.0,0.0,0.0
C,R02,training,23,474,0,0.0,0.0,0.0,0.0
C,R02,training,23,475,0,0.0,0.0,0.0,0.0
C,R02,training,23,476,0,0.0,0.0,0.0,0.0
C,R02,training,23,477,0,0.0,0.0,0.0,0.0
C,R02,training,23,478,0,0.0,0.0,0.0,0.0
C,R02,training,23,479,0,0.0,0.0,0.0,0.0
C,R02,training,23,480,0,0.0,0.0,0.0,0.0
C,R02,training,23,481,0,0.0,0.0,0.0,0.0
C,R02,training,23,482,0,0.0,0.0,0.0,0.0
C,R02,training,23,483,0,0.0,0.0,0.0,0.0
C,R02,training,23,484,0,0.0,0.0,0.0,0.0
C,R02,training,23,485,0,0.0,0.0,0.0,0.0
C,R02,training,23,486,0,0.0,0.0,0.0,0.0
C,R02,training,23,487,0,0.0,0.0,0.0,0.0
C,R02,training,23,488,0,0.0,0.0,0.0,0.0
C,R02,training,23,489,0,0.0,0.0,0.0,0.0
C,R02,training,23,490,0,0.0,0.0,0.0,0.0
C,R02,training,23,491,0,0.0,0.0,0.0,0.0
C,R02,training,23,492,0,0.0,0.0,0.0,0.0
C,R02,training,23,493,0,0.0,0.0,0.0,0.0
C,R02,training,23,494,0,0.0,0.0,0.0,0.0
C,R02,training,23,495,0,0.0,0.0,0.0,0.0
C,R02,training,23,496,0,0.0,0.0,0.0,0.0
C,R02,training,23,497,0,0.0,0.0,0.0,0.0
C,R02,training,23,498,0,0.0,0.0,0.0,0.0
C,R02,training,23,499,0,0.0,0.0,0.0,0.0
C,R02,training,23,500,0,0.0,0.0,0.0,0.0
C,R02,training,23,501,0,0.0,0.0,0.0,0.0
C,R02,training,23,502,0,0.0,0.0,0.0,0.0
C,R02,training,23,503,0,0.0,0.0,0.0,0.0
C,R02,training,23,504,0,0.0,0.0,0.0,0.0
C,R02,training,23,505,0,0.0,0.0,0.0,0.0
C,R02,training,23,506,0,0.0,0.0,0.0,0.0
C,R02,training,23,507,0,0.0,0.0,0.0,0.0
C,R02,training,23,508,0,0.0,0.0,0.0,0.0
C,R02,training,23,509,0,0.0,0.0,0.0,0.0
C,R02,training,23,510,0,0.0,0.0,0.0,0.0
C,R02,training,23,511,0,0.0,0.0,0.0,0.0
C,R02,training,23,512,0,0.0,0.0,0.0,0.0
C,R02,training,23,513,0,0.0,0.0,0.0,0.0
C,R02,training,23,514,0,0.0,0.0,0.0,0.0
C,R02,training,23,515,0,0.0,0.0,0.0,0.0
C,R02,training,23,516,0,0.0,0.0,0.0,0.0
C,R02,training,23,517,0,0.0,0.0,0.0,0.0
C,R02,training,23,518,0,0.0,0.0,0.0,0.0
C,R02,training,23,519,0,0.0,0.0,0.0,0.0
C,R02,training,23,520,0,0.0,0.0,0.0,0.0
C,R02,training,23,521,0,0.0,0.0,0.0,0.0
C,R02,training,23,522,0,0.0,0.0,0.0,0.0
C,R02,training,23,523,0,0.0,0.0,0.0,0.0
C,R02,training,23,524,0,0.0,0.0,0.0,0.0
C,R02,training,23,525,0,0.0,0.0,0.0,0.0
C,R02,training,23,526,0,0.0,0.0,0.0,0.0
C,R02,training,23,527,0,0.0,0.0,0.0,0.0
C,R02,training,23,528,0,0.0,0.0,0.0,0.0
C,R02,training,23,529,0,0.0,0.0,0.0,0.0
C,R02,training,23,530,0,0.0,0.0,0.0,0.0
C,R02,training,23,531,0,0.0,0.0,0.0,0.0
C,R02,training,23,532,0,0.0,0.0,0.0,0.0
C,R02,training,23,533,0,0.0,0.0,0.0,0.0
C,R02,training,23,534,0,0.0,0.0,0.0,0.0
C,R02,training,23,535,0,0.0,0.0,0.0,0.0
C,R02,training,23,536,0,0.0,0.0,0.0,0.0
C,R02,training,23,537,0,0.0,0.0,0.0,0.0
C,R02,training,23,538,0,0.0,0.0,0.0,0.0
C,R02,training,23,539,0,0.0,0.0,0.0,0.0
C,R02,training,23,540,0,0.0,0.0,0.0,0.0
C,R02,training,23,541,0,0.0,0.0,0.0,0.0
C,R02,training,23,542,0,0.0,0.0,0.0,0.0
C,R02,training,23,543,0,0.0,0.0,0.0,0.0
C,R02,training,23,544,0,0.0,0.0,0.0,0.0
C,R02,training,23,545,0,0.0,0.0,0.0,0.0
C,R02,training,23,546,0,0.0,0.0,0.0,0.0
C,R02,training,23,547,0,0.0,0.0,0.0,0.0
C,R02,training,23,548,0,0.0,0.0,0.0,0.0
C,R02,training,23,549,0,0.0,0.0,0.0,0.0
C,R02,training,23,550,0,0.0,0.0,0.0,0.0
C,R02,training,23,551,0,0.0,0.0,0.0,0.0
C,R02,training,23,552,0,0.0,0.0,0.0,0.0
C,R02,training,23,553,0,0.0,0.0,0.0,0.0
C,R02,training,23,554,0,0.0,0.0,0.0,0.0
C,R02,training,23,555,0,0.0,0.0,0.0,0.0
C,R02,training,23,556,0,0.0,0.0,0.0,0.0
C,R02,training,23,557,0,0.0,0.0,0.0,0.0
C,R02,training,23,558,0,0.0,0.0,0.0,0.0
C,R02,training,23,559,0,0.0,0.0,0.0,0.0
C,R02,training,23,560,0,0.0,0.0,0.0,0.0
C,R02,training,23,561,0,0.0,0.0,0.0,0.0
C,R02,training,23,562,0,0.0,0.0,0.0,0.0
C,R02,training,23,563,0,0.0,0.0,0.0,0.0
C,R02,training,23,564,0,0.0,0.0,0.0,0.0
C,R02,training,23,565,0,0.0,0.0,0.0,0.0
C,R02,training,23,566,0,0.0,0.0,0.0,0.0
C,R02,training,23,567,0,0.0,0.0,0.0,0.0
C,R02,training,23,568,0,0.0,0.0,0.0,0.0
C,R02,training,23,569,0,0.0,0.0,0.0,0.0
C,R02,training,23,570,0,0.0,0.0,0.0,0.0
C,R02,training,23,571,0,0.0,0.0,0.0,0.0
C,R02,training,23,572,0,0.0,0.0,0.0,0.0
C,R02,training,23,573,0,0.0,0.0,0.0,0.0
C,R02,training,23,574,0,0.0,0.0,0.0,0.0
C,R02,training,23,575,0,0.0,0.0,0.0,0.0
C,R02,training,23,576,0,0.0,0.0,0.0,0.0
C,R02,training,23,577,0,0.0,0.0,0.0,0.0
C,R02,training,23,578,0,0.0,0.0,0.0,0.0
C,R02,training,23,579,0,0.0,0.0,0.0,0.0
C,R02,training,23,580,0,0.0,0.0,0.0,0.0
C,R02,training,23,581,0,0.0,0.0,0.0,0.0
C,R02,training,23,582,0,0.0,0.0,0.0,0.0
C,R02,training,23,583,0,0.0,0.0,0.0,0.0
C,R02,training,23,584,0,0.0,0.0,0.0,0.0
C,R02,training,23,585,0,0.0,0.0,0.0,0.0
C,R02,training,23,586,0,0.0,0.0,0.0,0.0
C,R02,training,23,587,0,0.0,0.0,0.0,0.0
C,R02,training,23,588,0,0.0,0.0,0.0,0.0
C,R02,training,23,589,0,0.0,0.0,0.0,0.0
C,R02,training,23,590,0,0.0,0.0,0.0,0.0
C,R02,training,23,591,0,0.0,0.0,0.0,0.0
C,R02,training,23,592,0,0.0,0.0,0.0,0.0
C,R02,training,23,593,0,0.0,0.0,0.0,0.0
C,R02,training,23,594,0,0.0,0.0,0.0,0.0
C,R02,training,23,595,0,0.0,0.0,0.0,0.0
C,R02,training,23,596,0,0.0,0.0,0.0,0.0
C,R02,training,23,597,0,0.0,0.0,0.0,0.0
C,R02,training,23,598,0,0.0,0.0,0.0,0.0
C,R02,training,23,599,0,0.0,0.0,0.0,0.0
C,R02,training,23,600,0,0.0,0.0,0.0,0.0
C,R02,training,23,601,0,0.0,0.0,0.0,0.0
C,R02,training,23,602,0,0.0,0.0,0.0,0.0
C,R02,training,23,603,0,0.0,0.0,0.0,0.0
C,R02,training,23,604,0,0.0,0.0,0.0,0.0
C,R02,training,23,605,0,0.0,0.0,0.0,0.0
C,R02,training,23,606,0,0.0,0.0,0.0,0.0
C,R02,training,23,607,0,0.0,0.0,0.0,0.0
C,R02,training,23,608,0,0.0,0.0,0.0,0.0
C,R02,training,23,609,0,0.0,0.0,0.0,0.0
C,R02,training,23,610,0,0.0,0.0,0.0,0.0
C,R02,training,23,611,0,0.0,0.0,0.0,0.0
P1,R02,training,23,0,0,0.0,0.0,0.0,0.0
P1,R02,training,23,1,0,0.0,0.0,0.0,0.0
P1,R02,training,23,2,0,0.0,0.0,0.0,0.0
P1,R02,training,23,3,0,0.0,0.0,0.0,0.0
P1,R02,training,23,4,0,0.0,0.0,0.0,0.0
P1,R02,training,23,5,0,0.0,0.0,0.0,0.0
P1,R02,training,23,6,0,0.0,0.0,0.0,0.0
P1,R02,training,23,7,0,0.0,0.0,0.0,0.0
P1,R02,training,23,8,0,0.0,0.0,0.0,0.0
P1,R02,training,23,9,0,0.0,0.0,0.0,0.0
P1,R02,training,23,10,0,0.0,0.0,0.0,0.0
P1,R02,training,23,11,0,0.0,0.0,0.0,0.0
P1,R02,training,23,12,0,0.0,0.0,0.0,0.0
P1,R02,training,23,13,0,0.0,0.0,0.0,0.0
P1,R02,training,23,14,0,0.0,0.0,0.0,0.0
P1,R02,training,23,15,0,0.0,0.0,0.0,0.0
P1,R02,training,23,16,0,0.0,0.0,0.019014432977457578,0.012172881708684734
P1,R02,training,23,17,0,0.0,0.0,0.019014432977457578,0.012210445168460265
P1,R02,training,23,18,0,0.0,0.0,0.019014432977457578,0.012247993737713837
P1,R02,training,23,19,0,0.0,0.0,0.019014432977457578,0.012285526567415082
P1,R02,training,23,20,0,0.0,0.0,0.019014432977457578,0.012323042806432372
P1,R02,training,23,21,0,0.0,0.0,0.019014432977457578,0.012360541601562785
P1,R02,training,23,22,0,0.0,0.0,0.019014432977457578,0.012398022097562291
P1,R02,training,23,23,0,0.0,0.0,0.019014432977457578,0.012435483437176126
P1,R02,training,23,24,0,0.0,0.0,0.019014432977457578,0.01247292476116937
P1,R02,training,23,25,0,0.0,0.0,0.019014432977457578,0.012510345208357726
P1,R02,training,23,26,0,0.0,0.0,0.019014432977457578,0.012547743915638501
P1,R02,training,23,27,0,0.0,0.0,0.019014432977457578,0.012585120018021761
P1,R02,training,23,28,0,0.0,0.0,0.019014432977457578,0.01262247264866171
P1,R02,training,23,29,0,0.0,0.0,0.019014432977457578,0.012659800938888239
P1,R02,training,23,30,0,0.0,0.0,0.019014432977457578,0.01269710401823868
P1,R02,training,23,31,0,0.0,0.0,0.019014432977457578,0.012734381014489737
P1,R02,training,23,32,0,0.0,0.0,0.03931427046679817,0.026406643739636193
P1,R02,training,23,33,0,0.0,0.0,0.03931427046679817,0.02648360443025873
P1,R02,training,23,34,0,0.0,0.0,0.03931427046679817,0.02656050576001937
P1,R02,training,23,35,0,0.0,0.0,0.03931427046679817,0.02663734591161495
P1,R02,training,23,36,0,0.0,0.0,0.03931427046679817,0.026714123064438003
P1,R02,training,23,37,0,0.0,0.0,0.03931427046679817,0.02679083539464506
P1,R02,training,23,38,0,0.0,0.0,0.03931427046679817,0.026867481075225384
P1,R02,training,23,39,0,0.0,0.0,0.03931427046679817,0.02694405827607002
P1,R02,training,23,40,0,0.0,0.0,0.03931427046679817,0.027020565164041208
P1,R02,training,23,41,0,0.0,0.0,0.03931427046679817,0.027096999903042204
P1,R02,training,23,42,0,0.0,0.0,0.03931427046679817,0.02717336065408737
P1,R02,training,23,43,0,0.0,0.0,0.03931427046679817,0.02724964557537275
P1,R02,training,23,44,0,0.0,0.0,0.03931427046679817,0.027325852822346827
P1,R02,training,23,45,0,0.0,0.0,0.03931427046679817,0.027401980547781785
P1,R02,training,23,46,0,0.0,0.0,0.03931427046679817,0.027478026901845018
P1,R02,training,23,47,0,0.0,0.0,0.03931427046679817,0.027553990032171013
P1,R02,training,23,48,0,0.0,0.0,0.060770284223947646,0.04270904474620328
P1,R02,training,23,49,0,0.0,0.0,0.060770284223947646,0.042826199346946266
P1,R02,training,23,50,0,0.0,0.0,0.060770284223947646,0.042943216691776545
P1,R02,training,23,51,0,0.0,0.0,0.060770284223947646,0.04306009390284855
P1,R02,training,23,52,0,0.0,0.0,0.060770284223947646,0.04317682809896459
P1,R02,training,23,53,0,0.0,0.0,0.060770284223947646,0.04329341639568902
P1,R02,training,23,54,0,0.0,0.0,0.060770284223947646,0.04340985590546281
P1,R02,training,23,55,0,0.0,0.0,0.060770284223947646,0.043526143737718674
P1,R02,training,23,56,0,0.0,0.0,0.060770284223947646,0.04364227699899656
P1,R02,training,23,57,0,0.0,0.0,0.060770284223947646,0.043758252793059726
P1,R02,training,23,58,0,0.0,0.0,0.060770284223947646,0.043874068221011205
P1,R02,training,23,59,0,0.0,0.0,0.060770284223947646,0.04398972038141071
P1,R02,training,23,60,0,0.0,0.0,0.060770284223947646,0.04410520637039205
P1,R02,training,23,61,0,0.0,0.0,0.060770284223947646,0.04422052328178092
P1,R02,training,23,62,0,0.0,0.0,0.060770284223947646,0.044335668207213165
P1,R02,training,23,63,0,0.0,0.0,0.060770284223947646,0.04445063823625345
P1,R02,training,23,64,0,0.0,0.0,0.08317737405843814,0.06099750110591153
P1,R02,training,23,65,0,0.0,0.0,0.08317737405843814,0.061154371910464425
P1,R02,training,23,66,0,0.0,0.0,0.08317737405843814,0.061310991365129214
P1,R02,training,23,67,0,0.0,0.0,0.08317737405843814,0.06146735547663733
P1,R02,training,23,68,0,0.0,0.0,0.08317737405843814,0.06162346024970597
P1,R02,training,23,69,0,0.0,0.0,0.08317737405843814,0.06177930168720385
P1,R02,training,23,70,0,0.0,0.0,0.08317737405843814,0.0619348757903175
P1,R02,training,23,71,0,0.0,0.0,0.08317737405843814,0.062090178558718
P1,R02,training,23,72,0,0.0,0.0,0.08317737405843814,0.06224520599072831
P1,R02,training,23,73,0,0.0,0.0,0.08317737405843814,0.062399954083491034
P1,R02,training,23,74,0,0.0,0.0,0.08317737405843814,0.06255441883313667
P1,R02,training,23,75,0,0.0,0.0,0.08317737405843814,0.06270859623495235
P1,R02,training,23,76,0,0.0,0.0,0.08317737405843814,0.06286248228355108
P1,R02,training,23,77,0,0.0,0.0,0.08317737405843814,0.06301607297304132
P1,R02,training,23,78,0,0.0,0.0,0.08317737405843814,0.0631693642971971
P1,R02,training,23,79,0,0.0,0.0,0.08317737405843814,0.06332235224962864
P1,R02,training,23,80,0,0.0,0.0,0.08738732297452884,0.0666877652365955
P1,R02,training,23,81,0,0.0,0.0,0.08738732297452884,0.06684784645783835
P1,R02,training,23,82,0,0.0,0.0,0.08738732297452884,0.06700759632572266
P1,R02,training,23,83,0,0.0,0.0,0.08738732297452884,0.06716701063219038
P1,R02,training,23,84,0,0.0,0.0,0.08738732297452884,0.06732608516991365
P1,R02,training,23,85,0,0.0,0.0,0.08738732297452884,0.06748481573247635
P1,R02,training,23,86,0,0.0,0.0,0.08738732297452884,0.0676431981145562
P1,R02,training,23,87,0,0.0,0.0,0.08738732297452884,0.06780122811210726
P1,R02,training,23,88,0,0.0,0.0,0.08738732297452884,0.06795890152254266
P1,R02,training,23,89,0,0.0,0.0,0.08738732297452884,0.06811621414491778
P1,R02,training,23,90,0,0.0,0.0,0.08738732297452884,0.06827316178011365
P1,R02,training,23,91,0,0.0,0.0,0.08738732297452884,0.06842974023102091
P1,R02,training,23,92,0,0.0,0.0,0.08738732297452884,0.06858594530272384
P1,R02,training,23,93,0,0.0,0.0,0.08738732297452884,0.06874177280268479
P1,R02,training,23,94,0,0.0,0.0,0.08738732297452884,0.06889721854092892
P1,R02,training,23,95,0,0.0,0.0,0.08738732297452884,0.06905227833022932
P1,R02,training,23,96,0,0.0,0.0,0.09090811878624334,0.07199526469308383
P1,R02,training,23,97,0,0.0,0.0,0.09090811878624334,0.07215575571863679
P1,R02,training,23,98,0,0.0,0.0,0.09090811878624334,0.07231583219683203
P1,R02,training,23,99,0,0.0,0.0,0.09090811878624334,0.07247548978510547
P1,R02,training,23,100,0,0.0,0.0,0.09090811878624334,0.07263472414471793
P1,R02,training,23,101,0,0.0,0.0,0.09090811878624334,0.07279353094094919
P1,R02,training,23,102,0,0.0,0.0,0.09090811878624334,0.07295190584329206
P1,R02,training,23,103,0,0.0,0.0,0.09090811878624334,0.07310984452564695
P1,R02,training,23,104,0,0.0,0.0,0.09090811878624334,0.0732673426665163
P1,R02,training,23,105,0,0.0,0.0,0.09090811878624334,0.07342439594919946
P1,R02,training,23,106,0,0.0,0.0,0.09090811878624334,0.07358100006198762
P1,R02,training,23,107,0,0.0,0.0,0.09090811878624334,0.0737371506983588
P1,R02,training,23,108,0,0.0,0.0,0.09090811878624334,0.07389284355717318
P1,R02,training,23,109,0,0.0,0.0,0.09090811878624334,0.07404807434286845
P1,R02,training,23,110,0,0.0,0.0,0.09090811878624334,0.07420283876565519
P1,R02,training,23,111,0,0.0,0.0,0.09090811878624334,0.07435713254171254
P1,R02,training,23,112,0,0.0,0.0,0.09364141078902469,0.07675123741274407
P1,R02,training,23,113,0,0.0,0.0,0.09364141078902469,0.07690918746064265
P1,R02,training,23,114,0,0.0,0.0,0.09364141078902469,0.07706663951213825
P1,R02,training,23,115,0,0.0,0.0,0.09364141078902469,0.07722358918121848
P1,R02,training,23,116,0,0.0,0.0,0.09364141078902469,0.07738003208902727
P1,R02,training,23,117,0,0.0,0.0,0.09364141078902469,0.07753596386406679
P1,R02,training,23,118,0,0.0,0.0,0.09364141078902469,0.07769138014239921
P1,R02,training,23,119,0,0.0,0.0,0.09364141078902469,0.07784627656784862
P1,R02,training,23,120,0,0.0,0.0,0.09364141078902469,0.07800064879220282
P1,R02,training,23,121,0,0.0,0.0,0.09364141078902469,0.07815449247541516
P1,R02,training,23,122,0,0.0,0.0,0.09364141078902469,0.07830780328580621
P1,R02,training,23,123,0,0.0,0.0,0.09364141078902469,0.07846057690026566
P1,R02,training,23,124,0,0.0,0.0,0.09364141078902469,0.07861280900445386
P1,R02,training,23,125,0,0.0,0.0,0.09364141078902469,0.07876449529300343
P1,R02,training,23,126,0,0.0,0.0,0.09364141078902469,0.07891563146972085
P1,R02,training,23,127,0,0.0,0.0,0.09364141078902469,0.0790662132477877
P1,R02,training,23,128,0,0.0,0.33305050573549594,0.09550899932275904,0.08079612855199332
P1,R02,training,23,129,0,0.0,0.33305050573549594,0.09550899932275904,0.08094856955098112
P1,R02,training,23,130,0,0.0,0.33305050573549594,0.09550899932275904,0.08110043203684746
P1,R02,training,23,131,0,0.0,0.33305050573549594,0.09550899932275904,0.08125171167757782
P1,R02,training,23,132,0,0.0,0.33305050573549594,0.09550899932275904,0.08140240415174506
P1,R02,training,23,133,0,0.0,0.33305050573549594,0.09550899932275904,0.08155250514871375
P1,R02,training,23,134,0,0.0,0.33305050573549594,0.09550899932275904,0.08170201036884461
P1,R02,training,23,135,0,0.0,0.33305050573549594,0.09550899932275904,0.08185091552369865
P1,R02,training,23,136,0,0.0,0.33305050573549594,0.09550899932275904,0.08199921633624098
P1,R02,training,23,137,0,0.0,0.33305050573549594,0.09550899932275904,0.0821469085410445
P1,R02,training,23,138,0,0.0,0.33305050573549594,0.09550899932275904,0.08229398788449338
P1,R02,training,23,139,0,0.0,0.33305050573549594,0.09550899932275904,0.08244045012498605
P1,R02,training,23,140,0,0.0,0.33305050573549594,0.09550899932275904,0.08258629103313825
P1,R02,training,23,141,0,0.0,0.33305050573549594,0.09550899932275904,0.08273150639198548
P1,R02,training,23,142,0,0.0,0.33305050573549594,0.09550899932275904,0.08287609199718528
P1,R02,training,23,143,0,0.0,0.33305050573549594,0.09550899932275904,0.08302004365721925
P1,R02,training,23,144,0,0.0,0.3331978780849,0.0964565511356151,0.08398842698210418
P1,R02,training,23,145,0,0.0,0.3331978780849,0.0964565511356151,0.08413251368150336
P1,R02,training,23,146,0,0.0,0.3331978780849,0.0964565511356151,0.08427594752675369
P1,R02,training,23,147,0,0.0,0.3331978780849,0.0964565511356151,0.08441872433859009
P1,R02,training,23,148,0,0.0,0.3331978780849,0.0964565511356151,0.08456083995171322
P1,R02,training,23,149,0,0.0,0.3331978780849,0.0964565511356151,0.0847022902149912
P1,R02,training,23,150,0,0.0,0.3331978780849,0.0964565511356151,0.08484307099166101
P1,R02,training,23,151,0,0.0,0.3331978780849,0.0964565511356151,0.08498317815952931
P1,R02,training,23,152,0,0.0,0.3331978780849,0.0964565511356151,0.08512260761117298
P1,R02,training,23,153,0,0.0,0.3331978780849,0.0964565511356151,0.08526135525413898
P1,R02,training,23,154,0,0.0,0.3331978780849,0.0964565511356151,0.08539941701114409
P1,R02,training,23,155,0,0.0,0.3331978780849,0.0964565511356151,0.08553678882027374
P1,R02,training,23,156,0,0.0,0.3331978780849,0.0964565511356151,0.08567346663518069
P1,R02,training,23,157,0,0.0,0.3331978780849,0.0964565511356151,0.08580944642528297
P1,R02,training,23,158,0,0.0,0.3331978780849,0.0964565511356151,0.08594472417596151
P1,R02,training,23,159,0,0.0,0.3331978780849,0.0964565511356151,0.08607929588875697
P1,R02,training,23,160,0,0.0,0.3333436371338711,0.09645622500589353,0.08621286608583323
P1,R02,training,23,161,0,0.0,0.3333436371338711,0.09645622500589353,0.08634601334291893
P1,R02,training,23,162,0,0.0,0.3333436371338711,0.09645622500589353,0.08647844266809111
P1,R02,training,23,163,0,0.0,0.3333436371338711,0.09645622500589353,0.08661015012950142
P1,R02,training,23,164,0,0.0,0.3333436371338711,0.09645622500589353,0.08674113181243746
P1,R02,training,23,165,0,0.0,0.3333436371338711,0.09645622500589353,0.08687138381951642
P1,R02,training,23,166,0,0.0,0.3333436371338711,0.09645622500589353,0.08700090227087773
P1,R02,training,23,167,0,0.0,0.3333436371338711,0.09645622500589353,0.08712968330437533
P1,R02,training,23,168,0,0.0,0.3333436371338711,0.09645622500589353,0.08725772307576919
P1,R02,training,23,169,0,0.0,0.3333436371338711,0.09645622500589353,0.08738501775891613
P1,R02,training,23,170,0,0.0,0.3333436371338711,0.09645622500589353,0.08751156354595996
P1,R02,training,23,171,0,0.0,0.3333436371338711,0.09645622500589353,0.08763735664752098
P1,R02,training,23,172,0,0.0,0.3333436371338711,0.09645622500589353,0.08776239329288472
P1,R02,training,23,173,0,0.0,0.3333436371338711,0.09645622500589353,0.08788666973018998
P1,R02,training,23,174,0,0.0,0.3333436371338711,0.09645622500589353,0.08801018222661605
P1,R02,training,23,175,0,0.0,0.3333436371338711,0.09645622500589353,0.08813292706856933
P1,R02,training,23,176,0,0.0,0.33269961129524184,0.09550803058557866,0.08738732768854651
P1,R02,training,23,177,0,0.0,0.33269961129524184,0.09550803058557866,0.08750733474029476
P1,R02,training,23,178,0,0.0,0.33269961129524184,0.09550803058557866,0.0876265707686507
P1,R02,training,23,179,0,0.0,0.33269961129524184,0.09550803058557866,0.08774503217451043
P1,R02,training,23,180,0,0.0,0.33269961129524184,0.09550803058557866,0.08786271537872001
P1,R02,training,23,181,0,0.0,0.33269961129524184,0.09550803058557866,0.08797961682225543
P1,R02,training,23,182,0,0.0,0.33269961129524184,0.09550803058557866,0.08809573296640172
P1,R02,training,23,183,0,0.0,0.33269961129524184,0.09550803058557866,0.0882110602929313
P1,R02,training,23,184,0,0.0,0.33269961129524184,0.09550803058557866,0.08832559530428133
P1,R02,training,23,185,0,0.0,0.33269961129524184,0.09550803058557866,0.08843933452373037
P1,R02,training,23,186,0,0.0,0.33269961129524184,0.09550803058557866,0.08855227449557398
P1,R02,training,23,187,0,0.0,0.33269961129524184,0.09550803058557866,0.08866441178529952
P1,R02,training,23,188,0,0.0,0.33269961129524184,0.09550803058557866,0.08877574297976001
P1,R02,training,23,189,0,0.0,0.33269961129524184,0.09550803058557866,0.08888626468734713
P1,R02,training,23,190,0,0.0,0.33269961129524184,0.09550803058557866,0.08899597353816317
P1,R02,training,23,191,0,0.0,0.33269961129524184,0.09550803058557866,0.08910486618419221
P1,R02,training,23,192,0,0.0,0.0,0.11265445076843143,0.1052292107438425
P1,R02,training,23,193,0,0.0,0.0,0.11265445076843143,0.10535571551419902
P1,R02,training,23,194,0,0.0,0.0,0.11265445076843143,0.10548124585731013
P1,R02,training,23,195,0,0.0,0.0,0.11265445076843143,0.10560579792933086
P1,R02,training,23,196,0,0.0,0.0,0.11265445076843143,0.10572936791321812
P1,R02,training,23,197,0,0.0,0.0,0.11265445076843143,0.10585195201892543
P1,R02,training,23,198,0,0.0,0.0,0.11265445076843143,0.10597354648359654
P1,R02,training,23,199,0,0.0,0.0,0.11265445076843143,0.1060941475717578
P1,R02,training,23,200,0,0.0,0.0,0.11265445076843143,0.10621375157550922
P1,R02,training,23,201,0,0.0,0.0,0.11265445076843143,0.10633235481471442
P1,R02,training,23,202,0,0.0,0.0,0.11265445076843143,0.10644995363718919
P1,R02,training,23,203,0,0.0,0.0,0.11265445076843143,0.10656654441888874
P1,R02,training,23,204,0,0.0,0.0,0.11265445076843143,0.10668212356409386
P1,R02,training,23,205,0,0.0,0.0,0.11265445076843143,0.10679668750559547
P1,R02,training,23,206,0,0.0,0.0,0.11265445076843143,0.10691023270487814
P1,R02,training,23,207,0,0.0,0.0,0.11265445076843143,0.10702275565230206
P1,R02,training,23,208,0,0.0,0.0,0.1302599486713126,0.12387706108583182
P1,R02,training,23,209,0,0.0,0.0,0.1302599486713126,0.12400479292398572
P1,R02,training,23,210,0,0.0,0.0,0.1302599486713126,0.1241313307820733
P1,R02,training,23,211,0,0.0,0.0,0.1302599486713126,0.12425667073759943
P1,R02,training,23,212,0,0.0,0.0,0.1302599486713126,0.12438080890248618
P1,R02,training,23,213,0,0.0,0.0,0.1302599486713126,0.12450374142327367
P1,R02,training,23,214,0,0.0,0.0,0.1302599486713126,0.12462546448131939
P1,R02,training,23,215,0,0.0,0.0,0.1302599486713126,0.12474597429299579
P1,R02,training,23,216,0,0.0,0.0,0.1302599486713126,0.12486526710988623
P1,R02,training,23,217,0,0.0,0.0,0.1302599486713126,0.12498333921897924
P1,R02,training,23,218,0,0.0,0.0,0.1302599486713126,0.12510018694286107
P1,R02,training,23,219,0,0.0,0.0,0.1302599486713126,0.12521580663990647
P1,R02,training,23,220,0,0.0,0.0,0.1302599486713126,0.1253301947044679
P1,R02,training,23,221,0,0.0,0.0,0.1302599486713126,0.12544334756706274
P1,R02,training,23,222,0,0.0,0.0,0.1302599486713126,0.12555526169455894
P1,R02,training,23,223,0,0.0,0.0,0.1302599486713126,0.12566593359035888
P1,R02,training,23,224,0,0.0,0.0,0.14817700740054296,0.1430755701133797
P1,R02,training,23,225,0,0.0,0.0,0.14817700740054296,0.14319862679794532
P1,R02,training,23,226,0,0.0,0.0,0.14817700740054296,0.14332025870249573
P1,R02,training,23,227,0,0.0,0.0,0.14817700740054296,0.1434404620177703
P1,R02,training,23,228,0,0.0,0.0,0.14817700740054296,0.14355923297708267
P1,R02,training,23,229,0,0.0,0.0,0.14817700740054296,0.14367656785651756
P1,R02,training,23,230,0,0.0,0.0,0.14817700740054296,0.14379246297512527
P1,R02,training,23,231,0,0.0,0.0,0.14817700740054296,0.1439069146951141
P1,R02,training,23,232,0,0.0,0.0,0.14817700740054296,0.14401991942204068
P1,R02,training,23,233,0,0.0,0.0,0.14817700740054296,0.14413147360499798
P1,R02,training,23,234,0,0.0,0.0,0.14817700740054296,0.14424157373680135
P1,R02,training,23,235,0,0.0,0.0,0.14817700740054296,0.14435021635417222
P1,R02,training,23,236,0,0.0,0.0,0.14817700740054296,0.14445739803791965
P1,R02,training,23,237,0,0.0,0.0,0.14817700740054296,0.14456311541311964
P1,R02,training,23,238,0,0.0,0.0,0.14817700740054296,0.14466736514929224
P1,R02,training,23,239,0,0.0,0.0,0.14817700740054296,0.14477014396057633
P1,R02,training,23,240,0,0.0,0.0,0.147380344149075,0.14409255745864585
P1,R02,training,23,241,0,0.0,0.0,0.147380344149075,0.14419184802754356
P1,R02,training,23,242,0,0.0,0.0,0.147380344149075,0.1442896660432717
P1,R02,training,23,243,0,0.0,0.0,0.147380344149075,0.14438600841684543
P1,R02,training,23,244,0,0.0,0.0,0.147380344149075,0.14448087210449453
P1,R02,training,23,245,0,0.0,0.0,0.147380344149075,0.1445742541078237
P1,R02,training,23,246,0,0.0,0.0,0.147380344149075,0.1446661514739704
P1,R02,training,23,247,0,0.0,0.0,0.147380344149075,0.14475656129576067
P1,R02,training,23,248,0,0.0,0.0,0.147380344149075,0.14484548071186215
P1,R02,training,23,249,0,0.0,0.0,0.147380344149075,0.1449329069069351
P1,R02,training,23,250,0,0.0,0.0,0.147380344149075,0.14501883711178107
P1,R02,training,23,251,0,0.0,0.0,0.147380344149075,0.14510326860348888
P1,R02,training,23,252,0,0.0,0.0,0.147380344149075,0.14518619870557853
P1,R02,training,23,253,0,0.0,0.0,0.147380344149075,0.14526762478814265
P1,R02,training,23,254,0,0.0,0.0,0.147380344149075,0.14534754426798535
P1,R02,training,23,255,0,0.0,0.0,0.147380344149075,0.14542595460875893
P1,R02,training,23,256,0,0.0,0.0,0.12788945351565015,0.12626025881294434
P1,R02,training,23,257,0,0.0,0.0,0.12788945351565015,0.12632567391751703
P1,R02,training,23,258,0,0.0,0.0,0.12788945351565015,0.1263897731073386
P1,R02,training,23,259,0,0.0,0.0,0.12788945351565015,0.12645255434524347
P1,R02,training,23,260,0,0.0,0.0,0.12788945351565015,0.12651401563527953
P1,R02,training,23,261,0,0.0,0.0,0.12788945351565015,0.12657415502281374
P1,R02,training,23,262,0,0.0,0.0,0.12788945351565015,0.12663297059463582
P1,R02,training,23,263,0,0.0,0.0,0.12788945351565015,0.12669046047905955
P1,R02,training,23,264,0,0.0,0.0,0.12788945351565015,0.12674662284602217
P1,R02,training,23,265,0,0.0,0.0,0.12788945351565015,0.12680145590718142
P1,R02,training,23,266,0,0.0,0.0,0.12788945351565015,0.12685495791601048
P1,R02,training,23,267,0,0.0,0.0,0.12788945351565015,0.1269071271678906
P1,R02,training,23,268,0,0.0,0.0,0.12788945351565015,0.12695796200020165
P1,R02,training,23,269,0,0.0,0.0,0.12788945351565015,0.1270074607924106
P1,R02,training,23,270,0,0.0,0.0,0.12788945351565015,0.12705562196615733
P1,R02,training,23,271,0,0.0,0.0,0.12788945351565015,0.12710244398533868
P1,R02,training,23,272,0,0.0,0.0,0.10881773748975368,0.10818679088407827
P1,R02,training,23,273,0,0.0,0.0,0.10881773748975368,0.10822434781697361
P1,R02,training,23,274,0,0.0,0.0,0.10881773748975368,0.10826076159416474
P1,R02,training,23,275,0,0.0,0.0,0.10881773748975368,0.10829603105311933
P1,R02,training,23,276,0,0.0,0.0,0.10881773748975368,0.10833015506758867
P1,R02,training,23,277,0,0.0,0.0,0.10881773748975368,0.10836313254766769
P1,R02,training,23,278,0,0.0,0.0,0.10881773748975368,0.10839496243985292
P1,R02,training,23,279,0,0.0,0.0,0.10881773748975368,0.10842564372709859
P1,R02,training,23,280,0,0.0,0.0,0.10881773748975368,0.10845517542887087
P1,R02,training,23,281,0,0.0,0.0,0.10881773748975368,0.10848355660119996
P1,R02,training,23,282,0,0.0,0.0,0.10881773748975368,0.1085107863367305
P1,R02,training,23,283,0,0.0,0.0,0.10881773748975368,0.10853686376476986
P1,R02,training,23,284,0,0.0,0.0,0.10881773748975368,0.10856178805133453
P1,R02,training,23,285,0,0.0,0.0,0.10881773748975368,0.10858555839919462
P1,R02,training,23,286,0,0.0,0.0,0.10881773748975368,0.10860817404791633
P1,R02,training,23,287,0,0.0,0.0,0.10881773748975368,0.10862963427390249
P1,R02,training,23,288,0,0.0,0.0,0.09025884899628858,0.09011966806938418
P1,R02,training,23,289,0,0.0,0.0,0.09025884899628858,0.0901355498407532
P1,R02,training,23,290,0,0.0,0.0,0.09025884899628858,0.09015047163005656
P1,R02,training,23,291,0,0.0,0.0,0.09025884899628858,0.09016443295962705
P1,R02,training,23,292,0,0.0,0.0,0.09025884899628858,0.0901774333824954
P1,R02,training,23,293,0,0.0,0.0,0.09025884899628858,0.09018947248241403
P1,R02,training,23,294,0,0.0,0.0,0.09025884899628858,0.09020054987387933
P1,R02,training,23,295,0,0.0,0.0,0.09025884899628858,0.0902106652021522
P1,R02,training,23,296,0,0.0,0.0,0.09025884899628858,0.09021981814327691
P1,R02,training,23,297,0,0.0,0.0,0.09025884899628858,0.0902280084040986
P1,R02,training,23,298,0,0.0,0.0,0.09025884899628858,0.09023523572227872
P1,R02,training,23,299,0,0.0,0.0,0.09025884899628858,0.09024149986630908
P1,R02,training,23,300,0,0.0,0.0,0.09025884899628858,0.09024680063552432
P1,R02,training,23,301,0,0.0,0.0,0.09025884899628858,0.09025113786011246
P1,R02,training,23,302,0,0.0,0.0,0.09025884899628858,0.09025451140112416
P1,R02,training,23,303,0,0.0,0.0,0.09025884899628858,0.09025692115047992
P1,R02,training,23,304,0,0.0,0.3330538313504629,0.07233421059413926,0.07233382434303141
P1,R02,training,23,305,0,0.0,0.3330538313504629,0.07233421059413926,0.07233421059413926
P1,R02,training,23,306,0,0.0,0.3330538313504629,0.07233421059413926,0.07233382434303141
P1,R02,training,23,307,0,0.0,0.3330538313504629,0.07233421059413926,0.07233266560208289
P1,R02,training,23,308,0,0.0,0.3330538313504629,0.07233421059413926,0.07233073440841803
P1,R02,training,23,309,0,0.0,0.3330538313504629,0.07233421059413926,0.07232803082390858
P1,R02,training,23,310,0,0.0,0.3330538313504629,0.07233421059413926,0.07232455493517033
P1,R02,training,23,311,0,0.0,0.3330538313504629,0.07233421059413926,0.0723203068535585
P1,R02,training,23,312,0,0.0,0.3330538313504629,0.07233421059413926,0.07231528671516184
P1,R02,training,23,313,0,0.0,0.3330538313504629,0.07233421059413926,0.0723094946807953
P1,R02,training,23,314,0,0.0,0.3330538313504629,0.07233421059413926,0.0723029309359915
P1,R02,training,23,315,0,0.0,0.3330538313504629,0.07233421059413926,0.07229559569099077
P1,R02,training,23,316,0,0.0,0.3330538313504629,0.07233421059413926,0.07228748918072996
P1,R02,training,23,317,0,0.0,0.3330538313504629,0.07233421059413926,0.0722786116648299
P1,R02,training,23,318,0,0.0,0.3330538313504629,0.07233421059413926,0.07226896342758156
P1,R02,training,23,319,0,0.0,0.3330538313504629,0.07233421059413926,0.07225854477793081
P1,R02,training,23,320,0,1.0,0.333889884863114,0.09175084273063089,0.09164067386857147
P1,R02,training,23,321,0,1.0,0.333889884863114,0.09175084273063089,0.09162550541961763
P1,R02,training,23,322,0,1.0,0.333889884863114,0.09175084273063089,0.09160936111993546
P1,R02,training,23,323,0,1.0,0.333889884863114,0.09175084273063089,0.09159224148626745
P1,R02,training,23,324,0,1.0,0.333889884863114,0.09175084273063089,0.09157414706650795
P1,R02,training,23,325,0,1.0,0.333889884863114,0.09175084273063089,0.0915550784396739
P1,R02,training,23,326,0,1.0,0.333889884863114,0.09175084273063089,0.09153503621587404
P1,R02,training,23,327,0,1.0,0.333889884863114,0.09175084273063089,0.09151402103627629
P1,R02,training,23,328,0,1.0,0.333889884863114,0.09175084273063089,0.09149203357307359
P1,R02,training,23,329,0,1.0,0.333889884863114,0.09175084273063089,0.09146907452944805
P1,R02,training,23,330,0,1.0,0.333889884863114,0.09175084273063089,0.09144514463953352
P1,R02,training,23,331,0,1.0,0.333889884863114,0.09175084273063089,0.09142024466837642
P1,R02,training,23,332,0,1.0,0.333889884863114,0.09175084273063089,0.09139437541189499
P1,R02,training,23,333,0,1.0,0.333889884863114,0.09175084273063089,0.09136753769683686
P1,R02,training,23,334,0,1.0,0.333889884863114,0.09175084273063089,0.09133973238073509
P1,R02,training,23,335,0,1.0,0.333889884863114,0.09175084273063089,0.09131096035186241
P1,R02,training,23,336,0,0.0,0.33298777266248003,0.11168833535523887,0.11111666650743564
P1,R02,training,23,337,0,0.0,0.33298777266248003,0.11168833535523887,0.1110792921395036
P1,R02,training,23,338,0,0.0,0.33298777266248003,0.11168833535523887,0.11104074445956748
P1,R02,training,23,339,0,0.0,0.33298777266248003,0.11168833535523887,0.11100102469800442
P1,R02,training,23,340,0,0.0,0.33298777266248003,0.11168833535523887,0.11096013412230345
P1,R02,training,23,341,0,0.0,0.33298777266248003,0.11168833535523887,0.11091807403699808
P1,R02,training,23,342,0,0.0,0.33298777266248003,0.11168833535523887,0.11087484578359691
P1,R02,training,23,343,0,0.0,0.33298777266248003,0.11168833535523887,0.11083045074051236
P1,R02,training,23,344,0,0.0,0.33298777266248003,0.11168833535523887,0.11078489032298736
P1,R02,training,23,345,0,0.0,0.33298777266248003,0.11168833535523887,0.11073816598302022
P1,R02,training,23,346,0,0.0,0.33298777266248003,0.11168833535523887,0.11069027920928745
P1,R02,training,23,347,0,0.0,0.33298777266248003,0.11168833535523887,0.11064123152706479
P1,R02,training,23,348,0,0.0,0.33298777266248003,0.11168833535523887,0.11059102449814613
P1,R02,training,23,349,0,0.0,0.33298777266248003,0.11168833535523887,0.11053965972076073
P1,R02,training,23,350,0,0.0,0.33298777266248003,0.11168833535523887,0.11048713882948834
P1,R02,training,23,351,0,0.0,0.33298777266248003,0.11168833535523887,0.11043346349517257
P1,R02,training,23,352,0,0.0,0.0,0.13208870115184396,0.1305397787674622
P1,R02,training,23,353,0,0.0,0.0,0.13208870115184396,0.13047357488203096
P1,R02,training,23,354,0,0.0,0.0,0.13208870115184396,0.13040601187381415
P1,R02,training,23,355,0,0.0,0.0,0.13208870115184396,0.13033709188932263
P1,R02,training,23,356,0,0.0,0.0,0.13208870115184396,0.13026681711740884
P1,R02,training,23,357,0,0.0,0.0,0.13208870115184396,0.13019518978915076
P1,R02,training,23,358,0,0.0,0.0,0.13208870115184396,0.130122212177734
P1,R02,training,23,359,0,0.0,0.0,0.13208870115184396,0.13004788659833155
P1,R02,training,23,360,0,0.0,0.0,0.13208870115184396,0.12997221540798126
P1,R02,training,23,361,0,0.0,0.0,0.13208870115184396,0.1298952010054614
P1,R02,training,23,362,0,0.0,0.0,0.13208870115184396,0.12981684583116382
P1,R02,training,23,363,0,0.0,0.0,0.13208870115184396,0.12973715236696523
P1,R02,training,23,364,0,0.0,0.0,0.13208870115184396,0.12965612313609595
P1,R02,training,23,365,0,0.0,0.0,0.13208870115184396,0.12957376070300708
P1,R02,training,23,366,0,0.0,0.0,0.13208870115184396,0.12949006767323487
P1,R02,training,23,367,0,0.0,0.0,0.13208870115184396,0.1294050466932637
P1,R02,training,23,368,0,0.0,0.0,0.13375606945441942,0.1309511027692899
P1,R02,training,23,369,0,0.0,0.0,0.13375606945441942,0.13086232734010247
P1,R02,training,23,370,0,0.0,0.0,0.13375606945441942,0.13077221548491358
P1,R02,training,23,371,0,0.0,0.0,0.13375606945441942,0.1306807700480405
P1,R02,training,23,372,0,0.0,0.0,0.13375606945441942,0.1305879939145382
P1,R02,training,23,373,0,0.0,0.0,0.13375606945441942,0.13049389001004774
P1,R02,training,23,374,0,0.0,0.0,0.13375606945441942,0.13039846130064234
P1,R02,training,23,375,0,0.0,0.0,0.13375606945441942,0.13030171079267175
P1,R02,training,23,376,0,0.0,0.0,0.13375606945441942,0.13020364153260439
P1,R02,training,23,377,0,0.0,0.0,0.13375606945441942,0.1301042566068674
P1,R02,training,23,378,0,0.0,0.0,0.13375606945441942,0.13000355914168488
P1,R02,training,23,379,0,0.0,0.0,0.13375606945441942,0.12990155230291392
P1,R02,training,23,380,0,0.0,0.0,0.13375606945441942,0.12979823929587886
P1,R02,training,23,381,0,0.0,0.0,0.13375606945441942,0.12969362336520335
P1,R02,training,23,382,0,0.0,0.0,0.13375606945441942,0.12958770779464054
P1,R02,training,23,383,0,0.0,0.0,0.13375606945441942,0.12948049590690136
P1,R02,training,23,384,0,0.0,0.0,0.1343172021945562,0.1299147317416311
P1,R02,training,23,385,0,0.0,0.0,0.1343172021945562,0.12980447673376305
P1,R02,training,23,386,0,0.0,0.0,0.1343172021945562,0.1296929302133403
P1,R02,training,23,387,0,0.0,0.0,0.1343172021945562,0.12958009567173445
P1,R02,training,23,388,0,0.0,0.0,0.1343172021945562,0.129465976638547
P1,R02,training,23,389,0,0.0,0.0,0.1343172021945562,0.12935057668142538
P1,R02,training,23,390,0,0.0,0.0,0.1343172021945562,0.12923389940587698
P1,R02,training,23,391,0,0.0,0.0,0.1343172021945562,0.1291159484550816
P1,R02,training,23,392,0,0.0,0.0,0.1343172021945562,0.12899672750970176
P1,R02,training,23,393,0,0.0,0.0,0.1343172021945562,0.12887624028769148
P1,R02,training,23,394,0,0.0,0.0,0.1343172021945562,0.12875449054410298
P1,R02,training,23,395,0,0.0,0.0,0.1343172021945562,0.12863148207089173
P1,R02,training,23,396,0,0.0,0.0,0.1343172021945562,0.12850721869671974
P1,R02,training,23,397,0,0.0,0.0,0.1343172021945562,0.12838170428675694
P1,R02,training,23,398,0,0.0,0.0,0.1343172021945562,0.12825494274248084
P1,R02,training,23,399,0,0.0,0.0,0.1343172021945562,0.12812693800147462
P1,R02,training,23,400,0,0.0,0.0,0.1337584276529965,0.12746520935441435
P1,R02,training,23,401,0,0.0,0.0,0.1337584276529965,0.1273352729840333
P1,R02,training,23,402,0,0.0,0.0,0.1337584276529965,0.12720411056606087
P1,R02,training,23,403,0,0.0,0.0,0.1337584276529965,0.12707172616347476
P1,R02,training,23,404,0,0.0,0.0,0.1337584276529965,0.12693812387417647
P1,R02,training,23,405,0,0.0,0.0,0.1337584276529965,0.12680330783078006
P1,R02,training,23,406,0,0.0,0.0,0.1337584276529965,0.1266672822003992
P1,R02,training,23,407,0,0.0,0.0,0.1337584276529965,0.12653005118443258
P1,R02,training,23,408,0,0.0,0.0,0.1337584276529965,0.12639161901834778
P1,R02,training,23,409,0,0.0,0.0,0.1337584276529965,0.1262519899714635
P1,R02,training,23,410,0,0.0,0.0,0.1337584276529965,0.12611116834673025
P1,R02,training,23,411,0,0.0,0.0,0.1337584276529965,0.12596915848050955
P1,R02,training,23,412,0,0.0,0.0,0.1337584276529965,0.12582596474235136
P1,R02,training,23,413,0,0.0,0.0,0.1337584276529965,0.12568159153477035
P1,R02,training,23,414,0,0.0,0.0,0.1337584276529965,0.12553604329302032
P1,R02,training,23,415,0,0.0,0.0,0.1337584276529965,0.12538932448486742
P1,R02,training,23,416,0,0.0,0.0,0.132093351592672,0.12368238627432214
P1,R02,training,23,417,0,0.0,0.0,0.132093351592672,0.12353519525226293
P1,R02,training,23,418,0,0.0,0.0,0.132093351592672,0.1233868616622905
P1,R02,training,23,419,0,0.0,0.0,0.132093351592672,0.12323739004271476
P1,R02,training,23,420,0,0.0,0.0,0.132093351592672,0.12308678496281125
P1,R02,training,23,421,0,0.0,0.0,0.132093351592672,0.12293505102258842
P1,R02,training,23,422,0,0.0,0.0,0.132093351592672,0.12278219285255376
P1,R02,training,23,423,0,0.0,0.0,0.132093351592672,0.12262821511347846
P1,R02,training,23,424,0,0.0,0.0,0.132093351592672,0.12247312249616088
P1,R02,training,23,425,0,0.0,0.0,0.132093351592672,0.1223169197211886
P1,R02,training,23,426,0,0.0,0.0,0.132093351592672,0.12215961153869921
P1,R02,training,23,427,0,0.0,0.0,0.132093351592672,0.12200120272813982
P1,R02,training,23,428,0,0.0,0.0,0.132093351592672,0.12184169809802535
P1,R02,training,23,429,0,0.0,0.0,0.132093351592672,0.12168110248569558
P1,R02,training,23,430,0,0.0,0.0,0.132093351592672,0.12151942075707091
P1,R02,training,23,431,0,0.0,0.0,0.132093351592672,0.121356657806407
P1,R02,training,23,432,0,1.0,0.3337876942825893,0.11172163206142827,0.10250220257078695
P1,R02,training,23,433,0,1.0,0.3337876942825893,0.11172163206142827,0.10236272483674956
P1,R02,training,23,434,0,1.0,0.3337876942825893,0.11172163206142827,0.10222234518911166
P1,R02,training,23,435,0,1.0,0.3337876942825893,0.11172163206142827,0.1020810678610922
P1,R02,training,23,436,0,1.0,0.3337876942825893,0.11172163206142827,0.10193889710882291
P1,R02,training,23,437,0,1.0,0.3337876942825893,0.11172163206142827,0.10179583721113504
P1,R02,training,23,438,0,1.0,0.3337876942825893,0.11172163206142827,0.10165189246934492
P1,R02,training,23,439,0,1.0,0.3337876942825893,0.11172163206142827,0.10150706720703893
P1,R02,training,23,440,0,1.0,0.3337876942825893,0.11172163206142827,0.10136136576985737
P1,R02,training,23,441,0,1.0,0.3337876942825893,0.11172163206142827,0.10121479252527756
P1,R02,training,23,442,0,1.0,0.3337876942825893,0.11172163206142827,0.10106735186239604
P1,R02,training,23,443,0,1.0,0.3337876942825893,0.11172163206142827,0.10091904819170998
P1,R02,training,23,444,0,1.0,0.3337876942825893,0.11172163206142827,0.1007698859448977
P1,R02,training,23,445,0,1.0,0.3337876942825893,0.11172163206142827,0.10061986957459844
P1,R02,training,23,446,0,1.0,0.3337876942825893,0.11172163206142827,0.10046900355419126
P1,R02,training,23,447,0,1.0,0.3337876942825893,0.11172163206142827,0.10031729237757334
P1,R02,training,23,448,0,0.0,0.3331109264756768,0.09174270029754025,0.0822525020796941
P1,R02,training,23,449,0,0.0,0.3331109264756768,0.09174270029754025,0.08212654417610483
P1,R02,training,23,450,0,0.0,0.3331109264756768,0.09174270029754025,0.08199990342376867
P1,R02,training,23,451,0,0.0,0.3331109264756768,0.09174270029754025,0.0818725835785105
P1,R02,training,23,452,0,0.0,0.3331109264756768,0.09174270029754025,0.0817445884120841
P1,R02,training,23,453,0,0.0,0.3331109264756768,0.09174270029754025,0.08161592171198638
P1,R02,training,23,454,0,0.0,0.3331109264756768,0.09174270029754025,0.08148658728127117
P1,R02,training,23,455,0,0.0,0.3331109264756768,0.09174270029754025,0.08135658893836235
P1,R02,training,23,456,0,0.0,0.3331109264756768,0.09174270029754025,0.08122593051686651
P1,R02,training,23,457,0,0.0,0.3331109264756768,0.09174270029754025,0.0810946158653851
P1,R02,training,23,458,0,0.0,0.3331109264756768,0.09174270029754025,0.08096264884732611
P1,R02,training,23,459,0,0.0,0.3331109264756768,0.09174270029754025,0.08083003334071516
P1,R02,training,23,460,0,0.0,0.3331109264756768,0.09174270029754025,0.08069677323800627
P1,R02,training,23,461,0,0.0,0.3331109264756768,0.09174270029754025,0.08056287244589196
P1,R02,training,23,462,0,0.0,0.3331109264756768,0.09174270029754025,0.08042833488511317
P1,R02,training,23,463,0,0.0,0.3331109264756768,0.09174270029754025,0.08029316449026849
P1,R02,training,23,464,0,1.0,0.33355382430521047,0.07237133800845298,0.06323223267506312
P1,R02,training,23,465,0,1.0,0.33355382430521047,0.07237133800845298,0.06312461427927506
P1,R02,training,23,466,0,1.0,0.33355382430521047,0.07237133800845298,0.06301650604710243
P1,R02,training,23,467,0,1.0,0.33355382430521047,0.07237133800845298,0.06290791112457414
P1,R02,training,23,468,0,1.0,0.33355382430521047,0.07237133800845298,0.06279883266789395
P1,R02,training,23,469,0,1.0,0.33355382430521047,0.07237133800845298,0.0626892738432882
P1,R02,training,23,470,0,1.0,0.33355382430521047,0.07237133800845298,0.0625792378268534
P1,R02,training,23,471,0,1.0,0.33355382430521047,0.07237133800845298,0.062468727804403316
P1,R02,training,23,472,0,1.0,0.33355382430521047,0.07237133800845298,0.062357746971316054
P1,R02,training,23,473,0,1.0,0.33355382430521047,0.07237133800845298,0.062246298532380694
P1,R02,training,23,474,0,1.0,0.33355382430521047,0.07237133800845298,0.062134385701643896
P1,R02,training,23,475,0,1.0,0.33355382430521047,0.07237133800845298,0.062022011702256054
P1,R02,training,23,476,0,1.0,0.33355382430521047,0.07237133800845298,0.061909179766317476
P1,R02,training,23,477,0,1.0,0.33355382430521047,0.07237133800845298,0.06179589313472421
P1,R02,training,23,478,0,1.0,0.33355382430521047,0.07237133800845298,0.06168215505701369
P1,R02,training,23,479,0,1.0,0.33355382430521047,0.07237133800845298,0.061567968791210265
P1,R02,training,23,480,0,0.0,0.0,0.07130082432809842,0.0605443225098707
P1,R02,training,23,481,0,0.0,0.0,0.07130082432809842,0.060430951827489324
P1,R02,training,23,482,0,0.0,0.0,0.07130082432809842,0.06031714926473293
P1,R02,training,23,483,0,0.0,0.0,0.07130082432809842,0.0602029180633535
P1,R02,training,23,484,0,0.0,0.0,0.07130082432809842,0.060088261472701014
P1,R02,training,23,485,0,0.0,0.0,0.07130082432809842,0.059973182749570426
P1,R02,training,23,486,0,0.0,0.0,0.07130082432809842,0.05985768515804842
P1,R02,training,23,487,0,0.0,0.0,0.07130082432809842,0.059741771969360195
P1,R02,training,23,488,0,0.0,0.0,0.07130082432809842,0.05962544646171611
P1,R02,training,23,489,0,0.0,0.0,0.07130082432809842,0.05950871192015822
P1,R02,training,23,490,0,0.0,0.0,0.07130082432809842,0.0593915716364068
P1,R02,training,23,491,0,0.0,0.0,0.07130082432809842,0.05927402890870682
P1,R02,training,23,492,0,0.0,0.0,0.07130082432809842,0.05915608704167427
P1,R02,training,23,493,0,0.0,0.0,0.07130082432809842,0.05903774934614261
P1,R02,training,23,494,0,0.0,0.0,0.07130082432809842,0.058919019139009036
P1,R02,training,23,495,0,0.0,0.0,0.07130082432809842,0.05879989974308085
P1,R02,training,23,496,0,0.0,0.0,0.06955181537937517,0.05724096463404989
P1,R02,training,23,497,0,0.0,0.0,0.06955181537937517,0.05712401769866679
P1,R02,training,23,498,0,0.0,0.0,0.06955181537937517,0.057006700878276764
P1,R02,training,23,499,0,0.0,0.0,0.06955181537937517,0.05688901743573999
P1,R02,training,23,500,0,0.0,0.0,0.06955181537937517,0.05677097063893233
P1,R02,training,23,501,0,0.0,0.0,0.06955181537937517,0.05665256376059542
P1,R02,training,23,502,0,0.0,0.0,0.06955181537937517,0.05653380007818705
P1,R02,training,23,503,0,0.0,0.0,0.06955181537937517,0.05641468287373133
P1,R02,training,23,504,0,0.0,0.0,0.06955181537937517,0.05629521543366916
P1,R02,training,23,505,0,0.0,0.0,0.06955181537937517,0.056175401048708634
P1,R02,training,23,506,0,0.0,0.0,0.06955181537937517,0.0560552430136756
P1,R02,training,23,507,0,0.0,0.0,0.06955181537937517,0.05593474462736428
P1,R02,training,23,508,0,0.0,0.0,0.06955181537937517,0.05581390919238803
P1,R02,training,23,509,0,0.0,0.0,0.06955181537937517,0.05569274001503018
P1,R02,training,23,510,0,0.0,0.0,0.06955181537937517,0.05557124040509504
P1,R02,training,23,511,0,0.0,0.0,0.06955181537937517,0.055449413675759014
P1,R02,training,23,512,0,0.0,0.0,0.06717510475648153,0.053436631053787036
P1,R02,training,23,513,0,0.0,0.0,0.06717510475648153,0.05331834509280375
P1,R02,training,23,514,0,0.0,0.0,0.06717510475648153,0.053199752808660836
P1,R02,training,23,515,0,0.0,0.0,0.06717510475648153,0.053080857412909944
P1,R02,training,23,516,0,0.0,0.0,0.06717510475648153,0.052961662119642886
P1,R02,training,23,517,0,0.0,0.0,0.06717510475648153,0.052842170145348824
P1,R02,training,23,518,0,0.0,0.0,0.06717510475648153,0.05272238470877162
P1,R02,training,23,519,0,0.0,0.0,0.06717510475648153,0.05260230903076744
P1,R02,training,23,520,0,0.0,0.0,0.06717510475648153,0.05248194633416248
P1,R02,training,23,521,0,0.0,0.0,0.06717510475648153,0.052361299843611
P1,R02,training,23,522,0,0.0,0.0,0.06717510475648153,0.05224037278545355
P1,R02,training,23,523,0,0.0,0.0,0.06717510475648153,0.05211916838757541
P1,R02,training,23,524,0,0.0,0.0,0.06717510475648153,0.051997689879265306
P1,R02,training,23,525,0,0.0,0.0,0.06717510475648153,0.051875940491074336
P1,R02,training,23,526,0,0.0,0.0,0.06717510475648153,0.05175392345467522
P1,R02,training,23,527,0,0.0,0.0,0.06717510475648153,0.051631642002721786
P1,R02,training,23,528,0,0.0,0.0,0.0642383219790571,0.04925720803999333
P1,R02,training,23,529,0,0.0,0.0,0.0642383219790571,0.04913977609334525
P1,R02,training,23,530,0,0.0,0.0,0.0642383219790571,0.04902210056921921
P1,R02,training,23,531,0,0.0,0.0,0.0642383219790571,0.04890418456135734
P1,R02,training,23,532,0,0.0,0.0,0.0642383219790571,0.04878603116377221
P1,R02,training,23,533,0,0.0,0.0,0.0642383219790571,0.048667643470614246
P1,R02,training,23,534,0,0.0,0.0,0.0642383219790571,0.0485490245760393
P1,R02,training,23,535,0,0.0,0.0,0.0642383219790571,0.048430177574076666
P1,R02,training,23,536,0,0.0,0.0,0.0642383219790571,0.04831110555849738
P1,R02,training,23,537,0,0.0,0.0,0.0642383219790571,0.04819181162268282
P1,R02,training,23,538,0,0.0,0.0,0.0642383219790571,0.048072298859493726
P1,R02,training,23,539,0,0.0,0.0,0.0642383219790571,0.0479525703611395
P1,R02,training,23,540,0,0.0,0.0,0.0642383219790571,0.04783262921904789
P1,R02,training,23,541,0,0.0,0.0,0.0642383219790571,0.047712478523735044
P1,R02,training,23,542,0,0.0,0.0,0.0642383219790571,0.04759212136467597
P1,R02,training,23,543,0,0.0,0.0,0.0642383219790571,0.04747156083017526
P1,R02,training,23,544,0,0.0,0.0,0.060822737606142166,0.044833133798546435
P1,R02,training,23,545,0,0.0,0.0,0.060822737606142166,0.044718607172731094
P1,R02,training,23,546,0,0.0,0.0,0.060822737606142166,0.04460389674947726
P1,R02,training,23,547,0,0.0,0.0,0.060822737606142166,0.04448900544723446
P1,R02,training,23,548,0,0.0,0.0,0.060822737606142166,0.04437393618273806
P1,R02,training,23,549,0,0.0,0.0,0.060822737606142166,0.044258691870889266
P1,R02,training,23,550,0,0.0,0.0,0.060822737606142166,0.04414327542463555
P1,R02,training,23,551,0,0.0,0.0,0.060822737606142166,0.044027689754851405
P1,R02,training,23,552,0,0.0,0.0,0.060822737606142166,0.04391193777021957
P1,R02,training,23,553,0,0.0,0.0,0.060822737606142166,0.04379602237711269
P1,R02,training,23,554,0,0.0,0.0,0.060822737606142166,0.0436799464794754
P1,R02,training,23,555,0,0.0,0.0,0.060822737606142166,0.04356371297870683
P1,R02,training,23,556,0,0.0,0.0,0.060822737606142166,0.04344732477354359
P1,R02,training,23,557,0,0.0,0.0,0.060822737606142166,0.04333078475994318
P1,R02,training,23,558,0,0.0,0.0,0.060822737606142166,0.043214095830967886
P1,R02,training,23,559,0,0.0,0.0,0.060822737606142166,0.04309726087666908
P1,R02,training,23,560,0,0.0,0.0,0.03933997141810665,0.02779952305357684
P1,R02,training,23,561,0,0.0,0.0,0.03933997141810665,0.027723771243957498
P1,R02,training,23,562,0,0.0,0.0,0.03933997141810665,0.02764793058098241
P1,R02,training,23,563,0,0.0,0.0,0.03933997141810665,0.027572002925396875
P1,R02,training,23,564,0,0.0,0.0,0.03933997141810665,0.027495990135629395
P1,R02,training,23,565,0,0.0,0.0,0.03933997141810665,0.027419894067718754
P1,R02,training,23,566,0,0.0,0.0,0.03933997141810665,0.027343716575241414
P1,R02,training,23,567,0,0.0,0.0,0.03933997141810665,0.027267459509239266
P1,R02,training,23,568,0,0.0,0.0,0.03933997141810665,0.027191124718147733
P1,R02,training,23,569,0,0.0,0.0,0.03933997141810665,0.02711471404772415
P1,R02,training,23,570,0,0.0,0.0,0.03933997141810665,0.027038229340976532
P1,R02,training,23,571,0,0.0,0.0,0.03933997141810665,0.026961672438092714
P1,R02,training,23,572,0,0.0,0.0,0.03933997141810665,0.026885045176369752
P1,R02,training,23,573,0,0.0,0.0,0.03933997141810665,0.026808349390143784
P1,R02,training,23,574,0,0.0,0.0,0.03933997141810665,0.026731586910720175
P1,R02,training,23,575,0,0.0,0.0,0.03933997141810665,0.02665475956630402
P1,R02,training,23,576,0,0.0,0.0,0.01904316831052369,0.012865460190284839
P1,R02,training,23,577,0,0.0,0.0,0.01904316831052369,0.012828210485570828
P1,R02,training,23,578,0,0.0,0.0,0.01904316831052369,0.012790932027458353
P1,R02,training,23,579,0,0.0,0.0,0.01904316831052369,0.012753625694584903
P1,R02,training,23,580,0,0.0,0.0,0.01904316831052369,0.012716292363921758
P1,R02,training,23,581,0,0.0,0.0,0.01904316831052369,0.012678932910741457
P1,R02,training,23,582,0,0.0,0.0,0.01904316831052369,0.012641548208585436
P1,R02,training,23,583,0,0.0,0.0,0.01904316831052369,0.012604139129231839
P1,R02,training,23,584,0,0.0,0.0,0.01904316831052369,0.012566706542663541
P1,R02,training,23,585,0,0.0,0.0,0.01904316831052369,0.012529251317036348
P1,R02,training,23,586,0,0.0,0.0,0.01904316831052369,0.0124917743186474
P1,R02,training,23,587,0,0.0,0.0,0.01904316831052369,0.012454276411903744
P1,R02,training,23,588,0,0.0,0.0,0.01904316831052369,0.012416758459291133
P1,R02,training,23,589,0,0.0,0.0,0.01904316831052369,0.012379221321342991
P1,R02,training,23,590,0,0.0,0.0,0.01904316831052369,0.012341665856609603
P1,R02,training,23,591,0,0.0,0.0,0.01904316831052369,0.012304092921627473
P1,R02,training,23,592,0,0.0,0.0,0.0,0.0
P1,R02,training,23,593,0,0.0,0.0,0.0,0.0
P1,R02,training,23,594,0,0.0,0.0,0.0,0.0
P1,R02,training,23,595,0,0.0,0.0,0.0,0.0
P1,R02,training,23,596,0,0.0,0.0,0.0,0.0
P1,R02,training,23,597,0,0.0,0.0,0.0,0.0
P1,R02,training,23,598,0,0.0,0.0,0.0,0.0
P1,R02,training,23,599,0,0.0,0.0,0.0,0.0
P1,R02,training,23,600,0,0.0,0.0,0.0,0.0
P1,R02,training,23,601,0,0.0,0.0,0.0,0.0
P1,R02,training,23,602,0,0.0,0.0,0.0,0.0
P1,R02,training,23,603,0,0.0,0.0,0.0,0.0
P1,R02,training,23,604,0,0.0,0.0,0.0,0.0
P1,R02,training,23,605,0,0.0,0.0,0.0,0.0
P1,R02,training,23,606,0,0.0,0.0,0.0,0.0
P1,R02,training,23,607,0,0.0,0.0,0.0,0.0
P1,R02,training,23,608,0,0.0,0.0,0.0,0.0
P1,R02,training,23,609,0,0.0,0.0,0.0,0.0
P1,R02,training,23,610,0,0.0,0.0,0.0,0.0
P1,R02,training,23,611,0,0.0,0.0,0.0,0.0
P2,R02,training,23,0,0,0.0,0.0,0.0,0.0
P2,R02,training,23,1,0,0.0,0.0,0.0,0.0
P2,R02,training,23,2,0,0.0,0.0,0.0,0.0
P2,R02,training,23,3,0,0.0,0.0,0.0,0.0
P2,R02,training,23,4,0,0.0,0.0,0.0,0.0
P2,R02,training,23,5,0,0.0,0.0,0.0,0.0
P2,R02,training,23,6,0,0.0,0.0,0.0,0.0
P2,R02,training,23,7,0,0.0,0.0,0.0,0.0
P2,R02,training,23,8,0,0.0,0.0,0.0,0.0
P2,R02,training,23,9,0,0.0,0.0,0.0,0.0
P2,R02,training,23,10,0,0.0,0.0,0.0,0.0
P2,R02,training,23,11,0,0.0,0.0,0.0,0.0
P2,R02,training,23,12,0,0.0,0.0,0.0,0.0
P2,R02,training,23,13,0,0.0,0.0,0.0,0.0
P2,R02,training,23,14,0,0.0,0.0,0.0,0.0
P2,R02,training,23,15,0,0.0,0.0,0.0,0.0
P2,R02,training,23,16,0,0.0,0.0,0.019014432977457578,0.012172881708684734
P2,R02,training,23,17,0,0.0,0.0,0.019014432977457578,0.012210445168460265
P2,R02,training,23,18,0,0.0,0.0,0.019014432977457578,0.012247993737713837
P2,R02,training,23,19,0,0.0,0.0,0.019014432977457578,0.012285526567415082
P2,R02,training,23,20,0,0.0,0.0,0.019014432977457578,0.012323042806432372
P2,R02,training,23,21,0,0.0,0.0,0.019014432977457578,0.012360541601562785
P2,R02,training,23,22,0,0.0,0.0,0.019014432977457578,0.012398022097562291
P2,R02,training,23,23,0,0.0,0.0,0.019014432977457578,0.012435483437176126
P2,R02,training,23,24,0,0.0,0.0,0.019014432977457578,0.01247292476116937
P2,R02,training,23,25,0,0.0,0.0,0.019014432977457578,0.012510345208357726
P2,R02,training,23,26,0,0.0,0.0,0.019014432977457578,0.012547743915638501
P2,R02,training,23,27,0,0.0,0.0,0.019014432977457578,0.012585120018021761
P2,R02,training,23,28,0,0.0,0.0,0.019014432977457578,0.01262247264866171
P2,R02,training,23,29,0,0.0,0.0,0.019014432977457578,0.012659800938888239
P2,R02,training,23,30,0,0.0,0.0,0.019014432977457578,0.01269710401823868
P2,R02,training,23,31,0,0.0,0.0,0.019014432977457578,0.012734381014489737
P2,R02,training,23,32,0,0.0,0.0,0.020291423745442246,0.01362936133505027
P2,R02,training,23,33,0,0.0,0.0,0.020291423745442246,0.013669083348625025
P2,R02,training,23,34,0,0.0,0.0,0.020291423745442246,0.013708774724052656
P2,R02,training,23,35,0,0.0,0.0,0.020291423745442246,0.01374843452336158
P2,R02,training,23,36,0,0.0,0.0,0.020291423745442246,0.013788061806874747
P2,R02,training,23,37,0,0.0,0.0,0.020291423745442246,0.0138276556332449
P2,R02,training,23,38,0,0.0,0.0,0.020291423745442246,0.01386721505949005
P2,R02,training,23,39,0,0.0,0.0,0.020291423745442246,0.01390673914102911
P2,R02,training,23,40,0,0.0,0.0,0.020291423745442246,0.013946226931717723
P2,R02,training,23,41,0,0.0,0.0,0.020291423745442246,0.013985677483884304
P2,R02,training,23,42,0,0.0,0.0,0.020291423745442246,0.014025089848366212
P2,R02,training,23,43,0,0.0,0.0,0.020291423745442246,0.014064463074546169
P2,R02,training,23,44,0,0.0,0.0,0.020291423745442246,0.014103796210388802
P2,R02,training,23,45,0,0.0,0.0,0.020291423745442246,0.014143088302477397
P2,R02,training,23,46,0,0.0,0.0,0.020291423745442246,0.014182338396050828
P2,R02,training,23,47,0,0.0,0.0,0.020291423745442246,0.014221545535040646
P2,R02,training,23,48,0,0.0,0.0,0.021438713316650475,0.01506701800122616
P2,R02,training,23,49,0,0.0,0.0,0.021438713316650475,0.015108348133726442
P2,R02,training,23,50,0,0.0,0.0,0.021438713316650475,0.015149629844696345
P2,R02,training,23,51,0,0.0,0.0,0.021438713316650475,0.015190862118881349
P2,R02,training,23,52,0,0.0,0.0,0.021438713316650475,0.015232043939844352
P2,R02,training,23,53,0,0.0,0.0,0.021438713316650475,0.015273174290005962
P2,R02,training,23,54,0,0.0,0.0,0.021438713316650475,0.015314252150684916
P2,R02,training,23,55,0,0.0,0.0,0.021438713316650475,0.015355276502138677
P2,R02,training,23,56,0,0.0,0.0,0.021438713316650475,0.0153962463236042
P2,R02,training,23,57,0,0.0,0.0,0.021438713316650475,0.01543716059333887
P2,R02,training,23,58,0,0.0,0.0,0.021438713316650475,0.015478018288661586
P2,R02,training,23,59,0,0.0,0.0,0.021438713316650475,0.015518818385994011
P2,R02,training,23,60,0,0.0,0.0,0.021438713316650475,0.015559559860901993
P2,R02,training,23,61,0,0.0,0.0,0.021438713316650475,0.01560024168813711
P2,R02,training,23,62,0,0.0,0.0,0.021438713316650475,0.015640862841678402
P2,R02,training,23,63,0,0.0,0.0,0.021438713316650475,0.015681422294774233
P2,R02,training,23,64,0,0.0,0.0,0.0224254914098124,0.01644556530613233
P2,R02,training,23,65,0,0.0,0.0,0.0224254914098124,0.016487859318413598
P2,R02,training,23,66,0,0.0,0.0,0.0224254914098124,0.0165300855641319
P2,R02,training,23,67,0,0.0,0.0,0.0224254914098124,0.016572242966660197
P2,R02,training,23,68,0,0.0,0.0,0.0224254914098124,0.016614330448828388
P2,R02,training,23,69,0,0.0,0.0,0.0224254914098124,0.016656346932968007
P2,R02,training,23,70,0,0.0,0.0,0.0224254914098124,0.01669829134095705
P2,R02,training,23,71,0,0.0,0.0,0.0224254914098124,0.016740162594264935
P2,R02,training,23,72,0,0.0,0.0,0.0224254914098124,0.016781959613997605
P2,R02,training,23,73,0,0.0,0.0,0.0224254914098124,0.016823681320942783
P2,R02,training,23,74,0,0.0,0.0,0.0224254914098124,0.016865326635615296
P2,R02,training,23,75,0,0.0,0.0,0.0224254914098124,0.016906894478302608
P2,R02,training,23,76,0,0.0,0.0,0.0224254914098124,0.016948383769110422
P2,R02,training,23,77,0,0.0,0.0,0.0224254914098124,0.01698979342800841
P2,R02,training,23,78,0,0.0,0.0,0.0224254914098124,0.01703112237487609
P2,R02,training,23,79,0,0.0,0.0,0.0224254914098124,0.017072369529548798
P2,R02,training,23,80,0,0.0,0.0,0.023224280883518376,0.017723112902774864
P2,R02,training,23,81,0,0.0,0.0,0.023224280883518376,0.017765656502003832
P2,R02,training,23,82,0,0.0,0.0,0.023224280883518376,0.017808112039907554
P2,R02,training,23,83,0,0.0,0.0,0.023224280883518376,0.01785047839814165
P2,R02,training,23,84,0,0.0,0.0,0.023224280883518376,0.01789275445855579
P2,R02,training,23,85,0,0.0,0.0,0.023224280883518376,0.017934939103241947
P2,R02,training,23,86,0,0.0,0.0,0.023224280883518376,0.017977031214582804
P2,R02,training,23,87,0,0.0,0.0,0.023224280883518376,0.018019029675300238
P2,R02,training,23,88,0,0.0,0.0,0.023224280883518376,0.018060933368503902
P2,R02,training,23,89,0,0.0,0.0,0.023224280883518376,0.018102741177739887
P2,R02,training,23,90,0,0.0,0.0,0.023224280883518376,0.018144451987039487
P2,R02,training,23,91,0,0.0,0.0,0.023224280883518376,0.018186064680968058
P2,R02,training,23,92,0,0.0,0.0,0.023224280883518376,0.018227578144673958
P2,R02,training,23,93,0,0.0,0.0,0.023224280883518376,0.01826899126393754
P2,R02,training,23,94,0,0.0,0.0,0.023224280883518376,0.018310302925220266
P2,R02,training,23,95,0,0.0,0.0,0.023224280883518376,0.018351512015713875
P2,R02,training,23,96,0,0.0,0.0,0.02381220635317783,0.01885822875022243
P2,R02,training,23,97,0,0.0,0.0,0.02381220635317783,0.01890026729935671
P2,R02,training,23,98,0,0.0,0.0,0.02381220635317783,0.01894219726317037
P2,R02,training,23,99,0,0.0,0.0,0.02381220635317783,0.018984017504184894
P2,R02,training,23,100,0,0.0,0.0,0.02381220635317783,0.019025726885923657
P2,R02,training,23,101,0,0.0,0.0,0.02381220635317783,0.019067324272962732
P2,R02,training,23,102,0,0.0,0.0,0.02381220635317783,0.01910880853098176
P2,R02,training,23,103,0,0.0,0.0,0.02381220635317783,0.019150178526814877
P2,R02,training,23,104,0,0.0,0.0,0.02381220635317783,0.01919143312850168
P2,R02,training,23,105,0,0.0,0.0,0.02381220635317783,0.01923257120533824
P2,R02,training,23,106,0,0.0,0.0,0.02381220635317783,0.019273591627928174
P2,R02,training,23,107,0,0.0,0.0,0.02381220635317783,0.019314493268233743
P2,R02,training,23,108,0,0.0,0.0,0.02381220635317783,0.01935527499962697
P2,R02,training,23,109,0,0.0,0.0,0.02381220635317783,0.01939593569694085
P2,R02,training,23,110,0,0.0,0.0,0.02381220635317783,0.019436474236520507
P2,R02,training,23,111,0,0.0,0.0,0.02381220635317783,0.019476889496274453
P2,R02,training,23,112,0,0.0,0.0,0.02417208176643624,0.019812144763558543
P2,R02,training,23,113,0,0.0,0.0,0.02417208176643624,0.019852917125280204
P2,R02,training,23,114,0,0.0,0.0,0.02417208176643624,0.019893560936933362
P2,R02,training,23,115,0,0.0,0.0,0.02417208176643624,0.019934075066336748
P2,R02,training,23,116,0,0.0,0.0,0.02417208176643624,0.01997445838315641
P2,R02,training,23,117,0,0.0,0.0,0.02417208176643624,0.02001470975895779
P2,R02,training,23,118,0,0.0,0.0,0.02417208176643624,0.020054828067257852
P2,R02,training,23,119,0,0.0,0.0,0.02417208176643624,0.020094812183577154
P2,R02,training,23,120,0,0.0,0.0,0.02417208176643624,0.02013466098549198
P2,R02,training,23,121,0,0.0,0.0,0.02417208176643624,0.020174373352686407
P2,R02,training,23,122,0,0.0,0.0,0.02417208176643624,0.020213948167004406
P2,R02,training,23,123,0,0.0,0.0,0.02417208176643624,0.020253384312501913
P2,R02,training,23,124,0,0.0,0.0,0.02417208176643624,0.02029268067549888
P2,R02,training,23,125,0,0.0,0.0,0.02417208176643624,0.02033183614463132
P2,R02,training,23,126,0,0.0,0.0,0.02417208176643624,0.020370849610903314
P2,R02,training,23,127,0,0.0,0.0,0.02417208176643624,0.020409719967739014
P2,R02,training,23,128,0,0.0,0.33305050573549594,0.02429324483050565,0.02055094437370848
P2,R02,training,23,129,0,0.0,0.33305050573549594,0.02429324483050565,0.020589718589090034
P2,R02,training,23,130,0,0.0,0.33305050573549594,0.02429324483050565,0.020628345656443683
P2,R02,training,23,131,0,0.0,0.33305050573549594,0.02429324483050565,0.020666824473897467
P2,R02,training,23,132,0,0.0,0.33305050573549594,0.02429324483050565,0.020705153942272358
P2,R02,training,23,133,0,0.0,0.33305050573549594,0.02429324483050565,0.020743332965134285
P2,R02,training,23,134,0,0.0,0.33305050573549594,0.02429324483050565,0.020781360448846098
P2,R02,training,23,135,0,0.0,0.33305050573549594,0.02429324483050565,0.0208192353026195
P2,R02,training,23,136,0,0.0,0.33305050573549594,0.02429324483050565,0.020856956438566897
P2,R02,training,23,137,0,0.0,0.33305050573549594,0.02429324483050565,0.020894522771753198
P2,R02,training,23,138,0,0.0,0.33305050573549594,0.02429324483050565,0.020931933220247577
P2,R02,training,23,139,0,0.0,0.33305050573549594,0.02429324483050565,0.020969186705175096
P2,R02,training,23,140,0,0.0,0.33305050573549594,0.02429324483050565,0.021006282150768364
P2,R02,training,23,141,0,0.0,0.33305050573549594,0.02429324483050565,0.021043218484419018
P2,R02,training,23,142,0,0.0,0.33305050573549594,0.02429324483050565,0.021079994636729184
P2,R02,training,23,143,0,0.0,0.33305050573549594,0.02429324483050565,0.02111660954156287
P2,R02,training,23,144,0,0.0,0.0,0.02417208176643624,0.021047560798554934
P2,R02,training,23,145,0,0.0,0.0,0.02417208176643624,0.021083669030067753
P2,R02,training,23,146,0,0.0,0.0,0.02417208176643624,0.021119613655856732
P2,R02,training,23,147,0,0.0,0.0,0.02417208176643624,0.02115539362859501
P2,R02,training,23,148,0,0.0,0.0,0.02417208176643624,0.021191007904455546
P2,R02,training,23,149,0,0.0,0.0,0.02417208176643624,0.021226455443161676
P2,R02,training,23,150,0,0.0,0.0,0.02417208176643624,0.021261735208037577
P2,R02,training,23,151,0,0.0,0.0,0.02417208176643624,0.021296846166058613
P2,R02,training,23,152,0,0.0,0.0,0.02417208176643624,0.021331787287901558
P2,R02,training,23,153,0,0.0,0.0,0.02417208176643624,0.02136655754799472
P2,R02,training,23,154,0,0.0,0.0,0.02417208176643624,0.02140115592456795
P2,R02,training,23,155,0,0.0,0.0,0.02417208176643624,0.02143558139970252
P2,R02,training,23,156,0,0.0,0.0,0.02417208176643624,0.02146983295938086
P2,R02,training,23,157,0,0.0,0.0,0.02417208176643624,0.021503909593536215
P2,R02,training,23,158,0,0.0,0.0,0.02417208176643624,0.021537810296102116
P2,R02,training,23,159,0,0.0,0.0,0.02417208176643624,0.021571534065061754
P2,R02,training,23,160,0,0.0,0.0,0.02381220635317783,0.02128342216802817
P2,R02,training,23,161,0,0.0,0.0,0.02381220635317783,0.021316292311566242
P2,R02,training,23,162,0,0.0,0.0,0.02381220635317783,0.021348985218820487
P2,R02,training,23,163,0,0.0,0.0,0.02381220635317783,0.02138149991913313
P2,R02,training,23,164,0,0.0,0.0,0.02381220635317783,0.021413835446076765
P2,R02,training,23,165,0,0.0,0.0,0.02381220635317783,0.021445990837502153
P2,R02,training,23,166,0,0.0,0.0,0.02381220635317783,0.021477965135585777
P2,R02,training,23,167,0,0.0,0.0,0.02381220635317783,0.021509757386877316
P2,R02,training,23,168,0,0.0,0.0,0.02381220635317783,0.02154136664234691
P2,R02,training,23,169,0,0.0,0.0,0.02381220635317783,0.0215727919574323
P2,R02,training,23,170,0,0.0,0.0,0.02381220635317783,0.021604032392085727
P2,R02,training,23,171,0,0.0,0.0,0.02381220635317783,0.021635087010820748
P2,R02,training,23,172,0,0.0,0.0,0.02381220635317783,0.021665954882758805
P2,R02,training,23,173,0,0.0,0.0,0.02381220635317783,0.021696635081675672
P2,R02,training,23,174,0,0.0,0.0,0.02381220635317783,0.02172712668604764
P2,R02,training,23,175,0,0.0,0.0,0.02381220635317783,0.021757428779097636
P2,R02,training,23,176,0,0.0,0.0,0.023224280883518376,0.021249604158472876
P2,R02,training,23,177,0,0.0,0.0,0.023224280883518376,0.02127878576195392
P2,R02,training,23,178,0,0.0,0.0,0.023224280883518376,0.021307779878961628
P2,R02,training,23,179,0,0.0,0.0,0.023224280883518376,0.021336585634317222
P2,R02,training,23,180,0,0.0,0.0,0.023224280883518376,0.021365202157693094
P2,R02,training,23,181,0,0.0,0.0,0.023224280883518376,0.021393628583656538
P2,R02,training,23,182,0,0.0,0.0,0.023224280883518376,0.021421864051713313
P2,R02,training,23,183,0,0.0,0.0,0.023224280883518376,0.021449907706351003
P2,R02,training,23,184,0,0.0,0.0,0.023224280883518376,0.021477758697082162
P2,R02,training,23,185,0,0.0,0.0,0.023224280883518376,0.021505416178487245
P2,R02,training,23,186,0,0.0,0.0,0.023224280883518376,0.021532879310257328
P2,R02,training,23,187,0,0.0,0.0,0.023224280883518376,0.021560147257236602
P2,R02,training,23,188,0,0.0,0.0,0.023224280883518376,0.021587219189464657
P2,R02,training,23,189,0,0.0,0.0,0.023224280883518376,0.02161409428221855
P2,R02,training,23,190,0,0.0,0.0,0.023224280883518376,0.02164077171605462
P2,R02,training,23,191,0,0.0,0.0,0.023224280883518376,0.021667250676850085
P2,R02,training,23,192,0,0.0,0.0,0.04144011425241598,0.038708728205334
P2,R02,training,23,193,0,0.0,0.0,0.04144011425241598,0.0387552631811054
P2,R02,training,23,194,0,0.0,0.0,0.04144011425241598,0.03880143971230489
P2,R02,training,23,195,0,0.0,0.0,0.04144011425241598,0.03884725638496813
P2,R02,training,23,196,0,0.0,0.0,0.04144011425241598,0.038892711794989904
P2,R02,training,23,197,0,0.0,0.0,0.04144011425241598,0.03893780454819575
P2,R02,training,23,198,0,0.0,0.0,0.04144011425241598,0.03898253326041317
P2,R02,training,23,199,0,0.0,0.0,0.04144011425241598,0.03902689655754238
P2,R02,training,23,200,0,0.0,0.0,0.04144011425241598,0.03907089307562664
P2,R02,training,23,201,0,0.0,0.0,0.04144011425241598,0.03911452146092207
P2,R02,training,23,202,0,0.0,0.0,0.04144011425241598,0.039157780369967046
P2,R02,training,23,203,0,0.0,0.0,0.04144011425241598,0.0392006684696511
P2,R02,training,23,204,0,0.0,0.0,0.04144011425241598,0.03924318443728332
P2,R02,training,23,205,0,0.0,0.0,0.04144011425241598,0.03928532696066034
P2,R02,training,23,206,0,0.0,0.0,0.04144011425241598,0.03932709473813376
P2,R02,training,23,207,0,0.0,0.0,0.04144011425241598,0.03936848647867717
P2,R02,training,23,208,0,0.0,0.0,0.06079269427101448,0.05781378219935754
P2,R02,training,23,209,0,0.0,0.0,0.06079269427101448,0.05787339501714821
P2,R02,training,23,210,0,0.0,0.0,0.06079269427101448,0.05793245060099338
P2,R02,training,23,211,0,0.0,0.0,0.06079269427101448,0.05799094712025327
P2,R02,training,23,212,0,0.0,0.0,0.06079269427101448,0.05804888276035065
P2,R02,training,23,213,0,0.0,0.0,0.06079269427101448,0.05810625572286468
P2,R02,training,23,214,0,0.0,0.0,0.06079269427101448,0.058163064225623874
P2,R02,training,23,215,0,0.0,0.0,0.06079269427101448,0.05821930650279832
P2,R02,training,23,216,0,0.0,0.0,0.06079269427101448,0.05827498080499115
P2,R02,training,23,217,0,0.0,0.0,0.06079269427101448,0.05833008539932918
P2,R02,training,23,218,0,0.0,0.0,0.06079269427101448,0.05838461856955279
P2,R02,training,23,219,0,0.0,0.0,0.06079269427101448,0.05843857861610497
P2,R02,training,23,220,0,0.0,0.0,0.06079269427101448,0.05849196385621959
P2,R02,training,23,221,0,0.0,0.0,0.06079269427101448,0.0585447726240088
P2,R02,training,23,222,0,0.0,0.0,0.06079269427101448,0.058597003270549675
P2,R02,training,23,223,0,0.0,0.0,0.06079269427101448,0.058648654163970006
P2,R02,training,23,224,0,0.0,0.0,0.08108376630111586,0.07829221479087374
P2,R02,training,23,225,0,0.0,0.0,0.08108376630111586,0.07835955249480062
P2,R02,training,23,226,0,0.0,0.0,0.08108376630111586,0.07842611054652766
P2,R02,training,23,227,0,0.0,0.0,0.08108376630111586,0.07849188686159385
P2,R02,training,23,228,0,0.0,0.0,0.08108376630111586,0.07855687937883514
P2,R02,training,23,229,0,0.0,0.0,0.08108376630111586,0.07862108606049224
P2,R02,training,23,230,0,0.0,0.0,0.08108376630111586,0.07868450489231697
P2,R02,training,23,231,0,0.0,0.0,0.08108376630111586,0.07874713388367763
P2,R02,training,23,232,0,0.0,0.0,0.08108376630111586,0.07880897106766305
P2,R02,training,23,233,0,0.0,0.0,0.08108376630111586,0.07887001450118557
P2,R02,training,23,234,0,0.0,0.0,0.08108376630111586,0.0789302622650828
P2,R02,training,23,235,0,0.0,0.0,0.08108376630111586,0.07898971246421815
P2,R02,training,23,236,0,0.0,0.0,0.08108376630111586,0.07904836322758013
P2,R02,training,23,237,0,0.0,0.0,0.08108376630111586,0.07910621270838057
P2,R02,training,23,238,0,0.0,0.0,0.08108376630111586,0.07916325908415142
P2,R02,training,23,239,0,0.0,0.0,0.08108376630111586,0.07921950055684049
P2,R02,training,23,240,0,0.0,0.0,0.08322049477215962,0.08136399730865745
P2,R02,training,23,241,0,0.0,0.0,0.08322049477215962,0.08142006319938111
P2,R02,training,23,242,0,0.0,0.0,0.08322049477215962,0.0814752975911416
P2,R02,training,23,243,0,0.0,0.0,0.08322049477215962,0.08152969873969788
P2,R02,training,23,244,0,0.0,0.0,0.08322049477215962,0.08158326492634001
P2,R02,training,23,245,0,0.0,0.0,0.08322049477215962,0.08163599445797963
P2,R02,training,23,246,0,0.0,0.0,0.08322049477215962,0.08168788566723921
P2,R02,training,23,247,0,0.0,0.0,0.08322049477215962,0.08173893691253986
P2,R02,training,23,248,0,0.0,0.0,0.08322049477215962,0.0817891465781879
P2,R02,training,23,249,0,0.0,0.0,0.08322049477215962,0.08183851307446001
P2,R02,training,23,250,0,0.0,0.0,0.08322049477215962,0.08188703483768728
P2,R02,training,23,251,0,0.0,0.0,0.08322049477215962,0.08193471033033756
P2,R02,training,23,252,0,0.0,0.0,0.08322049477215962,0.08198153804109677
P2,R02,training,23,253,0,0.0,0.0,0.08322049477215962,0.08202751648494876
P2,R02,training,23,254,0,0.0,0.0,0.08322049477215962,0.08207264420325369
P2,R02,training,23,255,0,0.0,0.0,0.08322049477215962,0.08211691976382525
P2,R02,training,23,256,0,0.0,0.0,0.0671411977595258,0.06628588029028853
P2,R02,training,23,257,0,0.0,0.0,0.0671411977595258,0.06632022282872185
P2,R02,training,23,258,0,0.0,0.0,0.0671411977595258,0.06635387451978571
P2,R02,training,23,259,0,0.0,0.0,0.0671411977595258,0.06638683429398039
P2,R02,training,23,260,0,0.0,0.0,0.0671411977595258,0.06641910110344301
P2,R02,training,23,261,0,0.0,0.0,0.0671411977595258,0.06645067392200289
P2,R02,training,23,262,0,0.0,0.0,0.0671411977595258,0.06648155174523608
P2,R02,training,23,263,0,0.0,0.0,0.0671411977595258,0.06651173359051851
P2,R02,training,23,264,0,0.0,0.0,0.0671411977595258,0.06654121849707823
P2,R02,training,23,265,0,0.0,0.0,0.0671411977595258,0.06657000552604621
P2,R02,training,23,266,0,0.0,0.0,0.0671411977595258,0.06659809376050631
P2,R02,training,23,267,0,0.0,0.0,0.0671411977595258,0.06662548230554392
P2,R02,training,23,268,0,0.0,0.0,0.0671411977595258,0.06665217028829344
P2,R02,training,23,269,0,0.0,0.0,0.0671411977595258,0.06667815685798467
P2,R02,training,23,270,0,0.0,0.0,0.0671411977595258,0.06670344118598803
P2,R02,training,23,271,0,0.0,0.0,0.0671411977595258,0.06672802246585854
P2,R02,training,23,272,0,0.0,0.0,0.0695165239678774,0.06911345351403696
P2,R02,training,23,273,0,0.0,0.0,0.0695165239678774,0.06913744617815593
P2,R02,training,23,274,0,0.0,0.0,0.0695165239678774,0.0691607085549822
P2,R02,training,23,275,0,0.0,0.0,0.0695165239678774,0.06918323990184999
P2,R02,training,23,276,0,0.0,0.0,0.0695165239678774,0.06920503949927281
P2,R02,training,23,277,0,0.0,0.0,0.0695165239678774,0.0692261066509817
P2,R02,training,23,278,0,0.0,0.0,0.0695165239678774,0.06924644068396227
P2,R02,training,23,279,0,0.0,0.0,0.0695165239678774,0.06926604094849066
P2,R02,training,23,280,0,0.0,0.0,0.0695165239678774,0.069284906818168
P2,R02,training,23,281,0,0.0,0.0,0.0695165239678774,0.06930303768995384
P2,R02,training,23,282,0,0.0,0.0,0.0695165239678774,0.06932043298419827
P2,R02,training,23,283,0,0.0,0.0,0.0695165239678774,0.0693370921446728
P2,R02,training,23,284,0,0.0,0.0,0.0695165239678774,0.06935301463860004
P2,R02,training,23,285,0,0.0,0.0,0.0695165239678774,0.06936819995668199
P2,R02,training,23,286,0,0.0,0.0,0.0695165239678774,0.06938264761312735
P2,R02,training,23,287,0,0.0,0.0,0.0695165239678774,0.06939635714567724
P2,R02,training,23,288,0,0.0,0.0,0.07126444919308379,0.07115455800563432
P2,R02,training,23,289,0,0.0,0.0,0.07126444919308379,0.07116709755938899
P2,R02,training,23,290,0,0.0,0.0,0.07126444919308379,0.07117887915318842
P2,R02,training,23,291,0,0.0,0.0,0.07126444919308379,0.07118990240988744
P2,R02,training,23,292,0,0.0,0.0,0.07126444919308379,0.0712001669765786
P2,R02,training,23,293,0,0.0,0.0,0.07126444919308379,0.071209672524611
P2,R02,training,23,294,0,0.0,0.0,0.07126444919308379,0.07121841874960776
P2,R02,training,23,295,0,0.0,0.0,0.07126444919308379,0.07122640537148239
P2,R02,training,23,296,0,0.0,0.0,0.07126444919308379,0.07123363213445359
P2,R02,training,23,297,0,0.0,0.0,0.07126444919308379,0.07124009880705906
P2,R02,training,23,298,0,0.0,0.0,0.07126444919308379,0.07124580518216772
P2,R02,training,23,299,0,0.0,0.0,0.07126444919308379,0.07125075107699083
P2,R02,training,23,300,0,0.0,0.0,0.07126444919308379,0.07125493633309174
P2,R02,training,23,301,0,0.0,0.0,0.07126444919308379,0.07125836081639436
P2,R02,training,23,302,0,0.0,0.0,0.07126444919308379,0.07126102441719032
P2,R02,training,23,303,0,0.0,0.0,0.07126444919308379,0.07126292705014478
P2,R02,training,23,304,0,0.0,0.3330538313504629,0.07233421059413926,0.07233382434303141
P2,R02,training,23,305,0,0.0,0.3330538313504629,0.07233421059413926,0.07233421059413926
P2,R02,training,23,306,0,0.0,0.3330538313504629,0.07233421059413926,0.07233382434303141
P2,R02,training,23,307,0,0.0,0.3330538313504629,0.07233421059413926,0.07233266560208289
P2,R02,training,23,308,0,0.0,0.3330538313504629,0.07233421059413926,0.07233073440841803
P2,R02,training,23,309,0,0.0,0.3330538313504629,0.07233421059413926,0.07232803082390858
P2,R02,training,23,310,0,0.0,0.3330538313504629,0.07233421059413926,0.07232455493517033
P2,R02,training,23,311,0,0.0,0.3330538313504629,0.07233421059413926,0.0723203068535585
P2,R02,training,23,312,0,0.0,0.3330538313504629,0.07233421059413926,0.07231528671516184
P2,R02,training,23,313,0,0.0,0.3330538313504629,0.07233421059413926,0.0723094946807953
P2,R02,training,23,314,0,0.0,0.3330538313504629,0.07233421059413926,0.0723029309359915
P2,R02,training,23,315,0,0.0,0.3330538313504629,0.07233421059413926,0.07229559569099077
P2,R02,training,23,316,0,0.0,0.3330538313504629,0.07233421059413926,0.07228748918072996
P2,R02,training,23,317,0,0.0,0.3330538313504629,0.07233421059413926,0.0722786116648299
P2,R02,training,23,318,0,0.0,0.3330538313504629,0.07233421059413926,0.07226896342758156
P2,R02,training,23,319,0,0.0,0.3330538313504629,0.07233421059413926,0.07225854477793081
P2,R02,training,23,320,0,1.0,0.333889884863114,0.09175084273063089,0.09164067386857147
P2,R02,training,23,321,0,1.0,0.333889884863114,0.09175084273063089,0.09162550541961763
P2,R02,training,23,322,0,1.0,0.333889884863114,0.09175084273063089,0.09160936111993546
P2,R02,training,23,323,0,1.0,0.333889884863114,0.09175084273063089,0.09159224148626745
P2,R02,training,23,324,0,1.0,0.333889884863114,0.09175084273063089,0.09157414706650795
P2,R02,training,23,325,0,1.0,0.333889884863114,0.09175084273063089,0.0915550784396739
P2,R02,training,23,326,0,1.0,0.333889884863114,0.09175084273063089,0.09153503621587404
P2,R02,training,23,327,0,1.0,0.333889884863114,0.09175084273063089,0.09151402103627629
P2,R02,training,23,328,0,1.0,0.333889884863114,0.09175084273063089,0.09149203357307359
P2,R02,training,23,329,0,1.0,0.333889884863114,0.09175084273063089,0.09146907452944805
P2,R02,training,23,330,0,1.0,0.333889884863114,0.09175084273063089,0.09144514463953352
P2,R02,training,23,331,0,1.0,0.333889884863114,0.09175084273063089,0.09142024466837642
P2,R02,training,23,332,0,1.0,0.333889884863114,0.09175084273063089,0.09139437541189499
P2,R02,training,23,333,0,1.0,0.333889884863114,0.09175084273063089,0.09136753769683686
P2,R02,training,23,334,0,1.0,0.333889884863114,0.09175084273063089,0.09133973238073509
P2,R02,training,23,335,0,1.0,0.333889884863114,0.09175084273063089,0.09131096035186241
P2,R02,training,23,336,0,0.0,0.33298777266248003,0.11168833535523887,0.11111666650743564
P2,R02,training,23,337,0,0.0,0.33298777266248003,0.11168833535523887,0.1110792921395036
P2,R02,training,23,338,0,0.0,0.33298777266248003,0.11168833535523887,0.11104074445956748
P2,R02,training,23,339,0,0.0,0.33298777266248003,0.11168833535523887,0.11100102469800442
P2,R02,training,23,340,0,0.0,0.33298777266248003,0.11168833535523887,0.11096013412230345
P2,R02,training,23,341,0,0.0,0.33298777266248003,0.11168833535523887,0.11091807403699808
P2,R02,training,23,342,0,0.0,0.33298777266248003,0.11168833535523887,0.11087484578359691
P2,R02,training,23,343,0,0.0,0.33298777266248003,0.11168833535523887,0.11083045074051236
P2,R02,training,23,344,0,0.0,0.33298777266248003,0.11168833535523887,0.11078489032298736
P2,R02,training,23,345,0,0.0,0.33298777266248003,0.11168833535523887,0.11073816598302022
P2,R02,training,23,346,0,0.0,0.33298777266248003,0.11168833535523887,0.11069027920928745
P2,R02,training,23,347,0,0.0,0.33298777266248003,0.11168833535523887,0.11064123152706479
P2,R02,training,23,348,0,0.0,0.33298777266248003,0.11168833535523887,0.11059102449814613
P2,R02,training,23,349,0,0.0,0.33298777266248003,0.11168833535523887,0.11053965972076073
P2,R02,training,23,350,0,0.0,0.33298777266248003,0.11168833535523887,0.11048713882948834
P2,R02,training,23,351,0,0.0,0.33298777266248003,0.11168833535523887,0.11043346349517257
P2,R02,training,23,352,0,0.0,0.0,0.11304553284132028,0.11171991789662492
P2,R02,training,23,353,0,0.0,0.0,0.11304553284132028,0.11166325859541688
P2,R02,training,23,354,0,0.0,0.0,0.11304553284132028,0.11160543611554063
P2,R02,training,23,355,0,0.0,0.0,0.11304553284132028,0.11154645229404556
P2,R02,training,23,356,0,0.0,0.0,0.11304553284132028,0.11148630900421817
P2,R02,training,23,357,0,0.0,0.0,0.11304553284132028,0.111425008155483
P2,R02,training,23,358,0,0.0,0.0,0.11304553284132028,0.1113625516933015
P2,R02,training,23,359,0,0.0,0.0,0.11304553284132028,0.11129894159906921
P2,R02,training,23,360,0,0.0,0.0,0.11304553284132028,0.1112341798900109
P2,R02,training,23,361,0,0.0,0.0,0.11304553284132028,0.11116826861907404
P2,R02,training,23,362,0,0.0,0.0,0.11304553284132028,0.11110120987482038
P2,R02,training,23,363,0,0.0,0.0,0.11304553284132028,0.11103300578131546
P2,R02,training,23,364,0,0.0,0.0,0.11304553284132028,0.11096365849801673
P2,R02,training,23,365,0,0.0,0.0,0.11304553284132028,0.11089317021965947
P2,R02,training,23,366,0,0.0,0.0,0.11304553284132028,0.11082154317614099
P2,R02,training,23,367,0,0.0,0.0,0.11304553284132028,0.11074877963240316
P2,R02,training,23,368,0,0.0,0.0,0.11343398053897699,0.11105518354179184
P2,R02,training,23,369,0,0.0,0.0,0.11343398053897699,0.11097989611485218
P2,R02,training,23,370,0,0.0,0.0,0.11343398053897699,0.11090347531040179
P2,R02,training,23,371,0,0.0,0.0,0.11343398053897699,0.11082592354060958
P2,R02,training,23,372,0,0.0,0.0,0.11343398053897699,0.11074724325219273
P2,R02,training,23,373,0,0.0,0.0,0.11343398053897699,0.110667436926288
P2,R02,training,23,374,0,0.0,0.0,0.11343398053897699,0.11058650707832143
P2,R02,training,23,375,0,0.0,0.0,0.11343398053897699,0.11050445625787615
P2,R02,training,23,376,0,0.0,0.0,0.11343398053897699,0.11042128704855855
P2,R02,training,23,377,0,0.0,0.0,0.11343398053897699,0.1103370020678627
P2,R02,training,23,378,0,0.0,0.0,0.11343398053897699,0.11025160396703311
P2,R02,training,23,379,0,0.0,0.0,0.11343398053897699,0.11016509543092567
P2,R02,training,23,380,0,0.0,0.0,0.11343398053897699,0.11007747917786712
P2,R02,training,23,381,0,0.0,0.0,0.11343398053897699,0.10998875795951256
P2,R02,training,23,382,0,0.0,0.0,0.11343398053897699,0.10989893456070154
P2,R02,training,23,383,0,0.0,0.0,0.11343398053897699,0.1098080117993124
P2,R02,training,23,384,0,0.0,0.0,0.1128460898803446,0.10914737096490187
P2,R02,training,23,385,0,0.0,0.0,0.1128460898803446,0.10905474063666133
P2,R02,training,23,386,0,0.0,0.0,0.1128460898803446,0.10896102524902815
P2,R02,training,23,387,0,0.0,0.0,0.1128460898803446,0.10886622773526505
P2,R02,training,23,388,0,0.0,0.0,0.1128460898803446,0.10877035106075336
P2,R02,training,23,389,0,0.0,0.0,0.1128460898803446,0.10867339822283859
P2,R02,training,23,390,0,0.0,0.0,0.1128460898803446,0.10857537225067415
P2,R02,training,23,391,0,0.0,0.0,0.1128460898803446,0.10847627620506378
P2,R02,training,23,392,0,0.0,0.0,0.1128460898803446,0.10837611317830223
P2,R02,training,23,393,0,0.0,0.0,0.1128460898803446,0.10827488629401444
P2,R02,training,23,394,0,0.0,0.0,0.1128460898803446,0.10817259870699342
P2,R02,training,23,395,0,0.0,0.0,0.1128460898803446,0.1080692536030362
P2,R02,training,23,396,0,0.0,0.0,0.1128460898803446,0.10796485419877869
P2,R02,training,23,397,0,0.0,0.0,0.1128460898803446,0.10785940374152879
P2,R02,training,23,398,0,0.0,0.0,0.1128460898803446,0.10775290550909813
P2,R02,training,23,399,0,0.0,0.0,0.1128460898803446,0.10764536280963233
P2,R02,training,23,400,0,0.0,0.0,0.11129904598910204,0.10606252216683908
P2,R02,training,23,401,0,0.0,0.0,0.11129904598910204,0.1059544034163689
P2,R02,training,23,402,0,0.0,0.0,0.11129904598910204,0.10584526448399578
P2,R02,training,23,403,0,0.0,0.0,0.11129904598910204,0.1057351087504827
P2,R02,training,23,404,0,0.0,0.0,0.11129904598910204,0.10562393962565239
P2,R02,training,23,405,0,0.0,0.0,0.11129904598910204,0.1055117605482116
P2,R02,training,23,406,0,0.0,0.0,0.11129904598910204,0.10539857498557377
P2,R02,training,23,407,0,0.0,0.0,0.11129904598910204,0.10528438643368063
P2,R02,training,23,408,0,0.0,0.0,0.11129904598910204,0.10516919841682225
P2,R02,training,23,409,0,0.0,0.0,0.11129904598910204,0.10505301448745591
P2,R02,training,23,410,0,0.0,0.0,0.11129904598910204,0.10493583822602358
P2,R02,training,23,411,0,0.0,0.0,0.11129904598910204,0.10481767324076816
P2,R02,training,23,412,0,0.0,0.0,0.11129904598910204,0.10469852316754835
P2,R02,training,23,413,0,0.0,0.0,0.11129904598910204,0.10457839166965247
P2,R02,training,23,414,0,0.0,0.0,0.11129904598910204,0.1044572824376107
P2,R02,training,23,415,0,0.0,0.0,0.11129904598910204,0.10433519918900643
P2,R02,training,23,416,0,0.0,0.0,0.10883397329409,0.10190403500576825
P2,R02,training,23,417,0,0.0,0.0,0.10883397329409,0.10178276180336424
P2,R02,training,23,418,0,0.0,0.0,0.10883397329409,0.10166054721970028
P2,R02,training,23,419,0,0.0,0.0,0.10883397329409,0.10153739499396758
P2,R02,training,23,420,0,0.0,0.0,0.10883397329409,0.10141330889087045
P2,R02,training,23,421,0,0.0,0.0,0.10883397329409,0.1012882927004346
P2,R02,training,23,422,0,0.0,0.0,0.10883397329409,0.1011623502378144
P2,R02,training,23,423,0,0.0,0.0,0.10883397329409,0.10103548534309903
P2,R02,training,23,424,0,0.0,0.0,0.10883397329409,0.10090770188111753
P2,R02,training,23,425,0,0.0,0.0,0.10883397329409,0.1007790037412428
P2,R02,training,23,426,0,0.0,0.0,0.10883397329409,0.1006493948371945
P2,R02,training,23,427,0,0.0,0.0,0.10883397329409,0.10051887910684093
P2,R02,training,23,428,0,0.0,0.0,0.10883397329409,0.10038746051199982
P2,R02,training,23,429,0,0.0,0.0,0.10883397329409,0.10025514303823821
P2,R02,training,23,430,0,0.0,0.0,0.10883397329409,0.10012193069467121
P2,R02,training,23,431,0,0.0,0.0,0.10883397329409,0.09998782751375983
P2,R02,training,23,432,0,1.0,0.3337876942825893,0.0878734397978944,0.0806219973747175
P2,R02,training,23,433,0,1.0,0.3337876942825893,0.0878734397978944,0.08051229267349776
P2,R02,training,23,434,0,1.0,0.3337876942825893,0.0878734397978944,0.08040187858190288
P2,R02,training,23,435,0,1.0,0.3337876942825893,0.0878734397978944,0.0802907584295254
P2,R02,training,23,436,0,1.0,0.3337876942825893,0.0878734397978944,0.08017893556397966
P2,R02,training,23,437,0,1.0,0.3337876942825893,0.0878734397978944,0.08006641335073401
P2,R02,training,23,438,0,1.0,0.3337876942825893,0.0878734397978944,0.07995319517294223
P2,R02,training,23,439,0,1.0,0.3337876942825893,0.0878734397978944,0.0798392844312744
P2,R02,training,23,440,0,1.0,0.3337876942825893,0.0878734397978944,0.07972468454374679
P2,R02,training,23,441,0,1.0,0.3337876942825893,0.0878734397978944,0.07960939894555141
P2,R02,training,23,442,0,1.0,0.3337876942825893,0.0878734397978944,0.07949343108888461
P2,R02,training,23,443,0,1.0,0.3337876942825893,0.0878734397978944,0.07937678444277517
P2,R02,training,23,444,0,1.0,0.3337876942825893,0.0878734397978944,0.07925946249291169
P2,R02,training,23,445,0,1.0,0.3337876942825893,0.0878734397978944,0.07914146874146932
P2,R02,training,23,446,0,1.0,0.3337876942825893,0.0878734397978944,0.07902280670693596
P2,R02,training,23,447,0,1.0,0.3337876942825893,0.0878734397978944,0.07890347992393772
P2,R02,training,23,448,0,0.0,0.3331109264756768,0.06753408876335952,0.06054811727192434
P2,R02,training,23,449,0,0.0,0.3331109264756768,0.06753408876335952,0.06045539651905947
P2,R02,training,23,450,0,0.0,0.3331109264756768,0.06753408876335952,0.06036217310420912
P2,R02,training,23,451,0,0.0,0.3331109264756768,0.06753408876335952,0.060268449792129614
P2,R02,training,23,452,0,0.0,0.3331109264756768,0.06753408876335952,0.060174229359302944
P2,R02,training,23,453,0,0.0,0.3331109264756768,0.06753408876335952,0.0600795145938
P2,R02,training,23,454,0,0.0,0.3331109264756768,0.06753408876335952,0.05998430829514352
P2,R02,training,23,455,0,0.0,0.3331109264756768,0.06753408876335952,0.05988861327417051
P2,R02,training,23,456,0,0.0,0.3331109264756768,0.06753408876335952,0.059792432352894345
P2,R02,training,23,457,0,0.0,0.3331109264756768,0.06753408876335952,0.059695768364366505
P2,R02,training,23,458,0,0.0,0.3331109264756768,0.06753408876335952,0.05959862415253791
P2,R02,training,23,459,0,0.0,0.3331109264756768,0.06753408876335952,0.0595010025721199
P2,R02,training,23,460,0,0.0,0.3331109264756768,0.06753408876335952,0.0594029064884449
P2,R02,training,23,461,0,0.0,0.3331109264756768,0.06753408876335952,0.0593043387773267
P2,R02,training,23,462,0,0.0,0.3331109264756768,0.06753408876335952,0.059205302324920425
P2,R02,training,23,463,0,0.0,0.3331109264756768,0.06753408876335952,0.05910580002758219
P2,R02,training,23,464,0,0.0,0.0,0.04804138030398003,0.04197467976974045
P2,R02,training,23,465,0,0.0,0.0,0.04804138030398003,0.041903240766095744
P2,R02,training,23,466,0,0.0,0.0,0.04804138030398003,0.04183147660035392
P2,R02,training,23,467,0,0.0,0.0,0.04804138030398003,0.04175938936090488
P2,R02,training,23,468,0,0.0,0.0,0.04804138030398003,0.041686981142892765
P2,R02,training,23,469,0,0.0,0.0,0.04804138030398003,0.041614254048114904
P2,R02,training,23,470,0,0.0,0.0,0.04804138030398003,0.04154121018492058
P2,R02,training,23,471,0,0.0,0.0,0.04804138030398003,0.04146785166810961
P2,R02,training,23,472,0,0.0,0.0,0.04804138030398003,0.041394180618830746
P2,R02,training,23,473,0,0.0,0.0,0.04804138030398003,0.04132019916447995
P2,R02,training,23,474,0,0.0,0.0,0.04804138030398003,0.0412459094385985
P2,R02,training,23,475,0,0.0,0.0,0.04804138030398003,0.04117131358077092
P2,R02,training,23,476,0,0.0,0.0,0.04804138030398003,0.04109641373652283
P2,R02,training,23,477,0,0.0,0.0,0.04804138030398003,0.041021212057218606
P2,R02,training,23,478,0,0.0,0.0,0.04804138030398003,0.040945710699958955
P2,R02,training,23,479,0,0.0,0.0,0.04804138030398003,0.04086991182747835
P2,R02,training,23,480,0,0.0,0.0,0.04709221279391769,0.03998784230008988
P2,R02,training,23,481,0,0.0,0.0,0.04709221279391769,0.039912964115305816
P2,R02,training,23,482,0,0.0,0.0,0.04709221279391769,0.03983780068553737
P2,R02,training,23,483,0,0.0,0.0,0.04709221279391769,0.03976235415187163
P2,R02,training,23,484,0,0.0,0.0,0.04709221279391769,0.03968662666041395
P2,R02,training,23,485,0,0.0,0.0,0.04709221279391769,0.03961062036218686
P2,R02,training,23,486,0,0.0,0.0,0.04709221279391769,0.03953433741302893
P2,R02,training,23,487,0,0.0,0.0,0.04709221279391769,0.039457779973493465
P2,R02,training,23,488,0,0.0,0.0,0.04709221279391769,0.039380950208747295
P2,R02,training,23,489,0,0.0,0.0,0.04709221279391769,0.0393038502884694
P2,R02,training,23,490,0,0.0,0.0,0.04709221279391769,0.039226482386749535
P2,R02,training,23,491,0,0.0,0.0,0.04709221279391769,0.03914884868198683
P2,R02,training,23,492,0,0.0,0.0,0.04709221279391769,0.03907095135678831
P2,R02,training,23,493,0,0.0,0.0,0.04709221279391769,0.038992792597867434
P2,R02,training,23,494,0,0.0,0.0,0.04709221279391769,0.038914374595942644
P2,R02,training,23,495,0,0.0,0.0,0.04709221279391769,0.038835699545635795
P2,R02,training,23,496,0,0.0,0.0,0.04570362311584131,0.037613963922465764
P2,R02,training,23,497,0,0.0,0.0,0.04570362311584131,0.037537116199223064
P2,R02,training,23,498,0,0.0,0.0,0.04570362311584131,0.037460025418558196
P2,R02,training,23,499,0,0.0,0.0,0.04570362311584131,0.03738269372454939
P2,R02,training,23,500,0,0.0,0.0,0.04570362311584131,0.03730512326457071
P2,R02,training,23,501,0,0.0,0.0,0.04570362311584131,0.03722731618919367
P2,R02,training,23,502,0,0.0,0.0,0.04570362311584131,0.03714927465208878
P2,R02,training,23,503,0,0.0,0.0,0.04570362311584131,0.0370710008099272
P2,R02,training,23,504,0,0.0,0.0,0.04570362311584131,0.036992496822282395
P2,R02,training,23,505,0,0.0,0.0,0.04570362311584131,0.03691376485153191
P2,R02,training,23,506,0,0.0,0.0,0.04570362311584131,0.03683480706275911
P2,R02,training,23,507,0,0.0,0.0,0.04570362311584131,0.03675562562365504
P2,R02,training,23,508,0,0.0,0.0,0.04570362311584131,0.036676222704420364
P2,R02,training,23,509,0,0.0,0.0,0.04570362311584131,0.036596600477667364
P2,R02,training,23,510,0,0.0,0.0,0.04570362311584131,0.036516761118321986
P2,R02,training,23,511,0,0.0,0.0,0.04570362311584131,0.036436706803526044
P2,R02,training,23,512,0,0.0,0.0,0.043915726457899554,0.03493419892230812
P2,R02,training,23,513,0,0.0,0.0,0.043915726457899554,0.03485686947228072
P2,R02,training,23,514,0,0.0,0.0,0.043915726457899554,0.034779339763479855
P2,R02,training,23,515,0,0.0,0.0,0.043915726457899554,0.03470161189545749
P2,R02,training,23,516,0,0.0,0.0,0.043915726457899554,0.03462368796942625
P2,R02,training,23,517,0,0.0,0.0,0.043915726457899554,0.03454557008816599
P2,R02,training,23,518,0,0.0,0.0,0.043915726457899554,0.0344672603559306
P2,R02,training,23,519,0,0.0,0.0,0.043915726457899554,0.03438876087835487
P2,R02,training,23,520,0,0.0,0.0,0.043915726457899554,0.03431007376236152
P2,R02,training,23,521,0,0.0,0.0,0.043915726457899554,0.03423120111606836
P2,R02,training,23,522,0,0.0,0.0,0.043915726457899554,0.03415214504869559
P2,R02,training,23,523,0,0.0,0.0,0.043915726457899554,0.03407290767047331
P2,R02,training,23,524,0,0.0,0.0,0.043915726457899554,0.033993491092549094
P2,R02,training,23,525,0,0.0,0.0,0.043915726457899554,0.033913897426895816
P2,R02,training,23,526,0,0.0,0.0,0.043915726457899554,0.0338341287862196
P2,R02,training,23,527,0,0.0,0.0,0.043915726457899554,0.03375418728386796
P2,R02,training,23,528,0,0.0,0.0,0.041778940315162647,0.03203561194306024
P2,R02,training,23,529,0,0.0,0.0,0.041778940315162647,0.03195923724741201
P2,R02,training,23,530,0,0.0,0.0,0.041778940315162647,0.031882704135282776
P2,R02,training,23,531,0,0.0,0.0,0.041778940315162647,0.03180601461876226
P2,R02,training,23,532,0,0.0,0.0,0.041778940315162647,0.03172917071011608
P2,R02,training,23,533,0,0.0,0.0,0.041778940315162647,0.0316521744216995
P2,R02,training,23,534,0,0.0,0.0,0.041778940315162647,0.03157502776587133
P2,R02,training,23,535,0,0.0,0.0,0.041778940315162647,0.03149773275490807
P2,R02,training,23,536,0,0.0,0.0,0.041778940315162647,0.03142029140091823
P2,R02,training,23,537,0,0.0,0.0,0.041778940315162647,0.03134270571575693
P2,R02,training,23,538,0,0.0,0.0,0.041778940315162647,0.03126497771094066
P2,R02,training,23,539,0,0.0,0.0,0.041778940315162647,0.0311871093975623
P2,R02,training,23,540,0,0.0,0.0,0.041778940315162647,0.031109102786206363
P2,R02,training,23,541,0,0.0,0.0,0.041778940315162647,0.031030959886864485
P2,R02,training,23,542,0,0.0,0.0,0.041778940315162647,0.030952682708851164
P2,R02,training,23,543,0,0.0,0.0,0.041778940315162647,0.030874273260719697
P2,R02,training,23,544,0,0.0,0.0,0.039351625291930564,0.029006531954017537
P2,R02,training,23,545,0,0.0,0.0,0.039351625291930564,0.028932434518709405
P2,R02,training,23,546,0,0.0,0.0,0.039351625291930564,0.028858218168531385
P2,R02,training,23,547,0,0.0,0.0,0.039351625291930564,0.028783884791687392
P2,R02,training,23,548,0,0.0,0.0,0.039351625291930564,0.028709436275272317
P2,R02,training,23,549,0,0.0,0.0,0.039351625291930564,0.028634874505194377
P2,R02,training,23,550,0,0.0,0.0,0.039351625291930564,0.02856020136609773
P2,R02,training,23,551,0,0.0,0.0,0.039351625291930564,0.02848541874128534
P2,R02,training,23,552,0,0.0,0.0,0.039351625291930564,0.02841052851264214
P2,R02,training,23,553,0,0.0,0.0,0.039351625291930564,0.028335532560558457
P2,R02,training,23,554,0,0.0,0.0,0.039351625291930564,0.028260432763853715
P2,R02,training,23,555,0,0.0,0.0,0.039351625291930564,0.028185230999700432
P2,R02,training,23,556,0,0.0,0.0,0.039351625291930564,0.028109929143548505
P2,R02,training,23,557,0,0.0,0.0,0.039351625291930564,0.028034529069049775
P2,R02,training,23,558,0,0.0,0.0,0.039351625291930564,0.027959032647982912
P2,R02,training,23,559,0,0.0,0.0,0.039351625291930564,0.027883441750178574
P2,R02,training,23,560,0,0.0,0.0,0.019017882502664212,0.01343895391900806
P2,R02,training,23,561,0,0.0,0.0,0.019017882502664212,0.013402333683589134
P2,R02,training,23,562,0,0.0,0.0,0.019017882502664212,0.013365670494334235
P2,R02,training,23,563,0,0.0,0.0,0.019017882502664212,0.013328965250772115
P2,R02,training,23,564,0,0.0,0.0,0.019017882502664212,0.013292218851311533
P2,R02,training,23,565,0,0.0,0.0,0.019017882502664212,0.013255432193205999
P2,R02,training,23,566,0,0.0,0.0,0.019017882502664212,0.013218606172518682
P2,R02,training,23,567,0,0.0,0.0,0.019017882502664212,0.013181741684087478
P2,R02,training,23,568,0,0.0,0.0,0.019017882502664212,0.013144839621490247
P2,R02,training,23,569,0,0.0,0.0,0.019017882502664212,0.013107900877010206
P2,R02,training,23,570,0,0.0,0.0,0.019017882502664212,0.013070926341601483
P2,R02,training,23,571,0,0.0,0.0,0.019017882502664212,0.013033916904854862
P2,R02,training,23,572,0,0.0,0.0,0.019017882502664212,0.012996873454963654
P2,R02,training,23,573,0,0.0,0.0,0.019017882502664212,0.012959796878689795
P2,R02,training,23,574,0,0.0,0.0,0.019017882502664212,0.012922688061330068
P2,R02,training,23,575,0,0.0,0.0,0.019017882502664212,0.012885547886682518
P2,R02,training,23,576,0,0.0,0.0,0.0,0.0
P2,R02,training,23,577,0,0.0,0.0,0.0,0.0
P2,R02,training,23,578,0,0.0,0.0,0.0,0.0
P2,R02,training,23,579,0,0.0,0.0,0.0,0.0
P2,R02,training,23,580,0,0.0,0.0,0.0,0.0
P2,R02,training,23,581,0,0.0,0.0,0.0,0.0
P2,R02,training,23,582,0,0.0,0.0,0.0,0.0
P2,R02,training,23,583,0,0.0,0.0,0.0,0.0
P2,R02,training,23,584,0,0.0,0.0,0.0,0.0
P2,R02,training,23,585,0,0.0,0.0,0.0,0.0
P2,R02,training,23,586,0,0.0,0.0,0.0,0.0
P2,R02,training,23,587,0,0.0,0.0,0.0,0.0
P2,R02,training,23,588,0,0.0,0.0,0.0,0.0
P2,R02,training,23,589,0,0.0,0.0,0.0,0.0
P2,R02,training,23,590,0,0.0,0.0,0.0,0.0
P2,R02,training,23,591,0,0.0,0.0,0.0,0.0
P2,R02,training,23,592,0,0.0,0.0,0.0,0.0
P2,R02,training,23,593,0,0.0,0.0,0.0,0.0
P2,R02,training,23,594,0,0.0,0.0,0.0,0.0
P2,R02,training,23,595,0,0.0,0.0,0.0,0.0
P2,R02,training,23,596,0,0.0,0.0,0.0,0.0
P2,R02,training,23,597,0,0.0,0.0,0.0,0.0
P2,R02,training,23,598,0,0.0,0.0,0.0,0.0
P2,R02,training,23,599,0,0.0,0.0,0.0,0.0
P2,R02,training,23,600,0,0.0,0.0,0.0,0.0
P2,R02,training,23,601,0,0.0,0.0,0.0,0.0
P2,R02,training,23,602,0,0.0,0.0,0.0,0.0
P2,R02,training,23,603,0,0.0,0.0,0.0,0.0
P2,R02,training,23,604,0,0.0,0.0,0.0,0.0
P2,R02,training,23,605,0,0.0,0.0,0.0,0.0
P2,R02,training,23,606,0,0.0,0.0,0.0,0.0
P2,R02,training,23,607,0,0.0,0.0,0.0,0.0
P2,R02,training,23,608,0,0.0,0.0,0.0,0.0
P2,R02,training,23,609,0,0.0,0.0,0.0,0.0
P2,R02,training,23,610,0,0.0,0.0,0.0,0.0
P2,R02,training,23,611,0,0.0,0.0,0.0,0.0
P3,R02,training,23,0,0,0.0,0.0,0.0,0.0
P3,R02,training,23,1,0,0.0,0.0,0.0,0.0
P3,R02,training,23,2,0,0.0,0.0,0.0,0.0
P3,R02,training,23,3,0,0.0,0.0,0.0,0.0
P3,R02,training,23,4,0,0.0,0.0,0.0,0.0
P3,R02,training,23,5,0,0.0,0.0,0.0,0.0
P3,R02,training,23,6,0,0.0,0.0,0.0,0.0
P3,R02,training,23,7,0,0.0,0.0,0.0,0.0
P3,R02,training,23,8,0,0.0,0.0,0.0,0.0
P3,R02,training,23,9,0,0.0,0.0,0.0,0.0
P3,R02,training,23,10,0,0.0,0.0,0.0,0.0
P3,R02,training,23,11,0,0.0,0.0,0.0,0.0
P3,R02,training,23,12,0,0.0,0.0,0.0,0.0
P3,R02,training,23,13,0,0.0,0.0,0.0,0.0
P3,R02,training,23,14,0,0.0,0.0,0.0,0.0
P3,R02,training,23,15,0,0.0,0.0,0.0,0.0
P3,R02,training,23,16,0,0.0,0.0,0.019014432977457578,0.012172881708684734
P3,R02,training,23,17,0,0.0,0.0,0.019014432977457578,0.012210445168460265
P3,R02,training,23,18,0,0.0,0.0,0.019014432977457578,0.012247993737713837
P3,R02,training,23,19,0,0.0,0.0,0.019014432977457578,0.012285526567415082
P3,R02,training,23,20,0,0.0,0.0,0.019014432977457578,0.012323042806432372
P3,R02,training,23,21,0,0.0,0.0,0.019014432977457578,0.012360541601562785
P3,R02,training,23,22,0,0.0,0.0,0.019014432977457578,0.012398022097562291
P3,R02,training,23,23,0,0.0,0.0,0.019014432977457578,0.012435483437176126
P3,R02,training,23,24,0,0.0,0.0,0.019014432977457578,0.01247292476116937
P3,R02,training,23,25,0,0.0,0.0,0.019014432977457578,0.012510345208357726
P3,R02,training,23,26,0,0.0,0.0,0.019014432977457578,0.012547743915638501
P3,R02,training,23,27,0,0.0,0.0,0.019014432977457578,0.012585120018021761
P3,R02,training,23,28,0,0.0,0.0,0.019014432977457578,0.01262247264866171
P3,R02,training,23,29,0,0.0,0.0,0.019014432977457578,0.012659800938888239
P3,R02,training,23,30,0,0.0,0.0,0.019014432977457578,0.01269710401823868
P3,R02,training,23,31,0,0.0,0.0,0.019014432977457578,0.012734381014489737
P3,R02,training,23,32,0,0.0,0.0,0.03931427046679817,0.026406643739636193
P3,R02,training,23,33,0,0.0,0.0,0.03931427046679817,0.02648360443025873
P3,R02,training,23,34,0,0.0,0.0,0.03931427046679817,0.02656050576001937
P3,R02,training,23,35,0,0.0,0.0,0.03931427046679817,0.02663734591161495
P3,R02,training,23,36,0,0.0,0.0,0.03931427046679817,0.026714123064438003
P3,R02,training,23,37,0,0.0,0.0,0.03931427046679817,0.02679083539464506
P3,R02,training,23,38,0,0.0,0.0,0.03931427046679817,0.026867481075225384
P3,R02,training,23,39,0,0.0,0.0,0.03931427046679817,0.02694405827607002
P3,R02,training,23,40,0,0.0,0.0,0.03931427046679817,0.027020565164041208
P3,R02,training,23,41,0,0.0,0.0,0.03931427046679817,0.027096999903042204
P3,R02,training,23,42,0,0.0,0.0,0.03931427046679817,0.02717336065408737
P3,R02,training,23,43,0,0.0,0.0,0.03931427046679817,0.02724964557537275
P3,R02,training,23,44,0,0.0,0.0,0.03931427046679817,0.027325852822346827
P3,R02,training,23,45,0,0.0,0.0,0.03931427046679817,0.027401980547781785
P3,R02,training,23,46,0,0.0,0.0,0.03931427046679817,0.027478026901845018
P3,R02,training,23,47,0,0.0,0.0,0.03931427046679817,0.027553990032171013
P3,R02,training,23,48,0,0.0,0.0,0.060770284223947646,0.04270904474620328
P3,R02,training,23,49,0,0.0,0.0,0.060770284223947646,0.042826199346946266
P3,R02,training,23,50,0,0.0,0.0,0.060770284223947646,0.042943216691776545
P3,R02,training,23,51,0,0.0,0.0,0.060770284223947646,0.04306009390284855
P3,R02,training,23,52,0,0.0,0.0,0.060770284223947646,0.04317682809896459
P3,R02,training,23,53,0,0.0,0.0,0.060770284223947646,0.04329341639568902
P3,R02,training,23,54,0,0.0,0.0,0.060770284223947646,0.04340985590546281
P3,R02,training,23,55,0,0.0,0.0,0.060770284223947646,0.043526143737718674
P3,R02,training,23,56,0,0.0,0.0,0.060770284223947646,0.04364227699899656
P3,R02,training,23,57,0,0.0,0.0,0.060770284223947646,0.043758252793059726
P3,R02,training,23,58,0,0.0,0.0,0.060770284223947646,0.043874068221011205
P3,R02,training,23,59,0,0.0,0.0,0.060770284223947646,0.04398972038141071
P3,R02,training,23,60,0,0.0,0.0,0.060770284223947646,0.04410520637039205
P3,R02,training,23,61,0,0.0,0.0,0.060770284223947646,0.04422052328178092
P3,R02,training,23,62,0,0.0,0.0,0.060770284223947646,0.044335668207213165
P3,R02,training,23,63,0,0.0,0.0,0.060770284223947646,0.04445063823625345
P3,R02,training,23,64,0,0.0,0.0,0.08317737405843814,0.06099750110591153
P3,R02,training,23,65,0,0.0,0.0,0.08317737405843814,0.061154371910464425
P3,R02,training,23,66,0,0.0,0.0,0.08317737405843814,0.061310991365129214
P3,R02,training,23,67,0,0.0,0.0,0.08317737405843814,0.06146735547663733
P3,R02,training,23,68,0,0.0,0.0,0.08317737405843814,0.06162346024970597
P3,R02,training,23,69,0,0.0,0.0,0.08317737405843814,0.06177930168720385
P3,R02,training,23,70,0,0.0,0.0,0.08317737405843814,0.0619348757903175
P3,R02,training,23,71,0,0.0,0.0,0.08317737405843814,0.062090178558718
P3,R02,training,23,72,0,0.0,0.0,0.08317737405843814,0.06224520599072831
P3,R02,training,23,73,0,0.0,0.0,0.08317737405843814,0.062399954083491034
P3,R02,training,23,74,0,0.0,0.0,0.08317737405843814,0.06255441883313667
P3,R02,training,23,75,0,0.0,0.0,0.08317737405843814,0.06270859623495235
P3,R02,training,23,76,0,0.0,0.0,0.08317737405843814,0.06286248228355108
P3,R02,training,23,77,0,0.0,0.0,0.08317737405843814,0.06301607297304132
P3,R02,training,23,78,0,0.0,0.0,0.08317737405843814,0.0631693642971971
P3,R02,training,23,79,0,0.0,0.0,0.08317737405843814,0.06332235224962864
P3,R02,training,23,80,0,0.0,0.0,0.10640313309377952,0.08119927374665585
P3,R02,training,23,81,0,0.0,0.0,0.10640313309377952,0.08139418924366315
P3,R02,training,23,82,0,0.0,0.0,0.10640313309377952,0.08158870128357495
P3,R02,training,23,83,0,0.0,0.0,0.10640313309377952,0.08178280474264397
P3,R02,training,23,84,0,0.0,0.0,0.10640313309377952,0.08197649449801196
P3,R02,training,23,85,0,0.0,0.0,0.10640313309377952,0.08216976542793085
P3,R02,training,23,86,0,0.0,0.0,0.10640313309377952,0.0823626124119844
P3,R02,training,23,87,0,0.0,0.0,0.10640313309377952,0.0825550303313105
P3,R02,training,23,88,0,0.0,0.0,0.10640313309377952,0.08274701406882354
P3,R02,training,23,89,0,0.0,0.0,0.10640313309377952,0.08293855850943753
P3,R02,training,23,90,0,0.0,0.0,0.10640313309377952,0.08312965854028946
P3,R02,training,23,91,0,0.0,0.0,0.10640313309377952,0.08332030905096319
P3,R02,training,23,92,0,0.0,0.0,0.10640313309377952,0.08351050493371352
P3,R02,training,23,93,0,0.0,0.0,0.10640313309377952,0.08370024108369088
P3,R02,training,23,94,0,0.0,0.0,0.10640313309377952,0.08388951239916616
P3,R02,training,23,95,0,0.0,0.0,0.10640313309377952,0.08407831378175609
P3,R02,training,23,96,0,0.0,0.0,0.13026830933033512,0.1031668187239755
P3,R02,training,23,97,0,0.0,0.0,0.13026830933033512,0.1033967970233905
P3,R02,training,23,98,0,0.0,0.0,0.13026830933033512,0.10362618129023557
P3,R02,training,23,99,0,0.0,0.0,0.13026830933033512,0.10385496530176092
P3,R02,training,23,100,0,0.0,0.0,0.13026830933033512,0.10408314284069765
P3,R02,training,23,101,0,0.0,0.0,0.13026830933033512,0.10431070769553594
P3,R02,training,23,102,0,0.0,0.0,0.13026830933033512,0.10453765366080307
P3,R02,training,23,103,0,0.0,0.0,0.13026830933033512,0.10476397453734226
P3,R02,training,23,104,0,0.0,0.0,0.13026830933033512,0.10498966413259134
P3,R02,training,23,105,0,0.0,0.0,0.13026830933033512,0.10521471626086187
P3,R02,training,23,106,0,0.0,0.0,0.13026830933033512,0.1054391247436186
P3,R02,training,23,107,0,0.0,0.0,0.13026830933033512,0.10566288340975886
P3,R02,training,23,108,0,0.0,0.0,0.13026830933033512,0.10588598609589239
P3,R02,training,23,109,0,0.0,0.0,0.13026830933033512,0.1061084266466213
P3,R02,training,23,110,0,0.0,0.0,0.13026830933033512,0.10633019891482014
P3,R02,training,23,111,0,0.0,0.0,0.13026830933033512,0.10655129676191612
P3,R02,training,23,112,0,0.0,0.0,0.15444418948243804,0.12658697208964695
P3,R02,training,23,113,0,0.0,0.0,0.15444418948243804,0.1268474814830965
P3,R02,training,23,114,0,0.0,0.0,0.15444418948243804,0.1271071695235765
P3,R02,training,23,115,0,0.0,0.0,0.15444418948243804,0.12736602897717067
P3,R02,training,23,116,0,0.0,0.0,0.15444418948243804,0.1276240526217657
P3,R02,training,23,117,0,0.0,0.0,0.15444418948243804,0.12788123324738435
P3,R02,training,23,118,0,0.0,0.0,0.15444418948243804,0.1281375636565183
P3,R02,training,23,119,0,0.0,0.0,0.15444418948243804,0.1283930366644609
P3,R02,training,23,120,0,0.0,0.0,0.15444418948243804,0.1286476450996403
P3,R02,training,23,121,0,0.0,0.0,0.15444418948243804,0.12890138180395216
P3,R02,training,23,122,0,0.0,0.0,0.15444418948243804,0.1291542396330924
P3,R02,training,23,123,0,0.0,0.0,0.15444418948243804,0.12940621145689002
P3,R02,training,23,124,0,0.0,0.0,0.15444418948243804,0.12965729015963964
P3,R02,training,23,125,0,0.0,0.0,0.15444418948243804,0.129907468640434
P3,R02,training,23,126,0,0.0,0.0,0.15444418948243804,0.13015673981349635
P3,R02,training,23,127,0,0.0,0.0,0.15444418948243804,0.1304050966085126
P3,R02,training,23,128,0,0.0,0.33305050573549594,0.17879097987358933,0.15124877337460593
P3,R02,training,23,129,0,0.0,0.33305050573549594,0.17879097987358933,0.15153413994503595
P3,R02,training,23,130,0,0.0,0.33305050573549594,0.17879097987358933,0.1518184235502104
P3,R02,training,23,131,0,0.0,0.33305050573549594,0.17879097987358933,0.1521016160806829
P3,R02,training,23,132,0,0.0,0.33305050573549594,0.17879097987358933,0.15238370944682622
P3,R02,training,23,133,0,0.0,0.33305050573549594,0.17879097987358933,0.15266469557921508
P3,R02,training,23,134,0,0.0,0.33305050573549594,0.17879097987358933,0.1529445664290089
P3,R02,training,23,135,0,0.0,0.33305050573549594,0.17879097987358933,0.15322331396833358
P3,R02,training,23,136,0,0.0,0.33305050573549594,0.17879097987358933,0.15350093019066346
P3,R02,training,23,137,0,0.0,0.33305050573549594,0.17879097987358933,0.15377740711120239
P3,R02,training,23,138,0,0.0,0.33305050573549594,0.17879097987358933,0.1540527367672647
P3,R02,training,23,139,0,0.0,0.33305050573549594,0.17879097987358933,0.1543269112186551
P3,R02,training,23,140,0,0.0,0.33305050573549594,0.17879097987358933,0.154599922548049
P3,R02,training,23,141,0,0.0,0.33305050573549594,0.17879097987358933,0.15487176286137122
P3,R02,training,23,142,0,0.0,0.33305050573549594,0.17879097987358933,0.15514242428817487
P3,R02,training,23,143,0,0.0,0.33305050573549594,0.17879097987358933,0.1554118989820195
P3,R02,training,23,144,0,0.0,0.3331978780849,0.18395458250212998,0.1601763264247472
P3,R02,training,23,145,0,0.0,0.3331978780849,0.18395458250212998,0.1604511175956944
P3,R02,training,23,146,0,0.0,0.3331978780849,0.18395458250212998,0.16072466369296884
P3,R02,training,23,147,0,0.0,0.3331978780849,0.18395458250212998,0.16099695674619466
P3,R02,training,23,148,0,0.0,0.3331978780849,0.18395458250212998,0.16126798881163046
P3,R02,training,23,149,0,0.0,0.3331978780849,0.18395458250212998,0.16153775197255393
P3,R02,training,23,150,0,0.0,0.3331978780849,0.18395458250212998,0.16180623833964586
P3,R02,training,23,151,0,0.0,0.3331978780849,0.18395458250212998,0.1620734400513734
P3,R02,training,23,152,0,0.0,0.3331978780849,0.18395458250212998,0.16233934927437213
P3,R02,training,23,153,0,0.0,0.3331978780849,0.18395458250212998,0.16260395820382767
P3,R02,training,23,154,0,0.0,0.3331978780849,0.18395458250212998,0.1628672590638561
P3,R02,training,23,155,0,0.0,0.3331978780849,0.18395458250212998,0.16312924410788363
P3,R02,training,23,156,0,0.0,0.3331978780849,0.18395458250212998,0.16338990561902517
P3,R02,training,23,157,0,0.0,0.3331978780849,0.18395458250212998,0.16364923591046204
P3,R02,training,23,158,0,0.0,0.3331978780849,0.18395458250212998,0.16390722732581867
P3,R02,training,23,159,0,0.0,0.3331978780849,0.18395458250212998,0.1641638722395382
P3,R02,training,23,160,0,0.0,0.3333436371338711,0.18748035791725517,0.1675705118032229
P3,R02,training,23,161,0,0.0,0.3333436371338711,0.18748035791725517,0.16782930790904813
P3,R02,training,23,162,0,0.0,0.3333436371338711,0.18748035791725517,0.16808670858257133
P3,R02,training,23,163,0,0.0,0.3333436371338711,0.18748035791725517,0.1683427061815243
P3,R02,training,23,164,0,0.0,0.3333436371338711,0.18748035791725517,0.16859729309694582
P3,R02,training,23,165,0,0.0,0.3333436371338711,0.18748035791725517,0.16885046175355778
P3,R02,training,23,166,0,0.0,0.3333436371338711,0.18748035791725517,0.16910220461013986
P3,R02,training,23,167,0,0.0,0.3333436371338711,0.18748035791725517,0.16935251415990307
P3,R02,training,23,168,0,0.0,0.3333436371338711,0.18748035791725517,0.1696013829308621
P3,R02,training,23,169,0,0.0,0.3333436371338711,0.18748035791725517,0.16984880348620618
P3,R02,training,23,170,0,0.0,0.3333436371338711,0.18748035791725517,0.17009476842466864
P3,R02,training,23,171,0,0.0,0.3333436371338711,0.18748035791725517,0.17033927038089533
P3,R02,training,23,172,0,0.0,0.3333436371338711,0.18748035791725517,0.17058230202581132
P3,R02,training,23,173,0,0.0,0.3333436371338711,0.18748035791725517,0.17082385606698644
P3,R02,training,23,174,0,0.0,0.3333436371338711,0.18748035791725517,0.1710639252489993
P3,R02,training,23,175,0,0.0,0.3333436371338711,0.18748035791725517,0.17130250235379987
P3,R02,training,23,176,0,0.0,0.33269961129524184,0.18926981999940845,0.173176890785328
P3,R02,training,23,177,0,0.0,0.33269961129524184,0.18926981999940845,0.1734147107146448
P3,R02,training,23,178,0,0.0,0.33269961129524184,0.18926981999940845,0.1736510026943454
P3,R02,training,23,179,0,0.0,0.33269961129524184,0.18926981999940845,0.173885759592027
P3,R02,training,23,180,0,0.0,0.33269961129524184,0.18926981999940845,0.17411897431482187
P3,R02,training,23,181,0,0.0,0.33269961129524184,0.18926981999940845,0.17435063980975418
P3,R02,training,23,182,0,0.0,0.33269961129524184,0.18926981999940845,0.17458074906409488
P3,R02,training,23,183,0,0.0,0.33269961129524184,0.18926981999940845,0.17480929510571497
P3,R02,training,23,184,0,0.0,0.33269961129524184,0.18926981999940845,0.17503627100343727
P3,R02,training,23,185,0,0.0,0.33269961129524184,0.18926981999940845,0.17526166986738625
P3,R02,training,23,186,0,0.0,0.33269961129524184,0.18926981999940845,0.17548548484933613
P3,R02,training,23,187,0,0.0,0.33269961129524184,0.18926981999940845,0.17570770914305722
P3,R02,training,23,188,0,0.0,0.33269961129524184,0.18926981999940845,0.17592833598466062
P3,R02,training,23,189,0,0.0,0.33269961129524184,0.18926981999940845,0.17614735865294082
P3,R02,training,23,190,0,0.0,0.33269961129524184,0.18926981999940845,0.1763647704697167
P3,R02,training,23,191,0,0.0,0.33269961129524184,0.18926981999940845,0.17658056480017045
P3,R02,training,23,192,0,0.0,0.3330746272946931,0.20828712904844815,0.19455858200332202
P3,R02,training,23,193,0,0.0,0.3330746272946931,0.20828712904844815,0.1947924770269874
P3,R02,training,23,194,0,0.0,0.3330746272946931,0.20828712904844815,0.1950245704293939
P3,R02,training,23,195,0,0.0,0.3330746272946931,0.20828712904844815,0.19525485510364576
P3,R02,training,23,196,0,0.0,0.3330746272946931,0.20828712904844815,0.1954833239924014
P3,R02,training,23,197,0,0.0,0.3330746272946931,0.20828712904844815,0.19570997008823326
P3,R02,training,23,198,0,0.0,0.3330746272946931,0.20828712904844815,0.1959347864339859
P3,R02,training,23,199,0,0.0,0.3330746272946931,0.20828712904844815,0.19615776612313163
P3,R02,training,23,200,0,0.0,0.3330746272946931,0.20828712904844815,0.19637890230012378
P3,R02,training,23,201,0,0.0,0.3330746272946931,0.20828712904844815,0.19659818816074798
P3,R02,training,23,202,0,0.0,0.3330746272946931,0.20828712904844815,0.1968156169524705
P3,R02,training,23,203,0,0.0,0.3330746272946931,0.20828712904844815,0.19703118197478492
P3,R02,training,23,204,0,0.0,0.3330746272946931,0.20828712904844815,0.19724487657955586
P3,R02,training,23,205,0,0.0,0.3330746272946931,0.20828712904844815,0.1974566941713605
P3,R02,training,23,206,0,0.0,0.3330746272946931,0.20828712904844815,0.19766662820782777
P3,R02,training,23,207,0,0.0,0.3330746272946931,0.20828712904844815,0.19787467219997484
P3,R02,training,23,208,0,1.0,0.3339764573990732,0.2458502203280026,0.23380327623485697
P3,R02,training,23,209,0,1.0,0.3339764573990732,0.2458502203280026,0.23404435494610595
P3,R02,training,23,210,0,1.0,0.3339764573990732,0.2458502203280026,0.23428318016143873
P3,R02,training,23,211,0,1.0,0.3339764573990732,0.2458502203280026,0.2345197444776105
P3,R02,training,23,212,0,1.0,0.3339764573990732,0.2458502203280026,0.23475404055633484
P3,R02,training,23,213,0,1.0,0.3339764573990732,0.2458502203280026,0.23498606112466275
P3,R02,training,23,214,0,1.0,0.3339764573990732,0.2458502203280026,0.2352157989753589
P3,R02,training,23,215,0,1.0,0.3339764573990732,0.2458502203280026,0.2354432469672746
P3,R02,training,23,216,0,1.0,0.3339764573990732,0.2458502203280026,0.23566839802571748
P3,R02,training,23,217,0,1.0,0.3339764573990732,0.2458502203280026,0.23589124514281834
P3,R02,training,23,218,0,1.0,0.3339764573990732,0.2458502203280026,0.23611178137789443
P3,R02,training,23,219,0,1.0,0.3339764573990732,0.2458502203280026,0.2363299998578095
P3,R02,training,23,220,0,1.0,0.3339764573990732,0.2458502203280026,0.236545893777331
P3,R02,training,23,221,0,1.0,0.3339764573990732,0.2458502203280026,0.23675945639948343
P3,R02,training,23,222,0,1.0,0.3339764573990732,0.2458502203280026,0.2369706810558986
P3,R02,training,23,223,0,1.0,0.3339764573990732,0.2458502203280026,0.2371795611471628
P3,R02,training,23,224,0,0.0,0.3330547345674337,0.30312531309442875,0.2926893162955267
P3,R02,training,23,225,0,0.0,0.3330547345674337,0.30312531309442875,0.29294105303047424
P3,R02,training,23,226,0,0.0,0.3330547345674337,0.30312531309442875,0.2931898750967038
P3,R02,training,23,227,0,0.0,0.3330547345674337,0.30312531309442875,0.2934357747016209
P3,R02,training,23,228,0,0.0,0.3330547345674337,0.30312531309442875,0.2936787441397252
P3,R02,training,23,229,0,0.0,0.3330547345674337,0.30312531309442875,0.29391877579301307
P3,R02,training,23,230,0,0.0,0.3330547345674337,0.30312531309442875,0.29415586213137535
P3,R02,training,23,231,0,0.0,0.3330547345674337,0.30312531309442875,0.29438999571299124
P3,R02,training,23,232,0,0.0,0.3330547345674337,0.30312531309442875,0.29462116918471737
P3,R02,training,23,233,0,0.0,0.3330547345674337,0.30312531309442875,0.29484937528247257
P3,R02,training,23,234,0,0.0,0.3330547345674337,0.30312531309442875,0.2950746068316185
P3,R02,training,23,235,0,0.0,0.3330547345674337,0.30312531309442875,0.29529685674733536
P3,R02,training,23,236,0,0.0,0.3330547345674337,0.30312531309442875,0.2955161180349932
P3,R02,training,23,237,0,0.0,0.3330547345674337,0.30312531309442875,0.2957323837905189
P3,R02,training,23,238,0,0.0,0.3330547345674337,0.30312531309442875,0.29594564720075844
P3,R02,training,23,239,0,0.0,0.3330547345674337,0.30312531309442875,0.2961559015438344
P3,R02,training,23,240,0,1.0,0.33393387439893574,0.3431527695367128,0.33549765707934526
P3,R02,training,23,241,0,1.0,0.33393387439893574,0.3431527695367128,0.33572884010380377
P3,R02,training,23,242,0,1.0,0.33393387439893574,0.3431527695367128,0.33595659451163545
P3,R02,training,23,243,0,1.0,0.33393387439893574,0.3431527695367128,0.33618091311060766
P3,R02,training,23,244,0,1.0,0.33393387439893574,0.3431527695367128,0.33640178881376337
P3,R02,training,23,245,0,1.0,0.33393387439893574,0.3431527695367128,0.33661921463979394
P3,R02,training,23,246,0,1.0,0.33393387439893574,0.3431527695367128,0.3368331837134072
P3,R02,training,23,247,0,1.0,0.33393387439893574,0.3431527695367128,0.33704368926568945
P3,R02,training,23,248,0,1.0,0.33393387439893574,0.3431527695367128,0.33725072463446254
P3,R02,training,23,249,0,1.0,0.33393387439893574,0.3431527695367128,0.33745428326463506
P3,R02,training,23,250,0,1.0,0.33393387439893574,0.3431527695367128,0.33765435870854854
P3,R02,training,23,251,0,1.0,0.33393387439893574,0.3431527695367128,0.3378509446263175
P3,R02,training,23,252,0,1.0,0.33393387439893574,0.3431527695367128,0.33804403478616435
P3,R02,training,23,253,0,1.0,0.33393387439893574,0.3431527695367128,0.33823362306474875
P3,R02,training,23,254,0,1.0,0.33393387439893574,0.3431527695367128,0.3384197034474911
P3,R02,training,23,255,0,1.0,0.33393387439893574,0.3431527695367128,0.33860227002889054
P3,R02,training,23,256,0,0.0,0.0,0.3656699704587767,0.36101166938364443
P3,R02,training,23,257,0,0.0,0.0,0.3656699704587767,0.3611987085702161
P3,R02,training,23,258,0,0.0,0.0,0.3656699704587767,0.361381985206437
P3,R02,training,23,259,0,0.0,0.0,0.3656699704587767,0.36156149346750893
P3,R02,training,23,260,0,0.0,0.0,0.3656699704587767,0.36173722764647387
P3,R02,training,23,261,0,0.0,0.0,0.3656699704587767,0.3619091821545159
P3,R02,training,23,262,0,0.0,0.0,0.3656699704587767,0.3620773515212578
P3,R02,training,23,263,0,0.0,0.0,0.3656699704587767,0.36224173039505075
P3,R02,training,23,264,0,0.0,0.0,0.3656699704587767,0.3624023135432586
P3,R02,training,23,265,0,0.0,0.0,0.3656699704587767,0.36255909585253493
P3,R02,training,23,266,0,0.0,0.0,0.3656699704587767,0.36271207232909486
P3,R02,training,23,267,0,0.0,0.0,0.3656699704587767,0.36286123809898
P3,R02,training,23,268,0,0.0,0.0,0.3656699704587767,0.36300658840831723
P3,R02,training,23,269,0,0.0,0.0,0.3656699704587767,0.36314811862357127
P3,R02,training,23,270,0,0.0,0.0,0.3656699704587767,0.36328582423179073
P3,R02,training,23,271,0,0.0,0.0,0.3656699704587767,0.363419700840848
P3,R02,training,23,272,0,0.0,0.0,0.37053947585103536,0.36839101522365864
P3,R02,training,23,273,0,0.0,0.0,0.37053947585103536,0.36851890178471597
P3,R02,training,23,274,0,0.0,0.0,0.37053947585103536,0.36864289574218484
P3,R02,training,23,275,0,0.0,0.0,0.37053947585103536,0.3687629931374814
P3,R02,training,23,276,0,0.0,0.0,0.37053947585103536,0.36887919013557274
P3,R02,training,23,277,0,0.0,0.0,0.37053947585103536,0.3689914830251811
P3,R02,training,23,278,0,0.0,0.0,0.37053947585103536,0.3690998682189811
P3,R02,training,23,279,0,0.0,0.0,0.37053947585103536,0.3692043422537911
P3,R02,training,23,280,0,0.0,0.0,0.37053947585103536,0.36930490179075737
P3,R02,training,23,281,0,0.0,0.0,0.37053947585103536,0.36940154361553207
P3,R02,training,23,282,0,0.0,0.0,0.37053947585103536,0.3694942646384443
P3,R02,training,23,283,0,0.0,0.0,0.37053947585103536,0.3695830618946651
P3,R02,training,23,284,0,0.0,0.0,0.37053947585103536,0.36966793254436503
P3,R02,training,23,285,0,0.0,0.0,0.37053947585103536,0.3697488738728659
P3,R02,training,23,286,0,0.0,0.0,0.37053947585103536,0.36982588329078514
P3,R02,training,23,287,0,0.0,0.0,0.37053947585103536,0.36989895833417413
P3,R02,training,23,288,0,0.0,0.0,0.37522098418693645,0.3746423860222815
P3,R02,training,23,289,0,0.0,0.0,0.37522098418693645,0.37470840917624354
P3,R02,training,23,290,0,0.0,0.0,0.37522098418693645,0.3747704415257638
P3,R02,training,23,291,0,0.0,0.0,0.37522098418693645,0.3748284810851007
P3,R02,training,23,292,0,0.0,0.0,0.37522098418693645,0.3748825259961288
P3,R02,training,23,293,0,0.0,0.0,0.37522098418693645,0.37493257452843815
P3,R02,training,23,294,0,0.0,0.0,0.37522098418693645,0.3749786250794263
P3,R02,training,23,295,0,0.0,0.0,0.37522098418693645,0.375020676174384
P3,R02,training,23,296,0,0.0,0.0,0.37522098418693645,0.37505872646657384
P3,R02,training,23,297,0,0.0,0.0,0.37522098418693645,0.37509277473730224
P3,R02,training,23,298,0,0.0,0.0,0.37522098418693645,0.3751228198959845
P3,R02,training,23,299,0,0.0,0.0,0.37522098418693645,0.37514886098020284
P3,R02,training,23,300,0,0.0,0.0,0.37522098418693645,0.375170897155758
P3,R02,training,23,301,0,0.0,0.0,0.37522098418693645,0.3751889277167136
P3,R02,training,23,302,0,0.0,0.0,0.37522098418693645,0.37520295208543397
P3,R02,training,23,303,0,0.0,0.0,0.37522098418693645,0.3752129698126149
P3,R02,training,23,304,0,0.0,0.3330538313504629,0.3987000653992927,0.3986979364157773
P3,R02,training,23,305,0,0.0,0.3330538313504629,0.3987000653992927,0.3987000653992927
P3,R02,training,23,306,0,0.0,0.3330538313504629,0.3987000653992927,0.3986979364157773
P3,R02,training,23,307,0,0.0,0.3330538313504629,0.3987000653992927,0.3986915495334409
P3,R02,training,23,308,0,0.0,0.3330538313504629,0.3987000653992927,0.3986809049569099
P3,R02,training,23,309,0,0.0,0.3330538313504629,0.3987000653992927,0.39866600302721605
P3,R02,training,23,310,0,0.0,0.3330538313504629,0.3987000653992927,0.3986468442217784
P3,R02,training,23,311,0,0.0,0.3330538313504629,0.3987000653992927,0.3986234291543775
P3,R02,training,23,312,0,0.0,0.3330538313504629,0.3987000653992927,0.3985957585751229
P3,R02,training,23,313,0,0.0,0.3330538313504629,0.3987000653992927,0.3985638333704132
P3,R02,training,23,314,0,0.0,0.3330538313504629,0.3987000653992927,0.3985276545628884
P3,R02,training,23,315,0,0.0,0.3330538313504629,0.3987000653992927,0.3984872233113756
P3,R02,training,23,316,0,0.0,0.3330538313504629,0.3987000653992927,0.3984425409108268
P3,R02,training,23,317,0,0.0,0.3330538313504629,0.3987000653992927,0.3983936087922503
P3,R02,training,23,318,0,0.0,0.3330538313504629,0.3987000653992927,0.3983404285226337
P3,R02,training,23,319,0,0.0,0.3330538313504629,0.3987000653992927,0.39828300180486065
P3,R02,training,23,320,0,1.0,0.6668259690571352,0.42301147159322117,0.4225035450055567
P3,R02,training,23,321,0,1.0,0.6668259690571352,0.42301147159322117,0.4224336118286748
P3,R02,training,23,322,0,1.0,0.6668259690571352,0.42301147159322117,0.42235917955357904
P3,R02,training,23,323,0,1.0,0.6668259690571352,0.42301147159322117,0.42228025056267804
P3,R02,training,23,324,0,1.0,0.6668259690571352,0.42301147159322117,0.4221968273820042
P3,R02,training,23,325,0,1.0,0.6668259690571352,0.42301147159322117,0.42210891268107864
P3,R02,training,23,326,0,1.0,0.6668259690571352,0.42301147159322117,0.4220165092727691
P3,R02,training,23,327,0,1.0,0.6668259690571352,0.42301147159322117,0.42191962011313994
P3,R02,training,23,328,0,1.0,0.6668259690571352,0.42301147159322117,0.4218182483012942
P3,R02,training,23,329,0,1.0,0.6668259690571352,0.42301147159322117,0.4217123970792087
P3,R02,training,23,330,0,1.0,0.6668259690571352,0.42301147159322117,0.42160206983156123
P3,R02,training,23,331,0,1.0,0.6668259690571352,0.42301147159322117,0.42148727008555
P3,R02,training,23,332,0,1.0,0.6668259690571352,0.42301147159322117,0.4213680015107058
P3,R02,training,23,333,0,1.0,0.6668259690571352,0.42301147159322117,0.42124426791869657
P3,R02,training,23,334,0,1.0,0.6668259690571352,0.42301147159322117,0.4211160732631242
P3,R02,training,23,335,0,1.0,0.6668259690571352,0.42301147159322117,0.42098342163931424
P3,R02,training,23,336,0,1.0,1.0,0.44789289900619206,0.4456003908700494
P3,R02,training,23,337,0,1.0,1.0,0.44789289900619206,0.44545051206714337
P3,R02,training,23,338,0,1.0,1.0,0.44789289900619206,0.4452959280449029
P3,R02,training,23,339,0,1.0,1.0,0.44789289900619206,0.4451366437373902
P3,R02,training,23,340,0,1.0,1.0,0.44789289900619206,0.44497266422749343
P3,R02,training,23,341,0,1.0,1.0,0.44789289900619206,0.44480399474665683
P3,R02,training,23,342,0,1.0,1.0,0.44789289900619206,0.4446306406746023
P3,R02,training,23,343,0,1.0,1.0,0.44789289900619206,0.4444526075390434
P3,R02,training,23,344,0,1.0,1.0,0.44789289900619206,0.44426990101539166
P3,R02,training,23,345,0,1.0,1.0,0.44789289900619206,0.44408252692645506
P3,R02,training,23,346,0,1.0,1.0,0.44789289900619206,0.44389049124212865
P3,R02,training,23,347,0,1.0,1.0,0.44789289900619206,0.4436938000790777
P3,R02,training,23,348,0,1.0,1.0,0.44789289900619206,0.44349245970041296
P3,R02,training,23,349,0,1.0,1.0,0.44789289900619206,0.44328647651535796
P3,R02,training,23,350,0,1.0,1.0,0.44789289900619206,0.44307585707890956
P3,R02,training,23,351,0,1.0,1.0,0.44789289900619206,0.44286060809148975
P3,R02,training,23,352,0,1.0,0.6667912540204182,0.45415030880395746,0.4488247694274162
P3,R02,training,23,353,0,1.0,0.6667912540204182,0.45415030880395746,0.448597145756728
P3,R02,training,23,354,0,1.0,0.6667912540204182,0.45415030880395746,0.44836484911986335
P3,R02,training,23,355,0,1.0,0.6667912540204182,0.45415030880395746,0.4481278868970037
P3,R02,training,23,356,0,1.0,0.6667912540204182,0.45415030880395746,0.44788626661391007
P3,R02,training,23,357,0,1.0,0.6667912540204182,0.45415030880395746,0.4476399959415245
P3,R02,training,23,358,0,1.0,0.6667912540204182,0.45415030880395746,0.44738908269556416
P3,R02,training,23,359,0,1.0,0.6667912540204182,0.45415030880395746,0.44713353483610835
P3,R02,training,23,360,0,1.0,0.6667912540204182,0.45415030880395746,0.4468733604671769
P3,R02,training,23,361,0,1.0,0.6667912540204182,0.45415030880395746,0.4466085678363027
P3,R02,training,23,362,0,1.0,0.6667912540204182,0.45415030880395746,0.44633916533409534
P3,R02,training,23,363,0,1.0,0.6667912540204182,0.45415030880395746,0.4460651614937983
P3,R02,training,23,364,0,1.0,0.6667912540204182,0.45415030880395746,0.44578656499083835
P3,R02,training,23,365,0,1.0,0.6667912540204182,0.45415030880395746,0.4455033846423681
P3,R02,training,23,366,0,1.0,0.6667912540204182,0.45415030880395746,0.4452156294068004
P3,R02,training,23,367,0,1.0,0.6667912540204182,0.45415030880395746,0.4449233083833365
P3,R02,training,23,368,0,0.0,0.6662448522064157,0.4401296454051826,0.43089979140651896
P3,R02,training,23,369,0,0.0,0.6662448522064157,0.4401296454051826,0.4306076723398603
P3,R02,training,23,370,0,0.0,0.6662448522064157,0.4401296454051826,0.4303111557105001
P3,R02,training,23,371,0,0.0,0.6662448522064157,0.4401296454051826,0.43001025087777706
P3,R02,training,23,372,0,0.0,0.6662448522064157,0.4401296454051826,0.42970496733507896
P3,R02,training,23,373,0,0.0,0.6662448522064157,0.4401296454051826,0.42939531470934333
P3,R02,training,23,374,0,0.0,0.6662448522064157,0.4401296454051826,0.42908130276055184
P3,R02,training,23,375,0,0.0,0.6662448522064157,0.4401296454051826,0.4287629413812174
P3,R02,training,23,376,0,0.0,0.6662448522064157,0.4401296454051826,0.42844024059586494
P3,R02,training,23,377,0,0.0,0.6662448522064157,0.4401296454051826,0.4281132105605053
P3,R02,training,23,378,0,0.0,0.6662448522064157,0.4401296454051826,0.42778186156210274
P3,R02,training,23,379,0,0.0,0.6662448522064157,0.4401296454051826,0.42744620401803546
P3,R02,training,23,380,0,0.0,0.6662448522064157,0.4401296454051826,0.4271062484755502
P3,R02,training,23,381,0,0.0,0.6662448522064157,0.4401296454051826,0.4267620056112094
P3,R02,training,23,382,0,0.0,0.6662448522064157,0.4401296454051826,0.4264134862303331
P3,R02,training,23,383,0,0.0,0.6662448522064157,0.4401296454051826,0.42606070126643325
P3,R02,training,23,384,0,1.0,0.33370121605108444,0.4411988345952418,0.4267378065107149
P3,R02,training,23,385,0,1.0,0.33370121605108444,0.4411988345952418,0.4263756460414312
P3,R02,training,23,386,0,1.0,0.33370121605108444,0.4411988345952418,0.42600924327239204
P3,R02,training,23,387,0,1.0,0.33370121605108444,0.4411988345952418,0.42563860967189104
P3,R02,training,23,388,0,1.0,0.33370121605108444,0.4411988345952418,0.42526375683379736
P3,R02,training,23,389,0,1.0,0.33370121605108444,0.4411988345952418,0.42488469647695154
P3,R02,training,23,390,0,1.0,0.33370121605108444,0.4411988345952418,0.4245014404445549
P3,R02,training,23,391,0,1.0,0.33370121605108444,0.4411988345952418,0.4241140007035532
P3,R02,training,23,392,0,1.0,0.33370121605108444,0.4411988345952418,0.42372238934401396
P3,R02,training,23,393,0,1.0,0.33370121605108444,0.4411988345952418,0.4233266185784975
P3,R02,training,23,394,0,1.0,0.33370121605108444,0.4411988345952418,0.42292670074142324
P3,R02,training,23,395,0,1.0,0.33370121605108444,0.4411988345952418,0.4225226482884283
P3,R02,training,23,396,0,1.0,0.33370121605108444,0.4411988345952418,0.4221144737957215
P3,R02,training,23,397,0,1.0,0.33370121605108444,0.4411988345952418,0.42170218995943154
P3,R02,training,23,398,0,1.0,0.33370121605108444,0.4411988345952418,0.42128580959494855
P3,R02,training,23,399,0,1.0,0.33370121605108444,0.4411988345952418,0.42086534563626066
P3,R02,training,23,400,0,0.0,0.3332868444925537,0.43826607324738864,0.41764603367153896
P3,R02,training,23,401,0,0.0,0.3332868444925537,0.43826607324738864,0.4172202907571063
P3,R02,training,23,402,0,0.0,0.3332868444925537,0.43826607324738864,0.4167905306373811
P3,R02,training,23,403,0,0.0,0.3332868444925537,0.43826607324738864,0.4163567666249098
P3,R02,training,23,404,0,0.0,0.3332868444925537,0.43826607324738864,0.4159190121466684
P3,R02,training,23,405,0,0.0,0.3332868444925537,0.43826607324738864,0.4154772807433703
P3,R02,training,23,406,0,0.0,0.3332868444925537,0.43826607324738864,0.4150315860687688
P3,R02,training,23,407,0,0.0,0.3332868444925537,0.43826607324738864,0.4145819418889533
P3,R02,training,23,408,0,0.0,0.3332868444925537,0.43826607324738864,0.414128362081642
P3,R02,training,23,409,0,0.0,0.3332868444925537,0.43826607324738864,0.41367086063546765
P3,R02,training,23,410,0,0.0,0.3332868444925537,0.43826607324738864,0.4132094516492596
P3,R02,training,23,411,0,0.0,0.3332868444925537,0.43826607324738864,0.41274414933131964
P3,R02,training,23,412,0,0.0,0.3332868444925537,0.43826607324738864,0.41227496799869356
P3,R02,training,23,413,0,0.0,0.3332868444925537,0.43826607324738864,0.4118019220764373
P3,R02,training,23,414,0,0.0,0.3332868444925537,0.43826607324738864,0.4113250260968783
P3,R02,training,23,415,0,0.0,0.3332868444925537,0.43826607324738864,0.4108442946988723
P3,R02,training,23,416,0,1.0,0.6670163599492238,0.4314125201482784,0.4039425854307587
P3,R02,training,23,417,0,1.0,0.6670163599492238,0.4314125201482784,0.4034618644178982
P3,R02,training,23,418,0,1.0,0.6670163599492238,0.4314125201482784,0.4029774118159991
P3,R02,training,23,419,0,1.0,0.6670163599492238,0.4314125201482784,0.4024892424470315
P3,R02,training,23,420,0,1.0,0.6670163599492238,0.4314125201482784,0.40199737123409823
P3,R02,training,23,421,0,1.0,0.6670163599492238,0.4314125201482784,0.4015018132006749
P3,R02,training,23,422,0,1.0,0.6670163599492238,0.4314125201482784,0.4010025834698459
P3,R02,training,23,423,0,1.0,0.6670163599492238,0.4314125201482784,0.4004996972635359
P3,R02,training,23,424,0,1.0,0.6670163599492238,0.4314125201482784,0.39999316990173733
P3,R02,training,23,425,0,1.0,0.6670163599492238,0.4314125201482784,0.39948301680173315
P3,R02,training,23,426,0,1.0,0.6670163599492238,0.4314125201482784,0.3989692534773157
P3,R02,training,23,427,0,1.0,0.6670163599492238,0.4314125201482784,0.3984518955380013
P3,R02,training,23,428,0,1.0,0.6670163599492238,0.4314125201482784,0.39793095868824074
P3,R02,training,23,429,0,1.0,0.6670163599492238,0.4314125201482784,0.39740645872662583
P3,R02,training,23,430,0,1.0,0.6670163599492238,0.4314125201482784,0.39687841154509174
P3,R02,training,23,431,0,1.0,0.6670163599492238,0.4314125201482784,0.39634683312811575
P3,R02,training,23,432,0,1.0,0.6668774462001528,0.4031830134478732,0.3699117722771108
P3,R02,training,23,433,0,1.0,0.6668774462001528,0.4031830134478732,0.3694084225490371
P3,R02,training,23,434,0,1.0,0.6668774462001528,0.4031830134478732,0.3689018179791157
P3,R02,training,23,435,0,1.0,0.6668774462001528,0.4031830134478732,0.3683919738442624
P3,R02,training,23,436,0,1.0,0.6668774462001528,0.4031830134478732,0.3678789055040813
P3,R02,training,23,437,0,1.0,0.6668774462001528,0.4031830134478732,0.36736262840009465
P3,R02,training,23,438,0,1.0,0.6668774462001528,0.4031830134478732,0.36684315805496925
P3,R02,training,23,439,0,1.0,0.6668774462001528,0.4031830134478732,0.36632051007174077
P3,R02,training,23,440,0,1.0,0.6668774462001528,0.4031830134478732,0.365794700133033
P3,R02,training,23,441,0,1.0,0.6668774462001528,0.4031830134478732,0.36526574400027595
P3,R02,training,23,442,0,1.0,0.6668774462001528,0.4031830134478732,0.36473365751291925
P3,R02,training,23,443,0,1.0,0.6668774462001528,0.4031830134478732,0.3641984565876436
P3,R02,training,23,444,0,1.0,0.6668774462001528,0.4031830134478732,0.36366015721756845
P3,R02,training,23,445,0,1.0,0.6668774462001528,0.4031830134478732,0.3631187754714576
P3,R02,training,23,446,0,1.0,0.6668774462001528,0.4031830134478732,0.362574327492921
P3,R02,training,23,447,0,1.0,0.6668774462001528,0.4031830134478732,0.36202682949961473
P3,R02,training,23,448,0,1.0,0.6669198396846648,0.35525859555704326,0.3185093557865155
P3,R02,training,23,449,0,1.0,0.6669198396846648,0.35525859555704326,0.31802160441465366
P3,R02,training,23,450,0,1.0,0.6669198396846648,0.35525859555704326,0.3175312088227502
P3,R02,training,23,451,0,1.0,0.6669198396846648,0.35525859555704326,0.3170381835546225
P3,R02,training,23,452,0,1.0,0.6669198396846648,0.35525859555704326,0.31654254321576974
P3,R02,training,23,453,0,1.0,0.6669198396846648,0.35525859555704326,0.3160443024726542
P3,R02,training,23,454,0,1.0,0.6669198396846648,0.35525859555704326,0.3155434760519794
P3,R02,training,23,455,0,1.0,0.6669198396846648,0.35525859555704326,0.31504007873996714
P3,R02,training,23,456,0,1.0,0.6669198396846648,0.35525859555704326,0.31453412538163156
P3,R02,training,23,457,0,1.0,0.6669198396846648,0.35525859555704326,0.3140256308800522
P3,R02,training,23,458,0,1.0,0.6669198396846648,0.35525859555704326,0.3135146101956442
P3,R02,training,23,459,0,1.0,0.6669198396846648,0.35525859555704326,0.3130010783454273
P3,R02,training,23,460,0,1.0,0.6669198396846648,0.35525859555704326,0.3124850504022927
P3,R02,training,23,461,0,1.0,0.6669198396846648,0.35525859555704326,0.3119665414942681
P3,R02,training,23,462,0,1.0,0.6669198396846648,0.35525859555704326,0.3114455668037812
P3,R02,training,23,463,0,1.0,0.6669198396846648,0.35525859555704326,0.3109221415669213
P3,R02,training,23,464,0,1.0,0.33355382430521047,0.28950775575769694,0.2529485052655496
P3,R02,training,23,465,0,1.0,0.33355382430521047,0.28950775575769694,0.2525179983673739
P3,R02,training,23,466,0,1.0,0.33355382430521047,0.28950775575769694,0.2520855319720231
P3,R02,training,23,467,0,1.0,0.33355382430521047,0.28950775575769694,0.2516511186645867
P3,R02,training,23,468,0,1.0,0.33355382430521047,0.28950775575769694,0.2512147710708569
P3,R02,training,23,469,0,1.0,0.33355382430521047,0.28950775575769694,0.2507765018567192
P3,R02,training,23,470,0,1.0,0.33355382430521047,0.28950775575769694,0.2503363237275427
P3,R02,training,23,471,0,1.0,0.33355382430521047,0.28950775575769694,0.2498942494275689
P3,R02,training,23,472,0,1.0,0.33355382430521047,0.28950775575769694,0.24945029173929928
P3,R02,training,23,473,0,1.0,0.33355382430521047,0.28950775575769694,0.24900446348288227
P3,R02,training,23,474,0,1.0,0.33355382430521047,0.28950775575769694,0.24855677751549946
P3,R02,training,23,475,0,1.0,0.33355382430521047,0.28950775575769694,0.24810724673075024
P3,R02,training,23,476,0,1.0,0.33355382430521047,0.28950775575769694,0.2476558840580364
P3,R02,training,23,477,0,1.0,0.33355382430521047,0.28950775575769694,0.24720270246194534
P3,R02,training,23,478,0,1.0,0.33355382430521047,0.28950775575769694,0.24674771494163278
P3,R02,training,23,479,0,1.0,0.33355382430521047,0.28950775575769694,0.2462909345302047
P3,R02,training,23,480,0,0.0,0.0,0.24312896248116336,0.2064503244480566
P3,R02,training,23,481,0,0.0,0.0,0.24312896248116336,0.20606374131044342
P3,R02,training,23,482,0,0.0,0.0,0.24312896248116336,0.20567568550223367
P3,R02,training,23,483,0,0.0,0.0,0.24312896248116336,0.20528616807749034
P3,R02,training,23,484,0,0.0,0.0,0.24312896248116336,0.20489520011618473
P3,R02,training,23,485,0,0.0,0.0,0.24312896248116336,0.2045027927236748
P3,R02,training,23,486,0,0.0,0.0,0.24312896248116336,0.20410895703018267
P3,R02,training,23,487,0,0.0,0.0,0.24312896248116336,0.20371370419027202
P3,R02,training,23,488,0,0.0,0.0,0.24312896248116336,0.2033170453823253
P3,R02,training,23,489,0,0.0,0.0,0.24312896248116336,0.20291899180802042
P3,R02,training,23,490,0,0.0,0.0,0.24312896248116336,0.20251955469180732
P3,R02,training,23,491,0,0.0,0.0,0.24312896248116336,0.20211874528038457
P3,R02,training,23,492,0,0.0,0.0,0.24312896248116336,0.20171657484217528
P3,R02,training,23,493,0,0.0,0.0,0.24312896248116336,0.20131305466680352
P3,R02,training,23,494,0,0.0,0.0,0.24312896248116336,0.2009081960645702
P3,R02,training,23,495,0,0.0,0.0,0.24312896248116336,0.200502010365929
P3,R02,training,23,496,0,0.0,0.0,0.19755086991891097,0.16258385632026848
P3,R02,training,23,497,0,0.0,0.0,0.19755086991891097,0.162251687149798
P3,R02,training,23,498,0,0.0,0.0,0.19755086991891097,0.16191846737979265
P3,R02,training,23,499,0,0.0,0.0,0.19755086991891097,0.16158420627788783
P3,R02,training,23,500,0,0.0,0.0,0.19755086991891097,0.16124891312596515
P3,R02,training,23,501,0,0.0,0.0,0.19755086991891097,0.16091259721972678
P3,R02,training,23,502,0,0.0,0.0,0.19755086991891097,0.16057526786827028
P3,R02,training,23,503,0,0.0,0.0,0.19755086991891097,0.16023693439366318
P3,R02,training,23,504,0,0.0,0.0,0.19755086991891097,0.15989760613051812
P3,R02,training,23,505,0,0.0,0.0,0.19755086991891097,0.15955729242556818
P3,R02,training,23,506,0,0.0,0.0,0.19755086991891097,0.1592160026372421
P3,R02,training,23,507,0,0.0,0.0,0.19755086991891097,0.1588737461352402
P3,R02,training,23,508,0,0.0,0.0,0.19755086991891097,0.1585305323001105
P3,R02,training,23,509,0,0.0,0.0,0.19755086991891097,0.15818637052282494
P3,R02,training,23,510,0,0.0,0.0,0.19755086991891097,0.1578412702043563
P3,R02,training,23,511,0,0.0,0.0,0.19755086991891097,0.15749524075525517
P3,R02,training,23,512,0,0.0,0.0,0.1707594440485661,0.1358361768642064
P3,R02,training,23,513,0,0.0,0.0,0.1707594440485661,0.1355354933742516
P3,R02,training,23,514,0,0.0,0.0,0.1707594440485661,0.13523403120933047
P3,R02,training,23,515,0,0.0,0.0,0.1707594440485661,0.13493179853322293
P3,R02,training,23,516,0,0.0,0.0,0.1707594440485661,0.13462880351616605
P3,R02,training,23,517,0,0.0,0.0,0.1707594440485661,0.13432505433449096
P3,R02,training,23,518,0,0.0,0.0,0.1707594440485661,0.13402055917026026
P3,R02,training,23,519,0,0.0,0.0,0.1707594440485661,0.13371532621090607
P3,R02,training,23,520,0,0.0,0.0,0.1707594440485661,0.1334093636488683
P3,R02,training,23,521,0,0.0,0.0,0.1707594440485661,0.1331026796812338
P3,R02,training,23,522,0,0.0,0.0,0.1707594440485661,0.13279528250937597
P3,R02,training,23,523,0,0.0,0.0,0.1707594440485661,0.132487180338595
P3,R02,training,23,524,0,0.0,0.0,0.1707594440485661,0.13217838137775853
P3,R02,training,23,525,0,0.0,0.0,0.1707594440485661,0.13186889383894324
P3,R02,training,23,526,0,0.0,0.0,0.1707594440485661,0.13155872593707693
P3,R02,training,23,527,0,0.0,0.0,0.1707594440485661,0.13124788588958144
P3,R02,training,23,528,0,0.0,0.0,0.14410079420871905,0.11049483517613087
P3,R02,training,23,529,0,0.0,0.0,0.14410079420871905,0.11023140929176577
P3,R02,training,23,530,0,0.0,0.0,0.14410079420871905,0.10996743700913021
P3,R02,training,23,531,0,0.0,0.0,0.14410079420871905,0.10970292526817352
P3,R02,training,23,532,0,0.0,0.0,0.14410079420871905,0.10943788100945166
P3,R02,training,23,533,0,0.0,0.0,0.14410079420871905,0.10917231117382982
P3,R02,training,23,534,0,0.0,0.0,0.14410079420871905,0.10890622270218539
P3,R02,training,23,535,0,0.0,0.0,0.14410079420871905,0.10863962253511185
P3,R02,training,23,536,0,0.0,0.0,0.14410079420871905,0.10837251761262333
P3,R02,training,23,537,0,0.0,0.0,0.14410079420871905,0.10810491487385991
P3,R02,training,23,538,0,0.0,0.0,0.14410079420871905,0.10783682125679374
P3,R02,training,23,539,0,0.0,0.0,0.14410079420871905,0.10756824369793586
P3,R02,training,23,540,0,0.0,0.0,0.14410079420871905,0.10729918913204392
P3,R02,training,23,541,0,0.0,0.0,0.14410079420871905,0.10702966449183063
P3,R02,training,23,542,0,0.0,0.0,0.14410079420871905,0.1067596767076732
P3,R02,training,23,543,0,0.0,0.0,0.14410079420871905,0.1064892327073233
P3,R02,training,23,544,0,0.0,0.0,0.10017704166972159,0.07384164030570768
P3,R02,training,23,545,0,0.0,0.0,0.10017704166972159,0.07365301120057122
P3,R02,training,23,546,0,0.0,0.0,0.10017704166972159,0.07346407937503154
P3,R02,training,23,547,0,0.0,0.0,0.10017704166972159,0.07327484963587057
P3,R02,training,23,548,0,0.0,0.0,0.10017704166972159,0.07308532678704706
P3,R02,training,23,549,0,0.0,0.0,0.10017704166972159,0.07289551562949882
P3,R02,training,23,550,0,0.0,0.0,0.10017704166972159,0.07270542096094576
P3,R02,training,23,551,0,0.0,0.0,0.10017704166972159,0.07251504757569353
P3,R02,training,23,552,0,0.0,0.0,0.10017704166972159,0.07232440026443793
P3,R02,training,23,553,0,0.0,0.0,0.10017704166972159,0.07213348381406991
P3,R02,training,23,554,0,0.0,0.0,0.10017704166972159,0.07194230300748145
P3,R02,training,23,555,0,0.0,0.0,0.10017704166972159,0.07175086262337195
P3,R02,training,23,556,0,0.0,0.0,0.10017704166972159,0.07155916743605562
P3,R02,training,23,557,0,0.0,0.0,0.10017704166972159,0.07136722221526931
P3,R02,training,23,558,0,0.0,0.0,0.10017704166972159,0.07117503172598141
P3,R02,training,23,559,0,0.0,0.0,0.10017704166972159,0.07098260072820126
P3,R02,training,23,560,0,0.0,0.0,0.058397703198076086,0.04126663639576651
P3,R02,training,23,561,0,0.0,0.0,0.058397703198076086,0.04115418761821525
P3,R02,training,23,562,0,0.0,0.0,0.058397703198076086,0.041041606943468596
P3,R02,training,23,563,0,0.0,0.0,0.058397703198076086,0.04092889713368544
P3,R02,training,23,564,0,0.0,0.0,0.058397703198076086,0.04081606094758552
P3,R02,training,23,565,0,0.0,0.0,0.058397703198076086,0.0407031011403412
P3,R02,training,23,566,0,0.0,0.0,0.058397703198076086,0.04059002046346969
P3,R02,training,23,567,0,0.0,0.0,0.058397703198076086,0.04047682166472578
P3,R02,training,23,568,0,0.0,0.0,0.058397703198076086,0.040363507487995116
P3,R02,training,23,569,0,0.0,0.0,0.058397703198076086,0.04025008067318791
P3,R02,training,23,570,0,0.0,0.0,0.058397703198076086,0.04013654395613316
P3,R02,training,23,571,0,0.0,0.0,0.058397703198076086,0.04002290006847352
P3,R02,training,23,572,0,0.0,0.0,0.058397703198076086,0.03990915173756041
P3,R02,training,23,573,0,0.0,0.0,0.058397703198076086,0.03979530168635002
P3,R02,training,23,574,0,0.0,0.0,0.058397703198076086,0.03968135263329947
P3,R02,training,23,575,0,0.0,0.0,0.058397703198076086,0.03956730729226382
P3,R02,training,23,576,0,0.0,0.0,0.01904316831052369,0.012865460190284839
P3,R02,training,23,577,0,0.0,0.0,0.01904316831052369,0.012828210485570828
P3,R02,training,23,578,0,0.0,0.0,0.01904316831052369,0.012790932027458353
P3,R02,training,23,579,0,0.0,0.0,0.01904316831052369,0.012753625694584903
P3,R02,training,23,580,0,0.0,0.0,0.01904316831052369,0.012716292363921758
P3,R02,training,23,581,0,0.0,0.0,0.01904316831052369,0.012678932910741457
P3,R02,training,23,582,0,0.0,0.0,0.01904316831052369,0.012641548208585436
P3,R02,training,23,583,0,0.0,0.0,0.01904316831052369,0.012604139129231839
P3,R02,training,23,584,0,0.0,0.0,0.01904316831052369,0.012566706542663541
P3,R02,training,23,585,0,0.0,0.0,0.01904316831052369,0.012529251317036348
P3,R02,training,23,586,0,0.0,0.0,0.01904316831052369,0.0124917743186474
P3,R02,training,23,587,0,0.0,0.0,0.01904316831052369,0.012454276411903744
P3,R02,training,23,588,0,0.0,0.0,0.01904316831052369,0.012416758459291133
P3,R02,training,23,589,0,0.0,0.0,0.01904316831052369,0.012379221321342991
P3,R02,training,23,590,0,0.0,0.0,0.01904316831052369,0.012341665856609603
P3,R02,training,23,591,0,0.0,0.0,0.01904316831052369,0.012304092921627473
P3,R02,training,23,592,0,0.0,0.0,0.0,0.0
P3,R02,training,23,593,0,0.0,0.0,0.0,0.0
P3,R02,training,23,594,0,0.0,0.0,0.0,0.0
P3,R02,training,23,595,0,0.0,0.0,0.0,0.0
P3,R02,training,23,596,0,0.0,0.0,0.0,0.0
P3,R02,training,23,597,0,0.0,0.0,0.0,0.0
P3,R02,training,23,598,0,0.0,0.0,0.0,0.0
P3,R02,training,23,599,0,0.0,0.0,0.0,0.0
P3,R02,training,23,600,0,0.0,0.0,0.0,0.0
P3,R02,training,23,601,0,0.0,0.0,0.0,0.0
P3,R02,training,23,602,0,0.0,0.0,0.0,0.0
P3,R02,training,23,603,0,0.0,0.0,0.0,0.0
P3,R02,training,23,604,0,0.0,0.0,0.0,0.0
P3,R02,training,23,605,0,0.0,0.0,0.0,0.0
P3,R02,training,23,606,0,0.0,0.0,0.0,0.0
P3,R02,training,23,607,0,0.0,0.0,0.0,0.0
P3,R02,training,23,608,0,0.0,0.0,0.0,0.0
P3,R02,training,23,609,0,0.0,0.0,0.0,0.0
P3,R02,training,23,610,0,0.0,0.0,0.0,0.0
P3,R02,training,23,611,0,0.0,0.0,0.0,0.0
A,R02,training,26,0,0,0.0,0.0,0.0,0.0
A,R02,training,26,1,0,0.0,0.0,0.0,0.0
A,R02,training,26,2,0,0.0,0.0,0.0,0.0
A,R02,training,26,3,0,0.0,0.0,0.0,0.0
A,R02,training,26,4,0,0.0,0.0,0.0,0.0
A,R02,training,26,5,0,0.0,0.0,0.0,0.0
A,R02,training,26,6,0,0.0,0.0,0.0,0.0
A,R02,training,26,7,0,0.0,0.0,0.0,0.0
A,R02,training,26,8,0,0.0,0.0,0.0,0.0
A,R02,training,26,9,0,0.0,0.0,0.0,0.0
A,R02,training,26,10,0,0.0,0.0,0.0,0.0
A,R02,training,26,11,0,0.0,0.0,0.0,0.0
A,R02,training,26,12,0,0.0,0.0,0.0,0.0
A,R02,training,26,13,0,0.0,0.0,0.0,0.0
A,R02,training,26,14,0,0.0,0.0,0.0,0.0
A,R02,training,26,15,0,0.0,0.0,0.0,0.0
A,R02,training,26,16,0,0.0,0.0,0.0,0.0
A,R02,training,26,17,0,0.0,0.0,0.0,0.0
A,R02,training,26,18,0,0.0,0.0,0.0,0.0
A,R02,training,26,19,0,0.0,0.0,0.0,0.0
A,R02,training,26,20,0,0.0,0.0,0.0,0.0
A,R02,training,26,21,0,0.0,0.0,0.0,0.0
A,R02,training,26,22,0,0.0,0.0,0.0,0.0
A,R02,training,26,23,0,0.0,0.0,0.0,0.0
A,R02,training,26,24,0,0.0,0.0,0.0,0.0
A,R02,training,26,25,0,0.0,0.0,0.0,0.0
A,R02,training,26,26,0,0.0,0.0,0.0,0.0
A,R02,training,26,27,0,0.0,0.0,0.0,0.0
A,R02,training,26,28,0,0.0,0.0,0.0,0.0
A,R02,training,26,29,0,0.0,0.0,0.0,0.0
A,R02,training,26,30,0,0.0,0.0,0.0,0.0
A,R02,training,26,31,0,0.0,0.0,0.0,0.0
A,R02,training,26,32,0,0.0,0.0,0.0,0.0
A,R02,training,26,33,0,0.0,0.0,0.0,0.0
A,R02,training,26,34,0,0.0,0.0,0.0,0.0
A,R02,training,26,35,0,0.0,0.0,0.0,0.0
A,R02,training,26,36,0,0.0,0.0,0.0,0.0
A,R02,training,26,37,0,0.0,0.0,0.0,0.0
A,R02,training,26,38,0,0.0,0.0,0.0,0.0
A,R02,training,26,39,0,0.0,0.0,0.0,0.0
A,R02,training,26,40,0,0.0,0.0,0.0,0.0
A,R02,training,26,41,0,0.0,0.0,0.0,0.0
A,R02,training,26,42,0,0.0,0.0,0.0,0.0
A,R02,training,26,43,0,0.0,0.0,0.0,0.0
A,R02,training,26,44,0,0.0,0.0,0.0,0.0
A,R02,training,26,45,0,0.0,0.0,0.0,0.0
A,R02,training,26,46,0,0.0,0.0,0.0,0.0
A,R02,training,26,47,0,0.0,0.0,0.0,0.0
A,R02,training,26,48,0,0.0,0.0,0.0,0.0
A,R02,training,26,49,0,0.0,0.0,0.0,0.0
A,R02,training,26,50,0,0.0,0.0,0.0,0.0
A,R02,training,26,51,0,0.0,0.0,0.0,0.0
A,R02,training,26,52,0,0.0,0.0,0.0,0.0
A,R02,training,26,53,0,0.0,0.0,0.0,0.0
A,R02,training,26,54,0,0.0,0.0,0.0,0.0
A,R02,training,26,55,0,0.0,0.0,0.0,0.0
A,R02,training,26,56,0,0.0,0.0,0.0,0.0
A,R02,training,26,57,0,0.0,0.0,0.0,0.0
A,R02,training,26,58,0,0.0,0.0,0.0,0.0
A,R02,training,26,59,0,0.0,0.0,0.0,0.0
A,R02,training,26,60,0,0.0,0.0,0.0,0.0
A,R02,training,26,61,0,0.0,0.0,0.0,0.0
A,R02,training,26,62,0,0.0,0.0,0.0,0.0
A,R02,training,26,63,0,0.0,0.0,0.0,0.0
A,R02,training,26,64,0,0.0,0.0,0.0,0.0
A,R02,training,26,65,0,0.0,0.0,0.0,0.0
A,R02,training,26,66,0,0.0,0.0,0.0,0.0
A,R02,training,26,67,0,0.0,0.0,0.0,0.0
A,R02,training,26,68,0,0.0,0.0,0.0,0.0
A,R02,training,26,69,0,0.0,0.0,0.0,0.0
A,R02,training,26,70,0,0.0,0.0,0.0,0.0
A,R02,training,26,71,0,0.0,0.0,0.0,0.0
A,R02,training,26,72,0,0.0,0.0,0.0,0.0
A,R02,training,26,73,0,0.0,0.0,0.0,0.0
A,R02,training,26,74,0,0.0,0.0,0.0,0.0
A,R02,training,26,75,0,0.0,0.0,0.0,0.0
A,R02,training,26,76,0,0.0,0.0,0.0,0.0
A,R02,training,26,77,0,0.0,0.0,0.0,0.0
A,R02,training,26,78,0,0.0,0.0,0.0,0.0
A,R02,training,26,79,0,0.0,0.0,0.0,0.0
A,R02,training,26,80,0,0.0,0.0,0.0,0.0
A,R02,training,26,81,0,0.0,0.0,0.0,0.0
A,R02,training,26,82,0,0.0,0.0,0.0,0.0
A,R02,training,26,83,0,0.0,0.0,0.0,0.0
A,R02,training,26,84,0,0.0,0.0,0.0,0.0
A,R02,training,26,85,0,0.0,0.0,0.0,0.0
A,R02,training,26,86,0,0.0,0.0,0.0,0.0
A,R02,training,26,87,0,0.0,0.0,0.0,0.0
A,R02,training,26,88,0,0.0,0.0,0.0,0.0
A,R02,training,26,89,0,0.0,0.0,0.0,0.0
A,R02,training,26,90,0,0.0,0.0,0.0,0.0
A,R02,training,26,91,0,0.0,0.0,0.0,0.0
A,R02,training,26,92,0,0.0,0.0,0.0,0.0
A,R02,training,26,93,0,0.0,0.0,0.0,0.0
A,R02,training,26,94,0,0.0,0.0,0.0,0.0
A,R02,training,26,95,0,0.0,0.0,0.0,0.0
A,R02,training,26,96,0,0.0,0.0,0.0,0.0
A,R02,training,26,97,0,0.0,0.0,0.0,0.0
A,R02,training,26,98,0,0.0,0.0,0.0,0.0
A,R02,training,26,99,0,0.0,0.0,0.0,0.0
A,R02,training,26,100,0,0.0,0.0,0.0,0.0
A,R02,training,26,101,0,0.0,0.0,0.0,0.0
A,R02,training,26,102,0,0.0,0.0,0.0,0.0
A,R02,training,26,103,0,0.0,0.0,0.0,0.0
A,R02,training,26,104,0,0.0,0.0,0.0,0.0
A,R02,training,26,105,0,0.0,0.0,0.0,0.0
A,R02,training,26,106,0,0.0,0.0,0.0,0.0
A,R02,training,26,107,0,0.0,0.0,0.0,0.0
A,R02,training,26,108,0,0.0,0.0,0.0,0.0
A,R02,training,26,109,0,0.0,0.0,0.0,0.0
A,R02,training,26,110,0,0.0,0.0,0.0,0.0
A,R02,training,26,111,0,0.0,0.0,0.0,0.0
A,R02,training,26,112,0,0.0,0.0,0.0,0.0
A,R02,training,26,113,0,0.0,0.0,0.0,0.0
A,R02,training,26,114,0,0.0,0.0,0.0,0.0
A,R02,training,26,115,0,0.0,0.0,0.0,0.0
A,R02,training,26,116,0,0.0,0.0,0.0,0.0
A,R02,training,26,117,0,0.0,0.0,0.0,0.0
A,R02,training,26,118,0,0.0,0.0,0.0,0.0
A,R02,training,26,119,0,0.0,0.0,0.0,0.0
A,R02,training,26,120,0,0.0,0.0,0.0,0.0
A,R02,training,26,121,0,0.0,0.0,0.0,0.0
A,R02,training,26,122,0,0.0,0.0,0.0,0.0
A,R02,training,26,123,0,0.0,0.0,0.0,0.0
A,R02,training,26,124,0,0.0,0.0,0.0,0.0
A,R02,training,26,125,0,0.0,0.0,0.0,0.0
A,R02,training,26,126,0,0.0,0.0,0.0,0.0
A,R02,training,26,127,0,0.0,0.0,0.0,0.0
A,R02,training,26,128,0,0.0,0.0,0.0,0.0
A,R02,training,26,129,0,0.0,0.0,0.0,0.0
A,R02,training,26,130,0,0.0,0.0,0.0,0.0
A,R02,training,26,131,0,0.0,0.0,0.0,0.0
A,R02,training,26,132,0,0.0,0.0,0.0,0.0
A,R02,training,26,133,0,0.0,0.0,0.0,0.0
A,R02,training,26,134,0,0.0,0.0,0.0,0.0
A,R02,training,26,135,0,0.0,0.0,0.0,0.0
A,R02,training,26,136,0,0.0,0.0,0.0,0.0
A,R02,training,26,137,0,0.0,0.0,0.0,0.0
A,R02,training,26,138,0,0.0,0.0,0.0,0.0
A,R02,training,26,139,0,0.0,0.0,0.0,0.0
A,R02,training,26,140,0,0.0,0.0,0.0,0.0
A,R02,training,26,141,0,0.0,0.0,0.0,0.0
A,R02,training,26,142,0,0.0,0.0,0.0,0.0
A,R02,training,26,143,0,0.0,0.0,0.0,0.0
A,R02,training,26,144,0,0.0,0.0,0.0,0.0
A,R02,training,26,145,0,0.0,0.0,0.0,0.0
A,R02,training,26,146,0,0.0,0.0,0.0,0.0
A,R02,training,26,147,0,0.0,0.0,0.0,0.0
A,R02,training,26,148,0,0.0,0.0,0.0,0.0
A,R02,training,26,149,0,0.0,0.0,0.0,0.0
A,R02,training,26,150,0,0.0,0.0,0.0,0.0
A,R02,training,26,151,0,0.0,0.0,0.0,0.0
A,R02,training,26,152,0,0.0,0.0,0.0,0.0
A,R02,training,26,153,0,0.0,0.0,0.0,0.0
A,R02,training,26,154,0,0.0,0.0,0.0,0.0
A,R02,training,26,155,0,0.0,0.0,0.0,0.0
A,R02,training,26,156,0,0.0,0.0,0.0,0.0
A,R02,training,26,157,0,0.0,0.0,0.0,0.0
A,R02,training,26,158,0,0.0,0.0,0.0,0.0
A,R02,training,26,159,0,0.0,0.0,0.0,0.0
A,R02,training,26,160,0,0.0,0.0,0.0,0.0
A,R02,training,26,161,0,0.0,0.0,0.0,0.0
A,R02,training,26,162,0,0.0,0.0,0.0,0.0
A,R02,training,26,163,0,0.0,0.0,0.0,0.0
A,R02,training,26,164,0,0.0,0.0,0.0,0.0
A,R02,training,26,165,0,0.0,0.0,0.0,0.0
A,R02,training,26,166,0,0.0,0.0,0.0,0.0
A,R02,training,26,167,0,0.0,0.0,0.0,0.0
A,R02,training,26,168,0,0.0,0.0,0.0,0.0
A,R02,training,26,169,0,0.0,0.0,0.0,0.0
A,R02,training,26,170,0,0.0,0.0,0.0,0.0
A,R02,training,26,171,0,0.0,0.0,0.0,0.0
A,R02,training,26,172,0,0.0,0.0,0.0,0.0
A,R02,training,26,173,0,0.0,0.0,0.0,0.0
A,R02,training,26,174,0,0.0,0.0,0.0,0.0
A,R02,training,26,175,0,0.0,0.0,0.0,0.0
A,R02,training,26,176,0,0.0,0.0,0.0,0.0
A,R02,training,26,177,0,0.0,0.0,0.0,0.0
A,R02,training,26,178,0,0.0,0.0,0.0,0.0
A,R02,training,26,179,0,0.0,0.0,0.0,0.0
A,R02,training,26,180,0,0.0,0.0,0.0,0.0
A,R02,training,26,181,0,0.0,0.0,0.0,0.0
A,R02,training,26,182,0,0.0,0.0,0.0,0.0
A,R02,training,26,183,0,0.0,0.0,0.0,0.0
A,R02,training,26,184,0,0.0,0.0,0.0,0.0
A,R02,training,26,185,0,0.0,0.0,0.0,0.0
A,R02,training,26,186,0,0.0,0.0,0.0,0.0
A,R02,training,26,187,0,0.0,0.0,0.0,0.0
A,R02,training,26,188,0,0.0,0.0,0.0,0.0
A,R02,training,26,189,0,0.0,0.0,0.0,0.0
A,R02,training,26,190,0,0.0,0.0,0.0,0.0
A,R02,training,26,191,0,0.0,0.0,0.0,0.0
A,R02,training,26,192,0,0.0,0.0,0.0,0.0
A,R02,training,26,193,0,0.0,0.0,0.0,0.0
A,R02,training,26,194,0,0.0,0.0,0.0,0.0
A,R02,training,26,195,0,0.0,0.0,0.0,0.0
A,R02,training,26,196,0,0.0,0.0,0.0,0.0
A,R02,training,26,197,0,0.0,0.0,0.0,0.0
A,R02,training,26,198,0,0.0,0.0,0.0,0.0
A,R02,training,26,199,0,0.0,0.0,0.0,0.0
A,R02,training,26,200,0,0.0,0.0,0.0,0.0
A,R02,training,26,201,0,0.0,0.0,0.0,0.0
A,R02,training,26,202,0,0.0,0.0,0.0,0.0
A,R02,training,26,203,0,0.0,0.0,0.0,0.0
A,R02,training,26,204,0,0.0,0.0,0.0,0.0
A,R02,training,26,205,0,0.0,0.0,0.0,0.0
A,R02,training,26,206,0,0.0,0.0,0.0,0.0
A,R02,training,26,207,0,0.0,0.0,0.0,0.0
A,R02,training,26,208,0,0.0,0.0,0.0,0.0
A,R02,training,26,209,0,0.0,0.0,0.0,0.0
A,R02,training,26,210,0,0.0,0.0,0.0,0.0
A,R02,training,26,211,0,0.0,0.0,0.0,0.0
A,R02,training,26,212,0,0.0,0.0,0.0,0.0
A,R02,training,26,213,0,0.0,0.0,0.0,0.0
A,R02,training,26,214,0,0.0,0.0,0.0,0.0
A,R02,training,26,215,0,0.0,0.0,0.0,0.0
A,R02,training,26,216,0,0.0,0.0,0.0,0.0
A,R02,training,26,217,0,0.0,0.0,0.0,0.0
A,R02,training,26,218,0,0.0,0.0,0.0,0.0
A,R02,training,26,219,0,0.0,0.0,0.0,0.0
A,R02,training,26,220,0,0.0,0.0,0.0,0.0
A,R02,training,26,221,0,0.0,0.0,0.0,0.0
A,R02,training,26,222,0,0.0,0.0,0.0,0.0
A,R02,training,26,223,0,0.0,0.0,0.0,0.0
A,R02,training,26,224,0,0.0,0.0,0.0,0.0
A,R02,training,26,225,0,0.0,0.0,0.0,0.0
A,R02,training,26,226,0,0.0,0.0,0.0,0.0
A,R02,training,26,227,0,0.0,0.0,0.0,0.0
A,R02,training,26,228,0,0.0,0.0,0.0,0.0
A,R02,training,26,229,0,0.0,0.0,0.0,0.0
A,R02,training,26,230,0,0.0,0.0,0.0,0.0
A,R02,training,26,231,0,0.0,0.0,0.0,0.0
A,R02,training,26,232,0,0.0,0.0,0.0,0.0
A,R02,training,26,233,0,0.0,0.0,0.0,0.0
A,R02,training,26,234,0,0.0,0.0,0.0,0.0
A,R02,training,26,235,0,0.0,0.0,0.0,0.0
A,R02,training,26,236,0,0.0,0.0,0.0,0.0
A,R02,training,26,237,0,0.0,0.0,0.0,0.0
A,R02,training,26,238,0,0.0,0.0,0.0,0.0
A,R02,training,26,239,0,0.0,0.0,0.0,0.0
A,R02,training,26,240,0,0.0,0.0,0.0,0.0
A,R02,training,26,241,0,0.0,0.0,0.0,0.0
A,R02,training,26,242,0,0.0,0.0,0.0,0.0
A,R02,training,26,243,0,0.0,0.0,0.0,0.0
A,R02,training,26,244,0,0.0,0.0,0.0,0.0
A,R02,training,26,245,0,0.0,0.0,0.0,0.0
A,R02,training,26,246,0,0.0,0.0,0.0,0.0
A,R02,training,26,247,0,0.0,0.0,0.0,0.0
A,R02,training,26,248,0,0.0,0.0,0.0,0.0
A,R02,training,26,249,0,0.0,0.0,0.0,0.0
A,R02,training,26,250,0,0.0,0.0,0.0,0.0
A,R02,training,26,251,0,0.0,0.0,0.0,0.0
A,R02,training,26,252,0,0.0,0.0,0.0,0.0
A,R02,training,26,253,0,0.0,0.0,0.0,0.0
A,R02,training,26,254,0,0.0,0.0,0.0,0.0
A,R02,training,26,255,0,0.0,0.0,0.0,0.0
A,R02,training,26,256,0,0.0,0.0,0.0,0.0
A,R02,training,26,257,0,0.0,0.0,0.0,0.0
A,R02,training,26,258,0,0.0,0.0,0.0,0.0
A,R02,training,26,259,0,0.0,0.0,0.0,0.0
A,R02,training,26,260,0,0.0,0.0,0.0,0.0
A,R02,training,26,261,0,0.0,0.0,0.0,0.0
A,R02,training,26,262,0,0.0,0.0,0.0,0.0
A,R02,training,26,263,0,0.0,0.0,0.0,0.0
A,R02,training,26,264,0,0.0,0.0,0.0,0.0
A,R02,training,26,265,0,0.0,0.0,0.0,0.0
A,R02,training,26,266,0,0.0,0.0,0.0,0.0
A,R02,training,26,267,0,0.0,0.0,0.0,0.0
A,R02,training,26,268,0,0.0,0.0,0.0,0.0
A,R02,training,26,269,0,0.0,0.0,0.0,0.0
A,R02,training,26,270,0,0.0,0.0,0.0,0.0
A,R02,training,26,271,0,0.0,0.0,0.0,0.0
A,R02,training,26,272,0,0.0,0.0,0.0,0.0
A,R02,training,26,273,0,0.0,0.0,0.0,0.0
A,R02,training,26,274,0,0.0,0.0,0.0,0.0
A,R02,training,26,275,0,0.0,0.0,0.0,0.0
A,R02,training,26,276,0,0.0,0.0,0.0,0.0
A,R02,training,26,277,0,0.0,0.0,0.0,0.0
A,R02,training,26,278,0,0.0,0.0,0.0,0.0
A,R02,training,26,279,0,0.0,0.0,0.0,0.0
A,R02,training,26,280,0,0.0,0.0,0.0,0.0
A,R02,training,26,281,0,0.0,0.0,0.0,0.0
A,R02,training,26,282,0,0.0,0.0,0.0,0.0
A,R02,training,26,283,0,0.0,0.0,0.0,0.0
A,R02,training,26,284,0,0.0,0.0,0.0,0.0
A,R02,training,26,285,0,0.0,0.0,0.0,0.0
A,R02,training,26,286,0,0.0,0.0,0.0,0.0
A,R02,training,26,287,0,0.0,0.0,0.0,0.0
A,R02,training,26,288,0,0.0,0.0,0.0,0.0
A,R02,training,26,289,0,0.0,0.0,0.0,0.0
A,R02,training,26,290,0,0.0,0.0,0.0,0.0
A,R02,training,26,291,0,0.0,0.0,0.0,0.0
A,R02,training,26,292,0,0.0,0.0,0.0,0.0
A,R02,training,26,293,0,0.0,0.0,0.0,0.0
A,R02,training,26,294,0,0.0,0.0,0.0,0.0
A,R02,training,26,295,0,0.0,0.0,0.0,0.0
A,R02,training,26,296,0,0.0,0.0,0.0,0.0
A,R02,training,26,297,0,0.0,0.0,0.0,0.0
A,R02,training,26,298,0,0.0,0.0,0.0,0.0
A,R02,training,26,299,0,0.0,0.0,0.0,0.0
A,R02,training,26,300,0,0.0,0.0,0.0,0.0
A,R02,training,26,301,0,0.0,0.0,0.0,0.0
A,R02,training,26,302,0,0.0,0.0,0.0,0.0
A,R02,training,26,303,0,0.0,0.0,0.0,0.0
A,R02,training,26,304,0,0.0,0.0,0.0,0.0
A,R02,training,26,305,0,0.0,0.0,0.0,0.0
A,R02,training,26,306,0,0.0,0.0,0.0,0.0
A,R02,training,26,307,0,0.0,0.0,0.0,0.0
A,R02,training,26,308,0,0.0,0.0,0.0,0.0
A,R02,training,26,309,0,0.0,0.0,0.0,0.0
A,R02,training,26,310,0,0.0,0.0,0.0,0.0
A,R02,training,26,311,0,0.0,0.0,0.0,0.0
A,R02,training,26,312,0,0.0,0.0,0.0,0.0
A,R02,training,26,313,0,0.0,0.0,0.0,0.0
A,R02,training,26,314,0,0.0,0.0,0.0,0.0
A,R02,training,26,315,0,0.0,0.0,0.0,0.0
A,R02,training,26,316,0,0.0,0.0,0.0,0.0
A,R02,training,26,317,0,0.0,0.0,0.0,0.0
A,R02,training,26,318,0,0.0,0.0,0.0,0.0
A,R02,training,26,319,0,0.0,0.0,0.0,0.0
A,R02,training,26,320,0,0.0,0.0,0.0,0.0
A,R02,training,26,321,0,0.0,0.0,0.0,0.0
A,R02,training,26,322,0,0.0,0.0,0.0,0.0
A,R02,training,26,323,0,0.0,0.0,0.0,0.0
A,R02,training,26,324,0,0.0,0.0,0.0,0.0
A,R02,training,26,325,0,0.0,0.0,0.0,0.0
A,R02,training,26,326,0,0.0,0.0,0.0,0.0
A,R02,training,26,327,0,0.0,0.0,0.0,0.0
A,R02,training,26,328,0,0.0,0.0,0.0,0.0
A,R02,training,26,329,0,0.0,0.0,0.0,0.0
A,R02,training,26,330,0,0.0,0.0,0.0,0.0
A,R02,training,26,331,0,0.0,0.0,0.0,0.0
A,R02,training,26,332,0,0.0,0.0,0.0,0.0
A,R02,training,26,333,0,0.0,0.0,0.0,0.0
A,R02,training,26,334,0,0.0,0.0,0.0,0.0
A,R02,training,26,335,0,0.0,0.0,0.0,0.0
A,R02,training,26,336,0,0.0,0.0,0.0,0.0
A,R02,training,26,337,0,0.0,0.0,0.0,0.0
A,R02,training,26,338,0,0.0,0.0,0.0,0.0
A,R02,training,26,339,0,0.0,0.0,0.0,0.0
A,R02,training,26,340,0,0.0,0.0,0.0,0.0
A,R02,training,26,341,0,0.0,0.0,0.0,0.0
A,R02,training,26,342,0,0.0,0.0,0.0,0.0
A,R02,training,26,343,0,0.0,0.0,0.0,0.0
A,R02,training,26,344,0,0.0,0.0,0.0,0.0
A,R02,training,26,345,0,0.0,0.0,0.0,0.0
A,R02,training,26,346,0,0.0,0.0,0.0,0.0
A,R02,training,26,347,0,0.0,0.0,0.0,0.0
A,R02,training,26,348,0,0.0,0.0,0.0,0.0
A,R02,training,26,349,0,0.0,0.0,0.0,0.0
A,R02,training,26,350,0,0.0,0.0,0.0,0.0
A,R02,training,26,351,0,0.0,0.0,0.0,0.0
A,R02,training,26,352,0,0.0,0.0,0.0,0.0
A,R02,training,26,353,0,0.0,0.0,0.0,0.0
A,R02,training,26,354,0,0.0,0.0,0.0,0.0
A,R02,training,26,355,0,0.0,0.0,0.0,0.0
A,R02,training,26,356,0,0.0,0.0,0.0,0.0
A,R02,training,26,357,0,0.0,0.0,0.0,0.0
A,R02,training,26,358,0,0.0,0.0,0.0,0.0
A,R02,training,26,359,0,0.0,0.0,0.0,0.0
A,R02,training,26,360,0,0.0,0.0,0.0,0.0
A,R02,training,26,361,0,0.0,0.0,0.0,0.0
A,R02,training,26,362,0,0.0,0.0,0.0,0.0
A,R02,training,26,363,0,0.0,0.0,0.0,0.0
A,R02,training,26,364,0,0.0,0.0,0.0,0.0
A,R02,training,26,365,0,0.0,0.0,0.0,0.0
A,R02,training,26,366,0,0.0,0.0,0.0,0.0
A,R02,training,26,367,0,0.0,0.0,0.0,0.0
A,R02,training,26,368,0,0.0,0.0,0.0,0.0
A,R02,training,26,369,0,0.0,0.0,0.0,0.0
A,R02,training,26,370,0,0.0,0.0,0.0,0.0
A,R02,training,26,371,0,0.0,0.0,0.0,0.0
A,R02,training,26,372,0,0.0,0.0,0.0,0.0
A,R02,training,26,373,0,0.0,0.0,0.0,0.0
A,R02,training,26,374,0,0.0,0.0,0.0,0.0
A,R02,training,26,375,0,0.0,0.0,0.0,0.0
A,R02,training,26,376,0,0.0,0.0,0.0,0.0
A,R02,training,26,377,0,0.0,0.0,0.0,0.0
A,R02,training,26,378,0,0.0,0.0,0.0,0.0
A,R02,training,26,379,0,0.0,0.0,0.0,0.0
A,R02,training,26,380,0,0.0,0.0,0.0,0.0
A,R02,training,26,381,0,0.0,0.0,0.0,0.0
A,R02,training,26,382,0,0.0,0.0,0.0,0.0
A,R02,training,26,383,0,0.0,0.0,0.0,0.0
A,R02,training,26,384,0,0.0,0.0,0.0,0.0
A,R02,training,26,385,0,0.0,0.0,0.0,0.0
A,R02,training,26,386,0,0.0,0.0,0.0,0.0
A,R02,training,26,387,0,0.0,0.0,0.0,0.0
A,R02,training,26,388,0,0.0,0.0,0.0,0.0
A,R02,training,26,389,0,0.0,0.0,0.0,0.0
A,R02,training,26,390,0,0.0,0.0,0.0,0.0
A,R02,training,26,391,0,0.0,0.0,0.0,0.0
A,R02,training,26,392,0,0.0,0.0,0.0,0.0
A,R02,training,26,393,0,0.0,0.0,0.0,0.0
A,R02,training,26,394,0,0.0,0.0,0.0,0.0
A,R02,training,26,395,0,0.0,0.0,0.0,0.0
A,R02,training,26,396,0,0.0,0.0,0.0,0.0
A,R02,training,26,397,0,0.0,0.0,0.0,0.0
A,R02,training,26,398,0,0.0,0.0,0.0,0.0
A,R02,training,26,399,0,0.0,0.0,0.0,0.0
A,R02,training,26,400,0,0.0,0.0,0.0,0.0
A,R02,training,26,401,0,0.0,0.0,0.0,0.0
A,R02,training,26,402,0,0.0,0.0,0.0,0.0
A,R02,training,26,403,0,0.0,0.0,0.0,0.0
A,R02,training,26,404,0,0.0,0.0,0.0,0.0
A,R02,training,26,405,0,0.0,0.0,0.0,0.0
A,R02,training,26,406,0,0.0,0.0,0.0,0.0
A,R02,training,26,407,0,0.0,0.0,0.0,0.0
A,R02,training,26,408,0,0.0,0.0,0.0,0.0
A,R02,training,26,409,0,0.0,0.0,0.0,0.0
A,R02,training,26,410,0,0.0,0.0,0.0,0.0
A,R02,training,26,411,0,0.0,0.0,0.0,0.0
A,R02,training,26,412,0,0.0,0.0,0.0,0.0
A,R02,training,26,413,0,0.0,0.0,0.0,0.0
A,R02,training,26,414,0,0.0,0.0,0.0,0.0
A,R02,training,26,415,0,0.0,0.0,0.0,0.0
A,R02,training,26,416,0,0.0,0.0,0.0,0.0
A,R02,training,26,417,0,0.0,0.0,0.0,0.0
A,R02,training,26,418,0,0.0,0.0,0.0,0.0
A,R02,training,26,419,0,0.0,0.0,0.0,0.0
A,R02,training,26,420,0,0.0,0.0,0.0,0.0
A,R02,training,26,421,0,0.0,0.0,0.0,0.0
A,R02,training,26,422,0,0.0,0.0,0.0,0.0
A,R02,training,26,423,0,0.0,0.0,0.0,0.0
A,R02,training,26,424,0,0.0,0.0,0.0,0.0
A,R02,training,26,425,0,0.0,0.0,0.0,0.0
A,R02,training,26,426,0,0.0,0.0,0.0,0.0
A,R02,training,26,427,0,0.0,0.0,0.0,0.0
A,R02,training,26,428,0,0.0,0.0,0.0,0.0
A,R02,training,26,429,0,0.0,0.0,0.0,0.0
A,R02,training,26,430,0,0.0,0.0,0.0,0.0
A,R02,training,26,431,0,0.0,0.0,0.0,0.0
A,R02,training,26,432,0,0.0,0.0,0.0,0.0
A,R02,training,26,433,0,0.0,0.0,0.0,0.0
A,R02,training,26,434,0,0.0,0.0,0.0,0.0
A,R02,training,26,435,0,0.0,0.0,0.0,0.0
A,R02,training,26,436,0,0.0,0.0,0.0,0.0
A,R02,training,26,437,0,0.0,0.0,0.0,0.0
A,R02,training,26,438,0,0.0,0.0,0.0,0.0
A,R02,training,26,439,0,0.0,0.0,0.0,0.0
A,R02,training,26,440,0,0.0,0.0,0.0,0.0
A,R02,training,26,441,0,0.0,0.0,0.0,0.0
A,R02,training,26,442,0,0.0,0.0,0.0,0.0
A,R02,training,26,443,0,0.0,0.0,0.0,0.0
A,R02,training,26,444,0,0.0,0.0,0.0,0.0
A,R02,training,26,445,0,0.0,0.0,0.0,0.0
A,R02,training,26,446,0,0.0,0.0,0.0,0.0
A,R02,training,26,447,0,0.0,0.0,0.0,0.0
A,R02,training,26,448,0,0.0,0.0,0.0,0.0
A,R02,training,26,449,0,0.0,0.0,0.0,0.0
A,R02,training,26,450,0,0.0,0.0,0.0,0.0
A,R02,training,26,451,0,0.0,0.0,0.0,0.0
A,R02,training,26,452,0,0.0,0.0,0.0,0.0
A,R02,training,26,453,0,0.0,0.0,0.0,0.0
A,R02,training,26,454,0,0.0,0.0,0.0,0.0
A,R02,training,26,455,0,0.0,0.0,0.0,0.0
A,R02,training,26,456,0,0.0,0.0,0.0,0.0
A,R02,training,26,457,0,0.0,0.0,0.0,0.0
A,R02,training,26,458,0,0.0,0.0,0.0,0.0
A,R02,training,26,459,0,0.0,0.0,0.0,0.0
A,R02,training,26,460,0,0.0,0.0,0.0,0.0
A,R02,training,26,461,0,0.0,0.0,0.0,0.0
A,R02,training,26,462,0,0.0,0.0,0.0,0.0
A,R02,training,26,463,0,0.0,0.0,0.0,0.0
A,R02,training,26,464,0,0.0,0.0,0.0,0.0
A,R02,training,26,465,0,0.0,0.0,0.0,0.0
A,R02,training,26,466,0,0.0,0.0,0.0,0.0
A,R02,training,26,467,0,0.0,0.0,0.0,0.0
A,R02,training,26,468,0,0.0,0.0,0.0,0.0
A,R02,training,26,469,0,0.0,0.0,0.0,0.0
A,R02,training,26,470,0,0.0,0.0,0.0,0.0
A,R02,training,26,471,0,0.0,0.0,0.0,0.0
A,R02,training,26,472,0,0.0,0.0,0.0,0.0
A,R02,training,26,473,0,0.0,0.0,0.0,0.0
A,R02,training,26,474,0,0.0,0.0,0.0,0.0
A,R02,training,26,475,0,0.0,0.0,0.0,0.0
A,R02,training,26,476,0,0.0,0.0,0.0,0.0
A,R02,training,26,477,0,0.0,0.0,0.0,0.0
A,R02,training,26,478,0,0.0,0.0,0.0,0.0
A,R02,training,26,479,0,0.0,0.0,0.0,0.0
A,R02,training,26,480,0,0.0,0.0,0.0,0.0
A,R02,training,26,481,0,0.0,0.0,0.0,0.0
A,R02,training,26,482,0,0.0,0.0,0.0,0.0
A,R02,training,26,483,0,0.0,0.0,0.0,0.0
A,R02,training,26,484,0,0.0,0.0,0.0,0.0
A,R02,training,26,485,0,0.0,0.0,0.0,0.0
A,R02,training,26,486,0,0.0,0.0,0.0,0.0
A,R02,training,26,487,0,0.0,0.0,0.0,0.0
A,R02,training,26,488,0,0.0,0.0,0.0,0.0
A,R02,training,26,489,0,0.0,0.0,0.0,0.0
A,R02,training,26,490,0,0.0,0.0,0.0,0.0
A,R02,training,26,491,0,0.0,0.0,0.0,0.0
A,R02,training,26,492,0,0.0,0.0,0.0,0.0
A,R02,training,26,493,0,0.0,0.0,0.0,0.0
A,R02,training,26,494,0,0.0,0.0,0.0,0.0
A,R02,training,26,495,0,0.0,0.0,0.0,0.0
A,R02,training,26,496,0,0.0,0.0,0.0,0.0
A,R02,training,26,497,0,0.0,0.0,0.0,0.0
A,R02,training,26,498,0,0.0,0.0,0.0,0.0
A,R02,training,26,499,0,0.0,0.0,0.0,0.0
A,R02,training,26,500,0,0.0,0.0,0.0,0.0
A,R02,training,26,501,0,0.0,0.0,0.0,0.0
A,R02,training,26,502,0,0.0,0.0,0.0,0.0
A,R02,training,26,503,0,0.0,0.0,0.0,0.0
A,R02,training,26,504,0,0.0,0.0,0.0,0.0
A,R02,training,26,505,0,0.0,0.0,0.0,0.0
A,R02,training,26,506,0,0.0,0.0,0.0,0.0
A,R02,training,26,507,0,0.0,0.0,0.0,0.0
A,R02,training,26,508,0,0.0,0.0,0.0,0.0
A,R02,training,26,509,0,0.0,0.0,0.0,0.0
A,R02,training,26,510,0,0.0,0.0,0.0,0.0
A,R02,training,26,511,0,0.0,0.0,0.0,0.0
A,R02,training,26,512,0,0.0,0.0,0.0,0.0
A,R02,training,26,513,0,0.0,0.0,0.0,0.0
A,R02,training,26,514,0,0.0,0.0,0.0,0.0
A,R02,training,26,515,0,0.0,0.0,0.0,0.0
A,R02,training,26,516,0,0.0,0.0,0.0,0.0
A,R02,training,26,517,0,0.0,0.0,0.0,0.0
A,R02,training,26,518,0,0.0,0.0,0.0,0.0
A,R02,training,26,519,0,0.0,0.0,0.0,0.0
A,R02,training,26,520,0,0.0,0.0,0.0,0.0
A,R02,training,26,521,0,0.0,0.0,0.0,0.0
A,R02,training,26,522,0,0.0,0.0,0.0,0.0
A,R02,training,26,523,0,0.0,0.0,0.0,0.0
A,R02,training,26,524,0,0.0,0.0,0.0,0.0
A,R02,training,26,525,0,0.0,0.0,0.0,0.0
A,R02,training,26,526,0,0.0,0.0,0.0,0.0
A,R02,training,26,527,0,0.0,0.0,0.0,0.0
A,R02,training,26,528,0,0.0,0.0,0.0,0.0
A,R02,training,26,529,0,0.0,0.0,0.0,0.0
A,R02,training,26,530,0,0.0,0.0,0.0,0.0
A,R02,training,26,531,0,0.0,0.0,0.0,0.0
A,R02,training,26,532,0,0.0,0.0,0.0,0.0
A,R02,training,26,533,0,0.0,0.0,0.0,0.0
A,R02,training,26,534,0,0.0,0.0,0.0,0.0
A,R02,training,26,535,0,0.0,0.0,0.0,0.0
A,R02,training,26,536,0,0.0,0.0,0.0,0.0
A,R02,training,26,537,0,0.0,0.0,0.0,0.0
A,R02,training,26,538,0,0.0,0.0,0.0,0.0
A,R02,training,26,539,0,0.0,0.0,0.0,0.0
A,R02,training,26,540,0,0.0,0.0,0.0,0.0
A,R02,training,26,541,0,0.0,0.0,0.0,0.0
A,R02,training,26,542,0,0.0,0.0,0.0,0.0
A,R02,training,26,543,0,0.0,0.0,0.0,0.0
A,R02,training,26,544,0,0.0,0.0,0.0,0.0
A,R02,training,26,545,0,0.0,0.0,0.0,0.0
A,R02,training,26,546,0,0.0,0.0,0.0,0.0
A,R02,training,26,547,0,0.0,0.0,0.0,0.0
A,R02,training,26,548,0,0.0,0.0,0.0,0.0
A,R02,training,26,549,0,0.0,0.0,0.0,0.0
A,R02,training,26,550,0,0.0,0.0,0.0,0.0
A,R02,training,26,551,0,0.0,0.0,0.0,0.0
A,R02,training,26,552,0,0.0,0.0,0.0,0.0
A,R02,training,26,553,0,0.0,0.0,0.0,0.0
A,R02,training,26,554,0,0.0,0.0,0.0,0.0
A,R02,training,26,555,0,0.0,0.0,0.0,0.0
A,R02,training,26,556,0,0.0,0.0,0.0,0.0
A,R02,training,26,557,0,0.0,0.0,0.0,0.0
A,R02,training,26,558,0,0.0,0.0,0.0,0.0
A,R02,training,26,559,0,0.0,0.0,0.0,0.0
A,R02,training,26,560,0,0.0,0.0,0.0,0.0
A,R02,training,26,561,0,0.0,0.0,0.0,0.0
A,R02,training,26,562,0,0.0,0.0,0.0,0.0
A,R02,training,26,563,0,0.0,0.0,0.0,0.0
A,R02,training,26,564,0,0.0,0.0,0.0,0.0
A,R02,training,26,565,0,0.0,0.0,0.0,0.0
A,R02,training,26,566,0,0.0,0.0,0.0,0.0
A,R02,training,26,567,0,0.0,0.0,0.0,0.0
A,R02,training,26,568,0,0.0,0.0,0.0,0.0
A,R02,training,26,569,0,0.0,0.0,0.0,0.0
A,R02,training,26,570,0,0.0,0.0,0.0,0.0
A,R02,training,26,571,0,0.0,0.0,0.0,0.0
A,R02,training,26,572,0,0.0,0.0,0.0,0.0
A,R02,training,26,573,0,0.0,0.0,0.0,0.0
B,R02,training,26,0,0,0.0,0.0,0.0,0.0
B,R02,training,26,1,0,0.0,0.0,0.0,0.0
B,R02,training,26,2,0,0.0,0.0,0.0,0.0
B,R02,training,26,3,0,0.0,0.0,0.0,0.0
B,R02,training,26,4,0,0.0,0.0,0.0,0.0
B,R02,training,26,5,0,0.0,0.0,0.0,0.0
B,R02,training,26,6,0,0.0,0.0,0.0,0.0
B,R02,training,26,7,0,0.0,0.0,0.0,0.0
B,R02,training,26,8,0,0.0,0.0,0.0,0.0
B,R02,training,26,9,0,0.0,0.0,0.0,0.0
B,R02,training,26,10,0,0.0,0.0,0.0,0.0
B,R02,training,26,11,0,0.0,0.0,0.0,0.0
B,R02,training,26,12,0,0.0,0.0,0.0,0.0
B,R02,training,26,13,0,0.0,0.0,0.0,0.0
B,R02,training,26,14,0,0.0,0.0,0.0,0.0
B,R02,training,26,15,0,0.0,0.0,0.0,0.0
B,R02,training,26,16,0,0.0,0.0,0.0,0.0
B,R02,training,26,17,0,0.0,0.0,0.0,0.0
B,R02,training,26,18,0,0.0,0.0,0.0,0.0
B,R02,training,26,19,0,0.0,0.0,0.0,0.0
B,R02,training,26,20,0,0.0,0.0,0.0,0.0
B,R02,training,26,21,0,0.0,0.0,0.0,0.0
B,R02,training,26,22,0,0.0,0.0,0.0,0.0
B,R02,training,26,23,0,0.0,0.0,0.0,0.0
B,R02,training,26,24,0,0.0,0.0,0.0,0.0
B,R02,training,26,25,0,0.0,0.0,0.0,0.0
B,R02,training,26,26,0,0.0,0.0,0.0,0.0
B,R02,training,26,27,0,0.0,0.0,0.0,0.0
B,R02,training,26,28,0,0.0,0.0,0.0,0.0
B,R02,training,26,29,0,0.0,0.0,0.0,0.0
B,R02,training,26,30,0,0.0,0.0,0.0,0.0
B,R02,training,26,31,0,0.0,0.0,0.0,0.0
B,R02,training,26,32,0,0.0,0.0,0.0,0.0
B,R02,training,26,33,0,0.0,0.0,0.0,0.0
B,R02,training,26,34,0,0.0,0.0,0.0,0.0
B,R02,training,26,35,0,0.0,0.0,0.0,0.0
B,R02,training,26,36,0,0.0,0.0,0.0,0.0
B,R02,training,26,37,0,0.0,0.0,0.0,0.0
B,R02,training,26,38,0,0.0,0.0,0.0,0.0
B,R02,training,26,39,0,0.0,0.0,0.0,0.0
B,R02,training,26,40,0,0.0,0.0,0.0,0.0
B,R02,training,26,41,0,0.0,0.0,0.0,0.0
B,R02,training,26,42,0,0.0,0.0,0.0,0.0
B,R02,training,26,43,0,0.0,0.0,0.0,0.0
B,R02,training,26,44,0,0.0,0.0,0.0,0.0
B,R02,training,26,45,0,0.0,0.0,0.0,0.0
B,R02,training,26,46,0,0.0,0.0,0.0,0.0
B,R02,training,26,47,0,0.0,0.0,0.0,0.0
B,R02,training,26,48,0,0.0,0.0,0.0,0.0
B,R02,training,26,49,0,0.0,0.0,0.0,0.0
B,R02,training,26,50,0,0.0,0.0,0.0,0.0
B,R02,training,26,51,0,0.0,0.0,0.0,0.0
B,R02,training,26,52,0,0.0,0.0,0.0,0.0
B,R02,training,26,53,0,0.0,0.0,0.0,0.0
B,R02,training,26,54,0,0.0,0.0,0.0,0.0
B,R02,training,26,55,0,0.0,0.0,0.0,0.0
B,R02,training,26,56,0,0.0,0.0,0.0,0.0
B,R02,training,26,57,0,0.0,0.0,0.0,0.0
B,R02,training,26,58,0,0.0,0.0,0.0,0.0
B,R02,training,26,59,0,0.0,0.0,0.0,0.0
B,R02,training,26,60,0,0.0,0.0,0.0,0.0
B,R02,training,26,61,0,0.0,0.0,0.0,0.0
B,R02,training,26,62,0,0.0,0.0,0.0,0.0
B,R02,training,26,63,0,0.0,0.0,0.0,0.0
B,R02,training,26,64,0,0.0,0.0,0.0,0.0
B,R02,training,26,65,0,0.0,0.0,0.0,0.0
B,R02,training,26,66,0,0.0,0.0,0.0,0.0
B,R02,training,26,67,0,0.0,0.0,0.0,0.0
B,R02,training,26,68,0,0.0,0.0,0.0,0.0
B,R02,training,26,69,0,0.0,0.0,0.0,0.0
B,R02,training,26,70,0,0.0,0.0,0.0,0.0
B,R02,training,26,71,0,0.0,0.0,0.0,0.0
B,R02,training,26,72,0,0.0,0.0,0.0,0.0
B,R02,training,26,73,0,0.0,0.0,0.0,0.0
B,R02,training,26,74,0,0.0,0.0,0.0,0.0
B,R02,training,26,75,0,0.0,0.0,0.0,0.0
B,R02,training,26,76,0,0.0,0.0,0.0,0.0
B,R02,training,26,77,0,0.0,0.0,0.0,0.0
B,R02,training,26,78,0,0.0,0.0,0.0,0.0
B,R02,training,26,79,0,0.0,0.0,0.0,0.0
B,R02,training,26,80,0,0.0,0.0,0.0,0.0
B,R02,training,26,81,0,0.0,0.0,0.0,0.0
B,R02,training,26,82,0,0.0,0.0,0.0,0.0
B,R02,training,26,83,0,0.0,0.0,0.0,0.0
B,R02,training,26,84,0,0.0,0.0,0.0,0.0
B,R02,training,26,85,0,0.0,0.0,0.0,0.0
B,R02,training,26,86,0,0.0,0.0,0.0,0.0
B,R02,training,26,87,0,0.0,0.0,0.0,0.0
B,R02,training,26,88,0,0.0,0.0,0.0,0.0
B,R02,training,26,89,0,0.0,0.0,0.0,0.0
B,R02,training,26,90,0,0.0,0.0,0.0,0.0
B,R02,training,26,91,0,0.0,0.0,0.0,0.0
B,R02,training,26,92,0,0.0,0.0,0.0,0.0
B,R02,training,26,93,0,0.0,0.0,0.0,0.0
B,R02,training,26,94,0,0.0,0.0,0.0,0.0
B,R02,training,26,95,0,0.0,0.0,0.0,0.0
B,R02,training,26,96,0,0.0,0.0,0.0,0.0
B,R02,training,26,97,0,0.0,0.0,0.0,0.0
B,R02,training,26,98,0,0.0,0.0,0.0,0.0
B,R02,training,26,99,0,0.0,0.0,0.0,0.0
B,R02,training,26,100,0,0.0,0.0,0.0,0.0
B,R02,training,26,101,0,0.0,0.0,0.0,0.0
B,R02,training,26,102,0,0.0,0.0,0.0,0.0
B,R02,training,26,103,0,0.0,0.0,0.0,0.0
B,R02,training,26,104,0,0.0,0.0,0.0,0.0
B,R02,training,26,105,0,0.0,0.0,0.0,0.0
B,R02,training,26,106,0,0.0,0.0,0.0,0.0
B,R02,training,26,107,0,0.0,0.0,0.0,0.0
B,R02,training,26,108,0,0.0,0.0,0.0,0.0
B,R02,training,26,109,0,0.0,0.0,0.0,0.0
B,R02,training,26,110,0,0.0,0.0,0.0,0.0
B,R02,training,26,111,0,0.0,0.0,0.0,0.0
B,R02,training,26,112,0,0.0,0.0,0.0,0.0
B,R02,training,26,113,0,0.0,0.0,0.0,0.0
B,R02,training,26,114,0,0.0,0.0,0.0,0.0
B,R02,training,26,115,0,0.0,0.0,0.0,0.0
B,R02,training,26,116,0,0.0,0.0,0.0,0.0
B,R02,training,26,117,0,0.0,0.0,0.0,0.0
B,R02,training,26,118,0,0.0,0.0,0.0,0.0
B,R02,training,26,119,0,0.0,0.0,0.0,0.0
B,R02,training,26,120,0,0.0,0.0,0.0,0.0
B,R02,training,26,121,0,0.0,0.0,0.0,0.0
B,R02,training,26,122,0,0.0,0.0,0.0,0.0
B,R02,training,26,123,0,0.0,0.0,0.0,0.0
B,R02,training,26,124,0,0.0,0.0,0.0,0.0
B,R02,training,26,125,0,0.0,0.0,0.0,0.0
B,R02,training,26,126,0,0.0,0.0,0.0,0.0
B,R02,training,26,127,0,0.0,0.0,0.0,0.0
B,R02,training,26,128,0,0.0,0.0,0.0,0.0
B,R02,training,26,129,0,0.0,0.0,0.0,0.0
B,R02,training,26,130,0,0.0,0.0,0.0,0.0
B,R02,training,26,131,0,0.0,0.0,0.0,0.0
B,R02,training,26,132,0,0.0,0.0,0.0,0.0
B,R02,training,26,133,0,0.0,0.0,0.0,0.0
B,R02,training,26,134,0,0.0,0.0,0.0,0.0
B,R02,training,26,135,0,0.0,0.0,0.0,0.0
B,R02,training,26,136,0,0.0,0.0,0.0,0.0
B,R02,training,26,137,0,0.0,0.0,0.0,0.0
B,R02,training,26,138,0,0.0,0.0,0.0,0.0
B,R02,training,26,139,0,0.0,0.0,0.0,0.0
B,R02,training,26,140,0,0.0,0.0,0.0,0.0
B,R02,training,26,141,0,0.0,0.0,0.0,0.0
B,R02,training,26,142,0,0.0,0.0,0.0,0.0
B,R02,training,26,143,0,0.0,0.0,0.0,0.0
B,R02,training,26,144,0,0.0,0.0,0.0,0.0
B,R02,training,26,145,0,0.0,0.0,0.0,0.0
B,R02,training,26,146,0,0.0,0.0,0.0,0.0
B,R02,training,26,147,0,0.0,0.0,0.0,0.0
B,R02,training,26,148,0,0.0,0.0,0.0,0.0
B,R02,training,26,149,0,0.0,0.0,0.0,0.0
B,R02,training,26,150,0,0.0,0.0,0.0,0.0
B,R02,training,26,151,0,0.0,0.0,0.0,0.0
B,R02,training,26,152,0,0.0,0.0,0.0,0.0
B,R02,training,26,153,0,0.0,0.0,0.0,0.0
B,R02,training,26,154,0,0.0,0.0,0.0,0.0
B,R02,training,26,155,0,0.0,0.0,0.0,0.0
B,R02,training,26,156,0,0.0,0.0,0.0,0.0
B,R02,training,26,157,0,0.0,0.0,0.0,0.0
B,R02,training,26,158,0,0.0,0.0,0.0,0.0
B,R02,training,26,159,0,0.0,0.0,0.0,0.0
B,R02,training,26,160,0,0.0,0.0,0.0,0.0
B,R02,training,26,161,0,0.0,0.0,0.0,0.0
B,R02,training,26,162,0,0.0,0.0,0.0,0.0
B,R02,training,26,163,0,0.0,0.0,0.0,0.0
B,R02,training,26,164,0,0.0,0.0,0.0,0.0
B,R02,training,26,165,0,0.0,0.0,0.0,0.0
B,R02,training,26,166,0,0.0,0.0,0.0,0.0
B,R02,training,26,167,0,0.0,0.0,0.0,0.0
B,R02,training,26,168,0,0.0,0.0,0.0,0.0
B,R02,training,26,169,0,0.0,0.0,0.0,0.0
B,R02,training,26,170,0,0.0,0.0,0.0,0.0
B,R02,training,26,171,0,0.0,0.0,0.0,0.0
B,R02,training,26,172,0,0.0,0.0,0.0,0.0
B,R02,training,26,173,0,0.0,0.0,0.0,0.0
B,R02,training,26,174,0,0.0,0.0,0.0,0.0
B,R02,training,26,175,0,0.0,0.0,0.0,0.0
B,R02,training,26,176,0,0.0,0.0,0.0,0.0
B,R02,training,26,177,0,0.0,0.0,0.0,0.0
B,R02,training,26,178,0,0.0,0.0,0.0,0.0
B,R02,training,26,179,0,0.0,0.0,0.0,0.0
B,R02,training,26,180,0,0.0,0.0,0.0,0.0
B,R02,training,26,181,0,0.0,0.0,0.0,0.0
B,R02,training,26,182,0,0.0,0.0,0.0,0.0
B,R02,training,26,183,0,0.0,0.0,0.0,0.0
B,R02,training,26,184,0,0.0,0.0,0.0,0.0
B,R02,training,26,185,0,0.0,0.0,0.0,0.0
B,R02,training,26,186,0,0.0,0.0,0.0,0.0
B,R02,training,26,187,0,0.0,0.0,0.0,0.0
B,R02,training,26,188,0,0.0,0.0,0.0,0.0
B,R02,training,26,189,0,0.0,0.0,0.0,0.0
B,R02,training,26,190,0,0.0,0.0,0.0,0.0
B,R02,training,26,191,0,0.0,0.0,0.0,0.0
B,R02,training,26,192,0,0.0,0.0,0.0,0.0
B,R02,training,26,193,0,0.0,0.0,0.0,0.0
B,R02,training,26,194,0,0.0,0.0,0.0,0.0
B,R02,training,26,195,0,0.0,0.0,0.0,0.0
B,R02,training,26,196,0,0.0,0.0,0.0,0.0
B,R02,training,26,197,0,0.0,0.0,0.0,0.0
B,R02,training,26,198,0,0.0,0.0,0.0,0.0
B,R02,training,26,199,0,0.0,0.0,0.0,0.0
B,R02,training,26,200,0,0.0,0.0,0.0,0.0
B,R02,training,26,201,0,0.0,0.0,0.0,0.0
B,R02,training,26,202,0,0.0,0.0,0.0,0.0
B,R02,training,26,203,0,0.0,0.0,0.0,0.0
B,R02,training,26,204,0,0.0,0.0,0.0,0.0
B,R02,training,26,205,0,0.0,0.0,0.0,0.0
B,R02,training,26,206,0,0.0,0.0,0.0,0.0
B,R02,training,26,207,0,0.0,0.0,0.0,0.0
B,R02,training,26,208,0,0.0,0.0,0.0,0.0
B,R02,training,26,209,0,0.0,0.0,0.0,0.0
B,R02,training,26,210,0,0.0,0.0,0.0,0.0
B,R02,training,26,211,0,0.0,0.0,0.0,0.0
B,R02,training,26,212,0,0.0,0.0,0.0,0.0
B,R02,training,26,213,0,0.0,0.0,0.0,0.0
B,R02,training,26,214,0,0.0,0.0,0.0,0.0
B,R02,training,26,215,0,0.0,0.0,0.0,0.0
B,R02,training,26,216,0,0.0,0.0,0.0,0.0
B,R02,training,26,217,0,0.0,0.0,0.0,0.0
B,R02,training,26,218,0,0.0,0.0,0.0,0.0
B,R02,training,26,219,0,0.0,0.0,0.0,0.0
B,R02,training,26,220,0,0.0,0.0,0.0,0.0
B,R02,training,26,221,0,0.0,0.0,0.0,0.0
B,R02,training,26,222,0,0.0,0.0,0.0,0.0
B,R02,training,26,223,0,0.0,0.0,0.0,0.0
B,R02,training,26,224,0,0.0,0.0,0.0,0.0
B,R02,training,26,225,0,0.0,0.0,0.0,0.0
B,R02,training,26,226,0,0.0,0.0,0.0,0.0
B,R02,training,26,227,0,0.0,0.0,0.0,0.0
B,R02,training,26,228,0,0.0,0.0,0.0,0.0
B,R02,training,26,229,0,0.0,0.0,0.0,0.0
B,R02,training,26,230,0,0.0,0.0,0.0,0.0
B,R02,training,26,231,0,0.0,0.0,0.0,0.0
B,R02,training,26,232,0,0.0,0.0,0.0,0.0
B,R02,training,26,233,0,0.0,0.0,0.0,0.0
B,R02,training,26,234,0,0.0,0.0,0.0,0.0
B,R02,training,26,235,0,0.0,0.0,0.0,0.0
B,R02,training,26,236,0,0.0,0.0,0.0,0.0
B,R02,training,26,237,0,0.0,0.0,0.0,0.0
B,R02,training,26,238,0,0.0,0.0,0.0,0.0
B,R02,training,26,239,0,0.0,0.0,0.0,0.0
B,R02,training,26,240,0,0.0,0.0,0.0,0.0
B,R02,training,26,241,0,0.0,0.0,0.0,0.0
B,R02,training,26,242,0,0.0,0.0,0.0,0.0
B,R02,training,26,243,0,0.0,0.0,0.0,0.0
B,R02,training,26,244,0,0.0,0.0,0.0,0.0
B,R02,training,26,245,0,0.0,0.0,0.0,0.0
B,R02,training,26,246,0,0.0,0.0,0.0,0.0
B,R02,training,26,247,0,0.0,0.0,0.0,0.0
B,R02,training,26,248,0,0.0,0.0,0.0,0.0
B,R02,training,26,249,0,0.0,0.0,0.0,0.0
B,R02,training,26,250,0,0.0,0.0,0.0,0.0
B,R02,training,26,251,0,0.0,0.0,0.0,0.0
B,R02,training,26,252,0,0.0,0.0,0.0,0.0
B,R02,training,26,253,0,0.0,0.0,0.0,0.0
B,R02,training,26,254,0,0.0,0.0,0.0,0.0
B,R02,training,26,255,0,0.0,0.0,0.0,0.0
B,R02,training,26,256,0,0.0,0.0,0.0,0.0
B,R02,training,26,257,0,0.0,0.0,0.0,0.0
B,R02,training,26,258,0,0.0,0.0,0.0,0.0
B,R02,training,26,259,0,0.0,0.0,0.0,0.0
B,R02,training,26,260,0,0.0,0.0,0.0,0.0
B,R02,training,26,261,0,0.0,0.0,0.0,0.0
B,R02,training,26,262,0,0.0,0.0,0.0,0.0
B,R02,training,26,263,0,0.0,0.0,0.0,0.0
B,R02,training,26,264,0,0.0,0.0,0.0,0.0
B,R02,training,26,265,0,0.0,0.0,0.0,0.0
B,R02,training,26,266,0,0.0,0.0,0.0,0.0
B,R02,training,26,267,0,0.0,0.0,0.0,0.0
B,R02,training,26,268,0,0.0,0.0,0.0,0.0
B,R02,training,26,269,0,0.0,0.0,0.0,0.0
B,R02,training,26,270,0,0.0,0.0,0.0,0.0
B,R02,training,26,271,0,0.0,0.0,0.0,0.0
B,R02,training,26,272,0,0.0,0.0,0.0,0.0
B,R02,training,26,273,0,0.0,0.0,0.0,0.0
B,R02,training,26,274,0,0.0,0.0,0.0,0.0
B,R02,training,26,275,0,0.0,0.0,0.0,0.0
B,R02,training,26,276,0,0.0,0.0,0.0,0.0
B,R02,training,26,277,0,0.0,0.0,0.0,0.0
B,R02,training,26,278,0,0.0,0.0,0.0,0.0
B,R02,training,26,279,0,0.0,0.0,0.0,0.0
B,R02,training,26,280,0,0.0,0.0,0.0,0.0
B,R02,training,26,281,0,0.0,0.0,0.0,0.0
B,R02,training,26,282,0,0.0,0.0,0.0,0.0
B,R02,training,26,283,0,0.0,0.0,0.0,0.0
B,R02,training,26,284,0,0.0,0.0,0.0,0.0
B,R02,training,26,285,0,0.0,0.0,0.0,0.0
B,R02,training,26,286,0,0.0,0.0,0.0,0.0
B,R02,training,26,287,0,0.0,0.0,0.0,0.0
B,R02,training,26,288,0,0.0,0.0,0.0,0.0
B,R02,training,26,289,0,0.0,0.0,0.0,0.0
B,R02,training,26,290,0,0.0,0.0,0.0,0.0
B,R02,training,26,291,0,0.0,0.0,0.0,0.0
B,R02,training,26,292,0,0.0,0.0,0.0,0.0
B,R02,training,26,293,0,0.0,0.0,0.0,0.0
B,R02,training,26,294,0,0.0,0.0,0.0,0.0
B,R02,training,26,295,0,0.0,0.0,0.0,0.0
B,R02,training,26,296,0,0.0,0.0,0.0,0.0
B,R02,training,26,297,0,0.0,0.0,0.0,0.0
B,R02,training,26,298,0,0.0,0.0,0.0,0.0
B,R02,training,26,299,0,0.0,0.0,0.0,0.0
B,R02,training,26,300,0,0.0,0.0,0.0,0.0
B,R02,training,26,301,0,0.0,0.0,0.0,0.0
B,R02,training,26,302,0,0.0,0.0,0.0,0.0
B,R02,training,26,303,0,0.0,0.0,0.0,0.0
B,R02,training,26,304,0,0.0,0.0,0.0,0.0
B,R02,training,26,305,0,0.0,0.0,0.0,0.0
B,R02,training,26,306,0,0.0,0.0,0.0,0.0
B,R02,training,26,307,0,0.0,0.0,0.0,0.0
B,R02,training,26,308,0,0.0,0.0,0.0,0.0
B,R02,training,26,309,0,0.0,0.0,0.0,0.0
B,R02,training,26,310,0,0.0,0.0,0.0,0.0
B,R02,training,26,311,0,0.0,0.0,0.0,0.0
B,R02,training,26,312,0,0.0,0.0,0.0,0.0
B,R02,training,26,313,0,0.0,0.0,0.0,0.0
B,R02,training,26,314,0,0.0,0.0,0.0,0.0
B,R02,training,26,315,0,0.0,0.0,0.0,0.0
B,R02,training,26,316,0,0.0,0.0,0.0,0.0
B,R02,training,26,317,0,0.0,0.0,0.0,0.0
B,R02,training,26,318,0,0.0,0.0,0.0,0.0
B,R02,training,26,319,0,0.0,0.0,0.0,0.0
B,R02,training,26,320,0,0.0,0.0,0.0,0.0
B,R02,training,26,321,0,0.0,0.0,0.0,0.0
B,R02,training,26,322,0,0.0,0.0,0.0,0.0
B,R02,training,26,323,0,0.0,0.0,0.0,0.0
B,R02,training,26,324,0,0.0,0.0,0.0,0.0
B,R02,training,26,325,0,0.0,0.0,0.0,0.0
B,R02,training,26,326,0,0.0,0.0,0.0,0.0
B,R02,training,26,327,0,0.0,0.0,0.0,0.0
B,R02,training,26,328,0,0.0,0.0,0.0,0.0
B,R02,training,26,329,0,0.0,0.0,0.0,0.0
B,R02,training,26,330,0,0.0,0.0,0.0,0.0
B,R02,training,26,331,0,0.0,0.0,0.0,0.0
B,R02,training,26,332,0,0.0,0.0,0.0,0.0
B,R02,training,26,333,0,0.0,0.0,0.0,0.0
B,R02,training,26,334,0,0.0,0.0,0.0,0.0
B,R02,training,26,335,0,0.0,0.0,0.0,0.0
B,R02,training,26,336,0,0.0,0.0,0.0,0.0
B,R02,training,26,337,0,0.0,0.0,0.0,0.0
B,R02,training,26,338,0,0.0,0.0,0.0,0.0
B,R02,training,26,339,0,0.0,0.0,0.0,0.0
B,R02,training,26,340,0,0.0,0.0,0.0,0.0
B,R02,training,26,341,0,0.0,0.0,0.0,0.0
B,R02,training,26,342,0,0.0,0.0,0.0,0.0
B,R02,training,26,343,0,0.0,0.0,0.0,0.0
B,R02,training,26,344,0,0.0,0.0,0.0,0.0
B,R02,training,26,345,0,0.0,0.0,0.0,0.0
B,R02,training,26,346,0,0.0,0.0,0.0,0.0
B,R02,training,26,347,0,0.0,0.0,0.0,0.0
B,R02,training,26,348,0,0.0,0.0,0.0,0.0
B,R02,training,26,349,0,0.0,0.0,0.0,0.0
B,R02,training,26,350,0,0.0,0.0,0.0,0.0
B,R02,training,26,351,0,0.0,0.0,0.0,0.0
B,R02,training,26,352,0,0.0,0.0,0.0,0.0
B,R02,training,26,353,0,0.0,0.0,0.0,0.0
B,R02,training,26,354,0,0.0,0.0,0.0,0.0
B,R02,training,26,355,0,0.0,0.0,0.0,0.0
B,R02,training,26,356,0,0.0,0.0,0.0,0.0
B,R02,training,26,357,0,0.0,0.0,0.0,0.0
B,R02,training,26,358,0,0.0,0.0,0.0,0.0
B,R02,training,26,359,0,0.0,0.0,0.0,0.0
B,R02,training,26,360,0,0.0,0.0,0.0,0.0
B,R02,training,26,361,0,0.0,0.0,0.0,0.0
B,R02,training,26,362,0,0.0,0.0,0.0,0.0
B,R02,training,26,363,0,0.0,0.0,0.0,0.0
B,R02,training,26,364,0,0.0,0.0,0.0,0.0
B,R02,training,26,365,0,0.0,0.0,0.0,0.0
B,R02,training,26,366,0,0.0,0.0,0.0,0.0
B,R02,training,26,367,0,0.0,0.0,0.0,0.0
B,R02,training,26,368,0,0.0,0.0,0.0,0.0
B,R02,training,26,369,0,0.0,0.0,0.0,0.0
B,R02,training,26,370,0,0.0,0.0,0.0,0.0
B,R02,training,26,371,0,0.0,0.0,0.0,0.0
B,R02,training,26,372,0,0.0,0.0,0.0,0.0
B,R02,training,26,373,0,0.0,0.0,0.0,0.0
B,R02,training,26,374,0,0.0,0.0,0.0,0.0
B,R02,training,26,375,0,0.0,0.0,0.0,0.0
B,R02,training,26,376,0,0.0,0.0,0.0,0.0
B,R02,training,26,377,0,0.0,0.0,0.0,0.0
B,R02,training,26,378,0,0.0,0.0,0.0,0.0
B,R02,training,26,379,0,0.0,0.0,0.0,0.0
B,R02,training,26,380,0,0.0,0.0,0.0,0.0
B,R02,training,26,381,0,0.0,0.0,0.0,0.0
B,R02,training,26,382,0,0.0,0.0,0.0,0.0
B,R02,training,26,383,0,0.0,0.0,0.0,0.0
B,R02,training,26,384,0,0.0,0.0,0.0,0.0
B,R02,training,26,385,0,0.0,0.0,0.0,0.0
B,R02,training,26,386,0,0.0,0.0,0.0,0.0
B,R02,training,26,387,0,0.0,0.0,0.0,0.0
B,R02,training,26,388,0,0.0,0.0,0.0,0.0
B,R02,training,26,389,0,0.0,0.0,0.0,0.0
B,R02,training,26,390,0,0.0,0.0,0.0,0.0
B,R02,training,26,391,0,0.0,0.0,0.0,0.0
B,R02,training,26,392,0,0.0,0.0,0.0,0.0
B,R02,training,26,393,0,0.0,0.0,0.0,0.0
B,R02,training,26,394,0,0.0,0.0,0.0,0.0
B,R02,training,26,395,0,0.0,0.0,0.0,0.0
B,R02,training,26,396,0,0.0,0.0,0.0,0.0
B,R02,training,26,397,0,0.0,0.0,0.0,0.0
B,R02,training,26,398,0,0.0,0.0,0.0,0.0
B,R02,training,26,399,0,0.0,0.0,0.0,0.0
B,R02,training,26,400,0,0.0,0.0,0.0,0.0
B,R02,training,26,401,0,0.0,0.0,0.0,0.0
B,R02,training,26,402,0,0.0,0.0,0.0,0.0
B,R02,training,26,403,0,0.0,0.0,0.0,0.0
B,R02,training,26,404,0,0.0,0.0,0.0,0.0
B,R02,training,26,405,0,0.0,0.0,0.0,0.0
B,R02,training,26,406,0,0.0,0.0,0.0,0.0
B,R02,training,26,407,0,0.0,0.0,0.0,0.0
B,R02,training,26,408,0,0.0,0.0,0.0,0.0
B,R02,training,26,409,0,0.0,0.0,0.0,0.0
B,R02,training,26,410,0,0.0,0.0,0.0,0.0
B,R02,training,26,411,0,0.0,0.0,0.0,0.0
B,R02,training,26,412,0,0.0,0.0,0.0,0.0
B,R02,training,26,413,0,0.0,0.0,0.0,0.0
B,R02,training,26,414,0,0.0,0.0,0.0,0.0
B,R02,training,26,415,0,0.0,0.0,0.0,0.0
B,R02,training,26,416,0,0.0,0.0,0.0,0.0
B,R02,training,26,417,0,0.0,0.0,0.0,0.0
B,R02,training,26,418,0,0.0,0.0,0.0,0.0
B,R02,training,26,419,0,0.0,0.0,0.0,0.0
B,R02,training,26,420,0,0.0,0.0,0.0,0.0
B,R02,training,26,421,0,0.0,0.0,0.0,0.0
B,R02,training,26,422,0,0.0,0.0,0.0,0.0
B,R02,training,26,423,0,0.0,0.0,0.0,0.0
B,R02,training,26,424,0,0.0,0.0,0.0,0.0
B,R02,training,26,425,0,0.0,0.0,0.0,0.0
B,R02,training,26,426,0,0.0,0.0,0.0,0.0
B,R02,training,26,427,0,0.0,0.0,0.0,0.0
B,R02,training,26,428,0,0.0,0.0,0.0,0.0
B,R02,training,26,429,0,0.0,0.0,0.0,0.0
B,R02,training,26,430,0,0.0,0.0,0.0,0.0
B,R02,training,26,431,0,0.0,0.0,0.0,0.0
B,R02,training,26,432,0,0.0,0.0,0.0,0.0
B,R02,training,26,433,0,0.0,0.0,0.0,0.0
B,R02,training,26,434,0,0.0,0.0,0.0,0.0
B,R02,training,26,435,0,0.0,0.0,0.0,0.0
B,R02,training,26,436,0,0.0,0.0,0.0,0.0
B,R02,training,26,437,0,0.0,0.0,0.0,0.0
B,R02,training,26,438,0,0.0,0.0,0.0,0.0
B,R02,training,26,439,0,0.0,0.0,0.0,0.0
B,R02,training,26,440,0,0.0,0.0,0.0,0.0
B,R02,training,26,441,0,0.0,0.0,0.0,0.0
B,R02,training,26,442,0,0.0,0.0,0.0,0.0
B,R02,training,26,443,0,0.0,0.0,0.0,0.0
B,R02,training,26,444,0,0.0,0.0,0.0,0.0
B,R02,training,26,445,0,0.0,0.0,0.0,0.0
B,R02,training,26,446,0,0.0,0.0,0.0,0.0
B,R02,training,26,447,0,0.0,0.0,0.0,0.0
B,R02,training,26,448,0,0.0,0.0,0.0,0.0
B,R02,training,26,449,0,0.0,0.0,0.0,0.0
B,R02,training,26,450,0,0.0,0.0,0.0,0.0
B,R02,training,26,451,0,0.0,0.0,0.0,0.0
B,R02,training,26,452,0,0.0,0.0,0.0,0.0
B,R02,training,26,453,0,0.0,0.0,0.0,0.0
B,R02,training,26,454,0,0.0,0.0,0.0,0.0
B,R02,training,26,455,0,0.0,0.0,0.0,0.0
B,R02,training,26,456,0,0.0,0.0,0.0,0.0
B,R02,training,26,457,0,0.0,0.0,0.0,0.0
B,R02,training,26,458,0,0.0,0.0,0.0,0.0
B,R02,training,26,459,0,0.0,0.0,0.0,0.0
B,R02,training,26,460,0,0.0,0.0,0.0,0.0
B,R02,training,26,461,0,0.0,0.0,0.0,0.0
B,R02,training,26,462,0,0.0,0.0,0.0,0.0
B,R02,training,26,463,0,0.0,0.0,0.0,0.0
B,R02,training,26,464,0,0.0,0.0,0.0,0.0
B,R02,training,26,465,0,0.0,0.0,0.0,0.0
B,R02,training,26,466,0,0.0,0.0,0.0,0.0
B,R02,training,26,467,0,0.0,0.0,0.0,0.0
B,R02,training,26,468,0,0.0,0.0,0.0,0.0
B,R02,training,26,469,0,0.0,0.0,0.0,0.0
B,R02,training,26,470,0,0.0,0.0,0.0,0.0
B,R02,training,26,471,0,0.0,0.0,0.0,0.0
B,R02,training,26,472,0,0.0,0.0,0.0,0.0
B,R02,training,26,473,0,0.0,0.0,0.0,0.0
B,R02,training,26,474,0,0.0,0.0,0.0,0.0
B,R02,training,26,475,0,0.0,0.0,0.0,0.0
B,R02,training,26,476,0,0.0,0.0,0.0,0.0
B,R02,training,26,477,0,0.0,0.0,0.0,0.0
B,R02,training,26,478,0,0.0,0.0,0.0,0.0
B,R02,training,26,479,0,0.0,0.0,0.0,0.0
B,R02,training,26,480,0,0.0,0.0,0.0,0.0
B,R02,training,26,481,0,0.0,0.0,0.0,0.0
B,R02,training,26,482,0,0.0,0.0,0.0,0.0
B,R02,training,26,483,0,0.0,0.0,0.0,0.0
B,R02,training,26,484,0,0.0,0.0,0.0,0.0
B,R02,training,26,485,0,0.0,0.0,0.0,0.0
B,R02,training,26,486,0,0.0,0.0,0.0,0.0
B,R02,training,26,487,0,0.0,0.0,0.0,0.0
B,R02,training,26,488,0,0.0,0.0,0.0,0.0
B,R02,training,26,489,0,0.0,0.0,0.0,0.0
B,R02,training,26,490,0,0.0,0.0,0.0,0.0
B,R02,training,26,491,0,0.0,0.0,0.0,0.0
B,R02,training,26,492,0,0.0,0.0,0.0,0.0
B,R02,training,26,493,0,0.0,0.0,0.0,0.0
B,R02,training,26,494,0,0.0,0.0,0.0,0.0
B,R02,training,26,495,0,0.0,0.0,0.0,0.0
B,R02,training,26,496,0,0.0,0.0,0.0,0.0
B,R02,training,26,497,0,0.0,0.0,0.0,0.0
B,R02,training,26,498,0,0.0,0.0,0.0,0.0
B,R02,training,26,499,0,0.0,0.0,0.0,0.0
B,R02,training,26,500,0,0.0,0.0,0.0,0.0
B,R02,training,26,501,0,0.0,0.0,0.0,0.0
B,R02,training,26,502,0,0.0,0.0,0.0,0.0
B,R02,training,26,503,0,0.0,0.0,0.0,0.0
B,R02,training,26,504,0,0.0,0.0,0.0,0.0
B,R02,training,26,505,0,0.0,0.0,0.0,0.0
B,R02,training,26,506,0,0.0,0.0,0.0,0.0
B,R02,training,26,507,0,0.0,0.0,0.0,0.0
B,R02,training,26,508,0,0.0,0.0,0.0,0.0
B,R02,training,26,509,0,0.0,0.0,0.0,0.0
B,R02,training,26,510,0,0.0,0.0,0.0,0.0
B,R02,training,26,511,0,0.0,0.0,0.0,0.0
B,R02,training,26,512,0,0.0,0.0,0.0,0.0
B,R02,training,26,513,0,0.0,0.0,0.0,0.0
B,R02,training,26,514,0,0.0,0.0,0.0,0.0
B,R02,training,26,515,0,0.0,0.0,0.0,0.0
B,R02,training,26,516,0,0.0,0.0,0.0,0.0
B,R02,training,26,517,0,0.0,0.0,0.0,0.0
B,R02,training,26,518,0,0.0,0.0,0.0,0.0
B,R02,training,26,519,0,0.0,0.0,0.0,0.0
B,R02,training,26,520,0,0.0,0.0,0.0,0.0
B,R02,training,26,521,0,0.0,0.0,0.0,0.0
B,R02,training,26,522,0,0.0,0.0,0.0,0.0
B,R02,training,26,523,0,0.0,0.0,0.0,0.0
B,R02,training,26,524,0,0.0,0.0,0.0,0.0
B,R02,training,26,525,0,0.0,0.0,0.0,0.0
B,R02,training,26,526,0,0.0,0.0,0.0,0.0
B,R02,training,26,527,0,0.0,0.0,0.0,0.0
B,R02,training,26,528,0,0.0,0.0,0.0,0.0
B,R02,training,26,529,0,0.0,0.0,0.0,0.0
B,R02,training,26,530,0,0.0,0.0,0.0,0.0
B,R02,training,26,531,0,0.0,0.0,0.0,0.0
B,R02,training,26,532,0,0.0,0.0,0.0,0.0
B,R02,training,26,533,0,0.0,0.0,0.0,0.0
B,R02,training,26,534,0,0.0,0.0,0.0,0.0
B,R02,training,26,535,0,0.0,0.0,0.0,0.0
B,R02,training,26,536,0,0.0,0.0,0.0,0.0
B,R02,training,26,537,0,0.0,0.0,0.0,0.0
B,R02,training,26,538,0,0.0,0.0,0.0,0.0
B,R02,training,26,539,0,0.0,0.0,0.0,0.0
B,R02,training,26,540,0,0.0,0.0,0.0,0.0
B,R02,training,26,541,0,0.0,0.0,0.0,0.0
B,R02,training,26,542,0,0.0,0.0,0.0,0.0
B,R02,training,26,543,0,0.0,0.0,0.0,0.0
B,R02,training,26,544,0,0.0,0.0,0.0,0.0
B,R02,training,26,545,0,0.0,0.0,0.0,0.0
B,R02,training,26,546,0,0.0,0.0,0.0,0.0
B,R02,training,26,547,0,0.0,0.0,0.0,0.0
B,R02,training,26,548,0,0.0,0.0,0.0,0.0
B,R02,training,26,549,0,0.0,0.0,0.0,0.0
B,R02,training,26,550,0,0.0,0.0,0.0,0.0
B,R02,training,26,551,0,0.0,0.0,0.0,0.0
B,R02,training,26,552,0,0.0,0.0,0.0,0.0
B,R02,training,26,553,0,0.0,0.0,0.0,0.0
B,R02,training,26,554,0,0.0,0.0,0.0,0.0
B,R02,training,26,555,0,0.0,0.0,0.0,0.0
B,R02,training,26,556,0,0.0,0.0,0.0,0.0
B,R02,training,26,557,0,0.0,0.0,0.0,0.0
B,R02,training,26,558,0,0.0,0.0,0.0,0.0
B,R02,training,26,559,0,0.0,0.0,0.0,0.0
B,R02,training,26,560,0,0.0,0.0,0.0,0.0
B,R02,training,26,561,0,0.0,0.0,0.0,0.0
B,R02,training,26,562,0,0.0,0.0,0.0,0.0
B,R02,training,26,563,0,0.0,0.0,0.0,0.0
B,R02,training,26,564,0,0.0,0.0,0.0,0.0
B,R02,training,26,565,0,0.0,0.0,0.0,0.0
B,R02,training,26,566,0,0.0,0.0,0.0,0.0
B,R02,training,26,567,0,0.0,0.0,0.0,0.0
B,R02,training,26,568,0,0.0,0.0,0.0,0.0
B,R02,training,26,569,0,0.0,0.0,0.0,0.0
B,R02,training,26,570,0,0.0,0.0,0.0,0.0
B,R02,training,26,571,0,0.0,0.0,0.0,0.0
B,R02,training,26,572,0,0.0,0.0,0.0,0.0
B,R02,training,26,573,0,0.0,0.0,0.0,0.0
C,R02,training,26,0,0,0.0,0.0,0.0,0.0
C,R02,training,26,1,0,0.0,0.0,0.0,0.0
C,R02,training,26,2,0,0.0,0.0,0.0,0.0
C,R02,training,26,3,0,0.0,0.0,0.0,0.0
C,R02,training,26,4,0,0.0,0.0,0.0,0.0
C,R02,training,26,5,0,0.0,0.0,0.0,0.0
C,R02,training,26,6,0,0.0,0.0,0.0,0.0
C,R02,training,26,7,0,0.0,0.0,0.0,0.0
C,R02,training,26,8,0,0.0,0.0,0.0,0.0
C,R02,training,26,9,0,0.0,0.0,0.0,0.0
C,R02,training,26,10,0,0.0,0.0,0.0,0.0
C,R02,training,26,11,0,0.0,0.0,0.0,0.0
C,R02,training,26,12,0,0.0,0.0,0.0,0.0
C,R02,training,26,13,0,0.0,0.0,0.0,0.0
C,R02,training,26,14,0,0.0,0.0,0.0,0.0
C,R02,training,26,15,0,0.0,0.0,0.0,0.0
C,R02,training,26,16,0,0.0,0.0,0.0,0.0
C,R02,training,26,17,0,0.0,0.0,0.0,0.0
C,R02,training,26,18,0,0.0,0.0,0.0,0.0
C,R02,training,26,19,0,0.0,0.0,0.0,0.0
C,R02,training,26,20,0,0.0,0.0,0.0,0.0
C,R02,training,26,21,0,0.0,0.0,0.0,0.0
C,R02,training,26,22,0,0.0,0.0,0.0,0.0
C,R02,training,26,23,0,0.0,0.0,0.0,0.0
C,R02,training,26,24,0,0.0,0.0,0.0,0.0
C,R02,training,26,25,0,0.0,0.0,0.0,0.0
C,R02,training,26,26,0,0.0,0.0,0.0,0.0
C,R02,training,26,27,0,0.0,0.0,0.0,0.0
C,R02,training,26,28,0,0.0,0.0,0.0,0.0
C,R02,training,26,29,0,0.0,0.0,0.0,0.0
C,R02,training,26,30,0,0.0,0.0,0.0,0.0
C,R02,training,26,31,0,0.0,0.0,0.0,0.0
C,R02,training,26,32,0,0.0,0.0,0.0,0.0
C,R02,training,26,33,0,0.0,0.0,0.0,0.0
C,R02,training,26,34,0,0.0,0.0,0.0,0.0
C,R02,training,26,35,0,0.0,0.0,0.0,0.0
C,R02,training,26,36,0,0.0,0.0,0.0,0.0
C,R02,training,26,37,0,0.0,0.0,0.0,0.0
C,R02,training,26,38,0,0.0,0.0,0.0,0.0
C,R02,training,26,39,0,0.0,0.0,0.0,0.0
C,R02,training,26,40,0,0.0,0.0,0.0,0.0
C,R02,training,26,41,0,0.0,0.0,0.0,0.0
C,R02,training,26,42,0,0.0,0.0,0.0,0.0
C,R02,training,26,43,0,0.0,0.0,0.0,0.0
C,R02,training,26,44,0,0.0,0.0,0.0,0.0
C,R02,training,26,45,0,0.0,0.0,0.0,0.0
C,R02,training,26,46,0,0.0,0.0,0.0,0.0
C,R02,training,26,47,0,0.0,0.0,0.0,0.0
C,R02,training,26,48,0,0.0,0.0,0.0,0.0
C,R02,training,26,49,0,0.0,0.0,0.0,0.0
C,R02,training,26,50,0,0.0,0.0,0.0,0.0
C,R02,training,26,51,0,0.0,0.0,0.0,0.0
C,R02,training,26,52,0,0.0,0.0,0.0,0.0
C,R02,training,26,53,0,0.0,0.0,0.0,0.0
C,R02,training,26,54,0,0.0,0.0,0.0,0.0
C,R02,training,26,55,0,0.0,0.0,0.0,0.0
C,R02,training,26,56,0,0.0,0.0,0.0,0.0
C,R02,training,26,57,0,0.0,0.0,0.0,0.0
C,R02,training,26,58,0,0.0,0.0,0.0,0.0
C,R02,training,26,59,0,0.0,0.0,0.0,0.0
C,R02,training,26,60,0,0.0,0.0,0.0,0.0
C,R02,training,26,61,0,0.0,0.0,0.0,0.0
C,R02,training,26,62,0,0.0,0.0,0.0,0.0
C,R02,training,26,63,0,0.0,0.0,0.0,0.0
C,R02,training,26,64,0,0.0,0.0,0.0,0.0
C,R02,training,26,65,0,0.0,0.0,0.0,0.0
C,R02,training,26,66,0,0.0,0.0,0.0,0.0
C,R02,training,26,67,0,0.0,0.0,0.0,0.0
C,R02,training,26,68,0,0.0,0.0,0.0,0.0
C,R02,training,26,69,0,0.0,0.0,0.0,0.0
C,R02,training,26,70,0,0.0,0.0,0.0,0.0
C,R02,training,26,71,0,0.0,0.0,0.0,0.0
C,R02,training,26,72,0,0.0,0.0,0.0,0.0
C,R02,training,26,73,0,0.0,0.0,0.0,0.0
C,R02,training,26,74,0,0.0,0.0,0.0,0.0
C,R02,training,26,75,0,0.0,0.0,0.0,0.0
C,R02,training,26,76,0,0.0,0.0,0.0,0.0
C,R02,training,26,77,0,0.0,0.0,0.0,0.0
C,R02,training,26,78,0,0.0,0.0,0.0,0.0
C,R02,training,26,79,0,0.0,0.0,0.0,0.0
C,R02,training,26,80,0,0.0,0.0,0.0,0.0
C,R02,training,26,81,0,0.0,0.0,0.0,0.0
C,R02,training,26,82,0,0.0,0.0,0.0,0.0
C,R02,training,26,83,0,0.0,0.0,0.0,0.0
C,R02,training,26,84,0,0.0,0.0,0.0,0.0
C,R02,training,26,85,0,0.0,0.0,0.0,0.0
C,R02,training,26,86,0,0.0,0.0,0.0,0.0
C,R02,training,26,87,0,0.0,0.0,0.0,0.0
C,R02,training,26,88,0,0.0,0.0,0.0,0.0
C,R02,training,26,89,0,0.0,0.0,0.0,0.0
C,R02,training,26,90,0,0.0,0.0,0.0,0.0
C,R02,training,26,91,0,0.0,0.0,0.0,0.0
C,R02,training,26,92,0,0.0,0.0,0.0,0.0
C,R02,training,26,93,0,0.0,0.0,0.0,0.0
C,R02,training,26,94,0,0.0,0.0,0.0,0.0
C,R02,training,26,95,0,0.0,0.0,0.0,0.0
C,R02,training,26,96,0,0.0,0.0,0.0,0.0
C,R02,training,26,97,0,0.0,0.0,0.0,0.0
C,R02,training,26,98,0,0.0,0.0,0.0,0.0
C,R02,training,26,99,0,0.0,0.0,0.0,0.0
C,R02,training,26,100,0,0.0,0.0,0.0,0.0
C,R02,training,26,101,0,0.0,0.0,0.0,0.0
C,R02,training,26,102,0,0.0,0.0,0.0,0.0
C,R02,training,26,103,0,0.0,0.0,0.0,0.0
C,R02,training,26,104,0,0.0,0.0,0.0,0.0
C,R02,training,26,105,0,0.0,0.0,0.0,0.0
C,R02,training,26,106,0,0.0,0.0,0.0,0.0
C,R02,training,26,107,0,0.0,0.0,0.0,0.0
C,R02,training,26,108,0,0.0,0.0,0.0,0.0
C,R02,training,26,109,0,0.0,0.0,0.0,0.0
C,R02,training,26,110,0,0.0,0.0,0.0,0.0
C,R02,training,26,111,0,0.0,0.0,0.0,0.0
C,R02,training,26,112,0,0.0,0.0,0.0,0.0
C,R02,training,26,113,0,0.0,0.0,0.0,0.0
C,R02,training,26,114,0,0.0,0.0,0.0,0.0
C,R02,training,26,115,0,0.0,0.0,0.0,0.0
C,R02,training,26,116,0,0.0,0.0,0.0,0.0
C,R02,training,26,117,0,0.0,0.0,0.0,0.0
C,R02,training,26,118,0,0.0,0.0,0.0,0.0
C,R02,training,26,119,0,0.0,0.0,0.0,0.0
C,R02,training,26,120,0,0.0,0.0,0.0,0.0
C,R02,training,26,121,0,0.0,0.0,0.0,0.0
C,R02,training,26,122,0,0.0,0.0,0.0,0.0
C,R02,training,26,123,0,0.0,0.0,0.0,0.0
C,R02,training,26,124,0,0.0,0.0,0.0,0.0
C,R02,training,26,125,0,0.0,0.0,0.0,0.0
C,R02,training,26,126,0,0.0,0.0,0.0,0.0
C,R02,training,26,127,0,0.0,0.0,0.0,0.0
C,R02,training,26,128,0,0.0,0.0,0.0,0.0
C,R02,training,26,129,0,0.0,0.0,0.0,0.0
C,R02,training,26,130,0,0.0,0.0,0.0,0.0
C,R02,training,26,131,0,0.0,0.0,0.0,0.0
C,R02,training,26,132,0,0.0,0.0,0.0,0.0
C,R02,training,26,133,0,0.0,0.0,0.0,0.0
C,R02,training,26,134,0,0.0,0.0,0.0,0.0
C,R02,training,26,135,0,0.0,0.0,0.0,0.0
C,R02,training,26,136,0,0.0,0.0,0.0,0.0
C,R02,training,26,137,0,0.0,0.0,0.0,0.0
C,R02,training,26,138,0,0.0,0.0,0.0,0.0
C,R02,training,26,139,0,0.0,0.0,0.0,0.0
C,R02,training,26,140,0,0.0,0.0,0.0,0.0
C,R02,training,26,141,0,0.0,0.0,0.0,0.0
C,R02,training,26,142,0,0.0,0.0,0.0,0.0
C,R02,training,26,143,0,0.0,0.0,0.0,0.0
C,R02,training,26,144,0,0.0,0.0,0.0,0.0
C,R02,training,26,145,0,0.0,0.0,0.0,0.0
C,R02,training,26,146,0,0.0,0.0,0.0,0.0
C,R02,training,26,147,0,0.0,0.0,0.0,0.0
C,R02,training,26,148,0,0.0,0.0,0.0,0.0
C,R02,training,26,149,0,0.0,0.0,0.0,0.0
C,R02,training,26,150,0,0.0,0.0,0.0,0.0
C,R02,training,26,151,0,0.0,0.0,0.0,0.0
C,R02,training,26,152,0,0.0,0.0,0.0,0.0
C,R02,training,26,153,0,0.0,0.0,0.0,0.0
C,R02,training,26,154,0,0.0,0.0,0.0,0.0
C,R02,training,26,155,0,0.0,0.0,0.0,0.0
C,R02,training,26,156,0,0.0,0.0,0.0,0.0
C,R02,training,26,157,0,0.0,0.0,0.0,0.0
C,R02,training,26,158,0,0.0,0.0,0.0,0.0
C,R02,training,26,159,0,0.0,0.0,0.0,0.0
C,R02,training,26,160,0,0.0,0.0,0.0,0.0
C,R02,training,26,161,0,0.0,0.0,0.0,0.0
C,R02,training,26,162,0,0.0,0.0,0.0,0.0
C,R02,training,26,163,0,0.0,0.0,0.0,0.0
C,R02,training,26,164,0,0.0,0.0,0.0,0.0
C,R02,training,26,165,0,0.0,0.0,0.0,0.0
C,R02,training,26,166,0,0.0,0.0,0.0,0.0
C,R02,training,26,167,0,0.0,0.0,0.0,0.0
C,R02,training,26,168,0,0.0,0.0,0.0,0.0
C,R02,training,26,169,0,0.0,0.0,0.0,0.0
C,R02,training,26,170,0,0.0,0.0,0.0,0.0
C,R02,training,26,171,0,0.0,0.0,0.0,0.0
C,R02,training,26,172,0,0.0,0.0,0.0,0.0
C,R02,training,26,173,0,0.0,0.0,0.0,0.0
C,R02,training,26,174,0,0.0,0.0,0.0,0.0
C,R02,training,26,175,0,0.0,0.0,0.0,0.0
C,R02,training,26,176,0,0.0,0.0,0.0,0.0
C,R02,training,26,177,0,0.0,0.0,0.0,0.0
C,R02,training,26,178,0,0.0,0.0,0.0,0.0
C,R02,training,26,179,0,0.0,0.0,0.0,0.0
C,R02,training,26,180,0,0.0,0.0,0.0,0.0
C,R02,training,26,181,0,0.0,0.0,0.0,0.0
C,R02,training,26,182,0,0.0,0.0,0.0,0.0
C,R02,training,26,183,0,0.0,0.0,0.0,0.0
C,R02,training,26,184,0,0.0,0.0,0.0,0.0
C,R02,training,26,185,0,0.0,0.0,0.0,0.0
C,R02,training,26,186,0,0.0,0.0,0.0,0.0
C,R02,training,26,187,0,0.0,0.0,0.0,0.0
C,R02,training,26,188,0,0.0,0.0,0.0,0.0
C,R02,training,26,189,0,0.0,0.0,0.0,0.0
C,R02,training,26,190,0,0.0,0.0,0.0,0.0
C,R02,training,26,191,0,0.0,0.0,0.0,0.0
C,R02,training,26,192,0,0.0,0.0,0.0,0.0
C,R02,training,26,193,0,0.0,0.0,0.0,0.0
C,R02,training,26,194,0,0.0,0.0,0.0,0.0
C,R02,training,26,195,0,0.0,0.0,0.0,0.0
C,R02,training,26,196,0,0.0,0.0,0.0,0.0
C,R02,training,26,197,0,0.0,0.0,0.0,0.0
C,R02,training,26,198,0,0.0,0.0,0.0,0.0
C,R02,training,26,199,0,0.0,0.0,0.0,0.0
C,R02,training,26,200,0,0.0,0.0,0.0,0.0
C,R02,training,26,201,0,0.0,0.0,0.0,0.0
C,R02,training,26,202,0,0.0,0.0,0.0,0.0
C,R02,training,26,203,0,0.0,0.0,0.0,0.0
C,R02,training,26,204,0,0.0,0.0,0.0,0.0
C,R02,training,26,205,0,0.0,0.0,0.0,0.0
C,R02,training,26,206,0,0.0,0.0,0.0,0.0
C,R02,training,26,207,0,0.0,0.0,0.0,0.0
C,R02,training,26,208,0,0.0,0.0,0.0,0.0
C,R02,training,26,209,0,0.0,0.0,0.0,0.0
C,R02,training,26,210,0,0.0,0.0,0.0,0.0
C,R02,training,26,211,0,0.0,0.0,0.0,0.0
C,R02,training,26,212,0,0.0,0.0,0.0,0.0
C,R02,training,26,213,0,0.0,0.0,0.0,0.0
C,R02,training,26,214,0,0.0,0.0,0.0,0.0
C,R02,training,26,215,0,0.0,0.0,0.0,0.0
C,R02,training,26,216,0,0.0,0.0,0.0,0.0
C,R02,training,26,217,0,0.0,0.0,0.0,0.0
C,R02,training,26,218,0,0.0,0.0,0.0,0.0
C,R02,training,26,219,0,0.0,0.0,0.0,0.0
C,R02,training,26,220,0,0.0,0.0,0.0,0.0
C,R02,training,26,221,0,0.0,0.0,0.0,0.0
C,R02,training,26,222,0,0.0,0.0,0.0,0.0
C,R02,training,26,223,0,0.0,0.0,0.0,0.0
C,R02,training,26,224,0,0.0,0.0,0.0,0.0
C,R02,training,26,225,0,0.0,0.0,0.0,0.0
C,R02,training,26,226,0,0.0,0.0,0.0,0.0
C,R02,training,26,227,0,0.0,0.0,0.0,0.0
C,R02,training,26,228,0,0.0,0.0,0.0,0.0
C,R02,training,26,229,0,0.0,0.0,0.0,0.0
C,R02,training,26,230,0,0.0,0.0,0.0,0.0
C,R02,training,26,231,0,0.0,0.0,0.0,0.0
C,R02,training,26,232,0,0.0,0.0,0.0,0.0
C,R02,training,26,233,0,0.0,0.0,0.0,0.0
C,R02,training,26,234,0,0.0,0.0,0.0,0.0
C,R02,training,26,235,0,0.0,0.0,0.0,0.0
C,R02,training,26,236,0,0.0,0.0,0.0,0.0
C,R02,training,26,237,0,0.0,0.0,0.0,0.0
C,R02,training,26,238,0,0.0,0.0,0.0,0.0
C,R02,training,26,239,0,0.0,0.0,0.0,0.0
C,R02,training,26,240,0,0.0,0.0,0.0,0.0
C,R02,training,26,241,0,0.0,0.0,0.0,0.0
C,R02,training,26,242,0,0.0,0.0,0.0,0.0
C,R02,training,26,243,0,0.0,0.0,0.0,0.0
C,R02,training,26,244,0,0.0,0.0,0.0,0.0
C,R02,training,26,245,0,0.0,0.0,0.0,0.0
C,R02,training,26,246,0,0.0,0.0,0.0,0.0
C,R02,training,26,247,0,0.0,0.0,0.0,0.0
C,R02,training,26,248,0,0.0,0.0,0.0,0.0
C,R02,training,26,249,0,0.0,0.0,0.0,0.0
C,R02,training,26,250,0,0.0,0.0,0.0,0.0
C,R02,training,26,251,0,0.0,0.0,0.0,0.0
C,R02,training,26,252,0,0.0,0.0,0.0,0.0
C,R02,training,26,253,0,0.0,0.0,0.0,0.0
C,R02,training,26,254,0,0.0,0.0,0.0,0.0
C,R02,training,26,255,0,0.0,0.0,0.0,0.0
C,R02,training,26,256,0,0.0,0.0,0.0,0.0
C,R02,training,26,257,0,0.0,0.0,0.0,0.0
C,R02,training,26,258,0,0.0,0.0,0.0,0.0
C,R02,training,26,259,0,0.0,0.0,0.0,0.0
C,R02,training,26,260,0,0.0,0.0,0.0,0.0
C,R02,training,26,261,0,0.0,0.0,0.0,0.0
C,R02,training,26,262,0,0.0,0.0,0.0,0.0
C,R02,training,26,263,0,0.0,0.0,0.0,0.0
C,R02,training,26,264,0,0.0,0.0,0.0,0.0
C,R02,training,26,265,0,0.0,0.0,0.0,0.0
C,R02,training,26,266,0,0.0,0.0,0.0,0.0
C,R02,training,26,267,0,0.0,0.0,0.0,0.0
C,R02,training,26,268,0,0.0,0.0,0.0,0.0
C,R02,training,26,269,0,0.0,0.0,0.0,0.0
C,R02,training,26,270,0,0.0,0.0,0.0,0.0
C,R02,training,26,271,0,0.0,0.0,0.0,0.0
C,R02,training,26,272,0,0.0,0.0,0.0,0.0
C,R02,training,26,273,0,0.0,0.0,0.0,0.0
C,R02,training,26,274,0,0.0,0.0,0.0,0.0
C,R02,training,26,275,0,0.0,0.0,0.0,0.0
C,R02,training,26,276,0,0.0,0.0,0.0,0.0
C,R02,training,26,277,0,0.0,0.0,0.0,0.0
C,R02,training,26,278,0,0.0,0.0,0.0,0.0
C,R02,training,26,279,0,0.0,0.0,0.0,0.0
C,R02,training,26,280,0,0.0,0.0,0.0,0.0
C,R02,training,26,281,0,0.0,0.0,0.0,0.0
C,R02,training,26,282,0,0.0,0.0,0.0,0.0
C,R02,training,26,283,0,0.0,0.0,0.0,0.0
C,R02,training,26,284,0,0.0,0.0,0.0,0.0
C,R02,training,26,285,0,0.0,0.0,0.0,0.0
C,R02,training,26,286,0,0.0,0.0,0.0,0.0
C,R02,training,26,287,0,0.0,0.0,0.0,0.0
C,R02,training,26,288,0,0.0,0.0,0.0,0.0
C,R02,training,26,289,0,0.0,0.0,0.0,0.0
C,R02,training,26,290,0,0.0,0.0,0.0,0.0
C,R02,training,26,291,0,0.0,0.0,0.0,0.0
C,R02,training,26,292,0,0.0,0.0,0.0,0.0
C,R02,training,26,293,0,0.0,0.0,0.0,0.0
C,R02,training,26,294,0,0.0,0.0,0.0,0.0
C,R02,training,26,295,0,0.0,0.0,0.0,0.0
C,R02,training,26,296,0,0.0,0.0,0.0,0.0
C,R02,training,26,297,0,0.0,0.0,0.0,0.0
C,R02,training,26,298,0,0.0,0.0,0.0,0.0
C,R02,training,26,299,0,0.0,0.0,0.0,0.0
C,R02,training,26,300,0,0.0,0.0,0.0,0.0
C,R02,training,26,301,0,0.0,0.0,0.0,0.0
C,R02,training,26,302,0,0.0,0.0,0.0,0.0
C,R02,training,26,303,0,0.0,0.0,0.0,0.0
C,R02,training,26,304,0,0.0,0.0,0.0,0.0
C,R02,training,26,305,0,0.0,0.0,0.0,0.0
C,R02,training,26,306,0,0.0,0.0,0.0,0.0
C,R02,training,26,307,0,0.0,0.0,0.0,0.0
C,R02,training,26,308,0,0.0,0.0,0.0,0.0
C,R02,training,26,309,0,0.0,0.0,0.0,0.0
C,R02,training,26,310,0,0.0,0.0,0.0,0.0
C,R02,training,26,311,0,0.0,0.0,0.0,0.0
C,R02,training,26,312,0,0.0,0.0,0.0,0.0
C,R02,training,26,313,0,0.0,0.0,0.0,0.0
C,R02,training,26,314,0,0.0,0.0,0.0,0.0
C,R02,training,26,315,0,0.0,0.0,0.0,0.0
C,R02,training,26,316,0,0.0,0.0,0.0,0.0
C,R02,training,26,317,0,0.0,0.0,0.0,0.0
C,R02,training,26,318,0,0.0,0.0,0.0,0.0
C,R02,training,26,319,0,0.0,0.0,0.0,0.0
C,R02,training,26,320,0,0.0,0.0,0.0,0.0
C,R02,training,26,321,0,0.0,0.0,0.0,0.0
C,R02,training,26,322,0,0.0,0.0,0.0,0.0
C,R02,training,26,323,0,0.0,0.0,0.0,0.0
C,R02,training,26,324,0,0.0,0.0,0.0,0.0
C,R02,training,26,325,0,0.0,0.0,0.0,0.0
C,R02,training,26,326,0,0.0,0.0,0.0,0.0
C,R02,training,26,327,0,0.0,0.0,0.0,0.0
C,R02,training,26,328,0,0.0,0.0,0.0,0.0
C,R02,training,26,329,0,0.0,0.0,0.0,0.0
C,R02,training,26,330,0,0.0,0.0,0.0,0.0
C,R02,training,26,331,0,0.0,0.0,0.0,0.0
C,R02,training,26,332,0,0.0,0.0,0.0,0.0
C,R02,training,26,333,0,0.0,0.0,0.0,0.0
C,R02,training,26,334,0,0.0,0.0,0.0,0.0
C,R02,training,26,335,0,0.0,0.0,0.0,0.0
C,R02,training,26,336,0,0.0,0.0,0.0,0.0
C,R02,training,26,337,0,0.0,0.0,0.0,0.0
C,R02,training,26,338,0,0.0,0.0,0.0,0.0
C,R02,training,26,339,0,0.0,0.0,0.0,0.0
C,R02,training,26,340,0,0.0,0.0,0.0,0.0
C,R02,training,26,341,0,0.0,0.0,0.0,0.0
C,R02,training,26,342,0,0.0,0.0,0.0,0.0
C,R02,training,26,343,0,0.0,0.0,0.0,0.0
C,R02,training,26,344,0,0.0,0.0,0.0,0.0
C,R02,training,26,345,0,0.0,0.0,0.0,0.0
C,R02,training,26,346,0,0.0,0.0,0.0,0.0
C,R02,training,26,347,0,0.0,0.0,0.0,0.0
C,R02,training,26,348,0,0.0,0.0,0.0,0.0
C,R02,training,26,349,0,0.0,0.0,0.0,0.0
C,R02,training,26,350,0,0.0,0.0,0.0,0.0
C,R02,training,26,351,0,0.0,0.0,0.0,0.0
C,R02,training,26,352,0,0.0,0.0,0.0,0.0
C,R02,training,26,353,0,0.0,0.0,0.0,0.0
C,R02,training,26,354,0,0.0,0.0,0.0,0.0
C,R02,training,26,355,0,0.0,0.0,0.0,0.0
C,R02,training,26,356,0,0.0,0.0,0.0,0.0
C,R02,training,26,357,0,0.0,0.0,0.0,0.0
C,R02,training,26,358,0,0.0,0.0,0.0,0.0
C,R02,training,26,359,0,0.0,0.0,0.0,0.0
C,R02,training,26,360,0,0.0,0.0,0.0,0.0
C,R02,training,26,361,0,0.0,0.0,0.0,0.0
C,R02,training,26,362,0,0.0,0.0,0.0,0.0
C,R02,training,26,363,0,0.0,0.0,0.0,0.0
C,R02,training,26,364,0,0.0,0.0,0.0,0.0
C,R02,training,26,365,0,0.0,0.0,0.0,0.0
C,R02,training,26,366,0,0.0,0.0,0.0,0.0
C,R02,training,26,367,0,0.0,0.0,0.0,0.0
C,R02,training,26,368,0,0.0,0.0,0.0,0.0
C,R02,training,26,369,0,0.0,0.0,0.0,0.0
C,R02,training,26,370,0,0.0,0.0,0.0,0.0
C,R02,training,26,371,0,0.0,0.0,0.0,0.0
C,R02,training,26,372,0,0.0,0.0,0.0,0.0
C,R02,training,26,373,0,0.0,0.0,0.0,0.0
C,R02,training,26,374,0,0.0,0.0,0.0,0.0
C,R02,training,26,375,0,0.0,0.0,0.0,0.0
C,R02,training,26,376,0,0.0,0.0,0.0,0.0
C,R02,training,26,377,0,0.0,0.0,0.0,0.0
C,R02,training,26,378,0,0.0,0.0,0.0,0.0
C,R02,training,26,379,0,0.0,0.0,0.0,0.0
C,R02,training,26,380,0,0.0,0.0,0.0,0.0
C,R02,training,26,381,0,0.0,0.0,0.0,0.0
C,R02,training,26,382,0,0.0,0.0,0.0,0.0
C,R02,training,26,383,0,0.0,0.0,0.0,0.0
C,R02,training,26,384,0,0.0,0.0,0.0,0.0
C,R02,training,26,385,0,0.0,0.0,0.0,0.0
C,R02,training,26,386,0,0.0,0.0,0.0,0.0
C,R02,training,26,387,0,0.0,0.0,0.0,0.0
C,R02,training,26,388,0,0.0,0.0,0.0,0.0
C,R02,training,26,389,0,0.0,0.0,0.0,0.0
C,R02,training,26,390,0,0.0,0.0,0.0,0.0
C,R02,training,26,391,0,0.0,0.0,0.0,0.0
C,R02,training,26,392,0,0.0,0.0,0.0,0.0
C,R02,training,26,393,0,0.0,0.0,0.0,0.0
C,R02,training,26,394,0,0.0,0.0,0.0,0.0
C,R02,training,26,395,0,0.0,0.0,0.0,0.0
C,R02,training,26,396,0,0.0,0.0,0.0,0.0
C,R02,training,26,397,0,0.0,0.0,0.0,0.0
C,R02,training,26,398,0,0.0,0.0,0.0,0.0
C,R02,training,26,399,0,0.0,0.0,0.0,0.0
C,R02,training,26,400,0,0.0,0.0,0.0,0.0
C,R02,training,26,401,0,0.0,0.0,0.0,0.0
C,R02,training,26,402,0,0.0,0.0,0.0,0.0
C,R02,training,26,403,0,0.0,0.0,0.0,0.0
C,R02,training,26,404,0,0.0,0.0,0.0,0.0
C,R02,training,26,405,0,0.0,0.0,0.0,0.0
C,R02,training,26,406,0,0.0,0.0,0.0,0.0
C,R02,training,26,407,0,0.0,0.0,0.0,0.0
C,R02,training,26,408,0,0.0,0.0,0.0,0.0
C,R02,training,26,409,0,0.0,0.0,0.0,0.0
C,R02,training,26,410,0,0.0,0.0,0.0,0.0
C,R02,training,26,411,0,0.0,0.0,0.0,0.0
C,R02,training,26,412,0,0.0,0.0,0.0,0.0
C,R02,training,26,413,0,0.0,0.0,0.0,0.0
C,R02,training,26,414,0,0.0,0.0,0.0,0.0
C,R02,training,26,415,0,0.0,0.0,0.0,0.0
C,R02,training,26,416,0,0.0,0.0,0.0,0.0
C,R02,training,26,417,0,0.0,0.0,0.0,0.0
C,R02,training,26,418,0,0.0,0.0,0.0,0.0
C,R02,training,26,419,0,0.0,0.0,0.0,0.0
C,R02,training,26,420,0,0.0,0.0,0.0,0.0
C,R02,training,26,421,0,0.0,0.0,0.0,0.0
C,R02,training,26,422,0,0.0,0.0,0.0,0.0
C,R02,training,26,423,0,0.0,0.0,0.0,0.0
C,R02,training,26,424,0,0.0,0.0,0.0,0.0
C,R02,training,26,425,0,0.0,0.0,0.0,0.0
C,R02,training,26,426,0,0.0,0.0,0.0,0.0
C,R02,training,26,427,0,0.0,0.0,0.0,0.0
C,R02,training,26,428,0,0.0,0.0,0.0,0.0
C,R02,training,26,429,0,0.0,0.0,0.0,0.0
C,R02,training,26,430,0,0.0,0.0,0.0,0.0
C,R02,training,26,431,0,0.0,0.0,0.0,0.0
C,R02,training,26,432,0,0.0,0.0,0.0,0.0
C,R02,training,26,433,0,0.0,0.0,0.0,0.0
C,R02,training,26,434,0,0.0,0.0,0.0,0.0
C,R02,training,26,435,0,0.0,0.0,0.0,0.0
C,R02,training,26,436,0,0.0,0.0,0.0,0.0
C,R02,training,26,437,0,0.0,0.0,0.0,0.0
C,R02,training,26,438,0,0.0,0.0,0.0,0.0
C,R02,training,26,439,0,0.0,0.0,0.0,0.0
C,R02,training,26,440,0,0.0,0.0,0.0,0.0
C,R02,training,26,441,0,0.0,0.0,0.0,0.0
C,R02,training,26,442,0,0.0,0.0,0.0,0.0
C,R02,training,26,443,0,0.0,0.0,0.0,0.0
C,R02,training,26,444,0,0.0,0.0,0.0,0.0
C,R02,training,26,445,0,0.0,0.0,0.0,0.0
C,R02,training,26,446,0,0.0,0.0,0.0,0.0
C,R02,training,26,447,0,0.0,0.0,0.0,0.0
C,R02,training,26,448,0,0.0,0.0,0.0,0.0
C,R02,training,26,449,0,0.0,0.0,0.0,0.0
C,R02,training,26,450,0,0.0,0.0,0.0,0.0
C,R02,training,26,451,0,0.0,0.0,0.0,0.0
C,R02,training,26,452,0,0.0,0.0,0.0,0.0
C,R02,training,26,453,0,0.0,0.0,0.0,0.0
C,R02,training,26,454,0,0.0,0.0,0.0,0.0
C,R02,training,26,455,0,0.0,0.0,0.0,0.0
C,R02,training,26,456,0,0.0,0.0,0.0,0.0
C,R02,training,26,457,0,0.0,0.0,0.0,0.0
C,R02,training,26,458,0,0.0,0.0,0.0,0.0
C,R02,training,26,459,0,0.0,0.0,0.0,0.0
C,R02,training,26,460,0,0.0,0.0,0.0,0.0
C,R02,training,26,461,0,0.0,0.0,0.0,0.0
C,R02,training,26,462,0,0.0,0.0,0.0,0.0
C,R02,training,26,463,0,0.0,0.0,0.0,0.0
C,R02,training,26,464,0,0.0,0.0,0.0,0.0
C,R02,training,26,465,0,0.0,0.0,0.0,0.0
C,R02,training,26,466,0,0.0,0.0,0.0,0.0
C,R02,training,26,467,0,0.0,0.0,0.0,0.0
C,R02,training,26,468,0,0.0,0.0,0.0,0.0
C,R02,training,26,469,0,0.0,0.0,0.0,0.0
C,R02,training,26,470,0,0.0,0.0,0.0,0.0
C,R02,training,26,471,0,0.0,0.0,0.0,0.0
C,R02,training,26,472,0,0.0,0.0,0.0,0.0
C,R02,training,26,473,0,0.0,0.0,0.0,0.0
C,R02,training,26,474,0,0.0,0.0,0.0,0.0
C,R02,training,26,475,0,0.0,0.0,0.0,0.0
C,R02,training,26,476,0,0.0,0.0,0.0,0.0
C,R02,training,26,477,0,0.0,0.0,0.0,0.0
C,R02,training,26,478,0,0.0,0.0,0.0,0.0
C,R02,training,26,479,0,0.0,0.0,0.0,0.0
C,R02,training,26,480,0,0.0,0.0,0.0,0.0
C,R02,training,26,481,0,0.0,0.0,0.0,0.0
C,R02,training,26,482,0,0.0,0.0,0.0,0.0
C,R02,training,26,483,0,0.0,0.0,0.0,0.0
C,R02,training,26,484,0,0.0,0.0,0.0,0.0
C,R02,training,26,485,0,0.0,0.0,0.0,0.0
C,R02,training,26,486,0,0.0,0.0,0.0,0.0
C,R02,training,26,487,0,0.0,0.0,0.0,0.0
C,R02,training,26,488,0,0.0,0.0,0.0,0.0
C,R02,training,26,489,0,0.0,0.0,0.0,0.0
C,R02,training,26,490,0,0.0,0.0,0.0,0.0
C,R02,training,26,491,0,0.0,0.0,0.0,0.0
C,R02,training,26,492,0,0.0,0.0,0.0,0.0
C,R02,training,26,493,0,0.0,0.0,0.0,0.0
C,R02,training,26,494,0,0.0,0.0,0.0,0.0
C,R02,training,26,495,0,0.0,0.0,0.0,0.0
C,R02,training,26,496,0,0.0,0.0,0.0,0.0
C,R02,training,26,497,0,0.0,0.0,0.0,0.0
C,R02,training,26,498,0,0.0,0.0,0.0,0.0
C,R02,training,26,499,0,0.0,0.0,0.0,0.0
C,R02,training,26,500,0,0.0,0.0,0.0,0.0
C,R02,training,26,501,0,0.0,0.0,0.0,0.0
C,R02,training,26,502,0,0.0,0.0,0.0,0.0
C,R02,training,26,503,0,0.0,0.0,0.0,0.0
C,R02,training,26,504,0,0.0,0.0,0.0,0.0
C,R02,training,26,505,0,0.0,0.0,0.0,0.0
C,R02,training,26,506,0,0.0,0.0,0.0,0.0
C,R02,training,26,507,0,0.0,0.0,0.0,0.0
C,R02,training,26,508,0,0.0,0.0,0.0,0.0
C,R02,training,26,509,0,0.0,0.0,0.0,0.0
C,R02,training,26,510,0,0.0,0.0,0.0,0.0
C,R02,training,26,511,0,0.0,0.0,0.0,0.0
C,R02,training,26,512,0,0.0,0.0,0.0,0.0
C,R02,training,26,513,0,0.0,0.0,0.0,0.0
C,R02,training,26,514,0,0.0,0.0,0.0,0.0
C,R02,training,26,515,0,0.0,0.0,0.0,0.0
C,R02,training,26,516,0,0.0,0.0,0.0,0.0
C,R02,training,26,517,0,0.0,0.0,0.0,0.0
C,R02,training,26,518,0,0.0,0.0,0.0,0.0
C,R02,training,26,519,0,0.0,0.0,0.0,0.0
C,R02,training,26,520,0,0.0,0.0,0.0,0.0
C,R02,training,26,521,0,0.0,0.0,0.0,0.0
C,R02,training,26,522,0,0.0,0.0,0.0,0.0
C,R02,training,26,523,0,0.0,0.0,0.0,0.0
C,R02,training,26,524,0,0.0,0.0,0.0,0.0
C,R02,training,26,525,0,0.0,0.0,0.0,0.0
C,R02,training,26,526,0,0.0,0.0,0.0,0.0
C,R02,training,26,527,0,0.0,0.0,0.0,0.0
C,R02,training,26,528,0,0.0,0.0,0.0,0.0
C,R02,training,26,529,0,0.0,0.0,0.0,0.0
C,R02,training,26,530,0,0.0,0.0,0.0,0.0
C,R02,training,26,531,0,0.0,0.0,0.0,0.0
C,R02,training,26,532,0,0.0,0.0,0.0,0.0
C,R02,training,26,533,0,0.0,0.0,0.0,0.0
C,R02,training,26,534,0,0.0,0.0,0.0,0.0
C,R02,training,26,535,0,0.0,0.0,0.0,0.0
C,R02,training,26,536,0,0.0,0.0,0.0,0.0
C,R02,training,26,537,0,0.0,0.0,0.0,0.0
C,R02,training,26,538,0,0.0,0.0,0.0,0.0
C,R02,training,26,539,0,0.0,0.0,0.0,0.0
C,R02,training,26,540,0,0.0,0.0,0.0,0.0
C,R02,training,26,541,0,0.0,0.0,0.0,0.0
C,R02,training,26,542,0,0.0,0.0,0.0,0.0
C,R02,training,26,543,0,0.0,0.0,0.0,0.0
C,R02,training,26,544,0,0.0,0.0,0.0,0.0
C,R02,training,26,545,0,0.0,0.0,0.0,0.0
C,R02,training,26,546,0,0.0,0.0,0.0,0.0
C,R02,training,26,547,0,0.0,0.0,0.0,0.0
C,R02,training,26,548,0,0.0,0.0,0.0,0.0
C,R02,training,26,549,0,0.0,0.0,0.0,0.0
C,R02,training,26,550,0,0.0,0.0,0.0,0.0
C,R02,training,26,551,0,0.0,0.0,0.0,0.0
C,R02,training,26,552,0,0.0,0.0,0.0,0.0
C,R02,training,26,553,0,0.0,0.0,0.0,0.0
C,R02,training,26,554,0,0.0,0.0,0.0,0.0
C,R02,training,26,555,0,0.0,0.0,0.0,0.0
C,R02,training,26,556,0,0.0,0.0,0.0,0.0
C,R02,training,26,557,0,0.0,0.0,0.0,0.0
C,R02,training,26,558,0,0.0,0.0,0.0,0.0
C,R02,training,26,559,0,0.0,0.0,0.0,0.0
C,R02,training,26,560,0,0.0,0.0,0.0,0.0
C,R02,training,26,561,0,0.0,0.0,0.0,0.0
C,R02,training,26,562,0,0.0,0.0,0.0,0.0
C,R02,training,26,563,0,0.0,0.0,0.0,0.0
C,R02,training,26,564,0,0.0,0.0,0.0,0.0
C,R02,training,26,565,0,0.0,0.0,0.0,0.0
C,R02,training,26,566,0,0.0,0.0,0.0,0.0
C,R02,training,26,567,0,0.0,0.0,0.0,0.0
C,R02,training,26,568,0,0.0,0.0,0.0,0.0
C,R02,training,26,569,0,0.0,0.0,0.0,0.0
C,R02,training,26,570,0,0.0,0.0,0.0,0.0
C,R02,training,26,571,0,0.0,0.0,0.0,0.0
C,R02,training,26,572,0,0.0,0.0,0.0,0.0
C,R02,training,26,573,0,0.0,0.0,0.0,0.0
P1,R02,training,26,0,0,0.0,0.0,0.019020022513502294,0.011576422552261368
P1,R02,training,26,1,0,0.0,0.0,0.019020022513502294,0.011616617323688112
P1,R02,training,26,2,0,0.0,0.0,0.019020022513502294,0.011656810136091458
P1,R02,training,26,3,0,0.0,0.0,0.019020022513502294,0.011697000005090061
P1,R02,training,26,4,0,0.0,0.0,0.019020022513502294,0.011737185943010077
P1,R02,training,26,5,0,0.0,0.0,0.019020022513502294,0.011777366958921844
P1,R02,training,26,6,0,0.0,0.0,0.019020022513502294,0.011817542058676907
P1,R02,training,26,7,0,0.0,0.0,0.019020022513502294,0.011857710244945354
P1,R02,training,26,8,0,0.0,0.0,0.019020022513502294,0.01189787051725348
P1,R02,training,26,9,0,0.0,0.0,0.019020022513502294,0.01193802187202176
P1,R02,training,26,10,0,0.0,0.0,0.019020022513502294,0.011978163302603179
P1,R02,training,26,11,0,0.0,0.0,0.019020022513502294,0.012018293799321799
P1,R02,training,26,12,0,0.0,0.0,0.019020022513502294,0.012058412349511726
P1,R02,training,26,13,0,0.0,0.0,0.019020022513502294,0.01209851793755634
P1,R02,training,26,14,0,0.0,0.0,0.019020022513502294,0.012138609544927835
P1,R02,training,26,15,0,0.0,0.0,0.019020022513502294,0.012178686150227104
P1,R02,training,26,16,0,0.0,0.0,0.020297388669274486,0.01303934583875611
P1,R02,training,26,17,0,0.0,0.0,0.020297388669274486,0.01308207864854661
P1,R02,training,26,18,0,0.0,0.0,0.020297388669274486,0.013124792160799896
P1,R02,training,26,19,0,0.0,0.0,0.020297388669274486,0.013167485273696003
P1,R02,training,26,20,0,0.0,0.0,0.020297388669274486,0.013210156882568371
P1,R02,training,26,21,0,0.0,0.0,0.020297388669274486,0.013252805879948325
P1,R02,training,26,22,0,0.0,0.0,0.020297388669274486,0.013295431155609869
P1,R02,training,26,23,0,0.0,0.0,0.020297388669274486,0.01333803159661477
P1,R02,training,26,24,0,0.0,0.0,0.020297388669274486,0.013380606087357983
P1,R02,training,26,25,0,0.0,0.0,0.020297388669274486,0.013423153509613364
P1,R02,training,26,26,0,0.0,0.0,0.020297388669274486,0.01346567274257968
P1,R02,training,26,27,0,0.0,0.0,0.020297388669274486,0.013508162662926954
P1,R02,training,26,28,0,0.0,0.0,0.020297388669274486,0.013550622144843084
P1,R02,training,26,29,0,0.0,0.0,0.020297388669274486,0.013593050060080764
P1,R02,training,26,30,0,0.0,0.0,0.020297388669274486,0.013635445278004714
P1,R02,training,26,31,0,0.0,0.0,0.020297388669274486,0.013677806665639182
P1,R02,training,26,32,0,0.0,0.0,0.021445015500942684,0.014495877845924805
P1,R02,training,26,33,0,0.0,0.0,0.021445015500942684,0.014540559285561932
P1,R02,training,26,34,0,0.0,0.0,0.021445015500942684,0.014585201376689361
P1,R02,training,26,35,0,0.0,0.0,0.021445015500942684,0.014629802912889133
P1,R02,training,26,36,0,0.0,0.0,0.021445015500942684,0.014674362685526039
P1,R02,training,26,37,0,0.0,0.0,0.021445015500942684,0.014718879483799642
P1,R02,training,26,38,0,0.0,0.0,0.021445015500942684,0.01476335209479656
P1,R02,training,26,39,0,0.0,0.0,0.021445015500942684,0.014807779303543048
P1,R02,training,26,40,0,0.0,0.0,0.021445015500942684,0.014852159893057864
P1,R02,training,26,41,0,0.0,0.0,0.021445015500942684,0.014896492644405415
P1,R02,training,26,42,0,0.0,0.0,0.021445015500942684,0.014940776336749175
P1,R02,training,26,43,0,0.0,0.0,0.021445015500942684,0.014985009747405399
P1,R02,training,26,44,0,0.0,0.0,0.021445015500942684,0.015029191651897084
P1,R02,training,26,45,0,0.0,0.0,0.021445015500942684,0.015073320824008215
P1,R02,training,26,46,0,0.0,0.0,0.021445015500942684,0.015117396035838266
P1,R02,training,26,47,0,0.0,0.0,0.021445015500942684,0.01516141605785698
P1,R02,training,26,48,0,0.0,0.0,0.022432083670160332,0.015905250743760826
P1,R02,training,26,49,0,0.0,0.0,0.022432083670160332,0.015951177588126086
P1,R02,training,26,50,0,0.0,0.0,0.022432083670160332,0.015997042834390858
P1,R02,training,26,51,0,0.0,0.0,0.022432083670160332,0.016042845190191522
P1,R02,training,26,52,0,0.0,0.0,0.022432083670160332,0.016088583361750192
P1,R02,training,26,53,0,0.0,0.0,0.022432083670160332,0.016134256053933538
P1,R02,training,26,54,0,0.0,0.0,0.022432083670160332,0.01617986197031193
P1,R02,training,26,55,0,0.0,0.0,0.022432083670160332,0.016225399813218806
P1,R02,training,26,56,0,0.0,0.0,0.022432083670160332,0.016270868283810285
P1,R02,training,26,57,0,0.0,0.0,0.022432083670160332,0.01631626608212499
P1,R02,training,26,58,0,0.0,0.0,0.022432083670160332,0.016361591907144167
P1,R02,training,26,59,0,0.0,0.0,0.022432083670160332,0.016406844456851977
P1,R02,training,26,60,0,0.0,0.0,0.022432083670160332,0.01645202242829605
P1,R02,training,26,61,0,0.0,0.0,0.022432083670160332,0.016497124517648263
P1,R02,training,26,62,0,0.0,0.0,0.022432083670160332,0.01654214942026572
P1,R02,training,26,63,0,0.0,0.0,0.022432083670160332,0.01658709583075197
P1,R02,training,26,64,0,0.0,0.0,0.023231107958260232,0.01722438810200501
P1,R02,training,26,65,0,0.0,0.0,0.023231107958260232,0.017270768856062012
P1,R02,training,26,66,0,0.0,0.0,0.023231107958260232,0.01731706426239283
P1,R02,training,26,67,0,0.0,0.0,0.023231107958260232,0.017363272966619818
P1,R02,training,26,68,0,0.0,0.0,0.023231107958260232,0.017409393613905085
P1,R02,training,26,69,0,0.0,0.0,0.023231107958260232,0.01745542484901519
P1,R02,training,26,70,0,0.0,0.0,0.023231107958260232,0.017501365316385943
P1,R02,training,26,71,0,0.0,0.0,0.023231107958260232,0.017547213660187494
P1,R02,training,26,72,0,0.0,0.0,0.023231107958260232,0.017592968524389522
P1,R02,training,26,73,0,0.0,0.0,0.023231107958260232,0.01763862855282667
P1,R02,training,26,74,0,0.0,0.0,0.023231107958260232,0.017684192389264133
P1,R02,training,26,75,0,0.0,0.0,0.023231107958260232,0.017729658677463414
P1,R02,training,26,76,0,0.0,0.0,0.023231107958260232,0.01777502606124827
P1,R02,training,26,77,0,0.0,0.0,0.023231107958260232,0.017820293184570807
P1,R02,training,26,78,0,0.0,0.0,0.023231107958260232,0.017865458691577754
P1,R02,training,26,79,0,0.0,0.0,0.023231107958260232,0.017910521226676888
P1,R02,training,26,80,0,0.0,0.0,0.023819206256139605,0.01841002456056447
P1,R02,training,26,81,0,0.0,0.0,0.023819206256139605,0.01845601253354702
P1,R02,training,26,82,0,0.0,0.0,0.023819206256139605,0.018501890760437095
P1,R02,training,26,83,0,0.0,0.0,0.023819206256139605,0.018547657853080175
P1,R02,training,26,84,0,0.0,0.0,0.023819206256139605,0.01859331242393216
P1,R02,training,26,85,0,0.0,0.0,0.023819206256139605,0.018638853086128344
P1,R02,training,26,86,0,0.0,0.0,0.023819206256139605,0.018684278453552534
P1,R02,training,26,87,0,0.0,0.0,0.023819206256139605,0.01872958714090625
P1,R02,training,26,88,0,0.0,0.0,0.023819206256139605,0.018774777763778103
P1,R02,training,26,89,0,0.0,0.0,0.023819206256139605,0.018819848938713225
P1,R02,training,26,90,0,0.0,0.0,0.023819206256139605,0.018864799283282874
P1,R02,training,26,91,0,0.0,0.0,0.023819206256139605,0.018909627416154085
P1,R02,training,26,92,0,0.0,0.0,0.023819206256139605,0.018954331957159454
P1,R02,training,26,93,0,0.0,0.0,0.023819206256139605,0.018998911527367022
P1,R02,training,26,94,0,0.0,0.0,0.023819206256139605,0.019043364749150214
P1,R02,training,26,95,0,0.0,0.0,0.023819206256139605,0.019087690246257914
P1,R02,training,26,96,0,0.0,0.0,0.02417918745938378,0.019421028082954213
P1,R02,training,26,97,0,0.0,0.0,0.02417918745938378,0.019465759978979764
P1,R02,training,26,98,0,0.0,0.0,0.02417918745938378,0.01951035803795674
P1,R02,training,26,99,0,0.0,0.0,0.02417918745938378,0.019554820869132215
P1,R02,training,26,100,0,0.0,0.0,0.02417918745938378,0.019599147083506168
P1,R02,training,26,101,0,0.0,0.0,0.02417918745938378,0.01964333529390299
P1,R02,training,26,102,0,0.0,0.0,0.02417918745938378,0.019687384115043078
P1,R02,training,26,103,0,0.0,0.0,0.02417918745938378,0.019731292163614446
P1,R02,training,26,104,0,0.0,0.0,0.02417918745938378,0.019775058058344383
P1,R02,training,26,105,0,0.0,0.0,0.02417918745938378,0.01981868042007117
P1,R02,training,26,106,0,0.0,0.0,0.02417918745938378,0.019862157871815795
P1,R02,training,26,107,0,0.0,0.0,0.02417918745938378,0.019905489038853714
P1,R02,training,26,108,0,0.0,0.0,0.02417918745938378,0.019948672548786635
P1,R02,training,26,109,0,0.0,0.0,0.02417918745938378,0.0199917070316143
P1,R02,training,26,110,0,0.0,0.0,0.02417918745938378,0.020034591119806294
P1,R02,training,26,111,0,0.0,0.0,0.02417918745938378,0.02007732344837387
P1,R02,training,26,112,0,0.0,0.3331484101962141,0.02430038614088731,0.020220754086688737
P1,R02,training,26,113,0,0.0,0.3331484101962141,0.02430038614088731,0.02026339146638525
P1,R02,training,26,114,0,0.0,0.3331484101962141,0.02430038614088731,0.020305872226314692
P1,R02,training,26,115,0,0.0,0.3331484101962141,0.02430038614088731,0.02034819500558546
P1,R02,training,26,116,0,0.0,0.3331484101962141,0.02430038614088731,0.02039035844622107
P1,R02,training,26,117,0,0.0,0.3331484101962141,0.02430038614088731,0.020432361193232284
P1,R02,training,26,118,0,0.0,0.3331484101962141,0.02430038614088731,0.02047420189468912
P1,R02,training,26,119,0,0.0,0.3331484101962141,0.02430038614088731,0.020515879201792903
P1,R02,training,26,120,0,0.0,0.3331484101962141,0.02430038614088731,0.020557391768948257
P1,R02,training,26,121,0,0.0,0.3331484101962141,0.02430038614088731,0.020598738253835
P1,R02,training,26,122,0,0.0,0.3331484101962141,0.02430038614088731,0.020639917317480053
P1,R02,training,26,123,0,0.0,0.3331484101962141,0.02430038614088731,0.020680927624329236
P1,R02,training,26,124,0,0.0,0.3331484101962141,0.02430038614088731,0.020721767842319043
P1,R02,training,26,125,0,0.0,0.3331484101962141,0.02430038614088731,0.020762436642948322
P1,R02,training,26,126,0,0.0,0.3331484101962141,0.02430038614088731,0.020802932701349884
P1,R02,training,26,127,0,0.0,0.3331484101962141,0.02430038614088731,0.02084325469636204
P1,R02,training,26,128,0,0.0,0.0,0.02417918745938378,0.02077924491203587
P1,R02,training,26,129,0,0.0,0.0,0.02417918745938378,0.020819015481155986
P1,R02,training,26,130,0,0.0,0.0,0.02417918745938378,0.020858608934146938
P1,R02,training,26,131,0,0.0,0.0,0.02417918745938378,0.020898023971894407
P1,R02,training,26,132,0,0.0,0.0,0.02417918745938378,0.020937259299325602
P1,R02,training,26,133,0,0.0,0.0,0.02417918745938378,0.02097631362547983
P1,R02,training,26,134,0,0.0,0.0,0.02417918745938378,0.021015185663578986
P1,R02,training,26,135,0,0.0,0.0,0.02417918745938378,0.021053874131097872
P1,R02,training,26,136,0,0.0,0.0,0.02417918745938378,0.021092377749834454
P1,R02,training,26,137,0,0.0,0.0,0.02417918745938378,0.02113069524597991
P1,R02,training,26,138,0,0.0,0.0,0.02417918745938378,0.021168825350188613
P1,R02,training,26,139,0,0.0,0.0,0.02417918745938378,0.021206766797647915
P1,R02,training,26,140,0,0.0,0.0,0.02417918745938378,0.02124451832814781
P1,R02,training,26,141,0,0.0,0.0,0.02417918745938378,0.021282078686150445
P1,R02,training,26,142,0,0.0,0.0,0.02417918745938378,0.021319446620859436
P1,R02,training,26,143,0,0.0,0.0,0.02417918745938378,0.021356620886289077
P1,R02,training,26,144,0,0.0,0.0,0.023819206256139605,0.021075091028832427
P1,R02,training,26,145,0,0.0,0.0,0.023819206256139605,0.021111326606703985
P1,R02,training,26,146,0,0.0,0.0,0.023819206256139605,0.021147367745463094
P1,R02,training,26,147,0,0.0,0.0,0.023819206256139605,0.021183213237308565
P1,R02,training,26,148,0,0.0,0.0,0.023819206256139605,0.02121886187951635
P1,R02,training,26,149,0,0.0,0.0,0.023819206256139605,0.021254312474506633
P1,R02,training,26,150,0,0.0,0.0,0.023819206256139605,0.021289563829910665
P1,R02,training,26,151,0,0.0,0.0,0.023819206256139605,0.021324614758637447
P1,R02,training,26,152,0,0.0,0.0,0.023819206256139605,0.021359464078940148
P1,R02,training,26,153,0,0.0,0.0,0.023819206256139605,0.021394110614482376
P1,R02,training,26,154,0,0.0,0.0,0.023819206256139605,0.021428553194404152
P1,R02,training,26,155,0,0.0,0.0,0.023819206256139605,0.021462790653387732
P1,R02,training,26,156,0,0.0,0.0,0.023819206256139605,0.021496821831723134
P1,R02,training,26,157,0,0.0,0.0,0.023819206256139605,0.02153064557537349
P1,R02,training,26,158,0,0.0,0.0,0.023819206256139605,0.0215642607360401
P1,R02,training,26,159,0,0.0,0.0,0.023819206256139605,0.021597666171227287
P1,R02,training,26,160,0,0.0,0.0,0.023231107958260232,0.021096792889627153
P1,R02,training,26,161,0,0.0,0.0,0.023231107958260232,0.021128961127094645
P1,R02,training,26,162,0,0.0,0.0,0.023231107958260232,0.021160921508948254
P1,R02,training,26,163,0,0.0,0.0,0.023231107958260232,0.02119267294416696
P1,R02,training,26,164,0,0.0,0.0,0.023231107958260232,0.021224214347701872
P1,R02,training,26,165,0,0.0,0.0,0.023231107958260232,0.021255544640537954
P1,R02,training,26,166,0,0.0,0.0,0.023231107958260232,0.02128666274975541
P1,R02,training,26,167,0,0.0,0.0,0.023231107958260232,0.021317567608590833
P1,R02,training,26,168,0,0.0,0.0,0.023231107958260232,0.021348258156498077
P1,R02,training,26,169,0,0.0,0.0,0.023231107958260232,0.021378733339208793
P1,R02,training,26,170,0,0.0,0.0,0.023231107958260232,0.02140899210879272
P1,R02,training,26,171,0,0.0,0.0,0.023231107958260232,0.021439033423717654
P1,R02,training,26,172,0,0.0,0.0,0.023231107958260232,0.02146885624890912
P1,R02,training,26,173,0,0.0,0.0,0.023231107958260232,0.021498459555809726
P1,R02,training,26,174,0,0.0,0.0,0.023231107958260232,0.021527842322438213
P1,R02,training,26,175,0,0.0,0.0,0.023231107958260232,0.021557003533448204
P1,R02,training,26,176,0,0.0,0.0,0.022432083670160332,0.02084350268421082
P1,R02,training,26,177,0,0.0,0.0,0.022432083670160332,0.02087123012153267
P1,R02,training,26,178,0,0.0,0.0,0.022432083670160332,0.020898740721279774
P1,R02,training,26,179,0,0.0,0.0,0.022432083670160332,0.020926033529215637
P1,R02,training,26,180,0,0.0,0.0,0.022432083670160332,0.020953107597789216
P1,R02,training,26,181,0,0.0,0.0,0.022432083670160332,0.0209799619861897
P1,R02,training,26,182,0,0.0,0.0,0.022432083670160332,0.021006595760400953
P1,R02,training,26,183,0,0.0,0.0,0.022432083670160332,0.021033007993255606
P1,R02,training,26,184,0,0.0,0.0,0.022432083670160332,0.021059197764488797
P1,R02,training,26,185,0,0.0,0.0,0.022432083670160332,0.021085164160791578
P1,R02,training,26,186,0,0.0,0.0,0.022432083670160332,0.021110906275863952
P1,R02,training,26,187,0,0.0,0.0,0.022432083670160332,0.021136423210467544
P1,R02,training,26,188,0,0.0,0.0,0.022432083670160332,0.021161714072477935
P1,R02,training,26,189,0,0.0,0.0,0.022432083670160332,0.0211867779769366
P1,R02,training,26,190,0,0.0,0.0,0.022432083670160332,0.02121161404610248
P1,R02,training,26,191,0,0.0,0.0,0.022432083670160332,0.02123622140950318
P1,R02,training,26,192,0,0.0,0.0,0.0405263380195916,0.03840990620884352
P1,R02,training,26,193,0,0.0,0.0,0.0405263380195916,0.03845353142371167
P1,R02,training,26,194,0,0.0,0.0,0.0405263380195916,0.038496738815139576
P1,R02,training,26,195,0,0.0,0.0,0.0405263380195916,0.038539526863949104
P1,R02,training,26,196,0,0.0,0.0,0.0405263380195916,0.03858189406454586
P1,R02,training,26,197,0,0.0,0.0,0.0405263380195916,0.03862383892500744
P1,R02,training,26,198,0,0.0,0.0,0.0405263380195916,0.03866535996717098
P1,R02,training,26,199,0,0.0,0.0,0.0405263380195916,0.03870645572671989
P1,R02,training,26,200,0,0.0,0.0,0.0405263380195916,0.03874712475326995
P1,R02,training,26,201,0,0.0,0.0,0.0405263380195916,0.038787365610454504
P1,R02,training,26,202,0,0.0,0.0,0.0405263380195916,0.03882717687600905
P1,R02,training,26,203,0,0.0,0.0,0.0405263380195916,0.03886655714185497
P1,R02,training,26,204,0,0.0,0.0,0.0405263380195916,0.03890550501418247
P1,R02,training,26,205,0,0.0,0.0,0.0405263380195916,0.03894401911353282
P1,R02,training,26,206,0,0.0,0.0,0.0405263380195916,0.03898209807487973
P1,R02,training,26,207,0,0.0,0.0,0.0405263380195916,0.03901974054770995
P1,R02,training,26,208,0,0.0,0.0,0.059681558565389904,0.05751764102099699
P1,R02,training,26,209,0,0.0,0.0,0.059681558565389904,0.057571784143969684
P1,R02,training,26,210,0,0.0,0.0,0.059681558565389904,0.05762527863017667
P1,R02,training,26,211,0,0.0,0.0,0.059681558565389904,0.05767812257742426
P1,R02,training,26,212,0,0.0,0.0,0.059681558565389904,0.057730314105467216
P1,R02,training,26,213,0,0.0,0.0,0.059681558565389904,0.05778185135612021
P1,R02,training,26,214,0,0.0,0.0,0.059681558565389904,0.05783273249336807
P1,R02,training,26,215,0,0.0,0.0,0.059681558565389904,0.05788295570347476
P1,R02,training,26,216,0,0.0,0.0,0.059681558565389904,0.057932519195091105
P1,R02,training,26,217,0,0.0,0.0,0.059681558565389904,0.05798142119936132
P1,R02,training,26,218,0,0.0,0.0,0.059681558565389904,0.05802965997002812
P1,R02,training,26,219,0,0.0,0.0,0.059681558565389904,0.05807723378353668
P1,R02,training,26,220,0,0.0,0.0,0.059681558565389904,0.05812414093913727
P1,R02,training,26,221,0,0.0,0.0,0.059681558565389904,0.05817037975898655
P1,R02,training,26,222,0,0.0,0.0,0.059681558565389904,0.058215948588247565
P1,R02,training,26,223,0,0.0,0.0,0.059681558565389904,0.058260845795188504
P1,R02,training,26,224,0,0.0,0.0,0.07988568820887836,0.07804321362757533
P1,R02,training,26,225,0,0.0,0.0,0.07988568820887836,0.07810150558076888
P1,R02,training,26,226,0,0.0,0.0,0.07988568820887836,0.07815889218033625
P1,R02,training,26,227,0,0.0,0.0,0.07988568820887836,0.07821537136714496
P1,R02,training,26,228,0,0.0,0.0,0.07988568820887836,0.07827094111362315
P1,R02,training,26,229,0,0.0,0.0,0.07988568820887836,0.07832559942388094
P1,R02,training,26,230,0,0.0,0.0,0.07988568820887836,0.07837934433382983
P1,R02,training,26,231,0,0.0,0.0,0.07988568820887836,0.07843217391130033
P1,R02,training,26,232,0,0.0,0.0,0.07988568820887836,0.07848408625615781
P1,R02,training,26,233,0,0.0,0.0,0.07988568820887836,0.07853507950041626
P1,R02,training,26,234,0,0.0,0.0,0.07988568820887836,0.0785851518083504
P1,R02,training,26,235,0,0.0,0.0,0.07988568820887836,0.07863430137660582
P1,R02,training,26,236,0,0.0,0.0,0.07988568820887836,0.07868252643430713
P1,R02,training,26,237,0,0.0,0.0,0.07988568820887836,0.07872982524316442
P1,R02,training,26,238,0,0.0,0.0,0.07988568820887836,0.07877619609757762
P1,R02,training,26,239,0,0.0,0.0,0.07988568820887836,0.07882163732473896
P1,R02,training,26,240,0,0.0,0.0,0.08330264724894201,0.08223949739238925
P1,R02,training,26,241,0,0.0,0.0,0.08330264724894201,0.08228493840562517
P1,R02,training,26,242,0,0.0,0.0,0.08330264724894201,0.08232940500169562
P1,R02,training,26,243,0,0.0,0.0,0.08330264724894201,0.08237289557405007
P1,R02,training,26,244,0,0.0,0.0,0.08330264724894201,0.08241540855083705
P1,R02,training,26,245,0,0.0,0.0,0.08330264724894201,0.08245694239499878
P1,R02,training,26,246,0,0.0,0.0,0.08330264724894201,0.08249749560436384
P1,R02,training,26,247,0,0.0,0.0,0.08330264724894201,0.08253706671173772
P1,R02,training,26,248,0,0.0,0.0,0.08330264724894201,0.08257565428499127
P1,R02,training,26,249,0,0.0,0.0,0.08330264724894201,0.08261325692714705
P1,R02,training,26,250,0,0.0,0.0,0.08330264724894201,0.0826498732764637
P1,R02,training,26,251,0,0.0,0.0,0.08330264724894201,0.08268550200651803
P1,R02,training,26,252,0,0.0,0.0,0.08330264724894201,0.0827201418262852
P1,R02,training,26,253,0,0.0,0.0,0.08330264724894201,0.08275379148021665
P1,R02,training,26,254,0,0.0,0.0,0.08330264724894201,0.08278644974831587
P1,R02,training,26,255,0,0.0,0.0,0.08330264724894201,0.08281811544621223
P1,R02,training,26,256,0,0.0,0.0,0.08751831245566599,0.08704148432145584
P1,R02,training,26,257,0,0.0,0.0,0.08751831245566599,0.08707266332873272
P1,R02,training,26,258,0,0.0,0.0,0.08751831245566599,0.08710279602757652
P1,R02,training,26,259,0,0.0,0.0,0.08751831245566599,0.08713188132412417
P1,R02,training,26,260,0,0.0,0.0,0.08751831245566599,0.08715991816229478
P1,R02,training,26,261,0,0.0,0.0,0.08751831245566599,0.08718690552385366
P1,R02,training,26,262,0,0.0,0.0,0.08751831245566599,0.08721284242847392
P1,R02,training,26,263,0,0.0,0.0,0.08751831245566599,0.08723772793379574
P1,R02,training,26,264,0,0.0,0.0,0.08751831245566599,0.08726156113548354
P1,R02,training,26,265,0,0.0,0.0,0.08751831245566599,0.0872843411672807
P1,R02,training,26,266,0,0.0,0.0,0.08751831245566599,0.08730606720106208
P1,R02,training,26,267,0,0.0,0.0,0.08751831245566599,0.08732673844688413
P1,R02,training,26,268,0,0.0,0.0,0.08751831245566599,0.08734635415303277
P1,R02,training,26,269,0,0.0,0.0,0.08751831245566599,0.08736491360606899
P1,R02,training,26,270,0,0.0,0.0,0.08751831245566599,0.08738241613087212
P1,R02,training,26,271,0,0.0,0.0,0.08751831245566599,0.08739886109068067
P1,R02,training,26,272,0,0.0,0.0,0.09104374459233354,0.09093548807169265
P1,R02,training,26,273,0,0.0,0.0,0.09104374459233354,0.0909503933114866
P1,R02,training,26,274,0,0.0,0.0,0.09104374459233354,0.0909641966377987
P1,R02,training,26,275,0,0.0,0.0,0.09104374459233354,0.09097689754821245
P1,R02,training,26,276,0,0.0,0.0,0.09104374459233354,0.0909884955803924
P1,R02,training,26,277,0,0.0,0.0,0.09104374459233354,0.09099899031211224
P1,R02,training,26,278,0,0.0,0.0,0.09104374459233354,0.09100838136128034
P1,R02,training,26,279,0,0.0,0.0,0.09104374459233354,0.09101666838596292
P1,R02,training,26,280,0,0.0,0.0,0.09104374459233354,0.09102385108440496
P1,R02,training,26,281,0,0.0,0.0,0.09104374459233354,0.0910299291950483
P1,R02,training,26,282,0,0.0,0.0,0.09104374459233354,0.0910349024965477
P1,R02,training,26,283,0,0.0,0.0,0.09104374459233354,0.09103877080778415
P1,R02,training,26,284,0,0.0,0.0,0.09104374459233354,0.0910415339878759
P1,R02,training,26,285,0,0.0,0.0,0.09104374459233354,0.09104319193618703
P1,R02,training,26,286,0,0.0,0.0,0.09104374459233354,0.09104374459233354
P1,R02,training,26,287,0,0.0,0.0,0.09104374459233354,0.09104319193618703
P1,R02,training,26,288,0,0.0,0.0,0.09378046253430923,0.09377818548046608
P1,R02,training,26,289,0,0.0,0.0,0.09378046253430923,0.09377533924091136
P1,R02,training,26,290,0,0.0,0.0,0.09378046253430923,0.09377135465066186
P1,R02,training,26,291,0,0.0,0.0,0.09378046253430923,0.09376623185483415
P1,R02,training,26,292,0,0.0,0.0,0.09378046253430923,0.09375997103999156
P1,R02,training,26,293,0,0.0,0.0,0.09378046253430923,0.09375257243413287
P1,R02,training,26,294,0,0.0,0.0,0.09378046253430923,0.09374403630667846
P1,R02,training,26,295,0,0.0,0.0,0.09378046253430923,0.09373436296845399
P1,R02,training,26,296,0,0.0,0.0,0.09378046253430923,0.09372355277167146
P1,R02,training,26,297,0,0.0,0.0,0.09378046253430923,0.09371160610990799
P1,R02,training,26,298,0,0.0,0.0,0.09378046253430923,0.09369852341808176
P1,R02,training,26,299,0,0.0,0.0,0.09378046253430923,0.09368430517242571
P1,R02,training,26,300,0,0.0,0.0,0.09378046253430923,0.09366895189045867
P1,R02,training,26,301,0,0.0,0.0,0.09378046253430923,0.0936524641309539
P1,R02,training,26,302,0,0.0,0.0,0.09378046253430923,0.09363484249390526
P1,R02,training,26,303,0,0.0,0.0,0.09378046253430923,0.09361608762049077
P1,R02,training,26,304,0,1.0,0.3342221207685923,0.1147030408946394,0.1144776693162157
P1,R02,training,26,305,0,1.0,0.3342221207685923,0.1147030408946394,0.11445196062644081
P1,R02,training,26,306,0,1.0,0.3342221207685923,0.1147030408946394,0.11442486852778923
P1,R02,training,26,307,0,1.0,0.3342221207685923,0.1147030408946394,0.11439639400547065
P1,R02,training,26,308,0,1.0,0.3342221207685923,0.1147030408946394,0.11436653809479898
P1,R02,training,26,309,0,1.0,0.3342221207685923,0.1147030408946394,0.11433530188112961
P1,R02,training,26,310,0,1.0,0.3342221207685923,0.1147030408946394,0.11430268649979376
P1,R02,training,26,311,0,1.0,0.3342221207685923,0.1147030408946394,0.11426869313602954
P1,R02,training,26,312,0,1.0,0.3342221207685923,0.1147030408946394,0.11423332302491027
P1,R02,training,26,313,0,1.0,0.3342221207685923,0.1147030408946394,0.11419657745126967
P1,R02,training,26,314,0,1.0,0.3342221207685923,0.1147030408946394,0.11415845774962406
P1,R02,training,26,315,0,1.0,0.3342221207685923,0.1147030408946394,0.11411896530409162
P1,R02,training,26,316,0,1.0,0.3342221207685923,0.1147030408946394,0.11407810154830855
P1,R02,training,26,317,0,1.0,0.3342221207685923,0.1147030408946394,0.11403586796534244
P1,R02,training,26,318,0,1.0,0.3342221207685923,0.1147030408946394,0.11399226608760248
P1,R02,training,26,319,0,1.0,0.3342221207685923,0.1147030408946394,0.1139472974967468
P1,R02,training,26,320,0,0.0,0.333171913765115,0.11693091208928345,0.11611325631701652
P1,R02,training,26,321,0,0.0,0.333171913765115,0.11693091208928345,0.11606463282360123
P1,R02,training,26,322,0,0.0,0.333171913765115,0.11693091208928345,0.11601462120885163
P1,R02,training,26,323,0,0.0,0.333171913765115,0.11693091208928345,0.11596322328496356
P1,R02,training,26,324,0,0.0,0.333171913765115,0.11693091208928345,0.1159104409138211
P1,R02,training,26,325,0,0.0,0.333171913765115,0.11693091208928345,0.11585627600688406
P1,R02,training,26,326,0,0.0,0.333171913765115,0.11693091208928345,0.11580073052507261
P1,R02,training,26,327,0,0.0,0.333171913765115,0.11693091208928345,0.11574380647864906
P1,R02,training,26,328,0,0.0,0.333171913765115,0.11693091208928345,0.11568550592709646
P1,R02,training,26,329,0,0.0,0.333171913765115,0.11693091208928345,0.11562583097899456
P1,R02,training,26,330,0,0.0,0.333171913765115,0.11693091208928345,0.11556478379189265
P1,R02,training,26,331,0,0.0,0.333171913765115,0.11693091208928345,0.11550236657217951
P1,R02,training,26,332,0,0.0,0.333171913765115,0.11693091208928345,0.11543858157495057
P1,R02,training,26,333,0,0.0,0.333171913765115,0.11693091208928345,0.1153734311038721
P1,R02,training,26,334,0,0.0,0.333171913765115,0.11693091208928345,0.11530691751104258
P1,R02,training,26,335,0,0.0,0.333171913765115,0.11693091208928345,0.11523904319685106
P1,R02,training,26,336,0,1.0,0.3337210231704953,0.11807955000091344,0.1163011488366373
P1,R02,training,26,337,0,1.0,0.3337210231704953,0.11807955000091344,0.11622986706840303
P1,R02,training,26,338,0,1.0,0.3337210231704953,0.11807955000091344,0.11615721877516728
P1,R02,training,26,339,0,1.0,0.3337210231704953,0.11807955000091344,0.11608320657447233
P1,R02,training,26,340,0,1.0,0.3337210231704953,0.11807955000091344,0.11600783313186792
P1,R02,training,26,341,0,1.0,0.3337210231704953,0.11807955000091344,0.11593110116075146
P1,R02,training,26,342,0,1.0,0.3337210231704953,0.11807955000091344,0.11585301342220504
P1,R02,training,26,343,0,1.0,0.3337210231704953,0.11807955000091344,0.11577357272482992
P1,R02,training,26,344,0,1.0,0.3337210231704953,0.11807955000091344,0.11569278192457826
P1,R02,training,26,345,0,1.0,0.3337210231704953,0.11807955000091344,0.11561064392458191
P1,R02,training,26,346,0,1.0,0.3337210231704953,0.11807955000091344,0.11552716167497855
P1,R02,training,26,347,0,1.0,0.3337210231704953,0.11807955000091344,0.11544233817273519
P1,R02,training,26,348,0,1.0,0.3337210231704953,0.11807955000091344,0.1153561764614688
P1,R02,training,26,349,0,1.0,0.3337210231704953,0.11807955000091344,0.11526867963126433
P1,R02,training,26,350,0,1.0,0.3337210231704953,0.11807955000091344,0.11517985081849003
P1,R02,training,26,351,0,1.0,0.3337210231704953,0.11807955000091344,0.11508969320561009
P1,R02,training,26,352,0,0.0,0.3331386040448849,0.11811811079176958,0.11503576455033876
P1,R02,training,26,353,0,0.0,0.3331386040448849,0.11811811079176958,0.11494292876093679
P1,R02,training,26,354,0,0.0,0.3331386040448849,0.11811811079176958,0.11484877356275049
P1,R02,training,26,355,0,0.0,0.3331386040448849,0.11811811079176958,0.1147533023218003
P1,R02,training,26,356,0,0.0,0.3331386040448849,0.11811811079176958,0.11465651844924107
P1,R02,training,26,357,0,0.0,0.3331386040448849,0.11811811079176958,0.11455842540115901
P1,R02,training,26,358,0,0.0,0.3331386040448849,0.11811811079176958,0.11445902667836594
P1,R02,training,26,359,0,0.0,0.3331386040448849,0.11811811079176958,0.11435832582619115
P1,R02,training,26,360,0,0.0,0.3331386040448849,0.11811811079176958,0.11425632643427072
P1,R02,training,26,361,0,0.0,0.3331386040448849,0.11811811079176958,0.1141530321363342
P1,R02,training,26,362,0,0.0,0.3331386040448849,0.11811811079176958,0.11404844660998896
P1,R02,training,26,363,0,0.0,0.3331386040448849,0.11811811079176958,0.11394257357650205
P1,R02,training,26,364,0,0.0,0.3331386040448849,0.11811811079176958,0.11383541680057946
P1,R02,training,26,365,0,0.0,0.3331386040448849,0.11811811079176958,0.11372698009014322
P1,R02,training,26,366,0,0.0,0.3331386040448849,0.11811811079176958,0.11361726729610573
P1,R02,training,26,367,0,0.0,0.3331386040448849,0.11811811079176958,0.1135062823121421
P1,R02,training,26,368,0,0.0,0.0,0.11704698078169518,0.11236573843646411
P1,R02,training,26,369,0,0.0,0.0,0.11704698078169518,0.112253250333996
P1,R02,training,26,370,0,0.0,0.0,0.11704698078169518,0.11213951340525062
P1,R02,training,26,371,0,0.0,0.0,0.11704698078169518,0.11202453167578853
P1,R02,training,26,372,0,0.0,0.0,0.11704698078169518,0.11190830921238108
P1,R02,training,26,373,0,0.0,0.0,0.11704698078169518,0.11179085012277094
P1,R02,training,26,374,0,0.0,0.0,0.11704698078169518,0.11167215855543008
P1,R02,training,26,375,0,0.0,0.0,0.11704698078169518,0.11155223869931571
P1,R02,training,26,376,0,0.0,0.0,0.11704698078169518,0.11143109478362405
P1,R02,training,26,377,0,0.0,0.0,0.11704698078169518,0.1113087310775417
P1,R02,training,26,378,0,0.0,0.0,0.11704698078169518,0.11118515188999524
P1,R02,training,26,379,0,0.0,0.0,0.11704698078169518,0.11106036156939818
P1,R02,training,26,380,0,0.0,0.0,0.11704698078169518,0.11093436450339628
P1,R02,training,26,381,0,0.0,0.0,0.11704698078169518,0.11080716511861052
P1,R02,training,26,382,0,0.0,0.0,0.11704698078169518,0.11067876788037796
P1,R02,training,26,383,0,0.0,0.0,0.11704698078169518,0.11054917729249074
P1,R02,training,26,384,0,0.0,0.0,0.11489768500836554,0.10839082064280156
P1,R02,training,26,385,0,0.0,0.0,0.11489768500836554,0.1082612802247295
P1,R02,training,26,386,0,0.0,0.0,0.11489768500836554,0.10813058185726741
P1,R02,training,26,387,0,0.0,0.0,0.11489768500836554,0.10799873010989859
P1,R02,training,26,388,0,0.0,0.0,0.11489768500836554,0.10786572958854408
P1,R02,training,26,389,0,0.0,0.0,0.11489768500836554,0.10773158493529479
P1,R02,training,26,390,0,0.0,0.0,0.11489768500836554,0.1075963008281417
P1,R02,training,26,391,0,0.0,0.0,0.11489768500836554,0.10745988198070403
P1,R02,training,26,392,0,0.0,0.0,0.11489768500836554,0.1073223331419559
P1,R02,training,26,393,0,0.0,0.0,0.11489768500836554,0.107183659095951
P1,R02,training,26,394,0,0.0,0.0,0.11489768500836554,0.10704386466154542
P1,R02,training,26,395,0,0.0,0.0,0.11489768500836554,0.10690295469211895
P1,R02,training,26,396,0,0.0,0.0,0.11489768500836554,0.10676093407529447
P1,R02,training,26,397,0,0.0,0.0,0.11489768500836554,0.1066178077326556
P1,R02,training,26,398,0,0.0,0.0,0.11489768500836554,0.10647358061946287
P1,R02,training,26,399,0,0.0,0.0,0.11489768500836554,0.10632825772436806
P1,R02,training,26,400,0,0.0,0.0,0.11173134596635867,0.10325569530987308
P1,R02,training,26,401,0,0.0,0.0,0.11173134596635867,0.10311226072185649
P1,R02,training,26,402,0,0.0,0.0,0.11173134596635867,0.10296777529493699
P1,R02,training,26,403,0,0.0,0.0,0.11173134596635867,0.10282224400736464
P1,R02,training,26,404,0,0.0,0.0,0.11173134596635867,0.10267567186844828
P1,R02,training,26,405,0,0.0,0.0,0.11173134596635867,0.10252806391826862
P1,R02,training,26,406,0,0.0,0.0,0.11173134596635867,0.1023794252273897
P1,R02,training,26,407,0,0.0,0.0,0.11173134596635867,0.10222976089656909
P1,R02,training,26,408,0,0.0,0.0,0.11173134596635867,0.10207907605646654
P1,R02,training,26,409,0,0.0,0.0,0.11173134596635867,0.10192737586735133
P1,R02,training,26,410,0,0.0,0.0,0.11173134596635867,0.10177466551880818
P1,R02,training,26,411,0,0.0,0.0,0.11173134596635867,0.10162095022944193
P1,R02,training,26,412,0,0.0,0.0,0.11173134596635867,0.10146623524658076
P1,R02,training,26,413,0,0.0,0.0,0.11173134596635867,0.1013105258459782
P1,R02,training,26,414,0,0.0,0.0,0.11173134596635867,0.10115382733151387
P1,R02,training,26,415,0,0.0,0.0,0.11173134596635867,0.10099614503489293
P1,R02,training,26,416,0,1.0,0.3337238010651239,0.10763579766942351,0.09714125400877237
P1,R02,training,26,417,0,1.0,0.3337238010651239,0.10763579766942351,0.09698747167923663
P1,R02,training,26,418,0,1.0,0.3337238010651239,0.10763579766942351,0.09683275719512481
P1,R02,training,26,419,0,1.0,0.3337238010651239,0.10763579766942351,0.09667711579701072
P1,R02,training,26,420,0,1.0,0.3337238010651239,0.10763579766942351,0.09652055275080895
P1,R02,training,26,421,0,1.0,0.3337238010651239,0.10763579766942351,0.09636307334747862
P1,R02,training,26,422,0,1.0,0.3337238010651239,0.10763579766942351,0.09620468290272614
P1,R02,training,26,423,0,1.0,0.3337238010651239,0.10763579766942351,0.09604538675670686
P1,R02,training,26,424,0,1.0,0.3337238010651239,0.10763579766942351,0.09588519027372577
P1,R02,training,26,425,0,1.0,0.3337238010651239,0.10763579766942351,0.09572409884193729
P1,R02,training,26,426,0,1.0,0.3337238010651239,0.10763579766942351,0.09556211787304393
P1,R02,training,26,427,0,1.0,0.3337238010651239,0.10763579766942351,0.09539925280199434
P1,R02,training,26,428,0,1.0,0.3337238010651239,0.10763579766942351,0.09523550908668003
P1,R02,training,26,429,0,1.0,0.3337238010651239,0.10763579766942351,0.0950708922076317
P1,R02,training,26,430,0,1.0,0.3337238010651239,0.10763579766942351,0.09490540766771423
P1,R02,training,26,431,0,1.0,0.3337238010651239,0.10763579766942351,0.09473906099182128
P1,R02,training,26,432,0,0.0,0.0,0.08501897239045325,0.07470007502209541
P1,R02,training,26,433,0,0.0,0.0,0.08501897239045325,0.07456733291342615
P1,R02,training,26,434,0,0.0,0.0,0.08501897239045325,0.07443392301785315
P1,R02,training,26,435,0,0.0,0.0,0.08501897239045325,0.07429984976653276
P1,R02,training,26,436,0,0.0,0.0,0.08501897239045325,0.07416511760680514
P1,R02,training,26,437,0,0.0,0.0,0.08501897239045325,0.07402973100194934
P1,R02,training,26,438,0,0.0,0.0,0.08501897239045325,0.0738936944309379
P1,R02,training,26,439,0,0.0,0.0,0.08501897239045325,0.07375701238819085
P1,R02,training,26,440,0,0.0,0.0,0.08501897239045325,0.07361968938332926
P1,R02,training,26,441,0,0.0,0.0,0.08501897239045325,0.07348172994092837
P1,R02,training,26,442,0,0.0,0.0,0.08501897239045325,0.07334313860027022
P1,R02,training,26,443,0,0.0,0.0,0.08501897239045325,0.07320391991509584
P1,R02,training,26,444,0,0.0,0.0,0.08501897239045325,0.07306407845335706
P1,R02,training,26,445,0,0.0,0.0,0.08501897239045325,0.07292361879696796
P1,R02,training,26,446,0,0.0,0.0,0.08501897239045325,0.07278254554155583
P1,R02,training,26,447,0,0.0,0.0,0.08501897239045325,0.07264086329621194
P1,R02,training,26,448,0,0.0,0.0,0.0632098503448383,0.05390119468058965
P1,R02,training,26,449,0,0.0,0.0,0.0632098503448383,0.05379496163341832
P1,R02,training,26,450,0,0.0,0.0,0.0632098503448383,0.053688286153304406
P1,R02,training,26,451,0,0.0,0.0,0.0632098503448383,0.05358117170519427
P1,R02,training,26,452,0,0.0,0.0,0.0632098503448383,0.05347362176311419
P1,R02,training,26,453,0,0.0,0.0,0.0632098503448383,0.053365639809983614
P1,R02,training,26,454,0,0.0,0.0,0.0632098503448383,0.05325722933742847
P1,R02,training,26,455,0,0.0,0.0,0.0632098503448383,0.05314839384559406
P1,R02,training,26,456,0,0.0,0.0,0.0632098503448383,0.05303913684295806
P1,R02,training,26,457,0,0.0,0.0,0.0632098503448383,0.05292946184614324
P1,R02,training,26,458,0,0.0,0.0,0.0632098503448383,0.05281937237973013
P1,R02,training,26,459,0,0.0,0.0,0.0632098503448383,0.05270887197606959
P1,R02,training,26,460,0,0.0,0.0,0.0632098503448383,0.052597964175095276
P1,R02,training,26,461,0,0.0,0.0,0.0632098503448383,0.052486652524136077
P1,R02,training,26,462,0,0.0,0.0,0.0632098503448383,0.05237494057772844
P1,R02,training,26,463,0,0.0,0.0,0.0632098503448383,0.052262831897428724
P1,R02,training,26,464,0,0.0,0.0,0.04229069378280166,0.03489129663894908
P1,R02,training,26,465,0,0.0,0.0,0.04229069378280166,0.034815766367383615
P1,R02,training,26,466,0,0.0,0.0,0.04229069378280166,0.03473997783563372
P1,R02,training,26,467,0,0.0,0.0,0.04229069378280166,0.034663933444097524
P1,R02,training,26,468,0,0.0,0.0,0.04229069378280166,0.03458763559724187
P1,R02,training,26,469,0,0.0,0.0,0.04229069378280166,0.0345110867034768
P1,R02,training,26,470,0,0.0,0.0,0.04229069378280166,0.034434289175030025
P1,R02,training,26,471,0,0.0,0.0,0.04229069378280166,0.034357245427821474
P1,R02,training,26,472,0,0.0,0.0,0.04229069378280166,0.034279957881337905
P1,R02,training,26,473,0,0.0,0.0,0.04229069378280166,0.03420242895850753
P1,R02,training,26,474,0,0.0,0.0,0.04229069378280166,0.034124661085574784
P1,R02,training,26,475,0,0.0,0.0,0.04229069378280166,0.03404665669197509
P1,R02,training,26,476,0,0.0,0.0,0.04229069378280166,0.033968418210209794
P1,R02,training,26,477,0,0.0,0.0,0.04229069378280166,0.03388994807572115
P1,R02,training,26,478,0,0.0,0.0,0.04229069378280166,0.03381124872676744
P1,R02,training,26,479,0,0.0,0.0,0.04229069378280166,0.03373232260429821
P1,R02,training,26,480,0,0.0,0.0,0.022470826812013622,0.017881347773163553
P1,R02,training,26,481,0,0.0,0.0,0.022470826812013622,0.017839173907760995
P1,R02,training,26,482,0,0.0,0.0,0.022470826812013622,0.017796883446894136
P1,R02,training,26,483,0,0.0,0.0,0.022470826812013622,0.0177544776926006
P1,R02,training,26,484,0,0.0,0.0,0.022470826812013622,0.01771195794801759
P1,R02,training,26,485,0,0.0,0.0,0.022470826812013622,0.017669325517316058
P1,R02,training,26,486,0,0.0,0.0,0.022470826812013622,0.017626581705634983
P1,R02,training,26,487,0,0.0,0.0,0.022470826812013622,0.017583727819015738
P1,R02,training,26,488,0,0.0,0.0,0.022470826812013622,0.017540765164336548
P1,R02,training,26,489,0,0.0,0.0,0.022470826812013622,0.01749769504924708
P1,R02,training,26,490,0,0.0,0.0,0.022470826812013622,0.017454518782103124
P1,R02,training,26,491,0,0.0,0.0,0.022470826812013622,0.01741123767190142
P1,R02,training,26,492,0,0.0,0.0,0.022470826812013622,0.017367853028214558
P1,R02,training,26,493,0,0.0,0.0,0.022470826812013622,0.017324366161126068
P1,R02,training,26,494,0,0.0,0.0,0.022470826812013622,0.017280778381165585
P1,R02,training,26,495,0,0.0,0.0,0.022470826812013622,0.01723709099924418
P1,R02,training,26,496,0,0.0,0.0,0.021482053846992734,0.016436756596607482
P1,R02,training,26,497,0,0.0,0.0,0.021482053846992734,0.016394804891888343
P1,R02,training,26,498,0,0.0,0.0,0.021482053846992734,0.01635276172919999
P1,R02,training,26,499,0,0.0,0.0,0.021482053846992734,0.016310628362613093
P1,R02,training,26,500,0,0.0,0.0,0.021482053846992734,0.016268406046255887
P1,R02,training,26,501,0,0.0,0.0,0.021482053846992734,0.016226096034253193
P1,R02,training,26,502,0,0.0,0.0,0.021482053846992734,0.01618369958066562
P1,R02,training,26,503,0,0.0,0.0,0.021482053846992734,0.016141217939428888
P1,R02,training,26,504,0,0.0,0.0,0.021482053846992734,0.016098652364293364
P1,R02,training,26,505,0,0.0,0.0,0.021482053846992734,0.016056004108763736
P1,R02,training,26,506,0,0.0,0.0,0.021482053846992734,0.016013274426038854
P1,R02,training,26,507,0,0.0,0.0,0.021482053846992734,0.0159704645689518
P1,R02,training,26,508,0,0.0,0.0,0.021482053846992734,0.015927575789910057
P1,R02,training,26,509,0,0.0,0.0,0.021482053846992734,0.015884609340835954
P1,R02,training,26,510,0,0.0,0.0,0.021482053846992734,0.015841566473107218
P1,R02,training,26,511,0,0.0,0.0,0.021482053846992734,0.01579844843749778
P1,R02,training,26,512,0,0.0,0.0,0.02033244491371562,0.014912116264416216
P1,R02,training,26,513,0,0.0,0.0,0.02033244491371562,0.014871166942489338
P1,R02,training,26,514,0,0.0,0.0,0.02033244491371562,0.014830150022809999
P1,R02,training,26,515,0,0.0,0.0,0.02033244491371562,0.014789066686374471
P1,R02,training,26,516,0,0.0,0.0,0.02033244491371562,0.014747918113330157
P1,R02,training,26,517,0,0.0,0.0,0.02033244491371562,0.014706705482920709
P1,R02,training,26,518,0,0.0,0.0,0.02033244491371562,0.014665429973431362
P1,R02,training,26,519,0,0.0,0.0,0.02033244491371562,0.014624092762134463
P1,R02,training,26,520,0,0.0,0.0,0.02033244491371562,0.014582695025235227
P1,R02,training,26,521,0,0.0,0.0,0.02033244491371562,0.014541237937817718
P1,R02,training,26,522,0,0.0,0.0,0.02033244491371562,0.01449972267379103
P1,R02,training,26,523,0,0.0,0.0,0.02033244491371562,0.014458150405835693
P1,R02,training,26,524,0,0.0,0.0,0.02033244491371562,0.014416522305350333
P1,R02,training,26,525,0,0.0,0.0,0.02033244491371562,0.014374839542398538
P1,R02,training,26,526,0,0.0,0.0,0.02033244491371562,0.014333103285655952
P1,R02,training,26,527,0,0.0,0.0,0.02033244491371562,0.014291314702357635
P1,R02,training,26,528,0,0.0,0.0,0.019052872579556283,0.013352719353583063
P1,R02,training,26,529,0,0.0,0.0,0.019052872579556283,0.01331346584049676
P1,R02,training,26,530,0,0.0,0.0,0.019052872579556283,0.013274166566641949
P1,R02,training,26,531,0,0.0,0.0,0.019052872579556283,0.013234822619907993
P1,R02,training,26,532,0,0.0,0.0,0.019052872579556283,0.013195435086591037
P1,R02,training,26,533,0,0.0,0.0,0.019052872579556283,0.013156005051346054
P1,R02,training,26,534,0,0.0,0.0,0.019052872579556283,0.013116533597139131
P1,R02,training,26,535,0,0.0,0.0,0.019052872579556283,0.013077021805200012
P1,R02,training,26,536,0,0.0,0.0,0.019052872579556283,0.013037470754974868
P1,R02,training,26,537,0,0.0,0.0,0.019052872579556283,0.012997881524079342
P1,R02,training,26,538,0,0.0,0.0,0.019052872579556283,0.012958255188251822
P1,R02,training,26,539,0,0.0,0.0,0.019052872579556283,0.012918592821306996
P1,R02,training,26,540,0,0.0,0.0,0.019052872579556283,0.012878895495089634
P1,R02,training,26,541,0,0.0,0.0,0.019052872579556283,0.012839164279428656
P1,R02,training,26,542,0,0.0,0.0,0.019052872579556283,0.012799400242091455
P1,R02,training,26,543,0,0.0,0.0,0.019052872579556283,0.012759604448738476
P1,R02,training,26,544,0,0.0,0.0,0.0,0.0
P1,R02,training,26,545,0,0.0,0.0,0.0,0.0
P1,R02,training,26,546,0,0.0,0.0,0.0,0.0
P1,R02,training,26,547,0,0.0,0.0,0.0,0.0
P1,R02,training,26,548,0,0.0,0.0,0.0,0.0
P1,R02,training,26,549,0,0.0,0.0,0.0,0.0
P1,R02,training,26,550,0,0.0,0.0,0.0,0.0
P1,R02,training,26,551,0,0.0,0.0,0.0,0.0
P1,R02,training,26,552,0,0.0,0.0,0.0,0.0
P1,R02,training,26,553,0,0.0,0.0,0.0,0.0
P1,R02,training,26,554,0,0.0,0.0,0.0,0.0
P1,R02,training,26,555,0,0.0,0.0,0.0,0.0
P1,R02,training,26,556,0,0.0,0.0,0.0,0.0
P1,R02,training,26,557,0,0.0,0.0,0.0,0.0
P1,R02,training,26,558,0,0.0,0.0,0.0,0.0
P1,R02,training,26,559,0,0.0,0.0,0.0,0.0
P1,R02,training,26,560,0,0.0,0.0,0.0,0.0
P1,R02,training,26,561,0,0.0,0.0,0.0,0.0
P1,R02,training,26,562,0,0.0,0.0,0.0,0.0
P1,R02,training,26,563,0,0.0,0.0,0.0,0.0
P1,R02,training,26,564,0,0.0,0.0,0.0,0.0
P1,R02,training,26,565,0,0.0,0.0,0.0,0.0
P1,R02,training,26,566,0,0.0,0.0,0.0,0.0
P1,R02,training,26,567,0,0.0,0.0,0.0,0.0
P1,R02,training,26,568,0,0.0,0.0,0.0,0.0
P1,R02,training,26,569,0,0.0,0.0,0.0,0.0
P1,R02,training,26,570,0,0.0,0.0,0.0,0.0
P1,R02,training,26,571,0,0.0,0.0,0.0,0.0
P1,R02,training,26,572,0,0.0,0.0,0.0,0.0
P1,R02,training,26,573,0,0.0,0.0,0.0,0.0
P2,R02,training,26,0,0,0.0,0.0,0.0,0.0
P2,R02,training,26,1,0,0.0,0.0,0.0,0.0
P2,R02,training,26,2,0,0.0,0.0,0.0,0.0
P2,R02,training,26,3,0,0.0,0.0,0.0,0.0
P2,R02,training,26,4,0,0.0,0.0,0.0,0.0
P2,R02,training,26,5,0,0.0,0.0,0.0,0.0
P2,R02,training,26,6,0,0.0,0.0,0.0,0.0
P2,R02,training,26,7,0,0.0,0.0,0.0,0.0
P2,R02,training,26,8,0,0.0,0.0,0.0,0.0
P2,R02,training,26,9,0,0.0,0.0,0.0,0.0
P2,R02,training,26,10,0,0.0,0.0,0.0,0.0
P2,R02,training,26,11,0,0.0,0.0,0.0,0.0
P2,R02,training,26,12,0,0.0,0.0,0.0,0.0
P2,R02,training,26,13,0,0.0,0.0,0.0,0.0
P2,R02,training,26,14,0,0.0,0.0,0.0,0.0
P2,R02,training,26,15,0,0.0,0.0,0.0,0.0
P2,R02,training,26,16,0,0.0,0.0,0.0,0.0
P2,R02,training,26,17,0,0.0,0.0,0.0,0.0
P2,R02,training,26,18,0,0.0,0.0,0.0,0.0
P2,R02,training,26,19,0,0.0,0.0,0.0,0.0
P2,R02,training,26,20,0,0.0,0.0,0.0,0.0
P2,R02,training,26,21,0,0.0,0.0,0.0,0.0
P2,R02,training,26,22,0,0.0,0.0,0.0,0.0
P2,R02,training,26,23,0,0.0,0.0,0.0,0.0
P2,R02,training,26,24,0,0.0,0.0,0.0,0.0
P2,R02,training,26,25,0,0.0,0.0,0.0,0.0
P2,R02,training,26,26,0,0.0,0.0,0.0,0.0
P2,R02,training,26,27,0,0.0,0.0,0.0,0.0
P2,R02,training,26,28,0,0.0,0.0,0.0,0.0
P2,R02,training,26,29,0,0.0,0.0,0.0,0.0
P2,R02,training,26,30,0,0.0,0.0,0.0,0.0
P2,R02,training,26,31,0,0.0,0.0,0.0,0.0
P2,R02,training,26,32,0,0.0,0.0,0.0,0.0
P2,R02,training,26,33,0,0.0,0.0,0.0,0.0
P2,R02,training,26,34,0,0.0,0.0,0.0,0.0
P2,R02,training,26,35,0,0.0,0.0,0.0,0.0
P2,R02,training,26,36,0,0.0,0.0,0.0,0.0
P2,R02,training,26,37,0,0.0,0.0,0.0,0.0
P2,R02,training,26,38,0,0.0,0.0,0.0,0.0
P2,R02,training,26,39,0,0.0,0.0,0.0,0.0
P2,R02,training,26,40,0,0.0,0.0,0.0,0.0
P2,R02,training,26,41,0,0.0,0.0,0.0,0.0
P2,R02,training,26,42,0,0.0,0.0,0.0,0.0
P2,R02,training,26,43,0,0.0,0.0,0.0,0.0
P2,R02,training,26,44,0,0.0,0.0,0.0,0.0
P2,R02,training,26,45,0,0.0,0.0,0.0,0.0
P2,R02,training,26,46,0,0.0,0.0,0.0,0.0
P2,R02,training,26,47,0,0.0,0.0,0.0,0.0
P2,R02,training,26,48,0,0.0,0.0,0.0,0.0
P2,R02,training,26,49,0,0.0,0.0,0.0,0.0
P2,R02,training,26,50,0,0.0,0.0,0.0,0.0
P2,R02,training,26,51,0,0.0,0.0,0.0,0.0
P2,R02,training,26,52,0,0.0,0.0,0.0,0.0
P2,R02,training,26,53,0,0.0,0.0,0.0,0.0
P2,R02,training,26,54,0,0.0,0.0,0.0,0.0
P2,R02,training,26,55,0,0.0,0.0,0.0,0.0
P2,R02,training,26,56,0,0.0,0.0,0.0,0.0
P2,R02,training,26,57,0,0.0,0.0,0.0,0.0
P2,R02,training,26,58,0,0.0,0.0,0.0,0.0
P2,R02,training,26,59,0,0.0,0.0,0.0,0.0
P2,R02,training,26,60,0,0.0,0.0,0.0,0.0
P2,R02,training,26,61,0,0.0,0.0,0.0,0.0
P2,R02,training,26,62,0,0.0,0.0,0.0,0.0
P2,R02,training,26,63,0,0.0,0.0,0.0,0.0
P2,R02,training,26,64,0,0.0,0.0,0.0,0.0
P2,R02,training,26,65,0,0.0,0.0,0.0,0.0
P2,R02,training,26,66,0,0.0,0.0,0.0,0.0
P2,R02,training,26,67,0,0.0,0.0,0.0,0.0
P2,R02,training,26,68,0,0.0,0.0,0.0,0.0
P2,R02,training,26,69,0,0.0,0.0,0.0,0.0
P2,R02,training,26,70,0,0.0,0.0,0.0,0.0
P2,R02,training,26,71,0,0.0,0.0,0.0,0.0
P2,R02,training,26,72,0,0.0,0.0,0.0,0.0
P2,R02,training,26,73,0,0.0,0.0,0.0,0.0
P2,R02,training,26,74,0,0.0,0.0,0.0,0.0
P2,R02,training,26,75,0,0.0,0.0,0.0,0.0
P2,R02,training,26,76,0,0.0,0.0,0.0,0.0
P2,R02,training,26,77,0,0.0,0.0,0.0,0.0
P2,R02,training,26,78,0,0.0,0.0,0.0,0.0
P2,R02,training,26,79,0,0.0,0.0,0.0,0.0
P2,R02,training,26,80,0,0.0,0.0,0.0,0.0
P2,R02,training,26,81,0,0.0,0.0,0.0,0.0
P2,R02,training,26,82,0,0.0,0.0,0.0,0.0
P2,R02,training,26,83,0,0.0,0.0,0.0,0.0
P2,R02,training,26,84,0,0.0,0.0,0.0,0.0
P2,R02,training,26,85,0,0.0,0.0,0.0,0.0
P2,R02,training,26,86,0,0.0,0.0,0.0,0.0
P2,R02,training,26,87,0,0.0,0.0,0.0,0.0
P2,R02,training,26,88,0,0.0,0.0,0.0,0.0
P2,R02,training,26,89,0,0.0,0.0,0.0,0.0
P2,R02,training,26,90,0,0.0,0.0,0.0,0.0
P2,R02,training,26,91,0,0.0,0.0,0.0,0.0
P2,R02,training,26,92,0,0.0,0.0,0.0,0.0
P2,R02,training,26,93,0,0.0,0.0,0.0,0.0
P2,R02,training,26,94,0,0.0,0.0,0.0,0.0
P2,R02,training,26,95,0,0.0,0.0,0.0,0.0
P2,R02,training,26,96,0,0.0,0.0,0.0,0.0
P2,R02,training,26,97,0,0.0,0.0,0.0,0.0
P2,R02,training,26,98,0,0.0,0.0,0.0,0.0
P2,R02,training,26,99,0,0.0,0.0,0.0,0.0
P2,R02,training,26,100,0,0.0,0.0,0.0,0.0
P2,R02,training,26,101,0,0.0,0.0,0.0,0.0
P2,R02,training,26,102,0,0.0,0.0,0.0,0.0
P2,R02,training,26,103,0,0.0,0.0,0.0,0.0
P2,R02,training,26,104,0,0.0,0.0,0.0,0.0
P2,R02,training,26,105,0,0.0,0.0,0.0,0.0
P2,R02,training,26,106,0,0.0,0.0,0.0,0.0
P2,R02,training,26,107,0,0.0,0.0,0.0,0.0
P2,R02,training,26,108,0,0.0,0.0,0.0,0.0
P2,R02,training,26,109,0,0.0,0.0,0.0,0.0
P2,R02,training,26,110,0,0.0,0.0,0.0,0.0
P2,R02,training,26,111,0,0.0,0.0,0.0,0.0
P2,R02,training,26,112,0,0.0,0.0,0.019071725934401627,0.01586989926383852
P2,R02,training,26,113,0,0.0,0.0,0.019071725934401627,0.01590336245308244
P2,R02,training,26,114,0,0.0,0.0,0.019071725934401627,0.015936702722087314
P2,R02,training,26,115,0,0.0,0.0,0.019071725934401627,0.01596991900278156
P2,R02,training,26,116,0,0.0,0.0,0.019071725934401627,0.016003010229381488
P2,R02,training,26,117,0,0.0,0.0,0.019071725934401627,0.01603597533844788
P2,R02,training,26,118,0,0.0,0.0,0.019071725934401627,0.01606881326894254
P2,R02,training,26,119,0,0.0,0.0,0.019071725934401627,0.016101522962284814
P2,R02,training,26,120,0,0.0,0.0,0.019071725934401627,0.016134103362408097
P2,R02,training,26,121,0,0.0,0.0,0.019071725934401627,0.01616655341581626
P2,R02,training,26,122,0,0.0,0.0,0.019071725934401627,0.0161988720716401
P2,R02,training,26,123,0,0.0,0.0,0.019071725934401627,0.016231058281693665
P2,R02,training,26,124,0,0.0,0.0,0.019071725934401627,0.0162631110005306
P2,R02,training,26,125,0,0.0,0.0,0.019071725934401627,0.016295029185500402
P2,R02,training,26,126,0,0.0,0.0,0.019071725934401627,0.016326811796804612
P2,R02,training,26,127,0,0.0,0.0,0.019071725934401627,0.016358457797552982
P2,R02,training,26,128,0,0.0,0.0,0.03936290464071715,0.03382791242892413
P2,R02,training,26,129,0,0.0,0.0,0.03936290464071715,0.03389265757895913
P2,R02,training,26,130,0,0.0,0.0,0.03936290464071715,0.03395711438988785
P2,R02,training,26,131,0,0.0,0.0,0.03936290464071715,0.034021280746795834
P2,R02,training,26,132,0,0.0,0.0,0.03936290464071715,0.0340851545413481
P2,R02,training,26,133,0,0.0,0.0,0.03936290464071715,0.034148733671904026
P2,R02,training,26,134,0,0.0,0.0,0.03936290464071715,0.034212016043632096
P2,R02,training,26,135,0,0.0,0.0,0.03936290464071715,0.03427499956862439
P2,R02,training,26,136,0,0.0,0.0,0.03936290464071715,0.03433768216601094
P2,R02,training,26,137,0,0.0,0.0,0.03936290464071715,0.0344000617620738
P2,R02,training,26,138,0,0.0,0.0,0.03936290464071715,0.034462136290360955
P2,R02,training,26,139,0,0.0,0.0,0.03936290464071715,0.034523903691799904
P2,R02,training,26,140,0,0.0,0.0,0.03936290464071715,0.03458536191481111
P2,R02,training,26,141,0,0.0,0.0,0.03936290464071715,0.034646508915421134
P2,R02,training,26,142,0,0.0,0.0,0.03936290464071715,0.0347073426573755
P2,R02,training,26,143,0,0.0,0.0,0.03936290464071715,0.034767861112251365
P2,R02,training,26,144,0,0.0,0.0,0.041790367045453414,0.036975866455845156
P2,R02,training,26,145,0,0.0,0.0,0.041790367045453414,0.03703944112256883
P2,R02,training,26,146,0,0.0,0.0,0.041790367045453414,0.03710267464938256
P2,R02,training,26,147,0,0.0,0.0,0.041790367045453414,0.03716556491722097
P2,R02,training,26,148,0,0.0,0.0,0.041790367045453414,0.03722810981592646
P2,R02,training,26,149,0,0.0,0.0,0.041790367045453414,0.03729030724436687
P2,R02,training,26,150,0,0.0,0.0,0.041790367045453414,0.03735215511055278
P2,R02,training,26,151,0,0.0,0.0,0.041790367045453414,0.03741365133175446
P2,R02,training,26,152,0,0.0,0.0,0.041790367045453414,0.03747479383461848
P2,R02,training,26,153,0,0.0,0.0,0.041790367045453414,0.03753558055528385
P2,R02,training,26,154,0,0.0,0.0,0.041790367045453414,0.03759600943949793
P2,R02,training,26,155,0,0.0,0.0,0.041790367045453414,0.037656078442731764
P2,R02,training,26,156,0,0.0,0.0,0.041790367045453414,0.03771578553029516
P2,R02,training,26,157,0,0.0,0.0,0.041790367045453414,0.03777512867745126
P2,R02,training,26,158,0,0.0,0.0,0.041790367045453414,0.03783410586953075
P2,R02,training,26,159,0,0.0,0.0,0.041790367045453414,0.03789271510204562
P2,R02,training,26,160,0,0.0,0.0,0.04392716105107698,0.03989143438999668
P2,R02,training,26,161,0,0.0,0.0,0.04392716105107698,0.039952260561116136
P2,R02,training,26,162,0,0.0,0.0,0.04392716105107698,0.04001269370289568
P2,R02,training,26,163,0,0.0,0.0,0.04392716105107698,0.04007273175234906
P2,R02,training,26,164,0,0.0,0.0,0.04392716105107698,0.04013237265778261
P2,R02,training,26,165,0,0.0,0.0,0.04392716105107698,0.04019161437891191
P2,R02,training,26,166,0,0.0,0.0,0.04392716105107698,0.04025045488697791
P2,R02,training,26,167,0,0.0,0.0,0.04392716105107698,0.04030889216486254
P2,R02,training,26,168,0,0.0,0.0,0.04392716105107698,0.04036692420720376
P2,R02,training,26,169,0,0.0,0.0,0.04392716105107698,0.04042454902051012
P2,R02,training,26,170,0,0.0,0.0,0.04392716105107698,0.040481764623274685
P2,R02,training,26,171,0,0.0,0.0,0.04392716105107698,0.04053856904608847
P2,R02,training,26,172,0,0.0,0.0,0.04392716105107698,0.04059496033175325
P2,R02,training,26,173,0,0.0,0.0,0.04392716105107698,0.040650936535393804
P2,R02,training,26,174,0,0.0,0.0,0.04392716105107698,0.04070649572456958
P2,R02,training,26,175,0,0.0,0.0,0.04392716105107698,0.040761635979385744
P2,R02,training,26,176,0,0.0,0.0,0.04571492307449729,0.04247751282593914
P2,R02,training,26,177,0,0.0,0.0,0.04571492307449729,0.04253401928708021
P2,R02,training,26,178,0,0.0,0.0,0.04571492307449729,0.042590083849323494
P2,R02,training,26,179,0,0.0,0.0,0.04571492307449729,0.04264570456800576
P2,R02,training,26,180,0,0.0,0.0,0.04571492307449729,0.042700879512088244
P2,R02,training,26,181,0,0.0,0.0,0.04571492307449729,0.042755606764268296
P2,R02,training,26,182,0,0.0,0.0,0.04571492307449729,0.04280988442109028
P2,R02,training,26,183,0,0.0,0.0,0.04571492307449729,0.04286371059305585
P2,R02,training,26,184,0,0.0,0.0,0.04571492307449729,0.04291708340473347
P2,R02,training,26,185,0,0.0,0.0,0.04571492307449729,0.042970000994867225
P2,R02,training,26,186,0,0.0,0.0,0.04571492307449729,0.043022461516484915
P2,R02,training,26,187,0,0.0,0.0,0.04571492307449729,0.043074463137005435
P2,R02,training,26,188,0,0.0,0.0,0.04571492307449729,0.043126004038345364
P2,R02,training,26,189,0,0.0,0.0,0.04571492307449729,0.04317708241702485
P2,R02,training,26,190,0,0.0,0.0,0.04571492307449729,0.04322769648427271
P2,R02,training,26,191,0,0.0,0.0,0.04571492307449729,0.043277844466130755
P2,R02,training,26,192,0,0.0,0.0,0.04710323757754961,0.04464333630667345
P2,R02,training,26,193,0,0.0,0.0,0.04710323757754961,0.04469404132865971
P2,R02,training,26,194,0,0.0,0.0,0.04710323757754961,0.04474426071987515
P2,R02,training,26,195,0,0.0,0.0,0.04710323757754961,0.04479399271459869
P2,R02,training,26,196,0,0.0,0.0,0.04710323757754961,0.044843235562897495
P2,R02,training,26,197,0,0.0,0.0,0.04710323757754961,0.044891987530729476
P2,R02,training,26,198,0,0.0,0.0,0.04710323757754961,0.044940246900045076
P2,R02,training,26,199,0,0.0,0.0,0.04710323757754961,0.044988011968888124
P2,R02,training,26,200,0,0.0,0.0,0.04710323757754961,0.045035281051495804
P2,R02,training,26,201,0,0.0,0.0,0.04710323757754961,0.045082052478397784
P2,R02,training,26,202,0,0.0,0.0,0.04710323757754961,0.04512832459651446
P2,R02,training,26,203,0,0.0,0.0,0.04710323757754961,0.04517409576925429
P2,R02,training,26,204,0,0.0,0.0,0.04710323757754961,0.04521936437661021
P2,R02,training,26,205,0,0.0,0.0,0.04710323757754961,0.045264128815255225
P2,R02,training,26,206,0,0.0,0.0,0.04710323757754961,0.04530838749863694
P2,R02,training,26,207,0,0.0,0.0,0.04710323757754961,0.04535213885707134
P2,R02,training,26,208,0,0.0,0.0,0.048051996263312385,0.04630974019197741
P2,R02,training,26,209,0,0.0,0.0,0.048051996263312385,0.04635333297348826
P2,R02,training,26,210,0,0.0,0.0,0.048051996263312385,0.046396403511743546
P2,R02,training,26,211,0,0.0,0.0,0.048051996263312385,0.04643895027521149
P2,R02,training,26,212,0,0.0,0.0,0.048051996263312385,0.04648097175003187
P2,R02,training,26,213,0,0.0,0.0,0.048051996263312385,0.04652246644010579
P2,R02,training,26,214,0,0.0,0.0,0.048051996263312385,0.04656343286718441
P2,R02,training,26,215,0,0.0,0.0,0.048051996263312385,0.04660386957095671
P2,R02,training,26,216,0,0.0,0.0,0.048051996263312385,0.04664377510913625
P2,R02,training,26,217,0,0.0,0.0,0.048051996263312385,0.04668314805754687
P2,R02,training,26,218,0,0.0,0.0,0.048051996263312385,0.0467219870102074
P2,R02,training,26,219,0,0.0,0.0,0.048051996263312385,0.0467602905794153
P2,R02,training,26,220,0,0.0,0.0,0.048051996263312385,0.04679805739582933
P2,R02,training,26,221,0,0.0,0.0,0.048051996263312385,0.04683528610855109
P2,R02,training,26,222,0,0.0,0.0,0.048051996263312385,0.04687197538520553
P2,R02,training,26,223,0,0.0,0.0,0.048051996263312385,0.04690812391202048
P2,R02,training,26,224,0,1.0,0.3340540301796863,0.04853332235899656,0.047413955238332514
P2,R02,training,26,225,0,1.0,0.3340540301796863,0.04853332235899656,0.04744936961878927
P2,R02,training,26,226,0,1.0,0.3340540301796863,0.04853332235899656,0.047484233965561964
P2,R02,training,26,227,0,1.0,0.3340540301796863,0.04853332235899656,0.047518547027656316
P2,R02,training,26,228,0,1.0,0.3340540301796863,0.04853332235899656,0.04755230757325219
P2,R02,training,26,229,0,1.0,0.3340540301796863,0.04853332235899656,0.04758551438977736
P2,R02,training,26,230,0,1.0,0.3340540301796863,0.04853332235899656,0.047618166283980044
P2,R02,training,26,231,0,1.0,0.3340540301796863,0.04853332235899656,0.04765026208200036
P2,R02,training,26,232,0,1.0,0.3340540301796863,0.04853332235899656,0.047681800629440683
P2,R02,training,26,233,0,1.0,0.3340540301796863,0.04853332235899656,0.04771278079143485
P2,R02,training,26,234,0,1.0,0.3340540301796863,0.04853332235899656,0.04774320145271616
P2,R02,training,26,235,0,1.0,0.3340540301796863,0.04853332235899656,0.047773061517684345
P2,R02,training,26,236,0,1.0,0.3340540301796863,0.04853332235899656,0.04780235991047129
P2,R02,training,26,237,0,1.0,0.3340540301796863,0.04853332235899656,0.047831095575005665
P2,R02,training,26,238,0,1.0,0.3340540301796863,0.04853332235899656,0.04785926747507634
P2,R02,training,26,239,0,1.0,0.3340540301796863,0.04853332235899656,0.047886874594394675
P2,R02,training,26,240,0,0.0,0.3329788179887524,0.048532931199093375,0.04791352976892987
P2,R02,training,26,241,0,0.0,0.3329788179887524,0.048532931199093375,0.04794000414449689
P2,R02,training,26,242,0,0.0,0.3329788179887524,0.048532931199093375,0.047965910815161224
P2,R02,training,26,243,0,0.0,0.3329788179887524,0.048532931199093375,0.04799124884493091
P2,R02,training,26,244,0,0.0,0.3329788179887524,0.048532931199093375,0.04801601731803003
P2,R02,training,26,245,0,0.0,0.3329788179887524,0.048532931199093375,0.04804021533895379
P2,R02,training,26,246,0,0.0,0.3329788179887524,0.048532931199093375,0.04806384203252255
P2,R02,training,26,247,0,0.0,0.3329788179887524,0.048532931199093375,0.048086896543934526
P2,R02,training,26,248,0,0.0,0.3329788179887524,0.048532931199093375,0.04810937803881737
P2,R02,training,26,249,0,0.0,0.3329788179887524,0.048532931199093375,0.04813128570327846
P2,R02,training,26,250,0,0.0,0.3329788179887524,0.048532931199093375,0.04815261874395406
P2,R02,training,26,251,0,0.0,0.3329788179887524,0.048532931199093375,0.048173376388057146
P2,R02,training,26,252,0,0.0,0.3329788179887524,0.048532931199093375,0.0481935578834241
P2,R02,training,26,253,0,0.0,0.3329788179887524,0.048532931199093375,0.04821316249856013
P2,R02,training,26,254,0,0.0,0.3329788179887524,0.048532931199093375,0.04823218952268344
P2,R02,training,26,255,0,0.0,0.3329788179887524,0.048532931199093375,0.04825063826576819
P2,R02,training,26,256,0,0.0,0.0,0.04805083445023933,0.04778903792908549
P2,R02,training,26,257,0,0.0,0.0,0.04805083445023933,0.04780615637292823
P2,R02,training,26,258,0,0.0,0.0,0.04805083445023933,0.0478227003542169
P2,R02,training,26,259,0,0.0,0.0,0.04805083445023933,0.047838669272379654
P2,R02,training,26,260,0,0.0,0.0,0.04805083445023933,0.047854062547588505
P2,R02,training,26,261,0,0.0,0.0,0.04805083445023933,0.04786887962079444
P2,R02,training,26,262,0,0.0,0.0,0.04805083445023933,0.04788311995376122
P2,R02,training,26,263,0,0.0,0.0,0.04805083445023933,0.04789678302909799
P2,R02,training,26,264,0,0.0,0.0,0.04805083445023933,0.047909868350290624
P2,R02,training,26,265,0,0.0,0.0,0.04805083445023933,0.047922375441731765
P2,R02,training,26,266,0,0.0,0.0,0.04805083445023933,0.047934303848749645
P2,R02,training,26,267,0,0.0,0.0,0.04805083445023933,0.04794565313763565
P2,R02,training,26,268,0,0.0,0.0,0.04805083445023933,0.04795642289567058
P2,R02,training,26,269,0,0.0,0.0,0.04805083445023933,0.04796661273114967
P2,R02,training,26,270,0,0.0,0.0,0.04805083445023933,0.04797622227340635
P2,R02,training,26,271,0,0.0,0.0,0.04805083445023933,0.047985251172834704
P2,R02,training,26,272,0,0.0,0.0,0.04710133953319462,0.04704533319076856
P2,R02,training,26,273,0,0.0,0.0,0.04710133953319462,0.047053044393372344
P2,R02,training,26,274,0,0.0,0.0,0.04710133953319462,0.04706018552275169
P2,R02,training,26,275,0,0.0,0.0,0.04710133953319462,0.047066756318982196
P2,R02,training,26,276,0,0.0,0.0,0.04710133953319462,0.04707275654287535
P2,R02,training,26,277,0,0.0,0.0,0.04710133953319462,0.04707818597599302
P2,R02,training,26,278,0,0.0,0.0,0.04710133953319462,0.047083044420660684
P2,R02,training,26,279,0,0.0,0.0,0.04710133953319462,0.04708733169997946
P2,R02,training,26,280,0,0.0,0.0,0.04710133953319462,0.04709104765783683
P2,R02,training,26,281,0,0.0,0.0,0.04710133953319462,0.047094192158916116
P2,R02,training,26,282,0,0.0,0.0,0.04710133953319462,0.04709676508870469
P2,R02,training,26,283,0,0.0,0.0,0.04710133953319462,0.047098766353500895
P2,R02,training,26,284,0,0.0,0.0,0.04710133953319462,0.0471001958804198
P2,R02,training,26,285,0,0.0,0.0,0.04710133953319462,0.04710105361739756
P2,R02,training,26,286,0,0.0,0.0,0.04710133953319462,0.04710133953319462
P2,R02,training,26,287,0,0.0,0.0,0.04710133953319462,0.04710105361739756
P2,R02,training,26,288,0,0.0,0.0,0.045712344281895786,0.045711234354876736
P2,R02,training,26,289,0,0.0,0.0,0.045712344281895786,0.04570984698400098
P2,R02,training,26,290,0,0.0,0.0,0.045712344281895786,0.04570790473551569
P2,R02,training,26,291,0,0.0,0.0,0.045712344281895786,0.04570540768015646
P2,R02,training,26,292,0,0.0,0.0,0.045712344281895786,0.04570235590886172
P2,R02,training,26,293,0,0.0,0.0,0.045712344281895786,0.04569874953276719
P2,R02,training,26,294,0,0.0,0.0,0.045712344281895786,0.04569458868319911
P2,R02,training,26,295,0,0.0,0.0,0.045712344281895786,0.045689873511666326
P2,R02,training,26,296,0,0.0,0.0,0.045712344281895786,0.04568460418985106
P2,R02,training,26,297,0,0.0,0.0,0.045712344281895786,0.04567878090959851
P2,R02,training,26,298,0,0.0,0.0,0.045712344281895786,0.04567240388290517
P2,R02,training,26,299,0,0.0,0.0,0.045712344281895786,0.045665473341906015
P2,R02,training,26,300,0,0.0,0.0,0.045712344281895786,0.04565798953886039
P2,R02,training,26,301,0,0.0,0.0,0.045712344281895786,0.045649952746136715
P2,R02,training,26,302,0,0.0,0.0,0.045712344281895786,0.04564136325619595
P2,R02,training,26,303,0,0.0,0.0,0.045712344281895786,0.045632221381573905
P2,R02,training,26,304,0,0.0,0.0,0.04392397536056686,0.04383767236824473
P2,R02,training,26,305,0,0.0,0.0,0.04392397536056686,0.043827827573831114
P2,R02,training,26,306,0,0.0,0.0,0.04392397536056686,0.043817453021732435
P2,R02,training,26,307,0,0.0,0.0,0.04392397536056686,0.0438065490892214
P2,R02,training,26,308,0,0.0,0.0,0.04392397536056686,0.04379511617275745
P2,R02,training,26,309,0,0.0,0.0,0.04392397536056686,0.043783154687962726
P2,R02,training,26,310,0,0.0,0.0,0.04392397536056686,0.04377066506959692
P2,R02,training,26,311,0,0.0,0.0,0.04392397536056686,0.04375764777153091
P2,R02,training,26,312,0,0.0,0.0,0.04392397536056686,0.043744103266719306
P2,R02,training,26,313,0,0.0,0.0,0.04392397536056686,0.04373003204717176
P2,R02,training,26,314,0,0.0,0.0,0.04392397536056686,0.043715434623923216
P2,R02,training,26,315,0,0.0,0.0,0.04392397536056686,0.04370031152700298
P2,R02,training,26,316,0,0.0,0.0,0.04392397536056686,0.04368466330540261
P2,R02,training,26,317,0,0.0,0.0,0.04392397536056686,0.04366849052704275
P2,R02,training,26,318,0,0.0,0.0,0.04392397536056686,0.043651793778738714
P2,R02,training,26,319,0,0.0,0.0,0.04392397536056686,0.04363457366616508
P2,R02,training,26,320,0,0.0,0.0,0.041786663163572886,0.04149446407157076
P2,R02,training,26,321,0,0.0,0.0,0.041786663163572886,0.041477087883316714
P2,R02,training,26,322,0,0.0,0.0,0.041786663163572886,0.04145921563326351
P2,R02,training,26,323,0,0.0,0.0,0.041786663163572886,0.04144084796902108
P2,R02,training,26,324,0,0.0,0.0,0.041786663163572886,0.041421985555956
P2,R02,training,26,325,0,0.0,0.0,0.041786663163572886,0.04140262907715135
P2,R02,training,26,326,0,0.0,0.0,0.041786663163572886,0.04138277923336547
P2,R02,training,26,327,0,0.0,0.0,0.041786663163572886,0.04136243674298967
P2,R02,training,26,328,0,0.0,0.0,0.041786663163572886,0.041341602342004936
P2,R02,training,26,329,0,0.0,0.0,0.041786663163572886,0.04132027678393751
P2,R02,training,26,330,0,0.0,0.0,0.041786663163572886,0.041298460839813485
P2,R02,training,26,331,0,0.0,0.0,0.041786663163572886,0.04127615529811234
P2,R02,training,26,332,0,0.0,0.0,0.041786663163572886,0.041253360964719474
P2,R02,training,26,333,0,0.0,0.0,0.041786663163572886,0.04123007866287764
P2,R02,training,26,334,0,0.0,0.0,0.041786663163572886,0.041206309233137416
P2,R02,training,26,335,0,0.0,0.0,0.041786663163572886,0.04118205353330662
P2,R02,training,26,336,0,0.0,0.0,0.03935878203463247,0.03876599773121719
P2,R02,training,26,337,0,0.0,0.0,0.03935878203463247,0.038742237786510814
P2,R02,training,26,338,0,0.0,0.0,0.03935878203463247,0.03871802234583009
P2,R02,training,26,339,0,0.0,0.0,0.03935878203463247,0.038693352281665434
P2,R02,training,26,340,0,0.0,0.0,0.03935878203463247,0.03866822848250932
P2,R02,training,26,341,0,0.0,0.0,0.03935878203463247,0.038642651852803016
P2,R02,training,26,342,0,0.0,0.0,0.03935878203463247,0.038616623312882244
P2,R02,training,26,343,0,0.0,0.0,0.03935878203463247,0.03859014379892201
P2,R02,training,26,344,0,0.0,0.0,0.03935878203463247,0.038563214262880556
P2,R02,training,26,345,0,0.0,0.0,0.03935878203463247,0.03853583567244223
P2,R02,training,26,346,0,0.0,0.0,0.03935878203463247,0.038508009010959576
P2,R02,training,26,347,0,0.0,0.0,0.03935878203463247,0.0384797352773945
P2,R02,training,26,348,0,0.0,0.0,0.03935878203463247,0.03845101548625845
P2,R02,training,26,349,0,0.0,0.0,0.03935878203463247,0.0384218506675518
P2,R02,training,26,350,0,0.0,0.0,0.03935878203463247,0.03839224186670227
P2,R02,training,26,351,0,0.0,0.0,0.03935878203463247,0.038362190144502484
P2,R02,training,26,352,0,0.0,0.0,0.0190103401992384,0.018514256658207648
P2,R02,training,26,353,0,0.0,0.0,0.0190103401992384,0.01849931534288042
P2,R02,training,26,354,0,0.0,0.0,0.0190103401992384,0.018484161677307463
P2,R02,training,26,355,0,0.0,0.0,0.0190103401992384,0.018468796203227823
P2,R02,training,26,356,0,0.0,0.0,0.0190103401992384,0.018453219469644656
P2,R02,training,26,357,0,0.0,0.0,0.0190103401992384,0.01843743203279251
P2,R02,training,26,358,0,0.0,0.0,0.0190103401992384,0.018421434456104228
P2,R02,training,26,359,0,0.0,0.0,0.0190103401992384,0.018405227310177463
P2,R02,training,26,360,0,0.0,0.0,0.0190103401992384,0.018388811172740747
P2,R02,training,26,361,0,0.0,0.0,0.0190103401992384,0.018372186628619173
P2,R02,training,26,362,0,0.0,0.0,0.0190103401992384,0.01835535426969968
P2,R02,training,26,363,0,0.0,0.0,0.0190103401992384,0.01833831469489595
P2,R02,training,26,364,0,0.0,0.0,0.0190103401992384,0.018321068510112882
P2,R02,training,26,365,0,0.0,0.0,0.0190103401992384,0.018303616328210707
P2,R02,training,26,366,0,0.0,0.0,0.0190103401992384,0.018285958768968682
P2,R02,training,26,367,0,0.0,0.0,0.0190103401992384,0.018268096459048443
P2,R02,training,26,368,0,0.0,0.0,0.0,0.0
P2,R02,training,26,369,0,0.0,0.0,0.0,0.0
P2,R02,training,26,370,0,0.0,0.0,0.0,0.0
P2,R02,training,26,371,0,0.0,0.0,0.0,0.0
P2,R02,training,26,372,0,0.0,0.0,0.0,0.0
P2,R02,training,26,373,0,0.0,0.0,0.0,0.0
P2,R02,training,26,374,0,0.0,0.0,0.0,0.0
P2,R02,training,26,375,0,0.0,0.0,0.0,0.0
P2,R02,training,26,376,0,0.0,0.0,0.0,0.0
P2,R02,training,26,377,0,0.0,0.0,0.0,0.0
P2,R02,training,26,378,0,0.0,0.0,0.0,0.0
P2,R02,training,26,379,0,0.0,0.0,0.0,0.0
P2,R02,training,26,380,0,0.0,0.0,0.0,0.0
P2,R02,training,26,381,0,0.0,0.0,0.0,0.0
P2,R02,training,26,382,0,0.0,0.0,0.0,0.0
P2,R02,training,26,383,0,0.0,0.0,0.0,0.0
P2,R02,training,26,384,0,0.0,0.0,0.0,0.0
P2,R02,training,26,385,0,0.0,0.0,0.0,0.0
P2,R02,training,26,386,0,0.0,0.0,0.0,0.0
P2,R02,training,26,387,0,0.0,0.0,0.0,0.0
P2,R02,training,26,388,0,0.0,0.0,0.0,0.0
P2,R02,training,26,389,0,0.0,0.0,0.0,0.0
P2,R02,training,26,390,0,0.0,0.0,0.0,0.0
P2,R02,training,26,391,0,0.0,0.0,0.0,0.0
P2,R02,training,26,392,0,0.0,0.0,0.0,0.0
P2,R02,training,26,393,0,0.0,0.0,0.0,0.0
P2,R02,training,26,394,0,0.0,0.0,0.0,0.0
P2,R02,training,26,395,0,0.0,0.0,0.0,0.0
P2,R02,training,26,396,0,0.0,0.0,0.0,0.0
P2,R02,training,26,397,0,0.0,0.0,0.0,0.0
P2,R02,training,26,398,0,0.0,0.0,0.0,0.0
P2,R02,training,26,399,0,0.0,0.0,0.0,0.0
P2,R02,training,26,400,0,0.0,0.0,0.0,0.0
P2,R02,training,26,401,0,0.0,0.0,0.0,0.0
P2,R02,training,26,402,0,0.0,0.0,0.0,0.0
P2,R02,training,26,403,0,0.0,0.0,0.0,0.0
P2,R02,training,26,404,0,0.0,0.0,0.0,0.0
P2,R02,training,26,405,0,0.0,0.0,0.0,0.0
P2,R02,training,26,406,0,0.0,0.0,0.0,0.0
P2,R02,training,26,407,0,0.0,0.0,0.0,0.0
P2,R02,training,26,408,0,0.0,0.0,0.0,0.0
P2,R02,training,26,409,0,0.0,0.0,0.0,0.0
P2,R02,training,26,410,0,0.0,0.0,0.0,0.0
P2,R02,training,26,411,0,0.0,0.0,0.0,0.0
P2,R02,training,26,412,0,0.0,0.0,0.0,0.0
P2,R02,training,26,413,0,0.0,0.0,0.0,0.0
P2,R02,training,26,414,0,0.0,0.0,0.0,0.0
P2,R02,training,26,415,0,0.0,0.0,0.0,0.0
P2,R02,training,26,416,0,0.0,0.0,0.0,0.0
P2,R02,training,26,417,0,0.0,0.0,0.0,0.0
P2,R02,training,26,418,0,0.0,0.0,0.0,0.0
P2,R02,training,26,419,0,0.0,0.0,0.0,0.0
P2,R02,training,26,420,0,0.0,0.0,0.0,0.0
P2,R02,training,26,421,0,0.0,0.0,0.0,0.0
P2,R02,training,26,422,0,0.0,0.0,0.0,0.0
P2,R02,training,26,423,0,0.0,0.0,0.0,0.0
P2,R02,training,26,424,0,0.0,0.0,0.0,0.0
P2,R02,training,26,425,0,0.0,0.0,0.0,0.0
P2,R02,training,26,426,0,0.0,0.0,0.0,0.0
P2,R02,training,26,427,0,0.0,0.0,0.0,0.0
P2,R02,training,26,428,0,0.0,0.0,0.0,0.0
P2,R02,training,26,429,0,0.0,0.0,0.0,0.0
P2,R02,training,26,430,0,0.0,0.0,0.0,0.0
P2,R02,training,26,431,0,0.0,0.0,0.0,0.0
P2,R02,training,26,432,0,0.0,0.0,0.0,0.0
P2,R02,training,26,433,0,0.0,0.0,0.0,0.0
P2,R02,training,26,434,0,0.0,0.0,0.0,0.0
P2,R02,training,26,435,0,0.0,0.0,0.0,0.0
P2,R02,training,26,436,0,0.0,0.0,0.0,0.0
P2,R02,training,26,437,0,0.0,0.0,0.0,0.0
P2,R02,training,26,438,0,0.0,0.0,0.0,0.0
P2,R02,training,26,439,0,0.0,0.0,0.0,0.0
P2,R02,training,26,440,0,0.0,0.0,0.0,0.0
P2,R02,training,26,441,0,0.0,0.0,0.0,0.0
P2,R02,training,26,442,0,0.0,0.0,0.0,0.0
P2,R02,training,26,443,0,0.0,0.0,0.0,0.0
P2,R02,training,26,444,0,0.0,0.0,0.0,0.0
P2,R02,training,26,445,0,0.0,0.0,0.0,0.0
P2,R02,training,26,446,0,0.0,0.0,0.0,0.0
P2,R02,training,26,447,0,0.0,0.0,0.0,0.0
P2,R02,training,26,448,0,0.0,0.0,0.0,0.0
P2,R02,training,26,449,0,0.0,0.0,0.0,0.0
P2,R02,training,26,450,0,0.0,0.0,0.0,0.0
P2,R02,training,26,451,0,0.0,0.0,0.0,0.0
P2,R02,training,26,452,0,0.0,0.0,0.0,0.0
P2,R02,training,26,453,0,0.0,0.0,0.0,0.0
P2,R02,training,26,454,0,0.0,0.0,0.0,0.0
P2,R02,training,26,455,0,0.0,0.0,0.0,0.0
P2,R02,training,26,456,0,0.0,0.0,0.0,0.0
P2,R02,training,26,457,0,0.0,0.0,0.0,0.0
P2,R02,training,26,458,0,0.0,0.0,0.0,0.0
P2,R02,training,26,459,0,0.0,0.0,0.0,0.0
P2,R02,training,26,460,0,0.0,0.0,0.0,0.0
P2,R02,training,26,461,0,0.0,0.0,0.0,0.0
P2,R02,training,26,462,0,0.0,0.0,0.0,0.0
P2,R02,training,26,463,0,0.0,0.0,0.0,0.0
P2,R02,training,26,464,0,0.0,0.0,0.0,0.0
P2,R02,training,26,465,0,0.0,0.0,0.0,0.0
P2,R02,training,26,466,0,0.0,0.0,0.0,0.0
P2,R02,training,26,467,0,0.0,0.0,0.0,0.0
P2,R02,training,26,468,0,0.0,0.0,0.0,0.0
P2,R02,training,26,469,0,0.0,0.0,0.0,0.0
P2,R02,training,26,470,0,0.0,0.0,0.0,0.0
P2,R02,training,26,471,0,0.0,0.0,0.0,0.0
P2,R02,training,26,472,0,0.0,0.0,0.0,0.0
P2,R02,training,26,473,0,0.0,0.0,0.0,0.0
P2,R02,training,26,474,0,0.0,0.0,0.0,0.0
P2,R02,training,26,475,0,0.0,0.0,0.0,0.0
P2,R02,training,26,476,0,0.0,0.0,0.0,0.0
P2,R02,training,26,477,0,0.0,0.0,0.0,0.0
P2,R02,training,26,478,0,0.0,0.0,0.0,0.0
P2,R02,training,26,479,0,0.0,0.0,0.0,0.0
P2,R02,training,26,480,0,0.0,0.0,0.0,0.0
P2,R02,training,26,481,0,0.0,0.0,0.0,0.0
P2,R02,training,26,482,0,0.0,0.0,0.0,0.0
P2,R02,training,26,483,0,0.0,0.0,0.0,0.0
P2,R02,training,26,484,0,0.0,0.0,0.0,0.0
P2,R02,training,26,485,0,0.0,0.0,0.0,0.0
P2,R02,training,26,486,0,0.0,0.0,0.0,0.0
P2,R02,training,26,487,0,0.0,0.0,0.0,0.0
P2,R02,training,26,488,0,0.0,0.0,0.0,0.0
P2,R02,training,26,489,0,0.0,0.0,0.0,0.0
P2,R02,training,26,490,0,0.0,0.0,0.0,0.0
P2,R02,training,26,491,0,0.0,0.0,0.0,0.0
P2,R02,training,26,492,0,0.0,0.0,0.0,0.0
P2,R02,training,26,493,0,0.0,0.0,0.0,0.0
P2,R02,training,26,494,0,0.0,0.0,0.0,0.0
P2,R02,training,26,495,0,0.0,0.0,0.0,0.0
P2,R02,training,26,496,0,0.0,0.0,0.0,0.0
P2,R02,training,26,497,0,0.0,0.0,0.0,0.0
P2,R02,training,26,498,0,0.0,0.0,0.0,0.0
P2,R02,training,26,499,0,0.0,0.0,0.0,0.0
P2,R02,training,26,500,0,0.0,0.0,0.0,0.0
P2,R02,training,26,501,0,0.0,0.0,0.0,0.0
P2,R02,training,26,502,0,0.0,0.0,0.0,0.0
P2,R02,training,26,503,0,0.0,0.0,0.0,0.0
P2,R02,training,26,504,0,0.0,0.0,0.0,0.0
P2,R02,training,26,505,0,0.0,0.0,0.0,0.0
P2,R02,training,26,506,0,0.0,0.0,0.0,0.0
P2,R02,training,26,507,0,0.0,0.0,0.0,0.0
P2,R02,training,26,508,0,0.0,0.0,0.0,0.0
P2,R02,training,26,509,0,0.0,0.0,0.0,0.0
P2,R02,training,26,510,0,0.0,0.0,0.0,0.0
P2,R02,training,26,511,0,0.0,0.0,0.0,0.0
P2,R02,training,26,512,0,0.0,0.0,0.0,0.0
P2,R02,training,26,513,0,0.0,0.0,0.0,0.0
P2,R02,training,26,514,0,0.0,0.0,0.0,0.0
P2,R02,training,26,515,0,0.0,0.0,0.0,0.0
P2,R02,training,26,516,0,0.0,0.0,0.0,0.0
P2,R02,training,26,517,0,0.0,0.0,0.0,0.0
P2,R02,training,26,518,0,0.0,0.0,0.0,0.0
P2,R02,training,26,519,0,0.0,0.0,0.0,0.0
P2,R02,training,26,520,0,0.0,0.0,0.0,0.0
P2,R02,training,26,521,0,0.0,0.0,0.0,0.0
P2,R02,training,26,522,0,0.0,0.0,0.0,0.0
P2,R02,training,26,523,0,0.0,0.0,0.0,0.0
P2,R02,training,26,524,0,0.0,0.0,0.0,0.0
P2,R02,training,26,525,0,0.0,0.0,0.0,0.0
P2,R02,training,26,526,0,0.0,0.0,0.0,0.0
P2,R02,training,26,527,0,0.0,0.0,0.0,0.0
P2,R02,training,26,528,0,0.0,0.0,0.0,0.0
P2,R02,training,26,529,0,0.0,0.0,0.0,0.0
P2,R02,training,26,530,0,0.0,0.0,0.0,0.0
P2,R02,training,26,531,0,0.0,0.0,0.0,0.0
P2,R02,training,26,532,0,0.0,0.0,0.0,0.0
P2,R02,training,26,533,0,0.0,0.0,0.0,0.0
P2,R02,training,26,534,0,0.0,0.0,0.0,0.0
P2,R02,training,26,535,0,0.0,0.0,0.0,0.0
P2,R02,training,26,536,0,0.0,0.0,0.0,0.0
P2,R02,training,26,537,0,0.0,0.0,0.0,0.0
P2,R02,training,26,538,0,0.0,0.0,0.0,0.0
P2,R02,training,26,539,0,0.0,0.0,0.0,0.0
P2,R02,training,26,540,0,0.0,0.0,0.0,0.0
P2,R02,training,26,541,0,0.0,0.0,0.0,0.0
P2,R02,training,26,542,0,0.0,0.0,0.0,0.0
P2,R02,training,26,543,0,0.0,0.0,0.0,0.0
P2,R02,training,26,544,0,0.0,0.0,0.0,0.0
P2,R02,training,26,545,0,0.0,0.0,0.0,0.0
P2,R02,training,26,546,0,0.0,0.0,0.0,0.0
P2,R02,training,26,547,0,0.0,0.0,0.0,0.0
P2,R02,training,26,548,0,0.0,0.0,0.0,0.0
P2,R02,training,26,549,0,0.0,0.0,0.0,0.0
P2,R02,training,26,550,0,0.0,0.0,0.0,0.0
P2,R02,training,26,551,0,0.0,0.0,0.0,0.0
P2,R02,training,26,552,0,0.0,0.0,0.0,0.0
P2,R02,training,26,553,0,0.0,0.0,0.0,0.0
P2,R02,training,26,554,0,0.0,0.0,0.0,0.0
P2,R02,training,26,555,0,0.0,0.0,0.0,0.0
P2,R02,training,26,556,0,0.0,0.0,0.0,0.0
P2,R02,training,26,557,0,0.0,0.0,0.0,0.0
P2,R02,training,26,558,0,0.0,0.0,0.0,0.0
P2,R02,training,26,559,0,0.0,0.0,0.0,0.0
P2,R02,training,26,560,0,0.0,0.0,0.0,0.0
P2,R02,training,26,561,0,0.0,0.0,0.0,0.0
P2,R02,training,26,562,0,0.0,0.0,0.0,0.0
P2,R02,training,26,563,0,0.0,0.0,0.0,0.0
P2,R02,training,26,564,0,0.0,0.0,0.0,0.0
P2,R02,training,26,565,0,0.0,0.0,0.0,0.0
P2,R02,training,26,566,0,0.0,0.0,0.0,0.0
P2,R02,training,26,567,0,0.0,0.0,0.0,0.0
P2,R02,training,26,568,0,0.0,0.0,0.0,0.0
P2,R02,training,26,569,0,0.0,0.0,0.0,0.0
P2,R02,training,26,570,0,0.0,0.0,0.0,0.0
P2,R02,training,26,571,0,0.0,0.0,0.0,0.0
P2,R02,training,26,572,0,0.0,0.0,0.0,0.0
P2,R02,training,26,573,0,0.0,0.0,0.0,0.0
P3,R02,training,26,0,0,0.0,0.0,0.04225141828656341,0.02571607216397221
P3,R02,training,26,1,0,0.0,0.0,0.04225141828656341,0.02580536154831855
P3,R02,training,26,2,0,0.0,0.0,0.04225141828656341,0.025894646580855264
P3,R02,training,26,3,0,0.0,0.0,0.04225141828656341,0.02598392507486003
P3,R02,training,26,4,0,0.0,0.0,0.04225141828656341,0.02607319483629649
P3,R02,training,26,5,0,0.0,0.0,0.04225141828656341,0.02616245366389577
P3,R02,training,26,6,0,0.0,0.0,0.04225141828656341,0.026251699349238707
P3,R02,training,26,7,0,0.0,0.0,0.04225141828656341,0.02634092967683879
P3,R02,training,26,8,0,0.0,0.0,0.04225141828656341,0.026430142424225825
P3,R02,training,26,9,0,0.0,0.0,0.04225141828656341,0.02651933536203032
P3,R02,training,26,10,0,0.0,0.0,0.04225141828656341,0.026608506254068565
P3,R02,training,26,11,0,0.0,0.0,0.04225141828656341,0.026697652857428384
P3,R02,training,26,12,0,0.0,0.0,0.04225141828656341,0.026786772922555636
P3,R02,training,26,13,0,0.0,0.0,0.04225141828656341,0.026875864193341387
P3,R02,training,26,14,0,0.0,0.0,0.04225141828656341,0.026964924407209757
P3,R02,training,26,15,0,0.0,0.0,0.04225141828656341,0.027053951295206494
P3,R02,training,26,16,0,0.0,0.0,0.044116890026281344,0.028341349508365827
P3,R02,training,26,17,0,0.0,0.0,0.044116890026281344,0.028434230356279788
P3,R02,training,26,18,0,0.0,0.0,0.044116890026281344,0.02852706926050627
P3,R02,training,26,19,0,0.0,0.0,0.044116890026281344,0.02861986382621158
P3,R02,training,26,20,0,0.0,0.0,0.044116890026281344,0.028712611652374875
P3,R02,training,26,21,0,0.0,0.0,0.044116890026281344,0.028805310331884857
P3,R02,training,26,22,0,0.0,0.0,0.044116890026281344,0.028897957451637108
P3,R02,training,26,23,0,0.0,0.0,0.044116890026281344,0.028990550592632103
P3,R02,training,26,24,0,0.0,0.0,0.044116890026281344,0.029083087330073924
P3,R02,training,26,25,0,0.0,0.0,0.044116890026281344,0.029175565233469637
P3,R02,training,26,26,0,0.0,0.0,0.044116890026281344,0.02926798186672928
P3,R02,training,26,27,0,0.0,0.0,0.044116890026281344,0.029360334788266607
P3,R02,training,26,28,0,0.0,0.0,0.044116890026281344,0.029452621551100407
P3,R02,training,26,29,0,0.0,0.0,0.044116890026281344,0.02954483970295649
P3,R02,training,26,30,0,0.0,0.0,0.044116890026281344,0.02963698678637035
P3,R02,training,26,31,0,0.0,0.0,0.044116890026281344,0.029729060338790397
P3,R02,training,26,32,0,0.0,0.0,0.06464872903060144,0.0436996689921113
P3,R02,training,26,33,0,0.0,0.0,0.06464872903060144,0.043834366879537436
P3,R02,training,26,34,0,0.0,0.0,0.06464872903060144,0.0439689461458723
P3,R02,training,26,35,0,0.0,0.0,0.06464872903060144,0.044103403154215376
P3,R02,training,26,36,0,0.0,0.0,0.06464872903060144,0.04423773426098197
P3,R02,training,26,37,0,0.0,0.0,0.06464872903060144,0.04437193581606006
P3,R02,training,26,38,0,0.0,0.0,0.06464872903060144,0.04450600416296784
P3,R02,training,26,39,0,0.0,0.0,0.06464872903060144,0.04463993563901231
P3,R02,training,26,40,0,0.0,0.0,0.06464872903060144,0.044773726575448584
P3,R02,training,26,41,0,0.0,0.0,0.06464872903060144,0.04490737329764018
P3,R02,training,26,42,0,0.0,0.0,0.06464872903060144,0.04504087212521997
P3,R02,training,26,43,0,0.0,0.0,0.06464872903060144,0.04517421937225217
P3,R02,training,26,44,0,0.0,0.0,0.06464872903060144,0.04530741134739498
P3,R02,training,26,45,0,0.0,0.0,0.06464872903060144,0.04544044435406415
P3,R02,training,26,46,0,0.0,0.0,0.06464872903060144,0.04557331469059723
P3,R02,training,26,47,0,0.0,0.0,0.06464872903060144,0.04570601865041875
P3,R02,training,26,48,0,0.0,0.3331525376378978,0.06703464587492099,0.04753026365437991
P3,R02,training,26,49,0,0.0,0.3331525376378978,0.06703464587492099,0.04766750858416203
P3,R02,training,26,50,0,0.0,0.3331525376378978,0.06703464587492099,0.0478045694380057
P3,R02,training,26,51,0,0.0,0.3331525376378978,0.06703464587492099,0.04794144235389176
P3,R02,training,26,52,0,0.0,0.3331525376378978,0.06703464587492099,0.048078123465574676
P3,R02,training,26,53,0,0.0,0.3331525376378978,0.06703464587492099,0.04821460890275845
P3,R02,training,26,54,0,0.0,0.3331525376378978,0.06703464587492099,0.048350894791273274
P3,R02,training,26,55,0,0.0,0.3331525376378978,0.06703464587492099,0.04848697725325299
P3,R02,training,26,56,0,0.0,0.3331525376378978,0.06703464587492099,0.04862285240731317
P3,R02,training,26,57,0,0.0,0.3331525376378978,0.06703464587492099,0.048758516368729986
P3,R02,training,26,58,0,0.0,0.3331525376378978,0.06703464587492099,0.04889396524961977
P3,R02,training,26,59,0,0.0,0.3331525376378978,0.06703464587492099,0.049029195159119236
P3,R02,training,26,60,0,0.0,0.3331525376378978,0.06703464587492099,0.04916420220356644
P3,R02,training,26,61,0,0.0,0.3331525376378978,0.06703464587492099,0.04929898248668237
P3,R02,training,26,62,0,0.0,0.3331525376378978,0.06703464587492099,0.049433532109753237
P3,R02,training,26,63,0,0.0,0.3331525376378978,0.06703464587492099,0.04956784717181332
P3,R02,training,26,64,0,0.0,0.0,0.08789478856662915,0.0651683920170922
P3,R02,training,26,65,0,0.0,0.0,0.08789478856662915,0.06534387338366004
P3,R02,training,26,66,0,0.0,0.0,0.08789478856662915,0.06551903183750413
P3,R02,training,26,67,0,0.0,0.0,0.08789478856662915,0.06569386225434289
P3,R02,training,26,68,0,0.0,0.0,0.08789478856662915,0.06586835950815352
P3,R02,training,26,69,0,0.0,0.0,0.08789478856662915,0.0660425184714166
P3,R02,training,26,70,0,0.0,0.0,0.08789478856662915,0.06621633401536137
P3,R02,training,26,71,0,0.0,0.0,0.08789478856662915,0.06638980101021189
P3,R02,training,26,72,0,0.0,0.0,0.08789478856662915,0.06656291432543378
P3,R02,training,26,73,0,0.0,0.0,0.08789478856662915,0.06673566882998173
P3,R02,training,26,74,0,0.0,0.0,0.08789478856662915,0.06690805939254771
P3,R02,training,26,75,0,0.0,0.0,0.08789478856662915,0.06708008088180967
P3,R02,training,26,76,0,0.0,0.0,0.08789478856662915,0.06725172816668111
P3,R02,training,26,77,0,0.0,0.0,0.08789478856662915,0.06742299611656119
P3,R02,training,26,78,0,0.0,0.0,0.08789478856662915,0.06759387960158537
P3,R02,training,26,79,0,0.0,0.0,0.08789478856662915,0.06776437349287677
P3,R02,training,26,80,0,0.0,0.0,0.1094524745912461,0.08459655304088942
P3,R02,training,26,81,0,0.0,0.0,0.1094524745912461,0.08480787399719031
P3,R02,training,26,82,0,0.0,0.0,0.1094524745912461,0.08501869065535175
P3,R02,training,26,83,0,0.0,0.0,0.1094524745912461,0.08522899663661596
P3,R02,training,26,84,0,0.0,0.0,0.1094524745912461,0.08543878556503011
P3,R02,training,26,85,0,0.0,0.0,0.1094524745912461,0.08564805106776328
P3,R02,training,26,86,0,0.0,0.0,0.1094524745912461,0.0858567867754241
P3,R02,training,26,87,0,0.0,0.0,0.1094524745912461,0.08606498632237866
P3,R02,training,26,88,0,0.0,0.0,0.1094524745912461,0.08627264334706934
P3,R02,training,26,89,0,0.0,0.0,0.1094524745912461,0.08647975149233394
P3,R02,training,26,90,0,0.0,0.0,0.1094524745912461,0.08668630440572539
P3,R02,training,26,91,0,0.0,0.0,0.1094524745912461,0.08689229573983186
P3,R02,training,26,92,0,0.0,0.0,0.1094524745912461,0.08709771915259744
P3,R02,training,26,93,0,0.0,0.0,0.1094524745912461,0.08730256830764327
P3,R02,training,26,94,0,0.0,0.0,0.1094524745912461,0.08750683687458889
P3,R02,training,26,95,0,0.0,0.0,0.1094524745912461,0.08771051852937428
P3,R02,training,26,96,0,0.0,0.0,0.11245236421158769,0.09032315610342262
P3,R02,training,26,97,0,0.0,0.0,0.11245236421158769,0.0905311948339296
P3,R02,training,26,98,0,0.0,0.0,0.11245236421158769,0.09073861111620266
P3,R02,training,26,99,0,0.0,0.0,0.11245236421158769,0.09094539848213966
P3,R02,training,26,100,0,0.0,0.0,0.11245236421158769,0.09115155047179083
P3,R02,training,26,101,0,0.0,0.0,0.11245236421158769,0.09135706063369137
P3,R02,training,26,102,0,0.0,0.0,0.11245236421158769,0.09156192252519443
P3,R02,training,26,103,0,0.0,0.0,0.11245236421158769,0.09176612971280408
P3,R02,training,26,104,0,0.0,0.0,0.11245236421158769,0.09196967577250871
P3,R02,training,26,105,0,0.0,0.0,0.11245236421158769,0.09217255429011441
P3,R02,training,26,106,0,0.0,0.0,0.11245236421158769,0.09237475886157866
P3,R02,training,26,107,0,0.0,0.0,0.11245236421158769,0.09257628309334394
P3,R02,training,26,108,0,0.0,0.0,0.11245236421158769,0.0927771206026717
P3,R02,training,26,109,0,0.0,0.0,0.11245236421158769,0.0929772650179761
P3,R02,training,26,110,0,0.0,0.0,0.11245236421158769,0.09317670997915806
P3,R02,training,26,111,0,0.0,0.0,0.11245236421158769,0.09337544913793923
P3,R02,training,26,112,0,0.0,0.3331484101962141,0.13357257669656503,0.11114795503442931
P3,R02,training,26,113,0,0.0,0.3331484101962141,0.13357257669656503,0.11138232104971128
P3,R02,training,26,114,0,0.0,0.3331484101962141,0.13357257669656503,0.11161582616896766
P3,R02,training,26,115,0,0.0,0.3331484101962141,0.13357257669656503,0.11184846291174946
P3,R02,training,26,116,0,0.0,0.3331484101962141,0.13357257669656503,0.11208022381363142
P3,R02,training,26,117,0,0.0,0.3331484101962141,0.13357257669656503,0.11231110142660818
P3,R02,training,26,118,0,0.0,0.3331484101962141,0.13357257669656503,0.1125410883194904
P3,R02,training,26,119,0,0.0,0.3331484101962141,0.13357257669656503,0.11277017707830068
P3,R02,training,26,120,0,0.0,0.3331484101962141,0.13357257669656503,0.11299836030666924
P3,R02,training,26,121,0,0.0,0.3331484101962141,0.13357257669656503,0.1132256306262291
P3,R02,training,26,122,0,0.0,0.3331484101962141,0.13357257669656503,0.1134519806770115
P3,R02,training,26,123,0,0.0,0.3331484101962141,0.13357257669656503,0.11367740311784034
P3,R02,training,26,124,0,0.0,0.3331484101962141,0.13357257669656503,0.11390189062672684
P3,R02,training,26,125,0,0.0,0.3331484101962141,0.13357257669656503,0.1141254359012635
P3,R02,training,26,126,0,0.0,0.3331484101962141,0.13357257669656503,0.11434803165901773
P3,R02,training,26,127,0,0.0,0.3331484101962141,0.13357257669656503,0.11456967063792506
P3,R02,training,26,128,0,0.0,0.0,0.15490451495941374,0.1331227056214657
P3,R02,training,26,129,0,0.0,0.0,0.15490451495941374,0.1333774966780122
P3,R02,training,26,130,0,0.0,0.0,0.15490451495941374,0.13363115303604464
P3,R02,training,26,131,0,0.0,0.0,0.15490451495941374,0.13388366637275767
P3,R02,training,26,132,0,0.0,0.0,0.15490451495941374,0.13413502839123792
P3,R02,training,26,133,0,0.0,0.0,0.15490451495941374,0.13438523082091633
P3,R02,training,26,134,0,0.0,0.0,0.15490451495941374,0.13463426541801965
P3,R02,training,26,135,0,0.0,0.0,0.15490451495941374,0.13488212396602106
P3,R02,training,26,136,0,0.0,0.0,0.15490451495941374,0.13512879827609003
P3,R02,training,26,137,0,0.0,0.0,0.15490451495941374,0.13537428018754144
P3,R02,training,26,138,0,0.0,0.0,0.15490451495941374,0.13561856156828356
P3,R02,training,26,139,0,0.0,0.0,0.15490451495941374,0.1358616343152654
P3,R02,training,26,140,0,0.0,0.0,0.15490451495941374,0.13610349035492286
P3,R02,training,26,141,0,0.0,0.0,0.15490451495941374,0.13634412164362408
P3,R02,training,26,142,0,0.0,0.0,0.15490451495941374,0.13658352016811356
P3,R02,training,26,143,0,0.0,0.0,0.15490451495941374,0.13682167794595554
P3,R02,training,26,144,0,0.0,0.3332220459972157,0.17635907598821665,0.15604145412084872
P3,R02,training,26,145,0,0.0,0.3332220459972157,0.17635907598821665,0.1563097448843027
P3,R02,training,26,146,0,0.0,0.3332220459972157,0.17635907598821665,0.15657659600691226
P3,R02,training,26,147,0,0.0,0.3332220459972157,0.17635907598821665,0.1568419985460326
P3,R02,training,26,148,0,0.0,0.3332220459972157,0.17635907598821665,0.15710594359661037
P3,R02,training,26,149,0,0.0,0.3332220459972157,0.17635907598821665,0.15736842229168055
P3,R02,training,26,150,0,0.0,0.3332220459972157,0.17635907598821665,0.15762942580286116
P3,R02,training,26,151,0,0.0,0.3332220459972157,0.17635907598821665,0.15788894534084702
P3,R02,training,26,152,0,0.0,0.3332220459972157,0.17635907598821665,0.1581469721559017
P3,R02,training,26,153,0,0.0,0.3332220459972157,0.17635907598821665,0.15840349753834784
P3,R02,training,26,154,0,0.0,0.3332220459972157,0.17635907598821665,0.158658512819056
P3,R02,training,26,155,0,0.0,0.3332220459972157,0.17635907598821665,0.15891200936993172
P3,R02,training,26,156,0,0.0,0.3332220459972157,0.17635907598821665,0.15916397860440085
P3,R02,training,26,157,0,0.0,0.3332220459972157,0.17635907598821665,0.15941441197789336
P3,R02,training,26,158,0,0.0,0.3332220459972157,0.17635907598821665,0.15966330098832504
P3,R02,training,26,159,0,0.0,0.3332220459972157,0.17635907598821665,0.15991063717657766
P3,R02,training,26,160,0,0.0,0.0,0.19778809001142514,0.17961667512815693
P3,R02,training,26,161,0,0.0,0.0,0.19778809001142514,0.17989055333745976
P3,R02,training,26,162,0,0.0,0.0,0.19778809001142514,0.18016266187805194
P3,R02,training,26,163,0,0.0,0.0,0.19778809001142514,0.18043299146105385
P3,R02,training,26,164,0,0.0,0.0,0.19778809001142514,0.18070153284843232
P3,R02,training,26,165,0,0.0,0.0,0.19778809001142514,0.18096827685352587
P3,R02,training,26,166,0,0.0,0.0,0.19778809001142514,0.18123321434156758
P3,R02,training,26,167,0,0.0,0.0,0.19778809001142514,0.18149633623020564
P3,R02,training,26,168,0,0.0,0.0,0.19778809001142514,0.1817576334900214
P3,R02,training,26,169,0,0.0,0.0,0.19778809001142514,0.18201709714504516
P3,R02,training,26,170,0,0.0,0.0,0.19778809001142514,0.18227471827326916
P3,R02,training,26,171,0,0.0,0.0,0.19778809001142514,0.18253048800715832
P3,R02,training,26,172,0,0.0,0.0,0.19778809001142514,0.18278439753415818
P3,R02,training,26,173,0,0.0,0.0,0.19778809001142514,0.18303643809720033
P3,R02,training,26,174,0,0.0,0.0,0.19778809001142514,0.1832866009952051
P3,R02,training,26,175,0,0.0,0.0,0.19778809001142514,0.18353487758358172
P3,R02,training,26,176,0,0.0,0.33340090874392586,0.20132593897630038,0.1870685671093428
P3,R02,training,26,177,0,0.0,0.33340090874392586,0.20132593897630038,0.1873174183723957
P3,R02,training,26,178,0,0.0,0.33340090874392586,0.20132593897630038,0.18756432353766372
P3,R02,training,26,179,0,0.0,0.33340090874392586,0.20132593897630038,0.1878092740409599
P3,R02,training,26,180,0,0.0,0.33340090874392586,0.20132593897630038,0.18805226137809855
P3,R02,training,26,181,0,0.0,0.33340090874392586,0.20132593897630038,0.18829327710538715
P3,R02,training,26,182,0,0.0,0.33340090874392586,0.20132593897630038,0.18853231284011457
P3,R02,training,26,183,0,0.0,0.33340090874392586,0.20132593897630038,0.1887693602610368
P3,R02,training,26,184,0,0.0,0.33340090874392586,0.20132593897630038,0.18900441110885932
P3,R02,training,26,185,0,0.0,0.33340090874392586,0.20132593897630038,0.1892374571867162
P3,R02,training,26,186,0,0.0,0.33340090874392586,0.20132593897630038,0.18946849036064622
P3,R02,training,26,187,0,0.0,0.33340090874392586,0.20132593897630038,0.1896975025600657
P3,R02,training,26,188,0,0.0,0.33340090874392586,0.20132593897630038,0.18992448577823795
P3,R02,training,26,189,0,0.0,0.33340090874392586,0.20132593897630038,0.19014943207273957
P3,R02,training,26,190,0,0.0,0.33340090874392586,0.20132593897630038,0.1903723335659233
P3,R02,training,26,191,0,0.0,0.33340090874392586,0.20132593897630038,0.19059318244537748
P3,R02,training,26,192,0,1.0,0.3339178777768608,0.22363463978292286,0.21195563080380028
P3,R02,training,26,193,0,1.0,0.3339178777768608,0.22363463978292286,0.21219636583413476
P3,R02,training,26,194,0,1.0,0.3339178777768608,0.22363463978292286,0.2124347952084658
P3,R02,training,26,195,0,1.0,0.3339178777768608,0.22363463978292286,0.21267091054358214
P3,R02,training,26,196,0,1.0,0.3339178777768608,0.22363463978292286,0.21290470353123095
P3,R02,training,26,197,0,1.0,0.3339178777768608,0.22363463978292286,0.21313616593860504
P3,R02,training,26,198,0,1.0,0.3339178777768608,0.22363463978292286,0.21336528960882575
P3,R02,training,26,199,0,1.0,0.3339178777768608,0.22363463978292286,0.21359206646142181
P3,R02,training,26,200,0,1.0,0.3339178777768608,0.22363463978292286,0.21381648849280413
P3,R02,training,26,201,0,1.0,0.3339178777768608,0.22363463978292286,0.2140385477767363
P3,R02,training,26,202,0,1.0,0.3339178777768608,0.22363463978292286,0.21425823646480108
P3,R02,training,26,203,0,1.0,0.3339178777768608,0.22363463978292286,0.2144755467868625
P3,R02,training,26,204,0,1.0,0.3339178777768608,0.22363463978292286,0.21469047105152372
P3,R02,training,26,205,0,1.0,0.3339178777768608,0.22363463978292286,0.2149030016465806
P3,R02,training,26,206,0,1.0,0.3339178777768608,0.22363463978292286,0.21511313103947088
P3,R02,training,26,207,0,1.0,0.3339178777768608,0.22363463978292286,0.2153208517777191
P3,R02,training,26,208,0,0.0,0.0,0.24539320963090347,0.23649581009309817
P3,R02,training,26,209,0,0.0,0.0,0.24539320963090347,0.23671843086650096
P3,R02,training,26,210,0,0.0,0.0,0.24539320963090347,0.23693838463418793
P3,R02,training,26,211,0,0.0,0.0,0.24539320963090347,0.23715566357489193
P3,R02,training,26,212,0,0.0,0.0,0.24539320963090347,0.23737025995759142
P3,R02,training,26,213,0,0.0,0.0,0.24539320963090347,0.2375821661419689
P3,R02,training,26,214,0,0.0,0.0,0.24539320963090347,0.2377913745788639
P3,R02,training,26,215,0,0.0,0.0,0.24539320963090347,0.23799787781072143
P3,R02,training,26,216,0,0.0,0.0,0.24539320963090347,0.23820166847203475
P3,R02,training,26,217,0,0.0,0.0,0.24539320963090347,0.2384027392897833
P3,R02,training,26,218,0,0.0,0.0,0.24539320963090347,0.2386010830838651
P3,R02,training,26,219,0,0.0,0.0,0.24539320963090347,0.23879669276752405
P3,R02,training,26,220,0,0.0,0.0,0.24539320963090347,0.23898956134777188
P3,R02,training,26,221,0,0.0,0.0,0.24539320963090347,0.23917968192580483
P3,R02,training,26,222,0,0.0,0.0,0.24539320963090347,0.2393670476974147
P3,R02,training,26,223,0,0.0,0.0,0.24539320963090347,0.23955165195339484
P3,R02,training,26,224,0,1.0,0.3340540301796863,0.28553531443788005,0.2789497598697003
P3,R02,training,26,225,0,1.0,0.3340540301796863,0.28553531443788005,0.2791581127243543
P3,R02,training,26,226,0,1.0,0.3340540301796863,0.28553531443788005,0.27936322957468607
P3,R02,training,26,227,0,1.0,0.3340540301796863,0.28553531443788005,0.27956510306074095
P3,R02,training,26,228,0,1.0,0.3340540301796863,0.28553531443788005,0.27976372593537147
P3,R02,training,26,229,0,1.0,0.3340540301796863,0.28553531443788005,0.2799590910646709
P3,R02,training,26,230,0,1.0,0.3340540301796863,0.28553531443788005,0.28015119142840017
P3,R02,training,26,231,0,1.0,0.3340540301796863,0.28553531443788005,0.28034002012040843
P3,R02,training,26,232,0,1.0,0.3340540301796863,0.28553531443788005,0.28052557034904674
P3,R02,training,26,233,0,1.0,0.3340540301796863,0.28553531443788005,0.28070783543757516
P3,R02,training,26,234,0,1.0,0.3340540301796863,0.28553531443788005,0.28088680882456313
P3,R02,training,26,235,0,1.0,0.3340540301796863,0.28553531443788005,0.28106248406428314
P3,R02,training,26,236,0,1.0,0.3340540301796863,0.28553531443788005,0.2812348548270977
P3,R02,training,26,237,0,1.0,0.3340540301796863,0.28553531443788005,0.2814039148998393
P3,R02,training,26,238,0,1.0,0.3340540301796863,0.28553531443788005,0.28156965818618374
P3,R02,training,26,239,0,1.0,0.3340540301796863,0.28553531443788005,0.28173207870701633
P3,R02,training,26,240,0,0.0,0.3329788179887524,0.32751255402251306,0.3233326757554069
P3,R02,training,26,241,0,0.0,0.3329788179887524,0.32751255402251306,0.32351133157000295
P3,R02,training,26,242,0,0.0,0.3329788179887524,0.32751255402251306,0.32368615636763753
P3,R02,training,26,243,0,0.0,0.3329788179887524,0.32751255402251306,0.32385714383199915
P3,R02,training,26,244,0,0.0,0.3329788179887524,0.32751255402251306,0.3240242877831991
P3,R02,training,26,245,0,0.0,0.3329788179887524,0.32751255402251306,0.3241875821781434
P3,R02,training,26,246,0,0.0,0.3329788179887524,0.32751255402251306,0.3243470211108975
P3,R02,training,26,247,0,0.0,0.3329788179887524,0.32751255402251306,0.3245025988130417
P3,R02,training,26,248,0,0.0,0.3329788179887524,0.32751255402251306,0.3246543096540193
P3,R02,training,26,249,0,0.0,0.3329788179887524,0.32751255402251306,0.3248021481414762
P3,R02,training,26,250,0,0.0,0.3329788179887524,0.32751255402251306,0.3249461089215921
P3,R02,training,26,251,0,0.0,0.3329788179887524,0.32751255402251306,0.32508618677940376
P3,R02,training,26,252,0,0.0,0.3329788179887524,0.32751255402251306,0.32522237663912007
P3,R02,training,26,253,0,0.0,0.3329788179887524,0.32751255402251306,0.32535467356442815
P3,R02,training,26,254,0,0.0,0.3329788179887524,0.32751255402251306,0.32548307275879185
P3,R02,training,26,255,0,0.0,0.3329788179887524,0.32751255402251306,0.32560756956574144
P3,R02,training,26,256,0,0.0,0.33321950777960774,0.3900458087189172,0.3879207127246115
P3,R02,training,26,257,0,0.0,0.33321950777960774,0.3900458087189172,0.388059669255732
P3,R02,training,26,258,0,0.0,0.33321950777960774,0.3900458087189172,0.3881939626688433
P3,R02,training,26,259,0,0.0,0.33321950777960774,0.3900458087189172,0.388323588088889
P3,R02,training,26,260,0,0.0,0.33321950777960774,0.3900458087189172,0.38844854080919794
P3,R02,training,26,261,0,0.0,0.33321950777960774,0.3900458087189172,0.3885688162917692
P3,R02,training,26,262,0,0.0,0.33321950777960774,0.3900458087189172,0.38868441016754685
P3,R02,training,26,263,0,0.0,0.33321950777960774,0.3900458087189172,0.3887953182366843
P3,R02,training,26,264,0,0.0,0.33321950777960774,0.3900458087189172,0.38890153646879877
P3,R02,training,26,265,0,0.0,0.33321950777960774,0.3900458087189172,0.38900306100321513
P3,R02,training,26,266,0,0.0,0.33321950777960774,0.3900458087189172,0.38909988814920016
P3,R02,training,26,267,0,0.0,0.33321950777960774,0.3900458087189172,0.38919201438618595
P3,R02,training,26,268,0,0.0,0.33321950777960774,0.3900458087189172,0.38927943636398304
P3,R02,training,26,269,0,0.0,0.33321950777960774,0.3900458087189172,0.3893621509029838
P3,R02,training,26,270,0,0.0,0.33321950777960774,0.3900458087189172,0.3894401549943552
P3,R02,training,26,271,0,0.0,0.33321950777960774,0.3900458087189172,0.38951344580022085
P3,R02,training,26,272,0,1.0,0.3337010967190906,0.4170086718921328,0.4165128233514312
P3,R02,training,26,273,0,1.0,0.3337010967190906,0.4170086718921328,0.416581093986372
P3,R02,training,26,274,0,1.0,0.3337010967190906,0.4170086718921328,0.4166443175147855
P3,R02,training,26,275,0,1.0,0.3337010967190906,0.4170086718921328,0.4167024916354477
P3,R02,training,26,276,0,1.0,0.3337010967190906,0.4170086718921328,0.41675561423071866
P3,R02,training,26,277,0,1.0,0.3337010967190906,0.4170086718921328,0.4168036833666703
P3,R02,training,26,278,0,1.0,0.3337010967190906,0.4170086718921328,0.4168466972932041
P3,R02,training,26,279,0,1.0,0.3337010967190906,0.4170086718921328,0.4168846544441572
P3,R02,training,26,280,0,1.0,0.3337010967190906,0.4170086718921328,0.41691755343739745
P3,R02,training,26,281,0,1.0,0.3337010967190906,0.4170086718921328,0.4169453930749074
P3,R02,training,26,282,0,1.0,0.3337010967190906,0.4170086718921328,0.41696817234285677
P3,R02,training,26,283,0,1.0,0.3337010967190906,0.4170086718921328,0.41698589041166423
P3,R02,training,26,284,0,1.0,0.3337010967190906,0.4170086718921328,0.4169985466360475
P3,R02,training,26,285,0,1.0,0.3337010967190906,0.4170086718921328,0.4170061405550629
P3,R02,training,26,286,0,1.0,0.3337010967190906,0.4170086718921328,0.4170086718921328
P3,R02,training,26,287,0,1.0,0.3337010967190906,0.4170086718921328,0.4170061405550629
P3,R02,training,26,288,0,0.0,0.3331474893562919,0.4243438245537134,0.424333521195099
P3,R02,training,26,289,0,0.0,0.3331474893562919,0.4243438245537134,0.4243206423486356
P3,R02,training,26,290,0,0.0,0.3331474893562919,0.4243438245537134,0.4243026126202672
P3,R02,training,26,291,0,0.0,0.3331474893562919,0.4243438245537134,0.42427943266662665
P3,R02,training,26,292,0,0.0,0.3331474893562919,0.4243438245537134,0.4242511033318875
P3,R02,training,26,293,0,0.0,0.3331474893562919,0.4243438245537134,0.4242176256477132
P3,R02,training,26,294,0,0.0,0.3331474893562919,0.4243438245537134,0.4241790008331943
P3,R02,training,26,295,0,0.0,0.3331474893562919,0.4243438245537134,0.42413523029477457
P3,R02,training,26,296,0,0.0,0.3331474893562919,0.4243438245537134,0.42408631562616556
P3,R02,training,26,297,0,0.0,0.3331474893562919,0.4243438245537134,0.4240322586082498
P3,R02,training,26,298,0,0.0,0.3331474893562919,0.4243438245537134,0.42397306120897305
P3,R02,training,26,299,0,0.0,0.3331474893562919,0.4243438245537134,0.4239087255832245
P3,R02,training,26,300,0,0.0,0.3331474893562919,0.4243438245537134,0.4238392540727064
P3,R02,training,26,301,0,0.0,0.3331474893562919,0.4243438245537134,0.42376464920579165
P3,R02,training,26,302,0,0.0,0.3331474893562919,0.4243438245537134,0.42368491369737077
P3,R02,training,26,303,0,0.0,0.3331474893562919,0.4243438245537134,0.42360005044868704
P3,R02,training,26,304,0,1.0,0.3342221207685923,0.42954064435141587,0.4286966714954256
P3,R02,training,26,305,0,1.0,0.3342221207685923,0.42954064435141587,0.428600397437779
P3,R02,training,26,306,0,1.0,0.3342221207685923,0.42954064435141587,0.4284989427821668
P3,R02,training,26,307,0,1.0,0.3342221207685923,0.42954064435141587,0.4283923112180084
P3,R02,training,26,308,0,1.0,0.3342221207685923,0.42954064435141587,0.42828050662235356
P3,R02,training,26,309,0,1.0,0.3342221207685923,0.42954064435141587,0.42816353305964777
P3,R02,training,26,310,0,1.0,0.3342221207685923,0.42954064435141587,0.4280413947814862
P3,R02,training,26,311,0,1.0,0.3342221207685923,0.42954064435141587,0.42791409622635573
P3,R02,training,26,312,0,1.0,0.3342221207685923,0.42954064435141587,0.42778164201936647
P3,R02,training,26,313,0,1.0,0.3342221207685923,0.42954064435141587,0.4276440369719716
P3,R02,training,26,314,0,1.0,0.3342221207685923,0.42954064435141587,0.42750128608167587
P3,R02,training,26,315,0,1.0,0.3342221207685923,0.42954064435141587,0.42735339453173343
P3,R02,training,26,316,0,1.0,0.3342221207685923,0.42954064435141587,0.4272003676908339
P3,R02,training,26,317,0,1.0,0.3342221207685923,0.42954064435141587,0.42704221111277774
P3,R02,training,26,318,0,1.0,0.3342221207685923,0.42954064435141587,0.42687893053614023
P3,R02,training,26,319,0,1.0,0.3342221207685923,0.42954064435141587,0.42671053188392427
P3,R02,training,26,320,0,0.0,0.333171913765115,0.433783460060146,0.430750168489126
P3,R02,training,26,321,0,0.0,0.333171913765115,0.433783460060146,0.4305697878965434
P3,R02,training,26,322,0,0.0,0.333171913765115,0.433783460060146,0.4303842577326059
P3,R02,training,26,323,0,0.0,0.333171913765115,0.433783460060146,0.43019358472009195
P3,R02,training,26,324,0,0.0,0.333171913765115,0.433783460060146,0.42999777576611004
P3,R02,training,26,325,0,0.0,0.333171913765115,0.433783460060146,0.429796837961682
P3,R02,training,26,326,0,0.0,0.333171913765115,0.433783460060146,0.4295907785813149
P3,R02,training,26,327,0,0.0,0.333171913765115,0.433783460060146,0.42937960508256223
P3,R02,training,26,328,0,0.0,0.333171913765115,0.433783460060146,0.42916332510557387
P3,R02,training,26,329,0,0.0,0.333171913765115,0.433783460060146,0.4289419464726356
P3,R02,training,26,330,0,0.0,0.333171913765115,0.433783460060146,0.4287154771876976
P3,R02,training,26,331,0,0.0,0.333171913765115,0.433783460060146,0.428483925435892
P3,R02,training,26,332,0,0.0,0.333171913765115,0.433783460060146,0.4282472995830399
P3,R02,training,26,333,0,0.0,0.333171913765115,0.433783460060146,0.4280056081751479
P3,R02,training,26,334,0,0.0,0.333171913765115,0.433783460060146,0.4277588599378931
P3,R02,training,26,335,0,0.0,0.333171913765115,0.433783460060146,0.42750706377609865
P3,R02,training,26,336,0,1.0,0.6668279294559623,0.4737111843710994,0.4665765999167237
P3,R02,training,26,337,0,1.0,0.6668279294559623,0.4737111843710994,0.46629063193281745
P3,R02,training,26,338,0,1.0,0.6668279294559623,0.4737111843710994,0.46599918172801075
P3,R02,training,26,339,0,1.0,0.6668279294559623,0.4737111843710994,0.46570225980335195
P3,R02,training,26,340,0,1.0,0.6668279294559623,0.4737111843710994,0.4653998768524855
P3,R02,training,26,341,0,1.0,0.6668279294559623,0.4737111843710994,0.4650920437610109
P3,R02,training,26,342,0,1.0,0.6668279294559623,0.4737111843710994,0.46477877160582903
P3,R02,training,26,343,0,1.0,0.6668279294559623,0.4737111843710994,0.4644600716544781
P3,R02,training,26,344,0,1.0,0.6668279294559623,0.4737111843710994,0.46413595536445834
P3,R02,training,26,345,0,1.0,0.6668279294559623,0.4737111843710994,0.4638064343825453
P3,R02,training,26,346,0,1.0,0.6668279294559623,0.4737111843710994,0.46347152054409263
P3,R02,training,26,347,0,1.0,0.6668279294559623,0.4737111843710994,0.4631312258723235
P3,R02,training,26,348,0,1.0,0.6668279294559623,0.4737111843710994,0.4627855625776114
P3,R02,training,26,349,0,1.0,0.6668279294559623,0.4737111843710994,0.46243454305674975
P3,R02,training,26,350,0,1.0,0.6668279294559623,0.4737111843710994,0.4620781798922114
P3,R02,training,26,351,0,1.0,0.6668279294559623,0.4737111843710994,0.4617164858513966
P3,R02,training,26,352,0,1.0,1.0,0.456552972684132,0.44463901359746955
P3,R02,training,26,353,0,1.0,1.0,0.456552972684132,0.44428018246362533
P3,R02,training,26,354,0,1.0,1.0,0.456552972684132,0.4439162515191032
P3,R02,training,26,355,0,1.0,1.0,0.456552972684132,0.4435472337743266
P3,R02,training,26,356,0,1.0,1.0,0.456552972684132,0.4431731424141736
P3,R02,training,26,357,0,1.0,1.0,0.456552972684132,0.442793990797192
P3,R02,training,26,358,0,1.0,1.0,0.456552972684132,0.4424097924548041
P3,R02,training,26,359,0,1.0,1.0,0.456552972684132,0.4420205610905024
P3,R02,training,26,360,0,1.0,1.0,0.456552972684132,0.44162631057903473
P3,R02,training,26,361,0,1.0,1.0,0.456552972684132,0.44122705496558035
P3,R02,training,26,362,0,1.0,1.0,0.456552972684132,0.44082280846491606
P3,R02,training,26,363,0,1.0,1.0,0.456552972684132,0.4404135854605729
P3,R02,training,26,364,0,1.0,1.0,0.456552972684132,0.4399994005039836
P3,R02,training,26,365,0,1.0,1.0,0.456552972684132,0.43958026831362007
P3,R02,training,26,366,0,1.0,1.0,0.456552972684132,0.439156203774122
P3,R02,training,26,367,0,1.0,1.0,0.456552972684132,0.4387272219354163
P3,R02,training,26,368,0,1.0,1.0,0.436826529638135,0.4193558453504616
P3,R02,training,26,369,0,1.0,1.0,0.436826529638135,0.41893603283502073
P3,R02,training,26,370,0,1.0,1.0,0.436826529638135,0.41851155962312125
P3,R02,training,26,371,0,1.0,1.0,0.436826529638135,0.4180824407384027
P3,R02,training,26,372,0,1.0,1.0,0.436826529638135,0.41764869135830585
P3,R02,training,26,373,0,1.0,1.0,0.436826529638135,0.4172103268131789
P3,R02,training,26,374,0,1.0,1.0,0.436826529638135,0.4167673625853743
P3,R02,training,26,375,0,1.0,1.0,0.436826529638135,0.41631981430833803
P3,R02,training,26,376,0,1.0,1.0,0.436826529638135,0.4158676977656904
P3,R02,training,26,377,0,1.0,1.0,0.436826529638135,0.41541102889029835
P3,R02,training,26,378,0,1.0,1.0,0.436826529638135,0.4149498237633408
P3,R02,training,26,379,0,1.0,1.0,0.436826529638135,0.4144840986133643
P3,R02,training,26,380,0,1.0,1.0,0.436826529638135,0.4140138698153328
P3,R02,training,26,381,0,1.0,1.0,0.436826529638135,0.41353915388966783
P3,R02,training,26,382,0,1.0,1.0,0.436826529638135,0.413059967501282
P3,R02,training,26,383,0,1.0,1.0,0.436826529638135,0.4125763274586044
P3,R02,training,26,384,0,1.0,0.6668297759794182,0.4145737363431495,0.39109567347605556
P3,R02,training,26,385,0,1.0,0.6668297759794182,0.4145737363431495,0.39062826584183147
P3,R02,training,26,386,0,1.0,0.6668297759794182,0.4145737363431495,0.3901566800955324
P3,R02,training,26,387,0,1.0,0.6668297759794182,0.4145737363431495,0.38968093272476434
P3,R02,training,26,388,0,1.0,0.6668297759794182,0.4145737363431495,0.389201040348608
P3,R02,training,26,389,0,1.0,0.6668297759794182,0.4145737363431495,0.3887170197166522
P3,R02,training,26,390,0,1.0,0.6668297759794182,0.4145737363431495,0.3882288877080201
P3,R02,training,26,391,0,1.0,0.6668297759794182,0.4145737363431495,0.3877366613303891
P3,R02,training,26,392,0,1.0,0.6668297759794182,0.4145737363431495,0.38724035771900367
P3,R02,training,26,393,0,1.0,0.6668297759794182,0.4145737363431495,0.38673999413568266
P3,R02,training,26,394,0,1.0,0.6668297759794182,0.4145737363431495,0.3862355879678188
P3,R02,training,26,395,0,1.0,0.6668297759794182,0.4145737363431495,0.38572715672737323
P3,R02,training,26,396,0,1.0,0.6668297759794182,0.4145737363431495,0.38521471804986285
P3,R02,training,26,397,0,1.0,0.6668297759794182,0.4145737363431495,0.38469828969334197
P3,R02,training,26,398,0,1.0,0.6668297759794182,0.4145737363431495,0.3841778895373777
P3,R02,training,26,399,0,1.0,0.6668297759794182,0.4145737363431495,0.38365353558201926
P3,R02,training,26,400,0,0.0,0.0,0.38996876084217713,0.36038674019028194
P3,R02,training,26,401,0,0.0,0.0,0.38996876084217713,0.3598861196341886
P3,R02,training,26,402,0,0.0,0.0,0.38996876084217713,0.3593818314023748
P3,R02,training,26,403,0,0.0,0.0,0.38996876084217713,0.3588738928701079
P3,R02,training,26,404,0,0.0,0.0,0.38996876084217713,0.35836232152105774
P3,R02,training,26,405,0,0.0,0.0,0.38996876084217713,0.35784713494629516
P3,R02,training,26,406,0,0.0,0.0,0.38996876084217713,0.35732835084328524
P3,R02,training,26,407,0,0.0,0.0,0.38996876084217713,0.35680598701487526
P3,R02,training,26,408,0,0.0,0.0,0.38996876084217713,0.3562800613682784
P3,R02,training,26,409,0,0.0,0.0,0.38996876084217713,0.355750591914052
P3,R02,training,26,410,0,0.0,0.0,0.38996876084217713,0.35521759676507136
P3,R02,training,26,411,0,0.0,0.0,0.38996876084217713,0.35468109413549864
P3,R02,training,26,412,0,0.0,0.0,0.38996876084217713,0.35414110233974727
P3,R02,training,26,413,0,0.0,0.0,0.38996876084217713,0.353597639791442
P3,R02,training,26,414,0,0.0,0.0,0.38996876084217713,0.35305072500237406
P3,R02,training,26,415,0,0.0,0.0,0.38996876084217713,0.3525003765814526
P3,R02,training,26,416,0,1.0,0.3337238010651239,0.36331964119800203,0.32789579597287694
P3,R02,training,26,417,0,1.0,0.3337238010651239,0.36331964119800203,0.32737671085436354
P3,R02,training,26,418,0,1.0,0.3337238010651239,0.36331964119800203,0.3268544792913265
P3,R02,training,26,419,0,1.0,0.3337238010651239,0.36331964119800203,0.3263291189730796
P3,R02,training,26,420,0,1.0,0.3337238010651239,0.36331964119800203,0.32580064767447325
P3,R02,training,26,421,0,1.0,0.3337238010651239,0.36331964119800203,0.32526908325489445
P3,R02,training,26,422,0,1.0,0.3337238010651239,0.36331964119800203,0.3247344436572635
P3,R02,training,26,423,0,1.0,0.3337238010651239,0.36331964119800203,0.3241967469070271
P3,R02,training,26,424,0,1.0,0.3337238010651239,0.36331964119800203,0.3236560111111479
P3,R02,training,26,425,0,1.0,0.3337238010651239,0.36331964119800203,0.323112254457091
P3,R02,training,26,426,0,1.0,0.3337238010651239,0.36331964119800203,0.3225654952118074
P3,R02,training,26,427,0,1.0,0.3337238010651239,0.36331964119800203,0.32201575172071384
P3,R02,training,26,428,0,1.0,0.3337238010651239,0.36331964119800203,0.3214630424066701
P3,R02,training,26,429,0,1.0,0.3337238010651239,0.36331964119800203,0.3209073857689531
P3,R02,training,26,430,0,1.0,0.3337238010651239,0.36331964119800203,0.3203488003822281
P3,R02,training,26,431,0,1.0,0.3337238010651239,0.36331964119800203,0.3197873048955172
P3,R02,training,26,432,0,1.0,0.3337297114376931,0.33484642774901563,0.2942055469555502
P3,R02,training,26,433,0,1.0,0.3337297114376931,0.33484642774901563,0.2936827434018252
P3,R02,training,26,434,0,1.0,0.3337297114376931,0.33484642774901563,0.2931573097756244
P3,R02,training,26,435,0,1.0,0.3337297114376931,0.33484642774901563,0.2926292635290154
P3,R02,training,26,436,0,1.0,0.3337297114376931,0.33484642774901563,0.292098622177806
P3,R02,training,26,437,0,1.0,0.3337297114376931,0.33484642774901563,0.291565403300579
P3,R02,training,26,438,0,1.0,0.3337297114376931,0.33484642774901563,0.29102962453772585
P3,R02,training,26,439,0,1.0,0.3337297114376931,0.33484642774901563,0.2904913035904777
P3,R02,training,26,440,0,1.0,0.3337297114376931,0.33484642774901563,0.28995045821993515
P3,R02,training,26,441,0,1.0,0.3337297114376931,0.33484642774901563,0.28940710624609534
P3,R02,training,26,442,0,1.0,0.3337297114376931,0.33484642774901563,0.2888612655468782
P3,R02,training,26,443,0,1.0,0.3337297114376931,0.33484642774901563,0.28831295405715013
P3,R02,training,26,444,0,1.0,0.3337297114376931,0.33484642774901563,0.2877621897677468
P3,R02,training,26,445,0,1.0,0.3337297114376931,0.33484642774901563,0.2872089907244939
P3,R02,training,26,446,0,1.0,0.3337297114376931,0.33484642774901563,0.28665337502722654
P3,R02,training,26,447,0,1.0,0.3337297114376931,0.33484642774901563,0.2860953608288076
P3,R02,training,26,448,0,1.0,0.667289884918447,0.30502207363071093,0.26010272264453593
P3,R02,training,26,449,0,1.0,0.667289884918447,0.30502207363071093,0.2595900901329965
P3,R02,training,26,450,0,1.0,0.667289884918447,0.30502207363071093,0.2590753226407087
P3,R02,training,26,451,0,1.0,0.667289884918447,0.30502207363071093,0.2585584368879325
P3,R02,training,26,452,0,1.0,0.667289884918447,0.30502207363071093,0.2580394496387433
P3,R02,training,26,453,0,1.0,0.667289884918447,0.30502207363071093,0.257518377700131
P3,R02,training,26,454,0,1.0,0.667289884918447,0.30502207363071093,0.2569952379210988
P3,R02,training,26,455,0,1.0,0.667289884918447,0.30502207363071093,0.2564700471917608
P3,R02,training,26,456,0,1.0,0.667289884918447,0.30502207363071093,0.25594282244243927
P3,R02,training,26,457,0,1.0,0.667289884918447,0.30502207363071093,0.255413580642761
P3,R02,training,26,458,0,1.0,0.667289884918447,0.30502207363071093,0.2548823388007532
P3,R02,training,26,459,0,1.0,0.667289884918447,0.30502207363071093,0.2543491139619395
P3,R02,training,26,460,0,1.0,0.667289884918447,0.30502207363071093,0.2538139232084342
P3,R02,training,26,461,0,1.0,0.667289884918447,0.30502207363071093,0.25327678365803813
P3,R02,training,26,462,0,1.0,0.667289884918447,0.30502207363071093,0.2527377124633321
P3,R02,training,26,463,0,1.0,0.667289884918447,0.30502207363071093,0.2521967268107721
P3,R02,training,26,464,0,0.0,0.0,0.25650449213709503,0.2116251478479638
P3,R02,training,26,465,0,0.0,0.0,0.25650449213709503,0.2111670363294255
P3,R02,training,26,466,0,0.0,0.0,0.25650449213709503,0.21070735839304158
P3,R02,training,26,467,0,0.0,0.0,0.25650449213709503,0.21024612859787567
P3,R02,training,26,468,0,0.0,0.0,0.25650449213709503,0.20978336152766927
P3,R02,training,26,469,0,0.0,0.0,0.25650449213709503,0.20931907179008047
P3,R02,training,26,470,0,0.0,0.0,0.25650449213709503,0.2088532740159225
P3,R02,training,26,471,0,0.0,0.0,0.25650449213709503,0.20838598285840298
P3,R02,training,26,472,0,0.0,0.0,0.25650449213709503,0.2079172129923633
P3,R02,training,26,473,0,0.0,0.0,0.25650449213709503,0.20744697911351812
P3,R02,training,26,474,0,0.0,0.0,0.25650449213709503,0.20697529593769592
P3,R02,training,26,475,0,0.0,0.0,0.25650449213709503,0.2065021782000794
P3,R02,training,26,476,0,0.0,0.0,0.25650449213709503,0.20602764065444693
P3,R02,training,26,477,0,0.0,0.0,0.25650449213709503,0.20555169807241427
P3,R02,training,26,478,0,0.0,0.0,0.25650449213709503,0.20507436524267716
P3,R02,training,26,479,0,0.0,0.0,0.25650449213709503,0.2045956569702545
P3,R02,training,26,480,0,0.0,0.0,0.19117087246583106,0.1521258155411104
P3,R02,training,26,481,0,0.0,0.0,0.19117087246583106,0.15176702079307053
P3,R02,training,26,482,0,0.0,0.0,0.19117087246583106,0.15140723410749218
P3,R02,training,26,483,0,0.0,0.0,0.19117087246583106,0.15104646656147855
P3,R02,training,26,484,0,0.0,0.0,0.19117087246583106,0.15068472924148762
P3,R02,training,26,485,0,0.0,0.0,0.19117087246583106,0.1503220332427719
P3,R02,training,26,486,0,0.0,0.0,0.19117087246583106,0.14995838966881953
P3,R02,training,26,487,0,0.0,0.0,0.19117087246583106,0.1495938096307956
P3,R02,training,26,488,0,0.0,0.0,0.19117087246583106,0.1492283042469849
P3,R02,training,26,489,0,0.0,0.0,0.19117087246583106,0.14886188464223515
P3,R02,training,26,490,0,0.0,0.0,0.19117087246583106,0.14849456194740157
P3,R02,training,26,491,0,0.0,0.0,0.19117087246583106,0.1481263472987921
P3,R02,training,26,492,0,0.0,0.0,0.19117087246583106,0.14775725183761387
P3,R02,training,26,493,0,0.0,0.0,0.19117087246583106,0.14738728670942075
P3,R02,training,26,494,0,0.0,0.0,0.19117087246583106,0.1470164630635619
P3,R02,training,26,495,0,0.0,0.0,0.19117087246583106,0.14664479205263148
P3,R02,training,26,496,0,0.0,0.0,0.12855521531571246,0.09836260528993296
P3,R02,training,26,497,0,0.0,0.0,0.12855521531571246,0.09811155338998692
P3,R02,training,26,498,0,0.0,0.0,0.12855521531571246,0.09785995417743251
P3,R02,training,26,499,0,0.0,0.0,0.12855521531571246,0.0976078151570142
P3,R02,training,26,500,0,0.0,0.0,0.12855521531571246,0.09735514383382093
P3,R02,training,26,501,0,0.0,0.0,0.12855521531571246,0.09710194771292126
P3,R02,training,26,502,0,0.0,0.0,0.12855521531571246,0.09684823429899941
P3,R02,training,26,503,0,0.0,0.0,0.12855521531571246,0.09659401109599236
P3,R02,training,26,504,0,0.0,0.0,0.12855521531571246,0.09633928560672772
P3,R02,training,26,505,0,0.0,0.0,0.12855521531571246,0.09608406533256299
P3,R02,training,26,506,0,0.0,0.0,0.12855521531571246,0.09582835777302541
P3,R02,training,26,507,0,0.0,0.0,0.12855521531571246,0.09557217042545335
P3,R02,training,26,508,0,0.0,0.0,0.12855521531571246,0.09531551078463829
P3,R02,training,26,509,0,0.0,0.0,0.12855521531571246,0.09505838634246833
P3,R02,training,26,510,0,0.0,0.0,0.12855521531571246,0.09480080458757259
P3,R02,training,26,511,0,0.0,0.0,0.12855521531571246,0.09454277300496682
P3,R02,training,26,512,0,0.0,0.0,0.08674591317135329,0.06362073760256823
P3,R02,training,26,513,0,0.0,0.0,0.08674591317135329,0.06344603228112906
P3,R02,training,26,514,0,0.0,0.0,0.08674591317135329,0.06327103856206774
P3,R02,training,26,515,0,0.0,0.0,0.08674591317135329,0.06309576148396182
P3,R02,training,26,516,0,0.0,0.0,0.08674591317135329,0.06292020608176721
P3,R02,training,26,517,0,0.0,0.0,0.08674591317135329,0.0627443773865841
P3,R02,training,26,518,0,0.0,0.0,0.08674591317135329,0.06256828042542371
P3,R02,training,26,519,0,0.0,0.0,0.08674591317135329,0.0623919202209759
P3,R02,training,26,520,0,0.0,0.0,0.08674591317135329,0.062215301791377735
P3,R02,training,26,521,0,0.0,0.0,0.08674591317135329,0.062038430149983025
P3,R02,training,26,522,0,0.0,0.0,0.08674591317135329,0.061861310305132707
P3,R02,training,26,523,0,0.0,0.0,0.08674591317135329,0.061683947259926215
P3,R02,training,26,524,0,0.0,0.0,0.08674591317135329,0.06150634601199388
P3,R02,training,26,525,0,0.0,0.0,0.08674591317135329,0.06132851155327025
P3,R02,training,26,526,0,0.0,0.0,0.08674591317135329,0.06115044886976841
P3,R02,training,26,527,0,0.0,0.0,0.08674591317135329,0.06097216294135532
P3,R02,training,26,528,0,0.0,0.0,0.08233963290603143,0.05770562970389086
P3,R02,training,26,529,0,0.0,0.0,0.08233963290603143,0.05753599019970049
P3,R02,training,26,530,0,0.0,0.0,0.08233963290603143,0.057366152933998577
P3,R02,training,26,531,0,0.0,0.0,0.08233963290603143,0.05719612260824998
P3,R02,training,26,532,0,0.0,0.0,0.08233963290603143,0.05702590391703424
P3,R02,training,26,533,0,0.0,0.0,0.08233963290603143,0.05685550154783836
P3,R02,training,26,534,0,0.0,0.0,0.08233963290603143,0.05668492018085055
P3,R02,training,26,535,0,0.0,0.0,0.08233963290603143,0.0565141644887552
P3,R02,training,26,536,0,0.0,0.0,0.08233963290603143,0.05634323913652875
P3,R02,training,26,537,0,0.0,0.0,0.08233963290603143,0.05617214878123673
P3,R02,training,26,538,0,0.0,0.0,0.08233963290603143,0.056000898071831895
P3,R02,training,26,539,0,0.0,0.0,0.08233963290603143,0.05582949164895341
P3,R02,training,26,540,0,0.0,0.0,0.08233963290603143,0.05565793414472721
P3,R02,training,26,541,0,0.0,0.0,0.08233963290603143,0.05548623018256742
P3,R02,training,26,542,0,0.0,0.0,0.08233963290603143,0.055314384376979026
P3,R02,training,26,543,0,0.0,0.0,0.08233963290603143,0.055142401333361526
P3,R02,training,26,544,0,0.0,0.0,0.05970849076697998,0.039861639859464636
P3,R02,training,26,545,0,0.0,0.0,0.05970849076697998,0.03973673750747895
P3,R02,training,26,546,0,0.0,0.0,0.05970849076697998,0.03961174561526646
P3,R02,training,26,547,0,0.0,0.0,0.05970849076697998,0.03948666749460991
P3,R02,training,26,548,0,0.0,0.0,0.05970849076697998,0.039361506449990424
P3,R02,training,26,549,0,0.0,0.0,0.05970849076697998,0.039236265778450345
P3,R02,training,26,550,0,0.0,0.0,0.05970849076697998,0.03911094876945692
P3,R02,training,26,551,0,0.0,0.0,0.05970849076697998,0.03898555870476698
P3,R02,training,26,552,0,0.0,0.0,0.05970849076697998,0.038860098858292405
P3,R02,training,26,553,0,0.0,0.0,0.05970849076697998,0.038734572495966554
P3,R02,training,26,554,0,0.0,0.0,0.05970849076697998,0.03860898287561162
P3,R02,training,26,555,0,0.0,0.0,0.05970849076697998,0.03848333324680683
P3,R02,training,26,556,0,0.0,0.0,0.05970849076697998,0.0383576268507577
P3,R02,training,26,557,0,0.0,0.0,0.05970849076697998,0.038231866920166065
P3,R02,training,26,558,0,0.0,0.0,0.05970849076697998,0.03810605667910117
P3,R02,training,26,559,0,0.0,0.0,0.05970849076697998,0.03798019934287168
P3,R02,training,26,560,0,0.0,0.0,0.03809674080901691,0.024152768984446737
P3,R02,training,26,561,0,0.0,0.0,0.03809674080901691,0.024072412296796436
P3,R02,training,26,562,0,0.0,0.0,0.03809674080901691,0.023992031680477973
P3,R02,training,26,563,0,0.0,0.0,0.03809674080901691,0.02391162916384174
P3,R02,training,26,564,0,0.0,0.0,0.03809674080901691,0.02383120676924929
P3,R02,training,26,565,0,0.0,0.0,0.03809674080901691,0.023750766512995333
P3,R02,training,26,566,0,0.0,0.0,0.03809674080901691,0.023670310405230426
P3,R02,training,26,567,0,0.0,0.0,0.03809674080901691,0.023589840449884235
P3,R02,training,26,568,0,0.0,0.0,0.03809674080901691,0.02350935864458948
P3,R02,training,26,569,0,0.0,0.0,0.03809674080901691,0.02342886698060647
P3,R02,training,26,570,0,0.0,0.0,0.03809674080901691,0.02334836744274834
P3,R02,training,26,571,0,0.0,0.0,0.03809674080901691,0.02326786200930689
P3,R02,training,26,572,0,0.0,0.0,0.03809674080901691,0.02318735265197909
P3,R02,training,26,573,0,0.0,0.0,0.03809674080901691,0.023106841335794232
A,R02,training,28,0,0,0.0,0.0,0.0,0.0
A,R02,training,28,1,0,0.0,0.0,0.0,0.0
A,R02,training,28,2,0,0.0,0.0,0.0,0.0
A,R02,training,28,3,0,0.0,0.0,0.0,0.0
A,R02,training,28,4,0,0.0,0.0,0.0,0.0
A,R02,training,28,5,0,0.0,0.0,0.0,0.0
A,R02,training,28,6,0,0.0,0.0,0.0,0.0
A,R02,training,28,7,0,0.0,0.0,0.0,0.0
A,R02,training,28,8,0,0.0,0.0,0.0,0.0
A,R02,training,28,9,0,0.0,0.0,0.0,0.0
A,R02,training,28,10,0,0.0,0.0,0.0,0.0
A,R02,training,28,11,0,0.0,0.0,0.0,0.0
A,R02,training,28,12,0,0.0,0.0,0.0,0.0
A,R02,training,28,13,0,0.0,0.0,0.0,0.0
A,R02,training,28,14,0,0.0,0.0,0.0,0.0
A,R02,training,28,15,0,0.0,0.0,0.0,0.0
A,R02,training,28,16,0,0.0,0.0,0.0,0.0
A,R02,training,28,17,0,0.0,0.0,0.0,0.0
A,R02,training,28,18,0,0.0,0.0,0.0,0.0
A,R02,training,28,19,0,0.0,0.0,0.0,0.0
A,R02,training,28,20,0,0.0,0.0,0.0,0.0
A,R02,training,28,21,0,0.0,0.0,0.0,0.0
A,R02,training,28,22,0,0.0,0.0,0.0,0.0
A,R02,training,28,23,0,0.0,0.0,0.0,0.0
A,R02,training,28,24,0,0.0,0.0,0.0,0.0
A,R02,training,28,25,0,0.0,0.0,0.0,0.0
A,R02,training,28,26,0,0.0,0.0,0.0,0.0
A,R02,training,28,27,0,0.0,0.0,0.0,0.0
A,R02,training,28,28,0,0.0,0.0,0.0,0.0
A,R02,training,28,29,0,0.0,0.0,0.0,0.0
A,R02,training,28,30,0,0.0,0.0,0.0,0.0
A,R02,training,28,31,0,0.0,0.0,0.0,0.0
A,R02,training,28,32,0,0.0,0.0,0.0,0.0
A,R02,training,28,33,0,0.0,0.0,0.0,0.0
A,R02,training,28,34,0,0.0,0.0,0.0,0.0
A,R02,training,28,35,0,0.0,0.0,0.0,0.0
A,R02,training,28,36,0,0.0,0.0,0.0,0.0
A,R02,training,28,37,0,0.0,0.0,0.0,0.0
A,R02,training,28,38,0,0.0,0.0,0.0,0.0
A,R02,training,28,39,0,0.0,0.0,0.0,0.0
A,R02,training,28,40,0,0.0,0.0,0.0,0.0
A,R02,training,28,41,0,0.0,0.0,0.0,0.0
A,R02,training,28,42,0,0.0,0.0,0.0,0.0
A,R02,training,28,43,0,0.0,0.0,0.0,0.0
A,R02,training,28,44,0,0.0,0.0,0.0,0.0
A,R02,training,28,45,0,0.0,0.0,0.0,0.0
A,R02,training,28,46,0,0.0,0.0,0.0,0.0
A,R02,training,28,47,0,0.0,0.0,0.0,0.0
A,R02,training,28,48,0,0.0,0.0,0.0,0.0
A,R02,training,28,49,0,0.0,0.0,0.0,0.0
A,R02,training,28,50,0,0.0,0.0,0.0,0.0
A,R02,training,28,51,0,0.0,0.0,0.0,0.0
A,R02,training,28,52,0,0.0,0.0,0.0,0.0
A,R02,training,28,53,0,0.0,0.0,0.0,0.0
A,R02,training,28,54,0,0.0,0.0,0.0,0.0
A,R02,training,28,55,0,0.0,0.0,0.0,0.0
A,R02,training,28,56,0,0.0,0.0,0.0,0.0
A,R02,training,28,57,0,0.0,0.0,0.0,0.0
A,R02,training,28,58,0,0.0,0.0,0.0,0.0
A,R02,training,28,59,0,0.0,0.0,0.0,0.0
A,R02,training,28,60,0,0.0,0.0,0.0,0.0
A,R02,training,28,61,0,0.0,0.0,0.0,0.0
A,R02,training,28,62,0,0.0,0.0,0.0,0.0
A,R02,training,28,63,0,0.0,0.0,0.0,0.0
A,R02,training,28,64,0,0.0,0.0,0.0,0.0
A,R02,training,28,65,0,0.0,0.0,0.0,0.0
A,R02,training,28,66,0,0.0,0.0,0.0,0.0
A,R02,training,28,67,0,0.0,0.0,0.0,0.0
A,R02,training,28,68,0,0.0,0.0,0.0,0.0
A,R02,training,28,69,0,0.0,0.0,0.0,0.0
A,R02,training,28,70,0,0.0,0.0,0.0,0.0
A,R02,training,28,71,0,0.0,0.0,0.0,0.0
A,R02,training,28,72,0,0.0,0.0,0.0,0.0
A,R02,training,28,73,0,0.0,0.0,0.0,0.0
A,R02,training,28,74,0,0.0,0.0,0.0,0.0
A,R02,training,28,75,0,0.0,0.0,0.0,0.0
A,R02,training,28,76,0,0.0,0.0,0.0,0.0
A,R02,training,28,77,0,0.0,0.0,0.0,0.0
A,R02,training,28,78,0,0.0,0.0,0.0,0.0
A,R02,training,28,79,0,0.0,0.0,0.0,0.0
A,R02,training,28,80,0,0.0,0.0,0.0,0.0
A,R02,training,28,81,0,0.0,0.0,0.0,0.0
A,R02,training,28,82,0,0.0,0.0,0.0,0.0
A,R02,training,28,83,0,0.0,0.0,0.0,0.0
A,R02,training,28,84,0,0.0,0.0,0.0,0.0
A,R02,training,28,85,0,0.0,0.0,0.0,0.0
A,R02,training,28,86,0,0.0,0.0,0.0,0.0
A,R02,training,28,87,0,0.0,0.0,0.0,0.0
A,R02,training,28,88,0,0.0,0.0,0.0,0.0
A,R02,training,28,89,0,0.0,0.0,0.0,0.0
A,R02,training,28,90,0,0.0,0.0,0.0,0.0
A,R02,training,28,91,0,0.0,0.0,0.0,0.0
A,R02,training,28,92,0,0.0,0.0,0.0,0.0
A,R02,training,28,93,0,0.0,0.0,0.0,0.0
A,R02,training,28,94,0,0.0,0.0,0.0,0.0
A,R02,training,28,95,0,0.0,0.0,0.0,0.0
A,R02,training,28,96,0,0.0,0.0,0.0,0.0
A,R02,training,28,97,0,0.0,0.0,0.0,0.0
A,R02,training,28,98,0,0.0,0.0,0.0,0.0
A,R02,training,28,99,0,0.0,0.0,0.0,0.0
A,R02,training,28,100,0,0.0,0.0,0.0,0.0
A,R02,training,28,101,0,0.0,0.0,0.0,0.0
A,R02,training,28,102,0,0.0,0.0,0.0,0.0
A,R02,training,28,103,0,0.0,0.0,0.0,0.0
A,R02,training,28,104,0,0.0,0.0,0.0,0.0
A,R02,training,28,105,0,0.0,0.0,0.0,0.0
A,R02,training,28,106,0,0.0,0.0,0.0,0.0
A,R02,training,28,107,0,0.0,0.0,0.0,0.0
A,R02,training,28,108,0,0.0,0.0,0.0,0.0
A,R02,training,28,109,0,0.0,0.0,0.0,0.0
A,R02,training,28,110,0,0.0,0.0,0.0,0.0
A,R02,training,28,111,0,0.0,0.0,0.0,0.0
A,R02,training,28,112,0,0.0,0.0,0.0,0.0
A,R02,training,28,113,0,0.0,0.0,0.0,0.0
A,R02,training,28,114,0,0.0,0.0,0.0,0.0
A,R02,training,28,115,0,0.0,0.0,0.0,0.0
A,R02,training,28,116,0,0.0,0.0,0.0,0.0
A,R02,training,28,117,0,0.0,0.0,0.0,0.0
A,R02,training,28,118,0,0.0,0.0,0.0,0.0
A,R02,training,28,119,0,0.0,0.0,0.0,0.0
A,R02,training,28,120,0,0.0,0.0,0.0,0.0
A,R02,training,28,121,0,0.0,0.0,0.0,0.0
A,R02,training,28,122,0,0.0,0.0,0.0,0.0
A,R02,training,28,123,0,0.0,0.0,0.0,0.0
A,R02,training,28,124,0,0.0,0.0,0.0,0.0
A,R02,training,28,125,0,0.0,0.0,0.0,0.0
A,R02,training,28,126,0,0.0,0.0,0.0,0.0
A,R02,training,28,127,0,0.0,0.0,0.0,0.0
A,R02,training,28,128,0,0.0,0.0,0.0,0.0
A,R02,training,28,129,0,0.0,0.0,0.0,0.0
A,R02,training,28,130,0,0.0,0.0,0.0,0.0
A,R02,training,28,131,0,0.0,0.0,0.0,0.0
A,R02,training,28,132,0,0.0,0.0,0.0,0.0
A,R02,training,28,133,0,0.0,0.0,0.0,0.0
A,R02,training,28,134,0,0.0,0.0,0.0,0.0
A,R02,training,28,135,0,0.0,0.0,0.0,0.0
A,R02,training,28,136,0,0.0,0.0,0.0,0.0
A,R02,training,28,137,0,0.0,0.0,0.0,0.0
A,R02,training,28,138,0,0.0,0.0,0.0,0.0
A,R02,training,28,139,0,0.0,0.0,0.0,0.0
A,R02,training,28,140,0,0.0,0.0,0.0,0.0
A,R02,training,28,141,0,0.0,0.0,0.0,0.0
A,R02,training,28,142,0,0.0,0.0,0.0,0.0
A,R02,training,28,143,0,0.0,0.0,0.0,0.0
A,R02,training,28,144,0,0.0,0.0,0.0,0.0
A,R02,training,28,145,0,0.0,0.0,0.0,0.0
A,R02,training,28,146,0,0.0,0.0,0.0,0.0
A,R02,training,28,147,0,0.0,0.0,0.0,0.0
A,R02,training,28,148,0,0.0,0.0,0.0,0.0
A,R02,training,28,149,0,0.0,0.0,0.0,0.0
A,R02,training,28,150,0,0.0,0.0,0.0,0.0
A,R02,training,28,151,0,0.0,0.0,0.0,0.0
A,R02,training,28,152,0,0.0,0.0,0.0,0.0
A,R02,training,28,153,0,0.0,0.0,0.0,0.0
A,R02,training,28,154,0,0.0,0.0,0.0,0.0
A,R02,training,28,155,0,0.0,0.0,0.0,0.0
A,R02,training,28,156,0,0.0,0.0,0.0,0.0
A,R02,training,28,157,0,0.0,0.0,0.0,0.0
A,R02,training,28,158,0,0.0,0.0,0.0,0.0
A,R02,training,28,159,0,0.0,0.0,0.0,0.0
A,R02,training,28,160,0,0.0,0.0,0.0,0.0
A,R02,training,28,161,0,0.0,0.0,0.0,0.0
A,R02,training,28,162,0,0.0,0.0,0.0,0.0
A,R02,training,28,163,0,0.0,0.0,0.0,0.0
A,R02,training,28,164,0,0.0,0.0,0.0,0.0
A,R02,training,28,165,0,0.0,0.0,0.0,0.0
A,R02,training,28,166,0,0.0,0.0,0.0,0.0
A,R02,training,28,167,0,0.0,0.0,0.0,0.0
A,R02,training,28,168,0,0.0,0.0,0.0,0.0
A,R02,training,28,169,0,0.0,0.0,0.0,0.0
A,R02,training,28,170,0,0.0,0.0,0.0,0.0
A,R02,training,28,171,0,0.0,0.0,0.0,0.0
A,R02,training,28,172,0,0.0,0.0,0.0,0.0
A,R02,training,28,173,0,0.0,0.0,0.0,0.0
A,R02,training,28,174,0,0.0,0.0,0.0,0.0
A,R02,training,28,175,0,0.0,0.0,0.0,0.0
A,R02,training,28,176,0,0.0,0.0,0.0,0.0
A,R02,training,28,177,0,0.0,0.0,0.0,0.0
A,R02,training,28,178,0,0.0,0.0,0.0,0.0
A,R02,training,28,179,0,0.0,0.0,0.0,0.0
A,R02,training,28,180,0,0.0,0.0,0.0,0.0
A,R02,training,28,181,0,0.0,0.0,0.0,0.0
A,R02,training,28,182,0,0.0,0.0,0.0,0.0
A,R02,training,28,183,0,0.0,0.0,0.0,0.0
A,R02,training,28,184,0,0.0,0.0,0.0,0.0
A,R02,training,28,185,0,0.0,0.0,0.0,0.0
A,R02,training,28,186,0,0.0,0.0,0.0,0.0
A,R02,training,28,187,0,0.0,0.0,0.0,0.0
A,R02,training,28,188,0,0.0,0.0,0.0,0.0
A,R02,training,28,189,0,0.0,0.0,0.0,0.0
A,R02,training,28,190,0,0.0,0.0,0.0,0.0
A,R02,training,28,191,0,0.0,0.0,0.0,0.0
A,R02,training,28,192,0,0.0,0.0,0.0,0.0
A,R02,training,28,193,0,0.0,0.0,0.0,0.0
A,R02,training,28,194,0,0.0,0.0,0.0,0.0
A,R02,training,28,195,0,0.0,0.0,0.0,0.0
A,R02,training,28,196,0,0.0,0.0,0.0,0.0
A,R02,training,28,197,0,0.0,0.0,0.0,0.0
A,R02,training,28,198,0,0.0,0.0,0.0,0.0
A,R02,training,28,199,0,0.0,0.0,0.0,0.0
A,R02,training,28,200,0,0.0,0.0,0.0,0.0
A,R02,training,28,201,0,0.0,0.0,0.0,0.0
A,R02,training,28,202,0,0.0,0.0,0.0,0.0
A,R02,training,28,203,0,0.0,0.0,0.0,0.0
A,R02,training,28,204,0,0.0,0.0,0.0,0.0
A,R02,training,28,205,0,0.0,0.0,0.0,0.0
A,R02,training,28,206,0,0.0,0.0,0.0,0.0
A,R02,training,28,207,0,0.0,0.0,0.0,0.0
A,R02,training,28,208,0,0.0,0.0,0.0,0.0
A,R02,training,28,209,0,0.0,0.0,0.0,0.0
A,R02,training,28,210,0,0.0,0.0,0.0,0.0
A,R02,training,28,211,0,0.0,0.0,0.0,0.0
A,R02,training,28,212,0,0.0,0.0,0.0,0.0
A,R02,training,28,213,0,0.0,0.0,0.0,0.0
A,R02,training,28,214,0,0.0,0.0,0.0,0.0
A,R02,training,28,215,0,0.0,0.0,0.0,0.0
A,R02,training,28,216,0,0.0,0.0,0.0,0.0
A,R02,training,28,217,0,0.0,0.0,0.0,0.0
A,R02,training,28,218,0,0.0,0.0,0.0,0.0
A,R02,training,28,219,0,0.0,0.0,0.0,0.0
A,R02,training,28,220,0,0.0,0.0,0.0,0.0
A,R02,training,28,221,0,0.0,0.0,0.0,0.0
A,R02,training,28,222,0,0.0,0.0,0.0,0.0
A,R02,training,28,223,0,0.0,0.0,0.0,0.0
A,R02,training,28,224,0,0.0,0.0,0.0,0.0
A,R02,training,28,225,0,0.0,0.0,0.0,0.0
A,R02,training,28,226,0,0.0,0.0,0.0,0.0
A,R02,training,28,227,0,0.0,0.0,0.0,0.0
A,R02,training,28,228,0,0.0,0.0,0.0,0.0
A,R02,training,28,229,0,0.0,0.0,0.0,0.0
A,R02,training,28,230,0,0.0,0.0,0.0,0.0
A,R02,training,28,231,0,0.0,0.0,0.0,0.0
A,R02,training,28,232,0,0.0,0.0,0.0,0.0
A,R02,training,28,233,0,0.0,0.0,0.0,0.0
A,R02,training,28,234,0,0.0,0.0,0.0,0.0
A,R02,training,28,235,0,0.0,0.0,0.0,0.0
A,R02,training,28,236,0,0.0,0.0,0.0,0.0
A,R02,training,28,237,0,0.0,0.0,0.0,0.0
A,R02,training,28,238,0,0.0,0.0,0.0,0.0
A,R02,training,28,239,0,0.0,0.0,0.0,0.0
A,R02,training,28,240,0,0.0,0.0,0.0,0.0
A,R02,training,28,241,0,0.0,0.0,0.0,0.0
A,R02,training,28,242,0,0.0,0.0,0.0,0.0
A,R02,training,28,243,0,0.0,0.0,0.0,0.0
A,R02,training,28,244,0,0.0,0.0,0.0,0.0
A,R02,training,28,245,0,0.0,0.0,0.0,0.0
A,R02,training,28,246,0,0.0,0.0,0.0,0.0
A,R02,training,28,247,0,0.0,0.0,0.0,0.0
A,R02,training,28,248,0,0.0,0.0,0.0,0.0
A,R02,training,28,249,0,0.0,0.0,0.0,0.0
A,R02,training,28,250,0,0.0,0.0,0.0,0.0
A,R02,training,28,251,0,0.0,0.0,0.0,0.0
A,R02,training,28,252,0,0.0,0.0,0.0,0.0
A,R02,training,28,253,0,0.0,0.0,0.0,0.0
A,R02,training,28,254,0,0.0,0.0,0.0,0.0
A,R02,training,28,255,0,0.0,0.0,0.0,0.0
A,R02,training,28,256,0,0.0,0.0,0.0,0.0
A,R02,training,28,257,0,0.0,0.0,0.0,0.0
A,R02,training,28,258,0,0.0,0.0,0.0,0.0
A,R02,training,28,259,0,0.0,0.0,0.0,0.0
A,R02,training,28,260,0,0.0,0.0,0.0,0.0
A,R02,training,28,261,0,0.0,0.0,0.0,0.0
A,R02,training,28,262,0,0.0,0.0,0.0,0.0
A,R02,training,28,263,0,0.0,0.0,0.0,0.0
A,R02,training,28,264,0,0.0,0.0,0.0,0.0
A,R02,training,28,265,0,0.0,0.0,0.0,0.0
A,R02,training,28,266,0,0.0,0.0,0.0,0.0
A,R02,training,28,267,0,0.0,0.0,0.0,0.0
A,R02,training,28,268,0,0.0,0.0,0.0,0.0
A,R02,training,28,269,0,0.0,0.0,0.0,0.0
A,R02,training,28,270,0,0.0,0.0,0.0,0.0
A,R02,training,28,271,0,0.0,0.0,0.0,0.0
A,R02,training,28,272,0,0.0,0.0,0.0,0.0
A,R02,training,28,273,0,0.0,0.0,0.0,0.0
A,R02,training,28,274,0,0.0,0.0,0.0,0.0
A,R02,training,28,275,0,0.0,0.0,0.0,0.0
A,R02,training,28,276,0,0.0,0.0,0.0,0.0
A,R02,training,28,277,0,0.0,0.0,0.0,0.0
A,R02,training,28,278,0,0.0,0.0,0.0,0.0
A,R02,training,28,279,0,0.0,0.0,0.0,0.0
A,R02,training,28,280,0,0.0,0.0,0.0,0.0
A,R02,training,28,281,0,0.0,0.0,0.0,0.0
A,R02,training,28,282,0,0.0,0.0,0.0,0.0
A,R02,training,28,283,0,0.0,0.0,0.0,0.0
A,R02,training,28,284,0,0.0,0.0,0.0,0.0
A,R02,training,28,285,0,0.0,0.0,0.0,0.0
A,R02,training,28,286,0,0.0,0.0,0.0,0.0
A,R02,training,28,287,0,0.0,0.0,0.0,0.0
A,R02,training,28,288,0,0.0,0.0,0.0,0.0
A,R02,training,28,289,0,0.0,0.0,0.0,0.0
A,R02,training,28,290,0,0.0,0.0,0.0,0.0
A,R02,training,28,291,0,0.0,0.0,0.0,0.0
A,R02,training,28,292,0,0.0,0.0,0.0,0.0
A,R02,training,28,293,0,0.0,0.0,0.0,0.0
A,R02,training,28,294,0,0.0,0.0,0.0,0.0
A,R02,training,28,295,0,0.0,0.0,0.0,0.0
A,R02,training,28,296,0,0.0,0.0,0.0,0.0
A,R02,training,28,297,0,0.0,0.0,0.0,0.0
A,R02,training,28,298,0,0.0,0.0,0.0,0.0
A,R02,training,28,299,0,0.0,0.0,0.0,0.0
A,R02,training,28,300,0,0.0,0.0,0.0,0.0
A,R02,training,28,301,0,0.0,0.0,0.0,0.0
A,R02,training,28,302,0,0.0,0.0,0.0,0.0
A,R02,training,28,303,0,0.0,0.0,0.0,0.0
A,R02,training,28,304,0,0.0,0.0,0.0,0.0
A,R02,training,28,305,0,0.0,0.0,0.0,0.0
A,R02,training,28,306,0,0.0,0.0,0.0,0.0
A,R02,training,28,307,0,0.0,0.0,0.0,0.0
A,R02,training,28,308,0,0.0,0.0,0.0,0.0
A,R02,training,28,309,0,0.0,0.0,0.0,0.0
A,R02,training,28,310,0,0.0,0.0,0.0,0.0
A,R02,training,28,311,0,0.0,0.0,0.0,0.0
A,R02,training,28,312,0,0.0,0.0,0.0,0.0
A,R02,training,28,313,0,0.0,0.0,0.0,0.0
A,R02,training,28,314,0,0.0,0.0,0.0,0.0
A,R02,training,28,315,0,0.0,0.0,0.0,0.0
A,R02,training,28,316,0,0.0,0.0,0.0,0.0
A,R02,training,28,317,0,0.0,0.0,0.0,0.0
A,R02,training,28,318,0,0.0,0.0,0.0,0.0
A,R02,training,28,319,0,0.0,0.0,0.0,0.0
A,R02,training,28,320,0,0.0,0.0,0.0,0.0
A,R02,training,28,321,0,0.0,0.0,0.0,0.0
A,R02,training,28,322,0,0.0,0.0,0.0,0.0
A,R02,training,28,323,0,0.0,0.0,0.0,0.0
A,R02,training,28,324,0,0.0,0.0,0.0,0.0
A,R02,training,28,325,0,0.0,0.0,0.0,0.0
A,R02,training,28,326,0,0.0,0.0,0.0,0.0
A,R02,training,28,327,0,0.0,0.0,0.0,0.0
A,R02,training,28,328,0,0.0,0.0,0.0,0.0
A,R02,training,28,329,0,0.0,0.0,0.0,0.0
A,R02,training,28,330,0,0.0,0.0,0.0,0.0
A,R02,training,28,331,0,0.0,0.0,0.0,0.0
A,R02,training,28,332,0,0.0,0.0,0.0,0.0
A,R02,training,28,333,0,0.0,0.0,0.0,0.0
A,R02,training,28,334,0,0.0,0.0,0.0,0.0
A,R02,training,28,335,0,0.0,0.0,0.0,0.0
A,R02,training,28,336,0,0.0,0.0,0.0,0.0
A,R02,training,28,337,0,0.0,0.0,0.0,0.0
A,R02,training,28,338,0,0.0,0.0,0.0,0.0
A,R02,training,28,339,0,0.0,0.0,0.0,0.0
A,R02,training,28,340,0,0.0,0.0,0.0,0.0
A,R02,training,28,341,0,0.0,0.0,0.0,0.0
A,R02,training,28,342,0,0.0,0.0,0.0,0.0
A,R02,training,28,343,0,0.0,0.0,0.0,0.0
A,R02,training,28,344,0,0.0,0.0,0.0,0.0
A,R02,training,28,345,0,0.0,0.0,0.0,0.0
A,R02,training,28,346,0,0.0,0.0,0.0,0.0
A,R02,training,28,347,0,0.0,0.0,0.0,0.0
A,R02,training,28,348,0,0.0,0.0,0.0,0.0
A,R02,training,28,349,0,0.0,0.0,0.0,0.0
A,R02,training,28,350,0,0.0,0.0,0.0,0.0
A,R02,training,28,351,0,0.0,0.0,0.0,0.0
A,R02,training,28,352,0,0.0,0.0,0.0,0.0
A,R02,training,28,353,0,0.0,0.0,0.0,0.0
A,R02,training,28,354,0,0.0,0.0,0.0,0.0
A,R02,training,28,355,0,0.0,0.0,0.0,0.0
A,R02,training,28,356,0,0.0,0.0,0.0,0.0
A,R02,training,28,357,0,0.0,0.0,0.0,0.0
A,R02,training,28,358,0,0.0,0.0,0.0,0.0
A,R02,training,28,359,0,0.0,0.0,0.0,0.0
A,R02,training,28,360,0,0.0,0.0,0.0,0.0
A,R02,training,28,361,0,0.0,0.0,0.0,0.0
A,R02,training,28,362,0,0.0,0.0,0.0,0.0
A,R02,training,28,363,0,0.0,0.0,0.0,0.0
A,R02,training,28,364,0,0.0,0.0,0.0,0.0
A,R02,training,28,365,0,0.0,0.0,0.0,0.0
A,R02,training,28,366,0,0.0,0.0,0.0,0.0
A,R02,training,28,367,0,0.0,0.0,0.0,0.0
A,R02,training,28,368,0,0.0,0.0,0.0,0.0
A,R02,training,28,369,0,0.0,0.0,0.0,0.0
A,R02,training,28,370,0,0.0,0.0,0.0,0.0
A,R02,training,28,371,0,0.0,0.0,0.0,0.0
A,R02,training,28,372,0,0.0,0.0,0.0,0.0
A,R02,training,28,373,0,0.0,0.0,0.0,0.0
A,R02,training,28,374,0,0.0,0.0,0.0,0.0
A,R02,training,28,375,0,0.0,0.0,0.0,0.0
A,R02,training,28,376,0,0.0,0.0,0.0,0.0
A,R02,training,28,377,0,0.0,0.0,0.0,0.0
A,R02,training,28,378,0,0.0,0.0,0.0,0.0
A,R02,training,28,379,0,0.0,0.0,0.0,0.0
A,R02,training,28,380,0,0.0,0.0,0.0,0.0
A,R02,training,28,381,0,0.0,0.0,0.0,0.0
A,R02,training,28,382,0,0.0,0.0,0.0,0.0
A,R02,training,28,383,0,0.0,0.0,0.0,0.0
A,R02,training,28,384,0,0.0,0.0,0.0,0.0
A,R02,training,28,385,0,0.0,0.0,0.0,0.0
A,R02,training,28,386,0,0.0,0.0,0.0,0.0
A,R02,training,28,387,0,0.0,0.0,0.0,0.0
A,R02,training,28,388,0,0.0,0.0,0.0,0.0
A,R02,training,28,389,0,0.0,0.0,0.0,0.0
A,R02,training,28,390,0,0.0,0.0,0.0,0.0
A,R02,training,28,391,0,0.0,0.0,0.0,0.0
A,R02,training,28,392,0,0.0,0.0,0.0,0.0
A,R02,training,28,393,0,0.0,0.0,0.0,0.0
A,R02,training,28,394,0,0.0,0.0,0.0,0.0
A,R02,training,28,395,0,0.0,0.0,0.0,0.0
A,R02,training,28,396,0,0.0,0.0,0.0,0.0
A,R02,training,28,397,0,0.0,0.0,0.0,0.0
A,R02,training,28,398,0,0.0,0.0,0.0,0.0
A,R02,training,28,399,0,0.0,0.0,0.0,0.0
A,R02,training,28,400,0,0.0,0.0,0.0,0.0
A,R02,training,28,401,0,0.0,0.0,0.0,0.0
A,R02,training,28,402,0,0.0,0.0,0.0,0.0
A,R02,training,28,403,0,0.0,0.0,0.0,0.0
A,R02,training,28,404,0,0.0,0.0,0.0,0.0
A,R02,training,28,405,0,0.0,0.0,0.0,0.0
A,R02,training,28,406,0,0.0,0.0,0.0,0.0
A,R02,training,28,407,0,0.0,0.0,0.0,0.0
A,R02,training,28,408,0,0.0,0.0,0.0,0.0
A,R02,training,28,409,0,0.0,0.0,0.0,0.0
A,R02,training,28,410,0,0.0,0.0,0.0,0.0
A,R02,training,28,411,0,0.0,0.0,0.0,0.0
A,R02,training,28,412,0,0.0,0.0,0.0,0.0
A,R02,training,28,413,0,0.0,0.0,0.0,0.0
A,R02,training,28,414,0,0.0,0.0,0.0,0.0
A,R02,training,28,415,0,0.0,0.0,0.0,0.0
A,R02,training,28,416,0,0.0,0.0,0.0,0.0
A,R02,training,28,417,0,0.0,0.0,0.0,0.0
A,R02,training,28,418,0,0.0,0.0,0.0,0.0
A,R02,training,28,419,0,0.0,0.0,0.0,0.0
A,R02,training,28,420,0,0.0,0.0,0.0,0.0
A,R02,training,28,421,0,0.0,0.0,0.0,0.0
A,R02,training,28,422,0,0.0,0.0,0.0,0.0
A,R02,training,28,423,0,0.0,0.0,0.0,0.0
A,R02,training,28,424,0,0.0,0.0,0.0,0.0
A,R02,training,28,425,0,0.0,0.0,0.0,0.0
A,R02,training,28,426,0,0.0,0.0,0.0,0.0
A,R02,training,28,427,0,0.0,0.0,0.0,0.0
A,R02,training,28,428,0,0.0,0.0,0.0,0.0
A,R02,training,28,429,0,0.0,0.0,0.0,0.0
A,R02,training,28,430,0,0.0,0.0,0.0,0.0
A,R02,training,28,431,0,0.0,0.0,0.0,0.0
A,R02,training,28,432,0,0.0,0.0,0.0,0.0
A,R02,training,28,433,0,0.0,0.0,0.0,0.0
A,R02,training,28,434,0,0.0,0.0,0.0,0.0
A,R02,training,28,435,0,0.0,0.0,0.0,0.0
A,R02,training,28,436,0,0.0,0.0,0.0,0.0
A,R02,training,28,437,0,0.0,0.0,0.0,0.0
A,R02,training,28,438,0,0.0,0.0,0.0,0.0
A,R02,training,28,439,0,0.0,0.0,0.0,0.0
A,R02,training,28,440,0,0.0,0.0,0.0,0.0
A,R02,training,28,441,0,0.0,0.0,0.0,0.0
A,R02,training,28,442,0,0.0,0.0,0.0,0.0
A,R02,training,28,443,0,0.0,0.0,0.0,0.0
A,R02,training,28,444,0,0.0,0.0,0.0,0.0
A,R02,training,28,445,0,0.0,0.0,0.0,0.0
A,R02,training,28,446,0,0.0,0.0,0.0,0.0
A,R02,training,28,447,0,0.0,0.0,0.0,0.0
A,R02,training,28,448,0,0.0,0.0,0.0,0.0
A,R02,training,28,449,0,0.0,0.0,0.0,0.0
A,R02,training,28,450,0,0.0,0.0,0.0,0.0
A,R02,training,28,451,0,0.0,0.0,0.0,0.0
A,R02,training,28,452,0,0.0,0.0,0.0,0.0
A,R02,training,28,453,0,0.0,0.0,0.0,0.0
A,R02,training,28,454,0,0.0,0.0,0.0,0.0
A,R02,training,28,455,0,0.0,0.0,0.0,0.0
A,R02,training,28,456,0,0.0,0.0,0.0,0.0
A,R02,training,28,457,0,0.0,0.0,0.0,0.0
A,R02,training,28,458,0,0.0,0.0,0.0,0.0
A,R02,training,28,459,0,0.0,0.0,0.0,0.0
A,R02,training,28,460,0,0.0,0.0,0.0,0.0
A,R02,training,28,461,0,0.0,0.0,0.0,0.0
A,R02,training,28,462,0,0.0,0.0,0.0,0.0
A,R02,training,28,463,0,0.0,0.0,0.0,0.0
A,R02,training,28,464,0,0.0,0.0,0.0,0.0
A,R02,training,28,465,0,0.0,0.0,0.0,0.0
A,R02,training,28,466,0,0.0,0.0,0.0,0.0
A,R02,training,28,467,0,0.0,0.0,0.0,0.0
A,R02,training,28,468,0,0.0,0.0,0.0,0.0
A,R02,training,28,469,0,0.0,0.0,0.0,0.0
A,R02,training,28,470,0,0.0,0.0,0.0,0.0
A,R02,training,28,471,0,0.0,0.0,0.0,0.0
A,R02,training,28,472,0,0.0,0.0,0.0,0.0
A,R02,training,28,473,0,0.0,0.0,0.0,0.0
A,R02,training,28,474,0,0.0,0.0,0.0,0.0
A,R02,training,28,475,0,0.0,0.0,0.0,0.0
A,R02,training,28,476,0,0.0,0.0,0.0,0.0
A,R02,training,28,477,0,0.0,0.0,0.0,0.0
A,R02,training,28,478,0,0.0,0.0,0.0,0.0
A,R02,training,28,479,0,0.0,0.0,0.0,0.0
A,R02,training,28,480,0,0.0,0.0,0.0,0.0
A,R02,training,28,481,0,0.0,0.0,0.0,0.0
A,R02,training,28,482,0,0.0,0.0,0.0,0.0
A,R02,training,28,483,0,0.0,0.0,0.0,0.0
A,R02,training,28,484,0,0.0,0.0,0.0,0.0
A,R02,training,28,485,0,0.0,0.0,0.0,0.0
A,R02,training,28,486,0,0.0,0.0,0.0,0.0
A,R02,training,28,487,0,0.0,0.0,0.0,0.0
A,R02,training,28,488,0,0.0,0.0,0.0,0.0
A,R02,training,28,489,0,0.0,0.0,0.0,0.0
A,R02,training,28,490,0,0.0,0.0,0.0,0.0
A,R02,training,28,491,0,0.0,0.0,0.0,0.0
A,R02,training,28,492,0,0.0,0.0,0.0,0.0
A,R02,training,28,493,0,0.0,0.0,0.0,0.0
A,R02,training,28,494,0,0.0,0.0,0.0,0.0
A,R02,training,28,495,0,0.0,0.0,0.0,0.0
A,R02,training,28,496,0,0.0,0.0,0.0,0.0
A,R02,training,28,497,0,0.0,0.0,0.0,0.0
A,R02,training,28,498,0,0.0,0.0,0.0,0.0
A,R02,training,28,499,0,0.0,0.0,0.0,0.0
A,R02,training,28,500,0,0.0,0.0,0.0,0.0
A,R02,training,28,501,0,0.0,0.0,0.0,0.0
A,R02,training,28,502,0,0.0,0.0,0.0,0.0
A,R02,training,28,503,0,0.0,0.0,0.0,0.0
A,R02,training,28,504,0,0.0,0.0,0.0,0.0
A,R02,training,28,505,0,0.0,0.0,0.0,0.0
A,R02,training,28,506,0,0.0,0.0,0.0,0.0
A,R02,training,28,507,0,0.0,0.0,0.0,0.0
A,R02,training,28,508,0,0.0,0.0,0.0,0.0
A,R02,training,28,509,0,0.0,0.0,0.0,0.0
A,R02,training,28,510,0,0.0,0.0,0.0,0.0
A,R02,training,28,511,0,0.0,0.0,0.0,0.0
A,R02,training,28,512,0,0.0,0.0,0.0,0.0
A,R02,training,28,513,0,0.0,0.0,0.0,0.0
A,R02,training,28,514,0,0.0,0.0,0.0,0.0
A,R02,training,28,515,0,0.0,0.0,0.0,0.0
A,R02,training,28,516,0,0.0,0.0,0.0,0.0
A,R02,training,28,517,0,0.0,0.0,0.0,0.0
A,R02,training,28,518,0,0.0,0.0,0.0,0.0
A,R02,training,28,519,0,0.0,0.0,0.0,0.0
A,R02,training,28,520,0,0.0,0.0,0.0,0.0
A,R02,training,28,521,0,0.0,0.0,0.0,0.0
A,R02,training,28,522,0,0.0,0.0,0.0,0.0
A,R02,training,28,523,0,0.0,0.0,0.0,0.0
A,R02,training,28,524,0,0.0,0.0,0.0,0.0
A,R02,training,28,525,0,0.0,0.0,0.0,0.0
A,R02,training,28,526,0,0.0,0.0,0.0,0.0
A,R02,training,28,527,0,0.0,0.0,0.0,0.0
A,R02,training,28,528,0,0.0,0.0,0.0,0.0
A,R02,training,28,529,0,0.0,0.0,0.0,0.0
A,R02,training,28,530,0,0.0,0.0,0.0,0.0
A,R02,training,28,531,0,0.0,0.0,0.0,0.0
A,R02,training,28,532,0,0.0,0.0,0.0,0.0
A,R02,training,28,533,0,0.0,0.0,0.0,0.0
A,R02,training,28,534,0,0.0,0.0,0.0,0.0
A,R02,training,28,535,0,0.0,0.0,0.0,0.0
A,R02,training,28,536,0,0.0,0.0,0.0,0.0
A,R02,training,28,537,0,0.0,0.0,0.0,0.0
A,R02,training,28,538,0,0.0,0.0,0.0,0.0
A,R02,training,28,539,0,0.0,0.0,0.0,0.0
A,R02,training,28,540,0,0.0,0.0,0.0,0.0
A,R02,training,28,541,0,0.0,0.0,0.0,0.0
A,R02,training,28,542,0,0.0,0.0,0.0,0.0
A,R02,training,28,543,0,0.0,0.0,0.0,0.0
A,R02,training,28,544,0,0.0,0.0,0.0,0.0
A,R02,training,28,545,0,0.0,0.0,0.0,0.0
A,R02,training,28,546,0,0.0,0.0,0.0,0.0
A,R02,training,28,547,0,0.0,0.0,0.0,0.0
A,R02,training,28,548,0,0.0,0.0,0.0,0.0
A,R02,training,28,549,0,0.0,0.0,0.0,0.0
A,R02,training,28,550,0,0.0,0.0,0.0,0.0
A,R02,training,28,551,0,0.0,0.0,0.0,0.0
A,R02,training,28,552,0,0.0,0.0,0.0,0.0
A,R02,training,28,553,0,0.0,0.0,0.0,0.0
A,R02,training,28,554,0,0.0,0.0,0.0,0.0
A,R02,training,28,555,0,0.0,0.0,0.0,0.0
A,R02,training,28,556,0,0.0,0.0,0.0,0.0
A,R02,training,28,557,0,0.0,0.0,0.0,0.0
A,R02,training,28,558,0,0.0,0.0,0.0,0.0
A,R02,training,28,559,0,0.0,0.0,0.0,0.0
A,R02,training,28,560,0,0.0,0.0,0.0,0.0
A,R02,training,28,561,0,0.0,0.0,0.0,0.0
A,R02,training,28,562,0,0.0,0.0,0.0,0.0
A,R02,training,28,563,0,0.0,0.0,0.0,0.0
A,R02,training,28,564,0,0.0,0.0,0.0,0.0
A,R02,training,28,565,0,0.0,0.0,0.0,0.0
A,R02,training,28,566,0,0.0,0.0,0.0,0.0
A,R02,training,28,567,0,0.0,0.0,0.0,0.0
A,R02,training,28,568,0,0.0,0.0,0.0,0.0
A,R02,training,28,569,0,0.0,0.0,0.0,0.0
A,R02,training,28,570,0,0.0,0.0,0.0,0.0
A,R02,training,28,571,0,0.0,0.0,0.0,0.0
A,R02,training,28,572,0,0.0,0.0,0.0,0.0
A,R02,training,28,573,0,0.0,0.0,0.0,0.0
A,R02,training,28,574,0,0.0,0.0,0.0,0.0
A,R02,training,28,575,0,0.0,0.0,0.0,0.0
A,R02,training,28,576,0,0.0,0.0,0.0,0.0
A,R02,training,28,577,0,0.0,0.0,0.0,0.0
A,R02,training,28,578,0,0.0,0.0,0.0,0.0
A,R02,training,28,579,0,0.0,0.0,0.0,0.0
A,R02,training,28,580,0,0.0,0.0,0.0,0.0
A,R02,training,28,581,0,0.0,0.0,0.0,0.0
A,R02,training,28,582,0,0.0,0.0,0.0,0.0
A,R02,training,28,583,0,0.0,0.0,0.0,0.0
A,R02,training,28,584,0,0.0,0.0,0.0,0.0
A,R02,training,28,585,0,0.0,0.0,0.0,0.0
A,R02,training,28,586,0,0.0,0.0,0.0,0.0
A,R02,training,28,587,0,0.0,0.0,0.0,0.0
A,R02,training,28,588,0,0.0,0.0,0.0,0.0
A,R02,training,28,589,0,0.0,0.0,0.0,0.0
A,R02,training,28,590,0,0.0,0.0,0.0,0.0
A,R02,training,28,591,0,0.0,0.0,0.0,0.0
B,R02,training,28,0,0,0.0,0.0,0.0,0.0
B,R02,training,28,1,0,0.0,0.0,0.0,0.0
B,R02,training,28,2,0,0.0,0.0,0.0,0.0
B,R02,training,28,3,0,0.0,0.0,0.0,0.0
B,R02,training,28,4,0,0.0,0.0,0.0,0.0
B,R02,training,28,5,0,0.0,0.0,0.0,0.0
B,R02,training,28,6,0,0.0,0.0,0.0,0.0
B,R02,training,28,7,0,0.0,0.0,0.0,0.0
B,R02,training,28,8,0,0.0,0.0,0.0,0.0
B,R02,training,28,9,0,0.0,0.0,0.0,0.0
B,R02,training,28,10,0,0.0,0.0,0.0,0.0
B,R02,training,28,11,0,0.0,0.0,0.0,0.0
B,R02,training,28,12,0,0.0,0.0,0.0,0.0
B,R02,training,28,13,0,0.0,0.0,0.0,0.0
B,R02,training,28,14,0,0.0,0.0,0.0,0.0
B,R02,training,28,15,0,0.0,0.0,0.0,0.0
B,R02,training,28,16,0,0.0,0.0,0.0,0.0
B,R02,training,28,17,0,0.0,0.0,0.0,0.0
B,R02,training,28,18,0,0.0,0.0,0.0,0.0
B,R02,training,28,19,0,0.0,0.0,0.0,0.0
B,R02,training,28,20,0,0.0,0.0,0.0,0.0
B,R02,training,28,21,0,0.0,0.0,0.0,0.0
B,R02,training,28,22,0,0.0,0.0,0.0,0.0
B,R02,training,28,23,0,0.0,0.0,0.0,0.0
B,R02,training,28,24,0,0.0,0.0,0.0,0.0
B,R02,training,28,25,0,0.0,0.0,0.0,0.0
B,R02,training,28,26,0,0.0,0.0,0.0,0.0
B,R02,training,28,27,0,0.0,0.0,0.0,0.0
B,R02,training,28,28,0,0.0,0.0,0.0,0.0
B,R02,training,28,29,0,0.0,0.0,0.0,0.0
B,R02,training,28,30,0,0.0,0.0,0.0,0.0
B,R02,training,28,31,0,0.0,0.0,0.0,0.0
B,R02,training,28,32,0,0.0,0.0,0.0,0.0
B,R02,training,28,33,0,0.0,0.0,0.0,0.0
B,R02,training,28,34,0,0.0,0.0,0.0,0.0
B,R02,training,28,35,0,0.0,0.0,0.0,0.0
B,R02,training,28,36,0,0.0,0.0,0.0,0.0
B,R02,training,28,37,0,0.0,0.0,0.0,0.0
B,R02,training,28,38,0,0.0,0.0,0.0,0.0
B,R02,training,28,39,0,0.0,0.0,0.0,0.0
B,R02,training,28,40,0,0.0,0.0,0.0,0.0
B,R02,training,28,41,0,0.0,0.0,0.0,0.0
B,R02,training,28,42,0,0.0,0.0,0.0,0.0
B,R02,training,28,43,0,0.0,0.0,0.0,0.0
B,R02,training,28,44,0,0.0,0.0,0.0,0.0
B,R02,training,28,45,0,0.0,0.0,0.0,0.0
B,R02,training,28,46,0,0.0,0.0,0.0,0.0
B,R02,training,28,47,0,0.0,0.0,0.0,0.0
B,R02,training,28,48,0,0.0,0.0,0.0,0.0
B,R02,training,28,49,0,0.0,0.0,0.0,0.0
B,R02,training,28,50,0,0.0,0.0,0.0,0.0
B,R02,training,28,51,0,0.0,0.0,0.0,0.0
B,R02,training,28,52,0,0.0,0.0,0.0,0.0
B,R02,training,28,53,0,0.0,0.0,0.0,0.0
B,R02,training,28,54,0,0.0,0.0,0.0,0.0
B,R02,training,28,55,0,0.0,0.0,0.0,0.0
B,R02,training,28,56,0,0.0,0.0,0.0,0.0
B,R02,training,28,57,0,0.0,0.0,0.0,0.0
B,R02,training,28,58,0,0.0,0.0,0.0,0.0
B,R02,training,28,59,0,0.0,0.0,0.0,0.0
B,R02,training,28,60,0,0.0,0.0,0.0,0.0
B,R02,training,28,61,0,0.0,0.0,0.0,0.0
B,R02,training,28,62,0,0.0,0.0,0.0,0.0
B,R02,training,28,63,0,0.0,0.0,0.0,0.0
B,R02,training,28,64,0,0.0,0.0,0.019007556798043928,0.01401769314704034
B,R02,training,28,65,0,0.0,0.0,0.019007556798043928,0.014054619418008172
B,R02,training,28,66,0,0.0,0.0,0.019007556798043928,0.01409148212922394
B,R02,training,28,67,0,0.0,0.0,0.019007556798043928,0.014128280271422558
B,R02,training,28,68,0,0.0,0.0,0.019007556798043928,0.014165012834911344
B,R02,training,28,69,0,0.0,0.0,0.019007556798043928,0.014201678809615067
B,R02,training,28,70,0,0.0,0.0,0.019007556798043928,0.01423827718512111
B,R02,training,28,71,0,0.0,0.0,0.019007556798043928,0.0142748069507248
B,R02,training,28,72,0,0.0,0.0,0.019007556798043928,0.014311267095474848
B,R02,training,28,73,0,0.0,0.0,0.019007556798043928,0.014347656608218929
B,R02,training,28,74,0,0.0,0.0,0.019007556798043928,0.014383974477649396
B,R02,training,28,75,0,0.0,0.0,0.019007556798043928,0.014420219692349108
B,R02,training,28,76,0,0.0,0.0,0.019007556798043928,0.014456391240837384
B,R02,training,28,77,0,0.0,0.0,0.019007556798043928,0.01449248811161609
B,R02,training,28,78,0,0.0,0.0,0.019007556798043928,0.014528509293215813
B,R02,training,28,79,0,0.0,0.0,0.019007556798043928,0.014564453774242186
B,R02,training,28,80,0,0.0,0.0,0.03936199421506702,0.030235223752031862
B,R02,training,28,81,0,0.0,0.0,0.03936199421506702,0.030309335795131252
B,R02,training,28,82,0,0.0,0.0,0.03936199421506702,0.03038328272058601
B,R02,training,28,83,0,0.0,0.0,0.03936199421506702,0.03045706243552473
B,R02,training,28,84,0,0.0,0.0,0.03936199421506702,0.03053067284771421
B,R02,training,28,85,0,0.0,0.0,0.03936199421506702,0.030604111865656616
B,R02,training,28,86,0,0.0,0.0,0.03936199421506702,0.030677377398686864
B,R02,training,28,87,0,0.0,0.0,0.03936199421506702,0.03075046735707019
B,R02,training,28,88,0,0.0,0.0,0.03936199421506702,0.030823379652099886
B,R02,training,28,89,0,0.0,0.0,0.03936199421506702,0.03089611219619523
B,R02,training,28,90,0,0.0,0.0,0.03936199421506702,0.030968662902999558
B,R02,training,28,91,0,0.0,0.0,0.03936199421506702,0.031041029687478534
B,R02,training,28,92,0,0.0,0.0,0.03936199421506702,0.03111321046601853
B,R02,training,28,93,0,0.0,0.0,0.03936199421506702,0.031185203156525218
B,R02,training,28,94,0,0.0,0.0,0.03936199421506702,0.031257005678522215
B,R02,training,28,95,0,0.0,0.0,0.03936199421506702,0.031328615953249976
B,R02,training,28,96,0,0.0,0.0,0.04179012261111055,0.0333370097074203
B,R02,training,28,97,0,0.0,0.0,0.04179012261111055,0.03341262258830578
B,R02,training,28,98,0,0.0,0.0,0.04179012261111055,0.033488024753750865
B,R02,training,28,99,0,0.0,0.0,0.04179012261111055,0.03356321400510611
B,R02,training,28,100,0,0.0,0.0,0.04179012261111055,0.0336381881460714
B,R02,training,28,101,0,0.0,0.0,0.04179012261111055,0.03371294498280154
B,R02,training,28,102,0,0.0,0.0,0.04179012261111055,0.033787482324012116
B,R02,training,28,103,0,0.0,0.0,0.04179012261111055,0.0338617979810852
B,R02,training,28,104,0,0.0,0.0,0.04179012261111055,0.033935889768175354
B,R02,training,28,105,0,0.0,0.0,0.04179012261111055,0.03400975550231566
B,R02,training,28,106,0,0.0,0.0,0.04179012261111055,0.034083393003523685
B,R02,training,28,107,0,0.0,0.0,0.04179012261111055,0.03415680009490771
B,R02,training,28,108,0,0.0,0.0,0.04179012261111055,0.03422997460277285
B,R02,training,28,109,0,0.0,0.0,0.04179012261111055,0.03430291435672731
B,R02,training,28,110,0,0.0,0.0,0.04179012261111055,0.03437561718978863
B,R02,training,28,111,0,0.0,0.0,0.04179012261111055,0.03444808093849003
B,R02,training,28,112,0,0.0,0.0,0.043927663399321595,0.036285997152896675
B,R02,training,28,113,0,0.0,0.0,0.043927663399321595,0.03636165794694182
B,R02,training,28,114,0,0.0,0.0,0.043927663399321595,0.03643706062850915
B,R02,training,28,115,0,0.0,0.0,0.043927663399321595,0.036512202939371456
B,R02,training,28,116,0,0.0,0.0,0.043927663399321595,0.03658708262555595
B,R02,training,28,117,0,0.0,0.0,0.043927663399321595,0.036661697437455995
B,R02,training,28,118,0,0.0,0.0,0.043927663399321595,0.036736045129942954
B,R02,training,28,119,0,0.0,0.0,0.043927663399321595,0.03681012346247782
B,R02,training,28,120,0,0.0,0.0,0.043927663399321595,0.036883930199223
B,R02,training,28,121,0,0.0,0.0,0.043927663399321595,0.036957463109153925
B,R02,training,28,122,0,0.0,0.0,0.043927663399321595,0.037030719966170654
B,R02,training,28,123,0,0.0,0.0,0.043927663399321595,0.037103698549209474
B,R02,training,28,124,0,0.0,0.0,0.043927663399321595,0.03717639664235431
B,R02,training,28,125,0,0.0,0.0,0.043927663399321595,0.03724881203494819
B,R02,training,28,126,0,0.0,0.0,0.043927663399321595,0.03732094252170454
B,R02,training,28,127,0,0.0,0.0,0.043927663399321595,0.03739278590281846
B,R02,training,28,128,0,0.0,0.0,0.045716236240271345,0.03898975007453717
B,R02,training,28,129,0,0.0,0.0,0.045716236240271345,0.03906391421803673
B,R02,training,28,130,0,0.0,0.0,0.045716236240271345,0.039137772733274845
B,R02,training,28,131,0,0.0,0.0,0.045716236240271345,0.03921132335485351
B,R02,training,28,132,0,0.0,0.0,0.045716236240271345,0.039284563823656714
B,R02,training,28,133,0,0.0,0.0,0.045716236240271345,0.039357491886965495
B,R02,training,28,134,0,0.0,0.0,0.045716236240271345,0.03943010529857281
B,R02,training,28,135,0,0.0,0.0,0.045716236240271345,0.03950240181889825
B,R02,training,28,136,0,0.0,0.0,0.045716236240271345,0.03957437921510264
B,R02,training,28,137,0,0.0,0.0,0.045716236240271345,0.03964603526120242
B,R02,training,28,138,0,0.0,0.0,0.045716236240271345,0.03971736773818382
B,R02,training,28,139,0,0.0,0.0,0.045716236240271345,0.039788374434116945
B,R02,training,28,140,0,0.0,0.0,0.045716236240271345,0.039859053144269525
B,R02,training,28,141,0,0.0,0.0,0.045716236240271345,0.03992940167122055
B,R02,training,28,142,0,0.0,0.0,0.045716236240271345,0.039999417824973675
B,R02,training,28,143,0,0.0,0.0,0.045716236240271345,0.040069099423070395
B,R02,training,28,144,0,0.0,0.0,0.04710540515402785,0.04135812210412003
B,R02,training,28,145,0,0.0,0.0,0.04710540515402785,0.04142922494302527
B,R02,training,28,146,0,0.0,0.0,0.04710540515402785,0.041499976361641815
B,R02,training,28,147,0,0.0,0.0,0.04710540515402785,0.04157037414342202
B,R02,training,28,148,0,0.0,0.0,0.04710540515402785,0.04164041608016445
B,R02,training,28,149,0,0.0,0.0,0.04710540515402785,0.04171009997212894
B,R02,training,28,150,0,0.0,0.0,0.04710540515402785,0.041779423628151326
B,R02,training,28,151,0,0.0,0.0,0.04710540515402785,0.04184838486575794
B,R02,training,28,152,0,0.0,0.0,0.04710540515402785,0.041916981511279754
B,R02,training,28,153,0,0.0,0.0,0.04710540515402785,0.04198521139996625
B,R02,training,28,154,0,0.0,0.0,0.04710540515402785,0.04205307237609894
B,R02,training,28,155,0,0.0,0.0,0.04710540515402785,0.04212056229310456
B,R02,training,28,156,0,0.0,0.0,0.04710540515402785,0.042187679013667954
B,R02,training,28,157,0,0.0,0.0,0.04710540515402785,0.04225442040984453
B,R02,training,28,158,0,0.0,0.0,0.04710540515402785,0.042320784363172465
B,R02,training,28,159,0,0.0,0.0,0.04710540515402785,0.042386768764784505
B,R02,training,28,160,0,0.0,0.0,0.04805503855422903,0.04330820090021659
B,R02,training,28,161,0,0.0,0.0,0.04805503855422903,0.043374734709965994
B,R02,training,28,162,0,0.0,0.0,0.04805503855422903,0.04344087492204812
B,R02,training,28,163,0,0.0,0.0,0.04805503855422903,0.0435066194253661
B,R02,training,28,164,0,0.0,0.0,0.04805503855422903,0.0435719661191754
B,R02,training,28,165,0,0.0,0.0,0.04805503855422903,0.04363691291319552
B,R02,training,28,166,0,0.0,0.0,0.04805503855422903,0.04370145772772113
B,R02,training,28,167,0,0.0,0.0,0.04805503855422903,0.043765598493732925
B,R02,training,28,168,0,0.0,0.0,0.04805503855422903,0.04382933315300791
B,R02,training,28,169,0,0.0,0.0,0.04805503855422903,0.043892659658229305
B,R02,training,28,170,0,0.0,0.0,0.04805503855422903,0.04395557597309594
B,R02,training,28,171,0,0.0,0.0,0.04805503855422903,0.04401808007243124
B,R02,training,28,172,0,0.0,0.0,0.04805503855422903,0.044080169942291636
B,R02,training,28,173,0,0.0,0.0,0.04805503855422903,0.044141843580074606
B,R02,training,28,174,0,0.0,0.0,0.04805503855422903,0.04420309899462613
B,R02,training,28,175,0,0.0,0.0,0.04805503855422903,0.044263934206347666
B,R02,training,28,176,0,0.0,0.3329300648559831,0.048537234579706025,0.04476910860256392
B,R02,training,28,177,0,0.0,0.3329300648559831,0.048537234579706025,0.04482969946003819
B,R02,training,28,178,0,0.0,0.3329300648559831,0.048537234579706025,0.044889859970978885
B,R02,training,28,179,0,0.0,0.3329300648559831,0.048537234579706025,0.04494958818367961
B,R02,training,28,180,0,0.0,0.3329300648559831,0.048537234579706025,0.0450088821586378
B,R02,training,28,181,0,0.0,0.3329300648559831,0.048537234579706025,0.045067739968659544
B,R02,training,28,182,0,0.0,0.3329300648559831,0.048537234579706025,0.04512615969896389
B,R02,training,28,183,0,0.0,0.3329300648559831,0.048537234579706025,0.04518413944728656
B,R02,training,28,184,0,0.0,0.3329300648559831,0.048537234579706025,0.045241677323983036
B,R02,training,28,185,0,0.0,0.3329300648559831,0.048537234579706025,0.04529877145213112
B,R02,training,28,186,0,0.0,0.3329300648559831,0.048537234579706025,0.045355419967632885
B,R02,training,28,187,0,0.0,0.3329300648559831,0.048537234579706025,0.04541162101931601
B,R02,training,28,188,0,0.0,0.3329300648559831,0.048537234579706025,0.0454673727690345
B,R02,training,28,189,0,0.0,0.3329300648559831,0.048537234579706025,0.0455226733917688
B,R02,training,28,190,0,0.0,0.3329300648559831,0.048537234579706025,0.04557752107572529
B,R02,training,28,191,0,0.0,0.3329300648559831,0.048537234579706025,0.04563191402243512
B,R02,training,28,192,0,1.0,0.3341623210131084,0.04853768287186936,0.045686272403498866
B,R02,training,28,193,0,1.0,0.3341623210131084,0.04853768287186936,0.045739751028024855
B,R02,training,28,194,0,1.0,0.3341623210131084,0.04853768287186936,0.04579276959657611
B,R02,training,28,195,0,1.0,0.3341623210131084,0.04853768287186936,0.04584532636494236
B,R02,training,28,196,0,1.0,0.3341623210131084,0.04853768287186936,0.04589741960272272
B,R02,training,28,197,0,1.0,0.3341623210131084,0.04853768287186936,0.04594904759342062
B,R02,training,28,198,0,1.0,0.3341623210131084,0.04853768287186936,0.04600020863453795
B,R02,training,28,199,0,1.0,0.3341623210131084,0.04853768287186936,0.04605090103766863
B,R02,training,28,200,0,1.0,0.3341623210131084,0.04853768287186936,0.04610112312859141
B,R02,training,28,201,0,1.0,0.3341623210131084,0.04853768287186936,0.046150873247361945
B,R02,training,28,202,0,1.0,0.3341623210131084,0.04853768287186936,0.04620014974840424
B,R02,training,28,203,0,1.0,0.3341623210131084,0.04853768287186936,0.04624895100060127
B,R02,training,28,204,0,1.0,0.3341623210131084,0.04853768287186936,0.046297275387385
B,R02,training,28,205,0,1.0,0.3341623210131084,0.04853768287186936,0.046345121306825485
B,R02,training,28,206,0,1.0,0.3341623210131084,0.04853768287186936,0.046392487171719426
B,R02,training,28,207,0,1.0,0.3341623210131084,0.04853768287186936,0.046439371409677875
B,R02,training,28,208,0,0.0,0.0,0.048056370060070186,0.04602480695087112
B,R02,training,28,209,0,0.0,0.0,0.048056370060070186,0.046070267958750015
B,R02,training,28,210,0,0.0,0.0,0.048056370060070186,0.046115247534108166
B,R02,training,28,211,0,0.0,0.0,0.048056370060070186,0.046159744179671995
B,R02,training,28,212,0,0.0,0.0,0.048056370060070186,0.04620375641325821
B,R02,training,28,213,0,0.0,0.0,0.048056370060070186,0.04624728276785612
B,R02,training,28,214,0,0.0,0.0,0.048056370060070186,0.04629032179170907
B,R02,training,28,215,0,0.0,0.0,0.048056370060070186,0.046332872048395125
B,R02,training,28,216,0,0.0,0.0,0.048056370060070186,0.04637493211690698
B,R02,training,28,217,0,0.0,0.0,0.048056370060070186,0.04641650059173098
B,R02,training,28,218,0,0.0,0.0,0.048056370060070186,0.046457576082925424
B,R02,training,28,219,0,0.0,0.0,0.048056370060070186,0.04649815721619799
B,R02,training,28,220,0,0.0,0.0,0.048056370060070186,0.046538242632982355
B,R02,training,28,221,0,0.0,0.0,0.048056370060070186,0.04657783099051397
B,R02,training,28,222,0,0.0,0.0,0.048056370060070186,0.046616920961905034
B,R02,training,28,223,0,0.0,0.0,0.048056370060070186,0.04665551123621859
B,R02,training,28,224,0,0.0,0.0,0.047107580424046794,0.04577171640234177
B,R02,training,28,225,0,0.0,0.0,0.047107580424046794,0.04580856132353949
B,R02,training,28,226,0,0.0,0.0,0.047107580424046794,0.045844912652676525
B,R02,training,28,227,0,0.0,0.0,0.047107580424046794,0.0458807691679515
B,R02,training,28,228,0,0.0,0.0,0.047107580424046794,0.045916129663549646
B,R02,training,28,229,0,0.0,0.0,0.047107580424046794,0.04595099294971031
B,R02,training,28,230,0,0.0,0.0,0.047107580424046794,0.04598535785279371
B,R02,training,28,231,0,0.0,0.0,0.047107580424046794,0.04601922321534673
B,R02,training,28,232,0,0.0,0.0,0.047107580424046794,0.04605258789616795
B,R02,training,28,233,0,0.0,0.0,0.047107580424046794,0.046085450770371676
B,R02,training,28,234,0,0.0,0.0,0.047107580424046794,0.04611781072945116
B,R02,training,28,235,0,0.0,0.0,0.047107580424046794,0.04614966668134094
B,R02,training,28,236,0,0.0,0.0,0.047107580424046794,0.04618101755047822
B,R02,training,28,237,0,0.0,0.0,0.047107580424046794,0.04621186227786341
B,R02,training,28,238,0,0.0,0.0,0.047107580424046794,0.046242199821119725
B,R02,training,28,239,0,0.0,0.0,0.047107580424046794,0.04627202915455191
B,R02,training,28,240,0,0.0,0.0,0.04571919168765926,0.04493672236146982
B,R02,training,28,241,0,0.0,0.0,0.04571919168765926,0.04496468315882917
B,R02,training,28,242,0,0.0,0.0,0.04571919168765926,0.044992147835992514
B,R02,training,28,243,0,0.0,0.0,0.04571919168765926,0.04501911546280608
B,R02,training,28,244,0,0.0,0.0,0.04571919168765926,0.045045585125577464
B,R02,training,28,245,0,0.0,0.0,0.04571919168765926,0.04507155592712725
B,R02,training,28,246,0,0.0,0.0,0.04571919168765926,0.04509702698683964
B,R02,training,28,247,0,0.0,0.0,0.04571919168765926,0.045121997440712255
B,R02,training,28,248,0,0.0,0.0,0.04571919168765926,0.04514646644140494
B,R02,training,28,249,0,0.0,0.0,0.04571919168765926,0.04517043315828775
B,R02,training,28,250,0,0.0,0.0,0.04571919168765926,0.04519389677748787
B,R02,training,28,251,0,0.0,0.0,0.04571919168765926,0.04521685650193572
B,R02,training,28,252,0,0.0,0.0,0.04571919168765926,0.045239311551410095
B,R02,training,28,253,0,0.0,0.0,0.04571919168765926,0.045261261162582306
B,R02,training,28,254,0,0.0,0.0,0.04571919168765926,0.04528270458905944
B,R02,training,28,255,0,0.0,0.0,0.04571919168765926,0.0453036411014267
B,R02,training,28,256,0,0.0,0.0,0.043931314387265094,0.04355164416564797
B,R02,training,28,257,0,0.0,0.0,0.043931314387265094,0.04357078572367828
B,R02,training,28,258,0,0.0,0.0,0.043931314387265094,0.04358943818639475
B,R02,training,28,259,0,0.0,0.0,0.043931314387265094,0.04360760091855155
B,R02,training,28,260,0,0.0,0.0,0.043931314387265094,0.043625273301406524
B,R02,training,28,261,0,0.0,0.0,0.043931314387265094,0.04364245473275626
B,R02,training,28,262,0,0.0,0.0,0.043931314387265094,0.04365914462697034
B,R02,training,28,263,0,0.0,0.0,0.043931314387265094,0.043675342415024576
B,R02,training,28,264,0,0.0,0.0,0.043931314387265094,0.04369104754453336
B,R02,training,28,265,0,0.0,0.0,0.043931314387265094,0.043706259479781046
B,R02,training,28,266,0,0.0,0.0,0.043931314387265094,0.043720977701752435
B,R02,training,28,267,0,0.0,0.0,0.043931314387265094,0.04373520170816225
B,R02,training,28,268,0,0.0,0.0,0.043931314387265094,0.04374893101348374
B,R02,training,28,269,0,0.0,0.0,0.043931314387265094,0.04376216514897626
B,R02,training,28,270,0,0.0,0.0,0.043931314387265094,0.043774903662712
B,R02,training,28,271,0,0.0,0.0,0.043931314387265094,0.04378714611960166
B,R02,training,28,272,0,0.0,0.0,0.04179436747672036,0.04166838659602187
B,R02,training,28,273,0,0.0,0.0,0.04179436747672036,0.041679088512222275
B,R02,training,28,274,0,0.0,0.0,0.04179436747672036,0.041689317355796326
B,R02,training,28,275,0,0.0,0.0,0.04179436747672036,0.041699072777123064
B,R02,training,28,276,0,0.0,0.0,0.04179436747672036,0.04170835444270967
B,R02,training,28,277,0,0.0,0.0,0.04179436747672036,0.04171716203521051
B,R02,training,28,278,0,0.0,0.0,0.04179436747672036,0.041725495253445176
B,R02,training,28,279,0,0.0,0.0,0.04179436747672036,0.04173335381241567
B,R02,training,28,280,0,0.0,0.0,0.04179436747672036,0.041740737443322636
B,R02,training,28,281,0,0.0,0.0,0.04179436747672036,0.04174764589358071
B,R02,training,28,282,0,0.0,0.0,0.04179436747672036,0.04175407892683288
B,R02,training,28,283,0,0.0,0.0,0.04179436747672036,0.041760036322964024
B,R02,training,28,284,0,0.0,0.0,0.04179436747672036,0.04176551787811338
B,R02,training,28,285,0,0.0,0.0,0.04179436747672036,0.04177052340468627
B,R02,training,28,286,0,0.0,0.0,0.04179436747672036,0.0417750527313647
B,R02,training,28,287,0,0.0,0.0,0.04179436747672036,0.041779105703117214
B,R02,training,28,288,0,0.0,0.0,0.03936671896314378,0.039355712414361706
B,R02,training,28,289,0,0.0,0.0,0.03936671896314378,0.039358632219191204
B,R02,training,28,290,0,0.0,0.0,0.03936671896314378,0.0393611029924719
B,R02,training,28,291,0,0.0,0.0,0.03936671896314378,0.03936312464961392
B,R02,training,28,292,0,0.0,0.0,0.03936671896314378,0.03936469712140082
B,R02,training,28,293,0,0.0,0.0,0.03936671896314378,0.03936582035399347
B,R02,training,28,294,0,0.0,0.0,0.03936671896314378,0.03936649430893316
B,R02,training,28,295,0,0.0,0.0,0.03936671896314378,0.03936671896314378
B,R02,training,28,296,0,0.0,0.0,0.03936671896314378,0.03936649430893316
B,R02,training,28,297,0,0.0,0.0,0.03936671896314378,0.03936582035399347
B,R02,training,28,298,0,0.0,0.0,0.03936671896314378,0.03936469712140082
B,R02,training,28,299,0,0.0,0.0,0.03936671896314378,0.03936312464961392
B,R02,training,28,300,0,0.0,0.0,0.03936671896314378,0.0393611029924719
B,R02,training,28,301,0,0.0,0.0,0.03936671896314378,0.039358632219191204
B,R02,training,28,302,0,0.0,0.0,0.03936671896314378,0.039355712414361706
B,R02,training,28,303,0,0.0,0.0,0.03936671896314378,0.039352343677941805
B,R02,training,28,304,0,0.0,0.0,0.019077908446539327,0.019069091829233928
B,R02,training,28,305,0,0.0,0.0,0.019077908446539327,0.019067024323851926
B,R02,training,28,306,0,0.0,0.0,0.019077908446539327,0.019064739447122128
B,R02,training,28,307,0,0.0,0.0,0.019077908446539327,0.019062237277246187
B,R02,training,28,308,0,0.0,0.0,0.019077908446539327,0.019059517899855608
B,R02,training,28,309,0,0.0,0.0,0.019077908446539327,0.01905658140800687
B,R02,training,28,310,0,0.0,0.0,0.019077908446539327,0.019053427902176106
B,R02,training,28,311,0,0.0,0.0,0.019077908446539327,0.019050057490253385
B,R02,training,28,312,0,0.0,0.0,0.019077908446539327,0.019046470287536553
B,R02,training,28,313,0,0.0,0.0,0.019077908446539327,0.01904266641672467
B,R02,training,28,314,0,0.0,0.0,0.019077908446539327,0.01903864600791099
B,R02,training,28,315,0,0.0,0.0,0.019077908446539327,0.019034409198575585
B,R02,training,28,316,0,0.0,0.0,0.019077908446539327,0.019029956133577473
B,R02,training,28,317,0,0.0,0.0,0.019077908446539327,0.019025286965146382
B,R02,training,28,318,0,0.0,0.0,0.019077908446539327,0.019020401852874073
B,R02,training,28,319,0,0.0,0.0,0.019077908446539327,0.01901530096370525
B,R02,training,28,320,0,0.0,0.0,0.0,0.0
B,R02,training,28,321,0,0.0,0.0,0.0,0.0
B,R02,training,28,322,0,0.0,0.0,0.0,0.0
B,R02,training,28,323,0,0.0,0.0,0.0,0.0
B,R02,training,28,324,0,0.0,0.0,0.0,0.0
B,R02,training,28,325,0,0.0,0.0,0.0,0.0
B,R02,training,28,326,0,0.0,0.0,0.0,0.0
B,R02,training,28,327,0,0.0,0.0,0.0,0.0
B,R02,training,28,328,0,0.0,0.0,0.0,0.0
B,R02,training,28,329,0,0.0,0.0,0.0,0.0
B,R02,training,28,330,0,0.0,0.0,0.0,0.0
B,R02,training,28,331,0,0.0,0.0,0.0,0.0
B,R02,training,28,332,0,0.0,0.0,0.0,0.0
B,R02,training,28,333,0,0.0,0.0,0.0,0.0
B,R02,training,28,334,0,0.0,0.0,0.0,0.0
B,R02,training,28,335,0,0.0,0.0,0.0,0.0
B,R02,training,28,336,0,0.0,0.0,0.0,0.0
B,R02,training,28,337,0,0.0,0.0,0.0,0.0
B,R02,training,28,338,0,0.0,0.0,0.0,0.0
B,R02,training,28,339,0,0.0,0.0,0.0,0.0
B,R02,training,28,340,0,0.0,0.0,0.0,0.0
B,R02,training,28,341,0,0.0,0.0,0.0,0.0
B,R02,training,28,342,0,0.0,0.0,0.0,0.0
B,R02,training,28,343,0,0.0,0.0,0.0,0.0
B,R02,training,28,344,0,0.0,0.0,0.0,0.0
B,R02,training,28,345,0,0.0,0.0,0.0,0.0
B,R02,training,28,346,0,0.0,0.0,0.0,0.0
B,R02,training,28,347,0,0.0,0.0,0.0,0.0
B,R02,training,28,348,0,0.0,0.0,0.0,0.0
B,R02,training,28,349,0,0.0,0.0,0.0,0.0
B,R02,training,28,350,0,0.0,0.0,0.0,0.0
B,R02,training,28,351,0,0.0,0.0,0.0,0.0
B,R02,training,28,352,0,0.0,0.0,0.0,0.0
B,R02,training,28,353,0,0.0,0.0,0.0,0.0
B,R02,training,28,354,0,0.0,0.0,0.0,0.0
B,R02,training,28,355,0,0.0,0.0,0.0,0.0
B,R02,training,28,356,0,0.0,0.0,0.0,0.0
B,R02,training,28,357,0,0.0,0.0,0.0,0.0
B,R02,training,28,358,0,0.0,0.0,0.0,0.0
B,R02,training,28,359,0,0.0,0.0,0.0,0.0
B,R02,training,28,360,0,0.0,0.0,0.0,0.0
B,R02,training,28,361,0,0.0,0.0,0.0,0.0
B,R02,training,28,362,0,0.0,0.0,0.0,0.0
B,R02,training,28,363,0,0.0,0.0,0.0,0.0
B,R02,training,28,364,0,0.0,0.0,0.0,0.0
B,R02,training,28,365,0,0.0,0.0,0.0,0.0
B,R02,training,28,366,0,0.0,0.0,0.0,0.0
B,R02,training,28,367,0,0.0,0.0,0.0,0.0
B,R02,training,28,368,0,0.0,0.0,0.0,0.0
B,R02,training,28,369,0,0.0,0.0,0.0,0.0
B,R02,training,28,370,0,0.0,0.0,0.0,0.0
B,R02,training,28,371,0,0.0,0.0,0.0,0.0
B,R02,training,28,372,0,0.0,0.0,0.0,0.0
B,R02,training,28,373,0,0.0,0.0,0.0,0.0
B,R02,training,28,374,0,0.0,0.0,0.0,0.0
B,R02,training,28,375,0,0.0,0.0,0.0,0.0
B,R02,training,28,376,0,0.0,0.0,0.0,0.0
B,R02,training,28,377,0,0.0,0.0,0.0,0.0
B,R02,training,28,378,0,0.0,0.0,0.0,0.0
B,R02,training,28,379,0,0.0,0.0,0.0,0.0
B,R02,training,28,380,0,0.0,0.0,0.0,0.0
B,R02,training,28,381,0,0.0,0.0,0.0,0.0
B,R02,training,28,382,0,0.0,0.0,0.0,0.0
B,R02,training,28,383,0,0.0,0.0,0.0,0.0
B,R02,training,28,384,0,0.0,0.0,0.0,0.0
B,R02,training,28,385,0,0.0,0.0,0.0,0.0
B,R02,training,28,386,0,0.0,0.0,0.0,0.0
B,R02,training,28,387,0,0.0,0.0,0.0,0.0
B,R02,training,28,388,0,0.0,0.0,0.0,0.0
B,R02,training,28,389,0,0.0,0.0,0.0,0.0
B,R02,training,28,390,0,0.0,0.0,0.0,0.0
B,R02,training,28,391,0,0.0,0.0,0.0,0.0
B,R02,training,28,392,0,0.0,0.0,0.0,0.0
B,R02,training,28,393,0,0.0,0.0,0.0,0.0
B,R02,training,28,394,0,0.0,0.0,0.0,0.0
B,R02,training,28,395,0,0.0,0.0,0.0,0.0
B,R02,training,28,396,0,0.0,0.0,0.0,0.0
B,R02,training,28,397,0,0.0,0.0,0.0,0.0
B,R02,training,28,398,0,0.0,0.0,0.0,0.0
B,R02,training,28,399,0,0.0,0.0,0.0,0.0
B,R02,training,28,400,0,0.0,0.0,0.0,0.0
B,R02,training,28,401,0,0.0,0.0,0.0,0.0
B,R02,training,28,402,0,0.0,0.0,0.0,0.0
B,R02,training,28,403,0,0.0,0.0,0.0,0.0
B,R02,training,28,404,0,0.0,0.0,0.0,0.0
B,R02,training,28,405,0,0.0,0.0,0.0,0.0
B,R02,training,28,406,0,0.0,0.0,0.0,0.0
B,R02,training,28,407,0,0.0,0.0,0.0,0.0
B,R02,training,28,408,0,0.0,0.0,0.0,0.0
B,R02,training,28,409,0,0.0,0.0,0.0,0.0
B,R02,training,28,410,0,0.0,0.0,0.0,0.0
B,R02,training,28,411,0,0.0,0.0,0.0,0.0
B,R02,training,28,412,0,0.0,0.0,0.0,0.0
B,R02,training,28,413,0,0.0,0.0,0.0,0.0
B,R02,training,28,414,0,0.0,0.0,0.0,0.0
B,R02,training,28,415,0,0.0,0.0,0.0,0.0
B,R02,training,28,416,0,0.0,0.0,0.0,0.0
B,R02,training,28,417,0,0.0,0.0,0.0,0.0
B,R02,training,28,418,0,0.0,0.0,0.0,0.0
B,R02,training,28,419,0,0.0,0.0,0.0,0.0
B,R02,training,28,420,0,0.0,0.0,0.0,0.0
B,R02,training,28,421,0,0.0,0.0,0.0,0.0
B,R02,training,28,422,0,0.0,0.0,0.0,0.0
B,R02,training,28,423,0,0.0,0.0,0.0,0.0
B,R02,training,28,424,0,0.0,0.0,0.0,0.0
B,R02,training,28,425,0,0.0,0.0,0.0,0.0
B,R02,training,28,426,0,0.0,0.0,0.0,0.0
B,R02,training,28,427,0,0.0,0.0,0.0,0.0
B,R02,training,28,428,0,0.0,0.0,0.0,0.0
B,R02,training,28,429,0,0.0,0.0,0.0,0.0
B,R02,training,28,430,0,0.0,0.0,0.0,0.0
B,R02,training,28,431,0,0.0,0.0,0.0,0.0
B,R02,training,28,432,0,0.0,0.0,0.0,0.0
B,R02,training,28,433,0,0.0,0.0,0.0,0.0
B,R02,training,28,434,0,0.0,0.0,0.0,0.0
B,R02,training,28,435,0,0.0,0.0,0.0,0.0
B,R02,training,28,436,0,0.0,0.0,0.0,0.0
B,R02,training,28,437,0,0.0,0.0,0.0,0.0
B,R02,training,28,438,0,0.0,0.0,0.0,0.0
B,R02,training,28,439,0,0.0,0.0,0.0,0.0
B,R02,training,28,440,0,0.0,0.0,0.0,0.0
B,R02,training,28,441,0,0.0,0.0,0.0,0.0
B,R02,training,28,442,0,0.0,0.0,0.0,0.0
B,R02,training,28,443,0,0.0,0.0,0.0,0.0
B,R02,training,28,444,0,0.0,0.0,0.0,0.0
B,R02,training,28,445,0,0.0,0.0,0.0,0.0
B,R02,training,28,446,0,0.0,0.0,0.0,0.0
B,R02,training,28,447,0,0.0,0.0,0.0,0.0
B,R02,training,28,448,0,0.0,0.0,0.0,0.0
B,R02,training,28,449,0,0.0,0.0,0.0,0.0
B,R02,training,28,450,0,0.0,0.0,0.0,0.0
B,R02,training,28,451,0,0.0,0.0,0.0,0.0
B,R02,training,28,452,0,0.0,0.0,0.0,0.0
B,R02,training,28,453,0,0.0,0.0,0.0,0.0
B,R02,training,28,454,0,0.0,0.0,0.0,0.0
B,R02,training,28,455,0,0.0,0.0,0.0,0.0
B,R02,training,28,456,0,0.0,0.0,0.0,0.0
B,R02,training,28,457,0,0.0,0.0,0.0,0.0
B,R02,training,28,458,0,0.0,0.0,0.0,0.0
B,R02,training,28,459,0,0.0,0.0,0.0,0.0
B,R02,training,28,460,0,0.0,0.0,0.0,0.0
B,R02,training,28,461,0,0.0,0.0,0.0,0.0
B,R02,training,28,462,0,0.0,0.0,0.0,0.0
B,R02,training,28,463,0,0.0,0.0,0.0,0.0
B,R02,training,28,464,0,0.0,0.0,0.0,0.0
B,R02,training,28,465,0,0.0,0.0,0.0,0.0
B,R02,training,28,466,0,0.0,0.0,0.0,0.0
B,R02,training,28,467,0,0.0,0.0,0.0,0.0
B,R02,training,28,468,0,0.0,0.0,0.0,0.0
B,R02,training,28,469,0,0.0,0.0,0.0,0.0
B,R02,training,28,470,0,0.0,0.0,0.0,0.0
B,R02,training,28,471,0,0.0,0.0,0.0,0.0
B,R02,training,28,472,0,0.0,0.0,0.0,0.0
B,R02,training,28,473,0,0.0,0.0,0.0,0.0
B,R02,training,28,474,0,0.0,0.0,0.0,0.0
B,R02,training,28,475,0,0.0,0.0,0.0,0.0
B,R02,training,28,476,0,0.0,0.0,0.0,0.0
B,R02,training,28,477,0,0.0,0.0,0.0,0.0
B,R02,training,28,478,0,0.0,0.0,0.0,0.0
B,R02,training,28,479,0,0.0,0.0,0.0,0.0
B,R02,training,28,480,0,0.0,0.0,0.0,0.0
B,R02,training,28,481,0,0.0,0.0,0.0,0.0
B,R02,training,28,482,0,0.0,0.0,0.0,0.0
B,R02,training,28,483,0,0.0,0.0,0.0,0.0
B,R02,training,28,484,0,0.0,0.0,0.0,0.0
B,R02,training,28,485,0,0.0,0.0,0.0,0.0
B,R02,training,28,486,0,0.0,0.0,0.0,0.0
B,R02,training,28,487,0,0.0,0.0,0.0,0.0
B,R02,training,28,488,0,0.0,0.0,0.0,0.0
B,R02,training,28,489,0,0.0,0.0,0.0,0.0
B,R02,training,28,490,0,0.0,0.0,0.0,0.0
B,R02,training,28,491,0,0.0,0.0,0.0,0.0
B,R02,training,28,492,0,0.0,0.0,0.0,0.0
B,R02,training,28,493,0,0.0,0.0,0.0,0.0
B,R02,training,28,494,0,0.0,0.0,0.0,0.0
B,R02,training,28,495,0,0.0,0.0,0.0,0.0
B,R02,training,28,496,0,0.0,0.0,0.0,0.0
B,R02,training,28,497,0,0.0,0.0,0.0,0.0
B,R02,training,28,498,0,0.0,0.0,0.0,0.0
B,R02,training,28,499,0,0.0,0.0,0.0,0.0
B,R02,training,28,500,0,0.0,0.0,0.0,0.0
B,R02,training,28,501,0,0.0,0.0,0.0,0.0
B,R02,training,28,502,0,0.0,0.0,0.0,0.0
B,R02,training,28,503,0,0.0,0.0,0.0,0.0
B,R02,training,28,504,0,0.0,0.0,0.0,0.0
B,R02,training,28,505,0,0.0,0.0,0.0,0.0
B,R02,training,28,506,0,0.0,0.0,0.0,0.0
B,R02,training,28,507,0,0.0,0.0,0.0,0.0
B,R02,training,28,508,0,0.0,0.0,0.0,0.0
B,R02,training,28,509,0,0.0,0.0,0.0,0.0
B,R02,training,28,510,0,0.0,0.0,0.0,0.0
B,R02,training,28,511,0,0.0,0.0,0.0,0.0
B,R02,training,28,512,0,0.0,0.0,0.0,0.0
B,R02,training,28,513,0,0.0,0.0,0.0,0.0
B,R02,training,28,514,0,0.0,0.0,0.0,0.0
B,R02,training,28,515,0,0.0,0.0,0.0,0.0
B,R02,training,28,516,0,0.0,0.0,0.0,0.0
B,R02,training,28,517,0,0.0,0.0,0.0,0.0
B,R02,training,28,518,0,0.0,0.0,0.0,0.0
B,R02,training,28,519,0,0.0,0.0,0.0,0.0
B,R02,training,28,520,0,0.0,0.0,0.0,0.0
B,R02,training,28,521,0,0.0,0.0,0.0,0.0
B,R02,training,28,522,0,0.0,0.0,0.0,0.0
B,R02,training,28,523,0,0.0,0.0,0.0,0.0
B,R02,training,28,524,0,0.0,0.0,0.0,0.0
B,R02,training,28,525,0,0.0,0.0,0.0,0.0
B,R02,training,28,526,0,0.0,0.0,0.0,0.0
B,R02,training,28,527,0,0.0,0.0,0.0,0.0
B,R02,training,28,528,0,0.0,0.0,0.0,0.0
B,R02,training,28,529,0,0.0,0.0,0.0,0.0
B,R02,training,28,530,0,0.0,0.0,0.0,0.0
B,R02,training,28,531,0,0.0,0.0,0.0,0.0
B,R02,training,28,532,0,0.0,0.0,0.0,0.0
B,R02,training,28,533,0,0.0,0.0,0.0,0.0
B,R02,training,28,534,0,0.0,0.0,0.0,0.0
B,R02,training,28,535,0,0.0,0.0,0.0,0.0
B,R02,training,28,536,0,0.0,0.0,0.0,0.0
B,R02,training,28,537,0,0.0,0.0,0.0,0.0
B,R02,training,28,538,0,0.0,0.0,0.0,0.0
B,R02,training,28,539,0,0.0,0.0,0.0,0.0
B,R02,training,28,540,0,0.0,0.0,0.0,0.0
B,R02,training,28,541,0,0.0,0.0,0.0,0.0
B,R02,training,28,542,0,0.0,0.0,0.0,0.0
B,R02,training,28,543,0,0.0,0.0,0.0,0.0
B,R02,training,28,544,0,0.0,0.0,0.0,0.0
B,R02,training,28,545,0,0.0,0.0,0.0,0.0
B,R02,training,28,546,0,0.0,0.0,0.0,0.0
B,R02,training,28,547,0,0.0,0.0,0.0,0.0
B,R02,training,28,548,0,0.0,0.0,0.0,0.0
B,R02,training,28,549,0,0.0,0.0,0.0,0.0
B,R02,training,28,550,0,0.0,0.0,0.0,0.0
B,R02,training,28,551,0,0.0,0.0,0.0,0.0
B,R02,training,28,552,0,0.0,0.0,0.0,0.0
B,R02,training,28,553,0,0.0,0.0,0.0,0.0
B,R02,training,28,554,0,0.0,0.0,0.0,0.0
B,R02,training,28,555,0,0.0,0.0,0.0,0.0
B,R02,training,28,556,0,0.0,0.0,0.0,0.0
B,R02,training,28,557,0,0.0,0.0,0.0,0.0
B,R02,training,28,558,0,0.0,0.0,0.0,0.0
B,R02,training,28,559,0,0.0,0.0,0.0,0.0
B,R02,training,28,560,0,0.0,0.0,0.0,0.0
B,R02,training,28,561,0,0.0,0.0,0.0,0.0
B,R02,training,28,562,0,0.0,0.0,0.0,0.0
B,R02,training,28,563,0,0.0,0.0,0.0,0.0
B,R02,training,28,564,0,0.0,0.0,0.0,0.0
B,R02,training,28,565,0,0.0,0.0,0.0,0.0
B,R02,training,28,566,0,0.0,0.0,0.0,0.0
B,R02,training,28,567,0,0.0,0.0,0.0,0.0
B,R02,training,28,568,0,0.0,0.0,0.0,0.0
B,R02,training,28,569,0,0.0,0.0,0.0,0.0
B,R02,training,28,570,0,0.0,0.0,0.0,0.0
B,R02,training,28,571,0,0.0,0.0,0.0,0.0
B,R02,training,28,572,0,0.0,0.0,0.0,0.0
B,R02,training,28,573,0,0.0,0.0,0.0,0.0
B,R02,training,28,574,0,0.0,0.0,0.0,0.0
B,R02,training,28,575,0,0.0,0.0,0.0,0.0
B,R02,training,28,576,0,0.0,0.0,0.0,0.0
B,R02,training,28,577,0,0.0,0.0,0.0,0.0
B,R02,training,28,578,0,0.0,0.0,0.0,0.0
B,R02,training,28,579,0,0.0,0.0,0.0,0.0
B,R02,training,28,580,0,0.0,0.0,0.0,0.0
B,R02,training,28,581,0,0.0,0.0,0.0,0.0
B,R02,training,28,582,0,0.0,0.0,0.0,0.0
B,R02,training,28,583,0,0.0,0.0,0.0,0.0
B,R02,training,28,584,0,0.0,0.0,0.0,0.0
B,R02,training,28,585,0,0.0,0.0,0.0,0.0
B,R02,training,28,586,0,0.0,0.0,0.0,0.0
B,R02,training,28,587,0,0.0,0.0,0.0,0.0
B,R02,training,28,588,0,0.0,0.0,0.0,0.0
B,R02,training,28,589,0,0.0,0.0,0.0,0.0
B,R02,training,28,590,0,0.0,0.0,0.0,0.0
B,R02,training,28,591,0,0.0,0.0,0.0,0.0
C,R02,training,28,0,0,0.0,0.0,0.0,0.0
C,R02,training,28,1,0,0.0,0.0,0.0,0.0
C,R02,training,28,2,0,0.0,0.0,0.0,0.0
C,R02,training,28,3,0,0.0,0.0,0.0,0.0
C,R02,training,28,4,0,0.0,0.0,0.0,0.0
C,R02,training,28,5,0,0.0,0.0,0.0,0.0
C,R02,training,28,6,0,0.0,0.0,0.0,0.0
C,R02,training,28,7,0,0.0,0.0,0.0,0.0
C,R02,training,28,8,0,0.0,0.0,0.0,0.0
C,R02,training,28,9,0,0.0,0.0,0.0,0.0
C,R02,training,28,10,0,0.0,0.0,0.0,0.0
C,R02,training,28,11,0,0.0,0.0,0.0,0.0
C,R02,training,28,12,0,0.0,0.0,0.0,0.0
C,R02,training,28,13,0,0.0,0.0,0.0,0.0
C,R02,training,28,14,0,0.0,0.0,0.0,0.0
C,R02,training,28,15,0,0.0,0.0,0.0,0.0
C,R02,training,28,16,0,0.0,0.0,0.0,0.0
C,R02,training,28,17,0,0.0,0.0,0.0,0.0
C,R02,training,28,18,0,0.0,0.0,0.0,0.0
C,R02,training,28,19,0,0.0,0.0,0.0,0.0
C,R02,training,28,20,0,0.0,0.0,0.0,0.0
C,R02,training,28,21,0,0.0,0.0,0.0,0.0
C,R02,training,28,22,0,0.0,0.0,0.0,0.0
C,R02,training,28,23,0,0.0,0.0,0.0,0.0
C,R02,training,28,24,0,0.0,0.0,0.0,0.0
C,R02,training,28,25,0,0.0,0.0,0.0,0.0
C,R02,training,28,26,0,0.0,0.0,0.0,0.0
C,R02,training,28,27,0,0.0,0.0,0.0,0.0
C,R02,training,28,28,0,0.0,0.0,0.0,0.0
C,R02,training,28,29,0,0.0,0.0,0.0,0.0
C,R02,training,28,30,0,0.0,0.0,0.0,0.0
C,R02,training,28,31,0,0.0,0.0,0.0,0.0
C,R02,training,28,32,0,0.0,0.0,0.0,0.0
C,R02,training,28,33,0,0.0,0.0,0.0,0.0
C,R02,training,28,34,0,0.0,0.0,0.0,0.0
C,R02,training,28,35,0,0.0,0.0,0.0,0.0
C,R02,training,28,36,0,0.0,0.0,0.0,0.0
C,R02,training,28,37,0,0.0,0.0,0.0,0.0
C,R02,training,28,38,0,0.0,0.0,0.0,0.0
C,R02,training,28,39,0,0.0,0.0,0.0,0.0
C,R02,training,28,40,0,0.0,0.0,0.0,0.0
C,R02,training,28,41,0,0.0,0.0,0.0,0.0
C,R02,training,28,42,0,0.0,0.0,0.0,0.0
C,R02,training,28,43,0,0.0,0.0,0.0,0.0
C,R02,training,28,44,0,0.0,0.0,0.0,0.0
C,R02,training,28,45,0,0.0,0.0,0.0,0.0
C,R02,training,28,46,0,0.0,0.0,0.0,0.0
C,R02,training,28,47,0,0.0,0.0,0.0,0.0
C,R02,training,28,48,0,0.0,0.0,0.0,0.0
C,R02,training,28,49,0,0.0,0.0,0.0,0.0
C,R02,training,28,50,0,0.0,0.0,0.0,0.0
C,R02,training,28,51,0,0.0,0.0,0.0,0.0
C,R02,training,28,52,0,0.0,0.0,0.0,0.0
C,R02,training,28,53,0,0.0,0.0,0.0,0.0
C,R02,training,28,54,0,0.0,0.0,0.0,0.0
C,R02,training,28,55,0,0.0,0.0,0.0,0.0
C,R02,training,28,56,0,0.0,0.0,0.0,0.0
C,R02,training,28,57,0,0.0,0.0,0.0,0.0
C,R02,training,28,58,0,0.0,0.0,0.0,0.0
C,R02,training,28,59,0,0.0,0.0,0.0,0.0
C,R02,training,28,60,0,0.0,0.0,0.0,0.0
C,R02,training,28,61,0,0.0,0.0,0.0,0.0
C,R02,training,28,62,0,0.0,0.0,0.0,0.0
C,R02,training,28,63,0,0.0,0.0,0.0,0.0
C,R02,training,28,64,0,0.0,0.0,0.0,0.0
C,R02,training,28,65,0,0.0,0.0,0.0,0.0
C,R02,training,28,66,0,0.0,0.0,0.0,0.0
C,R02,training,28,67,0,0.0,0.0,0.0,0.0
C,R02,training,28,68,0,0.0,0.0,0.0,0.0
C,R02,training,28,69,0,0.0,0.0,0.0,0.0
C,R02,training,28,70,0,0.0,0.0,0.0,0.0
C,R02,training,28,71,0,0.0,0.0,0.0,0.0
C,R02,training,28,72,0,0.0,0.0,0.0,0.0
C,R02,training,28,73,0,0.0,0.0,0.0,0.0
C,R02,training,28,74,0,0.0,0.0,0.0,0.0
C,R02,training,28,75,0,0.0,0.0,0.0,0.0
C,R02,training,28,76,0,0.0,0.0,0.0,0.0
C,R02,training,28,77,0,0.0,0.0,0.0,0.0
C,R02,training,28,78,0,0.0,0.0,0.0,0.0
C,R02,training,28,79,0,0.0,0.0,0.0,0.0
C,R02,training,28,80,0,0.0,0.0,0.0,0.0
C,R02,training,28,81,0,0.0,0.0,0.0,0.0
C,R02,training,28,82,0,0.0,0.0,0.0,0.0
C,R02,training,28,83,0,0.0,0.0,0.0,0.0
C,R02,training,28,84,0,0.0,0.0,0.0,0.0
C,R02,training,28,85,0,0.0,0.0,0.0,0.0
C,R02,training,28,86,0,0.0,0.0,0.0,0.0
C,R02,training,28,87,0,0.0,0.0,0.0,0.0
C,R02,training,28,88,0,0.0,0.0,0.0,0.0
C,R02,training,28,89,0,0.0,0.0,0.0,0.0
C,R02,training,28,90,0,0.0,0.0,0.0,0.0
C,R02,training,28,91,0,0.0,0.0,0.0,0.0
C,R02,training,28,92,0,0.0,0.0,0.0,0.0
C,R02,training,28,93,0,0.0,0.0,0.0,0.0
C,R02,training,28,94,0,0.0,0.0,0.0,0.0
C,R02,training,28,95,0,0.0,0.0,0.0,0.0
C,R02,training,28,96,0,0.0,0.0,0.0,0.0
C,R02,training,28,97,0,0.0,0.0,0.0,0.0
C,R02,training,28,98,0,0.0,0.0,0.0,0.0
C,R02,training,28,99,0,0.0,0.0,0.0,0.0
C,R02,training,28,100,0,0.0,0.0,0.0,0.0
C,R02,training,28,101,0,0.0,0.0,0.0,0.0
C,R02,training,28,102,0,0.0,0.0,0.0,0.0
C,R02,training,28,103,0,0.0,0.0,0.0,0.0
C,R02,training,28,104,0,0.0,0.0,0.0,0.0
C,R02,training,28,105,0,0.0,0.0,0.0,0.0
C,R02,training,28,106,0,0.0,0.0,0.0,0.0
C,R02,training,28,107,0,0.0,0.0,0.0,0.0
C,R02,training,28,108,0,0.0,0.0,0.0,0.0
C,R02,training,28,109,0,0.0,0.0,0.0,0.0
C,R02,training,28,110,0,0.0,0.0,0.0,0.0
C,R02,training,28,111,0,0.0,0.0,0.0,0.0
C,R02,training,28,112,0,0.0,0.0,0.0,0.0
C,R02,training,28,113,0,0.0,0.0,0.0,0.0
C,R02,training,28,114,0,0.0,0.0,0.0,0.0
C,R02,training,28,115,0,0.0,0.0,0.0,0.0
C,R02,training,28,116,0,0.0,0.0,0.0,0.0
C,R02,training,28,117,0,0.0,0.0,0.0,0.0
C,R02,training,28,118,0,0.0,0.0,0.0,0.0
C,R02,training,28,119,0,0.0,0.0,0.0,0.0
C,R02,training,28,120,0,0.0,0.0,0.0,0.0
C,R02,training,28,121,0,0.0,0.0,0.0,0.0
C,R02,training,28,122,0,0.0,0.0,0.0,0.0
C,R02,training,28,123,0,0.0,0.0,0.0,0.0
C,R02,training,28,124,0,0.0,0.0,0.0,0.0
C,R02,training,28,125,0,0.0,0.0,0.0,0.0
C,R02,training,28,126,0,0.0,0.0,0.0,0.0
C,R02,training,28,127,0,0.0,0.0,0.0,0.0
C,R02,training,28,128,0,0.0,0.0,0.0,0.0
C,R02,training,28,129,0,0.0,0.0,0.0,0.0
C,R02,training,28,130,0,0.0,0.0,0.0,0.0
C,R02,training,28,131,0,0.0,0.0,0.0,0.0
C,R02,training,28,132,0,0.0,0.0,0.0,0.0
C,R02,training,28,133,0,0.0,0.0,0.0,0.0
C,R02,training,28,134,0,0.0,0.0,0.0,0.0
C,R02,training,28,135,0,0.0,0.0,0.0,0.0
C,R02,training,28,136,0,0.0,0.0,0.0,0.0
C,R02,training,28,137,0,0.0,0.0,0.0,0.0
C,R02,training,28,138,0,0.0,0.0,0.0,0.0
C,R02,training,28,139,0,0.0,0.0,0.0,0.0
C,R02,training,28,140,0,0.0,0.0,0.0,0.0
C,R02,training,28,141,0,0.0,0.0,0.0,0.0
C,R02,training,28,142,0,0.0,0.0,0.0,0.0
C,R02,training,28,143,0,0.0,0.0,0.0,0.0
C,R02,training,28,144,0,0.0,0.0,0.0,0.0
C,R02,training,28,145,0,0.0,0.0,0.0,0.0
C,R02,training,28,146,0,0.0,0.0,0.0,0.0
C,R02,training,28,147,0,0.0,0.0,0.0,0.0
C,R02,training,28,148,0,0.0,0.0,0.0,0.0
C,R02,training,28,149,0,0.0,0.0,0.0,0.0
C,R02,training,28,150,0,0.0,0.0,0.0,0.0
C,R02,training,28,151,0,0.0,0.0,0.0,0.0
C,R02,training,28,152,0,0.0,0.0,0.0,0.0
C,R02,training,28,153,0,0.0,0.0,0.0,0.0
C,R02,training,28,154,0,0.0,0.0,0.0,0.0
C,R02,training,28,155,0,0.0,0.0,0.0,0.0
C,R02,training,28,156,0,0.0,0.0,0.0,0.0
C,R02,training,28,157,0,0.0,0.0,0.0,0.0
C,R02,training,28,158,0,0.0,0.0,0.0,0.0
C,R02,training,28,159,0,0.0,0.0,0.0,0.0
C,R02,training,28,160,0,0.0,0.0,0.0,0.0
C,R02,training,28,161,0,0.0,0.0,0.0,0.0
C,R02,training,28,162,0,0.0,0.0,0.0,0.0
C,R02,training,28,163,0,0.0,0.0,0.0,0.0
C,R02,training,28,164,0,0.0,0.0,0.0,0.0
C,R02,training,28,165,0,0.0,0.0,0.0,0.0
C,R02,training,28,166,0,0.0,0.0,0.0,0.0
C,R02,training,28,167,0,0.0,0.0,0.0,0.0
C,R02,training,28,168,0,0.0,0.0,0.0,0.0
C,R02,training,28,169,0,0.0,0.0,0.0,0.0
C,R02,training,28,170,0,0.0,0.0,0.0,0.0
C,R02,training,28,171,0,0.0,0.0,0.0,0.0
C,R02,training,28,172,0,0.0,0.0,0.0,0.0
C,R02,training,28,173,0,0.0,0.0,0.0,0.0
C,R02,training,28,174,0,0.0,0.0,0.0,0.0
C,R02,training,28,175,0,0.0,0.0,0.0,0.0
C,R02,training,28,176,0,0.0,0.0,0.0,0.0
C,R02,training,28,177,0,0.0,0.0,0.0,0.0
C,R02,training,28,178,0,0.0,0.0,0.0,0.0
C,R02,training,28,179,0,0.0,0.0,0.0,0.0
C,R02,training,28,180,0,0.0,0.0,0.0,0.0
C,R02,training,28,181,0,0.0,0.0,0.0,0.0
C,R02,training,28,182,0,0.0,0.0,0.0,0.0
C,R02,training,28,183,0,0.0,0.0,0.0,0.0
C,R02,training,28,184,0,0.0,0.0,0.0,0.0
C,R02,training,28,185,0,0.0,0.0,0.0,0.0
C,R02,training,28,186,0,0.0,0.0,0.0,0.0
C,R02,training,28,187,0,0.0,0.0,0.0,0.0
C,R02,training,28,188,0,0.0,0.0,0.0,0.0
C,R02,training,28,189,0,0.0,0.0,0.0,0.0
C,R02,training,28,190,0,0.0,0.0,0.0,0.0
C,R02,training,28,191,0,0.0,0.0,0.0,0.0
C,R02,training,28,192,0,0.0,0.0,0.0,0.0
C,R02,training,28,193,0,0.0,0.0,0.0,0.0
C,R02,training,28,194,0,0.0,0.0,0.0,0.0
C,R02,training,28,195,0,0.0,0.0,0.0,0.0
C,R02,training,28,196,0,0.0,0.0,0.0,0.0
C,R02,training,28,197,0,0.0,0.0,0.0,0.0
C,R02,training,28,198,0,0.0,0.0,0.0,0.0
C,R02,training,28,199,0,0.0,0.0,0.0,0.0
C,R02,training,28,200,0,0.0,0.0,0.0,0.0
C,R02,training,28,201,0,0.0,0.0,0.0,0.0
C,R02,training,28,202,0,0.0,0.0,0.0,0.0
C,R02,training,28,203,0,0.0,0.0,0.0,0.0
C,R02,training,28,204,0,0.0,0.0,0.0,0.0
C,R02,training,28,205,0,0.0,0.0,0.0,0.0
C,R02,training,28,206,0,0.0,0.0,0.0,0.0
C,R02,training,28,207,0,0.0,0.0,0.0,0.0
C,R02,training,28,208,0,0.0,0.0,0.0,0.0
C,R02,training,28,209,0,0.0,0.0,0.0,0.0
C,R02,training,28,210,0,0.0,0.0,0.0,0.0
C,R02,training,28,211,0,0.0,0.0,0.0,0.0
C,R02,training,28,212,0,0.0,0.0,0.0,0.0
C,R02,training,28,213,0,0.0,0.0,0.0,0.0
C,R02,training,28,214,0,0.0,0.0,0.0,0.0
C,R02,training,28,215,0,0.0,0.0,0.0,0.0
C,R02,training,28,216,0,0.0,0.0,0.0,0.0
C,R02,training,28,217,0,0.0,0.0,0.0,0.0
C,R02,training,28,218,0,0.0,0.0,0.0,0.0
C,R02,training,28,219,0,0.0,0.0,0.0,0.0
C,R02,training,28,220,0,0.0,0.0,0.0,0.0
C,R02,training,28,221,0,0.0,0.0,0.0,0.0
C,R02,training,28,222,0,0.0,0.0,0.0,0.0
C,R02,training,28,223,0,0.0,0.0,0.0,0.0
C,R02,training,28,224,0,0.0,0.0,0.0,0.0
C,R02,training,28,225,0,0.0,0.0,0.0,0.0
C,R02,training,28,226,0,0.0,0.0,0.0,0.0
C,R02,training,28,227,0,0.0,0.0,0.0,0.0
C,R02,training,28,228,0,0.0,0.0,0.0,0.0
C,R02,training,28,229,0,0.0,0.0,0.0,0.0
C,R02,training,28,230,0,0.0,0.0,0.0,0.0
C,R02,training,28,231,0,0.0,0.0,0.0,0.0
C,R02,training,28,232,0,0.0,0.0,0.0,0.0
C,R02,training,28,233,0,0.0,0.0,0.0,0.0
C,R02,training,28,234,0,0.0,0.0,0.0,0.0
C,R02,training,28,235,0,0.0,0.0,0.0,0.0
C,R02,training,28,236,0,0.0,0.0,0.0,0.0
C,R02,training,28,237,0,0.0,0.0,0.0,0.0
C,R02,training,28,238,0,0.0,0.0,0.0,0.0
C,R02,training,28,239,0,0.0,0.0,0.0,0.0
C,R02,training,28,240,0,0.0,0.0,0.0,0.0
C,R02,training,28,241,0,0.0,0.0,0.0,0.0
C,R02,training,28,242,0,0.0,0.0,0.0,0.0
C,R02,training,28,243,0,0.0,0.0,0.0,0.0
C,R02,training,28,244,0,0.0,0.0,0.0,0.0
C,R02,training,28,245,0,0.0,0.0,0.0,0.0
C,R02,training,28,246,0,0.0,0.0,0.0,0.0
C,R02,training,28,247,0,0.0,0.0,0.0,0.0
C,R02,training,28,248,0,0.0,0.0,0.0,0.0
C,R02,training,28,249,0,0.0,0.0,0.0,0.0
C,R02,training,28,250,0,0.0,0.0,0.0,0.0
C,R02,training,28,251,0,0.0,0.0,0.0,0.0
C,R02,training,28,252,0,0.0,0.0,0.0,0.0
C,R02,training,28,253,0,0.0,0.0,0.0,0.0
C,R02,training,28,254,0,0.0,0.0,0.0,0.0
C,R02,training,28,255,0,0.0,0.0,0.0,0.0
C,R02,training,28,256,0,0.0,0.0,0.0,0.0
C,R02,training,28,257,0,0.0,0.0,0.0,0.0
C,R02,training,28,258,0,0.0,0.0,0.0,0.0
C,R02,training,28,259,0,0.0,0.0,0.0,0.0
C,R02,training,28,260,0,0.0,0.0,0.0,0.0
C,R02,training,28,261,0,0.0,0.0,0.0,0.0
C,R02,training,28,262,0,0.0,0.0,0.0,0.0
C,R02,training,28,263,0,0.0,0.0,0.0,0.0
C,R02,training,28,264,0,0.0,0.0,0.0,0.0
C,R02,training,28,265,0,0.0,0.0,0.0,0.0
C,R02,training,28,266,0,0.0,0.0,0.0,0.0
C,R02,training,28,267,0,0.0,0.0,0.0,0.0
C,R02,training,28,268,0,0.0,0.0,0.0,0.0
C,R02,training,28,269,0,0.0,0.0,0.0,0.0
C,R02,training,28,270,0,0.0,0.0,0.0,0.0
C,R02,training,28,271,0,0.0,0.0,0.0,0.0
C,R02,training,28,272,0,0.0,0.0,0.0,0.0
C,R02,training,28,273,0,0.0,0.0,0.0,0.0
C,R02,training,28,274,0,0.0,0.0,0.0,0.0
C,R02,training,28,275,0,0.0,0.0,0.0,0.0
C,R02,training,28,276,0,0.0,0.0,0.0,0.0
C,R02,training,28,277,0,0.0,0.0,0.0,0.0
C,R02,training,28,278,0,0.0,0.0,0.0,0.0
C,R02,training,28,279,0,0.0,0.0,0.0,0.0
C,R02,training,28,280,0,0.0,0.0,0.0,0.0
C,R02,training,28,281,0,0.0,0.0,0.0,0.0
C,R02,training,28,282,0,0.0,0.0,0.0,0.0
C,R02,training,28,283,0,0.0,0.0,0.0,0.0
C,R02,training,28,284,0,0.0,0.0,0.0,0.0
C,R02,training,28,285,0,0.0,0.0,0.0,0.0
C,R02,training,28,286,0,0.0,0.0,0.0,0.0
C,R02,training,28,287,0,0.0,0.0,0.0,0.0
C,R02,training,28,288,0,0.0,0.0,0.0,0.0
C,R02,training,28,289,0,0.0,0.0,0.0,0.0
C,R02,training,28,290,0,0.0,0.0,0.0,0.0
C,R02,training,28,291,0,0.0,0.0,0.0,0.0
C,R02,training,28,292,0,0.0,0.0,0.0,0.0
C,R02,training,28,293,0,0.0,0.0,0.0,0.0
C,R02,training,28,294,0,0.0,0.0,0.0,0.0
C,R02,training,28,295,0,0.0,0.0,0.0,0.0
C,R02,training,28,296,0,0.0,0.0,0.0,0.0
C,R02,training,28,297,0,0.0,0.0,0.0,0.0
C,R02,training,28,298,0,0.0,0.0,0.0,0.0
C,R02,training,28,299,0,0.0,0.0,0.0,0.0
C,R02,training,28,300,0,0.0,0.0,0.0,0.0
C,R02,training,28,301,0,0.0,0.0,0.0,0.0
C,R02,training,28,302,0,0.0,0.0,0.0,0.0
C,R02,training,28,303,0,0.0,0.0,0.0,0.0
C,R02,training,28,304,0,0.0,0.0,0.0,0.0
C,R02,training,28,305,0,0.0,0.0,0.0,0.0
C,R02,training,28,306,0,0.0,0.0,0.0,0.0
C,R02,training,28,307,0,0.0,0.0,0.0,0.0
C,R02,training,28,308,0,0.0,0.0,0.0,0.0
C,R02,training,28,309,0,0.0,0.0,0.0,0.0
C,R02,training,28,310,0,0.0,0.0,0.0,0.0
C,R02,training,28,311,0,0.0,0.0,0.0,0.0
C,R02,training,28,312,0,0.0,0.0,0.0,0.0
C,R02,training,28,313,0,0.0,0.0,0.0,0.0
C,R02,training,28,314,0,0.0,0.0,0.0,0.0
C,R02,training,28,315,0,0.0,0.0,0.0,0.0
C,R02,training,28,316,0,0.0,0.0,0.0,0.0
C,R02,training,28,317,0,0.0,0.0,0.0,0.0
C,R02,training,28,318,0,0.0,0.0,0.0,0.0
C,R02,training,28,319,0,0.0,0.0,0.0,0.0
C,R02,training,28,320,0,0.0,0.0,0.0,0.0
C,R02,training,28,321,0,0.0,0.0,0.0,0.0
C,R02,training,28,322,0,0.0,0.0,0.0,0.0
C,R02,training,28,323,0,0.0,0.0,0.0,0.0
C,R02,training,28,324,0,0.0,0.0,0.0,0.0
C,R02,training,28,325,0,0.0,0.0,0.0,0.0
C,R02,training,28,326,0,0.0,0.0,0.0,0.0
C,R02,training,28,327,0,0.0,0.0,0.0,0.0
C,R02,training,28,328,0,0.0,0.0,0.0,0.0
C,R02,training,28,329,0,0.0,0.0,0.0,0.0
C,R02,training,28,330,0,0.0,0.0,0.0,0.0
C,R02,training,28,331,0,0.0,0.0,0.0,0.0
C,R02,training,28,332,0,0.0,0.0,0.0,0.0
C,R02,training,28,333,0,0.0,0.0,0.0,0.0
C,R02,training,28,334,0,0.0,0.0,0.0,0.0
C,R02,training,28,335,0,0.0,0.0,0.0,0.0
C,R02,training,28,336,0,0.0,0.0,0.0,0.0
C,R02,training,28,337,0,0.0,0.0,0.0,0.0
C,R02,training,28,338,0,0.0,0.0,0.0,0.0
C,R02,training,28,339,0,0.0,0.0,0.0,0.0
C,R02,training,28,340,0,0.0,0.0,0.0,0.0
C,R02,training,28,341,0,0.0,0.0,0.0,0.0
C,R02,training,28,342,0,0.0,0.0,0.0,0.0
C,R02,training,28,343,0,0.0,0.0,0.0,0.0
C,R02,training,28,344,0,0.0,0.0,0.0,0.0
C,R02,training,28,345,0,0.0,0.0,0.0,0.0
C,R02,training,28,346,0,0.0,0.0,0.0,0.0
C,R02,training,28,347,0,0.0,0.0,0.0,0.0
C,R02,training,28,348,0,0.0,0.0,0.0,0.0
C,R02,training,28,349,0,0.0,0.0,0.0,0.0
C,R02,training,28,350,0,0.0,0.0,0.0,0.0
C,R02,training,28,351,0,0.0,0.0,0.0,0.0
C,R02,training,28,352,0,0.0,0.0,0.0,0.0
C,R02,training,28,353,0,0.0,0.0,0.0,0.0
C,R02,training,28,354,0,0.0,0.0,0.0,0.0
C,R02,training,28,355,0,0.0,0.0,0.0,0.0
C,R02,training,28,356,0,0.0,0.0,0.0,0.0
C,R02,training,28,357,0,0.0,0.0,0.0,0.0
C,R02,training,28,358,0,0.0,0.0,0.0,0.0
C,R02,training,28,359,0,0.0,0.0,0.0,0.0
C,R02,training,28,360,0,0.0,0.0,0.0,0.0
C,R02,training,28,361,0,0.0,0.0,0.0,0.0
C,R02,training,28,362,0,0.0,0.0,0.0,0.0
C,R02,training,28,363,0,0.0,0.0,0.0,0.0
C,R02,training,28,364,0,0.0,0.0,0.0,0.0
C,R02,training,28,365,0,0.0,0.0,0.0,0.0
C,R02,training,28,366,0,0.0,0.0,0.0,0.0
C,R02,training,28,367,0,0.0,0.0,0.0,0.0
C,R02,training,28,368,0,0.0,0.0,0.0,0.0
C,R02,training,28,369,0,0.0,0.0,0.0,0.0
C,R02,training,28,370,0,0.0,0.0,0.0,0.0
C,R02,training,28,371,0,0.0,0.0,0.0,0.0
C,R02,training,28,372,0,0.0,0.0,0.0,0.0
C,R02,training,28,373,0,0.0,0.0,0.0,0.0
C,R02,training,28,374,0,0.0,0.0,0.0,0.0
C,R02,training,28,375,0,0.0,0.0,0.0,0.0
C,R02,training,28,376,0,0.0,0.0,0.0,0.0
C,R02,training,28,377,0,0.0,0.0,0.0,0.0
C,R02,training,28,378,0,0.0,0.0,0.0,0.0
C,R02,training,28,379,0,0.0,0.0,0.0,0.0
C,R02,training,28,380,0,0.0,0.0,0.0,0.0
C,R02,training,28,381,0,0.0,0.0,0.0,0.0
C,R02,training,28,382,0,0.0,0.0,0.0,0.0
C,R02,training,28,383,0,0.0,0.0,0.0,0.0
C,R02,training,28,384,0,0.0,0.0,0.0,0.0
C,R02,training,28,385,0,0.0,0.0,0.0,0.0
C,R02,training,28,386,0,0.0,0.0,0.0,0.0
C,R02,training,28,387,0,0.0,0.0,0.0,0.0
C,R02,training,28,388,0,0.0,0.0,0.0,0.0
C,R02,training,28,389,0,0.0,0.0,0.0,0.0
C,R02,training,28,390,0,0.0,0.0,0.0,0.0
C,R02,training,28,391,0,0.0,0.0,0.0,0.0
C,R02,training,28,392,0,0.0,0.0,0.0,0.0
C,R02,training,28,393,0,0.0,0.0,0.0,0.0
C,R02,training,28,394,0,0.0,0.0,0.0,0.0
C,R02,training,28,395,0,0.0,0.0,0.0,0.0
C,R02,training,28,396,0,0.0,0.0,0.0,0.0
C,R02,training,28,397,0,0.0,0.0,0.0,0.0
C,R02,training,28,398,0,0.0,0.0,0.0,0.0
C,R02,training,28,399,0,0.0,0.0,0.0,0.0
C,R02,training,28,400,0,0.0,0.0,0.0,0.0
C,R02,training,28,401,0,0.0,0.0,0.0,0.0
C,R02,training,28,402,0,0.0,0.0,0.0,0.0
C,R02,training,28,403,0,0.0,0.0,0.0,0.0
C,R02,training,28,404,0,0.0,0.0,0.0,0.0
C,R02,training,28,405,0,0.0,0.0,0.0,0.0
C,R02,training,28,406,0,0.0,0.0,0.0,0.0
C,R02,training,28,407,0,0.0,0.0,0.0,0.0
C,R02,training,28,408,0,0.0,0.0,0.0,0.0
C,R02,training,28,409,0,0.0,0.0,0.0,0.0
C,R02,training,28,410,0,0.0,0.0,0.0,0.0
C,R02,training,28,411,0,0.0,0.0,0.0,0.0
C,R02,training,28,412,0,0.0,0.0,0.0,0.0
C,R02,training,28,413,0,0.0,0.0,0.0,0.0
C,R02,training,28,414,0,0.0,0.0,0.0,0.0
C,R02,training,28,415,0,0.0,0.0,0.0,0.0
C,R02,training,28,416,0,0.0,0.0,0.0,0.0
C,R02,training,28,417,0,0.0,0.0,0.0,0.0
C,R02,training,28,418,0,0.0,0.0,0.0,0.0
C,R02,training,28,419,0,0.0,0.0,0.0,0.0
C,R02,training,28,420,0,0.0,0.0,0.0,0.0
C,R02,training,28,421,0,0.0,0.0,0.0,0.0
C,R02,training,28,422,0,0.0,0.0,0.0,0.0
C,R02,training,28,423,0,0.0,0.0,0.0,0.0
C,R02,training,28,424,0,0.0,0.0,0.0,0.0
C,R02,training,28,425,0,0.0,0.0,0.0,0.0
C,R02,training,28,426,0,0.0,0.0,0.0,0.0
C,R02,training,28,427,0,0.0,0.0,0.0,0.0
C,R02,training,28,428,0,0.0,0.0,0.0,0.0
C,R02,training,28,429,0,0.0,0.0,0.0,0.0
C,R02,training,28,430,0,0.0,0.0,0.0,0.0
C,R02,training,28,431,0,0.0,0.0,0.0,0.0
C,R02,training,28,432,0,0.0,0.0,0.0,0.0
C,R02,training,28,433,0,0.0,0.0,0.0,0.0
C,R02,training,28,434,0,0.0,0.0,0.0,0.0
C,R02,training,28,435,0,0.0,0.0,0.0,0.0
C,R02,training,28,436,0,0.0,0.0,0.0,0.0
C,R02,training,28,437,0,0.0,0.0,0.0,0.0
C,R02,training,28,438,0,0.0,0.0,0.0,0.0
C,R02,training,28,439,0,0.0,0.0,0.0,0.0
C,R02,training,28,440,0,0.0,0.0,0.0,0.0
C,R02,training,28,441,0,0.0,0.0,0.0,0.0
C,R02,training,28,442,0,0.0,0.0,0.0,0.0
C,R02,training,28,443,0,0.0,0.0,0.0,0.0
C,R02,training,28,444,0,0.0,0.0,0.0,0.0
C,R02,training,28,445,0,0.0,0.0,0.0,0.0
C,R02,training,28,446,0,0.0,0.0,0.0,0.0
C,R02,training,28,447,0,0.0,0.0,0.0,0.0
C,R02,training,28,448,0,0.0,0.0,0.0,0.0
C,R02,training,28,449,0,0.0,0.0,0.0,0.0
C,R02,training,28,450,0,0.0,0.0,0.0,0.0
C,R02,training,28,451,0,0.0,0.0,0.0,0.0
C,R02,training,28,452,0,0.0,0.0,0.0,0.0
C,R02,training,28,453,0,0.0,0.0,0.0,0.0
C,R02,training,28,454,0,0.0,0.0,0.0,0.0
C,R02,training,28,455,0,0.0,0.0,0.0,0.0
C,R02,training,28,456,0,0.0,0.0,0.0,0.0
C,R02,training,28,457,0,0.0,0.0,0.0,0.0
C,R02,training,28,458,0,0.0,0.0,0.0,0.0
C,R02,training,28,459,0,0.0,0.0,0.0,0.0
C,R02,training,28,460,0,0.0,0.0,0.0,0.0
C,R02,training,28,461,0,0.0,0.0,0.0,0.0
C,R02,training,28,462,0,0.0,0.0,0.0,0.0
C,R02,training,28,463,0,0.0,0.0,0.0,0.0
C,R02,training,28,464,0,0.0,0.0,0.0,0.0
C,R02,training,28,465,0,0.0,0.0,0.0,0.0
C,R02,training,28,466,0,0.0,0.0,0.0,0.0
C,R02,training,28,467,0,0.0,0.0,0.0,0.0
C,R02,training,28,468,0,0.0,0.0,0.0,0.0
C,R02,training,28,469,0,0.0,0.0,0.0,0.0
C,R02,training,28,470,0,0.0,0.0,0.0,0.0
C,R02,training,28,471,0,0.0,0.0,0.0,0.0
C,R02,training,28,472,0,0.0,0.0,0.0,0.0
C,R02,training,28,473,0,0.0,0.0,0.0,0.0
C,R02,training,28,474,0,0.0,0.0,0.0,0.0
C,R02,training,28,475,0,0.0,0.0,0.0,0.0
C,R02,training,28,476,0,0.0,0.0,0.0,0.0
C,R02,training,28,477,0,0.0,0.0,0.0,0.0
C,R02,training,28,478,0,0.0,0.0,0.0,0.0
C,R02,training,28,479,0,0.0,0.0,0.0,0.0
C,R02,training,28,480,0,0.0,0.0,0.0,0.0
C,R02,training,28,481,0,0.0,0.0,0.0,0.0
C,R02,training,28,482,0,0.0,0.0,0.0,0.0
C,R02,training,28,483,0,0.0,0.0,0.0,0.0
C,R02,training,28,484,0,0.0,0.0,0.0,0.0
C,R02,training,28,485,0,0.0,0.0,0.0,0.0
C,R02,training,28,486,0,0.0,0.0,0.0,0.0
C,R02,training,28,487,0,0.0,0.0,0.0,0.0
C,R02,training,28,488,0,0.0,0.0,0.0,0.0
C,R02,training,28,489,0,0.0,0.0,0.0,0.0
C,R02,training,28,490,0,0.0,0.0,0.0,0.0
C,R02,training,28,491,0,0.0,0.0,0.0,0.0
C,R02,training,28,492,0,0.0,0.0,0.0,0.0
C,R02,training,28,493,0,0.0,0.0,0.0,0.0
C,R02,training,28,494,0,0.0,0.0,0.0,0.0
C,R02,training,28,495,0,0.0,0.0,0.0,0.0
C,R02,training,28,496,0,0.0,0.0,0.0,0.0
C,R02,training,28,497,0,0.0,0.0,0.0,0.0
C,R02,training,28,498,0,0.0,0.0,0.0,0.0
C,R02,training,28,499,0,0.0,0.0,0.0,0.0
C,R02,training,28,500,0,0.0,0.0,0.0,0.0
C,R02,training,28,501,0,0.0,0.0,0.0,0.0
C,R02,training,28,502,0,0.0,0.0,0.0,0.0
C,R02,training,28,503,0,0.0,0.0,0.0,0.0
C,R02,training,28,504,0,0.0,0.0,0.0,0.0
C,R02,training,28,505,0,0.0,0.0,0.0,0.0
C,R02,training,28,506,0,0.0,0.0,0.0,0.0
C,R02,training,28,507,0,0.0,0.0,0.0,0.0
C,R02,training,28,508,0,0.0,0.0,0.0,0.0
C,R02,training,28,509,0,0.0,0.0,0.0,0.0
C,R02,training,28,510,0,0.0,0.0,0.0,0.0
C,R02,training,28,511,0,0.0,0.0,0.0,0.0
C,R02,training,28,512,0,0.0,0.0,0.0,0.0
C,R02,training,28,513,0,0.0,0.0,0.0,0.0
C,R02,training,28,514,0,0.0,0.0,0.0,0.0
C,R02,training,28,515,0,0.0,0.0,0.0,0.0
C,R02,training,28,516,0,0.0,0.0,0.0,0.0
C,R02,training,28,517,0,0.0,0.0,0.0,0.0
C,R02,training,28,518,0,0.0,0.0,0.0,0.0
C,R02,training,28,519,0,0.0,0.0,0.0,0.0
C,R02,training,28,520,0,0.0,0.0,0.0,0.0
C,R02,training,28,521,0,0.0,0.0,0.0,0.0
C,R02,training,28,522,0,0.0,0.0,0.0,0.0
C,R02,training,28,523,0,0.0,0.0,0.0,0.0
C,R02,training,28,524,0,0.0,0.0,0.0,0.0
C,R02,training,28,525,0,0.0,0.0,0.0,0.0
C,R02,training,28,526,0,0.0,0.0,0.0,0.0
C,R02,training,28,527,0,0.0,0.0,0.0,0.0
C,R02,training,28,528,0,0.0,0.0,0.0,0.0
C,R02,training,28,529,0,0.0,0.0,0.0,0.0
C,R02,training,28,530,0,0.0,0.0,0.0,0.0
C,R02,training,28,531,0,0.0,0.0,0.0,0.0
C,R02,training,28,532,0,0.0,0.0,0.0,0.0
C,R02,training,28,533,0,0.0,0.0,0.0,0.0
C,R02,training,28,534,0,0.0,0.0,0.0,0.0
C,R02,training,28,535,0,0.0,0.0,0.0,0.0
C,R02,training,28,536,0,0.0,0.0,0.0,0.0
C,R02,training,28,537,0,0.0,0.0,0.0,0.0
C,R02,training,28,538,0,0.0,0.0,0.0,0.0
C,R02,training,28,539,0,0.0,0.0,0.0,0.0
C,R02,training,28,540,0,0.0,0.0,0.0,0.0
C,R02,training,28,541,0,0.0,0.0,0.0,0.0
C,R02,training,28,542,0,0.0,0.0,0.0,0.0
C,R02,training,28,543,0,0.0,0.0,0.0,0.0
C,R02,training,28,544,0,0.0,0.0,0.0,0.0
C,R02,training,28,545,0,0.0,0.0,0.0,0.0
C,R02,training,28,546,0,0.0,0.0,0.0,0.0
C,R02,training,28,547,0,0.0,0.0,0.0,0.0
C,R02,training,28,548,0,0.0,0.0,0.0,0.0
C,R02,training,28,549,0,0.0,0.0,0.0,0.0
C,R02,training,28,550,0,0.0,0.0,0.0,0.0
C,R02,training,28,551,0,0.0,0.0,0.0,0.0
C,R02,training,28,552,0,0.0,0.0,0.0,0.0
C,R02,training,28,553,0,0.0,0.0,0.0,0.0
C,R02,training,28,554,0,0.0,0.0,0.0,0.0
C,R02,training,28,555,0,0.0,0.0,0.0,0.0
C,R02,training,28,556,0,0.0,0.0,0.0,0.0
C,R02,training,28,557,0,0.0,0.0,0.0,0.0
C,R02,training,28,558,0,0.0,0.0,0.0,0.0
C,R02,training,28,559,0,0.0,0.0,0.0,0.0
C,R02,training,28,560,0,0.0,0.0,0.0,0.0
C,R02,training,28,561,0,0.0,0.0,0.0,0.0
C,R02,training,28,562,0,0.0,0.0,0.0,0.0
C,R02,training,28,563,0,0.0,0.0,0.0,0.0
C,R02,training,28,564,0,0.0,0.0,0.0,0.0
C,R02,training,28,565,0,0.0,0.0,0.0,0.0
C,R02,training,28,566,0,0.0,0.0,0.0,0.0
C,R02,training,28,567,0,0.0,0.0,0.0,0.0
C,R02,training,28,568,0,0.0,0.0,0.0,0.0
C,R02,training,28,569,0,0.0,0.0,0.0,0.0
C,R02,training,28,570,0,0.0,0.0,0.0,0.0
C,R02,training,28,571,0,0.0,0.0,0.0,0.0
C,R02,training,28,572,0,0.0,0.0,0.0,0.0
C,R02,training,28,573,0,0.0,0.0,0.0,0.0
C,R02,training,28,574,0,0.0,0.0,0.0,0.0
C,R02,training,28,575,0,0.0,0.0,0.0,0.0
C,R02,training,28,576,0,0.0,0.0,0.0,0.0
C,R02,training,28,577,0,0.0,0.0,0.0,0.0
C,R02,training,28,578,0,0.0,0.0,0.0,0.0
C,R02,training,28,579,0,0.0,0.0,0.0,0.0
C,R02,training,28,580,0,0.0,0.0,0.0,0.0
C,R02,training,28,581,0,0.0,0.0,0.0,0.0
C,R02,training,28,582,0,0.0,0.0,0.0,0.0
C,R02,training,28,583,0,0.0,0.0,0.0,0.0
C,R02,training,28,584,0,0.0,0.0,0.0,0.0
C,R02,training,28,585,0,0.0,0.0,0.0,0.0
C,R02,training,28,586,0,0.0,0.0,0.0,0.0
C,R02,training,28,587,0,0.0,0.0,0.0,0.0
C,R02,training,28,588,0,0.0,0.0,0.0,0.0
C,R02,training,28,589,0,0.0,0.0,0.0,0.0
C,R02,training,28,590,0,0.0,0.0,0.0,0.0
C,R02,training,28,591,0,0.0,0.0,0.0,0.0
P1,R02,training,28,0,0,0.0,0.0,0.042247486936776144,0.02571096469915723
P1,R02,training,28,1,0,0.0,0.0,0.042247486936776144,0.025797531295375292
P1,R02,training,28,2,0,0.0,0.0,0.042247486936776144,0.025884093925590795
P1,R02,training,28,3,0,0.0,0.0,0.042247486936776144,0.025970650597237292
P1,R02,training,28,4,0,0.0,0.0,0.042247486936776144,0.02605719931127815
P1,R02,training,28,5,0,0.0,0.0,0.042247486936776144,0.02614373806227631
P1,R02,training,28,6,0,0.0,0.0,0.042247486936776144,0.0262302648384647
P1,R02,training,28,7,0,0.0,0.0,0.042247486936776144,0.02631677762181718
P1,R02,training,28,8,0,0.0,0.0,0.042247486936776144,0.026403274388120124
P1,R02,training,28,9,0,0.0,0.0,0.042247486936776144,0.02648975310704456
P1,R02,training,28,10,0,0.0,0.0,0.042247486936776144,0.02657621174221894
P1,R02,training,28,11,0,0.0,0.0,0.042247486936776144,0.02666264825130245
P1,R02,training,28,12,0,0.0,0.0,0.042247486936776144,0.02674906058605891
P1,R02,training,28,13,0,0.0,0.0,0.042247486936776144,0.026835446692431295
P1,R02,training,28,14,0,0.0,0.0,0.042247486936776144,0.02692180451061675
P1,R02,training,28,15,0,0.0,0.0,0.042247486936776144,0.02700813197514227
P1,R02,training,28,16,0,0.0,0.0,0.0631350890740911,0.04049019686211628
P1,R02,training,28,17,0,0.0,0.0,0.0631350890740911,0.04061910551860363
P1,R02,training,28,18,0,0.0,0.0,0.0631350890740911,0.04074795950456988
P1,R02,training,28,19,0,0.0,0.0,0.0631350890740911,0.04087675570060333
P1,R02,training,28,20,0,0.0,0.0,0.0631350890740911,0.041005490979396465
P1,R02,training,28,21,0,0.0,0.0,0.0631350890740911,0.04113416220586402
P1,R02,training,28,22,0,0.0,0.0,0.0631350890740911,0.041262766237261786
P1,R02,training,28,23,0,0.0,0.0,0.0631350890740911,0.041391299923306354
P1,R02,training,28,24,0,0.0,0.0,0.0631350890740911,0.041519760106295524
P1,R02,training,28,25,0,0.0,0.0,0.0631350890740911,0.04164814362122963
P1,R02,training,28,26,0,0.0,0.0,0.0631350890740911,0.041776447295933564
P1,R02,training,28,27,0,0.0,0.0,0.0631350890740911,0.04190466795117968
P1,R02,training,28,28,0,0.0,0.0,0.0631350890740911,0.04203280240081138
P1,R02,training,28,29,0,0.0,0.0,0.0631350890740911,0.04216084745186758
P1,R02,training,28,30,0,0.0,0.0,0.0631350890740911,0.042288799904707866
P1,R02,training,28,31,0,0.0,0.0,0.0631350890740911,0.04241665655313845
P1,R02,training,28,32,0,0.0,0.0,0.06592013386492547,0.04442115342481618
P1,R02,training,28,33,0,0.0,0.0,0.06592013386492547,0.04455444001520667
P1,R02,training,28,34,0,0.0,0.0,0.06592013386492547,0.04468761649240958
P1,R02,training,28,35,0,0.0,0.0,0.06592013386492547,0.04482067948275894
P1,R02,training,28,36,0,0.0,0.0,0.06592013386492547,0.04495362560641558
P1,R02,training,28,37,0,0.0,0.0,0.06592013386492547,0.04508645147750327
P1,R02,training,28,38,0,0.0,0.0,0.06592013386492547,0.04521915370424564
P1,R02,training,28,39,0,0.0,0.0,0.06592013386492547,0.045351728889103764
P1,R02,training,28,40,0,0.0,0.0,0.06592013386492547,0.04548417362891464
P1,R02,training,28,41,0,0.0,0.0,0.06592013386492547,0.0456164845150302
P1,R02,training,28,42,0,0.0,0.0,0.06592013386492547,0.04574865813345718
P1,R02,training,28,43,0,0.0,0.0,0.06592013386492547,0.04588069106499765
P1,R02,training,28,44,0,0.0,0.0,0.06592013386492547,0.04601257988539023
P1,R02,training,28,45,0,0.0,0.0,0.06592013386492547,0.04614432116545211
P1,R02,training,28,46,0,0.0,0.0,0.06592013386492547,0.046275911471221585
P1,R02,training,28,47,0,0.0,0.0,0.06592013386492547,0.04640734736410143
P1,R02,training,28,48,0,0.0,0.3331033887130634,0.068176119470719,0.04813131738844954
P1,R02,training,28,49,0,0.0,0.3331033887130634,0.068176119470719,0.0482669213316266
P1,R02,training,28,50,0,0.0,0.3331033887130634,0.068176119470719,0.048402354881338025
P1,R02,training,28,51,0,0.0,0.3331033887130634,0.068176119470719,0.04853761446362674
P1,R02,training,28,52,0,0.0,0.3331033887130634,0.068176119470719,0.048672696500492836
P1,R02,training,28,53,0,0.0,0.3331033887130634,0.068176119470719,0.048807597410045915
P1,R02,training,28,54,0,0.0,0.3331033887130634,0.068176119470719,0.04894231360665799
P1,R02,training,28,55,0,0.0,0.3331033887130634,0.068176119470719,0.04907684150111705
P1,R02,training,28,56,0,0.0,0.3331033887130634,0.068176119470719,0.04921117750078125
P1,R02,training,28,57,0,0.0,0.3331033887130634,0.068176119470719,0.049345318009733734
P1,R02,training,28,58,0,0.0,0.3331033887130634,0.068176119470719,0.049479259428938036
P1,R02,training,28,59,0,0.0,0.3331033887130634,0.068176119470719,0.04961299815639416
P1,R02,training,28,60,0,0.0,0.3331033887130634,0.068176119470719,0.04974653058729515
P1,R02,training,28,61,0,0.0,0.3331033887130634,0.068176119470719,0.0498798531141843
P1,R02,training,28,62,0,0.0,0.3331033887130634,0.068176119470719,0.050012962127113
P1,R02,training,28,63,0,0.0,0.3331033887130634,0.068176119470719,0.05014585401379901
P1,R02,training,28,64,0,0.0,0.0,0.0698411240991739,0.051506432787160425
P1,R02,training,28,65,0,0.0,0.0,0.0698411240991739,0.05164211420590276
P1,R02,training,28,66,0,0.0,0.0,0.0698411240991739,0.051777562081503345
P1,R02,training,28,67,0,0.0,0.0,0.0698411240991739,0.05191277270553142
P1,R02,training,28,68,0,0.0,0.0,0.0698411240991739,0.0520477423679851
P1,R02,training,28,69,0,0.0,0.0,0.0698411240991739,0.05218246735745684
P1,R02,training,28,70,0,0.0,0.0,0.0698411240991739,0.052316943961299406
P1,R02,training,28,71,0,0.0,0.0,0.0698411240991739,0.052451168465792466
P1,R02,training,28,72,0,0.0,0.0,0.0698411240991739,0.05258513715630949
P1,R02,training,28,73,0,0.0,0.0,0.0698411240991739,0.052718846317485295
P1,R02,training,28,74,0,0.0,0.0,0.0698411240991739,0.05285229223338395
P1,R02,training,28,75,0,0.0,0.0,0.0698411240991739,0.05298547118766725
P1,R02,training,28,76,0,0.0,0.0,0.0698411240991739,0.053118379463763465
P1,R02,training,28,77,0,0.0,0.0,0.0698411240991739,0.05325101334503677
P1,R02,training,28,78,0,0.0,0.0,0.0698411240991739,0.05338336911495687
P1,R02,training,28,79,0,0.0,0.0,0.0698411240991739,0.05351544305726921
P1,R02,training,28,80,0,0.0,0.0,0.07086839216140096,0.05443630935565013
P1,R02,training,28,81,0,0.0,0.0,0.07086839216140096,0.054569742669662455
P1,R02,training,28,82,0,0.0,0.0,0.07086839216140096,0.05470287870143017
P1,R02,training,28,83,0,0.0,0.0,0.07086839216140096,0.05483571368289135
P1,R02,training,28,84,0,0.0,0.0,0.07086839216140096,0.05496824384713312
P1,R02,training,28,85,0,0.0,0.0,0.07086839216140096,0.055100465428566565
P1,R02,training,28,86,0,0.0,0.0,0.07086839216140096,0.05523237466310211
P1,R02,training,28,87,0,0.0,0.0,0.07086839216140096,0.0553639677883251
P1,R02,training,28,88,0,0.0,0.0,0.07086839216140096,0.055495241043671865
P1,R02,training,28,89,0,0.0,0.0,0.07086839216140096,0.055626190670605966
P1,R02,training,28,90,0,0.0,0.0,0.07086839216140096,0.055756812912794794
P1,R02,training,28,91,0,0.0,0.0,0.07086839216140096,0.055887104016286514
P1,R02,training,28,92,0,0.0,0.0,0.07086839216140096,0.056017060229687145
P1,R02,training,28,93,0,0.0,0.0,0.07086839216140096,0.05614667780433811
P1,R02,training,28,94,0,0.0,0.0,0.07086839216140096,0.05627595299449382
P1,R02,training,28,95,0,0.0,0.0,0.07086839216140096,0.05640488205749974
P1,R02,training,28,96,0,0.0,0.0,0.07122851220428708,0.05682073787857502
P1,R02,training,28,97,0,0.0,0.0,0.07122851220428708,0.05694961505510479
P1,R02,training,28,98,0,0.0,0.0,0.07122851220428708,0.057078133081041545
P1,R02,training,28,99,0,0.0,0.0,0.07122851220428708,0.05720628820893209
P1,R02,training,28,100,0,0.0,0.0,0.07122851220428708,0.05733407669532748
P1,R02,training,28,101,0,0.0,0.0,0.07122851220428708,0.05746149480096309
P1,R02,training,28,102,0,0.0,0.0,0.07122851220428708,0.057588538790938865
P1,R02,training,28,103,0,0.0,0.0,0.07122851220428708,0.057715204934899685
P1,R02,training,28,104,0,0.0,0.0,0.07122851220428708,0.05784148950721596
P1,R02,training,28,105,0,0.0,0.0,0.07122851220428708,0.05796738878716429
P1,R02,training,28,106,0,0.0,0.0,0.07122851220428708,0.05809289905910818
P1,R02,training,28,107,0,0.0,0.0,0.07122851220428708,0.05821801661267904
P1,R02,training,28,108,0,0.0,0.0,0.07122851220428708,0.05834273774295706
P1,R02,training,28,109,0,0.0,0.0,0.07122851220428708,0.05846705875065235
P1,R02,training,28,110,0,0.0,0.0,0.07122851220428708,0.058590975942286
P1,R02,training,28,111,0,0.0,0.0,0.07122851220428708,0.05871448563037132
P1,R02,training,28,112,0,0.0,0.33313958060873217,0.0899209068281117,0.0742782455668047
P1,R02,training,28,113,0,0.0,0.33313958060873217,0.0899209068281117,0.07443312489990347
P1,R02,training,28,114,0,0.0,0.33313958060873217,0.0899209068281117,0.07458747587100271
P1,R02,training,28,115,0,0.0,0.33313958060873217,0.0899209068281117,0.07474129385746094
P1,R02,training,28,116,0,0.0,0.33313958060873217,0.0899209068281117,0.07489457424534557
P1,R02,training,28,117,0,0.0,0.33313958060873217,0.0899209068281117,0.07504731242966169
P1,R02,training,28,118,0,0.0,0.33313958060873217,0.0899209068281117,0.07519950381458083
P1,R02,training,28,119,0,0.0,0.33313958060873217,0.0899209068281117,0.07535114381366971
P1,R02,training,28,120,0,0.0,0.33313958060873217,0.0899209068281117,0.07550222785011888
P1,R02,training,28,121,0,0.0,0.33313958060873217,0.0899209068281117,0.0756527513569713
P1,R02,training,28,122,0,0.0,0.33313958060873217,0.0899209068281117,0.07580270977735074
P1,R02,training,28,123,0,0.0,0.33313958060873217,0.0899209068281117,0.0759520985646902
P1,R02,training,28,124,0,0.0,0.33313958060873217,0.0899209068281117,0.0761009131829601
P1,R02,training,28,125,0,0.0,0.33313958060873217,0.0899209068281117,0.07624914910689626
P1,R02,training,28,126,0,0.0,0.33313958060873217,0.0899209068281117,0.07639680182222791
P1,R02,training,28,127,0,0.0,0.33313958060873217,0.0899209068281117,0.0765438668259053
P1,R02,training,28,128,0,0.0,0.33318744386453714,0.10922270042591548,0.09315215210829467
P1,R02,training,28,129,0,0.0,0.33318744386453714,0.10922270042591548,0.09332934097365146
P1,R02,training,28,130,0,0.0,0.33318744386453714,0.10922270042591548,0.09350579964888792
P1,R02,training,28,131,0,0.0,0.33318744386453714,0.10922270042591548,0.09368152272164056
P1,R02,training,28,132,0,0.0,0.33318744386453714,0.10922270042591548,0.0938565047945545
P1,R02,training,28,133,0,0.0,0.33318744386453714,0.10922270042591548,0.09403074048555832
P1,R02,training,28,134,0,0.0,0.33318744386453714,0.10922270042591548,0.0942042244281385
P1,R02,training,28,135,0,0.0,0.33318744386453714,0.10922270042591548,0.09437695127161354
P1,R02,training,28,136,0,0.0,0.33318744386453714,0.10922270042591548,0.09454891568140772
P1,R02,training,28,137,0,0.0,0.33318744386453714,0.10922270042591548,0.09472011233932436
P1,R02,training,28,138,0,0.0,0.33318744386453714,0.10922270042591548,0.09489053594381863
P1,R02,training,28,139,0,0.0,0.33318744386453714,0.10922270042591548,0.09506018121027006
P1,R02,training,28,140,0,0.0,0.33318744386453714,0.10922270042591548,0.09522904287125442
P1,R02,training,28,141,0,0.0,0.33318744386453714,0.10922270042591548,0.09539711567681507
P1,R02,training,28,142,0,0.0,0.33318744386453714,0.10922270042591548,0.09556439439473402
P1,R02,training,28,143,0,0.0,0.33318744386453714,0.10922270042591548,0.09573087381080224
P1,R02,training,28,144,0,0.0,0.0,0.1290363747912339,0.11329277663653682
P1,R02,training,28,145,0,0.0,0.0,0.1290363747912339,0.11348754945591279
P1,R02,training,28,146,0,0.0,0.0,0.1290363747912339,0.1136813596256749
P1,R02,training,28,147,0,0.0,0.0,0.1290363747912339,0.11387420107400889
P1,R02,training,28,148,0,0.0,0.0,0.1290363747912339,0.1140660677519633
P1,R02,training,28,149,0,0.0,0.0,0.1290363747912339,0.11425695363376479
P1,R02,training,28,150,0,0.0,0.0,0.1290363747912339,0.11444685271713226
P1,R02,training,28,151,0,0.0,0.0,0.1290363747912339,0.11463575902359066
P1,R02,training,28,152,0,0.0,0.0,0.1290363747912339,0.1148236665987836
P1,R02,training,28,153,0,0.0,0.0,0.1290363747912339,0.11501056951278521
P1,R02,training,28,154,0,0.0,0.0,0.1290363747912339,0.11519646186041123
P1,R02,training,28,155,0,0.0,0.0,0.1290363747912339,0.11538133776152897
P1,R02,training,28,156,0,0.0,0.0,0.1290363747912339,0.11556519136136656
P1,R02,training,28,157,0,0.0,0.0,0.1290363747912339,0.11574801683082107
P1,R02,training,28,158,0,0.0,0.0,0.1290363747912339,0.11592980836676586
P1,R02,training,28,159,0,0.0,0.0,0.1290363747912339,0.11611056019235669
P1,R02,training,28,160,0,0.0,0.0,0.1492814902605941,0.13453558597385787
P1,R02,training,28,161,0,0.0,0.0,0.1492814902605941,0.13474227119503188
P1,R02,training,28,162,0,0.0,0.0,0.1492814902605941,0.13494773371723193
P1,R02,training,28,163,0,0.0,0.0,0.1492814902605941,0.13515196698240087
P1,R02,training,28,164,0,0.0,0.0,0.1492814902605941,0.1353549644646409
P1,R02,training,28,165,0,0.0,0.0,0.1492814902605941,0.13555671967056024
P1,R02,training,28,166,0,0.0,0.0,0.1492814902605941,0.13575722613961871
P1,R02,training,28,167,0,0.0,0.0,0.1492814902605941,0.1359564774444718
P1,R02,training,28,168,0,0.0,0.0,0.1492814902605941,0.13615446719131355
P1,R02,training,28,169,0,0.0,0.0,0.1492814902605941,0.13635118902021764
P1,R02,training,28,170,0,0.0,0.0,0.1492814902605941,0.13654663660547756
P1,R02,training,28,171,0,0.0,0.0,0.1492814902605941,0.1367408036559449
P1,R02,training,28,172,0,0.0,0.0,0.1492814902605941,0.13693368391536634
P1,R02,training,28,173,0,0.0,0.0,0.1492814902605941,0.13712527116271908
P1,R02,training,28,174,0,0.0,0.0,0.1492814902605941,0.13731555921254474
P1,R02,training,28,175,0,0.0,0.0,0.1492814902605941,0.13750454191528175
P1,R02,training,28,176,0,0.0,0.0,0.1521044142773414,0.14029598308756622
P1,R02,training,28,177,0,0.0,0.0,0.1521044142773414,0.1404858607550207
P1,R02,training,28,178,0,0.0,0.0,0.1521044142773414,0.14067438981644123
P1,R02,training,28,179,0,0.0,0.0,0.1521044142773414,0.1408615641556335
P1,R02,training,28,180,0,0.0,0.0,0.1521044142773414,0.14104737769464715
P1,R02,training,28,181,0,0.0,0.0,0.1521044142773414,0.14123182439410428
P1,R02,training,28,182,0,0.0,0.0,0.1521044142773414,0.1414148982535264
P1,R02,training,28,183,0,0.0,0.0,0.1521044142773414,0.14159659331165927
P1,R02,training,28,184,0,0.0,0.0,0.1521044142773414,0.14177690364679602
P1,R02,training,28,185,0,0.0,0.0,0.1521044142773414,0.14195582337709872
P1,R02,training,28,186,0,0.0,0.0,0.1521044142773414,0.14213334666091762
P1,R02,training,28,187,0,0.0,0.0,0.1521044142773414,0.1423094676971088
P1,R02,training,28,188,0,0.0,0.0,0.1521044142773414,0.14248418072534988
P1,R02,training,28,189,0,0.0,0.0,0.1521044142773414,0.14265748002645365
P1,R02,training,28,190,0,0.0,0.0,0.1521044142773414,0.14282935992267992
P1,R02,training,28,191,0,0.0,0.0,0.1521044142773414,0.14299981477804524
P1,R02,training,28,192,0,0.0,0.0,0.17419614693853278,0.16396276356418532
P1,R02,training,28,193,0,0.0,0.0,0.17419614693853278,0.16415469218097967
P1,R02,training,28,194,0,0.0,0.0,0.17419614693853278,0.16434496970992982
P1,R02,training,28,195,0,0.0,0.0,0.17419614693853278,0.1645335898912662
P1,R02,training,28,196,0,0.0,0.0,0.17419614693853278,0.1647205465147797
P1,R02,training,28,197,0,0.0,0.0,0.17419614693853278,0.16490583342016188
P1,R02,training,28,198,0,0.0,0.0,0.17419614693853278,0.1650894444973435
P1,R02,training,28,199,0,0.0,0.0,0.17419614693853278,0.16527137368682973
P1,R02,training,28,200,0,0.0,0.0,0.17419614693853278,0.16545161498003358
P1,R02,training,28,201,0,0.0,0.0,0.17419614693853278,0.16563016241960624
P1,R02,training,28,202,0,0.0,0.0,0.17419614693853278,0.16580701009976517
P1,R02,training,28,203,0,0.0,0.0,0.17419614693853278,0.16598215216661952
P1,R02,training,28,204,0,0.0,0.0,0.17419614693853278,0.1661555828184929
P1,R02,training,28,205,0,0.0,0.0,0.17419614693853278,0.16632729630624357
P1,R02,training,28,206,0,0.0,0.0,0.17419614693853278,0.16649728693358187
P1,R02,training,28,207,0,0.0,0.0,0.17419614693853278,0.16666554905738515
P1,R02,training,28,208,0,0.0,0.0,0.177225612641604,0.16973347338518843
P1,R02,training,28,209,0,0.0,0.0,0.177225612641604,0.169901127641275
P1,R02,training,28,210,0,0.0,0.0,0.177225612641604,0.17006700643713998
P1,R02,training,28,211,0,0.0,0.0,0.177225612641604,0.17023110425103413
P1,R02,training,28,212,0,0.0,0.0,0.177225612641604,0.17039341561685914
P1,R02,training,28,213,0,0.0,0.0,0.177225612641604,0.17055393512447134
P1,R02,training,28,214,0,0.0,0.0,0.177225612641604,0.1707126574199818
P1,R02,training,28,215,0,0.0,0.0,0.177225612641604,0.17086957720605422
P1,R02,training,28,216,0,0.0,0.0,0.177225612641604,0.17102468924219935
P1,R02,training,28,217,0,0.0,0.0,0.177225612641604,0.17117798834506653
P1,R02,training,28,218,0,0.0,0.0,0.177225612641604,0.17132946938873234
P1,R02,training,28,219,0,0.0,0.0,0.177225612641604,0.17147912730498632
P1,R02,training,28,220,0,0.0,0.0,0.177225612641604,0.17162695708361342
P1,R02,training,28,221,0,0.0,0.0,0.177225612641604,0.17177295377267351
P1,R02,training,28,222,0,0.0,0.0,0.177225612641604,0.1719171124787777
P1,R02,training,28,223,0,0.0,0.0,0.177225612641604,0.17205942836736185
P1,R02,training,28,224,0,0.0,0.3329744720515978,0.1788080987126888,0.17373750702214572
P1,R02,training,28,225,0,0.0,0.3329744720515978,0.1788080987126888,0.17387736074095866
P1,R02,training,28,226,0,0.0,0.3329744720515978,0.1788080987126888,0.17401534091294293
P1,R02,training,28,227,0,0.0,0.3329744720515978,0.1788080987126888,0.17415144290045892
P1,R02,training,28,228,0,0.0,0.3329744720515978,0.1788080987126888,0.17428566212654795
P1,R02,training,28,229,0,0.0,0.3329744720515978,0.1788080987126888,0.1744179940751887
P1,R02,training,28,230,0,0.0,0.3329744720515978,0.1788080987126888,0.17454843429155037
P1,R02,training,28,231,0,0.0,0.3329744720515978,0.1788080987126888,0.17467697838224264
P1,R02,training,28,232,0,0.0,0.3329744720515978,0.1788080987126888,0.17480362201556227
P1,R02,training,28,233,0,0.0,0.3329744720515978,0.1788080987126888,0.17492836092173633
P1,R02,training,28,234,0,0.0,0.3329744720515978,0.1788080987126888,0.17505119089316212
P1,R02,training,28,235,0,0.0,0.3329744720515978,0.1788080987126888,0.1751721077846437
P1,R02,training,28,236,0,0.0,0.3329744720515978,0.1788080987126888,0.17529110751362503
P1,R02,training,28,237,0,0.0,0.3329744720515978,0.1788080987126888,0.1754081860604196
P1,R02,training,28,238,0,0.0,0.3329744720515978,0.1788080987126888,0.17552333946843685
P1,R02,training,28,239,0,0.0,0.3329744720515978,0.1788080987126888,0.17563656384440487
P1,R02,training,28,240,0,0.0,0.33300809587929237,0.18026507498318886,0.1771798959467524
P1,R02,training,28,241,0,0.0,0.33300809587929237,0.18026507498318886,0.17729014188607278
P1,R02,training,28,242,0,0.0,0.33300809587929237,0.18026507498318886,0.17739843168529018
P1,R02,training,28,243,0,0.0,0.33300809587929237,0.18026507498318886,0.17750476167692425
P1,R02,training,28,244,0,0.0,0.33300809587929237,0.18026507498318886,0.17760912825839978
P1,R02,training,28,245,0,0.0,0.33300809587929237,0.18026507498318886,0.17771152789225003
P1,R02,training,28,246,0,0.0,0.33300809587929237,0.18026507498318886,0.1778119571063167
P1,R02,training,28,247,0,0.0,0.33300809587929237,0.18026507498318886,0.17791041249394607
P1,R02,training,28,248,0,0.0,0.33300809587929237,0.18026507498318886,0.17800689071418158
P1,R02,training,28,249,0,0.0,0.33300809587929237,0.18026507498318886,0.17810138849195278
P1,R02,training,28,250,0,0.0,0.33300809587929237,0.18026507498318886,0.17819390261826068
P1,R02,training,28,251,0,0.0,0.33300809587929237,0.18026507498318886,0.17828442995035923
P1,R02,training,28,252,0,0.0,0.33300809587929237,0.18026507498318886,0.17837296741193343
P1,R02,training,28,253,0,0.0,0.33300809587929237,0.18026507498318886,0.17845951199327337
P1,R02,training,28,254,0,0.0,0.33300809587929237,0.18026507498318886,0.17854406075144488
P1,R02,training,28,255,0,0.0,0.33300809587929237,0.18026507498318886,0.17862661081045633
P1,R02,training,28,256,0,0.0,0.33312130168954895,0.18293477944635467,0.18135379127828813
P1,R02,training,28,257,0,0.0,0.33312130168954895,0.18293477944635467,0.18143349881140827
P1,R02,training,28,258,0,0.0,0.33312130168954895,0.18293477944635467,0.1815111696983544
P1,R02,training,28,259,0,0.0,0.33312130168954895,0.18293477944635467,0.18158680129389373
P1,R02,training,28,260,0,0.0,0.33312130168954895,0.18293477944635467,0.1816603910215164
P1,R02,training,28,261,0,0.0,0.33312130168954895,0.18293477944635467,0.18173193637358193
P1,R02,training,28,262,0,0.0,0.33312130168954895,0.18293477944635467,0.18180143491146133
P1,R02,training,28,263,0,0.0,0.33312130168954895,0.18293477944635467,0.18186888426567593
P1,R02,training,28,264,0,0.0,0.33312130168954895,0.18293477944635467,0.1819342821360319
P1,R02,training,28,265,0,0.0,0.33312130168954895,0.18293477944635467,0.18199762629175092
P1,R02,training,28,266,0,0.0,0.33312130168954895,0.18293477944635467,0.18205891457159712
P1,R02,training,28,267,0,0.0,0.33312130168954895,0.18293477944635467,0.18211814488399994
P1,R02,training,28,268,0,0.0,0.33312130168954895,0.18293477944635467,0.182175315207173
P1,R02,training,28,269,0,0.0,0.33312130168954895,0.18293477944635467,0.1822304235892293
P1,R02,training,28,270,0,0.0,0.33312130168954895,0.18293477944635467,0.1822834681482921
P1,R02,training,28,271,0,0.0,0.33312130168954895,0.18293477944635467,0.18233444707260218
P1,R02,training,28,272,0,1.0,0.3338391243049837,0.20441461194200874,0.20379844439612022
P1,R02,training,28,273,0,1.0,0.3338391243049837,0.20441461194200874,0.2038507870484731
P1,R02,training,28,274,0,1.0,0.3338391243049837,0.20441461194200874,0.20390081592116677
P1,R02,training,28,275,0,1.0,0.3338391243049837,0.20441461194200874,0.2039485293042188
P1,R02,training,28,276,0,1.0,0.3338391243049837,0.20441461194200874,0.203993925566529
P1,R02,training,28,277,0,1.0,0.3338391243049837,0.20441461194200874,0.20403700315597229
P1,R02,training,28,278,0,1.0,0.3338391243049837,0.20441461194200874,0.204077760599487
P1,R02,training,28,279,0,1.0,0.3338391243049837,0.20441461194200874,0.20411619650315924
P1,R02,training,28,280,0,1.0,0.3338391243049837,0.20441461194200874,0.20415230955230185
P1,R02,training,28,281,0,1.0,0.3338391243049837,0.20441461194200874,0.2041860985115297
P1,R02,training,28,282,0,1.0,0.3338391243049837,0.20441461194200874,0.20421756222482992
P1,R02,training,28,283,0,1.0,0.3338391243049837,0.20441461194200874,0.20424669961562814
P1,R02,training,28,284,0,1.0,0.3338391243049837,0.20441461194200874,0.20427350968684932
P1,R02,training,28,285,0,1.0,0.3338391243049837,0.20441461194200874,0.20429799152097522
P1,R02,training,28,286,0,1.0,0.3338391243049837,0.20441461194200874,0.20432014428009632
P1,R02,training,28,287,0,1.0,0.3338391243049837,0.20441461194200874,0.20433996720595976
P1,R02,training,28,288,0,0.0,0.3330558655426961,0.20644327632761192,0.20638555681093695
P1,R02,training,28,289,0,0.0,0.3330558655426961,0.20644327632761192,0.20640086857912887
P1,R02,training,28,290,0,0.0,0.3330558655426961,0.20644327632761192,0.20641382557794824
P1,R02,training,28,291,0,0.0,0.3330558655426961,0.20644327632761192,0.20642442736379688
P1,R02,training,28,292,0,0.0,0.3330558655426961,0.20644327632761192,0.20643267357369627
P1,R02,training,28,293,0,0.0,0.3330558655426961,0.20644327632761192,0.20643856392530827
P1,R02,training,28,294,0,0.0,0.3330558655426961,0.20644327632761192,0.20644209821695134
P1,R02,training,28,295,0,0.0,0.3330558655426961,0.20644327632761192,0.20644327632761192
P1,R02,training,28,296,0,0.0,0.3330558655426961,0.20644327632761192,0.20644209821695134
P1,R02,training,28,297,0,0.0,0.3330558655426961,0.20644327632761192,0.20643856392530827
P1,R02,training,28,298,0,0.0,0.3330558655426961,0.20644327632761192,0.20643267357369627
P1,R02,training,28,299,0,0.0,0.3330558655426961,0.20644327632761192,0.20642442736379688
P1,R02,training,28,300,0,0.0,0.3330558655426961,0.20644327632761192,0.20641382557794824
P1,R02,training,28,301,0,0.0,0.3330558655426961,0.20644327632761192,0.20640086857912887
P1,R02,training,28,302,0,0.0,0.3330558655426961,0.20644327632761192,0.20638555681093695
P1,R02,training,28,303,0,0.0,0.3330558655426961,0.20644327632761192,0.20636789079756512
P1,R02,training,28,304,0,1.0,0.3341535588924708,0.2256928426306692,0.22558854149998614
P1,R02,training,28,305,0,1.0,0.3341535588924708,0.2256928426306692,0.2255640827828198
P1,R02,training,28,306,0,1.0,0.3341535588924708,0.2256928426306692,0.22553705254909928
P1,R02,training,28,307,0,1.0,0.3341535588924708,0.2256928426306692,0.22550745172395492
P1,R02,training,28,308,0,1.0,0.3341535588924708,0.2256928426306692,0.2254752813204128
P1,R02,training,28,309,0,1.0,0.3341535588924708,0.2256928426306692,0.22544054243933678
P1,R02,training,28,310,0,1.0,0.3341535588924708,0.2256928426306692,0.22540323626936581
P1,R02,training,28,311,0,1.0,0.3341535588924708,0.2256928426306692,0.22536336408684604
P1,R02,training,28,312,0,1.0,0.3341535588924708,0.2256928426306692,0.22532092725575825
P1,R02,training,28,313,0,1.0,0.3341535588924708,0.2256928426306692,0.22527592722763987
P1,R02,training,28,314,0,1.0,0.3341535588924708,0.2256928426306692,0.22522836554150225
P1,R02,training,28,315,0,1.0,0.3341535588924708,0.2256928426306692,0.22517824382374313
P1,R02,training,28,316,0,1.0,0.3341535588924708,0.2256928426306692,0.22512556378805373
P1,R02,training,28,317,0,1.0,0.3341535588924708,0.2256928426306692,0.22507032723532114
P1,R02,training,28,318,0,1.0,0.3341535588924708,0.2256928426306692,0.2250125360535259
P1,R02,training,28,319,0,1.0,0.3341535588924708,0.2256928426306692,0.22495219221763416
P1,R02,training,28,320,0,0.0,0.0,0.2253445801249305,0.2245422752191235
P1,R02,training,28,321,0,0.0,0.0,0.2253445801249305,0.224476933331014
P1,R02,training,28,322,0,0.0,0.0,0.2253445801249305,0.22440904916347942
P1,R02,training,28,323,0,0.0,0.0,0.2253445801249305,0.22433862503467222
P1,R02,training,28,324,0,0.0,0.0,0.2253445801249305,0.22426566334898582
P1,R02,training,28,325,0,0.0,0.0,0.2253445801249305,0.22419016659691757
P1,R02,training,28,326,0,0.0,0.0,0.2253445801249305,0.22411213735492722
P1,R02,training,28,327,0,0.0,0.0,0.2253445801249305,0.22403157828529033
P1,R02,training,28,328,0,0.0,0.0,0.2253445801249305,0.22394849213594686
P1,R02,training,28,329,0,0.0,0.0,0.2253445801249305,0.22386288174034508
P1,R02,training,28,330,0,0.0,0.0,0.2253445801249305,0.22377475001728026
P1,R02,training,28,331,0,0.0,0.0,0.2253445801249305,0.22368409997072905
P1,R02,training,28,332,0,0.0,0.0,0.2253445801249305,0.22359093468967878
P1,R02,training,28,333,0,0.0,0.0,0.2253445801249305,0.22349525734795198
P1,R02,training,28,334,0,0.0,0.0,0.2253445801249305,0.2233970712040262
P1,R02,training,28,335,0,0.0,0.0,0.2253445801249305,0.22329637960084903
P1,R02,training,28,336,0,0.0,0.0,0.22308187277266828,0.22095208097621707
P1,R02,training,28,337,0,0.0,0.0,0.22308187277266828,0.22084745008576165
P1,R02,training,28,338,0,0.0,0.0,0.22308187277266828,0.22074034932159287
P1,R02,training,28,339,0,0.0,0.0,0.22308187277266828,0.2206307823256545
P1,R02,training,28,340,0,0.0,0.0,0.22308187277266828,0.22051875282252673
P1,R02,training,28,341,0,0.0,0.0,0.22308187277266828,0.22040426461921492
P1,R02,training,28,342,0,0.0,0.0,0.22308187277266828,0.22028732160493428
P1,R02,training,28,343,0,0.0,0.0,0.22308187277266828,0.22016792775088956
P1,R02,training,28,344,0,0.0,0.0,0.22308187277266828,0.2200460871100501
P1,R02,training,28,345,0,0.0,0.0,0.22308187277266828,0.21992180381692097
P1,R02,training,28,346,0,0.0,0.0,0.22308187277266828,0.21979508208730872
P1,R02,training,28,347,0,0.0,0.0,0.22308187277266828,0.2196659262180833
P1,R02,training,28,348,0,0.0,0.0,0.22308187277266828,0.21953434058693516
P1,R02,training,28,349,0,0.0,0.0,0.22308187277266828,0.2194003296521279
P1,R02,training,28,350,0,0.0,0.0,0.22308187277266828,0.2192638979522467
P1,R02,training,28,351,0,0.0,0.0,0.22308187277266828,0.219125050105942
P1,R02,training,28,352,0,0.0,0.33307585419172714,0.2013284590267017,0.19762999390302985
P1,R02,training,28,353,0,0.0,0.33307585419172714,0.2013284590267017,0.19750033725797464
P1,R02,training,28,354,0,0.0,0.33307585419172714,0.2013284590267017,0.19736851300850866
P1,R02,training,28,355,0,0.0,0.33307585419172714,0.2013284590267017,0.19723452560954358
P1,R02,training,28,356,0,0.0,0.33307585419172714,0.2013284590267017,0.19709837958703372
P1,R02,training,28,357,0,0.0,0.33307585419172714,0.2013284590267017,0.19696007953772116
P1,R02,training,28,358,0,0.0,0.33307585419172714,0.2013284590267017,0.19681963012887724
P1,R02,training,28,359,0,0.0,0.33307585419172714,0.2013284590267017,0.19667703609804002
P1,R02,training,28,360,0,0.0,0.33307585419172714,0.2013284590267017,0.19653230225274787
P1,R02,training,28,361,0,0.0,0.33307585419172714,0.2013284590267017,0.19638543347026952
P1,R02,training,28,362,0,0.0,0.33307585419172714,0.2013284590267017,0.19623643469732996
P1,R02,training,28,363,0,0.0,0.33307585419172714,0.2013284590267017,0.19608531094983303
P1,R02,training,28,364,0,0.0,0.33307585419172714,0.2013284590267017,0.19593206731257984
P1,R02,training,28,365,0,0.0,0.33307585419172714,0.2013284590267017,0.19577670893898366
P1,R02,training,28,366,0,0.0,0.33307585419172714,0.2013284590267017,0.19561924105078127
P1,R02,training,28,367,0,0.0,0.33307585419172714,0.2013284590267017,0.19545966893774036
P1,R02,training,28,368,0,0.0,0.3332272228952639,0.1792617754625299,0.17389228540944274
P1,R02,training,28,369,0,0.0,0.3332272228952639,0.1792617754625299,0.17374647044952
P1,R02,training,28,370,0,0.0,0.3332272228952639,0.1792617754625299,0.17359879638987102
P1,R02,training,28,371,0,0.0,0.3332272228952639,0.1792617754625299,0.17344926818010534
P1,R02,training,28,372,0,0.0,0.3332272228952639,0.1792617754625299,0.17329789082905636
P1,R02,training,28,373,0,0.0,0.3332272228952639,0.1792617754625299,0.1731446694045021
P1,R02,training,28,374,0,0.0,0.3332272228952639,0.1792617754625299,0.17298960903288216
P1,R02,training,28,375,0,0.0,0.3332272228952639,0.1792617754625299,0.17283271489901217
P1,R02,training,28,376,0,0.0,0.3332272228952639,0.1792617754625299,0.17267399224579483
P1,R02,training,28,377,0,0.0,0.3332272228952639,0.1792617754625299,0.1725134463739279
P1,R02,training,28,378,0,0.0,0.3332272228952639,0.1792617754625299,0.17235108264160937
P1,R02,training,28,379,0,0.0,0.3332272228952639,0.1792617754625299,0.17218690646423943
P1,R02,training,28,380,0,0.0,0.3332272228952639,0.1792617754625299,0.17202092331411953
P1,R02,training,28,381,0,0.0,0.3332272228952639,0.1792617754625299,0.17185313872014846
P1,R02,training,28,382,0,0.0,0.3332272228952639,0.1792617754625299,0.17168355826751544
P1,R02,training,28,383,0,0.0,0.3332272228952639,0.1792617754625299,0.1715121875973905
P1,R02,training,28,384,0,1.0,0.333715402515585,0.15705515306523044,0.15011386499568427
P1,R02,training,28,385,0,1.0,0.333715402515585,0.15705515306523044,0.149960601536845
P1,R02,training,28,386,0,1.0,0.333715402515585,0.15705515306523044,0.14980578474797793
P1,R02,training,28,387,0,1.0,0.333715402515585,0.15705515306523044,0.14964941976485469
P1,R02,training,28,388,0,1.0,0.333715402515585,0.15705515306523044,0.14949151177089845
P1,R02,training,28,389,0,1.0,0.333715402515585,0.15705515306523044,0.14933206599689752
P1,R02,training,28,390,0,1.0,0.333715402515585,0.15705515306523044,0.14917108772071683
P1,R02,training,28,391,0,1.0,0.333715402515585,0.15705515306523044,0.14900858226700667
P1,R02,training,28,392,0,1.0,0.333715402515585,0.15705515306523044,0.1488445550069096
P1,R02,training,28,393,0,1.0,0.333715402515585,0.15705515306523044,0.14867901135776446
P1,R02,training,28,394,0,1.0,0.333715402515585,0.15705515306523044,0.14851195678280846
P1,R02,training,28,395,0,1.0,0.333715402515585,0.15705515306523044,0.1483433967908769
P1,R02,training,28,396,0,1.0,0.333715402515585,0.15705515306523044,0.1481733369361005
P1,R02,training,28,397,0,1.0,0.333715402515585,0.15705515306523044,0.14800178281760046
P1,R02,training,28,398,0,1.0,0.333715402515585,0.15705515306523044,0.14782874007918173
P1,R02,training,28,399,0,1.0,0.333715402515585,0.15705515306523044,0.1476542144090235
P1,R02,training,28,400,0,0.0,0.0,0.13485865464616387,0.12663521578028725
P1,R02,training,28,401,0,0.0,0.0,0.13485865464616387,0.12648282380878578
P1,R02,training,28,402,0,0.0,0.0,0.13485865464616387,0.12632917336603558
P1,R02,training,28,403,0,0.0,0.0,0.13485865464616387,0.12617426948602858
P1,R02,training,28,404,0,0.0,0.0,0.13485865464616387,0.12601811723950454
P1,R02,training,28,405,0,0.0,0.0,0.13485865464616387,0.12586072173367438
P1,R02,training,28,406,0,0.0,0.0,0.13485865464616387,0.1257020881119421
P1,R02,training,28,407,0,0.0,0.0,0.13485865464616387,0.12554222155362513
P1,R02,training,28,408,0,0.0,0.0,0.13485865464616387,0.12538112727367232
P1,R02,training,28,409,0,0.0,0.0,0.13485865464616387,0.12521881052238112
P1,R02,training,28,410,0,0.0,0.0,0.13485865464616387,0.12505527658511245
P1,R02,training,28,411,0,0.0,0.0,0.13485865464616387,0.12489053078200427
P1,R02,training,28,412,0,0.0,0.0,0.13485865464616387,0.12472457846768334
P1,R02,training,28,413,0,0.0,0.0,0.13485865464616387,0.12455742503097557
P1,R02,training,28,414,0,0.0,0.0,0.13485865464616387,0.12438907589461472
P1,R02,training,28,415,0,0.0,0.0,0.13485865464616387,0.1242195365149495
P1,R02,training,28,416,0,1.0,0.33362888369817945,0.11293638746581555,0.10388376464651844
P1,R02,training,28,417,0,1.0,0.33362888369817945,0.11293638746581555,0.10373980543973593
P1,R02,training,28,418,0,1.0,0.33362888369817945,0.11293638746581555,0.10359486334703062
P1,R02,training,28,419,0,1.0,0.33362888369817945,0.11293638746581555,0.10344894304790647
P1,R02,training,28,420,0,1.0,0.33362888369817945,0.11293638746581555,0.10330204924877306
P1,R02,training,28,421,0,1.0,0.33362888369817945,0.11293638746581555,0.10315418668269309
P1,R02,training,28,422,0,1.0,0.33362888369817945,0.11293638746581555,0.10300536010912853
P1,R02,training,28,423,0,1.0,0.33362888369817945,0.11293638746581555,0.10285557431368568
P1,R02,training,28,424,0,1.0,0.33362888369817945,0.11293638746581555,0.10270483410785924
P1,R02,training,28,425,0,1.0,0.33362888369817945,0.11293638746581555,0.10255314432877505
P1,R02,training,28,426,0,1.0,0.33362888369817945,0.11293638746581555,0.10240050983893188
P1,R02,training,28,427,0,1.0,0.33362888369817945,0.11293638746581555,0.10224693552594222
P1,R02,training,28,428,0,1.0,0.33362888369817945,0.11293638746581555,0.10209242630227179
P1,R02,training,28,429,0,1.0,0.33362888369817945,0.11293638746581555,0.10193698710497827
P1,R02,training,28,430,0,1.0,0.33362888369817945,0.11293638746581555,0.1017806228954489
P1,R02,training,28,431,0,1.0,0.33362888369817945,0.11293638746581555,0.10162333865913703
P1,R02,training,28,432,0,0.0,0.0,0.09136244008291527,0.08208251501073664
P1,R02,training,28,433,0,0.0,0.0,0.09136244008291527,0.08195380000043657
P1,R02,training,28,434,0,0.0,0.0,0.09136244008291527,0.08182435292765812
P1,R02,training,28,435,0,0.0,0.0,0.09136244008291527,0.08169417790122573
P1,R02,training,28,436,0,0.0,0.0,0.09136244008291527,0.08156327904835597
P1,R02,training,28,437,0,0.0,0.0,0.09136244008291527,0.08143166051444
P1,R02,training,28,438,0,0.0,0.0,0.09136244008291527,0.08129932646282531
P1,R02,training,28,439,0,0.0,0.0,0.09136244008291527,0.08116628107459686
P1,R02,training,28,440,0,0.0,0.0,0.09136244008291527,0.08103252854835755
P1,R02,training,28,441,0,0.0,0.0,0.09136244008291527,0.08089807310000796
P1,R02,training,28,442,0,0.0,0.0,0.09136244008291527,0.08076291896252559
P1,R02,training,28,443,0,0.0,0.0,0.09136244008291527,0.08062707038574342
P1,R02,training,28,444,0,0.0,0.0,0.09136244008291527,0.08049053163612789
P1,R02,training,28,445,0,0.0,0.0,0.09136244008291527,0.08035330699655631
P1,R02,training,28,446,0,0.0,0.0,0.09136244008291527,0.08021540076609371
P1,R02,training,28,447,0,0.0,0.0,0.09136244008291527,0.08007681725976913
P1,R02,training,28,448,0,0.0,0.0,0.08806687697230349,0.0770541080862787
P1,R02,training,28,449,0,0.0,0.0,0.08806687697230349,0.07691923031624
P1,R02,training,28,450,0,0.0,0.0,0.08806687697230349,0.07678371226887457
P1,R02,training,28,451,0,0.0,0.0,0.08806687697230349,0.07664755816294917
P1,R02,training,28,452,0,0.0,0.0,0.08806687697230349,0.07651077223153332
P1,R02,training,28,453,0,0.0,0.0,0.08806687697230349,0.0763733587217808
P1,R02,training,28,454,0,0.0,0.0,0.08806687697230349,0.07623532189471077
P1,R02,training,28,455,0,0.0,0.0,0.08806687697230349,0.07609666602498862
P1,R02,training,28,456,0,0.0,0.0,0.08806687697230349,0.07595739540070617
P1,R02,training,28,457,0,0.0,0.0,0.08806687697230349,0.07581751432316185
P1,R02,training,28,458,0,0.0,0.0,0.08806687697230349,0.07567702710664016
P1,R02,training,28,459,0,0.0,0.0,0.08806687697230349,0.07553593807819114
P1,R02,training,28,460,0,0.0,0.0,0.08806687697230349,0.0753942515774092
P1,R02,training,28,461,0,0.0,0.0,0.08806687697230349,0.07525197195621192
P1,R02,training,28,462,0,0.0,0.0,0.08806687697230349,0.07510910357861834
P1,R02,training,28,463,0,0.0,0.0,0.08806687697230349,0.07496565082052724
P1,R02,training,28,464,0,0.0,0.0,0.0840641961408746,0.07142094046266367
P1,R02,training,28,465,0,0.0,0.0,0.0840641961408746,0.07128290463473214
P1,R02,training,28,466,0,0.0,0.0,0.0840641961408746,0.07114432358362337
P1,R02,training,28,467,0,0.0,0.0,0.0840641961408746,0.07100520152958556
P1,R02,training,28,468,0,0.0,0.0,0.0840641961408746,0.07086554270314424
P1,R02,training,28,469,0,0.0,0.0,0.0840641961408746,0.07072535134488926
P1,R02,training,28,470,0,0.0,0.0,0.0840641961408746,0.07058463170526151
P1,R02,training,28,471,0,0.0,0.0,0.0840641961408746,0.07044338804433961
P1,R02,training,28,472,0,0.0,0.0,0.0840641961408746,0.07030162463162652
P1,R02,training,28,473,0,0.0,0.0,0.0840641961408746,0.0701593457458358
P1,R02,training,28,474,0,0.0,0.0,0.0840641961408746,0.0700165556746781
P1,R02,training,28,475,0,0.0,0.0,0.0840641961408746,0.06987325871464728
P1,R02,training,28,476,0,0.0,0.0,0.0840641961408746,0.06972945917080664
P1,R02,training,28,477,0,0.0,0.0,0.0840641961408746,0.06958516135657504
P1,R02,training,28,478,0,0.0,0.0,0.0840641961408746,0.06944036959351296
P1,R02,training,28,479,0,0.0,0.0,0.0840641961408746,0.06929508821110858
P1,R02,training,28,480,0,0.0,0.0,0.06182089097508103,0.05085247780359576
P1,R02,training,28,481,0,0.0,0.0,0.06182089097508103,0.05074492717594891
P1,R02,training,28,482,0,0.0,0.0,0.06182089097508103,0.05063702606690146
P1,R02,training,28,483,0,0.0,0.0,0.06182089097508103,0.05052877768211009
P1,R02,training,28,484,0,0.0,0.0,0.06182089097508103,0.05042018523227499
P1,R02,training,28,485,0,0.0,0.0,0.06182089097508103,0.05031125193298267
P1,R02,training,28,486,0,0.0,0.0,0.06182089097508103,0.050201981004548785
P1,R02,training,28,487,0,0.0,0.0,0.06182089097508103,0.05009237567186111
P1,R02,training,28,488,0,0.0,0.0,0.06182089097508103,0.049982439164222466
P1,R02,training,28,489,0,0.0,0.0,0.06182089097508103,0.049872174715193875
P1,R02,training,28,490,0,0.0,0.0,0.06182089097508103,0.04976158556243777
P1,R02,training,28,491,0,0.0,0.0,0.06182089097508103,0.04965067494756121
P1,R02,training,28,492,0,0.0,0.0,0.06182089097508103,0.04953944611595938
P1,R02,training,28,493,0,0.0,0.0,0.06182089097508103,0.04942790231665916
P1,R02,training,28,494,0,0.0,0.0,0.06182089097508103,0.04931604680216277
P1,R02,training,28,495,0,0.0,0.0,0.06182089097508103,0.04920388282829165
P1,R02,training,28,496,0,0.0,0.0,0.04052833703593644,0.032183188025275984
P1,R02,training,28,497,0,0.0,0.0,0.04052833703593644,0.0321092579089403
P1,R02,training,28,498,0,0.0,0.0,0.04052833703593644,0.032035131989175236
P1,R02,training,28,499,0,0.0,0.0,0.04052833703593644,0.03196081240810418
P1,R02,training,28,500,0,0.0,0.0,0.04052833703593644,0.031886301309516384
P1,R02,training,28,501,0,0.0,0.0,0.04052833703593644,0.03181160083876545
P1,R02,training,28,502,0,0.0,0.0,0.04052833703593644,0.03173671314266775
P1,R02,training,28,503,0,0.0,0.0,0.04052833703593644,0.031661640369401195
P1,R02,training,28,504,0,0.0,0.0,0.04052833703593644,0.031586384668404015
P1,R02,training,28,505,0,0.0,0.0,0.04052833703593644,0.03151094819027377
P1,R02,training,28,506,0,0.0,0.0,0.04052833703593644,0.031435333086666586
P1,R02,training,28,507,0,0.0,0.0,0.04052833703593644,0.03135954151019642
P1,R02,training,28,508,0,0.0,0.0,0.04052833703593644,0.03128357561433469
P1,R02,training,28,509,0,0.0,0.0,0.04052833703593644,0.031207437553309965
P1,R02,training,28,510,0,0.0,0.0,0.04052833703593644,0.03113112948200792
P1,R02,training,28,511,0,0.0,0.0,0.04052833703593644,0.031054653555871472
P1,R02,training,28,512,0,0.0,0.0,0.02032666198145669,0.01553677311794439
P1,R02,training,28,513,0,0.0,0.0,0.02032666198145669,0.015498252102838147
P1,R02,training,28,514,0,0.0,0.0,0.02032666198145669,0.015459650145800587
P1,R02,training,28,515,0,0.0,0.0,0.02032666198145669,0.015420968328496076
P1,R02,training,28,516,0,0.0,0.0,0.02032666198145669,0.015382207732619694
P1,R02,training,28,517,0,0.0,0.0,0.02032666198145669,0.015343369439847855
P1,R02,training,28,518,0,0.0,0.0,0.02032666198145669,0.015304454531789026
P1,R02,training,28,519,0,0.0,0.0,0.02032666198145669,0.01526546408993458
P1,R02,training,28,520,0,0.0,0.0,0.02032666198145669,0.015226399195609789
P1,R02,training,28,521,0,0.0,0.0,0.02032666198145669,0.015187260929924937
P1,R02,training,28,522,0,0.0,0.0,0.02032666198145669,0.015148050373726577
P1,R02,training,28,523,0,0.0,0.0,0.02032666198145669,0.015108768607548938
P1,R02,training,28,524,0,0.0,0.0,0.02032666198145669,0.01506941671156545
P1,R02,training,28,525,0,0.0,0.0,0.02032666198145669,0.015029995765540441
P1,R02,training,28,526,0,0.0,0.0,0.02032666198145669,0.014990506848780973
P1,R02,training,28,527,0,0.0,0.0,0.02032666198145669,0.014950951040088816
P1,R02,training,28,528,0,0.0,0.0,0.019047453581893522,0.013972921633040801
P1,R02,training,28,529,0,0.0,0.0,0.019047453581893522,0.013935732837832532
P1,R02,training,28,530,0,0.0,0.0,0.019047453581893522,0.013898484389812067
P1,R02,training,28,531,0,0.0,0.0,0.019047453581893522,0.013861177297548532
P1,R02,training,28,532,0,0.0,0.0,0.019047453581893522,0.013823812568914833
P1,R02,training,28,533,0,0.0,0.0,0.019047453581893522,0.013786391211043582
P1,R02,training,28,534,0,0.0,0.0,0.019047453581893522,0.013748914230283167
P1,R02,training,28,535,0,0.0,0.0,0.019047453581893522,0.013711382632153999
P1,R02,training,28,536,0,0.0,0.0,0.019047453581893522,0.013673797421304923
P1,R02,training,28,537,0,0.0,0.0,0.019047453581893522,0.013636159601469786
P1,R02,training,28,538,0,0.0,0.0,0.019047453581893522,0.013598470175424187
P1,R02,training,28,539,0,0.0,0.0,0.019047453581893522,0.013560730144942404
P1,R02,training,28,540,0,0.0,0.0,0.019047453581893522,0.013522940510754483
P1,R02,training,28,541,0,0.0,0.0,0.019047453581893522,0.013485102272503515
P1,R02,training,28,542,0,0.0,0.0,0.019047453581893522,0.01344721642870309
P1,R02,training,28,543,0,0.0,0.0,0.019047453581893522,0.013409283976694941
P1,R02,training,28,544,0,0.0,0.0,0.0,0.0
P1,R02,training,28,545,0,0.0,0.0,0.0,0.0
P1,R02,training,28,546,0,0.0,0.0,0.0,0.0
P1,R02,training,28,547,0,0.0,0.0,0.0,0.0
P1,R02,training,28,548,0,0.0,0.0,0.0,0.0
P1,R02,training,28,549,0,0.0,0.0,0.0,0.0
P1,R02,training,28,550,0,0.0,0.0,0.0,0.0
P1,R02,training,28,551,0,0.0,0.0,0.0,0.0
P1,R02,training,28,552,0,0.0,0.0,0.0,0.0
P1,R02,training,28,553,0,0.0,0.0,0.0,0.0
P1,R02,training,28,554,0,0.0,0.0,0.0,0.0
P1,R02,training,28,555,0,0.0,0.0,0.0,0.0
P1,R02,training,28,556,0,0.0,0.0,0.0,0.0
P1,R02,training,28,557,0,0.0,0.0,0.0,0.0
P1,R02,training,28,558,0,0.0,0.0,0.0,0.0
P1,R02,training,28,559,0,0.0,0.0,0.0,0.0
P1,R02,training,28,560,0,0.0,0.0,0.0,0.0
P1,R02,training,28,561,0,0.0,0.0,0.0,0.0
P1,R02,training,28,562,0,0.0,0.0,0.0,0.0
P1,R02,training,28,563,0,0.0,0.0,0.0,0.0
P1,R02,training,28,564,0,0.0,0.0,0.0,0.0
P1,R02,training,28,565,0,0.0,0.0,0.0,0.0
P1,R02,training,28,566,0,0.0,0.0,0.0,0.0
P1,R02,training,28,567,0,0.0,0.0,0.0,0.0
P1,R02,training,28,568,0,0.0,0.0,0.0,0.0
P1,R02,training,28,569,0,0.0,0.0,0.0,0.0
P1,R02,training,28,570,0,0.0,0.0,0.0,0.0
P1,R02,training,28,571,0,0.0,0.0,0.0,0.0
P1,R02,training,28,572,0,0.0,0.0,0.0,0.0
P1,R02,training,28,573,0,0.0,0.0,0.0,0.0
P1,R02,training,28,574,0,0.0,0.0,0.0,0.0
P1,R02,training,28,575,0,0.0,0.0,0.0,0.0
P1,R02,training,28,576,0,0.0,0.0,0.0,0.0
P1,R02,training,28,577,0,0.0,0.0,0.0,0.0
P1,R02,training,28,578,0,0.0,0.0,0.0,0.0
P1,R02,training,28,579,0,0.0,0.0,0.0,0.0
P1,R02,training,28,580,0,0.0,0.0,0.0,0.0
P1,R02,training,28,581,0,0.0,0.0,0.0,0.0
P1,R02,training,28,582,0,0.0,0.0,0.0,0.0
P1,R02,training,28,583,0,0.0,0.0,0.0,0.0
P1,R02,training,28,584,0,0.0,0.0,0.0,0.0
P1,R02,training,28,585,0,0.0,0.0,0.0,0.0
P1,R02,training,28,586,0,0.0,0.0,0.0,0.0
P1,R02,training,28,587,0,0.0,0.0,0.0,0.0
P1,R02,training,28,588,0,0.0,0.0,0.0,0.0
P1,R02,training,28,589,0,0.0,0.0,0.0,0.0
P1,R02,training,28,590,0,0.0,0.0,0.0,0.0
P1,R02,training,28,591,0,0.0,0.0,0.0,0.0
P2,R02,training,28,0,0,0.0,0.0,0.019019518416986892,0.011574893610735479
P2,R02,training,28,1,0,0.0,0.0,0.019019518416986892,0.011613865277228429
P2,R02,training,28,2,0,0.0,0.0,0.019019518416986892,0.01165283515825521
P2,R02,training,28,3,0,0.0,0.0,0.019019518416986892,0.011691802356776563
P2,R02,training,28,4,0,0.0,0.0,0.019019518416986892,0.011730765972840401
P2,R02,training,28,5,0,0.0,0.0,0.019019518416986892,0.011769725103613212
P2,R02,training,28,6,0,0.0,0.0,0.019019518416986892,0.011808678843411758
P2,R02,training,28,7,0,0.0,0.0,0.019019518416986892,0.011847626283735006
P2,R02,training,28,8,0,0.0,0.0,0.019019518416986892,0.011886566513296367
P2,R02,training,28,9,0,0.0,0.0,0.019019518416986892,0.011925498618056163
P2,R02,training,28,10,0,0.0,0.0,0.019019518416986892,0.011964421681254398
P2,R02,training,28,11,0,0.0,0.0,0.019019518416986892,0.012003334783443745
P2,R02,training,28,12,0,0.0,0.0,0.019019518416986892,0.012042237002522832
P2,R02,training,28,13,0,0.0,0.0,0.019019518416986892,0.012081127413769781
P2,R02,training,28,14,0,0.0,0.0,0.019019518416986892,0.012120005089875985
P2,R02,training,28,15,0,0.0,0.0,0.019019518416986892,0.012158869100980175
P2,R02,training,28,16,0,0.0,0.0,0.039319101731685735,0.025216376390777298
P2,R02,training,28,17,0,0.0,0.0,0.039319101731685735,0.025296657778716307
P2,R02,training,28,18,0,0.0,0.0,0.039319101731685735,0.025376905119094562
P2,R02,training,28,19,0,0.0,0.0,0.039319101731685735,0.025457116469213205
P2,R02,training,28,20,0,0.0,0.0,0.039319101731685735,0.025537289881456024
P2,R02,training,28,21,0,0.0,0.0,0.039319101731685735,0.025617423403363013
P2,R02,training,28,22,0,0.0,0.0,0.039319101731685735,0.025697515077704357
P2,R02,training,28,23,0,0.0,0.0,0.039319101731685735,0.02577756294255498
P2,R02,training,28,24,0,0.0,0.0,0.039319101731685735,0.025857565031369566
P2,R02,training,28,25,0,0.0,0.0,0.039319101731685735,0.02593751937305809
P2,R02,training,28,26,0,0.0,0.0,0.039319101731685735,0.026017423992061844
P2,R02,training,28,27,0,0.0,0.0,0.039319101731685735,0.026097276908429935
P2,R02,training,28,28,0,0.0,0.0,0.039319101731685735,0.026177076137896292
P2,R02,training,28,29,0,0.0,0.0,0.039319101731685735,0.02625681969195716
P2,R02,training,28,30,0,0.0,0.0,0.039319101731685735,0.026336505577949053
P2,R02,training,28,31,0,0.0,0.0,0.039319101731685735,0.02641613179912718
P2,R02,training,28,32,0,0.0,0.0,0.04174421396692719,0.028129890285460573
P2,R02,training,28,33,0,0.0,0.0,0.04174421396692719,0.028214294603564408
P2,R02,training,28,34,0,0.0,0.0,0.04174421396692719,0.028298629192009133
P2,R02,training,28,35,0,0.0,0.0,0.04174421396692719,0.02838289191440598
P2,R02,training,28,36,0,0.0,0.0,0.04174421396692719,0.028467080630456953
P2,R02,training,28,37,0,0.0,0.0,0.04174421396692719,0.02855119319604108
P2,R02,training,28,38,0,0.0,0.0,0.04174421396692719,0.02863522746330109
P2,R02,training,28,39,0,0.0,0.0,0.04174421396692719,0.028719181280730567
P2,R02,training,28,40,0,0.0,0.0,0.04174421396692719,0.028803052493261597
P2,R02,training,28,41,0,0.0,0.0,0.04174421396692719,0.028886838942352847
P2,R02,training,28,42,0,0.0,0.0,0.04174421396692719,0.028970538466078093
P2,R02,training,28,43,0,0.0,0.0,0.04174421396692719,0.029054148899215253
P2,R02,training,28,44,0,0.0,0.0,0.04174421396692719,0.029137668073335787
P2,R02,training,28,45,0,0.0,0.0,0.04174421396692719,0.029221093816894635
P2,R02,training,28,46,0,0.0,0.0,0.04174421396692719,0.029304423955320475
P2,R02,training,28,47,0,0.0,0.0,0.04174421396692719,0.029387656311106538
P2,R02,training,28,48,0,0.0,0.0,0.043879017269936815,0.030977927803879365
P2,R02,training,28,49,0,0.0,0.0,0.043879017269936815,0.031065204225751594
P2,R02,training,28,50,0,0.0,0.0,0.043879017269936815,0.031152370980222985
P2,R02,training,28,51,0,0.0,0.0,0.043879017269936815,0.031239425767049328
P2,R02,training,28,52,0,0.0,0.0,0.043879017269936815,0.0313263662833844
P2,R02,training,28,53,0,0.0,0.0,0.043879017269936815,0.03141319022387799
P2,R02,training,28,54,0,0.0,0.0,0.043879017269936815,0.03149989528077435
P2,R02,training,28,55,0,0.0,0.0,0.043879017269936815,0.031586479144010984
P2,R02,training,28,56,0,0.0,0.0,0.043879017269936815,0.031672939501317936
P2,R02,training,28,57,0,0.0,0.0,0.043879017269936815,0.03175927403831739
P2,R02,training,28,58,0,0.0,0.0,0.043879017269936815,0.03184548043862372
P2,R02,training,28,59,0,0.0,0.0,0.043879017269936815,0.031931556383943946
P2,R02,training,28,60,0,0.0,0.0,0.043879017269936815,0.03201749955417847
P2,R02,training,28,61,0,0.0,0.0,0.043879017269936815,0.032103307627522296
P2,R02,training,28,62,0,0.0,0.0,0.043879017269936815,0.0321889782805666
P2,R02,training,28,63,0,0.0,0.0,0.043879017269936815,0.032274509188400594
P2,R02,training,28,64,0,0.0,0.0,0.06467276099921956,0.04769486832480398
P2,R02,training,28,65,0,0.0,0.0,0.06467276099921956,0.047820509085595535
P2,R02,training,28,66,0,0.0,0.0,0.06467276099921956,0.047945933585838825
P2,R02,training,28,67,0,0.0,0.0,0.06467276099921956,0.04807113839153334
P2,R02,training,28,68,0,0.0,0.0,0.06467276099921956,0.04819612006722369
P2,R02,training,28,69,0,0.0,0.0,0.06467276099921956,0.048320875176152855
P2,R02,training,28,70,0,0.0,0.0,0.06467276099921956,0.048445400280415885
P2,R02,training,28,71,0,0.0,0.0,0.06467276099921956,0.04856969194111413
P2,R02,training,28,72,0,0.0,0.0,0.06467276099921956,0.04869374671850979
P2,R02,training,28,73,0,0.0,0.0,0.06467276099921956,0.04881756117218109
P2,R02,training,28,74,0,0.0,0.0,0.06467276099921956,0.04894113186117775
P2,R02,training,28,75,0,0.0,0.0,0.06467276099921956,0.04906445534417695
P2,R02,training,28,76,0,0.0,0.0,0.06467276099921956,0.04918752817963967
P2,R02,training,28,77,0,0.0,0.0,0.06467276099921956,0.04931034692596751
P2,R02,training,28,78,0,0.0,0.0,0.06467276099921956,0.04943290814165979
P2,R02,training,28,79,0,0.0,0.0,0.06467276099921956,0.04955520838547118
P2,R02,training,28,80,0,0.0,0.0,0.08641439903406262,0.06637770118852705
P2,R02,training,28,81,0,0.0,0.0,0.08641439903406262,0.06654040502996934
P2,R02,training,28,82,0,0.0,0.0,0.08641439903406262,0.06670274637600672
P2,R02,training,28,83,0,0.0,0.0,0.08641439903406262,0.0668647206319984
P2,R02,training,28,84,0,0.0,0.0,0.08641439903406262,0.06702632320470465
P2,R02,training,28,85,0,0.0,0.0,0.08641439903406262,0.06718754950250018
P2,R02,training,28,86,0,0.0,0.0,0.08641439903406262,0.06734839493558792
P2,R02,training,28,87,0,0.0,0.0,0.08641439903406262,0.06750885491621314
P2,R02,training,28,88,0,0.0,0.0,0.08641439903406262,0.06766892485887814
P2,R02,training,28,89,0,0.0,0.0,0.08641439903406262,0.06782860018055713
P2,R02,training,28,90,0,0.0,0.0,0.08641439903406262,0.06798787630091163
P2,R02,training,28,91,0,0.0,0.0,0.08641439903406262,0.06814674864250617
P2,R02,training,28,92,0,0.0,0.0,0.08641439903406262,0.06830521263102424
P2,R02,training,28,93,0,0.0,0.0,0.08641439903406262,0.06846326369548476
P2,R02,training,28,94,0,0.0,0.0,0.08641439903406262,0.06862089726845871
P2,R02,training,28,95,0,0.0,0.0,0.08641439903406262,0.06877810878628611
P2,R02,training,28,96,0,0.0,0.0,0.08979066629560836,0.07162822520976772
P2,R02,training,28,97,0,0.0,0.0,0.08979066629560836,0.07179068778539636
P2,R02,training,28,98,0,0.0,0.0,0.08979066629560836,0.07195269761576824
P2,R02,training,28,99,0,0.0,0.0,0.08979066629560836,0.07211424997684364
P2,R02,training,28,100,0,0.0,0.0,0.08979066629560836,0.07227534014963063
P2,R02,training,28,101,0,0.0,0.0,0.08979066629560836,0.07243596342041204
P2,R02,training,28,102,0,0.0,0.0,0.08979066629560836,0.07259611508097263
P2,R02,training,28,103,0,0.0,0.0,0.08979066629560836,0.07275579042882657
P2,R02,training,28,104,0,0.0,0.0,0.08979066629560836,0.07291498476744497
P2,R02,training,28,105,0,0.0,0.0,0.08979066629560836,0.07307369340648373
P2,R02,training,28,106,0,0.0,0.0,0.08979066629560836,0.07323191166201128
P2,R02,training,28,107,0,0.0,0.0,0.08979066629560836,0.07338963485673677
P2,R02,training,28,108,0,0.0,0.0,0.08979066629560836,0.0735468583202381
P2,R02,training,28,109,0,0.0,0.0,0.08979066629560836,0.07370357738919023
P2,R02,training,28,110,0,0.0,0.0,0.08979066629560836,0.07385978740759346
P2,R02,training,28,111,0,0.0,0.0,0.08979066629560836,0.07401548372700185
P2,R02,training,28,112,0,0.0,0.33313958060873217,0.0924094259339415,0.07633386132692872
P2,R02,training,28,113,0,0.0,0.33313958060873217,0.0924094259339415,0.07649302687324655
P2,R02,training,28,114,0,0.0,0.33313958060873217,0.0924094259339415,0.07665164943539321
P2,R02,training,28,115,0,0.0,0.33313958060873217,0.0924094259339415,0.07680972426279782
P2,R02,training,28,116,0,0.0,0.33313958060873217,0.0924094259339415,0.07696724661383936
P2,R02,training,28,117,0,0.0,0.33313958060873217,0.0924094259339415,0.07712421175608179
P2,R02,training,28,118,0,0.0,0.33313958060873217,0.0924094259339415,0.07728061496650931
P2,R02,training,28,119,0,0.0,0.33313958060873217,0.0924094259339415,0.07743645153176118
P2,R02,training,28,120,0,0.0,0.33313958060873217,0.0924094259339415,0.07759171674836693
P2,R02,training,28,121,0,0.0,0.33313958060873217,0.0924094259339415,0.07774640592298106
P2,R02,training,28,122,0,0.0,0.33313958060873217,0.0924094259339415,0.07790051437261795
P2,R02,training,28,123,0,0.0,0.33313958060873217,0.0924094259339415,0.07805403742488651
P2,R02,training,28,124,0,0.0,0.33313958060873217,0.0924094259339415,0.07820697041822461
P2,R02,training,28,125,0,0.0,0.33313958060873217,0.0924094259339415,0.07835930870213353
P2,R02,training,28,126,0,0.0,0.33313958060873217,0.0924094259339415,0.07851104763741215
P2,R02,training,28,127,0,0.0,0.33313958060873217,0.0924094259339415,0.07866218259639092
P2,R02,training,28,128,0,0.0,0.33318744386453714,0.11321002791240307,0.09655280174503215
P2,R02,training,28,129,0,0.0,0.33318744386453714,0.11321002791240307,0.09673645913781395
P2,R02,training,28,130,0,0.0,0.33318744386453714,0.11321002791240307,0.09691935968386348
P2,R02,training,28,131,0,0.0,0.33318744386453714,0.11321002791240307,0.09710149777323139
P2,R02,training,28,132,0,0.0,0.33318744386453714,0.11321002791240307,0.0972828678115248
P2,R02,training,28,133,0,0.0,0.33318744386453714,0.11321002791240307,0.09746346422019223
P2,R02,training,28,134,0,0.0,0.33318744386453714,0.11321002791240307,0.09764328143680809
P2,R02,training,28,135,0,0.0,0.33318744386453714,0.11321002791240307,0.09782231391535676
P2,R02,training,28,136,0,0.0,0.33318744386453714,0.11321002791240307,0.09800055612651637
P2,R02,training,28,137,0,0.0,0.33318744386453714,0.11321002791240307,0.09817800255794203
P2,R02,training,28,138,0,0.0,0.33318744386453714,0.11321002791240307,0.0983546477145486
P2,R02,training,28,139,0,0.0,0.33318744386453714,0.11321002791240307,0.09853048611879316
P2,R02,training,28,140,0,0.0,0.33318744386453714,0.11321002791240307,0.09870551231095676
P2,R02,training,28,141,0,0.0,0.33318744386453714,0.11321002791240307,0.09887972084942576
P2,R02,training,28,142,0,0.0,0.33318744386453714,0.11321002791240307,0.09905310631097275
P2,R02,training,28,143,0,0.0,0.33318744386453714,0.11321002791240307,0.09922566329103667
P2,R02,training,28,144,0,0.0,0.0,0.13441331528250536,0.1180136820327953
P2,R02,training,28,145,0,0.0,0.0,0.13441331528250536,0.11821657102763572
P2,R02,training,28,146,0,0.0,0.0,0.13441331528250536,0.11841845725929201
P2,R02,training,28,147,0,0.0,0.0,0.13441331528250536,0.11861933440293765
P2,R02,training,28,148,0,0.0,0.0,0.13441331528250536,0.11881919615756163
P2,R02,training,28,149,0,0.0,0.0,0.13441331528250536,0.11901803624629685
P2,R02,training,28,150,0,0.0,0.0,0.13441331528250536,0.11921584841674746
P2,R02,training,28,151,0,0.0,0.0,0.13441331528250536,0.11941262644131555
P2,R02,training,28,152,0,0.0,0.0,0.13441331528250536,0.11960836411752696
P2,R02,training,28,153,0,0.0,0.0,0.13441331528250536,0.11980305526835602
P2,R02,training,28,154,0,0.0,0.0,0.13441331528250536,0.11999669374254973
P2,R02,training,28,155,0,0.0,0.0,0.13441331528250536,0.12018927341495048
P2,R02,training,28,156,0,0.0,0.0,0.13441331528250536,0.1203807881868183
P2,R02,training,28,157,0,0.0,0.0,0.13441331528250536,0.12057123198615179
P2,R02,training,28,158,0,0.0,0.0,0.13441331528250536,0.12076059876800822
P2,R02,training,28,159,0,0.0,0.0,0.13441331528250536,0.12094888251482253
P2,R02,training,28,160,0,0.0,0.0,0.1558987048684186,0.14049915750053793
P2,R02,training,28,161,0,0.0,0.0,0.1558987048684186,0.1407150044768792
P2,R02,training,28,162,0,0.0,0.0,0.1558987048684186,0.14092957455555455
P2,R02,training,28,163,0,0.0,0.0,0.1558987048684186,0.14114286088780714
P2,R02,training,28,164,0,0.0,0.0,0.1558987048684186,0.14135485665846517
P2,R02,training,28,165,0,0.0,0.0,0.1558987048684186,0.1415655550863036
P2,R02,training,28,166,0,0.0,0.0,0.1558987048684186,0.1417749494244053
P2,R02,training,28,167,0,0.0,0.0,0.1558987048684186,0.1419830329605203
P2,R02,training,28,168,0,0.0,0.0,0.1558987048684186,0.14218979901742376
P2,R02,training,28,169,0,0.0,0.0,0.1558987048684186,0.1423952409532723
P2,R02,training,28,170,0,0.0,0.0,0.1558987048684186,0.1425993521619593
P2,R02,training,28,171,0,0.0,0.0,0.1558987048684186,0.14280212607346793
P2,R02,training,28,172,0,0.0,0.0,0.1558987048684186,0.1430035561542234
P2,R02,training,28,173,0,0.0,0.0,0.1558987048684186,0.143203635907443
P2,R02,training,28,174,0,0.0,0.0,0.1558987048684186,0.14340235887348501
P2,R02,training,28,175,0,0.0,0.0,0.1558987048684186,0.14359971863019566
P2,R02,training,28,176,0,0.0,0.3329300648559831,0.17742266995506353,0.16364868844621352
P2,R02,training,28,177,0,0.0,0.3329300648559831,0.17742266995506353,0.16387017184552624
P2,R02,training,28,178,0,0.0,0.3329300648559831,0.17742266995506353,0.164090082159111
P2,R02,training,28,179,0,0.0,0.3329300648559831,0.17742266995506353,0.16430841225271378
P2,R02,training,28,180,0,0.0,0.3329300648559831,0.17742266995506353,0.16452515503669035
P2,R02,training,28,181,0,0.0,0.3329300648559831,0.17742266995506353,0.16474030346638954
P2,R02,training,28,182,0,0.0,0.3329300648559831,0.17742266995506353,0.1649538505425344
P2,R02,training,28,183,0,0.0,0.3329300648559831,0.17742266995506353,0.16516578931160122
P2,R02,training,28,184,0,0.0,0.3329300648559831,0.17742266995506353,0.16537611286619658
P2,R02,training,28,185,0,0.0,0.3329300648559831,0.17742266995506353,0.16558481434543218
P2,R02,training,28,186,0,0.0,0.3329300648559831,0.17742266995506353,0.16579188693529737
P2,R02,training,28,187,0,0.0,0.3329300648559831,0.17742266995506353,0.16599732386902974
P2,R02,training,28,188,0,0.0,0.3329300648559831,0.17742266995506353,0.16620111842748314
P2,R02,training,28,189,0,0.0,0.3329300648559831,0.17742266995506353,0.16640326393949384
P2,R02,training,28,190,0,0.0,0.3329300648559831,0.17742266995506353,0.16660375378224396
P2,R02,training,28,191,0,0.0,0.3329300648559831,0.17742266995506353,0.16680258138162302
P2,R02,training,28,192,0,1.0,0.3341623210131084,0.17984965145723686,0.16928414547188286
P2,R02,training,28,193,0,1.0,0.3341623210131084,0.17984965145723686,0.1694823030973056
P2,R02,training,28,194,0,1.0,0.3341623210131084,0.17984965145723686,0.1696787560491261
P2,R02,training,28,195,0,1.0,0.3341623210131084,0.17984965145723686,0.16987349786441505
P2,R02,training,28,196,0,1.0,0.3341623210131084,0.17984965145723686,0.1700665221314121
P2,R02,training,28,197,0,1.0,0.3341623210131084,0.17984965145723686,0.1702578224898772
P2,R02,training,28,198,0,1.0,0.3341623210131084,0.17984965145723686,0.17044739263143982
P2,R02,training,28,199,0,1.0,0.3341623210131084,0.17984965145723686,0.17063522629994538
P2,R02,training,28,200,0,1.0,0.3341623210131084,0.17984965145723686,0.17082131729179925
P2,R02,training,28,201,0,1.0,0.3341623210131084,0.17984965145723686,0.17100565945630794
P2,R02,training,28,202,0,1.0,0.3341623210131084,0.17984965145723686,0.17118824669601782
P2,R02,training,28,203,0,1.0,0.3341623210131084,0.17984965145723686,0.17136907296705106
P2,R02,training,28,204,0,1.0,0.3341623210131084,0.17984965145723686,0.17154813227943894
P2,R02,training,28,205,0,1.0,0.3341623210131084,0.17984965145723686,0.17172541869745228
P2,R02,training,28,206,0,1.0,0.3341623210131084,0.17984965145723686,0.17190092633992948
P2,R02,training,28,207,0,1.0,0.3341623210131084,0.17984965145723686,0.17207464938060127
P2,R02,training,28,208,0,0.0,0.0,0.18075679097030667,0.17311537261487409
P2,R02,training,28,209,0,0.0,0.0,0.18075679097030667,0.17328636734227842
P2,R02,training,28,210,0,0.0,0.0,0.18075679097030667,0.1734555512338371
P2,R02,training,28,211,0,0.0,0.0,0.18075679097030667,0.17362291865778126
P2,R02,training,28,212,0,0.0,0.0,0.18075679097030667,0.1737884640391019
P2,R02,training,28,213,0,0.0,0.0,0.18075679097030667,0.17395218185985947
P2,R02,training,28,214,0,0.0,0.0,0.18075679097030667,0.17411406665949017
P2,R02,training,28,215,0,0.0,0.0,0.18075679097030667,0.17427411303510948
P2,R02,training,28,216,0,0.0,0.0,0.18075679097030667,0.17443231564181264
P2,R02,training,28,217,0,0.0,0.0,0.18075679097030667,0.17458866919297192
P2,R02,training,28,218,0,0.0,0.0,0.18075679097030667,0.17474316846053115
P2,R02,training,28,219,0,0.0,0.0,0.18075679097030667,0.17489580827529697
P2,R02,training,28,220,0,0.0,0.0,0.18075679097030667,0.17504658352722696
P2,R02,training,28,221,0,0.0,0.0,0.18075679097030667,0.17519548916571476
P2,R02,training,28,222,0,0.0,0.0,0.18075679097030667,0.1753425201998719
P2,R02,training,28,223,0,0.0,0.0,0.18075679097030667,0.17548767169880666
P2,R02,training,28,224,0,0.0,0.0,0.18011826264277717,0.1750105176779418
P2,R02,training,28,225,0,0.0,0.0,0.18011826264277717,0.17515139613388467
P2,R02,training,28,226,0,0.0,0.0,0.18011826264277717,0.1752903873151336
P2,R02,training,28,227,0,0.0,0.0,0.18011826264277717,0.17542748655006812
P2,R02,training,28,228,0,0.0,0.0,0.18011826264277717,0.17556268922819324
P2,R02,training,28,229,0,0.0,0.0,0.18011826264277717,0.1756959908003978
P2,R02,training,28,230,0,0.0,0.0,0.18011826264277717,0.17582738677920948
P2,R02,training,28,231,0,0.0,0.0,0.18011826264277717,0.17595687273904673
P2,R02,training,28,232,0,0.0,0.0,0.18011826264277717,0.17608444431646703
P2,R02,training,28,233,0,0.0,0.0,0.18011826264277717,0.1762100972104119
P2,R02,training,28,234,0,0.0,0.0,0.18011826264277717,0.17633382718244872
P2,R02,training,28,235,0,0.0,0.0,0.18011826264277717,0.1764556300570088
P2,R02,training,28,236,0,0.0,0.0,0.18011826264277717,0.17657550172162237
P2,R02,training,28,237,0,0.0,0.0,0.18011826264277717,0.17669343812714988
P2,R02,training,28,238,0,0.0,0.0,0.18011826264277717,0.17680943528800994
P2,R02,training,28,239,0,0.0,0.0,0.18011826264277717,0.1769234892824039
P2,R02,training,28,240,0,0.0,0.33300809587929237,0.16030205914290116,0.15755854073030018
P2,R02,training,28,241,0,0.0,0.33300809587929237,0.16030205914290116,0.15765657775209627
P2,R02,training,28,242,0,0.0,0.33300809587929237,0.16030205914290116,0.15775287526175163
P2,R02,training,28,243,0,0.0,0.33300809587929237,0.16030205914290116,0.1578474299979321
P2,R02,training,28,244,0,0.0,0.33300809587929237,0.16030205914290116,0.15794023875702087
P2,R02,training,28,245,0,0.0,0.33300809587929237,0.16030205914290116,0.1580312983932993
P2,R02,training,28,246,0,0.0,0.33300809587929237,0.16030205914290116,0.15812060581912482
P2,R02,training,28,247,0,0.0,0.33300809587929237,0.16030205914290116,0.15820815800510524
P2,R02,training,28,248,0,0.0,0.33300809587929237,0.16030205914290116,0.15829395198027005
P2,R02,training,28,249,0,0.0,0.33300809587929237,0.16030205914290116,0.15837798483223856
P2,R02,training,28,250,0,0.0,0.33300809587929237,0.16030205914290116,0.15846025370738448
P2,R02,training,28,251,0,0.0,0.33300809587929237,0.16030205914290116,0.15854075581099752
P2,R02,training,28,252,0,0.0,0.33300809587929237,0.16030205914290116,0.1586194884074417
P2,R02,training,28,253,0,0.0,0.33300809587929237,0.16030205914290116,0.15869644882031006
P2,R02,training,28,254,0,0.0,0.33300809587929237,0.16030205914290116,0.15877163443257652
P2,R02,training,28,255,0,0.0,0.33300809587929237,0.16030205914290116,0.15884504268674407
P2,R02,training,28,256,0,0.0,0.33312130168954895,0.14044063449375374,0.13922689601208085
P2,R02,training,28,257,0,0.0,0.33312130168954895,0.14044063449375374,0.13928808818428126
P2,R02,training,28,258,0,0.0,0.33312130168954895,0.14044063449375374,0.13934771680535277
P2,R02,training,28,259,0,0.0,0.33312130168954895,0.14044063449375374,0.13940577984452698
P2,R02,training,28,260,0,0.0,0.33312130168954895,0.14044063449375374,0.13946227532379468
P2,R02,training,28,261,0,0.0,0.33312130168954895,0.14044063449375374,0.13951720131801823
P2,R02,training,28,262,0,0.0,0.33312130168954895,0.14044063449375374,0.13957055595504086
P2,R02,training,28,263,0,0.0,0.33312130168954895,0.14044063449375374,0.13962233741579294
P2,R02,training,28,264,0,0.0,0.33312130168954895,0.14044063449375374,0.13967254393439552
P2,R02,training,28,265,0,0.0,0.33312130168954895,0.14044063449375374,0.13972117379826052
P2,R02,training,28,266,0,0.0,0.33312130168954895,0.14044063449375374,0.13976822534818822
P2,R02,training,28,267,0,0.0,0.33312130168954895,0.14044063449375374,0.13981369697846152
P2,R02,training,28,268,0,0.0,0.33312130168954895,0.14044063449375374,0.13985758713693736
P2,R02,training,28,269,0,0.0,0.33312130168954895,0.14044063449375374,0.13989989432513486
P2,R02,training,28,270,0,0.0,0.33312130168954895,0.14044063449375374,0.13994061709832084
P2,R02,training,28,271,0,0.0,0.33312130168954895,0.14044063449375374,0.13997975406559182
P2,R02,training,28,272,0,1.0,0.3338391243049837,0.1383040003427248,0.13788711020131986
P2,R02,training,28,273,0,1.0,0.3338391243049837,0.1383040003427248,0.13792252449064182
P2,R02,training,28,274,0,1.0,0.3338391243049837,0.1383040003427248,0.137956373309767
P2,R02,training,28,275,0,1.0,0.3338391243049837,0.1383040003427248,0.1379886555017458
P2,R02,training,28,276,0,1.0,0.3338391243049837,0.1383040003427248,0.13801936996299916
P2,R02,training,28,277,0,1.0,0.3338391243049837,0.1383040003427248,0.1380485156433814
P2,R02,training,28,278,0,1.0,0.3338391243049837,0.1383040003427248,0.1380760915462402
P2,R02,training,28,279,0,1.0,0.3338391243049837,0.1383040003427248,0.13810209672847326
P2,R02,training,28,280,0,1.0,0.3338391243049837,0.1383040003427248,0.13812653030058217
P2,R02,training,28,281,0,1.0,0.3338391243049837,0.1383040003427248,0.13814939142672295
P2,R02,training,28,282,0,1.0,0.3338391243049837,0.1383040003427248,0.1381706793247539
P2,R02,training,28,283,0,1.0,0.3338391243049837,0.1383040003427248,0.1381903932662802
P2,R02,training,28,284,0,1.0,0.3338391243049837,0.1383040003427248,0.13820853257669513
P2,R02,training,28,285,0,1.0,0.3338391243049837,0.1383040003427248,0.13822509663521898
P2,R02,training,28,286,0,1.0,0.3338391243049837,0.1383040003427248,0.13824008487493417
P2,R02,training,28,287,0,1.0,0.3338391243049837,0.1383040003427248,0.1382534967828177
P2,R02,training,28,288,0,0.0,0.3330558655426961,0.1349282643653108,0.1348905397450495
P2,R02,training,28,289,0,0.0,0.3330558655426961,0.1349282643653108,0.13490054728970413
P2,R02,training,28,290,0,0.0,0.3330558655426961,0.1349282643653108,0.13490901579201228
P2,R02,training,28,291,0,0.0,0.3330558655426961,0.1349282643653108,0.13491594496204473
P2,R02,training,28,292,0,0.0,0.3330558655426961,0.1349282643653108,0.1349213345625641
P2,R02,training,28,293,0,0.0,0.3330558655426961,0.1349282643653108,0.1349251844090384
P2,R02,training,28,294,0,0.0,0.3330558655426961,0.1349282643653108,0.1349274943696515
P2,R02,training,28,295,0,0.0,0.3330558655426961,0.1349282643653108,0.1349282643653108
P2,R02,training,28,296,0,0.0,0.3330558655426961,0.1349282643653108,0.1349274943696515
P2,R02,training,28,297,0,0.0,0.3330558655426961,0.1349282643653108,0.1349251844090384
P2,R02,training,28,298,0,0.0,0.3330558655426961,0.1349282643653108,0.1349213345625641
P2,R02,training,28,299,0,0.0,0.3330558655426961,0.1349282643653108,0.13491594496204473
P2,R02,training,28,300,0,0.0,0.3330558655426961,0.1349282643653108,0.13490901579201228
P2,R02,training,28,301,0,0.0,0.3330558655426961,0.1349282643653108,0.13490054728970413
P2,R02,training,28,302,0,0.0,0.3330558655426961,0.1349282643653108,0.1348905397450495
P2,R02,training,28,303,0,0.0,0.3330558655426961,0.1349282643653108,0.13487899350065288
P2,R02,training,28,304,0,0.0,0.0,0.1318182766653686,0.13175735849383674
P2,R02,training,28,305,0,0.0,0.0,0.1318182766653686,0.131743073123026
P2,R02,training,28,306,0,0.0,0.0,0.1318182766653686,0.1317272858309463
P2,R02,training,28,307,0,0.0,0.0,0.1318182766653686,0.13170999715792983
P2,R02,training,28,308,0,0.0,0.0,0.1318182766653686,0.13169120769564507
P2,R02,training,28,309,0,0.0,0.0,0.1318182766653686,0.13167091808706313
P2,R02,training,28,310,0,0.0,0.0,0.1318182766653686,0.13164912902642106
P2,R02,training,28,311,0,0.0,0.0,0.1318182766653686,0.13162584125918228
P2,R02,training,28,312,0,0.0,0.0,0.1318182766653686,0.13160105558199406
P2,R02,training,28,313,0,0.0,0.0,0.1318182766653686,0.13157477284264213
P2,R02,training,28,314,0,0.0,0.0,0.1318182766653686,0.13154699394000224
P2,R02,training,28,315,0,0.0,0.0,0.1318182766653686,0.13151771982398905
P2,R02,training,28,316,0,0.0,0.0,0.1318182766653686,0.13148695149550194
P2,R02,training,28,317,0,0.0,0.0,0.1318182766653686,0.13145469000636797
P2,R02,training,28,318,0,0.0,0.0,0.1318182766653686,0.131420936459282
P2,R02,training,28,319,0,0.0,0.0,0.1318182766653686,0.13138569200774372
P2,R02,training,28,320,0,0.0,0.0,0.11128476610578664,0.11088855371967662
P2,R02,training,28,321,0,0.0,0.0,0.11128476610578664,0.11085628510806349
P2,R02,training,28,322,0,0.0,0.0,0.11128476610578664,0.11082276101042518
P2,R02,training,28,323,0,0.0,0.0,0.11128476610578664,0.11078798257156428
P2,R02,training,28,324,0,0.0,0.0,0.11128476610578664,0.11075195097887279
P2,R02,training,28,325,0,0.0,0.0,0.11128476610578664,0.11071466746226455
P2,R02,training,28,326,0,0.0,0.0,0.11128476610578664,0.11067613329410532
P2,R02,training,28,327,0,0.0,0.0,0.11128476610578664,0.11063634978914029
P2,R02,training,28,328,0,0.0,0.0,0.11128476610578664,0.11059531830441947
P2,R02,training,28,329,0,0.0,0.0,0.11128476610578664,0.11055304023922044
P2,R02,training,28,330,0,0.0,0.0,0.11128476610578664,0.11050951703496883
P2,R02,training,28,331,0,0.0,0.0,0.11128476610578664,0.11046475017515647
P2,R02,training,28,332,0,0.0,0.0,0.11128476610578664,0.11041874118525705
P2,R02,training,28,333,0,0.0,0.0,0.11128476610578664,0.1103714916326395
P2,R02,training,28,334,0,0.0,0.0,0.11128476610578664,0.11032300312647905
P2,R02,training,28,335,0,0.0,0.0,0.11128476610578664,0.11027327731766583
P2,R02,training,28,336,0,0.0,0.0,0.10891130090922527,0.1078715104845964
P2,R02,training,28,337,0,0.0,0.0,0.10891130090922527,0.10782042840314729
P2,R02,training,28,338,0,0.0,0.0,0.10891130090922527,0.10776814049911898
P2,R02,training,28,339,0,0.0,0.0,0.10891130090922527,0.10771464855055297
P2,R02,training,28,340,0,0.0,0.0,0.10891130090922527,0.10765995437583492
P2,R02,training,28,341,0,0.0,0.0,0.10891130090922527,0.10760405983359143
P2,R02,training,28,342,0,0.0,0.0,0.10891130090922527,0.10754696682258498
P2,R02,training,28,343,0,0.0,0.0,0.10891130090922527,0.10748867728160631
P2,R02,training,28,344,0,0.0,0.0,0.10891130090922527,0.10742919318936472
P2,R02,training,28,345,0,0.0,0.0,0.10891130090922527,0.10736851656437614
P2,R02,training,28,346,0,0.0,0.0,0.10891130090922527,0.10730664946484897
P2,R02,training,28,347,0,0.0,0.0,0.10891130090922527,0.10724359398856768
P2,R02,training,28,348,0,0.0,0.0,0.10891130090922527,0.10717935227277435
P2,R02,training,28,349,0,0.0,0.0,0.10891130090922527,0.10711392649404784
P2,R02,training,28,350,0,0.0,0.0,0.10891130090922527,0.10704731886818099
P2,R02,training,28,351,0,0.0,0.0,0.10891130090922527,0.10697953165005547
P2,R02,training,28,352,0,0.0,0.0,0.10568751406199237,0.10374600223273817
P2,R02,training,28,353,0,0.0,0.0,0.10568751406199237,0.1036779388870803
P2,R02,training,28,354,0,0.0,0.0,0.10568751406199237,0.1036087376559851
P2,R02,training,28,355,0,0.0,0.0,0.10568751406199237,0.10353840087806154
P2,R02,training,28,356,0,0.0,0.0,0.10568751406199237,0.1034669309292125
P2,R02,training,28,357,0,0.0,0.0,0.10568751406199237,0.1033943302225009
P2,R02,training,28,358,0,0.0,0.0,0.10568751406199237,0.10332060120801408
P2,R02,training,28,359,0,0.0,0.0,0.10568751406199237,0.1032457463727259
P2,R02,training,28,360,0,0.0,0.0,0.10568751406199237,0.103169768240357
P2,R02,training,28,361,0,0.0,0.0,0.10568751406199237,0.10309266937123293
P2,R02,training,28,362,0,0.0,0.0,0.10568751406199237,0.10301445236214045
P2,R02,training,28,363,0,0.0,0.0,0.10568751406199237,0.10293511984618171
P2,R02,training,28,364,0,0.0,0.0,0.10568751406199237,0.1028546744926266
P2,R02,training,28,365,0,0.0,0.0,0.10568751406199237,0.10277311900676299
P2,R02,training,28,366,0,0.0,0.0,0.10568751406199237,0.10269045612974523
P2,R02,training,28,367,0,0.0,0.0,0.10568751406199237,0.10260668863844048
P2,R02,training,28,368,0,0.0,0.0,0.08406161660752359,0.08154368988803246
P2,R02,training,28,369,0,0.0,0.0,0.08406161660752359,0.08147531255982046
P2,R02,training,28,370,0,0.0,0.0,0.08406161660752359,0.08140606343990597
P2,R02,training,28,371,0,0.0,0.0,0.08406161660752359,0.08133594484932022
P2,R02,training,28,372,0,0.0,0.0,0.08406161660752359,0.08126495913686642
P2,R02,training,28,373,0,0.0,0.0,0.08406161660752359,0.0811931086789888
P2,R02,training,28,374,0,0.0,0.0,0.08406161660752359,0.08112039587963989
P2,R02,training,28,375,0,0.0,0.0,0.08406161660752359,0.08104682317014664
P2,R02,training,28,376,0,0.0,0.0,0.08406161660752359,0.08097239300907488
P2,R02,training,28,377,0,0.0,0.0,0.08406161660752359,0.08089710788209242
P2,R02,training,28,378,0,0.0,0.0,0.08406161660752359,0.08082097030183075
P2,R02,training,28,379,0,0.0,0.0,0.08406161660752359,0.08074398280774535
P2,R02,training,28,380,0,0.0,0.0,0.08406161660752359,0.0806661479659745
P2,R02,training,28,381,0,0.0,0.0,0.08406161660752359,0.0805874683691968
P2,R02,training,28,382,0,0.0,0.0,0.08406161660752359,0.08050794663648728
P2,R02,training,28,383,0,0.0,0.0,0.08406161660752359,0.08042758541317212
P2,R02,training,28,384,0,0.0,0.0,0.0632047656871041,0.0604113362615816
P2,R02,training,28,385,0,0.0,0.0,0.0632047656871041,0.06034965741300344
P2,R02,training,28,386,0,0.0,0.0,0.0632047656871041,0.06028735344733407
P2,R02,training,28,387,0,0.0,0.0,0.0632047656871041,0.060224426431396756
P2,R02,training,28,388,0,0.0,0.0,0.0632047656871041,0.06016087845119149
P2,R02,training,28,389,0,0.0,0.0,0.0632047656871041,0.06009671161177972
P2,R02,training,28,390,0,0.0,0.0,0.0632047656871041,0.06003192803716825
P2,R02,training,28,391,0,0.0,0.0,0.0632047656871041,0.059966529870192097
P2,R02,training,28,392,0,0.0,0.0,0.0632047656871041,0.05990051927239638
P2,R02,training,28,393,0,0.0,0.0,0.0632047656871041,0.05983389842391736
P2,R02,training,28,394,0,0.0,0.0,0.0632047656871041,0.0597666695233625
P2,R02,training,28,395,0,0.0,0.0,0.0632047656871041,0.05969883478768956
P2,R02,training,28,396,0,0.0,0.0,0.0632047656871041,0.05963039645208485
P2,R02,training,28,397,0,0.0,0.0,0.0632047656871041,0.05956135676984056
P2,R02,training,28,398,0,0.0,0.0,0.0632047656871041,0.0594917180122312
P2,R02,training,28,399,0,0.0,0.0,0.0632047656871041,0.05942148246838912
P2,R02,training,28,400,0,0.0,0.0,0.043228798159946805,0.04059278358716051
P2,R02,training,28,401,0,0.0,0.0,0.043228798159946805,0.04054393450295069
P2,R02,training,28,402,0,0.0,0.0,0.043228798159946805,0.04049468201712201
P2,R02,training,28,403,0,0.0,0.0,0.043228798159946805,0.04044502774331523
P2,R02,training,28,404,0,0.0,0.0,0.043228798159946805,0.04039497330695057
P2,R02,training,28,405,0,0.0,0.0,0.043228798159946805,0.04034452034513905
P2,R02,training,28,406,0,0.0,0.0,0.043228798159946805,0.040293670506593375
P2,R02,training,28,407,0,0.0,0.0,0.043228798159946805,0.04024242545153819
P2,R02,training,28,408,0,0.0,0.0,0.043228798159946805,0.04019078685161982
P2,R02,training,28,409,0,0.0,0.0,0.043228798159946805,0.04013875638981553
P2,R02,training,28,410,0,0.0,0.0,0.043228798159946805,0.04008633576034213
P2,R02,training,28,411,0,0.0,0.0,0.043228798159946805,0.04003352666856416
P2,R02,training,28,412,0,0.0,0.0,0.043228798159946805,0.03998033083090155
P2,R02,training,28,413,0,0.0,0.0,0.043228798159946805,0.039926749974736706
P2,R02,training,28,414,0,0.0,0.0,0.043228798159946805,0.03987278583832114
P2,R02,training,28,415,0,0.0,0.0,0.043228798159946805,0.03981844017068164
P2,R02,training,28,416,0,1.0,0.33362888369817945,0.024335432658507926,0.022384781518116535
P2,R02,training,28,417,0,1.0,0.33362888369817945,0.024335432658507926,0.02235376131585189
P2,R02,training,28,418,0,1.0,0.33362888369817945,0.024335432658507926,0.022322529322199882
P2,R02,training,28,419,0,1.0,0.33362888369817945,0.024335432658507926,0.02229108654549587
P2,R02,training,28,420,0,1.0,0.33362888369817945,0.024335432658507926,0.02225943399987283
P2,R02,training,28,421,0,1.0,0.33362888369817945,0.024335432658507926,0.022227572705206904
P2,R02,training,28,422,0,1.0,0.33362888369817945,0.024335432658507926,0.022195503687062745
P2,R02,training,28,423,0,1.0,0.33362888369817945,0.024335432658507926,0.02216322797663856
P2,R02,training,28,424,0,1.0,0.33362888369817945,0.024335432658507926,0.022130746610710954
P2,R02,training,28,425,0,1.0,0.33362888369817945,0.024335432658507926,0.022098060631579517
P2,R02,training,28,426,0,1.0,0.33362888369817945,0.024335432658507926,0.02206517108701118
P2,R02,training,28,427,0,1.0,0.33362888369817945,0.024335432658507926,0.02203207903018434
P2,R02,training,28,428,0,1.0,0.33362888369817945,0.024335432658507926,0.021998785519632767
P2,R02,training,28,429,0,1.0,0.33362888369817945,0.024335432658507926,0.02196529161918926
P2,R02,training,28,430,0,1.0,0.33362888369817945,0.024335432658507926,0.021931598397929155
P2,R02,training,28,431,0,1.0,0.33362888369817945,0.024335432658507926,0.021897706930113513
P2,R02,training,28,432,0,0.0,0.0,0.024214059181768537,0.021754573043961993
P2,R02,training,28,433,0,0.0,0.0,0.024214059181768537,0.021720459322019377
P2,R02,training,28,434,0,0.0,0.0,0.024214059181768537,0.02168615157938116
P2,R02,training,28,435,0,0.0,0.0,0.024214059181768537,0.021651650905021302
P2,R02,training,28,436,0,0.0,0.0,0.024214059181768537,0.021616958392788297
P2,R02,training,28,437,0,0.0,0.0,0.024214059181768537,0.021582075141347478
P2,R02,training,28,438,0,0.0,0.0,0.024214059181768537,0.021547002254123218
P2,R02,training,28,439,0,0.0,0.0,0.024214059181768537,0.021511740839240897
P2,R02,training,28,440,0,0.0,0.0,0.024214059181768537,0.021476292009468722
P2,R02,training,28,441,0,0.0,0.0,0.024214059181768537,0.021440656882159365
P2,R02,training,28,442,0,0.0,0.0,0.024214059181768537,0.021404836579191438
P2,R02,training,28,443,0,0.0,0.0,0.024214059181768537,0.021368832226910817
P2,R02,training,28,444,0,0.0,0.0,0.024214059181768537,0.02133264495607179
P2,R02,training,28,445,0,0.0,0.0,0.024214059181768537,0.02129627590177806
P2,R02,training,28,446,0,0.0,0.0,0.024214059181768537,0.02125972620342362
P2,R02,training,28,447,0,0.0,0.0,0.024214059181768537,0.021222997004633454
P2,R02,training,28,448,0,0.0,0.0,0.023853558806215355,0.020870669673849884
P2,R02,training,28,449,0,0.0,0.0,0.023853558806215355,0.02083413704171986
P2,R02,training,28,450,0,0.0,0.0,0.023853558806215355,0.020797430985785213
P2,R02,training,28,451,0,0.0,0.0,0.023853558806215355,0.020760552648729835
P2,R02,training,28,452,0,0.0,0.0,0.023853558806215355,0.020723503177111614
P2,R02,training,28,453,0,0.0,0.0,0.023853558806215355,0.020686283721303263
P2,R02,training,28,454,0,0.0,0.0,0.023853558806215355,0.02064889543543304
P2,R02,training,28,455,0,0.0,0.0,0.023853558806215355,0.020611339477325373
P2,R02,training,28,456,0,0.0,0.0,0.023853558806215355,0.020573617008441368
P2,R02,training,28,457,0,0.0,0.0,0.023853558806215355,0.020535729193819192
P2,R02,training,28,458,0,0.0,0.0,0.023853558806215355,0.02049767720201443
P2,R02,training,28,459,0,0.0,0.0,0.023853558806215355,0.020459462205040267
P2,R02,training,28,460,0,0.0,0.0,0.023853558806215355,0.020421085378307648
P2,R02,training,28,461,0,0.0,0.0,0.023853558806215355,0.02038254790056533
P2,R02,training,28,462,0,0.0,0.0,0.023853558806215355,0.020343850953839848
P2,R02,training,28,463,0,0.0,0.0,0.023853558806215355,0.020304995723375432
P2,R02,training,28,464,0,0.0,0.0,0.02326461234085256,0.019765614484655372
P2,R02,training,28,465,0,0.0,0.0,0.02326461234085256,0.01972741332205109
P2,R02,training,28,466,0,0.0,0.0,0.02326461234085256,0.01968906126993094
P2,R02,training,28,467,0,0.0,0.0,0.02326461234085256,0.01965055949624088
P2,R02,training,28,468,0,0.0,0.0,0.02326461234085256,0.019611909171771105
P2,R02,training,28,469,0,0.0,0.0,0.02326461234085256,0.019573111470097087
P2,R02,training,28,470,0,0.0,0.0,0.02326461234085256,0.01953416756752056
P2,R02,training,28,471,0,0.0,0.0,0.02326461234085256,0.019495078643010488
P2,R02,training,28,472,0,0.0,0.0,0.02326461234085256,0.019455845878143984
P2,R02,training,28,473,0,0.0,0.0,0.02326461234085256,0.0194164704570472
P2,R02,training,28,474,0,0.0,0.0,0.02326461234085256,0.019376953566336206
P2,R02,training,28,475,0,0.0,0.0,0.02326461234085256,0.019337296395057806
P2,R02,training,28,476,0,0.0,0.0,0.02326461234085256,0.01929750013463039
P2,R02,training,28,477,0,0.0,0.0,0.02326461234085256,0.019257565978784717
P2,R02,training,28,478,0,0.0,0.0,0.02326461234085256,0.01921749512350475
P2,R02,training,28,479,0,0.0,0.0,0.02326461234085256,0.01917728876696841
P2,R02,training,28,480,0,0.0,0.0,0.02246443568345985,0.01847874074516198
P2,R02,training,28,481,0,0.0,0.0,0.02246443568345985,0.018439659067117867
P2,R02,training,28,482,0,0.0,0.0,0.02246443568345985,0.018400450031367355
P2,R02,training,28,483,0,0.0,0.0,0.02246443568345985,0.018361114802779913
P2,R02,training,28,484,0,0.0,0.0,0.02246443568345985,0.018321654548057717
P2,R02,training,28,485,0,0.0,0.0,0.02246443568345985,0.018282070435678525
P2,R02,training,28,486,0,0.0,0.0,0.02246443568345985,0.018242363635838574
P2,R02,training,28,487,0,0.0,0.0,0.02246443568345985,0.01820253532039551
P2,R02,training,28,488,0,0.0,0.0,0.02246443568345985,0.01816258666281133
P2,R02,training,28,489,0,0.0,0.0,0.02246443568345985,0.018122518838095358
P2,R02,training,28,490,0,0.0,0.0,0.02246443568345985,0.018082333022747286
P2,R02,training,28,491,0,0.0,0.0,0.02246443568345985,0.01804203039470021
P2,R02,training,28,492,0,0.0,0.0,0.02246443568345985,0.018001612133263754
P2,R02,training,28,493,0,0.0,0.0,0.02246443568345985,0.01796107941906721
P2,R02,training,28,494,0,0.0,0.0,0.02246443568345985,0.017920433434002753
P2,R02,training,28,495,0,0.0,0.0,0.02246443568345985,0.01787967536116869
P2,R02,training,28,496,0,0.0,0.0,0.021475943944189255,0.017053853982789257
P2,R02,training,28,497,0,0.0,0.0,0.021475943944189255,0.017014678454002945
P2,R02,training,28,498,0,0.0,0.0,0.021475943944189255,0.01697539916908498
P2,R02,training,28,499,0,0.0,0.0,0.021475943944189255,0.016936017263145378
P2,R02,training,28,500,0,0.0,0.0,0.021475943944189255,0.01689653387217692
P2,R02,training,28,501,0,0.0,0.0,0.021475943944189255,0.01685695013300131
P2,R02,training,28,502,0,0.0,0.0,0.021475943944189255,0.016817267183215398
P2,R02,training,28,503,0,0.0,0.0,0.021475943944189255,0.016777486161137493
P2,R02,training,28,504,0,0.0,0.0,0.021475943944189255,0.016737608205753752
P2,R02,training,28,505,0,0.0,0.0,0.021475943944189255,0.016697634456664678
P2,R02,training,28,506,0,0.0,0.0,0.021475943944189255,0.01665756605403167
P2,R02,training,28,507,0,0.0,0.0,0.021475943944189255,0.01661740413852372
P2,R02,training,28,508,0,0.0,0.0,0.021475943944189255,0.016577149851264166
P2,R02,training,28,509,0,0.0,0.0,0.021475943944189255,0.016536804333777563
P2,R02,training,28,510,0,0.0,0.0,0.021475943944189255,0.016496368727936674
P2,R02,training,28,511,0,0.0,0.0,0.021475943944189255,0.016455844175909534
P2,R02,training,28,512,0,0.0,0.0,0.02032666198145669,0.01553677311794439
P2,R02,training,28,513,0,0.0,0.0,0.02032666198145669,0.015498252102838147
P2,R02,training,28,514,0,0.0,0.0,0.02032666198145669,0.015459650145800587
P2,R02,training,28,515,0,0.0,0.0,0.02032666198145669,0.015420968328496076
P2,R02,training,28,516,0,0.0,0.0,0.02032666198145669,0.015382207732619694
P2,R02,training,28,517,0,0.0,0.0,0.02032666198145669,0.015343369439847855
P2,R02,training,28,518,0,0.0,0.0,0.02032666198145669,0.015304454531789026
P2,R02,training,28,519,0,0.0,0.0,0.02032666198145669,0.01526546408993458
P2,R02,training,28,520,0,0.0,0.0,0.02032666198145669,0.015226399195609789
P2,R02,training,28,521,0,0.0,0.0,0.02032666198145669,0.015187260929924937
P2,R02,training,28,522,0,0.0,0.0,0.02032666198145669,0.015148050373726577
P2,R02,training,28,523,0,0.0,0.0,0.02032666198145669,0.015108768607548938
P2,R02,training,28,524,0,0.0,0.0,0.02032666198145669,0.01506941671156545
P2,R02,training,28,525,0,0.0,0.0,0.02032666198145669,0.015029995765540441
P2,R02,training,28,526,0,0.0,0.0,0.02032666198145669,0.014990506848780973
P2,R02,training,28,527,0,0.0,0.0,0.02032666198145669,0.014950951040088816
P2,R02,training,28,528,0,0.0,0.0,0.019047453581893522,0.013972921633040801
P2,R02,training,28,529,0,0.0,0.0,0.019047453581893522,0.013935732837832532
P2,R02,training,28,530,0,0.0,0.0,0.019047453581893522,0.013898484389812067
P2,R02,training,28,531,0,0.0,0.0,0.019047453581893522,0.013861177297548532
P2,R02,training,28,532,0,0.0,0.0,0.019047453581893522,0.013823812568914833
P2,R02,training,28,533,0,0.0,0.0,0.019047453581893522,0.013786391211043582
P2,R02,training,28,534,0,0.0,0.0,0.019047453581893522,0.013748914230283167
P2,R02,training,28,535,0,0.0,0.0,0.019047453581893522,0.013711382632153999
P2,R02,training,28,536,0,0.0,0.0,0.019047453581893522,0.013673797421304923
P2,R02,training,28,537,0,0.0,0.0,0.019047453581893522,0.013636159601469786
P2,R02,training,28,538,0,0.0,0.0,0.019047453581893522,0.013598470175424187
P2,R02,training,28,539,0,0.0,0.0,0.019047453581893522,0.013560730144942404
P2,R02,training,28,540,0,0.0,0.0,0.019047453581893522,0.013522940510754483
P2,R02,training,28,541,0,0.0,0.0,0.019047453581893522,0.013485102272503515
P2,R02,training,28,542,0,0.0,0.0,0.019047453581893522,0.01344721642870309
P2,R02,training,28,543,0,0.0,0.0,0.019047453581893522,0.013409283976694941
P2,R02,training,28,544,0,0.0,0.0,0.0,0.0
P2,R02,training,28,545,0,0.0,0.0,0.0,0.0
P2,R02,training,28,546,0,0.0,0.0,0.0,0.0
P2,R02,training,28,547,0,0.0,0.0,0.0,0.0
P2,R02,training,28,548,0,0.0,0.0,0.0,0.0
P2,R02,training,28,549,0,0.0,0.0,0.0,0.0
P2,R02,training,28,550,0,0.0,0.0,0.0,0.0
P2,R02,training,28,551,0,0.0,0.0,0.0,0.0
P2,R02,training,28,552,0,0.0,0.0,0.0,0.0
P2,R02,training,28,553,0,0.0,0.0,0.0,0.0
P2,R02,training,28,554,0,0.0,0.0,0.0,0.0
P2,R02,training,28,555,0,0.0,0.0,0.0,0.0
P2,R02,training,28,556,0,0.0,0.0,0.0,0.0
P2,R02,training,28,557,0,0.0,0.0,0.0,0.0
P2,R02,training,28,558,0,0.0,0.0,0.0,0.0
P2,R02,training,28,559,0,0.0,0.0,0.0,0.0
P2,R02,training,28,560,0,0.0,0.0,0.0,0.0
P2,R02,training,28,561,0,0.0,0.0,0.0,0.0
P2,R02,training,28,562,0,0.0,0.0,0.0,0.0
P2,R02,training,28,563,0,0.0,0.0,0.0,0.0
P2,R02,training,28,564,0,0.0,0.0,0.0,0.0
P2,R02,training,28,565,0,0.0,0.0,0.0,0.0
P2,R02,training,28,566,0,0.0,0.0,0.0,0.0
P2,R02,training,28,567,0,0.0,0.0,0.0,0.0
P2,R02,training,28,568,0,0.0,0.0,0.0,0.0
P2,R02,training,28,569,0,0.0,0.0,0.0,0.0
P2,R02,training,28,570,0,0.0,0.0,0.0,0.0
P2,R02,training,28,571,0,0.0,0.0,0.0,0.0
P2,R02,training,28,572,0,0.0,0.0,0.0,0.0
P2,R02,training,28,573,0,0.0,0.0,0.0,0.0
P2,R02,training,28,574,0,0.0,0.0,0.0,0.0
P2,R02,training,28,575,0,0.0,0.0,0.0,0.0
P2,R02,training,28,576,0,0.0,0.0,0.0,0.0
P2,R02,training,28,577,0,0.0,0.0,0.0,0.0
P2,R02,training,28,578,0,0.0,0.0,0.0,0.0
P2,R02,training,28,579,0,0.0,0.0,0.0,0.0
P2,R02,training,28,580,0,0.0,0.0,0.0,0.0
P2,R02,training,28,581,0,0.0,0.0,0.0,0.0
P2,R02,training,28,582,0,0.0,0.0,0.0,0.0
P2,R02,training,28,583,0,0.0,0.0,0.0,0.0
P2,R02,training,28,584,0,0.0,0.0,0.0,0.0
P2,R02,training,28,585,0,0.0,0.0,0.0,0.0
P2,R02,training,28,586,0,0.0,0.0,0.0,0.0
P2,R02,training,28,587,0,0.0,0.0,0.0,0.0
P2,R02,training,28,588,0,0.0,0.0,0.0,0.0
P2,R02,training,28,589,0,0.0,0.0,0.0,0.0
P2,R02,training,28,590,0,0.0,0.0,0.0,0.0
P2,R02,training,28,591,0,0.0,0.0,0.0,0.0
P3,R02,training,28,0,0,0.0,0.0,0.042247486936776144,0.02571096469915723
P3,R02,training,28,1,0,0.0,0.0,0.042247486936776144,0.025797531295375292
P3,R02,training,28,2,0,0.0,0.0,0.042247486936776144,0.025884093925590795
P3,R02,training,28,3,0,0.0,0.0,0.042247486936776144,0.025970650597237292
P3,R02,training,28,4,0,0.0,0.0,0.042247486936776144,0.02605719931127815
P3,R02,training,28,5,0,0.0,0.0,0.042247486936776144,0.02614373806227631
P3,R02,training,28,6,0,0.0,0.0,0.042247486936776144,0.0262302648384647
P3,R02,training,28,7,0,0.0,0.0,0.042247486936776144,0.02631677762181718
P3,R02,training,28,8,0,0.0,0.0,0.042247486936776144,0.026403274388120124
P3,R02,training,28,9,0,0.0,0.0,0.042247486936776144,0.02648975310704456
P3,R02,training,28,10,0,0.0,0.0,0.042247486936776144,0.02657621174221894
P3,R02,training,28,11,0,0.0,0.0,0.042247486936776144,0.02666264825130245
P3,R02,training,28,12,0,0.0,0.0,0.042247486936776144,0.02674906058605891
P3,R02,training,28,13,0,0.0,0.0,0.042247486936776144,0.026835446692431295
P3,R02,training,28,14,0,0.0,0.0,0.042247486936776144,0.02692180451061675
P3,R02,training,28,15,0,0.0,0.0,0.042247486936776144,0.02700813197514227
P3,R02,training,28,16,0,0.0,0.0,0.0631350890740911,0.04049019686211628
P3,R02,training,28,17,0,0.0,0.0,0.0631350890740911,0.04061910551860363
P3,R02,training,28,18,0,0.0,0.0,0.0631350890740911,0.04074795950456988
P3,R02,training,28,19,0,0.0,0.0,0.0631350890740911,0.04087675570060333
P3,R02,training,28,20,0,0.0,0.0,0.0631350890740911,0.041005490979396465
P3,R02,training,28,21,0,0.0,0.0,0.0631350890740911,0.04113416220586402
P3,R02,training,28,22,0,0.0,0.0,0.0631350890740911,0.041262766237261786
P3,R02,training,28,23,0,0.0,0.0,0.0631350890740911,0.041391299923306354
P3,R02,training,28,24,0,0.0,0.0,0.0631350890740911,0.041519760106295524
P3,R02,training,28,25,0,0.0,0.0,0.0631350890740911,0.04164814362122963
P3,R02,training,28,26,0,0.0,0.0,0.0631350890740911,0.041776447295933564
P3,R02,training,28,27,0,0.0,0.0,0.0631350890740911,0.04190466795117968
P3,R02,training,28,28,0,0.0,0.0,0.0631350890740911,0.04203280240081138
P3,R02,training,28,29,0,0.0,0.0,0.0631350890740911,0.04216084745186758
P3,R02,training,28,30,0,0.0,0.0,0.0631350890740911,0.042288799904707866
P3,R02,training,28,31,0,0.0,0.0,0.0631350890740911,0.04241665655313845
P3,R02,training,28,32,0,0.0,0.0,0.084950027217241,0.05724469856495853
P3,R02,training,28,33,0,0.0,0.0,0.084950027217241,0.05741646246799558
P3,R02,training,28,34,0,0.0,0.0,0.084950027217241,0.05758808447025464
P3,R02,training,28,35,0,0.0,0.0,0.084950027217241,0.057759560224156285
P3,R02,training,28,36,0,0.0,0.0,0.084950027217241,0.057930885374165846
P3,R02,training,28,37,0,0.0,0.0,0.084950027217241,0.05810205555696878
P3,R02,training,28,38,0,0.0,0.0,0.084950027217241,0.05827306640164715
P3,R02,training,28,39,0,0.0,0.0,0.084950027217241,0.05844391352985696
P3,R02,training,28,40,0,0.0,0.0,0.084950027217241,0.05861459255600652
P3,R02,training,28,41,0,0.0,0.0,0.084950027217241,0.05878509908743568
P3,R02,training,28,42,0,0.0,0.0,0.084950027217241,0.05895542872459601
P3,R02,training,28,43,0,0.0,0.0,0.084950027217241,0.059125577061231935
P3,R02,training,28,44,0,0.0,0.0,0.084950027217241,0.059295539684562734
P3,R02,training,28,45,0,0.0,0.0,0.084950027217241,0.05946531217546548
P3,R02,training,28,46,0,0.0,0.0,0.084950027217241,0.059634890108658814
P3,R02,training,28,47,0,0.0,0.0,0.084950027217241,0.05980426905288766
P3,R02,training,28,48,0,0.0,0.3331033887130634,0.08848404189471128,0.06246840590679779
P3,R02,training,28,49,0,0.0,0.3331033887130634,0.08848404189471128,0.06264440279665187
P3,R02,training,28,50,0,0.0,0.3331033887130634,0.08848404189471128,0.06282017853718463
P3,R02,training,28,51,0,0.0,0.3331033887130634,0.08848404189471128,0.06299572848984857
P3,R02,training,28,52,0,0.0,0.3331033887130634,0.08848404189471128,0.0631710480108491
P3,R02,training,28,53,0,0.0,0.3331033887130634,0.08848404189471128,0.06334613245134232
P3,R02,training,28,54,0,0.0,0.3331033887130634,0.08848404189471128,0.06352097715763334
P3,R02,training,28,55,0,0.0,0.3331033887130634,0.08848404189471128,0.06369557747137568
P3,R02,training,28,56,0,0.0,0.3331033887130634,0.08848404189471128,0.06386992872977137
P3,R02,training,28,57,0,0.0,0.3331033887130634,0.08848404189471128,0.0640440262657719
P3,R02,training,28,58,0,0.0,0.3331033887130634,0.08848404189471128,0.06421786540827987
P3,R02,training,28,59,0,0.0,0.3331033887130634,0.08848404189471128,0.0643914414823516
P3,R02,training,28,60,0,0.0,0.3331033887130634,0.08848404189471128,0.06456474980940034
P3,R02,training,28,61,0,0.0,0.3331033887130634,0.08848404189471128,0.06473778570740031
P3,R02,training,28,62,0,0.0,0.3331033887130634,0.08848404189471128,0.0649105444910915
P3,R02,training,28,63,0,0.0,0.3331033887130634,0.08848404189471128,0.06508302147218518
P3,R02,training,28,64,0,0.0,0.0,0.11030482573784488,0.0813476038114477
P3,R02,training,28,65,0,0.0,0.0,0.11030482573784488,0.08156189468152283
P3,R02,training,28,66,0,0.0,0.0,0.11030482573784488,0.08177581670106919
P3,R02,training,28,67,0,0.0,0.0,0.11030482573784488,0.08198936401311051
P3,R02,training,28,68,0,0.0,0.0,0.11030482573784488,0.08220253075818908
P3,R02,training,28,69,0,0.0,0.0,0.11030482573784488,0.08241531107462714
P3,R02,training,28,70,0,0.0,0.0,0.11030482573784488,0.08262769909878907
P3,R02,training,28,71,0,0.0,0.0,0.11030482573784488,0.08283968896534437
P3,R02,training,28,72,0,0.0,0.0,0.11030482573784488,0.08305127480753133
P3,R02,training,28,73,0,0.0,0.0,0.11030482573784488,0.08326245075742164
P3,R02,training,28,74,0,0.0,0.0,0.11030482573784488,0.08347321094618561
P3,R02,training,28,75,0,0.0,0.0,0.11030482573784488,0.0836835495043581
P3,R02,training,28,76,0,0.0,0.0,0.11030482573784488,0.0838934605621053
P3,R02,training,28,77,0,0.0,0.0,0.11030482573784488,0.08410293824949205
P3,R02,training,28,78,0,0.0,0.0,0.11030482573784488,0.0843119766967499
P3,R02,training,28,79,0,0.0,0.0,0.11030482573784488,0.08452057003454594
P3,R02,training,28,80,0,0.0,0.0,0.13267411164600057,0.10191128604412487
P3,R02,training,28,81,0,0.0,0.0,0.13267411164600057,0.10216108917723743
P3,R02,training,28,82,0,0.0,0.0,0.13267411164600057,0.10241033576240936
P3,R02,training,28,83,0,0.0,0.0,0.13267411164600057,0.10265901874537782
P3,R02,training,28,84,0,0.0,0.0,0.13267411164600057,0.10290713107403104
P3,R02,training,28,85,0,0.0,0.0,0.13267411164600057,0.10315466569873595
P3,R02,training,28,86,0,0.0,0.0,0.13267411164600057,0.10340161557266632
P3,R02,training,28,87,0,0.0,0.0,0.13267411164600057,0.10364797365213169
P3,R02,training,28,88,0,0.0,0.0,0.13267411164600057,0.10389373289690679
P3,R02,training,28,89,0,0.0,0.0,0.13267411164600057,0.10413888627056156
P3,R02,training,28,90,0,0.0,0.0,0.13267411164600057,0.10438342674079182
P3,R02,training,28,91,0,0.0,0.0,0.13267411164600057,0.10462734727975045
P3,R02,training,28,92,0,0.0,0.0,0.13267411164600057,0.10487064086437897
P3,R02,training,28,93,0,0.0,0.0,0.13267411164600057,0.10511330047673988
P3,R02,training,28,94,0,0.0,0.0,0.13267411164600057,0.10535531910434913
P3,R02,training,28,95,0,0.0,0.0,0.13267411164600057,0.10559668974050951
P3,R02,training,28,96,0,0.0,0.0,0.1362617990434097,0.10869939195280068
P3,R02,training,28,97,0,0.0,0.0,0.1362617990434097,0.10894593698632904
P3,R02,training,28,98,0,0.0,0.0,0.1362617990434097,0.10919179495642707
P3,R02,training,28,99,0,0.0,0.0,0.1362617990434097,0.10943695869412975
P3,R02,training,28,100,0,0.0,0.0,0.1362617990434097,0.10968142103813225
P3,R02,training,28,101,0,0.0,0.0,0.1362617990434097,0.10992517483513443
P3,R02,training,28,102,0,0.0,0.0,0.1362617990434097,0.11016821294018571
P3,R02,training,28,103,0,0.0,0.0,0.1362617990434097,0.11041052821703007
P3,R02,training,28,104,0,0.0,0.0,0.1362617990434097,0.1106521135384515
P3,R02,training,28,105,0,0.0,0.0,0.1362617990434097,0.11089296178661968
P3,R02,training,28,106,0,0.0,0.0,0.1362617990434097,0.1111330658534357
P3,R02,training,28,107,0,0.0,0.0,0.1362617990434097,0.11137241864087814
P3,R02,training,28,108,0,0.0,0.0,0.1362617990434097,0.11161101306134939
P3,R02,training,28,109,0,0.0,0.0,0.1362617990434097,0.11184884203802188
P3,R02,training,28,110,0,0.0,0.0,0.1362617990434097,0.11208589850518465
P3,R02,training,28,111,0,0.0,0.0,0.1362617990434097,0.11232217540858995
P3,R02,training,28,112,0,0.0,0.33313958060873217,0.15768013795924657,0.13025006554630306
P3,R02,training,28,113,0,0.0,0.33313958060873217,0.15768013795924657,0.13052165304993818
P3,R02,training,28,114,0,0.0,0.33313958060873217,0.15768013795924657,0.13079231404831526
P3,R02,training,28,115,0,0.0,0.33313958060873217,0.15768013795924657,0.13106204043543576
P3,R02,training,28,116,0,0.0,0.33313958060873217,0.15768013795924657,0.1313308241205725
P3,R02,training,28,117,0,0.0,0.33313958060873217,0.15768013795924657,0.1315986570286708
P3,R02,training,28,118,0,0.0,0.33313958060873217,0.15768013795924657,0.13186553110074986
P3,R02,training,28,119,0,0.0,0.33313958060873217,0.15768013795924657,0.13213143829430365
P3,R02,training,28,120,0,0.0,0.33313958060873217,0.15768013795924657,0.132396370583702
P3,R02,training,28,121,0,0.0,0.33313958060873217,0.15768013795924657,0.13266031996059124
P3,R02,training,28,122,0,0.0,0.33313958060873217,0.15768013795924657,0.13292327843429502
P3,R02,training,28,123,0,0.0,0.33313958060873217,0.15768013795924657,0.13318523803221458
P3,R02,training,28,124,0,0.0,0.33313958060873217,0.15768013795924657,0.13344619080022885
P3,R02,training,28,125,0,0.0,0.33313958060873217,0.15768013795924657,0.13370612880309451
P3,R02,training,28,126,0,0.0,0.33313958060873217,0.15768013795924657,0.13396504412484564
P3,R02,training,28,127,0,0.0,0.33313958060873217,0.15768013795924657,0.13422292886919274
P3,R02,training,28,128,0,0.0,0.33318744386453714,0.17913067242102487,0.1527741722147093
P3,R02,training,28,129,0,0.0,0.33318744386453714,0.17913067242102487,0.15306477078508993
P3,R02,training,28,130,0,0.0,0.33318744386453714,0.17913067242102487,0.15335417180728006
P3,R02,training,28,131,0,0.0,0.33318744386453714,0.17913067242102487,0.15364236640473392
P3,R02,training,28,132,0,0.0,0.33318744386453714,0.17913067242102487,0.15392934572552044
P3,R02,training,28,133,0,0.0,0.33318744386453714,0.17913067242102487,0.15421510094277427
P3,R02,training,28,134,0,0.0,0.33318744386453714,0.17913067242102487,0.15449962325514574
P3,R02,training,28,135,0,0.0,0.33318744386453714,0.17913067242102487,0.15478290388725052
P3,R02,training,28,136,0,0.0,0.33318744386453714,0.17913067242102487,0.15506493409011857
P3,R02,training,28,137,0,0.0,0.33318744386453714,0.17913067242102487,0.15534570514164223
P3,R02,training,28,138,0,0.0,0.33318744386453714,0.17913067242102487,0.15562520834702379
P3,R02,training,28,139,0,0.0,0.33318744386453714,0.17913067242102487,0.1559034350392223
P3,R02,training,28,140,0,0.0,0.33318744386453714,0.17913067242102487,0.15618037657939943
P3,R02,training,28,141,0,0.0,0.33318744386453714,0.17913067242102487,0.15645602435736466
P3,R02,training,28,142,0,0.0,0.33318744386453714,0.17913067242102487,0.15673036979201974
P3,R02,training,28,143,0,0.0,0.33318744386453714,0.17913067242102487,0.15700340433180193
P3,R02,training,28,144,0,0.0,0.333321304537196,0.20045477728019603,0.17599749175280455
P3,R02,training,28,145,0,0.0,0.333321304537196,0.20045477728019603,0.17630006645076404
P3,R02,training,28,146,0,0.0,0.333321304537196,0.20045477728019603,0.17660114569665233
P3,R02,training,28,147,0,0.0,0.333321304537196,0.20045477728019603,0.17690072005805793
P3,R02,training,28,148,0,0.0,0.333321304537196,0.20045477728019603,0.1771987801380863
P3,R02,training,28,149,0,0.0,0.333321304537196,0.20045477728019603,0.17749531657584933
P3,R02,training,28,150,0,0.0,0.333321304537196,0.20045477728019603,0.17779032004695372
P3,R02,training,28,151,0,0.0,0.333321304537196,0.20045477728019603,0.17808378126398813
P3,R02,training,28,152,0,0.0,0.333321304537196,0.20045477728019603,0.17837569097700898
P3,R02,training,28,153,0,0.0,0.333321304537196,0.20045477728019603,0.17866603997402497
P3,R02,training,28,154,0,0.0,0.333321304537196,0.20045477728019603,0.17895481908148017
P3,R02,training,28,155,0,0.0,0.333321304537196,0.20045477728019603,0.17924201916473567
P3,R02,training,28,156,0,0.0,0.333321304537196,0.20045477728019603,0.17952763112855
P3,R02,training,28,157,0,0.0,0.333321304537196,0.20045477728019603,0.17981164591755772
P3,R02,training,28,158,0,0.0,0.333321304537196,0.20045477728019603,0.18009405451674687
P3,R02,training,28,159,0,0.0,0.333321304537196,0.20045477728019603,0.18037484795193456
P3,R02,training,28,160,0,0.0,0.0,0.22152826456966118,0.19964588263169566
P3,R02,training,28,161,0,0.0,0.0,0.22152826456966118,0.1999525959307051
P3,R02,training,28,162,0,0.0,0.0,0.22152826456966118,0.2002574947892148
P3,R02,training,28,163,0,0.0,0.0,0.22152826456966118,0.20056056947530812
P3,R02,training,28,164,0,0.0,0.0,0.22152826456966118,0.20086181030479167
P3,R02,training,28,165,0,0.0,0.0,0.22152826456966118,0.20116120764170992
P3,R02,training,28,166,0,0.0,0.0,0.22152826456966118,0.20145875189885776
P3,R02,training,28,167,0,0.0,0.0,0.22152826456966118,0.2017544335382914
P3,R02,training,28,168,0,0.0,0.0,0.22152826456966118,0.20204824307183686
P3,R02,training,28,169,0,0.0,0.0,0.22152826456966118,0.20234017106159646
P3,R02,training,28,170,0,0.0,0.0,0.22152826456966118,0.2026302081204534
P3,R02,training,28,171,0,0.0,0.0,0.22152826456966118,0.2029183449125738
P3,R02,training,28,172,0,0.0,0.0,0.22152826456966118,0.20320457215390683
P3,R02,training,28,173,0,0.0,0.0,0.22152826456966118,0.20348888061268253
P3,R02,training,28,174,0,0.0,0.0,0.22152826456966118,0.2037712611099072
P3,R02,training,28,175,0,0.0,0.0,0.22152826456966118,0.20405170451985663
P3,R02,training,28,176,0,0.0,0.3329300648559831,0.2244732165888607,0.20704652621547076
P3,R02,training,28,177,0,0.0,0.3329300648559831,0.2244732165888607,0.20732674458371733
P3,R02,training,28,178,0,0.0,0.3329300648559831,0.2244732165888607,0.20760497270114978
P3,R02,training,28,179,0,0.0,0.3329300648559831,0.2244732165888607,0.20788120154158812
P3,R02,training,28,180,0,0.0,0.3329300648559831,0.2244732165888607,0.20815542213529226
P3,R02,training,28,181,0,0.0,0.3329300648559831,0.2244732165888607,0.2084276255694467
P3,R02,training,28,182,0,0.0,0.3329300648559831,0.2244732165888607,0.20869780298864302
P3,R02,training,28,183,0,0.0,0.3329300648559831,0.2244732165888607,0.2089659455953593
P3,R02,training,28,184,0,0.0,0.3329300648559831,0.2244732165888607,0.20923204465043713
P3,R02,training,28,185,0,0.0,0.3329300648559831,0.2244732165888607,0.2094960914735558
P3,R02,training,28,186,0,0.0,0.3329300648559831,0.2244732165888607,0.20975807744370378
P3,R02,training,28,187,0,0.0,0.3329300648559831,0.2244732165888607,0.2100179939996475
P3,R02,training,28,188,0,0.0,0.3329300648559831,0.2244732165888607,0.2102758326403969
P3,R02,training,28,189,0,0.0,0.3329300648559831,0.2244732165888607,0.21053158492566873
P3,R02,training,28,190,0,0.0,0.3329300648559831,0.2244732165888607,0.21078524247634656
P3,R02,training,28,191,0,0.0,0.3329300648559831,0.2244732165888607,0.21103679697493774
P3,R02,training,28,192,0,1.0,0.3341623210131084,0.24597699403841417,0.23152674972759776
P3,R02,training,28,193,0,1.0,0.3341623210131084,0.24597699403841417,0.2317977661941427
P3,R02,training,28,194,0,1.0,0.3341623210131084,0.24597699403841417,0.23206645121058414
P3,R02,training,28,195,0,1.0,0.3341623210131084,0.24597699403841417,0.232332795937695
P3,R02,training,28,196,0,1.0,0.3341623210131084,0.24597699403841417,0.2325967916062309
P3,R02,training,28,197,0,1.0,0.3341623210131084,0.24597699403841417,0.23285842951741087
P3,R02,training,28,198,0,1.0,0.3341623210131084,0.24597699403841417,0.23311770104339488
P3,R02,training,28,199,0,1.0,0.3341623210131084,0.24597699403841417,0.23337459762775767
P3,R02,training,28,200,0,1.0,0.3341623210131084,0.24597699403841417,0.2336291107859593
P3,R02,training,28,201,0,1.0,0.3341623210131084,0.24597699403841417,0.23388123210581166
P3,R02,training,28,202,0,1.0,0.3341623210131084,0.24597699403841417,0.2341309532479418
P3,R02,training,28,203,0,1.0,0.3341623210131084,0.24597699403841417,0.2343782659462514
P3,R02,training,28,204,0,1.0,0.3341623210131084,0.24597699403841417,0.23462316200837266
P3,R02,training,28,205,0,1.0,0.3341623210131084,0.24597699403841417,0.23486563331612012
P3,R02,training,28,206,0,1.0,0.3341623210131084,0.24597699403841417,0.23510567182593936
P3,R02,training,28,207,0,1.0,0.3341623210131084,0.24597699403841417,0.23534326956935128
P3,R02,training,28,208,0,0.0,0.0,0.24772570797120672,0.23725320643009076
P3,R02,training,28,209,0,0.0,0.0,0.24772570797120672,0.23748755330955348
P3,R02,training,28,210,0,0.0,0.0,0.24772570797120672,0.2377194184532569
P3,R02,training,28,211,0,0.0,0.0,0.24772570797120672,0.23794879414290768
P3,R02,training,28,212,0,0.0,0.0,0.24772570797120672,0.23817567273800155
P3,R02,training,28,213,0,0.0,0.0,0.24772570797120672,0.2384000466762473
P3,R02,training,28,214,0,0.0,0.0,0.24772570797120672,0.2386219084739868
P3,R02,training,28,215,0,0.0,0.0,0.24772570797120672,0.23884125072661083
P3,R02,training,28,216,0,0.0,0.0,0.24772570797120672,0.239058066108971
P3,R02,training,28,217,0,0.0,0.0,0.24772570797120672,0.2392723473757872
P3,R02,training,28,218,0,0.0,0.0,0.24772570797120672,0.239484087362051
P3,R02,training,28,219,0,0.0,0.0,0.24772570797120672,0.23969327898342513
P3,R02,training,28,220,0,0.0,0.0,0.24772570797120672,0.23989991523663806
P3,R02,training,28,221,0,0.0,0.0,0.24772570797120672,0.24010398919987494
P3,R02,training,28,222,0,0.0,0.0,0.24772570797120672,0.24030549403316387
P3,R02,training,28,223,0,0.0,0.0,0.24772570797120672,0.24050442297875796
P3,R02,training,28,224,0,0.0,0.3329744720515978,0.24737182397736263,0.24035692071423043
P3,R02,training,28,225,0,0.0,0.3329744720515978,0.24737182397736263,0.2405504011536616
P3,R02,training,28,226,0,0.0,0.3329744720515978,0.24737182397736263,0.24074128963724925
P3,R02,training,28,227,0,0.0,0.3329744720515978,0.24737182397736263,0.24092957974905715
P3,R02,training,28,228,0,0.0,0.3329744720515978,0.24737182397736263,0.241115265157098
P3,R02,training,28,229,0,0.0,0.3329744720515978,0.24737182397736263,0.24129833961368816
P3,R02,training,28,230,0,0.0,0.3329744720515978,0.24737182397736263,0.24147879695579788
P3,R02,training,28,231,0,0.0,0.3329744720515978,0.24737182397736263,0.24165663110539728
P3,R02,training,28,232,0,0.0,0.3329744720515978,0.24737182397736263,0.24183183606979736
P3,R02,training,28,233,0,0.0,0.3329744720515978,0.24737182397736263,0.2420044059419864
P3,R02,training,28,234,0,0.0,0.3329744720515978,0.24737182397736263,0.24217433490096218
P3,R02,training,28,235,0,0.0,0.3329744720515978,0.24737182397736263,0.24234161721205894
P3,R02,training,28,236,0,0.0,0.3329744720515978,0.24737182397736263,0.24250624722726996
P3,R02,training,28,237,0,0.0,0.3329744720515978,0.24737182397736263,0.24266821938556538
P3,R02,training,28,238,0,0.0,0.3329744720515978,0.24737182397736263,0.24282752821320525
P3,R02,training,28,239,0,0.0,0.3329744720515978,0.24737182397736263,0.24298416832404782
P3,R02,training,28,240,0,0.0,0.33300809587929237,0.2462921890948404,0.24207697714263998
P3,R02,training,28,241,0,0.0,0.33300809587929237,0.2462921890948404,0.24222760373371183
P3,R02,training,28,242,0,0.0,0.33300809587929237,0.2462921890948404,0.24237555769378083
P3,R02,training,28,243,0,0.0,0.33300809587929237,0.2462921890948404,0.24252083401204955
P3,R02,training,28,244,0,0.0,0.33300809587929237,0.2462921890948404,0.24266342776639904
P3,R02,training,28,245,0,0.0,0.33300809587929237,0.2462921890948404,0.24280333412366675
P3,R02,training,28,246,0,0.0,0.33300809587929237,0.2462921890948404,0.2429405483399195
P3,R02,training,28,247,0,0.0,0.33300809587929237,0.2462921890948404,0.2430750657607215
P3,R02,training,28,248,0,0.0,0.33300809587929237,0.2462921890948404,0.24320688182139766
P3,R02,training,28,249,0,0.0,0.33300809587929237,0.2462921890948404,0.24333599204729162
P3,R02,training,28,250,0,0.0,0.33300809587929237,0.2462921890948404,0.24346239205401887
P3,R02,training,28,251,0,0.0,0.33300809587929237,0.2462921890948404,0.24358607754771502
P3,R02,training,28,252,0,0.0,0.33300809587929237,0.2462921890948404,0.2437070443252788
P3,R02,training,28,253,0,0.0,0.33300809587929237,0.2462921890948404,0.24382528827461009
P3,R02,training,28,254,0,0.0,0.33300809587929237,0.2462921890948404,0.24394080537484292
P3,R02,training,28,255,0,0.0,0.33300809587929237,0.2462921890948404,0.24405359169657345
P3,R02,training,28,256,0,0.0,0.33312130168954895,0.24589598718593528,0.24377086561259328
P3,R02,training,28,257,0,0.0,0.33312130168954895,0.24589598718593528,0.2438780063247206
P3,R02,training,28,258,0,0.0,0.33312130168954895,0.24589598718593528,0.24398240943209595
P3,R02,training,28,259,0,0.0,0.33312130168954895,0.24589598718593528,0.24408407137906896
P3,R02,training,28,260,0,0.0,0.33312130168954895,0.24589598718593528,0.24418298870236466
P3,R02,training,28,261,0,0.0,0.33312130168954895,0.24589598718593528,0.24427915803128045
P3,R02,training,28,262,0,0.0,0.33312130168954895,0.24589598718593528,0.2443725760878772
P3,R02,training,28,263,0,0.0,0.33312130168954895,0.24589598718593528,0.2444632396871657
P3,R02,training,28,264,0,0.0,0.33312130168954895,0.24589598718593528,0.24455114573728756
P3,R02,training,28,265,0,0.0,0.33312130168954895,0.24589598718593528,0.2446362912396908
P3,R02,training,28,266,0,0.0,0.33312130168954895,0.24589598718593528,0.2447186732893006
P3,R02,training,28,267,0,0.0,0.33312130168954895,0.24589598718593528,0.24479828907468432
P3,R02,training,28,268,0,0.0,0.33312130168954895,0.24589598718593528,0.24487513587821141
P3,R02,training,28,269,0,0.0,0.33312130168954895,0.24589598718593528,0.244949211076208
P3,R02,training,28,270,0,0.0,0.33312130168954895,0.24589598718593528,0.2450205121391063
P3,R02,training,28,271,0,0.0,0.33312130168954895,0.24589598718593528,0.24508903663158849
P3,R02,training,28,272,0,1.0,0.3338391243049837,0.24620897941872913,0.24546683099214212
P3,R02,training,28,273,0,1.0,0.3338391243049837,0.24620897941872913,0.2455298755606954
P3,R02,training,28,274,0,1.0,0.3338391243049837,0.24620897941872913,0.24559013327696314
P3,R02,training,28,275,0,1.0,0.3338391243049837,0.24620897941872913,0.2456476020813419
P3,R02,training,28,276,0,1.0,0.3338391243049837,0.24620897941872913,0.24570228000923872
P3,R02,training,28,277,0,1.0,0.3338391243049837,0.24620897941872913,0.24575416519118282
P3,R02,training,28,278,0,1.0,0.3338391243049837,0.24620897941872913,0.24580325585293222
P3,R02,training,28,279,0,1.0,0.3338391243049837,0.24620897941872913,0.24584955031557493
P3,R02,training,28,280,0,1.0,0.3338391243049837,0.24620897941872913,0.2458930469956245
P3,R02,training,28,281,0,1.0,0.3338391243049837,0.24620897941872913,0.24593374440511043
P3,R02,training,28,282,0,1.0,0.3338391243049837,0.24620897941872913,0.24597164115166284
P3,R02,training,28,283,0,1.0,0.3338391243049837,0.24620897941872913,0.24600673593859218
P3,R02,training,28,284,0,1.0,0.3338391243049837,0.24620897941872913,0.24603902756496274
P3,R02,training,28,285,0,1.0,0.3338391243049837,0.24620897941872913,0.2460685149256615
P3,R02,training,28,286,0,1.0,0.3338391243049837,0.24620897941872913,0.24609519701146104
P3,R02,training,28,287,0,1.0,0.3338391243049837,0.24620897941872913,0.246119072909077
P3,R02,training,28,288,0,0.0,0.3330558655426961,0.24580999529075573,0.24574126922529868
P3,R02,training,28,289,0,0.0,0.3330558655426961,0.24580999529075573,0.2457595007983201
P3,R02,training,28,290,0,0.0,0.3330558655426961,0.24580999529075573,0.24577492857042016
P3,R02,training,28,291,0,0.0,0.3330558655426961,0.24580999529075573,0.24578755201341082
P3,R02,training,28,292,0,0.0,0.3330558655426961,0.24580999529075573,0.2457973706950971
P3,R02,training,28,293,0,0.0,0.3330558655426961,0.24580999529075573,0.24580438427930176
P3,R02,training,28,294,0,0.0,0.3330558655426961,0.24580999529075573,0.24580859252588452
P3,R02,training,28,295,0,0.0,0.3330558655426961,0.24580999529075573,0.24580999529075573
P3,R02,training,28,296,0,0.0,0.3330558655426961,0.24580999529075573,0.24580859252588452
P3,R02,training,28,297,0,0.0,0.3330558655426961,0.24580999529075573,0.24580438427930176
P3,R02,training,28,298,0,0.0,0.3330558655426961,0.24580999529075573,0.2457973706950971
P3,R02,training,28,299,0,0.0,0.3330558655426961,0.24580999529075573,0.24578755201341082
P3,R02,training,28,300,0,0.0,0.3330558655426961,0.24580999529075573,0.24577492857042016
P3,R02,training,28,301,0,0.0,0.3330558655426961,0.24580999529075573,0.2457595007983201
P3,R02,training,28,302,0,0.0,0.3330558655426961,0.24580999529075573,0.24574126922529868
P3,R02,training,28,303,0,0.0,0.3330558655426961,0.24580999529075573,0.24572023447550695
P3,R02,training,28,304,0,1.0,0.3341535588924708,0.24477075107720853,0.24465763332922005
P3,R02,training,28,305,0,1.0,0.3341535588924708,0.24477075107720853,0.24463110710667174
P3,R02,training,28,306,0,1.0,0.3341535588924708,0.24477075107720853,0.24460179199622142
P3,R02,training,28,307,0,1.0,0.3341535588924708,0.24477075107720853,0.24456968900120113
P3,R02,training,28,308,0,1.0,0.3341535588924708,0.24477075107720853,0.2445347992202684
P3,R02,training,28,309,0,1.0,0.3341535588924708,0.24477075107720853,0.24449712384734368
P3,R02,training,28,310,0,1.0,0.3341535588924708,0.24477075107720853,0.24445666417154194
P3,R02,training,28,311,0,1.0,0.3341535588924708,0.24477075107720853,0.24441342157709944
P3,R02,training,28,312,0,1.0,0.3341535588924708,0.24477075107720853,0.2443673975432948
P3,R02,training,28,313,0,1.0,0.3341535588924708,0.24477075107720853,0.24431859364436453
P3,R02,training,28,314,0,1.0,0.3341535588924708,0.24477075107720853,0.24426701154941324
P3,R02,training,28,315,0,1.0,0.3341535588924708,0.24477075107720853,0.24421265302231873
P3,R02,training,28,316,0,1.0,0.3341535588924708,0.24477075107720853,0.2441555199216312
P3,R02,training,28,317,0,1.0,0.3341535588924708,0.24477075107720853,0.24409561420046755
P3,R02,training,28,318,0,1.0,0.3341535588924708,0.24477075107720853,0.24403293790639996
P3,R02,training,28,319,0,1.0,0.3341535588924708,0.24477075107720853,0.24396749318133942
P3,R02,training,28,320,0,0.0,0.0,0.24436399389176355,0.24349397327270425
P3,R02,training,28,321,0,0.0,0.0,0.24436399389176355,0.24342311643320086
P3,R02,training,28,322,0,0.0,0.0,0.24436399389176355,0.2433495027421524
P3,R02,training,28,323,0,0.0,0.0,0.24436399389176355,0.24327313471336673
P3,R02,training,28,324,0,0.0,0.0,0.24436399389176355,0.24319401495417162
P3,R02,training,28,325,0,0.0,0.0,0.24436399389176355,0.24311214616526608
P3,R02,training,28,326,0,0.0,0.0,0.24436399389176355,0.24302753114056685
P3,R02,training,28,327,0,0.0,0.0,0.24436399389176355,0.24294017276704943
P3,R02,training,28,328,0,0.0,0.0,0.24436399389176355,0.24285007402458403
P3,R02,training,28,329,0,0.0,0.0,0.24436399389176355,0.242757237985766
P3,R02,training,28,330,0,0.0,0.0,0.24436399389176355,0.2426616678157413
P3,R02,training,28,331,0,0.0,0.0,0.24436399389176355,0.24256336677202664
P3,R02,training,28,332,0,0.0,0.0,0.24436399389176355,0.24246233820432436
P3,R02,training,28,333,0,0.0,0.0,0.24436399389176355,0.24235858555433232
P3,R02,training,28,334,0,0.0,0.0,0.24436399389176355,0.2422521123555483
P3,R02,training,28,335,0,0.0,0.0,0.24436399389176355,0.24214292223306969
P3,R02,training,28,336,0,0.0,0.0,0.26242315782455655,0.2599177696377579
P3,R02,training,28,337,0,0.0,0.0,0.26242315782455655,0.25979468671605727
P3,R02,training,28,338,0,0.0,0.0,0.26242315782455655,0.2596686983495922
P3,R02,training,28,339,0,0.0,0.0,0.26242315782455655,0.2595398088225763
P3,R02,training,28,340,0,0.0,0.0,0.26242315782455655,0.2594080225164327
P3,R02,training,28,341,0,0.0,0.0,0.26242315782455655,0.2592733439095458
P3,R02,training,28,342,0,0.0,0.0,0.26242315782455655,0.2591357775770078
P3,R02,training,28,343,0,0.0,0.0,0.26242315782455655,0.25899532819035953
P3,R02,training,28,344,0,0.0,0.0,0.26242315782455655,0.2588520005173261
P3,R02,training,28,345,0,0.0,0.0,0.26242315782455655,0.25870579942154714
P3,R02,training,28,346,0,0.0,0.0,0.26242315782455655,0.2585567298623018
P3,R02,training,28,347,0,0.0,0.0,0.26242315782455655,0.2584047968942285
P3,R02,training,28,348,0,0.0,0.0,0.26242315782455655,0.25825000566703893
P3,R02,training,28,349,0,0.0,0.0,0.26242315782455655,0.2580923614252274
P3,R02,training,28,350,0,0.0,0.0,0.26242315782455655,0.25793186950777486
P3,R02,training,28,351,0,0.0,0.0,0.26242315782455655,0.25776853534784716
P3,R02,training,28,352,0,0.0,0.33307585419172714,0.24309634730982038,0.2386305933544983
P3,R02,training,28,353,0,0.0,0.33307585419172714,0.24309634730982038,0.23847403795756267
P3,R02,training,28,354,0,0.0,0.33307585419172714,0.24309634730982038,0.2383148652619241
P3,R02,training,28,355,0,0.0,0.33307585419172714,0.24309634730982038,0.2381530806467166
P3,R02,training,28,356,0,0.0,0.33307585419172714,0.24309634730982038,0.23798868957685537
P3,R02,training,28,357,0,0.0,0.33307585419172714,0.24309634730982038,0.2378216976027292
P3,R02,training,28,358,0,0.0,0.33307585419172714,0.24309634730982038,0.23765211035988815
P3,R02,training,28,359,0,0.0,0.33307585419172714,0.24309634730982038,0.23747993356872657
P3,R02,training,28,360,0,0.0,0.33307585419172714,0.24309634730982038,0.23730517303416176
P3,R02,training,28,361,0,0.0,0.33307585419172714,0.24309634730982038,0.23712783464530737
P3,R02,training,28,362,0,0.0,0.33307585419172714,0.24309634730982038,0.2369479243751431
P3,R02,training,28,363,0,0.0,0.33307585419172714,0.24309634730982038,0.23676544828017929
P3,R02,training,28,364,0,0.0,0.33307585419172714,0.24309634730982038,0.23658041250011708
P3,R02,training,28,365,0,0.0,0.33307585419172714,0.24309634730982038,0.23639282325750427
P3,R02,training,28,366,0,0.0,0.33307585419172714,0.24309634730982038,0.23620268685738652
P3,R02,training,28,367,0,0.0,0.33307585419172714,0.24309634730982038,0.23601000968695424
P3,R02,training,28,368,0,0.0,0.3332272228952639,0.2231658068494762,0.2164812441367862
P3,R02,training,28,369,0,0.0,0.3332272228952639,0.2231658068494762,0.2162997167972409
P3,R02,training,28,370,0,0.0,0.3332272228952639,0.2231658068494762,0.21611587503517385
P3,R02,training,28,371,0,0.0,0.3332272228952639,0.2231658068494762,0.21592972501243188
P3,R02,training,28,372,0,0.0,0.3332272228952639,0.2231658068494762,0.21574127296459059
P3,R02,training,28,373,0,0.0,0.3332272228952639,0.2231658068494762,0.21555052520060658
P3,R02,training,28,374,0,0.0,0.3332272228952639,0.2231658068494762,0.21535748810246527
P3,R02,training,28,375,0,0.0,0.3332272228952639,0.2231658068494762,0.2151621681248253
P3,R02,training,28,376,0,0.0,0.3332272228952639,0.2231658068494762,0.21496457179465872
P3,R02,training,28,377,0,0.0,0.3332272228952639,0.2231658068494762,0.2147647057108877
P3,R02,training,28,378,0,0.0,0.3332272228952639,0.2231658068494762,0.21456257654401728
P3,R02,training,28,379,0,0.0,0.3332272228952639,0.2231658068494762,0.2143581910357644
P3,R02,training,28,380,0,0.0,0.3332272228952639,0.2231658068494762,0.2141515559986833
P3,R02,training,28,381,0,0.0,0.3332272228952639,0.2231658068494762,0.2139426783157871
P3,R02,training,28,382,0,0.0,0.3332272228952639,0.2231658068494762,0.2137315649401659
P3,R02,training,28,383,0,0.0,0.3332272228952639,0.2231658068494762,0.213518222894601
P3,R02,training,28,384,0,1.0,0.333715402515585,0.20274652401430124,0.19378583726944854
P3,R02,training,28,385,0,1.0,0.333715402515585,0.20274652401430124,0.19358798554073026
P3,R02,training,28,386,0,1.0,0.333715402515585,0.20274652401430124,0.19338812857845142
P3,R02,training,28,387,0,1.0,0.333715402515585,0.20274652401430124,0.1931862730125113
P3,R02,training,28,388,0,1.0,0.333715402515585,0.20274652401430124,0.1929824255343238
P3,R02,training,28,389,0,1.0,0.333715402515585,0.20274652401430124,0.19277659289644766
P3,R02,training,28,390,0,1.0,0.333715402515585,0.20274652401430124,0.192568781912214
P3,R02,training,28,391,0,1.0,0.333715402515585,0.20274652401430124,0.19235899945535048
P3,R02,training,28,392,0,1.0,0.333715402515585,0.20274652401430124,0.1921472524596027
P3,R02,training,28,393,0,1.0,0.333715402515585,0.20274652401430124,0.19193354791835227
P3,R02,training,28,394,0,1.0,0.333715402515585,0.20274652401430124,0.19171789288423222
P3,R02,training,28,395,0,1.0,0.333715402515585,0.20274652401430124,0.19150029446873926
P3,R02,training,28,396,0,1.0,0.333715402515585,0.20274652401430124,0.19128075984184306
P3,R02,training,28,397,0,1.0,0.333715402515585,0.20274652401430124,0.1910592962315929
P3,R02,training,28,398,0,1.0,0.333715402515585,0.20274652401430124,0.19083591092372124
P3,R02,training,28,399,0,1.0,0.333715402515585,0.20274652401430124,0.19061061126124432
P3,R02,training,28,400,0,0.0,0.0,0.18193815958212722,0.1708438969512321
P3,R02,training,28,401,0,0.0,0.0,0.18193815958212722,0.17063830454855825
P3,R02,training,28,402,0,0.0,0.0,0.18193815958212722,0.17043101433906965
P3,R02,training,28,403,0,0.0,0.0,0.18193815958212722,0.17022203311413792
P3,R02,training,28,404,0,0.0,0.0,0.18193815958212722,0.1700113677147111
P3,R02,training,28,405,0,0.0,0.0,0.18193815958212722,0.16979902503094063
P3,R02,training,28,406,0,0.0,0.0,0.18193815958212722,0.16958501200180626
P3,R02,training,28,407,0,0.0,0.0,0.18193815958212722,0.16936933561473833
P3,R02,training,28,408,0,0.0,0.0,0.18193815958212722,0.169152002905238
P3,R02,training,28,409,0,0.0,0.0,0.18193815958212722,0.16893302095649504
P3,R02,training,28,410,0,0.0,0.0,0.18193815958212722,0.16871239689900355
P3,R02,training,28,411,0,0.0,0.0,0.18193815958212722,0.1684901379101754
P3,R02,training,28,412,0,0.0,0.0,0.18193815958212722,0.16826625121395136
P3,R02,training,28,413,0,0.0,0.0,0.18193815958212722,0.16804074408041048
P3,R02,training,28,414,0,0.0,0.0,0.18193815958212722,0.16781362382537682
P3,R02,training,28,415,0,0.0,0.0,0.18193815958212722,0.16758489781002453
P3,R02,training,28,416,0,1.0,0.33362888369817945,0.16096471864704665,0.14806229704650575
P3,R02,training,28,417,0,1.0,0.33362888369817945,0.16096471864704665,0.1478571164688694
P3,R02,training,28,418,0,1.0,0.33362888369817945,0.16096471864704665,0.1476505350145132
P3,R02,training,28,419,0,1.0,0.33362888369817945,0.16096471864704665,0.1474425593529885
P3,R02,training,28,420,0,1.0,0.33362888369817945,0.16096471864704665,0.14723319619219447
P3,R02,training,28,421,0,1.0,0.33362888369817945,0.16096471864704665,0.14702245227801802
P3,R02,training,28,422,0,1.0,0.33362888369817945,0.16096471864704665,0.14681033439397223
P3,R02,training,28,423,0,1.0,0.33362888369817945,0.16096471864704665,0.14659684936083286
P3,R02,training,28,424,0,1.0,0.33362888369817945,0.16096471864704665,0.14638200403627352
P3,R02,training,28,425,0,1.0,0.33362888369817945,0.16096471864704665,0.1461658053144992
P3,R02,training,28,426,0,1.0,0.33362888369817945,0.16096471864704665,0.14594826012587805
P3,R02,training,28,427,0,1.0,0.33362888369817945,0.16096471864704665,0.14572937543657208
P3,R02,training,28,428,0,1.0,0.33362888369817945,0.16096471864704665,0.1455091582481658
P3,R02,training,28,429,0,1.0,0.33362888369817945,0.16096471864704665,0.1452876155972939
P3,R02,training,28,430,0,1.0,0.33362888369817945,0.16096471864704665,0.14506475455526718
P3,R02,training,28,431,0,1.0,0.33362888369817945,0.16096471864704665,0.14484058222769722
P3,R02,training,28,432,0,0.0,0.33313774759132375,0.13987241141224227,0.12566520004187434
P3,R02,training,28,433,0,0.0,0.33313774759132375,0.13987241141224227,0.12546814227000133
P3,R02,training,28,434,0,0.0,0.33313774759132375,0.13987241141224227,0.12526996373839308
P3,R02,training,28,435,0,0.0,0.33313774759132375,0.13987241141224227,0.12507067073750314
P3,R02,training,28,436,0,0.0,0.33313774759132375,0.13987241141224227,0.12487026958594269
P3,R02,training,28,437,0,0.0,0.33313774759132375,0.13987241141224227,0.12466876663014745
P3,R02,training,28,438,0,0.0,0.33313774759132375,0.13987241141224227,0.12446616824404372
P3,R02,training,28,439,0,0.0,0.33313774759132375,0.13987241141224227,0.12426248082871308
P3,R02,training,28,440,0,0.0,0.33313774759132375,0.13987241141224227,0.12405771081205641
P3,R02,training,28,441,0,0.0,0.33313774759132375,0.13987241141224227,0.12385186464845675
P3,R02,training,28,442,0,0.0,0.33313774759132375,0.13987241141224227,0.12364494881844121
P3,R02,training,28,443,0,0.0,0.33313774759132375,0.13987241141224227,0.12343696982834203
P3,R02,training,28,444,0,0.0,0.33313774759132375,0.13987241141224227,0.12322793420995656
P3,R02,training,28,445,0,0.0,0.33313774759132375,0.13987241141224227,0.12301784852020667
P3,R02,training,28,446,0,0.0,0.33313774759132375,0.13987241141224227,0.12280671934079694
P3,R02,training,28,447,0,0.0,0.33313774759132375,0.13987241141224227,0.12259455327787229
P3,R02,training,28,448,0,1.0,0.3335779556696548,0.13657700844839105,0.11949804435999929
P3,R02,training,28,449,0,1.0,0.3335779556696548,0.13657700844839105,0.11928887147944094
P3,R02,training,28,450,0,1.0,0.3335779556696548,0.13657700844839105,0.11907870563575194
P3,R02,training,28,451,0,1.0,0.3335779556696548,0.13657700844839105,0.11886755337153455
P3,R02,training,28,452,0,1.0,0.3335779556696548,0.13657700844839105,0.11865542125157216
P3,R02,training,28,453,0,1.0,0.3335779556696548,0.13657700844839105,0.11844231586249045
P3,R02,training,28,454,0,1.0,0.3335779556696548,0.13657700844839105,0.11822824381241809
P3,R02,training,28,455,0,1.0,0.3335779556696548,0.13657700844839105,0.11801321173064665
P3,R02,training,28,456,0,1.0,0.3335779556696548,0.13657700844839105,0.11779722626729001
P3,R02,training,28,457,0,1.0,0.3335779556696548,0.13657700844839105,0.11758029409294311
P3,R02,training,28,458,0,1.0,0.3335779556696548,0.13657700844839105,0.1173624218983403
P3,R02,training,28,459,0,1.0,0.3335779556696548,0.13657700844839105,0.11714361639401298
P3,R02,training,28,460,0,1.0,0.3335779556696548,0.13657700844839105,0.11692388430994687
P3,R02,training,28,461,0,1.0,0.3335779556696548,0.13657700844839105,0.11670323239523883
P3,R02,training,28,462,0,1.0,0.3335779556696548,0.13657700844839105,0.11648166741775312
P3,R02,training,28,463,0,1.0,0.3335779556696548,0.13657700844839105,0.11625919616377739
P3,R02,training,28,464,0,0.0,0.0,0.13209300298589055,0.11222621442760151
P3,R02,training,28,465,0,0.0,0.0,0.13209300298589055,0.11200931391741803
P3,R02,training,28,466,0,0.0,0.0,0.13209300298589055,0.11179155667904246
P3,R02,training,28,467,0,0.0,0.0,0.13209300298589055,0.11157294934389798
P3,R02,training,28,468,0,0.0,0.0,0.13209300298589055,0.11135349855955688
P3,R02,training,28,469,0,0.0,0.0,0.13209300298589055,0.11113321098940587
P3,R02,training,28,470,0,0.0,0.0,0.13209300298589055,0.11091209331231094
P3,R02,training,28,471,0,0.0,0.0,0.13209300298589055,0.11069015222228222
P3,R02,training,28,472,0,0.0,0.0,0.13209300298589055,0.11046739442813856
P3,R02,training,28,473,0,0.0,0.0,0.13209300298589055,0.11024382665317184
P3,R02,training,28,474,0,0.0,0.0,0.13209300298589055,0.11001945563481129
P3,R02,training,28,475,0,0.0,0.0,0.13209300298589055,0.10979428812428754
P3,R02,training,28,476,0,0.0,0.0,0.13209300298589055,0.10956833088629671
P3,R02,training,28,477,0,0.0,0.0,0.13209300298589055,0.10934159069866427
P3,R02,training,28,478,0,0.0,0.0,0.13209300298589055,0.1091140743520089
P3,R02,training,28,479,0,0.0,0.0,0.13209300298589055,0.10888578864940639
P3,R02,training,28,480,0,0.0,0.0,0.10890117299901377,0.08957966142788402
P3,R02,training,28,481,0,0.0,0.0,0.10890117299901377,0.08939020460636646
P3,R02,training,28,482,0,0.0,0.0,0.10890117299901377,0.0892001303910353
P3,R02,training,28,483,0,0.0,0.0,0.10890117299901377,0.08900944442884526
P3,R02,training,28,484,0,0.0,0.0,0.10890117299901377,0.08881815237563552
P3,R02,training,28,485,0,0.0,0.0,0.10890117299901377,0.08862625989585278
P3,R02,training,28,486,0,0.0,0.0,0.10890117299901377,0.08843377266227445
P3,R02,training,28,487,0,0.0,0.0,0.10890117299901377,0.08824069635573195
P3,R02,training,28,488,0,0.0,0.0,0.10890117299901377,0.0880470366648341
P3,R02,training,28,489,0,0.0,0.0,0.10890117299901377,0.08785279928569081
P3,R02,training,28,490,0,0.0,0.0,0.10890117299901377,0.0876579899216368
P3,R02,training,28,491,0,0.0,0.0,0.10890117299901377,0.08746261428295557
P3,R02,training,28,492,0,0.0,0.0,0.10890117299901377,0.08726667808660359
P3,R02,training,28,493,0,0.0,0.0,0.10890117299901377,0.08707018705593472
P3,R02,training,28,494,0,0.0,0.0,0.10890117299901377,0.08687314692042494
P3,R02,training,28,495,0,0.0,0.0,0.10890117299901377,0.08667556341539719
P3,R02,training,28,496,0,0.0,0.0,0.08622076378157009,0.06846713325554687
P3,R02,training,28,497,0,0.0,0.0,0.08622076378157009,0.06830985290399258
P3,R02,training,28,498,0,0.0,0.0,0.08622076378157009,0.06815215599645631
P3,R02,training,28,499,0,0.0,0.0,0.08622076378157009,0.06799404709013254
P3,R02,training,28,500,0,0.0,0.0,0.08622076378157009,0.06783553074575979
P3,R02,training,28,501,0,0.0,0.0,0.08622076378157009,0.06767661152740455
P3,R02,training,28,502,0,0.0,0.0,0.08622076378157009,0.0675172940022453
P3,R02,training,28,503,0,0.0,0.0,0.08622076378157009,0.06735758274035701
P3,R02,training,28,504,0,0.0,0.0,0.08622076378157009,0.06719748231449593
P3,R02,training,28,505,0,0.0,0.0,0.08622076378157009,0.06703699729988472
P3,R02,training,28,506,0,0.0,0.0,0.08622076378157009,0.06687613227399793
P3,R02,training,28,507,0,0.0,0.0,0.08622076378157009,0.06671489181634795
P3,R02,training,28,508,0,0.0,0.0,0.08622076378157009,0.06655328050827128
P3,R02,training,28,509,0,0.0,0.0,0.08622076378157009,0.06639130293271522
P3,R02,training,28,510,0,0.0,0.0,0.08622076378157009,0.06622896367402502
P3,R02,training,28,511,0,0.0,0.0,0.08622076378157009,0.06606626731773138
P3,R02,training,28,512,0,0.0,0.0,0.0642319976381178,0.0490960087360226
P3,R02,training,28,513,0,0.0,0.0,0.0642319976381178,0.04897428281006489
P3,R02,training,28,514,0,0.0,0.0,0.0642319976381178,0.04885230110861656
P3,R02,training,28,515,0,0.0,0.0,0.0642319976381178,0.04873006704972346
P3,R02,training,28,516,0,0.0,0.0,0.0642319976381178,0.04860758405152853
P3,R02,training,28,517,0,0.0,0.0,0.0642319976381178,0.04848485553211569
P3,R02,training,28,518,0,0.0,0.0,0.0642319976381178,0.04836188490935419
P3,R02,training,28,519,0,0.0,0.0,0.0642319976381178,0.048238675600743235
P3,R02,training,28,520,0,0.0,0.0,0.0642319976381178,0.048115231023257155
P3,R02,training,28,521,0,0.0,0.0,0.0642319976381178,0.047991554593190926
P3,R02,training,28,522,0,0.0,0.0,0.0642319976381178,0.04786764972600615
P3,R02,training,28,523,0,0.0,0.0,0.0642319976381178,0.04774351983617746
P3,R02,training,28,524,0,0.0,0.0,0.0642319976381178,0.047619168337039386
P3,R02,training,28,525,0,0.0,0.0,0.0642319976381178,0.04749459864063372
P3,R02,training,28,526,0,0.0,0.0,0.0642319976381178,0.04736981415755726
P3,R02,training,28,527,0,0.0,0.0,0.0642319976381178,0.04724481829681012
P3,R02,training,28,528,0,0.0,0.0,0.060816858290085075,0.04461432029228908
P3,R02,training,28,529,0,0.0,0.0,0.060816858290085075,0.04449557971216711
P3,R02,training,28,530,0,0.0,0.0,0.060816858290085075,0.04437664866581772
P3,R02,training,28,531,0,0.0,0.0,0.060816858290085075,0.04425753037351415
P3,R02,training,28,532,0,0.0,0.0,0.060816858290085075,0.04413822805330673
P3,R02,training,28,533,0,0.0,0.0,0.060816858290085075,0.04401874492088204
P3,R02,training,28,534,0,0.0,0.0,0.060816858290085075,0.04389908418942274
P3,R02,training,28,535,0,0.0,0.0,0.060816858290085075,0.04377924906946782
P3,R02,training,28,536,0,0.0,0.0,0.060816858290085075,0.04365924276877342
P3,R02,training,28,537,0,0.0,0.0,0.060816858290085075,0.043539068492174204
P3,R02,training,28,538,0,0.0,0.0,0.060816858290085075,0.0434187294414452
P3,R02,training,28,539,0,0.0,0.0,0.060816858290085075,0.043298228815164326
P3,R02,training,28,540,0,0.0,0.0,0.060816858290085075,0.043177569808575345
P3,R02,training,28,541,0,0.0,0.0,0.060816858290085075,0.043056755613451486
P3,R02,training,28,542,0,0.0,0.0,0.060816858290085075,0.04293578941795956
P3,R02,training,28,543,0,0.0,0.0,0.060816858290085075,0.04281467440652475
P3,R02,training,28,544,0,0.0,0.0,0.03934297290896203,0.027618753552296878
P3,R02,training,28,545,0,0.0,0.0,0.03934297290896203,0.027540216790742682
P3,R02,training,28,546,0,0.0,0.0,0.03934297290896203,0.027461589923523523
P3,R02,training,28,547,0,0.0,0.0,0.03934297290896203,0.027382875000123444
P3,R02,training,28,548,0,0.0,0.0,0.03934297290896203,0.02730407406717432
P3,R02,training,28,549,0,0.0,0.0,0.03934297290896203,0.02722518916837075
P3,R02,training,28,550,0,0.0,0.0,0.03934297290896203,0.027146222344385358
P3,R02,training,28,551,0,0.0,0.0,0.03934297290896203,0.027067175632784452
P3,R02,training,28,552,0,0.0,0.0,0.03934297290896203,0.02698805106794419
P3,R02,training,28,553,0,0.0,0.0,0.03934297290896203,0.026908850680967104
P3,R02,training,28,554,0,0.0,0.0,0.03934297290896203,0.02682957649959908
P3,R02,training,28,555,0,0.0,0.0,0.03934297290896203,0.02675023054814679
P3,R02,training,28,556,0,0.0,0.0,0.03934297290896203,0.026670814847395523
P3,R02,training,28,557,0,0.0,0.0,0.03934297290896203,0.026591331414527485
P3,R02,training,28,558,0,0.0,0.0,0.03934297290896203,0.026511782263040535
P3,R02,training,28,559,0,0.0,0.0,0.03934297290896203,0.026432169402667415
P3,R02,training,28,560,0,0.0,0.0,0.01904454601211543,0.01275631360299852
P3,R02,training,28,561,0,0.0,0.0,0.01904454601211543,0.012717717056906374
P3,R02,training,28,562,0,0.0,0.0,0.01904454601211543,0.012679092578787689
P3,R02,training,28,563,0,0.0,0.0,0.01904454601211543,0.012640441133806211
P3,R02,training,28,564,0,0.0,0.0,0.01904454601211543,0.012601763685110881
P3,R02,training,28,565,0,0.0,0.0,0.01904454601211543,0.012563061193798086
P3,R02,training,28,566,0,0.0,0.0,0.01904454601211543,0.01252433461887411
P3,R02,training,28,567,0,0.0,0.0,0.01904454601211543,0.012485584917217856
P3,R02,training,28,568,0,0.0,0.0,0.01904454601211543,0.012446813043543774
P3,R02,training,28,569,0,0.0,0.0,0.01904454601211543,0.01240801995036505
P3,R02,training,28,570,0,0.0,0.0,0.01904454601211543,0.012369206587957008
P3,R02,training,28,571,0,0.0,0.0,0.01904454601211543,0.012330373904320796
P3,R02,training,28,572,0,0.0,0.0,0.01904454601211543,0.01229152284514725
P3,R02,training,28,573,0,0.0,0.0,0.01904454601211543,0.012252654353781079
P3,R02,training,28,574,0,0.0,0.0,0.01904454601211543,0.012213769371185233
P3,R02,training,28,575,0,0.0,0.0,0.01904454601211543,0.012174868835905557
P3,R02,training,28,576,0,0.0,0.0,0.0,0.0
P3,R02,training,28,577,0,0.0,0.0,0.0,0.0
P3,R02,training,28,578,0,0.0,0.0,0.0,0.0
P3,R02,training,28,579,0,0.0,0.0,0.0,0.0
P3,R02,training,28,580,0,0.0,0.0,0.0,0.0
P3,R02,training,28,581,0,0.0,0.0,0.0,0.0
P3,R02,training,28,582,0,0.0,0.0,0.0,0.0
P3,R02,training,28,583,0,0.0,0.0,0.0,0.0
P3,R02,training,28,584,0,0.0,0.0,0.0,0.0
P3,R02,training,28,585,0,0.0,0.0,0.0,0.0
P3,R02,training,28,586,0,0.0,0.0,0.0,0.0
P3,R02,training,28,587,0,0.0,0.0,0.0,0.0
P3,R02,training,28,588,0,0.0,0.0,0.0,0.0
P3,R02,training,28,589,0,0.0,0.0,0.0,0.0
P3,R02,training,28,590,0,0.0,0.0,0.0,0.0
P3,R02,training,28,591,0,0.0,0.0,0.0,0.0
A,R03,training,02,0,0,0.0,0.0,0.0,0.0
A,R03,training,02,1,0,0.0,0.0,0.0,0.0
A,R03,training,02,2,0,0.0,0.0,0.0,0.0
A,R03,training,02,3,0,0.0,0.0,0.0,0.0
A,R03,training,02,4,0,0.0,0.0,0.0,0.0
A,R03,training,02,5,0,0.0,0.0,0.0,0.0
A,R03,training,02,6,0,0.0,0.0,0.0,0.0
A,R03,training,02,7,0,0.0,0.0,0.0,0.0
A,R03,training,02,8,0,0.0,0.0,0.0,0.0
A,R03,training,02,9,0,0.0,0.0,0.0,0.0
A,R03,training,02,10,0,0.0,0.0,0.0,0.0
A,R03,training,02,11,0,0.0,0.0,0.0,0.0
A,R03,training,02,12,0,0.0,0.0,0.0,0.0
A,R03,training,02,13,0,0.0,0.0,0.0,0.0
A,R03,training,02,14,0,0.0,0.0,0.0,0.0
A,R03,training,02,15,0,0.0,0.0,0.0,0.0
A,R03,training,02,16,0,0.0,0.0,0.0,0.0
A,R03,training,02,17,0,0.0,0.0,0.0,0.0
A,R03,training,02,18,0,0.0,0.0,0.0,0.0
A,R03,training,02,19,0,0.0,0.0,0.0,0.0
A,R03,training,02,20,0,0.0,0.0,0.0,0.0
A,R03,training,02,21,0,0.0,0.0,0.0,0.0
A,R03,training,02,22,0,0.0,0.0,0.0,0.0
A,R03,training,02,23,0,0.0,0.0,0.0,0.0
A,R03,training,02,24,0,0.0,0.0,0.0,0.0
A,R03,training,02,25,0,0.0,0.0,0.0,0.0
A,R03,training,02,26,0,0.0,0.0,0.0,0.0
A,R03,training,02,27,0,0.0,0.0,0.0,0.0
A,R03,training,02,28,0,0.0,0.0,0.0,0.0
A,R03,training,02,29,0,0.0,0.0,0.0,0.0
A,R03,training,02,30,0,0.0,0.0,0.0,0.0
A,R03,training,02,31,0,0.0,0.0,0.0,0.0
A,R03,training,02,32,0,0.0,0.0,0.0,0.0
A,R03,training,02,33,0,0.0,0.0,0.0,0.0
A,R03,training,02,34,0,0.0,0.0,0.0,0.0
A,R03,training,02,35,0,0.0,0.0,0.0,0.0
A,R03,training,02,36,0,0.0,0.0,0.0,0.0
A,R03,training,02,37,0,0.0,0.0,0.0,0.0
A,R03,training,02,38,0,0.0,0.0,0.0,0.0
A,R03,training,02,39,0,0.0,0.0,0.0,0.0
A,R03,training,02,40,0,0.0,0.0,0.0,0.0
A,R03,training,02,41,0,0.0,0.0,0.0,0.0
A,R03,training,02,42,0,0.0,0.0,0.0,0.0
A,R03,training,02,43,0,0.0,0.0,0.0,0.0
A,R03,training,02,44,0,0.0,0.0,0.0,0.0
A,R03,training,02,45,0,0.0,0.0,0.0,0.0
A,R03,training,02,46,0,0.0,0.0,0.0,0.0
A,R03,training,02,47,0,0.0,0.0,0.0,0.0
A,R03,training,02,48,0,0.0,0.0,0.0,0.0
A,R03,training,02,49,0,0.0,0.0,0.0,0.0
A,R03,training,02,50,0,0.0,0.0,0.0,0.0
A,R03,training,02,51,0,0.0,0.0,0.0,0.0
A,R03,training,02,52,0,0.0,0.0,0.0,0.0
A,R03,training,02,53,0,0.0,0.0,0.0,0.0
A,R03,training,02,54,0,0.0,0.0,0.0,0.0
A,R03,training,02,55,0,0.0,0.0,0.0,0.0
A,R03,training,02,56,0,0.0,0.0,0.0,0.0
A,R03,training,02,57,0,0.0,0.0,0.0,0.0
A,R03,training,02,58,0,0.0,0.0,0.0,0.0
A,R03,training,02,59,0,0.0,0.0,0.0,0.0
A,R03,training,02,60,0,0.0,0.0,0.0,0.0
A,R03,training,02,61,0,0.0,0.0,0.0,0.0
A,R03,training,02,62,0,0.0,0.0,0.0,0.0
A,R03,training,02,63,0,0.0,0.0,0.0,0.0
A,R03,training,02,64,0,0.0,0.0,0.0,0.0
A,R03,training,02,65,0,0.0,0.0,0.0,0.0
A,R03,training,02,66,0,0.0,0.0,0.0,0.0
A,R03,training,02,67,0,0.0,0.0,0.0,0.0
A,R03,training,02,68,0,0.0,0.0,0.0,0.0
A,R03,training,02,69,0,0.0,0.0,0.0,0.0
A,R03,training,02,70,0,0.0,0.0,0.0,0.0
A,R03,training,02,71,0,0.0,0.0,0.0,0.0
A,R03,training,02,72,0,0.0,0.0,0.0,0.0
A,R03,training,02,73,0,0.0,0.0,0.0,0.0
A,R03,training,02,74,0,0.0,0.0,0.0,0.0
A,R03,training,02,75,0,0.0,0.0,0.0,0.0
A,R03,training,02,76,0,0.0,0.0,0.0,0.0
A,R03,training,02,77,0,0.0,0.0,0.0,0.0
A,R03,training,02,78,0,0.0,0.0,0.0,0.0
A,R03,training,02,79,0,0.0,0.0,0.0,0.0
A,R03,training,02,80,0,0.0,0.0,0.0,0.0
A,R03,training,02,81,0,0.0,0.0,0.0,0.0
A,R03,training,02,82,0,0.0,0.0,0.0,0.0
A,R03,training,02,83,0,0.0,0.0,0.0,0.0
A,R03,training,02,84,0,0.0,0.0,0.0,0.0
A,R03,training,02,85,0,0.0,0.0,0.0,0.0
A,R03,training,02,86,0,0.0,0.0,0.0,0.0
A,R03,training,02,87,0,0.0,0.0,0.0,0.0
A,R03,training,02,88,0,0.0,0.0,0.0,0.0
A,R03,training,02,89,0,0.0,0.0,0.0,0.0
A,R03,training,02,90,0,0.0,0.0,0.0,0.0
A,R03,training,02,91,0,0.0,0.0,0.0,0.0
A,R03,training,02,92,0,0.0,0.0,0.0,0.0
A,R03,training,02,93,0,0.0,0.0,0.0,0.0
A,R03,training,02,94,0,0.0,0.0,0.0,0.0
A,R03,training,02,95,0,0.0,0.0,0.0,0.0
A,R03,training,02,96,0,0.0,0.0,0.0,0.0
A,R03,training,02,97,0,0.0,0.0,0.0,0.0
A,R03,training,02,98,0,0.0,0.0,0.0,0.0
A,R03,training,02,99,0,0.0,0.0,0.0,0.0
A,R03,training,02,100,0,0.0,0.0,0.0,0.0
A,R03,training,02,101,0,0.0,0.0,0.0,0.0
A,R03,training,02,102,0,0.0,0.0,0.0,0.0
A,R03,training,02,103,0,0.0,0.0,0.0,0.0
A,R03,training,02,104,0,0.0,0.0,0.0,0.0
A,R03,training,02,105,0,0.0,0.0,0.0,0.0
A,R03,training,02,106,0,0.0,0.0,0.0,0.0
A,R03,training,02,107,0,0.0,0.0,0.0,0.0
A,R03,training,02,108,0,0.0,0.0,0.0,0.0
A,R03,training,02,109,0,0.0,0.0,0.0,0.0
A,R03,training,02,110,0,0.0,0.0,0.0,0.0
A,R03,training,02,111,0,0.0,0.0,0.0,0.0
A,R03,training,02,112,0,0.0,0.0,0.0,0.0
A,R03,training,02,113,0,0.0,0.0,0.0,0.0
A,R03,training,02,114,0,0.0,0.0,0.0,0.0
A,R03,training,02,115,0,0.0,0.0,0.0,0.0
A,R03,training,02,116,0,0.0,0.0,0.0,0.0
A,R03,training,02,117,0,0.0,0.0,0.0,0.0
A,R03,training,02,118,0,0.0,0.0,0.0,0.0
A,R03,training,02,119,0,0.0,0.0,0.0,0.0
A,R03,training,02,120,0,0.0,0.0,0.0,0.0
A,R03,training,02,121,0,0.0,0.0,0.0,0.0
A,R03,training,02,122,0,0.0,0.0,0.0,0.0
A,R03,training,02,123,0,0.0,0.0,0.0,0.0
A,R03,training,02,124,0,0.0,0.0,0.0,0.0
A,R03,training,02,125,0,0.0,0.0,0.0,0.0
A,R03,training,02,126,0,0.0,0.0,0.0,0.0
A,R03,training,02,127,0,0.0,0.0,0.0,0.0
A,R03,training,02,128,0,0.0,0.0,0.0,0.0
A,R03,training,02,129,0,0.0,0.0,0.0,0.0
A,R03,training,02,130,0,0.0,0.0,0.0,0.0
A,R03,training,02,131,0,0.0,0.0,0.0,0.0
A,R03,training,02,132,0,0.0,0.0,0.0,0.0
A,R03,training,02,133,0,0.0,0.0,0.0,0.0
A,R03,training,02,134,0,0.0,0.0,0.0,0.0
A,R03,training,02,135,0,0.0,0.0,0.0,0.0
A,R03,training,02,136,0,0.0,0.0,0.0,0.0
A,R03,training,02,137,0,0.0,0.0,0.0,0.0
A,R03,training,02,138,0,0.0,0.0,0.0,0.0
A,R03,training,02,139,0,0.0,0.0,0.0,0.0
A,R03,training,02,140,0,0.0,0.0,0.0,0.0
A,R03,training,02,141,0,0.0,0.0,0.0,0.0
A,R03,training,02,142,0,0.0,0.0,0.0,0.0
A,R03,training,02,143,0,0.0,0.0,0.0,0.0
A,R03,training,02,144,0,0.0,0.0,0.0,0.0
A,R03,training,02,145,0,0.0,0.0,0.0,0.0
A,R03,training,02,146,0,0.0,0.0,0.0,0.0
A,R03,training,02,147,0,0.0,0.0,0.0,0.0
A,R03,training,02,148,0,0.0,0.0,0.0,0.0
A,R03,training,02,149,0,0.0,0.0,0.0,0.0
A,R03,training,02,150,0,0.0,0.0,0.0,0.0
A,R03,training,02,151,0,0.0,0.0,0.0,0.0
A,R03,training,02,152,0,0.0,0.0,0.0,0.0
A,R03,training,02,153,0,0.0,0.0,0.0,0.0
A,R03,training,02,154,0,0.0,0.0,0.0,0.0
A,R03,training,02,155,0,0.0,0.0,0.0,0.0
A,R03,training,02,156,0,0.0,0.0,0.0,0.0
A,R03,training,02,157,0,0.0,0.0,0.0,0.0
A,R03,training,02,158,0,0.0,0.0,0.0,0.0
A,R03,training,02,159,0,0.0,0.0,0.0,0.0
A,R03,training,02,160,0,0.0,0.0,0.0,0.0
A,R03,training,02,161,0,0.0,0.0,0.0,0.0
A,R03,training,02,162,0,0.0,0.0,0.0,0.0
A,R03,training,02,163,0,0.0,0.0,0.0,0.0
A,R03,training,02,164,0,0.0,0.0,0.0,0.0
A,R03,training,02,165,0,0.0,0.0,0.0,0.0
A,R03,training,02,166,0,0.0,0.0,0.0,0.0
A,R03,training,02,167,0,0.0,0.0,0.0,0.0
A,R03,training,02,168,0,0.0,0.0,0.0,0.0
A,R03,training,02,169,0,0.0,0.0,0.0,0.0
A,R03,training,02,170,0,0.0,0.0,0.0,0.0
A,R03,training,02,171,0,0.0,0.0,0.0,0.0
A,R03,training,02,172,0,0.0,0.0,0.0,0.0
A,R03,training,02,173,0,0.0,0.0,0.0,0.0
A,R03,training,02,174,0,0.0,0.0,0.0,0.0
A,R03,training,02,175,0,0.0,0.0,0.0,0.0
A,R03,training,02,176,0,0.0,0.0,0.0,0.0
A,R03,training,02,177,0,0.0,0.0,0.0,0.0
A,R03,training,02,178,0,0.0,0.0,0.0,0.0
A,R03,training,02,179,0,0.0,0.0,0.0,0.0
A,R03,training,02,180,0,0.0,0.0,0.0,0.0
A,R03,training,02,181,0,0.0,0.0,0.0,0.0
A,R03,training,02,182,0,0.0,0.0,0.0,0.0
A,R03,training,02,183,0,0.0,0.0,0.0,0.0
A,R03,training,02,184,0,0.0,0.0,0.0,0.0
A,R03,training,02,185,0,0.0,0.0,0.0,0.0
A,R03,training,02,186,0,0.0,0.0,0.0,0.0
A,R03,training,02,187,0,0.0,0.0,0.0,0.0
A,R03,training,02,188,0,0.0,0.0,0.0,0.0
A,R03,training,02,189,0,0.0,0.0,0.0,0.0
A,R03,training,02,190,0,0.0,0.0,0.0,0.0
A,R03,training,02,191,0,0.0,0.0,0.0,0.0
A,R03,training,02,192,0,0.0,0.0,0.0,0.0
A,R03,training,02,193,0,0.0,0.0,0.0,0.0
A,R03,training,02,194,0,0.0,0.0,0.0,0.0
A,R03,training,02,195,0,0.0,0.0,0.0,0.0
A,R03,training,02,196,0,0.0,0.0,0.0,0.0
A,R03,training,02,197,0,0.0,0.0,0.0,0.0
A,R03,training,02,198,0,0.0,0.0,0.0,0.0
A,R03,training,02,199,0,0.0,0.0,0.0,0.0
A,R03,training,02,200,0,0.0,0.0,0.0,0.0
A,R03,training,02,201,0,0.0,0.0,0.0,0.0
A,R03,training,02,202,0,0.0,0.0,0.0,0.0
A,R03,training,02,203,0,0.0,0.0,0.0,0.0
A,R03,training,02,204,0,0.0,0.0,0.0,0.0
A,R03,training,02,205,0,0.0,0.0,0.0,0.0
A,R03,training,02,206,0,0.0,0.0,0.0,0.0
A,R03,training,02,207,0,0.0,0.0,0.0,0.0
A,R03,training,02,208,0,0.0,0.0,0.0,0.0
A,R03,training,02,209,0,0.0,0.0,0.0,0.0
A,R03,training,02,210,0,0.0,0.0,0.0,0.0
A,R03,training,02,211,0,0.0,0.0,0.0,0.0
A,R03,training,02,212,0,0.0,0.0,0.0,0.0
A,R03,training,02,213,0,0.0,0.0,0.0,0.0
A,R03,training,02,214,0,0.0,0.0,0.0,0.0
A,R03,training,02,215,0,0.0,0.0,0.0,0.0
A,R03,training,02,216,0,0.0,0.0,0.0,0.0
A,R03,training,02,217,0,0.0,0.0,0.0,0.0
A,R03,training,02,218,0,0.0,0.0,0.0,0.0
A,R03,training,02,219,0,0.0,0.0,0.0,0.0
A,R03,training,02,220,0,0.0,0.0,0.0,0.0
A,R03,training,02,221,0,0.0,0.0,0.0,0.0
A,R03,training,02,222,0,0.0,0.0,0.0,0.0
A,R03,training,02,223,0,0.0,0.0,0.0,0.0
A,R03,training,02,224,0,0.0,0.0,0.0,0.0
A,R03,training,02,225,0,0.0,0.0,0.0,0.0
A,R03,training,02,226,0,0.0,0.0,0.0,0.0
A,R03,training,02,227,0,0.0,0.0,0.0,0.0
A,R03,training,02,228,0,0.0,0.0,0.0,0.0
A,R03,training,02,229,0,0.0,0.0,0.0,0.0
A,R03,training,02,230,0,0.0,0.0,0.0,0.0
A,R03,training,02,231,0,0.0,0.0,0.0,0.0
A,R03,training,02,232,0,0.0,0.0,0.0,0.0
A,R03,training,02,233,0,0.0,0.0,0.0,0.0
A,R03,training,02,234,0,0.0,0.0,0.0,0.0
A,R03,training,02,235,0,0.0,0.0,0.0,0.0
A,R03,training,02,236,0,0.0,0.0,0.0,0.0
A,R03,training,02,237,0,0.0,0.0,0.0,0.0
A,R03,training,02,238,0,0.0,0.0,0.0,0.0
A,R03,training,02,239,0,0.0,0.0,0.0,0.0
A,R03,training,02,240,0,0.0,0.0,0.0,0.0
A,R03,training,02,241,0,0.0,0.0,0.0,0.0
A,R03,training,02,242,0,0.0,0.0,0.0,0.0
A,R03,training,02,243,0,0.0,0.0,0.0,0.0
A,R03,training,02,244,0,0.0,0.0,0.0,0.0
A,R03,training,02,245,0,0.0,0.0,0.0,0.0
A,R03,training,02,246,0,0.0,0.0,0.0,0.0
A,R03,training,02,247,0,0.0,0.0,0.0,0.0
A,R03,training,02,248,0,0.0,0.0,0.0,0.0
A,R03,training,02,249,0,0.0,0.0,0.0,0.0
A,R03,training,02,250,0,0.0,0.0,0.0,0.0
A,R03,training,02,251,0,0.0,0.0,0.0,0.0
A,R03,training,02,252,0,0.0,0.0,0.0,0.0
A,R03,training,02,253,0,0.0,0.0,0.0,0.0
A,R03,training,02,254,0,0.0,0.0,0.0,0.0
A,R03,training,02,255,0,0.0,0.0,0.0,0.0
A,R03,training,02,256,0,0.0,0.0,0.0,0.0
A,R03,training,02,257,0,0.0,0.0,0.0,0.0
A,R03,training,02,258,0,0.0,0.0,0.0,0.0
A,R03,training,02,259,0,0.0,0.0,0.0,0.0
A,R03,training,02,260,0,0.0,0.0,0.0,0.0
A,R03,training,02,261,0,0.0,0.0,0.0,0.0
A,R03,training,02,262,0,0.0,0.0,0.0,0.0
A,R03,training,02,263,0,0.0,0.0,0.0,0.0
A,R03,training,02,264,0,0.0,0.0,0.0,0.0
A,R03,training,02,265,0,0.0,0.0,0.0,0.0
A,R03,training,02,266,0,0.0,0.0,0.0,0.0
A,R03,training,02,267,0,0.0,0.0,0.0,0.0
A,R03,training,02,268,0,0.0,0.0,0.0,0.0
A,R03,training,02,269,0,0.0,0.0,0.0,0.0
A,R03,training,02,270,0,0.0,0.0,0.0,0.0
A,R03,training,02,271,0,0.0,0.0,0.0,0.0
A,R03,training,02,272,0,0.0,0.0,0.0,0.0
A,R03,training,02,273,0,0.0,0.0,0.0,0.0
A,R03,training,02,274,0,0.0,0.0,0.0,0.0
A,R03,training,02,275,0,0.0,0.0,0.0,0.0
A,R03,training,02,276,0,0.0,0.0,0.0,0.0
A,R03,training,02,277,0,0.0,0.0,0.0,0.0
A,R03,training,02,278,0,0.0,0.0,0.0,0.0
A,R03,training,02,279,0,0.0,0.0,0.0,0.0
A,R03,training,02,280,0,0.0,0.0,0.0,0.0
A,R03,training,02,281,0,0.0,0.0,0.0,0.0
A,R03,training,02,282,0,0.0,0.0,0.0,0.0
A,R03,training,02,283,0,0.0,0.0,0.0,0.0
A,R03,training,02,284,0,0.0,0.0,0.0,0.0
A,R03,training,02,285,0,0.0,0.0,0.0,0.0
A,R03,training,02,286,0,0.0,0.0,0.0,0.0
A,R03,training,02,287,0,0.0,0.0,0.0,0.0
A,R03,training,02,288,0,0.0,0.0,0.0,0.0
A,R03,training,02,289,0,0.0,0.0,0.0,0.0
A,R03,training,02,290,0,0.0,0.0,0.0,0.0
A,R03,training,02,291,0,0.0,0.0,0.0,0.0
A,R03,training,02,292,0,0.0,0.0,0.0,0.0
A,R03,training,02,293,0,0.0,0.0,0.0,0.0
A,R03,training,02,294,0,0.0,0.0,0.0,0.0
A,R03,training,02,295,0,0.0,0.0,0.0,0.0
A,R03,training,02,296,0,0.0,0.0,0.0,0.0
A,R03,training,02,297,0,0.0,0.0,0.0,0.0
A,R03,training,02,298,0,0.0,0.0,0.0,0.0
A,R03,training,02,299,0,0.0,0.0,0.0,0.0
A,R03,training,02,300,0,0.0,0.0,0.0,0.0
A,R03,training,02,301,0,0.0,0.0,0.0,0.0
A,R03,training,02,302,0,0.0,0.0,0.0,0.0
A,R03,training,02,303,0,0.0,0.0,0.0,0.0
A,R03,training,02,304,0,0.0,0.0,0.0,0.0
A,R03,training,02,305,0,0.0,0.0,0.0,0.0
A,R03,training,02,306,0,0.0,0.0,0.0,0.0
A,R03,training,02,307,0,0.0,0.0,0.0,0.0
A,R03,training,02,308,0,0.0,0.0,0.0,0.0
A,R03,training,02,309,0,0.0,0.0,0.0,0.0
A,R03,training,02,310,0,0.0,0.0,0.0,0.0
A,R03,training,02,311,0,0.0,0.0,0.0,0.0
A,R03,training,02,312,0,0.0,0.0,0.0,0.0
A,R03,training,02,313,0,0.0,0.0,0.0,0.0
A,R03,training,02,314,0,0.0,0.0,0.0,0.0
A,R03,training,02,315,0,0.0,0.0,0.0,0.0
A,R03,training,02,316,0,0.0,0.0,0.0,0.0
A,R03,training,02,317,0,0.0,0.0,0.0,0.0
A,R03,training,02,318,0,0.0,0.0,0.0,0.0
A,R03,training,02,319,0,0.0,0.0,0.0,0.0
A,R03,training,02,320,0,0.0,0.0,0.014264395642632268,0.014227209211990697
A,R03,training,02,321,0,0.0,0.0,0.014264395642632268,0.014230121122640757
A,R03,training,02,322,0,0.0,0.0,0.014264395642632268,0.01423291473978725
A,R03,training,02,323,0,0.0,0.0,0.014264395642632268,0.014235589993532005
A,R03,training,02,324,0,0.0,0.0,0.014264395642632268,0.014238146816929795
A,R03,training,02,325,0,0.0,0.0,0.014264395642632268,0.014240585145991129
A,R03,training,02,326,0,0.0,0.0,0.014264395642632268,0.014242904919684923
A,R03,training,02,327,0,0.0,0.0,0.014264395642632268,0.014245106079941046
A,R03,training,02,328,0,0.0,0.0,0.014264395642632268,0.014247188571652745
A,R03,training,02,329,0,0.0,0.0,0.014264395642632268,0.014249152342678931
A,R03,training,02,330,0,0.0,0.0,0.014264395642632268,0.014250997343846378
A,R03,training,02,331,0,0.0,0.0,0.014264395642632268,0.014252723528951754
A,R03,training,02,332,0,0.0,0.0,0.014264395642632268,0.01425433085476356
A,R03,training,02,333,0,0.0,0.0,0.014264395642632268,0.014255819281023933
A,R03,training,02,334,0,0.0,0.0,0.014264395642632268,0.014257188770450324
A,R03,training,02,335,0,0.0,0.0,0.014264395642632268,0.014258439288737058
A,R03,training,02,336,0,0.0,0.0,0.029491510476974705,0.029481535167384432
A,R03,training,02,337,0,0.0,0.0,0.029491510476974705,0.02948362847108117
A,R03,training,02,338,0,0.0,0.0,0.029491510476974705,0.02948547562718642
A,R03,training,02,339,0,0.0,0.0,0.029491510476974705,0.029487076589419178
A,R03,training,02,340,0,0.0,0.0,0.029491510476974705,0.029488431317665327
A,R03,training,02,341,0,0.0,0.0,0.029491510476974705,0.029489539777979315
A,R03,training,02,342,0,0.0,0.0,0.029491510476974705,0.02949040194258558
A,R03,training,02,343,0,0.0,0.0,0.029491510476974705,0.0294910177898797
A,R03,training,02,344,0,0.0,0.0,0.029491510476974705,0.029491387304429302
A,R03,training,02,345,0,0.0,0.0,0.029491510476974705,0.029491510476974705
A,R03,training,02,346,0,0.0,0.0,0.029491510476974705,0.029491387304429302
A,R03,training,02,347,0,0.0,0.0,0.029491510476974705,0.0294910177898797
A,R03,training,02,348,0,0.0,0.0,0.029491510476974705,0.02949040194258558
A,R03,training,02,349,0,0.0,0.0,0.029491510476974705,0.029489539777979315
A,R03,training,02,350,0,0.0,0.0,0.029491510476974705,0.029488431317665327
A,R03,training,02,351,0,0.0,0.0,0.029491510476974705,0.029487076589419178
A,R03,training,02,352,0,0.0,0.0,0.04558318715594456,0.04557385946526652
A,R03,training,02,353,0,0.0,0.0,0.04558318715594456,0.045571004431357094
A,R03,training,02,354,0,0.0,0.0,0.04558318715594456,0.04556776894247778
A,R03,training,02,355,0,0.0,0.0,0.04558318715594456,0.045564153079691035
A,R03,training,02,356,0,0.0,0.0,0.04558318715594456,0.04556015693358472
A,R03,training,02,357,0,0.0,0.0,0.04558318715594456,0.04555578060426834
A,R03,training,02,358,0,0.0,0.0,0.04558318715594456,0.045551024201368834
A,R03,training,02,359,0,0.0,0.0,0.04558318715594456,0.045545887844025995
A,R03,training,02,360,0,0.0,0.0,0.04558318715594456,0.04554037166088754
A,R03,training,02,361,0,0.0,0.0,0.04558318715594456,0.045534475790103696
A,R03,training,02,362,0,0.0,0.0,0.04558318715594456,0.04552820037932144
A,R03,training,02,363,0,0.0,0.0,0.04558318715594456,0.04552154558567836
A,R03,training,02,364,0,0.0,0.0,0.04558318715594456,0.04551451157579607
A,R03,training,02,365,0,0.0,0.0,0.04558318715594456,0.04550709852577328
A,R03,training,02,366,0,0.0,0.0,0.04558318715594456,0.04549930662117843
A,R03,training,02,367,0,0.0,0.0,0.04558318715594456,0.04549113605704196
A,R03,training,02,368,0,0.0,0.0,0.06242725000034749,0.06228947576571613
A,R03,training,02,369,0,0.0,0.0,0.06242725000034749,0.0622772496721347
A,R03,training,02,370,0,0.0,0.0,0.06242725000034749,0.06226450587431219
A,R03,training,02,371,0,0.0,0.0,0.06242725000034749,0.062251244691064286
A,R03,training,02,372,0,0.0,0.0,0.06242725000034749,0.06223746645410399
A,R03,training,02,373,0,0.0,0.0,0.06242725000034749,0.06222317150802783
A,R03,training,02,374,0,0.0,0.0,0.06242725000034749,0.06220836021030145
A,R03,training,02,375,0,0.0,0.0,0.06242725000034749,0.062193032931244736
A,R03,training,02,376,0,0.0,0.0,0.06242725000034749,0.06217719005401641
A,R03,training,02,377,0,0.0,0.0,0.06242725000034749,0.06216083197459801
A,R03,training,02,378,0,0.0,0.0,0.06242725000034749,0.06214395910177747
A,R03,training,02,379,0,0.0,0.0,0.06242725000034749,0.062126571857131975
A,R03,training,02,380,0,0.0,0.0,0.06242725000034749,0.06210867067501056
A,R03,training,02,381,0,0.0,0.0,0.06242725000034749,0.06209025600251589
A,R03,training,02,382,0,0.0,0.0,0.06242725000034749,0.06207132829948573
A,R03,training,02,383,0,0.0,0.0,0.06242725000034749,0.06205188803847377
A,R03,training,02,384,0,0.0,0.0,0.079856186886963,0.07935050559762633
A,R03,training,02,385,0,0.0,0.0,0.079856186886963,0.07932432841209339
A,R03,training,02,386,0,0.0,0.0,0.079856186886963,0.07929749747935534
A,R03,training,02,387,0,0.0,0.0,0.079856186886963,0.07927001346870327
A,R03,training,02,388,0,0.0,0.0,0.079856186886963,0.07924187706556186
A,R03,training,02,389,0,0.0,0.0,0.079856186886963,0.07921308897146094
A,R03,training,02,390,0,0.0,0.0,0.079856186886963,0.0791836499040063
A,R03,training,02,391,0,0.0,0.0,0.079856186886963,0.07915356059684993
A,R03,training,02,392,0,0.0,0.0,0.079856186886963,0.07912282179965946
A,R03,training,02,393,0,0.0,0.0,0.079856186886963,0.07909143427808715
A,R03,training,02,394,0,0.0,0.0,0.079856186886963,0.07905939881373801
A,R03,training,02,395,0,0.0,0.0,0.079856186886963,0.07902671620413738
A,R03,training,02,396,0,0.0,0.0,0.079856186886963,0.07899338726269788
A,R03,training,02,397,0,0.0,0.0,0.079856186886963,0.07895941281868561
A,R03,training,02,398,0,0.0,0.0,0.079856186886963,0.07892479371718585
A,R03,training,02,399,0,0.0,0.0,0.079856186886963,0.0788895308190679
A,R03,training,02,400,0,0.0,0.0,0.08345753522761504,0.08240975988068708
A,R03,training,02,401,0,0.0,0.0,0.08345753522761504,0.08237156380288359
A,R03,training,02,402,0,0.0,0.0,0.08345753522761504,0.08233269769224781
A,R03,training,02,403,0,0.0,0.0,0.08345753522761504,0.0822931625140766
A,R03,training,02,404,0,0.0,0.0,0.08345753522761504,0.08225295924996967
A,R03,training,02,405,0,0.0,0.0,0.08345753522761504,0.08221208889778886
A,R03,training,02,406,0,0.0,0.0,0.08345753522761504,0.08217055247161698
A,R03,training,02,407,0,0.0,0.0,0.08345753522761504,0.08212835100171573
A,R03,training,02,408,0,0.0,0.0,0.08345753522761504,0.08208548553448326
A,R03,training,02,409,0,0.0,0.0,0.08345753522761504,0.08204195713241089
A,R03,training,02,410,0,0.0,0.0,0.08345753522761504,0.08199776687403909
A,R03,training,02,411,0,0.0,0.0,0.08345753522761504,0.08195291585391316
A,R03,training,02,412,0,0.0,0.0,0.08345753522761504,0.08190740518253785
A,R03,training,02,413,0,0.0,0.0,0.08345753522761504,0.08186123598633166
A,R03,training,02,414,0,0.0,0.0,0.08345753522761504,0.08181440940758032
A,R03,training,02,415,0,0.0,0.0,0.08345753522761504,0.08176692660438972
A,R03,training,02,416,0,0.0,0.0,0.08637054314826283,0.08457110733693626
A,R03,training,02,417,0,0.0,0.0,0.08637054314826283,0.08452061259264317
A,R03,training,02,418,0,0.0,0.0,0.08637054314826283,0.08446944241232719
A,R03,training,02,419,0,0.0,0.0,0.08637054314826283,0.08441759805950567
A,R03,training,02,420,0,0.0,0.0,0.08637054314826283,0.08436508081381477
A,R03,training,02,421,0,0.0,0.0,0.08637054314826283,0.08431189197095686
A,R03,training,02,422,0,0.0,0.0,0.08637054314826283,0.08425803284264724
A,R03,training,02,423,0,0.0,0.0,0.08637054314826283,0.08420350475656023
A,R03,training,02,424,0,0.0,0.0,0.08637054314826283,0.08414830905627463
A,R03,training,02,425,0,0.0,0.0,0.08637054314826283,0.08409244710121852
A,R03,training,02,426,0,0.0,0.0,0.08637054314826283,0.08403592026661352
A,R03,training,02,427,0,0.0,0.0,0.08637054314826283,0.08397872994341836
A,R03,training,02,428,0,0.0,0.0,0.08637054314826283,0.08392087753827178
A,R03,training,02,429,0,0.0,0.0,0.08637054314826283,0.08386236447343494
A,R03,training,02,430,0,0.0,0.0,0.08637054314826283,0.08380319218673317
A,R03,training,02,431,0,0.0,0.0,0.08637054314826283,0.08374336213149701
A,R03,training,02,432,0,0.0,0.2498504261695374,0.08851338186798126,0.08575903391856125
A,R03,training,02,433,0,0.0,0.2498504261695374,0.08851338186798126,0.08569637584576183
A,R03,training,02,434,0,0.0,0.2498504261695374,0.08851338186798126,0.0856330482481901
A,R03,training,02,435,0,0.0,0.2498504261695374,0.08851338186798126,0.08556905267817753
A,R03,training,02,436,0,0.0,0.2498504261695374,0.08851338186798126,0.08550439070363462
A,R03,training,02,437,0,0.0,0.2498504261695374,0.08851338186798126,0.08543906390798688
A,R03,training,02,438,0,0.0,0.2498504261695374,0.08851338186798126,0.08537307389011015
A,R03,training,02,439,0,0.0,0.2498504261695374,0.08851338186798126,0.08530642226426553
A,R03,training,02,440,0,0.0,0.2498504261695374,0.08851338186798126,0.08523911066003347
A,R03,training,02,441,0,0.0,0.2498504261695374,0.08851338186798126,0.08517114072224742
A,R03,training,02,442,0,0.0,0.2498504261695374,0.08851338186798126,0.08510251411092687
A,R03,training,02,443,0,0.0,0.2498504261695374,0.08851338186798126,0.0850332325012098
A,R03,training,02,444,0,0.0,0.2498504261695374,0.08851338186798126,0.0849632975832845
A,R03,training,02,445,0,0.0,0.2498504261695374,0.08851338186798126,0.08489271106232094
A,R03,training,02,446,0,0.0,0.2498504261695374,0.08851338186798126,0.08482147465840145
A,R03,training,02,447,0,0.0,0.2498504261695374,0.08851338186798126,0.08474959010645093
A,R03,training,02,448,0,0.0,0.24993338557656652,0.08982463476206443,0.08593148008707804
A,R03,training,02,449,0,0.0,0.24993338557656652,0.08982463476206443,0.08585722046681066
A,R03,training,02,450,0,0.0,0.24993338557656652,0.08982463476206443,0.08578230846826898
A,R03,training,02,451,0,0.0,0.24993338557656652,0.08982463476206443,0.08570674591160901
A,R03,training,02,452,0,0.0,0.24993338557656652,0.08982463476206443,0.08563053463168634
A,R03,training,02,453,0,0.0,0.24993338557656652,0.08982463476206443,0.0855536764779819
A,R03,training,02,454,0,0.0,0.24993338557656652,0.08982463476206443,0.08547617331452723
A,R03,training,02,455,0,0.0,0.24993338557656652,0.08982463476206443,0.08539802701982917
A,R03,training,02,456,0,0.0,0.24993338557656652,0.08982463476206443,0.08531923948679399
A,R03,training,02,457,0,0.0,0.24993338557656652,0.08982463476206443,0.085239812622651
A,R03,training,02,458,0,0.0,0.24993338557656652,0.08982463476206443,0.08515974834887566
A,R03,training,02,459,0,0.0,0.24993338557656652,0.08982463476206443,0.08507904860111212
A,R03,training,02,460,0,0.0,0.24993338557656652,0.08982463476206443,0.08499771532909534
A,R03,training,02,461,0,0.0,0.24993338557656652,0.08982463476206443,0.0849157504965725
A,R03,training,02,462,0,0.0,0.24993338557656652,0.08982463476206443,0.08483315608122415
A,R03,training,02,463,0,0.0,0.24993338557656652,0.08982463476206443,0.08474993407458464
A,R03,training,02,464,0,0.0,0.24999576097798115,0.09026622082512367,0.08508231265313713
A,R03,training,02,465,0,0.0,0.24999576097798115,0.09026622082512367,0.08499742622564035
A,R03,training,02,466,0,0.0,0.24999576097798115,0.09026622082512367,0.08491191520825675
A,R03,training,02,467,0,0.0,0.24999576097798115,0.09026622082512367,0.08482578165719025
A,R03,training,02,468,0,0.0,0.24999576097798115,0.09026622082512367,0.08473902764215986
A,R03,training,02,469,0,0.0,0.24999576097798115,0.09026622082512367,0.08465165524631693
A,R03,training,02,470,0,0.0,0.24999576097798115,0.09026622082512367,0.0845636665661617
A,R03,training,02,471,0,0.0,0.24999576097798115,0.09026622082512367,0.08447506371145962
A,R03,training,02,472,0,0.0,0.24999576097798115,0.09026622082512367,0.08438584880515715
A,R03,training,02,473,0,0.0,0.24999576097798115,0.09026622082512367,0.0842960239832969
A,R03,training,02,474,0,0.0,0.24999576097798115,0.09026622082512367,0.08420559139493265
A,R03,training,02,475,0,0.0,0.24999576097798115,0.09026622082512367,0.08411455320204358
A,R03,training,02,476,0,0.0,0.24999576097798115,0.09026622082512367,0.0840229115794483
A,R03,training,02,477,0,0.0,0.24999576097798115,0.09026622082512367,0.08393066871471833
A,R03,training,02,478,0,0.0,0.24999576097798115,0.09026622082512367,0.08383782680809107
A,R03,training,02,479,0,0.0,0.24999576097798115,0.09026622082512367,0.08374438807238259
A,R03,training,02,480,0,1.0,0.2501988085537309,0.08982523158972687,0.08324168684321584
A,R03,training,02,481,0,1.0,0.2501988085537309,0.08982523158972687,0.08314752342485728
A,R03,training,02,482,0,1.0,0.2501988085537309,0.08982523158972687,0.08305277277342689
A,R03,training,02,483,0,1.0,0.2501988085537309,0.08982523158972687,0.08295743714012063
A,R03,training,02,484,0,1.0,0.2501988085537309,0.08982523158972687,0.08286151878821046
A,R03,training,02,485,0,1.0,0.2501988085537309,0.08982523158972687,0.08276501999295502
A,R03,training,02,486,0,1.0,0.2501988085537309,0.08982523158972687,0.08266794304150964
A,R03,training,02,487,0,1.0,0.2501988085537309,0.08982523158972687,0.08257029023283628
A,R03,training,02,488,0,1.0,0.2501988085537309,0.08982523158972687,0.08247206387761276
A,R03,training,02,489,0,1.0,0.2501988085537309,0.08982523158972687,0.08237326629814187
A,R03,training,02,490,0,1.0,0.2501988085537309,0.08982523158972687,0.08227389982825996
A,R03,training,02,491,0,1.0,0.2501988085537309,0.08982523158972687,0.08217396681324515
A,R03,training,02,492,0,1.0,0.2501988085537309,0.08982523158972687,0.08207346960972528
A,R03,training,02,493,0,1.0,0.2501988085537309,0.08982523158972687,0.0819724105855854
A,R03,training,02,494,0,1.0,0.2501988085537309,0.08982523158972687,0.0818707921198749
A,R03,training,02,495,0,1.0,0.2501988085537309,0.08982523158972687,0.08176861660271441
A,R03,training,02,496,0,0.0,0.2499254367454003,0.08851455787397737,0.08047426879136588
A,R03,training,02,497,0,0.0,0.2499254367454003,0.08851455787397737,0.08037249341788782
A,R03,training,02,498,0,0.0,0.2499254367454003,0.08851455787397737,0.08027017625137774
A,R03,training,02,499,0,0.0,0.2499254367454003,0.08851455787397737,0.08016731968979461
A,R03,training,02,500,0,0.0,0.2499254367454003,0.08851455787397737,0.08006392614154297
A,R03,training,02,501,0,0.0,0.2499254367454003,0.08851455787397737,0.07995999802537893
A,R03,training,02,502,0,0.0,0.2499254367454003,0.08851455787397737,0.07985553777031622
A,R03,training,02,503,0,0.0,0.2499254367454003,0.08851455787397737,0.07975054781553174
A,R03,training,02,504,0,0.0,0.2499254367454003,0.08851455787397737,0.07964503061027077
A,R03,training,02,505,0,0.0,0.2499254367454003,0.08851455787397737,0.07953898861375197
A,R03,training,02,506,0,0.0,0.2499254367454003,0.08851455787397737,0.07943242429507213
A,R03,training,02,507,0,0.0,0.2499254367454003,0.08851455787397737,0.07932534013311053
A,R03,training,02,508,0,0.0,0.2499254367454003,0.08851455787397737,0.07921773861643308
A,R03,training,02,509,0,0.0,0.2499254367454003,0.08851455787397737,0.07910962224319613
A,R03,training,02,510,0,0.0,0.2499254367454003,0.08851455787397737,0.07900099352105011
A,R03,training,02,511,0,0.0,0.2499254367454003,0.08851455787397737,0.0788918549670428
A,R03,training,02,512,0,0.0,0.0,0.08637226390094249,0.07687546454699809
A,R03,training,02,513,0,0.0,0.0,0.08637226390094249,0.07676797986349519
A,R03,training,02,514,0,0.0,0.0,0.08637226390094249,0.0766600051099114
A,R03,training,02,515,0,0.0,0.0,0.08637226390094249,0.07655154277810627
A,R03,training,02,516,0,0.0,0.0,0.08637226390094249,0.07644259536863388
A,R03,training,02,517,0,0.0,0.0,0.08637226390094249,0.07633316539064697
A,R03,training,02,518,0,0.0,0.0,0.08637226390094249,0.07622325536180102
A,R03,training,02,519,0,0.0,0.0,0.08637226390094249,0.07611286780815789
A,R03,training,02,520,0,0.0,0.0,0.08637226390094249,0.07600200526408948
A,R03,training,02,521,0,0.0,0.0,0.08637226390094249,0.07589067027218108
A,R03,training,02,522,0,0.0,0.0,0.08637226390094249,0.0757788653831344
A,R03,training,02,523,0,0.0,0.0,0.08637226390094249,0.07566659315567066
A,R03,training,02,524,0,0.0,0.0,0.08637226390094249,0.07555385615643324
A,R03,training,02,525,0,0.0,0.0,0.08637226390094249,0.07544065695989034
A,R03,training,02,526,0,0.0,0.0,0.08637226390094249,0.07532699814823729
A,R03,training,02,527,0,0.0,0.0,0.08637226390094249,0.07521288231129876
A,R03,training,02,528,0,0.0,0.0,0.08345975118759019,0.0725659622073972
A,R03,training,02,529,0,0.0,0.0,0.08345975118759019,0.07245481871743126
A,R03,training,02,530,0,0.0,0.0,0.08345975118759019,0.07234324116405308
A,R03,training,02,531,0,0.0,0.0,0.08345975118759019,0.07223123207829756
A,R03,training,02,532,0,0.0,0.0,0.08345975118759019,0.0721187939980968
A,R03,training,02,533,0,0.0,0.0,0.08345975118759019,0.07200592946818479
A,R03,training,02,534,0,0.0,0.0,0.08345975118759019,0.07189264104000181
A,R03,training,02,535,0,0.0,0.0,0.08345975118759019,0.07177893127159876
A,R03,training,02,536,0,0.0,0.0,0.08345975118759019,0.07166480272754135
A,R03,training,02,537,0,0.0,0.0,0.08345975118759019,0.07155025797881417
A,R03,training,02,538,0,0.0,0.0,0.08345975118759019,0.07143529960272475
A,R03,training,02,539,0,0.0,0.0,0.08345975118759019,0.0713199301828072
A,R03,training,02,540,0,0.0,0.0,0.08345975118759019,0.07120415230872618
A,R03,training,02,541,0,0.0,0.0,0.08345975118759019,0.07108796857618035
A,R03,training,02,542,0,0.0,0.0,0.08345975118759019,0.07097138158680612
A,R03,training,02,543,0,0.0,0.0,0.08345975118759019,0.0708543939480809
A,R03,training,02,544,0,0.0,0.0,0.07985883577562547,0.06768502237987284
A,R03,training,02,545,0,0.0,0.0,0.07985883577562547,0.06757232301570336
A,R03,training,02,546,0,0.0,0.0,0.07985883577562547,0.06745924780595128
A,R03,training,02,547,0,0.0,0.0,0.07985883577562547,0.06734579926702398
A,R03,training,02,548,0,0.0,0.0,0.07985883577562547,0.06723197992045495
A,R03,training,02,549,0,0.0,0.0,0.07985883577562547,0.06711779229281081
A,R03,training,02,550,0,0.0,0.0,0.07985883577562547,0.0670032389155987
A,R03,training,02,551,0,0.0,0.0,0.07985883577562547,0.06688832232517314
A,R03,training,02,552,0,0.0,0.0,0.07985883577562547,0.06677304506264327
A,R03,training,02,553,0,0.0,0.0,0.07985883577562547,0.06665740967377976
A,R03,training,02,554,0,0.0,0.0,0.07985883577562547,0.06654141870892183
A,R03,training,02,555,0,0.0,0.0,0.07985883577562547,0.0664250747228842
A,R03,training,02,556,0,0.0,0.0,0.07985883577562547,0.06630838027486398
A,R03,training,02,557,0,0.0,0.0,0.07985883577562547,0.06619133792834761
A,R03,training,02,558,0,0.0,0.0,0.07985883577562547,0.06607395025101773
A,R03,training,02,559,0,0.0,0.0,0.07985883577562547,0.0659562198146601
A,R03,training,02,560,0,0.0,0.0,0.06243423275128082,0.051472755529616665
A,R03,training,02,561,0,0.0,0.0,0.06243423275128082,0.051380183098658085
A,R03,training,02,562,0,0.0,0.0,0.06243423275128082,0.051287348746580634
A,R03,training,02,563,0,0.0,0.0,0.06243423275128082,0.051194254496128744
A,R03,training,02,564,0,0.0,0.0,0.06243423275128082,0.051100902372890666
A,R03,training,02,565,0,0.0,0.0,0.06243423275128082,0.05100729440522564
A,R03,training,02,566,0,0.0,0.0,0.06243423275128082,0.05091343262419119
A,R03,training,02,567,0,0.0,0.0,0.06243423275128082,0.050819319063470335
A,R03,training,02,568,0,0.0,0.0,0.06243423275128082,0.05072495575929889
A,R03,training,02,569,0,0.0,0.0,0.06243423275128082,0.05063034475039277
A,R03,training,02,570,0,0.0,0.0,0.06243423275128082,0.050535488077875335
A,R03,training,02,571,0,0.0,0.0,0.06243423275128082,0.05044038778520476
A,R03,training,02,572,0,0.0,0.0,0.06243423275128082,0.050345045918101454
A,R03,training,02,573,0,0.0,0.0,0.06243423275128082,0.05024946452447552
A,R03,training,02,574,0,0.0,0.0,0.06243423275128082,0.050153645654354234
A,R03,training,02,575,0,0.0,0.0,0.06243423275128082,0.050057591359809604
A,R03,training,02,576,0,0.0,0.0,0.04560418679477596,0.03649351526891902
A,R03,training,02,577,0,0.0,0.0,0.04560418679477596,0.0364230143694937
A,R03,training,02,578,0,0.0,0.0,0.04560418679477596,0.03635234601283854
A,R03,training,02,579,0,0.0,0.0,0.04560418679477596,0.036281511703305805
A,R03,training,02,580,0,0.0,0.0,0.04560418679477596,0.03621051294647733
A,R03,training,02,581,0,0.0,0.0,0.04560418679477596,0.03613935124911187
A,R03,training,02,582,0,0.0,0.0,0.04560418679477596,0.03606802811909252
A,R03,training,02,583,0,0.0,0.0,0.04560418679477596,0.03599654506537414
A,R03,training,02,584,0,0.0,0.0,0.04560418679477596,0.03592490359793089
A,R03,training,02,585,0,0.0,0.0,0.04560418679477596,0.03585310522770382
A,R03,training,02,586,0,0.0,0.0,0.04560418679477596,0.03578115146654848
A,R03,training,02,587,0,0.0,0.0,0.04560418679477596,0.03570904382718266
A,R03,training,02,588,0,0.0,0.0,0.04560418679477596,0.03563678382313416
A,R03,training,02,589,0,0.0,0.0,0.04560418679477596,0.03556437296868862
A,R03,training,02,590,0,0.0,0.0,0.04560418679477596,0.035491812778837464
A,R03,training,02,591,0,0.0,0.0,0.04560418679477596,0.035419104769225884
A,R03,training,02,592,0,0.0,0.0,0.029511234028439325,0.02287315140453979
A,R03,training,02,593,0,0.0,0.0,0.029511234028439325,0.022825912462883482
A,R03,training,02,594,0,0.0,0.0,0.029511234028439325,0.02277858080918229
A,R03,training,02,595,0,0.0,0.0,0.029511234028439325,0.022731157425592435
A,R03,training,02,596,0,0.0,0.0,0.029511234028439325,0.022683643294525737
A,R03,training,02,597,0,0.0,0.0,0.029511234028439325,0.02263603939861631
A,R03,training,02,598,0,0.0,0.0,0.029511234028439325,0.022588346720687283
A,R03,training,02,599,0,0.0,0.0,0.029511234028439325,0.02254056624371761
A,R03,training,02,600,0,0.0,0.0,0.029511234028439325,0.02249269895080892
A,R03,training,02,601,0,0.0,0.0,0.029511234028439325,0.02244474582515246
A,R03,training,02,602,0,0.0,0.0,0.029511234028439325,0.022396707849996075
A,R03,training,02,603,0,0.0,0.0,0.029511234028439325,0.022348586008611296
A,R03,training,02,604,0,0.0,0.0,0.029511234028439325,0.022300381284260425
A,R03,training,02,605,0,0.0,0.0,0.029511234028439325,0.022252094660163778
A,R03,training,02,606,0,0.0,0.0,0.029511234028439325,0.022203727119466953
A,R03,training,02,607,0,0.0,0.0,0.029511234028439325,0.02215527964520816
A,R03,training,02,608,0,0.0,0.0,0.014268678126948561,0.010688612540843353
A,R03,training,02,609,0,0.0,0.0,0.014268678126948561,0.010665112322702269
A,R03,training,02,610,0,0.0,0.0,0.014268678126948561,0.010641574882121278
A,R03,training,02,611,0,0.0,0.0,0.014268678126948561,0.01061800069403444
A,R03,training,02,612,0,0.0,0.0,0.014268678126948561,0.010594390233245524
A,R03,training,02,613,0,0.0,0.0,0.014268678126948561,0.010570743974412445
A,R03,training,02,614,0,0.0,0.0,0.014268678126948561,0.010547062392031759
A,R03,training,02,615,0,0.0,0.0,0.014268678126948561,0.010523345960423168
A,R03,training,02,616,0,0.0,0.0,0.014268678126948561,0.010499595153714104
A,R03,training,02,617,0,0.0,0.0,0.014268678126948561,0.01047581044582433
A,R03,training,02,618,0,0.0,0.0,0.014268678126948561,0.010451992310450589
A,R03,training,02,619,0,0.0,0.0,0.014268678126948561,0.010428141221051302
A,R03,training,02,620,0,0.0,0.0,0.014268678126948561,0.010404257650831314
A,R03,training,02,621,0,0.0,0.0,0.014268678126948561,0.010380342072726671
A,R03,training,02,622,0,0.0,0.0,0.014268678126948561,0.010356394959389456
A,R03,training,02,623,0,0.0,0.0,0.014268678126948561,0.010332416783172677
A,R03,training,02,624,0,0.0,0.0,0.0,0.0
A,R03,training,02,625,0,0.0,0.0,0.0,0.0
A,R03,training,02,626,0,0.0,0.0,0.0,0.0
A,R03,training,02,627,0,0.0,0.0,0.0,0.0
A,R03,training,02,628,0,0.0,0.0,0.0,0.0
A,R03,training,02,629,0,0.0,0.0,0.0,0.0
A,R03,training,02,630,0,0.0,0.0,0.0,0.0
A,R03,training,02,631,0,0.0,0.0,0.0,0.0
A,R03,training,02,632,0,0.0,0.0,0.0,0.0
A,R03,training,02,633,0,0.0,0.0,0.0,0.0
A,R03,training,02,634,0,0.0,0.0,0.0,0.0
A,R03,training,02,635,0,0.0,0.0,0.0,0.0
A,R03,training,02,636,0,0.0,0.0,0.0,0.0
A,R03,training,02,637,0,0.0,0.0,0.0,0.0
A,R03,training,02,638,0,0.0,0.0,0.0,0.0
A,R03,training,02,639,0,0.0,0.0,0.0,0.0
A,R03,training,02,640,0,0.0,0.0,0.0,0.0
A,R03,training,02,641,0,0.0,0.0,0.0,0.0
A,R03,training,02,642,0,0.0,0.0,0.0,0.0
A,R03,training,02,643,0,0.0,0.0,0.0,0.0
A,R03,training,02,644,0,0.0,0.0,0.0,0.0
A,R03,training,02,645,0,0.0,0.0,0.0,0.0
A,R03,training,02,646,0,0.0,0.0,0.0,0.0
A,R03,training,02,647,0,0.0,0.0,0.0,0.0
A,R03,training,02,648,0,0.0,0.0,0.0,0.0
A,R03,training,02,649,0,0.0,0.0,0.0,0.0
A,R03,training,02,650,0,0.0,0.0,0.0,0.0
A,R03,training,02,651,0,0.0,0.0,0.0,0.0
A,R03,training,02,652,0,0.0,0.0,0.0,0.0
A,R03,training,02,653,0,0.0,0.0,0.0,0.0
A,R03,training,02,654,0,0.0,0.0,0.0,0.0
A,R03,training,02,655,0,0.0,0.0,0.0,0.0
A,R03,training,02,656,0,0.0,0.0,0.0,0.0
A,R03,training,02,657,0,0.0,0.0,0.0,0.0
A,R03,training,02,658,0,0.0,0.0,0.0,0.0
A,R03,training,02,659,0,0.0,0.0,0.0,0.0
A,R03,training,02,660,0,0.0,0.0,0.0,0.0
A,R03,training,02,661,0,0.0,0.0,0.0,0.0
A,R03,training,02,662,0,0.0,0.0,0.0,0.0
A,R03,training,02,663,0,0.0,0.0,0.0,0.0
A,R03,training,02,664,0,0.0,0.0,0.0,0.0
A,R03,training,02,665,0,0.0,0.0,0.0,0.0
A,R03,training,02,666,0,0.0,0.0,0.0,0.0
A,R03,training,02,667,0,0.0,0.0,0.0,0.0
A,R03,training,02,668,0,0.0,0.0,0.0,0.0
A,R03,training,02,669,0,0.0,0.0,0.0,0.0
A,R03,training,02,670,0,0.0,0.0,0.0,0.0
A,R03,training,02,671,0,0.0,0.0,0.0,0.0
A,R03,training,02,672,0,0.0,0.0,0.0,0.0
A,R03,training,02,673,0,0.0,0.0,0.0,0.0
A,R03,training,02,674,0,0.0,0.0,0.0,0.0
A,R03,training,02,675,0,0.0,0.0,0.0,0.0
A,R03,training,02,676,0,0.0,0.0,0.0,0.0
A,R03,training,02,677,0,0.0,0.0,0.0,0.0
A,R03,training,02,678,0,0.0,0.0,0.0,0.0
A,R03,training,02,679,0,0.0,0.0,0.0,0.0
A,R03,training,02,680,0,0.0,0.0,0.0,0.0
A,R03,training,02,681,0,0.0,0.0,0.0,0.0
A,R03,training,02,682,0,0.0,0.0,0.0,0.0
A,R03,training,02,683,0,0.0,0.0,0.0,0.0
A,R03,training,02,684,0,0.0,0.0,0.0,0.0
A,R03,training,02,685,0,0.0,0.0,0.0,0.0
A,R03,training,02,686,0,0.0,0.0,0.0,0.0
A,R03,training,02,687,0,0.0,0.0,0.0,0.0
A,R03,training,02,688,0,0.0,0.0,0.0,0.0
A,R03,training,02,689,0,0.0,0.0,0.0,0.0
A,R03,training,02,690,0,0.0,0.0,0.0,0.0
A,R03,training,02,691,0,0.0,0.0,0.0,0.0
B,R03,training,02,0,0,0.0,0.0,0.0,0.0
B,R03,training,02,1,0,0.0,0.0,0.0,0.0
B,R03,training,02,2,0,0.0,0.0,0.0,0.0
B,R03,training,02,3,0,0.0,0.0,0.0,0.0
B,R03,training,02,4,0,0.0,0.0,0.0,0.0
B,R03,training,02,5,0,0.0,0.0,0.0,0.0
B,R03,training,02,6,0,0.0,0.0,0.0,0.0
B,R03,training,02,7,0,0.0,0.0,0.0,0.0
B,R03,training,02,8,0,0.0,0.0,0.0,0.0
B,R03,training,02,9,0,0.0,0.0,0.0,0.0
B,R03,training,02,10,0,0.0,0.0,0.0,0.0
B,R03,training,02,11,0,0.0,0.0,0.0,0.0
B,R03,training,02,12,0,0.0,0.0,0.0,0.0
B,R03,training,02,13,0,0.0,0.0,0.0,0.0
B,R03,training,02,14,0,0.0,0.0,0.0,0.0
B,R03,training,02,15,0,0.0,0.0,0.0,0.0
B,R03,training,02,16,0,0.0,0.0,0.0,0.0
B,R03,training,02,17,0,0.0,0.0,0.0,0.0
B,R03,training,02,18,0,0.0,0.0,0.0,0.0
B,R03,training,02,19,0,0.0,0.0,0.0,0.0
B,R03,training,02,20,0,0.0,0.0,0.0,0.0
B,R03,training,02,21,0,0.0,0.0,0.0,0.0
B,R03,training,02,22,0,0.0,0.0,0.0,0.0
B,R03,training,02,23,0,0.0,0.0,0.0,0.0
B,R03,training,02,24,0,0.0,0.0,0.0,0.0
B,R03,training,02,25,0,0.0,0.0,0.0,0.0
B,R03,training,02,26,0,0.0,0.0,0.0,0.0
B,R03,training,02,27,0,0.0,0.0,0.0,0.0
B,R03,training,02,28,0,0.0,0.0,0.0,0.0
B,R03,training,02,29,0,0.0,0.0,0.0,0.0
B,R03,training,02,30,0,0.0,0.0,0.0,0.0
B,R03,training,02,31,0,0.0,0.0,0.0,0.0
B,R03,training,02,32,0,0.0,0.0,0.0,0.0
B,R03,training,02,33,0,0.0,0.0,0.0,0.0
B,R03,training,02,34,0,0.0,0.0,0.0,0.0
B,R03,training,02,35,0,0.0,0.0,0.0,0.0
B,R03,training,02,36,0,0.0,0.0,0.0,0.0
B,R03,training,02,37,0,0.0,0.0,0.0,0.0
B,R03,training,02,38,0,0.0,0.0,0.0,0.0
B,R03,training,02,39,0,0.0,0.0,0.0,0.0
B,R03,training,02,40,0,0.0,0.0,0.0,0.0
B,R03,training,02,41,0,0.0,0.0,0.0,0.0
B,R03,training,02,42,0,0.0,0.0,0.0,0.0
B,R03,training,02,43,0,0.0,0.0,0.0,0.0
B,R03,training,02,44,0,0.0,0.0,0.0,0.0
B,R03,training,02,45,0,0.0,0.0,0.0,0.0
B,R03,training,02,46,0,0.0,0.0,0.0,0.0
B,R03,training,02,47,0,0.0,0.0,0.0,0.0
B,R03,training,02,48,0,0.0,0.0,0.0,0.0
B,R03,training,02,49,0,0.0,0.0,0.0,0.0
B,R03,training,02,50,0,0.0,0.0,0.0,0.0
B,R03,training,02,51,0,0.0,0.0,0.0,0.0
B,R03,training,02,52,0,0.0,0.0,0.0,0.0
B,R03,training,02,53,0,0.0,0.0,0.0,0.0
B,R03,training,02,54,0,0.0,0.0,0.0,0.0
B,R03,training,02,55,0,0.0,0.0,0.0,0.0
B,R03,training,02,56,0,0.0,0.0,0.0,0.0
B,R03,training,02,57,0,0.0,0.0,0.0,0.0
B,R03,training,02,58,0,0.0,0.0,0.0,0.0
B,R03,training,02,59,0,0.0,0.0,0.0,0.0
B,R03,training,02,60,0,0.0,0.0,0.0,0.0
B,R03,training,02,61,0,0.0,0.0,0.0,0.0
B,R03,training,02,62,0,0.0,0.0,0.0,0.0
B,R03,training,02,63,0,0.0,0.0,0.0,0.0
B,R03,training,02,64,0,0.0,0.0,0.0,0.0
B,R03,training,02,65,0,0.0,0.0,0.0,0.0
B,R03,training,02,66,0,0.0,0.0,0.0,0.0
B,R03,training,02,67,0,0.0,0.0,0.0,0.0
B,R03,training,02,68,0,0.0,0.0,0.0,0.0
B,R03,training,02,69,0,0.0,0.0,0.0,0.0
B,R03,training,02,70,0,0.0,0.0,0.0,0.0
B,R03,training,02,71,0,0.0,0.0,0.0,0.0
B,R03,training,02,72,0,0.0,0.0,0.0,0.0
B,R03,training,02,73,0,0.0,0.0,0.0,0.0
B,R03,training,02,74,0,0.0,0.0,0.0,0.0
B,R03,training,02,75,0,0.0,0.0,0.0,0.0
B,R03,training,02,76,0,0.0,0.0,0.0,0.0
B,R03,training,02,77,0,0.0,0.0,0.0,0.0
B,R03,training,02,78,0,0.0,0.0,0.0,0.0
B,R03,training,02,79,0,0.0,0.0,0.0,0.0
B,R03,training,02,80,0,0.0,0.0,0.0,0.0
B,R03,training,02,81,0,0.0,0.0,0.0,0.0
B,R03,training,02,82,0,0.0,0.0,0.0,0.0
B,R03,training,02,83,0,0.0,0.0,0.0,0.0
B,R03,training,02,84,0,0.0,0.0,0.0,0.0
B,R03,training,02,85,0,0.0,0.0,0.0,0.0
B,R03,training,02,86,0,0.0,0.0,0.0,0.0
B,R03,training,02,87,0,0.0,0.0,0.0,0.0
B,R03,training,02,88,0,0.0,0.0,0.0,0.0
B,R03,training,02,89,0,0.0,0.0,0.0,0.0
B,R03,training,02,90,0,0.0,0.0,0.0,0.0
B,R03,training,02,91,0,0.0,0.0,0.0,0.0
B,R03,training,02,92,0,0.0,0.0,0.0,0.0
B,R03,training,02,93,0,0.0,0.0,0.0,0.0
B,R03,training,02,94,0,0.0,0.0,0.0,0.0
B,R03,training,02,95,0,0.0,0.0,0.0,0.0
B,R03,training,02,96,0,0.0,0.0,0.0,0.0
B,R03,training,02,97,0,0.0,0.0,0.0,0.0
B,R03,training,02,98,0,0.0,0.0,0.0,0.0
B,R03,training,02,99,0,0.0,0.0,0.0,0.0
B,R03,training,02,100,0,0.0,0.0,0.0,0.0
B,R03,training,02,101,0,0.0,0.0,0.0,0.0
B,R03,training,02,102,0,0.0,0.0,0.0,0.0
B,R03,training,02,103,0,0.0,0.0,0.0,0.0
B,R03,training,02,104,0,0.0,0.0,0.0,0.0
B,R03,training,02,105,0,0.0,0.0,0.0,0.0
B,R03,training,02,106,0,0.0,0.0,0.0,0.0
B,R03,training,02,107,0,0.0,0.0,0.0,0.0
B,R03,training,02,108,0,0.0,0.0,0.0,0.0
B,R03,training,02,109,0,0.0,0.0,0.0,0.0
B,R03,training,02,110,0,0.0,0.0,0.0,0.0
B,R03,training,02,111,0,0.0,0.0,0.0,0.0
B,R03,training,02,112,0,0.0,0.0,0.0,0.0
B,R03,training,02,113,0,0.0,0.0,0.0,0.0
B,R03,training,02,114,0,0.0,0.0,0.0,0.0
B,R03,training,02,115,0,0.0,0.0,0.0,0.0
B,R03,training,02,116,0,0.0,0.0,0.0,0.0
B,R03,training,02,117,0,0.0,0.0,0.0,0.0
B,R03,training,02,118,0,0.0,0.0,0.0,0.0
B,R03,training,02,119,0,0.0,0.0,0.0,0.0
B,R03,training,02,120,0,0.0,0.0,0.0,0.0
B,R03,training,02,121,0,0.0,0.0,0.0,0.0
B,R03,training,02,122,0,0.0,0.0,0.0,0.0
B,R03,training,02,123,0,0.0,0.0,0.0,0.0
B,R03,training,02,124,0,0.0,0.0,0.0,0.0
B,R03,training,02,125,0,0.0,0.0,0.0,0.0
B,R03,training,02,126,0,0.0,0.0,0.0,0.0
B,R03,training,02,127,0,0.0,0.0,0.0,0.0
B,R03,training,02,128,0,0.0,0.0,0.0,0.0
B,R03,training,02,129,0,0.0,0.0,0.0,0.0
B,R03,training,02,130,0,0.0,0.0,0.0,0.0
B,R03,training,02,131,0,0.0,0.0,0.0,0.0
B,R03,training,02,132,0,0.0,0.0,0.0,0.0
B,R03,training,02,133,0,0.0,0.0,0.0,0.0
B,R03,training,02,134,0,0.0,0.0,0.0,0.0
B,R03,training,02,135,0,0.0,0.0,0.0,0.0
B,R03,training,02,136,0,0.0,0.0,0.0,0.0
B,R03,training,02,137,0,0.0,0.0,0.0,0.0
B,R03,training,02,138,0,0.0,0.0,0.0,0.0
B,R03,training,02,139,0,0.0,0.0,0.0,0.0
B,R03,training,02,140,0,0.0,0.0,0.0,0.0
B,R03,training,02,141,0,0.0,0.0,0.0,0.0
B,R03,training,02,142,0,0.0,0.0,0.0,0.0
B,R03,training,02,143,0,0.0,0.0,0.0,0.0
B,R03,training,02,144,0,0.0,0.0,0.0,0.0
B,R03,training,02,145,0,0.0,0.0,0.0,0.0
B,R03,training,02,146,0,0.0,0.0,0.0,0.0
B,R03,training,02,147,0,0.0,0.0,0.0,0.0
B,R03,training,02,148,0,0.0,0.0,0.0,0.0
B,R03,training,02,149,0,0.0,0.0,0.0,0.0
B,R03,training,02,150,0,0.0,0.0,0.0,0.0
B,R03,training,02,151,0,0.0,0.0,0.0,0.0
B,R03,training,02,152,0,0.0,0.0,0.0,0.0
B,R03,training,02,153,0,0.0,0.0,0.0,0.0
B,R03,training,02,154,0,0.0,0.0,0.0,0.0
B,R03,training,02,155,0,0.0,0.0,0.0,0.0
B,R03,training,02,156,0,0.0,0.0,0.0,0.0
B,R03,training,02,157,0,0.0,0.0,0.0,0.0
B,R03,training,02,158,0,0.0,0.0,0.0,0.0
B,R03,training,02,159,0,0.0,0.0,0.0,0.0
B,R03,training,02,160,0,0.0,0.0,0.0,0.0
B,R03,training,02,161,0,0.0,0.0,0.0,0.0
B,R03,training,02,162,0,0.0,0.0,0.0,0.0
B,R03,training,02,163,0,0.0,0.0,0.0,0.0
B,R03,training,02,164,0,0.0,0.0,0.0,0.0
B,R03,training,02,165,0,0.0,0.0,0.0,0.0
B,R03,training,02,166,0,0.0,0.0,0.0,0.0
B,R03,training,02,167,0,0.0,0.0,0.0,0.0
B,R03,training,02,168,0,0.0,0.0,0.0,0.0
B,R03,training,02,169,0,0.0,0.0,0.0,0.0
B,R03,training,02,170,0,0.0,0.0,0.0,0.0
B,R03,training,02,171,0,0.0,0.0,0.0,0.0
B,R03,training,02,172,0,0.0,0.0,0.0,0.0
B,R03,training,02,173,0,0.0,0.0,0.0,0.0
B,R03,training,02,174,0,0.0,0.0,0.0,0.0
B,R03,training,02,175,0,0.0,0.0,0.0,0.0
B,R03,training,02,176,0,0.0,0.0,0.0,0.0
B,R03,training,02,177,0,0.0,0.0,0.0,0.0
B,R03,training,02,178,0,0.0,0.0,0.0,0.0
B,R03,training,02,179,0,0.0,0.0,0.0,0.0
B,R03,training,02,180,0,0.0,0.0,0.0,0.0
B,R03,training,02,181,0,0.0,0.0,0.0,0.0
B,R03,training,02,182,0,0.0,0.0,0.0,0.0
B,R03,training,02,183,0,0.0,0.0,0.0,0.0
B,R03,training,02,184,0,0.0,0.0,0.0,0.0
B,R03,training,02,185,0,0.0,0.0,0.0,0.0
B,R03,training,02,186,0,0.0,0.0,0.0,0.0
B,R03,training,02,187,0,0.0,0.0,0.0,0.0
B,R03,training,02,188,0,0.0,0.0,0.0,0.0
B,R03,training,02,189,0,0.0,0.0,0.0,0.0
B,R03,training,02,190,0,0.0,0.0,0.0,0.0
B,R03,training,02,191,0,0.0,0.0,0.0,0.0
B,R03,training,02,192,0,0.0,0.0,0.0,0.0
B,R03,training,02,193,0,0.0,0.0,0.0,0.0
B,R03,training,02,194,0,0.0,0.0,0.0,0.0
B,R03,training,02,195,0,0.0,0.0,0.0,0.0
B,R03,training,02,196,0,0.0,0.0,0.0,0.0
B,R03,training,02,197,0,0.0,0.0,0.0,0.0
B,R03,training,02,198,0,0.0,0.0,0.0,0.0
B,R03,training,02,199,0,0.0,0.0,0.0,0.0
B,R03,training,02,200,0,0.0,0.0,0.0,0.0
B,R03,training,02,201,0,0.0,0.0,0.0,0.0
B,R03,training,02,202,0,0.0,0.0,0.0,0.0
B,R03,training,02,203,0,0.0,0.0,0.0,0.0
B,R03,training,02,204,0,0.0,0.0,0.0,0.0
B,R03,training,02,205,0,0.0,0.0,0.0,0.0
B,R03,training,02,206,0,0.0,0.0,0.0,0.0
B,R03,training,02,207,0,0.0,0.0,0.0,0.0
B,R03,training,02,208,0,0.0,0.0,0.0,0.0
B,R03,training,02,209,0,0.0,0.0,0.0,0.0
B,R03,training,02,210,0,0.0,0.0,0.0,0.0
B,R03,training,02,211,0,0.0,0.0,0.0,0.0
B,R03,training,02,212,0,0.0,0.0,0.0,0.0
B,R03,training,02,213,0,0.0,0.0,0.0,0.0
B,R03,training,02,214,0,0.0,0.0,0.0,0.0
B,R03,training,02,215,0,0.0,0.0,0.0,0.0
B,R03,training,02,216,0,0.0,0.0,0.0,0.0
B,R03,training,02,217,0,0.0,0.0,0.0,0.0
B,R03,training,02,218,0,0.0,0.0,0.0,0.0
B,R03,training,02,219,0,0.0,0.0,0.0,0.0
B,R03,training,02,220,0,0.0,0.0,0.0,0.0
B,R03,training,02,221,0,0.0,0.0,0.0,0.0
B,R03,training,02,222,0,0.0,0.0,0.0,0.0
B,R03,training,02,223,0,0.0,0.0,0.0,0.0
B,R03,training,02,224,0,0.0,0.0,0.0,0.0
B,R03,training,02,225,0,0.0,0.0,0.0,0.0
B,R03,training,02,226,0,0.0,0.0,0.0,0.0
B,R03,training,02,227,0,0.0,0.0,0.0,0.0
B,R03,training,02,228,0,0.0,0.0,0.0,0.0
B,R03,training,02,229,0,0.0,0.0,0.0,0.0
B,R03,training,02,230,0,0.0,0.0,0.0,0.0
B,R03,training,02,231,0,0.0,0.0,0.0,0.0
B,R03,training,02,232,0,0.0,0.0,0.0,0.0
B,R03,training,02,233,0,0.0,0.0,0.0,0.0
B,R03,training,02,234,0,0.0,0.0,0.0,0.0
B,R03,training,02,235,0,0.0,0.0,0.0,0.0
B,R03,training,02,236,0,0.0,0.0,0.0,0.0
B,R03,training,02,237,0,0.0,0.0,0.0,0.0
B,R03,training,02,238,0,0.0,0.0,0.0,0.0
B,R03,training,02,239,0,0.0,0.0,0.0,0.0
B,R03,training,02,240,0,0.0,0.0,0.0,0.0
B,R03,training,02,241,0,0.0,0.0,0.0,0.0
B,R03,training,02,242,0,0.0,0.0,0.0,0.0
B,R03,training,02,243,0,0.0,0.0,0.0,0.0
B,R03,training,02,244,0,0.0,0.0,0.0,0.0
B,R03,training,02,245,0,0.0,0.0,0.0,0.0
B,R03,training,02,246,0,0.0,0.0,0.0,0.0
B,R03,training,02,247,0,0.0,0.0,0.0,0.0
B,R03,training,02,248,0,0.0,0.0,0.0,0.0
B,R03,training,02,249,0,0.0,0.0,0.0,0.0
B,R03,training,02,250,0,0.0,0.0,0.0,0.0
B,R03,training,02,251,0,0.0,0.0,0.0,0.0
B,R03,training,02,252,0,0.0,0.0,0.0,0.0
B,R03,training,02,253,0,0.0,0.0,0.0,0.0
B,R03,training,02,254,0,0.0,0.0,0.0,0.0
B,R03,training,02,255,0,0.0,0.0,0.0,0.0
B,R03,training,02,256,0,0.0,0.0,0.0,0.0
B,R03,training,02,257,0,0.0,0.0,0.0,0.0
B,R03,training,02,258,0,0.0,0.0,0.0,0.0
B,R03,training,02,259,0,0.0,0.0,0.0,0.0
B,R03,training,02,260,0,0.0,0.0,0.0,0.0
B,R03,training,02,261,0,0.0,0.0,0.0,0.0
B,R03,training,02,262,0,0.0,0.0,0.0,0.0
B,R03,training,02,263,0,0.0,0.0,0.0,0.0
B,R03,training,02,264,0,0.0,0.0,0.0,0.0
B,R03,training,02,265,0,0.0,0.0,0.0,0.0
B,R03,training,02,266,0,0.0,0.0,0.0,0.0
B,R03,training,02,267,0,0.0,0.0,0.0,0.0
B,R03,training,02,268,0,0.0,0.0,0.0,0.0
B,R03,training,02,269,0,0.0,0.0,0.0,0.0
B,R03,training,02,270,0,0.0,0.0,0.0,0.0
B,R03,training,02,271,0,0.0,0.0,0.0,0.0
B,R03,training,02,272,0,0.0,0.0,0.0,0.0
B,R03,training,02,273,0,0.0,0.0,0.0,0.0
B,R03,training,02,274,0,0.0,0.0,0.0,0.0
B,R03,training,02,275,0,0.0,0.0,0.0,0.0
B,R03,training,02,276,0,0.0,0.0,0.0,0.0
B,R03,training,02,277,0,0.0,0.0,0.0,0.0
B,R03,training,02,278,0,0.0,0.0,0.0,0.0
B,R03,training,02,279,0,0.0,0.0,0.0,0.0
B,R03,training,02,280,0,0.0,0.0,0.0,0.0
B,R03,training,02,281,0,0.0,0.0,0.0,0.0
B,R03,training,02,282,0,0.0,0.0,0.0,0.0
B,R03,training,02,283,0,0.0,0.0,0.0,0.0
B,R03,training,02,284,0,0.0,0.0,0.0,0.0
B,R03,training,02,285,0,0.0,0.0,0.0,0.0
B,R03,training,02,286,0,0.0,0.0,0.0,0.0
B,R03,training,02,287,0,0.0,0.0,0.0,0.0
B,R03,training,02,288,0,0.0,0.0,0.0,0.0
B,R03,training,02,289,0,0.0,0.0,0.0,0.0
B,R03,training,02,290,0,0.0,0.0,0.0,0.0
B,R03,training,02,291,0,0.0,0.0,0.0,0.0
B,R03,training,02,292,0,0.0,0.0,0.0,0.0
B,R03,training,02,293,0,0.0,0.0,0.0,0.0
B,R03,training,02,294,0,0.0,0.0,0.0,0.0
B,R03,training,02,295,0,0.0,0.0,0.0,0.0
B,R03,training,02,296,0,0.0,0.0,0.0,0.0
B,R03,training,02,297,0,0.0,0.0,0.0,0.0
B,R03,training,02,298,0,0.0,0.0,0.0,0.0
B,R03,training,02,299,0,0.0,0.0,0.0,0.0
B,R03,training,02,300,0,0.0,0.0,0.0,0.0
B,R03,training,02,301,0,0.0,0.0,0.0,0.0
B,R03,training,02,302,0,0.0,0.0,0.0,0.0
B,R03,training,02,303,0,0.0,0.0,0.0,0.0
B,R03,training,02,304,0,0.0,0.0,0.0,0.0
B,R03,training,02,305,0,0.0,0.0,0.0,0.0
B,R03,training,02,306,0,0.0,0.0,0.0,0.0
B,R03,training,02,307,0,0.0,0.0,0.0,0.0
B,R03,training,02,308,0,0.0,0.0,0.0,0.0
B,R03,training,02,309,0,0.0,0.0,0.0,0.0
B,R03,training,02,310,0,0.0,0.0,0.0,0.0
B,R03,training,02,311,0,0.0,0.0,0.0,0.0
B,R03,training,02,312,0,0.0,0.0,0.0,0.0
B,R03,training,02,313,0,0.0,0.0,0.0,0.0
B,R03,training,02,314,0,0.0,0.0,0.0,0.0
B,R03,training,02,315,0,0.0,0.0,0.0,0.0
B,R03,training,02,316,0,0.0,0.0,0.0,0.0
B,R03,training,02,317,0,0.0,0.0,0.0,0.0
B,R03,training,02,318,0,0.0,0.0,0.0,0.0
B,R03,training,02,319,0,0.0,0.0,0.0,0.0
B,R03,training,02,320,0,0.0,0.0,0.0,0.0
B,R03,training,02,321,0,0.0,0.0,0.0,0.0
B,R03,training,02,322,0,0.0,0.0,0.0,0.0
B,R03,training,02,323,0,0.0,0.0,0.0,0.0
B,R03,training,02,324,0,0.0,0.0,0.0,0.0
B,R03,training,02,325,0,0.0,0.0,0.0,0.0
B,R03,training,02,326,0,0.0,0.0,0.0,0.0
B,R03,training,02,327,0,0.0,0.0,0.0,0.0
B,R03,training,02,328,0,0.0,0.0,0.0,0.0
B,R03,training,02,329,0,0.0,0.0,0.0,0.0
B,R03,training,02,330,0,0.0,0.0,0.0,0.0
B,R03,training,02,331,0,0.0,0.0,0.0,0.0
B,R03,training,02,332,0,0.0,0.0,0.0,0.0
B,R03,training,02,333,0,0.0,0.0,0.0,0.0
B,R03,training,02,334,0,0.0,0.0,0.0,0.0
B,R03,training,02,335,0,0.0,0.0,0.0,0.0
B,R03,training,02,336,0,0.0,0.0,0.0,0.0
B,R03,training,02,337,0,0.0,0.0,0.0,0.0
B,R03,training,02,338,0,0.0,0.0,0.0,0.0
B,R03,training,02,339,0,0.0,0.0,0.0,0.0
B,R03,training,02,340,0,0.0,0.0,0.0,0.0
B,R03,training,02,341,0,0.0,0.0,0.0,0.0
B,R03,training,02,342,0,0.0,0.0,0.0,0.0
B,R03,training,02,343,0,0.0,0.0,0.0,0.0
B,R03,training,02,344,0,0.0,0.0,0.0,0.0
B,R03,training,02,345,0,0.0,0.0,0.0,0.0
B,R03,training,02,346,0,0.0,0.0,0.0,0.0
B,R03,training,02,347,0,0.0,0.0,0.0,0.0
B,R03,training,02,348,0,0.0,0.0,0.0,0.0
B,R03,training,02,349,0,0.0,0.0,0.0,0.0
B,R03,training,02,350,0,0.0,0.0,0.0,0.0
B,R03,training,02,351,0,0.0,0.0,0.0,0.0
B,R03,training,02,352,0,0.0,0.0,0.0,0.0
B,R03,training,02,353,0,0.0,0.0,0.0,0.0
B,R03,training,02,354,0,0.0,0.0,0.0,0.0
B,R03,training,02,355,0,0.0,0.0,0.0,0.0
B,R03,training,02,356,0,0.0,0.0,0.0,0.0
B,R03,training,02,357,0,0.0,0.0,0.0,0.0
B,R03,training,02,358,0,0.0,0.0,0.0,0.0
B,R03,training,02,359,0,0.0,0.0,0.0,0.0
B,R03,training,02,360,0,0.0,0.0,0.0,0.0
B,R03,training,02,361,0,0.0,0.0,0.0,0.0
B,R03,training,02,362,0,0.0,0.0,0.0,0.0
B,R03,training,02,363,0,0.0,0.0,0.0,0.0
B,R03,training,02,364,0,0.0,0.0,0.0,0.0
B,R03,training,02,365,0,0.0,0.0,0.0,0.0
B,R03,training,02,366,0,0.0,0.0,0.0,0.0
B,R03,training,02,367,0,0.0,0.0,0.0,0.0
B,R03,training,02,368,0,0.0,0.0,0.0,0.0
B,R03,training,02,369,0,0.0,0.0,0.0,0.0
B,R03,training,02,370,0,0.0,0.0,0.0,0.0
B,R03,training,02,371,0,0.0,0.0,0.0,0.0
B,R03,training,02,372,0,0.0,0.0,0.0,0.0
B,R03,training,02,373,0,0.0,0.0,0.0,0.0
B,R03,training,02,374,0,0.0,0.0,0.0,0.0
B,R03,training,02,375,0,0.0,0.0,0.0,0.0
B,R03,training,02,376,0,0.0,0.0,0.0,0.0
B,R03,training,02,377,0,0.0,0.0,0.0,0.0
B,R03,training,02,378,0,0.0,0.0,0.0,0.0
B,R03,training,02,379,0,0.0,0.0,0.0,0.0
B,R03,training,02,380,0,0.0,0.0,0.0,0.0
B,R03,training,02,381,0,0.0,0.0,0.0,0.0
B,R03,training,02,382,0,0.0,0.0,0.0,0.0
B,R03,training,02,383,0,0.0,0.0,0.0,0.0
B,R03,training,02,384,0,0.0,0.0,0.0,0.0
B,R03,training,02,385,0,0.0,0.0,0.0,0.0
B,R03,training,02,386,0,0.0,0.0,0.0,0.0
B,R03,training,02,387,0,0.0,0.0,0.0,0.0
B,R03,training,02,388,0,0.0,0.0,0.0,0.0
B,R03,training,02,389,0,0.0,0.0,0.0,0.0
B,R03,training,02,390,0,0.0,0.0,0.0,0.0
B,R03,training,02,391,0,0.0,0.0,0.0,0.0
B,R03,training,02,392,0,0.0,0.0,0.0,0.0
B,R03,training,02,393,0,0.0,0.0,0.0,0.0
B,R03,training,02,394,0,0.0,0.0,0.0,0.0
B,R03,training,02,395,0,0.0,0.0,0.0,0.0
B,R03,training,02,396,0,0.0,0.0,0.0,0.0
B,R03,training,02,397,0,0.0,0.0,0.0,0.0
B,R03,training,02,398,0,0.0,0.0,0.0,0.0
B,R03,training,02,399,0,0.0,0.0,0.0,0.0
B,R03,training,02,400,0,0.0,0.0,0.0,0.0
B,R03,training,02,401,0,0.0,0.0,0.0,0.0
B,R03,training,02,402,0,0.0,0.0,0.0,0.0
B,R03,training,02,403,0,0.0,0.0,0.0,0.0
B,R03,training,02,404,0,0.0,0.0,0.0,0.0
B,R03,training,02,405,0,0.0,0.0,0.0,0.0
B,R03,training,02,406,0,0.0,0.0,0.0,0.0
B,R03,training,02,407,0,0.0,0.0,0.0,0.0
B,R03,training,02,408,0,0.0,0.0,0.0,0.0
B,R03,training,02,409,0,0.0,0.0,0.0,0.0
B,R03,training,02,410,0,0.0,0.0,0.0,0.0
B,R03,training,02,411,0,0.0,0.0,0.0,0.0
B,R03,training,02,412,0,0.0,0.0,0.0,0.0
B,R03,training,02,413,0,0.0,0.0,0.0,0.0
B,R03,training,02,414,0,0.0,0.0,0.0,0.0
B,R03,training,02,415,0,0.0,0.0,0.0,0.0
B,R03,training,02,416,0,0.0,0.0,0.0,0.0
B,R03,training,02,417,0,0.0,0.0,0.0,0.0
B,R03,training,02,418,0,0.0,0.0,0.0,0.0
B,R03,training,02,419,0,0.0,0.0,0.0,0.0
B,R03,training,02,420,0,0.0,0.0,0.0,0.0
B,R03,training,02,421,0,0.0,0.0,0.0,0.0
B,R03,training,02,422,0,0.0,0.0,0.0,0.0
B,R03,training,02,423,0,0.0,0.0,0.0,0.0
B,R03,training,02,424,0,0.0,0.0,0.0,0.0
B,R03,training,02,425,0,0.0,0.0,0.0,0.0
B,R03,training,02,426,0,0.0,0.0,0.0,0.0
B,R03,training,02,427,0,0.0,0.0,0.0,0.0
B,R03,training,02,428,0,0.0,0.0,0.0,0.0
B,R03,training,02,429,0,0.0,0.0,0.0,0.0
B,R03,training,02,430,0,0.0,0.0,0.0,0.0
B,R03,training,02,431,0,0.0,0.0,0.0,0.0
B,R03,training,02,432,0,0.0,0.0,0.0,0.0
B,R03,training,02,433,0,0.0,0.0,0.0,0.0
B,R03,training,02,434,0,0.0,0.0,0.0,0.0
B,R03,training,02,435,0,0.0,0.0,0.0,0.0
B,R03,training,02,436,0,0.0,0.0,0.0,0.0
B,R03,training,02,437,0,0.0,0.0,0.0,0.0
B,R03,training,02,438,0,0.0,0.0,0.0,0.0
B,R03,training,02,439,0,0.0,0.0,0.0,0.0
B,R03,training,02,440,0,0.0,0.0,0.0,0.0
B,R03,training,02,441,0,0.0,0.0,0.0,0.0
B,R03,training,02,442,0,0.0,0.0,0.0,0.0
B,R03,training,02,443,0,0.0,0.0,0.0,0.0
B,R03,training,02,444,0,0.0,0.0,0.0,0.0
B,R03,training,02,445,0,0.0,0.0,0.0,0.0
B,R03,training,02,446,0,0.0,0.0,0.0,0.0
B,R03,training,02,447,0,0.0,0.0,0.0,0.0
B,R03,training,02,448,0,0.0,0.0,0.0,0.0
B,R03,training,02,449,0,0.0,0.0,0.0,0.0
B,R03,training,02,450,0,0.0,0.0,0.0,0.0
B,R03,training,02,451,0,0.0,0.0,0.0,0.0
B,R03,training,02,452,0,0.0,0.0,0.0,0.0
B,R03,training,02,453,0,0.0,0.0,0.0,0.0
B,R03,training,02,454,0,0.0,0.0,0.0,0.0
B,R03,training,02,455,0,0.0,0.0,0.0,0.0
B,R03,training,02,456,0,0.0,0.0,0.0,0.0
B,R03,training,02,457,0,0.0,0.0,0.0,0.0
B,R03,training,02,458,0,0.0,0.0,0.0,0.0
B,R03,training,02,459,0,0.0,0.0,0.0,0.0
B,R03,training,02,460,0,0.0,0.0,0.0,0.0
B,R03,training,02,461,0,0.0,0.0,0.0,0.0
B,R03,training,02,462,0,0.0,0.0,0.0,0.0
B,R03,training,02,463,0,0.0,0.0,0.0,0.0
B,R03,training,02,464,0,0.0,0.0,0.0,0.0
B,R03,training,02,465,0,0.0,0.0,0.0,0.0
B,R03,training,02,466,0,0.0,0.0,0.0,0.0
B,R03,training,02,467,0,0.0,0.0,0.0,0.0
B,R03,training,02,468,0,0.0,0.0,0.0,0.0
B,R03,training,02,469,0,0.0,0.0,0.0,0.0
B,R03,training,02,470,0,0.0,0.0,0.0,0.0
B,R03,training,02,471,0,0.0,0.0,0.0,0.0
B,R03,training,02,472,0,0.0,0.0,0.0,0.0
B,R03,training,02,473,0,0.0,0.0,0.0,0.0
B,R03,training,02,474,0,0.0,0.0,0.0,0.0
B,R03,training,02,475,0,0.0,0.0,0.0,0.0
B,R03,training,02,476,0,0.0,0.0,0.0,0.0
B,R03,training,02,477,0,0.0,0.0,0.0,0.0
B,R03,training,02,478,0,0.0,0.0,0.0,0.0
B,R03,training,02,479,0,0.0,0.0,0.0,0.0
B,R03,training,02,480,0,0.0,0.0,0.0,0.0
B,R03,training,02,481,0,0.0,0.0,0.0,0.0
B,R03,training,02,482,0,0.0,0.0,0.0,0.0
B,R03,training,02,483,0,0.0,0.0,0.0,0.0
B,R03,training,02,484,0,0.0,0.0,0.0,0.0
B,R03,training,02,485,0,0.0,0.0,0.0,0.0
B,R03,training,02,486,0,0.0,0.0,0.0,0.0
B,R03,training,02,487,0,0.0,0.0,0.0,0.0
B,R03,training,02,488,0,0.0,0.0,0.0,0.0
B,R03,training,02,489,0,0.0,0.0,0.0,0.0
B,R03,training,02,490,0,0.0,0.0,0.0,0.0
B,R03,training,02,491,0,0.0,0.0,0.0,0.0
B,R03,training,02,492,0,0.0,0.0,0.0,0.0
B,R03,training,02,493,0,0.0,0.0,0.0,0.0
B,R03,training,02,494,0,0.0,0.0,0.0,0.0
B,R03,training,02,495,0,0.0,0.0,0.0,0.0
B,R03,training,02,496,0,0.0,0.0,0.0,0.0
B,R03,training,02,497,0,0.0,0.0,0.0,0.0
B,R03,training,02,498,0,0.0,0.0,0.0,0.0
B,R03,training,02,499,0,0.0,0.0,0.0,0.0
B,R03,training,02,500,0,0.0,0.0,0.0,0.0
B,R03,training,02,501,0,0.0,0.0,0.0,0.0
B,R03,training,02,502,0,0.0,0.0,0.0,0.0
B,R03,training,02,503,0,0.0,0.0,0.0,0.0
B,R03,training,02,504,0,0.0,0.0,0.0,0.0
B,R03,training,02,505,0,0.0,0.0,0.0,0.0
B,R03,training,02,506,0,0.0,0.0,0.0,0.0
B,R03,training,02,507,0,0.0,0.0,0.0,0.0
B,R03,training,02,508,0,0.0,0.0,0.0,0.0
B,R03,training,02,509,0,0.0,0.0,0.0,0.0
B,R03,training,02,510,0,0.0,0.0,0.0,0.0
B,R03,training,02,511,0,0.0,0.0,0.0,0.0
B,R03,training,02,512,0,0.0,0.0,0.0,0.0
B,R03,training,02,513,0,0.0,0.0,0.0,0.0
B,R03,training,02,514,0,0.0,0.0,0.0,0.0
B,R03,training,02,515,0,0.0,0.0,0.0,0.0
B,R03,training,02,516,0,0.0,0.0,0.0,0.0
B,R03,training,02,517,0,0.0,0.0,0.0,0.0
B,R03,training,02,518,0,0.0,0.0,0.0,0.0
B,R03,training,02,519,0,0.0,0.0,0.0,0.0
B,R03,training,02,520,0,0.0,0.0,0.0,0.0
B,R03,training,02,521,0,0.0,0.0,0.0,0.0
B,R03,training,02,522,0,0.0,0.0,0.0,0.0
B,R03,training,02,523,0,0.0,0.0,0.0,0.0
B,R03,training,02,524,0,0.0,0.0,0.0,0.0
B,R03,training,02,525,0,0.0,0.0,0.0,0.0
B,R03,training,02,526,0,0.0,0.0,0.0,0.0
B,R03,training,02,527,0,0.0,0.0,0.0,0.0
B,R03,training,02,528,0,0.0,0.0,0.0,0.0
B,R03,training,02,529,0,0.0,0.0,0.0,0.0
B,R03,training,02,530,0,0.0,0.0,0.0,0.0
B,R03,training,02,531,0,0.0,0.0,0.0,0.0
B,R03,training,02,532,0,0.0,0.0,0.0,0.0
B,R03,training,02,533,0,0.0,0.0,0.0,0.0
B,R03,training,02,534,0,0.0,0.0,0.0,0.0
B,R03,training,02,535,0,0.0,0.0,0.0,0.0
B,R03,training,02,536,0,0.0,0.0,0.0,0.0
B,R03,training,02,537,0,0.0,0.0,0.0,0.0
B,R03,training,02,538,0,0.0,0.0,0.0,0.0
B,R03,training,02,539,0,0.0,0.0,0.0,0.0
B,R03,training,02,540,0,0.0,0.0,0.0,0.0
B,R03,training,02,541,0,0.0,0.0,0.0,0.0
B,R03,training,02,542,0,0.0,0.0,0.0,0.0
B,R03,training,02,543,0,0.0,0.0,0.0,0.0
B,R03,training,02,544,0,0.0,0.0,0.0,0.0
B,R03,training,02,545,0,0.0,0.0,0.0,0.0
B,R03,training,02,546,0,0.0,0.0,0.0,0.0
B,R03,training,02,547,0,0.0,0.0,0.0,0.0
B,R03,training,02,548,0,0.0,0.0,0.0,0.0
B,R03,training,02,549,0,0.0,0.0,0.0,0.0
B,R03,training,02,550,0,0.0,0.0,0.0,0.0
B,R03,training,02,551,0,0.0,0.0,0.0,0.0
B,R03,training,02,552,0,0.0,0.0,0.0,0.0
B,R03,training,02,553,0,0.0,0.0,0.0,0.0
B,R03,training,02,554,0,0.0,0.0,0.0,0.0
B,R03,training,02,555,0,0.0,0.0,0.0,0.0
B,R03,training,02,556,0,0.0,0.0,0.0,0.0
B,R03,training,02,557,0,0.0,0.0,0.0,0.0
B,R03,training,02,558,0,0.0,0.0,0.0,0.0
B,R03,training,02,559,0,0.0,0.0,0.0,0.0
B,R03,training,02,560,0,0.0,0.0,0.0,0.0
B,R03,training,02,561,0,0.0,0.0,0.0,0.0
B,R03,training,02,562,0,0.0,0.0,0.0,0.0
B,R03,training,02,563,0,0.0,0.0,0.0,0.0
B,R03,training,02,564,0,0.0,0.0,0.0,0.0
B,R03,training,02,565,0,0.0,0.0,0.0,0.0
B,R03,training,02,566,0,0.0,0.0,0.0,0.0
B,R03,training,02,567,0,0.0,0.0,0.0,0.0
B,R03,training,02,568,0,0.0,0.0,0.0,0.0
B,R03,training,02,569,0,0.0,0.0,0.0,0.0
B,R03,training,02,570,0,0.0,0.0,0.0,0.0
B,R03,training,02,571,0,0.0,0.0,0.0,0.0
B,R03,training,02,572,0,0.0,0.0,0.0,0.0
B,R03,training,02,573,0,0.0,0.0,0.0,0.0
B,R03,training,02,574,0,0.0,0.0,0.0,0.0
B,R03,training,02,575,0,0.0,0.0,0.0,0.0
B,R03,training,02,576,0,0.0,0.0,0.0,0.0
B,R03,training,02,577,0,0.0,0.0,0.0,0.0
B,R03,training,02,578,0,0.0,0.0,0.0,0.0
B,R03,training,02,579,0,0.0,0.0,0.0,0.0
B,R03,training,02,580,0,0.0,0.0,0.0,0.0
B,R03,training,02,581,0,0.0,0.0,0.0,0.0
B,R03,training,02,582,0,0.0,0.0,0.0,0.0
B,R03,training,02,583,0,0.0,0.0,0.0,0.0
B,R03,training,02,584,0,0.0,0.0,0.0,0.0
B,R03,training,02,585,0,0.0,0.0,0.0,0.0
B,R03,training,02,586,0,0.0,0.0,0.0,0.0
B,R03,training,02,587,0,0.0,0.0,0.0,0.0
B,R03,training,02,588,0,0.0,0.0,0.0,0.0
B,R03,training,02,589,0,0.0,0.0,0.0,0.0
B,R03,training,02,590,0,0.0,0.0,0.0,0.0
B,R03,training,02,591,0,0.0,0.0,0.0,0.0
B,R03,training,02,592,0,0.0,0.0,0.0,0.0
B,R03,training,02,593,0,0.0,0.0,0.0,0.0
B,R03,training,02,594,0,0.0,0.0,0.0,0.0
B,R03,training,02,595,0,0.0,0.0,0.0,0.0
B,R03,training,02,596,0,0.0,0.0,0.0,0.0
B,R03,training,02,597,0,0.0,0.0,0.0,0.0
B,R03,training,02,598,0,0.0,0.0,0.0,0.0
B,R03,training,02,599,0,0.0,0.0,0.0,0.0
B,R03,training,02,600,0,0.0,0.0,0.0,0.0
B,R03,training,02,601,0,0.0,0.0,0.0,0.0
B,R03,training,02,602,0,0.0,0.0,0.0,0.0
B,R03,training,02,603,0,0.0,0.0,0.0,0.0
B,R03,training,02,604,0,0.0,0.0,0.0,0.0
B,R03,training,02,605,0,0.0,0.0,0.0,0.0
B,R03,training,02,606,0,0.0,0.0,0.0,0.0
B,R03,training,02,607,0,0.0,0.0,0.0,0.0
B,R03,training,02,608,0,0.0,0.0,0.0,0.0
B,R03,training,02,609,0,0.0,0.0,0.0,0.0
B,R03,training,02,610,0,0.0,0.0,0.0,0.0
B,R03,training,02,611,0,0.0,0.0,0.0,0.0
B,R03,training,02,612,0,0.0,0.0,0.0,0.0
B,R03,training,02,613,0,0.0,0.0,0.0,0.0
B,R03,training,02,614,0,0.0,0.0,0.0,0.0
B,R03,training,02,615,0,0.0,0.0,0.0,0.0
B,R03,training,02,616,0,0.0,0.0,0.0,0.0
B,R03,training,02,617,0,0.0,0.0,0.0,0.0
B,R03,training,02,618,0,0.0,0.0,0.0,0.0
B,R03,training,02,619,0,0.0,0.0,0.0,0.0
B,R03,training,02,620,0,0.0,0.0,0.0,0.0
B,R03,training,02,621,0,0.0,0.0,0.0,0.0
B,R03,training,02,622,0,0.0,0.0,0.0,0.0
B,R03,training,02,623,0,0.0,0.0,0.0,0.0
B,R03,training,02,624,0,0.0,0.0,0.0,0.0
B,R03,training,02,625,0,0.0,0.0,0.0,0.0
B,R03,training,02,626,0,0.0,0.0,0.0,0.0
B,R03,training,02,627,0,0.0,0.0,0.0,0.0
B,R03,training,02,628,0,0.0,0.0,0.0,0.0
B,R03,training,02,629,0,0.0,0.0,0.0,0.0
B,R03,training,02,630,0,0.0,0.0,0.0,0.0
B,R03,training,02,631,0,0.0,0.0,0.0,0.0
B,R03,training,02,632,0,0.0,0.0,0.0,0.0
B,R03,training,02,633,0,0.0,0.0,0.0,0.0
B,R03,training,02,634,0,0.0,0.0,0.0,0.0
B,R03,training,02,635,0,0.0,0.0,0.0,0.0
B,R03,training,02,636,0,0.0,0.0,0.0,0.0
B,R03,training,02,637,0,0.0,0.0,0.0,0.0
B,R03,training,02,638,0,0.0,0.0,0.0,0.0
B,R03,training,02,639,0,0.0,0.0,0.0,0.0
B,R03,training,02,640,0,0.0,0.0,0.0,0.0
B,R03,training,02,641,0,0.0,0.0,0.0,0.0
B,R03,training,02,642,0,0.0,0.0,0.0,0.0
B,R03,training,02,643,0,0.0,0.0,0.0,0.0
B,R03,training,02,644,0,0.0,0.0,0.0,0.0
B,R03,training,02,645,0,0.0,0.0,0.0,0.0
B,R03,training,02,646,0,0.0,0.0,0.0,0.0
B,R03,training,02,647,0,0.0,0.0,0.0,0.0
B,R03,training,02,648,0,0.0,0.0,0.0,0.0
B,R03,training,02,649,0,0.0,0.0,0.0,0.0
B,R03,training,02,650,0,0.0,0.0,0.0,0.0
B,R03,training,02,651,0,0.0,0.0,0.0,0.0
B,R03,training,02,652,0,0.0,0.0,0.0,0.0
B,R03,training,02,653,0,0.0,0.0,0.0,0.0
B,R03,training,02,654,0,0.0,0.0,0.0,0.0
B,R03,training,02,655,0,0.0,0.0,0.0,0.0
B,R03,training,02,656,0,0.0,0.0,0.0,0.0
B,R03,training,02,657,0,0.0,0.0,0.0,0.0
B,R03,training,02,658,0,0.0,0.0,0.0,0.0
B,R03,training,02,659,0,0.0,0.0,0.0,0.0
B,R03,training,02,660,0,0.0,0.0,0.0,0.0
B,R03,training,02,661,0,0.0,0.0,0.0,0.0
B,R03,training,02,662,0,0.0,0.0,0.0,0.0
B,R03,training,02,663,0,0.0,0.0,0.0,0.0
B,R03,training,02,664,0,0.0,0.0,0.0,0.0
B,R03,training,02,665,0,0.0,0.0,0.0,0.0
B,R03,training,02,666,0,0.0,0.0,0.0,0.0
B,R03,training,02,667,0,0.0,0.0,0.0,0.0
B,R03,training,02,668,0,0.0,0.0,0.0,0.0
B,R03,training,02,669,0,0.0,0.0,0.0,0.0
B,R03,training,02,670,0,0.0,0.0,0.0,0.0
B,R03,training,02,671,0,0.0,0.0,0.0,0.0
B,R03,training,02,672,0,0.0,0.0,0.0,0.0
B,R03,training,02,673,0,0.0,0.0,0.0,0.0
B,R03,training,02,674,0,0.0,0.0,0.0,0.0
B,R03,training,02,675,0,0.0,0.0,0.0,0.0
B,R03,training,02,676,0,0.0,0.0,0.0,0.0
B,R03,training,02,677,0,0.0,0.0,0.0,0.0
B,R03,training,02,678,0,0.0,0.0,0.0,0.0
B,R03,training,02,679,0,0.0,0.0,0.0,0.0
B,R03,training,02,680,0,0.0,0.0,0.0,0.0
B,R03,training,02,681,0,0.0,0.0,0.0,0.0
B,R03,training,02,682,0,0.0,0.0,0.0,0.0
B,R03,training,02,683,0,0.0,0.0,0.0,0.0
B,R03,training,02,684,0,0.0,0.0,0.0,0.0
B,R03,training,02,685,0,0.0,0.0,0.0,0.0
B,R03,training,02,686,0,0.0,0.0,0.0,0.0
B,R03,training,02,687,0,0.0,0.0,0.0,0.0
B,R03,training,02,688,0,0.0,0.0,0.0,0.0
B,R03,training,02,689,0,0.0,0.0,0.0,0.0
B,R03,training,02,690,0,0.0,0.0,0.0,0.0
B,R03,training,02,691,0,0.0,0.0,0.0,0.0
C,R03,training,02,0,0,0.0,0.0,0.0,0.0
C,R03,training,02,1,0,0.0,0.0,0.0,0.0
C,R03,training,02,2,0,0.0,0.0,0.0,0.0
C,R03,training,02,3,0,0.0,0.0,0.0,0.0
C,R03,training,02,4,0,0.0,0.0,0.0,0.0
C,R03,training,02,5,0,0.0,0.0,0.0,0.0
C,R03,training,02,6,0,0.0,0.0,0.0,0.0
C,R03,training,02,7,0,0.0,0.0,0.0,0.0
C,R03,training,02,8,0,0.0,0.0,0.0,0.0
C,R03,training,02,9,0,0.0,0.0,0.0,0.0
C,R03,training,02,10,0,0.0,0.0,0.0,0.0
C,R03,training,02,11,0,0.0,0.0,0.0,0.0
C,R03,training,02,12,0,0.0,0.0,0.0,0.0
C,R03,training,02,13,0,0.0,0.0,0.0,0.0
C,R03,training,02,14,0,0.0,0.0,0.0,0.0
C,R03,training,02,15,0,0.0,0.0,0.0,0.0
C,R03,training,02,16,0,0.0,0.0,0.0,0.0
C,R03,training,02,17,0,0.0,0.0,0.0,0.0
C,R03,training,02,18,0,0.0,0.0,0.0,0.0
C,R03,training,02,19,0,0.0,0.0,0.0,0.0
C,R03,training,02,20,0,0.0,0.0,0.0,0.0
C,R03,training,02,21,0,0.0,0.0,0.0,0.0
C,R03,training,02,22,0,0.0,0.0,0.0,0.0
C,R03,training,02,23,0,0.0,0.0,0.0,0.0
C,R03,training,02,24,0,0.0,0.0,0.0,0.0
C,R03,training,02,25,0,0.0,0.0,0.0,0.0
C,R03,training,02,26,0,0.0,0.0,0.0,0.0
C,R03,training,02,27,0,0.0,0.0,0.0,0.0
C,R03,training,02,28,0,0.0,0.0,0.0,0.0
C,R03,training,02,29,0,0.0,0.0,0.0,0.0
C,R03,training,02,30,0,0.0,0.0,0.0,0.0
C,R03,training,02,31,0,0.0,0.0,0.0,0.0
C,R03,training,02,32,0,0.0,0.0,0.0,0.0
C,R03,training,02,33,0,0.0,0.0,0.0,0.0
C,R03,training,02,34,0,0.0,0.0,0.0,0.0
C,R03,training,02,35,0,0.0,0.0,0.0,0.0
C,R03,training,02,36,0,0.0,0.0,0.0,0.0
C,R03,training,02,37,0,0.0,0.0,0.0,0.0
C,R03,training,02,38,0,0.0,0.0,0.0,0.0
C,R03,training,02,39,0,0.0,0.0,0.0,0.0
C,R03,training,02,40,0,0.0,0.0,0.0,0.0
C,R03,training,02,41,0,0.0,0.0,0.0,0.0
C,R03,training,02,42,0,0.0,0.0,0.0,0.0
C,R03,training,02,43,0,0.0,0.0,0.0,0.0
C,R03,training,02,44,0,0.0,0.0,0.0,0.0
C,R03,training,02,45,0,0.0,0.0,0.0,0.0
C,R03,training,02,46,0,0.0,0.0,0.0,0.0
C,R03,training,02,47,0,0.0,0.0,0.0,0.0
C,R03,training,02,48,0,0.0,0.0,0.0,0.0
C,R03,training,02,49,0,0.0,0.0,0.0,0.0
C,R03,training,02,50,0,0.0,0.0,0.0,0.0
C,R03,training,02,51,0,0.0,0.0,0.0,0.0
C,R03,training,02,52,0,0.0,0.0,0.0,0.0
C,R03,training,02,53,0,0.0,0.0,0.0,0.0
C,R03,training,02,54,0,0.0,0.0,0.0,0.0
C,R03,training,02,55,0,0.0,0.0,0.0,0.0
C,R03,training,02,56,0,0.0,0.0,0.0,0.0
C,R03,training,02,57,0,0.0,0.0,0.0,0.0
C,R03,training,02,58,0,0.0,0.0,0.0,0.0
C,R03,training,02,59,0,0.0,0.0,0.0,0.0
C,R03,training,02,60,0,0.0,0.0,0.0,0.0
C,R03,training,02,61,0,0.0,0.0,0.0,0.0
C,R03,training,02,62,0,0.0,0.0,0.0,0.0
C,R03,training,02,63,0,0.0,0.0,0.0,0.0
C,R03,training,02,64,0,0.0,0.0,0.0,0.0
C,R03,training,02,65,0,0.0,0.0,0.0,0.0
C,R03,training,02,66,0,0.0,0.0,0.0,0.0
C,R03,training,02,67,0,0.0,0.0,0.0,0.0
C,R03,training,02,68,0,0.0,0.0,0.0,0.0
C,R03,training,02,69,0,0.0,0.0,0.0,0.0
C,R03,training,02,70,0,0.0,0.0,0.0,0.0
C,R03,training,02,71,0,0.0,0.0,0.0,0.0
C,R03,training,02,72,0,0.0,0.0,0.0,0.0
C,R03,training,02,73,0,0.0,0.0,0.0,0.0
C,R03,training,02,74,0,0.0,0.0,0.0,0.0
C,R03,training,02,75,0,0.0,0.0,0.0,0.0
C,R03,training,02,76,0,0.0,0.0,0.0,0.0
C,R03,training,02,77,0,0.0,0.0,0.0,0.0
C,R03,training,02,78,0,0.0,0.0,0.0,0.0
C,R03,training,02,79,0,0.0,0.0,0.0,0.0
C,R03,training,02,80,0,0.0,0.0,0.0,0.0
C,R03,training,02,81,0,0.0,0.0,0.0,0.0
C,R03,training,02,82,0,0.0,0.0,0.0,0.0
C,R03,training,02,83,0,0.0,0.0,0.0,0.0
C,R03,training,02,84,0,0.0,0.0,0.0,0.0
C,R03,training,02,85,0,0.0,0.0,0.0,0.0
C,R03,training,02,86,0,0.0,0.0,0.0,0.0
C,R03,training,02,87,0,0.0,0.0,0.0,0.0
C,R03,training,02,88,0,0.0,0.0,0.0,0.0
C,R03,training,02,89,0,0.0,0.0,0.0,0.0
C,R03,training,02,90,0,0.0,0.0,0.0,0.0
C,R03,training,02,91,0,0.0,0.0,0.0,0.0
C,R03,training,02,92,0,0.0,0.0,0.0,0.0
C,R03,training,02,93,0,0.0,0.0,0.0,0.0
C,R03,training,02,94,0,0.0,0.0,0.0,0.0
C,R03,training,02,95,0,0.0,0.0,0.0,0.0
C,R03,training,02,96,0,0.0,0.0,0.0,0.0
C,R03,training,02,97,0,0.0,0.0,0.0,0.0
C,R03,training,02,98,0,0.0,0.0,0.0,0.0
C,R03,training,02,99,0,0.0,0.0,0.0,0.0
C,R03,training,02,100,0,0.0,0.0,0.0,0.0
C,R03,training,02,101,0,0.0,0.0,0.0,0.0
C,R03,training,02,102,0,0.0,0.0,0.0,0.0
C,R03,training,02,103,0,0.0,0.0,0.0,0.0
C,R03,training,02,104,0,0.0,0.0,0.0,0.0
C,R03,training,02,105,0,0.0,0.0,0.0,0.0
C,R03,training,02,106,0,0.0,0.0,0.0,0.0
C,R03,training,02,107,0,0.0,0.0,0.0,0.0
C,R03,training,02,108,0,0.0,0.0,0.0,0.0
C,R03,training,02,109,0,0.0,0.0,0.0,0.0
C,R03,training,02,110,0,0.0,0.0,0.0,0.0
C,R03,training,02,111,0,0.0,0.0,0.0,0.0
C,R03,training,02,112,0,0.0,0.0,0.0,0.0
C,R03,training,02,113,0,0.0,0.0,0.0,0.0
C,R03,training,02,114,0,0.0,0.0,0.0,0.0
C,R03,training,02,115,0,0.0,0.0,0.0,0.0
C,R03,training,02,116,0,0.0,0.0,0.0,0.0
C,R03,training,02,117,0,0.0,0.0,0.0,0.0
C,R03,training,02,118,0,0.0,0.0,0.0,0.0
C,R03,training,02,119,0,0.0,0.0,0.0,0.0
C,R03,training,02,120,0,0.0,0.0,0.0,0.0
C,R03,training,02,121,0,0.0,0.0,0.0,0.0
C,R03,training,02,122,0,0.0,0.0,0.0,0.0
C,R03,training,02,123,0,0.0,0.0,0.0,0.0
C,R03,training,02,124,0,0.0,0.0,0.0,0.0
C,R03,training,02,125,0,0.0,0.0,0.0,0.0
C,R03,training,02,126,0,0.0,0.0,0.0,0.0
C,R03,training,02,127,0,0.0,0.0,0.0,0.0
C,R03,training,02,128,0,0.0,0.0,0.0,0.0
C,R03,training,02,129,0,0.0,0.0,0.0,0.0
C,R03,training,02,130,0,0.0,0.0,0.0,0.0
C,R03,training,02,131,0,0.0,0.0,0.0,0.0
C,R03,training,02,132,0,0.0,0.0,0.0,0.0
C,R03,training,02,133,0,0.0,0.0,0.0,0.0
C,R03,training,02,134,0,0.0,0.0,0.0,0.0
C,R03,training,02,135,0,0.0,0.0,0.0,0.0
C,R03,training,02,136,0,0.0,0.0,0.0,0.0
C,R03,training,02,137,0,0.0,0.0,0.0,0.0
C,R03,training,02,138,0,0.0,0.0,0.0,0.0
C,R03,training,02,139,0,0.0,0.0,0.0,0.0
C,R03,training,02,140,0,0.0,0.0,0.0,0.0
C,R03,training,02,141,0,0.0,0.0,0.0,0.0
C,R03,training,02,142,0,0.0,0.0,0.0,0.0
C,R03,training,02,143,0,0.0,0.0,0.0,0.0
C,R03,training,02,144,0,0.0,0.0,0.0,0.0
C,R03,training,02,145,0,0.0,0.0,0.0,0.0
C,R03,training,02,146,0,0.0,0.0,0.0,0.0
C,R03,training,02,147,0,0.0,0.0,0.0,0.0
C,R03,training,02,148,0,0.0,0.0,0.0,0.0
C,R03,training,02,149,0,0.0,0.0,0.0,0.0
C,R03,training,02,150,0,0.0,0.0,0.0,0.0
C,R03,training,02,151,0,0.0,0.0,0.0,0.0
C,R03,training,02,152,0,0.0,0.0,0.0,0.0
C,R03,training,02,153,0,0.0,0.0,0.0,0.0
C,R03,training,02,154,0,0.0,0.0,0.0,0.0
C,R03,training,02,155,0,0.0,0.0,0.0,0.0
C,R03,training,02,156,0,0.0,0.0,0.0,0.0
C,R03,training,02,157,0,0.0,0.0,0.0,0.0
C,R03,training,02,158,0,0.0,0.0,0.0,0.0
C,R03,training,02,159,0,0.0,0.0,0.0,0.0
C,R03,training,02,160,0,0.0,0.0,0.0,0.0
C,R03,training,02,161,0,0.0,0.0,0.0,0.0
C,R03,training,02,162,0,0.0,0.0,0.0,0.0
C,R03,training,02,163,0,0.0,0.0,0.0,0.0
C,R03,training,02,164,0,0.0,0.0,0.0,0.0
C,R03,training,02,165,0,0.0,0.0,0.0,0.0
C,R03,training,02,166,0,0.0,0.0,0.0,0.0
C,R03,training,02,167,0,0.0,0.0,0.0,0.0
C,R03,training,02,168,0,0.0,0.0,0.0,0.0
C,R03,training,02,169,0,0.0,0.0,0.0,0.0
C,R03,training,02,170,0,0.0,0.0,0.0,0.0
C,R03,training,02,171,0,0.0,0.0,0.0,0.0
C,R03,training,02,172,0,0.0,0.0,0.0,0.0
C,R03,training,02,173,0,0.0,0.0,0.0,0.0
C,R03,training,02,174,0,0.0,0.0,0.0,0.0
C,R03,training,02,175,0,0.0,0.0,0.0,0.0
C,R03,training,02,176,0,0.0,0.0,0.0,0.0
C,R03,training,02,177,0,0.0,0.0,0.0,0.0
C,R03,training,02,178,0,0.0,0.0,0.0,0.0
C,R03,training,02,179,0,0.0,0.0,0.0,0.0
C,R03,training,02,180,0,0.0,0.0,0.0,0.0
C,R03,training,02,181,0,0.0,0.0,0.0,0.0
C,R03,training,02,182,0,0.0,0.0,0.0,0.0
C,R03,training,02,183,0,0.0,0.0,0.0,0.0
C,R03,training,02,184,0,0.0,0.0,0.0,0.0
C,R03,training,02,185,0,0.0,0.0,0.0,0.0
C,R03,training,02,186,0,0.0,0.0,0.0,0.0
C,R03,training,02,187,0,0.0,0.0,0.0,0.0
C,R03,training,02,188,0,0.0,0.0,0.0,0.0
C,R03,training,02,189,0,0.0,0.0,0.0,0.0
C,R03,training,02,190,0,0.0,0.0,0.0,0.0
C,R03,training,02,191,0,0.0,0.0,0.0,0.0
C,R03,training,02,192,0,0.0,0.0,0.0,0.0
C,R03,training,02,193,0,0.0,0.0,0.0,0.0
C,R03,training,02,194,0,0.0,0.0,0.0,0.0
C,R03,training,02,195,0,0.0,0.0,0.0,0.0
C,R03,training,02,196,0,0.0,0.0,0.0,0.0
C,R03,training,02,197,0,0.0,0.0,0.0,0.0
C,R03,training,02,198,0,0.0,0.0,0.0,0.0
C,R03,training,02,199,0,0.0,0.0,0.0,0.0
C,R03,training,02,200,0,0.0,0.0,0.0,0.0
C,R03,training,02,201,0,0.0,0.0,0.0,0.0
C,R03,training,02,202,0,0.0,0.0,0.0,0.0
C,R03,training,02,203,0,0.0,0.0,0.0,0.0
C,R03,training,02,204,0,0.0,0.0,0.0,0.0
C,R03,training,02,205,0,0.0,0.0,0.0,0.0
C,R03,training,02,206,0,0.0,0.0,0.0,0.0
C,R03,training,02,207,0,0.0,0.0,0.0,0.0
C,R03,training,02,208,0,0.0,0.0,0.0,0.0
C,R03,training,02,209,0,0.0,0.0,0.0,0.0
C,R03,training,02,210,0,0.0,0.0,0.0,0.0
C,R03,training,02,211,0,0.0,0.0,0.0,0.0
C,R03,training,02,212,0,0.0,0.0,0.0,0.0
C,R03,training,02,213,0,0.0,0.0,0.0,0.0
C,R03,training,02,214,0,0.0,0.0,0.0,0.0
C,R03,training,02,215,0,0.0,0.0,0.0,0.0
C,R03,training,02,216,0,0.0,0.0,0.0,0.0
C,R03,training,02,217,0,0.0,0.0,0.0,0.0
C,R03,training,02,218,0,0.0,0.0,0.0,0.0
C,R03,training,02,219,0,0.0,0.0,0.0,0.0
C,R03,training,02,220,0,0.0,0.0,0.0,0.0
C,R03,training,02,221,0,0.0,0.0,0.0,0.0
C,R03,training,02,222,0,0.0,0.0,0.0,0.0
C,R03,training,02,223,0,0.0,0.0,0.0,0.0
C,R03,training,02,224,0,0.0,0.0,0.0,0.0
C,R03,training,02,225,0,0.0,0.0,0.0,0.0
C,R03,training,02,226,0,0.0,0.0,0.0,0.0
C,R03,training,02,227,0,0.0,0.0,0.0,0.0
C,R03,training,02,228,0,0.0,0.0,0.0,0.0
C,R03,training,02,229,0,0.0,0.0,0.0,0.0
C,R03,training,02,230,0,0.0,0.0,0.0,0.0
C,R03,training,02,231,0,0.0,0.0,0.0,0.0
C,R03,training,02,232,0,0.0,0.0,0.0,0.0
C,R03,training,02,233,0,0.0,0.0,0.0,0.0
C,R03,training,02,234,0,0.0,0.0,0.0,0.0
C,R03,training,02,235,0,0.0,0.0,0.0,0.0
C,R03,training,02,236,0,0.0,0.0,0.0,0.0
C,R03,training,02,237,0,0.0,0.0,0.0,0.0
C,R03,training,02,238,0,0.0,0.0,0.0,0.0
C,R03,training,02,239,0,0.0,0.0,0.0,0.0
C,R03,training,02,240,0,0.0,0.0,0.0,0.0
C,R03,training,02,241,0,0.0,0.0,0.0,0.0
C,R03,training,02,242,0,0.0,0.0,0.0,0.0
C,R03,training,02,243,0,0.0,0.0,0.0,0.0
C,R03,training,02,244,0,0.0,0.0,0.0,0.0
C,R03,training,02,245,0,0.0,0.0,0.0,0.0
C,R03,training,02,246,0,0.0,0.0,0.0,0.0
C,R03,training,02,247,0,0.0,0.0,0.0,0.0
C,R03,training,02,248,0,0.0,0.0,0.0,0.0
C,R03,training,02,249,0,0.0,0.0,0.0,0.0
C,R03,training,02,250,0,0.0,0.0,0.0,0.0
C,R03,training,02,251,0,0.0,0.0,0.0,0.0
C,R03,training,02,252,0,0.0,0.0,0.0,0.0
C,R03,training,02,253,0,0.0,0.0,0.0,0.0
C,R03,training,02,254,0,0.0,0.0,0.0,0.0
C,R03,training,02,255,0,0.0,0.0,0.0,0.0
C,R03,training,02,256,0,0.0,0.0,0.0,0.0
C,R03,training,02,257,0,0.0,0.0,0.0,0.0
C,R03,training,02,258,0,0.0,0.0,0.0,0.0
C,R03,training,02,259,0,0.0,0.0,0.0,0.0
C,R03,training,02,260,0,0.0,0.0,0.0,0.0
C,R03,training,02,261,0,0.0,0.0,0.0,0.0
C,R03,training,02,262,0,0.0,0.0,0.0,0.0
C,R03,training,02,263,0,0.0,0.0,0.0,0.0
C,R03,training,02,264,0,0.0,0.0,0.0,0.0
C,R03,training,02,265,0,0.0,0.0,0.0,0.0
C,R03,training,02,266,0,0.0,0.0,0.0,0.0
C,R03,training,02,267,0,0.0,0.0,0.0,0.0
C,R03,training,02,268,0,0.0,0.0,0.0,0.0
C,R03,training,02,269,0,0.0,0.0,0.0,0.0
C,R03,training,02,270,0,0.0,0.0,0.0,0.0
C,R03,training,02,271,0,0.0,0.0,0.0,0.0
C,R03,training,02,272,0,0.0,0.0,0.0,0.0
C,R03,training,02,273,0,0.0,0.0,0.0,0.0
C,R03,training,02,274,0,0.0,0.0,0.0,0.0
C,R03,training,02,275,0,0.0,0.0,0.0,0.0
C,R03,training,02,276,0,0.0,0.0,0.0,0.0
C,R03,training,02,277,0,0.0,0.0,0.0,0.0
C,R03,training,02,278,0,0.0,0.0,0.0,0.0
C,R03,training,02,279,0,0.0,0.0,0.0,0.0
C,R03,training,02,280,0,0.0,0.0,0.0,0.0
C,R03,training,02,281,0,0.0,0.0,0.0,0.0
C,R03,training,02,282,0,0.0,0.0,0.0,0.0
C,R03,training,02,283,0,0.0,0.0,0.0,0.0
C,R03,training,02,284,0,0.0,0.0,0.0,0.0
C,R03,training,02,285,0,0.0,0.0,0.0,0.0
C,R03,training,02,286,0,0.0,0.0,0.0,0.0
C,R03,training,02,287,0,0.0,0.0,0.0,0.0
C,R03,training,02,288,0,0.0,0.0,0.0,0.0
C,R03,training,02,289,0,0.0,0.0,0.0,0.0
C,R03,training,02,290,0,0.0,0.0,0.0,0.0
C,R03,training,02,291,0,0.0,0.0,0.0,0.0
C,R03,training,02,292,0,0.0,0.0,0.0,0.0
C,R03,training,02,293,0,0.0,0.0,0.0,0.0
C,R03,training,02,294,0,0.0,0.0,0.0,0.0
C,R03,training,02,295,0,0.0,0.0,0.0,0.0
C,R03,training,02,296,0,0.0,0.0,0.0,0.0
C,R03,training,02,297,0,0.0,0.0,0.0,0.0
C,R03,training,02,298,0,0.0,0.0,0.0,0.0
C,R03,training,02,299,0,0.0,0.0,0.0,0.0
C,R03,training,02,300,0,0.0,0.0,0.0,0.0
C,R03,training,02,301,0,0.0,0.0,0.0,0.0
C,R03,training,02,302,0,0.0,0.0,0.0,0.0
C,R03,training,02,303,0,0.0,0.0,0.0,0.0
C,R03,training,02,304,0,0.0,0.0,0.0,0.0
C,R03,training,02,305,0,0.0,0.0,0.0,0.0
C,R03,training,02,306,0,0.0,0.0,0.0,0.0
C,R03,training,02,307,0,0.0,0.0,0.0,0.0
C,R03,training,02,308,0,0.0,0.0,0.0,0.0
C,R03,training,02,309,0,0.0,0.0,0.0,0.0
C,R03,training,02,310,0,0.0,0.0,0.0,0.0
C,R03,training,02,311,0,0.0,0.0,0.0,0.0
C,R03,training,02,312,0,0.0,0.0,0.0,0.0
C,R03,training,02,313,0,0.0,0.0,0.0,0.0
C,R03,training,02,314,0,0.0,0.0,0.0,0.0
C,R03,training,02,315,0,0.0,0.0,0.0,0.0
C,R03,training,02,316,0,0.0,0.0,0.0,0.0
C,R03,training,02,317,0,0.0,0.0,0.0,0.0
C,R03,training,02,318,0,0.0,0.0,0.0,0.0
C,R03,training,02,319,0,0.0,0.0,0.0,0.0
C,R03,training,02,320,0,0.0,0.0,0.0,0.0
C,R03,training,02,321,0,0.0,0.0,0.0,0.0
C,R03,training,02,322,0,0.0,0.0,0.0,0.0
C,R03,training,02,323,0,0.0,0.0,0.0,0.0
C,R03,training,02,324,0,0.0,0.0,0.0,0.0
C,R03,training,02,325,0,0.0,0.0,0.0,0.0
C,R03,training,02,326,0,0.0,0.0,0.0,0.0
C,R03,training,02,327,0,0.0,0.0,0.0,0.0
C,R03,training,02,328,0,0.0,0.0,0.0,0.0
C,R03,training,02,329,0,0.0,0.0,0.0,0.0
C,R03,training,02,330,0,0.0,0.0,0.0,0.0
C,R03,training,02,331,0,0.0,0.0,0.0,0.0
C,R03,training,02,332,0,0.0,0.0,0.0,0.0
C,R03,training,02,333,0,0.0,0.0,0.0,0.0
C,R03,training,02,334,0,0.0,0.0,0.0,0.0
C,R03,training,02,335,0,0.0,0.0,0.0,0.0
C,R03,training,02,336,0,0.0,0.0,0.0,0.0
C,R03,training,02,337,0,0.0,0.0,0.0,0.0
C,R03,training,02,338,0,0.0,0.0,0.0,0.0
C,R03,training,02,339,0,0.0,0.0,0.0,0.0
C,R03,training,02,340,0,0.0,0.0,0.0,0.0
C,R03,training,02,341,0,0.0,0.0,0.0,0.0
C,R03,training,02,342,0,0.0,0.0,0.0,0.0
C,R03,training,02,343,0,0.0,0.0,0.0,0.0
C,R03,training,02,344,0,0.0,0.0,0.0,0.0
C,R03,training,02,345,0,0.0,0.0,0.0,0.0
C,R03,training,02,346,0,0.0,0.0,0.0,0.0
C,R03,training,02,347,0,0.0,0.0,0.0,0.0
C,R03,training,02,348,0,0.0,0.0,0.0,0.0
C,R03,training,02,349,0,0.0,0.0,0.0,0.0
C,R03,training,02,350,0,0.0,0.0,0.0,0.0
C,R03,training,02,351,0,0.0,0.0,0.0,0.0
C,R03,training,02,352,0,0.0,0.0,0.0,0.0
C,R03,training,02,353,0,0.0,0.0,0.0,0.0
C,R03,training,02,354,0,0.0,0.0,0.0,0.0
C,R03,training,02,355,0,0.0,0.0,0.0,0.0
C,R03,training,02,356,0,0.0,0.0,0.0,0.0
C,R03,training,02,357,0,0.0,0.0,0.0,0.0
C,R03,training,02,358,0,0.0,0.0,0.0,0.0
C,R03,training,02,359,0,0.0,0.0,0.0,0.0
C,R03,training,02,360,0,0.0,0.0,0.0,0.0
C,R03,training,02,361,0,0.0,0.0,0.0,0.0
C,R03,training,02,362,0,0.0,0.0,0.0,0.0
C,R03,training,02,363,0,0.0,0.0,0.0,0.0
C,R03,training,02,364,0,0.0,0.0,0.0,0.0
C,R03,training,02,365,0,0.0,0.0,0.0,0.0
C,R03,training,02,366,0,0.0,0.0,0.0,0.0
C,R03,training,02,367,0,0.0,0.0,0.0,0.0
C,R03,training,02,368,0,0.0,0.0,0.0,0.0
C,R03,training,02,369,0,0.0,0.0,0.0,0.0
C,R03,training,02,370,0,0.0,0.0,0.0,0.0
C,R03,training,02,371,0,0.0,0.0,0.0,0.0
C,R03,training,02,372,0,0.0,0.0,0.0,0.0
C,R03,training,02,373,0,0.0,0.0,0.0,0.0
C,R03,training,02,374,0,0.0,0.0,0.0,0.0
C,R03,training,02,375,0,0.0,0.0,0.0,0.0
C,R03,training,02,376,0,0.0,0.0,0.0,0.0
C,R03,training,02,377,0,0.0,0.0,0.0,0.0
C,R03,training,02,378,0,0.0,0.0,0.0,0.0
C,R03,training,02,379,0,0.0,0.0,0.0,0.0
C,R03,training,02,380,0,0.0,0.0,0.0,0.0
C,R03,training,02,381,0,0.0,0.0,0.0,0.0
C,R03,training,02,382,0,0.0,0.0,0.0,0.0
C,R03,training,02,383,0,0.0,0.0,0.0,0.0
C,R03,training,02,384,0,0.0,0.0,0.0,0.0
C,R03,training,02,385,0,0.0,0.0,0.0,0.0
C,R03,training,02,386,0,0.0,0.0,0.0,0.0
C,R03,training,02,387,0,0.0,0.0,0.0,0.0
C,R03,training,02,388,0,0.0,0.0,0.0,0.0
C,R03,training,02,389,0,0.0,0.0,0.0,0.0
C,R03,training,02,390,0,0.0,0.0,0.0,0.0
C,R03,training,02,391,0,0.0,0.0,0.0,0.0
C,R03,training,02,392,0,0.0,0.0,0.0,0.0
C,R03,training,02,393,0,0.0,0.0,0.0,0.0
C,R03,training,02,394,0,0.0,0.0,0.0,0.0
C,R03,training,02,395,0,0.0,0.0,0.0,0.0
C,R03,training,02,396,0,0.0,0.0,0.0,0.0
C,R03,training,02,397,0,0.0,0.0,0.0,0.0
C,R03,training,02,398,0,0.0,0.0,0.0,0.0
C,R03,training,02,399,0,0.0,0.0,0.0,0.0
C,R03,training,02,400,0,0.0,0.0,0.0,0.0
C,R03,training,02,401,0,0.0,0.0,0.0,0.0
C,R03,training,02,402,0,0.0,0.0,0.0,0.0
C,R03,training,02,403,0,0.0,0.0,0.0,0.0
C,R03,training,02,404,0,0.0,0.0,0.0,0.0
C,R03,training,02,405,0,0.0,0.0,0.0,0.0
C,R03,training,02,406,0,0.0,0.0,0.0,0.0
C,R03,training,02,407,0,0.0,0.0,0.0,0.0
C,R03,training,02,408,0,0.0,0.0,0.0,0.0
C,R03,training,02,409,0,0.0,0.0,0.0,0.0
C,R03,training,02,410,0,0.0,0.0,0.0,0.0
C,R03,training,02,411,0,0.0,0.0,0.0,0.0
C,R03,training,02,412,0,0.0,0.0,0.0,0.0
C,R03,training,02,413,0,0.0,0.0,0.0,0.0
C,R03,training,02,414,0,0.0,0.0,0.0,0.0
C,R03,training,02,415,0,0.0,0.0,0.0,0.0
C,R03,training,02,416,0,0.0,0.0,0.0,0.0
C,R03,training,02,417,0,0.0,0.0,0.0,0.0
C,R03,training,02,418,0,0.0,0.0,0.0,0.0
C,R03,training,02,419,0,0.0,0.0,0.0,0.0
C,R03,training,02,420,0,0.0,0.0,0.0,0.0
C,R03,training,02,421,0,0.0,0.0,0.0,0.0
C,R03,training,02,422,0,0.0,0.0,0.0,0.0
C,R03,training,02,423,0,0.0,0.0,0.0,0.0
C,R03,training,02,424,0,0.0,0.0,0.0,0.0
C,R03,training,02,425,0,0.0,0.0,0.0,0.0
C,R03,training,02,426,0,0.0,0.0,0.0,0.0
C,R03,training,02,427,0,0.0,0.0,0.0,0.0
C,R03,training,02,428,0,0.0,0.0,0.0,0.0
C,R03,training,02,429,0,0.0,0.0,0.0,0.0
C,R03,training,02,430,0,0.0,0.0,0.0,0.0
C,R03,training,02,431,0,0.0,0.0,0.0,0.0
C,R03,training,02,432,0,0.0,0.0,0.0,0.0
C,R03,training,02,433,0,0.0,0.0,0.0,0.0
C,R03,training,02,434,0,0.0,0.0,0.0,0.0
C,R03,training,02,435,0,0.0,0.0,0.0,0.0
C,R03,training,02,436,0,0.0,0.0,0.0,0.0
C,R03,training,02,437,0,0.0,0.0,0.0,0.0
C,R03,training,02,438,0,0.0,0.0,0.0,0.0
C,R03,training,02,439,0,0.0,0.0,0.0,0.0
C,R03,training,02,440,0,0.0,0.0,0.0,0.0
C,R03,training,02,441,0,0.0,0.0,0.0,0.0
C,R03,training,02,442,0,0.0,0.0,0.0,0.0
C,R03,training,02,443,0,0.0,0.0,0.0,0.0
C,R03,training,02,444,0,0.0,0.0,0.0,0.0
C,R03,training,02,445,0,0.0,0.0,0.0,0.0
C,R03,training,02,446,0,0.0,0.0,0.0,0.0
C,R03,training,02,447,0,0.0,0.0,0.0,0.0
C,R03,training,02,448,0,0.0,0.0,0.0,0.0
C,R03,training,02,449,0,0.0,0.0,0.0,0.0
C,R03,training,02,450,0,0.0,0.0,0.0,0.0
C,R03,training,02,451,0,0.0,0.0,0.0,0.0
C,R03,training,02,452,0,0.0,0.0,0.0,0.0
C,R03,training,02,453,0,0.0,0.0,0.0,0.0
C,R03,training,02,454,0,0.0,0.0,0.0,0.0
C,R03,training,02,455,0,0.0,0.0,0.0,0.0
C,R03,training,02,456,0,0.0,0.0,0.0,0.0
C,R03,training,02,457,0,0.0,0.0,0.0,0.0
C,R03,training,02,458,0,0.0,0.0,0.0,0.0
C,R03,training,02,459,0,0.0,0.0,0.0,0.0
C,R03,training,02,460,0,0.0,0.0,0.0,0.0
C,R03,training,02,461,0,0.0,0.0,0.0,0.0
C,R03,training,02,462,0,0.0,0.0,0.0,0.0
C,R03,training,02,463,0,0.0,0.0,0.0,0.0
C,R03,training,02,464,0,0.0,0.0,0.0,0.0
C,R03,training,02,465,0,0.0,0.0,0.0,0.0
C,R03,training,02,466,0,0.0,0.0,0.0,0.0
C,R03,training,02,467,0,0.0,0.0,0.0,0.0
C,R03,training,02,468,0,0.0,0.0,0.0,0.0
C,R03,training,02,469,0,0.0,0.0,0.0,0.0
C,R03,training,02,470,0,0.0,0.0,0.0,0.0
C,R03,training,02,471,0,0.0,0.0,0.0,0.0
C,R03,training,02,472,0,0.0,0.0,0.0,0.0
C,R03,training,02,473,0,0.0,0.0,0.0,0.0
C,R03,training,02,474,0,0.0,0.0,0.0,0.0
C,R03,training,02,475,0,0.0,0.0,0.0,0.0
C,R03,training,02,476,0,0.0,0.0,0.0,0.0
C,R03,training,02,477,0,0.0,0.0,0.0,0.0
C,R03,training,02,478,0,0.0,0.0,0.0,0.0
C,R03,training,02,479,0,0.0,0.0,0.0,0.0
C,R03,training,02,480,0,0.0,0.0,0.0,0.0
C,R03,training,02,481,0,0.0,0.0,0.0,0.0
C,R03,training,02,482,0,0.0,0.0,0.0,0.0
C,R03,training,02,483,0,0.0,0.0,0.0,0.0
C,R03,training,02,484,0,0.0,0.0,0.0,0.0
C,R03,training,02,485,0,0.0,0.0,0.0,0.0
C,R03,training,02,486,0,0.0,0.0,0.0,0.0
C,R03,training,02,487,0,0.0,0.0,0.0,0.0
C,R03,training,02,488,0,0.0,0.0,0.0,0.0
C,R03,training,02,489,0,0.0,0.0,0.0,0.0
C,R03,training,02,490,0,0.0,0.0,0.0,0.0
C,R03,training,02,491,0,0.0,0.0,0.0,0.0
C,R03,training,02,492,0,0.0,0.0,0.0,0.0
C,R03,training,02,493,0,0.0,0.0,0.0,0.0
C,R03,training,02,494,0,0.0,0.0,0.0,0.0
C,R03,training,02,495,0,0.0,0.0,0.0,0.0
C,R03,training,02,496,0,0.0,0.0,0.0,0.0
C,R03,training,02,497,0,0.0,0.0,0.0,0.0
C,R03,training,02,498,0,0.0,0.0,0.0,0.0
C,R03,training,02,499,0,0.0,0.0,0.0,0.0
C,R03,training,02,500,0,0.0,0.0,0.0,0.0
C,R03,training,02,501,0,0.0,0.0,0.0,0.0
C,R03,training,02,502,0,0.0,0.0,0.0,0.0
C,R03,training,02,503,0,0.0,0.0,0.0,0.0
C,R03,training,02,504,0,0.0,0.0,0.0,0.0
C,R03,training,02,505,0,0.0,0.0,0.0,0.0
C,R03,training,02,506,0,0.0,0.0,0.0,0.0
C,R03,training,02,507,0,0.0,0.0,0.0,0.0
C,R03,training,02,508,0,0.0,0.0,0.0,0.0
C,R03,training,02,509,0,0.0,0.0,0.0,0.0
C,R03,training,02,510,0,0.0,0.0,0.0,0.0
C,R03,training,02,511,0,0.0,0.0,0.0,0.0
C,R03,training,02,512,0,0.0,0.0,0.0,0.0
C,R03,training,02,513,0,0.0,0.0,0.0,0.0
C,R03,training,02,514,0,0.0,0.0,0.0,0.0
C,R03,training,02,515,0,0.0,0.0,0.0,0.0
C,R03,training,02,516,0,0.0,0.0,0.0,0.0
C,R03,training,02,517,0,0.0,0.0,0.0,0.0
C,R03,training,02,518,0,0.0,0.0,0.0,0.0
C,R03,training,02,519,0,0.0,0.0,0.0,0.0
C,R03,training,02,520,0,0.0,0.0,0.0,0.0
C,R03,training,02,521,0,0.0,0.0,0.0,0.0
C,R03,training,02,522,0,0.0,0.0,0.0,0.0
C,R03,training,02,523,0,0.0,0.0,0.0,0.0
C,R03,training,02,524,0,0.0,0.0,0.0,0.0
C,R03,training,02,525,0,0.0,0.0,0.0,0.0
C,R03,training,02,526,0,0.0,0.0,0.0,0.0
C,R03,training,02,527,0,0.0,0.0,0.0,0.0
C,R03,training,02,528,0,0.0,0.0,0.0,0.0
C,R03,training,02,529,0,0.0,0.0,0.0,0.0
C,R03,training,02,530,0,0.0,0.0,0.0,0.0
C,R03,training,02,531,0,0.0,0.0,0.0,0.0
C,R03,training,02,532,0,0.0,0.0,0.0,0.0
C,R03,training,02,533,0,0.0,0.0,0.0,0.0
C,R03,training,02,534,0,0.0,0.0,0.0,0.0
C,R03,training,02,535,0,0.0,0.0,0.0,0.0
C,R03,training,02,536,0,0.0,0.0,0.0,0.0
C,R03,training,02,537,0,0.0,0.0,0.0,0.0
C,R03,training,02,538,0,0.0,0.0,0.0,0.0
C,R03,training,02,539,0,0.0,0.0,0.0,0.0
C,R03,training,02,540,0,0.0,0.0,0.0,0.0
C,R03,training,02,541,0,0.0,0.0,0.0,0.0
C,R03,training,02,542,0,0.0,0.0,0.0,0.0
C,R03,training,02,543,0,0.0,0.0,0.0,0.0
C,R03,training,02,544,0,0.0,0.0,0.0,0.0
C,R03,training,02,545,0,0.0,0.0,0.0,0.0
C,R03,training,02,546,0,0.0,0.0,0.0,0.0
C,R03,training,02,547,0,0.0,0.0,0.0,0.0
C,R03,training,02,548,0,0.0,0.0,0.0,0.0
C,R03,training,02,549,0,0.0,0.0,0.0,0.0
C,R03,training,02,550,0,0.0,0.0,0.0,0.0
C,R03,training,02,551,0,0.0,0.0,0.0,0.0
C,R03,training,02,552,0,0.0,0.0,0.0,0.0
C,R03,training,02,553,0,0.0,0.0,0.0,0.0
C,R03,training,02,554,0,0.0,0.0,0.0,0.0
C,R03,training,02,555,0,0.0,0.0,0.0,0.0
C,R03,training,02,556,0,0.0,0.0,0.0,0.0
C,R03,training,02,557,0,0.0,0.0,0.0,0.0
C,R03,training,02,558,0,0.0,0.0,0.0,0.0
C,R03,training,02,559,0,0.0,0.0,0.0,0.0
C,R03,training,02,560,0,0.0,0.0,0.0,0.0
C,R03,training,02,561,0,0.0,0.0,0.0,0.0
C,R03,training,02,562,0,0.0,0.0,0.0,0.0
C,R03,training,02,563,0,0.0,0.0,0.0,0.0
C,R03,training,02,564,0,0.0,0.0,0.0,0.0
C,R03,training,02,565,0,0.0,0.0,0.0,0.0
C,R03,training,02,566,0,0.0,0.0,0.0,0.0
C,R03,training,02,567,0,0.0,0.0,0.0,0.0
C,R03,training,02,568,0,0.0,0.0,0.0,0.0
C,R03,training,02,569,0,0.0,0.0,0.0,0.0
C,R03,training,02,570,0,0.0,0.0,0.0,0.0
C,R03,training,02,571,0,0.0,0.0,0.0,0.0
C,R03,training,02,572,0,0.0,0.0,0.0,0.0
C,R03,training,02,573,0,0.0,0.0,0.0,0.0
C,R03,training,02,574,0,0.0,0.0,0.0,0.0
C,R03,training,02,575,0,0.0,0.0,0.0,0.0
C,R03,training,02,576,0,0.0,0.0,0.0,0.0
C,R03,training,02,577,0,0.0,0.0,0.0,0.0
C,R03,training,02,578,0,0.0,0.0,0.0,0.0
C,R03,training,02,579,0,0.0,0.0,0.0,0.0
C,R03,training,02,580,0,0.0,0.0,0.0,0.0
C,R03,training,02,581,0,0.0,0.0,0.0,0.0
C,R03,training,02,582,0,0.0,0.0,0.0,0.0
C,R03,training,02,583,0,0.0,0.0,0.0,0.0
C,R03,training,02,584,0,0.0,0.0,0.0,0.0
C,R03,training,02,585,0,0.0,0.0,0.0,0.0
C,R03,training,02,586,0,0.0,0.0,0.0,0.0
C,R03,training,02,587,0,0.0,0.0,0.0,0.0
C,R03,training,02,588,0,0.0,0.0,0.0,0.0
C,R03,training,02,589,0,0.0,0.0,0.0,0.0
C,R03,training,02,590,0,0.0,0.0,0.0,0.0
C,R03,training,02,591,0,0.0,0.0,0.0,0.0
C,R03,training,02,592,0,0.0,0.0,0.0,0.0
C,R03,training,02,593,0,0.0,0.0,0.0,0.0
C,R03,training,02,594,0,0.0,0.0,0.0,0.0
C,R03,training,02,595,0,0.0,0.0,0.0,0.0
C,R03,training,02,596,0,0.0,0.0,0.0,0.0
C,R03,training,02,597,0,0.0,0.0,0.0,0.0
C,R03,training,02,598,0,0.0,0.0,0.0,0.0
C,R03,training,02,599,0,0.0,0.0,0.0,0.0
C,R03,training,02,600,0,0.0,0.0,0.0,0.0
C,R03,training,02,601,0,0.0,0.0,0.0,0.0
C,R03,training,02,602,0,0.0,0.0,0.0,0.0
C,R03,training,02,603,0,0.0,0.0,0.0,0.0
C,R03,training,02,604,0,0.0,0.0,0.0,0.0
C,R03,training,02,605,0,0.0,0.0,0.0,0.0
C,R03,training,02,606,0,0.0,0.0,0.0,0.0
C,R03,training,02,607,0,0.0,0.0,0.0,0.0
C,R03,training,02,608,0,0.0,0.0,0.0,0.0
C,R03,training,02,609,0,0.0,0.0,0.0,0.0
C,R03,training,02,610,0,0.0,0.0,0.0,0.0
C,R03,training,02,611,0,0.0,0.0,0.0,0.0
C,R03,training,02,612,0,0.0,0.0,0.0,0.0
C,R03,training,02,613,0,0.0,0.0,0.0,0.0
C,R03,training,02,614,0,0.0,0.0,0.0,0.0
C,R03,training,02,615,0,0.0,0.0,0.0,0.0
C,R03,training,02,616,0,0.0,0.0,0.0,0.0
C,R03,training,02,617,0,0.0,0.0,0.0,0.0
C,R03,training,02,618,0,0.0,0.0,0.0,0.0
C,R03,training,02,619,0,0.0,0.0,0.0,0.0
C,R03,training,02,620,0,0.0,0.0,0.0,0.0
C,R03,training,02,621,0,0.0,0.0,0.0,0.0
C,R03,training,02,622,0,0.0,0.0,0.0,0.0
C,R03,training,02,623,0,0.0,0.0,0.0,0.0
C,R03,training,02,624,0,0.0,0.0,0.0,0.0
C,R03,training,02,625,0,0.0,0.0,0.0,0.0
C,R03,training,02,626,0,0.0,0.0,0.0,0.0
C,R03,training,02,627,0,0.0,0.0,0.0,0.0
C,R03,training,02,628,0,0.0,0.0,0.0,0.0
C,R03,training,02,629,0,0.0,0.0,0.0,0.0
C,R03,training,02,630,0,0.0,0.0,0.0,0.0
C,R03,training,02,631,0,0.0,0.0,0.0,0.0
C,R03,training,02,632,0,0.0,0.0,0.0,0.0
C,R03,training,02,633,0,0.0,0.0,0.0,0.0
C,R03,training,02,634,0,0.0,0.0,0.0,0.0
C,R03,training,02,635,0,0.0,0.0,0.0,0.0
C,R03,training,02,636,0,0.0,0.0,0.0,0.0
C,R03,training,02,637,0,0.0,0.0,0.0,0.0
C,R03,training,02,638,0,0.0,0.0,0.0,0.0
C,R03,training,02,639,0,0.0,0.0,0.0,0.0
C,R03,training,02,640,0,0.0,0.0,0.0,0.0
C,R03,training,02,641,0,0.0,0.0,0.0,0.0
C,R03,training,02,642,0,0.0,0.0,0.0,0.0
C,R03,training,02,643,0,0.0,0.0,0.0,0.0
C,R03,training,02,644,0,0.0,0.0,0.0,0.0
C,R03,training,02,645,0,0.0,0.0,0.0,0.0
C,R03,training,02,646,0,0.0,0.0,0.0,0.0
C,R03,training,02,647,0,0.0,0.0,0.0,0.0
C,R03,training,02,648,0,0.0,0.0,0.0,0.0
C,R03,training,02,649,0,0.0,0.0,0.0,0.0
C,R03,training,02,650,0,0.0,0.0,0.0,0.0
C,R03,training,02,651,0,0.0,0.0,0.0,0.0
C,R03,training,02,652,0,0.0,0.0,0.0,0.0
C,R03,training,02,653,0,0.0,0.0,0.0,0.0
C,R03,training,02,654,0,0.0,0.0,0.0,0.0
C,R03,training,02,655,0,0.0,0.0,0.0,0.0
C,R03,training,02,656,0,0.0,0.0,0.0,0.0
C,R03,training,02,657,0,0.0,0.0,0.0,0.0
C,R03,training,02,658,0,0.0,0.0,0.0,0.0
C,R03,training,02,659,0,0.0,0.0,0.0,0.0
C,R03,training,02,660,0,0.0,0.0,0.0,0.0
C,R03,training,02,661,0,0.0,0.0,0.0,0.0
C,R03,training,02,662,0,0.0,0.0,0.0,0.0
C,R03,training,02,663,0,0.0,0.0,0.0,0.0
C,R03,training,02,664,0,0.0,0.0,0.0,0.0
C,R03,training,02,665,0,0.0,0.0,0.0,0.0
C,R03,training,02,666,0,0.0,0.0,0.0,0.0
C,R03,training,02,667,0,0.0,0.0,0.0,0.0
C,R03,training,02,668,0,0.0,0.0,0.0,0.0
C,R03,training,02,669,0,0.0,0.0,0.0,0.0
C,R03,training,02,670,0,0.0,0.0,0.0,0.0
C,R03,training,02,671,0,0.0,0.0,0.0,0.0
C,R03,training,02,672,0,0.0,0.0,0.0,0.0
C,R03,training,02,673,0,0.0,0.0,0.0,0.0
C,R03,training,02,674,0,0.0,0.0,0.0,0.0
C,R03,training,02,675,0,0.0,0.0,0.0,0.0
C,R03,training,02,676,0,0.0,0.0,0.0,0.0
C,R03,training,02,677,0,0.0,0.0,0.0,0.0
C,R03,training,02,678,0,0.0,0.0,0.0,0.0
C,R03,training,02,679,0,0.0,0.0,0.0,0.0
C,R03,training,02,680,0,0.0,0.0,0.0,0.0
C,R03,training,02,681,0,0.0,0.0,0.0,0.0
C,R03,training,02,682,0,0.0,0.0,0.0,0.0
C,R03,training,02,683,0,0.0,0.0,0.0,0.0
C,R03,training,02,684,0,0.0,0.0,0.0,0.0
C,R03,training,02,685,0,0.0,0.0,0.0,0.0
C,R03,training,02,686,0,0.0,0.0,0.0,0.0
C,R03,training,02,687,0,0.0,0.0,0.0,0.0
C,R03,training,02,688,0,0.0,0.0,0.0,0.0
C,R03,training,02,689,0,0.0,0.0,0.0,0.0
C,R03,training,02,690,0,0.0,0.0,0.0,0.0
C,R03,training,02,691,0,0.0,0.0,0.0,0.0
P1,R03,training,02,0,0,0.0,0.0,0.0,0.0
P1,R03,training,02,1,0,0.0,0.0,0.0,0.0
P1,R03,training,02,2,0,0.0,0.0,0.0,0.0
P1,R03,training,02,3,0,0.0,0.0,0.0,0.0
P1,R03,training,02,4,0,0.0,0.0,0.0,0.0
P1,R03,training,02,5,0,0.0,0.0,0.0,0.0
P1,R03,training,02,6,0,0.0,0.0,0.0,0.0
P1,R03,training,02,7,0,0.0,0.0,0.0,0.0
P1,R03,training,02,8,0,0.0,0.0,0.0,0.0
P1,R03,training,02,9,0,0.0,0.0,0.0,0.0
P1,R03,training,02,10,0,0.0,0.0,0.0,0.0
P1,R03,training,02,11,0,0.0,0.0,0.0,0.0
P1,R03,training,02,12,0,0.0,0.0,0.0,0.0
P1,R03,training,02,13,0,0.0,0.0,0.0,0.0
P1,R03,training,02,14,0,0.0,0.0,0.0,0.0
P1,R03,training,02,15,0,0.0,0.0,0.0,0.0
P1,R03,training,02,16,0,0.0,0.0,0.0,0.0
P1,R03,training,02,17,0,0.0,0.0,0.0,0.0
P1,R03,training,02,18,0,0.0,0.0,0.0,0.0
P1,R03,training,02,19,0,0.0,0.0,0.0,0.0
P1,R03,training,02,20,0,0.0,0.0,0.0,0.0
P1,R03,training,02,21,0,0.0,0.0,0.0,0.0
P1,R03,training,02,22,0,0.0,0.0,0.0,0.0
P1,R03,training,02,23,0,0.0,0.0,0.0,0.0
P1,R03,training,02,24,0,0.0,0.0,0.0,0.0
P1,R03,training,02,25,0,0.0,0.0,0.0,0.0
P1,R03,training,02,26,0,0.0,0.0,0.0,0.0
P1,R03,training,02,27,0,0.0,0.0,0.0,0.0
P1,R03,training,02,28,0,0.0,0.0,0.0,0.0
P1,R03,training,02,29,0,0.0,0.0,0.0,0.0
P1,R03,training,02,30,0,0.0,0.0,0.0,0.0
P1,R03,training,02,31,0,0.0,0.0,0.0,0.0
P1,R03,training,02,32,0,0.0,0.0,0.0,0.0
P1,R03,training,02,33,0,0.0,0.0,0.0,0.0
P1,R03,training,02,34,0,0.0,0.0,0.0,0.0
P1,R03,training,02,35,0,0.0,0.0,0.0,0.0
P1,R03,training,02,36,0,0.0,0.0,0.0,0.0
P1,R03,training,02,37,0,0.0,0.0,0.0,0.0
P1,R03,training,02,38,0,0.0,0.0,0.0,0.0
P1,R03,training,02,39,0,0.0,0.0,0.0,0.0
P1,R03,training,02,40,0,0.0,0.0,0.0,0.0
P1,R03,training,02,41,0,0.0,0.0,0.0,0.0
P1,R03,training,02,42,0,0.0,0.0,0.0,0.0
P1,R03,training,02,43,0,0.0,0.0,0.0,0.0
P1,R03,training,02,44,0,0.0,0.0,0.0,0.0
P1,R03,training,02,45,0,0.0,0.0,0.0,0.0
P1,R03,training,02,46,0,0.0,0.0,0.0,0.0
P1,R03,training,02,47,0,0.0,0.0,0.0,0.0
P1,R03,training,02,48,0,0.0,0.0,0.0,0.0
P1,R03,training,02,49,0,0.0,0.0,0.0,0.0
P1,R03,training,02,50,0,0.0,0.0,0.0,0.0
P1,R03,training,02,51,0,0.0,0.0,0.0,0.0
P1,R03,training,02,52,0,0.0,0.0,0.0,0.0
P1,R03,training,02,53,0,0.0,0.0,0.0,0.0
P1,R03,training,02,54,0,0.0,0.0,0.0,0.0
P1,R03,training,02,55,0,0.0,0.0,0.0,0.0
P1,R03,training,02,56,0,0.0,0.0,0.0,0.0
P1,R03,training,02,57,0,0.0,0.0,0.0,0.0
P1,R03,training,02,58,0,0.0,0.0,0.0,0.0
P1,R03,training,02,59,0,0.0,0.0,0.0,0.0
P1,R03,training,02,60,0,0.0,0.0,0.0,0.0
P1,R03,training,02,61,0,0.0,0.0,0.0,0.0
P1,R03,training,02,62,0,0.0,0.0,0.0,0.0
P1,R03,training,02,63,0,0.0,0.0,0.0,0.0
P1,R03,training,02,64,0,0.0,0.0,0.0,0.0
P1,R03,training,02,65,0,0.0,0.0,0.0,0.0
P1,R03,training,02,66,0,0.0,0.0,0.0,0.0
P1,R03,training,02,67,0,0.0,0.0,0.0,0.0
P1,R03,training,02,68,0,0.0,0.0,0.0,0.0
P1,R03,training,02,69,0,0.0,0.0,0.0,0.0
P1,R03,training,02,70,0,0.0,0.0,0.0,0.0
P1,R03,training,02,71,0,0.0,0.0,0.0,0.0
P1,R03,training,02,72,0,0.0,0.0,0.0,0.0
P1,R03,training,02,73,0,0.0,0.0,0.0,0.0
P1,R03,training,02,74,0,0.0,0.0,0.0,0.0
P1,R03,training,02,75,0,0.0,0.0,0.0,0.0
P1,R03,training,02,76,0,0.0,0.0,0.0,0.0
P1,R03,training,02,77,0,0.0,0.0,0.0,0.0
P1,R03,training,02,78,0,0.0,0.0,0.0,0.0
P1,R03,training,02,79,0,0.0,0.0,0.0,0.0
P1,R03,training,02,80,0,0.0,0.0,0.0,0.0
P1,R03,training,02,81,0,0.0,0.0,0.0,0.0
P1,R03,training,02,82,0,0.0,0.0,0.0,0.0
P1,R03,training,02,83,0,0.0,0.0,0.0,0.0
P1,R03,training,02,84,0,0.0,0.0,0.0,0.0
P1,R03,training,02,85,0,0.0,0.0,0.0,0.0
P1,R03,training,02,86,0,0.0,0.0,0.0,0.0
P1,R03,training,02,87,0,0.0,0.0,0.0,0.0
P1,R03,training,02,88,0,0.0,0.0,0.0,0.0
P1,R03,training,02,89,0,0.0,0.0,0.0,0.0
P1,R03,training,02,90,0,0.0,0.0,0.0,0.0
P1,R03,training,02,91,0,0.0,0.0,0.0,0.0
P1,R03,training,02,92,0,0.0,0.0,0.0,0.0
P1,R03,training,02,93,0,0.0,0.0,0.0,0.0
P1,R03,training,02,94,0,0.0,0.0,0.0,0.0
P1,R03,training,02,95,0,0.0,0.0,0.0,0.0
P1,R03,training,02,96,0,0.0,0.0,0.0,0.0
P1,R03,training,02,97,0,0.0,0.0,0.0,0.0
P1,R03,training,02,98,0,0.0,0.0,0.0,0.0
P1,R03,training,02,99,0,0.0,0.0,0.0,0.0
P1,R03,training,02,100,0,0.0,0.0,0.0,0.0
P1,R03,training,02,101,0,0.0,0.0,0.0,0.0
P1,R03,training,02,102,0,0.0,0.0,0.0,0.0
P1,R03,training,02,103,0,0.0,0.0,0.0,0.0
P1,R03,training,02,104,0,0.0,0.0,0.0,0.0
P1,R03,training,02,105,0,0.0,0.0,0.0,0.0
P1,R03,training,02,106,0,0.0,0.0,0.0,0.0
P1,R03,training,02,107,0,0.0,0.0,0.0,0.0
P1,R03,training,02,108,0,0.0,0.0,0.0,0.0
P1,R03,training,02,109,0,0.0,0.0,0.0,0.0
P1,R03,training,02,110,0,0.0,0.0,0.0,0.0
P1,R03,training,02,111,0,0.0,0.0,0.0,0.0
P1,R03,training,02,112,0,0.0,0.0,0.0,0.0
P1,R03,training,02,113,0,0.0,0.0,0.0,0.0
P1,R03,training,02,114,0,0.0,0.0,0.0,0.0
P1,R03,training,02,115,0,0.0,0.0,0.0,0.0
P1,R03,training,02,116,0,0.0,0.0,0.0,0.0
P1,R03,training,02,117,0,0.0,0.0,0.0,0.0
P1,R03,training,02,118,0,0.0,0.0,0.0,0.0
P1,R03,training,02,119,0,0.0,0.0,0.0,0.0
P1,R03,training,02,120,0,0.0,0.0,0.0,0.0
P1,R03,training,02,121,0,0.0,0.0,0.0,0.0
P1,R03,training,02,122,0,0.0,0.0,0.0,0.0
P1,R03,training,02,123,0,0.0,0.0,0.0,0.0
P1,R03,training,02,124,0,0.0,0.0,0.0,0.0
P1,R03,training,02,125,0,0.0,0.0,0.0,0.0
P1,R03,training,02,126,0,0.0,0.0,0.0,0.0
P1,R03,training,02,127,0,0.0,0.0,0.0,0.0
P1,R03,training,02,128,0,0.0,0.0,0.0,0.0
P1,R03,training,02,129,0,0.0,0.0,0.0,0.0
P1,R03,training,02,130,0,0.0,0.0,0.0,0.0
P1,R03,training,02,131,0,0.0,0.0,0.0,0.0
P1,R03,training,02,132,0,0.0,0.0,0.0,0.0
P1,R03,training,02,133,0,0.0,0.0,0.0,0.0
P1,R03,training,02,134,0,0.0,0.0,0.0,0.0
P1,R03,training,02,135,0,0.0,0.0,0.0,0.0
P1,R03,training,02,136,0,0.0,0.0,0.0,0.0
P1,R03,training,02,137,0,0.0,0.0,0.0,0.0
P1,R03,training,02,138,0,0.0,0.0,0.0,0.0
P1,R03,training,02,139,0,0.0,0.0,0.0,0.0
P1,R03,training,02,140,0,0.0,0.0,0.0,0.0
P1,R03,training,02,141,0,0.0,0.0,0.0,0.0
P1,R03,training,02,142,0,0.0,0.0,0.0,0.0
P1,R03,training,02,143,0,0.0,0.0,0.0,0.0
P1,R03,training,02,144,0,0.0,0.0,0.0,0.0
P1,R03,training,02,145,0,0.0,0.0,0.0,0.0
P1,R03,training,02,146,0,0.0,0.0,0.0,0.0
P1,R03,training,02,147,0,0.0,0.0,0.0,0.0
P1,R03,training,02,148,0,0.0,0.0,0.0,0.0
P1,R03,training,02,149,0,0.0,0.0,0.0,0.0
P1,R03,training,02,150,0,0.0,0.0,0.0,0.0
P1,R03,training,02,151,0,0.0,0.0,0.0,0.0
P1,R03,training,02,152,0,0.0,0.0,0.0,0.0
P1,R03,training,02,153,0,0.0,0.0,0.0,0.0
P1,R03,training,02,154,0,0.0,0.0,0.0,0.0
P1,R03,training,02,155,0,0.0,0.0,0.0,0.0
P1,R03,training,02,156,0,0.0,0.0,0.0,0.0
P1,R03,training,02,157,0,0.0,0.0,0.0,0.0
P1,R03,training,02,158,0,0.0,0.0,0.0,0.0
P1,R03,training,02,159,0,0.0,0.0,0.0,0.0
P1,R03,training,02,160,0,0.0,0.0,0.0,0.0
P1,R03,training,02,161,0,0.0,0.0,0.0,0.0
P1,R03,training,02,162,0,0.0,0.0,0.0,0.0
P1,R03,training,02,163,0,0.0,0.0,0.0,0.0
P1,R03,training,02,164,0,0.0,0.0,0.0,0.0
P1,R03,training,02,165,0,0.0,0.0,0.0,0.0
P1,R03,training,02,166,0,0.0,0.0,0.0,0.0
P1,R03,training,02,167,0,0.0,0.0,0.0,0.0
P1,R03,training,02,168,0,0.0,0.0,0.0,0.0
P1,R03,training,02,169,0,0.0,0.0,0.0,0.0
P1,R03,training,02,170,0,0.0,0.0,0.0,0.0
P1,R03,training,02,171,0,0.0,0.0,0.0,0.0
P1,R03,training,02,172,0,0.0,0.0,0.0,0.0
P1,R03,training,02,173,0,0.0,0.0,0.0,0.0
P1,R03,training,02,174,0,0.0,0.0,0.0,0.0
P1,R03,training,02,175,0,0.0,0.0,0.0,0.0
P1,R03,training,02,176,0,0.0,0.0,0.0,0.0
P1,R03,training,02,177,0,0.0,0.0,0.0,0.0
P1,R03,training,02,178,0,0.0,0.0,0.0,0.0
P1,R03,training,02,179,0,0.0,0.0,0.0,0.0
P1,R03,training,02,180,0,0.0,0.0,0.0,0.0
P1,R03,training,02,181,0,0.0,0.0,0.0,0.0
P1,R03,training,02,182,0,0.0,0.0,0.0,0.0
P1,R03,training,02,183,0,0.0,0.0,0.0,0.0
P1,R03,training,02,184,0,0.0,0.0,0.0,0.0
P1,R03,training,02,185,0,0.0,0.0,0.0,0.0
P1,R03,training,02,186,0,0.0,0.0,0.0,0.0
P1,R03,training,02,187,0,0.0,0.0,0.0,0.0
P1,R03,training,02,188,0,0.0,0.0,0.0,0.0
P1,R03,training,02,189,0,0.0,0.0,0.0,0.0
P1,R03,training,02,190,0,0.0,0.0,0.0,0.0
P1,R03,training,02,191,0,0.0,0.0,0.0,0.0
P1,R03,training,02,192,0,0.0,0.0,0.0,0.0
P1,R03,training,02,193,0,0.0,0.0,0.0,0.0
P1,R03,training,02,194,0,0.0,0.0,0.0,0.0
P1,R03,training,02,195,0,0.0,0.0,0.0,0.0
P1,R03,training,02,196,0,0.0,0.0,0.0,0.0
P1,R03,training,02,197,0,0.0,0.0,0.0,0.0
P1,R03,training,02,198,0,0.0,0.0,0.0,0.0
P1,R03,training,02,199,0,0.0,0.0,0.0,0.0
P1,R03,training,02,200,0,0.0,0.0,0.0,0.0
P1,R03,training,02,201,0,0.0,0.0,0.0,0.0
P1,R03,training,02,202,0,0.0,0.0,0.0,0.0
P1,R03,training,02,203,0,0.0,0.0,0.0,0.0
P1,R03,training,02,204,0,0.0,0.0,0.0,0.0
P1,R03,training,02,205,0,0.0,0.0,0.0,0.0
P1,R03,training,02,206,0,0.0,0.0,0.0,0.0
P1,R03,training,02,207,0,0.0,0.0,0.0,0.0
P1,R03,training,02,208,0,0.0,0.0,0.0,0.0
P1,R03,training,02,209,0,0.0,0.0,0.0,0.0
P1,R03,training,02,210,0,0.0,0.0,0.0,0.0
P1,R03,training,02,211,0,0.0,0.0,0.0,0.0
P1,R03,training,02,212,0,0.0,0.0,0.0,0.0
P1,R03,training,02,213,0,0.0,0.0,0.0,0.0
P1,R03,training,02,214,0,0.0,0.0,0.0,0.0
P1,R03,training,02,215,0,0.0,0.0,0.0,0.0
P1,R03,training,02,216,0,0.0,0.0,0.0,0.0
P1,R03,training,02,217,0,0.0,0.0,0.0,0.0
P1,R03,training,02,218,0,0.0,0.0,0.0,0.0
P1,R03,training,02,219,0,0.0,0.0,0.0,0.0
P1,R03,training,02,220,0,0.0,0.0,0.0,0.0
P1,R03,training,02,221,0,0.0,0.0,0.0,0.0
P1,R03,training,02,222,0,0.0,0.0,0.0,0.0
P1,R03,training,02,223,0,0.0,0.0,0.0,0.0
P1,R03,training,02,224,0,0.0,0.0,0.0,0.0
P1,R03,training,02,225,0,0.0,0.0,0.0,0.0
P1,R03,training,02,226,0,0.0,0.0,0.0,0.0
P1,R03,training,02,227,0,0.0,0.0,0.0,0.0
P1,R03,training,02,228,0,0.0,0.0,0.0,0.0
P1,R03,training,02,229,0,0.0,0.0,0.0,0.0
P1,R03,training,02,230,0,0.0,0.0,0.0,0.0
P1,R03,training,02,231,0,0.0,0.0,0.0,0.0
P1,R03,training,02,232,0,0.0,0.0,0.0,0.0
P1,R03,training,02,233,0,0.0,0.0,0.0,0.0
P1,R03,training,02,234,0,0.0,0.0,0.0,0.0
P1,R03,training,02,235,0,0.0,0.0,0.0,0.0
P1,R03,training,02,236,0,0.0,0.0,0.0,0.0
P1,R03,training,02,237,0,0.0,0.0,0.0,0.0
P1,R03,training,02,238,0,0.0,0.0,0.0,0.0
P1,R03,training,02,239,0,0.0,0.0,0.0,0.0
P1,R03,training,02,240,0,0.0,0.0,0.0,0.0
P1,R03,training,02,241,0,0.0,0.0,0.0,0.0
P1,R03,training,02,242,0,0.0,0.0,0.0,0.0
P1,R03,training,02,243,0,0.0,0.0,0.0,0.0
P1,R03,training,02,244,0,0.0,0.0,0.0,0.0
P1,R03,training,02,245,0,0.0,0.0,0.0,0.0
P1,R03,training,02,246,0,0.0,0.0,0.0,0.0
P1,R03,training,02,247,0,0.0,0.0,0.0,0.0
P1,R03,training,02,248,0,0.0,0.0,0.0,0.0
P1,R03,training,02,249,0,0.0,0.0,0.0,0.0
P1,R03,training,02,250,0,0.0,0.0,0.0,0.0
P1,R03,training,02,251,0,0.0,0.0,0.0,0.0
P1,R03,training,02,252,0,0.0,0.0,0.0,0.0
P1,R03,training,02,253,0,0.0,0.0,0.0,0.0
P1,R03,training,02,254,0,0.0,0.0,0.0,0.0
P1,R03,training,02,255,0,0.0,0.0,0.0,0.0
P1,R03,training,02,256,0,0.0,0.0,0.0,0.0
P1,R03,training,02,257,0,0.0,0.0,0.0,0.0
P1,R03,training,02,258,0,0.0,0.0,0.0,0.0
P1,R03,training,02,259,0,0.0,0.0,0.0,0.0
P1,R03,training,02,260,0,0.0,0.0,0.0,0.0
P1,R03,training,02,261,0,0.0,0.0,0.0,0.0
P1,R03,training,02,262,0,0.0,0.0,0.0,0.0
P1,R03,training,02,263,0,0.0,0.0,0.0,0.0
P1,R03,training,02,264,0,0.0,0.0,0.0,0.0
P1,R03,training,02,265,0,0.0,0.0,0.0,0.0
P1,R03,training,02,266,0,0.0,0.0,0.0,0.0
P1,R03,training,02,267,0,0.0,0.0,0.0,0.0
P1,R03,training,02,268,0,0.0,0.0,0.0,0.0
P1,R03,training,02,269,0,0.0,0.0,0.0,0.0
P1,R03,training,02,270,0,0.0,0.0,0.0,0.0
P1,R03,training,02,271,0,0.0,0.0,0.0,0.0
P1,R03,training,02,272,0,0.0,0.0,0.0,0.0
P1,R03,training,02,273,0,0.0,0.0,0.0,0.0
P1,R03,training,02,274,0,0.0,0.0,0.0,0.0
P1,R03,training,02,275,0,0.0,0.0,0.0,0.0
P1,R03,training,02,276,0,0.0,0.0,0.0,0.0
P1,R03,training,02,277,0,0.0,0.0,0.0,0.0
P1,R03,training,02,278,0,0.0,0.0,0.0,0.0
P1,R03,training,02,279,0,0.0,0.0,0.0,0.0
P1,R03,training,02,280,0,0.0,0.0,0.0,0.0
P1,R03,training,02,281,0,0.0,0.0,0.0,0.0
P1,R03,training,02,282,0,0.0,0.0,0.0,0.0
P1,R03,training,02,283,0,0.0,0.0,0.0,0.0
P1,R03,training,02,284,0,0.0,0.0,0.0,0.0
P1,R03,training,02,285,0,0.0,0.0,0.0,0.0
P1,R03,training,02,286,0,0.0,0.0,0.0,0.0
P1,R03,training,02,287,0,0.0,0.0,0.0,0.0
P1,R03,training,02,288,0,0.0,0.0,0.0,0.0
P1,R03,training,02,289,0,0.0,0.0,0.0,0.0
P1,R03,training,02,290,0,0.0,0.0,0.0,0.0
P1,R03,training,02,291,0,0.0,0.0,0.0,0.0
P1,R03,training,02,292,0,0.0,0.0,0.0,0.0
P1,R03,training,02,293,0,0.0,0.0,0.0,0.0
P1,R03,training,02,294,0,0.0,0.0,0.0,0.0
P1,R03,training,02,295,0,0.0,0.0,0.0,0.0
P1,R03,training,02,296,0,0.0,0.0,0.0,0.0
P1,R03,training,02,297,0,0.0,0.0,0.0,0.0
P1,R03,training,02,298,0,0.0,0.0,0.0,0.0
P1,R03,training,02,299,0,0.0,0.0,0.0,0.0
P1,R03,training,02,300,0,0.0,0.0,0.0,0.0
P1,R03,training,02,301,0,0.0,0.0,0.0,0.0
P1,R03,training,02,302,0,0.0,0.0,0.0,0.0
P1,R03,training,02,303,0,0.0,0.0,0.0,0.0
P1,R03,training,02,304,0,0.0,0.0,0.0,0.0
P1,R03,training,02,305,0,0.0,0.0,0.0,0.0
P1,R03,training,02,306,0,0.0,0.0,0.0,0.0
P1,R03,training,02,307,0,0.0,0.0,0.0,0.0
P1,R03,training,02,308,0,0.0,0.0,0.0,0.0
P1,R03,training,02,309,0,0.0,0.0,0.0,0.0
P1,R03,training,02,310,0,0.0,0.0,0.0,0.0
P1,R03,training,02,311,0,0.0,0.0,0.0,0.0
P1,R03,training,02,312,0,0.0,0.0,0.0,0.0
P1,R03,training,02,313,0,0.0,0.0,0.0,0.0
P1,R03,training,02,314,0,0.0,0.0,0.0,0.0
P1,R03,training,02,315,0,0.0,0.0,0.0,0.0
P1,R03,training,02,316,0,0.0,0.0,0.0,0.0
P1,R03,training,02,317,0,0.0,0.0,0.0,0.0
P1,R03,training,02,318,0,0.0,0.0,0.0,0.0
P1,R03,training,02,319,0,0.0,0.0,0.0,0.0
P1,R03,training,02,320,0,0.0,0.0,0.0,0.0
P1,R03,training,02,321,0,0.0,0.0,0.0,0.0
P1,R03,training,02,322,0,0.0,0.0,0.0,0.0
P1,R03,training,02,323,0,0.0,0.0,0.0,0.0
P1,R03,training,02,324,0,0.0,0.0,0.0,0.0
P1,R03,training,02,325,0,0.0,0.0,0.0,0.0
P1,R03,training,02,326,0,0.0,0.0,0.0,0.0
P1,R03,training,02,327,0,0.0,0.0,0.0,0.0
P1,R03,training,02,328,0,0.0,0.0,0.0,0.0
P1,R03,training,02,329,0,0.0,0.0,0.0,0.0
P1,R03,training,02,330,0,0.0,0.0,0.0,0.0
P1,R03,training,02,331,0,0.0,0.0,0.0,0.0
P1,R03,training,02,332,0,0.0,0.0,0.0,0.0
P1,R03,training,02,333,0,0.0,0.0,0.0,0.0
P1,R03,training,02,334,0,0.0,0.0,0.0,0.0
P1,R03,training,02,335,0,0.0,0.0,0.0,0.0
P1,R03,training,02,336,0,0.0,0.0,0.0,0.0
P1,R03,training,02,337,0,0.0,0.0,0.0,0.0
P1,R03,training,02,338,0,0.0,0.0,0.0,0.0
P1,R03,training,02,339,0,0.0,0.0,0.0,0.0
P1,R03,training,02,340,0,0.0,0.0,0.0,0.0
P1,R03,training,02,341,0,0.0,0.0,0.0,0.0
P1,R03,training,02,342,0,0.0,0.0,0.0,0.0
P1,R03,training,02,343,0,0.0,0.0,0.0,0.0
P1,R03,training,02,344,0,0.0,0.0,0.0,0.0
P1,R03,training,02,345,0,0.0,0.0,0.0,0.0
P1,R03,training,02,346,0,0.0,0.0,0.0,0.0
P1,R03,training,02,347,0,0.0,0.0,0.0,0.0
P1,R03,training,02,348,0,0.0,0.0,0.0,0.0
P1,R03,training,02,349,0,0.0,0.0,0.0,0.0
P1,R03,training,02,350,0,0.0,0.0,0.0,0.0
P1,R03,training,02,351,0,0.0,0.0,0.0,0.0
P1,R03,training,02,352,0,0.0,0.0,0.0,0.0
P1,R03,training,02,353,0,0.0,0.0,0.0,0.0
P1,R03,training,02,354,0,0.0,0.0,0.0,0.0
P1,R03,training,02,355,0,0.0,0.0,0.0,0.0
P1,R03,training,02,356,0,0.0,0.0,0.0,0.0
P1,R03,training,02,357,0,0.0,0.0,0.0,0.0
P1,R03,training,02,358,0,0.0,0.0,0.0,0.0
P1,R03,training,02,359,0,0.0,0.0,0.0,0.0
P1,R03,training,02,360,0,0.0,0.0,0.0,0.0
P1,R03,training,02,361,0,0.0,0.0,0.0,0.0
P1,R03,training,02,362,0,0.0,0.0,0.0,0.0
P1,R03,training,02,363,0,0.0,0.0,0.0,0.0
P1,R03,training,02,364,0,0.0,0.0,0.0,0.0
P1,R03,training,02,365,0,0.0,0.0,0.0,0.0
P1,R03,training,02,366,0,0.0,0.0,0.0,0.0
P1,R03,training,02,367,0,0.0,0.0,0.0,0.0
P1,R03,training,02,368,0,0.0,0.0,0.0,0.0
P1,R03,training,02,369,0,0.0,0.0,0.0,0.0
P1,R03,training,02,370,0,0.0,0.0,0.0,0.0
P1,R03,training,02,371,0,0.0,0.0,0.0,0.0
P1,R03,training,02,372,0,0.0,0.0,0.0,0.0
P1,R03,training,02,373,0,0.0,0.0,0.0,0.0
P1,R03,training,02,374,0,0.0,0.0,0.0,0.0
P1,R03,training,02,375,0,0.0,0.0,0.0,0.0
P1,R03,training,02,376,0,0.0,0.0,0.0,0.0
P1,R03,training,02,377,0,0.0,0.0,0.0,0.0
P1,R03,training,02,378,0,0.0,0.0,0.0,0.0
P1,R03,training,02,379,0,0.0,0.0,0.0,0.0
P1,R03,training,02,380,0,0.0,0.0,0.0,0.0
P1,R03,training,02,381,0,0.0,0.0,0.0,0.0
P1,R03,training,02,382,0,0.0,0.0,0.0,0.0
P1,R03,training,02,383,0,0.0,0.0,0.0,0.0
P1,R03,training,02,384,0,0.0,0.0,0.0,0.0
P1,R03,training,02,385,0,0.0,0.0,0.0,0.0
P1,R03,training,02,386,0,0.0,0.0,0.0,0.0
P1,R03,training,02,387,0,0.0,0.0,0.0,0.0
P1,R03,training,02,388,0,0.0,0.0,0.0,0.0
P1,R03,training,02,389,0,0.0,0.0,0.0,0.0
P1,R03,training,02,390,0,0.0,0.0,0.0,0.0
P1,R03,training,02,391,0,0.0,0.0,0.0,0.0
P1,R03,training,02,392,0,0.0,0.0,0.0,0.0
P1,R03,training,02,393,0,0.0,0.0,0.0,0.0
P1,R03,training,02,394,0,0.0,0.0,0.0,0.0
P1,R03,training,02,395,0,0.0,0.0,0.0,0.0
P1,R03,training,02,396,0,0.0,0.0,0.0,0.0
P1,R03,training,02,397,0,0.0,0.0,0.0,0.0
P1,R03,training,02,398,0,0.0,0.0,0.0,0.0
P1,R03,training,02,399,0,0.0,0.0,0.0,0.0
P1,R03,training,02,400,0,0.0,0.0,0.0,0.0
P1,R03,training,02,401,0,0.0,0.0,0.0,0.0
P1,R03,training,02,402,0,0.0,0.0,0.0,0.0
P1,R03,training,02,403,0,0.0,0.0,0.0,0.0
P1,R03,training,02,404,0,0.0,0.0,0.0,0.0
P1,R03,training,02,405,0,0.0,0.0,0.0,0.0
P1,R03,training,02,406,0,0.0,0.0,0.0,0.0
P1,R03,training,02,407,0,0.0,0.0,0.0,0.0
P1,R03,training,02,408,0,0.0,0.0,0.0,0.0
P1,R03,training,02,409,0,0.0,0.0,0.0,0.0
P1,R03,training,02,410,0,0.0,0.0,0.0,0.0
P1,R03,training,02,411,0,0.0,0.0,0.0,0.0
P1,R03,training,02,412,0,0.0,0.0,0.0,0.0
P1,R03,training,02,413,0,0.0,0.0,0.0,0.0
P1,R03,training,02,414,0,0.0,0.0,0.0,0.0
P1,R03,training,02,415,0,0.0,0.0,0.0,0.0
P1,R03,training,02,416,0,0.0,0.0,0.0,0.0
P1,R03,training,02,417,0,0.0,0.0,0.0,0.0
P1,R03,training,02,418,0,0.0,0.0,0.0,0.0
P1,R03,training,02,419,0,0.0,0.0,0.0,0.0
P1,R03,training,02,420,0,0.0,0.0,0.0,0.0
P1,R03,training,02,421,0,0.0,0.0,0.0,0.0
P1,R03,training,02,422,0,0.0,0.0,0.0,0.0
P1,R03,training,02,423,0,0.0,0.0,0.0,0.0
P1,R03,training,02,424,0,0.0,0.0,0.0,0.0
P1,R03,training,02,425,0,0.0,0.0,0.0,0.0
P1,R03,training,02,426,0,0.0,0.0,0.0,0.0
P1,R03,training,02,427,0,0.0,0.0,0.0,0.0
P1,R03,training,02,428,0,0.0,0.0,0.0,0.0
P1,R03,training,02,429,0,0.0,0.0,0.0,0.0
P1,R03,training,02,430,0,0.0,0.0,0.0,0.0
P1,R03,training,02,431,0,0.0,0.0,0.0,0.0
P1,R03,training,02,432,0,0.0,0.0,0.0,0.0
P1,R03,training,02,433,0,0.0,0.0,0.0,0.0
P1,R03,training,02,434,0,0.0,0.0,0.0,0.0
P1,R03,training,02,435,0,0.0,0.0,0.0,0.0
P1,R03,training,02,436,0,0.0,0.0,0.0,0.0
P1,R03,training,02,437,0,0.0,0.0,0.0,0.0
P1,R03,training,02,438,0,0.0,0.0,0.0,0.0
P1,R03,training,02,439,0,0.0,0.0,0.0,0.0
P1,R03,training,02,440,0,0.0,0.0,0.0,0.0
P1,R03,training,02,441,0,0.0,0.0,0.0,0.0
P1,R03,training,02,442,0,0.0,0.0,0.0,0.0
P1,R03,training,02,443,0,0.0,0.0,0.0,0.0
P1,R03,training,02,444,0,0.0,0.0,0.0,0.0
P1,R03,training,02,445,0,0.0,0.0,0.0,0.0
P1,R03,training,02,446,0,0.0,0.0,0.0,0.0
P1,R03,training,02,447,0,0.0,0.0,0.0,0.0
P1,R03,training,02,448,0,0.0,0.0,0.0,0.0
P1,R03,training,02,449,0,0.0,0.0,0.0,0.0
P1,R03,training,02,450,0,0.0,0.0,0.0,0.0
P1,R03,training,02,451,0,0.0,0.0,0.0,0.0
P1,R03,training,02,452,0,0.0,0.0,0.0,0.0
P1,R03,training,02,453,0,0.0,0.0,0.0,0.0
P1,R03,training,02,454,0,0.0,0.0,0.0,0.0
P1,R03,training,02,455,0,0.0,0.0,0.0,0.0
P1,R03,training,02,456,0,0.0,0.0,0.0,0.0
P1,R03,training,02,457,0,0.0,0.0,0.0,0.0
P1,R03,training,02,458,0,0.0,0.0,0.0,0.0
P1,R03,training,02,459,0,0.0,0.0,0.0,0.0
P1,R03,training,02,460,0,0.0,0.0,0.0,0.0
P1,R03,training,02,461,0,0.0,0.0,0.0,0.0
P1,R03,training,02,462,0,0.0,0.0,0.0,0.0
P1,R03,training,02,463,0,0.0,0.0,0.0,0.0
P1,R03,training,02,464,0,0.0,0.0,0.0,0.0
P1,R03,training,02,465,0,0.0,0.0,0.0,0.0
P1,R03,training,02,466,0,0.0,0.0,0.0,0.0
P1,R03,training,02,467,0,0.0,0.0,0.0,0.0
P1,R03,training,02,468,0,0.0,0.0,0.0,0.0
P1,R03,training,02,469,0,0.0,0.0,0.0,0.0
P1,R03,training,02,470,0,0.0,0.0,0.0,0.0
P1,R03,training,02,471,0,0.0,0.0,0.0,0.0
P1,R03,training,02,472,0,0.0,0.0,0.0,0.0
P1,R03,training,02,473,0,0.0,0.0,0.0,0.0
P1,R03,training,02,474,0,0.0,0.0,0.0,0.0
P1,R03,training,02,475,0,0.0,0.0,0.0,0.0
P1,R03,training,02,476,0,0.0,0.0,0.0,0.0
P1,R03,training,02,477,0,0.0,0.0,0.0,0.0
P1,R03,training,02,478,0,0.0,0.0,0.0,0.0
P1,R03,training,02,479,0,0.0,0.0,0.0,0.0
P1,R03,training,02,480,0,0.0,0.0,0.0,0.0
P1,R03,training,02,481,0,0.0,0.0,0.0,0.0
P1,R03,training,02,482,0,0.0,0.0,0.0,0.0
P1,R03,training,02,483,0,0.0,0.0,0.0,0.0
P1,R03,training,02,484,0,0.0,0.0,0.0,0.0
P1,R03,training,02,485,0,0.0,0.0,0.0,0.0
P1,R03,training,02,486,0,0.0,0.0,0.0,0.0
P1,R03,training,02,487,0,0.0,0.0,0.0,0.0
P1,R03,training,02,488,0,0.0,0.0,0.0,0.0
P1,R03,training,02,489,0,0.0,0.0,0.0,0.0
P1,R03,training,02,490,0,0.0,0.0,0.0,0.0
P1,R03,training,02,491,0,0.0,0.0,0.0,0.0
P1,R03,training,02,492,0,0.0,0.0,0.0,0.0
P1,R03,training,02,493,0,0.0,0.0,0.0,0.0
P1,R03,training,02,494,0,0.0,0.0,0.0,0.0
P1,R03,training,02,495,0,0.0,0.0,0.0,0.0
P1,R03,training,02,496,0,0.0,0.0,0.0,0.0
P1,R03,training,02,497,0,0.0,0.0,0.0,0.0
P1,R03,training,02,498,0,0.0,0.0,0.0,0.0
P1,R03,training,02,499,0,0.0,0.0,0.0,0.0
P1,R03,training,02,500,0,0.0,0.0,0.0,0.0
P1,R03,training,02,501,0,0.0,0.0,0.0,0.0
P1,R03,training,02,502,0,0.0,0.0,0.0,0.0
P1,R03,training,02,503,0,0.0,0.0,0.0,0.0
P1,R03,training,02,504,0,0.0,0.0,0.0,0.0
P1,R03,training,02,505,0,0.0,0.0,0.0,0.0
P1,R03,training,02,506,0,0.0,0.0,0.0,0.0
P1,R03,training,02,507,0,0.0,0.0,0.0,0.0
P1,R03,training,02,508,0,0.0,0.0,0.0,0.0
P1,R03,training,02,509,0,0.0,0.0,0.0,0.0
P1,R03,training,02,510,0,0.0,0.0,0.0,0.0
P1,R03,training,02,511,0,0.0,0.0,0.0,0.0
P1,R03,training,02,512,0,0.0,0.0,0.0,0.0
P1,R03,training,02,513,0,0.0,0.0,0.0,0.0
P1,R03,training,02,514,0,0.0,0.0,0.0,0.0
P1,R03,training,02,515,0,0.0,0.0,0.0,0.0
P1,R03,training,02,516,0,0.0,0.0,0.0,0.0
P1,R03,training,02,517,0,0.0,0.0,0.0,0.0
P1,R03,training,02,518,0,0.0,0.0,0.0,0.0
P1,R03,training,02,519,0,0.0,0.0,0.0,0.0
P1,R03,training,02,520,0,0.0,0.0,0.0,0.0
P1,R03,training,02,521,0,0.0,0.0,0.0,0.0
P1,R03,training,02,522,0,0.0,0.0,0.0,0.0
P1,R03,training,02,523,0,0.0,0.0,0.0,0.0
P1,R03,training,02,524,0,0.0,0.0,0.0,0.0
P1,R03,training,02,525,0,0.0,0.0,0.0,0.0
P1,R03,training,02,526,0,0.0,0.0,0.0,0.0
P1,R03,training,02,527,0,0.0,0.0,0.0,0.0
P1,R03,training,02,528,0,0.0,0.0,0.0,0.0
P1,R03,training,02,529,0,0.0,0.0,0.0,0.0
P1,R03,training,02,530,0,0.0,0.0,0.0,0.0
P1,R03,training,02,531,0,0.0,0.0,0.0,0.0
P1,R03,training,02,532,0,0.0,0.0,0.0,0.0
P1,R03,training,02,533,0,0.0,0.0,0.0,0.0
P1,R03,training,02,534,0,0.0,0.0,0.0,0.0
P1,R03,training,02,535,0,0.0,0.0,0.0,0.0
P1,R03,training,02,536,0,0.0,0.0,0.0,0.0
P1,R03,training,02,537,0,0.0,0.0,0.0,0.0
P1,R03,training,02,538,0,0.0,0.0,0.0,0.0
P1,R03,training,02,539,0,0.0,0.0,0.0,0.0
P1,R03,training,02,540,0,0.0,0.0,0.0,0.0
P1,R03,training,02,541,0,0.0,0.0,0.0,0.0
P1,R03,training,02,542,0,0.0,0.0,0.0,0.0
P1,R03,training,02,543,0,0.0,0.0,0.0,0.0
P1,R03,training,02,544,0,0.0,0.0,0.0,0.0
P1,R03,training,02,545,0,0.0,0.0,0.0,0.0
P1,R03,training,02,546,0,0.0,0.0,0.0,0.0
P1,R03,training,02,547,0,0.0,0.0,0.0,0.0
P1,R03,training,02,548,0,0.0,0.0,0.0,0.0
P1,R03,training,02,549,0,0.0,0.0,0.0,0.0
P1,R03,training,02,550,0,0.0,0.0,0.0,0.0
P1,R03,training,02,551,0,0.0,0.0,0.0,0.0
P1,R03,training,02,552,0,0.0,0.0,0.0,0.0
P1,R03,training,02,553,0,0.0,0.0,0.0,0.0
P1,R03,training,02,554,0,0.0,0.0,0.0,0.0
P1,R03,training,02,555,0,0.0,0.0,0.0,0.0
P1,R03,training,02,556,0,0.0,0.0,0.0,0.0
P1,R03,training,02,557,0,0.0,0.0,0.0,0.0
P1,R03,training,02,558,0,0.0,0.0,0.0,0.0
P1,R03,training,02,559,0,0.0,0.0,0.0,0.0
P1,R03,training,02,560,0,0.0,0.0,0.0,0.0
P1,R03,training,02,561,0,0.0,0.0,0.0,0.0
P1,R03,training,02,562,0,0.0,0.0,0.0,0.0
P1,R03,training,02,563,0,0.0,0.0,0.0,0.0
P1,R03,training,02,564,0,0.0,0.0,0.0,0.0
P1,R03,training,02,565,0,0.0,0.0,0.0,0.0
P1,R03,training,02,566,0,0.0,0.0,0.0,0.0
P1,R03,training,02,567,0,0.0,0.0,0.0,0.0
P1,R03,training,02,568,0,0.0,0.0,0.0,0.0
P1,R03,training,02,569,0,0.0,0.0,0.0,0.0
P1,R03,training,02,570,0,0.0,0.0,0.0,0.0
P1,R03,training,02,571,0,0.0,0.0,0.0,0.0
P1,R03,training,02,572,0,0.0,0.0,0.0,0.0
P1,R03,training,02,573,0,0.0,0.0,0.0,0.0
P1,R03,training,02,574,0,0.0,0.0,0.0,0.0
P1,R03,training,02,575,0,0.0,0.0,0.0,0.0
P1,R03,training,02,576,0,0.0,0.0,0.0,0.0
P1,R03,training,02,577,0,0.0,0.0,0.0,0.0
P1,R03,training,02,578,0,0.0,0.0,0.0,0.0
P1,R03,training,02,579,0,0.0,0.0,0.0,0.0
P1,R03,training,02,580,0,0.0,0.0,0.0,0.0
P1,R03,training,02,581,0,0.0,0.0,0.0,0.0
P1,R03,training,02,582,0,0.0,0.0,0.0,0.0
P1,R03,training,02,583,0,0.0,0.0,0.0,0.0
P1,R03,training,02,584,0,0.0,0.0,0.0,0.0
P1,R03,training,02,585,0,0.0,0.0,0.0,0.0
P1,R03,training,02,586,0,0.0,0.0,0.0,0.0
P1,R03,training,02,587,0,0.0,0.0,0.0,0.0
P1,R03,training,02,588,0,0.0,0.0,0.0,0.0
P1,R03,training,02,589,0,0.0,0.0,0.0,0.0
P1,R03,training,02,590,0,0.0,0.0,0.0,0.0
P1,R03,training,02,591,0,0.0,0.0,0.0,0.0
P1,R03,training,02,592,0,0.0,0.0,0.0,0.0
P1,R03,training,02,593,0,0.0,0.0,0.0,0.0
P1,R03,training,02,594,0,0.0,0.0,0.0,0.0
P1,R03,training,02,595,0,0.0,0.0,0.0,0.0
P1,R03,training,02,596,0,0.0,0.0,0.0,0.0
P1,R03,training,02,597,0,0.0,0.0,0.0,0.0
P1,R03,training,02,598,0,0.0,0.0,0.0,0.0
P1,R03,training,02,599,0,0.0,0.0,0.0,0.0
P1,R03,training,02,600,0,0.0,0.0,0.0,0.0
P1,R03,training,02,601,0,0.0,0.0,0.0,0.0
P1,R03,training,02,602,0,0.0,0.0,0.0,0.0
P1,R03,training,02,603,0,0.0,0.0,0.0,0.0
P1,R03,training,02,604,0,0.0,0.0,0.0,0.0
P1,R03,training,02,605,0,0.0,0.0,0.0,0.0
P1,R03,training,02,606,0,0.0,0.0,0.0,0.0
P1,R03,training,02,607,0,0.0,0.0,0.0,0.0
P1,R03,training,02,608,0,0.0,0.0,0.0,0.0
P1,R03,training,02,609,0,0.0,0.0,0.0,0.0
P1,R03,training,02,610,0,0.0,0.0,0.0,0.0
P1,R03,training,02,611,0,0.0,0.0,0.0,0.0
P1,R03,training,02,612,0,0.0,0.0,0.0,0.0
P1,R03,training,02,613,0,0.0,0.0,0.0,0.0
P1,R03,training,02,614,0,0.0,0.0,0.0,0.0
P1,R03,training,02,615,0,0.0,0.0,0.0,0.0
P1,R03,training,02,616,0,0.0,0.0,0.0,0.0
P1,R03,training,02,617,0,0.0,0.0,0.0,0.0
P1,R03,training,02,618,0,0.0,0.0,0.0,0.0
P1,R03,training,02,619,0,0.0,0.0,0.0,0.0
P1,R03,training,02,620,0,0.0,0.0,0.0,0.0
P1,R03,training,02,621,0,0.0,0.0,0.0,0.0
P1,R03,training,02,622,0,0.0,0.0,0.0,0.0
P1,R03,training,02,623,0,0.0,0.0,0.0,0.0
P1,R03,training,02,624,0,0.0,0.0,0.0,0.0
P1,R03,training,02,625,0,0.0,0.0,0.0,0.0
P1,R03,training,02,626,0,0.0,0.0,0.0,0.0
P1,R03,training,02,627,0,0.0,0.0,0.0,0.0
P1,R03,training,02,628,0,0.0,0.0,0.0,0.0
P1,R03,training,02,629,0,0.0,0.0,0.0,0.0
P1,R03,training,02,630,0,0.0,0.0,0.0,0.0
P1,R03,training,02,631,0,0.0,0.0,0.0,0.0
P1,R03,training,02,632,0,0.0,0.0,0.0,0.0
P1,R03,training,02,633,0,0.0,0.0,0.0,0.0
P1,R03,training,02,634,0,0.0,0.0,0.0,0.0
P1,R03,training,02,635,0,0.0,0.0,0.0,0.0
P1,R03,training,02,636,0,0.0,0.0,0.0,0.0
P1,R03,training,02,637,0,0.0,0.0,0.0,0.0
P1,R03,training,02,638,0,0.0,0.0,0.0,0.0
P1,R03,training,02,639,0,0.0,0.0,0.0,0.0
P1,R03,training,02,640,0,0.0,0.0,0.0,0.0
P1,R03,training,02,641,0,0.0,0.0,0.0,0.0
P1,R03,training,02,642,0,0.0,0.0,0.0,0.0
P1,R03,training,02,643,0,0.0,0.0,0.0,0.0
P1,R03,training,02,644,0,0.0,0.0,0.0,0.0
P1,R03,training,02,645,0,0.0,0.0,0.0,0.0
P1,R03,training,02,646,0,0.0,0.0,0.0,0.0
P1,R03,training,02,647,0,0.0,0.0,0.0,0.0
P1,R03,training,02,648,0,0.0,0.0,0.0,0.0
P1,R03,training,02,649,0,0.0,0.0,0.0,0.0
P1,R03,training,02,650,0,0.0,0.0,0.0,0.0
P1,R03,training,02,651,0,0.0,0.0,0.0,0.0
P1,R03,training,02,652,0,0.0,0.0,0.0,0.0
P1,R03,training,02,653,0,0.0,0.0,0.0,0.0
P1,R03,training,02,654,0,0.0,0.0,0.0,0.0
P1,R03,training,02,655,0,0.0,0.0,0.0,0.0
P1,R03,training,02,656,0,0.0,0.0,0.0,0.0
P1,R03,training,02,657,0,0.0,0.0,0.0,0.0
P1,R03,training,02,658,0,0.0,0.0,0.0,0.0
P1,R03,training,02,659,0,0.0,0.0,0.0,0.0
P1,R03,training,02,660,0,0.0,0.0,0.0,0.0
P1,R03,training,02,661,0,0.0,0.0,0.0,0.0
P1,R03,training,02,662,0,0.0,0.0,0.0,0.0
P1,R03,training,02,663,0,0.0,0.0,0.0,0.0
P1,R03,training,02,664,0,0.0,0.0,0.0,0.0
P1,R03,training,02,665,0,0.0,0.0,0.0,0.0
P1,R03,training,02,666,0,0.0,0.0,0.0,0.0
P1,R03,training,02,667,0,0.0,0.0,0.0,0.0
P1,R03,training,02,668,0,0.0,0.0,0.0,0.0
P1,R03,training,02,669,0,0.0,0.0,0.0,0.0
P1,R03,training,02,670,0,0.0,0.0,0.0,0.0
P1,R03,training,02,671,0,0.0,0.0,0.0,0.0
P1,R03,training,02,672,0,0.0,0.0,0.0,0.0
P1,R03,training,02,673,0,0.0,0.0,0.0,0.0
P1,R03,training,02,674,0,0.0,0.0,0.0,0.0
P1,R03,training,02,675,0,0.0,0.0,0.0,0.0
P1,R03,training,02,676,0,0.0,0.0,0.0,0.0
P1,R03,training,02,677,0,0.0,0.0,0.0,0.0
P1,R03,training,02,678,0,0.0,0.0,0.0,0.0
P1,R03,training,02,679,0,0.0,0.0,0.0,0.0
P1,R03,training,02,680,0,0.0,0.0,0.0,0.0
P1,R03,training,02,681,0,0.0,0.0,0.0,0.0
P1,R03,training,02,682,0,0.0,0.0,0.0,0.0
P1,R03,training,02,683,0,0.0,0.0,0.0,0.0
P1,R03,training,02,684,0,0.0,0.0,0.0,0.0
P1,R03,training,02,685,0,0.0,0.0,0.0,0.0
P1,R03,training,02,686,0,0.0,0.0,0.0,0.0
P1,R03,training,02,687,0,0.0,0.0,0.0,0.0
P1,R03,training,02,688,0,0.0,0.0,0.0,0.0
P1,R03,training,02,689,0,0.0,0.0,0.0,0.0
P1,R03,training,02,690,0,0.0,0.0,0.0,0.0
P1,R03,training,02,691,0,0.0,0.0,0.0,0.0
P2,R03,training,02,0,0,0.0,0.0,0.0,0.0
P2,R03,training,02,1,0,0.0,0.0,0.0,0.0
P2,R03,training,02,2,0,0.0,0.0,0.0,0.0
P2,R03,training,02,3,0,0.0,0.0,0.0,0.0
P2,R03,training,02,4,0,0.0,0.0,0.0,0.0
P2,R03,training,02,5,0,0.0,0.0,0.0,0.0
P2,R03,training,02,6,0,0.0,0.0,0.0,0.0
P2,R03,training,02,7,0,0.0,0.0,0.0,0.0
P2,R03,training,02,8,0,0.0,0.0,0.0,0.0
P2,R03,training,02,9,0,0.0,0.0,0.0,0.0
P2,R03,training,02,10,0,0.0,0.0,0.0,0.0
P2,R03,training,02,11,0,0.0,0.0,0.0,0.0
P2,R03,training,02,12,0,0.0,0.0,0.0,0.0
P2,R03,training,02,13,0,0.0,0.0,0.0,0.0
P2,R03,training,02,14,0,0.0,0.0,0.0,0.0
P2,R03,training,02,15,0,0.0,0.0,0.0,0.0
P2,R03,training,02,16,0,0.0,0.0,0.0,0.0
P2,R03,training,02,17,0,0.0,0.0,0.0,0.0
P2,R03,training,02,18,0,0.0,0.0,0.0,0.0
P2,R03,training,02,19,0,0.0,0.0,0.0,0.0
P2,R03,training,02,20,0,0.0,0.0,0.0,0.0
P2,R03,training,02,21,0,0.0,0.0,0.0,0.0
P2,R03,training,02,22,0,0.0,0.0,0.0,0.0
P2,R03,training,02,23,0,0.0,0.0,0.0,0.0
P2,R03,training,02,24,0,0.0,0.0,0.0,0.0
P2,R03,training,02,25,0,0.0,0.0,0.0,0.0
P2,R03,training,02,26,0,0.0,0.0,0.0,0.0
P2,R03,training,02,27,0,0.0,0.0,0.0,0.0
P2,R03,training,02,28,0,0.0,0.0,0.0,0.0
P2,R03,training,02,29,0,0.0,0.0,0.0,0.0
P2,R03,training,02,30,0,0.0,0.0,0.0,0.0
P2,R03,training,02,31,0,0.0,0.0,0.0,0.0
P2,R03,training,02,32,0,0.0,0.0,0.0,0.0
P2,R03,training,02,33,0,0.0,0.0,0.0,0.0
P2,R03,training,02,34,0,0.0,0.0,0.0,0.0
P2,R03,training,02,35,0,0.0,0.0,0.0,0.0
P2,R03,training,02,36,0,0.0,0.0,0.0,0.0
P2,R03,training,02,37,0,0.0,0.0,0.0,0.0
P2,R03,training,02,38,0,0.0,0.0,0.0,0.0
P2,R03,training,02,39,0,0.0,0.0,0.0,0.0
P2,R03,training,02,40,0,0.0,0.0,0.0,0.0
P2,R03,training,02,41,0,0.0,0.0,0.0,0.0
P2,R03,training,02,42,0,0.0,0.0,0.0,0.0
P2,R03,training,02,43,0,0.0,0.0,0.0,0.0
P2,R03,training,02,44,0,0.0,0.0,0.0,0.0
P2,R03,training,02,45,0,0.0,0.0,0.0,0.0
P2,R03,training,02,46,0,0.0,0.0,0.0,0.0
P2,R03,training,02,47,0,0.0,0.0,0.0,0.0
P2,R03,training,02,48,0,0.0,0.0,0.0,0.0
P2,R03,training,02,49,0,0.0,0.0,0.0,0.0
P2,R03,training,02,50,0,0.0,0.0,0.0,0.0
P2,R03,training,02,51,0,0.0,0.0,0.0,0.0
P2,R03,training,02,52,0,0.0,0.0,0.0,0.0
P2,R03,training,02,53,0,0.0,0.0,0.0,0.0
P2,R03,training,02,54,0,0.0,0.0,0.0,0.0
P2,R03,training,02,55,0,0.0,0.0,0.0,0.0
P2,R03,training,02,56,0,0.0,0.0,0.0,0.0
P2,R03,training,02,57,0,0.0,0.0,0.0,0.0
P2,R03,training,02,58,0,0.0,0.0,0.0,0.0
P2,R03,training,02,59,0,0.0,0.0,0.0,0.0
P2,R03,training,02,60,0,0.0,0.0,0.0,0.0
P2,R03,training,02,61,0,0.0,0.0,0.0,0.0
P2,R03,training,02,62,0,0.0,0.0,0.0,0.0
P2,R03,training,02,63,0,0.0,0.0,0.0,0.0
P2,R03,training,02,64,0,0.0,0.0,0.0,0.0
P2,R03,training,02,65,0,0.0,0.0,0.0,0.0
P2,R03,training,02,66,0,0.0,0.0,0.0,0.0
P2,R03,training,02,67,0,0.0,0.0,0.0,0.0
P2,R03,training,02,68,0,0.0,0.0,0.0,0.0
P2,R03,training,02,69,0,0.0,0.0,0.0,0.0
P2,R03,training,02,70,0,0.0,0.0,0.0,0.0
P2,R03,training,02,71,0,0.0,0.0,0.0,0.0
P2,R03,training,02,72,0,0.0,0.0,0.0,0.0
P2,R03,training,02,73,0,0.0,0.0,0.0,0.0
P2,R03,training,02,74,0,0.0,0.0,0.0,0.0
P2,R03,training,02,75,0,0.0,0.0,0.0,0.0
P2,R03,training,02,76,0,0.0,0.0,0.0,0.0
P2,R03,training,02,77,0,0.0,0.0,0.0,0.0
P2,R03,training,02,78,0,0.0,0.0,0.0,0.0
P2,R03,training,02,79,0,0.0,0.0,0.0,0.0
P2,R03,training,02,80,0,0.0,0.0,0.0,0.0
P2,R03,training,02,81,0,0.0,0.0,0.0,0.0
P2,R03,training,02,82,0,0.0,0.0,0.0,0.0
P2,R03,training,02,83,0,0.0,0.0,0.0,0.0
P2,R03,training,02,84,0,0.0,0.0,0.0,0.0
P2,R03,training,02,85,0,0.0,0.0,0.0,0.0
P2,R03,training,02,86,0,0.0,0.0,0.0,0.0
P2,R03,training,02,87,0,0.0,0.0,0.0,0.0
P2,R03,training,02,88,0,0.0,0.0,0.0,0.0
P2,R03,training,02,89,0,0.0,0.0,0.0,0.0
P2,R03,training,02,90,0,0.0,0.0,0.0,0.0
P2,R03,training,02,91,0,0.0,0.0,0.0,0.0
P2,R03,training,02,92,0,0.0,0.0,0.0,0.0
P2,R03,training,02,93,0,0.0,0.0,0.0,0.0
P2,R03,training,02,94,0,0.0,0.0,0.0,0.0
P2,R03,training,02,95,0,0.0,0.0,0.0,0.0
P2,R03,training,02,96,0,0.0,0.0,0.0,0.0
P2,R03,training,02,97,0,0.0,0.0,0.0,0.0
P2,R03,training,02,98,0,0.0,0.0,0.0,0.0
P2,R03,training,02,99,0,0.0,0.0,0.0,0.0
P2,R03,training,02,100,0,0.0,0.0,0.0,0.0
P2,R03,training,02,101,0,0.0,0.0,0.0,0.0
P2,R03,training,02,102,0,0.0,0.0,0.0,0.0
P2,R03,training,02,103,0,0.0,0.0,0.0,0.0
P2,R03,training,02,104,0,0.0,0.0,0.0,0.0
P2,R03,training,02,105,0,0.0,0.0,0.0,0.0
P2,R03,training,02,106,0,0.0,0.0,0.0,0.0
P2,R03,training,02,107,0,0.0,0.0,0.0,0.0
P2,R03,training,02,108,0,0.0,0.0,0.0,0.0
P2,R03,training,02,109,0,0.0,0.0,0.0,0.0
P2,R03,training,02,110,0,0.0,0.0,0.0,0.0
P2,R03,training,02,111,0,0.0,0.0,0.0,0.0
P2,R03,training,02,112,0,0.0,0.0,0.0,0.0
P2,R03,training,02,113,0,0.0,0.0,0.0,0.0
P2,R03,training,02,114,0,0.0,0.0,0.0,0.0
P2,R03,training,02,115,0,0.0,0.0,0.0,0.0
P2,R03,training,02,116,0,0.0,0.0,0.0,0.0
P2,R03,training,02,117,0,0.0,0.0,0.0,0.0
P2,R03,training,02,118,0,0.0,0.0,0.0,0.0
P2,R03,training,02,119,0,0.0,0.0,0.0,0.0
P2,R03,training,02,120,0,0.0,0.0,0.0,0.0
P2,R03,training,02,121,0,0.0,0.0,0.0,0.0
P2,R03,training,02,122,0,0.0,0.0,0.0,0.0
P2,R03,training,02,123,0,0.0,0.0,0.0,0.0
P2,R03,training,02,124,0,0.0,0.0,0.0,0.0
P2,R03,training,02,125,0,0.0,0.0,0.0,0.0
P2,R03,training,02,126,0,0.0,0.0,0.0,0.0
P2,R03,training,02,127,0,0.0,0.0,0.0,0.0
P2,R03,training,02,128,0,0.0,0.0,0.0,0.0
P2,R03,training,02,129,0,0.0,0.0,0.0,0.0
P2,R03,training,02,130,0,0.0,0.0,0.0,0.0
P2,R03,training,02,131,0,0.0,0.0,0.0,0.0
P2,R03,training,02,132,0,0.0,0.0,0.0,0.0
P2,R03,training,02,133,0,0.0,0.0,0.0,0.0
P2,R03,training,02,134,0,0.0,0.0,0.0,0.0
P2,R03,training,02,135,0,0.0,0.0,0.0,0.0
P2,R03,training,02,136,0,0.0,0.0,0.0,0.0
P2,R03,training,02,137,0,0.0,0.0,0.0,0.0
P2,R03,training,02,138,0,0.0,0.0,0.0,0.0
P2,R03,training,02,139,0,0.0,0.0,0.0,0.0
P2,R03,training,02,140,0,0.0,0.0,0.0,0.0
P2,R03,training,02,141,0,0.0,0.0,0.0,0.0
P2,R03,training,02,142,0,0.0,0.0,0.0,0.0
P2,R03,training,02,143,0,0.0,0.0,0.0,0.0
P2,R03,training,02,144,0,0.0,0.0,0.0,0.0
P2,R03,training,02,145,0,0.0,0.0,0.0,0.0
P2,R03,training,02,146,0,0.0,0.0,0.0,0.0
P2,R03,training,02,147,0,0.0,0.0,0.0,0.0
P2,R03,training,02,148,0,0.0,0.0,0.0,0.0
P2,R03,training,02,149,0,0.0,0.0,0.0,0.0
P2,R03,training,02,150,0,0.0,0.0,0.0,0.0
P2,R03,training,02,151,0,0.0,0.0,0.0,0.0
P2,R03,training,02,152,0,0.0,0.0,0.0,0.0
P2,R03,training,02,153,0,0.0,0.0,0.0,0.0
P2,R03,training,02,154,0,0.0,0.0,0.0,0.0
P2,R03,training,02,155,0,0.0,0.0,0.0,0.0
P2,R03,training,02,156,0,0.0,0.0,0.0,0.0
P2,R03,training,02,157,0,0.0,0.0,0.0,0.0
P2,R03,training,02,158,0,0.0,0.0,0.0,0.0
P2,R03,training,02,159,0,0.0,0.0,0.0,0.0
P2,R03,training,02,160,0,0.0,0.0,0.0,0.0
P2,R03,training,02,161,0,0.0,0.0,0.0,0.0
P2,R03,training,02,162,0,0.0,0.0,0.0,0.0
P2,R03,training,02,163,0,0.0,0.0,0.0,0.0
P2,R03,training,02,164,0,0.0,0.0,0.0,0.0
P2,R03,training,02,165,0,0.0,0.0,0.0,0.0
P2,R03,training,02,166,0,0.0,0.0,0.0,0.0
P2,R03,training,02,167,0,0.0,0.0,0.0,0.0
P2,R03,training,02,168,0,0.0,0.0,0.0,0.0
P2,R03,training,02,169,0,0.0,0.0,0.0,0.0
P2,R03,training,02,170,0,0.0,0.0,0.0,0.0
P2,R03,training,02,171,0,0.0,0.0,0.0,0.0
P2,R03,training,02,172,0,0.0,0.0,0.0,0.0
P2,R03,training,02,173,0,0.0,0.0,0.0,0.0
P2,R03,training,02,174,0,0.0,0.0,0.0,0.0
P2,R03,training,02,175,0,0.0,0.0,0.0,0.0
P2,R03,training,02,176,0,0.0,0.0,0.0,0.0
P2,R03,training,02,177,0,0.0,0.0,0.0,0.0
P2,R03,training,02,178,0,0.0,0.0,0.0,0.0
P2,R03,training,02,179,0,0.0,0.0,0.0,0.0
P2,R03,training,02,180,0,0.0,0.0,0.0,0.0
P2,R03,training,02,181,0,0.0,0.0,0.0,0.0
P2,R03,training,02,182,0,0.0,0.0,0.0,0.0
P2,R03,training,02,183,0,0.0,0.0,0.0,0.0
P2,R03,training,02,184,0,0.0,0.0,0.0,0.0
P2,R03,training,02,185,0,0.0,0.0,0.0,0.0
P2,R03,training,02,186,0,0.0,0.0,0.0,0.0
P2,R03,training,02,187,0,0.0,0.0,0.0,0.0
P2,R03,training,02,188,0,0.0,0.0,0.0,0.0
P2,R03,training,02,189,0,0.0,0.0,0.0,0.0
P2,R03,training,02,190,0,0.0,0.0,0.0,0.0
P2,R03,training,02,191,0,0.0,0.0,0.0,0.0
P2,R03,training,02,192,0,0.0,0.0,0.0,0.0
P2,R03,training,02,193,0,0.0,0.0,0.0,0.0
P2,R03,training,02,194,0,0.0,0.0,0.0,0.0
P2,R03,training,02,195,0,0.0,0.0,0.0,0.0
P2,R03,training,02,196,0,0.0,0.0,0.0,0.0
P2,R03,training,02,197,0,0.0,0.0,0.0,0.0
P2,R03,training,02,198,0,0.0,0.0,0.0,0.0
P2,R03,training,02,199,0,0.0,0.0,0.0,0.0
P2,R03,training,02,200,0,0.0,0.0,0.0,0.0
P2,R03,training,02,201,0,0.0,0.0,0.0,0.0
P2,R03,training,02,202,0,0.0,0.0,0.0,0.0
P2,R03,training,02,203,0,0.0,0.0,0.0,0.0
P2,R03,training,02,204,0,0.0,0.0,0.0,0.0
P2,R03,training,02,205,0,0.0,0.0,0.0,0.0
P2,R03,training,02,206,0,0.0,0.0,0.0,0.0
P2,R03,training,02,207,0,0.0,0.0,0.0,0.0
P2,R03,training,02,208,0,0.0,0.0,0.0,0.0
P2,R03,training,02,209,0,0.0,0.0,0.0,0.0
P2,R03,training,02,210,0,0.0,0.0,0.0,0.0
P2,R03,training,02,211,0,0.0,0.0,0.0,0.0
P2,R03,training,02,212,0,0.0,0.0,0.0,0.0
P2,R03,training,02,213,0,0.0,0.0,0.0,0.0
P2,R03,training,02,214,0,0.0,0.0,0.0,0.0
P2,R03,training,02,215,0,0.0,0.0,0.0,0.0
P2,R03,training,02,216,0,0.0,0.0,0.0,0.0
P2,R03,training,02,217,0,0.0,0.0,0.0,0.0
P2,R03,training,02,218,0,0.0,0.0,0.0,0.0
P2,R03,training,02,219,0,0.0,0.0,0.0,0.0
P2,R03,training,02,220,0,0.0,0.0,0.0,0.0
P2,R03,training,02,221,0,0.0,0.0,0.0,0.0
P2,R03,training,02,222,0,0.0,0.0,0.0,0.0
P2,R03,training,02,223,0,0.0,0.0,0.0,0.0
P2,R03,training,02,224,0,0.0,0.0,0.0,0.0
P2,R03,training,02,225,0,0.0,0.0,0.0,0.0
P2,R03,training,02,226,0,0.0,0.0,0.0,0.0
P2,R03,training,02,227,0,0.0,0.0,0.0,0.0
P2,R03,training,02,228,0,0.0,0.0,0.0,0.0
P2,R03,training,02,229,0,0.0,0.0,0.0,0.0
P2,R03,training,02,230,0,0.0,0.0,0.0,0.0
P2,R03,training,02,231,0,0.0,0.0,0.0,0.0
P2,R03,training,02,232,0,0.0,0.0,0.0,0.0
P2,R03,training,02,233,0,0.0,0.0,0.0,0.0
P2,R03,training,02,234,0,0.0,0.0,0.0,0.0
P2,R03,training,02,235,0,0.0,0.0,0.0,0.0
P2,R03,training,02,236,0,0.0,0.0,0.0,0.0
P2,R03,training,02,237,0,0.0,0.0,0.0,0.0
P2,R03,training,02,238,0,0.0,0.0,0.0,0.0
P2,R03,training,02,239,0,0.0,0.0,0.0,0.0
P2,R03,training,02,240,0,0.0,0.0,0.0,0.0
P2,R03,training,02,241,0,0.0,0.0,0.0,0.0
P2,R03,training,02,242,0,0.0,0.0,0.0,0.0
P2,R03,training,02,243,0,0.0,0.0,0.0,0.0
P2,R03,training,02,244,0,0.0,0.0,0.0,0.0
P2,R03,training,02,245,0,0.0,0.0,0.0,0.0
P2,R03,training,02,246,0,0.0,0.0,0.0,0.0
P2,R03,training,02,247,0,0.0,0.0,0.0,0.0
P2,R03,training,02,248,0,0.0,0.0,0.0,0.0
P2,R03,training,02,249,0,0.0,0.0,0.0,0.0
P2,R03,training,02,250,0,0.0,0.0,0.0,0.0
P2,R03,training,02,251,0,0.0,0.0,0.0,0.0
P2,R03,training,02,252,0,0.0,0.0,0.0,0.0
P2,R03,training,02,253,0,0.0,0.0,0.0,0.0
P2,R03,training,02,254,0,0.0,0.0,0.0,0.0
P2,R03,training,02,255,0,0.0,0.0,0.0,0.0
P2,R03,training,02,256,0,0.0,0.0,0.0,0.0
P2,R03,training,02,257,0,0.0,0.0,0.0,0.0
P2,R03,training,02,258,0,0.0,0.0,0.0,0.0
P2,R03,training,02,259,0,0.0,0.0,0.0,0.0
P2,R03,training,02,260,0,0.0,0.0,0.0,0.0
P2,R03,training,02,261,0,0.0,0.0,0.0,0.0
P2,R03,training,02,262,0,0.0,0.0,0.0,0.0
P2,R03,training,02,263,0,0.0,0.0,0.0,0.0
P2,R03,training,02,264,0,0.0,0.0,0.0,0.0
P2,R03,training,02,265,0,0.0,0.0,0.0,0.0
P2,R03,training,02,266,0,0.0,0.0,0.0,0.0
P2,R03,training,02,267,0,0.0,0.0,0.0,0.0
P2,R03,training,02,268,0,0.0,0.0,0.0,0.0
P2,R03,training,02,269,0,0.0,0.0,0.0,0.0
P2,R03,training,02,270,0,0.0,0.0,0.0,0.0
P2,R03,training,02,271,0,0.0,0.0,0.0,0.0
P2,R03,training,02,272,0,0.0,0.0,0.0,0.0
P2,R03,training,02,273,0,0.0,0.0,0.0,0.0
P2,R03,training,02,274,0,0.0,0.0,0.0,0.0
P2,R03,training,02,275,0,0.0,0.0,0.0,0.0
P2,R03,training,02,276,0,0.0,0.0,0.0,0.0
P2,R03,training,02,277,0,0.0,0.0,0.0,0.0
P2,R03,training,02,278,0,0.0,0.0,0.0,0.0
P2,R03,training,02,279,0,0.0,0.0,0.0,0.0
P2,R03,training,02,280,0,0.0,0.0,0.0,0.0
P2,R03,training,02,281,0,0.0,0.0,0.0,0.0
P2,R03,training,02,282,0,0.0,0.0,0.0,0.0
P2,R03,training,02,283,0,0.0,0.0,0.0,0.0
P2,R03,training,02,284,0,0.0,0.0,0.0,0.0
P2,R03,training,02,285,0,0.0,0.0,0.0,0.0
P2,R03,training,02,286,0,0.0,0.0,0.0,0.0
P2,R03,training,02,287,0,0.0,0.0,0.0,0.0
P2,R03,training,02,288,0,0.0,0.0,0.0,0.0
P2,R03,training,02,289,0,0.0,0.0,0.0,0.0
P2,R03,training,02,290,0,0.0,0.0,0.0,0.0
P2,R03,training,02,291,0,0.0,0.0,0.0,0.0
P2,R03,training,02,292,0,0.0,0.0,0.0,0.0
P2,R03,training,02,293,0,0.0,0.0,0.0,0.0
P2,R03,training,02,294,0,0.0,0.0,0.0,0.0
P2,R03,training,02,295,0,0.0,0.0,0.0,0.0
P2,R03,training,02,296,0,0.0,0.0,0.0,0.0
P2,R03,training,02,297,0,0.0,0.0,0.0,0.0
P2,R03,training,02,298,0,0.0,0.0,0.0,0.0
P2,R03,training,02,299,0,0.0,0.0,0.0,0.0
P2,R03,training,02,300,0,0.0,0.0,0.0,0.0
P2,R03,training,02,301,0,0.0,0.0,0.0,0.0
P2,R03,training,02,302,0,0.0,0.0,0.0,0.0
P2,R03,training,02,303,0,0.0,0.0,0.0,0.0
P2,R03,training,02,304,0,0.0,0.0,0.0,0.0
P2,R03,training,02,305,0,0.0,0.0,0.0,0.0
P2,R03,training,02,306,0,0.0,0.0,0.0,0.0
P2,R03,training,02,307,0,0.0,0.0,0.0,0.0
P2,R03,training,02,308,0,0.0,0.0,0.0,0.0
P2,R03,training,02,309,0,0.0,0.0,0.0,0.0
P2,R03,training,02,310,0,0.0,0.0,0.0,0.0
P2,R03,training,02,311,0,0.0,0.0,0.0,0.0
P2,R03,training,02,312,0,0.0,0.0,0.0,0.0
P2,R03,training,02,313,0,0.0,0.0,0.0,0.0
P2,R03,training,02,314,0,0.0,0.0,0.0,0.0
P2,R03,training,02,315,0,0.0,0.0,0.0,0.0
P2,R03,training,02,316,0,0.0,0.0,0.0,0.0
P2,R03,training,02,317,0,0.0,0.0,0.0,0.0
P2,R03,training,02,318,0,0.0,0.0,0.0,0.0
P2,R03,training,02,319,0,0.0,0.0,0.0,0.0
P2,R03,training,02,320,0,0.0,0.0,0.0,0.0
P2,R03,training,02,321,0,0.0,0.0,0.0,0.0
P2,R03,training,02,322,0,0.0,0.0,0.0,0.0
P2,R03,training,02,323,0,0.0,0.0,0.0,0.0
P2,R03,training,02,324,0,0.0,0.0,0.0,0.0
P2,R03,training,02,325,0,0.0,0.0,0.0,0.0
P2,R03,training,02,326,0,0.0,0.0,0.0,0.0
P2,R03,training,02,327,0,0.0,0.0,0.0,0.0
P2,R03,training,02,328,0,0.0,0.0,0.0,0.0
P2,R03,training,02,329,0,0.0,0.0,0.0,0.0
P2,R03,training,02,330,0,0.0,0.0,0.0,0.0
P2,R03,training,02,331,0,0.0,0.0,0.0,0.0
P2,R03,training,02,332,0,0.0,0.0,0.0,0.0
P2,R03,training,02,333,0,0.0,0.0,0.0,0.0
P2,R03,training,02,334,0,0.0,0.0,0.0,0.0
P2,R03,training,02,335,0,0.0,0.0,0.0,0.0
P2,R03,training,02,336,0,0.0,0.0,0.0,0.0
P2,R03,training,02,337,0,0.0,0.0,0.0,0.0
P2,R03,training,02,338,0,0.0,0.0,0.0,0.0
P2,R03,training,02,339,0,0.0,0.0,0.0,0.0
P2,R03,training,02,340,0,0.0,0.0,0.0,0.0
P2,R03,training,02,341,0,0.0,0.0,0.0,0.0
P2,R03,training,02,342,0,0.0,0.0,0.0,0.0
P2,R03,training,02,343,0,0.0,0.0,0.0,0.0
P2,R03,training,02,344,0,0.0,0.0,0.0,0.0
P2,R03,training,02,345,0,0.0,0.0,0.0,0.0
P2,R03,training,02,346,0,0.0,0.0,0.0,0.0
P2,R03,training,02,347,0,0.0,0.0,0.0,0.0
P2,R03,training,02,348,0,0.0,0.0,0.0,0.0
P2,R03,training,02,349,0,0.0,0.0,0.0,0.0
P2,R03,training,02,350,0,0.0,0.0,0.0,0.0
P2,R03,training,02,351,0,0.0,0.0,0.0,0.0
P2,R03,training,02,352,0,0.0,0.0,0.0,0.0
P2,R03,training,02,353,0,0.0,0.0,0.0,0.0
P2,R03,training,02,354,0,0.0,0.0,0.0,0.0
P2,R03,training,02,355,0,0.0,0.0,0.0,0.0
P2,R03,training,02,356,0,0.0,0.0,0.0,0.0
P2,R03,training,02,357,0,0.0,0.0,0.0,0.0
P2,R03,training,02,358,0,0.0,0.0,0.0,0.0
P2,R03,training,02,359,0,0.0,0.0,0.0,0.0
P2,R03,training,02,360,0,0.0,0.0,0.0,0.0
P2,R03,training,02,361,0,0.0,0.0,0.0,0.0
P2,R03,training,02,362,0,0.0,0.0,0.0,0.0
P2,R03,training,02,363,0,0.0,0.0,0.0,0.0
P2,R03,training,02,364,0,0.0,0.0,0.0,0.0
P2,R03,training,02,365,0,0.0,0.0,0.0,0.0
P2,R03,training,02,366,0,0.0,0.0,0.0,0.0
P2,R03,training,02,367,0,0.0,0.0,0.0,0.0
P2,R03,training,02,368,0,0.0,0.0,0.0,0.0
P2,R03,training,02,369,0,0.0,0.0,0.0,0.0
P2,R03,training,02,370,0,0.0,0.0,0.0,0.0
P2,R03,training,02,371,0,0.0,0.0,0.0,0.0
P2,R03,training,02,372,0,0.0,0.0,0.0,0.0
P2,R03,training,02,373,0,0.0,0.0,0.0,0.0
P2,R03,training,02,374,0,0.0,0.0,0.0,0.0
P2,R03,training,02,375,0,0.0,0.0,0.0,0.0
P2,R03,training,02,376,0,0.0,0.0,0.0,0.0
P2,R03,training,02,377,0,0.0,0.0,0.0,0.0
P2,R03,training,02,378,0,0.0,0.0,0.0,0.0
P2,R03,training,02,379,0,0.0,0.0,0.0,0.0
P2,R03,training,02,380,0,0.0,0.0,0.0,0.0
P2,R03,training,02,381,0,0.0,0.0,0.0,0.0
P2,R03,training,02,382,0,0.0,0.0,0.0,0.0
P2,R03,training,02,383,0,0.0,0.0,0.0,0.0
P2,R03,training,02,384,0,0.0,0.0,0.0,0.0
P2,R03,training,02,385,0,0.0,0.0,0.0,0.0
P2,R03,training,02,386,0,0.0,0.0,0.0,0.0
P2,R03,training,02,387,0,0.0,0.0,0.0,0.0
P2,R03,training,02,388,0,0.0,0.0,0.0,0.0
P2,R03,training,02,389,0,0.0,0.0,0.0,0.0
P2,R03,training,02,390,0,0.0,0.0,0.0,0.0
P2,R03,training,02,391,0,0.0,0.0,0.0,0.0
P2,R03,training,02,392,0,0.0,0.0,0.0,0.0
P2,R03,training,02,393,0,0.0,0.0,0.0,0.0
P2,R03,training,02,394,0,0.0,0.0,0.0,0.0
P2,R03,training,02,395,0,0.0,0.0,0.0,0.0
P2,R03,training,02,396,0,0.0,0.0,0.0,0.0
P2,R03,training,02,397,0,0.0,0.0,0.0,0.0
P2,R03,training,02,398,0,0.0,0.0,0.0,0.0
P2,R03,training,02,399,0,0.0,0.0,0.0,0.0
P2,R03,training,02,400,0,0.0,0.0,0.0,0.0
P2,R03,training,02,401,0,0.0,0.0,0.0,0.0
P2,R03,training,02,402,0,0.0,0.0,0.0,0.0
P2,R03,training,02,403,0,0.0,0.0,0.0,0.0
P2,R03,training,02,404,0,0.0,0.0,0.0,0.0
P2,R03,training,02,405,0,0.0,0.0,0.0,0.0
P2,R03,training,02,406,0,0.0,0.0,0.0,0.0
P2,R03,training,02,407,0,0.0,0.0,0.0,0.0
P2,R03,training,02,408,0,0.0,0.0,0.0,0.0
P2,R03,training,02,409,0,0.0,0.0,0.0,0.0
P2,R03,training,02,410,0,0.0,0.0,0.0,0.0
P2,R03,training,02,411,0,0.0,0.0,0.0,0.0
P2,R03,training,02,412,0,0.0,0.0,0.0,0.0
P2,R03,training,02,413,0,0.0,0.0,0.0,0.0
P2,R03,training,02,414,0,0.0,0.0,0.0,0.0
P2,R03,training,02,415,0,0.0,0.0,0.0,0.0
P2,R03,training,02,416,0,0.0,0.0,0.0,0.0
P2,R03,training,02,417,0,0.0,0.0,0.0,0.0
P2,R03,training,02,418,0,0.0,0.0,0.0,0.0
P2,R03,training,02,419,0,0.0,0.0,0.0,0.0
P2,R03,training,02,420,0,0.0,0.0,0.0,0.0
P2,R03,training,02,421,0,0.0,0.0,0.0,0.0
P2,R03,training,02,422,0,0.0,0.0,0.0,0.0
P2,R03,training,02,423,0,0.0,0.0,0.0,0.0
P2,R03,training,02,424,0,0.0,0.0,0.0,0.0
P2,R03,training,02,425,0,0.0,0.0,0.0,0.0
P2,R03,training,02,426,0,0.0,0.0,0.0,0.0
P2,R03,training,02,427,0,0.0,0.0,0.0,0.0
P2,R03,training,02,428,0,0.0,0.0,0.0,0.0
P2,R03,training,02,429,0,0.0,0.0,0.0,0.0
P2,R03,training,02,430,0,0.0,0.0,0.0,0.0
P2,R03,training,02,431,0,0.0,0.0,0.0,0.0
P2,R03,training,02,432,0,0.0,0.0,0.0,0.0
P2,R03,training,02,433,0,0.0,0.0,0.0,0.0
P2,R03,training,02,434,0,0.0,0.0,0.0,0.0
P2,R03,training,02,435,0,0.0,0.0,0.0,0.0
P2,R03,training,02,436,0,0.0,0.0,0.0,0.0
P2,R03,training,02,437,0,0.0,0.0,0.0,0.0
P2,R03,training,02,438,0,0.0,0.0,0.0,0.0
P2,R03,training,02,439,0,0.0,0.0,0.0,0.0
P2,R03,training,02,440,0,0.0,0.0,0.0,0.0
P2,R03,training,02,441,0,0.0,0.0,0.0,0.0
P2,R03,training,02,442,0,0.0,0.0,0.0,0.0
P2,R03,training,02,443,0,0.0,0.0,0.0,0.0
P2,R03,training,02,444,0,0.0,0.0,0.0,0.0
P2,R03,training,02,445,0,0.0,0.0,0.0,0.0
P2,R03,training,02,446,0,0.0,0.0,0.0,0.0
P2,R03,training,02,447,0,0.0,0.0,0.0,0.0
P2,R03,training,02,448,0,0.0,0.0,0.0,0.0
P2,R03,training,02,449,0,0.0,0.0,0.0,0.0
P2,R03,training,02,450,0,0.0,0.0,0.0,0.0
P2,R03,training,02,451,0,0.0,0.0,0.0,0.0
P2,R03,training,02,452,0,0.0,0.0,0.0,0.0
P2,R03,training,02,453,0,0.0,0.0,0.0,0.0
P2,R03,training,02,454,0,0.0,0.0,0.0,0.0
P2,R03,training,02,455,0,0.0,0.0,0.0,0.0
P2,R03,training,02,456,0,0.0,0.0,0.0,0.0
P2,R03,training,02,457,0,0.0,0.0,0.0,0.0
P2,R03,training,02,458,0,0.0,0.0,0.0,0.0
P2,R03,training,02,459,0,0.0,0.0,0.0,0.0
P2,R03,training,02,460,0,0.0,0.0,0.0,0.0
P2,R03,training,02,461,0,0.0,0.0,0.0,0.0
P2,R03,training,02,462,0,0.0,0.0,0.0,0.0
P2,R03,training,02,463,0,0.0,0.0,0.0,0.0
P2,R03,training,02,464,0,0.0,0.0,0.0,0.0
P2,R03,training,02,465,0,0.0,0.0,0.0,0.0
P2,R03,training,02,466,0,0.0,0.0,0.0,0.0
P2,R03,training,02,467,0,0.0,0.0,0.0,0.0
P2,R03,training,02,468,0,0.0,0.0,0.0,0.0
P2,R03,training,02,469,0,0.0,0.0,0.0,0.0
P2,R03,training,02,470,0,0.0,0.0,0.0,0.0
P2,R03,training,02,471,0,0.0,0.0,0.0,0.0
P2,R03,training,02,472,0,0.0,0.0,0.0,0.0
P2,R03,training,02,473,0,0.0,0.0,0.0,0.0
P2,R03,training,02,474,0,0.0,0.0,0.0,0.0
P2,R03,training,02,475,0,0.0,0.0,0.0,0.0
P2,R03,training,02,476,0,0.0,0.0,0.0,0.0
P2,R03,training,02,477,0,0.0,0.0,0.0,0.0
P2,R03,training,02,478,0,0.0,0.0,0.0,0.0
P2,R03,training,02,479,0,0.0,0.0,0.0,0.0
P2,R03,training,02,480,0,0.0,0.0,0.0,0.0
P2,R03,training,02,481,0,0.0,0.0,0.0,0.0
P2,R03,training,02,482,0,0.0,0.0,0.0,0.0
P2,R03,training,02,483,0,0.0,0.0,0.0,0.0
P2,R03,training,02,484,0,0.0,0.0,0.0,0.0
P2,R03,training,02,485,0,0.0,0.0,0.0,0.0
P2,R03,training,02,486,0,0.0,0.0,0.0,0.0
P2,R03,training,02,487,0,0.0,0.0,0.0,0.0
P2,R03,training,02,488,0,0.0,0.0,0.0,0.0
P2,R03,training,02,489,0,0.0,0.0,0.0,0.0
P2,R03,training,02,490,0,0.0,0.0,0.0,0.0
P2,R03,training,02,491,0,0.0,0.0,0.0,0.0
P2,R03,training,02,492,0,0.0,0.0,0.0,0.0
P2,R03,training,02,493,0,0.0,0.0,0.0,0.0
P2,R03,training,02,494,0,0.0,0.0,0.0,0.0
P2,R03,training,02,495,0,0.0,0.0,0.0,0.0
P2,R03,training,02,496,0,0.0,0.0,0.0,0.0
P2,R03,training,02,497,0,0.0,0.0,0.0,0.0
P2,R03,training,02,498,0,0.0,0.0,0.0,0.0
P2,R03,training,02,499,0,0.0,0.0,0.0,0.0
P2,R03,training,02,500,0,0.0,0.0,0.0,0.0
P2,R03,training,02,501,0,0.0,0.0,0.0,0.0
P2,R03,training,02,502,0,0.0,0.0,0.0,0.0
P2,R03,training,02,503,0,0.0,0.0,0.0,0.0
P2,R03,training,02,504,0,0.0,0.0,0.0,0.0
P2,R03,training,02,505,0,0.0,0.0,0.0,0.0
P2,R03,training,02,506,0,0.0,0.0,0.0,0.0
P2,R03,training,02,507,0,0.0,0.0,0.0,0.0
P2,R03,training,02,508,0,0.0,0.0,0.0,0.0
P2,R03,training,02,509,0,0.0,0.0,0.0,0.0
P2,R03,training,02,510,0,0.0,0.0,0.0,0.0
P2,R03,training,02,511,0,0.0,0.0,0.0,0.0
P2,R03,training,02,512,0,0.0,0.0,0.0,0.0
P2,R03,training,02,513,0,0.0,0.0,0.0,0.0
P2,R03,training,02,514,0,0.0,0.0,0.0,0.0
P2,R03,training,02,515,0,0.0,0.0,0.0,0.0
P2,R03,training,02,516,0,0.0,0.0,0.0,0.0
P2,R03,training,02,517,0,0.0,0.0,0.0,0.0
P2,R03,training,02,518,0,0.0,0.0,0.0,0.0
P2,R03,training,02,519,0,0.0,0.0,0.0,0.0
P2,R03,training,02,520,0,0.0,0.0,0.0,0.0
P2,R03,training,02,521,0,0.0,0.0,0.0,0.0
P2,R03,training,02,522,0,0.0,0.0,0.0,0.0
P2,R03,training,02,523,0,0.0,0.0,0.0,0.0
P2,R03,training,02,524,0,0.0,0.0,0.0,0.0
P2,R03,training,02,525,0,0.0,0.0,0.0,0.0
P2,R03,training,02,526,0,0.0,0.0,0.0,0.0
P2,R03,training,02,527,0,0.0,0.0,0.0,0.0
P2,R03,training,02,528,0,0.0,0.0,0.0,0.0
P2,R03,training,02,529,0,0.0,0.0,0.0,0.0
P2,R03,training,02,530,0,0.0,0.0,0.0,0.0
P2,R03,training,02,531,0,0.0,0.0,0.0,0.0
P2,R03,training,02,532,0,0.0,0.0,0.0,0.0
P2,R03,training,02,533,0,0.0,0.0,0.0,0.0
P2,R03,training,02,534,0,0.0,0.0,0.0,0.0
P2,R03,training,02,535,0,0.0,0.0,0.0,0.0
P2,R03,training,02,536,0,0.0,0.0,0.0,0.0
P2,R03,training,02,537,0,0.0,0.0,0.0,0.0
P2,R03,training,02,538,0,0.0,0.0,0.0,0.0
P2,R03,training,02,539,0,0.0,0.0,0.0,0.0
P2,R03,training,02,540,0,0.0,0.0,0.0,0.0
P2,R03,training,02,541,0,0.0,0.0,0.0,0.0
P2,R03,training,02,542,0,0.0,0.0,0.0,0.0
P2,R03,training,02,543,0,0.0,0.0,0.0,0.0
P2,R03,training,02,544,0,0.0,0.0,0.0,0.0
P2,R03,training,02,545,0,0.0,0.0,0.0,0.0
P2,R03,training,02,546,0,0.0,0.0,0.0,0.0
P2,R03,training,02,547,0,0.0,0.0,0.0,0.0
P2,R03,training,02,548,0,0.0,0.0,0.0,0.0
P2,R03,training,02,549,0,0.0,0.0,0.0,0.0
P2,R03,training,02,550,0,0.0,0.0,0.0,0.0
P2,R03,training,02,551,0,0.0,0.0,0.0,0.0
P2,R03,training,02,552,0,0.0,0.0,0.0,0.0
P2,R03,training,02,553,0,0.0,0.0,0.0,0.0
P2,R03,training,02,554,0,0.0,0.0,0.0,0.0
P2,R03,training,02,555,0,0.0,0.0,0.0,0.0
P2,R03,training,02,556,0,0.0,0.0,0.0,0.0
P2,R03,training,02,557,0,0.0,0.0,0.0,0.0
P2,R03,training,02,558,0,0.0,0.0,0.0,0.0
P2,R03,training,02,559,0,0.0,0.0,0.0,0.0
P2,R03,training,02,560,0,0.0,0.0,0.0,0.0
P2,R03,training,02,561,0,0.0,0.0,0.0,0.0
P2,R03,training,02,562,0,0.0,0.0,0.0,0.0
P2,R03,training,02,563,0,0.0,0.0,0.0,0.0
P2,R03,training,02,564,0,0.0,0.0,0.0,0.0
P2,R03,training,02,565,0,0.0,0.0,0.0,0.0
P2,R03,training,02,566,0,0.0,0.0,0.0,0.0
P2,R03,training,02,567,0,0.0,0.0,0.0,0.0
P2,R03,training,02,568,0,0.0,0.0,0.0,0.0
P2,R03,training,02,569,0,0.0,0.0,0.0,0.0
P2,R03,training,02,570,0,0.0,0.0,0.0,0.0
P2,R03,training,02,571,0,0.0,0.0,0.0,0.0
P2,R03,training,02,572,0,0.0,0.0,0.0,0.0
P2,R03,training,02,573,0,0.0,0.0,0.0,0.0
P2,R03,training,02,574,0,0.0,0.0,0.0,0.0
P2,R03,training,02,575,0,0.0,0.0,0.0,0.0
P2,R03,training,02,576,0,0.0,0.0,0.0,0.0
P2,R03,training,02,577,0,0.0,0.0,0.0,0.0
P2,R03,training,02,578,0,0.0,0.0,0.0,0.0
P2,R03,training,02,579,0,0.0,0.0,0.0,0.0
P2,R03,training,02,580,0,0.0,0.0,0.0,0.0
P2,R03,training,02,581,0,0.0,0.0,0.0,0.0
P2,R03,training,02,582,0,0.0,0.0,0.0,0.0
P2,R03,training,02,583,0,0.0,0.0,0.0,0.0
P2,R03,training,02,584,0,0.0,0.0,0.0,0.0
P2,R03,training,02,585,0,0.0,0.0,0.0,0.0
P2,R03,training,02,586,0,0.0,0.0,0.0,0.0
P2,R03,training,02,587,0,0.0,0.0,0.0,0.0
P2,R03,training,02,588,0,0.0,0.0,0.0,0.0
P2,R03,training,02,589,0,0.0,0.0,0.0,0.0
P2,R03,training,02,590,0,0.0,0.0,0.0,0.0
P2,R03,training,02,591,0,0.0,0.0,0.0,0.0
P2,R03,training,02,592,0,0.0,0.0,0.0,0.0
P2,R03,training,02,593,0,0.0,0.0,0.0,0.0
P2,R03,training,02,594,0,0.0,0.0,0.0,0.0
P2,R03,training,02,595,0,0.0,0.0,0.0,0.0
P2,R03,training,02,596,0,0.0,0.0,0.0,0.0
P2,R03,training,02,597,0,0.0,0.0,0.0,0.0
P2,R03,training,02,598,0,0.0,0.0,0.0,0.0
P2,R03,training,02,599,0,0.0,0.0,0.0,0.0
P2,R03,training,02,600,0,0.0,0.0,0.0,0.0
P2,R03,training,02,601,0,0.0,0.0,0.0,0.0
P2,R03,training,02,602,0,0.0,0.0,0.0,0.0
P2,R03,training,02,603,0,0.0,0.0,0.0,0.0
P2,R03,training,02,604,0,0.0,0.0,0.0,0.0
P2,R03,training,02,605,0,0.0,0.0,0.0,0.0
P2,R03,training,02,606,0,0.0,0.0,0.0,0.0
P2,R03,training,02,607,0,0.0,0.0,0.0,0.0
P2,R03,training,02,608,0,0.0,0.0,0.0,0.0
P2,R03,training,02,609,0,0.0,0.0,0.0,0.0
P2,R03,training,02,610,0,0.0,0.0,0.0,0.0
P2,R03,training,02,611,0,0.0,0.0,0.0,0.0
P2,R03,training,02,612,0,0.0,0.0,0.0,0.0
P2,R03,training,02,613,0,0.0,0.0,0.0,0.0
P2,R03,training,02,614,0,0.0,0.0,0.0,0.0
P2,R03,training,02,615,0,0.0,0.0,0.0,0.0
P2,R03,training,02,616,0,0.0,0.0,0.0,0.0
P2,R03,training,02,617,0,0.0,0.0,0.0,0.0
P2,R03,training,02,618,0,0.0,0.0,0.0,0.0
P2,R03,training,02,619,0,0.0,0.0,0.0,0.0
P2,R03,training,02,620,0,0.0,0.0,0.0,0.0
P2,R03,training,02,621,0,0.0,0.0,0.0,0.0
P2,R03,training,02,622,0,0.0,0.0,0.0,0.0
P2,R03,training,02,623,0,0.0,0.0,0.0,0.0
P2,R03,training,02,624,0,0.0,0.0,0.0,0.0
P2,R03,training,02,625,0,0.0,0.0,0.0,0.0
P2,R03,training,02,626,0,0.0,0.0,0.0,0.0
P2,R03,training,02,627,0,0.0,0.0,0.0,0.0
P2,R03,training,02,628,0,0.0,0.0,0.0,0.0
P2,R03,training,02,629,0,0.0,0.0,0.0,0.0
P2,R03,training,02,630,0,0.0,0.0,0.0,0.0
P2,R03,training,02,631,0,0.0,0.0,0.0,0.0
P2,R03,training,02,632,0,0.0,0.0,0.0,0.0
P2,R03,training,02,633,0,0.0,0.0,0.0,0.0
P2,R03,training,02,634,0,0.0,0.0,0.0,0.0
P2,R03,training,02,635,0,0.0,0.0,0.0,0.0
P2,R03,training,02,636,0,0.0,0.0,0.0,0.0
P2,R03,training,02,637,0,0.0,0.0,0.0,0.0
P2,R03,training,02,638,0,0.0,0.0,0.0,0.0
P2,R03,training,02,639,0,0.0,0.0,0.0,0.0
P2,R03,training,02,640,0,0.0,0.0,0.0,0.0
P2,R03,training,02,641,0,0.0,0.0,0.0,0.0
P2,R03,training,02,642,0,0.0,0.0,0.0,0.0
P2,R03,training,02,643,0,0.0,0.0,0.0,0.0
P2,R03,training,02,644,0,0.0,0.0,0.0,0.0
P2,R03,training,02,645,0,0.0,0.0,0.0,0.0
P2,R03,training,02,646,0,0.0,0.0,0.0,0.0
P2,R03,training,02,647,0,0.0,0.0,0.0,0.0
P2,R03,training,02,648,0,0.0,0.0,0.0,0.0
P2,R03,training,02,649,0,0.0,0.0,0.0,0.0
P2,R03,training,02,650,0,0.0,0.0,0.0,0.0
P2,R03,training,02,651,0,0.0,0.0,0.0,0.0
P2,R03,training,02,652,0,0.0,0.0,0.0,0.0
P2,R03,training,02,653,0,0.0,0.0,0.0,0.0
P2,R03,training,02,654,0,0.0,0.0,0.0,0.0
P2,R03,training,02,655,0,0.0,0.0,0.0,0.0
P2,R03,training,02,656,0,0.0,0.0,0.0,0.0
P2,R03,training,02,657,0,0.0,0.0,0.0,0.0
P2,R03,training,02,658,0,0.0,0.0,0.0,0.0
P2,R03,training,02,659,0,0.0,0.0,0.0,0.0
P2,R03,training,02,660,0,0.0,0.0,0.0,0.0
P2,R03,training,02,661,0,0.0,0.0,0.0,0.0
P2,R03,training,02,662,0,0.0,0.0,0.0,0.0
P2,R03,training,02,663,0,0.0,0.0,0.0,0.0
P2,R03,training,02,664,0,0.0,0.0,0.0,0.0
P2,R03,training,02,665,0,0.0,0.0,0.0,0.0
P2,R03,training,02,666,0,0.0,0.0,0.0,0.0
P2,R03,training,02,667,0,0.0,0.0,0.0,0.0
P2,R03,training,02,668,0,0.0,0.0,0.0,0.0
P2,R03,training,02,669,0,0.0,0.0,0.0,0.0
P2,R03,training,02,670,0,0.0,0.0,0.0,0.0
P2,R03,training,02,671,0,0.0,0.0,0.0,0.0
P2,R03,training,02,672,0,0.0,0.0,0.0,0.0
P2,R03,training,02,673,0,0.0,0.0,0.0,0.0
P2,R03,training,02,674,0,0.0,0.0,0.0,0.0
P2,R03,training,02,675,0,0.0,0.0,0.0,0.0
P2,R03,training,02,676,0,0.0,0.0,0.0,0.0
P2,R03,training,02,677,0,0.0,0.0,0.0,0.0
P2,R03,training,02,678,0,0.0,0.0,0.0,0.0
P2,R03,training,02,679,0,0.0,0.0,0.0,0.0
P2,R03,training,02,680,0,0.0,0.0,0.0,0.0
P2,R03,training,02,681,0,0.0,0.0,0.0,0.0
P2,R03,training,02,682,0,0.0,0.0,0.0,0.0
P2,R03,training,02,683,0,0.0,0.0,0.0,0.0
P2,R03,training,02,684,0,0.0,0.0,0.0,0.0
P2,R03,training,02,685,0,0.0,0.0,0.0,0.0
P2,R03,training,02,686,0,0.0,0.0,0.0,0.0
P2,R03,training,02,687,0,0.0,0.0,0.0,0.0
P2,R03,training,02,688,0,0.0,0.0,0.0,0.0
P2,R03,training,02,689,0,0.0,0.0,0.0,0.0
P2,R03,training,02,690,0,0.0,0.0,0.0,0.0
P2,R03,training,02,691,0,0.0,0.0,0.0,0.0
P3,R03,training,02,0,0,0.0,0.0,0.0,0.0
P3,R03,training,02,1,0,0.0,0.0,0.0,0.0
P3,R03,training,02,2,0,0.0,0.0,0.0,0.0
P3,R03,training,02,3,0,0.0,0.0,0.0,0.0
P3,R03,training,02,4,0,0.0,0.0,0.0,0.0
P3,R03,training,02,5,0,0.0,0.0,0.0,0.0
P3,R03,training,02,6,0,0.0,0.0,0.0,0.0
P3,R03,training,02,7,0,0.0,0.0,0.0,0.0
P3,R03,training,02,8,0,0.0,0.0,0.0,0.0
P3,R03,training,02,9,0,0.0,0.0,0.0,0.0
P3,R03,training,02,10,0,0.0,0.0,0.0,0.0
P3,R03,training,02,11,0,0.0,0.0,0.0,0.0
P3,R03,training,02,12,0,0.0,0.0,0.0,0.0
P3,R03,training,02,13,0,0.0,0.0,0.0,0.0
P3,R03,training,02,14,0,0.0,0.0,0.0,0.0
P3,R03,training,02,15,0,0.0,0.0,0.0,0.0
P3,R03,training,02,16,0,0.0,0.0,0.0,0.0
P3,R03,training,02,17,0,0.0,0.0,0.0,0.0
P3,R03,training,02,18,0,0.0,0.0,0.0,0.0
P3,R03,training,02,19,0,0.0,0.0,0.0,0.0
P3,R03,training,02,20,0,0.0,0.0,0.0,0.0
P3,R03,training,02,21,0,0.0,0.0,0.0,0.0
P3,R03,training,02,22,0,0.0,0.0,0.0,0.0
P3,R03,training,02,23,0,0.0,0.0,0.0,0.0
P3,R03,training,02,24,0,0.0,0.0,0.0,0.0
P3,R03,training,02,25,0,0.0,0.0,0.0,0.0
P3,R03,training,02,26,0,0.0,0.0,0.0,0.0
P3,R03,training,02,27,0,0.0,0.0,0.0,0.0
P3,R03,training,02,28,0,0.0,0.0,0.0,0.0
P3,R03,training,02,29,0,0.0,0.0,0.0,0.0
P3,R03,training,02,30,0,0.0,0.0,0.0,0.0
P3,R03,training,02,31,0,0.0,0.0,0.0,0.0
P3,R03,training,02,32,0,0.0,0.0,0.0,0.0
P3,R03,training,02,33,0,0.0,0.0,0.0,0.0
P3,R03,training,02,34,0,0.0,0.0,0.0,0.0
P3,R03,training,02,35,0,0.0,0.0,0.0,0.0
P3,R03,training,02,36,0,0.0,0.0,0.0,0.0
P3,R03,training,02,37,0,0.0,0.0,0.0,0.0
P3,R03,training,02,38,0,0.0,0.0,0.0,0.0
P3,R03,training,02,39,0,0.0,0.0,0.0,0.0
P3,R03,training,02,40,0,0.0,0.0,0.0,0.0
P3,R03,training,02,41,0,0.0,0.0,0.0,0.0
P3,R03,training,02,42,0,0.0,0.0,0.0,0.0
P3,R03,training,02,43,0,0.0,0.0,0.0,0.0
P3,R03,training,02,44,0,0.0,0.0,0.0,0.0
P3,R03,training,02,45,0,0.0,0.0,0.0,0.0
P3,R03,training,02,46,0,0.0,0.0,0.0,0.0
P3,R03,training,02,47,0,0.0,0.0,0.0,0.0
P3,R03,training,02,48,0,0.0,0.0,0.0,0.0
P3,R03,training,02,49,0,0.0,0.0,0.0,0.0
P3,R03,training,02,50,0,0.0,0.0,0.0,0.0
P3,R03,training,02,51,0,0.0,0.0,0.0,0.0
P3,R03,training,02,52,0,0.0,0.0,0.0,0.0
P3,R03,training,02,53,0,0.0,0.0,0.0,0.0
P3,R03,training,02,54,0,0.0,0.0,0.0,0.0
P3,R03,training,02,55,0,0.0,0.0,0.0,0.0
P3,R03,training,02,56,0,0.0,0.0,0.0,0.0
P3,R03,training,02,57,0,0.0,0.0,0.0,0.0
P3,R03,training,02,58,0,0.0,0.0,0.0,0.0
P3,R03,training,02,59,0,0.0,0.0,0.0,0.0
P3,R03,training,02,60,0,0.0,0.0,0.0,0.0
P3,R03,training,02,61,0,0.0,0.0,0.0,0.0
P3,R03,training,02,62,0,0.0,0.0,0.0,0.0
P3,R03,training,02,63,0,0.0,0.0,0.0,0.0
P3,R03,training,02,64,0,0.0,0.0,0.0,0.0
P3,R03,training,02,65,0,0.0,0.0,0.0,0.0
P3,R03,training,02,66,0,0.0,0.0,0.0,0.0
P3,R03,training,02,67,0,0.0,0.0,0.0,0.0
P3,R03,training,02,68,0,0.0,0.0,0.0,0.0
P3,R03,training,02,69,0,0.0,0.0,0.0,0.0
P3,R03,training,02,70,0,0.0,0.0,0.0,0.0
P3,R03,training,02,71,0,0.0,0.0,0.0,0.0
P3,R03,training,02,72,0,0.0,0.0,0.0,0.0
P3,R03,training,02,73,0,0.0,0.0,0.0,0.0
P3,R03,training,02,74,0,0.0,0.0,0.0,0.0
P3,R03,training,02,75,0,0.0,0.0,0.0,0.0
P3,R03,training,02,76,0,0.0,0.0,0.0,0.0
P3,R03,training,02,77,0,0.0,0.0,0.0,0.0
P3,R03,training,02,78,0,0.0,0.0,0.0,0.0
P3,R03,training,02,79,0,0.0,0.0,0.0,0.0
P3,R03,training,02,80,0,0.0,0.0,0.0,0.0
P3,R03,training,02,81,0,0.0,0.0,0.0,0.0
P3,R03,training,02,82,0,0.0,0.0,0.0,0.0
P3,R03,training,02,83,0,0.0,0.0,0.0,0.0
P3,R03,training,02,84,0,0.0,0.0,0.0,0.0
P3,R03,training,02,85,0,0.0,0.0,0.0,0.0
P3,R03,training,02,86,0,0.0,0.0,0.0,0.0
P3,R03,training,02,87,0,0.0,0.0,0.0,0.0
P3,R03,training,02,88,0,0.0,0.0,0.0,0.0
P3,R03,training,02,89,0,0.0,0.0,0.0,0.0
P3,R03,training,02,90,0,0.0,0.0,0.0,0.0
P3,R03,training,02,91,0,0.0,0.0,0.0,0.0
P3,R03,training,02,92,0,0.0,0.0,0.0,0.0
P3,R03,training,02,93,0,0.0,0.0,0.0,0.0
P3,R03,training,02,94,0,0.0,0.0,0.0,0.0
P3,R03,training,02,95,0,0.0,0.0,0.0,0.0
P3,R03,training,02,96,0,0.0,0.0,0.0,0.0
P3,R03,training,02,97,0,0.0,0.0,0.0,0.0
P3,R03,training,02,98,0,0.0,0.0,0.0,0.0
P3,R03,training,02,99,0,0.0,0.0,0.0,0.0
P3,R03,training,02,100,0,0.0,0.0,0.0,0.0
P3,R03,training,02,101,0,0.0,0.0,0.0,0.0
P3,R03,training,02,102,0,0.0,0.0,0.0,0.0
P3,R03,training,02,103,0,0.0,0.0,0.0,0.0
P3,R03,training,02,104,0,0.0,0.0,0.0,0.0
P3,R03,training,02,105,0,0.0,0.0,0.0,0.0
P3,R03,training,02,106,0,0.0,0.0,0.0,0.0
P3,R03,training,02,107,0,0.0,0.0,0.0,0.0
P3,R03,training,02,108,0,0.0,0.0,0.0,0.0
P3,R03,training,02,109,0,0.0,0.0,0.0,0.0
P3,R03,training,02,110,0,0.0,0.0,0.0,0.0
P3,R03,training,02,111,0,0.0,0.0,0.0,0.0
P3,R03,training,02,112,0,0.0,0.0,0.0,0.0
P3,R03,training,02,113,0,0.0,0.0,0.0,0.0
P3,R03,training,02,114,0,0.0,0.0,0.0,0.0
P3,R03,training,02,115,0,0.0,0.0,0.0,0.0
P3,R03,training,02,116,0,0.0,0.0,0.0,0.0
P3,R03,training,02,117,0,0.0,0.0,0.0,0.0
P3,R03,training,02,118,0,0.0,0.0,0.0,0.0
P3,R03,training,02,119,0,0.0,0.0,0.0,0.0
P3,R03,training,02,120,0,0.0,0.0,0.0,0.0
P3,R03,training,02,121,0,0.0,0.0,0.0,0.0
P3,R03,training,02,122,0,0.0,0.0,0.0,0.0
P3,R03,training,02,123,0,0.0,0.0,0.0,0.0
P3,R03,training,02,124,0,0.0,0.0,0.0,0.0
P3,R03,training,02,125,0,0.0,0.0,0.0,0.0
P3,R03,training,02,126,0,0.0,0.0,0.0,0.0
P3,R03,training,02,127,0,0.0,0.0,0.0,0.0
P3,R03,training,02,128,0,0.0,0.0,0.0,0.0
P3,R03,training,02,129,0,0.0,0.0,0.0,0.0
P3,R03,training,02,130,0,0.0,0.0,0.0,0.0
P3,R03,training,02,131,0,0.0,0.0,0.0,0.0
P3,R03,training,02,132,0,0.0,0.0,0.0,0.0
P3,R03,training,02,133,0,0.0,0.0,0.0,0.0
P3,R03,training,02,134,0,0.0,0.0,0.0,0.0
P3,R03,training,02,135,0,0.0,0.0,0.0,0.0
P3,R03,training,02,136,0,0.0,0.0,0.0,0.0
P3,R03,training,02,137,0,0.0,0.0,0.0,0.0
P3,R03,training,02,138,0,0.0,0.0,0.0,0.0
P3,R03,training,02,139,0,0.0,0.0,0.0,0.0
P3,R03,training,02,140,0,0.0,0.0,0.0,0.0
P3,R03,training,02,141,0,0.0,0.0,0.0,0.0
P3,R03,training,02,142,0,0.0,0.0,0.0,0.0
P3,R03,training,02,143,0,0.0,0.0,0.0,0.0
P3,R03,training,02,144,0,0.0,0.0,0.0,0.0
P3,R03,training,02,145,0,0.0,0.0,0.0,0.0
P3,R03,training,02,146,0,0.0,0.0,0.0,0.0
P3,R03,training,02,147,0,0.0,0.0,0.0,0.0
P3,R03,training,02,148,0,0.0,0.0,0.0,0.0
P3,R03,training,02,149,0,0.0,0.0,0.0,0.0
P3,R03,training,02,150,0,0.0,0.0,0.0,0.0
P3,R03,training,02,151,0,0.0,0.0,0.0,0.0
P3,R03,training,02,152,0,0.0,0.0,0.0,0.0
P3,R03,training,02,153,0,0.0,0.0,0.0,0.0
P3,R03,training,02,154,0,0.0,0.0,0.0,0.0
P3,R03,training,02,155,0,0.0,0.0,0.0,0.0
P3,R03,training,02,156,0,0.0,0.0,0.0,0.0
P3,R03,training,02,157,0,0.0,0.0,0.0,0.0
P3,R03,training,02,158,0,0.0,0.0,0.0,0.0
P3,R03,training,02,159,0,0.0,0.0,0.0,0.0
P3,R03,training,02,160,0,0.0,0.0,0.0,0.0
P3,R03,training,02,161,0,0.0,0.0,0.0,0.0
P3,R03,training,02,162,0,0.0,0.0,0.0,0.0
P3,R03,training,02,163,0,0.0,0.0,0.0,0.0
P3,R03,training,02,164,0,0.0,0.0,0.0,0.0
P3,R03,training,02,165,0,0.0,0.0,0.0,0.0
P3,R03,training,02,166,0,0.0,0.0,0.0,0.0
P3,R03,training,02,167,0,0.0,0.0,0.0,0.0
P3,R03,training,02,168,0,0.0,0.0,0.0,0.0
P3,R03,training,02,169,0,0.0,0.0,0.0,0.0
P3,R03,training,02,170,0,0.0,0.0,0.0,0.0
P3,R03,training,02,171,0,0.0,0.0,0.0,0.0
P3,R03,training,02,172,0,0.0,0.0,0.0,0.0
P3,R03,training,02,173,0,0.0,0.0,0.0,0.0
P3,R03,training,02,174,0,0.0,0.0,0.0,0.0
P3,R03,training,02,175,0,0.0,0.0,0.0,0.0
P3,R03,training,02,176,0,0.0,0.0,0.0,0.0
P3,R03,training,02,177,0,0.0,0.0,0.0,0.0
P3,R03,training,02,178,0,0.0,0.0,0.0,0.0
P3,R03,training,02,179,0,0.0,0.0,0.0,0.0
P3,R03,training,02,180,0,0.0,0.0,0.0,0.0
P3,R03,training,02,181,0,0.0,0.0,0.0,0.0
P3,R03,training,02,182,0,0.0,0.0,0.0,0.0
P3,R03,training,02,183,0,0.0,0.0,0.0,0.0
P3,R03,training,02,184,0,0.0,0.0,0.0,0.0
P3,R03,training,02,185,0,0.0,0.0,0.0,0.0
P3,R03,training,02,186,0,0.0,0.0,0.0,0.0
P3,R03,training,02,187,0,0.0,0.0,0.0,0.0
P3,R03,training,02,188,0,0.0,0.0,0.0,0.0
P3,R03,training,02,189,0,0.0,0.0,0.0,0.0
P3,R03,training,02,190,0,0.0,0.0,0.0,0.0
P3,R03,training,02,191,0,0.0,0.0,0.0,0.0
P3,R03,training,02,192,0,0.0,0.0,0.0,0.0
P3,R03,training,02,193,0,0.0,0.0,0.0,0.0
P3,R03,training,02,194,0,0.0,0.0,0.0,0.0
P3,R03,training,02,195,0,0.0,0.0,0.0,0.0
P3,R03,training,02,196,0,0.0,0.0,0.0,0.0
P3,R03,training,02,197,0,0.0,0.0,0.0,0.0
P3,R03,training,02,198,0,0.0,0.0,0.0,0.0
P3,R03,training,02,199,0,0.0,0.0,0.0,0.0
P3,R03,training,02,200,0,0.0,0.0,0.0,0.0
P3,R03,training,02,201,0,0.0,0.0,0.0,0.0
P3,R03,training,02,202,0,0.0,0.0,0.0,0.0
P3,R03,training,02,203,0,0.0,0.0,0.0,0.0
P3,R03,training,02,204,0,0.0,0.0,0.0,0.0
P3,R03,training,02,205,0,0.0,0.0,0.0,0.0
P3,R03,training,02,206,0,0.0,0.0,0.0,0.0
P3,R03,training,02,207,0,0.0,0.0,0.0,0.0
P3,R03,training,02,208,0,0.0,0.0,0.0,0.0
P3,R03,training,02,209,0,0.0,0.0,0.0,0.0
P3,R03,training,02,210,0,0.0,0.0,0.0,0.0
P3,R03,training,02,211,0,0.0,0.0,0.0,0.0
P3,R03,training,02,212,0,0.0,0.0,0.0,0.0
P3,R03,training,02,213,0,0.0,0.0,0.0,0.0
P3,R03,training,02,214,0,0.0,0.0,0.0,0.0
P3,R03,training,02,215,0,0.0,0.0,0.0,0.0
P3,R03,training,02,216,0,0.0,0.0,0.0,0.0
P3,R03,training,02,217,0,0.0,0.0,0.0,0.0
P3,R03,training,02,218,0,0.0,0.0,0.0,0.0
P3,R03,training,02,219,0,0.0,0.0,0.0,0.0
P3,R03,training,02,220,0,0.0,0.0,0.0,0.0
P3,R03,training,02,221,0,0.0,0.0,0.0,0.0
P3,R03,training,02,222,0,0.0,0.0,0.0,0.0
P3,R03,training,02,223,0,0.0,0.0,0.0,0.0
P3,R03,training,02,224,0,0.0,0.0,0.0,0.0
P3,R03,training,02,225,0,0.0,0.0,0.0,0.0
P3,R03,training,02,226,0,0.0,0.0,0.0,0.0
P3,R03,training,02,227,0,0.0,0.0,0.0,0.0
P3,R03,training,02,228,0,0.0,0.0,0.0,0.0
P3,R03,training,02,229,0,0.0,0.0,0.0,0.0
P3,R03,training,02,230,0,0.0,0.0,0.0,0.0
P3,R03,training,02,231,0,0.0,0.0,0.0,0.0
P3,R03,training,02,232,0,0.0,0.0,0.0,0.0
P3,R03,training,02,233,0,0.0,0.0,0.0,0.0
P3,R03,training,02,234,0,0.0,0.0,0.0,0.0
P3,R03,training,02,235,0,0.0,0.0,0.0,0.0
P3,R03,training,02,236,0,0.0,0.0,0.0,0.0
P3,R03,training,02,237,0,0.0,0.0,0.0,0.0
P3,R03,training,02,238,0,0.0,0.0,0.0,0.0
P3,R03,training,02,239,0,0.0,0.0,0.0,0.0
P3,R03,training,02,240,0,0.0,0.0,0.0,0.0
P3,R03,training,02,241,0,0.0,0.0,0.0,0.0
P3,R03,training,02,242,0,0.0,0.0,0.0,0.0
P3,R03,training,02,243,0,0.0,0.0,0.0,0.0
P3,R03,training,02,244,0,0.0,0.0,0.0,0.0
P3,R03,training,02,245,0,0.0,0.0,0.0,0.0
P3,R03,training,02,246,0,0.0,0.0,0.0,0.0
P3,R03,training,02,247,0,0.0,0.0,0.0,0.0
P3,R03,training,02,248,0,0.0,0.0,0.0,0.0
P3,R03,training,02,249,0,0.0,0.0,0.0,0.0
P3,R03,training,02,250,0,0.0,0.0,0.0,0.0
P3,R03,training,02,251,0,0.0,0.0,0.0,0.0
P3,R03,training,02,252,0,0.0,0.0,0.0,0.0
P3,R03,training,02,253,0,0.0,0.0,0.0,0.0
P3,R03,training,02,254,0,0.0,0.0,0.0,0.0
P3,R03,training,02,255,0,0.0,0.0,0.0,0.0
P3,R03,training,02,256,0,0.0,0.0,0.0,0.0
P3,R03,training,02,257,0,0.0,0.0,0.0,0.0
P3,R03,training,02,258,0,0.0,0.0,0.0,0.0
P3,R03,training,02,259,0,0.0,0.0,0.0,0.0
P3,R03,training,02,260,0,0.0,0.0,0.0,0.0
P3,R03,training,02,261,0,0.0,0.0,0.0,0.0
P3,R03,training,02,262,0,0.0,0.0,0.0,0.0
P3,R03,training,02,263,0,0.0,0.0,0.0,0.0
P3,R03,training,02,264,0,0.0,0.0,0.0,0.0
P3,R03,training,02,265,0,0.0,0.0,0.0,0.0
P3,R03,training,02,266,0,0.0,0.0,0.0,0.0
P3,R03,training,02,267,0,0.0,0.0,0.0,0.0
P3,R03,training,02,268,0,0.0,0.0,0.0,0.0
P3,R03,training,02,269,0,0.0,0.0,0.0,0.0
P3,R03,training,02,270,0,0.0,0.0,0.0,0.0
P3,R03,training,02,271,0,0.0,0.0,0.0,0.0
P3,R03,training,02,272,0,0.0,0.0,0.0,0.0
P3,R03,training,02,273,0,0.0,0.0,0.0,0.0
P3,R03,training,02,274,0,0.0,0.0,0.0,0.0
P3,R03,training,02,275,0,0.0,0.0,0.0,0.0
P3,R03,training,02,276,0,0.0,0.0,0.0,0.0
P3,R03,training,02,277,0,0.0,0.0,0.0,0.0
P3,R03,training,02,278,0,0.0,0.0,0.0,0.0
P3,R03,training,02,279,0,0.0,0.0,0.0,0.0
P3,R03,training,02,280,0,0.0,0.0,0.0,0.0
P3,R03,training,02,281,0,0.0,0.0,0.0,0.0
P3,R03,training,02,282,0,0.0,0.0,0.0,0.0
P3,R03,training,02,283,0,0.0,0.0,0.0,0.0
P3,R03,training,02,284,0,0.0,0.0,0.0,0.0
P3,R03,training,02,285,0,0.0,0.0,0.0,0.0
P3,R03,training,02,286,0,0.0,0.0,0.0,0.0
P3,R03,training,02,287,0,0.0,0.0,0.0,0.0
P3,R03,training,02,288,0,0.0,0.0,0.0,0.0
P3,R03,training,02,289,0,0.0,0.0,0.0,0.0
P3,R03,training,02,290,0,0.0,0.0,0.0,0.0
P3,R03,training,02,291,0,0.0,0.0,0.0,0.0
P3,R03,training,02,292,0,0.0,0.0,0.0,0.0
P3,R03,training,02,293,0,0.0,0.0,0.0,0.0
P3,R03,training,02,294,0,0.0,0.0,0.0,0.0
P3,R03,training,02,295,0,0.0,0.0,0.0,0.0
P3,R03,training,02,296,0,0.0,0.0,0.0,0.0
P3,R03,training,02,297,0,0.0,0.0,0.0,0.0
P3,R03,training,02,298,0,0.0,0.0,0.0,0.0
P3,R03,training,02,299,0,0.0,0.0,0.0,0.0
P3,R03,training,02,300,0,0.0,0.0,0.0,0.0
P3,R03,training,02,301,0,0.0,0.0,0.0,0.0
P3,R03,training,02,302,0,0.0,0.0,0.0,0.0
P3,R03,training,02,303,0,0.0,0.0,0.0,0.0
P3,R03,training,02,304,0,0.0,0.0,0.0,0.0
P3,R03,training,02,305,0,0.0,0.0,0.0,0.0
P3,R03,training,02,306,0,0.0,0.0,0.0,0.0
P3,R03,training,02,307,0,0.0,0.0,0.0,0.0
P3,R03,training,02,308,0,0.0,0.0,0.0,0.0
P3,R03,training,02,309,0,0.0,0.0,0.0,0.0
P3,R03,training,02,310,0,0.0,0.0,0.0,0.0
P3,R03,training,02,311,0,0.0,0.0,0.0,0.0
P3,R03,training,02,312,0,0.0,0.0,0.0,0.0
P3,R03,training,02,313,0,0.0,0.0,0.0,0.0
P3,R03,training,02,314,0,0.0,0.0,0.0,0.0
P3,R03,training,02,315,0,0.0,0.0,0.0,0.0
P3,R03,training,02,316,0,0.0,0.0,0.0,0.0
P3,R03,training,02,317,0,0.0,0.0,0.0,0.0
P3,R03,training,02,318,0,0.0,0.0,0.0,0.0
P3,R03,training,02,319,0,0.0,0.0,0.0,0.0
P3,R03,training,02,320,0,0.0,0.0,0.0,0.0
P3,R03,training,02,321,0,0.0,0.0,0.0,0.0
P3,R03,training,02,322,0,0.0,0.0,0.0,0.0
P3,R03,training,02,323,0,0.0,0.0,0.0,0.0
P3,R03,training,02,324,0,0.0,0.0,0.0,0.0
P3,R03,training,02,325,0,0.0,0.0,0.0,0.0
P3,R03,training,02,326,0,0.0,0.0,0.0,0.0
P3,R03,training,02,327,0,0.0,0.0,0.0,0.0
P3,R03,training,02,328,0,0.0,0.0,0.0,0.0
P3,R03,training,02,329,0,0.0,0.0,0.0,0.0
P3,R03,training,02,330,0,0.0,0.0,0.0,0.0
P3,R03,training,02,331,0,0.0,0.0,0.0,0.0
P3,R03,training,02,332,0,0.0,0.0,0.0,0.0
P3,R03,training,02,333,0,0.0,0.0,0.0,0.0
P3,R03,training,02,334,0,0.0,0.0,0.0,0.0
P3,R03,training,02,335,0,0.0,0.0,0.0,0.0
P3,R03,training,02,336,0,0.0,0.0,0.0,0.0
P3,R03,training,02,337,0,0.0,0.0,0.0,0.0
P3,R03,training,02,338,0,0.0,0.0,0.0,0.0
P3,R03,training,02,339,0,0.0,0.0,0.0,0.0
P3,R03,training,02,340,0,0.0,0.0,0.0,0.0
P3,R03,training,02,341,0,0.0,0.0,0.0,0.0
P3,R03,training,02,342,0,0.0,0.0,0.0,0.0
P3,R03,training,02,343,0,0.0,0.0,0.0,0.0
P3,R03,training,02,344,0,0.0,0.0,0.0,0.0
P3,R03,training,02,345,0,0.0,0.0,0.0,0.0
P3,R03,training,02,346,0,0.0,0.0,0.0,0.0
P3,R03,training,02,347,0,0.0,0.0,0.0,0.0
P3,R03,training,02,348,0,0.0,0.0,0.0,0.0
P3,R03,training,02,349,0,0.0,0.0,0.0,0.0
P3,R03,training,02,350,0,0.0,0.0,0.0,0.0
P3,R03,training,02,351,0,0.0,0.0,0.0,0.0
P3,R03,training,02,352,0,0.0,0.0,0.0,0.0
P3,R03,training,02,353,0,0.0,0.0,0.0,0.0
P3,R03,training,02,354,0,0.0,0.0,0.0,0.0
P3,R03,training,02,355,0,0.0,0.0,0.0,0.0
P3,R03,training,02,356,0,0.0,0.0,0.0,0.0
P3,R03,training,02,357,0,0.0,0.0,0.0,0.0
P3,R03,training,02,358,0,0.0,0.0,0.0,0.0
P3,R03,training,02,359,0,0.0,0.0,0.0,0.0
P3,R03,training,02,360,0,0.0,0.0,0.0,0.0
P3,R03,training,02,361,0,0.0,0.0,0.0,0.0
P3,R03,training,02,362,0,0.0,0.0,0.0,0.0
P3,R03,training,02,363,0,0.0,0.0,0.0,0.0
P3,R03,training,02,364,0,0.0,0.0,0.0,0.0
P3,R03,training,02,365,0,0.0,0.0,0.0,0.0
P3,R03,training,02,366,0,0.0,0.0,0.0,0.0
P3,R03,training,02,367,0,0.0,0.0,0.0,0.0
P3,R03,training,02,368,0,0.0,0.0,0.0,0.0
P3,R03,training,02,369,0,0.0,0.0,0.0,0.0
P3,R03,training,02,370,0,0.0,0.0,0.0,0.0
P3,R03,training,02,371,0,0.0,0.0,0.0,0.0
P3,R03,training,02,372,0,0.0,0.0,0.0,0.0
P3,R03,training,02,373,0,0.0,0.0,0.0,0.0
P3,R03,training,02,374,0,0.0,0.0,0.0,0.0
P3,R03,training,02,375,0,0.0,0.0,0.0,0.0
P3,R03,training,02,376,0,0.0,0.0,0.0,0.0
P3,R03,training,02,377,0,0.0,0.0,0.0,0.0
P3,R03,training,02,378,0,0.0,0.0,0.0,0.0
P3,R03,training,02,379,0,0.0,0.0,0.0,0.0
P3,R03,training,02,380,0,0.0,0.0,0.0,0.0
P3,R03,training,02,381,0,0.0,0.0,0.0,0.0
P3,R03,training,02,382,0,0.0,0.0,0.0,0.0
P3,R03,training,02,383,0,0.0,0.0,0.0,0.0
P3,R03,training,02,384,0,0.0,0.0,0.0,0.0
P3,R03,training,02,385,0,0.0,0.0,0.0,0.0
P3,R03,training,02,386,0,0.0,0.0,0.0,0.0
P3,R03,training,02,387,0,0.0,0.0,0.0,0.0
P3,R03,training,02,388,0,0.0,0.0,0.0,0.0
P3,R03,training,02,389,0,0.0,0.0,0.0,0.0
P3,R03,training,02,390,0,0.0,0.0,0.0,0.0
P3,R03,training,02,391,0,0.0,0.0,0.0,0.0
P3,R03,training,02,392,0,0.0,0.0,0.0,0.0
P3,R03,training,02,393,0,0.0,0.0,0.0,0.0
P3,R03,training,02,394,0,0.0,0.0,0.0,0.0
P3,R03,training,02,395,0,0.0,0.0,0.0,0.0
P3,R03,training,02,396,0,0.0,0.0,0.0,0.0
P3,R03,training,02,397,0,0.0,0.0,0.0,0.0
P3,R03,training,02,398,0,0.0,0.0,0.0,0.0
P3,R03,training,02,399,0,0.0,0.0,0.0,0.0
P3,R03,training,02,400,0,0.0,0.0,0.0,0.0
P3,R03,training,02,401,0,0.0,0.0,0.0,0.0
P3,R03,training,02,402,0,0.0,0.0,0.0,0.0
P3,R03,training,02,403,0,0.0,0.0,0.0,0.0
P3,R03,training,02,404,0,0.0,0.0,0.0,0.0
P3,R03,training,02,405,0,0.0,0.0,0.0,0.0
P3,R03,training,02,406,0,0.0,0.0,0.0,0.0
P3,R03,training,02,407,0,0.0,0.0,0.0,0.0
P3,R03,training,02,408,0,0.0,0.0,0.0,0.0
P3,R03,training,02,409,0,0.0,0.0,0.0,0.0
P3,R03,training,02,410,0,0.0,0.0,0.0,0.0
P3,R03,training,02,411,0,0.0,0.0,0.0,0.0
P3,R03,training,02,412,0,0.0,0.0,0.0,0.0
P3,R03,training,02,413,0,0.0,0.0,0.0,0.0
P3,R03,training,02,414,0,0.0,0.0,0.0,0.0
P3,R03,training,02,415,0,0.0,0.0,0.0,0.0
P3,R03,training,02,416,0,0.0,0.0,0.0,0.0
P3,R03,training,02,417,0,0.0,0.0,0.0,0.0
P3,R03,training,02,418,0,0.0,0.0,0.0,0.0
P3,R03,training,02,419,0,0.0,0.0,0.0,0.0
P3,R03,training,02,420,0,0.0,0.0,0.0,0.0
P3,R03,training,02,421,0,0.0,0.0,0.0,0.0
P3,R03,training,02,422,0,0.0,0.0,0.0,0.0
P3,R03,training,02,423,0,0.0,0.0,0.0,0.0
P3,R03,training,02,424,0,0.0,0.0,0.0,0.0
P3,R03,training,02,425,0,0.0,0.0,0.0,0.0
P3,R03,training,02,426,0,0.0,0.0,0.0,0.0
P3,R03,training,02,427,0,0.0,0.0,0.0,0.0
P3,R03,training,02,428,0,0.0,0.0,0.0,0.0
P3,R03,training,02,429,0,0.0,0.0,0.0,0.0
P3,R03,training,02,430,0,0.0,0.0,0.0,0.0
P3,R03,training,02,431,0,0.0,0.0,0.0,0.0
P3,R03,training,02,432,0,0.0,0.0,0.0,0.0
P3,R03,training,02,433,0,0.0,0.0,0.0,0.0
P3,R03,training,02,434,0,0.0,0.0,0.0,0.0
P3,R03,training,02,435,0,0.0,0.0,0.0,0.0
P3,R03,training,02,436,0,0.0,0.0,0.0,0.0
P3,R03,training,02,437,0,0.0,0.0,0.0,0.0
P3,R03,training,02,438,0,0.0,0.0,0.0,0.0
P3,R03,training,02,439,0,0.0,0.0,0.0,0.0
P3,R03,training,02,440,0,0.0,0.0,0.0,0.0
P3,R03,training,02,441,0,0.0,0.0,0.0,0.0
P3,R03,training,02,442,0,0.0,0.0,0.0,0.0
P3,R03,training,02,443,0,0.0,0.0,0.0,0.0
P3,R03,training,02,444,0,0.0,0.0,0.0,0.0
P3,R03,training,02,445,0,0.0,0.0,0.0,0.0
P3,R03,training,02,446,0,0.0,0.0,0.0,0.0
P3,R03,training,02,447,0,0.0,0.0,0.0,0.0
P3,R03,training,02,448,0,0.0,0.0,0.0,0.0
P3,R03,training,02,449,0,0.0,0.0,0.0,0.0
P3,R03,training,02,450,0,0.0,0.0,0.0,0.0
P3,R03,training,02,451,0,0.0,0.0,0.0,0.0
P3,R03,training,02,452,0,0.0,0.0,0.0,0.0
P3,R03,training,02,453,0,0.0,0.0,0.0,0.0
P3,R03,training,02,454,0,0.0,0.0,0.0,0.0
P3,R03,training,02,455,0,0.0,0.0,0.0,0.0
P3,R03,training,02,456,0,0.0,0.0,0.0,0.0
P3,R03,training,02,457,0,0.0,0.0,0.0,0.0
P3,R03,training,02,458,0,0.0,0.0,0.0,0.0
P3,R03,training,02,459,0,0.0,0.0,0.0,0.0
P3,R03,training,02,460,0,0.0,0.0,0.0,0.0
P3,R03,training,02,461,0,0.0,0.0,0.0,0.0
P3,R03,training,02,462,0,0.0,0.0,0.0,0.0
P3,R03,training,02,463,0,0.0,0.0,0.0,0.0
P3,R03,training,02,464,0,0.0,0.0,0.0,0.0
P3,R03,training,02,465,0,0.0,0.0,0.0,0.0
P3,R03,training,02,466,0,0.0,0.0,0.0,0.0
P3,R03,training,02,467,0,0.0,0.0,0.0,0.0
P3,R03,training,02,468,0,0.0,0.0,0.0,0.0
P3,R03,training,02,469,0,0.0,0.0,0.0,0.0
P3,R03,training,02,470,0,0.0,0.0,0.0,0.0
P3,R03,training,02,471,0,0.0,0.0,0.0,0.0
P3,R03,training,02,472,0,0.0,0.0,0.0,0.0
P3,R03,training,02,473,0,0.0,0.0,0.0,0.0
P3,R03,training,02,474,0,0.0,0.0,0.0,0.0
P3,R03,training,02,475,0,0.0,0.0,0.0,0.0
P3,R03,training,02,476,0,0.0,0.0,0.0,0.0
P3,R03,training,02,477,0,0.0,0.0,0.0,0.0
P3,R03,training,02,478,0,0.0,0.0,0.0,0.0
P3,R03,training,02,479,0,0.0,0.0,0.0,0.0
P3,R03,training,02,480,0,0.0,0.0,0.0,0.0
P3,R03,training,02,481,0,0.0,0.0,0.0,0.0
P3,R03,training,02,482,0,0.0,0.0,0.0,0.0
P3,R03,training,02,483,0,0.0,0.0,0.0,0.0
P3,R03,training,02,484,0,0.0,0.0,0.0,0.0
P3,R03,training,02,485,0,0.0,0.0,0.0,0.0
P3,R03,training,02,486,0,0.0,0.0,0.0,0.0
P3,R03,training,02,487,0,0.0,0.0,0.0,0.0
P3,R03,training,02,488,0,0.0,0.0,0.0,0.0
P3,R03,training,02,489,0,0.0,0.0,0.0,0.0
P3,R03,training,02,490,0,0.0,0.0,0.0,0.0
P3,R03,training,02,491,0,0.0,0.0,0.0,0.0
P3,R03,training,02,492,0,0.0,0.0,0.0,0.0
P3,R03,training,02,493,0,0.0,0.0,0.0,0.0
P3,R03,training,02,494,0,0.0,0.0,0.0,0.0
P3,R03,training,02,495,0,0.0,0.0,0.0,0.0
P3,R03,training,02,496,0,0.0,0.0,0.0,0.0
P3,R03,training,02,497,0,0.0,0.0,0.0,0.0
P3,R03,training,02,498,0,0.0,0.0,0.0,0.0
P3,R03,training,02,499,0,0.0,0.0,0.0,0.0
P3,R03,training,02,500,0,0.0,0.0,0.0,0.0
P3,R03,training,02,501,0,0.0,0.0,0.0,0.0
P3,R03,training,02,502,0,0.0,0.0,0.0,0.0
P3,R03,training,02,503,0,0.0,0.0,0.0,0.0
P3,R03,training,02,504,0,0.0,0.0,0.0,0.0
P3,R03,training,02,505,0,0.0,0.0,0.0,0.0
P3,R03,training,02,506,0,0.0,0.0,0.0,0.0
P3,R03,training,02,507,0,0.0,0.0,0.0,0.0
P3,R03,training,02,508,0,0.0,0.0,0.0,0.0
P3,R03,training,02,509,0,0.0,0.0,0.0,0.0
P3,R03,training,02,510,0,0.0,0.0,0.0,0.0
P3,R03,training,02,511,0,0.0,0.0,0.0,0.0
P3,R03,training,02,512,0,0.0,0.0,0.0,0.0
P3,R03,training,02,513,0,0.0,0.0,0.0,0.0
P3,R03,training,02,514,0,0.0,0.0,0.0,0.0
P3,R03,training,02,515,0,0.0,0.0,0.0,0.0
P3,R03,training,02,516,0,0.0,0.0,0.0,0.0
P3,R03,training,02,517,0,0.0,0.0,0.0,0.0
P3,R03,training,02,518,0,0.0,0.0,0.0,0.0
P3,R03,training,02,519,0,0.0,0.0,0.0,0.0
P3,R03,training,02,520,0,0.0,0.0,0.0,0.0
P3,R03,training,02,521,0,0.0,0.0,0.0,0.0
P3,R03,training,02,522,0,0.0,0.0,0.0,0.0
P3,R03,training,02,523,0,0.0,0.0,0.0,0.0
P3,R03,training,02,524,0,0.0,0.0,0.0,0.0
P3,R03,training,02,525,0,0.0,0.0,0.0,0.0
P3,R03,training,02,526,0,0.0,0.0,0.0,0.0
P3,R03,training,02,527,0,0.0,0.0,0.0,0.0
P3,R03,training,02,528,0,0.0,0.0,0.0,0.0
P3,R03,training,02,529,0,0.0,0.0,0.0,0.0
P3,R03,training,02,530,0,0.0,0.0,0.0,0.0
P3,R03,training,02,531,0,0.0,0.0,0.0,0.0
P3,R03,training,02,532,0,0.0,0.0,0.0,0.0
P3,R03,training,02,533,0,0.0,0.0,0.0,0.0
P3,R03,training,02,534,0,0.0,0.0,0.0,0.0
P3,R03,training,02,535,0,0.0,0.0,0.0,0.0
P3,R03,training,02,536,0,0.0,0.0,0.0,0.0
P3,R03,training,02,537,0,0.0,0.0,0.0,0.0
P3,R03,training,02,538,0,0.0,0.0,0.0,0.0
P3,R03,training,02,539,0,0.0,0.0,0.0,0.0
P3,R03,training,02,540,0,0.0,0.0,0.0,0.0
P3,R03,training,02,541,0,0.0,0.0,0.0,0.0
P3,R03,training,02,542,0,0.0,0.0,0.0,0.0
P3,R03,training,02,543,0,0.0,0.0,0.0,0.0
P3,R03,training,02,544,0,0.0,0.0,0.0,0.0
P3,R03,training,02,545,0,0.0,0.0,0.0,0.0
P3,R03,training,02,546,0,0.0,0.0,0.0,0.0
P3,R03,training,02,547,0,0.0,0.0,0.0,0.0
P3,R03,training,02,548,0,0.0,0.0,0.0,0.0
P3,R03,training,02,549,0,0.0,0.0,0.0,0.0
P3,R03,training,02,550,0,0.0,0.0,0.0,0.0
P3,R03,training,02,551,0,0.0,0.0,0.0,0.0
P3,R03,training,02,552,0,0.0,0.0,0.0,0.0
P3,R03,training,02,553,0,0.0,0.0,0.0,0.0
P3,R03,training,02,554,0,0.0,0.0,0.0,0.0
P3,R03,training,02,555,0,0.0,0.0,0.0,0.0
P3,R03,training,02,556,0,0.0,0.0,0.0,0.0
P3,R03,training,02,557,0,0.0,0.0,0.0,0.0
P3,R03,training,02,558,0,0.0,0.0,0.0,0.0
P3,R03,training,02,559,0,0.0,0.0,0.0,0.0
P3,R03,training,02,560,0,0.0,0.0,0.0,0.0
P3,R03,training,02,561,0,0.0,0.0,0.0,0.0
P3,R03,training,02,562,0,0.0,0.0,0.0,0.0
P3,R03,training,02,563,0,0.0,0.0,0.0,0.0
P3,R03,training,02,564,0,0.0,0.0,0.0,0.0
P3,R03,training,02,565,0,0.0,0.0,0.0,0.0
P3,R03,training,02,566,0,0.0,0.0,0.0,0.0
P3,R03,training,02,567,0,0.0,0.0,0.0,0.0
P3,R03,training,02,568,0,0.0,0.0,0.0,0.0
P3,R03,training,02,569,0,0.0,0.0,0.0,0.0
P3,R03,training,02,570,0,0.0,0.0,0.0,0.0
P3,R03,training,02,571,0,0.0,0.0,0.0,0.0
P3,R03,training,02,572,0,0.0,0.0,0.0,0.0
P3,R03,training,02,573,0,0.0,0.0,0.0,0.0
P3,R03,training,02,574,0,0.0,0.0,0.0,0.0
P3,R03,training,02,575,0,0.0,0.0,0.0,0.0
P3,R03,training,02,576,0,0.0,0.0,0.0,0.0
P3,R03,training,02,577,0,0.0,0.0,0.0,0.0
P3,R03,training,02,578,0,0.0,0.0,0.0,0.0
P3,R03,training,02,579,0,0.0,0.0,0.0,0.0
P3,R03,training,02,580,0,0.0,0.0,0.0,0.0
P3,R03,training,02,581,0,0.0,0.0,0.0,0.0
P3,R03,training,02,582,0,0.0,0.0,0.0,0.0
P3,R03,training,02,583,0,0.0,0.0,0.0,0.0
P3,R03,training,02,584,0,0.0,0.0,0.0,0.0
P3,R03,training,02,585,0,0.0,0.0,0.0,0.0
P3,R03,training,02,586,0,0.0,0.0,0.0,0.0
P3,R03,training,02,587,0,0.0,0.0,0.0,0.0
P3,R03,training,02,588,0,0.0,0.0,0.0,0.0
P3,R03,training,02,589,0,0.0,0.0,0.0,0.0
P3,R03,training,02,590,0,0.0,0.0,0.0,0.0
P3,R03,training,02,591,0,0.0,0.0,0.0,0.0
P3,R03,training,02,592,0,0.0,0.0,0.0,0.0
P3,R03,training,02,593,0,0.0,0.0,0.0,0.0
P3,R03,training,02,594,0,0.0,0.0,0.0,0.0
P3,R03,training,02,595,0,0.0,0.0,0.0,0.0
P3,R03,training,02,596,0,0.0,0.0,0.0,0.0
P3,R03,training,02,597,0,0.0,0.0,0.0,0.0
P3,R03,training,02,598,0,0.0,0.0,0.0,0.0
P3,R03,training,02,599,0,0.0,0.0,0.0,0.0
P3,R03,training,02,600,0,0.0,0.0,0.0,0.0
P3,R03,training,02,601,0,0.0,0.0,0.0,0.0
P3,R03,training,02,602,0,0.0,0.0,0.0,0.0
P3,R03,training,02,603,0,0.0,0.0,0.0,0.0
P3,R03,training,02,604,0,0.0,0.0,0.0,0.0
P3,R03,training,02,605,0,0.0,0.0,0.0,0.0
P3,R03,training,02,606,0,0.0,0.0,0.0,0.0
P3,R03,training,02,607,0,0.0,0.0,0.0,0.0
P3,R03,training,02,608,0,0.0,0.0,0.0,0.0
P3,R03,training,02,609,0,0.0,0.0,0.0,0.0
P3,R03,training,02,610,0,0.0,0.0,0.0,0.0
P3,R03,training,02,611,0,0.0,0.0,0.0,0.0
P3,R03,training,02,612,0,0.0,0.0,0.0,0.0
P3,R03,training,02,613,0,0.0,0.0,0.0,0.0
P3,R03,training,02,614,0,0.0,0.0,0.0,0.0
P3,R03,training,02,615,0,0.0,0.0,0.0,0.0
P3,R03,training,02,616,0,0.0,0.0,0.0,0.0
P3,R03,training,02,617,0,0.0,0.0,0.0,0.0
P3,R03,training,02,618,0,0.0,0.0,0.0,0.0
P3,R03,training,02,619,0,0.0,0.0,0.0,0.0
P3,R03,training,02,620,0,0.0,0.0,0.0,0.0
P3,R03,training,02,621,0,0.0,0.0,0.0,0.0
P3,R03,training,02,622,0,0.0,0.0,0.0,0.0
P3,R03,training,02,623,0,0.0,0.0,0.0,0.0
P3,R03,training,02,624,0,0.0,0.0,0.0,0.0
P3,R03,training,02,625,0,0.0,0.0,0.0,0.0
P3,R03,training,02,626,0,0.0,0.0,0.0,0.0
P3,R03,training,02,627,0,0.0,0.0,0.0,0.0
P3,R03,training,02,628,0,0.0,0.0,0.0,0.0
P3,R03,training,02,629,0,0.0,0.0,0.0,0.0
P3,R03,training,02,630,0,0.0,0.0,0.0,0.0
P3,R03,training,02,631,0,0.0,0.0,0.0,0.0
P3,R03,training,02,632,0,0.0,0.0,0.0,0.0
P3,R03,training,02,633,0,0.0,0.0,0.0,0.0
P3,R03,training,02,634,0,0.0,0.0,0.0,0.0
P3,R03,training,02,635,0,0.0,0.0,0.0,0.0
P3,R03,training,02,636,0,0.0,0.0,0.0,0.0
P3,R03,training,02,637,0,0.0,0.0,0.0,0.0
P3,R03,training,02,638,0,0.0,0.0,0.0,0.0
P3,R03,training,02,639,0,0.0,0.0,0.0,0.0
P3,R03,training,02,640,0,0.0,0.0,0.0,0.0
P3,R03,training,02,641,0,0.0,0.0,0.0,0.0
P3,R03,training,02,642,0,0.0,0.0,0.0,0.0
P3,R03,training,02,643,0,0.0,0.0,0.0,0.0
P3,R03,training,02,644,0,0.0,0.0,0.0,0.0
P3,R03,training,02,645,0,0.0,0.0,0.0,0.0
P3,R03,training,02,646,0,0.0,0.0,0.0,0.0
P3,R03,training,02,647,0,0.0,0.0,0.0,0.0
P3,R03,training,02,648,0,0.0,0.0,0.0,0.0
P3,R03,training,02,649,0,0.0,0.0,0.0,0.0
P3,R03,training,02,650,0,0.0,0.0,0.0,0.0
P3,R03,training,02,651,0,0.0,0.0,0.0,0.0
P3,R03,training,02,652,0,0.0,0.0,0.0,0.0
P3,R03,training,02,653,0,0.0,0.0,0.0,0.0
P3,R03,training,02,654,0,0.0,0.0,0.0,0.0
P3,R03,training,02,655,0,0.0,0.0,0.0,0.0
P3,R03,training,02,656,0,0.0,0.0,0.0,0.0
P3,R03,training,02,657,0,0.0,0.0,0.0,0.0
P3,R03,training,02,658,0,0.0,0.0,0.0,0.0
P3,R03,training,02,659,0,0.0,0.0,0.0,0.0
P3,R03,training,02,660,0,0.0,0.0,0.0,0.0
P3,R03,training,02,661,0,0.0,0.0,0.0,0.0
P3,R03,training,02,662,0,0.0,0.0,0.0,0.0
P3,R03,training,02,663,0,0.0,0.0,0.0,0.0
P3,R03,training,02,664,0,0.0,0.0,0.0,0.0
P3,R03,training,02,665,0,0.0,0.0,0.0,0.0
P3,R03,training,02,666,0,0.0,0.0,0.0,0.0
P3,R03,training,02,667,0,0.0,0.0,0.0,0.0
P3,R03,training,02,668,0,0.0,0.0,0.0,0.0
P3,R03,training,02,669,0,0.0,0.0,0.0,0.0
P3,R03,training,02,670,0,0.0,0.0,0.0,0.0
P3,R03,training,02,671,0,0.0,0.0,0.0,0.0
P3,R03,training,02,672,0,0.0,0.0,0.0,0.0
P3,R03,training,02,673,0,0.0,0.0,0.0,0.0
P3,R03,training,02,674,0,0.0,0.0,0.0,0.0
P3,R03,training,02,675,0,0.0,0.0,0.0,0.0
P3,R03,training,02,676,0,0.0,0.0,0.0,0.0
P3,R03,training,02,677,0,0.0,0.0,0.0,0.0
P3,R03,training,02,678,0,0.0,0.0,0.0,0.0
P3,R03,training,02,679,0,0.0,0.0,0.0,0.0
P3,R03,training,02,680,0,0.0,0.0,0.0,0.0
P3,R03,training,02,681,0,0.0,0.0,0.0,0.0
P3,R03,training,02,682,0,0.0,0.0,0.0,0.0
P3,R03,training,02,683,0,0.0,0.0,0.0,0.0
P3,R03,training,02,684,0,0.0,0.0,0.0,0.0
P3,R03,training,02,685,0,0.0,0.0,0.0,0.0
P3,R03,training,02,686,0,0.0,0.0,0.0,0.0
P3,R03,training,02,687,0,0.0,0.0,0.0,0.0
P3,R03,training,02,688,0,0.0,0.0,0.0,0.0
P3,R03,training,02,689,0,0.0,0.0,0.0,0.0
P3,R03,training,02,690,0,0.0,0.0,0.0,0.0
P3,R03,training,02,691,0,0.0,0.0,0.0,0.0
A,R03,training,16,0,0,0.0,0.0,0.0,0.0
A,R03,training,16,1,0,0.0,0.0,0.0,0.0
A,R03,training,16,2,0,0.0,0.0,0.0,0.0
A,R03,training,16,3,0,0.0,0.0,0.0,0.0
A,R03,training,16,4,0,0.0,0.0,0.0,0.0
A,R03,training,16,5,0,0.0,0.0,0.0,0.0
A,R03,training,16,6,0,0.0,0.0,0.0,0.0
A,R03,training,16,7,0,0.0,0.0,0.0,0.0
A,R03,training,16,8,0,0.0,0.0,0.0,0.0
A,R03,training,16,9,0,0.0,0.0,0.0,0.0
A,R03,training,16,10,0,0.0,0.0,0.0,0.0
A,R03,training,16,11,0,0.0,0.0,0.0,0.0
A,R03,training,16,12,0,0.0,0.0,0.0,0.0
A,R03,training,16,13,0,0.0,0.0,0.0,0.0
A,R03,training,16,14,0,0.0,0.0,0.0,0.0
A,R03,training,16,15,0,0.0,0.0,0.0,0.0
A,R03,training,16,16,0,0.0,0.0,0.0,0.0
A,R03,training,16,17,0,0.0,0.0,0.0,0.0
A,R03,training,16,18,0,0.0,0.0,0.0,0.0
A,R03,training,16,19,0,0.0,0.0,0.0,0.0
A,R03,training,16,20,0,0.0,0.0,0.0,0.0
A,R03,training,16,21,0,0.0,0.0,0.0,0.0
A,R03,training,16,22,0,0.0,0.0,0.0,0.0
A,R03,training,16,23,0,0.0,0.0,0.0,0.0
A,R03,training,16,24,0,0.0,0.0,0.0,0.0
A,R03,training,16,25,0,0.0,0.0,0.0,0.0
A,R03,training,16,26,0,0.0,0.0,0.0,0.0
A,R03,training,16,27,0,0.0,0.0,0.0,0.0
A,R03,training,16,28,0,0.0,0.0,0.0,0.0
A,R03,training,16,29,0,0.0,0.0,0.0,0.0
A,R03,training,16,30,0,0.0,0.0,0.0,0.0
A,R03,training,16,31,0,0.0,0.0,0.0,0.0
A,R03,training,16,32,0,0.0,0.0,0.0,0.0
A,R03,training,16,33,0,0.0,0.0,0.0,0.0
A,R03,training,16,34,0,0.0,0.0,0.0,0.0
A,R03,training,16,35,0,0.0,0.0,0.0,0.0
A,R03,training,16,36,0,0.0,0.0,0.0,0.0
A,R03,training,16,37,0,0.0,0.0,0.0,0.0
A,R03,training,16,38,0,0.0,0.0,0.0,0.0
A,R03,training,16,39,0,0.0,0.0,0.0,0.0
A,R03,training,16,40,0,0.0,0.0,0.0,0.0
A,R03,training,16,41,0,0.0,0.0,0.0,0.0
A,R03,training,16,42,0,0.0,0.0,0.0,0.0
A,R03,training,16,43,0,0.0,0.0,0.0,0.0
A,R03,training,16,44,0,0.0,0.0,0.0,0.0
A,R03,training,16,45,0,0.0,0.0,0.0,0.0
A,R03,training,16,46,0,0.0,0.0,0.0,0.0
A,R03,training,16,47,0,0.0,0.0,0.0,0.0
A,R03,training,16,48,0,0.0,0.0,0.0,0.0
A,R03,training,16,49,0,0.0,0.0,0.0,0.0
A,R03,training,16,50,0,0.0,0.0,0.0,0.0
A,R03,training,16,51,0,0.0,0.0,0.0,0.0
A,R03,training,16,52,0,0.0,0.0,0.0,0.0
A,R03,training,16,53,0,0.0,0.0,0.0,0.0
A,R03,training,16,54,0,0.0,0.0,0.0,0.0
A,R03,training,16,55,0,0.0,0.0,0.0,0.0
A,R03,training,16,56,0,0.0,0.0,0.0,0.0
A,R03,training,16,57,0,0.0,0.0,0.0,0.0
A,R03,training,16,58,0,0.0,0.0,0.0,0.0
A,R03,training,16,59,0,0.0,0.0,0.0,0.0
A,R03,training,16,60,0,0.0,0.0,0.0,0.0
A,R03,training,16,61,0,0.0,0.0,0.0,0.0
A,R03,training,16,62,0,0.0,0.0,0.0,0.0
A,R03,training,16,63,0,0.0,0.0,0.0,0.0
A,R03,training,16,64,0,0.0,0.0,0.0,0.0
A,R03,training,16,65,0,0.0,0.0,0.0,0.0
A,R03,training,16,66,0,0.0,0.0,0.0,0.0
A,R03,training,16,67,0,0.0,0.0,0.0,0.0
A,R03,training,16,68,0,0.0,0.0,0.0,0.0
A,R03,training,16,69,0,0.0,0.0,0.0,0.0
A,R03,training,16,70,0,0.0,0.0,0.0,0.0
A,R03,training,16,71,0,0.0,0.0,0.0,0.0
A,R03,training,16,72,0,0.0,0.0,0.0,0.0
A,R03,training,16,73,0,0.0,0.0,0.0,0.0
A,R03,training,16,74,0,0.0,0.0,0.0,0.0
A,R03,training,16,75,0,0.0,0.0,0.0,0.0
A,R03,training,16,76,0,0.0,0.0,0.0,0.0
A,R03,training,16,77,0,0.0,0.0,0.0,0.0
A,R03,training,16,78,0,0.0,0.0,0.0,0.0
A,R03,training,16,79,0,0.0,0.0,0.0,0.0
A,R03,training,16,80,0,0.0,0.0,0.0,0.0
A,R03,training,16,81,0,0.0,0.0,0.0,0.0
A,R03,training,16,82,0,0.0,0.0,0.0,0.0
A,R03,training,16,83,0,0.0,0.0,0.0,0.0
A,R03,training,16,84,0,0.0,0.0,0.0,0.0
A,R03,training,16,85,0,0.0,0.0,0.0,0.0
A,R03,training,16,86,0,0.0,0.0,0.0,0.0
A,R03,training,16,87,0,0.0,0.0,0.0,0.0
A,R03,training,16,88,0,0.0,0.0,0.0,0.0
A,R03,training,16,89,0,0.0,0.0,0.0,0.0
A,R03,training,16,90,0,0.0,0.0,0.0,0.0
A,R03,training,16,91,0,0.0,0.0,0.0,0.0
A,R03,training,16,92,0,0.0,0.0,0.0,0.0
A,R03,training,16,93,0,0.0,0.0,0.0,0.0
A,R03,training,16,94,0,0.0,0.0,0.0,0.0
A,R03,training,16,95,0,0.0,0.0,0.0,0.0
A,R03,training,16,96,0,0.0,0.0,0.0,0.0
A,R03,training,16,97,0,0.0,0.0,0.0,0.0
A,R03,training,16,98,0,0.0,0.0,0.0,0.0
A,R03,training,16,99,0,0.0,0.0,0.0,0.0
A,R03,training,16,100,0,0.0,0.0,0.0,0.0
A,R03,training,16,101,0,0.0,0.0,0.0,0.0
A,R03,training,16,102,0,0.0,0.0,0.0,0.0
A,R03,training,16,103,0,0.0,0.0,0.0,0.0
A,R03,training,16,104,0,0.0,0.0,0.0,0.0
A,R03,training,16,105,0,0.0,0.0,0.0,0.0
A,R03,training,16,106,0,0.0,0.0,0.0,0.0
A,R03,training,16,107,0,0.0,0.0,0.0,0.0
A,R03,training,16,108,0,0.0,0.0,0.0,0.0
A,R03,training,16,109,0,0.0,0.0,0.0,0.0
A,R03,training,16,110,0,0.0,0.0,0.0,0.0
A,R03,training,16,111,0,0.0,0.0,0.0,0.0
A,R03,training,16,112,0,0.0,0.0,0.0,0.0
A,R03,training,16,113,0,0.0,0.0,0.0,0.0
A,R03,training,16,114,0,0.0,0.0,0.0,0.0
A,R03,training,16,115,0,0.0,0.0,0.0,0.0
A,R03,training,16,116,0,0.0,0.0,0.0,0.0
A,R03,training,16,117,0,0.0,0.0,0.0,0.0
A,R03,training,16,118,0,0.0,0.0,0.0,0.0
A,R03,training,16,119,0,0.0,0.0,0.0,0.0
A,R03,training,16,120,0,0.0,0.0,0.0,0.0
A,R03,training,16,121,0,0.0,0.0,0.0,0.0
A,R03,training,16,122,0,0.0,0.0,0.0,0.0
A,R03,training,16,123,0,0.0,0.0,0.0,0.0
A,R03,training,16,124,0,0.0,0.0,0.0,0.0
A,R03,training,16,125,0,0.0,0.0,0.0,0.0
A,R03,training,16,126,0,0.0,0.0,0.0,0.0
A,R03,training,16,127,0,0.0,0.0,0.0,0.0
A,R03,training,16,128,0,0.0,0.0,0.0,0.0
A,R03,training,16,129,0,0.0,0.0,0.0,0.0
A,R03,training,16,130,0,0.0,0.0,0.0,0.0
A,R03,training,16,131,0,0.0,0.0,0.0,0.0
A,R03,training,16,132,0,0.0,0.0,0.0,0.0
A,R03,training,16,133,0,0.0,0.0,0.0,0.0
A,R03,training,16,134,0,0.0,0.0,0.0,0.0
A,R03,training,16,135,0,0.0,0.0,0.0,0.0
A,R03,training,16,136,0,0.0,0.0,0.0,0.0
A,R03,training,16,137,0,0.0,0.0,0.0,0.0
A,R03,training,16,138,0,0.0,0.0,0.0,0.0
A,R03,training,16,139,0,0.0,0.0,0.0,0.0
A,R03,training,16,140,0,0.0,0.0,0.0,0.0
A,R03,training,16,141,0,0.0,0.0,0.0,0.0
A,R03,training,16,142,0,0.0,0.0,0.0,0.0
A,R03,training,16,143,0,0.0,0.0,0.0,0.0
A,R03,training,16,144,0,0.0,0.0,0.0,0.0
A,R03,training,16,145,0,0.0,0.0,0.0,0.0
A,R03,training,16,146,0,0.0,0.0,0.0,0.0
A,R03,training,16,147,0,0.0,0.0,0.0,0.0
A,R03,training,16,148,0,0.0,0.0,0.0,0.0
A,R03,training,16,149,0,0.0,0.0,0.0,0.0
A,R03,training,16,150,0,0.0,0.0,0.0,0.0
A,R03,training,16,151,0,0.0,0.0,0.0,0.0
A,R03,training,16,152,0,0.0,0.0,0.0,0.0
A,R03,training,16,153,0,0.0,0.0,0.0,0.0
A,R03,training,16,154,0,0.0,0.0,0.0,0.0
A,R03,training,16,155,0,0.0,0.0,0.0,0.0
A,R03,training,16,156,0,0.0,0.0,0.0,0.0
A,R03,training,16,157,0,0.0,0.0,0.0,0.0
A,R03,training,16,158,0,0.0,0.0,0.0,0.0
A,R03,training,16,159,0,0.0,0.0,0.0,0.0
A,R03,training,16,160,0,0.0,0.0,0.0,0.0
A,R03,training,16,161,0,0.0,0.0,0.0,0.0
A,R03,training,16,162,0,0.0,0.0,0.0,0.0
A,R03,training,16,163,0,0.0,0.0,0.0,0.0
A,R03,training,16,164,0,0.0,0.0,0.0,0.0
A,R03,training,16,165,0,0.0,0.0,0.0,0.0
A,R03,training,16,166,0,0.0,0.0,0.0,0.0
A,R03,training,16,167,0,0.0,0.0,0.0,0.0
A,R03,training,16,168,0,0.0,0.0,0.0,0.0
A,R03,training,16,169,0,0.0,0.0,0.0,0.0
A,R03,training,16,170,0,0.0,0.0,0.0,0.0
A,R03,training,16,171,0,0.0,0.0,0.0,0.0
A,R03,training,16,172,0,0.0,0.0,0.0,0.0
A,R03,training,16,173,0,0.0,0.0,0.0,0.0
A,R03,training,16,174,0,0.0,0.0,0.0,0.0
A,R03,training,16,175,0,0.0,0.0,0.0,0.0
A,R03,training,16,176,0,0.0,0.0,0.0,0.0
A,R03,training,16,177,0,0.0,0.0,0.0,0.0
A,R03,training,16,178,0,0.0,0.0,0.0,0.0
A,R03,training,16,179,0,0.0,0.0,0.0,0.0
A,R03,training,16,180,0,0.0,0.0,0.0,0.0
A,R03,training,16,181,0,0.0,0.0,0.0,0.0
A,R03,training,16,182,0,0.0,0.0,0.0,0.0
A,R03,training,16,183,0,0.0,0.0,0.0,0.0
A,R03,training,16,184,0,0.0,0.0,0.0,0.0
A,R03,training,16,185,0,0.0,0.0,0.0,0.0
A,R03,training,16,186,0,0.0,0.0,0.0,0.0
A,R03,training,16,187,0,0.0,0.0,0.0,0.0
A,R03,training,16,188,0,0.0,0.0,0.0,0.0
A,R03,training,16,189,0,0.0,0.0,0.0,0.0
A,R03,training,16,190,0,0.0,0.0,0.0,0.0
A,R03,training,16,191,0,0.0,0.0,0.0,0.0
A,R03,training,16,192,0,0.0,0.0,0.0,0.0
A,R03,training,16,193,0,0.0,0.0,0.0,0.0
A,R03,training,16,194,0,0.0,0.0,0.0,0.0
A,R03,training,16,195,0,0.0,0.0,0.0,0.0
A,R03,training,16,196,0,0.0,0.0,0.0,0.0
A,R03,training,16,197,0,0.0,0.0,0.0,0.0
A,R03,training,16,198,0,0.0,0.0,0.0,0.0
A,R03,training,16,199,0,0.0,0.0,0.0,0.0
A,R03,training,16,200,0,0.0,0.0,0.0,0.0
A,R03,training,16,201,0,0.0,0.0,0.0,0.0
A,R03,training,16,202,0,0.0,0.0,0.0,0.0
A,R03,training,16,203,0,0.0,0.0,0.0,0.0
A,R03,training,16,204,0,0.0,0.0,0.0,0.0
A,R03,training,16,205,0,0.0,0.0,0.0,0.0
A,R03,training,16,206,0,0.0,0.0,0.0,0.0
A,R03,training,16,207,0,0.0,0.0,0.0,0.0
A,R03,training,16,208,0,0.0,0.0,0.0,0.0
A,R03,training,16,209,0,0.0,0.0,0.0,0.0
A,R03,training,16,210,0,0.0,0.0,0.0,0.0
A,R03,training,16,211,0,0.0,0.0,0.0,0.0
A,R03,training,16,212,0,0.0,0.0,0.0,0.0
A,R03,training,16,213,0,0.0,0.0,0.0,0.0
A,R03,training,16,214,0,0.0,0.0,0.0,0.0
A,R03,training,16,215,0,0.0,0.0,0.0,0.0
A,R03,training,16,216,0,0.0,0.0,0.0,0.0
A,R03,training,16,217,0,0.0,0.0,0.0,0.0
A,R03,training,16,218,0,0.0,0.0,0.0,0.0
A,R03,training,16,219,0,0.0,0.0,0.0,0.0
A,R03,training,16,220,0,0.0,0.0,0.0,0.0
A,R03,training,16,221,0,0.0,0.0,0.0,0.0
A,R03,training,16,222,0,0.0,0.0,0.0,0.0
A,R03,training,16,223,0,0.0,0.0,0.0,0.0
A,R03,training,16,224,0,0.0,0.0,0.0,0.0
A,R03,training,16,225,0,0.0,0.0,0.0,0.0
A,R03,training,16,226,0,0.0,0.0,0.0,0.0
A,R03,training,16,227,0,0.0,0.0,0.0,0.0
A,R03,training,16,228,0,0.0,0.0,0.0,0.0
A,R03,training,16,229,0,0.0,0.0,0.0,0.0
A,R03,training,16,230,0,0.0,0.0,0.0,0.0
A,R03,training,16,231,0,0.0,0.0,0.0,0.0
A,R03,training,16,232,0,0.0,0.0,0.0,0.0
A,R03,training,16,233,0,0.0,0.0,0.0,0.0
A,R03,training,16,234,0,0.0,0.0,0.0,0.0
A,R03,training,16,235,0,0.0,0.0,0.0,0.0
A,R03,training,16,236,0,0.0,0.0,0.0,0.0
A,R03,training,16,237,0,0.0,0.0,0.0,0.0
A,R03,training,16,238,0,0.0,0.0,0.0,0.0
A,R03,training,16,239,0,0.0,0.0,0.0,0.0
A,R03,training,16,240,0,0.0,0.0,0.0,0.0
A,R03,training,16,241,0,0.0,0.0,0.0,0.0
A,R03,training,16,242,0,0.0,0.0,0.0,0.0
A,R03,training,16,243,0,0.0,0.0,0.0,0.0
A,R03,training,16,244,0,0.0,0.0,0.0,0.0
A,R03,training,16,245,0,0.0,0.0,0.0,0.0
A,R03,training,16,246,0,0.0,0.0,0.0,0.0
A,R03,training,16,247,0,0.0,0.0,0.0,0.0
A,R03,training,16,248,0,0.0,0.0,0.0,0.0
A,R03,training,16,249,0,0.0,0.0,0.0,0.0
A,R03,training,16,250,0,0.0,0.0,0.0,0.0
A,R03,training,16,251,0,0.0,0.0,0.0,0.0
A,R03,training,16,252,0,0.0,0.0,0.0,0.0
A,R03,training,16,253,0,0.0,0.0,0.0,0.0
A,R03,training,16,254,0,0.0,0.0,0.0,0.0
A,R03,training,16,255,0,0.0,0.0,0.0,0.0
A,R03,training,16,256,0,0.0,0.0,0.0,0.0
A,R03,training,16,257,0,0.0,0.0,0.0,0.0
A,R03,training,16,258,0,0.0,0.0,0.0,0.0
A,R03,training,16,259,0,0.0,0.0,0.0,0.0
A,R03,training,16,260,0,0.0,0.0,0.0,0.0
A,R03,training,16,261,0,0.0,0.0,0.0,0.0
A,R03,training,16,262,0,0.0,0.0,0.0,0.0
A,R03,training,16,263,0,0.0,0.0,0.0,0.0
A,R03,training,16,264,0,0.0,0.0,0.0,0.0
A,R03,training,16,265,0,0.0,0.0,0.0,0.0
A,R03,training,16,266,0,0.0,0.0,0.0,0.0
A,R03,training,16,267,0,0.0,0.0,0.0,0.0
A,R03,training,16,268,0,0.0,0.0,0.0,0.0
A,R03,training,16,269,0,0.0,0.0,0.0,0.0
A,R03,training,16,270,0,0.0,0.0,0.0,0.0
A,R03,training,16,271,0,0.0,0.0,0.0,0.0
A,R03,training,16,272,0,0.0,0.0,0.0,0.0
A,R03,training,16,273,0,0.0,0.0,0.0,0.0
A,R03,training,16,274,0,0.0,0.0,0.0,0.0
A,R03,training,16,275,0,0.0,0.0,0.0,0.0
A,R03,training,16,276,0,0.0,0.0,0.0,0.0
A,R03,training,16,277,0,0.0,0.0,0.0,0.0
A,R03,training,16,278,0,0.0,0.0,0.0,0.0
A,R03,training,16,279,0,0.0,0.0,0.0,0.0
A,R03,training,16,280,0,0.0,0.0,0.0,0.0
A,R03,training,16,281,0,0.0,0.0,0.0,0.0
A,R03,training,16,282,0,0.0,0.0,0.0,0.0
A,R03,training,16,283,0,0.0,0.0,0.0,0.0
A,R03,training,16,284,0,0.0,0.0,0.0,0.0
A,R03,training,16,285,0,0.0,0.0,0.0,0.0
A,R03,training,16,286,0,0.0,0.0,0.0,0.0
A,R03,training,16,287,0,0.0,0.0,0.0,0.0
A,R03,training,16,288,0,0.0,0.0,0.0,0.0
A,R03,training,16,289,0,0.0,0.0,0.0,0.0
A,R03,training,16,290,0,0.0,0.0,0.0,0.0
A,R03,training,16,291,0,0.0,0.0,0.0,0.0
A,R03,training,16,292,0,0.0,0.0,0.0,0.0
A,R03,training,16,293,0,0.0,0.0,0.0,0.0
A,R03,training,16,294,0,0.0,0.0,0.0,0.0
A,R03,training,16,295,0,0.0,0.0,0.0,0.0
A,R03,training,16,296,0,0.0,0.0,0.0,0.0
A,R03,training,16,297,0,0.0,0.0,0.0,0.0
A,R03,training,16,298,0,0.0,0.0,0.0,0.0
A,R03,training,16,299,0,0.0,0.0,0.0,0.0
A,R03,training,16,300,0,0.0,0.0,0.0,0.0
A,R03,training,16,301,0,0.0,0.0,0.0,0.0
A,R03,training,16,302,0,0.0,0.0,0.0,0.0
A,R03,training,16,303,0,0.0,0.0,0.0,0.0
A,R03,training,16,304,0,0.0,0.0,0.0,0.0
A,R03,training,16,305,0,0.0,0.0,0.0,0.0
A,R03,training,16,306,0,0.0,0.0,0.0,0.0
A,R03,training,16,307,0,0.0,0.0,0.0,0.0
A,R03,training,16,308,0,0.0,0.0,0.0,0.0
A,R03,training,16,309,0,0.0,0.0,0.0,0.0
A,R03,training,16,310,0,0.0,0.0,0.0,0.0
A,R03,training,16,311,0,0.0,0.0,0.0,0.0
A,R03,training,16,312,0,0.0,0.0,0.0,0.0
A,R03,training,16,313,0,0.0,0.0,0.0,0.0
A,R03,training,16,314,0,0.0,0.0,0.0,0.0
A,R03,training,16,315,0,0.0,0.0,0.0,0.0
A,R03,training,16,316,0,0.0,0.0,0.0,0.0
A,R03,training,16,317,0,0.0,0.0,0.0,0.0
A,R03,training,16,318,0,0.0,0.0,0.0,0.0
A,R03,training,16,319,0,0.0,0.0,0.0,0.0
A,R03,training,16,320,0,0.0,0.0,0.0,0.0
A,R03,training,16,321,0,0.0,0.0,0.0,0.0
A,R03,training,16,322,0,0.0,0.0,0.0,0.0
A,R03,training,16,323,0,0.0,0.0,0.0,0.0
A,R03,training,16,324,0,0.0,0.0,0.0,0.0
A,R03,training,16,325,0,0.0,0.0,0.0,0.0
A,R03,training,16,326,0,0.0,0.0,0.0,0.0
A,R03,training,16,327,0,0.0,0.0,0.0,0.0
A,R03,training,16,328,0,0.0,0.0,0.0,0.0
A,R03,training,16,329,0,0.0,0.0,0.0,0.0
A,R03,training,16,330,0,0.0,0.0,0.0,0.0
A,R03,training,16,331,0,0.0,0.0,0.0,0.0
A,R03,training,16,332,0,0.0,0.0,0.0,0.0
A,R03,training,16,333,0,0.0,0.0,0.0,0.0
A,R03,training,16,334,0,0.0,0.0,0.0,0.0
A,R03,training,16,335,0,0.0,0.0,0.0,0.0
A,R03,training,16,336,0,0.0,0.0,0.0,0.0
A,R03,training,16,337,0,0.0,0.0,0.0,0.0
A,R03,training,16,338,0,0.0,0.0,0.0,0.0
A,R03,training,16,339,0,0.0,0.0,0.0,0.0
A,R03,training,16,340,0,0.0,0.0,0.0,0.0
A,R03,training,16,341,0,0.0,0.0,0.0,0.0
A,R03,training,16,342,0,0.0,0.0,0.0,0.0
A,R03,training,16,343,0,0.0,0.0,0.0,0.0
A,R03,training,16,344,0,0.0,0.0,0.0,0.0
A,R03,training,16,345,0,0.0,0.0,0.0,0.0
A,R03,training,16,346,0,0.0,0.0,0.0,0.0
A,R03,training,16,347,0,0.0,0.0,0.0,0.0
A,R03,training,16,348,0,0.0,0.0,0.0,0.0
A,R03,training,16,349,0,0.0,0.0,0.0,0.0
A,R03,training,16,350,0,0.0,0.0,0.0,0.0
A,R03,training,16,351,0,0.0,0.0,0.0,0.0
A,R03,training,16,352,0,0.0,0.0,0.0,0.0
A,R03,training,16,353,0,0.0,0.0,0.0,0.0
A,R03,training,16,354,0,0.0,0.0,0.0,0.0
A,R03,training,16,355,0,0.0,0.0,0.0,0.0
A,R03,training,16,356,0,0.0,0.0,0.0,0.0
A,R03,training,16,357,0,0.0,0.0,0.0,0.0
A,R03,training,16,358,0,0.0,0.0,0.0,0.0
A,R03,training,16,359,0,0.0,0.0,0.0,0.0
A,R03,training,16,360,0,0.0,0.0,0.0,0.0
A,R03,training,16,361,0,0.0,0.0,0.0,0.0
A,R03,training,16,362,0,0.0,0.0,0.0,0.0
A,R03,training,16,363,0,0.0,0.0,0.0,0.0
A,R03,training,16,364,0,0.0,0.0,0.0,0.0
A,R03,training,16,365,0,0.0,0.0,0.0,0.0
A,R03,training,16,366,0,0.0,0.0,0.0,0.0
A,R03,training,16,367,0,0.0,0.0,0.0,0.0
A,R03,training,16,368,0,0.0,0.0,0.0,0.0
A,R03,training,16,369,0,0.0,0.0,0.0,0.0
A,R03,training,16,370,0,0.0,0.0,0.0,0.0
A,R03,training,16,371,0,0.0,0.0,0.0,0.0
A,R03,training,16,372,0,0.0,0.0,0.0,0.0
A,R03,training,16,373,0,0.0,0.0,0.0,0.0
A,R03,training,16,374,0,0.0,0.0,0.0,0.0
A,R03,training,16,375,0,0.0,0.0,0.0,0.0
A,R03,training,16,376,0,0.0,0.0,0.0,0.0
A,R03,training,16,377,0,0.0,0.0,0.0,0.0
A,R03,training,16,378,0,0.0,0.0,0.0,0.0
A,R03,training,16,379,0,0.0,0.0,0.0,0.0
A,R03,training,16,380,0,0.0,0.0,0.0,0.0
A,R03,training,16,381,0,0.0,0.0,0.0,0.0
A,R03,training,16,382,0,0.0,0.0,0.0,0.0
A,R03,training,16,383,0,0.0,0.0,0.0,0.0
A,R03,training,16,384,0,0.0,0.0,0.0,0.0
A,R03,training,16,385,0,0.0,0.0,0.0,0.0
A,R03,training,16,386,0,0.0,0.0,0.0,0.0
A,R03,training,16,387,0,0.0,0.0,0.0,0.0
A,R03,training,16,388,0,0.0,0.0,0.0,0.0
A,R03,training,16,389,0,0.0,0.0,0.0,0.0
A,R03,training,16,390,0,0.0,0.0,0.0,0.0
A,R03,training,16,391,0,0.0,0.0,0.0,0.0
A,R03,training,16,392,0,0.0,0.0,0.0,0.0
A,R03,training,16,393,0,0.0,0.0,0.0,0.0
A,R03,training,16,394,0,0.0,0.0,0.0,0.0
A,R03,training,16,395,0,0.0,0.0,0.0,0.0
A,R03,training,16,396,0,0.0,0.0,0.0,0.0
A,R03,training,16,397,0,0.0,0.0,0.0,0.0
A,R03,training,16,398,0,0.0,0.0,0.0,0.0
A,R03,training,16,399,0,0.0,0.0,0.0,0.0
A,R03,training,16,400,0,0.0,0.0,0.0,0.0
A,R03,training,16,401,0,0.0,0.0,0.0,0.0
A,R03,training,16,402,0,0.0,0.0,0.0,0.0
A,R03,training,16,403,0,0.0,0.0,0.0,0.0
A,R03,training,16,404,0,0.0,0.0,0.0,0.0
A,R03,training,16,405,0,0.0,0.0,0.0,0.0
A,R03,training,16,406,0,0.0,0.0,0.0,0.0
A,R03,training,16,407,0,0.0,0.0,0.0,0.0
A,R03,training,16,408,0,0.0,0.0,0.0,0.0
A,R03,training,16,409,0,0.0,0.0,0.0,0.0
A,R03,training,16,410,0,0.0,0.0,0.0,0.0
A,R03,training,16,411,0,0.0,0.0,0.0,0.0
A,R03,training,16,412,0,0.0,0.0,0.0,0.0
A,R03,training,16,413,0,0.0,0.0,0.0,0.0
A,R03,training,16,414,0,0.0,0.0,0.0,0.0
A,R03,training,16,415,0,0.0,0.0,0.0,0.0
A,R03,training,16,416,0,0.0,0.0,0.0,0.0
A,R03,training,16,417,0,0.0,0.0,0.0,0.0
A,R03,training,16,418,0,0.0,0.0,0.0,0.0
A,R03,training,16,419,0,0.0,0.0,0.0,0.0
A,R03,training,16,420,0,0.0,0.0,0.0,0.0
A,R03,training,16,421,0,0.0,0.0,0.0,0.0
A,R03,training,16,422,0,0.0,0.0,0.0,0.0
A,R03,training,16,423,0,0.0,0.0,0.0,0.0
A,R03,training,16,424,0,0.0,0.0,0.0,0.0
A,R03,training,16,425,0,0.0,0.0,0.0,0.0
A,R03,training,16,426,0,0.0,0.0,0.0,0.0
A,R03,training,16,427,0,0.0,0.0,0.0,0.0
A,R03,training,16,428,0,0.0,0.0,0.0,0.0
A,R03,training,16,429,0,0.0,0.0,0.0,0.0
A,R03,training,16,430,0,0.0,0.0,0.0,0.0
A,R03,training,16,431,0,0.0,0.0,0.0,0.0
A,R03,training,16,432,0,0.0,0.0,0.0,0.0
A,R03,training,16,433,0,0.0,0.0,0.0,0.0
A,R03,training,16,434,0,0.0,0.0,0.0,0.0
A,R03,training,16,435,0,0.0,0.0,0.0,0.0
A,R03,training,16,436,0,0.0,0.0,0.0,0.0
A,R03,training,16,437,0,0.0,0.0,0.0,0.0
A,R03,training,16,438,0,0.0,0.0,0.0,0.0
A,R03,training,16,439,0,0.0,0.0,0.0,0.0
A,R03,training,16,440,0,0.0,0.0,0.0,0.0
A,R03,training,16,441,0,0.0,0.0,0.0,0.0
A,R03,training,16,442,0,0.0,0.0,0.0,0.0
A,R03,training,16,443,0,0.0,0.0,0.0,0.0
A,R03,training,16,444,0,0.0,0.0,0.0,0.0
A,R03,training,16,445,0,0.0,0.0,0.0,0.0
A,R03,training,16,446,0,0.0,0.0,0.0,0.0
A,R03,training,16,447,0,0.0,0.0,0.0,0.0
A,R03,training,16,448,0,0.0,0.0,0.0,0.0
A,R03,training,16,449,0,0.0,0.0,0.0,0.0
A,R03,training,16,450,0,0.0,0.0,0.0,0.0
A,R03,training,16,451,0,0.0,0.0,0.0,0.0
A,R03,training,16,452,0,0.0,0.0,0.0,0.0
A,R03,training,16,453,0,0.0,0.0,0.0,0.0
A,R03,training,16,454,0,0.0,0.0,0.0,0.0
A,R03,training,16,455,0,0.0,0.0,0.0,0.0
A,R03,training,16,456,0,0.0,0.0,0.0,0.0
A,R03,training,16,457,0,0.0,0.0,0.0,0.0
A,R03,training,16,458,0,0.0,0.0,0.0,0.0
A,R03,training,16,459,0,0.0,0.0,0.0,0.0
A,R03,training,16,460,0,0.0,0.0,0.0,0.0
A,R03,training,16,461,0,0.0,0.0,0.0,0.0
A,R03,training,16,462,0,0.0,0.0,0.0,0.0
A,R03,training,16,463,0,0.0,0.0,0.0,0.0
A,R03,training,16,464,0,0.0,0.0,0.0,0.0
A,R03,training,16,465,0,0.0,0.0,0.0,0.0
A,R03,training,16,466,0,0.0,0.0,0.0,0.0
A,R03,training,16,467,0,0.0,0.0,0.0,0.0
A,R03,training,16,468,0,0.0,0.0,0.0,0.0
A,R03,training,16,469,0,0.0,0.0,0.0,0.0
A,R03,training,16,470,0,0.0,0.0,0.0,0.0
A,R03,training,16,471,0,0.0,0.0,0.0,0.0
A,R03,training,16,472,0,0.0,0.0,0.0,0.0
A,R03,training,16,473,0,0.0,0.0,0.0,0.0
A,R03,training,16,474,0,0.0,0.0,0.0,0.0
A,R03,training,16,475,0,0.0,0.0,0.0,0.0
A,R03,training,16,476,0,0.0,0.0,0.0,0.0
A,R03,training,16,477,0,0.0,0.0,0.0,0.0
A,R03,training,16,478,0,0.0,0.0,0.0,0.0
A,R03,training,16,479,0,0.0,0.0,0.0,0.0
A,R03,training,16,480,0,0.0,0.0,0.0,0.0
A,R03,training,16,481,0,0.0,0.0,0.0,0.0
A,R03,training,16,482,0,0.0,0.0,0.0,0.0
A,R03,training,16,483,0,0.0,0.0,0.0,0.0
A,R03,training,16,484,0,0.0,0.0,0.0,0.0
A,R03,training,16,485,0,0.0,0.0,0.0,0.0
A,R03,training,16,486,0,0.0,0.0,0.0,0.0
A,R03,training,16,487,0,0.0,0.0,0.0,0.0
A,R03,training,16,488,0,0.0,0.0,0.0,0.0
A,R03,training,16,489,0,0.0,0.0,0.0,0.0
A,R03,training,16,490,0,0.0,0.0,0.0,0.0
A,R03,training,16,491,0,0.0,0.0,0.0,0.0
A,R03,training,16,492,0,0.0,0.0,0.0,0.0
A,R03,training,16,493,0,0.0,0.0,0.0,0.0
A,R03,training,16,494,0,0.0,0.0,0.0,0.0
A,R03,training,16,495,0,0.0,0.0,0.0,0.0
A,R03,training,16,496,0,0.0,0.0,0.0,0.0
A,R03,training,16,497,0,0.0,0.0,0.0,0.0
A,R03,training,16,498,0,0.0,0.0,0.0,0.0
A,R03,training,16,499,0,0.0,0.0,0.0,0.0
A,R03,training,16,500,0,0.0,0.0,0.0,0.0
A,R03,training,16,501,0,0.0,0.0,0.0,0.0
A,R03,training,16,502,0,0.0,0.0,0.0,0.0
A,R03,training,16,503,0,0.0,0.0,0.0,0.0
A,R03,training,16,504,0,0.0,0.0,0.0,0.0
A,R03,training,16,505,0,0.0,0.0,0.0,0.0
A,R03,training,16,506,0,0.0,0.0,0.0,0.0
A,R03,training,16,507,0,0.0,0.0,0.0,0.0
A,R03,training,16,508,0,0.0,0.0,0.0,0.0
A,R03,training,16,509,0,0.0,0.0,0.0,0.0
A,R03,training,16,510,0,0.0,0.0,0.0,0.0
A,R03,training,16,511,0,0.0,0.0,0.0,0.0
A,R03,training,16,512,0,0.0,0.0,0.0,0.0
A,R03,training,16,513,0,0.0,0.0,0.0,0.0
A,R03,training,16,514,0,0.0,0.0,0.0,0.0
A,R03,training,16,515,0,0.0,0.0,0.0,0.0
A,R03,training,16,516,0,0.0,0.0,0.0,0.0
A,R03,training,16,517,0,0.0,0.0,0.0,0.0
A,R03,training,16,518,0,0.0,0.0,0.0,0.0
A,R03,training,16,519,0,0.0,0.0,0.0,0.0
A,R03,training,16,520,0,0.0,0.0,0.0,0.0
A,R03,training,16,521,0,0.0,0.0,0.0,0.0
A,R03,training,16,522,0,0.0,0.0,0.0,0.0
A,R03,training,16,523,0,0.0,0.0,0.0,0.0
A,R03,training,16,524,0,0.0,0.0,0.0,0.0
A,R03,training,16,525,0,0.0,0.0,0.0,0.0
A,R03,training,16,526,0,0.0,0.0,0.0,0.0
A,R03,training,16,527,0,0.0,0.0,0.0,0.0
A,R03,training,16,528,0,0.0,0.0,0.0,0.0
A,R03,training,16,529,0,0.0,0.0,0.0,0.0
A,R03,training,16,530,0,0.0,0.0,0.0,0.0
A,R03,training,16,531,0,0.0,0.0,0.0,0.0
A,R03,training,16,532,0,0.0,0.0,0.0,0.0
A,R03,training,16,533,0,0.0,0.0,0.0,0.0
A,R03,training,16,534,0,0.0,0.0,0.0,0.0
A,R03,training,16,535,0,0.0,0.0,0.0,0.0
A,R03,training,16,536,0,0.0,0.0,0.0,0.0
A,R03,training,16,537,0,0.0,0.0,0.0,0.0
A,R03,training,16,538,0,0.0,0.0,0.0,0.0
A,R03,training,16,539,0,0.0,0.0,0.0,0.0
A,R03,training,16,540,0,0.0,0.0,0.0,0.0
A,R03,training,16,541,0,0.0,0.0,0.0,0.0
A,R03,training,16,542,0,0.0,0.0,0.0,0.0
A,R03,training,16,543,0,0.0,0.0,0.0,0.0
A,R03,training,16,544,0,0.0,0.0,0.0,0.0
A,R03,training,16,545,0,0.0,0.0,0.0,0.0
A,R03,training,16,546,0,0.0,0.0,0.0,0.0
A,R03,training,16,547,0,0.0,0.0,0.0,0.0
A,R03,training,16,548,0,0.0,0.0,0.0,0.0
A,R03,training,16,549,0,0.0,0.0,0.0,0.0
A,R03,training,16,550,0,0.0,0.0,0.0,0.0
A,R03,training,16,551,0,0.0,0.0,0.0,0.0
A,R03,training,16,552,0,0.0,0.0,0.0,0.0
A,R03,training,16,553,0,0.0,0.0,0.0,0.0
A,R03,training,16,554,0,0.0,0.0,0.0,0.0
A,R03,training,16,555,0,0.0,0.0,0.0,0.0
A,R03,training,16,556,0,0.0,0.0,0.0,0.0
A,R03,training,16,557,0,0.0,0.0,0.0,0.0
A,R03,training,16,558,0,0.0,0.0,0.0,0.0
A,R03,training,16,559,0,0.0,0.0,0.0,0.0
A,R03,training,16,560,0,0.0,0.0,0.0,0.0
A,R03,training,16,561,0,0.0,0.0,0.0,0.0
A,R03,training,16,562,0,0.0,0.0,0.0,0.0
A,R03,training,16,563,0,0.0,0.0,0.0,0.0
A,R03,training,16,564,0,0.0,0.0,0.0,0.0
A,R03,training,16,565,0,0.0,0.0,0.0,0.0
A,R03,training,16,566,0,0.0,0.0,0.0,0.0
A,R03,training,16,567,0,0.0,0.0,0.0,0.0
A,R03,training,16,568,0,0.0,0.0,0.0,0.0
A,R03,training,16,569,0,0.0,0.0,0.0,0.0
A,R03,training,16,570,0,0.0,0.0,0.0,0.0
A,R03,training,16,571,0,0.0,0.0,0.0,0.0
A,R03,training,16,572,0,0.0,0.0,0.0,0.0
A,R03,training,16,573,0,0.0,0.0,0.0,0.0
A,R03,training,16,574,0,0.0,0.0,0.0,0.0
A,R03,training,16,575,0,0.0,0.0,0.0,0.0
A,R03,training,16,576,0,0.0,0.0,0.0,0.0
A,R03,training,16,577,0,0.0,0.0,0.0,0.0
A,R03,training,16,578,0,0.0,0.0,0.0,0.0
A,R03,training,16,579,0,0.0,0.0,0.0,0.0
A,R03,training,16,580,0,0.0,0.0,0.0,0.0
A,R03,training,16,581,0,0.0,0.0,0.0,0.0
A,R03,training,16,582,0,0.0,0.0,0.0,0.0
A,R03,training,16,583,0,0.0,0.0,0.0,0.0
A,R03,training,16,584,0,0.0,0.0,0.0,0.0
A,R03,training,16,585,0,0.0,0.0,0.0,0.0
A,R03,training,16,586,0,0.0,0.0,0.0,0.0
A,R03,training,16,587,0,0.0,0.0,0.0,0.0
A,R03,training,16,588,0,0.0,0.0,0.0,0.0
A,R03,training,16,589,0,0.0,0.0,0.0,0.0
A,R03,training,16,590,0,0.0,0.0,0.0,0.0
A,R03,training,16,591,0,0.0,0.0,0.0,0.0
A,R03,training,16,592,0,0.0,0.0,0.0,0.0
A,R03,training,16,593,0,0.0,0.0,0.0,0.0
A,R03,training,16,594,0,0.0,0.0,0.0,0.0
A,R03,training,16,595,0,0.0,0.0,0.0,0.0
A,R03,training,16,596,0,0.0,0.0,0.0,0.0
A,R03,training,16,597,0,0.0,0.0,0.0,0.0
A,R03,training,16,598,0,0.0,0.0,0.0,0.0
A,R03,training,16,599,0,0.0,0.0,0.0,0.0
A,R03,training,16,600,0,0.0,0.0,0.0,0.0
A,R03,training,16,601,0,0.0,0.0,0.0,0.0
A,R03,training,16,602,0,0.0,0.0,0.0,0.0
A,R03,training,16,603,0,0.0,0.0,0.0,0.0
A,R03,training,16,604,0,0.0,0.0,0.0,0.0
A,R03,training,16,605,0,0.0,0.0,0.0,0.0
A,R03,training,16,606,0,0.0,0.0,0.0,0.0
A,R03,training,16,607,0,0.0,0.0,0.0,0.0
A,R03,training,16,608,0,0.0,0.0,0.0,0.0
A,R03,training,16,609,0,0.0,0.0,0.0,0.0
A,R03,training,16,610,0,0.0,0.0,0.0,0.0
A,R03,training,16,611,0,0.0,0.0,0.0,0.0
A,R03,training,16,612,0,0.0,0.0,0.0,0.0
A,R03,training,16,613,0,0.0,0.0,0.0,0.0
A,R03,training,16,614,0,0.0,0.0,0.0,0.0
A,R03,training,16,615,0,0.0,0.0,0.0,0.0
A,R03,training,16,616,0,0.0,0.0,0.0,0.0
A,R03,training,16,617,0,0.0,0.0,0.0,0.0
A,R03,training,16,618,0,0.0,0.0,0.0,0.0
A,R03,training,16,619,0,0.0,0.0,0.0,0.0
A,R03,training,16,620,0,0.0,0.0,0.0,0.0
A,R03,training,16,621,0,0.0,0.0,0.0,0.0
A,R03,training,16,622,0,0.0,0.0,0.0,0.0
A,R03,training,16,623,0,0.0,0.0,0.0,0.0
A,R03,training,16,624,0,0.0,0.0,0.0,0.0
A,R03,training,16,625,0,0.0,0.0,0.0,0.0
A,R03,training,16,626,0,0.0,0.0,0.0,0.0
A,R03,training,16,627,0,0.0,0.0,0.0,0.0
A,R03,training,16,628,0,0.0,0.0,0.0,0.0
A,R03,training,16,629,0,0.0,0.0,0.0,0.0
A,R03,training,16,630,0,0.0,0.0,0.0,0.0
A,R03,training,16,631,0,0.0,0.0,0.0,0.0
A,R03,training,16,632,0,0.0,0.0,0.0,0.0
A,R03,training,16,633,0,0.0,0.0,0.0,0.0
A,R03,training,16,634,0,0.0,0.0,0.0,0.0
A,R03,training,16,635,0,0.0,0.0,0.0,0.0
A,R03,training,16,636,0,0.0,0.0,0.0,0.0
A,R03,training,16,637,0,0.0,0.0,0.0,0.0
A,R03,training,16,638,0,0.0,0.0,0.0,0.0
A,R03,training,16,639,0,0.0,0.0,0.0,0.0
A,R03,training,16,640,0,0.0,0.0,0.0,0.0
A,R03,training,16,641,0,0.0,0.0,0.0,0.0
A,R03,training,16,642,0,0.0,0.0,0.0,0.0
A,R03,training,16,643,0,0.0,0.0,0.0,0.0
A,R03,training,16,644,0,0.0,0.0,0.0,0.0
A,R03,training,16,645,0,0.0,0.0,0.0,0.0
A,R03,training,16,646,0,0.0,0.0,0.0,0.0
A,R03,training,16,647,0,0.0,0.0,0.0,0.0
A,R03,training,16,648,0,0.0,0.0,0.0,0.0
A,R03,training,16,649,0,0.0,0.0,0.0,0.0
A,R03,training,16,650,0,0.0,0.0,0.0,0.0
A,R03,training,16,651,0,0.0,0.0,0.0,0.0
A,R03,training,16,652,0,0.0,0.0,0.0,0.0
A,R03,training,16,653,0,0.0,0.0,0.0,0.0
A,R03,training,16,654,0,0.0,0.0,0.0,0.0
A,R03,training,16,655,0,0.0,0.0,0.0,0.0
B,R03,training,16,0,0,0.0,0.0,0.0,0.0
B,R03,training,16,1,0,0.0,0.0,0.0,0.0
B,R03,training,16,2,0,0.0,0.0,0.0,0.0
B,R03,training,16,3,0,0.0,0.0,0.0,0.0
B,R03,training,16,4,0,0.0,0.0,0.0,0.0
B,R03,training,16,5,0,0.0,0.0,0.0,0.0
B,R03,training,16,6,0,0.0,0.0,0.0,0.0
B,R03,training,16,7,0,0.0,0.0,0.0,0.0
B,R03,training,16,8,0,0.0,0.0,0.0,0.0
B,R03,training,16,9,0,0.0,0.0,0.0,0.0
B,R03,training,16,10,0,0.0,0.0,0.0,0.0
B,R03,training,16,11,0,0.0,0.0,0.0,0.0
B,R03,training,16,12,0,0.0,0.0,0.0,0.0
B,R03,training,16,13,0,0.0,0.0,0.0,0.0
B,R03,training,16,14,0,0.0,0.0,0.0,0.0
B,R03,training,16,15,0,0.0,0.0,0.0,0.0
B,R03,training,16,16,0,0.0,0.0,0.0,0.0
B,R03,training,16,17,0,0.0,0.0,0.0,0.0
B,R03,training,16,18,0,0.0,0.0,0.0,0.0
B,R03,training,16,19,0,0.0,0.0,0.0,0.0
B,R03,training,16,20,0,0.0,0.0,0.0,0.0
B,R03,training,16,21,0,0.0,0.0,0.0,0.0
B,R03,training,16,22,0,0.0,0.0,0.0,0.0
B,R03,training,16,23,0,0.0,0.0,0.0,0.0
B,R03,training,16,24,0,0.0,0.0,0.0,0.0
B,R03,training,16,25,0,0.0,0.0,0.0,0.0
B,R03,training,16,26,0,0.0,0.0,0.0,0.0
B,R03,training,16,27,0,0.0,0.0,0.0,0.0
B,R03,training,16,28,0,0.0,0.0,0.0,0.0
B,R03,training,16,29,0,0.0,0.0,0.0,0.0
B,R03,training,16,30,0,0.0,0.0,0.0,0.0
B,R03,training,16,31,0,0.0,0.0,0.0,0.0
B,R03,training,16,32,0,0.0,0.0,0.0,0.0
B,R03,training,16,33,0,0.0,0.0,0.0,0.0
B,R03,training,16,34,0,0.0,0.0,0.0,0.0
B,R03,training,16,35,0,0.0,0.0,0.0,0.0
B,R03,training,16,36,0,0.0,0.0,0.0,0.0
B,R03,training,16,37,0,0.0,0.0,0.0,0.0
B,R03,training,16,38,0,0.0,0.0,0.0,0.0
B,R03,training,16,39,0,0.0,0.0,0.0,0.0
B,R03,training,16,40,0,0.0,0.0,0.0,0.0
B,R03,training,16,41,0,0.0,0.0,0.0,0.0
B,R03,training,16,42,0,0.0,0.0,0.0,0.0
B,R03,training,16,43,0,0.0,0.0,0.0,0.0
B,R03,training,16,44,0,0.0,0.0,0.0,0.0
B,R03,training,16,45,0,0.0,0.0,0.0,0.0
B,R03,training,16,46,0,0.0,0.0,0.0,0.0
B,R03,training,16,47,0,0.0,0.0,0.0,0.0
B,R03,training,16,48,0,0.0,0.0,0.0,0.0
B,R03,training,16,49,0,0.0,0.0,0.0,0.0
B,R03,training,16,50,0,0.0,0.0,0.0,0.0
B,R03,training,16,51,0,0.0,0.0,0.0,0.0
B,R03,training,16,52,0,0.0,0.0,0.0,0.0
B,R03,training,16,53,0,0.0,0.0,0.0,0.0
B,R03,training,16,54,0,0.0,0.0,0.0,0.0
B,R03,training,16,55,0,0.0,0.0,0.0,0.0
B,R03,training,16,56,0,0.0,0.0,0.0,0.0
B,R03,training,16,57,0,0.0,0.0,0.0,0.0
B,R03,training,16,58,0,0.0,0.0,0.0,0.0
B,R03,training,16,59,0,0.0,0.0,0.0,0.0
B,R03,training,16,60,0,0.0,0.0,0.0,0.0
B,R03,training,16,61,0,0.0,0.0,0.0,0.0
B,R03,training,16,62,0,0.0,0.0,0.0,0.0
B,R03,training,16,63,0,0.0,0.0,0.0,0.0
B,R03,training,16,64,0,0.0,0.0,0.0,0.0
B,R03,training,16,65,0,0.0,0.0,0.0,0.0
B,R03,training,16,66,0,0.0,0.0,0.0,0.0
B,R03,training,16,67,0,0.0,0.0,0.0,0.0
B,R03,training,16,68,0,0.0,0.0,0.0,0.0
B,R03,training,16,69,0,0.0,0.0,0.0,0.0
B,R03,training,16,70,0,0.0,0.0,0.0,0.0
B,R03,training,16,71,0,0.0,0.0,0.0,0.0
B,R03,training,16,72,0,0.0,0.0,0.0,0.0
B,R03,training,16,73,0,0.0,0.0,0.0,0.0
B,R03,training,16,74,0,0.0,0.0,0.0,0.0
B,R03,training,16,75,0,0.0,0.0,0.0,0.0
B,R03,training,16,76,0,0.0,0.0,0.0,0.0
B,R03,training,16,77,0,0.0,0.0,0.0,0.0
B,R03,training,16,78,0,0.0,0.0,0.0,0.0
B,R03,training,16,79,0,0.0,0.0,0.0,0.0
B,R03,training,16,80,0,0.0,0.0,0.0,0.0
B,R03,training,16,81,0,0.0,0.0,0.0,0.0
B,R03,training,16,82,0,0.0,0.0,0.0,0.0
B,R03,training,16,83,0,0.0,0.0,0.0,0.0
B,R03,training,16,84,0,0.0,0.0,0.0,0.0
B,R03,training,16,85,0,0.0,0.0,0.0,0.0
B,R03,training,16,86,0,0.0,0.0,0.0,0.0
B,R03,training,16,87,0,0.0,0.0,0.0,0.0
B,R03,training,16,88,0,0.0,0.0,0.0,0.0
B,R03,training,16,89,0,0.0,0.0,0.0,0.0
B,R03,training,16,90,0,0.0,0.0,0.0,0.0
B,R03,training,16,91,0,0.0,0.0,0.0,0.0
B,R03,training,16,92,0,0.0,0.0,0.0,0.0
B,R03,training,16,93,0,0.0,0.0,0.0,0.0
B,R03,training,16,94,0,0.0,0.0,0.0,0.0
B,R03,training,16,95,0,0.0,0.0,0.0,0.0
B,R03,training,16,96,0,0.0,0.0,0.0,0.0
B,R03,training,16,97,0,0.0,0.0,0.0,0.0
B,R03,training,16,98,0,0.0,0.0,0.0,0.0
B,R03,training,16,99,0,0.0,0.0,0.0,0.0
B,R03,training,16,100,0,0.0,0.0,0.0,0.0
B,R03,training,16,101,0,0.0,0.0,0.0,0.0
B,R03,training,16,102,0,0.0,0.0,0.0,0.0
B,R03,training,16,103,0,0.0,0.0,0.0,0.0
B,R03,training,16,104,0,0.0,0.0,0.0,0.0
B,R03,training,16,105,0,0.0,0.0,0.0,0.0
B,R03,training,16,106,0,0.0,0.0,0.0,0.0
B,R03,training,16,107,0,0.0,0.0,0.0,0.0
B,R03,training,16,108,0,0.0,0.0,0.0,0.0
B,R03,training,16,109,0,0.0,0.0,0.0,0.0
B,R03,training,16,110,0,0.0,0.0,0.0,0.0
B,R03,training,16,111,0,0.0,0.0,0.0,0.0
B,R03,training,16,112,0,0.0,0.0,0.0,0.0
B,R03,training,16,113,0,0.0,0.0,0.0,0.0
B,R03,training,16,114,0,0.0,0.0,0.0,0.0
B,R03,training,16,115,0,0.0,0.0,0.0,0.0
B,R03,training,16,116,0,0.0,0.0,0.0,0.0
B,R03,training,16,117,0,0.0,0.0,0.0,0.0
B,R03,training,16,118,0,0.0,0.0,0.0,0.0
B,R03,training,16,119,0,0.0,0.0,0.0,0.0
B,R03,training,16,120,0,0.0,0.0,0.0,0.0
B,R03,training,16,121,0,0.0,0.0,0.0,0.0
B,R03,training,16,122,0,0.0,0.0,0.0,0.0
B,R03,training,16,123,0,0.0,0.0,0.0,0.0
B,R03,training,16,124,0,0.0,0.0,0.0,0.0
B,R03,training,16,125,0,0.0,0.0,0.0,0.0
B,R03,training,16,126,0,0.0,0.0,0.0,0.0
B,R03,training,16,127,0,0.0,0.0,0.0,0.0
B,R03,training,16,128,0,0.0,0.0,0.0,0.0
B,R03,training,16,129,0,0.0,0.0,0.0,0.0
B,R03,training,16,130,0,0.0,0.0,0.0,0.0
B,R03,training,16,131,0,0.0,0.0,0.0,0.0
B,R03,training,16,132,0,0.0,0.0,0.0,0.0
B,R03,training,16,133,0,0.0,0.0,0.0,0.0
B,R03,training,16,134,0,0.0,0.0,0.0,0.0
B,R03,training,16,135,0,0.0,0.0,0.0,0.0
B,R03,training,16,136,0,0.0,0.0,0.0,0.0
B,R03,training,16,137,0,0.0,0.0,0.0,0.0
B,R03,training,16,138,0,0.0,0.0,0.0,0.0
B,R03,training,16,139,0,0.0,0.0,0.0,0.0
B,R03,training,16,140,0,0.0,0.0,0.0,0.0
B,R03,training,16,141,0,0.0,0.0,0.0,0.0
B,R03,training,16,142,0,0.0,0.0,0.0,0.0
B,R03,training,16,143,0,0.0,0.0,0.0,0.0
B,R03,training,16,144,0,0.0,0.0,0.0,0.0
B,R03,training,16,145,0,0.0,0.0,0.0,0.0
B,R03,training,16,146,0,0.0,0.0,0.0,0.0
B,R03,training,16,147,0,0.0,0.0,0.0,0.0
B,R03,training,16,148,0,0.0,0.0,0.0,0.0
B,R03,training,16,149,0,0.0,0.0,0.0,0.0
B,R03,training,16,150,0,0.0,0.0,0.0,0.0
B,R03,training,16,151,0,0.0,0.0,0.0,0.0
B,R03,training,16,152,0,0.0,0.0,0.0,0.0
B,R03,training,16,153,0,0.0,0.0,0.0,0.0
B,R03,training,16,154,0,0.0,0.0,0.0,0.0
B,R03,training,16,155,0,0.0,0.0,0.0,0.0
B,R03,training,16,156,0,0.0,0.0,0.0,0.0
B,R03,training,16,157,0,0.0,0.0,0.0,0.0
B,R03,training,16,158,0,0.0,0.0,0.0,0.0
B,R03,training,16,159,0,0.0,0.0,0.0,0.0
B,R03,training,16,160,0,0.0,0.0,0.0,0.0
B,R03,training,16,161,0,0.0,0.0,0.0,0.0
B,R03,training,16,162,0,0.0,0.0,0.0,0.0
B,R03,training,16,163,0,0.0,0.0,0.0,0.0
B,R03,training,16,164,0,0.0,0.0,0.0,0.0
B,R03,training,16,165,0,0.0,0.0,0.0,0.0
B,R03,training,16,166,0,0.0,0.0,0.0,0.0
B,R03,training,16,167,0,0.0,0.0,0.0,0.0
B,R03,training,16,168,0,0.0,0.0,0.0,0.0
B,R03,training,16,169,0,0.0,0.0,0.0,0.0
B,R03,training,16,170,0,0.0,0.0,0.0,0.0
B,R03,training,16,171,0,0.0,0.0,0.0,0.0
B,R03,training,16,172,0,0.0,0.0,0.0,0.0
B,R03,training,16,173,0,0.0,0.0,0.0,0.0
B,R03,training,16,174,0,0.0,0.0,0.0,0.0
B,R03,training,16,175,0,0.0,0.0,0.0,0.0
B,R03,training,16,176,0,0.0,0.0,0.0,0.0
B,R03,training,16,177,0,0.0,0.0,0.0,0.0
B,R03,training,16,178,0,0.0,0.0,0.0,0.0
B,R03,training,16,179,0,0.0,0.0,0.0,0.0
B,R03,training,16,180,0,0.0,0.0,0.0,0.0
B,R03,training,16,181,0,0.0,0.0,0.0,0.0
B,R03,training,16,182,0,0.0,0.0,0.0,0.0
B,R03,training,16,183,0,0.0,0.0,0.0,0.0
B,R03,training,16,184,0,0.0,0.0,0.0,0.0
B,R03,training,16,185,0,0.0,0.0,0.0,0.0
B,R03,training,16,186,0,0.0,0.0,0.0,0.0
B,R03,training,16,187,0,0.0,0.0,0.0,0.0
B,R03,training,16,188,0,0.0,0.0,0.0,0.0
B,R03,training,16,189,0,0.0,0.0,0.0,0.0
B,R03,training,16,190,0,0.0,0.0,0.0,0.0
B,R03,training,16,191,0,0.0,0.0,0.0,0.0
B,R03,training,16,192,0,0.0,0.0,0.0,0.0
B,R03,training,16,193,0,0.0,0.0,0.0,0.0
B,R03,training,16,194,0,0.0,0.0,0.0,0.0
B,R03,training,16,195,0,0.0,0.0,0.0,0.0
B,R03,training,16,196,0,0.0,0.0,0.0,0.0
B,R03,training,16,197,0,0.0,0.0,0.0,0.0
B,R03,training,16,198,0,0.0,0.0,0.0,0.0
B,R03,training,16,199,0,0.0,0.0,0.0,0.0
B,R03,training,16,200,0,0.0,0.0,0.0,0.0
B,R03,training,16,201,0,0.0,0.0,0.0,0.0
B,R03,training,16,202,0,0.0,0.0,0.0,0.0
B,R03,training,16,203,0,0.0,0.0,0.0,0.0
B,R03,training,16,204,0,0.0,0.0,0.0,0.0
B,R03,training,16,205,0,0.0,0.0,0.0,0.0
B,R03,training,16,206,0,0.0,0.0,0.0,0.0
B,R03,training,16,207,0,0.0,0.0,0.0,0.0
B,R03,training,16,208,0,0.0,0.0,0.0,0.0
B,R03,training,16,209,0,0.0,0.0,0.0,0.0
B,R03,training,16,210,0,0.0,0.0,0.0,0.0
B,R03,training,16,211,0,0.0,0.0,0.0,0.0
B,R03,training,16,212,0,0.0,0.0,0.0,0.0
B,R03,training,16,213,0,0.0,0.0,0.0,0.0
B,R03,training,16,214,0,0.0,0.0,0.0,0.0
B,R03,training,16,215,0,0.0,0.0,0.0,0.0
B,R03,training,16,216,0,0.0,0.0,0.0,0.0
B,R03,training,16,217,0,0.0,0.0,0.0,0.0
B,R03,training,16,218,0,0.0,0.0,0.0,0.0
B,R03,training,16,219,0,0.0,0.0,0.0,0.0
B,R03,training,16,220,0,0.0,0.0,0.0,0.0
B,R03,training,16,221,0,0.0,0.0,0.0,0.0
B,R03,training,16,222,0,0.0,0.0,0.0,0.0
B,R03,training,16,223,0,0.0,0.0,0.0,0.0
B,R03,training,16,224,0,0.0,0.0,0.0,0.0
B,R03,training,16,225,0,0.0,0.0,0.0,0.0
B,R03,training,16,226,0,0.0,0.0,0.0,0.0
B,R03,training,16,227,0,0.0,0.0,0.0,0.0
B,R03,training,16,228,0,0.0,0.0,0.0,0.0
B,R03,training,16,229,0,0.0,0.0,0.0,0.0
B,R03,training,16,230,0,0.0,0.0,0.0,0.0
B,R03,training,16,231,0,0.0,0.0,0.0,0.0
B,R03,training,16,232,0,0.0,0.0,0.0,0.0
B,R03,training,16,233,0,0.0,0.0,0.0,0.0
B,R03,training,16,234,0,0.0,0.0,0.0,0.0
B,R03,training,16,235,0,0.0,0.0,0.0,0.0
B,R03,training,16,236,0,0.0,0.0,0.0,0.0
B,R03,training,16,237,0,0.0,0.0,0.0,0.0
B,R03,training,16,238,0,0.0,0.0,0.0,0.0
B,R03,training,16,239,0,0.0,0.0,0.0,0.0
B,R03,training,16,240,0,0.0,0.0,0.0,0.0
B,R03,training,16,241,0,0.0,0.0,0.0,0.0
B,R03,training,16,242,0,0.0,0.0,0.0,0.0
B,R03,training,16,243,0,0.0,0.0,0.0,0.0
B,R03,training,16,244,0,0.0,0.0,0.0,0.0
B,R03,training,16,245,0,0.0,0.0,0.0,0.0
B,R03,training,16,246,0,0.0,0.0,0.0,0.0
B,R03,training,16,247,0,0.0,0.0,0.0,0.0
B,R03,training,16,248,0,0.0,0.0,0.0,0.0
B,R03,training,16,249,0,0.0,0.0,0.0,0.0
B,R03,training,16,250,0,0.0,0.0,0.0,0.0
B,R03,training,16,251,0,0.0,0.0,0.0,0.0
B,R03,training,16,252,0,0.0,0.0,0.0,0.0
B,R03,training,16,253,0,0.0,0.0,0.0,0.0
B,R03,training,16,254,0,0.0,0.0,0.0,0.0
B,R03,training,16,255,0,0.0,0.0,0.0,0.0
B,R03,training,16,256,0,0.0,0.0,0.0,0.0
B,R03,training,16,257,0,0.0,0.0,0.0,0.0
B,R03,training,16,258,0,0.0,0.0,0.0,0.0
B,R03,training,16,259,0,0.0,0.0,0.0,0.0
B,R03,training,16,260,0,0.0,0.0,0.0,0.0
B,R03,training,16,261,0,0.0,0.0,0.0,0.0
B,R03,training,16,262,0,0.0,0.0,0.0,0.0
B,R03,training,16,263,0,0.0,0.0,0.0,0.0
B,R03,training,16,264,0,0.0,0.0,0.0,0.0
B,R03,training,16,265,0,0.0,0.0,0.0,0.0
B,R03,training,16,266,0,0.0,0.0,0.0,0.0
B,R03,training,16,267,0,0.0,0.0,0.0,0.0
B,R03,training,16,268,0,0.0,0.0,0.0,0.0
B,R03,training,16,269,0,0.0,0.0,0.0,0.0
B,R03,training,16,270,0,0.0,0.0,0.0,0.0
B,R03,training,16,271,0,0.0,0.0,0.0,0.0
B,R03,training,16,272,0,0.0,0.0,0.0,0.0
B,R03,training,16,273,0,0.0,0.0,0.0,0.0
B,R03,training,16,274,0,0.0,0.0,0.0,0.0
B,R03,training,16,275,0,0.0,0.0,0.0,0.0
B,R03,training,16,276,0,0.0,0.0,0.0,0.0
B,R03,training,16,277,0,0.0,0.0,0.0,0.0
B,R03,training,16,278,0,0.0,0.0,0.0,0.0
B,R03,training,16,279,0,0.0,0.0,0.0,0.0
B,R03,training,16,280,0,0.0,0.0,0.0,0.0
B,R03,training,16,281,0,0.0,0.0,0.0,0.0
B,R03,training,16,282,0,0.0,0.0,0.0,0.0
B,R03,training,16,283,0,0.0,0.0,0.0,0.0
B,R03,training,16,284,0,0.0,0.0,0.0,0.0
B,R03,training,16,285,0,0.0,0.0,0.0,0.0
B,R03,training,16,286,0,0.0,0.0,0.0,0.0
B,R03,training,16,287,0,0.0,0.0,0.0,0.0
B,R03,training,16,288,0,0.0,0.0,0.0,0.0
B,R03,training,16,289,0,0.0,0.0,0.0,0.0
B,R03,training,16,290,0,0.0,0.0,0.0,0.0
B,R03,training,16,291,0,0.0,0.0,0.0,0.0
B,R03,training,16,292,0,0.0,0.0,0.0,0.0
B,R03,training,16,293,0,0.0,0.0,0.0,0.0
B,R03,training,16,294,0,0.0,0.0,0.0,0.0
B,R03,training,16,295,0,0.0,0.0,0.0,0.0
B,R03,training,16,296,0,0.0,0.0,0.0,0.0
B,R03,training,16,297,0,0.0,0.0,0.0,0.0
B,R03,training,16,298,0,0.0,0.0,0.0,0.0
B,R03,training,16,299,0,0.0,0.0,0.0,0.0
B,R03,training,16,300,0,0.0,0.0,0.0,0.0
B,R03,training,16,301,0,0.0,0.0,0.0,0.0
B,R03,training,16,302,0,0.0,0.0,0.0,0.0
B,R03,training,16,303,0,0.0,0.0,0.0,0.0
B,R03,training,16,304,0,0.0,0.0,0.0,0.0
B,R03,training,16,305,0,0.0,0.0,0.0,0.0
B,R03,training,16,306,0,0.0,0.0,0.0,0.0
B,R03,training,16,307,0,0.0,0.0,0.0,0.0
B,R03,training,16,308,0,0.0,0.0,0.0,0.0
B,R03,training,16,309,0,0.0,0.0,0.0,0.0
B,R03,training,16,310,0,0.0,0.0,0.0,0.0
B,R03,training,16,311,0,0.0,0.0,0.0,0.0
B,R03,training,16,312,0,0.0,0.0,0.0,0.0
B,R03,training,16,313,0,0.0,0.0,0.0,0.0
B,R03,training,16,314,0,0.0,0.0,0.0,0.0
B,R03,training,16,315,0,0.0,0.0,0.0,0.0
B,R03,training,16,316,0,0.0,0.0,0.0,0.0
B,R03,training,16,317,0,0.0,0.0,0.0,0.0
B,R03,training,16,318,0,0.0,0.0,0.0,0.0
B,R03,training,16,319,0,0.0,0.0,0.0,0.0
B,R03,training,16,320,0,0.0,0.0,0.0,0.0
B,R03,training,16,321,0,0.0,0.0,0.0,0.0
B,R03,training,16,322,0,0.0,0.0,0.0,0.0
B,R03,training,16,323,0,0.0,0.0,0.0,0.0
B,R03,training,16,324,0,0.0,0.0,0.0,0.0
B,R03,training,16,325,0,0.0,0.0,0.0,0.0
B,R03,training,16,326,0,0.0,0.0,0.0,0.0
B,R03,training,16,327,0,0.0,0.0,0.0,0.0
B,R03,training,16,328,0,0.0,0.0,0.0,0.0
B,R03,training,16,329,0,0.0,0.0,0.0,0.0
B,R03,training,16,330,0,0.0,0.0,0.0,0.0
B,R03,training,16,331,0,0.0,0.0,0.0,0.0
B,R03,training,16,332,0,0.0,0.0,0.0,0.0
B,R03,training,16,333,0,0.0,0.0,0.0,0.0
B,R03,training,16,334,0,0.0,0.0,0.0,0.0
B,R03,training,16,335,0,0.0,0.0,0.0,0.0
B,R03,training,16,336,0,0.0,0.0,0.0,0.0
B,R03,training,16,337,0,0.0,0.0,0.0,0.0
B,R03,training,16,338,0,0.0,0.0,0.0,0.0
B,R03,training,16,339,0,0.0,0.0,0.0,0.0
B,R03,training,16,340,0,0.0,0.0,0.0,0.0
B,R03,training,16,341,0,0.0,0.0,0.0,0.0
B,R03,training,16,342,0,0.0,0.0,0.0,0.0
B,R03,training,16,343,0,0.0,0.0,0.0,0.0
B,R03,training,16,344,0,0.0,0.0,0.0,0.0
B,R03,training,16,345,0,0.0,0.0,0.0,0.0
B,R03,training,16,346,0,0.0,0.0,0.0,0.0
B,R03,training,16,347,0,0.0,0.0,0.0,0.0
B,R03,training,16,348,0,0.0,0.0,0.0,0.0
B,R03,training,16,349,0,0.0,0.0,0.0,0.0
B,R03,training,16,350,0,0.0,0.0,0.0,0.0
B,R03,training,16,351,0,0.0,0.0,0.0,0.0
B,R03,training,16,352,0,0.0,0.0,0.0,0.0
B,R03,training,16,353,0,0.0,0.0,0.0,0.0
B,R03,training,16,354,0,0.0,0.0,0.0,0.0
B,R03,training,16,355,0,0.0,0.0,0.0,0.0
B,R03,training,16,356,0,0.0,0.0,0.0,0.0
B,R03,training,16,357,0,0.0,0.0,0.0,0.0
B,R03,training,16,358,0,0.0,0.0,0.0,0.0
B,R03,training,16,359,0,0.0,0.0,0.0,0.0
B,R03,training,16,360,0,0.0,0.0,0.0,0.0
B,R03,training,16,361,0,0.0,0.0,0.0,0.0
B,R03,training,16,362,0,0.0,0.0,0.0,0.0
B,R03,training,16,363,0,0.0,0.0,0.0,0.0
B,R03,training,16,364,0,0.0,0.0,0.0,0.0
B,R03,training,16,365,0,0.0,0.0,0.0,0.0
B,R03,training,16,366,0,0.0,0.0,0.0,0.0
B,R03,training,16,367,0,0.0,0.0,0.0,0.0
B,R03,training,16,368,0,0.0,0.0,0.0,0.0
B,R03,training,16,369,0,0.0,0.0,0.0,0.0
B,R03,training,16,370,0,0.0,0.0,0.0,0.0
B,R03,training,16,371,0,0.0,0.0,0.0,0.0
B,R03,training,16,372,0,0.0,0.0,0.0,0.0
B,R03,training,16,373,0,0.0,0.0,0.0,0.0
B,R03,training,16,374,0,0.0,0.0,0.0,0.0
B,R03,training,16,375,0,0.0,0.0,0.0,0.0
B,R03,training,16,376,0,0.0,0.0,0.0,0.0
B,R03,training,16,377,0,0.0,0.0,0.0,0.0
B,R03,training,16,378,0,0.0,0.0,0.0,0.0
B,R03,training,16,379,0,0.0,0.0,0.0,0.0
B,R03,training,16,380,0,0.0,0.0,0.0,0.0
B,R03,training,16,381,0,0.0,0.0,0.0,0.0
B,R03,training,16,382,0,0.0,0.0,0.0,0.0
B,R03,training,16,383,0,0.0,0.0,0.0,0.0
B,R03,training,16,384,0,0.0,0.0,0.0,0.0
B,R03,training,16,385,0,0.0,0.0,0.0,0.0
B,R03,training,16,386,0,0.0,0.0,0.0,0.0
B,R03,training,16,387,0,0.0,0.0,0.0,0.0
B,R03,training,16,388,0,0.0,0.0,0.0,0.0
B,R03,training,16,389,0,0.0,0.0,0.0,0.0
B,R03,training,16,390,0,0.0,0.0,0.0,0.0
B,R03,training,16,391,0,0.0,0.0,0.0,0.0
B,R03,training,16,392,0,0.0,0.0,0.0,0.0
B,R03,training,16,393,0,0.0,0.0,0.0,0.0
B,R03,training,16,394,0,0.0,0.0,0.0,0.0
B,R03,training,16,395,0,0.0,0.0,0.0,0.0
B,R03,training,16,396,0,0.0,0.0,0.0,0.0
B,R03,training,16,397,0,0.0,0.0,0.0,0.0
B,R03,training,16,398,0,0.0,0.0,0.0,0.0
B,R03,training,16,399,0,0.0,0.0,0.0,0.0
B,R03,training,16,400,0,0.0,0.0,0.0,0.0
B,R03,training,16,401,0,0.0,0.0,0.0,0.0
B,R03,training,16,402,0,0.0,0.0,0.0,0.0
B,R03,training,16,403,0,0.0,0.0,0.0,0.0
B,R03,training,16,404,0,0.0,0.0,0.0,0.0
B,R03,training,16,405,0,0.0,0.0,0.0,0.0
B,R03,training,16,406,0,0.0,0.0,0.0,0.0
B,R03,training,16,407,0,0.0,0.0,0.0,0.0
B,R03,training,16,408,0,0.0,0.0,0.0,0.0
B,R03,training,16,409,0,0.0,0.0,0.0,0.0
B,R03,training,16,410,0,0.0,0.0,0.0,0.0
B,R03,training,16,411,0,0.0,0.0,0.0,0.0
B,R03,training,16,412,0,0.0,0.0,0.0,0.0
B,R03,training,16,413,0,0.0,0.0,0.0,0.0
B,R03,training,16,414,0,0.0,0.0,0.0,0.0
B,R03,training,16,415,0,0.0,0.0,0.0,0.0
B,R03,training,16,416,0,0.0,0.0,0.0,0.0
B,R03,training,16,417,0,0.0,0.0,0.0,0.0
B,R03,training,16,418,0,0.0,0.0,0.0,0.0
B,R03,training,16,419,0,0.0,0.0,0.0,0.0
B,R03,training,16,420,0,0.0,0.0,0.0,0.0
B,R03,training,16,421,0,0.0,0.0,0.0,0.0
B,R03,training,16,422,0,0.0,0.0,0.0,0.0
B,R03,training,16,423,0,0.0,0.0,0.0,0.0
B,R03,training,16,424,0,0.0,0.0,0.0,0.0
B,R03,training,16,425,0,0.0,0.0,0.0,0.0
B,R03,training,16,426,0,0.0,0.0,0.0,0.0
B,R03,training,16,427,0,0.0,0.0,0.0,0.0
B,R03,training,16,428,0,0.0,0.0,0.0,0.0
B,R03,training,16,429,0,0.0,0.0,0.0,0.0
B,R03,training,16,430,0,0.0,0.0,0.0,0.0
B,R03,training,16,431,0,0.0,0.0,0.0,0.0
B,R03,training,16,432,0,0.0,0.0,0.0,0.0
B,R03,training,16,433,0,0.0,0.0,0.0,0.0
B,R03,training,16,434,0,0.0,0.0,0.0,0.0
B,R03,training,16,435,0,0.0,0.0,0.0,0.0
B,R03,training,16,436,0,0.0,0.0,0.0,0.0
B,R03,training,16,437,0,0.0,0.0,0.0,0.0
B,R03,training,16,438,0,0.0,0.0,0.0,0.0
B,R03,training,16,439,0,0.0,0.0,0.0,0.0
B,R03,training,16,440,0,0.0,0.0,0.0,0.0
B,R03,training,16,441,0,0.0,0.0,0.0,0.0
B,R03,training,16,442,0,0.0,0.0,0.0,0.0
B,R03,training,16,443,0,0.0,0.0,0.0,0.0
B,R03,training,16,444,0,0.0,0.0,0.0,0.0
B,R03,training,16,445,0,0.0,0.0,0.0,0.0
B,R03,training,16,446,0,0.0,0.0,0.0,0.0
B,R03,training,16,447,0,0.0,0.0,0.0,0.0
B,R03,training,16,448,0,0.0,0.0,0.0,0.0
B,R03,training,16,449,0,0.0,0.0,0.0,0.0
B,R03,training,16,450,0,0.0,0.0,0.0,0.0
B,R03,training,16,451,0,0.0,0.0,0.0,0.0
B,R03,training,16,452,0,0.0,0.0,0.0,0.0
B,R03,training,16,453,0,0.0,0.0,0.0,0.0
B,R03,training,16,454,0,0.0,0.0,0.0,0.0
B,R03,training,16,455,0,0.0,0.0,0.0,0.0
B,R03,training,16,456,0,0.0,0.0,0.0,0.0
B,R03,training,16,457,0,0.0,0.0,0.0,0.0
B,R03,training,16,458,0,0.0,0.0,0.0,0.0
B,R03,training,16,459,0,0.0,0.0,0.0,0.0
B,R03,training,16,460,0,0.0,0.0,0.0,0.0
B,R03,training,16,461,0,0.0,0.0,0.0,0.0
B,R03,training,16,462,0,0.0,0.0,0.0,0.0
B,R03,training,16,463,0,0.0,0.0,0.0,0.0
B,R03,training,16,464,0,0.0,0.0,0.0,0.0
B,R03,training,16,465,0,0.0,0.0,0.0,0.0
B,R03,training,16,466,0,0.0,0.0,0.0,0.0
B,R03,training,16,467,0,0.0,0.0,0.0,0.0
B,R03,training,16,468,0,0.0,0.0,0.0,0.0
B,R03,training,16,469,0,0.0,0.0,0.0,0.0
B,R03,training,16,470,0,0.0,0.0,0.0,0.0
B,R03,training,16,471,0,0.0,0.0,0.0,0.0
B,R03,training,16,472,0,0.0,0.0,0.0,0.0
B,R03,training,16,473,0,0.0,0.0,0.0,0.0
B,R03,training,16,474,0,0.0,0.0,0.0,0.0
B,R03,training,16,475,0,0.0,0.0,0.0,0.0
B,R03,training,16,476,0,0.0,0.0,0.0,0.0
B,R03,training,16,477,0,0.0,0.0,0.0,0.0
B,R03,training,16,478,0,0.0,0.0,0.0,0.0
B,R03,training,16,479,0,0.0,0.0,0.0,0.0
B,R03,training,16,480,0,0.0,0.0,0.0,0.0
B,R03,training,16,481,0,0.0,0.0,0.0,0.0
B,R03,training,16,482,0,0.0,0.0,0.0,0.0
B,R03,training,16,483,0,0.0,0.0,0.0,0.0
B,R03,training,16,484,0,0.0,0.0,0.0,0.0
B,R03,training,16,485,0,0.0,0.0,0.0,0.0
B,R03,training,16,486,0,0.0,0.0,0.0,0.0
B,R03,training,16,487,0,0.0,0.0,0.0,0.0
B,R03,training,16,488,0,0.0,0.0,0.0,0.0
B,R03,training,16,489,0,0.0,0.0,0.0,0.0
B,R03,training,16,490,0,0.0,0.0,0.0,0.0
B,R03,training,16,491,0,0.0,0.0,0.0,0.0
B,R03,training,16,492,0,0.0,0.0,0.0,0.0
B,R03,training,16,493,0,0.0,0.0,0.0,0.0
B,R03,training,16,494,0,0.0,0.0,0.0,0.0
B,R03,training,16,495,0,0.0,0.0,0.0,0.0
B,R03,training,16,496,0,0.0,0.0,0.0,0.0
B,R03,training,16,497,0,0.0,0.0,0.0,0.0
B,R03,training,16,498,0,0.0,0.0,0.0,0.0
B,R03,training,16,499,0,0.0,0.0,0.0,0.0
B,R03,training,16,500,0,0.0,0.0,0.0,0.0
B,R03,training,16,501,0,0.0,0.0,0.0,0.0
B,R03,training,16,502,0,0.0,0.0,0.0,0.0
B,R03,training,16,503,0,0.0,0.0,0.0,0.0
B,R03,training,16,504,0,0.0,0.0,0.0,0.0
B,R03,training,16,505,0,0.0,0.0,0.0,0.0
B,R03,training,16,506,0,0.0,0.0,0.0,0.0
B,R03,training,16,507,0,0.0,0.0,0.0,0.0
B,R03,training,16,508,0,0.0,0.0,0.0,0.0
B,R03,training,16,509,0,0.0,0.0,0.0,0.0
B,R03,training,16,510,0,0.0,0.0,0.0,0.0
B,R03,training,16,511,0,0.0,0.0,0.0,0.0
B,R03,training,16,512,0,0.0,0.0,0.0,0.0
B,R03,training,16,513,0,0.0,0.0,0.0,0.0
B,R03,training,16,514,0,0.0,0.0,0.0,0.0
B,R03,training,16,515,0,0.0,0.0,0.0,0.0
B,R03,training,16,516,0,0.0,0.0,0.0,0.0
B,R03,training,16,517,0,0.0,0.0,0.0,0.0
B,R03,training,16,518,0,0.0,0.0,0.0,0.0
B,R03,training,16,519,0,0.0,0.0,0.0,0.0
B,R03,training,16,520,0,0.0,0.0,0.0,0.0
B,R03,training,16,521,0,0.0,0.0,0.0,0.0
B,R03,training,16,522,0,0.0,0.0,0.0,0.0
B,R03,training,16,523,0,0.0,0.0,0.0,0.0
B,R03,training,16,524,0,0.0,0.0,0.0,0.0
B,R03,training,16,525,0,0.0,0.0,0.0,0.0
B,R03,training,16,526,0,0.0,0.0,0.0,0.0
B,R03,training,16,527,0,0.0,0.0,0.0,0.0
B,R03,training,16,528,0,0.0,0.0,0.0,0.0
B,R03,training,16,529,0,0.0,0.0,0.0,0.0
B,R03,training,16,530,0,0.0,0.0,0.0,0.0
B,R03,training,16,531,0,0.0,0.0,0.0,0.0
B,R03,training,16,532,0,0.0,0.0,0.0,0.0
B,R03,training,16,533,0,0.0,0.0,0.0,0.0
B,R03,training,16,534,0,0.0,0.0,0.0,0.0
B,R03,training,16,535,0,0.0,0.0,0.0,0.0
B,R03,training,16,536,0,0.0,0.0,0.0,0.0
B,R03,training,16,537,0,0.0,0.0,0.0,0.0
B,R03,training,16,538,0,0.0,0.0,0.0,0.0
B,R03,training,16,539,0,0.0,0.0,0.0,0.0
B,R03,training,16,540,0,0.0,0.0,0.0,0.0
B,R03,training,16,541,0,0.0,0.0,0.0,0.0
B,R03,training,16,542,0,0.0,0.0,0.0,0.0
B,R03,training,16,543,0,0.0,0.0,0.0,0.0
B,R03,training,16,544,0,0.0,0.0,0.0,0.0
B,R03,training,16,545,0,0.0,0.0,0.0,0.0
B,R03,training,16,546,0,0.0,0.0,0.0,0.0
B,R03,training,16,547,0,0.0,0.0,0.0,0.0
B,R03,training,16,548,0,0.0,0.0,0.0,0.0
B,R03,training,16,549,0,0.0,0.0,0.0,0.0
B,R03,training,16,550,0,0.0,0.0,0.0,0.0
B,R03,training,16,551,0,0.0,0.0,0.0,0.0
B,R03,training,16,552,0,0.0,0.0,0.0,0.0
B,R03,training,16,553,0,0.0,0.0,0.0,0.0
B,R03,training,16,554,0,0.0,0.0,0.0,0.0
B,R03,training,16,555,0,0.0,0.0,0.0,0.0
B,R03,training,16,556,0,0.0,0.0,0.0,0.0
B,R03,training,16,557,0,0.0,0.0,0.0,0.0
B,R03,training,16,558,0,0.0,0.0,0.0,0.0
B,R03,training,16,559,0,0.0,0.0,0.0,0.0
B,R03,training,16,560,0,0.0,0.0,0.0,0.0
B,R03,training,16,561,0,0.0,0.0,0.0,0.0
B,R03,training,16,562,0,0.0,0.0,0.0,0.0
B,R03,training,16,563,0,0.0,0.0,0.0,0.0
B,R03,training,16,564,0,0.0,0.0,0.0,0.0
B,R03,training,16,565,0,0.0,0.0,0.0,0.0
B,R03,training,16,566,0,0.0,0.0,0.0,0.0
B,R03,training,16,567,0,0.0,0.0,0.0,0.0
B,R03,training,16,568,0,0.0,0.0,0.0,0.0
B,R03,training,16,569,0,0.0,0.0,0.0,0.0
B,R03,training,16,570,0,0.0,0.0,0.0,0.0
B,R03,training,16,571,0,0.0,0.0,0.0,0.0
B,R03,training,16,572,0,0.0,0.0,0.0,0.0
B,R03,training,16,573,0,0.0,0.0,0.0,0.0
B,R03,training,16,574,0,0.0,0.0,0.0,0.0
B,R03,training,16,575,0,0.0,0.0,0.0,0.0
B,R03,training,16,576,0,0.0,0.0,0.0,0.0
B,R03,training,16,577,0,0.0,0.0,0.0,0.0
B,R03,training,16,578,0,0.0,0.0,0.0,0.0
B,R03,training,16,579,0,0.0,0.0,0.0,0.0
B,R03,training,16,580,0,0.0,0.0,0.0,0.0
B,R03,training,16,581,0,0.0,0.0,0.0,0.0
B,R03,training,16,582,0,0.0,0.0,0.0,0.0
B,R03,training,16,583,0,0.0,0.0,0.0,0.0
B,R03,training,16,584,0,0.0,0.0,0.0,0.0
B,R03,training,16,585,0,0.0,0.0,0.0,0.0
B,R03,training,16,586,0,0.0,0.0,0.0,0.0
B,R03,training,16,587,0,0.0,0.0,0.0,0.0
B,R03,training,16,588,0,0.0,0.0,0.0,0.0
B,R03,training,16,589,0,0.0,0.0,0.0,0.0
B,R03,training,16,590,0,0.0,0.0,0.0,0.0
B,R03,training,16,591,0,0.0,0.0,0.0,0.0
B,R03,training,16,592,0,0.0,0.0,0.0,0.0
B,R03,training,16,593,0,0.0,0.0,0.0,0.0
B,R03,training,16,594,0,0.0,0.0,0.0,0.0
B,R03,training,16,595,0,0.0,0.0,0.0,0.0
B,R03,training,16,596,0,0.0,0.0,0.0,0.0
B,R03,training,16,597,0,0.0,0.0,0.0,0.0
B,R03,training,16,598,0,0.0,0.0,0.0,0.0
B,R03,training,16,599,0,0.0,0.0,0.0,0.0
B,R03,training,16,600,0,0.0,0.0,0.0,0.0
B,R03,training,16,601,0,0.0,0.0,0.0,0.0
B,R03,training,16,602,0,0.0,0.0,0.0,0.0
B,R03,training,16,603,0,0.0,0.0,0.0,0.0
B,R03,training,16,604,0,0.0,0.0,0.0,0.0
B,R03,training,16,605,0,0.0,0.0,0.0,0.0
B,R03,training,16,606,0,0.0,0.0,0.0,0.0
B,R03,training,16,607,0,0.0,0.0,0.0,0.0
B,R03,training,16,608,0,0.0,0.0,0.0,0.0
B,R03,training,16,609,0,0.0,0.0,0.0,0.0
B,R03,training,16,610,0,0.0,0.0,0.0,0.0
B,R03,training,16,611,0,0.0,0.0,0.0,0.0
B,R03,training,16,612,0,0.0,0.0,0.0,0.0
B,R03,training,16,613,0,0.0,0.0,0.0,0.0
B,R03,training,16,614,0,0.0,0.0,0.0,0.0
B,R03,training,16,615,0,0.0,0.0,0.0,0.0
B,R03,training,16,616,0,0.0,0.0,0.0,0.0
B,R03,training,16,617,0,0.0,0.0,0.0,0.0
B,R03,training,16,618,0,0.0,0.0,0.0,0.0
B,R03,training,16,619,0,0.0,0.0,0.0,0.0
B,R03,training,16,620,0,0.0,0.0,0.0,0.0
B,R03,training,16,621,0,0.0,0.0,0.0,0.0
B,R03,training,16,622,0,0.0,0.0,0.0,0.0
B,R03,training,16,623,0,0.0,0.0,0.0,0.0
B,R03,training,16,624,0,0.0,0.0,0.0,0.0
B,R03,training,16,625,0,0.0,0.0,0.0,0.0
B,R03,training,16,626,0,0.0,0.0,0.0,0.0
B,R03,training,16,627,0,0.0,0.0,0.0,0.0
B,R03,training,16,628,0,0.0,0.0,0.0,0.0
B,R03,training,16,629,0,0.0,0.0,0.0,0.0
B,R03,training,16,630,0,0.0,0.0,0.0,0.0
B,R03,training,16,631,0,0.0,0.0,0.0,0.0
B,R03,training,16,632,0,0.0,0.0,0.0,0.0
B,R03,training,16,633,0,0.0,0.0,0.0,0.0
B,R03,training,16,634,0,0.0,0.0,0.0,0.0
B,R03,training,16,635,0,0.0,0.0,0.0,0.0
B,R03,training,16,636,0,0.0,0.0,0.0,0.0
B,R03,training,16,637,0,0.0,0.0,0.0,0.0
B,R03,training,16,638,0,0.0,0.0,0.0,0.0
B,R03,training,16,639,0,0.0,0.0,0.0,0.0
B,R03,training,16,640,0,0.0,0.0,0.0,0.0
B,R03,training,16,641,0,0.0,0.0,0.0,0.0
B,R03,training,16,642,0,0.0,0.0,0.0,0.0
B,R03,training,16,643,0,0.0,0.0,0.0,0.0
B,R03,training,16,644,0,0.0,0.0,0.0,0.0
B,R03,training,16,645,0,0.0,0.0,0.0,0.0
B,R03,training,16,646,0,0.0,0.0,0.0,0.0
B,R03,training,16,647,0,0.0,0.0,0.0,0.0
B,R03,training,16,648,0,0.0,0.0,0.0,0.0
B,R03,training,16,649,0,0.0,0.0,0.0,0.0
B,R03,training,16,650,0,0.0,0.0,0.0,0.0
B,R03,training,16,651,0,0.0,0.0,0.0,0.0
B,R03,training,16,652,0,0.0,0.0,0.0,0.0
B,R03,training,16,653,0,0.0,0.0,0.0,0.0
B,R03,training,16,654,0,0.0,0.0,0.0,0.0
B,R03,training,16,655,0,0.0,0.0,0.0,0.0
C,R03,training,16,0,0,0.0,0.0,0.0,0.0
C,R03,training,16,1,0,0.0,0.0,0.0,0.0
C,R03,training,16,2,0,0.0,0.0,0.0,0.0
C,R03,training,16,3,0,0.0,0.0,0.0,0.0
C,R03,training,16,4,0,0.0,0.0,0.0,0.0
C,R03,training,16,5,0,0.0,0.0,0.0,0.0
C,R03,training,16,6,0,0.0,0.0,0.0,0.0
C,R03,training,16,7,0,0.0,0.0,0.0,0.0
C,R03,training,16,8,0,0.0,0.0,0.0,0.0
C,R03,training,16,9,0,0.0,0.0,0.0,0.0
C,R03,training,16,10,0,0.0,0.0,0.0,0.0
C,R03,training,16,11,0,0.0,0.0,0.0,0.0
C,R03,training,16,12,0,0.0,0.0,0.0,0.0
C,R03,training,16,13,0,0.0,0.0,0.0,0.0
C,R03,training,16,14,0,0.0,0.0,0.0,0.0
C,R03,training,16,15,0,0.0,0.0,0.0,0.0
C,R03,training,16,16,0,0.0,0.0,0.0,0.0
C,R03,training,16,17,0,0.0,0.0,0.0,0.0
C,R03,training,16,18,0,0.0,0.0,0.0,0.0
C,R03,training,16,19,0,0.0,0.0,0.0,0.0
C,R03,training,16,20,0,0.0,0.0,0.0,0.0
C,R03,training,16,21,0,0.0,0.0,0.0,0.0
C,R03,training,16,22,0,0.0,0.0,0.0,0.0
C,R03,training,16,23,0,0.0,0.0,0.0,0.0
C,R03,training,16,24,0,0.0,0.0,0.0,0.0
C,R03,training,16,25,0,0.0,0.0,0.0,0.0
C,R03,training,16,26,0,0.0,0.0,0.0,0.0
C,R03,training,16,27,0,0.0,0.0,0.0,0.0
C,R03,training,16,28,0,0.0,0.0,0.0,0.0
C,R03,training,16,29,0,0.0,0.0,0.0,0.0
C,R03,training,16,30,0,0.0,0.0,0.0,0.0
C,R03,training,16,31,0,0.0,0.0,0.0,0.0
C,R03,training,16,32,0,0.0,0.0,0.0,0.0
C,R03,training,16,33,0,0.0,0.0,0.0,0.0
C,R03,training,16,34,0,0.0,0.0,0.0,0.0
C,R03,training,16,35,0,0.0,0.0,0.0,0.0
C,R03,training,16,36,0,0.0,0.0,0.0,0.0
C,R03,training,16,37,0,0.0,0.0,0.0,0.0
C,R03,training,16,38,0,0.0,0.0,0.0,0.0
C,R03,training,16,39,0,0.0,0.0,0.0,0.0
C,R03,training,16,40,0,0.0,0.0,0.0,0.0
C,R03,training,16,41,0,0.0,0.0,0.0,0.0
C,R03,training,16,42,0,0.0,0.0,0.0,0.0
C,R03,training,16,43,0,0.0,0.0,0.0,0.0
C,R03,training,16,44,0,0.0,0.0,0.0,0.0
C,R03,training,16,45,0,0.0,0.0,0.0,0.0
C,R03,training,16,46,0,0.0,0.0,0.0,0.0
C,R03,training,16,47,0,0.0,0.0,0.0,0.0
C,R03,training,16,48,0,0.0,0.0,0.0,0.0
C,R03,training,16,49,0,0.0,0.0,0.0,0.0
C,R03,training,16,50,0,0.0,0.0,0.0,0.0
C,R03,training,16,51,0,0.0,0.0,0.0,0.0
C,R03,training,16,52,0,0.0,0.0,0.0,0.0
C,R03,training,16,53,0,0.0,0.0,0.0,0.0
C,R03,training,16,54,0,0.0,0.0,0.0,0.0
C,R03,training,16,55,0,0.0,0.0,0.0,0.0
C,R03,training,16,56,0,0.0,0.0,0.0,0.0
C,R03,training,16,57,0,0.0,0.0,0.0,0.0
C,R03,training,16,58,0,0.0,0.0,0.0,0.0
C,R03,training,16,59,0,0.0,0.0,0.0,0.0
C,R03,training,16,60,0,0.0,0.0,0.0,0.0
C,R03,training,16,61,0,0.0,0.0,0.0,0.0
C,R03,training,16,62,0,0.0,0.0,0.0,0.0
C,R03,training,16,63,0,0.0,0.0,0.0,0.0
C,R03,training,16,64,0,0.0,0.0,0.0,0.0
C,R03,training,16,65,0,0.0,0.0,0.0,0.0
C,R03,training,16,66,0,0.0,0.0,0.0,0.0
C,R03,training,16,67,0,0.0,0.0,0.0,0.0
C,R03,training,16,68,0,0.0,0.0,0.0,0.0
C,R03,training,16,69,0,0.0,0.0,0.0,0.0
C,R03,training,16,70,0,0.0,0.0,0.0,0.0
C,R03,training,16,71,0,0.0,0.0,0.0,0.0
C,R03,training,16,72,0,0.0,0.0,0.0,0.0
C,R03,training,16,73,0,0.0,0.0,0.0,0.0
C,R03,training,16,74,0,0.0,0.0,0.0,0.0
C,R03,training,16,75,0,0.0,0.0,0.0,0.0
C,R03,training,16,76,0,0.0,0.0,0.0,0.0
C,R03,training,16,77,0,0.0,0.0,0.0,0.0
C,R03,training,16,78,0,0.0,0.0,0.0,0.0
C,R03,training,16,79,0,0.0,0.0,0.0,0.0
C,R03,training,16,80,0,0.0,0.0,0.0,0.0
C,R03,training,16,81,0,0.0,0.0,0.0,0.0
C,R03,training,16,82,0,0.0,0.0,0.0,0.0
C,R03,training,16,83,0,0.0,0.0,0.0,0.0
C,R03,training,16,84,0,0.0,0.0,0.0,0.0
C,R03,training,16,85,0,0.0,0.0,0.0,0.0
C,R03,training,16,86,0,0.0,0.0,0.0,0.0
C,R03,training,16,87,0,0.0,0.0,0.0,0.0
C,R03,training,16,88,0,0.0,0.0,0.0,0.0
C,R03,training,16,89,0,0.0,0.0,0.0,0.0
C,R03,training,16,90,0,0.0,0.0,0.0,0.0
C,R03,training,16,91,0,0.0,0.0,0.0,0.0
C,R03,training,16,92,0,0.0,0.0,0.0,0.0
C,R03,training,16,93,0,0.0,0.0,0.0,0.0
C,R03,training,16,94,0,0.0,0.0,0.0,0.0
C,R03,training,16,95,0,0.0,0.0,0.0,0.0
C,R03,training,16,96,0,0.0,0.0,0.0,0.0
C,R03,training,16,97,0,0.0,0.0,0.0,0.0
C,R03,training,16,98,0,0.0,0.0,0.0,0.0
C,R03,training,16,99,0,0.0,0.0,0.0,0.0
C,R03,training,16,100,0,0.0,0.0,0.0,0.0
C,R03,training,16,101,0,0.0,0.0,0.0,0.0
C,R03,training,16,102,0,0.0,0.0,0.0,0.0
C,R03,training,16,103,0,0.0,0.0,0.0,0.0
C,R03,training,16,104,0,0.0,0.0,0.0,0.0
C,R03,training,16,105,0,0.0,0.0,0.0,0.0
C,R03,training,16,106,0,0.0,0.0,0.0,0.0
C,R03,training,16,107,0,0.0,0.0,0.0,0.0
C,R03,training,16,108,0,0.0,0.0,0.0,0.0
C,R03,training,16,109,0,0.0,0.0,0.0,0.0
C,R03,training,16,110,0,0.0,0.0,0.0,0.0
C,R03,training,16,111,0,0.0,0.0,0.0,0.0
C,R03,training,16,112,0,0.0,0.0,0.0,0.0
C,R03,training,16,113,0,0.0,0.0,0.0,0.0
C,R03,training,16,114,0,0.0,0.0,0.0,0.0
C,R03,training,16,115,0,0.0,0.0,0.0,0.0
C,R03,training,16,116,0,0.0,0.0,0.0,0.0
C,R03,training,16,117,0,0.0,0.0,0.0,0.0
C,R03,training,16,118,0,0.0,0.0,0.0,0.0
C,R03,training,16,119,0,0.0,0.0,0.0,0.0
C,R03,training,16,120,0,0.0,0.0,0.0,0.0
C,R03,training,16,121,0,0.0,0.0,0.0,0.0
C,R03,training,16,122,0,0.0,0.0,0.0,0.0
C,R03,training,16,123,0,0.0,0.0,0.0,0.0
C,R03,training,16,124,0,0.0,0.0,0.0,0.0
C,R03,training,16,125,0,0.0,0.0,0.0,0.0
C,R03,training,16,126,0,0.0,0.0,0.0,0.0
C,R03,training,16,127,0,0.0,0.0,0.0,0.0
C,R03,training,16,128,0,0.0,0.0,0.0,0.0
C,R03,training,16,129,0,0.0,0.0,0.0,0.0
C,R03,training,16,130,0,0.0,0.0,0.0,0.0
C,R03,training,16,131,0,0.0,0.0,0.0,0.0
C,R03,training,16,132,0,0.0,0.0,0.0,0.0
C,R03,training,16,133,0,0.0,0.0,0.0,0.0
C,R03,training,16,134,0,0.0,0.0,0.0,0.0
C,R03,training,16,135,0,0.0,0.0,0.0,0.0
C,R03,training,16,136,0,0.0,0.0,0.0,0.0
C,R03,training,16,137,0,0.0,0.0,0.0,0.0
C,R03,training,16,138,0,0.0,0.0,0.0,0.0
C,R03,training,16,139,0,0.0,0.0,0.0,0.0
C,R03,training,16,140,0,0.0,0.0,0.0,0.0
C,R03,training,16,141,0,0.0,0.0,0.0,0.0
C,R03,training,16,142,0,0.0,0.0,0.0,0.0
C,R03,training,16,143,0,0.0,0.0,0.0,0.0
C,R03,training,16,144,0,0.0,0.0,0.0,0.0
C,R03,training,16,145,0,0.0,0.0,0.0,0.0
C,R03,training,16,146,0,0.0,0.0,0.0,0.0
C,R03,training,16,147,0,0.0,0.0,0.0,0.0
C,R03,training,16,148,0,0.0,0.0,0.0,0.0
C,R03,training,16,149,0,0.0,0.0,0.0,0.0
C,R03,training,16,150,0,0.0,0.0,0.0,0.0
C,R03,training,16,151,0,0.0,0.0,0.0,0.0
C,R03,training,16,152,0,0.0,0.0,0.0,0.0
C,R03,training,16,153,0,0.0,0.0,0.0,0.0
C,R03,training,16,154,0,0.0,0.0,0.0,0.0
C,R03,training,16,155,0,0.0,0.0,0.0,0.0
C,R03,training,16,156,0,0.0,0.0,0.0,0.0
C,R03,training,16,157,0,0.0,0.0,0.0,0.0
C,R03,training,16,158,0,0.0,0.0,0.0,0.0
C,R03,training,16,159,0,0.0,0.0,0.0,0.0
C,R03,training,16,160,0,0.0,0.0,0.0,0.0
C,R03,training,16,161,0,0.0,0.0,0.0,0.0
C,R03,training,16,162,0,0.0,0.0,0.0,0.0
C,R03,training,16,163,0,0.0,0.0,0.0,0.0
C,R03,training,16,164,0,0.0,0.0,0.0,0.0
C,R03,training,16,165,0,0.0,0.0,0.0,0.0
C,R03,training,16,166,0,0.0,0.0,0.0,0.0
C,R03,training,16,167,0,0.0,0.0,0.0,0.0
C,R03,training,16,168,0,0.0,0.0,0.0,0.0
C,R03,training,16,169,0,0.0,0.0,0.0,0.0
C,R03,training,16,170,0,0.0,0.0,0.0,0.0
C,R03,training,16,171,0,0.0,0.0,0.0,0.0
C,R03,training,16,172,0,0.0,0.0,0.0,0.0
C,R03,training,16,173,0,0.0,0.0,0.0,0.0
C,R03,training,16,174,0,0.0,0.0,0.0,0.0
C,R03,training,16,175,0,0.0,0.0,0.0,0.0
C,R03,training,16,176,0,0.0,0.0,0.0,0.0
C,R03,training,16,177,0,0.0,0.0,0.0,0.0
C,R03,training,16,178,0,0.0,0.0,0.0,0.0
C,R03,training,16,179,0,0.0,0.0,0.0,0.0
C,R03,training,16,180,0,0.0,0.0,0.0,0.0
C,R03,training,16,181,0,0.0,0.0,0.0,0.0
C,R03,training,16,182,0,0.0,0.0,0.0,0.0
C,R03,training,16,183,0,0.0,0.0,0.0,0.0
C,R03,training,16,184,0,0.0,0.0,0.0,0.0
C,R03,training,16,185,0,0.0,0.0,0.0,0.0
C,R03,training,16,186,0,0.0,0.0,0.0,0.0
C,R03,training,16,187,0,0.0,0.0,0.0,0.0
C,R03,training,16,188,0,0.0,0.0,0.0,0.0
C,R03,training,16,189,0,0.0,0.0,0.0,0.0
C,R03,training,16,190,0,0.0,0.0,0.0,0.0
C,R03,training,16,191,0,0.0,0.0,0.0,0.0
C,R03,training,16,192,0,0.0,0.0,0.0,0.0
C,R03,training,16,193,0,0.0,0.0,0.0,0.0
C,R03,training,16,194,0,0.0,0.0,0.0,0.0
C,R03,training,16,195,0,0.0,0.0,0.0,0.0
C,R03,training,16,196,0,0.0,0.0,0.0,0.0
C,R03,training,16,197,0,0.0,0.0,0.0,0.0
C,R03,training,16,198,0,0.0,0.0,0.0,0.0
C,R03,training,16,199,0,0.0,0.0,0.0,0.0
C,R03,training,16,200,0,0.0,0.0,0.0,0.0
C,R03,training,16,201,0,0.0,0.0,0.0,0.0
C,R03,training,16,202,0,0.0,0.0,0.0,0.0
C,R03,training,16,203,0,0.0,0.0,0.0,0.0
C,R03,training,16,204,0,0.0,0.0,0.0,0.0
C,R03,training,16,205,0,0.0,0.0,0.0,0.0
C,R03,training,16,206,0,0.0,0.0,0.0,0.0
C,R03,training,16,207,0,0.0,0.0,0.0,0.0
C,R03,training,16,208,0,0.0,0.0,0.0,0.0
C,R03,training,16,209,0,0.0,0.0,0.0,0.0
C,R03,training,16,210,0,0.0,0.0,0.0,0.0
C,R03,training,16,211,0,0.0,0.0,0.0,0.0
C,R03,training,16,212,0,0.0,0.0,0.0,0.0
C,R03,training,16,213,0,0.0,0.0,0.0,0.0
C,R03,training,16,214,0,0.0,0.0,0.0,0.0
C,R03,training,16,215,0,0.0,0.0,0.0,0.0
C,R03,training,16,216,0,0.0,0.0,0.0,0.0
C,R03,training,16,217,0,0.0,0.0,0.0,0.0
C,R03,training,16,218,0,0.0,0.0,0.0,0.0
C,R03,training,16,219,0,0.0,0.0,0.0,0.0
C,R03,training,16,220,0,0.0,0.0,0.0,0.0
C,R03,training,16,221,0,0.0,0.0,0.0,0.0
C,R03,training,16,222,0,0.0,0.0,0.0,0.0
C,R03,training,16,223,0,0.0,0.0,0.0,0.0
C,R03,training,16,224,0,0.0,0.0,0.0,0.0
C,R03,training,16,225,0,0.0,0.0,0.0,0.0
C,R03,training,16,226,0,0.0,0.0,0.0,0.0
C,R03,training,16,227,0,0.0,0.0,0.0,0.0
C,R03,training,16,228,0,0.0,0.0,0.0,0.0
C,R03,training,16,229,0,0.0,0.0,0.0,0.0
C,R03,training,16,230,0,0.0,0.0,0.0,0.0
C,R03,training,16,231,0,0.0,0.0,0.0,0.0
C,R03,training,16,232,0,0.0,0.0,0.0,0.0
C,R03,training,16,233,0,0.0,0.0,0.0,0.0
C,R03,training,16,234,0,0.0,0.0,0.0,0.0
C,R03,training,16,235,0,0.0,0.0,0.0,0.0
C,R03,training,16,236,0,0.0,0.0,0.0,0.0
C,R03,training,16,237,0,0.0,0.0,0.0,0.0
C,R03,training,16,238,0,0.0,0.0,0.0,0.0
C,R03,training,16,239,0,0.0,0.0,0.0,0.0
C,R03,training,16,240,0,0.0,0.0,0.0,0.0
C,R03,training,16,241,0,0.0,0.0,0.0,0.0
C,R03,training,16,242,0,0.0,0.0,0.0,0.0
C,R03,training,16,243,0,0.0,0.0,0.0,0.0
C,R03,training,16,244,0,0.0,0.0,0.0,0.0
C,R03,training,16,245,0,0.0,0.0,0.0,0.0
C,R03,training,16,246,0,0.0,0.0,0.0,0.0
C,R03,training,16,247,0,0.0,0.0,0.0,0.0
C,R03,training,16,248,0,0.0,0.0,0.0,0.0
C,R03,training,16,249,0,0.0,0.0,0.0,0.0
C,R03,training,16,250,0,0.0,0.0,0.0,0.0
C,R03,training,16,251,0,0.0,0.0,0.0,0.0
C,R03,training,16,252,0,0.0,0.0,0.0,0.0
C,R03,training,16,253,0,0.0,0.0,0.0,0.0
C,R03,training,16,254,0,0.0,0.0,0.0,0.0
C,R03,training,16,255,0,0.0,0.0,0.0,0.0
C,R03,training,16,256,0,0.0,0.0,0.0,0.0
C,R03,training,16,257,0,0.0,0.0,0.0,0.0
C,R03,training,16,258,0,0.0,0.0,0.0,0.0
C,R03,training,16,259,0,0.0,0.0,0.0,0.0
C,R03,training,16,260,0,0.0,0.0,0.0,0.0
C,R03,training,16,261,0,0.0,0.0,0.0,0.0
C,R03,training,16,262,0,0.0,0.0,0.0,0.0
C,R03,training,16,263,0,0.0,0.0,0.0,0.0
C,R03,training,16,264,0,0.0,0.0,0.0,0.0
C,R03,training,16,265,0,0.0,0.0,0.0,0.0
C,R03,training,16,266,0,0.0,0.0,0.0,0.0
C,R03,training,16,267,0,0.0,0.0,0.0,0.0
C,R03,training,16,268,0,0.0,0.0,0.0,0.0
C,R03,training,16,269,0,0.0,0.0,0.0,0.0
C,R03,training,16,270,0,0.0,0.0,0.0,0.0
C,R03,training,16,271,0,0.0,0.0,0.0,0.0
C,R03,training,16,272,0,0.0,0.0,0.0,0.0
C,R03,training,16,273,0,0.0,0.0,0.0,0.0
C,R03,training,16,274,0,0.0,0.0,0.0,0.0
C,R03,training,16,275,0,0.0,0.0,0.0,0.0
C,R03,training,16,276,0,0.0,0.0,0.0,0.0
C,R03,training,16,277,0,0.0,0.0,0.0,0.0
C,R03,training,16,278,0,0.0,0.0,0.0,0.0
C,R03,training,16,279,0,0.0,0.0,0.0,0.0
C,R03,training,16,280,0,0.0,0.0,0.0,0.0
C,R03,training,16,281,0,0.0,0.0,0.0,0.0
C,R03,training,16,282,0,0.0,0.0,0.0,0.0
C,R03,training,16,283,0,0.0,0.0,0.0,0.0
C,R03,training,16,284,0,0.0,0.0,0.0,0.0
C,R03,training,16,285,0,0.0,0.0,0.0,0.0
C,R03,training,16,286,0,0.0,0.0,0.0,0.0
C,R03,training,16,287,0,0.0,0.0,0.0,0.0
C,R03,training,16,288,0,0.0,0.0,0.0,0.0
C,R03,training,16,289,0,0.0,0.0,0.0,0.0
C,R03,training,16,290,0,0.0,0.0,0.0,0.0
C,R03,training,16,291,0,0.0,0.0,0.0,0.0
C,R03,training,16,292,0,0.0,0.0,0.0,0.0
C,R03,training,16,293,0,0.0,0.0,0.0,0.0
C,R03,training,16,294,0,0.0,0.0,0.0,0.0
C,R03,training,16,295,0,0.0,0.0,0.0,0.0
C,R03,training,16,296,0,0.0,0.0,0.0,0.0
C,R03,training,16,297,0,0.0,0.0,0.0,0.0
C,R03,training,16,298,0,0.0,0.0,0.0,0.0
C,R03,training,16,299,0,0.0,0.0,0.0,0.0
C,R03,training,16,300,0,0.0,0.0,0.0,0.0
C,R03,training,16,301,0,0.0,0.0,0.0,0.0
C,R03,training,16,302,0,0.0,0.0,0.0,0.0
C,R03,training,16,303,0,0.0,0.0,0.0,0.0
C,R03,training,16,304,0,0.0,0.0,0.0,0.0
C,R03,training,16,305,0,0.0,0.0,0.0,0.0
C,R03,training,16,306,0,0.0,0.0,0.0,0.0
C,R03,training,16,307,0,0.0,0.0,0.0,0.0
C,R03,training,16,308,0,0.0,0.0,0.0,0.0
C,R03,training,16,309,0,0.0,0.0,0.0,0.0
C,R03,training,16,310,0,0.0,0.0,0.0,0.0
C,R03,training,16,311,0,0.0,0.0,0.0,0.0
C,R03,training,16,312,0,0.0,0.0,0.0,0.0
C,R03,training,16,313,0,0.0,0.0,0.0,0.0
C,R03,training,16,314,0,0.0,0.0,0.0,0.0
C,R03,training,16,315,0,0.0,0.0,0.0,0.0
C,R03,training,16,316,0,0.0,0.0,0.0,0.0
C,R03,training,16,317,0,0.0,0.0,0.0,0.0
C,R03,training,16,318,0,0.0,0.0,0.0,0.0
C,R03,training,16,319,0,0.0,0.0,0.0,0.0
C,R03,training,16,320,0,0.0,0.0,0.0,0.0
C,R03,training,16,321,0,0.0,0.0,0.0,0.0
C,R03,training,16,322,0,0.0,0.0,0.0,0.0
C,R03,training,16,323,0,0.0,0.0,0.0,0.0
C,R03,training,16,324,0,0.0,0.0,0.0,0.0
C,R03,training,16,325,0,0.0,0.0,0.0,0.0
C,R03,training,16,326,0,0.0,0.0,0.0,0.0
C,R03,training,16,327,0,0.0,0.0,0.0,0.0
C,R03,training,16,328,0,0.0,0.0,0.0,0.0
C,R03,training,16,329,0,0.0,0.0,0.0,0.0
C,R03,training,16,330,0,0.0,0.0,0.0,0.0
C,R03,training,16,331,0,0.0,0.0,0.0,0.0
C,R03,training,16,332,0,0.0,0.0,0.0,0.0
C,R03,training,16,333,0,0.0,0.0,0.0,0.0
C,R03,training,16,334,0,0.0,0.0,0.0,0.0
C,R03,training,16,335,0,0.0,0.0,0.0,0.0
C,R03,training,16,336,0,0.0,0.0,0.0,0.0
C,R03,training,16,337,0,0.0,0.0,0.0,0.0
C,R03,training,16,338,0,0.0,0.0,0.0,0.0
C,R03,training,16,339,0,0.0,0.0,0.0,0.0
C,R03,training,16,340,0,0.0,0.0,0.0,0.0
C,R03,training,16,341,0,0.0,0.0,0.0,0.0
C,R03,training,16,342,0,0.0,0.0,0.0,0.0
C,R03,training,16,343,0,0.0,0.0,0.0,0.0
C,R03,training,16,344,0,0.0,0.0,0.0,0.0
C,R03,training,16,345,0,0.0,0.0,0.0,0.0
C,R03,training,16,346,0,0.0,0.0,0.0,0.0
C,R03,training,16,347,0,0.0,0.0,0.0,0.0
C,R03,training,16,348,0,0.0,0.0,0.0,0.0
C,R03,training,16,349,0,0.0,0.0,0.0,0.0
C,R03,training,16,350,0,0.0,0.0,0.0,0.0
C,R03,training,16,351,0,0.0,0.0,0.0,0.0
C,R03,training,16,352,0,0.0,0.0,0.0,0.0
C,R03,training,16,353,0,0.0,0.0,0.0,0.0
C,R03,training,16,354,0,0.0,0.0,0.0,0.0
C,R03,training,16,355,0,0.0,0.0,0.0,0.0
C,R03,training,16,356,0,0.0,0.0,0.0,0.0
C,R03,training,16,357,0,0.0,0.0,0.0,0.0
C,R03,training,16,358,0,0.0,0.0,0.0,0.0
C,R03,training,16,359,0,0.0,0.0,0.0,0.0
C,R03,training,16,360,0,0.0,0.0,0.0,0.0
C,R03,training,16,361,0,0.0,0.0,0.0,0.0
C,R03,training,16,362,0,0.0,0.0,0.0,0.0
C,R03,training,16,363,0,0.0,0.0,0.0,0.0
C,R03,training,16,364,0,0.0,0.0,0.0,0.0
C,R03,training,16,365,0,0.0,0.0,0.0,0.0
C,R03,training,16,366,0,0.0,0.0,0.0,0.0
C,R03,training,16,367,0,0.0,0.0,0.0,0.0
C,R03,training,16,368,0,0.0,0.0,0.0,0.0
C,R03,training,16,369,0,0.0,0.0,0.0,0.0
C,R03,training,16,370,0,0.0,0.0,0.0,0.0
C,R03,training,16,371,0,0.0,0.0,0.0,0.0
C,R03,training,16,372,0,0.0,0.0,0.0,0.0
C,R03,training,16,373,0,0.0,0.0,0.0,0.0
C,R03,training,16,374,0,0.0,0.0,0.0,0.0
C,R03,training,16,375,0,0.0,0.0,0.0,0.0
C,R03,training,16,376,0,0.0,0.0,0.0,0.0
C,R03,training,16,377,0,0.0,0.0,0.0,0.0
C,R03,training,16,378,0,0.0,0.0,0.0,0.0
C,R03,training,16,379,0,0.0,0.0,0.0,0.0
C,R03,training,16,380,0,0.0,0.0,0.0,0.0
C,R03,training,16,381,0,0.0,0.0,0.0,0.0
C,R03,training,16,382,0,0.0,0.0,0.0,0.0
C,R03,training,16,383,0,0.0,0.0,0.0,0.0
C,R03,training,16,384,0,0.0,0.0,0.0,0.0
C,R03,training,16,385,0,0.0,0.0,0.0,0.0
C,R03,training,16,386,0,0.0,0.0,0.0,0.0
C,R03,training,16,387,0,0.0,0.0,0.0,0.0
C,R03,training,16,388,0,0.0,0.0,0.0,0.0
C,R03,training,16,389,0,0.0,0.0,0.0,0.0
C,R03,training,16,390,0,0.0,0.0,0.0,0.0
C,R03,training,16,391,0,0.0,0.0,0.0,0.0
C,R03,training,16,392,0,0.0,0.0,0.0,0.0
C,R03,training,16,393,0,0.0,0.0,0.0,0.0
C,R03,training,16,394,0,0.0,0.0,0.0,0.0
C,R03,training,16,395,0,0.0,0.0,0.0,0.0
C,R03,training,16,396,0,0.0,0.0,0.0,0.0
C,R03,training,16,397,0,0.0,0.0,0.0,0.0
C,R03,training,16,398,0,0.0,0.0,0.0,0.0
C,R03,training,16,399,0,0.0,0.0,0.0,0.0
C,R03,training,16,400,0,0.0,0.0,0.0,0.0
C,R03,training,16,401,0,0.0,0.0,0.0,0.0
C,R03,training,16,402,0,0.0,0.0,0.0,0.0
C,R03,training,16,403,0,0.0,0.0,0.0,0.0
C,R03,training,16,404,0,0.0,0.0,0.0,0.0
C,R03,training,16,405,0,0.0,0.0,0.0,0.0
C,R03,training,16,406,0,0.0,0.0,0.0,0.0
C,R03,training,16,407,0,0.0,0.0,0.0,0.0
C,R03,training,16,408,0,0.0,0.0,0.0,0.0
C,R03,training,16,409,0,0.0,0.0,0.0,0.0
C,R03,training,16,410,0,0.0,0.0,0.0,0.0
C,R03,training,16,411,0,0.0,0.0,0.0,0.0
C,R03,training,16,412,0,0.0,0.0,0.0,0.0
C,R03,training,16,413,0,0.0,0.0,0.0,0.0
C,R03,training,16,414,0,0.0,0.0,0.0,0.0
C,R03,training,16,415,0,0.0,0.0,0.0,0.0
C,R03,training,16,416,0,0.0,0.0,0.0,0.0
C,R03,training,16,417,0,0.0,0.0,0.0,0.0
C,R03,training,16,418,0,0.0,0.0,0.0,0.0
C,R03,training,16,419,0,0.0,0.0,0.0,0.0
C,R03,training,16,420,0,0.0,0.0,0.0,0.0
C,R03,training,16,421,0,0.0,0.0,0.0,0.0
C,R03,training,16,422,0,0.0,0.0,0.0,0.0
C,R03,training,16,423,0,0.0,0.0,0.0,0.0
C,R03,training,16,424,0,0.0,0.0,0.0,0.0
C,R03,training,16,425,0,0.0,0.0,0.0,0.0
C,R03,training,16,426,0,0.0,0.0,0.0,0.0
C,R03,training,16,427,0,0.0,0.0,0.0,0.0
C,R03,training,16,428,0,0.0,0.0,0.0,0.0
C,R03,training,16,429,0,0.0,0.0,0.0,0.0
C,R03,training,16,430,0,0.0,0.0,0.0,0.0
C,R03,training,16,431,0,0.0,0.0,0.0,0.0
C,R03,training,16,432,0,0.0,0.0,0.0,0.0
C,R03,training,16,433,0,0.0,0.0,0.0,0.0
C,R03,training,16,434,0,0.0,0.0,0.0,0.0
C,R03,training,16,435,0,0.0,0.0,0.0,0.0
C,R03,training,16,436,0,0.0,0.0,0.0,0.0
C,R03,training,16,437,0,0.0,0.0,0.0,0.0
C,R03,training,16,438,0,0.0,0.0,0.0,0.0
C,R03,training,16,439,0,0.0,0.0,0.0,0.0
C,R03,training,16,440,0,0.0,0.0,0.0,0.0
C,R03,training,16,441,0,0.0,0.0,0.0,0.0
C,R03,training,16,442,0,0.0,0.0,0.0,0.0
C,R03,training,16,443,0,0.0,0.0,0.0,0.0
C,R03,training,16,444,0,0.0,0.0,0.0,0.0
C,R03,training,16,445,0,0.0,0.0,0.0,0.0
C,R03,training,16,446,0,0.0,0.0,0.0,0.0
C,R03,training,16,447,0,0.0,0.0,0.0,0.0
C,R03,training,16,448,0,0.0,0.0,0.0,0.0
C,R03,training,16,449,0,0.0,0.0,0.0,0.0
C,R03,training,16,450,0,0.0,0.0,0.0,0.0
C,R03,training,16,451,0,0.0,0.0,0.0,0.0
C,R03,training,16,452,0,0.0,0.0,0.0,0.0
C,R03,training,16,453,0,0.0,0.0,0.0,0.0
C,R03,training,16,454,0,0.0,0.0,0.0,0.0
C,R03,training,16,455,0,0.0,0.0,0.0,0.0
C,R03,training,16,456,0,0.0,0.0,0.0,0.0
C,R03,training,16,457,0,0.0,0.0,0.0,0.0
C,R03,training,16,458,0,0.0,0.0,0.0,0.0
C,R03,training,16,459,0,0.0,0.0,0.0,0.0
C,R03,training,16,460,0,0.0,0.0,0.0,0.0
C,R03,training,16,461,0,0.0,0.0,0.0,0.0
C,R03,training,16,462,0,0.0,0.0,0.0,0.0
C,R03,training,16,463,0,0.0,0.0,0.0,0.0
C,R03,training,16,464,0,0.0,0.0,0.0,0.0
C,R03,training,16,465,0,0.0,0.0,0.0,0.0
C,R03,training,16,466,0,0.0,0.0,0.0,0.0
C,R03,training,16,467,0,0.0,0.0,0.0,0.0
C,R03,training,16,468,0,0.0,0.0,0.0,0.0
C,R03,training,16,469,0,0.0,0.0,0.0,0.0
C,R03,training,16,470,0,0.0,0.0,0.0,0.0
C,R03,training,16,471,0,0.0,0.0,0.0,0.0
C,R03,training,16,472,0,0.0,0.0,0.0,0.0
C,R03,training,16,473,0,0.0,0.0,0.0,0.0
C,R03,training,16,474,0,0.0,0.0,0.0,0.0
C,R03,training,16,475,0,0.0,0.0,0.0,0.0
C,R03,training,16,476,0,0.0,0.0,0.0,0.0
C,R03,training,16,477,0,0.0,0.0,0.0,0.0
C,R03,training,16,478,0,0.0,0.0,0.0,0.0
C,R03,training,16,479,0,0.0,0.0,0.0,0.0
C,R03,training,16,480,0,0.0,0.0,0.0,0.0
C,R03,training,16,481,0,0.0,0.0,0.0,0.0
C,R03,training,16,482,0,0.0,0.0,0.0,0.0
C,R03,training,16,483,0,0.0,0.0,0.0,0.0
C,R03,training,16,484,0,0.0,0.0,0.0,0.0
C,R03,training,16,485,0,0.0,0.0,0.0,0.0
C,R03,training,16,486,0,0.0,0.0,0.0,0.0
C,R03,training,16,487,0,0.0,0.0,0.0,0.0
C,R03,training,16,488,0,0.0,0.0,0.0,0.0
C,R03,training,16,489,0,0.0,0.0,0.0,0.0
C,R03,training,16,490,0,0.0,0.0,0.0,0.0
C,R03,training,16,491,0,0.0,0.0,0.0,0.0
C,R03,training,16,492,0,0.0,0.0,0.0,0.0
C,R03,training,16,493,0,0.0,0.0,0.0,0.0
C,R03,training,16,494,0,0.0,0.0,0.0,0.0
C,R03,training,16,495,0,0.0,0.0,0.0,0.0
C,R03,training,16,496,0,0.0,0.0,0.0,0.0
C,R03,training,16,497,0,0.0,0.0,0.0,0.0
C,R03,training,16,498,0,0.0,0.0,0.0,0.0
C,R03,training,16,499,0,0.0,0.0,0.0,0.0
C,R03,training,16,500,0,0.0,0.0,0.0,0.0
C,R03,training,16,501,0,0.0,0.0,0.0,0.0
C,R03,training,16,502,0,0.0,0.0,0.0,0.0
C,R03,training,16,503,0,0.0,0.0,0.0,0.0
C,R03,training,16,504,0,0.0,0.0,0.0,0.0
C,R03,training,16,505,0,0.0,0.0,0.0,0.0
C,R03,training,16,506,0,0.0,0.0,0.0,0.0
C,R03,training,16,507,0,0.0,0.0,0.0,0.0
C,R03,training,16,508,0,0.0,0.0,0.0,0.0
C,R03,training,16,509,0,0.0,0.0,0.0,0.0
C,R03,training,16,510,0,0.0,0.0,0.0,0.0
C,R03,training,16,511,0,0.0,0.0,0.0,0.0
C,R03,training,16,512,0,0.0,0.0,0.0,0.0
C,R03,training,16,513,0,0.0,0.0,0.0,0.0
C,R03,training,16,514,0,0.0,0.0,0.0,0.0
C,R03,training,16,515,0,0.0,0.0,0.0,0.0
C,R03,training,16,516,0,0.0,0.0,0.0,0.0
C,R03,training,16,517,0,0.0,0.0,0.0,0.0
C,R03,training,16,518,0,0.0,0.0,0.0,0.0
C,R03,training,16,519,0,0.0,0.0,0.0,0.0
C,R03,training,16,520,0,0.0,0.0,0.0,0.0
C,R03,training,16,521,0,0.0,0.0,0.0,0.0
C,R03,training,16,522,0,0.0,0.0,0.0,0.0
C,R03,training,16,523,0,0.0,0.0,0.0,0.0
C,R03,training,16,524,0,0.0,0.0,0.0,0.0
C,R03,training,16,525,0,0.0,0.0,0.0,0.0
C,R03,training,16,526,0,0.0,0.0,0.0,0.0
C,R03,training,16,527,0,0.0,0.0,0.0,0.0
C,R03,training,16,528,0,0.0,0.0,0.0,0.0
C,R03,training,16,529,0,0.0,0.0,0.0,0.0
C,R03,training,16,530,0,0.0,0.0,0.0,0.0
C,R03,training,16,531,0,0.0,0.0,0.0,0.0
C,R03,training,16,532,0,0.0,0.0,0.0,0.0
C,R03,training,16,533,0,0.0,0.0,0.0,0.0
C,R03,training,16,534,0,0.0,0.0,0.0,0.0
C,R03,training,16,535,0,0.0,0.0,0.0,0.0
C,R03,training,16,536,0,0.0,0.0,0.0,0.0
C,R03,training,16,537,0,0.0,0.0,0.0,0.0
C,R03,training,16,538,0,0.0,0.0,0.0,0.0
C,R03,training,16,539,0,0.0,0.0,0.0,0.0
C,R03,training,16,540,0,0.0,0.0,0.0,0.0
C,R03,training,16,541,0,0.0,0.0,0.0,0.0
C,R03,training,16,542,0,0.0,0.0,0.0,0.0
C,R03,training,16,543,0,0.0,0.0,0.0,0.0
C,R03,training,16,544,0,0.0,0.0,0.0,0.0
C,R03,training,16,545,0,0.0,0.0,0.0,0.0
C,R03,training,16,546,0,0.0,0.0,0.0,0.0
C,R03,training,16,547,0,0.0,0.0,0.0,0.0
C,R03,training,16,548,0,0.0,0.0,0.0,0.0
C,R03,training,16,549,0,0.0,0.0,0.0,0.0
C,R03,training,16,550,0,0.0,0.0,0.0,0.0
C,R03,training,16,551,0,0.0,0.0,0.0,0.0
C,R03,training,16,552,0,0.0,0.0,0.0,0.0
C,R03,training,16,553,0,0.0,0.0,0.0,0.0
C,R03,training,16,554,0,0.0,0.0,0.0,0.0
C,R03,training,16,555,0,0.0,0.0,0.0,0.0
C,R03,training,16,556,0,0.0,0.0,0.0,0.0
C,R03,training,16,557,0,0.0,0.0,0.0,0.0
C,R03,training,16,558,0,0.0,0.0,0.0,0.0
C,R03,training,16,559,0,0.0,0.0,0.0,0.0
C,R03,training,16,560,0,0.0,0.0,0.0,0.0
C,R03,training,16,561,0,0.0,0.0,0.0,0.0
C,R03,training,16,562,0,0.0,0.0,0.0,0.0
C,R03,training,16,563,0,0.0,0.0,0.0,0.0
C,R03,training,16,564,0,0.0,0.0,0.0,0.0
C,R03,training,16,565,0,0.0,0.0,0.0,0.0
C,R03,training,16,566,0,0.0,0.0,0.0,0.0
C,R03,training,16,567,0,0.0,0.0,0.0,0.0
C,R03,training,16,568,0,0.0,0.0,0.0,0.0
C,R03,training,16,569,0,0.0,0.0,0.0,0.0
C,R03,training,16,570,0,0.0,0.0,0.0,0.0
C,R03,training,16,571,0,0.0,0.0,0.0,0.0
C,R03,training,16,572,0,0.0,0.0,0.0,0.0
C,R03,training,16,573,0,0.0,0.0,0.0,0.0
C,R03,training,16,574,0,0.0,0.0,0.0,0.0
C,R03,training,16,575,0,0.0,0.0,0.0,0.0
C,R03,training,16,576,0,0.0,0.0,0.0,0.0
C,R03,training,16,577,0,0.0,0.0,0.0,0.0
C,R03,training,16,578,0,0.0,0.0,0.0,0.0
C,R03,training,16,579,0,0.0,0.0,0.0,0.0
C,R03,training,16,580,0,0.0,0.0,0.0,0.0
C,R03,training,16,581,0,0.0,0.0,0.0,0.0
C,R03,training,16,582,0,0.0,0.0,0.0,0.0
C,R03,training,16,583,0,0.0,0.0,0.0,0.0
C,R03,training,16,584,0,0.0,0.0,0.0,0.0
C,R03,training,16,585,0,0.0,0.0,0.0,0.0
C,R03,training,16,586,0,0.0,0.0,0.0,0.0
C,R03,training,16,587,0,0.0,0.0,0.0,0.0
C,R03,training,16,588,0,0.0,0.0,0.0,0.0
C,R03,training,16,589,0,0.0,0.0,0.0,0.0
C,R03,training,16,590,0,0.0,0.0,0.0,0.0
C,R03,training,16,591,0,0.0,0.0,0.0,0.0
C,R03,training,16,592,0,0.0,0.0,0.0,0.0
C,R03,training,16,593,0,0.0,0.0,0.0,0.0
C,R03,training,16,594,0,0.0,0.0,0.0,0.0
C,R03,training,16,595,0,0.0,0.0,0.0,0.0
C,R03,training,16,596,0,0.0,0.0,0.0,0.0
C,R03,training,16,597,0,0.0,0.0,0.0,0.0
C,R03,training,16,598,0,0.0,0.0,0.0,0.0
C,R03,training,16,599,0,0.0,0.0,0.0,0.0
C,R03,training,16,600,0,0.0,0.0,0.0,0.0
C,R03,training,16,601,0,0.0,0.0,0.0,0.0
C,R03,training,16,602,0,0.0,0.0,0.0,0.0
C,R03,training,16,603,0,0.0,0.0,0.0,0.0
C,R03,training,16,604,0,0.0,0.0,0.0,0.0
C,R03,training,16,605,0,0.0,0.0,0.0,0.0
C,R03,training,16,606,0,0.0,0.0,0.0,0.0
C,R03,training,16,607,0,0.0,0.0,0.0,0.0
C,R03,training,16,608,0,0.0,0.0,0.0,0.0
C,R03,training,16,609,0,0.0,0.0,0.0,0.0
C,R03,training,16,610,0,0.0,0.0,0.0,0.0
C,R03,training,16,611,0,0.0,0.0,0.0,0.0
C,R03,training,16,612,0,0.0,0.0,0.0,0.0
C,R03,training,16,613,0,0.0,0.0,0.0,0.0
C,R03,training,16,614,0,0.0,0.0,0.0,0.0
C,R03,training,16,615,0,0.0,0.0,0.0,0.0
C,R03,training,16,616,0,0.0,0.0,0.0,0.0
C,R03,training,16,617,0,0.0,0.0,0.0,0.0
C,R03,training,16,618,0,0.0,0.0,0.0,0.0
C,R03,training,16,619,0,0.0,0.0,0.0,0.0
C,R03,training,16,620,0,0.0,0.0,0.0,0.0
C,R03,training,16,621,0,0.0,0.0,0.0,0.0
C,R03,training,16,622,0,0.0,0.0,0.0,0.0
C,R03,training,16,623,0,0.0,0.0,0.0,0.0
C,R03,training,16,624,0,0.0,0.0,0.0,0.0
C,R03,training,16,625,0,0.0,0.0,0.0,0.0
C,R03,training,16,626,0,0.0,0.0,0.0,0.0
C,R03,training,16,627,0,0.0,0.0,0.0,0.0
C,R03,training,16,628,0,0.0,0.0,0.0,0.0
C,R03,training,16,629,0,0.0,0.0,0.0,0.0
C,R03,training,16,630,0,0.0,0.0,0.0,0.0
C,R03,training,16,631,0,0.0,0.0,0.0,0.0
C,R03,training,16,632,0,0.0,0.0,0.0,0.0
C,R03,training,16,633,0,0.0,0.0,0.0,0.0
C,R03,training,16,634,0,0.0,0.0,0.0,0.0
C,R03,training,16,635,0,0.0,0.0,0.0,0.0
C,R03,training,16,636,0,0.0,0.0,0.0,0.0
C,R03,training,16,637,0,0.0,0.0,0.0,0.0
C,R03,training,16,638,0,0.0,0.0,0.0,0.0
C,R03,training,16,639,0,0.0,0.0,0.0,0.0
C,R03,training,16,640,0,0.0,0.0,0.0,0.0
C,R03,training,16,641,0,0.0,0.0,0.0,0.0
C,R03,training,16,642,0,0.0,0.0,0.0,0.0
C,R03,training,16,643,0,0.0,0.0,0.0,0.0
C,R03,training,16,644,0,0.0,0.0,0.0,0.0
C,R03,training,16,645,0,0.0,0.0,0.0,0.0
C,R03,training,16,646,0,0.0,0.0,0.0,0.0
C,R03,training,16,647,0,0.0,0.0,0.0,0.0
C,R03,training,16,648,0,0.0,0.0,0.0,0.0
C,R03,training,16,649,0,0.0,0.0,0.0,0.0
C,R03,training,16,650,0,0.0,0.0,0.0,0.0
C,R03,training,16,651,0,0.0,0.0,0.0,0.0
C,R03,training,16,652,0,0.0,0.0,0.0,0.0
C,R03,training,16,653,0,0.0,0.0,0.0,0.0
C,R03,training,16,654,0,0.0,0.0,0.0,0.0
C,R03,training,16,655,0,0.0,0.0,0.0,0.0
P1,R03,training,16,0,0,0.0,0.0,0.0,0.0
P1,R03,training,16,1,0,0.0,0.0,0.0,0.0
P1,R03,training,16,2,0,0.0,0.0,0.0,0.0
P1,R03,training,16,3,0,0.0,0.0,0.0,0.0
P1,R03,training,16,4,0,0.0,0.0,0.0,0.0
P1,R03,training,16,5,0,0.0,0.0,0.0,0.0
P1,R03,training,16,6,0,0.0,0.0,0.0,0.0
P1,R03,training,16,7,0,0.0,0.0,0.0,0.0
P1,R03,training,16,8,0,0.0,0.0,0.0,0.0
P1,R03,training,16,9,0,0.0,0.0,0.0,0.0
P1,R03,training,16,10,0,0.0,0.0,0.0,0.0
P1,R03,training,16,11,0,0.0,0.0,0.0,0.0
P1,R03,training,16,12,0,0.0,0.0,0.0,0.0
P1,R03,training,16,13,0,0.0,0.0,0.0,0.0
P1,R03,training,16,14,0,0.0,0.0,0.0,0.0
P1,R03,training,16,15,0,0.0,0.0,0.0,0.0
P1,R03,training,16,16,0,0.0,0.0,0.01426994985554719,0.009103346100355826
P1,R03,training,16,17,0,0.0,0.0,0.01426994985554719,0.009129657371773209
P1,R03,training,16,18,0,0.0,0.0,0.01426994985554719,0.00915595958467139
P1,R03,training,16,19,0,0.0,0.0,0.01426994985554719,0.009182252223289607
P1,R03,training,16,20,0,0.0,0.0,0.01426994985554719,0.009208534770650994
P1,R03,training,16,21,0,0.0,0.0,0.01426994985554719,0.009234806708578314
P1,R03,training,16,22,0,0.0,0.0,0.01426994985554719,0.009261067517709831
P1,R03,training,16,23,0,0.0,0.0,0.01426994985554719,0.009287316677515261
P1,R03,training,16,24,0,0.0,0.0,0.01426994985554719,0.009313553666311836
P1,R03,training,16,25,0,0.0,0.0,0.01426994985554719,0.009339777961280453
P1,R03,training,16,26,0,0.0,0.0,0.01426994985554719,0.009365989038481933
P1,R03,training,16,27,0,0.0,0.0,0.01426994985554719,0.009392186372873383
P1,R03,training,16,28,0,0.0,0.0,0.01426994985554719,0.009418369438324633
P1,R03,training,16,29,0,0.0,0.0,0.01426994985554719,0.00944453770763479
P1,R03,training,16,30,0,0.0,0.0,0.01426994985554719,0.009470690652548887
P1,R03,training,16,31,0,0.0,0.0,0.01426994985554719,0.009496827743774612
P1,R03,training,16,32,0,0.0,0.0,0.0295019407367689,0.019687908064475058
P1,R03,training,16,33,0,0.0,0.0,0.0295019407367689,0.019741875494609
P1,R03,training,16,34,0,0.0,0.0,0.0295019407367689,0.019795806853230975
P1,R03,training,16,35,0,0.0,0.0,0.0295019407367689,0.019849701037844433
P1,R03,training,16,36,0,0.0,0.0,0.0295019407367689,0.01990355694398415
P1,R03,training,16,37,0,0.0,0.0,0.0295019407367689,0.019957373465251987
P1,R03,training,16,38,0,0.0,0.0,0.0295019407367689,0.020011149493352833
P1,R03,training,16,39,0,0.0,0.0,0.0295019407367689,0.02006488391813076
P1,R03,training,16,40,0,0.0,0.0,0.0295019407367689,0.020118575627605318
P1,R03,training,16,41,0,0.0,0.0,0.0295019407367689,0.02017222350800804
P1,R03,training,16,42,0,0.0,0.0,0.0295019407367689,0.020225826443819126
P1,R03,training,16,43,0,0.0,0.0,0.0295019407367689,0.020279383317804316
P1,R03,training,16,44,0,0.0,0.0,0.0295019407367689,0.02033289301105189
P1,R03,training,16,45,0,0.0,0.0,0.0295019407367689,0.020386354403009926
P1,R03,training,16,46,0,0.0,0.0,0.0295019407367689,0.020439766371523664
P1,R03,training,16,47,0,0.0,0.0,0.0295019407367689,0.020493127792873073
P1,R03,training,16,48,0,0.0,0.0,0.04560650736096203,0.03176235974958298
P1,R03,training,16,49,0,0.0,0.0,0.04560650736096203,0.03184468868835415
P1,R03,training,16,50,0,0.0,0.0,0.04560650736096203,0.031926934261845966
P1,R03,training,16,51,0,0.0,0.0,0.04560650736096203,0.03200909472382736
P1,R03,training,16,52,0,0.0,0.0,0.04560650736096203,0.03209116832594179
P1,R03,training,16,53,0,0.0,0.0,0.04560650736096203,0.03217315331776687
P1,R03,training,16,54,0,0.0,0.0,0.04560650736096203,0.032255047946874234
P1,R03,training,16,55,0,0.0,0.0,0.04560650736096203,0.03233685045888964
P1,R03,training,16,56,0,0.0,0.0,0.04560650736096203,0.032418559097553354
P1,R03,training,16,57,0,0.0,0.0,0.04560650736096203,0.03250017210478072
P1,R03,training,16,58,0,0.0,0.0,0.04560650736096203,0.032581687720723014
P1,R03,training,16,59,0,0.0,0.0,0.04560650736096203,0.03266310418382852
P1,R03,training,16,60,0,0.0,0.0,0.04560650736096203,0.0327444197309038
P1,R03,training,16,61,0,0.0,0.0,0.04560650736096203,0.03282563259717529
P1,R03,training,16,62,0,0.0,0.0,0.04560650736096203,0.03290674101635101
P1,R03,training,16,63,0,0.0,0.0,0.04560650736096203,0.032987743220682555
P1,R03,training,16,64,0,0.0,0.0,0.06243879066830901,0.04527348947211639
P1,R03,training,16,65,0,0.0,0.0,0.06243879066830901,0.045384089573865874
P1,R03,training,16,66,0,0.0,0.0,0.06243879066830901,0.0454945369877261
P1,R03,training,16,67,0,0.0,0.0,0.06243879066830901,0.04560482928639342
P1,R03,training,16,68,0,0.0,0.0,0.06243879066830901,0.045714964040999055
P1,R03,training,16,69,0,0.0,0.0,0.06243879066830901,0.04582493882119566
P1,R03,training,16,70,0,0.0,0.0,0.06243879066830901,0.04593475119524429
P1,R03,training,16,71,0,0.0,0.0,0.06243879066830901,0.046044398730101486
P1,R03,training,16,72,0,0.0,0.0,0.06243879066830901,0.0461538789915068
P1,R03,training,16,73,0,0.0,0.0,0.06243879066830901,0.04626318954407048
P1,R03,training,16,74,0,0.0,0.0,0.06243879066830901,0.04637232795136139
P1,R03,training,16,75,0,0.0,0.0,0.06243879066830901,0.04648129177599532
P1,R03,training,16,76,0,0.0,0.0,0.06243879066830901,0.04659007857972338
P1,R03,training,16,77,0,0.0,0.0,0.06243879066830901,0.046698685923520826
P1,R03,training,16,78,0,0.0,0.0,0.06243879066830901,0.04680711136767594
P1,R03,training,16,79,0,0.0,0.0,0.06243879066830901,0.046915352471879286
P1,R03,training,16,80,0,0.0,0.0,0.06559937176192703,0.04940367856041335
P1,R03,training,16,81,0,0.0,0.0,0.06559937176192703,0.04951700367150192
P1,R03,training,16,82,0,0.0,0.0,0.06559937176192703,0.049630127417226194
P1,R03,training,16,83,0,0.0,0.0,0.06559937176192703,0.04974304723218127
P1,R03,training,16,84,0,0.0,0.0,0.06559937176192703,0.049855760550806566
P1,R03,training,16,85,0,0.0,0.0,0.06559937176192703,0.0499682648074809
P1,R03,training,16,86,0,0.0,0.0,0.06559937176192703,0.050080557436617865
P1,R03,training,16,87,0,0.0,0.0,0.06559937176192703,0.05019263587276145
P1,R03,training,16,88,0,0.0,0.0,0.06559937176192703,0.05030449755068175
P1,R03,training,16,89,0,0.0,0.0,0.06559937176192703,0.050416139905470995
P1,R03,training,16,90,0,0.0,0.0,0.06559937176192703,0.05052756037263976
P1,R03,training,16,91,0,0.0,0.0,0.06559937176192703,0.05063875638821328
P1,R03,training,16,92,0,0.0,0.0,0.06559937176192703,0.05074972538882808
P1,R03,training,16,93,0,0.0,0.0,0.06559937176192703,0.050860464811828744
P1,R03,training,16,94,0,0.0,0.0,0.06559937176192703,0.05097097209536474
P1,R03,training,16,95,0,0.0,0.0,0.06559937176192703,0.05108124467848768
P1,R03,training,16,96,0,0.0,0.0,0.06824265217361276,0.05325399651883189
P1,R03,training,16,97,0,0.0,0.0,0.06824265217361276,0.05336821615474453
P1,R03,training,16,98,0,0.0,0.0,0.06824265217361276,0.05348218364737981
P1,R03,training,16,99,0,0.0,0.0,0.06824265217361276,0.05359589633736507
P1,R03,training,16,100,0,0.0,0.0,0.06824265217361276,0.05370935156677371
P1,R03,training,16,101,0,0.0,0.0,0.06824265217361276,0.05382254667922721
P1,R03,training,16,102,0,0.0,0.0,0.06824265217361276,0.05393547901999727
P1,R03,training,16,103,0,0.0,0.0,0.06824265217361276,0.054048145936108107
P1,R03,training,16,104,0,0.0,0.0,0.06824265217361276,0.05416054477643884
P1,R03,training,16,105,0,0.0,0.0,0.06824265217361276,0.054272672891826086
P1,R03,training,16,106,0,0.0,0.0,0.06824265217361276,0.05438452763516656
P1,R03,training,16,107,0,0.0,0.0,0.06824265217361276,0.054496106361519955
P1,R03,training,16,108,0,0.0,0.0,0.06824265217361276,0.05460740642821175
P1,R03,training,16,109,0,0.0,0.0,0.06824265217361276,0.05471842519493625
P1,R03,training,16,110,0,0.0,0.0,0.06824265217361276,0.05482916002385971
P1,R03,training,16,111,0,0.0,0.0,0.06824265217361276,0.0549396082797235
P1,R03,training,16,112,0,0.0,0.0,0.07029479505647146,0.05670518347558283
P1,R03,training,16,113,0,0.0,0.0,0.07029479505647146,0.056818354536507236
P1,R03,training,16,114,0,0.0,0.0,0.07029479505647146,0.056931222280224805
P1,R03,training,16,115,0,0.0,0.0,0.07029479505647146,0.05704378400390639
P1,R03,training,16,116,0,0.0,0.0,0.07029479505647146,0.057156037007908236
P1,R03,training,16,117,0,0.0,0.0,0.07029479505647146,0.05726797859587872
P1,R03,training,16,118,0,0.0,0.0,0.07029479505647146,0.05737960607486513
P1,R03,training,16,119,0,0.0,0.0,0.07029479505647146,0.05749091675542061
P1,R03,training,16,120,0,0.0,0.0,0.07029479505647146,0.057601907951711065
P1,R03,training,16,121,0,0.0,0.0,0.07029479505647146,0.05771257698162208
P1,R03,training,16,122,0,0.0,0.0,0.07029479505647146,0.05782292116686599
P1,R03,training,16,123,0,0.0,0.0,0.07029479505647146,0.05793293783308887
P1,R03,training,16,124,0,0.0,0.0,0.07029479505647146,0.05804262430997757
P1,R03,training,16,125,0,0.0,0.0,0.07029479505647146,0.05815197793136682
P1,R03,training,16,126,0,0.0,0.0,0.07029479505647146,0.05826099603534625
P1,R03,training,16,127,0,0.0,0.0,0.07029479505647146,0.058369675964367526
P1,R03,training,16,128,0,0.0,0.24994771192202186,0.0716970891615196,0.05964457904402407
P1,R03,training,16,129,0,0.0,0.24994771192202186,0.0716970891615196,0.059754729047428304
P1,R03,training,16,130,0,0.0,0.24994771192202186,0.0716970891615196,0.0598645260257996
P1,R03,training,16,131,0,0.0,0.24994771192202186,0.0716970891615196,0.05997396728746298
P1,R03,training,16,132,0,0.0,0.24994771192202186,0.0716970891615196,0.06008305014573838
P1,R03,training,16,133,0,0.0,0.24994771192202186,0.0716970891615196,0.06019177191904984
P1,R03,training,16,134,0,0.0,0.24994771192202186,0.0716970891615196,0.06030012993103453
P1,R03,training,16,135,0,0.0,0.24994771192202186,0.0716970891615196,0.06040812151065178
P1,R03,training,16,136,0,0.0,0.24994771192202186,0.0716970891615196,0.060515743992292106
P1,R03,training,16,137,0,0.0,0.24994771192202186,0.0716970891615196,0.06062299471588609
P1,R03,training,16,138,0,0.0,0.24994771192202186,0.0716970891615196,0.06072987102701325
P1,R03,training,16,139,0,0.0,0.24994771192202186,0.0716970891615196,0.06083637027701082
P1,R03,training,16,140,0,0.0,0.24994771192202186,0.0716970891615196,0.06094248982308251
P1,R03,training,16,141,0,0.0,0.24994771192202186,0.0716970891615196,0.06104822702840705
P1,R03,training,16,142,0,0.0,0.24994771192202186,0.0716970891615196,0.06115357926224687
P1,R03,training,16,143,0,0.0,0.24994771192202186,0.0716970891615196,0.0612585439000564
P1,R03,training,16,144,0,0.0,0.2500122591813241,0.07240873824889554,0.06197219475422702
P1,R03,training,16,145,0,0.0,0.2500122591813241,0.07240873824889554,0.06207741043461687
P1,R03,training,16,146,0,0.0,0.2500122591813241,0.07240873824889554,0.06218222675861226
P1,R03,training,16,147,0,0.0,0.2500122591813241,0.07240873824889554,0.06228664110172429
P1,R03,training,16,148,0,0.0,0.2500122591813241,0.07240873824889554,0.062390650846263586
P1,R03,training,16,149,0,0.0,0.2500122591813241,0.07240873824889554,0.06249425338144911
P1,R03,training,16,150,0,0.0,0.2500122591813241,0.07240873824889554,0.06259744610351685
P1,R03,training,16,151,0,0.0,0.2500122591813241,0.07240873824889554,0.0627002264158284
P1,R03,training,16,152,0,0.0,0.2500122591813241,0.07240873824889554,0.06280259172897928
P1,R03,training,16,153,0,0.0,0.2500122591813241,0.07240873824889554,0.06290453946090722
P1,R03,training,16,154,0,0.0,0.2500122591813241,0.07240873824889554,0.06300606703700024
P1,R03,training,16,155,0,0.0,0.2500122591813241,0.07240873824889554,0.06310717189020443
P1,R03,training,16,156,0,0.0,0.2500122591813241,0.07240873824889554,0.06320785146113185
P1,R03,training,16,157,0,0.0,0.2500122591813241,0.07240873824889554,0.06330810319816792
P1,R03,training,16,158,0,0.0,0.2500122591813241,0.07240873824889554,0.06340792455757883
P1,R03,training,16,159,0,0.0,0.2500122591813241,0.07240873824889554,0.06350731300361866
P1,R03,training,16,160,0,1.0,0.2502103699008969,0.0867103224426459,0.076169257583572
P1,R03,training,16,161,0,1.0,0.2502103699008969,0.0867103224426459,0.07628723051729007
P1,R03,training,16,162,0,1.0,0.2502103699008969,0.0867103224426459,0.07640467598102997
P1,R03,training,16,163,0,1.0,0.2502103699008969,0.0867103224426459,0.07652159097774654
P1,R03,training,16,164,0,1.0,0.2502103699008969,0.0867103224426459,0.07663797252059804
P1,R03,training,16,165,0,1.0,0.2502103699008969,0.0867103224426459,0.07675381763307287
P1,R03,training,16,166,0,1.0,0.2502103699008969,0.0867103224426459,0.07686912334911604
P1,R03,training,16,167,0,1.0,0.2502103699008969,0.0867103224426459,0.07698388671325536
P1,R03,training,16,168,0,1.0,0.2502103699008969,0.0867103224426459,0.07709810478072725
P1,R03,training,16,169,0,1.0,0.2502103699008969,0.0867103224426459,0.07721177461760234
P1,R03,training,16,170,0,1.0,0.2502103699008969,0.0867103224426459,0.0773248933009107
P1,R03,training,16,171,0,1.0,0.2502103699008969,0.0867103224426459,0.07743745791876681
P1,R03,training,16,172,0,1.0,0.2502103699008969,0.0867103224426459,0.07754946557049397
P1,R03,training,16,173,0,1.0,0.2502103699008969,0.0867103224426459,0.07766091336674875
P1,R03,training,16,174,0,1.0,0.2502103699008969,0.0867103224426459,0.07777179842964477
P1,R03,training,16,175,0,1.0,0.2502103699008969,0.0867103224426459,0.07788211789287623
P1,R03,training,16,176,0,0.0,0.24996826133174396,0.1012220897808285,0.0910445231175164
P1,R03,training,16,177,0,0.0,0.24996826133174396,0.1012220897808285,0.0911719750550851
P1,R03,training,16,178,0,0.0,0.24996826133174396,0.1012220897808285,0.09129875677922382
P1,R03,training,16,179,0,0.0,0.24996826133174396,0.1012220897808285,0.09142486499943274
P1,R03,training,16,180,0,0.0,0.24996826133174396,0.1012220897808285,0.09155029643944547
P1,R03,training,16,181,0,0.0,0.24996826133174396,0.1012220897808285,0.09167504783737042
P1,R03,training,16,182,0,0.0,0.24996826133174396,0.1012220897808285,0.091799115945832
P1,R03,training,16,183,0,0.0,0.24996826133174396,0.1012220897808285,0.09192249753211115
P1,R03,training,16,184,0,0.0,0.24996826133174396,0.1012220897808285,0.09204518937828551
P1,R03,training,16,185,0,0.0,0.24996826133174396,0.1012220897808285,0.09216718828136898
P1,R03,training,16,186,0,0.0,0.24996826133174396,0.1012220897808285,0.09228849105345083
P1,R03,training,16,187,0,0.0,0.24996826133174396,0.1012220897808285,0.0924090945218343
P1,R03,training,16,188,0,0.0,0.24996826133174396,0.1012220897808285,0.09252899552917468
P1,R03,training,16,189,0,0.0,0.24996826133174396,0.1012220897808285,0.0926481909336168
P1,R03,training,16,190,0,0.0,0.24996826133174396,0.1012220897808285,0.09276667760893204
P1,R03,training,16,191,0,0.0,0.24996826133174396,0.1012220897808285,0.09288445244465475
P1,R03,training,16,192,0,0.0,0.0,0.1301726746091436,0.11960092536140701
P1,R03,training,16,193,0,0.0,0.0,0.1301726746091436,0.11975054225704981
P1,R03,training,16,194,0,0.0,0.0,0.1301726746091436,0.11989923184256905
P1,R03,training,16,195,0,0.0,0.0,0.1301726746091436,0.1200469902006987
P1,R03,training,16,196,0,0.0,0.0,0.1301726746091436,0.12019381343531037
P1,R03,training,16,197,0,0.0,0.0,0.1301726746091436,0.12033969767158437
P1,R03,training,16,198,0,0.0,0.0,0.1301726746091436,0.12048463905617994
P1,R03,training,16,199,0,0.0,0.0,0.1301726746091436,0.12062863375740457
P1,R03,training,16,200,0,0.0,0.0,0.1301726746091436,0.12077167796538278
P1,R03,training,16,201,0,0.0,0.0,0.1301726746091436,0.12091376789222383
P1,R03,training,16,202,0,0.0,0.0,0.1301726746091436,0.12105489977218867
P1,R03,training,16,203,0,0.0,0.0,0.1301726746091436,0.12119506986185621
P1,R03,training,16,204,0,0.0,0.0,0.1301726746091436,0.12133427444028855
P1,R03,training,16,205,0,0.0,0.0,0.1301726746091436,0.12147250980919544
P1,R03,training,16,206,0,0.0,0.0,0.1301726746091436,0.12160977229309791
P1,R03,training,16,207,0,0.0,0.0,0.1301726746091436,0.12174605823949097
P1,R03,training,16,208,0,0.0,0.0,0.16018066464514058,0.14997800387093893
P1,R03,training,16,209,0,0.0,0.0,0.16018066464514058,0.15014329039019045
P1,R03,training,16,210,0,0.0,0.0,0.16018066464514058,0.1503073619442323
P1,R03,training,16,211,0,0.0,0.0,0.16018066464514058,0.1504702141536282
P1,R03,training,16,212,0,0.0,0.0,0.16018066464514058,0.15063184266819654
P1,R03,training,16,213,0,0.0,0.0,0.16018066464514058,0.15079224316720388
P1,R03,training,16,214,0,0.0,0.0,0.16018066464514058,0.15095141135955722
P1,R03,training,16,215,0,0.0,0.0,0.16018066464514058,0.15110934298399542
P1,R03,training,16,216,0,0.0,0.0,0.16018066464514058,0.15126603380927903
P1,R03,training,16,217,0,0.0,0.0,0.16018066464514058,0.15142147963437913
P1,R03,training,16,218,0,0.0,0.0,0.16018066464514058,0.15157567628866492
P1,R03,training,16,219,0,0.0,0.0,0.16018066464514058,0.1517286196320902
P1,R03,training,16,220,0,0.0,0.0,0.16018066464514058,0.15188030555537835
P1,R03,training,16,221,0,0.0,0.0,0.16018066464514058,0.15203072998020645
P1,R03,training,16,222,0,0.0,0.0,0.16018066464514058,0.15217988885938769
P1,R03,training,16,223,0,0.0,0.0,0.16018066464514058,0.15232777817705298
P1,R03,training,16,224,0,0.0,0.0,0.19105062711358028,0.1818592065853996
P1,R03,training,16,225,0,0.0,0.0,0.19105062711358028,0.18203255440050056
P1,R03,training,16,226,0,0.0,0.0,0.19105062711358028,0.18220437384146912
P1,R03,training,16,227,0,0.0,0.0,0.19105062711358028,0.18237466027004456
P1,R03,training,16,228,0,0.0,0.0,0.19105062711358028,0.18254340908637795
P1,R03,training,16,229,0,0.0,0.0,0.19105062711358028,0.18271061572923905
P1,R03,training,16,230,0,0.0,0.0,0.19105062711358028,0.18287627567622178
P1,R03,training,16,231,0,0.0,0.0,0.19105062711358028,0.18304038444394796
P1,R03,training,16,232,0,0.0,0.0,0.19105062711358028,0.18320293758826955
P1,R03,training,16,233,0,0.0,0.0,0.19105062711358028,0.18336393070446896
P1,R03,training,16,234,0,0.0,0.0,0.19105062711358028,0.1835233594274582
P1,R03,training,16,235,0,0.0,0.0,0.19105062711358028,0.1836812194319758
P1,R03,training,16,236,0,0.0,0.0,0.19105062711358028,0.18383750643278246
P1,R03,training,16,237,0,0.0,0.0,0.19105062711358028,0.18399221618485484
P1,R03,training,16,238,0,0.0,0.0,0.19105062711358028,0.18414534448357775
P1,R03,training,16,239,0,0.0,0.0,0.19105062711358028,0.1842968871649344
P1,R03,training,16,240,0,0.0,0.0,0.2226092335680731,0.21491460316208047
P1,R03,training,16,241,0,0.0,0.0,0.2226092335680731,0.21508746890991698
P1,R03,training,16,242,0,0.0,0.0,0.2226092335680731,0.21525847285141383
P1,R03,training,16,243,0,0.0,0.0,0.2226092335680731,0.21542761032612004
P1,R03,training,16,244,0,0.0,0.0,0.2226092335680731,0.2155948767219681
P1,R03,training,16,245,0,0.0,0.0,0.2226092335680731,0.21576026747548346
P1,R03,training,16,246,0,0.0,0.0,0.2226092335680731,0.21592377807199217
P1,R03,training,16,247,0,0.0,0.0,0.2226092335680731,0.21608540404582616
P1,R03,training,16,248,0,0.0,0.0,0.2226092335680731,0.2162451409805264
P1,R03,training,16,249,0,0.0,0.0,0.2226092335680731,0.21640298450904408
P1,R03,training,16,250,0,0.0,0.0,0.2226092335680731,0.21655893031393952
P1,R03,training,16,251,0,0.0,0.0,0.2226092335680731,0.2167129741275791
P1,R03,training,16,252,0,0.0,0.0,0.2226092335680731,0.2168651117323295
P1,R03,training,16,253,0,0.0,0.0,0.2226092335680731,0.2170153389607507
P1,R03,training,16,254,0,0.0,0.0,0.2226092335680731,0.21716365169578575
P1,R03,training,16,255,0,0.0,0.0,0.2226092335680731,0.21731004587094896
P1,R03,training,16,256,0,0.0,0.0,0.22706953320511786,0.22181153487630986
P1,R03,training,16,257,0,0.0,0.0,0.22706953320511786,0.22195693603298533
P1,R03,training,16,258,0,0.0,0.0,0.22706953320511786,0.22210036805615282
P1,R03,training,16,259,0,0.0,0.0,0.22706953320511786,0.22224182700605932
P1,R03,training,16,260,0,0.0,0.0,0.22706953320511786,0.222381308995461
P1,R03,training,16,261,0,0.0,0.0,0.22706953320511786,0.2225188101898013
P1,R03,training,16,262,0,0.0,0.0,0.22706953320511786,0.22265432680738675
P1,R03,training,16,263,0,0.0,0.0,0.22706953320511786,0.22278785511956006
P1,R03,training,16,264,0,0.0,0.0,0.22706953320511786,0.2229193914508712
P1,R03,training,16,265,0,0.0,0.0,0.22706953320511786,0.2230489321792461
P1,R03,training,16,266,0,0.0,0.0,0.22706953320511786,0.2231764737361527
P1,R03,training,16,267,0,0.0,0.0,0.22706953320511786,0.22330201260676494
P1,R03,training,16,268,0,0.0,0.0,0.22706953320511786,0.22342554533012404
P1,R03,training,16,269,0,0.0,0.0,0.22706953320511786,0.22354706849929767
P1,R03,training,16,270,0,0.0,0.0,0.22706953320511786,0.22366657876153634
P1,R03,training,16,271,0,0.0,0.0,0.22706953320511786,0.22378407281842777
P1,R03,training,16,272,0,1.0,0.2505001571840237,0.23184224238639917,0.22860562758837366
P1,R03,training,16,273,0,1.0,0.2505001571840237,0.23184224238639917,0.22872146417173136
P1,R03,training,16,274,0,1.0,0.2505001571840237,0.23184224238639917,0.22883523240289155
P1,R03,training,16,275,0,1.0,0.2505001571840237,0.23184224238639917,0.22894692913755443
P1,R03,training,16,276,0,1.0,0.2505001571840237,0.23184224238639917,0.22905655128764868
P1,R03,training,16,277,0,1.0,0.2505001571840237,0.23184224238639917,0.22916409582147398
P1,R03,training,16,278,0,1.0,0.2505001571840237,0.23184224238639917,0.22926955976384064
P1,R03,training,16,279,0,1.0,0.2505001571840237,0.23184224238639917,0.2293729401962067
P1,R03,training,16,280,0,1.0,0.2505001571840237,0.23184224238639917,0.22947423425681265
P1,R03,training,16,281,0,1.0,0.2505001571840237,0.23184224238639917,0.22957343914081343
P1,R03,training,16,282,0,1.0,0.2505001571840237,0.23184224238639917,0.22967055210040785
P1,R03,training,16,283,0,1.0,0.2505001571840237,0.23184224238639917,0.22976557044496548
P1,R03,training,16,284,0,1.0,0.2505001571840237,0.23184224238639917,0.22985849154115082
P1,R03,training,16,285,0,1.0,0.2505001571840237,0.23184224238639917,0.22994931281304495
P1,R03,training,16,286,0,1.0,0.2505001571840237,0.23184224238639917,0.23003803174226461
P1,R03,training,16,287,0,1.0,0.2505001571840237,0.23184224238639917,0.23012464586807854
P1,R03,training,16,288,0,0.0,0.24982171670631112,0.22252020145789167,0.22095277602756191
P1,R03,training,16,289,0,0.0,0.24982171670631112,0.22252020145789167,0.22103186031666464
P1,R03,training,16,290,0,0.0,0.24982171670631112,0.22252020145789167,0.22110891768117535
P1,R03,training,16,291,0,0.0,0.24982171670631112,0.22252020145789167,0.22118394598170726
P1,R03,training,16,292,0,0.0,0.24982171670631112,0.22252020145789167,0.22125694313472777
P1,R03,training,16,293,0,0.0,0.24982171670631112,0.22252020145789167,0.22132790711265518
P1,R03,training,16,294,0,0.0,0.24982171670631112,0.22252020145789167,0.2213968359439524
P1,R03,training,16,295,0,0.0,0.24982171670631112,0.22252020145789167,0.22146372771321826
P1,R03,training,16,296,0,0.0,0.24982171670631112,0.22252020145789167,0.22152858056127633
P1,R03,training,16,297,0,0.0,0.24982171670631112,0.22252020145789167,0.22159139268526085
P1,R03,training,16,298,0,0.0,0.24982171670631112,0.22252020145789167,0.2216521623387004
P1,R03,training,16,299,0,0.0,0.24982171670631112,0.22252020145789167,0.22171088783159876
P1,R03,training,16,300,0,0.0,0.24982171670631112,0.22252020145789167,0.22176756753051335
P1,R03,training,16,301,0,0.0,0.24982171670631112,0.22252020145789167,0.22182219985863083
P1,R03,training,16,302,0,0.0,0.24982171670631112,0.22252020145789167,0.2218747832958402
P1,R03,training,16,303,0,0.0,0.24982171670631112,0.22252020145789167,0.22192531637880347
P1,R03,training,16,304,0,0.0,0.49975544065751576,0.21229215157527903,0.2117708630432068
P1,R03,training,16,305,0,0.0,0.49975544065751576,0.21229215157527903,0.21181515720135655
P1,R03,training,16,306,0,0.0,0.49975544065751576,0.21229215157527903,0.21185749138633905
P1,R03,training,16,307,0,0.0,0.49975544065751576,0.21229215157527903,0.21189786441935388
P1,R03,training,16,308,0,0.0,0.49975544065751576,0.21229215157527903,0.2119362751760625
P1,R03,training,16,309,0,0.0,0.49975544065751576,0.21229215157527903,0.2119727225866407
P1,R03,training,16,310,0,0.0,0.49975544065751576,0.21229215157527903,0.21200720563582798
P1,R03,training,16,311,0,0.0,0.49975544065751576,0.21229215157527903,0.212039723362975
P1,R03,training,16,312,0,0.0,0.49975544065751576,0.21229215157527903,0.21207027486208785
P1,R03,training,16,313,0,0.0,0.49975544065751576,0.21229215157527903,0.21209885928187044
P1,R03,training,16,314,0,0.0,0.49975544065751576,0.21229215157527903,0.21212547582576377
P1,R03,training,16,315,0,0.0,0.49975544065751576,0.21229215157527903,0.21215012375198306
P1,R03,training,16,316,0,0.0,0.49975544065751576,0.21229215157527903,0.21217280237355224
P1,R03,training,16,317,0,0.0,0.49975544065751576,0.21229215157527903,0.21219351105833575
P1,R03,training,16,318,0,0.0,0.49975544065751576,0.21229215157527903,0.21221224922906795
P1,R03,training,16,319,0,0.0,0.49975544065751576,0.21229215157527903,0.21222901636338004
P1,R03,training,16,320,0,1.0,0.49991497696990134,0.21434239637030847,0.21429358994175376
P1,R03,training,16,321,0,1.0,0.49991497696990134,0.21434239637030847,0.21430653750285736
P1,R03,training,16,322,0,1.0,0.49991497696990134,0.21434239637030847,0.2143174937424996
P1,R03,training,16,323,0,1.0,0.49991497696990134,0.21434239637030847,0.21432645835519365
P1,R03,training,16,324,0,1.0,0.49991497696990134,0.21434239637030847,0.21433343109097652
P1,R03,training,16,325,0,1.0,0.49991497696990134,0.21434239637030847,0.21433841175542045
P1,R03,training,16,326,0,1.0,0.49991497696990134,0.21434239637030847,0.21434140020964199
P1,R03,training,16,327,0,1.0,0.49991497696990134,0.21434239637030847,0.21434239637030847
P1,R03,training,16,328,0,1.0,0.49991497696990134,0.21434239637030847,0.21434140020964199
P1,R03,training,16,329,0,1.0,0.49991497696990134,0.21434239637030847,0.21433841175542045
P1,R03,training,16,330,0,1.0,0.49991497696990134,0.21434239637030847,0.21433343109097652
P1,R03,training,16,331,0,1.0,0.49991497696990134,0.21434239637030847,0.21432645835519365
P1,R03,training,16,332,0,1.0,0.49991497696990134,0.21434239637030847,0.2143174937424996
P1,R03,training,16,333,0,1.0,0.49991497696990134,0.21434239637030847,0.21430653750285736
P1,R03,training,16,334,0,1.0,0.49991497696990134,0.21434239637030847,0.21429358994175376
P1,R03,training,16,335,0,1.0,0.49991497696990134,0.21434239637030847,0.21427865142018498
P1,R03,training,16,336,0,0.0,0.49978809584356276,0.21434115576831114,0.21426048221957938
P1,R03,training,16,337,0,0.0,0.49978809584356276,0.21434115576831114,0.21424156319152335
P1,R03,training,16,338,0,0.0,0.49978809584356276,0.21434115576831114,0.21422065463038248
P1,R03,training,16,339,0,0.0,0.49978809584356276,0.21434115576831114,0.21419775711899405
P1,R03,training,16,340,0,0.0,0.49978809584356276,0.21434115576831114,0.21417287129559484
P1,R03,training,16,341,0,0.0,0.49978809584356276,0.21434115576831114,0.21414599785379157
P1,R03,training,16,342,0,0.0,0.49978809584356276,0.21434115576831114,0.2141171375425285
P1,R03,training,16,343,0,0.0,0.49978809584356276,0.21434115576831114,0.2140862911660529
P1,R03,training,16,344,0,0.0,0.49978809584356276,0.21434115576831114,0.21405345958387748
P1,R03,training,16,345,0,0.0,0.49978809584356276,0.21434115576831114,0.2140186437107405
P1,R03,training,16,346,0,0.0,0.49978809584356276,0.21434115576831114,0.2139818445165634
P1,R03,training,16,347,0,0.0,0.49978809584356276,0.21434115576831114,0.21394306302640576
P1,R03,training,16,348,0,0.0,0.49978809584356276,0.21434115576831114,0.21390230032041754
P1,R03,training,16,349,0,0.0,0.49978809584356276,0.21434115576831114,0.21385955753378916
P1,R03,training,16,350,0,0.0,0.49978809584356276,0.21434115576831114,0.21381483585669864
P1,R03,training,16,351,0,0.0,0.49978809584356276,0.21434115576831114,0.21376813653425647
P1,R03,training,16,352,0,1.0,0.5002227114656759,0.21228846489725478,0.2116727238097444
P1,R03,training,16,353,0,1.0,0.5002227114656759,0.21228846489725478,0.21162255821987405
P1,R03,training,16,354,0,1.0,0.5002227114656759,0.21228846489725478,0.2115704379494724
P1,R03,training,16,355,0,1.0,0.5002227114656759,0.21228846489725478,0.21151636444875388
P1,R03,training,16,356,0,1.0,0.5002227114656759,0.21228846489725478,0.21146033922202814
P1,R03,training,16,357,0,1.0,0.5002227114656759,0.21228846489725478,0.21140236382763025
P1,R03,training,16,358,0,1.0,0.5002227114656759,0.21228846489725478,0.21134243987784843
P1,R03,training,16,359,0,1.0,0.5002227114656759,0.21228846489725478,0.21128056903884926
P1,R03,training,16,360,0,1.0,0.5002227114656759,0.21228846489725478,0.21121675303060067
P1,R03,training,16,361,0,1.0,0.5002227114656759,0.21228846489725478,0.21115099362679204
P1,R03,training,16,362,0,1.0,0.5002227114656759,0.21228846489725478,0.21108329265475215
P1,R03,training,16,363,0,1.0,0.5002227114656759,0.21228846489725478,0.21101365199536454
P1,R03,training,16,364,0,1.0,0.5002227114656759,0.21228846489725478,0.21094207358298034
P1,R03,training,16,365,0,1.0,0.5002227114656759,0.21228846489725478,0.2108685594053289
P1,R03,training,16,366,0,1.0,0.5002227114656759,0.21228846489725478,0.21079311150342556
P1,R03,training,16,367,0,1.0,0.5002227114656759,0.21228846489725478,0.2107157319714774
P1,R03,training,16,368,0,0.0,0.2497785753223622,0.2082430493805442,0.20662248911338965
P1,R03,training,16,369,0,0.0,0.2497785753223622,0.2082430493805442,0.20654280087293653
P1,R03,training,16,370,0,0.0,0.2497785753223622,0.2082430493805442,0.20646122428700817
P1,R03,training,16,371,0,0.0,0.2497785753223622,0.2082430493805442,0.20637776161764196
P1,R03,training,16,372,0,0.0,0.2497785753223622,0.2082430493805442,0.20629241517855432
P1,R03,training,16,373,0,0.0,0.2497785753223622,0.2082430493805442,0.20620518733503387
P1,R03,training,16,374,0,0.0,0.2497785753223622,0.2082430493805442,0.20611608050383207
P1,R03,training,16,375,0,0.0,0.2497785753223622,0.2082430493805442,0.20602509715305184
P1,R03,training,16,376,0,0.0,0.2497785753223622,0.2082430493805442,0.20593223980203335
P1,R03,training,16,377,0,0.0,0.2497785753223622,0.2082430493805442,0.20583751102123798
P1,R03,training,16,378,0,0.0,0.2497785753223622,0.2082430493805442,0.20574091343212966
P1,R03,training,16,379,0,0.0,0.2497785753223622,0.2082430493805442,0.20564244970705392
P1,R03,training,16,380,0,0.0,0.2497785753223622,0.2082430493805442,0.2055421225691147
P1,R03,training,16,381,0,0.0,0.2497785753223622,0.2082430493805442,0.20543993479204883
P1,R03,training,16,382,0,0.0,0.2497785753223622,0.2082430493805442,0.2053358892000983
P1,R03,training,16,383,0,0.0,0.2497785753223622,0.2082430493805442,0.20522998866788006
P1,R03,training,16,384,0,0.0,0.24982337664151222,0.20231953530618724,0.19928749418655534
P1,R03,training,16,385,0,0.0,0.24982337664151222,0.20231953530618724,0.19918101023699525
P1,R03,training,16,386,0,0.0,0.24982337664151222,0.20231953530618724,0.19907273278220375
P1,R03,training,16,387,0,0.0,0.24982337664151222,0.20231953530618724,0.19896266480948924
P1,R03,training,16,388,0,0.0,0.24982337664151222,0.20231953530618724,0.1988508093544371
P1,R03,training,16,389,0,0.0,0.24982337664151222,0.20231953530618724,0.1987371695007705
P1,R03,training,16,390,0,0.0,0.24982337664151222,0.20231953530618724,0.19862174838020846
P1,R03,training,16,391,0,0.0,0.24982337664151222,0.20231953530618724,0.19850454917232216
P1,R03,training,16,392,0,0.0,0.24982337664151222,0.20231953530618724,0.1983855751043889
P1,R03,training,16,393,0,0.0,0.24982337664151222,0.20231953530618724,0.19826482945124402
P1,R03,training,16,394,0,0.0,0.24982337664151222,0.20231953530618724,0.1981423155351307
P1,R03,training,16,395,0,0.0,0.24982337664151222,0.20231953530618724,0.19801803672554757
P1,R03,training,16,396,0,0.0,0.24982337664151222,0.20231953530618724,0.19789199643909433
P1,R03,training,16,397,0,0.0,0.24982337664151222,0.20231953530618724,0.1977641981393151
P1,R03,training,16,398,0,0.0,0.24982337664151222,0.20231953530618724,0.19763464533653996
P1,R03,training,16,399,0,0.0,0.24982337664151222,0.20231953530618724,0.1975033415877242
P1,R03,training,16,400,0,0.0,0.0,0.18141494160355692,0.1769770757454172
P1,R03,training,16,401,0,0.0,0.0,0.18141494160355692,0.17685620858400536
P1,R03,training,16,402,0,0.0,0.0,0.18141494160355692,0.17673378121010686
P1,R03,training,16,403,0,0.0,0.0,0.18141494160355692,0.17660979697890888
P1,R03,training,16,404,0,0.0,0.0,0.18141494160355692,0.1764842592866583
P1,R03,training,16,405,0,0.0,0.0,0.18141494160355692,0.1763571715705067
P1,R03,training,16,406,0,0.0,0.0,0.18141494160355692,0.17622853730835342
P1,R03,training,16,407,0,0.0,0.0,0.18141494160355692,0.17609836001868717
P1,R03,training,16,408,0,0.0,0.0,0.18141494160355692,0.17596664326042544
P1,R03,training,16,409,0,0.0,0.0,0.18141494160355692,0.17583339063275258
P1,R03,training,16,410,0,0.0,0.0,0.18141494160355692,0.1756986057749556
P1,R03,training,16,411,0,0.0,0.0,0.18141494160355692,0.17556229236625898
P1,R03,training,16,412,0,0.0,0.0,0.18141494160355692,0.1754244541256569
P1,R03,training,16,413,0,0.0,0.0,0.18141494160355692,0.17528509481174442
P1,R03,training,16,414,0,0.0,0.0,0.18141494160355692,0.17514421822254658
P1,R03,training,16,415,0,0.0,0.0,0.18141494160355692,0.17500182819534602
P1,R03,training,16,416,0,0.0,0.0,0.16012250232546632,0.1543350775434307
P1,R03,training,16,417,0,0.0,0.0,0.16012250232546632,0.15420673833440116
P1,R03,training,16,418,0,0.0,0.0,0.16012250232546632,0.15407707368472032
P1,R03,training,16,419,0,0.0,0.0,0.16012250232546632,0.15394608711834162
P1,R03,training,16,420,0,0.0,0.0,0.16012250232546632,0.15381378219308514
P1,R03,training,16,421,0,0.0,0.0,0.16012250232546632,0.1536801625004766
P1,R03,training,16,422,0,0.0,0.0,0.16012250232546632,0.15354523166558484
P1,R03,training,16,423,0,0.0,0.0,0.16012250232546632,0.15340899334685812
P1,R03,training,16,424,0,0.0,0.0,0.16012250232546632,0.15327145123595867
P1,R03,training,16,425,0,0.0,0.0,0.16012250232546632,0.1531326090575961
P1,R03,training,16,426,0,0.0,0.0,0.16012250232546632,0.15299247056935947
P1,R03,training,16,427,0,0.0,0.0,0.16012250232546632,0.1528510395615476
P1,R03,training,16,428,0,0.0,0.0,0.16012250232546632,0.15270831985699854
P1,R03,training,16,429,0,0.0,0.0,0.16012250232546632,0.1525643153109172
P1,R03,training,16,430,0,0.0,0.0,0.16012250232546632,0.15241902981070204
P1,R03,training,16,431,0,0.0,0.0,0.16012250232546632,0.15227246727577015
P1,R03,training,16,432,0,0.0,0.0,0.12542998137380432,0.11916494832498925
P1,R03,training,16,433,0,0.0,0.0,0.12542998137380432,0.1190481489879476
P1,R03,training,16,434,0,0.0,0.0,0.12542998137380432,0.11893035866134263
P1,R03,training,16,435,0,0.0,0.0,0.12542998137380432,0.11881158051433686
P1,R03,training,16,436,0,0.0,0.0,0.12542998137380432,0.11869181774047412
P1,R03,training,16,437,0,0.0,0.0,0.12542998137380432,0.11857107355753659
P1,R03,training,16,438,0,0.0,0.0,0.12542998137380432,0.11844935120740066
P1,R03,training,16,439,0,0.0,0.0,0.12542998137380432,0.11832665395589212
P1,R03,training,16,440,0,0.0,0.0,0.12542998137380432,0.1182029850926401
P1,R03,training,16,441,0,0.0,0.0,0.12542998137380432,0.11807834793093015
P1,R03,training,16,442,0,0.0,0.0,0.12542998137380432,0.11795274580755648
P1,R03,training,16,443,0,0.0,0.0,0.12542998137380432,0.11782618208267312
P1,R03,training,16,444,0,0.0,0.0,0.12542998137380432,0.1176986601396442
P1,R03,training,16,445,0,0.0,0.0,0.12542998137380432,0.11757018338489336
P1,R03,training,16,446,0,0.0,0.0,0.12542998137380432,0.11744075524775216
P1,R03,training,16,447,0,0.0,0.0,0.12542998137380432,0.11731037918030769
P1,R03,training,16,448,0,0.0,0.0,0.09191026881948469,0.08586430981844358
P1,R03,training,16,449,0,0.0,0.0,0.09191026881948469,0.0857673936889088
P1,R03,training,16,450,0,0.0,0.0,0.09191026881948469,0.08566979064007585
P1,R03,training,16,451,0,0.0,0.0,0.09191026881948469,0.08557150326706893
P1,R03,training,16,452,0,0.0,0.0,0.09191026881948469,0.08547253418111844
P1,R03,training,16,453,0,0.0,0.0,0.09191026881948469,0.08537288600944558
P1,R03,training,16,454,0,0.0,0.0,0.09191026881948469,0.08527256139514605
P1,R03,training,16,455,0,0.0,0.0,0.09191026881948469,0.08517156299707346
P1,R03,training,16,456,0,0.0,0.0,0.09191026881948469,0.08506989348972196
P1,R03,training,16,457,0,0.0,0.0,0.09191026881948469,0.08496755556310837
P1,R03,training,16,458,0,0.0,0.0,0.09191026881948469,0.08486455192265364
P1,R03,training,16,459,0,0.0,0.0,0.09191026881948469,0.0847608852890639
P1,R03,training,16,460,0,0.0,0.0,0.09191026881948469,0.08465655839821067
P1,R03,training,16,461,0,0.0,0.0,0.09191026881948469,0.08455157400101082
P1,R03,training,16,462,0,0.0,0.0,0.09191026881948469,0.0844459348633058
P1,R03,training,16,463,0,0.0,0.0,0.09191026881948469,0.08433964376574032
P1,R03,training,16,464,0,0.0,0.0,0.05985790606429146,0.0548577794257669
P1,R03,training,16,465,0,0.0,0.0,0.05985790606429146,0.054787712068965176
P1,R03,training,16,466,0,0.0,0.0,0.05985790606429146,0.05471722560363098
P1,R03,training,16,467,0,0.0,0.0,0.05985790606429146,0.0546463218784665
P1,R03,training,16,468,0,0.0,0.0,0.05985790606429146,0.05457500275141471
P1,R03,training,16,469,0,0.0,0.0,0.05985790606429146,0.0545032700895784
P1,R03,training,16,470,0,0.0,0.0,0.05985790606429146,0.05443112576913878
P1,R03,training,16,471,0,0.0,0.0,0.05985790606429146,0.05435857167527387
P1,R03,training,16,472,0,0.0,0.0,0.05985790606429146,0.0542856097020766
P1,R03,training,16,473,0,0.0,0.0,0.05985790606429146,0.05421224175247245
P1,R03,training,16,474,0,0.0,0.0,0.05985790606429146,0.05413846973813694
P1,R03,training,16,475,0,0.0,0.0,0.05985790606429146,0.054064295579412815
P1,R03,training,16,476,0,0.0,0.0,0.05985790606429146,0.05398972120522685
P1,R03,training,16,477,0,0.0,0.0,0.05985790606429146,0.05391474855300642
P1,R03,training,16,478,0,0.0,0.0,0.05985790606429146,0.053839379568595816
P1,R03,training,16,479,0,0.0,0.0,0.05985790606429146,0.05376361620617226
P1,R03,training,16,480,0,0.0,0.0,0.029481024071525922,0.026441975960898714
P1,R03,training,16,481,0,0.0,0.0,0.029481024071525922,0.026404275660446338
P1,R03,training,16,482,0,0.0,0.0,0.029481024071525922,0.026366384033803168
P1,R03,training,16,483,0,0.0,0.0,0.029481024071525922,0.02632830205943446
P1,R03,training,16,484,0,0.0,0.0,0.029481024071525922,0.026290030719700798
P1,R03,training,16,485,0,0.0,0.0,0.029481024071525922,0.02625157100081601
P1,R03,training,16,486,0,0.0,0.0,0.029481024071525922,0.026212923892804878
P1,R03,training,16,487,0,0.0,0.0,0.029481024071525922,0.026174090389460808
P1,R03,training,16,488,0,0.0,0.0,0.029481024071525922,0.026135071488303355
P1,R03,training,16,489,0,0.0,0.0,0.029481024071525922,0.026095868190535644
P1,R03,training,16,490,0,0.0,0.0,0.029481024071525922,0.02605648150100167
P1,R03,training,16,491,0,0.0,0.0,0.029481024071525922,0.026016912428143524
P1,R03,training,16,492,0,0.0,0.0,0.029481024071525922,0.02597716198395848
P1,R03,training,16,493,0,0.0,0.0,0.029481024071525922,0.025937231183956005
P1,R03,training,16,494,0,0.0,0.0,0.029481024071525922,0.025897121047114672
P1,R03,training,16,495,0,0.0,0.0,0.029481024071525922,0.02585683259583895
P1,R03,training,16,496,0,0.0,0.0,0.014262851338003242,0.012489898643274126
P1,R03,training,16,497,0,0.0,0.0,0.014262851338003242,0.012470236137835333
P1,R03,training,16,498,0,0.0,0.0,0.014262851338003242,0.012450488857930977
P1,R03,training,16,499,0,0.0,0.0,0.014262851338003242,0.012430657304617954
P1,R03,training,16,500,0,0.0,0.0,0.014262851338003242,0.012410741980505478
P1,R03,training,16,501,0,0.0,0.0,0.014262851338003242,0.012390743389733951
P1,R03,training,16,502,0,0.0,0.0,0.014262851338003242,0.012370662037953773
P1,R03,training,16,503,0,0.0,0.0,0.014262851338003242,0.012350498432304126
P1,R03,training,16,504,0,0.0,0.0,0.014262851338003242,0.012330253081391724
P1,R03,training,16,505,0,0.0,0.0,0.014262851338003242,0.012309926495269524
P1,R03,training,16,506,0,0.0,0.0,0.014262851338003242,0.012289519185415399
P1,R03,training,16,507,0,0.0,0.0,0.014262851338003242,0.012269031664710809
P1,R03,training,16,508,0,0.0,0.0,0.014262851338003242,0.012248464447419394
P1,R03,training,16,509,0,0.0,0.0,0.014262851338003242,0.012227818049165588
P1,R03,training,16,510,0,0.0,0.0,0.014262851338003242,0.012207092986913172
P1,R03,training,16,511,0,0.0,0.0,0.014262851338003242,0.012186289778943817
P1,R03,training,16,512,0,0.0,0.0,0.0,0.0
P1,R03,training,16,513,0,0.0,0.0,0.0,0.0
P1,R03,training,16,514,0,0.0,0.0,0.0,0.0
P1,R03,training,16,515,0,0.0,0.0,0.0,0.0
P1,R03,training,16,516,0,0.0,0.0,0.0,0.0
P1,R03,training,16,517,0,0.0,0.0,0.0,0.0
P1,R03,training,16,518,0,0.0,0.0,0.0,0.0
P1,R03,training,16,519,0,0.0,0.0,0.0,0.0
P1,R03,training,16,520,0,0.0,0.0,0.0,0.0
P1,R03,training,16,521,0,0.0,0.0,0.0,0.0
P1,R03,training,16,522,0,0.0,0.0,0.0,0.0
P1,R03,training,16,523,0,0.0,0.0,0.0,0.0
P1,R03,training,16,524,0,0.0,0.0,0.0,0.0
P1,R03,training,16,525,0,0.0,0.0,0.0,0.0
P1,R03,training,16,526,0,0.0,0.0,0.0,0.0
P1,R03,training,16,527,0,0.0,0.0,0.0,0.0
P1,R03,training,16,528,0,0.0,0.0,0.0,0.0
P1,R03,training,16,529,0,0.0,0.0,0.0,0.0
P1,R03,training,16,530,0,0.0,0.0,0.0,0.0
P1,R03,training,16,531,0,0.0,0.0,0.0,0.0
P1,R03,training,16,532,0,0.0,0.0,0.0,0.0
P1,R03,training,16,533,0,0.0,0.0,0.0,0.0
P1,R03,training,16,534,0,0.0,0.0,0.0,0.0
P1,R03,training,16,535,0,0.0,0.0,0.0,0.0
P1,R03,training,16,536,0,0.0,0.0,0.0,0.0
P1,R03,training,16,537,0,0.0,0.0,0.0,0.0
P1,R03,training,16,538,0,0.0,0.0,0.0,0.0
P1,R03,training,16,539,0,0.0,0.0,0.0,0.0
P1,R03,training,16,540,0,0.0,0.0,0.0,0.0
P1,R03,training,16,541,0,0.0,0.0,0.0,0.0
P1,R03,training,16,542,0,0.0,0.0,0.0,0.0
P1,R03,training,16,543,0,0.0,0.0,0.0,0.0
P1,R03,training,16,544,0,0.0,0.0,0.0,0.0
P1,R03,training,16,545,0,0.0,0.0,0.0,0.0
P1,R03,training,16,546,0,0.0,0.0,0.0,0.0
P1,R03,training,16,547,0,0.0,0.0,0.0,0.0
P1,R03,training,16,548,0,0.0,0.0,0.0,0.0
P1,R03,training,16,549,0,0.0,0.0,0.0,0.0
P1,R03,training,16,550,0,0.0,0.0,0.0,0.0
P1,R03,training,16,551,0,0.0,0.0,0.0,0.0
P1,R03,training,16,552,0,0.0,0.0,0.0,0.0
P1,R03,training,16,553,0,0.0,0.0,0.0,0.0
P1,R03,training,16,554,0,0.0,0.0,0.0,0.0
P1,R03,training,16,555,0,0.0,0.0,0.0,0.0
P1,R03,training,16,556,0,0.0,0.0,0.0,0.0
P1,R03,training,16,557,0,0.0,0.0,0.0,0.0
P1,R03,training,16,558,0,0.0,0.0,0.0,0.0
P1,R03,training,16,559,0,0.0,0.0,0.0,0.0
P1,R03,training,16,560,0,0.0,0.0,0.0,0.0
P1,R03,training,16,561,0,0.0,0.0,0.0,0.0
P1,R03,training,16,562,0,0.0,0.0,0.0,0.0
P1,R03,training,16,563,0,0.0,0.0,0.0,0.0
P1,R03,training,16,564,0,0.0,0.0,0.0,0.0
P1,R03,training,16,565,0,0.0,0.0,0.0,0.0
P1,R03,training,16,566,0,0.0,0.0,0.0,0.0
P1,R03,training,16,567,0,0.0,0.0,0.0,0.0
P1,R03,training,16,568,0,0.0,0.0,0.0,0.0
P1,R03,training,16,569,0,0.0,0.0,0.0,0.0
P1,R03,training,16,570,0,0.0,0.0,0.0,0.0
P1,R03,training,16,571,0,0.0,0.0,0.0,0.0
P1,R03,training,16,572,0,0.0,0.0,0.0,0.0
P1,R03,training,16,573,0,0.0,0.0,0.0,0.0
P1,R03,training,16,574,0,0.0,0.0,0.0,0.0
P1,R03,training,16,575,0,0.0,0.0,0.0,0.0
P1,R03,training,16,576,0,0.0,0.0,0.0,0.0
P1,R03,training,16,577,0,0.0,0.0,0.0,0.0
P1,R03,training,16,578,0,0.0,0.0,0.0,0.0
P1,R03,training,16,579,0,0.0,0.0,0.0,0.0
P1,R03,training,16,580,0,0.0,0.0,0.0,0.0
P1,R03,training,16,581,0,0.0,0.0,0.0,0.0
P1,R03,training,16,582,0,0.0,0.0,0.0,0.0
P1,R03,training,16,583,0,0.0,0.0,0.0,0.0
P1,R03,training,16,584,0,0.0,0.0,0.0,0.0
P1,R03,training,16,585,0,0.0,0.0,0.0,0.0
P1,R03,training,16,586,0,0.0,0.0,0.0,0.0
P1,R03,training,16,587,0,0.0,0.0,0.0,0.0
P1,R03,training,16,588,0,0.0,0.0,0.0,0.0
P1,R03,training,16,589,0,0.0,0.0,0.0,0.0
P1,R03,training,16,590,0,0.0,0.0,0.0,0.0
P1,R03,training,16,591,0,0.0,0.0,0.0,0.0
P1,R03,training,16,592,0,0.0,0.0,0.0,0.0
P1,R03,training,16,593,0,0.0,0.0,0.0,0.0
P1,R03,training,16,594,0,0.0,0.0,0.0,0.0
P1,R03,training,16,595,0,0.0,0.0,0.0,0.0
P1,R03,training,16,596,0,0.0,0.0,0.0,0.0
P1,R03,training,16,597,0,0.0,0.0,0.0,0.0
P1,R03,training,16,598,0,0.0,0.0,0.0,0.0
P1,R03,training,16,599,0,0.0,0.0,0.0,0.0
P1,R03,training,16,600,0,0.0,0.0,0.0,0.0
P1,R03,training,16,601,0,0.0,0.0,0.0,0.0
P1,R03,training,16,602,0,0.0,0.0,0.0,0.0
P1,R03,training,16,603,0,0.0,0.0,0.0,0.0
P1,R03,training,16,604,0,0.0,0.0,0.0,0.0
P1,R03,training,16,605,0,0.0,0.0,0.0,0.0
P1,R03,training,16,606,0,0.0,0.0,0.0,0.0
P1,R03,training,16,607,0,0.0,0.0,0.0,0.0
P1,R03,training,16,608,0,0.0,0.0,0.0,0.0
P1,R03,training,16,609,0,0.0,0.0,0.0,0.0
P1,R03,training,16,610,0,0.0,0.0,0.0,0.0
P1,R03,training,16,611,0,0.0,0.0,0.0,0.0
P1,R03,training,16,612,0,0.0,0.0,0.0,0.0
P1,R03,training,16,613,0,0.0,0.0,0.0,0.0
P1,R03,training,16,614,0,0.0,0.0,0.0,0.0
P1,R03,training,16,615,0,0.0,0.0,0.0,0.0
P1,R03,training,16,616,0,0.0,0.0,0.0,0.0
P1,R03,training,16,617,0,0.0,0.0,0.0,0.0
P1,R03,training,16,618,0,0.0,0.0,0.0,0.0
P1,R03,training,16,619,0,0.0,0.0,0.0,0.0
P1,R03,training,16,620,0,0.0,0.0,0.0,0.0
P1,R03,training,16,621,0,0.0,0.0,0.0,0.0
P1,R03,training,16,622,0,0.0,0.0,0.0,0.0
P1,R03,training,16,623,0,0.0,0.0,0.0,0.0
P1,R03,training,16,624,0,0.0,0.0,0.0,0.0
P1,R03,training,16,625,0,0.0,0.0,0.0,0.0
P1,R03,training,16,626,0,0.0,0.0,0.0,0.0
P1,R03,training,16,627,0,0.0,0.0,0.0,0.0
P1,R03,training,16,628,0,0.0,0.0,0.0,0.0
P1,R03,training,16,629,0,0.0,0.0,0.0,0.0
P1,R03,training,16,630,0,0.0,0.0,0.0,0.0
P1,R03,training,16,631,0,0.0,0.0,0.0,0.0
P1,R03,training,16,632,0,0.0,0.0,0.0,0.0
P1,R03,training,16,633,0,0.0,0.0,0.0,0.0
P1,R03,training,16,634,0,0.0,0.0,0.0,0.0
P1,R03,training,16,635,0,0.0,0.0,0.0,0.0
P1,R03,training,16,636,0,0.0,0.0,0.0,0.0
P1,R03,training,16,637,0,0.0,0.0,0.0,0.0
P1,R03,training,16,638,0,0.0,0.0,0.0,0.0
P1,R03,training,16,639,0,0.0,0.0,0.0,0.0
P1,R03,training,16,640,0,0.0,0.0,0.0,0.0
P1,R03,training,16,641,0,0.0,0.0,0.0,0.0
P1,R03,training,16,642,0,0.0,0.0,0.0,0.0
P1,R03,training,16,643,0,0.0,0.0,0.0,0.0
P1,R03,training,16,644,0,0.0,0.0,0.0,0.0
P1,R03,training,16,645,0,0.0,0.0,0.0,0.0
P1,R03,training,16,646,0,0.0,0.0,0.0,0.0
P1,R03,training,16,647,0,0.0,0.0,0.0,0.0
P1,R03,training,16,648,0,0.0,0.0,0.0,0.0
P1,R03,training,16,649,0,0.0,0.0,0.0,0.0
P1,R03,training,16,650,0,0.0,0.0,0.0,0.0
P1,R03,training,16,651,0,0.0,0.0,0.0,0.0
P1,R03,training,16,652,0,0.0,0.0,0.0,0.0
P1,R03,training,16,653,0,0.0,0.0,0.0,0.0
P1,R03,training,16,654,0,0.0,0.0,0.0,0.0
P1,R03,training,16,655,0,0.0,0.0,0.0,0.0
P2,R03,training,16,0,0,0.0,0.0,0.0,0.0
P2,R03,training,16,1,0,0.0,0.0,0.0,0.0
P2,R03,training,16,2,0,0.0,0.0,0.0,0.0
P2,R03,training,16,3,0,0.0,0.0,0.0,0.0
P2,R03,training,16,4,0,0.0,0.0,0.0,0.0
P2,R03,training,16,5,0,0.0,0.0,0.0,0.0
P2,R03,training,16,6,0,0.0,0.0,0.0,0.0
P2,R03,training,16,7,0,0.0,0.0,0.0,0.0
P2,R03,training,16,8,0,0.0,0.0,0.0,0.0
P2,R03,training,16,9,0,0.0,0.0,0.0,0.0
P2,R03,training,16,10,0,0.0,0.0,0.0,0.0
P2,R03,training,16,11,0,0.0,0.0,0.0,0.0
P2,R03,training,16,12,0,0.0,0.0,0.0,0.0
P2,R03,training,16,13,0,0.0,0.0,0.0,0.0
P2,R03,training,16,14,0,0.0,0.0,0.0,0.0
P2,R03,training,16,15,0,0.0,0.0,0.0,0.0
P2,R03,training,16,16,0,0.0,0.0,0.0,0.0
P2,R03,training,16,17,0,0.0,0.0,0.0,0.0
P2,R03,training,16,18,0,0.0,0.0,0.0,0.0
P2,R03,training,16,19,0,0.0,0.0,0.0,0.0
P2,R03,training,16,20,0,0.0,0.0,0.0,0.0
P2,R03,training,16,21,0,0.0,0.0,0.0,0.0
P2,R03,training,16,22,0,0.0,0.0,0.0,0.0
P2,R03,training,16,23,0,0.0,0.0,0.0,0.0
P2,R03,training,16,24,0,0.0,0.0,0.0,0.0
P2,R03,training,16,25,0,0.0,0.0,0.0,0.0
P2,R03,training,16,26,0,0.0,0.0,0.0,0.0
P2,R03,training,16,27,0,0.0,0.0,0.0,0.0
P2,R03,training,16,28,0,0.0,0.0,0.0,0.0
P2,R03,training,16,29,0,0.0,0.0,0.0,0.0
P2,R03,training,16,30,0,0.0,0.0,0.0,0.0
P2,R03,training,16,31,0,0.0,0.0,0.0,0.0
P2,R03,training,16,32,0,0.0,0.0,0.0,0.0
P2,R03,training,16,33,0,0.0,0.0,0.0,0.0
P2,R03,training,16,34,0,0.0,0.0,0.0,0.0
P2,R03,training,16,35,0,0.0,0.0,0.0,0.0
P2,R03,training,16,36,0,0.0,0.0,0.0,0.0
P2,R03,training,16,37,0,0.0,0.0,0.0,0.0
P2,R03,training,16,38,0,0.0,0.0,0.0,0.0
P2,R03,training,16,39,0,0.0,0.0,0.0,0.0
P2,R03,training,16,40,0,0.0,0.0,0.0,0.0
P2,R03,training,16,41,0,0.0,0.0,0.0,0.0
P2,R03,training,16,42,0,0.0,0.0,0.0,0.0
P2,R03,training,16,43,0,0.0,0.0,0.0,0.0
P2,R03,training,16,44,0,0.0,0.0,0.0,0.0
P2,R03,training,16,45,0,0.0,0.0,0.0,0.0
P2,R03,training,16,46,0,0.0,0.0,0.0,0.0
P2,R03,training,16,47,0,0.0,0.0,0.0,0.0
P2,R03,training,16,48,0,0.0,0.0,0.0,0.0
P2,R03,training,16,49,0,0.0,0.0,0.0,0.0
P2,R03,training,16,50,0,0.0,0.0,0.0,0.0
P2,R03,training,16,51,0,0.0,0.0,0.0,0.0
P2,R03,training,16,52,0,0.0,0.0,0.0,0.0
P2,R03,training,16,53,0,0.0,0.0,0.0,0.0
P2,R03,training,16,54,0,0.0,0.0,0.0,0.0
P2,R03,training,16,55,0,0.0,0.0,0.0,0.0
P2,R03,training,16,56,0,0.0,0.0,0.0,0.0
P2,R03,training,16,57,0,0.0,0.0,0.0,0.0
P2,R03,training,16,58,0,0.0,0.0,0.0,0.0
P2,R03,training,16,59,0,0.0,0.0,0.0,0.0
P2,R03,training,16,60,0,0.0,0.0,0.0,0.0
P2,R03,training,16,61,0,0.0,0.0,0.0,0.0
P2,R03,training,16,62,0,0.0,0.0,0.0,0.0
P2,R03,training,16,63,0,0.0,0.0,0.0,0.0
P2,R03,training,16,64,0,0.0,0.0,0.0,0.0
P2,R03,training,16,65,0,0.0,0.0,0.0,0.0
P2,R03,training,16,66,0,0.0,0.0,0.0,0.0
P2,R03,training,16,67,0,0.0,0.0,0.0,0.0
P2,R03,training,16,68,0,0.0,0.0,0.0,0.0
P2,R03,training,16,69,0,0.0,0.0,0.0,0.0
P2,R03,training,16,70,0,0.0,0.0,0.0,0.0
P2,R03,training,16,71,0,0.0,0.0,0.0,0.0
P2,R03,training,16,72,0,0.0,0.0,0.0,0.0
P2,R03,training,16,73,0,0.0,0.0,0.0,0.0
P2,R03,training,16,74,0,0.0,0.0,0.0,0.0
P2,R03,training,16,75,0,0.0,0.0,0.0,0.0
P2,R03,training,16,76,0,0.0,0.0,0.0,0.0
P2,R03,training,16,77,0,0.0,0.0,0.0,0.0
P2,R03,training,16,78,0,0.0,0.0,0.0,0.0
P2,R03,training,16,79,0,0.0,0.0,0.0,0.0
P2,R03,training,16,80,0,0.0,0.0,0.0,0.0
P2,R03,training,16,81,0,0.0,0.0,0.0,0.0
P2,R03,training,16,82,0,0.0,0.0,0.0,0.0
P2,R03,training,16,83,0,0.0,0.0,0.0,0.0
P2,R03,training,16,84,0,0.0,0.0,0.0,0.0
P2,R03,training,16,85,0,0.0,0.0,0.0,0.0
P2,R03,training,16,86,0,0.0,0.0,0.0,0.0
P2,R03,training,16,87,0,0.0,0.0,0.0,0.0
P2,R03,training,16,88,0,0.0,0.0,0.0,0.0
P2,R03,training,16,89,0,0.0,0.0,0.0,0.0
P2,R03,training,16,90,0,0.0,0.0,0.0,0.0
P2,R03,training,16,91,0,0.0,0.0,0.0,0.0
P2,R03,training,16,92,0,0.0,0.0,0.0,0.0
P2,R03,training,16,93,0,0.0,0.0,0.0,0.0
P2,R03,training,16,94,0,0.0,0.0,0.0,0.0
P2,R03,training,16,95,0,0.0,0.0,0.0,0.0
P2,R03,training,16,96,0,0.0,0.0,0.0,0.0
P2,R03,training,16,97,0,0.0,0.0,0.0,0.0
P2,R03,training,16,98,0,0.0,0.0,0.0,0.0
P2,R03,training,16,99,0,0.0,0.0,0.0,0.0
P2,R03,training,16,100,0,0.0,0.0,0.0,0.0
P2,R03,training,16,101,0,0.0,0.0,0.0,0.0
P2,R03,training,16,102,0,0.0,0.0,0.0,0.0
P2,R03,training,16,103,0,0.0,0.0,0.0,0.0
P2,R03,training,16,104,0,0.0,0.0,0.0,0.0
P2,R03,training,16,105,0,0.0,0.0,0.0,0.0
P2,R03,training,16,106,0,0.0,0.0,0.0,0.0
P2,R03,training,16,107,0,0.0,0.0,0.0,0.0
P2,R03,training,16,108,0,0.0,0.0,0.0,0.0
P2,R03,training,16,109,0,0.0,0.0,0.0,0.0
P2,R03,training,16,110,0,0.0,0.0,0.0,0.0
P2,R03,training,16,111,0,0.0,0.0,0.0,0.0
P2,R03,training,16,112,0,0.0,0.0,0.0,0.0
P2,R03,training,16,113,0,0.0,0.0,0.0,0.0
P2,R03,training,16,114,0,0.0,0.0,0.0,0.0
P2,R03,training,16,115,0,0.0,0.0,0.0,0.0
P2,R03,training,16,116,0,0.0,0.0,0.0,0.0
P2,R03,training,16,117,0,0.0,0.0,0.0,0.0
P2,R03,training,16,118,0,0.0,0.0,0.0,0.0
P2,R03,training,16,119,0,0.0,0.0,0.0,0.0
P2,R03,training,16,120,0,0.0,0.0,0.0,0.0
P2,R03,training,16,121,0,0.0,0.0,0.0,0.0
P2,R03,training,16,122,0,0.0,0.0,0.0,0.0
P2,R03,training,16,123,0,0.0,0.0,0.0,0.0
P2,R03,training,16,124,0,0.0,0.0,0.0,0.0
P2,R03,training,16,125,0,0.0,0.0,0.0,0.0
P2,R03,training,16,126,0,0.0,0.0,0.0,0.0
P2,R03,training,16,127,0,0.0,0.0,0.0,0.0
P2,R03,training,16,128,0,0.0,0.0,0.0,0.0
P2,R03,training,16,129,0,0.0,0.0,0.0,0.0
P2,R03,training,16,130,0,0.0,0.0,0.0,0.0
P2,R03,training,16,131,0,0.0,0.0,0.0,0.0
P2,R03,training,16,132,0,0.0,0.0,0.0,0.0
P2,R03,training,16,133,0,0.0,0.0,0.0,0.0
P2,R03,training,16,134,0,0.0,0.0,0.0,0.0
P2,R03,training,16,135,0,0.0,0.0,0.0,0.0
P2,R03,training,16,136,0,0.0,0.0,0.0,0.0
P2,R03,training,16,137,0,0.0,0.0,0.0,0.0
P2,R03,training,16,138,0,0.0,0.0,0.0,0.0
P2,R03,training,16,139,0,0.0,0.0,0.0,0.0
P2,R03,training,16,140,0,0.0,0.0,0.0,0.0
P2,R03,training,16,141,0,0.0,0.0,0.0,0.0
P2,R03,training,16,142,0,0.0,0.0,0.0,0.0
P2,R03,training,16,143,0,0.0,0.0,0.0,0.0
P2,R03,training,16,144,0,0.0,0.0,0.0,0.0
P2,R03,training,16,145,0,0.0,0.0,0.0,0.0
P2,R03,training,16,146,0,0.0,0.0,0.0,0.0
P2,R03,training,16,147,0,0.0,0.0,0.0,0.0
P2,R03,training,16,148,0,0.0,0.0,0.0,0.0
P2,R03,training,16,149,0,0.0,0.0,0.0,0.0
P2,R03,training,16,150,0,0.0,0.0,0.0,0.0
P2,R03,training,16,151,0,0.0,0.0,0.0,0.0
P2,R03,training,16,152,0,0.0,0.0,0.0,0.0
P2,R03,training,16,153,0,0.0,0.0,0.0,0.0
P2,R03,training,16,154,0,0.0,0.0,0.0,0.0
P2,R03,training,16,155,0,0.0,0.0,0.0,0.0
P2,R03,training,16,156,0,0.0,0.0,0.0,0.0
P2,R03,training,16,157,0,0.0,0.0,0.0,0.0
P2,R03,training,16,158,0,0.0,0.0,0.0,0.0
P2,R03,training,16,159,0,0.0,0.0,0.0,0.0
P2,R03,training,16,160,0,0.0,0.0,0.0,0.0
P2,R03,training,16,161,0,0.0,0.0,0.0,0.0
P2,R03,training,16,162,0,0.0,0.0,0.0,0.0
P2,R03,training,16,163,0,0.0,0.0,0.0,0.0
P2,R03,training,16,164,0,0.0,0.0,0.0,0.0
P2,R03,training,16,165,0,0.0,0.0,0.0,0.0
P2,R03,training,16,166,0,0.0,0.0,0.0,0.0
P2,R03,training,16,167,0,0.0,0.0,0.0,0.0
P2,R03,training,16,168,0,0.0,0.0,0.0,0.0
P2,R03,training,16,169,0,0.0,0.0,0.0,0.0
P2,R03,training,16,170,0,0.0,0.0,0.0,0.0
P2,R03,training,16,171,0,0.0,0.0,0.0,0.0
P2,R03,training,16,172,0,0.0,0.0,0.0,0.0
P2,R03,training,16,173,0,0.0,0.0,0.0,0.0
P2,R03,training,16,174,0,0.0,0.0,0.0,0.0
P2,R03,training,16,175,0,0.0,0.0,0.0,0.0
P2,R03,training,16,176,0,0.0,0.0,0.0,0.0
P2,R03,training,16,177,0,0.0,0.0,0.0,0.0
P2,R03,training,16,178,0,0.0,0.0,0.0,0.0
P2,R03,training,16,179,0,0.0,0.0,0.0,0.0
P2,R03,training,16,180,0,0.0,0.0,0.0,0.0
P2,R03,training,16,181,0,0.0,0.0,0.0,0.0
P2,R03,training,16,182,0,0.0,0.0,0.0,0.0
P2,R03,training,16,183,0,0.0,0.0,0.0,0.0
P2,R03,training,16,184,0,0.0,0.0,0.0,0.0
P2,R03,training,16,185,0,0.0,0.0,0.0,0.0
P2,R03,training,16,186,0,0.0,0.0,0.0,0.0
P2,R03,training,16,187,0,0.0,0.0,0.0,0.0
P2,R03,training,16,188,0,0.0,0.0,0.0,0.0
P2,R03,training,16,189,0,0.0,0.0,0.0,0.0
P2,R03,training,16,190,0,0.0,0.0,0.0,0.0
P2,R03,training,16,191,0,0.0,0.0,0.0,0.0
P2,R03,training,16,192,0,0.0,0.0,0.0,0.0
P2,R03,training,16,193,0,0.0,0.0,0.0,0.0
P2,R03,training,16,194,0,0.0,0.0,0.0,0.0
P2,R03,training,16,195,0,0.0,0.0,0.0,0.0
P2,R03,training,16,196,0,0.0,0.0,0.0,0.0
P2,R03,training,16,197,0,0.0,0.0,0.0,0.0
P2,R03,training,16,198,0,0.0,0.0,0.0,0.0
P2,R03,training,16,199,0,0.0,0.0,0.0,0.0
P2,R03,training,16,200,0,0.0,0.0,0.0,0.0
P2,R03,training,16,201,0,0.0,0.0,0.0,0.0
P2,R03,training,16,202,0,0.0,0.0,0.0,0.0
P2,R03,training,16,203,0,0.0,0.0,0.0,0.0
P2,R03,training,16,204,0,0.0,0.0,0.0,0.0
P2,R03,training,16,205,0,0.0,0.0,0.0,0.0
P2,R03,training,16,206,0,0.0,0.0,0.0,0.0
P2,R03,training,16,207,0,0.0,0.0,0.0,0.0
P2,R03,training,16,208,0,0.0,0.0,0.0,0.0
P2,R03,training,16,209,0,0.0,0.0,0.0,0.0
P2,R03,training,16,210,0,0.0,0.0,0.0,0.0
P2,R03,training,16,211,0,0.0,0.0,0.0,0.0
P2,R03,training,16,212,0,0.0,0.0,0.0,0.0
P2,R03,training,16,213,0,0.0,0.0,0.0,0.0
P2,R03,training,16,214,0,0.0,0.0,0.0,0.0
P2,R03,training,16,215,0,0.0,0.0,0.0,0.0
P2,R03,training,16,216,0,0.0,0.0,0.0,0.0
P2,R03,training,16,217,0,0.0,0.0,0.0,0.0
P2,R03,training,16,218,0,0.0,0.0,0.0,0.0
P2,R03,training,16,219,0,0.0,0.0,0.0,0.0
P2,R03,training,16,220,0,0.0,0.0,0.0,0.0
P2,R03,training,16,221,0,0.0,0.0,0.0,0.0
P2,R03,training,16,222,0,0.0,0.0,0.0,0.0
P2,R03,training,16,223,0,0.0,0.0,0.0,0.0
P2,R03,training,16,224,0,0.0,0.0,0.0,0.0
P2,R03,training,16,225,0,0.0,0.0,0.0,0.0
P2,R03,training,16,226,0,0.0,0.0,0.0,0.0
P2,R03,training,16,227,0,0.0,0.0,0.0,0.0
P2,R03,training,16,228,0,0.0,0.0,0.0,0.0
P2,R03,training,16,229,0,0.0,0.0,0.0,0.0
P2,R03,training,16,230,0,0.0,0.0,0.0,0.0
P2,R03,training,16,231,0,0.0,0.0,0.0,0.0
P2,R03,training,16,232,0,0.0,0.0,0.0,0.0
P2,R03,training,16,233,0,0.0,0.0,0.0,0.0
P2,R03,training,16,234,0,0.0,0.0,0.0,0.0
P2,R03,training,16,235,0,0.0,0.0,0.0,0.0
P2,R03,training,16,236,0,0.0,0.0,0.0,0.0
P2,R03,training,16,237,0,0.0,0.0,0.0,0.0
P2,R03,training,16,238,0,0.0,0.0,0.0,0.0
P2,R03,training,16,239,0,0.0,0.0,0.0,0.0
P2,R03,training,16,240,0,0.0,0.0,0.0,0.0
P2,R03,training,16,241,0,0.0,0.0,0.0,0.0
P2,R03,training,16,242,0,0.0,0.0,0.0,0.0
P2,R03,training,16,243,0,0.0,0.0,0.0,0.0
P2,R03,training,16,244,0,0.0,0.0,0.0,0.0
P2,R03,training,16,245,0,0.0,0.0,0.0,0.0
P2,R03,training,16,246,0,0.0,0.0,0.0,0.0
P2,R03,training,16,247,0,0.0,0.0,0.0,0.0
P2,R03,training,16,248,0,0.0,0.0,0.0,0.0
P2,R03,training,16,249,0,0.0,0.0,0.0,0.0
P2,R03,training,16,250,0,0.0,0.0,0.0,0.0
P2,R03,training,16,251,0,0.0,0.0,0.0,0.0
P2,R03,training,16,252,0,0.0,0.0,0.0,0.0
P2,R03,training,16,253,0,0.0,0.0,0.0,0.0
P2,R03,training,16,254,0,0.0,0.0,0.0,0.0
P2,R03,training,16,255,0,0.0,0.0,0.0,0.0
P2,R03,training,16,256,0,0.0,0.0,0.0,0.0
P2,R03,training,16,257,0,0.0,0.0,0.0,0.0
P2,R03,training,16,258,0,0.0,0.0,0.0,0.0
P2,R03,training,16,259,0,0.0,0.0,0.0,0.0
P2,R03,training,16,260,0,0.0,0.0,0.0,0.0
P2,R03,training,16,261,0,0.0,0.0,0.0,0.0
P2,R03,training,16,262,0,0.0,0.0,0.0,0.0
P2,R03,training,16,263,0,0.0,0.0,0.0,0.0
P2,R03,training,16,264,0,0.0,0.0,0.0,0.0
P2,R03,training,16,265,0,0.0,0.0,0.0,0.0
P2,R03,training,16,266,0,0.0,0.0,0.0,0.0
P2,R03,training,16,267,0,0.0,0.0,0.0,0.0
P2,R03,training,16,268,0,0.0,0.0,0.0,0.0
P2,R03,training,16,269,0,0.0,0.0,0.0,0.0
P2,R03,training,16,270,0,0.0,0.0,0.0,0.0
P2,R03,training,16,271,0,0.0,0.0,0.0,0.0
P2,R03,training,16,272,0,0.0,0.0,0.0,0.0
P2,R03,training,16,273,0,0.0,0.0,0.0,0.0
P2,R03,training,16,274,0,0.0,0.0,0.0,0.0
P2,R03,training,16,275,0,0.0,0.0,0.0,0.0
P2,R03,training,16,276,0,0.0,0.0,0.0,0.0
P2,R03,training,16,277,0,0.0,0.0,0.0,0.0
P2,R03,training,16,278,0,0.0,0.0,0.0,0.0
P2,R03,training,16,279,0,0.0,0.0,0.0,0.0
P2,R03,training,16,280,0,0.0,0.0,0.0,0.0
P2,R03,training,16,281,0,0.0,0.0,0.0,0.0
P2,R03,training,16,282,0,0.0,0.0,0.0,0.0
P2,R03,training,16,283,0,0.0,0.0,0.0,0.0
P2,R03,training,16,284,0,0.0,0.0,0.0,0.0
P2,R03,training,16,285,0,0.0,0.0,0.0,0.0
P2,R03,training,16,286,0,0.0,0.0,0.0,0.0
P2,R03,training,16,287,0,0.0,0.0,0.0,0.0
P2,R03,training,16,288,0,0.0,0.0,0.0,0.0
P2,R03,training,16,289,0,0.0,0.0,0.0,0.0
P2,R03,training,16,290,0,0.0,0.0,0.0,0.0
P2,R03,training,16,291,0,0.0,0.0,0.0,0.0
P2,R03,training,16,292,0,0.0,0.0,0.0,0.0
P2,R03,training,16,293,0,0.0,0.0,0.0,0.0
P2,R03,training,16,294,0,0.0,0.0,0.0,0.0
P2,R03,training,16,295,0,0.0,0.0,0.0,0.0
P2,R03,training,16,296,0,0.0,0.0,0.0,0.0
P2,R03,training,16,297,0,0.0,0.0,0.0,0.0
P2,R03,training,16,298,0,0.0,0.0,0.0,0.0
P2,R03,training,16,299,0,0.0,0.0,0.0,0.0
P2,R03,training,16,300,0,0.0,0.0,0.0,0.0
P2,R03,training,16,301,0,0.0,0.0,0.0,0.0
P2,R03,training,16,302,0,0.0,0.0,0.0,0.0
P2,R03,training,16,303,0,0.0,0.0,0.0,0.0
P2,R03,training,16,304,0,0.0,0.0,0.0,0.0
P2,R03,training,16,305,0,0.0,0.0,0.0,0.0
P2,R03,training,16,306,0,0.0,0.0,0.0,0.0
P2,R03,training,16,307,0,0.0,0.0,0.0,0.0
P2,R03,training,16,308,0,0.0,0.0,0.0,0.0
P2,R03,training,16,309,0,0.0,0.0,0.0,0.0
P2,R03,training,16,310,0,0.0,0.0,0.0,0.0
P2,R03,training,16,311,0,0.0,0.0,0.0,0.0
P2,R03,training,16,312,0,0.0,0.0,0.0,0.0
P2,R03,training,16,313,0,0.0,0.0,0.0,0.0
P2,R03,training,16,314,0,0.0,0.0,0.0,0.0
P2,R03,training,16,315,0,0.0,0.0,0.0,0.0
P2,R03,training,16,316,0,0.0,0.0,0.0,0.0
P2,R03,training,16,317,0,0.0,0.0,0.0,0.0
P2,R03,training,16,318,0,0.0,0.0,0.0,0.0
P2,R03,training,16,319,0,0.0,0.0,0.0,0.0
P2,R03,training,16,320,0,0.0,0.0,0.0,0.0
P2,R03,training,16,321,0,0.0,0.0,0.0,0.0
P2,R03,training,16,322,0,0.0,0.0,0.0,0.0
P2,R03,training,16,323,0,0.0,0.0,0.0,0.0
P2,R03,training,16,324,0,0.0,0.0,0.0,0.0
P2,R03,training,16,325,0,0.0,0.0,0.0,0.0
P2,R03,training,16,326,0,0.0,0.0,0.0,0.0
P2,R03,training,16,327,0,0.0,0.0,0.0,0.0
P2,R03,training,16,328,0,0.0,0.0,0.0,0.0
P2,R03,training,16,329,0,0.0,0.0,0.0,0.0
P2,R03,training,16,330,0,0.0,0.0,0.0,0.0
P2,R03,training,16,331,0,0.0,0.0,0.0,0.0
P2,R03,training,16,332,0,0.0,0.0,0.0,0.0
P2,R03,training,16,333,0,0.0,0.0,0.0,0.0
P2,R03,training,16,334,0,0.0,0.0,0.0,0.0
P2,R03,training,16,335,0,0.0,0.0,0.0,0.0
P2,R03,training,16,336,0,0.0,0.0,0.0,0.0
P2,R03,training,16,337,0,0.0,0.0,0.0,0.0
P2,R03,training,16,338,0,0.0,0.0,0.0,0.0
P2,R03,training,16,339,0,0.0,0.0,0.0,0.0
P2,R03,training,16,340,0,0.0,0.0,0.0,0.0
P2,R03,training,16,341,0,0.0,0.0,0.0,0.0
P2,R03,training,16,342,0,0.0,0.0,0.0,0.0
P2,R03,training,16,343,0,0.0,0.0,0.0,0.0
P2,R03,training,16,344,0,0.0,0.0,0.0,0.0
P2,R03,training,16,345,0,0.0,0.0,0.0,0.0
P2,R03,training,16,346,0,0.0,0.0,0.0,0.0
P2,R03,training,16,347,0,0.0,0.0,0.0,0.0
P2,R03,training,16,348,0,0.0,0.0,0.0,0.0
P2,R03,training,16,349,0,0.0,0.0,0.0,0.0
P2,R03,training,16,350,0,0.0,0.0,0.0,0.0
P2,R03,training,16,351,0,0.0,0.0,0.0,0.0
P2,R03,training,16,352,0,0.0,0.0,0.0,0.0
P2,R03,training,16,353,0,0.0,0.0,0.0,0.0
P2,R03,training,16,354,0,0.0,0.0,0.0,0.0
P2,R03,training,16,355,0,0.0,0.0,0.0,0.0
P2,R03,training,16,356,0,0.0,0.0,0.0,0.0
P2,R03,training,16,357,0,0.0,0.0,0.0,0.0
P2,R03,training,16,358,0,0.0,0.0,0.0,0.0
P2,R03,training,16,359,0,0.0,0.0,0.0,0.0
P2,R03,training,16,360,0,0.0,0.0,0.0,0.0
P2,R03,training,16,361,0,0.0,0.0,0.0,0.0
P2,R03,training,16,362,0,0.0,0.0,0.0,0.0
P2,R03,training,16,363,0,0.0,0.0,0.0,0.0
P2,R03,training,16,364,0,0.0,0.0,0.0,0.0
P2,R03,training,16,365,0,0.0,0.0,0.0,0.0
P2,R03,training,16,366,0,0.0,0.0,0.0,0.0
P2,R03,training,16,367,0,0.0,0.0,0.0,0.0
P2,R03,training,16,368,0,0.0,0.0,0.0,0.0
P2,R03,training,16,369,0,0.0,0.0,0.0,0.0
P2,R03,training,16,370,0,0.0,0.0,0.0,0.0
P2,R03,training,16,371,0,0.0,0.0,0.0,0.0
P2,R03,training,16,372,0,0.0,0.0,0.0,0.0
P2,R03,training,16,373,0,0.0,0.0,0.0,0.0
P2,R03,training,16,374,0,0.0,0.0,0.0,0.0
P2,R03,training,16,375,0,0.0,0.0,0.0,0.0
P2,R03,training,16,376,0,0.0,0.0,0.0,0.0
P2,R03,training,16,377,0,0.0,0.0,0.0,0.0
P2,R03,training,16,378,0,0.0,0.0,0.0,0.0
P2,R03,training,16,379,0,0.0,0.0,0.0,0.0
P2,R03,training,16,380,0,0.0,0.0,0.0,0.0
P2,R03,training,16,381,0,0.0,0.0,0.0,0.0
P2,R03,training,16,382,0,0.0,0.0,0.0,0.0
P2,R03,training,16,383,0,0.0,0.0,0.0,0.0
P2,R03,training,16,384,0,0.0,0.0,0.0,0.0
P2,R03,training,16,385,0,0.0,0.0,0.0,0.0
P2,R03,training,16,386,0,0.0,0.0,0.0,0.0
P2,R03,training,16,387,0,0.0,0.0,0.0,0.0
P2,R03,training,16,388,0,0.0,0.0,0.0,0.0
P2,R03,training,16,389,0,0.0,0.0,0.0,0.0
P2,R03,training,16,390,0,0.0,0.0,0.0,0.0
P2,R03,training,16,391,0,0.0,0.0,0.0,0.0
P2,R03,training,16,392,0,0.0,0.0,0.0,0.0
P2,R03,training,16,393,0,0.0,0.0,0.0,0.0
P2,R03,training,16,394,0,0.0,0.0,0.0,0.0
P2,R03,training,16,395,0,0.0,0.0,0.0,0.0
P2,R03,training,16,396,0,0.0,0.0,0.0,0.0
P2,R03,training,16,397,0,0.0,0.0,0.0,0.0
P2,R03,training,16,398,0,0.0,0.0,0.0,0.0
P2,R03,training,16,399,0,0.0,0.0,0.0,0.0
P2,R03,training,16,400,0,0.0,0.0,0.0,0.0
P2,R03,training,16,401,0,0.0,0.0,0.0,0.0
P2,R03,training,16,402,0,0.0,0.0,0.0,0.0
P2,R03,training,16,403,0,0.0,0.0,0.0,0.0
P2,R03,training,16,404,0,0.0,0.0,0.0,0.0
P2,R03,training,16,405,0,0.0,0.0,0.0,0.0
P2,R03,training,16,406,0,0.0,0.0,0.0,0.0
P2,R03,training,16,407,0,0.0,0.0,0.0,0.0
P2,R03,training,16,408,0,0.0,0.0,0.0,0.0
P2,R03,training,16,409,0,0.0,0.0,0.0,0.0
P2,R03,training,16,410,0,0.0,0.0,0.0,0.0
P2,R03,training,16,411,0,0.0,0.0,0.0,0.0
P2,R03,training,16,412,0,0.0,0.0,0.0,0.0
P2,R03,training,16,413,0,0.0,0.0,0.0,0.0
P2,R03,training,16,414,0,0.0,0.0,0.0,0.0
P2,R03,training,16,415,0,0.0,0.0,0.0,0.0
P2,R03,training,16,416,0,0.0,0.0,0.0,0.0
P2,R03,training,16,417,0,0.0,0.0,0.0,0.0
P2,R03,training,16,418,0,0.0,0.0,0.0,0.0
P2,R03,training,16,419,0,0.0,0.0,0.0,0.0
P2,R03,training,16,420,0,0.0,0.0,0.0,0.0
P2,R03,training,16,421,0,0.0,0.0,0.0,0.0
P2,R03,training,16,422,0,0.0,0.0,0.0,0.0
P2,R03,training,16,423,0,0.0,0.0,0.0,0.0
P2,R03,training,16,424,0,0.0,0.0,0.0,0.0
P2,R03,training,16,425,0,0.0,0.0,0.0,0.0
P2,R03,training,16,426,0,0.0,0.0,0.0,0.0
P2,R03,training,16,427,0,0.0,0.0,0.0,0.0
P2,R03,training,16,428,0,0.0,0.0,0.0,0.0
P2,R03,training,16,429,0,0.0,0.0,0.0,0.0
P2,R03,training,16,430,0,0.0,0.0,0.0,0.0
P2,R03,training,16,431,0,0.0,0.0,0.0,0.0
P2,R03,training,16,432,0,0.0,0.0,0.0,0.0
P2,R03,training,16,433,0,0.0,0.0,0.0,0.0
P2,R03,training,16,434,0,0.0,0.0,0.0,0.0
P2,R03,training,16,435,0,0.0,0.0,0.0,0.0
P2,R03,training,16,436,0,0.0,0.0,0.0,0.0
P2,R03,training,16,437,0,0.0,0.0,0.0,0.0
P2,R03,training,16,438,0,0.0,0.0,0.0,0.0
P2,R03,training,16,439,0,0.0,0.0,0.0,0.0
P2,R03,training,16,440,0,0.0,0.0,0.0,0.0
P2,R03,training,16,441,0,0.0,0.0,0.0,0.0
P2,R03,training,16,442,0,0.0,0.0,0.0,0.0
P2,R03,training,16,443,0,0.0,0.0,0.0,0.0
P2,R03,training,16,444,0,0.0,0.0,0.0,0.0
P2,R03,training,16,445,0,0.0,0.0,0.0,0.0
P2,R03,training,16,446,0,0.0,0.0,0.0,0.0
P2,R03,training,16,447,0,0.0,0.0,0.0,0.0
P2,R03,training,16,448,0,0.0,0.0,0.0,0.0
P2,R03,training,16,449,0,0.0,0.0,0.0,0.0
P2,R03,training,16,450,0,0.0,0.0,0.0,0.0
P2,R03,training,16,451,0,0.0,0.0,0.0,0.0
P2,R03,training,16,452,0,0.0,0.0,0.0,0.0
P2,R03,training,16,453,0,0.0,0.0,0.0,0.0
P2,R03,training,16,454,0,0.0,0.0,0.0,0.0
P2,R03,training,16,455,0,0.0,0.0,0.0,0.0
P2,R03,training,16,456,0,0.0,0.0,0.0,0.0
P2,R03,training,16,457,0,0.0,0.0,0.0,0.0
P2,R03,training,16,458,0,0.0,0.0,0.0,0.0
P2,R03,training,16,459,0,0.0,0.0,0.0,0.0
P2,R03,training,16,460,0,0.0,0.0,0.0,0.0
P2,R03,training,16,461,0,0.0,0.0,0.0,0.0
P2,R03,training,16,462,0,0.0,0.0,0.0,0.0
P2,R03,training,16,463,0,0.0,0.0,0.0,0.0
P2,R03,training,16,464,0,0.0,0.0,0.0,0.0
P2,R03,training,16,465,0,0.0,0.0,0.0,0.0
P2,R03,training,16,466,0,0.0,0.0,0.0,0.0
P2,R03,training,16,467,0,0.0,0.0,0.0,0.0
P2,R03,training,16,468,0,0.0,0.0,0.0,0.0
P2,R03,training,16,469,0,0.0,0.0,0.0,0.0
P2,R03,training,16,470,0,0.0,0.0,0.0,0.0
P2,R03,training,16,471,0,0.0,0.0,0.0,0.0
P2,R03,training,16,472,0,0.0,0.0,0.0,0.0
P2,R03,training,16,473,0,0.0,0.0,0.0,0.0
P2,R03,training,16,474,0,0.0,0.0,0.0,0.0
P2,R03,training,16,475,0,0.0,0.0,0.0,0.0
P2,R03,training,16,476,0,0.0,0.0,0.0,0.0
P2,R03,training,16,477,0,0.0,0.0,0.0,0.0
P2,R03,training,16,478,0,0.0,0.0,0.0,0.0
P2,R03,training,16,479,0,0.0,0.0,0.0,0.0
P2,R03,training,16,480,0,0.0,0.0,0.0,0.0
P2,R03,training,16,481,0,0.0,0.0,0.0,0.0
P2,R03,training,16,482,0,0.0,0.0,0.0,0.0
P2,R03,training,16,483,0,0.0,0.0,0.0,0.0
P2,R03,training,16,484,0,0.0,0.0,0.0,0.0
P2,R03,training,16,485,0,0.0,0.0,0.0,0.0
P2,R03,training,16,486,0,0.0,0.0,0.0,0.0
P2,R03,training,16,487,0,0.0,0.0,0.0,0.0
P2,R03,training,16,488,0,0.0,0.0,0.0,0.0
P2,R03,training,16,489,0,0.0,0.0,0.0,0.0
P2,R03,training,16,490,0,0.0,0.0,0.0,0.0
P2,R03,training,16,491,0,0.0,0.0,0.0,0.0
P2,R03,training,16,492,0,0.0,0.0,0.0,0.0
P2,R03,training,16,493,0,0.0,0.0,0.0,0.0
P2,R03,training,16,494,0,0.0,0.0,0.0,0.0
P2,R03,training,16,495,0,0.0,0.0,0.0,0.0
P2,R03,training,16,496,0,0.0,0.0,0.0,0.0
P2,R03,training,16,497,0,0.0,0.0,0.0,0.0
P2,R03,training,16,498,0,0.0,0.0,0.0,0.0
P2,R03,training,16,499,0,0.0,0.0,0.0,0.0
P2,R03,training,16,500,0,0.0,0.0,0.0,0.0
P2,R03,training,16,501,0,0.0,0.0,0.0,0.0
P2,R03,training,16,502,0,0.0,0.0,0.0,0.0
P2,R03,training,16,503,0,0.0,0.0,0.0,0.0
P2,R03,training,16,504,0,0.0,0.0,0.0,0.0
P2,R03,training,16,505,0,0.0,0.0,0.0,0.0
P2,R03,training,16,506,0,0.0,0.0,0.0,0.0
P2,R03,training,16,507,0,0.0,0.0,0.0,0.0
P2,R03,training,16,508,0,0.0,0.0,0.0,0.0
P2,R03,training,16,509,0,0.0,0.0,0.0,0.0
P2,R03,training,16,510,0,0.0,0.0,0.0,0.0
P2,R03,training,16,511,0,0.0,0.0,0.0,0.0
P2,R03,training,16,512,0,0.0,0.0,0.0,0.0
P2,R03,training,16,513,0,0.0,0.0,0.0,0.0
P2,R03,training,16,514,0,0.0,0.0,0.0,0.0
P2,R03,training,16,515,0,0.0,0.0,0.0,0.0
P2,R03,training,16,516,0,0.0,0.0,0.0,0.0
P2,R03,training,16,517,0,0.0,0.0,0.0,0.0
P2,R03,training,16,518,0,0.0,0.0,0.0,0.0
P2,R03,training,16,519,0,0.0,0.0,0.0,0.0
P2,R03,training,16,520,0,0.0,0.0,0.0,0.0
P2,R03,training,16,521,0,0.0,0.0,0.0,0.0
P2,R03,training,16,522,0,0.0,0.0,0.0,0.0
P2,R03,training,16,523,0,0.0,0.0,0.0,0.0
P2,R03,training,16,524,0,0.0,0.0,0.0,0.0
P2,R03,training,16,525,0,0.0,0.0,0.0,0.0
P2,R03,training,16,526,0,0.0,0.0,0.0,0.0
P2,R03,training,16,527,0,0.0,0.0,0.0,0.0
P2,R03,training,16,528,0,0.0,0.0,0.0,0.0
P2,R03,training,16,529,0,0.0,0.0,0.0,0.0
P2,R03,training,16,530,0,0.0,0.0,0.0,0.0
P2,R03,training,16,531,0,0.0,0.0,0.0,0.0
P2,R03,training,16,532,0,0.0,0.0,0.0,0.0
P2,R03,training,16,533,0,0.0,0.0,0.0,0.0
P2,R03,training,16,534,0,0.0,0.0,0.0,0.0
P2,R03,training,16,535,0,0.0,0.0,0.0,0.0
P2,R03,training,16,536,0,0.0,0.0,0.0,0.0
P2,R03,training,16,537,0,0.0,0.0,0.0,0.0
P2,R03,training,16,538,0,0.0,0.0,0.0,0.0
P2,R03,training,16,539,0,0.0,0.0,0.0,0.0
P2,R03,training,16,540,0,0.0,0.0,0.0,0.0
P2,R03,training,16,541,0,0.0,0.0,0.0,0.0
P2,R03,training,16,542,0,0.0,0.0,0.0,0.0
P2,R03,training,16,543,0,0.0,0.0,0.0,0.0
P2,R03,training,16,544,0,0.0,0.0,0.0,0.0
P2,R03,training,16,545,0,0.0,0.0,0.0,0.0
P2,R03,training,16,546,0,0.0,0.0,0.0,0.0
P2,R03,training,16,547,0,0.0,0.0,0.0,0.0
P2,R03,training,16,548,0,0.0,0.0,0.0,0.0
P2,R03,training,16,549,0,0.0,0.0,0.0,0.0
P2,R03,training,16,550,0,0.0,0.0,0.0,0.0
P2,R03,training,16,551,0,0.0,0.0,0.0,0.0
P2,R03,training,16,552,0,0.0,0.0,0.0,0.0
P2,R03,training,16,553,0,0.0,0.0,0.0,0.0
P2,R03,training,16,554,0,0.0,0.0,0.0,0.0
P2,R03,training,16,555,0,0.0,0.0,0.0,0.0
P2,R03,training,16,556,0,0.0,0.0,0.0,0.0
P2,R03,training,16,557,0,0.0,0.0,0.0,0.0
P2,R03,training,16,558,0,0.0,0.0,0.0,0.0
P2,R03,training,16,559,0,0.0,0.0,0.0,0.0
P2,R03,training,16,560,0,0.0,0.0,0.0,0.0
P2,R03,training,16,561,0,0.0,0.0,0.0,0.0
P2,R03,training,16,562,0,0.0,0.0,0.0,0.0
P2,R03,training,16,563,0,0.0,0.0,0.0,0.0
P2,R03,training,16,564,0,0.0,0.0,0.0,0.0
P2,R03,training,16,565,0,0.0,0.0,0.0,0.0
P2,R03,training,16,566,0,0.0,0.0,0.0,0.0
P2,R03,training,16,567,0,0.0,0.0,0.0,0.0
P2,R03,training,16,568,0,0.0,0.0,0.0,0.0
P2,R03,training,16,569,0,0.0,0.0,0.0,0.0
P2,R03,training,16,570,0,0.0,0.0,0.0,0.0
P2,R03,training,16,571,0,0.0,0.0,0.0,0.0
P2,R03,training,16,572,0,0.0,0.0,0.0,0.0
P2,R03,training,16,573,0,0.0,0.0,0.0,0.0
P2,R03,training,16,574,0,0.0,0.0,0.0,0.0
P2,R03,training,16,575,0,0.0,0.0,0.0,0.0
P2,R03,training,16,576,0,0.0,0.0,0.0,0.0
P2,R03,training,16,577,0,0.0,0.0,0.0,0.0
P2,R03,training,16,578,0,0.0,0.0,0.0,0.0
P2,R03,training,16,579,0,0.0,0.0,0.0,0.0
P2,R03,training,16,580,0,0.0,0.0,0.0,0.0
P2,R03,training,16,581,0,0.0,0.0,0.0,0.0
P2,R03,training,16,582,0,0.0,0.0,0.0,0.0
P2,R03,training,16,583,0,0.0,0.0,0.0,0.0
P2,R03,training,16,584,0,0.0,0.0,0.0,0.0
P2,R03,training,16,585,0,0.0,0.0,0.0,0.0
P2,R03,training,16,586,0,0.0,0.0,0.0,0.0
P2,R03,training,16,587,0,0.0,0.0,0.0,0.0
P2,R03,training,16,588,0,0.0,0.0,0.0,0.0
P2,R03,training,16,589,0,0.0,0.0,0.0,0.0
P2,R03,training,16,590,0,0.0,0.0,0.0,0.0
P2,R03,training,16,591,0,0.0,0.0,0.0,0.0
P2,R03,training,16,592,0,0.0,0.0,0.0,0.0
P2,R03,training,16,593,0,0.0,0.0,0.0,0.0
P2,R03,training,16,594,0,0.0,0.0,0.0,0.0
P2,R03,training,16,595,0,0.0,0.0,0.0,0.0
P2,R03,training,16,596,0,0.0,0.0,0.0,0.0
P2,R03,training,16,597,0,0.0,0.0,0.0,0.0
P2,R03,training,16,598,0,0.0,0.0,0.0,0.0
P2,R03,training,16,599,0,0.0,0.0,0.0,0.0
P2,R03,training,16,600,0,0.0,0.0,0.0,0.0
P2,R03,training,16,601,0,0.0,0.0,0.0,0.0
P2,R03,training,16,602,0,0.0,0.0,0.0,0.0
P2,R03,training,16,603,0,0.0,0.0,0.0,0.0
P2,R03,training,16,604,0,0.0,0.0,0.0,0.0
P2,R03,training,16,605,0,0.0,0.0,0.0,0.0
P2,R03,training,16,606,0,0.0,0.0,0.0,0.0
P2,R03,training,16,607,0,0.0,0.0,0.0,0.0
P2,R03,training,16,608,0,0.0,0.0,0.0,0.0
P2,R03,training,16,609,0,0.0,0.0,0.0,0.0
P2,R03,training,16,610,0,0.0,0.0,0.0,0.0
P2,R03,training,16,611,0,0.0,0.0,0.0,0.0
P2,R03,training,16,612,0,0.0,0.0,0.0,0.0
P2,R03,training,16,613,0,0.0,0.0,0.0,0.0
P2,R03,training,16,614,0,0.0,0.0,0.0,0.0
P2,R03,training,16,615,0,0.0,0.0,0.0,0.0
P2,R03,training,16,616,0,0.0,0.0,0.0,0.0
P2,R03,training,16,617,0,0.0,0.0,0.0,0.0
P2,R03,training,16,618,0,0.0,0.0,0.0,0.0
P2,R03,training,16,619,0,0.0,0.0,0.0,0.0
P2,R03,training,16,620,0,0.0,0.0,0.0,0.0
P2,R03,training,16,621,0,0.0,0.0,0.0,0.0
P2,R03,training,16,622,0,0.0,0.0,0.0,0.0
P2,R03,training,16,623,0,0.0,0.0,0.0,0.0
P2,R03,training,16,624,0,0.0,0.0,0.0,0.0
P2,R03,training,16,625,0,0.0,0.0,0.0,0.0
P2,R03,training,16,626,0,0.0,0.0,0.0,0.0
P2,R03,training,16,627,0,0.0,0.0,0.0,0.0
P2,R03,training,16,628,0,0.0,0.0,0.0,0.0
P2,R03,training,16,629,0,0.0,0.0,0.0,0.0
P2,R03,training,16,630,0,0.0,0.0,0.0,0.0
P2,R03,training,16,631,0,0.0,0.0,0.0,0.0
P2,R03,training,16,632,0,0.0,0.0,0.0,0.0
P2,R03,training,16,633,0,0.0,0.0,0.0,0.0
P2,R03,training,16,634,0,0.0,0.0,0.0,0.0
P2,R03,training,16,635,0,0.0,0.0,0.0,0.0
P2,R03,training,16,636,0,0.0,0.0,0.0,0.0
P2,R03,training,16,637,0,0.0,0.0,0.0,0.0
P2,R03,training,16,638,0,0.0,0.0,0.0,0.0
P2,R03,training,16,639,0,0.0,0.0,0.0,0.0
P2,R03,training,16,640,0,0.0,0.0,0.0,0.0
P2,R03,training,16,641,0,0.0,0.0,0.0,0.0
P2,R03,training,16,642,0,0.0,0.0,0.0,0.0
P2,R03,training,16,643,0,0.0,0.0,0.0,0.0
P2,R03,training,16,644,0,0.0,0.0,0.0,0.0
P2,R03,training,16,645,0,0.0,0.0,0.0,0.0
P2,R03,training,16,646,0,0.0,0.0,0.0,0.0
P2,R03,training,16,647,0,0.0,0.0,0.0,0.0
P2,R03,training,16,648,0,0.0,0.0,0.0,0.0
P2,R03,training,16,649,0,0.0,0.0,0.0,0.0
P2,R03,training,16,650,0,0.0,0.0,0.0,0.0
P2,R03,training,16,651,0,0.0,0.0,0.0,0.0
P2,R03,training,16,652,0,0.0,0.0,0.0,0.0
P2,R03,training,16,653,0,0.0,0.0,0.0,0.0
P2,R03,training,16,654,0,0.0,0.0,0.0,0.0
P2,R03,training,16,655,0,0.0,0.0,0.0,0.0
P3,R03,training,16,0,0,0.0,0.0,0.0,0.0
P3,R03,training,16,1,0,0.0,0.0,0.0,0.0
P3,R03,training,16,2,0,0.0,0.0,0.0,0.0
P3,R03,training,16,3,0,0.0,0.0,0.0,0.0
P3,R03,training,16,4,0,0.0,0.0,0.0,0.0
P3,R03,training,16,5,0,0.0,0.0,0.0,0.0
P3,R03,training,16,6,0,0.0,0.0,0.0,0.0
P3,R03,training,16,7,0,0.0,0.0,0.0,0.0
P3,R03,training,16,8,0,0.0,0.0,0.0,0.0
P3,R03,training,16,9,0,0.0,0.0,0.0,0.0
P3,R03,training,16,10,0,0.0,0.0,0.0,0.0
P3,R03,training,16,11,0,0.0,0.0,0.0,0.0
P3,R03,training,16,12,0,0.0,0.0,0.0,0.0
P3,R03,training,16,13,0,0.0,0.0,0.0,0.0
P3,R03,training,16,14,0,0.0,0.0,0.0,0.0
P3,R03,training,16,15,0,0.0,0.0,0.0,0.0
P3,R03,training,16,16,0,0.0,0.0,0.0,0.0
P3,R03,training,16,17,0,0.0,0.0,0.0,0.0
P3,R03,training,16,18,0,0.0,0.0,0.0,0.0
P3,R03,training,16,19,0,0.0,0.0,0.0,0.0
P3,R03,training,16,20,0,0.0,0.0,0.0,0.0
P3,R03,training,16,21,0,0.0,0.0,0.0,0.0
P3,R03,training,16,22,0,0.0,0.0,0.0,0.0
P3,R03,training,16,23,0,0.0,0.0,0.0,0.0
P3,R03,training,16,24,0,0.0,0.0,0.0,0.0
P3,R03,training,16,25,0,0.0,0.0,0.0,0.0
P3,R03,training,16,26,0,0.0,0.0,0.0,0.0
P3,R03,training,16,27,0,0.0,0.0,0.0,0.0
P3,R03,training,16,28,0,0.0,0.0,0.0,0.0
P3,R03,training,16,29,0,0.0,0.0,0.0,0.0
P3,R03,training,16,30,0,0.0,0.0,0.0,0.0
P3,R03,training,16,31,0,0.0,0.0,0.0,0.0
P3,R03,training,16,32,0,0.0,0.0,0.0,0.0
P3,R03,training,16,33,0,0.0,0.0,0.0,0.0
P3,R03,training,16,34,0,0.0,0.0,0.0,0.0
P3,R03,training,16,35,0,0.0,0.0,0.0,0.0
P3,R03,training,16,36,0,0.0,0.0,0.0,0.0
P3,R03,training,16,37,0,0.0,0.0,0.0,0.0
P3,R03,training,16,38,0,0.0,0.0,0.0,0.0
P3,R03,training,16,39,0,0.0,0.0,0.0,0.0
P3,R03,training,16,40,0,0.0,0.0,0.0,0.0
P3,R03,training,16,41,0,0.0,0.0,0.0,0.0
P3,R03,training,16,42,0,0.0,0.0,0.0,0.0
P3,R03,training,16,43,0,0.0,0.0,0.0,0.0
P3,R03,training,16,44,0,0.0,0.0,0.0,0.0
P3,R03,training,16,45,0,0.0,0.0,0.0,0.0
P3,R03,training,16,46,0,0.0,0.0,0.0,0.0
P3,R03,training,16,47,0,0.0,0.0,0.0,0.0
P3,R03,training,16,48,0,0.0,0.0,0.0,0.0
P3,R03,training,16,49,0,0.0,0.0,0.0,0.0
P3,R03,training,16,50,0,0.0,0.0,0.0,0.0
P3,R03,training,16,51,0,0.0,0.0,0.0,0.0
P3,R03,training,16,52,0,0.0,0.0,0.0,0.0
P3,R03,training,16,53,0,0.0,0.0,0.0,0.0
P3,R03,training,16,54,0,0.0,0.0,0.0,0.0
P3,R03,training,16,55,0,0.0,0.0,0.0,0.0
P3,R03,training,16,56,0,0.0,0.0,0.0,0.0
P3,R03,training,16,57,0,0.0,0.0,0.0,0.0
P3,R03,training,16,58,0,0.0,0.0,0.0,0.0
P3,R03,training,16,59,0,0.0,0.0,0.0,0.0
P3,R03,training,16,60,0,0.0,0.0,0.0,0.0
P3,R03,training,16,61,0,0.0,0.0,0.0,0.0
P3,R03,training,16,62,0,0.0,0.0,0.0,0.0
P3,R03,training,16,63,0,0.0,0.0,0.0,0.0
P3,R03,training,16,64,0,0.0,0.0,0.0,0.0
P3,R03,training,16,65,0,0.0,0.0,0.0,0.0
P3,R03,training,16,66,0,0.0,0.0,0.0,0.0
P3,R03,training,16,67,0,0.0,0.0,0.0,0.0
P3,R03,training,16,68,0,0.0,0.0,0.0,0.0
P3,R03,training,16,69,0,0.0,0.0,0.0,0.0
P3,R03,training,16,70,0,0.0,0.0,0.0,0.0
P3,R03,training,16,71,0,0.0,0.0,0.0,0.0
P3,R03,training,16,72,0,0.0,0.0,0.0,0.0
P3,R03,training,16,73,0,0.0,0.0,0.0,0.0
P3,R03,training,16,74,0,0.0,0.0,0.0,0.0
P3,R03,training,16,75,0,0.0,0.0,0.0,0.0
P3,R03,training,16,76,0,0.0,0.0,0.0,0.0
P3,R03,training,16,77,0,0.0,0.0,0.0,0.0
P3,R03,training,16,78,0,0.0,0.0,0.0,0.0
P3,R03,training,16,79,0,0.0,0.0,0.0,0.0
P3,R03,training,16,80,0,0.0,0.0,0.0,0.0
P3,R03,training,16,81,0,0.0,0.0,0.0,0.0
P3,R03,training,16,82,0,0.0,0.0,0.0,0.0
P3,R03,training,16,83,0,0.0,0.0,0.0,0.0
P3,R03,training,16,84,0,0.0,0.0,0.0,0.0
P3,R03,training,16,85,0,0.0,0.0,0.0,0.0
P3,R03,training,16,86,0,0.0,0.0,0.0,0.0
P3,R03,training,16,87,0,0.0,0.0,0.0,0.0
P3,R03,training,16,88,0,0.0,0.0,0.0,0.0
P3,R03,training,16,89,0,0.0,0.0,0.0,0.0
P3,R03,training,16,90,0,0.0,0.0,0.0,0.0
P3,R03,training,16,91,0,0.0,0.0,0.0,0.0
P3,R03,training,16,92,0,0.0,0.0,0.0,0.0
P3,R03,training,16,93,0,0.0,0.0,0.0,0.0
P3,R03,training,16,94,0,0.0,0.0,0.0,0.0
P3,R03,training,16,95,0,0.0,0.0,0.0,0.0
P3,R03,training,16,96,0,0.0,0.0,0.0,0.0
P3,R03,training,16,97,0,0.0,0.0,0.0,0.0
P3,R03,training,16,98,0,0.0,0.0,0.0,0.0
P3,R03,training,16,99,0,0.0,0.0,0.0,0.0
P3,R03,training,16,100,0,0.0,0.0,0.0,0.0
P3,R03,training,16,101,0,0.0,0.0,0.0,0.0
P3,R03,training,16,102,0,0.0,0.0,0.0,0.0
P3,R03,training,16,103,0,0.0,0.0,0.0,0.0
P3,R03,training,16,104,0,0.0,0.0,0.0,0.0
P3,R03,training,16,105,0,0.0,0.0,0.0,0.0
P3,R03,training,16,106,0,0.0,0.0,0.0,0.0
P3,R03,training,16,107,0,0.0,0.0,0.0,0.0
P3,R03,training,16,108,0,0.0,0.0,0.0,0.0
P3,R03,training,16,109,0,0.0,0.0,0.0,0.0
P3,R03,training,16,110,0,0.0,0.0,0.0,0.0
P3,R03,training,16,111,0,0.0,0.0,0.0,0.0
P3,R03,training,16,112,0,0.0,0.0,0.0,0.0
P3,R03,training,16,113,0,0.0,0.0,0.0,0.0
P3,R03,training,16,114,0,0.0,0.0,0.0,0.0
P3,R03,training,16,115,0,0.0,0.0,0.0,0.0
P3,R03,training,16,116,0,0.0,0.0,0.0,0.0
P3,R03,training,16,117,0,0.0,0.0,0.0,0.0
P3,R03,training,16,118,0,0.0,0.0,0.0,0.0
P3,R03,training,16,119,0,0.0,0.0,0.0,0.0
P3,R03,training,16,120,0,0.0,0.0,0.0,0.0
P3,R03,training,16,121,0,0.0,0.0,0.0,0.0
P3,R03,training,16,122,0,0.0,0.0,0.0,0.0
P3,R03,training,16,123,0,0.0,0.0,0.0,0.0
P3,R03,training,16,124,0,0.0,0.0,0.0,0.0
P3,R03,training,16,125,0,0.0,0.0,0.0,0.0
P3,R03,training,16,126,0,0.0,0.0,0.0,0.0
P3,R03,training,16,127,0,0.0,0.0,0.0,0.0
P3,R03,training,16,128,0,0.0,0.0,0.0,0.0
P3,R03,training,16,129,0,0.0,0.0,0.0,0.0
P3,R03,training,16,130,0,0.0,0.0,0.0,0.0
P3,R03,training,16,131,0,0.0,0.0,0.0,0.0
P3,R03,training,16,132,0,0.0,0.0,0.0,0.0
P3,R03,training,16,133,0,0.0,0.0,0.0,0.0
P3,R03,training,16,134,0,0.0,0.0,0.0,0.0
P3,R03,training,16,135,0,0.0,0.0,0.0,0.0
P3,R03,training,16,136,0,0.0,0.0,0.0,0.0
P3,R03,training,16,137,0,0.0,0.0,0.0,0.0
P3,R03,training,16,138,0,0.0,0.0,0.0,0.0
P3,R03,training,16,139,0,0.0,0.0,0.0,0.0
P3,R03,training,16,140,0,0.0,0.0,0.0,0.0
P3,R03,training,16,141,0,0.0,0.0,0.0,0.0
P3,R03,training,16,142,0,0.0,0.0,0.0,0.0
P3,R03,training,16,143,0,0.0,0.0,0.0,0.0
P3,R03,training,16,144,0,0.0,0.0,0.0,0.0
P3,R03,training,16,145,0,0.0,0.0,0.0,0.0
P3,R03,training,16,146,0,0.0,0.0,0.0,0.0
P3,R03,training,16,147,0,0.0,0.0,0.0,0.0
P3,R03,training,16,148,0,0.0,0.0,0.0,0.0
P3,R03,training,16,149,0,0.0,0.0,0.0,0.0
P3,R03,training,16,150,0,0.0,0.0,0.0,0.0
P3,R03,training,16,151,0,0.0,0.0,0.0,0.0
P3,R03,training,16,152,0,0.0,0.0,0.0,0.0
P3,R03,training,16,153,0,0.0,0.0,0.0,0.0
P3,R03,training,16,154,0,0.0,0.0,0.0,0.0
P3,R03,training,16,155,0,0.0,0.0,0.0,0.0
P3,R03,training,16,156,0,0.0,0.0,0.0,0.0
P3,R03,training,16,157,0,0.0,0.0,0.0,0.0
P3,R03,training,16,158,0,0.0,0.0,0.0,0.0
P3,R03,training,16,159,0,0.0,0.0,0.0,0.0
P3,R03,training,16,160,0,0.0,0.0,0.0,0.0
P3,R03,training,16,161,0,0.0,0.0,0.0,0.0
P3,R03,training,16,162,0,0.0,0.0,0.0,0.0
P3,R03,training,16,163,0,0.0,0.0,0.0,0.0
P3,R03,training,16,164,0,0.0,0.0,0.0,0.0
P3,R03,training,16,165,0,0.0,0.0,0.0,0.0
P3,R03,training,16,166,0,0.0,0.0,0.0,0.0
P3,R03,training,16,167,0,0.0,0.0,0.0,0.0
P3,R03,training,16,168,0,0.0,0.0,0.0,0.0
P3,R03,training,16,169,0,0.0,0.0,0.0,0.0
P3,R03,training,16,170,0,0.0,0.0,0.0,0.0
P3,R03,training,16,171,0,0.0,0.0,0.0,0.0
P3,R03,training,16,172,0,0.0,0.0,0.0,0.0
P3,R03,training,16,173,0,0.0,0.0,0.0,0.0
P3,R03,training,16,174,0,0.0,0.0,0.0,0.0
P3,R03,training,16,175,0,0.0,0.0,0.0,0.0
P3,R03,training,16,176,0,0.0,0.0,0.0,0.0
P3,R03,training,16,177,0,0.0,0.0,0.0,0.0
P3,R03,training,16,178,0,0.0,0.0,0.0,0.0
P3,R03,training,16,179,0,0.0,0.0,0.0,0.0
P3,R03,training,16,180,0,0.0,0.0,0.0,0.0
P3,R03,training,16,181,0,0.0,0.0,0.0,0.0
P3,R03,training,16,182,0,0.0,0.0,0.0,0.0
P3,R03,training,16,183,0,0.0,0.0,0.0,0.0
P3,R03,training,16,184,0,0.0,0.0,0.0,0.0
P3,R03,training,16,185,0,0.0,0.0,0.0,0.0
P3,R03,training,16,186,0,0.0,0.0,0.0,0.0
P3,R03,training,16,187,0,0.0,0.0,0.0,0.0
P3,R03,training,16,188,0,0.0,0.0,0.0,0.0
P3,R03,training,16,189,0,0.0,0.0,0.0,0.0
P3,R03,training,16,190,0,0.0,0.0,0.0,0.0
P3,R03,training,16,191,0,0.0,0.0,0.0,0.0
P3,R03,training,16,192,0,0.0,0.0,0.0,0.0
P3,R03,training,16,193,0,0.0,0.0,0.0,0.0
P3,R03,training,16,194,0,0.0,0.0,0.0,0.0
P3,R03,training,16,195,0,0.0,0.0,0.0,0.0
P3,R03,training,16,196,0,0.0,0.0,0.0,0.0
P3,R03,training,16,197,0,0.0,0.0,0.0,0.0
P3,R03,training,16,198,0,0.0,0.0,0.0,0.0
P3,R03,training,16,199,0,0.0,0.0,0.0,0.0
P3,R03,training,16,200,0,0.0,0.0,0.0,0.0
P3,R03,training,16,201,0,0.0,0.0,0.0,0.0
P3,R03,training,16,202,0,0.0,0.0,0.0,0.0
P3,R03,training,16,203,0,0.0,0.0,0.0,0.0
P3,R03,training,16,204,0,0.0,0.0,0.0,0.0
P3,R03,training,16,205,0,0.0,0.0,0.0,0.0
P3,R03,training,16,206,0,0.0,0.0,0.0,0.0
P3,R03,training,16,207,0,0.0,0.0,0.0,0.0
P3,R03,training,16,208,0,0.0,0.0,0.0,0.0
P3,R03,training,16,209,0,0.0,0.0,0.0,0.0
P3,R03,training,16,210,0,0.0,0.0,0.0,0.0
P3,R03,training,16,211,0,0.0,0.0,0.0,0.0
P3,R03,training,16,212,0,0.0,0.0,0.0,0.0
P3,R03,training,16,213,0,0.0,0.0,0.0,0.0
P3,R03,training,16,214,0,0.0,0.0,0.0,0.0
P3,R03,training,16,215,0,0.0,0.0,0.0,0.0
P3,R03,training,16,216,0,0.0,0.0,0.0,0.0
P3,R03,training,16,217,0,0.0,0.0,0.0,0.0
P3,R03,training,16,218,0,0.0,0.0,0.0,0.0
P3,R03,training,16,219,0,0.0,0.0,0.0,0.0
P3,R03,training,16,220,0,0.0,0.0,0.0,0.0
P3,R03,training,16,221,0,0.0,0.0,0.0,0.0
P3,R03,training,16,222,0,0.0,0.0,0.0,0.0
P3,R03,training,16,223,0,0.0,0.0,0.0,0.0
P3,R03,training,16,224,0,0.0,0.0,0.0,0.0
P3,R03,training,16,225,0,0.0,0.0,0.0,0.0
P3,R03,training,16,226,0,0.0,0.0,0.0,0.0
P3,R03,training,16,227,0,0.0,0.0,0.0,0.0
P3,R03,training,16,228,0,0.0,0.0,0.0,0.0
P3,R03,training,16,229,0,0.0,0.0,0.0,0.0
P3,R03,training,16,230,0,0.0,0.0,0.0,0.0
P3,R03,training,16,231,0,0.0,0.0,0.0,0.0
P3,R03,training,16,232,0,0.0,0.0,0.0,0.0
P3,R03,training,16,233,0,0.0,0.0,0.0,0.0
P3,R03,training,16,234,0,0.0,0.0,0.0,0.0
P3,R03,training,16,235,0,0.0,0.0,0.0,0.0
P3,R03,training,16,236,0,0.0,0.0,0.0,0.0
P3,R03,training,16,237,0,0.0,0.0,0.0,0.0
P3,R03,training,16,238,0,0.0,0.0,0.0,0.0
P3,R03,training,16,239,0,0.0,0.0,0.0,0.0
P3,R03,training,16,240,0,0.0,0.0,0.0,0.0
P3,R03,training,16,241,0,0.0,0.0,0.0,0.0
P3,R03,training,16,242,0,0.0,0.0,0.0,0.0
P3,R03,training,16,243,0,0.0,0.0,0.0,0.0
P3,R03,training,16,244,0,0.0,0.0,0.0,0.0
P3,R03,training,16,245,0,0.0,0.0,0.0,0.0
P3,R03,training,16,246,0,0.0,0.0,0.0,0.0
P3,R03,training,16,247,0,0.0,0.0,0.0,0.0
P3,R03,training,16,248,0,0.0,0.0,0.0,0.0
P3,R03,training,16,249,0,0.0,0.0,0.0,0.0
P3,R03,training,16,250,0,0.0,0.0,0.0,0.0
P3,R03,training,16,251,0,0.0,0.0,0.0,0.0
P3,R03,training,16,252,0,0.0,0.0,0.0,0.0
P3,R03,training,16,253,0,0.0,0.0,0.0,0.0
P3,R03,training,16,254,0,0.0,0.0,0.0,0.0
P3,R03,training,16,255,0,0.0,0.0,0.0,0.0
P3,R03,training,16,256,0,0.0,0.0,0.0,0.0
P3,R03,training,16,257,0,0.0,0.0,0.0,0.0
P3,R03,training,16,258,0,0.0,0.0,0.0,0.0
P3,R03,training,16,259,0,0.0,0.0,0.0,0.0
P3,R03,training,16,260,0,0.0,0.0,0.0,0.0
P3,R03,training,16,261,0,0.0,0.0,0.0,0.0
P3,R03,training,16,262,0,0.0,0.0,0.0,0.0
P3,R03,training,16,263,0,0.0,0.0,0.0,0.0
P3,R03,training,16,264,0,0.0,0.0,0.0,0.0
P3,R03,training,16,265,0,0.0,0.0,0.0,0.0
P3,R03,training,16,266,0,0.0,0.0,0.0,0.0
P3,R03,training,16,267,0,0.0,0.0,0.0,0.0
P3,R03,training,16,268,0,0.0,0.0,0.0,0.0
P3,R03,training,16,269,0,0.0,0.0,0.0,0.0
P3,R03,training,16,270,0,0.0,0.0,0.0,0.0
P3,R03,training,16,271,0,0.0,0.0,0.0,0.0
P3,R03,training,16,272,0,0.0,0.0,0.0,0.0
P3,R03,training,16,273,0,0.0,0.0,0.0,0.0
P3,R03,training,16,274,0,0.0,0.0,0.0,0.0
P3,R03,training,16,275,0,0.0,0.0,0.0,0.0
P3,R03,training,16,276,0,0.0,0.0,0.0,0.0
P3,R03,training,16,277,0,0.0,0.0,0.0,0.0
P3,R03,training,16,278,0,0.0,0.0,0.0,0.0
P3,R03,training,16,279,0,0.0,0.0,0.0,0.0
P3,R03,training,16,280,0,0.0,0.0,0.0,0.0
P3,R03,training,16,281,0,0.0,0.0,0.0,0.0
P3,R03,training,16,282,0,0.0,0.0,0.0,0.0
P3,R03,training,16,283,0,0.0,0.0,0.0,0.0
P3,R03,training,16,284,0,0.0,0.0,0.0,0.0
P3,R03,training,16,285,0,0.0,0.0,0.0,0.0
P3,R03,training,16,286,0,0.0,0.0,0.0,0.0
P3,R03,training,16,287,0,0.0,0.0,0.0,0.0
P3,R03,training,16,288,0,0.0,0.0,0.0,0.0
P3,R03,training,16,289,0,0.0,0.0,0.0,0.0
P3,R03,training,16,290,0,0.0,0.0,0.0,0.0
P3,R03,training,16,291,0,0.0,0.0,0.0,0.0
P3,R03,training,16,292,0,0.0,0.0,0.0,0.0
P3,R03,training,16,293,0,0.0,0.0,0.0,0.0
P3,R03,training,16,294,0,0.0,0.0,0.0,0.0
P3,R03,training,16,295,0,0.0,0.0,0.0,0.0
P3,R03,training,16,296,0,0.0,0.0,0.0,0.0
P3,R03,training,16,297,0,0.0,0.0,0.0,0.0
P3,R03,training,16,298,0,0.0,0.0,0.0,0.0
P3,R03,training,16,299,0,0.0,0.0,0.0,0.0
P3,R03,training,16,300,0,0.0,0.0,0.0,0.0
P3,R03,training,16,301,0,0.0,0.0,0.0,0.0
P3,R03,training,16,302,0,0.0,0.0,0.0,0.0
P3,R03,training,16,303,0,0.0,0.0,0.0,0.0
P3,R03,training,16,304,0,0.0,0.0,0.0,0.0
P3,R03,training,16,305,0,0.0,0.0,0.0,0.0
P3,R03,training,16,306,0,0.0,0.0,0.0,0.0
P3,R03,training,16,307,0,0.0,0.0,0.0,0.0
P3,R03,training,16,308,0,0.0,0.0,0.0,0.0
P3,R03,training,16,309,0,0.0,0.0,0.0,0.0
P3,R03,training,16,310,0,0.0,0.0,0.0,0.0
P3,R03,training,16,311,0,0.0,0.0,0.0,0.0
P3,R03,training,16,312,0,0.0,0.0,0.0,0.0
P3,R03,training,16,313,0,0.0,0.0,0.0,0.0
P3,R03,training,16,314,0,0.0,0.0,0.0,0.0
P3,R03,training,16,315,0,0.0,0.0,0.0,0.0
P3,R03,training,16,316,0,0.0,0.0,0.0,0.0
P3,R03,training,16,317,0,0.0,0.0,0.0,0.0
P3,R03,training,16,318,0,0.0,0.0,0.0,0.0
P3,R03,training,16,319,0,0.0,0.0,0.0,0.0
P3,R03,training,16,320,0,0.0,0.0,0.0,0.0
P3,R03,training,16,321,0,0.0,0.0,0.0,0.0
P3,R03,training,16,322,0,0.0,0.0,0.0,0.0
P3,R03,training,16,323,0,0.0,0.0,0.0,0.0
P3,R03,training,16,324,0,0.0,0.0,0.0,0.0
P3,R03,training,16,325,0,0.0,0.0,0.0,0.0
P3,R03,training,16,326,0,0.0,0.0,0.0,0.0
P3,R03,training,16,327,0,0.0,0.0,0.0,0.0
P3,R03,training,16,328,0,0.0,0.0,0.0,0.0
P3,R03,training,16,329,0,0.0,0.0,0.0,0.0
P3,R03,training,16,330,0,0.0,0.0,0.0,0.0
P3,R03,training,16,331,0,0.0,0.0,0.0,0.0
P3,R03,training,16,332,0,0.0,0.0,0.0,0.0
P3,R03,training,16,333,0,0.0,0.0,0.0,0.0
P3,R03,training,16,334,0,0.0,0.0,0.0,0.0
P3,R03,training,16,335,0,0.0,0.0,0.0,0.0
P3,R03,training,16,336,0,0.0,0.0,0.0,0.0
P3,R03,training,16,337,0,0.0,0.0,0.0,0.0
P3,R03,training,16,338,0,0.0,0.0,0.0,0.0
P3,R03,training,16,339,0,0.0,0.0,0.0,0.0
P3,R03,training,16,340,0,0.0,0.0,0.0,0.0
P3,R03,training,16,341,0,0.0,0.0,0.0,0.0
P3,R03,training,16,342,0,0.0,0.0,0.0,0.0
P3,R03,training,16,343,0,0.0,0.0,0.0,0.0
P3,R03,training,16,344,0,0.0,0.0,0.0,0.0
P3,R03,training,16,345,0,0.0,0.0,0.0,0.0
P3,R03,training,16,346,0,0.0,0.0,0.0,0.0
P3,R03,training,16,347,0,0.0,0.0,0.0,0.0
P3,R03,training,16,348,0,0.0,0.0,0.0,0.0
P3,R03,training,16,349,0,0.0,0.0,0.0,0.0
P3,R03,training,16,350,0,0.0,0.0,0.0,0.0
P3,R03,training,16,351,0,0.0,0.0,0.0,0.0
P3,R03,training,16,352,0,0.0,0.0,0.0,0.0
P3,R03,training,16,353,0,0.0,0.0,0.0,0.0
P3,R03,training,16,354,0,0.0,0.0,0.0,0.0
P3,R03,training,16,355,0,0.0,0.0,0.0,0.0
P3,R03,training,16,356,0,0.0,0.0,0.0,0.0
P3,R03,training,16,357,0,0.0,0.0,0.0,0.0
P3,R03,training,16,358,0,0.0,0.0,0.0,0.0
P3,R03,training,16,359,0,0.0,0.0,0.0,0.0
P3,R03,training,16,360,0,0.0,0.0,0.0,0.0
P3,R03,training,16,361,0,0.0,0.0,0.0,0.0
P3,R03,training,16,362,0,0.0,0.0,0.0,0.0
P3,R03,training,16,363,0,0.0,0.0,0.0,0.0
P3,R03,training,16,364,0,0.0,0.0,0.0,0.0
P3,R03,training,16,365,0,0.0,0.0,0.0,0.0
P3,R03,training,16,366,0,0.0,0.0,0.0,0.0
P3,R03,training,16,367,0,0.0,0.0,0.0,0.0
P3,R03,training,16,368,0,0.0,0.0,0.0,0.0
P3,R03,training,16,369,0,0.0,0.0,0.0,0.0
P3,R03,training,16,370,0,0.0,0.0,0.0,0.0
P3,R03,training,16,371,0,0.0,0.0,0.0,0.0
P3,R03,training,16,372,0,0.0,0.0,0.0,0.0
P3,R03,training,16,373,0,0.0,0.0,0.0,0.0
P3,R03,training,16,374,0,0.0,0.0,0.0,0.0
P3,R03,training,16,375,0,0.0,0.0,0.0,0.0
P3,R03,training,16,376,0,0.0,0.0,0.0,0.0
P3,R03,training,16,377,0,0.0,0.0,0.0,0.0
P3,R03,training,16,378,0,0.0,0.0,0.0,0.0
P3,R03,training,16,379,0,0.0,0.0,0.0,0.0
P3,R03,training,16,380,0,0.0,0.0,0.0,0.0
P3,R03,training,16,381,0,0.0,0.0,0.0,0.0
P3,R03,training,16,382,0,0.0,0.0,0.0,0.0
P3,R03,training,16,383,0,0.0,0.0,0.0,0.0
P3,R03,training,16,384,0,0.0,0.0,0.0,0.0
P3,R03,training,16,385,0,0.0,0.0,0.0,0.0
P3,R03,training,16,386,0,0.0,0.0,0.0,0.0
P3,R03,training,16,387,0,0.0,0.0,0.0,0.0
P3,R03,training,16,388,0,0.0,0.0,0.0,0.0
P3,R03,training,16,389,0,0.0,0.0,0.0,0.0
P3,R03,training,16,390,0,0.0,0.0,0.0,0.0
P3,R03,training,16,391,0,0.0,0.0,0.0,0.0
P3,R03,training,16,392,0,0.0,0.0,0.0,0.0
P3,R03,training,16,393,0,0.0,0.0,0.0,0.0
P3,R03,training,16,394,0,0.0,0.0,0.0,0.0
P3,R03,training,16,395,0,0.0,0.0,0.0,0.0
P3,R03,training,16,396,0,0.0,0.0,0.0,0.0
P3,R03,training,16,397,0,0.0,0.0,0.0,0.0
P3,R03,training,16,398,0,0.0,0.0,0.0,0.0
P3,R03,training,16,399,0,0.0,0.0,0.0,0.0
P3,R03,training,16,400,0,0.0,0.0,0.0,0.0
P3,R03,training,16,401,0,0.0,0.0,0.0,0.0
P3,R03,training,16,402,0,0.0,0.0,0.0,0.0
P3,R03,training,16,403,0,0.0,0.0,0.0,0.0
P3,R03,training,16,404,0,0.0,0.0,0.0,0.0
P3,R03,training,16,405,0,0.0,0.0,0.0,0.0
P3,R03,training,16,406,0,0.0,0.0,0.0,0.0
P3,R03,training,16,407,0,0.0,0.0,0.0,0.0
P3,R03,training,16,408,0,0.0,0.0,0.0,0.0
P3,R03,training,16,409,0,0.0,0.0,0.0,0.0
P3,R03,training,16,410,0,0.0,0.0,0.0,0.0
P3,R03,training,16,411,0,0.0,0.0,0.0,0.0
P3,R03,training,16,412,0,0.0,0.0,0.0,0.0
P3,R03,training,16,413,0,0.0,0.0,0.0,0.0
P3,R03,training,16,414,0,0.0,0.0,0.0,0.0
P3,R03,training,16,415,0,0.0,0.0,0.0,0.0
P3,R03,training,16,416,0,0.0,0.0,0.0,0.0
P3,R03,training,16,417,0,0.0,0.0,0.0,0.0
P3,R03,training,16,418,0,0.0,0.0,0.0,0.0
P3,R03,training,16,419,0,0.0,0.0,0.0,0.0
P3,R03,training,16,420,0,0.0,0.0,0.0,0.0
P3,R03,training,16,421,0,0.0,0.0,0.0,0.0
P3,R03,training,16,422,0,0.0,0.0,0.0,0.0
P3,R03,training,16,423,0,0.0,0.0,0.0,0.0
P3,R03,training,16,424,0,0.0,0.0,0.0,0.0
P3,R03,training,16,425,0,0.0,0.0,0.0,0.0
P3,R03,training,16,426,0,0.0,0.0,0.0,0.0
P3,R03,training,16,427,0,0.0,0.0,0.0,0.0
P3,R03,training,16,428,0,0.0,0.0,0.0,0.0
P3,R03,training,16,429,0,0.0,0.0,0.0,0.0
P3,R03,training,16,430,0,0.0,0.0,0.0,0.0
P3,R03,training,16,431,0,0.0,0.0,0.0,0.0
P3,R03,training,16,432,0,0.0,0.0,0.0,0.0
P3,R03,training,16,433,0,0.0,0.0,0.0,0.0
P3,R03,training,16,434,0,0.0,0.0,0.0,0.0
P3,R03,training,16,435,0,0.0,0.0,0.0,0.0
P3,R03,training,16,436,0,0.0,0.0,0.0,0.0
P3,R03,training,16,437,0,0.0,0.0,0.0,0.0
P3,R03,training,16,438,0,0.0,0.0,0.0,0.0
P3,R03,training,16,439,0,0.0,0.0,0.0,0.0
P3,R03,training,16,440,0,0.0,0.0,0.0,0.0
P3,R03,training,16,441,0,0.0,0.0,0.0,0.0
P3,R03,training,16,442,0,0.0,0.0,0.0,0.0
P3,R03,training,16,443,0,0.0,0.0,0.0,0.0
P3,R03,training,16,444,0,0.0,0.0,0.0,0.0
P3,R03,training,16,445,0,0.0,0.0,0.0,0.0
P3,R03,training,16,446,0,0.0,0.0,0.0,0.0
P3,R03,training,16,447,0,0.0,0.0,0.0,0.0
P3,R03,training,16,448,0,0.0,0.0,0.0,0.0
P3,R03,training,16,449,0,0.0,0.0,0.0,0.0
P3,R03,training,16,450,0,0.0,0.0,0.0,0.0
P3,R03,training,16,451,0,0.0,0.0,0.0,0.0
P3,R03,training,16,452,0,0.0,0.0,0.0,0.0
P3,R03,training,16,453,0,0.0,0.0,0.0,0.0
P3,R03,training,16,454,0,0.0,0.0,0.0,0.0
P3,R03,training,16,455,0,0.0,0.0,0.0,0.0
P3,R03,training,16,456,0,0.0,0.0,0.0,0.0
P3,R03,training,16,457,0,0.0,0.0,0.0,0.0
P3,R03,training,16,458,0,0.0,0.0,0.0,0.0
P3,R03,training,16,459,0,0.0,0.0,0.0,0.0
P3,R03,training,16,460,0,0.0,0.0,0.0,0.0
P3,R03,training,16,461,0,0.0,0.0,0.0,0.0
P3,R03,training,16,462,0,0.0,0.0,0.0,0.0
P3,R03,training,16,463,0,0.0,0.0,0.0,0.0
P3,R03,training,16,464,0,0.0,0.0,0.0,0.0
P3,R03,training,16,465,0,0.0,0.0,0.0,0.0
P3,R03,training,16,466,0,0.0,0.0,0.0,0.0
P3,R03,training,16,467,0,0.0,0.0,0.0,0.0
P3,R03,training,16,468,0,0.0,0.0,0.0,0.0
P3,R03,training,16,469,0,0.0,0.0,0.0,0.0
P3,R03,training,16,470,0,0.0,0.0,0.0,0.0
P3,R03,training,16,471,0,0.0,0.0,0.0,0.0
P3,R03,training,16,472,0,0.0,0.0,0.0,0.0
P3,R03,training,16,473,0,0.0,0.0,0.0,0.0
P3,R03,training,16,474,0,0.0,0.0,0.0,0.0
P3,R03,training,16,475,0,0.0,0.0,0.0,0.0
P3,R03,training,16,476,0,0.0,0.0,0.0,0.0
P3,R03,training,16,477,0,0.0,0.0,0.0,0.0
P3,R03,training,16,478,0,0.0,0.0,0.0,0.0
P3,R03,training,16,479,0,0.0,0.0,0.0,0.0
P3,R03,training,16,480,0,0.0,0.0,0.0,0.0
P3,R03,training,16,481,0,0.0,0.0,0.0,0.0
P3,R03,training,16,482,0,0.0,0.0,0.0,0.0
P3,R03,training,16,483,0,0.0,0.0,0.0,0.0
P3,R03,training,16,484,0,0.0,0.0,0.0,0.0
P3,R03,training,16,485,0,0.0,0.0,0.0,0.0
P3,R03,training,16,486,0,0.0,0.0,0.0,0.0
P3,R03,training,16,487,0,0.0,0.0,0.0,0.0
P3,R03,training,16,488,0,0.0,0.0,0.0,0.0
P3,R03,training,16,489,0,0.0,0.0,0.0,0.0
P3,R03,training,16,490,0,0.0,0.0,0.0,0.0
P3,R03,training,16,491,0,0.0,0.0,0.0,0.0
P3,R03,training,16,492,0,0.0,0.0,0.0,0.0
P3,R03,training,16,493,0,0.0,0.0,0.0,0.0
P3,R03,training,16,494,0,0.0,0.0,0.0,0.0
P3,R03,training,16,495,0,0.0,0.0,0.0,0.0
P3,R03,training,16,496,0,0.0,0.0,0.0,0.0
P3,R03,training,16,497,0,0.0,0.0,0.0,0.0
P3,R03,training,16,498,0,0.0,0.0,0.0,0.0
P3,R03,training,16,499,0,0.0,0.0,0.0,0.0
P3,R03,training,16,500,0,0.0,0.0,0.0,0.0
P3,R03,training,16,501,0,0.0,0.0,0.0,0.0
P3,R03,training,16,502,0,0.0,0.0,0.0,0.0
P3,R03,training,16,503,0,0.0,0.0,0.0,0.0
P3,R03,training,16,504,0,0.0,0.0,0.0,0.0
P3,R03,training,16,505,0,0.0,0.0,0.0,0.0
P3,R03,training,16,506,0,0.0,0.0,0.0,0.0
P3,R03,training,16,507,0,0.0,0.0,0.0,0.0
P3,R03,training,16,508,0,0.0,0.0,0.0,0.0
P3,R03,training,16,509,0,0.0,0.0,0.0,0.0
P3,R03,training,16,510,0,0.0,0.0,0.0,0.0
P3,R03,training,16,511,0,0.0,0.0,0.0,0.0
P3,R03,training,16,512,0,0.0,0.0,0.0,0.0
P3,R03,training,16,513,0,0.0,0.0,0.0,0.0
P3,R03,training,16,514,0,0.0,0.0,0.0,0.0
P3,R03,training,16,515,0,0.0,0.0,0.0,0.0
P3,R03,training,16,516,0,0.0,0.0,0.0,0.0
P3,R03,training,16,517,0,0.0,0.0,0.0,0.0
P3,R03,training,16,518,0,0.0,0.0,0.0,0.0
P3,R03,training,16,519,0,0.0,0.0,0.0,0.0
P3,R03,training,16,520,0,0.0,0.0,0.0,0.0
P3,R03,training,16,521,0,0.0,0.0,0.0,0.0
P3,R03,training,16,522,0,0.0,0.0,0.0,0.0
P3,R03,training,16,523,0,0.0,0.0,0.0,0.0
P3,R03,training,16,524,0,0.0,0.0,0.0,0.0
P3,R03,training,16,525,0,0.0,0.0,0.0,0.0
P3,R03,training,16,526,0,0.0,0.0,0.0,0.0
P3,R03,training,16,527,0,0.0,0.0,0.0,0.0
P3,R03,training,16,528,0,0.0,0.0,0.0,0.0
P3,R03,training,16,529,0,0.0,0.0,0.0,0.0
P3,R03,training,16,530,0,0.0,0.0,0.0,0.0
P3,R03,training,16,531,0,0.0,0.0,0.0,0.0
P3,R03,training,16,532,0,0.0,0.0,0.0,0.0
P3,R03,training,16,533,0,0.0,0.0,0.0,0.0
P3,R03,training,16,534,0,0.0,0.0,0.0,0.0
P3,R03,training,16,535,0,0.0,0.0,0.0,0.0
P3,R03,training,16,536,0,0.0,0.0,0.0,0.0
P3,R03,training,16,537,0,0.0,0.0,0.0,0.0
P3,R03,training,16,538,0,0.0,0.0,0.0,0.0
P3,R03,training,16,539,0,0.0,0.0,0.0,0.0
P3,R03,training,16,540,0,0.0,0.0,0.0,0.0
P3,R03,training,16,541,0,0.0,0.0,0.0,0.0
P3,R03,training,16,542,0,0.0,0.0,0.0,0.0
P3,R03,training,16,543,0,0.0,0.0,0.0,0.0
P3,R03,training,16,544,0,0.0,0.0,0.0,0.0
P3,R03,training,16,545,0,0.0,0.0,0.0,0.0
P3,R03,training,16,546,0,0.0,0.0,0.0,0.0
P3,R03,training,16,547,0,0.0,0.0,0.0,0.0
P3,R03,training,16,548,0,0.0,0.0,0.0,0.0
P3,R03,training,16,549,0,0.0,0.0,0.0,0.0
P3,R03,training,16,550,0,0.0,0.0,0.0,0.0
P3,R03,training,16,551,0,0.0,0.0,0.0,0.0
P3,R03,training,16,552,0,0.0,0.0,0.0,0.0
P3,R03,training,16,553,0,0.0,0.0,0.0,0.0
P3,R03,training,16,554,0,0.0,0.0,0.0,0.0
P3,R03,training,16,555,0,0.0,0.0,0.0,0.0
P3,R03,training,16,556,0,0.0,0.0,0.0,0.0
P3,R03,training,16,557,0,0.0,0.0,0.0,0.0
P3,R03,training,16,558,0,0.0,0.0,0.0,0.0
P3,R03,training,16,559,0,0.0,0.0,0.0,0.0
P3,R03,training,16,560,0,0.0,0.0,0.0,0.0
P3,R03,training,16,561,0,0.0,0.0,0.0,0.0
P3,R03,training,16,562,0,0.0,0.0,0.0,0.0
P3,R03,training,16,563,0,0.0,0.0,0.0,0.0
P3,R03,training,16,564,0,0.0,0.0,0.0,0.0
P3,R03,training,16,565,0,0.0,0.0,0.0,0.0
P3,R03,training,16,566,0,0.0,0.0,0.0,0.0
P3,R03,training,16,567,0,0.0,0.0,0.0,0.0
P3,R03,training,16,568,0,0.0,0.0,0.0,0.0
P3,R03,training,16,569,0,0.0,0.0,0.0,0.0
P3,R03,training,16,570,0,0.0,0.0,0.0,0.0
P3,R03,training,16,571,0,0.0,0.0,0.0,0.0
P3,R03,training,16,572,0,0.0,0.0,0.0,0.0
P3,R03,training,16,573,0,0.0,0.0,0.0,0.0
P3,R03,training,16,574,0,0.0,0.0,0.0,0.0
P3,R03,training,16,575,0,0.0,0.0,0.0,0.0
P3,R03,training,16,576,0,0.0,0.0,0.0,0.0
P3,R03,training,16,577,0,0.0,0.0,0.0,0.0
P3,R03,training,16,578,0,0.0,0.0,0.0,0.0
P3,R03,training,16,579,0,0.0,0.0,0.0,0.0
P3,R03,training,16,580,0,0.0,0.0,0.0,0.0
P3,R03,training,16,581,0,0.0,0.0,0.0,0.0
P3,R03,training,16,582,0,0.0,0.0,0.0,0.0
P3,R03,training,16,583,0,0.0,0.0,0.0,0.0
P3,R03,training,16,584,0,0.0,0.0,0.0,0.0
P3,R03,training,16,585,0,0.0,0.0,0.0,0.0
P3,R03,training,16,586,0,0.0,0.0,0.0,0.0
P3,R03,training,16,587,0,0.0,0.0,0.0,0.0
P3,R03,training,16,588,0,0.0,0.0,0.0,0.0
P3,R03,training,16,589,0,0.0,0.0,0.0,0.0
P3,R03,training,16,590,0,0.0,0.0,0.0,0.0
P3,R03,training,16,591,0,0.0,0.0,0.0,0.0
P3,R03,training,16,592,0,0.0,0.0,0.0,0.0
P3,R03,training,16,593,0,0.0,0.0,0.0,0.0
P3,R03,training,16,594,0,0.0,0.0,0.0,0.0
P3,R03,training,16,595,0,0.0,0.0,0.0,0.0
P3,R03,training,16,596,0,0.0,0.0,0.0,0.0
P3,R03,training,16,597,0,0.0,0.0,0.0,0.0
P3,R03,training,16,598,0,0.0,0.0,0.0,0.0
P3,R03,training,16,599,0,0.0,0.0,0.0,0.0
P3,R03,training,16,600,0,0.0,0.0,0.0,0.0
P3,R03,training,16,601,0,0.0,0.0,0.0,0.0
P3,R03,training,16,602,0,0.0,0.0,0.0,0.0
P3,R03,training,16,603,0,0.0,0.0,0.0,0.0
P3,R03,training,16,604,0,0.0,0.0,0.0,0.0
P3,R03,training,16,605,0,0.0,0.0,0.0,0.0
P3,R03,training,16,606,0,0.0,0.0,0.0,0.0
P3,R03,training,16,607,0,0.0,0.0,0.0,0.0
P3,R03,training,16,608,0,0.0,0.0,0.0,0.0
P3,R03,training,16,609,0,0.0,0.0,0.0,0.0
P3,R03,training,16,610,0,0.0,0.0,0.0,0.0
P3,R03,training,16,611,0,0.0,0.0,0.0,0.0
P3,R03,training,16,612,0,0.0,0.0,0.0,0.0
P3,R03,training,16,613,0,0.0,0.0,0.0,0.0
P3,R03,training,16,614,0,0.0,0.0,0.0,0.0
P3,R03,training,16,615,0,0.0,0.0,0.0,0.0
P3,R03,training,16,616,0,0.0,0.0,0.0,0.0
P3,R03,training,16,617,0,0.0,0.0,0.0,0.0
P3,R03,training,16,618,0,0.0,0.0,0.0,0.0
P3,R03,training,16,619,0,0.0,0.0,0.0,0.0
P3,R03,training,16,620,0,0.0,0.0,0.0,0.0
P3,R03,training,16,621,0,0.0,0.0,0.0,0.0
P3,R03,training,16,622,0,0.0,0.0,0.0,0.0
P3,R03,training,16,623,0,0.0,0.0,0.0,0.0
P3,R03,training,16,624,0,0.0,0.0,0.0,0.0
P3,R03,training,16,625,0,0.0,0.0,0.0,0.0
P3,R03,training,16,626,0,0.0,0.0,0.0,0.0
P3,R03,training,16,627,0,0.0,0.0,0.0,0.0
P3,R03,training,16,628,0,0.0,0.0,0.0,0.0
P3,R03,training,16,629,0,0.0,0.0,0.0,0.0
P3,R03,training,16,630,0,0.0,0.0,0.0,0.0
P3,R03,training,16,631,0,0.0,0.0,0.0,0.0
P3,R03,training,16,632,0,0.0,0.0,0.0,0.0
P3,R03,training,16,633,0,0.0,0.0,0.0,0.0
P3,R03,training,16,634,0,0.0,0.0,0.0,0.0
P3,R03,training,16,635,0,0.0,0.0,0.0,0.0
P3,R03,training,16,636,0,0.0,0.0,0.0,0.0
P3,R03,training,16,637,0,0.0,0.0,0.0,0.0
P3,R03,training,16,638,0,0.0,0.0,0.0,0.0
P3,R03,training,16,639,0,0.0,0.0,0.0,0.0
P3,R03,training,16,640,0,0.0,0.0,0.0,0.0
P3,R03,training,16,641,0,0.0,0.0,0.0,0.0
P3,R03,training,16,642,0,0.0,0.0,0.0,0.0
P3,R03,training,16,643,0,0.0,0.0,0.0,0.0
P3,R03,training,16,644,0,0.0,0.0,0.0,0.0
P3,R03,training,16,645,0,0.0,0.0,0.0,0.0
P3,R03,training,16,646,0,0.0,0.0,0.0,0.0
P3,R03,training,16,647,0,0.0,0.0,0.0,0.0
P3,R03,training,16,648,0,0.0,0.0,0.0,0.0
P3,R03,training,16,649,0,0.0,0.0,0.0,0.0
P3,R03,training,16,650,0,0.0,0.0,0.0,0.0
P3,R03,training,16,651,0,0.0,0.0,0.0,0.0
P3,R03,training,16,652,0,0.0,0.0,0.0,0.0
P3,R03,training,16,653,0,0.0,0.0,0.0,0.0
P3,R03,training,16,654,0,0.0,0.0,0.0,0.0
P3,R03,training,16,655,0,0.0,0.0,0.0,0.0
A,R03,training,20,0,0,0.0,0.0,0.0,0.0
A,R03,training,20,1,0,0.0,0.0,0.0,0.0
A,R03,training,20,2,0,0.0,0.0,0.0,0.0
A,R03,training,20,3,0,0.0,0.0,0.0,0.0
A,R03,training,20,4,0,0.0,0.0,0.0,0.0
A,R03,training,20,5,0,0.0,0.0,0.0,0.0
A,R03,training,20,6,0,0.0,0.0,0.0,0.0
A,R03,training,20,7,0,0.0,0.0,0.0,0.0
A,R03,training,20,8,0,0.0,0.0,0.0,0.0
A,R03,training,20,9,0,0.0,0.0,0.0,0.0
A,R03,training,20,10,0,0.0,0.0,0.0,0.0
A,R03,training,20,11,0,0.0,0.0,0.0,0.0
A,R03,training,20,12,0,0.0,0.0,0.0,0.0
A,R03,training,20,13,0,0.0,0.0,0.0,0.0
A,R03,training,20,14,0,0.0,0.0,0.0,0.0
A,R03,training,20,15,0,0.0,0.0,0.0,0.0
A,R03,training,20,16,0,0.0,0.0,0.0,0.0
A,R03,training,20,17,0,0.0,0.0,0.0,0.0
A,R03,training,20,18,0,0.0,0.0,0.0,0.0
A,R03,training,20,19,0,0.0,0.0,0.0,0.0
A,R03,training,20,20,0,0.0,0.0,0.0,0.0
A,R03,training,20,21,0,0.0,0.0,0.0,0.0
A,R03,training,20,22,0,0.0,0.0,0.0,0.0
A,R03,training,20,23,0,0.0,0.0,0.0,0.0
A,R03,training,20,24,0,0.0,0.0,0.0,0.0
A,R03,training,20,25,0,0.0,0.0,0.0,0.0
A,R03,training,20,26,0,0.0,0.0,0.0,0.0
A,R03,training,20,27,0,0.0,0.0,0.0,0.0
A,R03,training,20,28,0,0.0,0.0,0.0,0.0
A,R03,training,20,29,0,0.0,0.0,0.0,0.0
A,R03,training,20,30,0,0.0,0.0,0.0,0.0
A,R03,training,20,31,0,0.0,0.0,0.0,0.0
A,R03,training,20,32,0,0.0,0.0,0.0,0.0
A,R03,training,20,33,0,0.0,0.0,0.0,0.0
A,R03,training,20,34,0,0.0,0.0,0.0,0.0
A,R03,training,20,35,0,0.0,0.0,0.0,0.0
A,R03,training,20,36,0,0.0,0.0,0.0,0.0
A,R03,training,20,37,0,0.0,0.0,0.0,0.0
A,R03,training,20,38,0,0.0,0.0,0.0,0.0
A,R03,training,20,39,0,0.0,0.0,0.0,0.0
A,R03,training,20,40,0,0.0,0.0,0.0,0.0
A,R03,training,20,41,0,0.0,0.0,0.0,0.0
A,R03,training,20,42,0,0.0,0.0,0.0,0.0
A,R03,training,20,43,0,0.0,0.0,0.0,0.0
A,R03,training,20,44,0,0.0,0.0,0.0,0.0
A,R03,training,20,45,0,0.0,0.0,0.0,0.0
A,R03,training,20,46,0,0.0,0.0,0.0,0.0
A,R03,training,20,47,0,0.0,0.0,0.0,0.0
A,R03,training,20,48,0,0.0,0.0,0.0,0.0
A,R03,training,20,49,0,0.0,0.0,0.0,0.0
A,R03,training,20,50,0,0.0,0.0,0.0,0.0
A,R03,training,20,51,0,0.0,0.0,0.0,0.0
A,R03,training,20,52,0,0.0,0.0,0.0,0.0
A,R03,training,20,53,0,0.0,0.0,0.0,0.0
A,R03,training,20,54,0,0.0,0.0,0.0,0.0
A,R03,training,20,55,0,0.0,0.0,0.0,0.0
A,R03,training,20,56,0,0.0,0.0,0.0,0.0
A,R03,training,20,57,0,0.0,0.0,0.0,0.0
A,R03,training,20,58,0,0.0,0.0,0.0,0.0
A,R03,training,20,59,0,0.0,0.0,0.0,0.0
A,R03,training,20,60,0,0.0,0.0,0.0,0.0
A,R03,training,20,61,0,0.0,0.0,0.0,0.0
A,R03,training,20,62,0,0.0,0.0,0.0,0.0
A,R03,training,20,63,0,0.0,0.0,0.0,0.0
A,R03,training,20,64,0,0.0,0.0,0.0,0.0
A,R03,training,20,65,0,0.0,0.0,0.0,0.0
A,R03,training,20,66,0,0.0,0.0,0.0,0.0
A,R03,training,20,67,0,0.0,0.0,0.0,0.0
A,R03,training,20,68,0,0.0,0.0,0.0,0.0
A,R03,training,20,69,0,0.0,0.0,0.0,0.0
A,R03,training,20,70,0,0.0,0.0,0.0,0.0
A,R03,training,20,71,0,0.0,0.0,0.0,0.0
A,R03,training,20,72,0,0.0,0.0,0.0,0.0
A,R03,training,20,73,0,0.0,0.0,0.0,0.0
A,R03,training,20,74,0,0.0,0.0,0.0,0.0
A,R03,training,20,75,0,0.0,0.0,0.0,0.0
A,R03,training,20,76,0,0.0,0.0,0.0,0.0
A,R03,training,20,77,0,0.0,0.0,0.0,0.0
A,R03,training,20,78,0,0.0,0.0,0.0,0.0
A,R03,training,20,79,0,0.0,0.0,0.0,0.0
A,R03,training,20,80,0,0.0,0.0,0.0,0.0
A,R03,training,20,81,0,0.0,0.0,0.0,0.0
A,R03,training,20,82,0,0.0,0.0,0.0,0.0
A,R03,training,20,83,0,0.0,0.0,0.0,0.0
A,R03,training,20,84,0,0.0,0.0,0.0,0.0
A,R03,training,20,85,0,0.0,0.0,0.0,0.0
A,R03,training,20,86,0,0.0,0.0,0.0,0.0
A,R03,training,20,87,0,0.0,0.0,0.0,0.0
A,R03,training,20,88,0,0.0,0.0,0.0,0.0
A,R03,training,20,89,0,0.0,0.0,0.0,0.0
A,R03,training,20,90,0,0.0,0.0,0.0,0.0
A,R03,training,20,91,0,0.0,0.0,0.0,0.0
A,R03,training,20,92,0,0.0,0.0,0.0,0.0
A,R03,training,20,93,0,0.0,0.0,0.0,0.0
A,R03,training,20,94,0,0.0,0.0,0.0,0.0
A,R03,training,20,95,0,0.0,0.0,0.0,0.0
A,R03,training,20,96,0,0.0,0.0,0.0,0.0
A,R03,training,20,97,0,0.0,0.0,0.0,0.0
A,R03,training,20,98,0,0.0,0.0,0.0,0.0
A,R03,training,20,99,0,0.0,0.0,0.0,0.0
A,R03,training,20,100,0,0.0,0.0,0.0,0.0
A,R03,training,20,101,0,0.0,0.0,0.0,0.0
A,R03,training,20,102,0,0.0,0.0,0.0,0.0
A,R03,training,20,103,0,0.0,0.0,0.0,0.0
A,R03,training,20,104,0,0.0,0.0,0.0,0.0
A,R03,training,20,105,0,0.0,0.0,0.0,0.0
A,R03,training,20,106,0,0.0,0.0,0.0,0.0
A,R03,training,20,107,0,0.0,0.0,0.0,0.0
A,R03,training,20,108,0,0.0,0.0,0.0,0.0
A,R03,training,20,109,0,0.0,0.0,0.0,0.0
A,R03,training,20,110,0,0.0,0.0,0.0,0.0
A,R03,training,20,111,0,0.0,0.0,0.0,0.0
A,R03,training,20,112,0,0.0,0.0,0.0,0.0
A,R03,training,20,113,0,0.0,0.0,0.0,0.0
A,R03,training,20,114,0,0.0,0.0,0.0,0.0
A,R03,training,20,115,0,0.0,0.0,0.0,0.0
A,R03,training,20,116,0,0.0,0.0,0.0,0.0
A,R03,training,20,117,0,0.0,0.0,0.0,0.0
A,R03,training,20,118,0,0.0,0.0,0.0,0.0
A,R03,training,20,119,0,0.0,0.0,0.0,0.0
A,R03,training,20,120,0,0.0,0.0,0.0,0.0
A,R03,training,20,121,0,0.0,0.0,0.0,0.0
A,R03,training,20,122,0,0.0,0.0,0.0,0.0
A,R03,training,20,123,0,0.0,0.0,0.0,0.0
A,R03,training,20,124,0,0.0,0.0,0.0,0.0
A,R03,training,20,125,0,0.0,0.0,0.0,0.0
A,R03,training,20,126,0,0.0,0.0,0.0,0.0
A,R03,training,20,127,0,0.0,0.0,0.0,0.0
A,R03,training,20,128,0,0.0,0.0,0.0,0.0
A,R03,training,20,129,0,0.0,0.0,0.0,0.0
A,R03,training,20,130,0,0.0,0.0,0.0,0.0
A,R03,training,20,131,0,0.0,0.0,0.0,0.0
A,R03,training,20,132,0,0.0,0.0,0.0,0.0
A,R03,training,20,133,0,0.0,0.0,0.0,0.0
A,R03,training,20,134,0,0.0,0.0,0.0,0.0
A,R03,training,20,135,0,0.0,0.0,0.0,0.0
A,R03,training,20,136,0,0.0,0.0,0.0,0.0
A,R03,training,20,137,0,0.0,0.0,0.0,0.0
A,R03,training,20,138,0,0.0,0.0,0.0,0.0
A,R03,training,20,139,0,0.0,0.0,0.0,0.0
A,R03,training,20,140,0,0.0,0.0,0.0,0.0
A,R03,training,20,141,0,0.0,0.0,0.0,0.0
A,R03,training,20,142,0,0.0,0.0,0.0,0.0
A,R03,training,20,143,0,0.0,0.0,0.0,0.0
A,R03,training,20,144,0,0.0,0.0,0.0,0.0
A,R03,training,20,145,0,0.0,0.0,0.0,0.0
A,R03,training,20,146,0,0.0,0.0,0.0,0.0
A,R03,training,20,147,0,0.0,0.0,0.0,0.0
A,R03,training,20,148,0,0.0,0.0,0.0,0.0
A,R03,training,20,149,0,0.0,0.0,0.0,0.0
A,R03,training,20,150,0,0.0,0.0,0.0,0.0
A,R03,training,20,151,0,0.0,0.0,0.0,0.0
A,R03,training,20,152,0,0.0,0.0,0.0,0.0
A,R03,training,20,153,0,0.0,0.0,0.0,0.0
A,R03,training,20,154,0,0.0,0.0,0.0,0.0
A,R03,training,20,155,0,0.0,0.0,0.0,0.0
A,R03,training,20,156,0,0.0,0.0,0.0,0.0
A,R03,training,20,157,0,0.0,0.0,0.0,0.0
A,R03,training,20,158,0,0.0,0.0,0.0,0.0
A,R03,training,20,159,0,0.0,0.0,0.0,0.0
A,R03,training,20,160,0,0.0,0.0,0.0,0.0
A,R03,training,20,161,0,0.0,0.0,0.0,0.0
A,R03,training,20,162,0,0.0,0.0,0.0,0.0
A,R03,training,20,163,0,0.0,0.0,0.0,0.0
A,R03,training,20,164,0,0.0,0.0,0.0,0.0
A,R03,training,20,165,0,0.0,0.0,0.0,0.0
A,R03,training,20,166,0,0.0,0.0,0.0,0.0
A,R03,training,20,167,0,0.0,0.0,0.0,0.0
A,R03,training,20,168,0,0.0,0.0,0.0,0.0
A,R03,training,20,169,0,0.0,0.0,0.0,0.0
A,R03,training,20,170,0,0.0,0.0,0.0,0.0
A,R03,training,20,171,0,0.0,0.0,0.0,0.0
A,R03,training,20,172,0,0.0,0.0,0.0,0.0
A,R03,training,20,173,0,0.0,0.0,0.0,0.0
A,R03,training,20,174,0,0.0,0.0,0.0,0.0
A,R03,training,20,175,0,0.0,0.0,0.0,0.0
A,R03,training,20,176,0,0.0,0.0,0.0,0.0
A,R03,training,20,177,0,0.0,0.0,0.0,0.0
A,R03,training,20,178,0,0.0,0.0,0.0,0.0
A,R03,training,20,179,0,0.0,0.0,0.0,0.0
A,R03,training,20,180,0,0.0,0.0,0.0,0.0
A,R03,training,20,181,0,0.0,0.0,0.0,0.0
A,R03,training,20,182,0,0.0,0.0,0.0,0.0
A,R03,training,20,183,0,0.0,0.0,0.0,0.0
A,R03,training,20,184,0,0.0,0.0,0.0,0.0
A,R03,training,20,185,0,0.0,0.0,0.0,0.0
A,R03,training,20,186,0,0.0,0.0,0.0,0.0
A,R03,training,20,187,0,0.0,0.0,0.0,0.0
A,R03,training,20,188,0,0.0,0.0,0.0,0.0
A,R03,training,20,189,0,0.0,0.0,0.0,0.0
A,R03,training,20,190,0,0.0,0.0,0.0,0.0
A,R03,training,20,191,0,0.0,0.0,0.0,0.0
A,R03,training,20,192,0,0.0,0.0,0.0,0.0
A,R03,training,20,193,0,0.0,0.0,0.0,0.0
A,R03,training,20,194,0,0.0,0.0,0.0,0.0
A,R03,training,20,195,0,0.0,0.0,0.0,0.0
A,R03,training,20,196,0,0.0,0.0,0.0,0.0
A,R03,training,20,197,0,0.0,0.0,0.0,0.0
A,R03,training,20,198,0,0.0,0.0,0.0,0.0
A,R03,training,20,199,0,0.0,0.0,0.0,0.0
A,R03,training,20,200,0,0.0,0.0,0.0,0.0
A,R03,training,20,201,0,0.0,0.0,0.0,0.0
A,R03,training,20,202,0,0.0,0.0,0.0,0.0
A,R03,training,20,203,0,0.0,0.0,0.0,0.0
A,R03,training,20,204,0,0.0,0.0,0.0,0.0
A,R03,training,20,205,0,0.0,0.0,0.0,0.0
A,R03,training,20,206,0,0.0,0.0,0.0,0.0
A,R03,training,20,207,0,0.0,0.0,0.0,0.0
A,R03,training,20,208,0,0.0,0.0,0.0,0.0
A,R03,training,20,209,0,0.0,0.0,0.0,0.0
A,R03,training,20,210,0,0.0,0.0,0.0,0.0
A,R03,training,20,211,0,0.0,0.0,0.0,0.0
A,R03,training,20,212,0,0.0,0.0,0.0,0.0
A,R03,training,20,213,0,0.0,0.0,0.0,0.0
A,R03,training,20,214,0,0.0,0.0,0.0,0.0
A,R03,training,20,215,0,0.0,0.0,0.0,0.0
A,R03,training,20,216,0,0.0,0.0,0.0,0.0
A,R03,training,20,217,0,0.0,0.0,0.0,0.0
A,R03,training,20,218,0,0.0,0.0,0.0,0.0
A,R03,training,20,219,0,0.0,0.0,0.0,0.0
A,R03,training,20,220,0,0.0,0.0,0.0,0.0
A,R03,training,20,221,0,0.0,0.0,0.0,0.0
A,R03,training,20,222,0,0.0,0.0,0.0,0.0
A,R03,training,20,223,0,0.0,0.0,0.0,0.0
A,R03,training,20,224,0,0.0,0.0,0.0,0.0
A,R03,training,20,225,0,0.0,0.0,0.0,0.0
A,R03,training,20,226,0,0.0,0.0,0.0,0.0
A,R03,training,20,227,0,0.0,0.0,0.0,0.0
A,R03,training,20,228,0,0.0,0.0,0.0,0.0
A,R03,training,20,229,0,0.0,0.0,0.0,0.0
A,R03,training,20,230,0,0.0,0.0,0.0,0.0
A,R03,training,20,231,0,0.0,0.0,0.0,0.0
A,R03,training,20,232,0,0.0,0.0,0.0,0.0
A,R03,training,20,233,0,0.0,0.0,0.0,0.0
A,R03,training,20,234,0,0.0,0.0,0.0,0.0
A,R03,training,20,235,0,0.0,0.0,0.0,0.0
A,R03,training,20,236,0,0.0,0.0,0.0,0.0
A,R03,training,20,237,0,0.0,0.0,0.0,0.0
A,R03,training,20,238,0,0.0,0.0,0.0,0.0
A,R03,training,20,239,0,0.0,0.0,0.0,0.0
A,R03,training,20,240,0,0.0,0.0,0.0,0.0
A,R03,training,20,241,0,0.0,0.0,0.0,0.0
A,R03,training,20,242,0,0.0,0.0,0.0,0.0
A,R03,training,20,243,0,0.0,0.0,0.0,0.0
A,R03,training,20,244,0,0.0,0.0,0.0,0.0
A,R03,training,20,245,0,0.0,0.0,0.0,0.0
A,R03,training,20,246,0,0.0,0.0,0.0,0.0
A,R03,training,20,247,0,0.0,0.0,0.0,0.0
A,R03,training,20,248,0,0.0,0.0,0.0,0.0
A,R03,training,20,249,0,0.0,0.0,0.0,0.0
A,R03,training,20,250,0,0.0,0.0,0.0,0.0
A,R03,training,20,251,0,0.0,0.0,0.0,0.0
A,R03,training,20,252,0,0.0,0.0,0.0,0.0
A,R03,training,20,253,0,0.0,0.0,0.0,0.0
A,R03,training,20,254,0,0.0,0.0,0.0,0.0
A,R03,training,20,255,0,0.0,0.0,0.0,0.0
A,R03,training,20,256,0,0.0,0.0,0.0,0.0
A,R03,training,20,257,0,0.0,0.0,0.0,0.0
A,R03,training,20,258,0,0.0,0.0,0.0,0.0
A,R03,training,20,259,0,0.0,0.0,0.0,0.0
A,R03,training,20,260,0,0.0,0.0,0.0,0.0
A,R03,training,20,261,0,0.0,0.0,0.0,0.0
A,R03,training,20,262,0,0.0,0.0,0.0,0.0
A,R03,training,20,263,0,0.0,0.0,0.0,0.0
A,R03,training,20,264,0,0.0,0.0,0.0,0.0
A,R03,training,20,265,0,0.0,0.0,0.0,0.0
A,R03,training,20,266,0,0.0,0.0,0.0,0.0
A,R03,training,20,267,0,0.0,0.0,0.0,0.0
A,R03,training,20,268,0,0.0,0.0,0.0,0.0
A,R03,training,20,269,0,0.0,0.0,0.0,0.0
A,R03,training,20,270,0,0.0,0.0,0.0,0.0
A,R03,training,20,271,0,0.0,0.0,0.0,0.0
A,R03,training,20,272,0,0.0,0.0,0.0,0.0
A,R03,training,20,273,0,0.0,0.0,0.0,0.0
A,R03,training,20,274,0,0.0,0.0,0.0,0.0
A,R03,training,20,275,0,0.0,0.0,0.0,0.0
A,R03,training,20,276,0,0.0,0.0,0.0,0.0
A,R03,training,20,277,0,0.0,0.0,0.0,0.0
A,R03,training,20,278,0,0.0,0.0,0.0,0.0
A,R03,training,20,279,0,0.0,0.0,0.0,0.0
A,R03,training,20,280,0,0.0,0.0,0.0,0.0
A,R03,training,20,281,0,0.0,0.0,0.0,0.0
A,R03,training,20,282,0,0.0,0.0,0.0,0.0
A,R03,training,20,283,0,0.0,0.0,0.0,0.0
A,R03,training,20,284,0,0.0,0.0,0.0,0.0
A,R03,training,20,285,0,0.0,0.0,0.0,0.0
A,R03,training,20,286,0,0.0,0.0,0.0,0.0
A,R03,training,20,287,0,0.0,0.0,0.0,0.0
A,R03,training,20,288,0,0.0,0.0,0.0,0.0
A,R03,training,20,289,0,0.0,0.0,0.0,0.0
A,R03,training,20,290,0,0.0,0.0,0.0,0.0
A,R03,training,20,291,0,0.0,0.0,0.0,0.0
A,R03,training,20,292,0,0.0,0.0,0.0,0.0
A,R03,training,20,293,0,0.0,0.0,0.0,0.0
A,R03,training,20,294,0,0.0,0.0,0.0,0.0
A,R03,training,20,295,0,0.0,0.0,0.0,0.0
A,R03,training,20,296,0,0.0,0.0,0.0,0.0
A,R03,training,20,297,0,0.0,0.0,0.0,0.0
A,R03,training,20,298,0,0.0,0.0,0.0,0.0
A,R03,training,20,299,0,0.0,0.0,0.0,0.0
A,R03,training,20,300,0,0.0,0.0,0.0,0.0
A,R03,training,20,301,0,0.0,0.0,0.0,0.0
A,R03,training,20,302,0,0.0,0.0,0.0,0.0
A,R03,training,20,303,0,0.0,0.0,0.0,0.0
A,R03,training,20,304,0,0.0,0.0,0.0,0.0
A,R03,training,20,305,0,0.0,0.0,0.0,0.0
A,R03,training,20,306,0,0.0,0.0,0.0,0.0
A,R03,training,20,307,0,0.0,0.0,0.0,0.0
A,R03,training,20,308,0,0.0,0.0,0.0,0.0
A,R03,training,20,309,0,0.0,0.0,0.0,0.0
A,R03,training,20,310,0,0.0,0.0,0.0,0.0
A,R03,training,20,311,0,0.0,0.0,0.0,0.0
A,R03,training,20,312,0,0.0,0.0,0.0,0.0
A,R03,training,20,313,0,0.0,0.0,0.0,0.0
A,R03,training,20,314,0,0.0,0.0,0.0,0.0
A,R03,training,20,315,0,0.0,0.0,0.0,0.0
A,R03,training,20,316,0,0.0,0.0,0.0,0.0
A,R03,training,20,317,0,0.0,0.0,0.0,0.0
A,R03,training,20,318,0,0.0,0.0,0.0,0.0
A,R03,training,20,319,0,0.0,0.0,0.0,0.0
A,R03,training,20,320,0,0.0,0.0,0.0,0.0
A,R03,training,20,321,0,0.0,0.0,0.0,0.0
A,R03,training,20,322,0,0.0,0.0,0.0,0.0
A,R03,training,20,323,0,0.0,0.0,0.0,0.0
A,R03,training,20,324,0,0.0,0.0,0.0,0.0
A,R03,training,20,325,0,0.0,0.0,0.0,0.0
A,R03,training,20,326,0,0.0,0.0,0.0,0.0
A,R03,training,20,327,0,0.0,0.0,0.0,0.0
A,R03,training,20,328,0,0.0,0.0,0.0,0.0
A,R03,training,20,329,0,0.0,0.0,0.0,0.0
A,R03,training,20,330,0,0.0,0.0,0.0,0.0
A,R03,training,20,331,0,0.0,0.0,0.0,0.0
A,R03,training,20,332,0,0.0,0.0,0.0,0.0
A,R03,training,20,333,0,0.0,0.0,0.0,0.0
A,R03,training,20,334,0,0.0,0.0,0.0,0.0
A,R03,training,20,335,0,0.0,0.0,0.0,0.0
A,R03,training,20,336,0,0.0,0.0,0.0,0.0
A,R03,training,20,337,0,0.0,0.0,0.0,0.0
A,R03,training,20,338,0,0.0,0.0,0.0,0.0
A,R03,training,20,339,0,0.0,0.0,0.0,0.0
A,R03,training,20,340,0,0.0,0.0,0.0,0.0
A,R03,training,20,341,0,0.0,0.0,0.0,0.0
A,R03,training,20,342,0,0.0,0.0,0.0,0.0
A,R03,training,20,343,0,0.0,0.0,0.0,0.0
A,R03,training,20,344,0,0.0,0.0,0.0,0.0
A,R03,training,20,345,0,0.0,0.0,0.0,0.0
A,R03,training,20,346,0,0.0,0.0,0.0,0.0
A,R03,training,20,347,0,0.0,0.0,0.0,0.0
A,R03,training,20,348,0,0.0,0.0,0.0,0.0
A,R03,training,20,349,0,0.0,0.0,0.0,0.0
A,R03,training,20,350,0,0.0,0.0,0.0,0.0
A,R03,training,20,351,0,0.0,0.0,0.0,0.0
A,R03,training,20,352,0,0.0,0.0,0.0,0.0
A,R03,training,20,353,0,0.0,0.0,0.0,0.0
A,R03,training,20,354,0,0.0,0.0,0.0,0.0
A,R03,training,20,355,0,0.0,0.0,0.0,0.0
A,R03,training,20,356,0,0.0,0.0,0.0,0.0
A,R03,training,20,357,0,0.0,0.0,0.0,0.0
A,R03,training,20,358,0,0.0,0.0,0.0,0.0
A,R03,training,20,359,0,0.0,0.0,0.0,0.0
A,R03,training,20,360,0,0.0,0.0,0.0,0.0
A,R03,training,20,361,0,0.0,0.0,0.0,0.0
A,R03,training,20,362,0,0.0,0.0,0.0,0.0
A,R03,training,20,363,0,0.0,0.0,0.0,0.0
A,R03,training,20,364,0,0.0,0.0,0.0,0.0
A,R03,training,20,365,0,0.0,0.0,0.0,0.0
A,R03,training,20,366,0,0.0,0.0,0.0,0.0
A,R03,training,20,367,0,0.0,0.0,0.0,0.0
A,R03,training,20,368,0,0.0,0.0,0.0,0.0
A,R03,training,20,369,0,0.0,0.0,0.0,0.0
A,R03,training,20,370,0,0.0,0.0,0.0,0.0
A,R03,training,20,371,0,0.0,0.0,0.0,0.0
A,R03,training,20,372,0,0.0,0.0,0.0,0.0
A,R03,training,20,373,0,0.0,0.0,0.0,0.0
A,R03,training,20,374,0,0.0,0.0,0.0,0.0
A,R03,training,20,375,0,0.0,0.0,0.0,0.0
A,R03,training,20,376,0,0.0,0.0,0.0,0.0
A,R03,training,20,377,0,0.0,0.0,0.0,0.0
A,R03,training,20,378,0,0.0,0.0,0.0,0.0
A,R03,training,20,379,0,0.0,0.0,0.0,0.0
A,R03,training,20,380,0,0.0,0.0,0.0,0.0
A,R03,training,20,381,0,0.0,0.0,0.0,0.0
A,R03,training,20,382,0,0.0,0.0,0.0,0.0
A,R03,training,20,383,0,0.0,0.0,0.0,0.0
A,R03,training,20,384,0,0.0,0.0,0.0,0.0
A,R03,training,20,385,0,0.0,0.0,0.0,0.0
A,R03,training,20,386,0,0.0,0.0,0.0,0.0
A,R03,training,20,387,0,0.0,0.0,0.0,0.0
A,R03,training,20,388,0,0.0,0.0,0.0,0.0
A,R03,training,20,389,0,0.0,0.0,0.0,0.0
A,R03,training,20,390,0,0.0,0.0,0.0,0.0
A,R03,training,20,391,0,0.0,0.0,0.0,0.0
A,R03,training,20,392,0,0.0,0.0,0.0,0.0
A,R03,training,20,393,0,0.0,0.0,0.0,0.0
A,R03,training,20,394,0,0.0,0.0,0.0,0.0
A,R03,training,20,395,0,0.0,0.0,0.0,0.0
A,R03,training,20,396,0,0.0,0.0,0.0,0.0
A,R03,training,20,397,0,0.0,0.0,0.0,0.0
A,R03,training,20,398,0,0.0,0.0,0.0,0.0
A,R03,training,20,399,0,0.0,0.0,0.0,0.0
A,R03,training,20,400,0,0.0,0.0,0.0,0.0
A,R03,training,20,401,0,0.0,0.0,0.0,0.0
A,R03,training,20,402,0,0.0,0.0,0.0,0.0
A,R03,training,20,403,0,0.0,0.0,0.0,0.0
A,R03,training,20,404,0,0.0,0.0,0.0,0.0
A,R03,training,20,405,0,0.0,0.0,0.0,0.0
A,R03,training,20,406,0,0.0,0.0,0.0,0.0
A,R03,training,20,407,0,0.0,0.0,0.0,0.0
A,R03,training,20,408,0,0.0,0.0,0.0,0.0
A,R03,training,20,409,0,0.0,0.0,0.0,0.0
A,R03,training,20,410,0,0.0,0.0,0.0,0.0
A,R03,training,20,411,0,0.0,0.0,0.0,0.0
A,R03,training,20,412,0,0.0,0.0,0.0,0.0
A,R03,training,20,413,0,0.0,0.0,0.0,0.0
A,R03,training,20,414,0,0.0,0.0,0.0,0.0
A,R03,training,20,415,0,0.0,0.0,0.0,0.0
A,R03,training,20,416,0,0.0,0.0,0.0,0.0
A,R03,training,20,417,0,0.0,0.0,0.0,0.0
A,R03,training,20,418,0,0.0,0.0,0.0,0.0
A,R03,training,20,419,0,0.0,0.0,0.0,0.0
A,R03,training,20,420,0,0.0,0.0,0.0,0.0
A,R03,training,20,421,0,0.0,0.0,0.0,0.0
A,R03,training,20,422,0,0.0,0.0,0.0,0.0
A,R03,training,20,423,0,0.0,0.0,0.0,0.0
A,R03,training,20,424,0,0.0,0.0,0.0,0.0
A,R03,training,20,425,0,0.0,0.0,0.0,0.0
A,R03,training,20,426,0,0.0,0.0,0.0,0.0
A,R03,training,20,427,0,0.0,0.0,0.0,0.0
A,R03,training,20,428,0,0.0,0.0,0.0,0.0
A,R03,training,20,429,0,0.0,0.0,0.0,0.0
A,R03,training,20,430,0,0.0,0.0,0.0,0.0
A,R03,training,20,431,0,0.0,0.0,0.0,0.0
A,R03,training,20,432,0,0.0,0.0,0.0,0.0
A,R03,training,20,433,0,0.0,0.0,0.0,0.0
A,R03,training,20,434,0,0.0,0.0,0.0,0.0
A,R03,training,20,435,0,0.0,0.0,0.0,0.0
A,R03,training,20,436,0,0.0,0.0,0.0,0.0
A,R03,training,20,437,0,0.0,0.0,0.0,0.0
A,R03,training,20,438,0,0.0,0.0,0.0,0.0
A,R03,training,20,439,0,0.0,0.0,0.0,0.0
A,R03,training,20,440,0,0.0,0.0,0.0,0.0
A,R03,training,20,441,0,0.0,0.0,0.0,0.0
A,R03,training,20,442,0,0.0,0.0,0.0,0.0
A,R03,training,20,443,0,0.0,0.0,0.0,0.0
A,R03,training,20,444,0,0.0,0.0,0.0,0.0
A,R03,training,20,445,0,0.0,0.0,0.0,0.0
A,R03,training,20,446,0,0.0,0.0,0.0,0.0
A,R03,training,20,447,0,0.0,0.0,0.0,0.0
A,R03,training,20,448,0,0.0,0.0,0.0,0.0
A,R03,training,20,449,0,0.0,0.0,0.0,0.0
A,R03,training,20,450,0,0.0,0.0,0.0,0.0
A,R03,training,20,451,0,0.0,0.0,0.0,0.0
A,R03,training,20,452,0,0.0,0.0,0.0,0.0
A,R03,training,20,453,0,0.0,0.0,0.0,0.0
A,R03,training,20,454,0,0.0,0.0,0.0,0.0
A,R03,training,20,455,0,0.0,0.0,0.0,0.0
A,R03,training,20,456,0,0.0,0.0,0.0,0.0
A,R03,training,20,457,0,0.0,0.0,0.0,0.0
A,R03,training,20,458,0,0.0,0.0,0.0,0.0
A,R03,training,20,459,0,0.0,0.0,0.0,0.0
A,R03,training,20,460,0,0.0,0.0,0.0,0.0
A,R03,training,20,461,0,0.0,0.0,0.0,0.0
A,R03,training,20,462,0,0.0,0.0,0.0,0.0
A,R03,training,20,463,0,0.0,0.0,0.0,0.0
A,R03,training,20,464,0,0.0,0.0,0.0,0.0
A,R03,training,20,465,0,0.0,0.0,0.0,0.0
A,R03,training,20,466,0,0.0,0.0,0.0,0.0
A,R03,training,20,467,0,0.0,0.0,0.0,0.0
A,R03,training,20,468,0,0.0,0.0,0.0,0.0
A,R03,training,20,469,0,0.0,0.0,0.0,0.0
A,R03,training,20,470,0,0.0,0.0,0.0,0.0
A,R03,training,20,471,0,0.0,0.0,0.0,0.0
A,R03,training,20,472,0,0.0,0.0,0.0,0.0
A,R03,training,20,473,0,0.0,0.0,0.0,0.0
A,R03,training,20,474,0,0.0,0.0,0.0,0.0
A,R03,training,20,475,0,0.0,0.0,0.0,0.0
A,R03,training,20,476,0,0.0,0.0,0.0,0.0
A,R03,training,20,477,0,0.0,0.0,0.0,0.0
A,R03,training,20,478,0,0.0,0.0,0.0,0.0
A,R03,training,20,479,0,0.0,0.0,0.0,0.0
A,R03,training,20,480,0,0.0,0.0,0.0,0.0
A,R03,training,20,481,0,0.0,0.0,0.0,0.0
A,R03,training,20,482,0,0.0,0.0,0.0,0.0
A,R03,training,20,483,0,0.0,0.0,0.0,0.0
A,R03,training,20,484,0,0.0,0.0,0.0,0.0
A,R03,training,20,485,0,0.0,0.0,0.0,0.0
A,R03,training,20,486,0,0.0,0.0,0.0,0.0
A,R03,training,20,487,0,0.0,0.0,0.0,0.0
A,R03,training,20,488,0,0.0,0.0,0.0,0.0
A,R03,training,20,489,0,0.0,0.0,0.0,0.0
A,R03,training,20,490,0,0.0,0.0,0.0,0.0
A,R03,training,20,491,0,0.0,0.0,0.0,0.0
A,R03,training,20,492,0,0.0,0.0,0.0,0.0
A,R03,training,20,493,0,0.0,0.0,0.0,0.0
A,R03,training,20,494,0,0.0,0.0,0.0,0.0
A,R03,training,20,495,0,0.0,0.0,0.0,0.0
A,R03,training,20,496,0,0.0,0.0,0.0,0.0
A,R03,training,20,497,0,0.0,0.0,0.0,0.0
A,R03,training,20,498,0,0.0,0.0,0.0,0.0
A,R03,training,20,499,0,0.0,0.0,0.0,0.0
A,R03,training,20,500,0,0.0,0.0,0.0,0.0
A,R03,training,20,501,0,0.0,0.0,0.0,0.0
A,R03,training,20,502,0,0.0,0.0,0.0,0.0
A,R03,training,20,503,0,0.0,0.0,0.0,0.0
A,R03,training,20,504,0,0.0,0.0,0.0,0.0
A,R03,training,20,505,0,0.0,0.0,0.0,0.0
A,R03,training,20,506,0,0.0,0.0,0.0,0.0
A,R03,training,20,507,0,0.0,0.0,0.0,0.0
A,R03,training,20,508,0,0.0,0.0,0.0,0.0
A,R03,training,20,509,0,0.0,0.0,0.0,0.0
A,R03,training,20,510,0,0.0,0.0,0.0,0.0
A,R03,training,20,511,0,0.0,0.0,0.0,0.0
A,R03,training,20,512,0,0.0,0.0,0.0,0.0
A,R03,training,20,513,0,0.0,0.0,0.0,0.0
A,R03,training,20,514,0,0.0,0.0,0.0,0.0
A,R03,training,20,515,0,0.0,0.0,0.0,0.0
A,R03,training,20,516,0,0.0,0.0,0.0,0.0
A,R03,training,20,517,0,0.0,0.0,0.0,0.0
A,R03,training,20,518,0,0.0,0.0,0.0,0.0
A,R03,training,20,519,0,0.0,0.0,0.0,0.0
A,R03,training,20,520,0,0.0,0.0,0.0,0.0
A,R03,training,20,521,0,0.0,0.0,0.0,0.0
A,R03,training,20,522,0,0.0,0.0,0.0,0.0
A,R03,training,20,523,0,0.0,0.0,0.0,0.0
A,R03,training,20,524,0,0.0,0.0,0.0,0.0
A,R03,training,20,525,0,0.0,0.0,0.0,0.0
A,R03,training,20,526,0,0.0,0.0,0.0,0.0
A,R03,training,20,527,0,0.0,0.0,0.0,0.0
A,R03,training,20,528,0,0.0,0.0,0.0,0.0
A,R03,training,20,529,0,0.0,0.0,0.0,0.0
A,R03,training,20,530,0,0.0,0.0,0.0,0.0
A,R03,training,20,531,0,0.0,0.0,0.0,0.0
A,R03,training,20,532,0,0.0,0.0,0.0,0.0
A,R03,training,20,533,0,0.0,0.0,0.0,0.0
A,R03,training,20,534,0,0.0,0.0,0.0,0.0
A,R03,training,20,535,0,0.0,0.0,0.0,0.0
A,R03,training,20,536,0,0.0,0.0,0.0,0.0
A,R03,training,20,537,0,0.0,0.0,0.0,0.0
A,R03,training,20,538,0,0.0,0.0,0.0,0.0
A,R03,training,20,539,0,0.0,0.0,0.0,0.0
A,R03,training,20,540,0,0.0,0.0,0.0,0.0
A,R03,training,20,541,0,0.0,0.0,0.0,0.0
A,R03,training,20,542,0,0.0,0.0,0.0,0.0
A,R03,training,20,543,0,0.0,0.0,0.0,0.0
A,R03,training,20,544,0,0.0,0.0,0.0,0.0
A,R03,training,20,545,0,0.0,0.0,0.0,0.0
A,R03,training,20,546,0,0.0,0.0,0.0,0.0
A,R03,training,20,547,0,0.0,0.0,0.0,0.0
A,R03,training,20,548,0,0.0,0.0,0.0,0.0
A,R03,training,20,549,0,0.0,0.0,0.0,0.0
A,R03,training,20,550,0,0.0,0.0,0.0,0.0
A,R03,training,20,551,0,0.0,0.0,0.0,0.0
A,R03,training,20,552,0,0.0,0.0,0.0,0.0
A,R03,training,20,553,0,0.0,0.0,0.0,0.0
A,R03,training,20,554,0,0.0,0.0,0.0,0.0
A,R03,training,20,555,0,0.0,0.0,0.0,0.0
A,R03,training,20,556,0,0.0,0.0,0.0,0.0
A,R03,training,20,557,0,0.0,0.0,0.0,0.0
A,R03,training,20,558,0,0.0,0.0,0.0,0.0
A,R03,training,20,559,0,0.0,0.0,0.0,0.0
A,R03,training,20,560,0,0.0,0.0,0.0,0.0
A,R03,training,20,561,0,0.0,0.0,0.0,0.0
A,R03,training,20,562,0,0.0,0.0,0.0,0.0
A,R03,training,20,563,0,0.0,0.0,0.0,0.0
A,R03,training,20,564,0,0.0,0.0,0.0,0.0
A,R03,training,20,565,0,0.0,0.0,0.0,0.0
A,R03,training,20,566,0,0.0,0.0,0.0,0.0
A,R03,training,20,567,0,0.0,0.0,0.0,0.0
A,R03,training,20,568,0,0.0,0.0,0.0,0.0
A,R03,training,20,569,0,0.0,0.0,0.0,0.0
A,R03,training,20,570,0,0.0,0.0,0.0,0.0
A,R03,training,20,571,0,0.0,0.0,0.0,0.0
A,R03,training,20,572,0,0.0,0.0,0.0,0.0
A,R03,training,20,573,0,0.0,0.0,0.0,0.0
A,R03,training,20,574,0,0.0,0.0,0.0,0.0
A,R03,training,20,575,0,0.0,0.0,0.0,0.0
A,R03,training,20,576,0,0.0,0.0,0.0,0.0
A,R03,training,20,577,0,0.0,0.0,0.0,0.0
A,R03,training,20,578,0,0.0,0.0,0.0,0.0
A,R03,training,20,579,0,0.0,0.0,0.0,0.0
A,R03,training,20,580,0,0.0,0.0,0.0,0.0
A,R03,training,20,581,0,0.0,0.0,0.0,0.0
A,R03,training,20,582,0,0.0,0.0,0.0,0.0
A,R03,training,20,583,0,0.0,0.0,0.0,0.0
A,R03,training,20,584,0,0.0,0.0,0.0,0.0
A,R03,training,20,585,0,0.0,0.0,0.0,0.0
A,R03,training,20,586,0,0.0,0.0,0.0,0.0
A,R03,training,20,587,0,0.0,0.0,0.0,0.0
A,R03,training,20,588,0,0.0,0.0,0.0,0.0
A,R03,training,20,589,0,0.0,0.0,0.0,0.0
A,R03,training,20,590,0,0.0,0.0,0.0,0.0
A,R03,training,20,591,0,0.0,0.0,0.0,0.0
A,R03,training,20,592,0,0.0,0.0,0.0,0.0
A,R03,training,20,593,0,0.0,0.0,0.0,0.0
A,R03,training,20,594,0,0.0,0.0,0.0,0.0
A,R03,training,20,595,0,0.0,0.0,0.0,0.0
A,R03,training,20,596,0,0.0,0.0,0.0,0.0
A,R03,training,20,597,0,0.0,0.0,0.0,0.0
A,R03,training,20,598,0,0.0,0.0,0.0,0.0
A,R03,training,20,599,0,0.0,0.0,0.0,0.0
A,R03,training,20,600,0,0.0,0.0,0.0,0.0
A,R03,training,20,601,0,0.0,0.0,0.0,0.0
A,R03,training,20,602,0,0.0,0.0,0.0,0.0
A,R03,training,20,603,0,0.0,0.0,0.0,0.0
A,R03,training,20,604,0,0.0,0.0,0.0,0.0
A,R03,training,20,605,0,0.0,0.0,0.0,0.0
A,R03,training,20,606,0,0.0,0.0,0.0,0.0
A,R03,training,20,607,0,0.0,0.0,0.0,0.0
A,R03,training,20,608,0,0.0,0.0,0.0,0.0
A,R03,training,20,609,0,0.0,0.0,0.0,0.0
A,R03,training,20,610,0,0.0,0.0,0.0,0.0
A,R03,training,20,611,0,0.0,0.0,0.0,0.0
A,R03,training,20,612,0,0.0,0.0,0.0,0.0
A,R03,training,20,613,0,0.0,0.0,0.0,0.0
A,R03,training,20,614,0,0.0,0.0,0.0,0.0
A,R03,training,20,615,0,0.0,0.0,0.0,0.0
A,R03,training,20,616,0,0.0,0.0,0.0,0.0
A,R03,training,20,617,0,0.0,0.0,0.0,0.0
A,R03,training,20,618,0,0.0,0.0,0.0,0.0
A,R03,training,20,619,0,0.0,0.0,0.0,0.0
A,R03,training,20,620,0,0.0,0.0,0.0,0.0
A,R03,training,20,621,0,0.0,0.0,0.0,0.0
A,R03,training,20,622,0,0.0,0.0,0.0,0.0
A,R03,training,20,623,0,0.0,0.0,0.0,0.0
A,R03,training,20,624,0,0.0,0.0,0.0,0.0
A,R03,training,20,625,0,0.0,0.0,0.0,0.0
A,R03,training,20,626,0,0.0,0.0,0.0,0.0
A,R03,training,20,627,0,0.0,0.0,0.0,0.0
A,R03,training,20,628,0,0.0,0.0,0.0,0.0
A,R03,training,20,629,0,0.0,0.0,0.0,0.0
A,R03,training,20,630,0,0.0,0.0,0.0,0.0
A,R03,training,20,631,0,0.0,0.0,0.0,0.0
A,R03,training,20,632,0,0.0,0.0,0.0,0.0
A,R03,training,20,633,0,0.0,0.0,0.0,0.0
A,R03,training,20,634,0,0.0,0.0,0.0,0.0
A,R03,training,20,635,0,0.0,0.0,0.0,0.0
A,R03,training,20,636,0,0.0,0.0,0.0,0.0
A,R03,training,20,637,0,0.0,0.0,0.0,0.0
A,R03,training,20,638,0,0.0,0.0,0.0,0.0
A,R03,training,20,639,0,0.0,0.0,0.0,0.0
A,R03,training,20,640,0,0.0,0.0,0.0,0.0
A,R03,training,20,641,0,0.0,0.0,0.0,0.0
A,R03,training,20,642,0,0.0,0.0,0.0,0.0
A,R03,training,20,643,0,0.0,0.0,0.0,0.0
A,R03,training,20,644,0,0.0,0.0,0.0,0.0
A,R03,training,20,645,0,0.0,0.0,0.0,0.0
A,R03,training,20,646,0,0.0,0.0,0.0,0.0
A,R03,training,20,647,0,0.0,0.0,0.0,0.0
A,R03,training,20,648,0,0.0,0.0,0.0,0.0
A,R03,training,20,649,0,0.0,0.0,0.0,0.0
A,R03,training,20,650,0,0.0,0.0,0.0,0.0
A,R03,training,20,651,0,0.0,0.0,0.0,0.0
A,R03,training,20,652,0,0.0,0.0,0.0,0.0
A,R03,training,20,653,0,0.0,0.0,0.0,0.0
A,R03,training,20,654,0,0.0,0.0,0.0,0.0
A,R03,training,20,655,0,0.0,0.0,0.0,0.0
A,R03,training,20,656,0,0.0,0.0,0.0,0.0
A,R03,training,20,657,0,0.0,0.0,0.0,0.0
A,R03,training,20,658,0,0.0,0.0,0.0,0.0
A,R03,training,20,659,0,0.0,0.0,0.0,0.0
A,R03,training,20,660,0,0.0,0.0,0.0,0.0
A,R03,training,20,661,0,0.0,0.0,0.0,0.0
A,R03,training,20,662,0,0.0,0.0,0.0,0.0
A,R03,training,20,663,0,0.0,0.0,0.0,0.0
A,R03,training,20,664,0,0.0,0.0,0.0,0.0
A,R03,training,20,665,0,0.0,0.0,0.0,0.0
A,R03,training,20,666,0,0.0,0.0,0.0,0.0
A,R03,training,20,667,0,0.0,0.0,0.0,0.0
A,R03,training,20,668,0,0.0,0.0,0.0,0.0
A,R03,training,20,669,0,0.0,0.0,0.0,0.0
A,R03,training,20,670,0,0.0,0.0,0.0,0.0
A,R03,training,20,671,0,0.0,0.0,0.0,0.0
A,R03,training,20,672,0,0.0,0.0,0.0,0.0
A,R03,training,20,673,0,0.0,0.0,0.0,0.0
A,R03,training,20,674,0,0.0,0.0,0.0,0.0
A,R03,training,20,675,0,0.0,0.0,0.0,0.0
A,R03,training,20,676,0,0.0,0.0,0.0,0.0
A,R03,training,20,677,0,0.0,0.0,0.0,0.0
A,R03,training,20,678,0,0.0,0.0,0.0,0.0
A,R03,training,20,679,0,0.0,0.0,0.0,0.0
A,R03,training,20,680,0,0.0,0.0,0.0,0.0
A,R03,training,20,681,0,0.0,0.0,0.0,0.0
A,R03,training,20,682,0,0.0,0.0,0.0,0.0
A,R03,training,20,683,0,0.0,0.0,0.0,0.0
A,R03,training,20,684,0,0.0,0.0,0.0,0.0
A,R03,training,20,685,0,0.0,0.0,0.0,0.0
A,R03,training,20,686,0,0.0,0.0,0.0,0.0
A,R03,training,20,687,0,0.0,0.0,0.0,0.0
A,R03,training,20,688,0,0.0,0.0,0.0,0.0
A,R03,training,20,689,0,0.0,0.0,0.0,0.0
B,R03,training,20,0,0,0.0,0.0,0.0,0.0
B,R03,training,20,1,0,0.0,0.0,0.0,0.0
B,R03,training,20,2,0,0.0,0.0,0.0,0.0
B,R03,training,20,3,0,0.0,0.0,0.0,0.0
B,R03,training,20,4,0,0.0,0.0,0.0,0.0
B,R03,training,20,5,0,0.0,0.0,0.0,0.0
B,R03,training,20,6,0,0.0,0.0,0.0,0.0
B,R03,training,20,7,0,0.0,0.0,0.0,0.0
B,R03,training,20,8,0,0.0,0.0,0.0,0.0
B,R03,training,20,9,0,0.0,0.0,0.0,0.0
B,R03,training,20,10,0,0.0,0.0,0.0,0.0
B,R03,training,20,11,0,0.0,0.0,0.0,0.0
B,R03,training,20,12,0,0.0,0.0,0.0,0.0
B,R03,training,20,13,0,0.0,0.0,0.0,0.0
B,R03,training,20,14,0,0.0,0.0,0.0,0.0
B,R03,training,20,15,0,0.0,0.0,0.0,0.0
B,R03,training,20,16,0,0.0,0.0,0.0,0.0
B,R03,training,20,17,0,0.0,0.0,0.0,0.0
B,R03,training,20,18,0,0.0,0.0,0.0,0.0
B,R03,training,20,19,0,0.0,0.0,0.0,0.0
B,R03,training,20,20,0,0.0,0.0,0.0,0.0
B,R03,training,20,21,0,0.0,0.0,0.0,0.0
B,R03,training,20,22,0,0.0,0.0,0.0,0.0
B,R03,training,20,23,0,0.0,0.0,0.0,0.0
B,R03,training,20,24,0,0.0,0.0,0.0,0.0
B,R03,training,20,25,0,0.0,0.0,0.0,0.0
B,R03,training,20,26,0,0.0,0.0,0.0,0.0
B,R03,training,20,27,0,0.0,0.0,0.0,0.0
B,R03,training,20,28,0,0.0,0.0,0.0,0.0
B,R03,training,20,29,0,0.0,0.0,0.0,0.0
B,R03,training,20,30,0,0.0,0.0,0.0,0.0
B,R03,training,20,31,0,0.0,0.0,0.0,0.0
B,R03,training,20,32,0,0.0,0.0,0.0,0.0
B,R03,training,20,33,0,0.0,0.0,0.0,0.0
B,R03,training,20,34,0,0.0,0.0,0.0,0.0
B,R03,training,20,35,0,0.0,0.0,0.0,0.0
B,R03,training,20,36,0,0.0,0.0,0.0,0.0
B,R03,training,20,37,0,0.0,0.0,0.0,0.0
B,R03,training,20,38,0,0.0,0.0,0.0,0.0
B,R03,training,20,39,0,0.0,0.0,0.0,0.0
B,R03,training,20,40,0,0.0,0.0,0.0,0.0
B,R03,training,20,41,0,0.0,0.0,0.0,0.0
B,R03,training,20,42,0,0.0,0.0,0.0,0.0
B,R03,training,20,43,0,0.0,0.0,0.0,0.0
B,R03,training,20,44,0,0.0,0.0,0.0,0.0
B,R03,training,20,45,0,0.0,0.0,0.0,0.0
B,R03,training,20,46,0,0.0,0.0,0.0,0.0
B,R03,training,20,47,0,0.0,0.0,0.0,0.0
B,R03,training,20,48,0,0.0,0.0,0.0,0.0
B,R03,training,20,49,0,0.0,0.0,0.0,0.0
B,R03,training,20,50,0,0.0,0.0,0.0,0.0
B,R03,training,20,51,0,0.0,0.0,0.0,0.0
B,R03,training,20,52,0,0.0,0.0,0.0,0.0
B,R03,training,20,53,0,0.0,0.0,0.0,0.0
B,R03,training,20,54,0,0.0,0.0,0.0,0.0
B,R03,training,20,55,0,0.0,0.0,0.0,0.0
B,R03,training,20,56,0,0.0,0.0,0.0,0.0
B,R03,training,20,57,0,0.0,0.0,0.0,0.0
B,R03,training,20,58,0,0.0,0.0,0.0,0.0
B,R03,training,20,59,0,0.0,0.0,0.0,0.0
B,R03,training,20,60,0,0.0,0.0,0.0,0.0
B,R03,training,20,61,0,0.0,0.0,0.0,0.0
B,R03,training,20,62,0,0.0,0.0,0.0,0.0
B,R03,training,20,63,0,0.0,0.0,0.0,0.0
B,R03,training,20,64,0,0.0,0.0,0.0,0.0
B,R03,training,20,65,0,0.0,0.0,0.0,0.0
B,R03,training,20,66,0,0.0,0.0,0.0,0.0
B,R03,training,20,67,0,0.0,0.0,0.0,0.0
B,R03,training,20,68,0,0.0,0.0,0.0,0.0
B,R03,training,20,69,0,0.0,0.0,0.0,0.0
B,R03,training,20,70,0,0.0,0.0,0.0,0.0
B,R03,training,20,71,0,0.0,0.0,0.0,0.0
B,R03,training,20,72,0,0.0,0.0,0.0,0.0
B,R03,training,20,73,0,0.0,0.0,0.0,0.0
B,R03,training,20,74,0,0.0,0.0,0.0,0.0
B,R03,training,20,75,0,0.0,0.0,0.0,0.0
B,R03,training,20,76,0,0.0,0.0,0.0,0.0
B,R03,training,20,77,0,0.0,0.0,0.0,0.0
B,R03,training,20,78,0,0.0,0.0,0.0,0.0
B,R03,training,20,79,0,0.0,0.0,0.0,0.0
B,R03,training,20,80,0,0.0,0.0,0.0,0.0
B,R03,training,20,81,0,0.0,0.0,0.0,0.0
B,R03,training,20,82,0,0.0,0.0,0.0,0.0
B,R03,training,20,83,0,0.0,0.0,0.0,0.0
B,R03,training,20,84,0,0.0,0.0,0.0,0.0
B,R03,training,20,85,0,0.0,0.0,0.0,0.0
B,R03,training,20,86,0,0.0,0.0,0.0,0.0
B,R03,training,20,87,0,0.0,0.0,0.0,0.0
B,R03,training,20,88,0,0.0,0.0,0.0,0.0
B,R03,training,20,89,0,0.0,0.0,0.0,0.0
B,R03,training,20,90,0,0.0,0.0,0.0,0.0
B,R03,training,20,91,0,0.0,0.0,0.0,0.0
B,R03,training,20,92,0,0.0,0.0,0.0,0.0
B,R03,training,20,93,0,0.0,0.0,0.0,0.0
B,R03,training,20,94,0,0.0,0.0,0.0,0.0
B,R03,training,20,95,0,0.0,0.0,0.0,0.0
B,R03,training,20,96,0,0.0,0.0,0.0,0.0
B,R03,training,20,97,0,0.0,0.0,0.0,0.0
B,R03,training,20,98,0,0.0,0.0,0.0,0.0
B,R03,training,20,99,0,0.0,0.0,0.0,0.0
B,R03,training,20,100,0,0.0,0.0,0.0,0.0
B,R03,training,20,101,0,0.0,0.0,0.0,0.0
B,R03,training,20,102,0,0.0,0.0,0.0,0.0
B,R03,training,20,103,0,0.0,0.0,0.0,0.0
B,R03,training,20,104,0,0.0,0.0,0.0,0.0
B,R03,training,20,105,0,0.0,0.0,0.0,0.0
B,R03,training,20,106,0,0.0,0.0,0.0,0.0
B,R03,training,20,107,0,0.0,0.0,0.0,0.0
B,R03,training,20,108,0,0.0,0.0,0.0,0.0
B,R03,training,20,109,0,0.0,0.0,0.0,0.0
B,R03,training,20,110,0,0.0,0.0,0.0,0.0
B,R03,training,20,111,0,0.0,0.0,0.0,0.0
B,R03,training,20,112,0,0.0,0.0,0.0,0.0
B,R03,training,20,113,0,0.0,0.0,0.0,0.0
B,R03,training,20,114,0,0.0,0.0,0.0,0.0
B,R03,training,20,115,0,0.0,0.0,0.0,0.0
B,R03,training,20,116,0,0.0,0.0,0.0,0.0
B,R03,training,20,117,0,0.0,0.0,0.0,0.0
B,R03,training,20,118,0,0.0,0.0,0.0,0.0
B,R03,training,20,119,0,0.0,0.0,0.0,0.0
B,R03,training,20,120,0,0.0,0.0,0.0,0.0
B,R03,training,20,121,0,0.0,0.0,0.0,0.0
B,R03,training,20,122,0,0.0,0.0,0.0,0.0
B,R03,training,20,123,0,0.0,0.0,0.0,0.0
B,R03,training,20,124,0,0.0,0.0,0.0,0.0
B,R03,training,20,125,0,0.0,0.0,0.0,0.0
B,R03,training,20,126,0,0.0,0.0,0.0,0.0
B,R03,training,20,127,0,0.0,0.0,0.0,0.0
B,R03,training,20,128,0,0.0,0.0,0.0,0.0
B,R03,training,20,129,0,0.0,0.0,0.0,0.0
B,R03,training,20,130,0,0.0,0.0,0.0,0.0
B,R03,training,20,131,0,0.0,0.0,0.0,0.0
B,R03,training,20,132,0,0.0,0.0,0.0,0.0
B,R03,training,20,133,0,0.0,0.0,0.0,0.0
B,R03,training,20,134,0,0.0,0.0,0.0,0.0
B,R03,training,20,135,0,0.0,0.0,0.0,0.0
B,R03,training,20,136,0,0.0,0.0,0.0,0.0
B,R03,training,20,137,0,0.0,0.0,0.0,0.0
B,R03,training,20,138,0,0.0,0.0,0.0,0.0
B,R03,training,20,139,0,0.0,0.0,0.0,0.0
B,R03,training,20,140,0,0.0,0.0,0.0,0.0
B,R03,training,20,141,0,0.0,0.0,0.0,0.0
B,R03,training,20,142,0,0.0,0.0,0.0,0.0
B,R03,training,20,143,0,0.0,0.0,0.0,0.0
B,R03,training,20,144,0,0.0,0.0,0.0,0.0
B,R03,training,20,145,0,0.0,0.0,0.0,0.0
B,R03,training,20,146,0,0.0,0.0,0.0,0.0
B,R03,training,20,147,0,0.0,0.0,0.0,0.0
B,R03,training,20,148,0,0.0,0.0,0.0,0.0
B,R03,training,20,149,0,0.0,0.0,0.0,0.0
B,R03,training,20,150,0,0.0,0.0,0.0,0.0
B,R03,training,20,151,0,0.0,0.0,0.0,0.0
B,R03,training,20,152,0,0.0,0.0,0.0,0.0
B,R03,training,20,153,0,0.0,0.0,0.0,0.0
B,R03,training,20,154,0,0.0,0.0,0.0,0.0
B,R03,training,20,155,0,0.0,0.0,0.0,0.0
B,R03,training,20,156,0,0.0,0.0,0.0,0.0
B,R03,training,20,157,0,0.0,0.0,0.0,0.0
B,R03,training,20,158,0,0.0,0.0,0.0,0.0
B,R03,training,20,159,0,0.0,0.0,0.0,0.0
B,R03,training,20,160,0,0.0,0.0,0.0,0.0
B,R03,training,20,161,0,0.0,0.0,0.0,0.0
B,R03,training,20,162,0,0.0,0.0,0.0,0.0
B,R03,training,20,163,0,0.0,0.0,0.0,0.0
B,R03,training,20,164,0,0.0,0.0,0.0,0.0
B,R03,training,20,165,0,0.0,0.0,0.0,0.0
B,R03,training,20,166,0,0.0,0.0,0.0,0.0
B,R03,training,20,167,0,0.0,0.0,0.0,0.0
B,R03,training,20,168,0,0.0,0.0,0.0,0.0
B,R03,training,20,169,0,0.0,0.0,0.0,0.0
B,R03,training,20,170,0,0.0,0.0,0.0,0.0
B,R03,training,20,171,0,0.0,0.0,0.0,0.0
B,R03,training,20,172,0,0.0,0.0,0.0,0.0
B,R03,training,20,173,0,0.0,0.0,0.0,0.0
B,R03,training,20,174,0,0.0,0.0,0.0,0.0
B,R03,training,20,175,0,0.0,0.0,0.0,0.0
B,R03,training,20,176,0,0.0,0.0,0.0,0.0
B,R03,training,20,177,0,0.0,0.0,0.0,0.0
B,R03,training,20,178,0,0.0,0.0,0.0,0.0
B,R03,training,20,179,0,0.0,0.0,0.0,0.0
B,R03,training,20,180,0,0.0,0.0,0.0,0.0
B,R03,training,20,181,0,0.0,0.0,0.0,0.0
B,R03,training,20,182,0,0.0,0.0,0.0,0.0
B,R03,training,20,183,0,0.0,0.0,0.0,0.0
B,R03,training,20,184,0,0.0,0.0,0.0,0.0
B,R03,training,20,185,0,0.0,0.0,0.0,0.0
B,R03,training,20,186,0,0.0,0.0,0.0,0.0
B,R03,training,20,187,0,0.0,0.0,0.0,0.0
B,R03,training,20,188,0,0.0,0.0,0.0,0.0
B,R03,training,20,189,0,0.0,0.0,0.0,0.0
B,R03,training,20,190,0,0.0,0.0,0.0,0.0
B,R03,training,20,191,0,0.0,0.0,0.0,0.0
B,R03,training,20,192,0,0.0,0.0,0.0,0.0
B,R03,training,20,193,0,0.0,0.0,0.0,0.0
B,R03,training,20,194,0,0.0,0.0,0.0,0.0
B,R03,training,20,195,0,0.0,0.0,0.0,0.0
B,R03,training,20,196,0,0.0,0.0,0.0,0.0
B,R03,training,20,197,0,0.0,0.0,0.0,0.0
B,R03,training,20,198,0,0.0,0.0,0.0,0.0
B,R03,training,20,199,0,0.0,0.0,0.0,0.0
B,R03,training,20,200,0,0.0,0.0,0.0,0.0
B,R03,training,20,201,0,0.0,0.0,0.0,0.0
B,R03,training,20,202,0,0.0,0.0,0.0,0.0
B,R03,training,20,203,0,0.0,0.0,0.0,0.0
B,R03,training,20,204,0,0.0,0.0,0.0,0.0
B,R03,training,20,205,0,0.0,0.0,0.0,0.0
B,R03,training,20,206,0,0.0,0.0,0.0,0.0
B,R03,training,20,207,0,0.0,0.0,0.0,0.0
B,R03,training,20,208,0,0.0,0.0,0.0,0.0
B,R03,training,20,209,0,0.0,0.0,0.0,0.0
B,R03,training,20,210,0,0.0,0.0,0.0,0.0
B,R03,training,20,211,0,0.0,0.0,0.0,0.0
B,R03,training,20,212,0,0.0,0.0,0.0,0.0
B,R03,training,20,213,0,0.0,0.0,0.0,0.0
B,R03,training,20,214,0,0.0,0.0,0.0,0.0
B,R03,training,20,215,0,0.0,0.0,0.0,0.0
B,R03,training,20,216,0,0.0,0.0,0.0,0.0
B,R03,training,20,217,0,0.0,0.0,0.0,0.0
B,R03,training,20,218,0,0.0,0.0,0.0,0.0
B,R03,training,20,219,0,0.0,0.0,0.0,0.0
B,R03,training,20,220,0,0.0,0.0,0.0,0.0
B,R03,training,20,221,0,0.0,0.0,0.0,0.0
B,R03,training,20,222,0,0.0,0.0,0.0,0.0
B,R03,training,20,223,0,0.0,0.0,0.0,0.0
B,R03,training,20,224,0,0.0,0.0,0.0,0.0
B,R03,training,20,225,0,0.0,0.0,0.0,0.0
B,R03,training,20,226,0,0.0,0.0,0.0,0.0
B,R03,training,20,227,0,0.0,0.0,0.0,0.0
B,R03,training,20,228,0,0.0,0.0,0.0,0.0
B,R03,training,20,229,0,0.0,0.0,0.0,0.0
B,R03,training,20,230,0,0.0,0.0,0.0,0.0
B,R03,training,20,231,0,0.0,0.0,0.0,0.0
B,R03,training,20,232,0,0.0,0.0,0.0,0.0
B,R03,training,20,233,0,0.0,0.0,0.0,0.0
B,R03,training,20,234,0,0.0,0.0,0.0,0.0
B,R03,training,20,235,0,0.0,0.0,0.0,0.0
B,R03,training,20,236,0,0.0,0.0,0.0,0.0
B,R03,training,20,237,0,0.0,0.0,0.0,0.0
B,R03,training,20,238,0,0.0,0.0,0.0,0.0
B,R03,training,20,239,0,0.0,0.0,0.0,0.0
B,R03,training,20,240,0,0.0,0.0,0.0,0.0
B,R03,training,20,241,0,0.0,0.0,0.0,0.0
B,R03,training,20,242,0,0.0,0.0,0.0,0.0
B,R03,training,20,243,0,0.0,0.0,0.0,0.0
B,R03,training,20,244,0,0.0,0.0,0.0,0.0
B,R03,training,20,245,0,0.0,0.0,0.0,0.0
B,R03,training,20,246,0,0.0,0.0,0.0,0.0
B,R03,training,20,247,0,0.0,0.0,0.0,0.0
B,R03,training,20,248,0,0.0,0.0,0.0,0.0
B,R03,training,20,249,0,0.0,0.0,0.0,0.0
B,R03,training,20,250,0,0.0,0.0,0.0,0.0
B,R03,training,20,251,0,0.0,0.0,0.0,0.0
B,R03,training,20,252,0,0.0,0.0,0.0,0.0
B,R03,training,20,253,0,0.0,0.0,0.0,0.0
B,R03,training,20,254,0,0.0,0.0,0.0,0.0
B,R03,training,20,255,0,0.0,0.0,0.0,0.0
B,R03,training,20,256,0,0.0,0.0,0.0,0.0
B,R03,training,20,257,0,0.0,0.0,0.0,0.0
B,R03,training,20,258,0,0.0,0.0,0.0,0.0
B,R03,training,20,259,0,0.0,0.0,0.0,0.0
B,R03,training,20,260,0,0.0,0.0,0.0,0.0
B,R03,training,20,261,0,0.0,0.0,0.0,0.0
B,R03,training,20,262,0,0.0,0.0,0.0,0.0
B,R03,training,20,263,0,0.0,0.0,0.0,0.0
B,R03,training,20,264,0,0.0,0.0,0.0,0.0
B,R03,training,20,265,0,0.0,0.0,0.0,0.0
B,R03,training,20,266,0,0.0,0.0,0.0,0.0
B,R03,training,20,267,0,0.0,0.0,0.0,0.0
B,R03,training,20,268,0,0.0,0.0,0.0,0.0
B,R03,training,20,269,0,0.0,0.0,0.0,0.0
B,R03,training,20,270,0,0.0,0.0,0.0,0.0
B,R03,training,20,271,0,0.0,0.0,0.0,0.0
B,R03,training,20,272,0,0.0,0.0,0.0,0.0
B,R03,training,20,273,0,0.0,0.0,0.0,0.0
B,R03,training,20,274,0,0.0,0.0,0.0,0.0
B,R03,training,20,275,0,0.0,0.0,0.0,0.0
B,R03,training,20,276,0,0.0,0.0,0.0,0.0
B,R03,training,20,277,0,0.0,0.0,0.0,0.0
B,R03,training,20,278,0,0.0,0.0,0.0,0.0
B,R03,training,20,279,0,0.0,0.0,0.0,0.0
B,R03,training,20,280,0,0.0,0.0,0.0,0.0
B,R03,training,20,281,0,0.0,0.0,0.0,0.0
B,R03,training,20,282,0,0.0,0.0,0.0,0.0
B,R03,training,20,283,0,0.0,0.0,0.0,0.0
B,R03,training,20,284,0,0.0,0.0,0.0,0.0
B,R03,training,20,285,0,0.0,0.0,0.0,0.0
B,R03,training,20,286,0,0.0,0.0,0.0,0.0
B,R03,training,20,287,0,0.0,0.0,0.0,0.0
B,R03,training,20,288,0,0.0,0.0,0.0,0.0
B,R03,training,20,289,0,0.0,0.0,0.0,0.0
B,R03,training,20,290,0,0.0,0.0,0.0,0.0
B,R03,training,20,291,0,0.0,0.0,0.0,0.0
B,R03,training,20,292,0,0.0,0.0,0.0,0.0
B,R03,training,20,293,0,0.0,0.0,0.0,0.0
B,R03,training,20,294,0,0.0,0.0,0.0,0.0
B,R03,training,20,295,0,0.0,0.0,0.0,0.0
B,R03,training,20,296,0,0.0,0.0,0.0,0.0
B,R03,training,20,297,0,0.0,0.0,0.0,0.0
B,R03,training,20,298,0,0.0,0.0,0.0,0.0
B,R03,training,20,299,0,0.0,0.0,0.0,0.0
B,R03,training,20,300,0,0.0,0.0,0.0,0.0
B,R03,training,20,301,0,0.0,0.0,0.0,0.0
B,R03,training,20,302,0,0.0,0.0,0.0,0.0
B,R03,training,20,303,0,0.0,0.0,0.0,0.0
B,R03,training,20,304,0,0.0,0.0,0.0,0.0
B,R03,training,20,305,0,0.0,0.0,0.0,0.0
B,R03,training,20,306,0,0.0,0.0,0.0,0.0
B,R03,training,20,307,0,0.0,0.0,0.0,0.0
B,R03,training,20,308,0,0.0,0.0,0.0,0.0
B,R03,training,20,309,0,0.0,0.0,0.0,0.0
B,R03,training,20,310,0,0.0,0.0,0.0,0.0
B,R03,training,20,311,0,0.0,0.0,0.0,0.0
B,R03,training,20,312,0,0.0,0.0,0.0,0.0
B,R03,training,20,313,0,0.0,0.0,0.0,0.0
B,R03,training,20,314,0,0.0,0.0,0.0,0.0
B,R03,training,20,315,0,0.0,0.0,0.0,0.0
B,R03,training,20,316,0,0.0,0.0,0.0,0.0
B,R03,training,20,317,0,0.0,0.0,0.0,0.0
B,R03,training,20,318,0,0.0,0.0,0.0,0.0
B,R03,training,20,319,0,0.0,0.0,0.0,0.0
B,R03,training,20,320,0,0.0,0.0,0.0,0.0
B,R03,training,20,321,0,0.0,0.0,0.0,0.0
B,R03,training,20,322,0,0.0,0.0,0.0,0.0
B,R03,training,20,323,0,0.0,0.0,0.0,0.0
B,R03,training,20,324,0,0.0,0.0,0.0,0.0
B,R03,training,20,325,0,0.0,0.0,0.0,0.0
B,R03,training,20,326,0,0.0,0.0,0.0,0.0
B,R03,training,20,327,0,0.0,0.0,0.0,0.0
B,R03,training,20,328,0,0.0,0.0,0.0,0.0
B,R03,training,20,329,0,0.0,0.0,0.0,0.0
B,R03,training,20,330,0,0.0,0.0,0.0,0.0
B,R03,training,20,331,0,0.0,0.0,0.0,0.0
B,R03,training,20,332,0,0.0,0.0,0.0,0.0
B,R03,training,20,333,0,0.0,0.0,0.0,0.0
B,R03,training,20,334,0,0.0,0.0,0.0,0.0
B,R03,training,20,335,0,0.0,0.0,0.0,0.0
B,R03,training,20,336,0,0.0,0.0,0.0,0.0
B,R03,training,20,337,0,0.0,0.0,0.0,0.0
B,R03,training,20,338,0,0.0,0.0,0.0,0.0
B,R03,training,20,339,0,0.0,0.0,0.0,0.0
B,R03,training,20,340,0,0.0,0.0,0.0,0.0
B,R03,training,20,341,0,0.0,0.0,0.0,0.0
B,R03,training,20,342,0,0.0,0.0,0.0,0.0
B,R03,training,20,343,0,0.0,0.0,0.0,0.0
B,R03,training,20,344,0,0.0,0.0,0.0,0.0
B,R03,training,20,345,0,0.0,0.0,0.0,0.0
B,R03,training,20,346,0,0.0,0.0,0.0,0.0
B,R03,training,20,347,0,0.0,0.0,0.0,0.0
B,R03,training,20,348,0,0.0,0.0,0.0,0.0
B,R03,training,20,349,0,0.0,0.0,0.0,0.0
B,R03,training,20,350,0,0.0,0.0,0.0,0.0
B,R03,training,20,351,0,0.0,0.0,0.0,0.0
B,R03,training,20,352,0,0.0,0.0,0.0,0.0
B,R03,training,20,353,0,0.0,0.0,0.0,0.0
B,R03,training,20,354,0,0.0,0.0,0.0,0.0
B,R03,training,20,355,0,0.0,0.0,0.0,0.0
B,R03,training,20,356,0,0.0,0.0,0.0,0.0
B,R03,training,20,357,0,0.0,0.0,0.0,0.0
B,R03,training,20,358,0,0.0,0.0,0.0,0.0
B,R03,training,20,359,0,0.0,0.0,0.0,0.0
B,R03,training,20,360,0,0.0,0.0,0.0,0.0
B,R03,training,20,361,0,0.0,0.0,0.0,0.0
B,R03,training,20,362,0,0.0,0.0,0.0,0.0
B,R03,training,20,363,0,0.0,0.0,0.0,0.0
B,R03,training,20,364,0,0.0,0.0,0.0,0.0
B,R03,training,20,365,0,0.0,0.0,0.0,0.0
B,R03,training,20,366,0,0.0,0.0,0.0,0.0
B,R03,training,20,367,0,0.0,0.0,0.0,0.0
B,R03,training,20,368,0,0.0,0.0,0.0,0.0
B,R03,training,20,369,0,0.0,0.0,0.0,0.0
B,R03,training,20,370,0,0.0,0.0,0.0,0.0
B,R03,training,20,371,0,0.0,0.0,0.0,0.0
B,R03,training,20,372,0,0.0,0.0,0.0,0.0
B,R03,training,20,373,0,0.0,0.0,0.0,0.0
B,R03,training,20,374,0,0.0,0.0,0.0,0.0
B,R03,training,20,375,0,0.0,0.0,0.0,0.0
B,R03,training,20,376,0,0.0,0.0,0.0,0.0
B,R03,training,20,377,0,0.0,0.0,0.0,0.0
B,R03,training,20,378,0,0.0,0.0,0.0,0.0
B,R03,training,20,379,0,0.0,0.0,0.0,0.0
B,R03,training,20,380,0,0.0,0.0,0.0,0.0
B,R03,training,20,381,0,0.0,0.0,0.0,0.0
B,R03,training,20,382,0,0.0,0.0,0.0,0.0
B,R03,training,20,383,0,0.0,0.0,0.0,0.0
B,R03,training,20,384,0,0.0,0.0,0.0,0.0
B,R03,training,20,385,0,0.0,0.0,0.0,0.0
B,R03,training,20,386,0,0.0,0.0,0.0,0.0
B,R03,training,20,387,0,0.0,0.0,0.0,0.0
B,R03,training,20,388,0,0.0,0.0,0.0,0.0
B,R03,training,20,389,0,0.0,0.0,0.0,0.0
B,R03,training,20,390,0,0.0,0.0,0.0,0.0
B,R03,training,20,391,0,0.0,0.0,0.0,0.0
B,R03,training,20,392,0,0.0,0.0,0.0,0.0
B,R03,training,20,393,0,0.0,0.0,0.0,0.0
B,R03,training,20,394,0,0.0,0.0,0.0,0.0
B,R03,training,20,395,0,0.0,0.0,0.0,0.0
B,R03,training,20,396,0,0.0,0.0,0.0,0.0
B,R03,training,20,397,0,0.0,0.0,0.0,0.0
B,R03,training,20,398,0,0.0,0.0,0.0,0.0
B,R03,training,20,399,0,0.0,0.0,0.0,0.0
B,R03,training,20,400,0,0.0,0.0,0.0,0.0
B,R03,training,20,401,0,0.0,0.0,0.0,0.0
B,R03,training,20,402,0,0.0,0.0,0.0,0.0
B,R03,training,20,403,0,0.0,0.0,0.0,0.0
B,R03,training,20,404,0,0.0,0.0,0.0,0.0
B,R03,training,20,405,0,0.0,0.0,0.0,0.0
B,R03,training,20,406,0,0.0,0.0,0.0,0.0
B,R03,training,20,407,0,0.0,0.0,0.0,0.0
B,R03,training,20,408,0,0.0,0.0,0.0,0.0
B,R03,training,20,409,0,0.0,0.0,0.0,0.0
B,R03,training,20,410,0,0.0,0.0,0.0,0.0
B,R03,training,20,411,0,0.0,0.0,0.0,0.0
B,R03,training,20,412,0,0.0,0.0,0.0,0.0
B,R03,training,20,413,0,0.0,0.0,0.0,0.0
B,R03,training,20,414,0,0.0,0.0,0.0,0.0
B,R03,training,20,415,0,0.0,0.0,0.0,0.0
B,R03,training,20,416,0,0.0,0.0,0.0,0.0
B,R03,training,20,417,0,0.0,0.0,0.0,0.0
B,R03,training,20,418,0,0.0,0.0,0.0,0.0
B,R03,training,20,419,0,0.0,0.0,0.0,0.0
B,R03,training,20,420,0,0.0,0.0,0.0,0.0
B,R03,training,20,421,0,0.0,0.0,0.0,0.0
B,R03,training,20,422,0,0.0,0.0,0.0,0.0
B,R03,training,20,423,0,0.0,0.0,0.0,0.0
B,R03,training,20,424,0,0.0,0.0,0.0,0.0
B,R03,training,20,425,0,0.0,0.0,0.0,0.0
B,R03,training,20,426,0,0.0,0.0,0.0,0.0
B,R03,training,20,427,0,0.0,0.0,0.0,0.0
B,R03,training,20,428,0,0.0,0.0,0.0,0.0
B,R03,training,20,429,0,0.0,0.0,0.0,0.0
B,R03,training,20,430,0,0.0,0.0,0.0,0.0
B,R03,training,20,431,0,0.0,0.0,0.0,0.0
B,R03,training,20,432,0,0.0,0.0,0.0,0.0
B,R03,training,20,433,0,0.0,0.0,0.0,0.0
B,R03,training,20,434,0,0.0,0.0,0.0,0.0
B,R03,training,20,435,0,0.0,0.0,0.0,0.0
B,R03,training,20,436,0,0.0,0.0,0.0,0.0
B,R03,training,20,437,0,0.0,0.0,0.0,0.0
B,R03,training,20,438,0,0.0,0.0,0.0,0.0
B,R03,training,20,439,0,0.0,0.0,0.0,0.0
B,R03,training,20,440,0,0.0,0.0,0.0,0.0
B,R03,training,20,441,0,0.0,0.0,0.0,0.0
B,R03,training,20,442,0,0.0,0.0,0.0,0.0
B,R03,training,20,443,0,0.0,0.0,0.0,0.0
B,R03,training,20,444,0,0.0,0.0,0.0,0.0
B,R03,training,20,445,0,0.0,0.0,0.0,0.0
B,R03,training,20,446,0,0.0,0.0,0.0,0.0
B,R03,training,20,447,0,0.0,0.0,0.0,0.0
B,R03,training,20,448,0,0.0,0.0,0.0,0.0
B,R03,training,20,449,0,0.0,0.0,0.0,0.0
B,R03,training,20,450,0,0.0,0.0,0.0,0.0
B,R03,training,20,451,0,0.0,0.0,0.0,0.0
B,R03,training,20,452,0,0.0,0.0,0.0,0.0
B,R03,training,20,453,0,0.0,0.0,0.0,0.0
B,R03,training,20,454,0,0.0,0.0,0.0,0.0
B,R03,training,20,455,0,0.0,0.0,0.0,0.0
B,R03,training,20,456,0,0.0,0.0,0.0,0.0
B,R03,training,20,457,0,0.0,0.0,0.0,0.0
B,R03,training,20,458,0,0.0,0.0,0.0,0.0
B,R03,training,20,459,0,0.0,0.0,0.0,0.0
B,R03,training,20,460,0,0.0,0.0,0.0,0.0
B,R03,training,20,461,0,0.0,0.0,0.0,0.0
B,R03,training,20,462,0,0.0,0.0,0.0,0.0
B,R03,training,20,463,0,0.0,0.0,0.0,0.0
B,R03,training,20,464,0,0.0,0.0,0.0,0.0
B,R03,training,20,465,0,0.0,0.0,0.0,0.0
B,R03,training,20,466,0,0.0,0.0,0.0,0.0
B,R03,training,20,467,0,0.0,0.0,0.0,0.0
B,R03,training,20,468,0,0.0,0.0,0.0,0.0
B,R03,training,20,469,0,0.0,0.0,0.0,0.0
B,R03,training,20,470,0,0.0,0.0,0.0,0.0
B,R03,training,20,471,0,0.0,0.0,0.0,0.0
B,R03,training,20,472,0,0.0,0.0,0.0,0.0
B,R03,training,20,473,0,0.0,0.0,0.0,0.0
B,R03,training,20,474,0,0.0,0.0,0.0,0.0
B,R03,training,20,475,0,0.0,0.0,0.0,0.0
B,R03,training,20,476,0,0.0,0.0,0.0,0.0
B,R03,training,20,477,0,0.0,0.0,0.0,0.0
B,R03,training,20,478,0,0.0,0.0,0.0,0.0
B,R03,training,20,479,0,0.0,0.0,0.0,0.0
B,R03,training,20,480,0,0.0,0.0,0.0,0.0
B,R03,training,20,481,0,0.0,0.0,0.0,0.0
B,R03,training,20,482,0,0.0,0.0,0.0,0.0
B,R03,training,20,483,0,0.0,0.0,0.0,0.0
B,R03,training,20,484,0,0.0,0.0,0.0,0.0
B,R03,training,20,485,0,0.0,0.0,0.0,0.0
B,R03,training,20,486,0,0.0,0.0,0.0,0.0
B,R03,training,20,487,0,0.0,0.0,0.0,0.0
B,R03,training,20,488,0,0.0,0.0,0.0,0.0
B,R03,training,20,489,0,0.0,0.0,0.0,0.0
B,R03,training,20,490,0,0.0,0.0,0.0,0.0
B,R03,training,20,491,0,0.0,0.0,0.0,0.0
B,R03,training,20,492,0,0.0,0.0,0.0,0.0
B,R03,training,20,493,0,0.0,0.0,0.0,0.0
B,R03,training,20,494,0,0.0,0.0,0.0,0.0
B,R03,training,20,495,0,0.0,0.0,0.0,0.0
B,R03,training,20,496,0,0.0,0.0,0.0,0.0
B,R03,training,20,497,0,0.0,0.0,0.0,0.0
B,R03,training,20,498,0,0.0,0.0,0.0,0.0
B,R03,training,20,499,0,0.0,0.0,0.0,0.0
B,R03,training,20,500,0,0.0,0.0,0.0,0.0
B,R03,training,20,501,0,0.0,0.0,0.0,0.0
B,R03,training,20,502,0,0.0,0.0,0.0,0.0
B,R03,training,20,503,0,0.0,0.0,0.0,0.0
B,R03,training,20,504,0,0.0,0.0,0.0,0.0
B,R03,training,20,505,0,0.0,0.0,0.0,0.0
B,R03,training,20,506,0,0.0,0.0,0.0,0.0
B,R03,training,20,507,0,0.0,0.0,0.0,0.0
B,R03,training,20,508,0,0.0,0.0,0.0,0.0
B,R03,training,20,509,0,0.0,0.0,0.0,0.0
B,R03,training,20,510,0,0.0,0.0,0.0,0.0
B,R03,training,20,511,0,0.0,0.0,0.0,0.0
B,R03,training,20,512,0,0.0,0.0,0.0,0.0
B,R03,training,20,513,0,0.0,0.0,0.0,0.0
B,R03,training,20,514,0,0.0,0.0,0.0,0.0
B,R03,training,20,515,0,0.0,0.0,0.0,0.0
B,R03,training,20,516,0,0.0,0.0,0.0,0.0
B,R03,training,20,517,0,0.0,0.0,0.0,0.0
B,R03,training,20,518,0,0.0,0.0,0.0,0.0
B,R03,training,20,519,0,0.0,0.0,0.0,0.0
B,R03,training,20,520,0,0.0,0.0,0.0,0.0
B,R03,training,20,521,0,0.0,0.0,0.0,0.0
B,R03,training,20,522,0,0.0,0.0,0.0,0.0
B,R03,training,20,523,0,0.0,0.0,0.0,0.0
B,R03,training,20,524,0,0.0,0.0,0.0,0.0
B,R03,training,20,525,0,0.0,0.0,0.0,0.0
B,R03,training,20,526,0,0.0,0.0,0.0,0.0
B,R03,training,20,527,0,0.0,0.0,0.0,0.0
B,R03,training,20,528,0,0.0,0.0,0.0,0.0
B,R03,training,20,529,0,0.0,0.0,0.0,0.0
B,R03,training,20,530,0,0.0,0.0,0.0,0.0
B,R03,training,20,531,0,0.0,0.0,0.0,0.0
B,R03,training,20,532,0,0.0,0.0,0.0,0.0
B,R03,training,20,533,0,0.0,0.0,0.0,0.0
B,R03,training,20,534,0,0.0,0.0,0.0,0.0
B,R03,training,20,535,0,0.0,0.0,0.0,0.0
B,R03,training,20,536,0,0.0,0.0,0.0,0.0
B,R03,training,20,537,0,0.0,0.0,0.0,0.0
B,R03,training,20,538,0,0.0,0.0,0.0,0.0
B,R03,training,20,539,0,0.0,0.0,0.0,0.0
B,R03,training,20,540,0,0.0,0.0,0.0,0.0
B,R03,training,20,541,0,0.0,0.0,0.0,0.0
B,R03,training,20,542,0,0.0,0.0,0.0,0.0
B,R03,training,20,543,0,0.0,0.0,0.0,0.0
B,R03,training,20,544,0,0.0,0.0,0.0,0.0
B,R03,training,20,545,0,0.0,0.0,0.0,0.0
B,R03,training,20,546,0,0.0,0.0,0.0,0.0
B,R03,training,20,547,0,0.0,0.0,0.0,0.0
B,R03,training,20,548,0,0.0,0.0,0.0,0.0
B,R03,training,20,549,0,0.0,0.0,0.0,0.0
B,R03,training,20,550,0,0.0,0.0,0.0,0.0
B,R03,training,20,551,0,0.0,0.0,0.0,0.0
B,R03,training,20,552,0,0.0,0.0,0.0,0.0
B,R03,training,20,553,0,0.0,0.0,0.0,0.0
B,R03,training,20,554,0,0.0,0.0,0.0,0.0
B,R03,training,20,555,0,0.0,0.0,0.0,0.0
B,R03,training,20,556,0,0.0,0.0,0.0,0.0
B,R03,training,20,557,0,0.0,0.0,0.0,0.0
B,R03,training,20,558,0,0.0,0.0,0.0,0.0
B,R03,training,20,559,0,0.0,0.0,0.0,0.0
B,R03,training,20,560,0,0.0,0.0,0.0,0.0
B,R03,training,20,561,0,0.0,0.0,0.0,0.0
B,R03,training,20,562,0,0.0,0.0,0.0,0.0
B,R03,training,20,563,0,0.0,0.0,0.0,0.0
B,R03,training,20,564,0,0.0,0.0,0.0,0.0
B,R03,training,20,565,0,0.0,0.0,0.0,0.0
B,R03,training,20,566,0,0.0,0.0,0.0,0.0
B,R03,training,20,567,0,0.0,0.0,0.0,0.0
B,R03,training,20,568,0,0.0,0.0,0.0,0.0
B,R03,training,20,569,0,0.0,0.0,0.0,0.0
B,R03,training,20,570,0,0.0,0.0,0.0,0.0
B,R03,training,20,571,0,0.0,0.0,0.0,0.0
B,R03,training,20,572,0,0.0,0.0,0.0,0.0
B,R03,training,20,573,0,0.0,0.0,0.0,0.0
B,R03,training,20,574,0,0.0,0.0,0.0,0.0
B,R03,training,20,575,0,0.0,0.0,0.0,0.0
B,R03,training,20,576,0,0.0,0.0,0.0,0.0
B,R03,training,20,577,0,0.0,0.0,0.0,0.0
B,R03,training,20,578,0,0.0,0.0,0.0,0.0
B,R03,training,20,579,0,0.0,0.0,0.0,0.0
B,R03,training,20,580,0,0.0,0.0,0.0,0.0
B,R03,training,20,581,0,0.0,0.0,0.0,0.0
B,R03,training,20,582,0,0.0,0.0,0.0,0.0
B,R03,training,20,583,0,0.0,0.0,0.0,0.0
B,R03,training,20,584,0,0.0,0.0,0.0,0.0
B,R03,training,20,585,0,0.0,0.0,0.0,0.0
B,R03,training,20,586,0,0.0,0.0,0.0,0.0
B,R03,training,20,587,0,0.0,0.0,0.0,0.0
B,R03,training,20,588,0,0.0,0.0,0.0,0.0
B,R03,training,20,589,0,0.0,0.0,0.0,0.0
B,R03,training,20,590,0,0.0,0.0,0.0,0.0
B,R03,training,20,591,0,0.0,0.0,0.0,0.0
B,R03,training,20,592,0,0.0,0.0,0.0,0.0
B,R03,training,20,593,0,0.0,0.0,0.0,0.0
B,R03,training,20,594,0,0.0,0.0,0.0,0.0
B,R03,training,20,595,0,0.0,0.0,0.0,0.0
B,R03,training,20,596,0,0.0,0.0,0.0,0.0
B,R03,training,20,597,0,0.0,0.0,0.0,0.0
B,R03,training,20,598,0,0.0,0.0,0.0,0.0
B,R03,training,20,599,0,0.0,0.0,0.0,0.0
B,R03,training,20,600,0,0.0,0.0,0.0,0.0
B,R03,training,20,601,0,0.0,0.0,0.0,0.0
B,R03,training,20,602,0,0.0,0.0,0.0,0.0
B,R03,training,20,603,0,0.0,0.0,0.0,0.0
B,R03,training,20,604,0,0.0,0.0,0.0,0.0
B,R03,training,20,605,0,0.0,0.0,0.0,0.0
B,R03,training,20,606,0,0.0,0.0,0.0,0.0
B,R03,training,20,607,0,0.0,0.0,0.0,0.0
B,R03,training,20,608,0,0.0,0.0,0.0,0.0
B,R03,training,20,609,0,0.0,0.0,0.0,0.0
B,R03,training,20,610,0,0.0,0.0,0.0,0.0
B,R03,training,20,611,0,0.0,0.0,0.0,0.0
B,R03,training,20,612,0,0.0,0.0,0.0,0.0
B,R03,training,20,613,0,0.0,0.0,0.0,0.0
B,R03,training,20,614,0,0.0,0.0,0.0,0.0
B,R03,training,20,615,0,0.0,0.0,0.0,0.0
B,R03,training,20,616,0,0.0,0.0,0.0,0.0
B,R03,training,20,617,0,0.0,0.0,0.0,0.0
B,R03,training,20,618,0,0.0,0.0,0.0,0.0
B,R03,training,20,619,0,0.0,0.0,0.0,0.0
B,R03,training,20,620,0,0.0,0.0,0.0,0.0
B,R03,training,20,621,0,0.0,0.0,0.0,0.0
B,R03,training,20,622,0,0.0,0.0,0.0,0.0
B,R03,training,20,623,0,0.0,0.0,0.0,0.0
B,R03,training,20,624,0,0.0,0.0,0.0,0.0
B,R03,training,20,625,0,0.0,0.0,0.0,0.0
B,R03,training,20,626,0,0.0,0.0,0.0,0.0
B,R03,training,20,627,0,0.0,0.0,0.0,0.0
B,R03,training,20,628,0,0.0,0.0,0.0,0.0
B,R03,training,20,629,0,0.0,0.0,0.0,0.0
B,R03,training,20,630,0,0.0,0.0,0.0,0.0
B,R03,training,20,631,0,0.0,0.0,0.0,0.0
B,R03,training,20,632,0,0.0,0.0,0.0,0.0
B,R03,training,20,633,0,0.0,0.0,0.0,0.0
B,R03,training,20,634,0,0.0,0.0,0.0,0.0
B,R03,training,20,635,0,0.0,0.0,0.0,0.0
B,R03,training,20,636,0,0.0,0.0,0.0,0.0
B,R03,training,20,637,0,0.0,0.0,0.0,0.0
B,R03,training,20,638,0,0.0,0.0,0.0,0.0
B,R03,training,20,639,0,0.0,0.0,0.0,0.0
B,R03,training,20,640,0,0.0,0.0,0.0,0.0
B,R03,training,20,641,0,0.0,0.0,0.0,0.0
B,R03,training,20,642,0,0.0,0.0,0.0,0.0
B,R03,training,20,643,0,0.0,0.0,0.0,0.0
B,R03,training,20,644,0,0.0,0.0,0.0,0.0
B,R03,training,20,645,0,0.0,0.0,0.0,0.0
B,R03,training,20,646,0,0.0,0.0,0.0,0.0
B,R03,training,20,647,0,0.0,0.0,0.0,0.0
B,R03,training,20,648,0,0.0,0.0,0.0,0.0
B,R03,training,20,649,0,0.0,0.0,0.0,0.0
B,R03,training,20,650,0,0.0,0.0,0.0,0.0
B,R03,training,20,651,0,0.0,0.0,0.0,0.0
B,R03,training,20,652,0,0.0,0.0,0.0,0.0
B,R03,training,20,653,0,0.0,0.0,0.0,0.0
B,R03,training,20,654,0,0.0,0.0,0.0,0.0
B,R03,training,20,655,0,0.0,0.0,0.0,0.0
B,R03,training,20,656,0,0.0,0.0,0.0,0.0
B,R03,training,20,657,0,0.0,0.0,0.0,0.0
B,R03,training,20,658,0,0.0,0.0,0.0,0.0
B,R03,training,20,659,0,0.0,0.0,0.0,0.0
B,R03,training,20,660,0,0.0,0.0,0.0,0.0
B,R03,training,20,661,0,0.0,0.0,0.0,0.0
B,R03,training,20,662,0,0.0,0.0,0.0,0.0
B,R03,training,20,663,0,0.0,0.0,0.0,0.0
B,R03,training,20,664,0,0.0,0.0,0.0,0.0
B,R03,training,20,665,0,0.0,0.0,0.0,0.0
B,R03,training,20,666,0,0.0,0.0,0.0,0.0
B,R03,training,20,667,0,0.0,0.0,0.0,0.0
B,R03,training,20,668,0,0.0,0.0,0.0,0.0
B,R03,training,20,669,0,0.0,0.0,0.0,0.0
B,R03,training,20,670,0,0.0,0.0,0.0,0.0
B,R03,training,20,671,0,0.0,0.0,0.0,0.0
B,R03,training,20,672,0,0.0,0.0,0.0,0.0
B,R03,training,20,673,0,0.0,0.0,0.0,0.0
B,R03,training,20,674,0,0.0,0.0,0.0,0.0
B,R03,training,20,675,0,0.0,0.0,0.0,0.0
B,R03,training,20,676,0,0.0,0.0,0.0,0.0
B,R03,training,20,677,0,0.0,0.0,0.0,0.0
B,R03,training,20,678,0,0.0,0.0,0.0,0.0
B,R03,training,20,679,0,0.0,0.0,0.0,0.0
B,R03,training,20,680,0,0.0,0.0,0.0,0.0
B,R03,training,20,681,0,0.0,0.0,0.0,0.0
B,R03,training,20,682,0,0.0,0.0,0.0,0.0
B,R03,training,20,683,0,0.0,0.0,0.0,0.0
B,R03,training,20,684,0,0.0,0.0,0.0,0.0
B,R03,training,20,685,0,0.0,0.0,0.0,0.0
B,R03,training,20,686,0,0.0,0.0,0.0,0.0
B,R03,training,20,687,0,0.0,0.0,0.0,0.0
B,R03,training,20,688,0,0.0,0.0,0.0,0.0
B,R03,training,20,689,0,0.0,0.0,0.0,0.0
C,R03,training,20,0,0,0.0,0.0,0.0,0.0
C,R03,training,20,1,0,0.0,0.0,0.0,0.0
C,R03,training,20,2,0,0.0,0.0,0.0,0.0
C,R03,training,20,3,0,0.0,0.0,0.0,0.0
C,R03,training,20,4,0,0.0,0.0,0.0,0.0
C,R03,training,20,5,0,0.0,0.0,0.0,0.0
C,R03,training,20,6,0,0.0,0.0,0.0,0.0
C,R03,training,20,7,0,0.0,0.0,0.0,0.0
C,R03,training,20,8,0,0.0,0.0,0.0,0.0
C,R03,training,20,9,0,0.0,0.0,0.0,0.0
C,R03,training,20,10,0,0.0,0.0,0.0,0.0
C,R03,training,20,11,0,0.0,0.0,0.0,0.0
C,R03,training,20,12,0,0.0,0.0,0.0,0.0
C,R03,training,20,13,0,0.0,0.0,0.0,0.0
C,R03,training,20,14,0,0.0,0.0,0.0,0.0
C,R03,training,20,15,0,0.0,0.0,0.0,0.0
C,R03,training,20,16,0,0.0,0.0,0.0,0.0
C,R03,training,20,17,0,0.0,0.0,0.0,0.0
C,R03,training,20,18,0,0.0,0.0,0.0,0.0
C,R03,training,20,19,0,0.0,0.0,0.0,0.0
C,R03,training,20,20,0,0.0,0.0,0.0,0.0
C,R03,training,20,21,0,0.0,0.0,0.0,0.0
C,R03,training,20,22,0,0.0,0.0,0.0,0.0
C,R03,training,20,23,0,0.0,0.0,0.0,0.0
C,R03,training,20,24,0,0.0,0.0,0.0,0.0
C,R03,training,20,25,0,0.0,0.0,0.0,0.0
C,R03,training,20,26,0,0.0,0.0,0.0,0.0
C,R03,training,20,27,0,0.0,0.0,0.0,0.0
C,R03,training,20,28,0,0.0,0.0,0.0,0.0
C,R03,training,20,29,0,0.0,0.0,0.0,0.0
C,R03,training,20,30,0,0.0,0.0,0.0,0.0
C,R03,training,20,31,0,0.0,0.0,0.0,0.0
C,R03,training,20,32,0,0.0,0.0,0.0,0.0
C,R03,training,20,33,0,0.0,0.0,0.0,0.0
C,R03,training,20,34,0,0.0,0.0,0.0,0.0
C,R03,training,20,35,0,0.0,0.0,0.0,0.0
C,R03,training,20,36,0,0.0,0.0,0.0,0.0
C,R03,training,20,37,0,0.0,0.0,0.0,0.0
C,R03,training,20,38,0,0.0,0.0,0.0,0.0
C,R03,training,20,39,0,0.0,0.0,0.0,0.0
C,R03,training,20,40,0,0.0,0.0,0.0,0.0
C,R03,training,20,41,0,0.0,0.0,0.0,0.0
C,R03,training,20,42,0,0.0,0.0,0.0,0.0
C,R03,training,20,43,0,0.0,0.0,0.0,0.0
C,R03,training,20,44,0,0.0,0.0,0.0,0.0
C,R03,training,20,45,0,0.0,0.0,0.0,0.0
C,R03,training,20,46,0,0.0,0.0,0.0,0.0
C,R03,training,20,47,0,0.0,0.0,0.0,0.0
C,R03,training,20,48,0,0.0,0.0,0.0,0.0
C,R03,training,20,49,0,0.0,0.0,0.0,0.0
C,R03,training,20,50,0,0.0,0.0,0.0,0.0
C,R03,training,20,51,0,0.0,0.0,0.0,0.0
C,R03,training,20,52,0,0.0,0.0,0.0,0.0
C,R03,training,20,53,0,0.0,0.0,0.0,0.0
C,R03,training,20,54,0,0.0,0.0,0.0,0.0
C,R03,training,20,55,0,0.0,0.0,0.0,0.0
C,R03,training,20,56,0,0.0,0.0,0.0,0.0
C,R03,training,20,57,0,0.0,0.0,0.0,0.0
C,R03,training,20,58,0,0.0,0.0,0.0,0.0
C,R03,training,20,59,0,0.0,0.0,0.0,0.0
C,R03,training,20,60,0,0.0,0.0,0.0,0.0
C,R03,training,20,61,0,0.0,0.0,0.0,0.0
C,R03,training,20,62,0,0.0,0.0,0.0,0.0
C,R03,training,20,63,0,0.0,0.0,0.0,0.0
C,R03,training,20,64,0,0.0,0.0,0.0,0.0
C,R03,training,20,65,0,0.0,0.0,0.0,0.0
C,R03,training,20,66,0,0.0,0.0,0.0,0.0
C,R03,training,20,67,0,0.0,0.0,0.0,0.0
C,R03,training,20,68,0,0.0,0.0,0.0,0.0
C,R03,training,20,69,0,0.0,0.0,0.0,0.0
C,R03,training,20,70,0,0.0,0.0,0.0,0.0
C,R03,training,20,71,0,0.0,0.0,0.0,0.0
C,R03,training,20,72,0,0.0,0.0,0.0,0.0
C,R03,training,20,73,0,0.0,0.0,0.0,0.0
C,R03,training,20,74,0,0.0,0.0,0.0,0.0
C,R03,training,20,75,0,0.0,0.0,0.0,0.0
C,R03,training,20,76,0,0.0,0.0,0.0,0.0
C,R03,training,20,77,0,0.0,0.0,0.0,0.0
C,R03,training,20,78,0,0.0,0.0,0.0,0.0
C,R03,training,20,79,0,0.0,0.0,0.0,0.0
C,R03,training,20,80,0,0.0,0.0,0.0,0.0
C,R03,training,20,81,0,0.0,0.0,0.0,0.0
C,R03,training,20,82,0,0.0,0.0,0.0,0.0
C,R03,training,20,83,0,0.0,0.0,0.0,0.0
C,R03,training,20,84,0,0.0,0.0,0.0,0.0
C,R03,training,20,85,0,0.0,0.0,0.0,0.0
C,R03,training,20,86,0,0.0,0.0,0.0,0.0
C,R03,training,20,87,0,0.0,0.0,0.0,0.0
C,R03,training,20,88,0,0.0,0.0,0.0,0.0
C,R03,training,20,89,0,0.0,0.0,0.0,0.0
C,R03,training,20,90,0,0.0,0.0,0.0,0.0
C,R03,training,20,91,0,0.0,0.0,0.0,0.0
C,R03,training,20,92,0,0.0,0.0,0.0,0.0
C,R03,training,20,93,0,0.0,0.0,0.0,0.0
C,R03,training,20,94,0,0.0,0.0,0.0,0.0
C,R03,training,20,95,0,0.0,0.0,0.0,0.0
C,R03,training,20,96,0,0.0,0.0,0.0,0.0
C,R03,training,20,97,0,0.0,0.0,0.0,0.0
C,R03,training,20,98,0,0.0,0.0,0.0,0.0
C,R03,training,20,99,0,0.0,0.0,0.0,0.0
C,R03,training,20,100,0,0.0,0.0,0.0,0.0
C,R03,training,20,101,0,0.0,0.0,0.0,0.0
C,R03,training,20,102,0,0.0,0.0,0.0,0.0
C,R03,training,20,103,0,0.0,0.0,0.0,0.0
C,R03,training,20,104,0,0.0,0.0,0.0,0.0
C,R03,training,20,105,0,0.0,0.0,0.0,0.0
C,R03,training,20,106,0,0.0,0.0,0.0,0.0
C,R03,training,20,107,0,0.0,0.0,0.0,0.0
C,R03,training,20,108,0,0.0,0.0,0.0,0.0
C,R03,training,20,109,0,0.0,0.0,0.0,0.0
C,R03,training,20,110,0,0.0,0.0,0.0,0.0
C,R03,training,20,111,0,0.0,0.0,0.0,0.0
C,R03,training,20,112,0,0.0,0.0,0.0,0.0
C,R03,training,20,113,0,0.0,0.0,0.0,0.0
C,R03,training,20,114,0,0.0,0.0,0.0,0.0
C,R03,training,20,115,0,0.0,0.0,0.0,0.0
C,R03,training,20,116,0,0.0,0.0,0.0,0.0
C,R03,training,20,117,0,0.0,0.0,0.0,0.0
C,R03,training,20,118,0,0.0,0.0,0.0,0.0
C,R03,training,20,119,0,0.0,0.0,0.0,0.0
C,R03,training,20,120,0,0.0,0.0,0.0,0.0
C,R03,training,20,121,0,0.0,0.0,0.0,0.0
C,R03,training,20,122,0,0.0,0.0,0.0,0.0
C,R03,training,20,123,0,0.0,0.0,0.0,0.0
C,R03,training,20,124,0,0.0,0.0,0.0,0.0
C,R03,training,20,125,0,0.0,0.0,0.0,0.0
C,R03,training,20,126,0,0.0,0.0,0.0,0.0
C,R03,training,20,127,0,0.0,0.0,0.0,0.0
C,R03,training,20,128,0,0.0,0.0,0.0,0.0
C,R03,training,20,129,0,0.0,0.0,0.0,0.0
C,R03,training,20,130,0,0.0,0.0,0.0,0.0
C,R03,training,20,131,0,0.0,0.0,0.0,0.0
C,R03,training,20,132,0,0.0,0.0,0.0,0.0
C,R03,training,20,133,0,0.0,0.0,0.0,0.0
C,R03,training,20,134,0,0.0,0.0,0.0,0.0
C,R03,training,20,135,0,0.0,0.0,0.0,0.0
C,R03,training,20,136,0,0.0,0.0,0.0,0.0
C,R03,training,20,137,0,0.0,0.0,0.0,0.0
C,R03,training,20,138,0,0.0,0.0,0.0,0.0
C,R03,training,20,139,0,0.0,0.0,0.0,0.0
C,R03,training,20,140,0,0.0,0.0,0.0,0.0
C,R03,training,20,141,0,0.0,0.0,0.0,0.0
C,R03,training,20,142,0,0.0,0.0,0.0,0.0
C,R03,training,20,143,0,0.0,0.0,0.0,0.0
C,R03,training,20,144,0,0.0,0.0,0.0,0.0
C,R03,training,20,145,0,0.0,0.0,0.0,0.0
C,R03,training,20,146,0,0.0,0.0,0.0,0.0
C,R03,training,20,147,0,0.0,0.0,0.0,0.0
C,R03,training,20,148,0,0.0,0.0,0.0,0.0
C,R03,training,20,149,0,0.0,0.0,0.0,0.0
C,R03,training,20,150,0,0.0,0.0,0.0,0.0
C,R03,training,20,151,0,0.0,0.0,0.0,0.0
C,R03,training,20,152,0,0.0,0.0,0.0,0.0
C,R03,training,20,153,0,0.0,0.0,0.0,0.0
C,R03,training,20,154,0,0.0,0.0,0.0,0.0
C,R03,training,20,155,0,0.0,0.0,0.0,0.0
C,R03,training,20,156,0,0.0,0.0,0.0,0.0
C,R03,training,20,157,0,0.0,0.0,0.0,0.0
C,R03,training,20,158,0,0.0,0.0,0.0,0.0
C,R03,training,20,159,0,0.0,0.0,0.0,0.0
C,R03,training,20,160,0,0.0,0.0,0.0,0.0
C,R03,training,20,161,0,0.0,0.0,0.0,0.0
C,R03,training,20,162,0,0.0,0.0,0.0,0.0
C,R03,training,20,163,0,0.0,0.0,0.0,0.0
C,R03,training,20,164,0,0.0,0.0,0.0,0.0
C,R03,training,20,165,0,0.0,0.0,0.0,0.0
C,R03,training,20,166,0,0.0,0.0,0.0,0.0
C,R03,training,20,167,0,0.0,0.0,0.0,0.0
C,R03,training,20,168,0,0.0,0.0,0.0,0.0
C,R03,training,20,169,0,0.0,0.0,0.0,0.0
C,R03,training,20,170,0,0.0,0.0,0.0,0.0
C,R03,training,20,171,0,0.0,0.0,0.0,0.0
C,R03,training,20,172,0,0.0,0.0,0.0,0.0
C,R03,training,20,173,0,0.0,0.0,0.0,0.0
C,R03,training,20,174,0,0.0,0.0,0.0,0.0
C,R03,training,20,175,0,0.0,0.0,0.0,0.0
C,R03,training,20,176,0,0.0,0.0,0.0,0.0
C,R03,training,20,177,0,0.0,0.0,0.0,0.0
C,R03,training,20,178,0,0.0,0.0,0.0,0.0
C,R03,training,20,179,0,0.0,0.0,0.0,0.0
C,R03,training,20,180,0,0.0,0.0,0.0,0.0
C,R03,training,20,181,0,0.0,0.0,0.0,0.0
C,R03,training,20,182,0,0.0,0.0,0.0,0.0
C,R03,training,20,183,0,0.0,0.0,0.0,0.0
C,R03,training,20,184,0,0.0,0.0,0.0,0.0
C,R03,training,20,185,0,0.0,0.0,0.0,0.0
C,R03,training,20,186,0,0.0,0.0,0.0,0.0
C,R03,training,20,187,0,0.0,0.0,0.0,0.0
C,R03,training,20,188,0,0.0,0.0,0.0,0.0
C,R03,training,20,189,0,0.0,0.0,0.0,0.0
C,R03,training,20,190,0,0.0,0.0,0.0,0.0
C,R03,training,20,191,0,0.0,0.0,0.0,0.0
C,R03,training,20,192,0,0.0,0.0,0.0,0.0
C,R03,training,20,193,0,0.0,0.0,0.0,0.0
C,R03,training,20,194,0,0.0,0.0,0.0,0.0
C,R03,training,20,195,0,0.0,0.0,0.0,0.0
C,R03,training,20,196,0,0.0,0.0,0.0,0.0
C,R03,training,20,197,0,0.0,0.0,0.0,0.0
C,R03,training,20,198,0,0.0,0.0,0.0,0.0
C,R03,training,20,199,0,0.0,0.0,0.0,0.0
C,R03,training,20,200,0,0.0,0.0,0.0,0.0
C,R03,training,20,201,0,0.0,0.0,0.0,0.0
C,R03,training,20,202,0,0.0,0.0,0.0,0.0
C,R03,training,20,203,0,0.0,0.0,0.0,0.0
C,R03,training,20,204,0,0.0,0.0,0.0,0.0
C,R03,training,20,205,0,0.0,0.0,0.0,0.0
C,R03,training,20,206,0,0.0,0.0,0.0,0.0
C,R03,training,20,207,0,0.0,0.0,0.0,0.0
C,R03,training,20,208,0,0.0,0.0,0.0,0.0
C,R03,training,20,209,0,0.0,0.0,0.0,0.0
C,R03,training,20,210,0,0.0,0.0,0.0,0.0
C,R03,training,20,211,0,0.0,0.0,0.0,0.0
C,R03,training,20,212,0,0.0,0.0,0.0,0.0
C,R03,training,20,213,0,0.0,0.0,0.0,0.0
C,R03,training,20,214,0,0.0,0.0,0.0,0.0
C,R03,training,20,215,0,0.0,0.0,0.0,0.0
C,R03,training,20,216,0,0.0,0.0,0.0,0.0
C,R03,training,20,217,0,0.0,0.0,0.0,0.0
C,R03,training,20,218,0,0.0,0.0,0.0,0.0
C,R03,training,20,219,0,0.0,0.0,0.0,0.0
C,R03,training,20,220,0,0.0,0.0,0.0,0.0
C,R03,training,20,221,0,0.0,0.0,0.0,0.0
C,R03,training,20,222,0,0.0,0.0,0.0,0.0
C,R03,training,20,223,0,0.0,0.0,0.0,0.0
C,R03,training,20,224,0,0.0,0.0,0.0,0.0
C,R03,training,20,225,0,0.0,0.0,0.0,0.0
C,R03,training,20,226,0,0.0,0.0,0.0,0.0
C,R03,training,20,227,0,0.0,0.0,0.0,0.0
C,R03,training,20,228,0,0.0,0.0,0.0,0.0
C,R03,training,20,229,0,0.0,0.0,0.0,0.0
C,R03,training,20,230,0,0.0,0.0,0.0,0.0
C,R03,training,20,231,0,0.0,0.0,0.0,0.0
C,R03,training,20,232,0,0.0,0.0,0.0,0.0
C,R03,training,20,233,0,0.0,0.0,0.0,0.0
C,R03,training,20,234,0,0.0,0.0,0.0,0.0
C,R03,training,20,235,0,0.0,0.0,0.0,0.0
C,R03,training,20,236,0,0.0,0.0,0.0,0.0
C,R03,training,20,237,0,0.0,0.0,0.0,0.0
C,R03,training,20,238,0,0.0,0.0,0.0,0.0
C,R03,training,20,239,0,0.0,0.0,0.0,0.0
C,R03,training,20,240,0,0.0,0.0,0.0,0.0
C,R03,training,20,241,0,0.0,0.0,0.0,0.0
C,R03,training,20,242,0,0.0,0.0,0.0,0.0
C,R03,training,20,243,0,0.0,0.0,0.0,0.0
C,R03,training,20,244,0,0.0,0.0,0.0,0.0
C,R03,training,20,245,0,0.0,0.0,0.0,0.0
C,R03,training,20,246,0,0.0,0.0,0.0,0.0
C,R03,training,20,247,0,0.0,0.0,0.0,0.0
C,R03,training,20,248,0,0.0,0.0,0.0,0.0
C,R03,training,20,249,0,0.0,0.0,0.0,0.0
C,R03,training,20,250,0,0.0,0.0,0.0,0.0
C,R03,training,20,251,0,0.0,0.0,0.0,0.0
C,R03,training,20,252,0,0.0,0.0,0.0,0.0
C,R03,training,20,253,0,0.0,0.0,0.0,0.0
C,R03,training,20,254,0,0.0,0.0,0.0,0.0
C,R03,training,20,255,0,0.0,0.0,0.0,0.0
C,R03,training,20,256,0,0.0,0.0,0.0,0.0
C,R03,training,20,257,0,0.0,0.0,0.0,0.0
C,R03,training,20,258,0,0.0,0.0,0.0,0.0
C,R03,training,20,259,0,0.0,0.0,0.0,0.0
C,R03,training,20,260,0,0.0,0.0,0.0,0.0
C,R03,training,20,261,0,0.0,0.0,0.0,0.0
C,R03,training,20,262,0,0.0,0.0,0.0,0.0
C,R03,training,20,263,0,0.0,0.0,0.0,0.0
C,R03,training,20,264,0,0.0,0.0,0.0,0.0
C,R03,training,20,265,0,0.0,0.0,0.0,0.0
C,R03,training,20,266,0,0.0,0.0,0.0,0.0
C,R03,training,20,267,0,0.0,0.0,0.0,0.0
C,R03,training,20,268,0,0.0,0.0,0.0,0.0
C,R03,training,20,269,0,0.0,0.0,0.0,0.0
C,R03,training,20,270,0,0.0,0.0,0.0,0.0
C,R03,training,20,271,0,0.0,0.0,0.0,0.0
C,R03,training,20,272,0,0.0,0.0,0.0,0.0
C,R03,training,20,273,0,0.0,0.0,0.0,0.0
C,R03,training,20,274,0,0.0,0.0,0.0,0.0
C,R03,training,20,275,0,0.0,0.0,0.0,0.0
C,R03,training,20,276,0,0.0,0.0,0.0,0.0
C,R03,training,20,277,0,0.0,0.0,0.0,0.0
C,R03,training,20,278,0,0.0,0.0,0.0,0.0
C,R03,training,20,279,0,0.0,0.0,0.0,0.0
C,R03,training,20,280,0,0.0,0.0,0.0,0.0
C,R03,training,20,281,0,0.0,0.0,0.0,0.0
C,R03,training,20,282,0,0.0,0.0,0.0,0.0
C,R03,training,20,283,0,0.0,0.0,0.0,0.0
C,R03,training,20,284,0,0.0,0.0,0.0,0.0
C,R03,training,20,285,0,0.0,0.0,0.0,0.0
C,R03,training,20,286,0,0.0,0.0,0.0,0.0
C,R03,training,20,287,0,0.0,0.0,0.0,0.0
C,R03,training,20,288,0,0.0,0.0,0.0,0.0
C,R03,training,20,289,0,0.0,0.0,0.0,0.0
C,R03,training,20,290,0,0.0,0.0,0.0,0.0
C,R03,training,20,291,0,0.0,0.0,0.0,0.0
C,R03,training,20,292,0,0.0,0.0,0.0,0.0
C,R03,training,20,293,0,0.0,0.0,0.0,0.0
C,R03,training,20,294,0,0.0,0.0,0.0,0.0
C,R03,training,20,295,0,0.0,0.0,0.0,0.0
C,R03,training,20,296,0,0.0,0.0,0.0,0.0
C,R03,training,20,297,0,0.0,0.0,0.0,0.0
C,R03,training,20,298,0,0.0,0.0,0.0,0.0
C,R03,training,20,299,0,0.0,0.0,0.0,0.0
C,R03,training,20,300,0,0.0,0.0,0.0,0.0
C,R03,training,20,301,0,0.0,0.0,0.0,0.0
C,R03,training,20,302,0,0.0,0.0,0.0,0.0
C,R03,training,20,303,0,0.0,0.0,0.0,0.0
C,R03,training,20,304,0,0.0,0.0,0.0,0.0
C,R03,training,20,305,0,0.0,0.0,0.0,0.0
C,R03,training,20,306,0,0.0,0.0,0.0,0.0
C,R03,training,20,307,0,0.0,0.0,0.0,0.0
C,R03,training,20,308,0,0.0,0.0,0.0,0.0
C,R03,training,20,309,0,0.0,0.0,0.0,0.0
C,R03,training,20,310,0,0.0,0.0,0.0,0.0
C,R03,training,20,311,0,0.0,0.0,0.0,0.0
C,R03,training,20,312,0,0.0,0.0,0.0,0.0
C,R03,training,20,313,0,0.0,0.0,0.0,0.0
C,R03,training,20,314,0,0.0,0.0,0.0,0.0
C,R03,training,20,315,0,0.0,0.0,0.0,0.0
C,R03,training,20,316,0,0.0,0.0,0.0,0.0
C,R03,training,20,317,0,0.0,0.0,0.0,0.0
C,R03,training,20,318,0,0.0,0.0,0.0,0.0
C,R03,training,20,319,0,0.0,0.0,0.0,0.0
C,R03,training,20,320,0,0.0,0.0,0.0,0.0
C,R03,training,20,321,0,0.0,0.0,0.0,0.0
C,R03,training,20,322,0,0.0,0.0,0.0,0.0
C,R03,training,20,323,0,0.0,0.0,0.0,0.0
C,R03,training,20,324,0,0.0,0.0,0.0,0.0
C,R03,training,20,325,0,0.0,0.0,0.0,0.0
C,R03,training,20,326,0,0.0,0.0,0.0,0.0
C,R03,training,20,327,0,0.0,0.0,0.0,0.0
C,R03,training,20,328,0,0.0,0.0,0.0,0.0
C,R03,training,20,329,0,0.0,0.0,0.0,0.0
C,R03,training,20,330,0,0.0,0.0,0.0,0.0
C,R03,training,20,331,0,0.0,0.0,0.0,0.0
C,R03,training,20,332,0,0.0,0.0,0.0,0.0
C,R03,training,20,333,0,0.0,0.0,0.0,0.0
C,R03,training,20,334,0,0.0,0.0,0.0,0.0
C,R03,training,20,335,0,0.0,0.0,0.0,0.0
C,R03,training,20,336,0,0.0,0.0,0.0,0.0
C,R03,training,20,337,0,0.0,0.0,0.0,0.0
C,R03,training,20,338,0,0.0,0.0,0.0,0.0
C,R03,training,20,339,0,0.0,0.0,0.0,0.0
C,R03,training,20,340,0,0.0,0.0,0.0,0.0
C,R03,training,20,341,0,0.0,0.0,0.0,0.0
C,R03,training,20,342,0,0.0,0.0,0.0,0.0
C,R03,training,20,343,0,0.0,0.0,0.0,0.0
C,R03,training,20,344,0,0.0,0.0,0.0,0.0
C,R03,training,20,345,0,0.0,0.0,0.0,0.0
C,R03,training,20,346,0,0.0,0.0,0.0,0.0
C,R03,training,20,347,0,0.0,0.0,0.0,0.0
C,R03,training,20,348,0,0.0,0.0,0.0,0.0
C,R03,training,20,349,0,0.0,0.0,0.0,0.0
C,R03,training,20,350,0,0.0,0.0,0.0,0.0
C,R03,training,20,351,0,0.0,0.0,0.0,0.0
C,R03,training,20,352,0,0.0,0.0,0.0,0.0
C,R03,training,20,353,0,0.0,0.0,0.0,0.0
C,R03,training,20,354,0,0.0,0.0,0.0,0.0
C,R03,training,20,355,0,0.0,0.0,0.0,0.0
C,R03,training,20,356,0,0.0,0.0,0.0,0.0
C,R03,training,20,357,0,0.0,0.0,0.0,0.0
C,R03,training,20,358,0,0.0,0.0,0.0,0.0
C,R03,training,20,359,0,0.0,0.0,0.0,0.0
C,R03,training,20,360,0,0.0,0.0,0.0,0.0
C,R03,training,20,361,0,0.0,0.0,0.0,0.0
C,R03,training,20,362,0,0.0,0.0,0.0,0.0
C,R03,training,20,363,0,0.0,0.0,0.0,0.0
C,R03,training,20,364,0,0.0,0.0,0.0,0.0
C,R03,training,20,365,0,0.0,0.0,0.0,0.0
C,R03,training,20,366,0,0.0,0.0,0.0,0.0
C,R03,training,20,367,0,0.0,0.0,0.0,0.0
C,R03,training,20,368,0,0.0,0.0,0.0,0.0
C,R03,training,20,369,0,0.0,0.0,0.0,0.0
C,R03,training,20,370,0,0.0,0.0,0.0,0.0
C,R03,training,20,371,0,0.0,0.0,0.0,0.0
C,R03,training,20,372,0,0.0,0.0,0.0,0.0
C,R03,training,20,373,0,0.0,0.0,0.0,0.0
C,R03,training,20,374,0,0.0,0.0,0.0,0.0
C,R03,training,20,375,0,0.0,0.0,0.0,0.0
C,R03,training,20,376,0,0.0,0.0,0.0,0.0
C,R03,training,20,377,0,0.0,0.0,0.0,0.0
C,R03,training,20,378,0,0.0,0.0,0.0,0.0
C,R03,training,20,379,0,0.0,0.0,0.0,0.0
C,R03,training,20,380,0,0.0,0.0,0.0,0.0
C,R03,training,20,381,0,0.0,0.0,0.0,0.0
C,R03,training,20,382,0,0.0,0.0,0.0,0.0
C,R03,training,20,383,0,0.0,0.0,0.0,0.0
C,R03,training,20,384,0,0.0,0.0,0.0,0.0
C,R03,training,20,385,0,0.0,0.0,0.0,0.0
C,R03,training,20,386,0,0.0,0.0,0.0,0.0
C,R03,training,20,387,0,0.0,0.0,0.0,0.0
C,R03,training,20,388,0,0.0,0.0,0.0,0.0
C,R03,training,20,389,0,0.0,0.0,0.0,0.0
C,R03,training,20,390,0,0.0,0.0,0.0,0.0
C,R03,training,20,391,0,0.0,0.0,0.0,0.0
C,R03,training,20,392,0,0.0,0.0,0.0,0.0
C,R03,training,20,393,0,0.0,0.0,0.0,0.0
C,R03,training,20,394,0,0.0,0.0,0.0,0.0
C,R03,training,20,395,0,0.0,0.0,0.0,0.0
C,R03,training,20,396,0,0.0,0.0,0.0,0.0
C,R03,training,20,397,0,0.0,0.0,0.0,0.0
C,R03,training,20,398,0,0.0,0.0,0.0,0.0
C,R03,training,20,399,0,0.0,0.0,0.0,0.0
C,R03,training,20,400,0,0.0,0.0,0.0,0.0
C,R03,training,20,401,0,0.0,0.0,0.0,0.0
C,R03,training,20,402,0,0.0,0.0,0.0,0.0
C,R03,training,20,403,0,0.0,0.0,0.0,0.0
C,R03,training,20,404,0,0.0,0.0,0.0,0.0
C,R03,training,20,405,0,0.0,0.0,0.0,0.0
C,R03,training,20,406,0,0.0,0.0,0.0,0.0
C,R03,training,20,407,0,0.0,0.0,0.0,0.0
C,R03,training,20,408,0,0.0,0.0,0.0,0.0
C,R03,training,20,409,0,0.0,0.0,0.0,0.0
C,R03,training,20,410,0,0.0,0.0,0.0,0.0
C,R03,training,20,411,0,0.0,0.0,0.0,0.0
C,R03,training,20,412,0,0.0,0.0,0.0,0.0
C,R03,training,20,413,0,0.0,0.0,0.0,0.0
C,R03,training,20,414,0,0.0,0.0,0.0,0.0
C,R03,training,20,415,0,0.0,0.0,0.0,0.0
C,R03,training,20,416,0,0.0,0.0,0.0,0.0
C,R03,training,20,417,0,0.0,0.0,0.0,0.0
C,R03,training,20,418,0,0.0,0.0,0.0,0.0
C,R03,training,20,419,0,0.0,0.0,0.0,0.0
C,R03,training,20,420,0,0.0,0.0,0.0,0.0
C,R03,training,20,421,0,0.0,0.0,0.0,0.0
C,R03,training,20,422,0,0.0,0.0,0.0,0.0
C,R03,training,20,423,0,0.0,0.0,0.0,0.0
C,R03,training,20,424,0,0.0,0.0,0.0,0.0
C,R03,training,20,425,0,0.0,0.0,0.0,0.0
C,R03,training,20,426,0,0.0,0.0,0.0,0.0
C,R03,training,20,427,0,0.0,0.0,0.0,0.0
C,R03,training,20,428,0,0.0,0.0,0.0,0.0
C,R03,training,20,429,0,0.0,0.0,0.0,0.0
C,R03,training,20,430,0,0.0,0.0,0.0,0.0
C,R03,training,20,431,0,0.0,0.0,0.0,0.0
C,R03,training,20,432,0,0.0,0.0,0.0,0.0
C,R03,training,20,433,0,0.0,0.0,0.0,0.0
C,R03,training,20,434,0,0.0,0.0,0.0,0.0
C,R03,training,20,435,0,0.0,0.0,0.0,0.0
C,R03,training,20,436,0,0.0,0.0,0.0,0.0
C,R03,training,20,437,0,0.0,0.0,0.0,0.0
C,R03,training,20,438,0,0.0,0.0,0.0,0.0
C,R03,training,20,439,0,0.0,0.0,0.0,0.0
C,R03,training,20,440,0,0.0,0.0,0.0,0.0
C,R03,training,20,441,0,0.0,0.0,0.0,0.0
C,R03,training,20,442,0,0.0,0.0,0.0,0.0
C,R03,training,20,443,0,0.0,0.0,0.0,0.0
C,R03,training,20,444,0,0.0,0.0,0.0,0.0
C,R03,training,20,445,0,0.0,0.0,0.0,0.0
C,R03,training,20,446,0,0.0,0.0,0.0,0.0
C,R03,training,20,447,0,0.0,0.0,0.0,0.0
C,R03,training,20,448,0,0.0,0.0,0.0,0.0
C,R03,training,20,449,0,0.0,0.0,0.0,0.0
C,R03,training,20,450,0,0.0,0.0,0.0,0.0
C,R03,training,20,451,0,0.0,0.0,0.0,0.0
C,R03,training,20,452,0,0.0,0.0,0.0,0.0
C,R03,training,20,453,0,0.0,0.0,0.0,0.0
C,R03,training,20,454,0,0.0,0.0,0.0,0.0
C,R03,training,20,455,0,0.0,0.0,0.0,0.0
C,R03,training,20,456,0,0.0,0.0,0.0,0.0
C,R03,training,20,457,0,0.0,0.0,0.0,0.0
C,R03,training,20,458,0,0.0,0.0,0.0,0.0
C,R03,training,20,459,0,0.0,0.0,0.0,0.0
C,R03,training,20,460,0,0.0,0.0,0.0,0.0
C,R03,training,20,461,0,0.0,0.0,0.0,0.0
C,R03,training,20,462,0,0.0,0.0,0.0,0.0
C,R03,training,20,463,0,0.0,0.0,0.0,0.0
C,R03,training,20,464,0,0.0,0.0,0.0,0.0
C,R03,training,20,465,0,0.0,0.0,0.0,0.0
C,R03,training,20,466,0,0.0,0.0,0.0,0.0
C,R03,training,20,467,0,0.0,0.0,0.0,0.0
C,R03,training,20,468,0,0.0,0.0,0.0,0.0
C,R03,training,20,469,0,0.0,0.0,0.0,0.0
C,R03,training,20,470,0,0.0,0.0,0.0,0.0
C,R03,training,20,471,0,0.0,0.0,0.0,0.0
C,R03,training,20,472,0,0.0,0.0,0.0,0.0
C,R03,training,20,473,0,0.0,0.0,0.0,0.0
C,R03,training,20,474,0,0.0,0.0,0.0,0.0
C,R03,training,20,475,0,0.0,0.0,0.0,0.0
C,R03,training,20,476,0,0.0,0.0,0.0,0.0
C,R03,training,20,477,0,0.0,0.0,0.0,0.0
C,R03,training,20,478,0,0.0,0.0,0.0,0.0
C,R03,training,20,479,0,0.0,0.0,0.0,0.0
C,R03,training,20,480,0,0.0,0.0,0.0,0.0
C,R03,training,20,481,0,0.0,0.0,0.0,0.0
C,R03,training,20,482,0,0.0,0.0,0.0,0.0
C,R03,training,20,483,0,0.0,0.0,0.0,0.0
C,R03,training,20,484,0,0.0,0.0,0.0,0.0
C,R03,training,20,485,0,0.0,0.0,0.0,0.0
C,R03,training,20,486,0,0.0,0.0,0.0,0.0
C,R03,training,20,487,0,0.0,0.0,0.0,0.0
C,R03,training,20,488,0,0.0,0.0,0.0,0.0
C,R03,training,20,489,0,0.0,0.0,0.0,0.0
C,R03,training,20,490,0,0.0,0.0,0.0,0.0
C,R03,training,20,491,0,0.0,0.0,0.0,0.0
C,R03,training,20,492,0,0.0,0.0,0.0,0.0
C,R03,training,20,493,0,0.0,0.0,0.0,0.0
C,R03,training,20,494,0,0.0,0.0,0.0,0.0
C,R03,training,20,495,0,0.0,0.0,0.0,0.0
C,R03,training,20,496,0,0.0,0.0,0.0,0.0
C,R03,training,20,497,0,0.0,0.0,0.0,0.0
C,R03,training,20,498,0,0.0,0.0,0.0,0.0
C,R03,training,20,499,0,0.0,0.0,0.0,0.0
C,R03,training,20,500,0,0.0,0.0,0.0,0.0
C,R03,training,20,501,0,0.0,0.0,0.0,0.0
C,R03,training,20,502,0,0.0,0.0,0.0,0.0
C,R03,training,20,503,0,0.0,0.0,0.0,0.0
C,R03,training,20,504,0,0.0,0.0,0.0,0.0
C,R03,training,20,505,0,0.0,0.0,0.0,0.0
C,R03,training,20,506,0,0.0,0.0,0.0,0.0
C,R03,training,20,507,0,0.0,0.0,0.0,0.0
C,R03,training,20,508,0,0.0,0.0,0.0,0.0
C,R03,training,20,509,0,0.0,0.0,0.0,0.0
C,R03,training,20,510,0,0.0,0.0,0.0,0.0
C,R03,training,20,511,0,0.0,0.0,0.0,0.0
C,R03,training,20,512,0,0.0,0.0,0.0,0.0
C,R03,training,20,513,0,0.0,0.0,0.0,0.0
C,R03,training,20,514,0,0.0,0.0,0.0,0.0
C,R03,training,20,515,0,0.0,0.0,0.0,0.0
C,R03,training,20,516,0,0.0,0.0,0.0,0.0
C,R03,training,20,517,0,0.0,0.0,0.0,0.0
C,R03,training,20,518,0,0.0,0.0,0.0,0.0
C,R03,training,20,519,0,0.0,0.0,0.0,0.0
C,R03,training,20,520,0,0.0,0.0,0.0,0.0
C,R03,training,20,521,0,0.0,0.0,0.0,0.0
C,R03,training,20,522,0,0.0,0.0,0.0,0.0
C,R03,training,20,523,0,0.0,0.0,0.0,0.0
C,R03,training,20,524,0,0.0,0.0,0.0,0.0
C,R03,training,20,525,0,0.0,0.0,0.0,0.0
C,R03,training,20,526,0,0.0,0.0,0.0,0.0
C,R03,training,20,527,0,0.0,0.0,0.0,0.0
C,R03,training,20,528,0,0.0,0.0,0.0,0.0
C,R03,training,20,529,0,0.0,0.0,0.0,0.0
C,R03,training,20,530,0,0.0,0.0,0.0,0.0
C,R03,training,20,531,0,0.0,0.0,0.0,0.0
C,R03,training,20,532,0,0.0,0.0,0.0,0.0
C,R03,training,20,533,0,0.0,0.0,0.0,0.0
C,R03,training,20,534,0,0.0,0.0,0.0,0.0
C,R03,training,20,535,0,0.0,0.0,0.0,0.0
C,R03,training,20,536,0,0.0,0.0,0.0,0.0
C,R03,training,20,537,0,0.0,0.0,0.0,0.0
C,R03,training,20,538,0,0.0,0.0,0.0,0.0
C,R03,training,20,539,0,0.0,0.0,0.0,0.0
C,R03,training,20,540,0,0.0,0.0,0.0,0.0
C,R03,training,20,541,0,0.0,0.0,0.0,0.0
C,R03,training,20,542,0,0.0,0.0,0.0,0.0
C,R03,training,20,543,0,0.0,0.0,0.0,0.0
C,R03,training,20,544,0,0.0,0.0,0.0,0.0
C,R03,training,20,545,0,0.0,0.0,0.0,0.0
C,R03,training,20,546,0,0.0,0.0,0.0,0.0
C,R03,training,20,547,0,0.0,0.0,0.0,0.0
C,R03,training,20,548,0,0.0,0.0,0.0,0.0
C,R03,training,20,549,0,0.0,0.0,0.0,0.0
C,R03,training,20,550,0,0.0,0.0,0.0,0.0
C,R03,training,20,551,0,0.0,0.0,0.0,0.0
C,R03,training,20,552,0,0.0,0.0,0.0,0.0
C,R03,training,20,553,0,0.0,0.0,0.0,0.0
C,R03,training,20,554,0,0.0,0.0,0.0,0.0
C,R03,training,20,555,0,0.0,0.0,0.0,0.0
C,R03,training,20,556,0,0.0,0.0,0.0,0.0
C,R03,training,20,557,0,0.0,0.0,0.0,0.0
C,R03,training,20,558,0,0.0,0.0,0.0,0.0
C,R03,training,20,559,0,0.0,0.0,0.0,0.0
C,R03,training,20,560,0,0.0,0.0,0.0,0.0
C,R03,training,20,561,0,0.0,0.0,0.0,0.0
C,R03,training,20,562,0,0.0,0.0,0.0,0.0
C,R03,training,20,563,0,0.0,0.0,0.0,0.0
C,R03,training,20,564,0,0.0,0.0,0.0,0.0
C,R03,training,20,565,0,0.0,0.0,0.0,0.0
C,R03,training,20,566,0,0.0,0.0,0.0,0.0
C,R03,training,20,567,0,0.0,0.0,0.0,0.0
C,R03,training,20,568,0,0.0,0.0,0.0,0.0
C,R03,training,20,569,0,0.0,0.0,0.0,0.0
C,R03,training,20,570,0,0.0,0.0,0.0,0.0
C,R03,training,20,571,0,0.0,0.0,0.0,0.0
C,R03,training,20,572,0,0.0,0.0,0.0,0.0
C,R03,training,20,573,0,0.0,0.0,0.0,0.0
C,R03,training,20,574,0,0.0,0.0,0.0,0.0
C,R03,training,20,575,0,0.0,0.0,0.0,0.0
C,R03,training,20,576,0,0.0,0.0,0.0,0.0
C,R03,training,20,577,0,0.0,0.0,0.0,0.0
C,R03,training,20,578,0,0.0,0.0,0.0,0.0
C,R03,training,20,579,0,0.0,0.0,0.0,0.0
C,R03,training,20,580,0,0.0,0.0,0.0,0.0
C,R03,training,20,581,0,0.0,0.0,0.0,0.0
C,R03,training,20,582,0,0.0,0.0,0.0,0.0
C,R03,training,20,583,0,0.0,0.0,0.0,0.0
C,R03,training,20,584,0,0.0,0.0,0.0,0.0
C,R03,training,20,585,0,0.0,0.0,0.0,0.0
C,R03,training,20,586,0,0.0,0.0,0.0,0.0
C,R03,training,20,587,0,0.0,0.0,0.0,0.0
C,R03,training,20,588,0,0.0,0.0,0.0,0.0
C,R03,training,20,589,0,0.0,0.0,0.0,0.0
C,R03,training,20,590,0,0.0,0.0,0.0,0.0
C,R03,training,20,591,0,0.0,0.0,0.0,0.0
C,R03,training,20,592,0,0.0,0.0,0.0,0.0
C,R03,training,20,593,0,0.0,0.0,0.0,0.0
C,R03,training,20,594,0,0.0,0.0,0.0,0.0
C,R03,training,20,595,0,0.0,0.0,0.0,0.0
C,R03,training,20,596,0,0.0,0.0,0.0,0.0
C,R03,training,20,597,0,0.0,0.0,0.0,0.0
C,R03,training,20,598,0,0.0,0.0,0.0,0.0
C,R03,training,20,599,0,0.0,0.0,0.0,0.0
C,R03,training,20,600,0,0.0,0.0,0.0,0.0
C,R03,training,20,601,0,0.0,0.0,0.0,0.0
C,R03,training,20,602,0,0.0,0.0,0.0,0.0
C,R03,training,20,603,0,0.0,0.0,0.0,0.0
C,R03,training,20,604,0,0.0,0.0,0.0,0.0
C,R03,training,20,605,0,0.0,0.0,0.0,0.0
C,R03,training,20,606,0,0.0,0.0,0.0,0.0
C,R03,training,20,607,0,0.0,0.0,0.0,0.0
C,R03,training,20,608,0,0.0,0.0,0.0,0.0
C,R03,training,20,609,0,0.0,0.0,0.0,0.0
C,R03,training,20,610,0,0.0,0.0,0.0,0.0
C,R03,training,20,611,0,0.0,0.0,0.0,0.0
C,R03,training,20,612,0,0.0,0.0,0.0,0.0
C,R03,training,20,613,0,0.0,0.0,0.0,0.0
C,R03,training,20,614,0,0.0,0.0,0.0,0.0
C,R03,training,20,615,0,0.0,0.0,0.0,0.0
C,R03,training,20,616,0,0.0,0.0,0.0,0.0
C,R03,training,20,617,0,0.0,0.0,0.0,0.0
C,R03,training,20,618,0,0.0,0.0,0.0,0.0
C,R03,training,20,619,0,0.0,0.0,0.0,0.0
C,R03,training,20,620,0,0.0,0.0,0.0,0.0
C,R03,training,20,621,0,0.0,0.0,0.0,0.0
C,R03,training,20,622,0,0.0,0.0,0.0,0.0
C,R03,training,20,623,0,0.0,0.0,0.0,0.0
C,R03,training,20,624,0,0.0,0.0,0.0,0.0
C,R03,training,20,625,0,0.0,0.0,0.0,0.0
C,R03,training,20,626,0,0.0,0.0,0.0,0.0
C,R03,training,20,627,0,0.0,0.0,0.0,0.0
C,R03,training,20,628,0,0.0,0.0,0.0,0.0
C,R03,training,20,629,0,0.0,0.0,0.0,0.0
C,R03,training,20,630,0,0.0,0.0,0.0,0.0
C,R03,training,20,631,0,0.0,0.0,0.0,0.0
C,R03,training,20,632,0,0.0,0.0,0.0,0.0
C,R03,training,20,633,0,0.0,0.0,0.0,0.0
C,R03,training,20,634,0,0.0,0.0,0.0,0.0
C,R03,training,20,635,0,0.0,0.0,0.0,0.0
C,R03,training,20,636,0,0.0,0.0,0.0,0.0
C,R03,training,20,637,0,0.0,0.0,0.0,0.0
C,R03,training,20,638,0,0.0,0.0,0.0,0.0
C,R03,training,20,639,0,0.0,0.0,0.0,0.0
C,R03,training,20,640,0,0.0,0.0,0.0,0.0
C,R03,training,20,641,0,0.0,0.0,0.0,0.0
C,R03,training,20,642,0,0.0,0.0,0.0,0.0
C,R03,training,20,643,0,0.0,0.0,0.0,0.0
C,R03,training,20,644,0,0.0,0.0,0.0,0.0
C,R03,training,20,645,0,0.0,0.0,0.0,0.0
C,R03,training,20,646,0,0.0,0.0,0.0,0.0
C,R03,training,20,647,0,0.0,0.0,0.0,0.0
C,R03,training,20,648,0,0.0,0.0,0.0,0.0
C,R03,training,20,649,0,0.0,0.0,0.0,0.0
C,R03,training,20,650,0,0.0,0.0,0.0,0.0
C,R03,training,20,651,0,0.0,0.0,0.0,0.0
C,R03,training,20,652,0,0.0,0.0,0.0,0.0
C,R03,training,20,653,0,0.0,0.0,0.0,0.0
C,R03,training,20,654,0,0.0,0.0,0.0,0.0
C,R03,training,20,655,0,0.0,0.0,0.0,0.0
C,R03,training,20,656,0,0.0,0.0,0.0,0.0
C,R03,training,20,657,0,0.0,0.0,0.0,0.0
C,R03,training,20,658,0,0.0,0.0,0.0,0.0
C,R03,training,20,659,0,0.0,0.0,0.0,0.0
C,R03,training,20,660,0,0.0,0.0,0.0,0.0
C,R03,training,20,661,0,0.0,0.0,0.0,0.0
C,R03,training,20,662,0,0.0,0.0,0.0,0.0
C,R03,training,20,663,0,0.0,0.0,0.0,0.0
C,R03,training,20,664,0,0.0,0.0,0.0,0.0
C,R03,training,20,665,0,0.0,0.0,0.0,0.0
C,R03,training,20,666,0,0.0,0.0,0.0,0.0
C,R03,training,20,667,0,0.0,0.0,0.0,0.0
C,R03,training,20,668,0,0.0,0.0,0.0,0.0
C,R03,training,20,669,0,0.0,0.0,0.0,0.0
C,R03,training,20,670,0,0.0,0.0,0.0,0.0
C,R03,training,20,671,0,0.0,0.0,0.0,0.0
C,R03,training,20,672,0,0.0,0.0,0.0,0.0
C,R03,training,20,673,0,0.0,0.0,0.0,0.0
C,R03,training,20,674,0,0.0,0.0,0.0,0.0
C,R03,training,20,675,0,0.0,0.0,0.0,0.0
C,R03,training,20,676,0,0.0,0.0,0.0,0.0
C,R03,training,20,677,0,0.0,0.0,0.0,0.0
C,R03,training,20,678,0,0.0,0.0,0.0,0.0
C,R03,training,20,679,0,0.0,0.0,0.0,0.0
C,R03,training,20,680,0,0.0,0.0,0.0,0.0
C,R03,training,20,681,0,0.0,0.0,0.0,0.0
C,R03,training,20,682,0,0.0,0.0,0.0,0.0
C,R03,training,20,683,0,0.0,0.0,0.0,0.0
C,R03,training,20,684,0,0.0,0.0,0.0,0.0
C,R03,training,20,685,0,0.0,0.0,0.0,0.0
C,R03,training,20,686,0,0.0,0.0,0.0,0.0
C,R03,training,20,687,0,0.0,0.0,0.0,0.0
C,R03,training,20,688,0,0.0,0.0,0.0,0.0
C,R03,training,20,689,0,0.0,0.0,0.0,0.0
P1,R03,training,20,0,0,0.0,0.0,0.0,0.0
P1,R03,training,20,1,0,0.0,0.0,0.0,0.0
P1,R03,training,20,2,0,0.0,0.0,0.0,0.0
P1,R03,training,20,3,0,0.0,0.0,0.0,0.0
P1,R03,training,20,4,0,0.0,0.0,0.0,0.0
P1,R03,training,20,5,0,0.0,0.0,0.0,0.0
P1,R03,training,20,6,0,0.0,0.0,0.0,0.0
P1,R03,training,20,7,0,0.0,0.0,0.0,0.0
P1,R03,training,20,8,0,0.0,0.0,0.0,0.0
P1,R03,training,20,9,0,0.0,0.0,0.0,0.0
P1,R03,training,20,10,0,0.0,0.0,0.0,0.0
P1,R03,training,20,11,0,0.0,0.0,0.0,0.0
P1,R03,training,20,12,0,0.0,0.0,0.0,0.0
P1,R03,training,20,13,0,0.0,0.0,0.0,0.0
P1,R03,training,20,14,0,0.0,0.0,0.0,0.0
P1,R03,training,20,15,0,0.0,0.0,0.0,0.0
P1,R03,training,20,16,0,0.0,0.0,0.01426042024905465,0.009075234469581276
P1,R03,training,20,17,0,0.0,0.0,0.01426042024905465,0.009100239569317853
P1,R03,training,20,18,0,0.0,0.0,0.01426042024905465,0.009125236899019694
P1,R03,training,20,19,0,0.0,0.0,0.01426042024905465,0.009150226016733322
P1,R03,training,20,20,0,0.0,0.0,0.01426042024905465,0.009175206479500387
P1,R03,training,20,21,0,0.0,0.0,0.01426042024905465,0.009200177843369827
P1,R03,training,20,22,0,0.0,0.0,0.01426042024905465,0.009225139663410101
P1,R03,training,20,23,0,0.0,0.0,0.01426042024905465,0.00925009149372148
P1,R03,training,20,24,0,0.0,0.0,0.01426042024905465,0.009275032887448442
P1,R03,training,20,25,0,0.0,0.0,0.01426042024905465,0.009299963396792111
P1,R03,training,20,26,0,0.0,0.0,0.01426042024905465,0.009324882573022792
P1,R03,training,20,27,0,0.0,0.0,0.01426042024905465,0.009349789966492566
P1,R03,training,20,28,0,0.0,0.0,0.01426042024905465,0.009374685126647951
P1,R03,training,20,29,0,0.0,0.0,0.01426042024905465,0.00939956760204267
P1,R03,training,20,30,0,0.0,0.0,0.01426042024905465,0.009424436940350433
P1,R03,training,20,31,0,0.0,0.0,0.01426042024905465,0.00944929268837785
P1,R03,training,20,32,0,0.0,0.0,0.029480644018158787,0.019585929342548207
P1,R03,training,20,33,0,0.0,0.0,0.029480644018158787,0.019637254756844906
P1,R03,training,20,34,0,0.0,0.0,0.029480644018158787,0.019688549254727017
P1,R03,training,20,35,0,0.0,0.0,0.029480644018158787,0.019739811892404334
P1,R03,training,20,36,0,0.0,0.0,0.029480644018158787,0.019791041724429435
P1,R03,training,20,37,0,0.0,0.0,0.029480644018158787,0.01984223780372516
P1,R03,training,20,38,0,0.0,0.0,0.029480644018158787,0.019893399181612273
P1,R03,training,20,39,0,0.0,0.0,0.029480644018158787,0.019944524907837227
P1,R03,training,20,40,0,0.0,0.0,0.029480644018158787,0.019995614030600094
P1,R03,training,20,41,0,0.0,0.0,0.029480644018158787,0.020046665596582598
P1,R03,training,20,42,0,0.0,0.0,0.029480644018158787,0.020097678650976326
P1,R03,training,20,43,0,0.0,0.0,0.029480644018158787,0.020148652237511035
P1,R03,training,20,44,0,0.0,0.0,0.029480644018158787,0.02019958539848312
P1,R03,training,20,45,0,0.0,0.0,0.029480644018158787,0.020250477174784204
P1,R03,training,20,46,0,0.0,0.0,0.029480644018158787,0.020301326605929846
P1,R03,training,20,47,0,0.0,0.0,0.029480644018158787,0.02035213273008841
P1,R03,training,20,48,0,0.0,0.0,0.031298942903883305,0.0216612985886152
P1,R03,training,20,49,0,0.0,0.0,0.031298942903883305,0.021715143293477547
P1,R03,training,20,50,0,0.0,0.0,0.031298942903883305,0.021768938948537566
P1,R03,training,20,51,0,0.0,0.0,0.031298942903883305,0.021822684527227906
P1,R03,training,20,52,0,0.0,0.0,0.031298942903883305,0.021876379001706102
P1,R03,training,20,53,0,0.0,0.0,0.031298942903883305,0.02193002134288603
P1,R03,training,20,54,0,0.0,0.0,0.031298942903883305,0.021983610520469467
P1,R03,training,20,55,0,0.0,0.0,0.031298942903883305,0.02203714550297777
P1,R03,training,20,56,0,0.0,0.0,0.031298942903883305,0.022090625257783734
P1,R03,training,20,57,0,0.0,0.0,0.031298942903883305,0.0221440487511435
P1,R03,training,20,58,0,0.0,0.0,0.031298942903883305,0.022197414948228654
P1,R03,training,20,59,0,0.0,0.0,0.031298942903883305,0.022250722813158413
P1,R03,training,20,60,0,0.0,0.0,0.031298942903883305,0.02230397130903193
P1,R03,training,20,61,0,0.0,0.0,0.031298942903883305,0.022357159397960773
P1,R03,training,20,62,0,0.0,0.0,0.031298942903883305,0.022410286041101433
P1,R03,training,20,63,0,0.0,0.0,0.031298942903883305,0.022463350198688035
P1,R03,training,20,64,0,0.0,0.0,0.04715771553685021,0.033925096787865955
P1,R03,training,20,65,0,0.0,0.0,0.04715771553685021,0.03400485487551665
P1,R03,training,20,66,0,0.0,0.0,0.04715771553685021,0.03408451410933589
P1,R03,training,20,67,0,0.0,0.0,0.04715771553685021,0.03416407291765862
P1,R03,training,20,68,0,0.0,0.0,0.04715771553685021,0.034243529727678815
P1,R03,training,20,69,0,0.0,0.0,0.04715771553685021,0.03432288296549972
P1,R03,training,20,70,0,0.0,0.0,0.04715771553685021,0.03440213105618426
P1,R03,training,20,71,0,0.0,0.0,0.04715771553685021,0.034481272423805644
P1,R03,training,20,72,0,0.0,0.0,0.04715771553685021,0.034560305491498064
P1,R03,training,20,73,0,0.0,0.0,0.04715771553685021,0.03463922868150763
P1,R03,training,20,74,0,0.0,0.0,0.04715771553685021,0.034718040415243366
P1,R03,training,20,75,0,0.0,0.0,0.04715771553685021,0.03479673911332848
P1,R03,training,20,76,0,0.0,0.0,0.04715771553685021,0.034875323195651654
P1,R03,training,20,77,0,0.0,0.0,0.04715771553685021,0.03495379108141854
P1,R03,training,20,78,0,0.0,0.0,0.04715771553685021,0.03503214118920346
P1,R03,training,20,79,0,0.0,0.0,0.04715771553685021,0.035110371937001124
P1,R03,training,20,80,0,0.0,0.0,0.1065462647198977,0.07950345448507536
P1,R03,training,20,81,0,0.0,0.0,0.1065462647198977,0.07967965583957909
P1,R03,training,20,82,0,0.0,0.0,0.1065462647198977,0.07985557678723901
P1,R03,training,20,83,0,0.0,0.0,0.1065462647198977,0.08003121374967369
P1,R03,training,20,84,0,0.0,0.0,0.1065462647198977,0.08020656314778193
P1,R03,training,20,85,0,0.0,0.0,0.1065462647198977,0.08038162140186152
P1,R03,training,20,86,0,0.0,0.0,0.1065462647198977,0.08055638493172834
P1,R03,training,20,87,0,0.0,0.0,0.1065462647198977,0.08073085015683584
P1,R03,training,20,88,0,0.0,0.0,0.1065462647198977,0.08090501349639463
P1,R03,training,20,89,0,0.0,0.0,0.1065462647198977,0.08107887136949245
P1,R03,training,20,90,0,0.0,0.0,0.1065462647198977,0.08125242019521438
P1,R03,training,20,91,0,0.0,0.0,0.1065462647198977,0.08142565639276332
P1,R03,training,20,92,0,0.0,0.0,0.1065462647198977,0.08159857638158066
P1,R03,training,20,93,0,0.0,0.0,0.1065462647198977,0.0817711765814673
P1,R03,training,20,94,0,0.0,0.0,0.1065462647198977,0.08194345341270479
P1,R03,training,20,95,0,0.0,0.0,0.1065462647198977,0.08211540329617686
P1,R03,training,20,96,0,0.0,0.0,0.15511266067793605,0.1197954621553705
P1,R03,training,20,97,0,0.0,0.0,0.15511266067793605,0.12004482342103395
P1,R03,training,20,98,0,0.0,0.0,0.15511266067793605,0.12029369308347339
P1,R03,training,20,99,0,0.0,0.0,0.15511266067793605,0.12054206593740473
P1,R03,training,20,100,0,0.0,0.0,0.15511266067793605,0.12078993677930937
P1,R03,training,20,101,0,0.0,0.0,0.15511266067793605,0.12103730040761297
P1,R03,training,20,102,0,0.0,0.0,0.15511266067793605,0.1212841516228643
P1,R03,training,20,103,0,0.0,0.0,0.15511266067793605,0.12153048522791457
P1,R03,training,20,104,0,0.0,0.0,0.15511266067793605,0.121776296028097
P1,R03,training,20,105,0,0.0,0.0,0.15511266067793605,0.12202157883140653
P1,R03,training,20,106,0,0.0,0.0,0.15511266067793605,0.12226632844867992
P1,R03,training,20,107,0,0.0,0.0,0.15511266067793605,0.12251053969377594
P1,R03,training,20,108,0,0.0,0.0,0.15511266067793605,0.12275420738375611
P1,R03,training,20,109,0,0.0,0.0,0.15511266067793605,0.12299732633906518
P1,R03,training,20,110,0,0.0,0.0,0.15511266067793605,0.1232398913837123
P1,R03,training,20,111,0,0.0,0.0,0.15511266067793605,0.12348189734545209
P1,R03,training,20,112,0,0.0,0.0,0.2199765718223652,0.17546108654829443
P1,R03,training,20,113,0,0.0,0.0,0.2199765718223652,0.17580268510953814
P1,R03,training,20,114,0,0.0,0.0,0.2199765718223652,0.17614346882358342
P1,R03,training,20,115,0,0.0,0.0,0.2199765718223652,0.176483430379114
P1,R03,training,20,116,0,0.0,0.0,0.2199765718223652,0.17682256247141412
P1,R03,training,20,117,0,0.0,0.0,0.2199765718223652,0.17716085780262703
P1,R03,training,20,118,0,0.0,0.0,0.2199765718223652,0.1774983090820135
P1,R03,training,20,119,0,0.0,0.0,0.2199765718223652,0.17783490902621088
P1,R03,training,20,120,0,0.0,0.0,0.2199765718223652,0.17817065035949198
P1,R03,training,20,121,0,0.0,0.0,0.2199765718223652,0.17850552581402437
P1,R03,training,20,122,0,0.0,0.0,0.2199765718223652,0.1788395281301298
P1,R03,training,20,123,0,0.0,0.0,0.2199765718223652,0.1791726500565436
P1,R03,training,20,124,0,0.0,0.0,0.2199765718223652,0.17950488435067444
P1,R03,training,20,125,0,0.0,0.0,0.2199765718223652,0.17983622377886418
P1,R03,training,20,126,0,0.0,0.0,0.2199765718223652,0.18016666111664753
P1,R03,training,20,127,0,0.0,0.0,0.2199765718223652,0.18049618914901217
P1,R03,training,20,128,0,0.0,0.24978079449326848,0.2731401197149427,0.224526217921507
P1,R03,training,20,129,0,0.0,0.24978079449326848,0.2731401197149427,0.22493310074744316
P1,R03,training,20,130,0,0.0,0.24978079449326848,0.2731401197149427,0.2253388277061228
P1,R03,training,20,131,0,0.0,0.24978079449326848,0.2731401197149427,0.22574338988900225
P1,R03,training,20,132,0,0.0,0.24978079449326848,0.2731401197149427,0.22614677840089065
P1,R03,training,20,133,0,0.0,0.24978079449326848,0.2731401197149427,0.22654898436027313
P1,R03,training,20,134,0,0.0,0.24978079449326848,0.2731401197149427,0.2269499988996338
P1,R03,training,20,135,0,0.0,0.24978079449326848,0.2731401197149427,0.22734981316577915
P1,R03,training,20,136,0,0.0,0.24978079449326848,0.2731401197149427,0.2277484183201612
P1,R03,training,20,137,0,0.0,0.24978079449326848,0.2731401197149427,0.2281458055392003
P1,R03,training,20,138,0,0.0,0.24978079449326848,0.2731401197149427,0.22854196601460852
P1,R03,training,20,139,0,0.0,0.24978079449326848,0.2731401197149427,0.22893689095371236
P1,R03,training,20,140,0,0.0,0.24978079449326848,0.2731401197149427,0.22933057157977565
P1,R03,training,20,141,0,0.0,0.24978079449326848,0.2731401197149427,0.22972299913232241
P1,R03,training,20,142,0,0.0,0.24978079449326848,0.2731401197149427,0.2301141648674594
P1,R03,training,20,143,0,0.0,0.24978079449326848,0.2731401197149427,0.23050406005819846
P1,R03,training,20,144,0,0.0,0.2498173603573274,0.3273462325641747,0.27671455841943365
P1,R03,training,20,145,0,0.0,0.2498173603573274,0.3273462325641747,0.27717875371412215
P1,R03,training,20,146,0,0.0,0.2498173603573274,0.3273462325641747,0.27764139506681035
P1,R03,training,20,147,0,0.0,0.2498173603573274,0.3273462325641747,0.27810247210349387
P1,R03,training,20,148,0,0.0,0.2498173603573274,0.3273462325641747,0.2785619744723577
P1,R03,training,20,149,0,0.0,0.2498173603573274,0.3273462325641747,0.2790198918441612
P1,R03,training,20,150,0,0.0,0.2498173603573274,0.3273462325641747,0.2794762139126225
P1,R03,training,20,151,0,0.0,0.2498173603573274,0.3273462325641747,0.27993093039480316
P1,R03,training,20,152,0,0.0,0.2498173603573274,0.3273462325641747,0.2803840310314921
P1,R03,training,20,153,0,0.0,0.2498173603573274,0.3273462325641747,0.28083550558758924
P1,R03,training,20,154,0,0.0,0.2498173603573274,0.3273462325641747,0.2812853438524889
P1,R03,training,20,155,0,0.0,0.2498173603573274,0.3273462325641747,0.28173353564046233
P1,R03,training,20,156,0,0.0,0.2498173603573274,0.3273462325641747,0.2821800707910406
P1,R03,training,20,157,0,0.0,0.2498173603573274,0.3273462325641747,0.28262493916939624
P1,R03,training,20,158,0,0.0,0.2498173603573274,0.3273462325641747,0.2830681306667248
P1,R03,training,20,159,0,0.0,0.2498173603573274,0.3273462325641747,0.2835096352006259
P1,R03,training,20,160,0,0.0,0.0,0.38204015759299215,0.3313925105956388
P1,R03,training,20,161,0,0.0,0.0,0.38204015759299215,0.33190381011566694
P1,R03,training,20,162,0,0.0,0.0,0.38204015759299215,0.33241310569803906
P1,R03,training,20,163,0,0.0,0.0,0.38204015759299215,0.3329203857034564
P1,R03,training,20,164,0,0.0,0.0,0.38204015759299215,0.3334256385256501
P1,R03,training,20,165,0,0.0,0.0,0.38204015759299215,0.33392885259182153
P1,R03,training,20,166,0,0.0,0.0,0.38204015759299215,0.33443001636308267
P1,R03,training,20,167,0,0.0,0.0,0.38204015759299215,0.33492911833489514
P1,R03,training,20,168,0,0.0,0.0,0.38204015759299215,0.3354261470375085
P1,R03,training,20,169,0,0.0,0.0,0.38204015759299215,0.33592109103639844
P1,R03,training,20,170,0,0.0,0.0,0.38204015759299215,0.3364139389327032
P1,R03,training,20,171,0,0.0,0.0,0.38204015759299215,0.3369046793636595
P1,R03,training,20,172,0,0.0,0.0,0.38204015759299215,0.3373933010030378
P1,R03,training,20,173,0,0.0,0.0,0.38204015759299215,0.33787979256157674
P1,R03,training,20,174,0,0.0,0.0,0.38204015759299215,0.3383641427874159
P1,R03,training,20,175,0,0.0,0.0,0.38204015759299215,0.3388463404665284
P1,R03,training,20,176,0,0.0,0.2497408775239508,0.4224738793617795,0.3752394268590013
P1,R03,training,20,177,0,0.0,0.2497408775239508,0.4224738793617795,0.3757678608011265
P1,R03,training,20,178,0,0.0,0.2497408775239508,0.4224738793617795,0.37629387743207227
P1,R03,training,20,179,0,0.0,0.2497408775239508,0.4224738793617795,0.3768174645230704
P1,R03,training,20,180,0,0.0,0.2497408775239508,0.4224738793617795,0.3773386098895643
P1,R03,training,20,181,0,0.0,0.2497408775239508,0.4224738793617795,0.37785730139168017
P1,R03,training,20,182,0,0.0,0.2497408775239508,0.4224738793617795,0.37837352693469717
P1,R03,training,20,183,0,0.0,0.2497408775239508,0.4224738793617795,0.37888727446951614
P1,R03,training,20,184,0,0.0,0.2497408775239508,0.4224738793617795,0.37939853199312706
P1,R03,training,20,185,0,0.0,0.2497408775239508,0.4224738793617795,0.3799072875490755
P1,R03,training,20,186,0,0.0,0.2497408775239508,0.4224738793617795,0.38041352922792726
P1,R03,training,20,187,0,0.0,0.2497408775239508,0.4224738793617795,0.38091724516773223
P1,R03,training,20,188,0,0.0,0.2497408775239508,0.4224738793617795,0.3814184235544862
P1,R03,training,20,189,0,0.0,0.2497408775239508,0.4224738793617795,0.3819170526225919
P1,R03,training,20,190,0,0.0,0.2497408775239508,0.4224738793617795,0.38241312065531824
P1,R03,training,20,191,0,0.0,0.2497408775239508,0.4224738793617795,0.3829066159852583
P1,R03,training,20,192,0,1.0,1.0,0.47558767419096404,0.43159860777540265
P1,R03,training,20,193,0,1.0,1.0,0.47558767419096404,0.4321483143119667
P1,R03,training,20,194,0,1.0,1.0,0.47558767419096404,0.43269508563879294
P1,R03,training,20,195,0,1.0,1.0,0.47558767419096404,0.43323890884885913
P1,R03,training,20,196,0,1.0,1.0,0.47558767419096404,0.43377977109321997
P1,R03,training,20,197,0,1.0,1.0,0.47558767419096404,0.4343176595815123
P1,R03,training,20,198,0,1.0,1.0,0.47558767419096404,0.43485256158245833
P1,R03,training,20,199,0,1.0,1.0,0.47558767419096404,0.4353844644243666
P1,R03,training,20,200,0,1.0,1.0,0.47558767419096404,0.4359133554956322
P1,R03,training,20,201,0,1.0,1.0,0.47558767419096404,0.43643922224523374
P1,R03,training,20,202,0,1.0,1.0,0.47558767419096404,0.43696205218322925
P1,R03,training,20,203,0,1.0,1.0,0.47558767419096404,0.43748183288124987
P1,R03,training,20,204,0,1.0,1.0,0.47558767419096404,0.4379985519729914
P1,R03,training,20,205,0,1.0,1.0,0.47558767419096404,0.4385121971547042
P1,R03,training,20,206,0,1.0,1.0,0.47558767419096404,0.43902275618568043
P1,R03,training,20,207,0,1.0,1.0,0.47558767419096404,0.43953021688874
P1,R03,training,20,208,0,1.0,0.7502270991460984,0.5276939508620498,0.48824557880025027
P1,R03,training,20,209,0,1.0,0.7502270991460984,0.5276939508620498,0.48880172202631195
P1,R03,training,20,210,0,1.0,0.7502270991460984,0.5276939508620498,0.4893543873601192
P1,R03,training,20,211,0,1.0,0.7502270991460984,0.5276939508620498,0.4899035615776284
P1,R03,training,20,212,0,1.0,0.7502270991460984,0.5276939508620498,0.4904492315279415
P1,R03,training,20,213,0,1.0,0.7502270991460984,0.5276939508620498,0.490991384133831
P1,R03,training,20,214,0,1.0,0.7502270991460984,0.5276939508620498,0.4915300063922607
P1,R03,training,20,215,0,1.0,0.7502270991460984,0.5276939508620498,0.4920650853749059
P1,R03,training,20,216,0,1.0,0.7502270991460984,0.5276939508620498,0.4925966082286696
P1,R03,training,20,217,0,1.0,0.7502270991460984,0.5276939508620498,0.4931245621761964
P1,R03,training,20,218,0,1.0,0.7502270991460984,0.5276939508620498,0.4936489345163845
P1,R03,training,20,219,0,1.0,0.7502270991460984,0.5276939508620498,0.4941697126248941
P1,R03,training,20,220,0,1.0,0.7502270991460984,0.5276939508620498,0.4946868839546535
P1,R03,training,20,221,0,1.0,0.7502270991460984,0.5276939508620498,0.4952004360363626
P1,R03,training,20,222,0,1.0,0.7502270991460984,0.5276939508620498,0.4957103564789936
P1,R03,training,20,223,0,1.0,0.7502270991460984,0.5276939508620498,0.4962166329702887
P1,R03,training,20,224,0,1.0,1.0,0.5641057198813529,0.5309937161325258
P1,R03,training,20,225,0,1.0,1.0,0.5641057198813529,0.5315270966259477
P1,R03,training,20,226,0,1.0,1.0,0.5641057198813529,0.5320565427543077
P1,R03,training,20,227,0,1.0,1.0,0.5641057198813529,0.5325820416978657
P1,R03,training,20,228,0,1.0,1.0,0.5641057198813529,0.5331035807237022
P1,R03,training,20,229,0,1.0,1.0,0.5641057198813529,0.5336211471862332
P1,R03,training,20,230,0,1.0,1.0,0.5641057198813529,0.5341347285277203
P1,R03,training,20,231,0,1.0,1.0,0.5641057198813529,0.5346443122787784
P1,R03,training,20,232,0,1.0,1.0,0.5641057198813529,0.5351498860588798
P1,R03,training,20,233,0,1.0,1.0,0.5641057198813529,0.5356514375768556
P1,R03,training,20,234,0,1.0,1.0,0.5641057198813529,0.5361489546313932
P1,R03,training,20,235,0,1.0,1.0,0.5641057198813529,0.5366424251115306
P1,R03,training,20,236,0,1.0,1.0,0.5641057198813529,0.5371318369971478
P1,R03,training,20,237,0,1.0,1.0,0.5641057198813529,0.5376171783594547
P1,R03,training,20,238,0,1.0,1.0,0.5641057198813529,0.5380984373614746
P1,R03,training,20,239,0,1.0,1.0,0.5641057198813529,0.5385756022585262
P1,R03,training,20,240,0,1.0,0.7500613994046114,0.6261680668958703,0.5983542559040598
P1,R03,training,20,241,0,1.0,0.7500613994046114,0.6261680668958703,0.5988747902391482
P1,R03,training,20,242,0,1.0,0.7500613994046114,0.6261680668958703,0.5993907415494524
P1,R03,training,20,243,0,1.0,0.7500613994046114,0.6261680668958703,0.5999020972132106
P1,R03,training,20,244,0,1.0,0.7500613994046114,0.6261680668958703,0.6004088447137219
P1,R03,training,20,245,0,1.0,0.7500613994046114,0.6261680668958703,0.6009109716398559
P1,R03,training,20,246,0,1.0,0.7500613994046114,0.6261680668958703,0.6014084656865597
P1,R03,training,20,247,0,1.0,0.7500613994046114,0.6261680668958703,0.6019013146553599
P1,R03,training,20,248,0,1.0,0.7500613994046114,0.6261680668958703,0.6023895064548612
P1,R03,training,20,249,0,1.0,0.7500613994046114,0.6261680668958703,0.6028730291012407
P1,R03,training,20,250,0,1.0,0.7500613994046114,0.6261680668958703,0.603351870718738
P1,R03,training,20,251,0,1.0,0.7500613994046114,0.6261680668958703,0.6038260195401406
P1,R03,training,20,252,0,1.0,0.7500613994046114,0.6261680668958703,0.6042954639072672
P1,R03,training,20,253,0,1.0,0.7500613994046114,0.6261680668958703,0.6047601922714435
P1,R03,training,20,254,0,1.0,0.7500613994046114,0.6261680668958703,0.6052201931939769
P1,R03,training,20,255,0,1.0,0.7500613994046114,0.6261680668958703,0.6056754553466253
P1,R03,training,20,256,0,1.0,0.7500792512954664,0.6737675752836921,0.6522019327360513
P1,R03,training,20,257,0,1.0,0.7500792512954664,0.6737675752836921,0.6526815685319718
P1,R03,training,20,258,0,1.0,0.7500792512954664,0.6737675752836921,0.6531560694801618
P1,R03,training,20,259,0,1.0,0.7500792512954664,0.6737675752836921,0.6536254238715802
P1,R03,training,20,260,0,1.0,0.7500792512954664,0.6737675752836921,0.6540896201184863
P1,R03,training,20,261,0,1.0,0.7500792512954664,0.6737675752836921,0.6545486467549175
P1,R03,training,20,262,0,1.0,0.7500792512954664,0.6737675752836921,0.6550024924371605
P1,R03,training,20,263,0,1.0,0.7500792512954664,0.6737675752836921,0.6554511459442187
P1,R03,training,20,264,0,1.0,0.7500792512954664,0.6737675752836921,0.6558945961782744
P1,R03,training,20,265,0,1.0,0.7500792512954664,0.6737675752836921,0.6563328321651464
P1,R03,training,20,266,0,1.0,0.7500792512954664,0.6737675752836921,0.6567658430547427
P1,R03,training,20,267,0,1.0,0.7500792512954664,0.6737675752836921,0.6571936181215078
P1,R03,training,20,268,0,1.0,0.7500792512954664,0.6737675752836921,0.6576161467648656
P1,R03,training,20,269,0,1.0,0.7500792512954664,0.6737675752836921,0.658033418509657
P1,R03,training,20,270,0,1.0,0.7500792512954664,0.6737675752836921,0.6584454230065734
P1,R03,training,20,271,0,1.0,0.7500792512954664,0.6737675752836921,0.6588521500325832
P1,R03,training,20,272,0,0.0,0.7496286340701117,0.7065618946938497,0.691341469020093
P1,R03,training,20,273,0,0.0,0.7496286340701117,0.7065618946938497,0.6917568923759678
P1,R03,training,20,274,0,0.0,0.7496286340701117,0.7065618946938497,0.692166750027457
P1,R03,training,20,275,0,0.0,0.7496286340701117,0.7065618946938497,0.6925710317880187
P1,R03,training,20,276,0,0.0,0.7496286340701117,0.7065618946938497,0.6929697276056995
P1,R03,training,20,277,0,0.0,0.7496286340701117,0.7065618946938497,0.6933628275635485
P1,R03,training,20,278,0,0.0,0.7496286340701117,0.7065618946938497,0.6937503218800303
P1,R03,training,20,279,0,0.0,0.7496286340701117,0.7065618946938497,0.69413220090943
P1,R03,training,20,280,0,0.0,0.7496286340701117,0.7065618946938497,0.6945084551422528
P1,R03,training,20,281,0,0.0,0.7496286340701117,0.7065618946938497,0.6948790752056196
P1,R03,training,20,282,0,0.0,0.7496286340701117,0.7065618946938497,0.6952440518636558
P1,R03,training,20,283,0,0.0,0.7496286340701117,0.7065618946938497,0.695603376017874
P1,R03,training,20,284,0,0.0,0.7496286340701117,0.7065618946938497,0.6959570387075538
P1,R03,training,20,285,0,0.0,0.7496286340701117,0.7065618946938497,0.6963050311101123
P1,R03,training,20,286,0,0.0,0.7496286340701117,0.7065618946938497,0.6966473445414721
P1,R03,training,20,287,0,0.0,0.7496286340701117,0.7065618946938497,0.6969839704564226
P1,R03,training,20,288,0,1.0,0.5004227120606857,0.7507244833230794,0.7408995196094849
P1,R03,training,20,289,0,1.0,0.5004227120606857,0.7507244833230794,0.7412450731629754
P1,R03,training,20,290,0,1.0,0.5004227120606857,0.7507244833230794,0.7415845573614699
P1,R03,training,20,291,0,1.0,0.5004227120606857,0.7507244833230794,0.7419179637195525
P1,R03,training,20,292,0,1.0,0.5004227120606857,0.7507244833230794,0.7422452839011817
P1,R03,training,20,293,0,1.0,0.5004227120606857,0.7507244833230794,0.742566509720037
P1,R03,training,20,294,0,1.0,0.5004227120606857,0.7507244833230794,0.742881633139861
P1,R03,training,20,295,0,1.0,0.5004227120606857,0.7507244833230794,0.743190646274794
P1,R03,training,20,296,0,1.0,0.5004227120606857,0.7507244833230794,0.7434935413897029
P1,R03,training,20,297,0,1.0,0.5004227120606857,0.7507244833230794,0.743790310900504
P1,R03,training,20,298,0,1.0,0.5004227120606857,0.7507244833230794,0.7440809473744793
P1,R03,training,20,299,0,1.0,0.5004227120606857,0.7507244833230794,0.744365443530587
P1,R03,training,20,300,0,1.0,0.5004227120606857,0.7507244833230794,0.7446437922397655
P1,R03,training,20,301,0,1.0,0.5004227120606857,0.7507244833230794,0.744915986525231
P1,R03,training,20,302,0,1.0,0.5004227120606857,0.7507244833230794,0.7451820195627687
P1,R03,training,20,303,0,1.0,0.5004227120606857,0.7507244833230794,0.7454418846810189
P1,R03,training,20,304,0,0.0,0.7493663277847022,0.7643152318591426,0.7591952830099397
P1,R03,training,20,305,0,0.0,0.7493663277847022,0.7643152318591426,0.7594472736860117
P1,R03,training,20,306,0,0.0,0.7493663277847022,0.7643152318591426,0.7596929653419354
P1,R03,training,20,307,0,0.0,0.7493663277847022,0.7643152318591426,0.7599323518108363
P1,R03,training,20,308,0,0.0,0.7493663277847022,0.7643152318591426,0.7601654270828162
P1,R03,training,20,309,0,0.0,0.7493663277847022,0.7643152318591426,0.7603921853052048
P1,R03,training,20,310,0,0.0,0.7493663277847022,0.7643152318591426,0.7606126207828047
P1,R03,training,20,311,0,0.0,0.7493663277847022,0.7643152318591426,0.7608267279781293
P1,R03,training,20,312,0,0.0,0.7493663277847022,0.7643152318591426,0.7610345015116353
P1,R03,training,20,313,0,0.0,0.7493663277847022,0.7643152318591426,0.7612359361619476
P1,R03,training,20,314,0,0.0,0.7493663277847022,0.7643152318591426,0.761431026866078
P1,R03,training,20,315,0,0.0,0.7493663277847022,0.7643152318591426,0.7616197687196372
P1,R03,training,20,316,0,0.0,0.7493663277847022,0.7643152318591426,0.7618021569770408
P1,R03,training,20,317,0,0.0,0.7493663277847022,0.7643152318591426,0.7619781870517074
P1,R03,training,20,318,0,0.0,0.7493663277847022,0.7643152318591426,0.7621478545162513
P1,R03,training,20,319,0,0.0,0.7493663277847022,0.7643152318591426,0.7623111551026686
P1,R03,training,20,320,0,0.0,0.7493990791185676,0.7350070526099536,0.7332307355476497
P1,R03,training,20,321,0,0.0,0.7493990791185676,0.7350070526099536,0.7333755170928087
P1,R03,training,20,322,0,0.0,0.7493990791185676,0.7350070526099536,0.7335141645103167
P1,R03,training,20,323,0,0.0,0.7493990791185676,0.7350070526099536,0.7336466743105641
P1,R03,training,20,324,0,0.0,0.7493990791185676,0.7350070526099536,0.7337730431580067
P1,R03,training,20,325,0,0.0,0.7493990791185676,0.7350070526099536,0.7338932678713067
P1,R03,training,20,326,0,0.0,0.7493990791185676,0.7350070526099536,0.734007345423465
P1,R03,training,20,327,0,0.0,0.7493990791185676,0.7350070526099536,0.734115272941949
P1,R03,training,20,328,0,0.0,0.7493990791185676,0.7350070526099536,0.7342170477088129
P1,R03,training,20,329,0,0.0,0.7493990791185676,0.7350070526099536,0.7343126671608117
P1,R03,training,20,330,0,0.0,0.7493990791185676,0.7350070526099536,0.734402128889509
P1,R03,training,20,331,0,0.0,0.7493990791185676,0.7350070526099536,0.734485430641378
P1,R03,training,20,332,0,0.0,0.7493990791185676,0.7350070526099536,0.734562570317896
P1,R03,training,20,333,0,0.0,0.7493990791185676,0.7350070526099536,0.7346335459756328
P1,R03,training,20,334,0,0.0,0.7493990791185676,0.7350070526099536,0.7346983558263318
P1,R03,training,20,335,0,0.0,0.7493990791185676,0.7350070526099536,0.7347569982369858
P1,R03,training,20,336,0,1.0,0.5004749613448884,0.71899592696234,0.7188026501121436
P1,R03,training,20,337,0,1.0,0.5004749613448884,0.71899592696234,0.7188479447118395
P1,R03,training,20,338,0,1.0,0.5004749613448884,0.71899592696234,0.7188872023402938
P1,R03,training,20,339,0,1.0,0.5004749613448884,0.71899592696234,0.7189204220081472
P1,R03,training,20,340,0,1.0,0.5004749613448884,0.71899592696234,0.7189476028781796
P1,R03,training,20,341,0,1.0,0.5004749613448884,0.71899592696234,0.7189687442653446
P1,R03,training,20,342,0,1.0,0.5004749613448884,0.71899592696234,0.7189838456367986
P1,R03,training,20,343,0,1.0,0.5004749613448884,0.71899592696234,0.7189929066119229
P1,R03,training,20,344,0,1.0,0.5004749613448884,0.71899592696234,0.71899592696234
P1,R03,training,20,345,0,1.0,0.5004749613448884,0.71899592696234,0.7189929066119229
P1,R03,training,20,346,0,1.0,0.5004749613448884,0.71899592696234,0.7189838456367986
P1,R03,training,20,347,0,1.0,0.5004749613448884,0.71899592696234,0.7189687442653446
P1,R03,training,20,348,0,1.0,0.5004749613448884,0.71899592696234,0.7189476028781796
P1,R03,training,20,349,0,1.0,0.5004749613448884,0.71899592696234,0.7189204220081472
P1,R03,training,20,350,0,1.0,0.5004749613448884,0.71899592696234,0.7188872023402938
P1,R03,training,20,351,0,1.0,0.5004749613448884,0.71899592696234,0.7188479447118395
P1,R03,training,20,352,0,1.0,0.9999999999999999,0.6603969395642275,0.6602194149975759
P1,R03,training,20,353,0,1.0,0.9999999999999999,0.6603969395642275,0.660172268056592
P1,R03,training,20,354,0,1.0,0.9999999999999999,0.6603969395642275,0.6601195784009117
P1,R03,training,20,355,0,1.0,0.9999999999999999,0.6603969395642275,0.6600613473582255
P1,R03,training,20,356,0,1.0,0.9999999999999999,0.6603969395642275,0.6599975763957748
P1,R03,training,20,357,0,1.0,0.9999999999999999,0.6603969395642275,0.6599282671202916
P1,R03,training,20,358,0,1.0,0.9999999999999999,0.6603969395642275,0.6598534212779296
P1,R03,training,20,359,0,1.0,0.9999999999999999,0.6603969395642275,0.6597730407541917
P1,R03,training,20,360,0,1.0,0.9999999999999999,0.6603969395642275,0.6596871275738507
P1,R03,training,20,361,0,1.0,0.9999999999999999,0.6603969395642275,0.659595683900864
P1,R03,training,20,362,0,1.0,0.9999999999999999,0.6603969395642275,0.6594987120382834
P1,R03,training,20,363,0,1.0,0.9999999999999999,0.6603969395642275,0.6593962144281572
P1,R03,training,20,364,0,1.0,0.9999999999999999,0.6603969395642275,0.6592881936514295
P1,R03,training,20,365,0,1.0,0.9999999999999999,0.6603969395642275,0.6591746524278302
P1,R03,training,20,366,0,1.0,0.9999999999999999,0.6603969395642275,0.6590555936157618
P1,R03,training,20,367,0,1.0,0.9999999999999999,0.6603969395642275,0.6589310202121793
P1,R03,training,20,368,0,1.0,0.9999999999999999,0.6277645475196064,0.6262474071426415
P1,R03,training,20,369,0,1.0,0.9999999999999999,0.6277645475196064,0.6261185142001313
P1,R03,training,20,370,0,1.0,0.9999999999999999,0.6277645475196064,0.6259843884958816
P1,R03,training,20,371,0,1.0,0.9999999999999999,0.6277645475196064,0.6258450334043323
P1,R03,training,20,372,0,1.0,0.9999999999999999,0.6277645475196064,0.6257004524309764
P1,R03,training,20,373,0,1.0,0.9999999999999999,0.6277645475196064,0.6255506492122138
P1,R03,training,20,374,0,1.0,0.9999999999999999,0.6277645475196064,0.6253956275151983
P1,R03,training,20,375,0,1.0,0.9999999999999999,0.6277645475196064,0.6252353912376799
P1,R03,training,20,376,0,1.0,0.9999999999999999,0.6277645475196064,0.6250699444078418
P1,R03,training,20,377,0,1.0,0.9999999999999999,0.6277645475196064,0.624899291184131
P1,R03,training,20,378,0,1.0,0.9999999999999999,0.6277645475196064,0.6247234358550847
P1,R03,training,20,379,0,1.0,0.9999999999999999,0.6277645475196064,0.6245423828391503
P1,R03,training,20,380,0,1.0,0.9999999999999999,0.6277645475196064,0.6243561366845004
P1,R03,training,20,381,0,1.0,0.9999999999999999,0.6277645475196064,0.6241647020688424
P1,R03,training,20,382,0,1.0,0.9999999999999999,0.6277645475196064,0.6239680837992231
P1,R03,training,20,383,0,1.0,0.9999999999999999,0.6277645475196064,0.6237662868118268
P1,R03,training,20,384,0,1.0,0.7502392537358523,0.5938527599455266,0.5898746948381711
P1,R03,training,20,385,0,1.0,0.7502392537358523,0.5938527599455266,0.5896740154754038
P1,R03,training,20,386,0,1.0,0.7502392537358523,0.5938527599455266,0.5894684518883427
P1,R03,training,20,387,0,1.0,0.7502392537358523,0.5938527599455266,0.5892580092331636
P1,R03,training,20,388,0,1.0,0.7502392537358523,0.5938527599455266,0.5890426927871759
P1,R03,training,20,389,0,1.0,0.7502392537358523,0.5938527599455266,0.5888225079486034
P1,R03,training,20,390,0,1.0,0.7502392537358523,0.5938527599455266,0.588597460236358
P1,R03,training,20,391,0,1.0,0.7502392537358523,0.5938527599455266,0.5883675552898094
P1,R03,training,20,392,0,1.0,0.7502392537358523,0.5938527599455266,0.5881327988685499
P1,R03,training,20,393,0,1.0,0.7502392537358523,0.5938527599455266,0.587893196852153
P1,R03,training,20,394,0,1.0,0.7502392537358523,0.5938527599455266,0.5876487552399292
P1,R03,training,20,395,0,1.0,0.7502392537358523,0.5938527599455266,0.5873994801506747
P1,R03,training,20,396,0,1.0,0.7502392537358523,0.5938527599455266,0.5871453778224162
P1,R03,training,20,397,0,1.0,0.7502392537358523,0.5938527599455266,0.5868864546121515
P1,R03,training,20,398,0,1.0,0.7502392537358523,0.5938527599455266,0.5866227169955837
P1,R03,training,20,399,0,1.0,0.7502392537358523,0.5938527599455266,0.5863541715668513
P1,R03,training,20,400,0,0.0,0.7495688204976817,0.5447278507057651,0.5375988286932177
P1,R03,training,20,401,0,0.0,0.7495688204976817,0.5447278507057651,0.5373436963616691
P1,R03,training,20,402,0,0.0,0.7495688204976817,0.5447278507057651,0.5370841727268398
P1,R03,training,20,403,0,0.0,0.7495688204976817,0.5447278507057651,0.5368202642693746
P1,R03,training,20,404,0,0.0,0.7495688204976817,0.5447278507057651,0.5365519775772515
P1,R03,training,20,405,0,0.0,0.7495688204976817,0.5447278507057651,0.5362793193455087
P1,R03,training,20,406,0,0.0,0.7495688204976817,0.5447278507057651,0.5360022963759657
P1,R03,training,20,407,0,0.0,0.7495688204976817,0.5447278507057651,0.5357209155769405
P1,R03,training,20,408,0,0.0,0.7495688204976817,0.5447278507057651,0.5354351839629624
P1,R03,training,20,409,0,0.0,0.7495688204976817,0.5447278507057651,0.535145108654481
P1,R03,training,20,410,0,0.0,0.7495688204976817,0.5447278507057651,0.5348506968775699
P1,R03,training,20,411,0,0.0,0.7495688204976817,0.5447278507057651,0.5345519559636273
P1,R03,training,20,412,0,0.0,0.7495688204976817,0.5447278507057651,0.5342488933490712
P1,R03,training,20,413,0,0.0,0.7495688204976817,0.5447278507057651,0.5339415165750312
P1,R03,training,20,414,0,0.0,0.7495688204976817,0.5447278507057651,0.5336298332870358
P1,R03,training,20,415,0,0.0,0.7495688204976817,0.5447278507057651,0.5333138512346953
P1,R03,training,20,416,0,1.0,0.5002458636260304,0.5071777155465073,0.49625233055075096
P1,R03,training,20,417,0,1.0,0.5002458636260304,0.5071777155465073,0.49595014749074723
P1,R03,training,20,418,0,1.0,0.5002458636260304,0.5071777155465073,0.49564398422099376
P1,R03,training,20,419,0,1.0,0.5002458636260304,0.5071777155465073,0.4953338483414912
P1,R03,training,20,420,0,1.0,0.5002458636260304,0.5071777155465073,0.4950197475476138
P1,R03,training,20,421,0,1.0,0.5002458636260304,0.5071777155465073,0.4947016896297911
P1,R03,training,20,422,0,1.0,0.5002458636260304,0.5071777155465073,0.4943796824731863
P1,R03,training,20,423,0,1.0,0.5002458636260304,0.5071777155465073,0.4940537340573698
P1,R03,training,20,424,0,1.0,0.5002458636260304,0.5071777155465073,0.4937238524559905
P1,R03,training,20,425,0,1.0,0.5002458636260304,0.5071777155465073,0.49339004583644186
P1,R03,training,20,426,0,1.0,0.5002458636260304,0.5071777155465073,0.4930523224595253
P1,R03,training,20,427,0,1.0,0.5002458636260304,0.5071777155465073,0.49271069067910944
P1,R03,training,20,428,0,1.0,0.5002458636260304,0.5071777155465073,0.4923651589417857
P1,R03,training,20,429,0,1.0,0.5002458636260304,0.5071777155465073,0.4920157357865203
P1,R03,training,20,430,0,1.0,0.5002458636260304,0.5071777155465073,0.49166242984430275
P1,R03,training,20,431,0,1.0,0.5002458636260304,0.5071777155465073,0.49130524983779034
P1,R03,training,20,432,0,1.0,0.5002956353003718,0.45418059351533546,0.4396433900476515
P1,R03,training,20,433,0,1.0,0.5002956353003718,0.45418059351533546,0.43931661854092474
P1,R03,training,20,434,0,1.0,0.5002956353003718,0.45418059351533546,0.4389864017099708
P1,R03,training,20,435,0,1.0,0.5002956353003718,0.45418059351533546,0.4386527476910913
P1,R03,training,20,436,0,1.0,0.5002956353003718,0.45418059351533546,0.4383156647010382
P1,R03,training,20,437,0,1.0,0.5002956353003718,0.45418059351533546,0.4379751610366771
P1,R03,training,20,438,0,1.0,0.5002956353003718,0.45418059351533546,0.4376312450746466
P1,R03,training,20,439,0,1.0,0.5002956353003718,0.45418059351533546,0.4372839252710149
P1,R03,training,20,440,0,1.0,0.5002956353003718,0.45418059351533546,0.4369332101609336
P1,R03,training,20,441,0,1.0,0.5002956353003718,0.45418059351533546,0.4365791083582882
P1,R03,training,20,442,0,1.0,0.5002956353003718,0.45418059351533546,0.43622162855534524
P1,R03,training,20,443,0,1.0,0.5002956353003718,0.45418059351533546,0.43586077952239727
P1,R03,training,20,444,0,1.0,0.5002956353003718,0.45418059351533546,0.43549657010740406
P1,R03,training,20,445,0,1.0,0.5002956353003718,0.45418059351533546,0.43512900923563114
P1,R03,training,20,446,0,1.0,0.5002956353003718,0.45418059351533546,0.43475810590928543
P1,R03,training,20,447,0,1.0,0.5002956353003718,0.45418059351533546,0.4343838692071479
P1,R03,training,20,448,0,0.0,0.4998110255024951,0.4004456573400419,0.38265822866939486
P1,R03,training,20,449,0,0.0,0.4998110255024951,0.4004456573400419,0.38232241488188756
P1,R03,training,20,450,0,0.0,0.4998110255024951,0.4004456573400419,0.38198368651214226
P1,R03,training,20,451,0,0.0,0.4998110255024951,0.4004456573400419,0.38164205183158056
P1,R03,training,20,452,0,0.0,0.4998110255024951,0.4004456573400419,0.3812975191774814
P1,R03,training,20,453,0,0.0,0.4998110255024951,0.4004456573400419,0.3809500969526416
P1,R03,training,20,454,0,0.0,0.4998110255024951,0.4004456573400419,0.3805997936250347
P1,R03,training,20,455,0,0.0,0.4998110255024951,0.4004456573400419,0.380246617727467
P1,R03,training,20,456,0,0.0,0.4998110255024951,0.4004456573400419,0.37989057785723135
P1,R03,training,20,457,0,0.0,0.4998110255024951,0.4004456573400419,0.37953168267575865
P1,R03,training,20,458,0,0.0,0.4998110255024951,0.4004456573400419,0.3791699409082666
P1,R03,training,20,459,0,0.0,0.4998110255024951,0.4004456573400419,0.3788053613434066
P1,R03,training,20,460,0,0.0,0.4998110255024951,0.4004456573400419,0.37843795283290793
P1,R03,training,20,461,0,0.0,0.4998110255024951,0.4004456573400419,0.3780677242912198
P1,R03,training,20,462,0,0.0,0.4998110255024951,0.4004456573400419,0.37769468469515116
P1,R03,training,20,463,0,0.0,0.4998110255024951,0.4004456573400419,0.3773188430835081
P1,R03,training,20,464,0,0.0,0.0,0.3596779702715981,0.338565512304484
P1,R03,training,20,465,0,0.0,0.0,0.3596779702715981,0.33822292461415365
P1,R03,training,20,466,0,0.0,0.0,0.3596779702715981,0.33787784485629824
P1,R03,training,20,467,0,0.0,0.0,0.3596779702715981,0.33753028136896646
P1,R03,training,20,468,0,0.0,0.0,0.3596779702715981,0.3371802425442345
P1,R03,training,20,469,0,0.0,0.0,0.3596779702715981,0.33682773682786876
P1,R03,training,20,470,0,0.0,0.0,0.3596779702715981,0.3364727727189859
P1,R03,training,20,471,0,0.0,0.0,0.3596779702715981,0.3361153587697122
P1,R03,training,20,472,0,0.0,0.0,0.3596779702715981,0.3357555035848402
P1,R03,training,20,473,0,0.0,0.0,0.3596779702715981,0.33539321582148346
P1,R03,training,20,474,0,0.0,0.0,0.3596779702715981,0.33502850418873037
P1,R03,training,20,475,0,0.0,0.0,0.3596779702715981,0.33466137744729507
P1,R03,training,20,476,0,0.0,0.0,0.3596779702715981,0.3342918444091672
P1,R03,training,20,477,0,0.0,0.0,0.3596779702715981,0.3339199139372597
P1,R03,training,20,478,0,0.0,0.0,0.3596779702715981,0.33354559494505504
P1,R03,training,20,479,0,0.0,0.0,0.3596779702715981,0.33316889639624936
P1,R03,training,20,480,0,0.0,0.2496709385831579,0.29168426167658906,0.2698790670928872
P1,R03,training,20,481,0,0.0,0.2496709385831579,0.29168426167658906,0.2695697423526268
P1,R03,training,20,482,0,0.0,0.2496709385831579,0.29168426167658906,0.26925850993737627
P1,R03,training,20,483,0,0.0,0.2496709385831579,0.29168426167658906,0.26894537727630397
P1,R03,training,20,484,0,0.0,0.2496709385831579,0.29168426167658906,0.26863035183783673
P1,R03,training,20,485,0,0.0,0.2496709385831579,0.29168426167658906,0.2683134411293638
P1,R03,training,20,486,0,0.0,0.2496709385831579,0.29168426167658906,0.26799465269693906
P1,R03,training,20,487,0,0.0,0.2496709385831579,0.29168426167658906,0.2676739941249816
P1,R03,training,20,488,0,0.0,0.2496709385831579,0.29168426167658906,0.26735147303597584
P1,R03,training,20,489,0,0.0,0.2496709385831579,0.29168426167658906,0.2670270970901697
P1,R03,training,20,490,0,0.0,0.2496709385831579,0.29168426167658906,0.26670087398527187
P1,R03,training,20,491,0,0.0,0.2496709385831579,0.29168426167658906,0.26637281145614794
P1,R03,training,20,492,0,0.0,0.2496709385831579,0.29168426167658906,0.2660429172745151
P1,R03,training,20,493,0,0.0,0.2496709385831579,0.29168426167658906,0.2657111992486358
P1,R03,training,20,494,0,0.0,0.2496709385831579,0.29168426167658906,0.26537766522301043
P1,R03,training,20,495,0,0.0,0.2496709385831579,0.29168426167658906,0.26504232307806824
P1,R03,training,20,496,0,0.0,0.249616813896004,0.23982073535131207,0.2176387259602073
P1,R03,training,20,497,0,0.0,0.249616813896004,0.23982073535131207,0.2173600563310346
P1,R03,training,20,498,0,0.0,0.249616813896004,0.23982073535131207,0.21707991969135065
P1,R03,training,20,499,0,0.0,0.249616813896004,0.23982073535131207,0.21679832263599555
P1,R03,training,20,500,0,0.0,0.249616813896004,0.23982073535131207,0.21651527178806787
P1,R03,training,20,501,0,0.0,0.249616813896004,0.23982073535131207,0.21623077379866532
P1,R03,training,20,502,0,0.0,0.249616813896004,0.23982073535131207,0.21594483534662495
P1,R03,training,20,503,0,0.0,0.249616813896004,0.23982073535131207,0.2156574631382623
P1,R03,training,20,504,0,0.0,0.249616813896004,0.23982073535131207,0.21536866390711001
P1,R03,training,20,505,0,0.0,0.249616813896004,0.23982073535131207,0.2150784444136552
P1,R03,training,20,506,0,0.0,0.249616813896004,0.23982073535131207,0.21478681144507658
P1,R03,training,20,507,0,0.0,0.249616813896004,0.23982073535131207,0.21449377181498042
P1,R03,training,20,508,0,0.0,0.249616813896004,0.23982073535131207,0.2141993323631359
P1,R03,training,20,509,0,0.0,0.249616813896004,0.23982073535131207,0.21390349995520974
P1,R03,training,20,510,0,0.0,0.249616813896004,0.23982073535131207,0.2136062814825001
P1,R03,training,20,511,0,0.0,0.249616813896004,0.23982073535131207,0.21330768386166968
P1,R03,training,20,512,0,0.0,0.0,0.19030647637515807,0.16902936870428154
P1,R03,training,20,513,0,0.0,0.0,0.19030647637515807,0.1687902483683433
P1,R03,training,20,514,0,0.0,0.0,0.19030647637515807,0.16855005021271918
P1,R03,training,20,515,0,0.0,0.0,0.19030647637515807,0.16830877980441525
P1,R03,training,20,516,0,0.0,0.0,0.19030647637515807,0.16806644272949856
P1,R03,training,20,517,0,0.0,0.0,0.19030647637515807,0.16782304459288222
P1,R03,training,20,518,0,0.0,0.0,0.19030647637515807,0.1675785910181101
P1,R03,training,20,519,0,0.0,0.0,0.19030647637515807,0.16733308764714094
P1,R03,training,20,520,0,0.0,0.0,0.19030647637515807,0.1670865401401322
P1,R03,training,20,521,0,0.0,0.0,0.19030647637515807,0.16683895417522313
P1,R03,training,20,522,0,0.0,0.0,0.19030647637515807,0.16659033544831772
P1,R03,training,20,523,0,0.0,0.0,0.19030647637515807,0.16634068967286705
P1,R03,training,20,524,0,0.0,0.0,0.19030647637515807,0.16609002257965133
P1,R03,training,20,525,0,0.0,0.0,0.19030647637515807,0.16583833991656147
P1,R03,training,20,526,0,0.0,0.0,0.19030647637515807,0.16558564744838014
P1,R03,training,20,527,0,0.0,0.0,0.19030647637515807,0.16533195095656286
P1,R03,training,20,528,0,0.0,0.0,0.1425393868886436,0.1236427227373156
P1,R03,training,20,529,0,0.0,0.0,0.1425393868886436,0.12345121329782763
P1,R03,training,20,530,0,0.0,0.0,0.1425393868886436,0.12325896490969786
P1,R03,training,20,531,0,0.0,0.0,0.1425393868886436,0.12306598195153569
P1,R03,training,20,532,0,0.0,0.0,0.1425393868886436,0.1228722688136137
P1,R03,training,20,533,0,0.0,0.0,0.1425393868886436,0.12267782989770168
P1,R03,training,20,534,0,0.0,0.0,0.1425393868886436,0.12248266961690102
P1,R03,training,20,535,0,0.0,0.0,0.1425393868886436,0.12228679239547838
P1,R03,training,20,536,0,0.0,0.0,0.1425393868886436,0.12209020266869942
P1,R03,training,20,537,0,0.0,0.0,0.1425393868886436,0.12189290488266233
P1,R03,training,20,538,0,0.0,0.0,0.1425393868886436,0.12169490349413103
P1,R03,training,20,539,0,0.0,0.0,0.1425393868886436,0.1214962029703684
P1,R03,training,20,540,0,0.0,0.0,0.1425393868886436,0.12129680778896904
P1,R03,training,20,541,0,0.0,0.0,0.1425393868886436,0.12109672243769225
P1,R03,training,20,542,0,0.0,0.0,0.1425393868886436,0.12089595141429452
P1,R03,training,20,543,0,0.0,0.0,0.1425393868886436,0.12069449922636205
P1,R03,training,20,544,0,0.0,0.0,0.1100396241095001,0.0930194484157727
P1,R03,training,20,545,0,0.0,0.0,0.1100396241095001,0.0928628871913399
P1,R03,training,20,546,0,0.0,0.0,0.1100396241095001,0.09270581059535755
P1,R03,training,20,547,0,0.0,0.0,0.1100396241095001,0.09254822213671622
P1,R03,training,20,548,0,0.0,0.0,0.1100396241095001,0.09239012533124684
P1,R03,training,20,549,0,0.0,0.0,0.1100396241095001,0.09223152370159095
P1,R03,training,20,550,0,0.0,0.0,0.1100396241095001,0.09207242077707072
P1,R03,training,20,551,0,0.0,0.0,0.1100396241095001,0.09191282009355906
P1,R03,training,20,552,0,0.0,0.0,0.1100396241095001,0.09175272519334952
P1,R03,training,20,553,0,0.0,0.0,0.1100396241095001,0.09159213962502626
P1,R03,training,20,554,0,0.0,0.0,0.1100396241095001,0.09143106694333392
P1,R03,training,20,555,0,0.0,0.0,0.1100396241095001,0.09126951070904749
P1,R03,training,20,556,0,0.0,0.0,0.1100396241095001,0.09110747448884213
P1,R03,training,20,557,0,0.0,0.0,0.1100396241095001,0.09094496185516307
P1,R03,training,20,558,0,0.0,0.0,0.1100396241095001,0.09078197638609527
P1,R03,training,20,559,0,0.0,0.0,0.1100396241095001,0.09061852166523335
P1,R03,training,20,560,0,0.0,0.0,0.07882076027841095,0.06479211921514433
P1,R03,training,20,561,0,0.0,0.0,0.07882076027841095,0.06467437299445428
P1,R03,training,20,562,0,0.0,0.0,0.07882076027841095,0.06455629837483066
P1,R03,training,20,563,0,0.0,0.0,0.07882076027841095,0.06443789793803557
P1,R03,training,20,564,0,0.0,0.0,0.07882076027841095,0.06431917426931134
P1,R03,training,20,565,0,0.0,0.0,0.07882076027841095,0.06420012995728751
P1,R03,training,20,566,0,0.0,0.0,0.07882076027841095,0.06408076759388752
P1,R03,training,20,567,0,0.0,0.0,0.07882076027841095,0.06396108977423572
P1,R03,training,20,568,0,0.0,0.0,0.07882076027841095,0.0638410990965642
P1,R03,training,20,569,0,0.0,0.0,0.07882076027841095,0.06372079816211981
P1,R03,training,20,570,0,0.0,0.0,0.07882076027841095,0.06360018957507114
P1,R03,training,20,571,0,0.0,0.0,0.07882076027841095,0.06347927594241555
P1,R03,training,20,572,0,0.0,0.0,0.07882076027841095,0.06335805987388635
P1,R03,training,20,573,0,0.0,0.0,0.07882076027841095,0.06323654398185995
P1,R03,training,20,574,0,0.0,0.0,0.07882076027841095,0.06311473088126308
P1,R03,training,20,575,0,0.0,0.0,0.07882076027841095,0.06299262318948017
P1,R03,training,20,576,0,0.0,0.0,0.04912668739949638,0.03918518175924067
P1,R03,training,20,577,0,0.0,0.0,0.04912668739949638,0.03910871326604495
P1,R03,training,20,578,0,0.0,0.0,0.04912668739949638,0.039032066065363566
P1,R03,training,20,579,0,0.0,0.0,0.04912668739949638,0.03895524179408654
P1,R03,training,20,580,0,0.0,0.0,0.04912668739949638,0.03887824209034759
P1,R03,training,20,581,0,0.0,0.0,0.04912668739949638,0.038801068593466714
P1,R03,training,20,582,0,0.0,0.0,0.04912668739949638,0.03872372294389279
P1,R03,training,20,583,0,0.0,0.0,0.04912668739949638,0.038646206783146245
P1,R03,training,20,584,0,0.0,0.0,0.04912668739949638,0.03856852175376183
P1,R03,training,20,585,0,0.0,0.0,0.04912668739949638,0.03849066949923146
P1,R03,training,20,586,0,0.0,0.0,0.04912668739949638,0.03841265166394706
P1,R03,training,20,587,0,0.0,0.0,0.04912668739949638,0.0383344698931436
P1,R03,training,20,588,0,0.0,0.0,0.04912668739949638,0.03825612583284211
P1,R03,training,20,589,0,0.0,0.0,0.04912668739949638,0.038177621129792866
P1,R03,training,20,590,0,0.0,0.0,0.04912668739949638,0.038098957431418556
P1,R03,training,20,591,0,0.0,0.0,0.04912668739949638,0.03802013638575766
P1,R03,training,20,592,0,0.0,0.0,0.047579241010121356,0.03674604729812366
P1,R03,training,20,593,0,0.0,0.0,0.047579241010121356,0.036669409052896396
P1,R03,training,20,594,0,0.0,0.0,0.047579241010121356,0.03659262320809097
P1,R03,training,20,595,0,0.0,0.0,0.047579241010121356,0.03651569136167235
P1,R03,training,20,596,0,0.0,0.0,0.047579241010121356,0.036438615111928724
P1,R03,training,20,597,0,0.0,0.0,0.047579241010121356,0.03636139605741717
P1,R03,training,20,598,0,0.0,0.0,0.047579241010121356,0.036284035796909433
P1,R03,training,20,599,0,0.0,0.0,0.047579241010121356,0.03620653592933777
P1,R03,training,20,600,0,0.0,0.0,0.047579241010121356,0.03612889805374096
P1,R03,training,20,601,0,0.0,0.0,0.047579241010121356,0.03605112376921039
P1,R03,training,20,602,0,0.0,0.0,0.047579241010121356,0.035973214674836246
P1,R03,training,20,603,0,0.0,0.0,0.047579241010121356,0.03589517236965386
P1,R03,training,20,604,0,0.0,0.0,0.047579241010121356,0.035816998452590135
P1,R03,training,20,605,0,0.0,0.0,0.047579241010121356,0.03573869452241008
P1,R03,training,20,606,0,0.0,0.0,0.047579241010121356,0.035660262177663556
P1,R03,training,20,607,0,0.0,0.0,0.047579241010121356,0.035581703016632014
P1,R03,training,20,608,0,0.0,0.24962096630215733,0.03245881702898018,0.024220352436447126
P1,R03,training,20,609,0,0.0,0.24962096630215733,0.03245881702898018,0.024166589190097978
P1,R03,training,20,610,0,0.0,0.24962096630215733,0.03245881702898018,0.024112742698598186
P1,R03,training,20,611,0,0.0,0.24962096630215733,0.03245881702898018,0.024058814051210586
P1,R03,training,20,612,0,0.0,0.24962096630215733,0.03245881702898018,0.024004804336834832
P1,R03,training,20,613,0,0.0,0.24962096630215733,0.03245881702898018,0.023950714643971634
P1,R03,training,20,614,0,0.0,0.24962096630215733,0.03245881702898018,0.023896546060687158
P1,R03,training,20,615,0,0.0,0.24962096630215733,0.03245881702898018,0.023842299674577423
P1,R03,training,20,616,0,0.0,0.24962096630215733,0.03245881702898018,0.02378797657273289
P1,R03,training,20,617,0,0.0,0.24962096630215733,0.03245881702898018,0.023733577841703123
P1,R03,training,20,618,0,0.0,0.24962096630215733,0.03245881702898018,0.023679104567461536
P1,R03,training,20,619,0,0.0,0.24962096630215733,0.03245881702898018,0.02362455783537025
P1,R03,training,20,620,0,0.0,0.24962096630215733,0.03245881702898018,0.02356993873014508
P1,R03,training,20,621,0,0.0,0.24962096630215733,0.03245881702898018,0.0235152483358206
P1,R03,training,20,622,0,0.0,0.24962096630215733,0.03245881702898018,0.023460487735715338
P1,R03,training,20,623,0,0.0,0.24962096630215733,0.03245881702898018,0.023405658012397065
P1,R03,training,20,624,0,0.0,0.0,0.01811694714213879,0.013033268857509252
P1,R03,training,20,625,0,0.0,0.0,0.01811694714213879,0.0130025901972073
P1,R03,training,20,626,0,0.0,0.0,0.01811694714213879,0.012971874765664106
P1,R03,training,20,627,0,0.0,0.0,0.01811694714213879,0.01294112316524826
P1,R03,training,20,628,0,0.0,0.0,0.01811694714213879,0.012910335997813424
P1,R03,training,20,629,0,0.0,0.0,0.01811694714213879,0.01287951386467936
P1,R03,training,20,630,0,0.0,0.0,0.01811694714213879,0.012848657366613003
P1,R03,training,20,631,0,0.0,0.0,0.01811694714213879,0.012817767103809632
P1,R03,training,20,632,0,0.0,0.0,0.01811694714213879,0.012786843675874076
P1,R03,training,20,633,0,0.0,0.0,0.01811694714213879,0.012755887681802023
P1,R03,training,20,634,0,0.0,0.0,0.01811694714213879,0.01272489971996137
P1,R03,training,20,635,0,0.0,0.0,0.01811694714213879,0.012693880388073668
P1,R03,training,20,636,0,0.0,0.0,0.01811694714213879,0.012662830283195628
P1,R03,training,20,637,0,0.0,0.0,0.01811694714213879,0.0126317500017007
P1,R03,training,20,638,0,0.0,0.0,0.01811694714213879,0.012600640139260723
P1,R03,training,20,639,0,0.0,0.0,0.01811694714213879,0.012569501290827659
P1,R03,training,20,640,0,0.0,0.0,0.01784722093887851,0.01235166257599286
P1,R03,training,20,641,0,0.0,0.0,0.01784722093887851,0.012320931971076865
P1,R03,training,20,642,0,0.0,0.0,0.01784722093887851,0.012290174565561996
P1,R03,training,20,643,0,0.0,0.0,0.01784722093887851,0.012259390942527386
P1,R03,training,20,644,0,0.0,0.0,0.01784722093887851,0.01222858168425413
P1,R03,training,20,645,0,0.0,0.0,0.01784722093887851,0.012197747372207744
P1,R03,training,20,646,0,0.0,0.0,0.01784722093887851,0.012166888587020702
P1,R03,training,20,647,0,0.0,0.0,0.01784722093887851,0.01213600590847504
P1,R03,training,20,648,0,0.0,0.0,0.01784722093887851,0.012105099915485053
P1,R03,training,20,649,0,0.0,0.0,0.01784722093887851,0.012074171186080068
P1,R03,training,20,650,0,0.0,0.0,0.01784722093887851,0.012043220297387294
P1,R03,training,20,651,0,0.0,0.0,0.01784722093887851,0.012012247825614752
P1,R03,training,20,652,0,0.0,0.0,0.01784722093887851,0.011981254346034307
P1,R03,training,20,653,0,0.0,0.0,0.01784722093887851,0.011950240432964755
P1,R03,training,20,654,0,0.0,0.0,0.01784722093887851,0.01191920665975501
P1,R03,training,20,655,0,0.0,0.0,0.01784722093887851,0.011888153598767366
P1,R03,training,20,656,0,0.0,0.0,0.01740657148384782,0.011564329428104207
P1,R03,training,20,657,0,0.0,0.0,0.01740657148384782,0.011534007117563961
P1,R03,training,20,658,0,0.0,0.0,0.01740657148384782,0.01150366766421914
P1,R03,training,20,659,0,0.0,0.0,0.01740657148384782,0.011473311622289817
P1,R03,training,20,660,0,0.0,0.0,0.01740657148384782,0.01144293954495346
P1,R03,training,20,661,0,0.0,0.0,0.01740657148384782,0.011412551984329129
P1,R03,training,20,662,0,0.0,0.0,0.01740657148384782,0.011382149491461735
P1,R03,training,20,663,0,0.0,0.0,0.01740657148384782,0.011351732616306412
P1,R03,training,20,664,0,0.0,0.0,0.01740657148384782,0.011321301907712947
P1,R03,training,20,665,0,0.0,0.0,0.01740657148384782,0.011290857913410331
P1,R03,training,20,666,0,0.0,0.0,0.01740657148384782,0.011260401179991365
P1,R03,training,20,667,0,0.0,0.0,0.01740657148384782,0.011229932252897385
P1,R03,training,20,668,0,0.0,0.0,0.01740657148384782,0.011199451676403056
P1,R03,training,20,669,0,0.0,0.0,0.01740657148384782,0.011168959993601258
P1,R03,training,20,670,0,0.0,0.0,0.01740657148384782,0.011138457746388074
P1,R03,training,20,671,0,0.0,0.0,0.01740657148384782,0.011107945475447864
P1,R03,training,20,672,0,0.0,0.0,0.016807879703277954,0.010696420342442255
P1,R03,training,20,673,0,0.0,0.0,0.016807879703277954,0.010666939731941341
P1,R03,training,20,674,0,0.0,0.0,0.016807879703277954,0.010637451001575435
P1,R03,training,20,675,0,0.0,0.0,0.016807879703277954,0.01060795466860971
P1,R03,training,20,676,0,0.0,0.0,0.016807879703277954,0.010578451249068553
P1,R03,training,20,677,0,0.0,0.0,0.016807879703277954,0.010548941257721689
P1,R03,training,20,678,0,0.0,0.0,0.016807879703277954,0.010519425208070395
P1,R03,training,20,679,0,0.0,0.0,0.016807879703277954,0.010489903612333797
P1,R03,training,20,680,0,0.0,0.0,0.016807879703277954,0.010460376981435284
P1,R03,training,20,681,0,0.0,0.0,0.016807879703277954,0.010430845824988984
P1,R03,training,20,682,0,0.0,0.0,0.016807879703277954,0.010401310651286353
P1,R03,training,20,683,0,0.0,0.0,0.016807879703277954,0.010371771967282853
P1,R03,training,20,684,0,0.0,0.0,0.016807879703277954,0.010342230278584715
P1,R03,training,20,685,0,0.0,0.0,0.016807879703277954,0.010312686089435818
P1,R03,training,20,686,0,0.0,0.0,0.016807879703277954,0.010283139902704625
P1,R03,training,20,687,0,0.0,0.0,0.016807879703277954,0.010253592219871266
P1,R03,training,20,688,0,0.0,0.0,0.0160682906712874,0.009774159879361982
P1,R03,training,20,689,0,0.0,0.0,0.0160682906712874,0.0097459109413103
P2,R03,training,20,0,0,0.0,0.0,0.0,0.0
P2,R03,training,20,1,0,0.0,0.0,0.0,0.0
P2,R03,training,20,2,0,0.0,0.0,0.0,0.0
P2,R03,training,20,3,0,0.0,0.0,0.0,0.0
P2,R03,training,20,4,0,0.0,0.0,0.0,0.0
P2,R03,training,20,5,0,0.0,0.0,0.0,0.0
P2,R03,training,20,6,0,0.0,0.0,0.0,0.0
P2,R03,training,20,7,0,0.0,0.0,0.0,0.0
P2,R03,training,20,8,0,0.0,0.0,0.0,0.0
P2,R03,training,20,9,0,0.0,0.0,0.0,0.0
P2,R03,training,20,10,0,0.0,0.0,0.0,0.0
P2,R03,training,20,11,0,0.0,0.0,0.0,0.0
P2,R03,training,20,12,0,0.0,0.0,0.0,0.0
P2,R03,training,20,13,0,0.0,0.0,0.0,0.0
P2,R03,training,20,14,0,0.0,0.0,0.0,0.0
P2,R03,training,20,15,0,0.0,0.0,0.0,0.0
P2,R03,training,20,16,0,0.0,0.0,0.0,0.0
P2,R03,training,20,17,0,0.0,0.0,0.0,0.0
P2,R03,training,20,18,0,0.0,0.0,0.0,0.0
P2,R03,training,20,19,0,0.0,0.0,0.0,0.0
P2,R03,training,20,20,0,0.0,0.0,0.0,0.0
P2,R03,training,20,21,0,0.0,0.0,0.0,0.0
P2,R03,training,20,22,0,0.0,0.0,0.0,0.0
P2,R03,training,20,23,0,0.0,0.0,0.0,0.0
P2,R03,training,20,24,0,0.0,0.0,0.0,0.0
P2,R03,training,20,25,0,0.0,0.0,0.0,0.0
P2,R03,training,20,26,0,0.0,0.0,0.0,0.0
P2,R03,training,20,27,0,0.0,0.0,0.0,0.0
P2,R03,training,20,28,0,0.0,0.0,0.0,0.0
P2,R03,training,20,29,0,0.0,0.0,0.0,0.0
P2,R03,training,20,30,0,0.0,0.0,0.0,0.0
P2,R03,training,20,31,0,0.0,0.0,0.0,0.0
P2,R03,training,20,32,0,0.0,0.0,0.0,0.0
P2,R03,training,20,33,0,0.0,0.0,0.0,0.0
P2,R03,training,20,34,0,0.0,0.0,0.0,0.0
P2,R03,training,20,35,0,0.0,0.0,0.0,0.0
P2,R03,training,20,36,0,0.0,0.0,0.0,0.0
P2,R03,training,20,37,0,0.0,0.0,0.0,0.0
P2,R03,training,20,38,0,0.0,0.0,0.0,0.0
P2,R03,training,20,39,0,0.0,0.0,0.0,0.0
P2,R03,training,20,40,0,0.0,0.0,0.0,0.0
P2,R03,training,20,41,0,0.0,0.0,0.0,0.0
P2,R03,training,20,42,0,0.0,0.0,0.0,0.0
P2,R03,training,20,43,0,0.0,0.0,0.0,0.0
P2,R03,training,20,44,0,0.0,0.0,0.0,0.0
P2,R03,training,20,45,0,0.0,0.0,0.0,0.0
P2,R03,training,20,46,0,0.0,0.0,0.0,0.0
P2,R03,training,20,47,0,0.0,0.0,0.0,0.0
P2,R03,training,20,48,0,0.0,0.0,0.0,0.0
P2,R03,training,20,49,0,0.0,0.0,0.0,0.0
P2,R03,training,20,50,0,0.0,0.0,0.0,0.0
P2,R03,training,20,51,0,0.0,0.0,0.0,0.0
P2,R03,training,20,52,0,0.0,0.0,0.0,0.0
P2,R03,training,20,53,0,0.0,0.0,0.0,0.0
P2,R03,training,20,54,0,0.0,0.0,0.0,0.0
P2,R03,training,20,55,0,0.0,0.0,0.0,0.0
P2,R03,training,20,56,0,0.0,0.0,0.0,0.0
P2,R03,training,20,57,0,0.0,0.0,0.0,0.0
P2,R03,training,20,58,0,0.0,0.0,0.0,0.0
P2,R03,training,20,59,0,0.0,0.0,0.0,0.0
P2,R03,training,20,60,0,0.0,0.0,0.0,0.0
P2,R03,training,20,61,0,0.0,0.0,0.0,0.0
P2,R03,training,20,62,0,0.0,0.0,0.0,0.0
P2,R03,training,20,63,0,0.0,0.0,0.0,0.0
P2,R03,training,20,64,0,0.0,0.0,0.0,0.0
P2,R03,training,20,65,0,0.0,0.0,0.0,0.0
P2,R03,training,20,66,0,0.0,0.0,0.0,0.0
P2,R03,training,20,67,0,0.0,0.0,0.0,0.0
P2,R03,training,20,68,0,0.0,0.0,0.0,0.0
P2,R03,training,20,69,0,0.0,0.0,0.0,0.0
P2,R03,training,20,70,0,0.0,0.0,0.0,0.0
P2,R03,training,20,71,0,0.0,0.0,0.0,0.0
P2,R03,training,20,72,0,0.0,0.0,0.0,0.0
P2,R03,training,20,73,0,0.0,0.0,0.0,0.0
P2,R03,training,20,74,0,0.0,0.0,0.0,0.0
P2,R03,training,20,75,0,0.0,0.0,0.0,0.0
P2,R03,training,20,76,0,0.0,0.0,0.0,0.0
P2,R03,training,20,77,0,0.0,0.0,0.0,0.0
P2,R03,training,20,78,0,0.0,0.0,0.0,0.0
P2,R03,training,20,79,0,0.0,0.0,0.0,0.0
P2,R03,training,20,80,0,0.0,0.0,0.0,0.0
P2,R03,training,20,81,0,0.0,0.0,0.0,0.0
P2,R03,training,20,82,0,0.0,0.0,0.0,0.0
P2,R03,training,20,83,0,0.0,0.0,0.0,0.0
P2,R03,training,20,84,0,0.0,0.0,0.0,0.0
P2,R03,training,20,85,0,0.0,0.0,0.0,0.0
P2,R03,training,20,86,0,0.0,0.0,0.0,0.0
P2,R03,training,20,87,0,0.0,0.0,0.0,0.0
P2,R03,training,20,88,0,0.0,0.0,0.0,0.0
P2,R03,training,20,89,0,0.0,0.0,0.0,0.0
P2,R03,training,20,90,0,0.0,0.0,0.0,0.0
P2,R03,training,20,91,0,0.0,0.0,0.0,0.0
P2,R03,training,20,92,0,0.0,0.0,0.0,0.0
P2,R03,training,20,93,0,0.0,0.0,0.0,0.0
P2,R03,training,20,94,0,0.0,0.0,0.0,0.0
P2,R03,training,20,95,0,0.0,0.0,0.0,0.0
P2,R03,training,20,96,0,0.0,0.0,0.0,0.0
P2,R03,training,20,97,0,0.0,0.0,0.0,0.0
P2,R03,training,20,98,0,0.0,0.0,0.0,0.0
P2,R03,training,20,99,0,0.0,0.0,0.0,0.0
P2,R03,training,20,100,0,0.0,0.0,0.0,0.0
P2,R03,training,20,101,0,0.0,0.0,0.0,0.0
P2,R03,training,20,102,0,0.0,0.0,0.0,0.0
P2,R03,training,20,103,0,0.0,0.0,0.0,0.0
P2,R03,training,20,104,0,0.0,0.0,0.0,0.0
P2,R03,training,20,105,0,0.0,0.0,0.0,0.0
P2,R03,training,20,106,0,0.0,0.0,0.0,0.0
P2,R03,training,20,107,0,0.0,0.0,0.0,0.0
P2,R03,training,20,108,0,0.0,0.0,0.0,0.0
P2,R03,training,20,109,0,0.0,0.0,0.0,0.0
P2,R03,training,20,110,0,0.0,0.0,0.0,0.0
P2,R03,training,20,111,0,0.0,0.0,0.0,0.0
P2,R03,training,20,112,0,0.0,0.0,0.0,0.0
P2,R03,training,20,113,0,0.0,0.0,0.0,0.0
P2,R03,training,20,114,0,0.0,0.0,0.0,0.0
P2,R03,training,20,115,0,0.0,0.0,0.0,0.0
P2,R03,training,20,116,0,0.0,0.0,0.0,0.0
P2,R03,training,20,117,0,0.0,0.0,0.0,0.0
P2,R03,training,20,118,0,0.0,0.0,0.0,0.0
P2,R03,training,20,119,0,0.0,0.0,0.0,0.0
P2,R03,training,20,120,0,0.0,0.0,0.0,0.0
P2,R03,training,20,121,0,0.0,0.0,0.0,0.0
P2,R03,training,20,122,0,0.0,0.0,0.0,0.0
P2,R03,training,20,123,0,0.0,0.0,0.0,0.0
P2,R03,training,20,124,0,0.0,0.0,0.0,0.0
P2,R03,training,20,125,0,0.0,0.0,0.0,0.0
P2,R03,training,20,126,0,0.0,0.0,0.0,0.0
P2,R03,training,20,127,0,0.0,0.0,0.0,0.0
P2,R03,training,20,128,0,0.0,0.0,0.0,0.0
P2,R03,training,20,129,0,0.0,0.0,0.0,0.0
P2,R03,training,20,130,0,0.0,0.0,0.0,0.0
P2,R03,training,20,131,0,0.0,0.0,0.0,0.0
P2,R03,training,20,132,0,0.0,0.0,0.0,0.0
P2,R03,training,20,133,0,0.0,0.0,0.0,0.0
P2,R03,training,20,134,0,0.0,0.0,0.0,0.0
P2,R03,training,20,135,0,0.0,0.0,0.0,0.0
P2,R03,training,20,136,0,0.0,0.0,0.0,0.0
P2,R03,training,20,137,0,0.0,0.0,0.0,0.0
P2,R03,training,20,138,0,0.0,0.0,0.0,0.0
P2,R03,training,20,139,0,0.0,0.0,0.0,0.0
P2,R03,training,20,140,0,0.0,0.0,0.0,0.0
P2,R03,training,20,141,0,0.0,0.0,0.0,0.0
P2,R03,training,20,142,0,0.0,0.0,0.0,0.0
P2,R03,training,20,143,0,0.0,0.0,0.0,0.0
P2,R03,training,20,144,0,0.0,0.0,0.0,0.0
P2,R03,training,20,145,0,0.0,0.0,0.0,0.0
P2,R03,training,20,146,0,0.0,0.0,0.0,0.0
P2,R03,training,20,147,0,0.0,0.0,0.0,0.0
P2,R03,training,20,148,0,0.0,0.0,0.0,0.0
P2,R03,training,20,149,0,0.0,0.0,0.0,0.0
P2,R03,training,20,150,0,0.0,0.0,0.0,0.0
P2,R03,training,20,151,0,0.0,0.0,0.0,0.0
P2,R03,training,20,152,0,0.0,0.0,0.0,0.0
P2,R03,training,20,153,0,0.0,0.0,0.0,0.0
P2,R03,training,20,154,0,0.0,0.0,0.0,0.0
P2,R03,training,20,155,0,0.0,0.0,0.0,0.0
P2,R03,training,20,156,0,0.0,0.0,0.0,0.0
P2,R03,training,20,157,0,0.0,0.0,0.0,0.0
P2,R03,training,20,158,0,0.0,0.0,0.0,0.0
P2,R03,training,20,159,0,0.0,0.0,0.0,0.0
P2,R03,training,20,160,0,0.0,0.0,0.0,0.0
P2,R03,training,20,161,0,0.0,0.0,0.0,0.0
P2,R03,training,20,162,0,0.0,0.0,0.0,0.0
P2,R03,training,20,163,0,0.0,0.0,0.0,0.0
P2,R03,training,20,164,0,0.0,0.0,0.0,0.0
P2,R03,training,20,165,0,0.0,0.0,0.0,0.0
P2,R03,training,20,166,0,0.0,0.0,0.0,0.0
P2,R03,training,20,167,0,0.0,0.0,0.0,0.0
P2,R03,training,20,168,0,0.0,0.0,0.0,0.0
P2,R03,training,20,169,0,0.0,0.0,0.0,0.0
P2,R03,training,20,170,0,0.0,0.0,0.0,0.0
P2,R03,training,20,171,0,0.0,0.0,0.0,0.0
P2,R03,training,20,172,0,0.0,0.0,0.0,0.0
P2,R03,training,20,173,0,0.0,0.0,0.0,0.0
P2,R03,training,20,174,0,0.0,0.0,0.0,0.0
P2,R03,training,20,175,0,0.0,0.0,0.0,0.0
P2,R03,training,20,176,0,0.0,0.0,0.0,0.0
P2,R03,training,20,177,0,0.0,0.0,0.0,0.0
P2,R03,training,20,178,0,0.0,0.0,0.0,0.0
P2,R03,training,20,179,0,0.0,0.0,0.0,0.0
P2,R03,training,20,180,0,0.0,0.0,0.0,0.0
P2,R03,training,20,181,0,0.0,0.0,0.0,0.0
P2,R03,training,20,182,0,0.0,0.0,0.0,0.0
P2,R03,training,20,183,0,0.0,0.0,0.0,0.0
P2,R03,training,20,184,0,0.0,0.0,0.0,0.0
P2,R03,training,20,185,0,0.0,0.0,0.0,0.0
P2,R03,training,20,186,0,0.0,0.0,0.0,0.0
P2,R03,training,20,187,0,0.0,0.0,0.0,0.0
P2,R03,training,20,188,0,0.0,0.0,0.0,0.0
P2,R03,training,20,189,0,0.0,0.0,0.0,0.0
P2,R03,training,20,190,0,0.0,0.0,0.0,0.0
P2,R03,training,20,191,0,0.0,0.0,0.0,0.0
P2,R03,training,20,192,0,0.0,0.0,0.0,0.0
P2,R03,training,20,193,0,0.0,0.0,0.0,0.0
P2,R03,training,20,194,0,0.0,0.0,0.0,0.0
P2,R03,training,20,195,0,0.0,0.0,0.0,0.0
P2,R03,training,20,196,0,0.0,0.0,0.0,0.0
P2,R03,training,20,197,0,0.0,0.0,0.0,0.0
P2,R03,training,20,198,0,0.0,0.0,0.0,0.0
P2,R03,training,20,199,0,0.0,0.0,0.0,0.0
P2,R03,training,20,200,0,0.0,0.0,0.0,0.0
P2,R03,training,20,201,0,0.0,0.0,0.0,0.0
P2,R03,training,20,202,0,0.0,0.0,0.0,0.0
P2,R03,training,20,203,0,0.0,0.0,0.0,0.0
P2,R03,training,20,204,0,0.0,0.0,0.0,0.0
P2,R03,training,20,205,0,0.0,0.0,0.0,0.0
P2,R03,training,20,206,0,0.0,0.0,0.0,0.0
P2,R03,training,20,207,0,0.0,0.0,0.0,0.0
P2,R03,training,20,208,0,0.0,0.0,0.0,0.0
P2,R03,training,20,209,0,0.0,0.0,0.0,0.0
P2,R03,training,20,210,0,0.0,0.0,0.0,0.0
P2,R03,training,20,211,0,0.0,0.0,0.0,0.0
P2,R03,training,20,212,0,0.0,0.0,0.0,0.0
P2,R03,training,20,213,0,0.0,0.0,0.0,0.0
P2,R03,training,20,214,0,0.0,0.0,0.0,0.0
P2,R03,training,20,215,0,0.0,0.0,0.0,0.0
P2,R03,training,20,216,0,0.0,0.0,0.0,0.0
P2,R03,training,20,217,0,0.0,0.0,0.0,0.0
P2,R03,training,20,218,0,0.0,0.0,0.0,0.0
P2,R03,training,20,219,0,0.0,0.0,0.0,0.0
P2,R03,training,20,220,0,0.0,0.0,0.0,0.0
P2,R03,training,20,221,0,0.0,0.0,0.0,0.0
P2,R03,training,20,222,0,0.0,0.0,0.0,0.0
P2,R03,training,20,223,0,0.0,0.0,0.0,0.0
P2,R03,training,20,224,0,0.0,0.0,0.0,0.0
P2,R03,training,20,225,0,0.0,0.0,0.0,0.0
P2,R03,training,20,226,0,0.0,0.0,0.0,0.0
P2,R03,training,20,227,0,0.0,0.0,0.0,0.0
P2,R03,training,20,228,0,0.0,0.0,0.0,0.0
P2,R03,training,20,229,0,0.0,0.0,0.0,0.0
P2,R03,training,20,230,0,0.0,0.0,0.0,0.0
P2,R03,training,20,231,0,0.0,0.0,0.0,0.0
P2,R03,training,20,232,0,0.0,0.0,0.0,0.0
P2,R03,training,20,233,0,0.0,0.0,0.0,0.0
P2,R03,training,20,234,0,0.0,0.0,0.0,0.0
P2,R03,training,20,235,0,0.0,0.0,0.0,0.0
P2,R03,training,20,236,0,0.0,0.0,0.0,0.0
P2,R03,training,20,237,0,0.0,0.0,0.0,0.0
P2,R03,training,20,238,0,0.0,0.0,0.0,0.0
P2,R03,training,20,239,0,0.0,0.0,0.0,0.0
P2,R03,training,20,240,0,0.0,0.0,0.0,0.0
P2,R03,training,20,241,0,0.0,0.0,0.0,0.0
P2,R03,training,20,242,0,0.0,0.0,0.0,0.0
P2,R03,training,20,243,0,0.0,0.0,0.0,0.0
P2,R03,training,20,244,0,0.0,0.0,0.0,0.0
P2,R03,training,20,245,0,0.0,0.0,0.0,0.0
P2,R03,training,20,246,0,0.0,0.0,0.0,0.0
P2,R03,training,20,247,0,0.0,0.0,0.0,0.0
P2,R03,training,20,248,0,0.0,0.0,0.0,0.0
P2,R03,training,20,249,0,0.0,0.0,0.0,0.0
P2,R03,training,20,250,0,0.0,0.0,0.0,0.0
P2,R03,training,20,251,0,0.0,0.0,0.0,0.0
P2,R03,training,20,252,0,0.0,0.0,0.0,0.0
P2,R03,training,20,253,0,0.0,0.0,0.0,0.0
P2,R03,training,20,254,0,0.0,0.0,0.0,0.0
P2,R03,training,20,255,0,0.0,0.0,0.0,0.0
P2,R03,training,20,256,0,0.0,0.0,0.0,0.0
P2,R03,training,20,257,0,0.0,0.0,0.0,0.0
P2,R03,training,20,258,0,0.0,0.0,0.0,0.0
P2,R03,training,20,259,0,0.0,0.0,0.0,0.0
P2,R03,training,20,260,0,0.0,0.0,0.0,0.0
P2,R03,training,20,261,0,0.0,0.0,0.0,0.0
P2,R03,training,20,262,0,0.0,0.0,0.0,0.0
P2,R03,training,20,263,0,0.0,0.0,0.0,0.0
P2,R03,training,20,264,0,0.0,0.0,0.0,0.0
P2,R03,training,20,265,0,0.0,0.0,0.0,0.0
P2,R03,training,20,266,0,0.0,0.0,0.0,0.0
P2,R03,training,20,267,0,0.0,0.0,0.0,0.0
P2,R03,training,20,268,0,0.0,0.0,0.0,0.0
P2,R03,training,20,269,0,0.0,0.0,0.0,0.0
P2,R03,training,20,270,0,0.0,0.0,0.0,0.0
P2,R03,training,20,271,0,0.0,0.0,0.0,0.0
P2,R03,training,20,272,0,0.0,0.0,0.0,0.0
P2,R03,training,20,273,0,0.0,0.0,0.0,0.0
P2,R03,training,20,274,0,0.0,0.0,0.0,0.0
P2,R03,training,20,275,0,0.0,0.0,0.0,0.0
P2,R03,training,20,276,0,0.0,0.0,0.0,0.0
P2,R03,training,20,277,0,0.0,0.0,0.0,0.0
P2,R03,training,20,278,0,0.0,0.0,0.0,0.0
P2,R03,training,20,279,0,0.0,0.0,0.0,0.0
P2,R03,training,20,280,0,0.0,0.0,0.0,0.0
P2,R03,training,20,281,0,0.0,0.0,0.0,0.0
P2,R03,training,20,282,0,0.0,0.0,0.0,0.0
P2,R03,training,20,283,0,0.0,0.0,0.0,0.0
P2,R03,training,20,284,0,0.0,0.0,0.0,0.0
P2,R03,training,20,285,0,0.0,0.0,0.0,0.0
P2,R03,training,20,286,0,0.0,0.0,0.0,0.0
P2,R03,training,20,287,0,0.0,0.0,0.0,0.0
P2,R03,training,20,288,0,0.0,0.0,0.0,0.0
P2,R03,training,20,289,0,0.0,0.0,0.0,0.0
P2,R03,training,20,290,0,0.0,0.0,0.0,0.0
P2,R03,training,20,291,0,0.0,0.0,0.0,0.0
P2,R03,training,20,292,0,0.0,0.0,0.0,0.0
P2,R03,training,20,293,0,0.0,0.0,0.0,0.0
P2,R03,training,20,294,0,0.0,0.0,0.0,0.0
P2,R03,training,20,295,0,0.0,0.0,0.0,0.0
P2,R03,training,20,296,0,0.0,0.0,0.0,0.0
P2,R03,training,20,297,0,0.0,0.0,0.0,0.0
P2,R03,training,20,298,0,0.0,0.0,0.0,0.0
P2,R03,training,20,299,0,0.0,0.0,0.0,0.0
P2,R03,training,20,300,0,0.0,0.0,0.0,0.0
P2,R03,training,20,301,0,0.0,0.0,0.0,0.0
P2,R03,training,20,302,0,0.0,0.0,0.0,0.0
P2,R03,training,20,303,0,0.0,0.0,0.0,0.0
P2,R03,training,20,304,0,0.0,0.0,0.0,0.0
P2,R03,training,20,305,0,0.0,0.0,0.0,0.0
P2,R03,training,20,306,0,0.0,0.0,0.0,0.0
P2,R03,training,20,307,0,0.0,0.0,0.0,0.0
P2,R03,training,20,308,0,0.0,0.0,0.0,0.0
P2,R03,training,20,309,0,0.0,0.0,0.0,0.0
P2,R03,training,20,310,0,0.0,0.0,0.0,0.0
P2,R03,training,20,311,0,0.0,0.0,0.0,0.0
P2,R03,training,20,312,0,0.0,0.0,0.0,0.0
P2,R03,training,20,313,0,0.0,0.0,0.0,0.0
P2,R03,training,20,314,0,0.0,0.0,0.0,0.0
P2,R03,training,20,315,0,0.0,0.0,0.0,0.0
P2,R03,training,20,316,0,0.0,0.0,0.0,0.0
P2,R03,training,20,317,0,0.0,0.0,0.0,0.0
P2,R03,training,20,318,0,0.0,0.0,0.0,0.0
P2,R03,training,20,319,0,0.0,0.0,0.0,0.0
P2,R03,training,20,320,0,0.0,0.0,0.0,0.0
P2,R03,training,20,321,0,0.0,0.0,0.0,0.0
P2,R03,training,20,322,0,0.0,0.0,0.0,0.0
P2,R03,training,20,323,0,0.0,0.0,0.0,0.0
P2,R03,training,20,324,0,0.0,0.0,0.0,0.0
P2,R03,training,20,325,0,0.0,0.0,0.0,0.0
P2,R03,training,20,326,0,0.0,0.0,0.0,0.0
P2,R03,training,20,327,0,0.0,0.0,0.0,0.0
P2,R03,training,20,328,0,0.0,0.0,0.0,0.0
P2,R03,training,20,329,0,0.0,0.0,0.0,0.0
P2,R03,training,20,330,0,0.0,0.0,0.0,0.0
P2,R03,training,20,331,0,0.0,0.0,0.0,0.0
P2,R03,training,20,332,0,0.0,0.0,0.0,0.0
P2,R03,training,20,333,0,0.0,0.0,0.0,0.0
P2,R03,training,20,334,0,0.0,0.0,0.0,0.0
P2,R03,training,20,335,0,0.0,0.0,0.0,0.0
P2,R03,training,20,336,0,0.0,0.0,0.0,0.0
P2,R03,training,20,337,0,0.0,0.0,0.0,0.0
P2,R03,training,20,338,0,0.0,0.0,0.0,0.0
P2,R03,training,20,339,0,0.0,0.0,0.0,0.0
P2,R03,training,20,340,0,0.0,0.0,0.0,0.0
P2,R03,training,20,341,0,0.0,0.0,0.0,0.0
P2,R03,training,20,342,0,0.0,0.0,0.0,0.0
P2,R03,training,20,343,0,0.0,0.0,0.0,0.0
P2,R03,training,20,344,0,0.0,0.0,0.0,0.0
P2,R03,training,20,345,0,0.0,0.0,0.0,0.0
P2,R03,training,20,346,0,0.0,0.0,0.0,0.0
P2,R03,training,20,347,0,0.0,0.0,0.0,0.0
P2,R03,training,20,348,0,0.0,0.0,0.0,0.0
P2,R03,training,20,349,0,0.0,0.0,0.0,0.0
P2,R03,training,20,350,0,0.0,0.0,0.0,0.0
P2,R03,training,20,351,0,0.0,0.0,0.0,0.0
P2,R03,training,20,352,0,0.0,0.0,0.0,0.0
P2,R03,training,20,353,0,0.0,0.0,0.0,0.0
P2,R03,training,20,354,0,0.0,0.0,0.0,0.0
P2,R03,training,20,355,0,0.0,0.0,0.0,0.0
P2,R03,training,20,356,0,0.0,0.0,0.0,0.0
P2,R03,training,20,357,0,0.0,0.0,0.0,0.0
P2,R03,training,20,358,0,0.0,0.0,0.0,0.0
P2,R03,training,20,359,0,0.0,0.0,0.0,0.0
P2,R03,training,20,360,0,0.0,0.0,0.0,0.0
P2,R03,training,20,361,0,0.0,0.0,0.0,0.0
P2,R03,training,20,362,0,0.0,0.0,0.0,0.0
P2,R03,training,20,363,0,0.0,0.0,0.0,0.0
P2,R03,training,20,364,0,0.0,0.0,0.0,0.0
P2,R03,training,20,365,0,0.0,0.0,0.0,0.0
P2,R03,training,20,366,0,0.0,0.0,0.0,0.0
P2,R03,training,20,367,0,0.0,0.0,0.0,0.0
P2,R03,training,20,368,0,0.0,0.0,0.0,0.0
P2,R03,training,20,369,0,0.0,0.0,0.0,0.0
P2,R03,training,20,370,0,0.0,0.0,0.0,0.0
P2,R03,training,20,371,0,0.0,0.0,0.0,0.0
P2,R03,training,20,372,0,0.0,0.0,0.0,0.0
P2,R03,training,20,373,0,0.0,0.0,0.0,0.0
P2,R03,training,20,374,0,0.0,0.0,0.0,0.0
P2,R03,training,20,375,0,0.0,0.0,0.0,0.0
P2,R03,training,20,376,0,0.0,0.0,0.0,0.0
P2,R03,training,20,377,0,0.0,0.0,0.0,0.0
P2,R03,training,20,378,0,0.0,0.0,0.0,0.0
P2,R03,training,20,379,0,0.0,0.0,0.0,0.0
P2,R03,training,20,380,0,0.0,0.0,0.0,0.0
P2,R03,training,20,381,0,0.0,0.0,0.0,0.0
P2,R03,training,20,382,0,0.0,0.0,0.0,0.0
P2,R03,training,20,383,0,0.0,0.0,0.0,0.0
P2,R03,training,20,384,0,0.0,0.0,0.0,0.0
P2,R03,training,20,385,0,0.0,0.0,0.0,0.0
P2,R03,training,20,386,0,0.0,0.0,0.0,0.0
P2,R03,training,20,387,0,0.0,0.0,0.0,0.0
P2,R03,training,20,388,0,0.0,0.0,0.0,0.0
P2,R03,training,20,389,0,0.0,0.0,0.0,0.0
P2,R03,training,20,390,0,0.0,0.0,0.0,0.0
P2,R03,training,20,391,0,0.0,0.0,0.0,0.0
P2,R03,training,20,392,0,0.0,0.0,0.0,0.0
P2,R03,training,20,393,0,0.0,0.0,0.0,0.0
P2,R03,training,20,394,0,0.0,0.0,0.0,0.0
P2,R03,training,20,395,0,0.0,0.0,0.0,0.0
P2,R03,training,20,396,0,0.0,0.0,0.0,0.0
P2,R03,training,20,397,0,0.0,0.0,0.0,0.0
P2,R03,training,20,398,0,0.0,0.0,0.0,0.0
P2,R03,training,20,399,0,0.0,0.0,0.0,0.0
P2,R03,training,20,400,0,0.0,0.0,0.0,0.0
P2,R03,training,20,401,0,0.0,0.0,0.0,0.0
P2,R03,training,20,402,0,0.0,0.0,0.0,0.0
P2,R03,training,20,403,0,0.0,0.0,0.0,0.0
P2,R03,training,20,404,0,0.0,0.0,0.0,0.0
P2,R03,training,20,405,0,0.0,0.0,0.0,0.0
P2,R03,training,20,406,0,0.0,0.0,0.0,0.0
P2,R03,training,20,407,0,0.0,0.0,0.0,0.0
P2,R03,training,20,408,0,0.0,0.0,0.0,0.0
P2,R03,training,20,409,0,0.0,0.0,0.0,0.0
P2,R03,training,20,410,0,0.0,0.0,0.0,0.0
P2,R03,training,20,411,0,0.0,0.0,0.0,0.0
P2,R03,training,20,412,0,0.0,0.0,0.0,0.0
P2,R03,training,20,413,0,0.0,0.0,0.0,0.0
P2,R03,training,20,414,0,0.0,0.0,0.0,0.0
P2,R03,training,20,415,0,0.0,0.0,0.0,0.0
P2,R03,training,20,416,0,0.0,0.0,0.0,0.0
P2,R03,training,20,417,0,0.0,0.0,0.0,0.0
P2,R03,training,20,418,0,0.0,0.0,0.0,0.0
P2,R03,training,20,419,0,0.0,0.0,0.0,0.0
P2,R03,training,20,420,0,0.0,0.0,0.0,0.0
P2,R03,training,20,421,0,0.0,0.0,0.0,0.0
P2,R03,training,20,422,0,0.0,0.0,0.0,0.0
P2,R03,training,20,423,0,0.0,0.0,0.0,0.0
P2,R03,training,20,424,0,0.0,0.0,0.0,0.0
P2,R03,training,20,425,0,0.0,0.0,0.0,0.0
P2,R03,training,20,426,0,0.0,0.0,0.0,0.0
P2,R03,training,20,427,0,0.0,0.0,0.0,0.0
P2,R03,training,20,428,0,0.0,0.0,0.0,0.0
P2,R03,training,20,429,0,0.0,0.0,0.0,0.0
P2,R03,training,20,430,0,0.0,0.0,0.0,0.0
P2,R03,training,20,431,0,0.0,0.0,0.0,0.0
P2,R03,training,20,432,0,0.0,0.0,0.0,0.0
P2,R03,training,20,433,0,0.0,0.0,0.0,0.0
P2,R03,training,20,434,0,0.0,0.0,0.0,0.0
P2,R03,training,20,435,0,0.0,0.0,0.0,0.0
P2,R03,training,20,436,0,0.0,0.0,0.0,0.0
P2,R03,training,20,437,0,0.0,0.0,0.0,0.0
P2,R03,training,20,438,0,0.0,0.0,0.0,0.0
P2,R03,training,20,439,0,0.0,0.0,0.0,0.0
P2,R03,training,20,440,0,0.0,0.0,0.0,0.0
P2,R03,training,20,441,0,0.0,0.0,0.0,0.0
P2,R03,training,20,442,0,0.0,0.0,0.0,0.0
P2,R03,training,20,443,0,0.0,0.0,0.0,0.0
P2,R03,training,20,444,0,0.0,0.0,0.0,0.0
P2,R03,training,20,445,0,0.0,0.0,0.0,0.0
P2,R03,training,20,446,0,0.0,0.0,0.0,0.0
P2,R03,training,20,447,0,0.0,0.0,0.0,0.0
P2,R03,training,20,448,0,0.0,0.0,0.0,0.0
P2,R03,training,20,449,0,0.0,0.0,0.0,0.0
P2,R03,training,20,450,0,0.0,0.0,0.0,0.0
P2,R03,training,20,451,0,0.0,0.0,0.0,0.0
P2,R03,training,20,452,0,0.0,0.0,0.0,0.0
P2,R03,training,20,453,0,0.0,0.0,0.0,0.0
P2,R03,training,20,454,0,0.0,0.0,0.0,0.0
P2,R03,training,20,455,0,0.0,0.0,0.0,0.0
P2,R03,training,20,456,0,0.0,0.0,0.0,0.0
P2,R03,training,20,457,0,0.0,0.0,0.0,0.0
P2,R03,training,20,458,0,0.0,0.0,0.0,0.0
P2,R03,training,20,459,0,0.0,0.0,0.0,0.0
P2,R03,training,20,460,0,0.0,0.0,0.0,0.0
P2,R03,training,20,461,0,0.0,0.0,0.0,0.0
P2,R03,training,20,462,0,0.0,0.0,0.0,0.0
P2,R03,training,20,463,0,0.0,0.0,0.0,0.0
P2,R03,training,20,464,0,0.0,0.0,0.0,0.0
P2,R03,training,20,465,0,0.0,0.0,0.0,0.0
P2,R03,training,20,466,0,0.0,0.0,0.0,0.0
P2,R03,training,20,467,0,0.0,0.0,0.0,0.0
P2,R03,training,20,468,0,0.0,0.0,0.0,0.0
P2,R03,training,20,469,0,0.0,0.0,0.0,0.0
P2,R03,training,20,470,0,0.0,0.0,0.0,0.0
P2,R03,training,20,471,0,0.0,0.0,0.0,0.0
P2,R03,training,20,472,0,0.0,0.0,0.0,0.0
P2,R03,training,20,473,0,0.0,0.0,0.0,0.0
P2,R03,training,20,474,0,0.0,0.0,0.0,0.0
P2,R03,training,20,475,0,0.0,0.0,0.0,0.0
P2,R03,training,20,476,0,0.0,0.0,0.0,0.0
P2,R03,training,20,477,0,0.0,0.0,0.0,0.0
P2,R03,training,20,478,0,0.0,0.0,0.0,0.0
P2,R03,training,20,479,0,0.0,0.0,0.0,0.0
P2,R03,training,20,480,0,0.0,0.0,0.0,0.0
P2,R03,training,20,481,0,0.0,0.0,0.0,0.0
P2,R03,training,20,482,0,0.0,0.0,0.0,0.0
P2,R03,training,20,483,0,0.0,0.0,0.0,0.0
P2,R03,training,20,484,0,0.0,0.0,0.0,0.0
P2,R03,training,20,485,0,0.0,0.0,0.0,0.0
P2,R03,training,20,486,0,0.0,0.0,0.0,0.0
P2,R03,training,20,487,0,0.0,0.0,0.0,0.0
P2,R03,training,20,488,0,0.0,0.0,0.0,0.0
P2,R03,training,20,489,0,0.0,0.0,0.0,0.0
P2,R03,training,20,490,0,0.0,0.0,0.0,0.0
P2,R03,training,20,491,0,0.0,0.0,0.0,0.0
P2,R03,training,20,492,0,0.0,0.0,0.0,0.0
P2,R03,training,20,493,0,0.0,0.0,0.0,0.0
P2,R03,training,20,494,0,0.0,0.0,0.0,0.0
P2,R03,training,20,495,0,0.0,0.0,0.0,0.0
P2,R03,training,20,496,0,0.0,0.0,0.0,0.0
P2,R03,training,20,497,0,0.0,0.0,0.0,0.0
P2,R03,training,20,498,0,0.0,0.0,0.0,0.0
P2,R03,training,20,499,0,0.0,0.0,0.0,0.0
P2,R03,training,20,500,0,0.0,0.0,0.0,0.0
P2,R03,training,20,501,0,0.0,0.0,0.0,0.0
P2,R03,training,20,502,0,0.0,0.0,0.0,0.0
P2,R03,training,20,503,0,0.0,0.0,0.0,0.0
P2,R03,training,20,504,0,0.0,0.0,0.0,0.0
P2,R03,training,20,505,0,0.0,0.0,0.0,0.0
P2,R03,training,20,506,0,0.0,0.0,0.0,0.0
P2,R03,training,20,507,0,0.0,0.0,0.0,0.0
P2,R03,training,20,508,0,0.0,0.0,0.0,0.0
P2,R03,training,20,509,0,0.0,0.0,0.0,0.0
P2,R03,training,20,510,0,0.0,0.0,0.0,0.0
P2,R03,training,20,511,0,0.0,0.0,0.0,0.0
P2,R03,training,20,512,0,0.0,0.0,0.0,0.0
P2,R03,training,20,513,0,0.0,0.0,0.0,0.0
P2,R03,training,20,514,0,0.0,0.0,0.0,0.0
P2,R03,training,20,515,0,0.0,0.0,0.0,0.0
P2,R03,training,20,516,0,0.0,0.0,0.0,0.0
P2,R03,training,20,517,0,0.0,0.0,0.0,0.0
P2,R03,training,20,518,0,0.0,0.0,0.0,0.0
P2,R03,training,20,519,0,0.0,0.0,0.0,0.0
P2,R03,training,20,520,0,0.0,0.0,0.0,0.0
P2,R03,training,20,521,0,0.0,0.0,0.0,0.0
P2,R03,training,20,522,0,0.0,0.0,0.0,0.0
P2,R03,training,20,523,0,0.0,0.0,0.0,0.0
P2,R03,training,20,524,0,0.0,0.0,0.0,0.0
P2,R03,training,20,525,0,0.0,0.0,0.0,0.0
P2,R03,training,20,526,0,0.0,0.0,0.0,0.0
P2,R03,training,20,527,0,0.0,0.0,0.0,0.0
P2,R03,training,20,528,0,0.0,0.0,0.0,0.0
P2,R03,training,20,529,0,0.0,0.0,0.0,0.0
P2,R03,training,20,530,0,0.0,0.0,0.0,0.0
P2,R03,training,20,531,0,0.0,0.0,0.0,0.0
P2,R03,training,20,532,0,0.0,0.0,0.0,0.0
P2,R03,training,20,533,0,0.0,0.0,0.0,0.0
P2,R03,training,20,534,0,0.0,0.0,0.0,0.0
P2,R03,training,20,535,0,0.0,0.0,0.0,0.0
P2,R03,training,20,536,0,0.0,0.0,0.0,0.0
P2,R03,training,20,537,0,0.0,0.0,0.0,0.0
P2,R03,training,20,538,0,0.0,0.0,0.0,0.0
P2,R03,training,20,539,0,0.0,0.0,0.0,0.0
P2,R03,training,20,540,0,0.0,0.0,0.0,0.0
P2,R03,training,20,541,0,0.0,0.0,0.0,0.0
P2,R03,training,20,542,0,0.0,0.0,0.0,0.0
P2,R03,training,20,543,0,0.0,0.0,0.0,0.0
P2,R03,training,20,544,0,0.0,0.0,0.0,0.0
P2,R03,training,20,545,0,0.0,0.0,0.0,0.0
P2,R03,training,20,546,0,0.0,0.0,0.0,0.0
P2,R03,training,20,547,0,0.0,0.0,0.0,0.0
P2,R03,training,20,548,0,0.0,0.0,0.0,0.0
P2,R03,training,20,549,0,0.0,0.0,0.0,0.0
P2,R03,training,20,550,0,0.0,0.0,0.0,0.0
P2,R03,training,20,551,0,0.0,0.0,0.0,0.0
P2,R03,training,20,552,0,0.0,0.0,0.0,0.0
P2,R03,training,20,553,0,0.0,0.0,0.0,0.0
P2,R03,training,20,554,0,0.0,0.0,0.0,0.0
P2,R03,training,20,555,0,0.0,0.0,0.0,0.0
P2,R03,training,20,556,0,0.0,0.0,0.0,0.0
P2,R03,training,20,557,0,0.0,0.0,0.0,0.0
P2,R03,training,20,558,0,0.0,0.0,0.0,0.0
P2,R03,training,20,559,0,0.0,0.0,0.0,0.0
P2,R03,training,20,560,0,0.0,0.0,0.0,0.0
P2,R03,training,20,561,0,0.0,0.0,0.0,0.0
P2,R03,training,20,562,0,0.0,0.0,0.0,0.0
P2,R03,training,20,563,0,0.0,0.0,0.0,0.0
P2,R03,training,20,564,0,0.0,0.0,0.0,0.0
P2,R03,training,20,565,0,0.0,0.0,0.0,0.0
P2,R03,training,20,566,0,0.0,0.0,0.0,0.0
P2,R03,training,20,567,0,0.0,0.0,0.0,0.0
P2,R03,training,20,568,0,0.0,0.0,0.0,0.0
P2,R03,training,20,569,0,0.0,0.0,0.0,0.0
P2,R03,training,20,570,0,0.0,0.0,0.0,0.0
P2,R03,training,20,571,0,0.0,0.0,0.0,0.0
P2,R03,training,20,572,0,0.0,0.0,0.0,0.0
P2,R03,training,20,573,0,0.0,0.0,0.0,0.0
P2,R03,training,20,574,0,0.0,0.0,0.0,0.0
P2,R03,training,20,575,0,0.0,0.0,0.0,0.0
P2,R03,training,20,576,0,0.0,0.0,0.0,0.0
P2,R03,training,20,577,0,0.0,0.0,0.0,0.0
P2,R03,training,20,578,0,0.0,0.0,0.0,0.0
P2,R03,training,20,579,0,0.0,0.0,0.0,0.0
P2,R03,training,20,580,0,0.0,0.0,0.0,0.0
P2,R03,training,20,581,0,0.0,0.0,0.0,0.0
P2,R03,training,20,582,0,0.0,0.0,0.0,0.0
P2,R03,training,20,583,0,0.0,0.0,0.0,0.0
P2,R03,training,20,584,0,0.0,0.0,0.0,0.0
P2,R03,training,20,585,0,0.0,0.0,0.0,0.0
P2,R03,training,20,586,0,0.0,0.0,0.0,0.0
P2,R03,training,20,587,0,0.0,0.0,0.0,0.0
P2,R03,training,20,588,0,0.0,0.0,0.0,0.0
P2,R03,training,20,589,0,0.0,0.0,0.0,0.0
P2,R03,training,20,590,0,0.0,0.0,0.0,0.0
P2,R03,training,20,591,0,0.0,0.0,0.0,0.0
P2,R03,training,20,592,0,0.0,0.0,0.0,0.0
P2,R03,training,20,593,0,0.0,0.0,0.0,0.0
P2,R03,training,20,594,0,0.0,0.0,0.0,0.0
P2,R03,training,20,595,0,0.0,0.0,0.0,0.0
P2,R03,training,20,596,0,0.0,0.0,0.0,0.0
P2,R03,training,20,597,0,0.0,0.0,0.0,0.0
P2,R03,training,20,598,0,0.0,0.0,0.0,0.0
P2,R03,training,20,599,0,0.0,0.0,0.0,0.0
P2,R03,training,20,600,0,0.0,0.0,0.0,0.0
P2,R03,training,20,601,0,0.0,0.0,0.0,0.0
P2,R03,training,20,602,0,0.0,0.0,0.0,0.0
P2,R03,training,20,603,0,0.0,0.0,0.0,0.0
P2,R03,training,20,604,0,0.0,0.0,0.0,0.0
P2,R03,training,20,605,0,0.0,0.0,0.0,0.0
P2,R03,training,20,606,0,0.0,0.0,0.0,0.0
P2,R03,training,20,607,0,0.0,0.0,0.0,0.0
P2,R03,training,20,608,0,0.0,0.0,0.0,0.0
P2,R03,training,20,609,0,0.0,0.0,0.0,0.0
P2,R03,training,20,610,0,0.0,0.0,0.0,0.0
P2,R03,training,20,611,0,0.0,0.0,0.0,0.0
P2,R03,training,20,612,0,0.0,0.0,0.0,0.0
P2,R03,training,20,613,0,0.0,0.0,0.0,0.0
P2,R03,training,20,614,0,0.0,0.0,0.0,0.0
P2,R03,training,20,615,0,0.0,0.0,0.0,0.0
P2,R03,training,20,616,0,0.0,0.0,0.0,0.0
P2,R03,training,20,617,0,0.0,0.0,0.0,0.0
P2,R03,training,20,618,0,0.0,0.0,0.0,0.0
P2,R03,training,20,619,0,0.0,0.0,0.0,0.0
P2,R03,training,20,620,0,0.0,0.0,0.0,0.0
P2,R03,training,20,621,0,0.0,0.0,0.0,0.0
P2,R03,training,20,622,0,0.0,0.0,0.0,0.0
P2,R03,training,20,623,0,0.0,0.0,0.0,0.0
P2,R03,training,20,624,0,0.0,0.0,0.0,0.0
P2,R03,training,20,625,0,0.0,0.0,0.0,0.0
P2,R03,training,20,626,0,0.0,0.0,0.0,0.0
P2,R03,training,20,627,0,0.0,0.0,0.0,0.0
P2,R03,training,20,628,0,0.0,0.0,0.0,0.0
P2,R03,training,20,629,0,0.0,0.0,0.0,0.0
P2,R03,training,20,630,0,0.0,0.0,0.0,0.0
P2,R03,training,20,631,0,0.0,0.0,0.0,0.0
P2,R03,training,20,632,0,0.0,0.0,0.0,0.0
P2,R03,training,20,633,0,0.0,0.0,0.0,0.0
P2,R03,training,20,634,0,0.0,0.0,0.0,0.0
P2,R03,training,20,635,0,0.0,0.0,0.0,0.0
P2,R03,training,20,636,0,0.0,0.0,0.0,0.0
P2,R03,training,20,637,0,0.0,0.0,0.0,0.0
P2,R03,training,20,638,0,0.0,0.0,0.0,0.0
P2,R03,training,20,639,0,0.0,0.0,0.0,0.0
P2,R03,training,20,640,0,0.0,0.0,0.0,0.0
P2,R03,training,20,641,0,0.0,0.0,0.0,0.0
P2,R03,training,20,642,0,0.0,0.0,0.0,0.0
P2,R03,training,20,643,0,0.0,0.0,0.0,0.0
P2,R03,training,20,644,0,0.0,0.0,0.0,0.0
P2,R03,training,20,645,0,0.0,0.0,0.0,0.0
P2,R03,training,20,646,0,0.0,0.0,0.0,0.0
P2,R03,training,20,647,0,0.0,0.0,0.0,0.0
P2,R03,training,20,648,0,0.0,0.0,0.0,0.0
P2,R03,training,20,649,0,0.0,0.0,0.0,0.0
P2,R03,training,20,650,0,0.0,0.0,0.0,0.0
P2,R03,training,20,651,0,0.0,0.0,0.0,0.0
P2,R03,training,20,652,0,0.0,0.0,0.0,0.0
P2,R03,training,20,653,0,0.0,0.0,0.0,0.0
P2,R03,training,20,654,0,0.0,0.0,0.0,0.0
P2,R03,training,20,655,0,0.0,0.0,0.0,0.0
P2,R03,training,20,656,0,0.0,0.0,0.0,0.0
P2,R03,training,20,657,0,0.0,0.0,0.0,0.0
P2,R03,training,20,658,0,0.0,0.0,0.0,0.0
P2,R03,training,20,659,0,0.0,0.0,0.0,0.0
P2,R03,training,20,660,0,0.0,0.0,0.0,0.0
P2,R03,training,20,661,0,0.0,0.0,0.0,0.0
P2,R03,training,20,662,0,0.0,0.0,0.0,0.0
P2,R03,training,20,663,0,0.0,0.0,0.0,0.0
P2,R03,training,20,664,0,0.0,0.0,0.0,0.0
P2,R03,training,20,665,0,0.0,0.0,0.0,0.0
P2,R03,training,20,666,0,0.0,0.0,0.0,0.0
P2,R03,training,20,667,0,0.0,0.0,0.0,0.0
P2,R03,training,20,668,0,0.0,0.0,0.0,0.0
P2,R03,training,20,669,0,0.0,0.0,0.0,0.0
P2,R03,training,20,670,0,0.0,0.0,0.0,0.0
P2,R03,training,20,671,0,0.0,0.0,0.0,0.0
P2,R03,training,20,672,0,0.0,0.0,0.0,0.0
P2,R03,training,20,673,0,0.0,0.0,0.0,0.0
P2,R03,training,20,674,0,0.0,0.0,0.0,0.0
P2,R03,training,20,675,0,0.0,0.0,0.0,0.0
P2,R03,training,20,676,0,0.0,0.0,0.0,0.0
P2,R03,training,20,677,0,0.0,0.0,0.0,0.0
P2,R03,training,20,678,0,0.0,0.0,0.0,0.0
P2,R03,training,20,679,0,0.0,0.0,0.0,0.0
P2,R03,training,20,680,0,0.0,0.0,0.0,0.0
P2,R03,training,20,681,0,0.0,0.0,0.0,0.0
P2,R03,training,20,682,0,0.0,0.0,0.0,0.0
P2,R03,training,20,683,0,0.0,0.0,0.0,0.0
P2,R03,training,20,684,0,0.0,0.0,0.0,0.0
P2,R03,training,20,685,0,0.0,0.0,0.0,0.0
P2,R03,training,20,686,0,0.0,0.0,0.0,0.0
P2,R03,training,20,687,0,0.0,0.0,0.0,0.0
P2,R03,training,20,688,0,0.0,0.0,0.0,0.0
P2,R03,training,20,689,0,0.0,0.0,0.0,0.0
P3,R03,training,20,0,0,0.0,0.0,0.0,0.0
P3,R03,training,20,1,0,0.0,0.0,0.0,0.0
P3,R03,training,20,2,0,0.0,0.0,0.0,0.0
P3,R03,training,20,3,0,0.0,0.0,0.0,0.0
P3,R03,training,20,4,0,0.0,0.0,0.0,0.0
P3,R03,training,20,5,0,0.0,0.0,0.0,0.0
P3,R03,training,20,6,0,0.0,0.0,0.0,0.0
P3,R03,training,20,7,0,0.0,0.0,0.0,0.0
P3,R03,training,20,8,0,0.0,0.0,0.0,0.0
P3,R03,training,20,9,0,0.0,0.0,0.0,0.0
P3,R03,training,20,10,0,0.0,0.0,0.0,0.0
P3,R03,training,20,11,0,0.0,0.0,0.0,0.0
P3,R03,training,20,12,0,0.0,0.0,0.0,0.0
P3,R03,training,20,13,0,0.0,0.0,0.0,0.0
P3,R03,training,20,14,0,0.0,0.0,0.0,0.0
P3,R03,training,20,15,0,0.0,0.0,0.0,0.0
P3,R03,training,20,16,0,0.0,0.0,0.0,0.0
P3,R03,training,20,17,0,0.0,0.0,0.0,0.0
P3,R03,training,20,18,0,0.0,0.0,0.0,0.0
P3,R03,training,20,19,0,0.0,0.0,0.0,0.0
P3,R03,training,20,20,0,0.0,0.0,0.0,0.0
P3,R03,training,20,21,0,0.0,0.0,0.0,0.0
P3,R03,training,20,22,0,0.0,0.0,0.0,0.0
P3,R03,training,20,23,0,0.0,0.0,0.0,0.0
P3,R03,training,20,24,0,0.0,0.0,0.0,0.0
P3,R03,training,20,25,0,0.0,0.0,0.0,0.0
P3,R03,training,20,26,0,0.0,0.0,0.0,0.0
P3,R03,training,20,27,0,0.0,0.0,0.0,0.0
P3,R03,training,20,28,0,0.0,0.0,0.0,0.0
P3,R03,training,20,29,0,0.0,0.0,0.0,0.0
P3,R03,training,20,30,0,0.0,0.0,0.0,0.0
P3,R03,training,20,31,0,0.0,0.0,0.0,0.0
P3,R03,training,20,32,0,0.0,0.0,0.0,0.0
P3,R03,training,20,33,0,0.0,0.0,0.0,0.0
P3,R03,training,20,34,0,0.0,0.0,0.0,0.0
P3,R03,training,20,35,0,0.0,0.0,0.0,0.0
P3,R03,training,20,36,0,0.0,0.0,0.0,0.0
P3,R03,training,20,37,0,0.0,0.0,0.0,0.0
P3,R03,training,20,38,0,0.0,0.0,0.0,0.0
P3,R03,training,20,39,0,0.0,0.0,0.0,0.0
P3,R03,training,20,40,0,0.0,0.0,0.0,0.0
P3,R03,training,20,41,0,0.0,0.0,0.0,0.0
P3,R03,training,20,42,0,0.0,0.0,0.0,0.0
P3,R03,training,20,43,0,0.0,0.0,0.0,0.0
P3,R03,training,20,44,0,0.0,0.0,0.0,0.0
P3,R03,training,20,45,0,0.0,0.0,0.0,0.0
P3,R03,training,20,46,0,0.0,0.0,0.0,0.0
P3,R03,training,20,47,0,0.0,0.0,0.0,0.0
P3,R03,training,20,48,0,0.0,0.0,0.0,0.0
P3,R03,training,20,49,0,0.0,0.0,0.0,0.0
P3,R03,training,20,50,0,0.0,0.0,0.0,0.0
P3,R03,training,20,51,0,0.0,0.0,0.0,0.0
P3,R03,training,20,52,0,0.0,0.0,0.0,0.0
P3,R03,training,20,53,0,0.0,0.0,0.0,0.0
P3,R03,training,20,54,0,0.0,0.0,0.0,0.0
P3,R03,training,20,55,0,0.0,0.0,0.0,0.0
P3,R03,training,20,56,0,0.0,0.0,0.0,0.0
P3,R03,training,20,57,0,0.0,0.0,0.0,0.0
P3,R03,training,20,58,0,0.0,0.0,0.0,0.0
P3,R03,training,20,59,0,0.0,0.0,0.0,0.0
P3,R03,training,20,60,0,0.0,0.0,0.0,0.0
P3,R03,training,20,61,0,0.0,0.0,0.0,0.0
P3,R03,training,20,62,0,0.0,0.0,0.0,0.0
P3,R03,training,20,63,0,0.0,0.0,0.0,0.0
P3,R03,training,20,64,0,0.0,0.0,0.0,0.0
P3,R03,training,20,65,0,0.0,0.0,0.0,0.0
P3,R03,training,20,66,0,0.0,0.0,0.0,0.0
P3,R03,training,20,67,0,0.0,0.0,0.0,0.0
P3,R03,training,20,68,0,0.0,0.0,0.0,0.0
P3,R03,training,20,69,0,0.0,0.0,0.0,0.0
P3,R03,training,20,70,0,0.0,0.0,0.0,0.0
P3,R03,training,20,71,0,0.0,0.0,0.0,0.0
P3,R03,training,20,72,0,0.0,0.0,0.0,0.0
P3,R03,training,20,73,0,0.0,0.0,0.0,0.0
P3,R03,training,20,74,0,0.0,0.0,0.0,0.0
P3,R03,training,20,75,0,0.0,0.0,0.0,0.0
P3,R03,training,20,76,0,0.0,0.0,0.0,0.0
P3,R03,training,20,77,0,0.0,0.0,0.0,0.0
P3,R03,training,20,78,0,0.0,0.0,0.0,0.0
P3,R03,training,20,79,0,0.0,0.0,0.0,0.0
P3,R03,training,20,80,0,0.0,0.0,0.0,0.0
P3,R03,training,20,81,0,0.0,0.0,0.0,0.0
P3,R03,training,20,82,0,0.0,0.0,0.0,0.0
P3,R03,training,20,83,0,0.0,0.0,0.0,0.0
P3,R03,training,20,84,0,0.0,0.0,0.0,0.0
P3,R03,training,20,85,0,0.0,0.0,0.0,0.0
P3,R03,training,20,86,0,0.0,0.0,0.0,0.0
P3,R03,training,20,87,0,0.0,0.0,0.0,0.0
P3,R03,training,20,88,0,0.0,0.0,0.0,0.0
P3,R03,training,20,89,0,0.0,0.0,0.0,0.0
P3,R03,training,20,90,0,0.0,0.0,0.0,0.0
P3,R03,training,20,91,0,0.0,0.0,0.0,0.0
P3,R03,training,20,92,0,0.0,0.0,0.0,0.0
P3,R03,training,20,93,0,0.0,0.0,0.0,0.0
P3,R03,training,20,94,0,0.0,0.0,0.0,0.0
P3,R03,training,20,95,0,0.0,0.0,0.0,0.0
P3,R03,training,20,96,0,0.0,0.0,0.0,0.0
P3,R03,training,20,97,0,0.0,0.0,0.0,0.0
P3,R03,training,20,98,0,0.0,0.0,0.0,0.0
P3,R03,training,20,99,0,0.0,0.0,0.0,0.0
P3,R03,training,20,100,0,0.0,0.0,0.0,0.0
P3,R03,training,20,101,0,0.0,0.0,0.0,0.0
P3,R03,training,20,102,0,0.0,0.0,0.0,0.0
P3,R03,training,20,103,0,0.0,0.0,0.0,0.0
P3,R03,training,20,104,0,0.0,0.0,0.0,0.0
P3,R03,training,20,105,0,0.0,0.0,0.0,0.0
P3,R03,training,20,106,0,0.0,0.0,0.0,0.0
P3,R03,training,20,107,0,0.0,0.0,0.0,0.0
P3,R03,training,20,108,0,0.0,0.0,0.0,0.0
P3,R03,training,20,109,0,0.0,0.0,0.0,0.0
P3,R03,training,20,110,0,0.0,0.0,0.0,0.0
P3,R03,training,20,111,0,0.0,0.0,0.0,0.0
P3,R03,training,20,112,0,0.0,0.0,0.0,0.0
P3,R03,training,20,113,0,0.0,0.0,0.0,0.0
P3,R03,training,20,114,0,0.0,0.0,0.0,0.0
P3,R03,training,20,115,0,0.0,0.0,0.0,0.0
P3,R03,training,20,116,0,0.0,0.0,0.0,0.0
P3,R03,training,20,117,0,0.0,0.0,0.0,0.0
P3,R03,training,20,118,0,0.0,0.0,0.0,0.0
P3,R03,training,20,119,0,0.0,0.0,0.0,0.0
P3,R03,training,20,120,0,0.0,0.0,0.0,0.0
P3,R03,training,20,121,0,0.0,0.0,0.0,0.0
P3,R03,training,20,122,0,0.0,0.0,0.0,0.0
P3,R03,training,20,123,0,0.0,0.0,0.0,0.0
P3,R03,training,20,124,0,0.0,0.0,0.0,0.0
P3,R03,training,20,125,0,0.0,0.0,0.0,0.0
P3,R03,training,20,126,0,0.0,0.0,0.0,0.0
P3,R03,training,20,127,0,0.0,0.0,0.0,0.0
P3,R03,training,20,128,0,0.0,0.0,0.0,0.0
P3,R03,training,20,129,0,0.0,0.0,0.0,0.0
P3,R03,training,20,130,0,0.0,0.0,0.0,0.0
P3,R03,training,20,131,0,0.0,0.0,0.0,0.0
P3,R03,training,20,132,0,0.0,0.0,0.0,0.0
P3,R03,training,20,133,0,0.0,0.0,0.0,0.0
P3,R03,training,20,134,0,0.0,0.0,0.0,0.0
P3,R03,training,20,135,0,0.0,0.0,0.0,0.0
P3,R03,training,20,136,0,0.0,0.0,0.0,0.0
P3,R03,training,20,137,0,0.0,0.0,0.0,0.0
P3,R03,training,20,138,0,0.0,0.0,0.0,0.0
P3,R03,training,20,139,0,0.0,0.0,0.0,0.0
P3,R03,training,20,140,0,0.0,0.0,0.0,0.0
P3,R03,training,20,141,0,0.0,0.0,0.0,0.0
P3,R03,training,20,142,0,0.0,0.0,0.0,0.0
P3,R03,training,20,143,0,0.0,0.0,0.0,0.0
P3,R03,training,20,144,0,0.0,0.0,0.0,0.0
P3,R03,training,20,145,0,0.0,0.0,0.0,0.0
P3,R03,training,20,146,0,0.0,0.0,0.0,0.0
P3,R03,training,20,147,0,0.0,0.0,0.0,0.0
P3,R03,training,20,148,0,0.0,0.0,0.0,0.0
P3,R03,training,20,149,0,0.0,0.0,0.0,0.0
P3,R03,training,20,150,0,0.0,0.0,0.0,0.0
P3,R03,training,20,151,0,0.0,0.0,0.0,0.0
P3,R03,training,20,152,0,0.0,0.0,0.0,0.0
P3,R03,training,20,153,0,0.0,0.0,0.0,0.0
P3,R03,training,20,154,0,0.0,0.0,0.0,0.0
P3,R03,training,20,155,0,0.0,0.0,0.0,0.0
P3,R03,training,20,156,0,0.0,0.0,0.0,0.0
P3,R03,training,20,157,0,0.0,0.0,0.0,0.0
P3,R03,training,20,158,0,0.0,0.0,0.0,0.0
P3,R03,training,20,159,0,0.0,0.0,0.0,0.0
P3,R03,training,20,160,0,0.0,0.0,0.0,0.0
P3,R03,training,20,161,0,0.0,0.0,0.0,0.0
P3,R03,training,20,162,0,0.0,0.0,0.0,0.0
P3,R03,training,20,163,0,0.0,0.0,0.0,0.0
P3,R03,training,20,164,0,0.0,0.0,0.0,0.0
P3,R03,training,20,165,0,0.0,0.0,0.0,0.0
P3,R03,training,20,166,0,0.0,0.0,0.0,0.0
P3,R03,training,20,167,0,0.0,0.0,0.0,0.0
P3,R03,training,20,168,0,0.0,0.0,0.0,0.0
P3,R03,training,20,169,0,0.0,0.0,0.0,0.0
P3,R03,training,20,170,0,0.0,0.0,0.0,0.0
P3,R03,training,20,171,0,0.0,0.0,0.0,0.0
P3,R03,training,20,172,0,0.0,0.0,0.0,0.0
P3,R03,training,20,173,0,0.0,0.0,0.0,0.0
P3,R03,training,20,174,0,0.0,0.0,0.0,0.0
P3,R03,training,20,175,0,0.0,0.0,0.0,0.0
P3,R03,training,20,176,0,0.0,0.0,0.0,0.0
P3,R03,training,20,177,0,0.0,0.0,0.0,0.0
P3,R03,training,20,178,0,0.0,0.0,0.0,0.0
P3,R03,training,20,179,0,0.0,0.0,0.0,0.0
P3,R03,training,20,180,0,0.0,0.0,0.0,0.0
P3,R03,training,20,181,0,0.0,0.0,0.0,0.0
P3,R03,training,20,182,0,0.0,0.0,0.0,0.0
P3,R03,training,20,183,0,0.0,0.0,0.0,0.0
P3,R03,training,20,184,0,0.0,0.0,0.0,0.0
P3,R03,training,20,185,0,0.0,0.0,0.0,0.0
P3,R03,training,20,186,0,0.0,0.0,0.0,0.0
P3,R03,training,20,187,0,0.0,0.0,0.0,0.0
P3,R03,training,20,188,0,0.0,0.0,0.0,0.0
P3,R03,training,20,189,0,0.0,0.0,0.0,0.0
P3,R03,training,20,190,0,0.0,0.0,0.0,0.0
P3,R03,training,20,191,0,0.0,0.0,0.0,0.0
P3,R03,training,20,192,0,0.0,0.0,0.0,0.0
P3,R03,training,20,193,0,0.0,0.0,0.0,0.0
P3,R03,training,20,194,0,0.0,0.0,0.0,0.0
P3,R03,training,20,195,0,0.0,0.0,0.0,0.0
P3,R03,training,20,196,0,0.0,0.0,0.0,0.0
P3,R03,training,20,197,0,0.0,0.0,0.0,0.0
P3,R03,training,20,198,0,0.0,0.0,0.0,0.0
P3,R03,training,20,199,0,0.0,0.0,0.0,0.0
P3,R03,training,20,200,0,0.0,0.0,0.0,0.0
P3,R03,training,20,201,0,0.0,0.0,0.0,0.0
P3,R03,training,20,202,0,0.0,0.0,0.0,0.0
P3,R03,training,20,203,0,0.0,0.0,0.0,0.0
P3,R03,training,20,204,0,0.0,0.0,0.0,0.0
P3,R03,training,20,205,0,0.0,0.0,0.0,0.0
P3,R03,training,20,206,0,0.0,0.0,0.0,0.0
P3,R03,training,20,207,0,0.0,0.0,0.0,0.0
P3,R03,training,20,208,0,0.0,0.0,0.0,0.0
P3,R03,training,20,209,0,0.0,0.0,0.0,0.0
P3,R03,training,20,210,0,0.0,0.0,0.0,0.0
P3,R03,training,20,211,0,0.0,0.0,0.0,0.0
P3,R03,training,20,212,0,0.0,0.0,0.0,0.0
P3,R03,training,20,213,0,0.0,0.0,0.0,0.0
P3,R03,training,20,214,0,0.0,0.0,0.0,0.0
P3,R03,training,20,215,0,0.0,0.0,0.0,0.0
P3,R03,training,20,216,0,0.0,0.0,0.0,0.0
P3,R03,training,20,217,0,0.0,0.0,0.0,0.0
P3,R03,training,20,218,0,0.0,0.0,0.0,0.0
P3,R03,training,20,219,0,0.0,0.0,0.0,0.0
P3,R03,training,20,220,0,0.0,0.0,0.0,0.0
P3,R03,training,20,221,0,0.0,0.0,0.0,0.0
P3,R03,training,20,222,0,0.0,0.0,0.0,0.0
P3,R03,training,20,223,0,0.0,0.0,0.0,0.0
P3,R03,training,20,224,0,0.0,0.0,0.0,0.0
P3,R03,training,20,225,0,0.0,0.0,0.0,0.0
P3,R03,training,20,226,0,0.0,0.0,0.0,0.0
P3,R03,training,20,227,0,0.0,0.0,0.0,0.0
P3,R03,training,20,228,0,0.0,0.0,0.0,0.0
P3,R03,training,20,229,0,0.0,0.0,0.0,0.0
P3,R03,training,20,230,0,0.0,0.0,0.0,0.0
P3,R03,training,20,231,0,0.0,0.0,0.0,0.0
P3,R03,training,20,232,0,0.0,0.0,0.0,0.0
P3,R03,training,20,233,0,0.0,0.0,0.0,0.0
P3,R03,training,20,234,0,0.0,0.0,0.0,0.0
P3,R03,training,20,235,0,0.0,0.0,0.0,0.0
P3,R03,training,20,236,0,0.0,0.0,0.0,0.0
P3,R03,training,20,237,0,0.0,0.0,0.0,0.0
P3,R03,training,20,238,0,0.0,0.0,0.0,0.0
P3,R03,training,20,239,0,0.0,0.0,0.0,0.0
P3,R03,training,20,240,0,0.0,0.0,0.0,0.0
P3,R03,training,20,241,0,0.0,0.0,0.0,0.0
P3,R03,training,20,242,0,0.0,0.0,0.0,0.0
P3,R03,training,20,243,0,0.0,0.0,0.0,0.0
P3,R03,training,20,244,0,0.0,0.0,0.0,0.0
P3,R03,training,20,245,0,0.0,0.0,0.0,0.0
P3,R03,training,20,246,0,0.0,0.0,0.0,0.0
P3,R03,training,20,247,0,0.0,0.0,0.0,0.0
P3,R03,training,20,248,0,0.0,0.0,0.0,0.0
P3,R03,training,20,249,0,0.0,0.0,0.0,0.0
P3,R03,training,20,250,0,0.0,0.0,0.0,0.0
P3,R03,training,20,251,0,0.0,0.0,0.0,0.0
P3,R03,training,20,252,0,0.0,0.0,0.0,0.0
P3,R03,training,20,253,0,0.0,0.0,0.0,0.0
P3,R03,training,20,254,0,0.0,0.0,0.0,0.0
P3,R03,training,20,255,0,0.0,0.0,0.0,0.0
P3,R03,training,20,256,0,0.0,0.0,0.0,0.0
P3,R03,training,20,257,0,0.0,0.0,0.0,0.0
P3,R03,training,20,258,0,0.0,0.0,0.0,0.0
P3,R03,training,20,259,0,0.0,0.0,0.0,0.0
P3,R03,training,20,260,0,0.0,0.0,0.0,0.0
P3,R03,training,20,261,0,0.0,0.0,0.0,0.0
P3,R03,training,20,262,0,0.0,0.0,0.0,0.0
P3,R03,training,20,263,0,0.0,0.0,0.0,0.0
P3,R03,training,20,264,0,0.0,0.0,0.0,0.0
P3,R03,training,20,265,0,0.0,0.0,0.0,0.0
P3,R03,training,20,266,0,0.0,0.0,0.0,0.0
P3,R03,training,20,267,0,0.0,0.0,0.0,0.0
P3,R03,training,20,268,0,0.0,0.0,0.0,0.0
P3,R03,training,20,269,0,0.0,0.0,0.0,0.0
P3,R03,training,20,270,0,0.0,0.0,0.0,0.0
P3,R03,training,20,271,0,0.0,0.0,0.0,0.0
P3,R03,training,20,272,0,0.0,0.0,0.0,0.0
P3,R03,training,20,273,0,0.0,0.0,0.0,0.0
P3,R03,training,20,274,0,0.0,0.0,0.0,0.0
P3,R03,training,20,275,0,0.0,0.0,0.0,0.0
P3,R03,training,20,276,0,0.0,0.0,0.0,0.0
P3,R03,training,20,277,0,0.0,0.0,0.0,0.0
P3,R03,training,20,278,0,0.0,0.0,0.0,0.0
P3,R03,training,20,279,0,0.0,0.0,0.0,0.0
P3,R03,training,20,280,0,0.0,0.0,0.0,0.0
P3,R03,training,20,281,0,0.0,0.0,0.0,0.0
P3,R03,training,20,282,0,0.0,0.0,0.0,0.0
P3,R03,training,20,283,0,0.0,0.0,0.0,0.0
P3,R03,training,20,284,0,0.0,0.0,0.0,0.0
P3,R03,training,20,285,0,0.0,0.0,0.0,0.0
P3,R03,training,20,286,0,0.0,0.0,0.0,0.0
P3,R03,training,20,287,0,0.0,0.0,0.0,0.0
P3,R03,training,20,288,0,0.0,0.0,0.0,0.0
P3,R03,training,20,289,0,0.0,0.0,0.0,0.0
P3,R03,training,20,290,0,0.0,0.0,0.0,0.0
P3,R03,training,20,291,0,0.0,0.0,0.0,0.0
P3,R03,training,20,292,0,0.0,0.0,0.0,0.0
P3,R03,training,20,293,0,0.0,0.0,0.0,0.0
P3,R03,training,20,294,0,0.0,0.0,0.0,0.0
P3,R03,training,20,295,0,0.0,0.0,0.0,0.0
P3,R03,training,20,296,0,0.0,0.0,0.0,0.0
P3,R03,training,20,297,0,0.0,0.0,0.0,0.0
P3,R03,training,20,298,0,0.0,0.0,0.0,0.0
P3,R03,training,20,299,0,0.0,0.0,0.0,0.0
P3,R03,training,20,300,0,0.0,0.0,0.0,0.0
P3,R03,training,20,301,0,0.0,0.0,0.0,0.0
P3,R03,training,20,302,0,0.0,0.0,0.0,0.0
P3,R03,training,20,303,0,0.0,0.0,0.0,0.0
P3,R03,training,20,304,0,0.0,0.0,0.0,0.0
P3,R03,training,20,305,0,0.0,0.0,0.0,0.0
P3,R03,training,20,306,0,0.0,0.0,0.0,0.0
P3,R03,training,20,307,0,0.0,0.0,0.0,0.0
P3,R03,training,20,308,0,0.0,0.0,0.0,0.0
P3,R03,training,20,309,0,0.0,0.0,0.0,0.0
P3,R03,training,20,310,0,0.0,0.0,0.0,0.0
P3,R03,training,20,311,0,0.0,0.0,0.0,0.0
P3,R03,training,20,312,0,0.0,0.0,0.0,0.0
P3,R03,training,20,313,0,0.0,0.0,0.0,0.0
P3,R03,training,20,314,0,0.0,0.0,0.0,0.0
P3,R03,training,20,315,0,0.0,0.0,0.0,0.0
P3,R03,training,20,316,0,0.0,0.0,0.0,0.0
P3,R03,training,20,317,0,0.0,0.0,0.0,0.0
P3,R03,training,20,318,0,0.0,0.0,0.0,0.0
P3,R03,training,20,319,0,0.0,0.0,0.0,0.0
P3,R03,training,20,320,0,0.0,0.0,0.0,0.0
P3,R03,training,20,321,0,0.0,0.0,0.0,0.0
P3,R03,training,20,322,0,0.0,0.0,0.0,0.0
P3,R03,training,20,323,0,0.0,0.0,0.0,0.0
P3,R03,training,20,324,0,0.0,0.0,0.0,0.0
P3,R03,training,20,325,0,0.0,0.0,0.0,0.0
P3,R03,training,20,326,0,0.0,0.0,0.0,0.0
P3,R03,training,20,327,0,0.0,0.0,0.0,0.0
P3,R03,training,20,328,0,0.0,0.0,0.0,0.0
P3,R03,training,20,329,0,0.0,0.0,0.0,0.0
P3,R03,training,20,330,0,0.0,0.0,0.0,0.0
P3,R03,training,20,331,0,0.0,0.0,0.0,0.0
P3,R03,training,20,332,0,0.0,0.0,0.0,0.0
P3,R03,training,20,333,0,0.0,0.0,0.0,0.0
P3,R03,training,20,334,0,0.0,0.0,0.0,0.0
P3,R03,training,20,335,0,0.0,0.0,0.0,0.0
P3,R03,training,20,336,0,0.0,0.0,0.0,0.0
P3,R03,training,20,337,0,0.0,0.0,0.0,0.0
P3,R03,training,20,338,0,0.0,0.0,0.0,0.0
P3,R03,training,20,339,0,0.0,0.0,0.0,0.0
P3,R03,training,20,340,0,0.0,0.0,0.0,0.0
P3,R03,training,20,341,0,0.0,0.0,0.0,0.0
P3,R03,training,20,342,0,0.0,0.0,0.0,0.0
P3,R03,training,20,343,0,0.0,0.0,0.0,0.0
P3,R03,training,20,344,0,0.0,0.0,0.0,0.0
P3,R03,training,20,345,0,0.0,0.0,0.0,0.0
P3,R03,training,20,346,0,0.0,0.0,0.0,0.0
P3,R03,training,20,347,0,0.0,0.0,0.0,0.0
P3,R03,training,20,348,0,0.0,0.0,0.0,0.0
P3,R03,training,20,349,0,0.0,0.0,0.0,0.0
P3,R03,training,20,350,0,0.0,0.0,0.0,0.0
P3,R03,training,20,351,0,0.0,0.0,0.0,0.0
P3,R03,training,20,352,0,0.0,0.0,0.0,0.0
P3,R03,training,20,353,0,0.0,0.0,0.0,0.0
P3,R03,training,20,354,0,0.0,0.0,0.0,0.0
P3,R03,training,20,355,0,0.0,0.0,0.0,0.0
P3,R03,training,20,356,0,0.0,0.0,0.0,0.0
P3,R03,training,20,357,0,0.0,0.0,0.0,0.0
P3,R03,training,20,358,0,0.0,0.0,0.0,0.0
P3,R03,training,20,359,0,0.0,0.0,0.0,0.0
P3,R03,training,20,360,0,0.0,0.0,0.0,0.0
P3,R03,training,20,361,0,0.0,0.0,0.0,0.0
P3,R03,training,20,362,0,0.0,0.0,0.0,0.0
P3,R03,training,20,363,0,0.0,0.0,0.0,0.0
P3,R03,training,20,364,0,0.0,0.0,0.0,0.0
P3,R03,training,20,365,0,0.0,0.0,0.0,0.0
P3,R03,training,20,366,0,0.0,0.0,0.0,0.0
P3,R03,training,20,367,0,0.0,0.0,0.0,0.0
P3,R03,training,20,368,0,0.0,0.0,0.0,0.0
P3,R03,training,20,369,0,0.0,0.0,0.0,0.0
P3,R03,training,20,370,0,0.0,0.0,0.0,0.0
P3,R03,training,20,371,0,0.0,0.0,0.0,0.0
P3,R03,training,20,372,0,0.0,0.0,0.0,0.0
P3,R03,training,20,373,0,0.0,0.0,0.0,0.0
P3,R03,training,20,374,0,0.0,0.0,0.0,0.0
P3,R03,training,20,375,0,0.0,0.0,0.0,0.0
P3,R03,training,20,376,0,0.0,0.0,0.0,0.0
P3,R03,training,20,377,0,0.0,0.0,0.0,0.0
P3,R03,training,20,378,0,0.0,0.0,0.0,0.0
P3,R03,training,20,379,0,0.0,0.0,0.0,0.0
P3,R03,training,20,380,0,0.0,0.0,0.0,0.0
P3,R03,training,20,381,0,0.0,0.0,0.0,0.0
P3,R03,training,20,382,0,0.0,0.0,0.0,0.0
P3,R03,training,20,383,0,0.0,0.0,0.0,0.0
P3,R03,training,20,384,0,0.0,0.0,0.0,0.0
P3,R03,training,20,385,0,0.0,0.0,0.0,0.0
P3,R03,training,20,386,0,0.0,0.0,0.0,0.0
P3,R03,training,20,387,0,0.0,0.0,0.0,0.0
P3,R03,training,20,388,0,0.0,0.0,0.0,0.0
P3,R03,training,20,389,0,0.0,0.0,0.0,0.0
P3,R03,training,20,390,0,0.0,0.0,0.0,0.0
P3,R03,training,20,391,0,0.0,0.0,0.0,0.0
P3,R03,training,20,392,0,0.0,0.0,0.0,0.0
P3,R03,training,20,393,0,0.0,0.0,0.0,0.0
P3,R03,training,20,394,0,0.0,0.0,0.0,0.0
P3,R03,training,20,395,0,0.0,0.0,0.0,0.0
P3,R03,training,20,396,0,0.0,0.0,0.0,0.0
P3,R03,training,20,397,0,0.0,0.0,0.0,0.0
P3,R03,training,20,398,0,0.0,0.0,0.0,0.0
P3,R03,training,20,399,0,0.0,0.0,0.0,0.0
P3,R03,training,20,400,0,0.0,0.0,0.0,0.0
P3,R03,training,20,401,0,0.0,0.0,0.0,0.0
P3,R03,training,20,402,0,0.0,0.0,0.0,0.0
P3,R03,training,20,403,0,0.0,0.0,0.0,0.0
P3,R03,training,20,404,0,0.0,0.0,0.0,0.0
P3,R03,training,20,405,0,0.0,0.0,0.0,0.0
P3,R03,training,20,406,0,0.0,0.0,0.0,0.0
P3,R03,training,20,407,0,0.0,0.0,0.0,0.0
P3,R03,training,20,408,0,0.0,0.0,0.0,0.0
P3,R03,training,20,409,0,0.0,0.0,0.0,0.0
P3,R03,training,20,410,0,0.0,0.0,0.0,0.0
P3,R03,training,20,411,0,0.0,0.0,0.0,0.0
P3,R03,training,20,412,0,0.0,0.0,0.0,0.0
P3,R03,training,20,413,0,0.0,0.0,0.0,0.0
P3,R03,training,20,414,0,0.0,0.0,0.0,0.0
P3,R03,training,20,415,0,0.0,0.0,0.0,0.0
P3,R03,training,20,416,0,0.0,0.0,0.0,0.0
P3,R03,training,20,417,0,0.0,0.0,0.0,0.0
P3,R03,training,20,418,0,0.0,0.0,0.0,0.0
P3,R03,training,20,419,0,0.0,0.0,0.0,0.0
P3,R03,training,20,420,0,0.0,0.0,0.0,0.0
P3,R03,training,20,421,0,0.0,0.0,0.0,0.0
P3,R03,training,20,422,0,0.0,0.0,0.0,0.0
P3,R03,training,20,423,0,0.0,0.0,0.0,0.0
P3,R03,training,20,424,0,0.0,0.0,0.0,0.0
P3,R03,training,20,425,0,0.0,0.0,0.0,0.0
P3,R03,training,20,426,0,0.0,0.0,0.0,0.0
P3,R03,training,20,427,0,0.0,0.0,0.0,0.0
P3,R03,training,20,428,0,0.0,0.0,0.0,0.0
P3,R03,training,20,429,0,0.0,0.0,0.0,0.0
P3,R03,training,20,430,0,0.0,0.0,0.0,0.0
P3,R03,training,20,431,0,0.0,0.0,0.0,0.0
P3,R03,training,20,432,0,0.0,0.0,0.0,0.0
P3,R03,training,20,433,0,0.0,0.0,0.0,0.0
P3,R03,training,20,434,0,0.0,0.0,0.0,0.0
P3,R03,training,20,435,0,0.0,0.0,0.0,0.0
P3,R03,training,20,436,0,0.0,0.0,0.0,0.0
P3,R03,training,20,437,0,0.0,0.0,0.0,0.0
P3,R03,training,20,438,0,0.0,0.0,0.0,0.0
P3,R03,training,20,439,0,0.0,0.0,0.0,0.0
P3,R03,training,20,440,0,0.0,0.0,0.0,0.0
P3,R03,training,20,441,0,0.0,0.0,0.0,0.0
P3,R03,training,20,442,0,0.0,0.0,0.0,0.0
P3,R03,training,20,443,0,0.0,0.0,0.0,0.0
P3,R03,training,20,444,0,0.0,0.0,0.0,0.0
P3,R03,training,20,445,0,0.0,0.0,0.0,0.0
P3,R03,training,20,446,0,0.0,0.0,0.0,0.0
P3,R03,training,20,447,0,0.0,0.0,0.0,0.0
P3,R03,training,20,448,0,0.0,0.0,0.0,0.0
P3,R03,training,20,449,0,0.0,0.0,0.0,0.0
P3,R03,training,20,450,0,0.0,0.0,0.0,0.0
P3,R03,training,20,451,0,0.0,0.0,0.0,0.0
P3,R03,training,20,452,0,0.0,0.0,0.0,0.0
P3,R03,training,20,453,0,0.0,0.0,0.0,0.0
P3,R03,training,20,454,0,0.0,0.0,0.0,0.0
P3,R03,training,20,455,0,0.0,0.0,0.0,0.0
P3,R03,training,20,456,0,0.0,0.0,0.0,0.0
P3,R03,training,20,457,0,0.0,0.0,0.0,0.0
P3,R03,training,20,458,0,0.0,0.0,0.0,0.0
P3,R03,training,20,459,0,0.0,0.0,0.0,0.0
P3,R03,training,20,460,0,0.0,0.0,0.0,0.0
P3,R03,training,20,461,0,0.0,0.0,0.0,0.0
P3,R03,training,20,462,0,0.0,0.0,0.0,0.0
P3,R03,training,20,463,0,0.0,0.0,0.0,0.0
P3,R03,training,20,464,0,0.0,0.0,0.0,0.0
P3,R03,training,20,465,0,0.0,0.0,0.0,0.0
P3,R03,training,20,466,0,0.0,0.0,0.0,0.0
P3,R03,training,20,467,0,0.0,0.0,0.0,0.0
P3,R03,training,20,468,0,0.0,0.0,0.0,0.0
P3,R03,training,20,469,0,0.0,0.0,0.0,0.0
P3,R03,training,20,470,0,0.0,0.0,0.0,0.0
P3,R03,training,20,471,0,0.0,0.0,0.0,0.0
P3,R03,training,20,472,0,0.0,0.0,0.0,0.0
P3,R03,training,20,473,0,0.0,0.0,0.0,0.0
P3,R03,training,20,474,0,0.0,0.0,0.0,0.0
P3,R03,training,20,475,0,0.0,0.0,0.0,0.0
P3,R03,training,20,476,0,0.0,0.0,0.0,0.0
P3,R03,training,20,477,0,0.0,0.0,0.0,0.0
P3,R03,training,20,478,0,0.0,0.0,0.0,0.0
P3,R03,training,20,479,0,0.0,0.0,0.0,0.0
P3,R03,training,20,480,0,0.0,0.0,0.0,0.0
P3,R03,training,20,481,0,0.0,0.0,0.0,0.0
P3,R03,training,20,482,0,0.0,0.0,0.0,0.0
P3,R03,training,20,483,0,0.0,0.0,0.0,0.0
P3,R03,training,20,484,0,0.0,0.0,0.0,0.0
P3,R03,training,20,485,0,0.0,0.0,0.0,0.0
P3,R03,training,20,486,0,0.0,0.0,0.0,0.0
P3,R03,training,20,487,0,0.0,0.0,0.0,0.0
P3,R03,training,20,488,0,0.0,0.0,0.0,0.0
P3,R03,training,20,489,0,0.0,0.0,0.0,0.0
P3,R03,training,20,490,0,0.0,0.0,0.0,0.0
P3,R03,training,20,491,0,0.0,0.0,0.0,0.0
P3,R03,training,20,492,0,0.0,0.0,0.0,0.0
P3,R03,training,20,493,0,0.0,0.0,0.0,0.0
P3,R03,training,20,494,0,0.0,0.0,0.0,0.0
P3,R03,training,20,495,0,0.0,0.0,0.0,0.0
P3,R03,training,20,496,0,0.0,0.0,0.0,0.0
P3,R03,training,20,497,0,0.0,0.0,0.0,0.0
P3,R03,training,20,498,0,0.0,0.0,0.0,0.0
P3,R03,training,20,499,0,0.0,0.0,0.0,0.0
P3,R03,training,20,500,0,0.0,0.0,0.0,0.0
P3,R03,training,20,501,0,0.0,0.0,0.0,0.0
P3,R03,training,20,502,0,0.0,0.0,0.0,0.0
P3,R03,training,20,503,0,0.0,0.0,0.0,0.0
P3,R03,training,20,504,0,0.0,0.0,0.0,0.0
P3,R03,training,20,505,0,0.0,0.0,0.0,0.0
P3,R03,training,20,506,0,0.0,0.0,0.0,0.0
P3,R03,training,20,507,0,0.0,0.0,0.0,0.0
P3,R03,training,20,508,0,0.0,0.0,0.0,0.0
P3,R03,training,20,509,0,0.0,0.0,0.0,0.0
P3,R03,training,20,510,0,0.0,0.0,0.0,0.0
P3,R03,training,20,511,0,0.0,0.0,0.0,0.0
P3,R03,training,20,512,0,0.0,0.0,0.0,0.0
P3,R03,training,20,513,0,0.0,0.0,0.0,0.0
P3,R03,training,20,514,0,0.0,0.0,0.0,0.0
P3,R03,training,20,515,0,0.0,0.0,0.0,0.0
P3,R03,training,20,516,0,0.0,0.0,0.0,0.0
P3,R03,training,20,517,0,0.0,0.0,0.0,0.0
P3,R03,training,20,518,0,0.0,0.0,0.0,0.0
P3,R03,training,20,519,0,0.0,0.0,0.0,0.0
P3,R03,training,20,520,0,0.0,0.0,0.0,0.0
P3,R03,training,20,521,0,0.0,0.0,0.0,0.0
P3,R03,training,20,522,0,0.0,0.0,0.0,0.0
P3,R03,training,20,523,0,0.0,0.0,0.0,0.0
P3,R03,training,20,524,0,0.0,0.0,0.0,0.0
P3,R03,training,20,525,0,0.0,0.0,0.0,0.0
P3,R03,training,20,526,0,0.0,0.0,0.0,0.0
P3,R03,training,20,527,0,0.0,0.0,0.0,0.0
P3,R03,training,20,528,0,0.0,0.0,0.0,0.0
P3,R03,training,20,529,0,0.0,0.0,0.0,0.0
P3,R03,training,20,530,0,0.0,0.0,0.0,0.0
P3,R03,training,20,531,0,0.0,0.0,0.0,0.0
P3,R03,training,20,532,0,0.0,0.0,0.0,0.0
P3,R03,training,20,533,0,0.0,0.0,0.0,0.0
P3,R03,training,20,534,0,0.0,0.0,0.0,0.0
P3,R03,training,20,535,0,0.0,0.0,0.0,0.0
P3,R03,training,20,536,0,0.0,0.0,0.0,0.0
P3,R03,training,20,537,0,0.0,0.0,0.0,0.0
P3,R03,training,20,538,0,0.0,0.0,0.0,0.0
P3,R03,training,20,539,0,0.0,0.0,0.0,0.0
P3,R03,training,20,540,0,0.0,0.0,0.0,0.0
P3,R03,training,20,541,0,0.0,0.0,0.0,0.0
P3,R03,training,20,542,0,0.0,0.0,0.0,0.0
P3,R03,training,20,543,0,0.0,0.0,0.0,0.0
P3,R03,training,20,544,0,0.0,0.0,0.0,0.0
P3,R03,training,20,545,0,0.0,0.0,0.0,0.0
P3,R03,training,20,546,0,0.0,0.0,0.0,0.0
P3,R03,training,20,547,0,0.0,0.0,0.0,0.0
P3,R03,training,20,548,0,0.0,0.0,0.0,0.0
P3,R03,training,20,549,0,0.0,0.0,0.0,0.0
P3,R03,training,20,550,0,0.0,0.0,0.0,0.0
P3,R03,training,20,551,0,0.0,0.0,0.0,0.0
P3,R03,training,20,552,0,0.0,0.0,0.0,0.0
P3,R03,training,20,553,0,0.0,0.0,0.0,0.0
P3,R03,training,20,554,0,0.0,0.0,0.0,0.0
P3,R03,training,20,555,0,0.0,0.0,0.0,0.0
P3,R03,training,20,556,0,0.0,0.0,0.0,0.0
P3,R03,training,20,557,0,0.0,0.0,0.0,0.0
P3,R03,training,20,558,0,0.0,0.0,0.0,0.0
P3,R03,training,20,559,0,0.0,0.0,0.0,0.0
P3,R03,training,20,560,0,0.0,0.0,0.0,0.0
P3,R03,training,20,561,0,0.0,0.0,0.0,0.0
P3,R03,training,20,562,0,0.0,0.0,0.0,0.0
P3,R03,training,20,563,0,0.0,0.0,0.0,0.0
P3,R03,training,20,564,0,0.0,0.0,0.0,0.0
P3,R03,training,20,565,0,0.0,0.0,0.0,0.0
P3,R03,training,20,566,0,0.0,0.0,0.0,0.0
P3,R03,training,20,567,0,0.0,0.0,0.0,0.0
P3,R03,training,20,568,0,0.0,0.0,0.0,0.0
P3,R03,training,20,569,0,0.0,0.0,0.0,0.0
P3,R03,training,20,570,0,0.0,0.0,0.0,0.0
P3,R03,training,20,571,0,0.0,0.0,0.0,0.0
P3,R03,training,20,572,0,0.0,0.0,0.0,0.0
P3,R03,training,20,573,0,0.0,0.0,0.0,0.0
P3,R03,training,20,574,0,0.0,0.0,0.0,0.0
P3,R03,training,20,575,0,0.0,0.0,0.0,0.0
P3,R03,training,20,576,0,0.0,0.0,0.0,0.0
P3,R03,training,20,577,0,0.0,0.0,0.0,0.0
P3,R03,training,20,578,0,0.0,0.0,0.0,0.0
P3,R03,training,20,579,0,0.0,0.0,0.0,0.0
P3,R03,training,20,580,0,0.0,0.0,0.0,0.0
P3,R03,training,20,581,0,0.0,0.0,0.0,0.0
P3,R03,training,20,582,0,0.0,0.0,0.0,0.0
P3,R03,training,20,583,0,0.0,0.0,0.0,0.0
P3,R03,training,20,584,0,0.0,0.0,0.0,0.0
P3,R03,training,20,585,0,0.0,0.0,0.0,0.0
P3,R03,training,20,586,0,0.0,0.0,0.0,0.0
P3,R03,training,20,587,0,0.0,0.0,0.0,0.0
P3,R03,training,20,588,0,0.0,0.0,0.0,0.0
P3,R03,training,20,589,0,0.0,0.0,0.0,0.0
P3,R03,training,20,590,0,0.0,0.0,0.0,0.0
P3,R03,training,20,591,0,0.0,0.0,0.0,0.0
P3,R03,training,20,592,0,0.0,0.0,0.0,0.0
P3,R03,training,20,593,0,0.0,0.0,0.0,0.0
P3,R03,training,20,594,0,0.0,0.0,0.0,0.0
P3,R03,training,20,595,0,0.0,0.0,0.0,0.0
P3,R03,training,20,596,0,0.0,0.0,0.0,0.0
P3,R03,training,20,597,0,0.0,0.0,0.0,0.0
P3,R03,training,20,598,0,0.0,0.0,0.0,0.0
P3,R03,training,20,599,0,0.0,0.0,0.0,0.0
P3,R03,training,20,600,0,0.0,0.0,0.0,0.0
P3,R03,training,20,601,0,0.0,0.0,0.0,0.0
P3,R03,training,20,602,0,0.0,0.0,0.0,0.0
P3,R03,training,20,603,0,0.0,0.0,0.0,0.0
P3,R03,training,20,604,0,0.0,0.0,0.0,0.0
P3,R03,training,20,605,0,0.0,0.0,0.0,0.0
P3,R03,training,20,606,0,0.0,0.0,0.0,0.0
P3,R03,training,20,607,0,0.0,0.0,0.0,0.0
P3,R03,training,20,608,0,0.0,0.0,0.0,0.0
P3,R03,training,20,609,0,0.0,0.0,0.0,0.0
P3,R03,training,20,610,0,0.0,0.0,0.0,0.0
P3,R03,training,20,611,0,0.0,0.0,0.0,0.0
P3,R03,training,20,612,0,0.0,0.0,0.0,0.0
P3,R03,training,20,613,0,0.0,0.0,0.0,0.0
P3,R03,training,20,614,0,0.0,0.0,0.0,0.0
P3,R03,training,20,615,0,0.0,0.0,0.0,0.0
P3,R03,training,20,616,0,0.0,0.0,0.0,0.0
P3,R03,training,20,617,0,0.0,0.0,0.0,0.0
P3,R03,training,20,618,0,0.0,0.0,0.0,0.0
P3,R03,training,20,619,0,0.0,0.0,0.0,0.0
P3,R03,training,20,620,0,0.0,0.0,0.0,0.0
P3,R03,training,20,621,0,0.0,0.0,0.0,0.0
P3,R03,training,20,622,0,0.0,0.0,0.0,0.0
P3,R03,training,20,623,0,0.0,0.0,0.0,0.0
P3,R03,training,20,624,0,0.0,0.0,0.0,0.0
P3,R03,training,20,625,0,0.0,0.0,0.0,0.0
P3,R03,training,20,626,0,0.0,0.0,0.0,0.0
P3,R03,training,20,627,0,0.0,0.0,0.0,0.0
P3,R03,training,20,628,0,0.0,0.0,0.0,0.0
P3,R03,training,20,629,0,0.0,0.0,0.0,0.0
P3,R03,training,20,630,0,0.0,0.0,0.0,0.0
P3,R03,training,20,631,0,0.0,0.0,0.0,0.0
P3,R03,training,20,632,0,0.0,0.0,0.0,0.0
P3,R03,training,20,633,0,0.0,0.0,0.0,0.0
P3,R03,training,20,634,0,0.0,0.0,0.0,0.0
P3,R03,training,20,635,0,0.0,0.0,0.0,0.0
P3,R03,training,20,636,0,0.0,0.0,0.0,0.0
P3,R03,training,20,637,0,0.0,0.0,0.0,0.0
P3,R03,training,20,638,0,0.0,0.0,0.0,0.0
P3,R03,training,20,639,0,0.0,0.0,0.0,0.0
P3,R03,training,20,640,0,0.0,0.0,0.0,0.0
P3,R03,training,20,641,0,0.0,0.0,0.0,0.0
P3,R03,training,20,642,0,0.0,0.0,0.0,0.0
P3,R03,training,20,643,0,0.0,0.0,0.0,0.0
P3,R03,training,20,644,0,0.0,0.0,0.0,0.0
P3,R03,training,20,645,0,0.0,0.0,0.0,0.0
P3,R03,training,20,646,0,0.0,0.0,0.0,0.0
P3,R03,training,20,647,0,0.0,0.0,0.0,0.0
P3,R03,training,20,648,0,0.0,0.0,0.0,0.0
P3,R03,training,20,649,0,0.0,0.0,0.0,0.0
P3,R03,training,20,650,0,0.0,0.0,0.0,0.0
P3,R03,training,20,651,0,0.0,0.0,0.0,0.0
P3,R03,training,20,652,0,0.0,0.0,0.0,0.0
P3,R03,training,20,653,0,0.0,0.0,0.0,0.0
P3,R03,training,20,654,0,0.0,0.0,0.0,0.0
P3,R03,training,20,655,0,0.0,0.0,0.0,0.0
P3,R03,training,20,656,0,0.0,0.0,0.0,0.0
P3,R03,training,20,657,0,0.0,0.0,0.0,0.0
P3,R03,training,20,658,0,0.0,0.0,0.0,0.0
P3,R03,training,20,659,0,0.0,0.0,0.0,0.0
P3,R03,training,20,660,0,0.0,0.0,0.0,0.0
P3,R03,training,20,661,0,0.0,0.0,0.0,0.0
P3,R03,training,20,662,0,0.0,0.0,0.0,0.0
P3,R03,training,20,663,0,0.0,0.0,0.0,0.0
P3,R03,training,20,664,0,0.0,0.0,0.0,0.0
P3,R03,training,20,665,0,0.0,0.0,0.0,0.0
P3,R03,training,20,666,0,0.0,0.0,0.0,0.0
P3,R03,training,20,667,0,0.0,0.0,0.0,0.0
P3,R03,training,20,668,0,0.0,0.0,0.0,0.0
P3,R03,training,20,669,0,0.0,0.0,0.0,0.0
P3,R03,training,20,670,0,0.0,0.0,0.0,0.0
P3,R03,training,20,671,0,0.0,0.0,0.0,0.0
P3,R03,training,20,672,0,0.0,0.0,0.0,0.0
P3,R03,training,20,673,0,0.0,0.0,0.0,0.0
P3,R03,training,20,674,0,0.0,0.0,0.0,0.0
P3,R03,training,20,675,0,0.0,0.0,0.0,0.0
P3,R03,training,20,676,0,0.0,0.0,0.0,0.0
P3,R03,training,20,677,0,0.0,0.0,0.0,0.0
P3,R03,training,20,678,0,0.0,0.0,0.0,0.0
P3,R03,training,20,679,0,0.0,0.0,0.0,0.0
P3,R03,training,20,680,0,0.0,0.0,0.0,0.0
P3,R03,training,20,681,0,0.0,0.0,0.0,0.0
P3,R03,training,20,682,0,0.0,0.0,0.0,0.0
P3,R03,training,20,683,0,0.0,0.0,0.0,0.0
P3,R03,training,20,684,0,0.0,0.0,0.0,0.0
P3,R03,training,20,685,0,0.0,0.0,0.0,0.0
P3,R03,training,20,686,0,0.0,0.0,0.0,0.0
P3,R03,training,20,687,0,0.0,0.0,0.0,0.0
P3,R03,training,20,688,0,0.0,0.0,0.0,0.0
P3,R03,training,20,689,0,0.0,0.0,0.0,0.0
A,R03,training,21,0,0,0.0,0.0,0.0,0.0
A,R03,training,21,1,0,0.0,0.0,0.0,0.0
A,R03,training,21,2,0,0.0,0.0,0.0,0.0
A,R03,training,21,3,0,0.0,0.0,0.0,0.0
A,R03,training,21,4,0,0.0,0.0,0.0,0.0
A,R03,training,21,5,0,0.0,0.0,0.0,0.0
A,R03,training,21,6,0,0.0,0.0,0.0,0.0
A,R03,training,21,7,0,0.0,0.0,0.0,0.0
A,R03,training,21,8,0,0.0,0.0,0.0,0.0
A,R03,training,21,9,0,0.0,0.0,0.0,0.0
A,R03,training,21,10,0,0.0,0.0,0.0,0.0
A,R03,training,21,11,0,0.0,0.0,0.0,0.0
A,R03,training,21,12,0,0.0,0.0,0.0,0.0
A,R03,training,21,13,0,0.0,0.0,0.0,0.0
A,R03,training,21,14,0,0.0,0.0,0.0,0.0
A,R03,training,21,15,0,0.0,0.0,0.0,0.0
A,R03,training,21,16,0,0.0,0.0,0.0,0.0
A,R03,training,21,17,0,0.0,0.0,0.0,0.0
A,R03,training,21,18,0,0.0,0.0,0.0,0.0
A,R03,training,21,19,0,0.0,0.0,0.0,0.0
A,R03,training,21,20,0,0.0,0.0,0.0,0.0
A,R03,training,21,21,0,0.0,0.0,0.0,0.0
A,R03,training,21,22,0,0.0,0.0,0.0,0.0
A,R03,training,21,23,0,0.0,0.0,0.0,0.0
A,R03,training,21,24,0,0.0,0.0,0.0,0.0
A,R03,training,21,25,0,0.0,0.0,0.0,0.0
A,R03,training,21,26,0,0.0,0.0,0.0,0.0
A,R03,training,21,27,0,0.0,0.0,0.0,0.0
A,R03,training,21,28,0,0.0,0.0,0.0,0.0
A,R03,training,21,29,0,0.0,0.0,0.0,0.0
A,R03,training,21,30,0,0.0,0.0,0.0,0.0
A,R03,training,21,31,0,0.0,0.0,0.0,0.0
A,R03,training,21,32,0,0.0,0.0,0.0,0.0
A,R03,training,21,33,0,0.0,0.0,0.0,0.0
A,R03,training,21,34,0,0.0,0.0,0.0,0.0
A,R03,training,21,35,0,0.0,0.0,0.0,0.0
A,R03,training,21,36,0,0.0,0.0,0.0,0.0
A,R03,training,21,37,0,0.0,0.0,0.0,0.0
A,R03,training,21,38,0,0.0,0.0,0.0,0.0
A,R03,training,21,39,0,0.0,0.0,0.0,0.0
A,R03,training,21,40,0,0.0,0.0,0.0,0.0
A,R03,training,21,41,0,0.0,0.0,0.0,0.0
A,R03,training,21,42,0,0.0,0.0,0.0,0.0
A,R03,training,21,43,0,0.0,0.0,0.0,0.0
A,R03,training,21,44,0,0.0,0.0,0.0,0.0
A,R03,training,21,45,0,0.0,0.0,0.0,0.0
A,R03,training,21,46,0,0.0,0.0,0.0,0.0
A,R03,training,21,47,0,0.0,0.0,0.0,0.0
A,R03,training,21,48,0,0.0,0.0,0.0,0.0
A,R03,training,21,49,0,0.0,0.0,0.0,0.0
A,R03,training,21,50,0,0.0,0.0,0.0,0.0
A,R03,training,21,51,0,0.0,0.0,0.0,0.0
A,R03,training,21,52,0,0.0,0.0,0.0,0.0
A,R03,training,21,53,0,0.0,0.0,0.0,0.0
A,R03,training,21,54,0,0.0,0.0,0.0,0.0
A,R03,training,21,55,0,0.0,0.0,0.0,0.0
A,R03,training,21,56,0,0.0,0.0,0.0,0.0
A,R03,training,21,57,0,0.0,0.0,0.0,0.0
A,R03,training,21,58,0,0.0,0.0,0.0,0.0
A,R03,training,21,59,0,0.0,0.0,0.0,0.0
A,R03,training,21,60,0,0.0,0.0,0.0,0.0
A,R03,training,21,61,0,0.0,0.0,0.0,0.0
A,R03,training,21,62,0,0.0,0.0,0.0,0.0
A,R03,training,21,63,0,0.0,0.0,0.0,0.0
A,R03,training,21,64,0,0.0,0.0,0.0,0.0
A,R03,training,21,65,0,0.0,0.0,0.0,0.0
A,R03,training,21,66,0,0.0,0.0,0.0,0.0
A,R03,training,21,67,0,0.0,0.0,0.0,0.0
A,R03,training,21,68,0,0.0,0.0,0.0,0.0
A,R03,training,21,69,0,0.0,0.0,0.0,0.0
A,R03,training,21,70,0,0.0,0.0,0.0,0.0
A,R03,training,21,71,0,0.0,0.0,0.0,0.0
A,R03,training,21,72,0,0.0,0.0,0.0,0.0
A,R03,training,21,73,0,0.0,0.0,0.0,0.0
A,R03,training,21,74,0,0.0,0.0,0.0,0.0
A,R03,training,21,75,0,0.0,0.0,0.0,0.0
A,R03,training,21,76,0,0.0,0.0,0.0,0.0
A,R03,training,21,77,0,0.0,0.0,0.0,0.0
A,R03,training,21,78,0,0.0,0.0,0.0,0.0
A,R03,training,21,79,0,0.0,0.0,0.0,0.0
A,R03,training,21,80,0,0.0,0.0,0.0,0.0
A,R03,training,21,81,0,0.0,0.0,0.0,0.0
A,R03,training,21,82,0,0.0,0.0,0.0,0.0
A,R03,training,21,83,0,0.0,0.0,0.0,0.0
A,R03,training,21,84,0,0.0,0.0,0.0,0.0
A,R03,training,21,85,0,0.0,0.0,0.0,0.0
A,R03,training,21,86,0,0.0,0.0,0.0,0.0
A,R03,training,21,87,0,0.0,0.0,0.0,0.0
A,R03,training,21,88,0,0.0,0.0,0.0,0.0
A,R03,training,21,89,0,0.0,0.0,0.0,0.0
A,R03,training,21,90,0,0.0,0.0,0.0,0.0
A,R03,training,21,91,0,0.0,0.0,0.0,0.0
A,R03,training,21,92,0,0.0,0.0,0.0,0.0
A,R03,training,21,93,0,0.0,0.0,0.0,0.0
A,R03,training,21,94,0,0.0,0.0,0.0,0.0
A,R03,training,21,95,0,0.0,0.0,0.0,0.0
A,R03,training,21,96,0,0.0,0.0,0.0,0.0
A,R03,training,21,97,0,0.0,0.0,0.0,0.0
A,R03,training,21,98,0,0.0,0.0,0.0,0.0
A,R03,training,21,99,0,0.0,0.0,0.0,0.0
A,R03,training,21,100,0,0.0,0.0,0.0,0.0
A,R03,training,21,101,0,0.0,0.0,0.0,0.0
A,R03,training,21,102,0,0.0,0.0,0.0,0.0
A,R03,training,21,103,0,0.0,0.0,0.0,0.0
A,R03,training,21,104,0,0.0,0.0,0.0,0.0
A,R03,training,21,105,0,0.0,0.0,0.0,0.0
A,R03,training,21,106,0,0.0,0.0,0.0,0.0
A,R03,training,21,107,0,0.0,0.0,0.0,0.0
A,R03,training,21,108,0,0.0,0.0,0.0,0.0
A,R03,training,21,109,0,0.0,0.0,0.0,0.0
A,R03,training,21,110,0,0.0,0.0,0.0,0.0
A,R03,training,21,111,0,0.0,0.0,0.0,0.0
A,R03,training,21,112,0,0.0,0.0,0.0,0.0
A,R03,training,21,113,0,0.0,0.0,0.0,0.0
A,R03,training,21,114,0,0.0,0.0,0.0,0.0
A,R03,training,21,115,0,0.0,0.0,0.0,0.0
A,R03,training,21,116,0,0.0,0.0,0.0,0.0
A,R03,training,21,117,0,0.0,0.0,0.0,0.0
A,R03,training,21,118,0,0.0,0.0,0.0,0.0
A,R03,training,21,119,0,0.0,0.0,0.0,0.0
A,R03,training,21,120,0,0.0,0.0,0.0,0.0
A,R03,training,21,121,0,0.0,0.0,0.0,0.0
A,R03,training,21,122,0,0.0,0.0,0.0,0.0
A,R03,training,21,123,0,0.0,0.0,0.0,0.0
A,R03,training,21,124,0,0.0,0.0,0.0,0.0
A,R03,training,21,125,0,0.0,0.0,0.0,0.0
A,R03,training,21,126,0,0.0,0.0,0.0,0.0
A,R03,training,21,127,0,0.0,0.0,0.0,0.0
A,R03,training,21,128,0,0.0,0.0,0.0,0.0
A,R03,training,21,129,0,0.0,0.0,0.0,0.0
A,R03,training,21,130,0,0.0,0.0,0.0,0.0
A,R03,training,21,131,0,0.0,0.0,0.0,0.0
A,R03,training,21,132,0,0.0,0.0,0.0,0.0
A,R03,training,21,133,0,0.0,0.0,0.0,0.0
A,R03,training,21,134,0,0.0,0.0,0.0,0.0
A,R03,training,21,135,0,0.0,0.0,0.0,0.0
A,R03,training,21,136,0,0.0,0.0,0.0,0.0
A,R03,training,21,137,0,0.0,0.0,0.0,0.0
A,R03,training,21,138,0,0.0,0.0,0.0,0.0
A,R03,training,21,139,0,0.0,0.0,0.0,0.0
A,R03,training,21,140,0,0.0,0.0,0.0,0.0
A,R03,training,21,141,0,0.0,0.0,0.0,0.0
A,R03,training,21,142,0,0.0,0.0,0.0,0.0
A,R03,training,21,143,0,0.0,0.0,0.0,0.0
A,R03,training,21,144,0,0.0,0.0,0.0,0.0
A,R03,training,21,145,0,0.0,0.0,0.0,0.0
A,R03,training,21,146,0,0.0,0.0,0.0,0.0
A,R03,training,21,147,0,0.0,0.0,0.0,0.0
A,R03,training,21,148,0,0.0,0.0,0.0,0.0
A,R03,training,21,149,0,0.0,0.0,0.0,0.0
A,R03,training,21,150,0,0.0,0.0,0.0,0.0
A,R03,training,21,151,0,0.0,0.0,0.0,0.0
A,R03,training,21,152,0,0.0,0.0,0.0,0.0
A,R03,training,21,153,0,0.0,0.0,0.0,0.0
A,R03,training,21,154,0,0.0,0.0,0.0,0.0
A,R03,training,21,155,0,0.0,0.0,0.0,0.0
A,R03,training,21,156,0,0.0,0.0,0.0,0.0
A,R03,training,21,157,0,0.0,0.0,0.0,0.0
A,R03,training,21,158,0,0.0,0.0,0.0,0.0
A,R03,training,21,159,0,0.0,0.0,0.0,0.0
A,R03,training,21,160,0,0.0,0.0,0.0,0.0
A,R03,training,21,161,0,0.0,0.0,0.0,0.0
A,R03,training,21,162,0,0.0,0.0,0.0,0.0
A,R03,training,21,163,0,0.0,0.0,0.0,0.0
A,R03,training,21,164,0,0.0,0.0,0.0,0.0
A,R03,training,21,165,0,0.0,0.0,0.0,0.0
A,R03,training,21,166,0,0.0,0.0,0.0,0.0
A,R03,training,21,167,0,0.0,0.0,0.0,0.0
A,R03,training,21,168,0,0.0,0.0,0.0,0.0
A,R03,training,21,169,0,0.0,0.0,0.0,0.0
A,R03,training,21,170,0,0.0,0.0,0.0,0.0
A,R03,training,21,171,0,0.0,0.0,0.0,0.0
A,R03,training,21,172,0,0.0,0.0,0.0,0.0
A,R03,training,21,173,0,0.0,0.0,0.0,0.0
A,R03,training,21,174,0,0.0,0.0,0.0,0.0
A,R03,training,21,175,0,0.0,0.0,0.0,0.0
A,R03,training,21,176,0,0.0,0.0,0.0,0.0
A,R03,training,21,177,0,0.0,0.0,0.0,0.0
A,R03,training,21,178,0,0.0,0.0,0.0,0.0
A,R03,training,21,179,0,0.0,0.0,0.0,0.0
A,R03,training,21,180,0,0.0,0.0,0.0,0.0
A,R03,training,21,181,0,0.0,0.0,0.0,0.0
A,R03,training,21,182,0,0.0,0.0,0.0,0.0
A,R03,training,21,183,0,0.0,0.0,0.0,0.0
A,R03,training,21,184,0,0.0,0.0,0.0,0.0
A,R03,training,21,185,0,0.0,0.0,0.0,0.0
A,R03,training,21,186,0,0.0,0.0,0.0,0.0
A,R03,training,21,187,0,0.0,0.0,0.0,0.0
A,R03,training,21,188,0,0.0,0.0,0.0,0.0
A,R03,training,21,189,0,0.0,0.0,0.0,0.0
A,R03,training,21,190,0,0.0,0.0,0.0,0.0
A,R03,training,21,191,0,0.0,0.0,0.0,0.0
A,R03,training,21,192,0,0.0,0.0,0.0,0.0
A,R03,training,21,193,0,0.0,0.0,0.0,0.0
A,R03,training,21,194,0,0.0,0.0,0.0,0.0
A,R03,training,21,195,0,0.0,0.0,0.0,0.0
A,R03,training,21,196,0,0.0,0.0,0.0,0.0
A,R03,training,21,197,0,0.0,0.0,0.0,0.0
A,R03,training,21,198,0,0.0,0.0,0.0,0.0
A,R03,training,21,199,0,0.0,0.0,0.0,0.0
A,R03,training,21,200,0,0.0,0.0,0.0,0.0
A,R03,training,21,201,0,0.0,0.0,0.0,0.0
A,R03,training,21,202,0,0.0,0.0,0.0,0.0
A,R03,training,21,203,0,0.0,0.0,0.0,0.0
A,R03,training,21,204,0,0.0,0.0,0.0,0.0
A,R03,training,21,205,0,0.0,0.0,0.0,0.0
A,R03,training,21,206,0,0.0,0.0,0.0,0.0
A,R03,training,21,207,0,0.0,0.0,0.0,0.0
A,R03,training,21,208,0,0.0,0.0,0.0,0.0
A,R03,training,21,209,0,0.0,0.0,0.0,0.0
A,R03,training,21,210,0,0.0,0.0,0.0,0.0
A,R03,training,21,211,0,0.0,0.0,0.0,0.0
A,R03,training,21,212,0,0.0,0.0,0.0,0.0
A,R03,training,21,213,0,0.0,0.0,0.0,0.0
A,R03,training,21,214,0,0.0,0.0,0.0,0.0
A,R03,training,21,215,0,0.0,0.0,0.0,0.0
A,R03,training,21,216,0,0.0,0.0,0.0,0.0
A,R03,training,21,217,0,0.0,0.0,0.0,0.0
A,R03,training,21,218,0,0.0,0.0,0.0,0.0
A,R03,training,21,219,0,0.0,0.0,0.0,0.0
A,R03,training,21,220,0,0.0,0.0,0.0,0.0
A,R03,training,21,221,0,0.0,0.0,0.0,0.0
A,R03,training,21,222,0,0.0,0.0,0.0,0.0
A,R03,training,21,223,0,0.0,0.0,0.0,0.0
A,R03,training,21,224,0,0.0,0.0,0.0,0.0
A,R03,training,21,225,0,0.0,0.0,0.0,0.0
A,R03,training,21,226,0,0.0,0.0,0.0,0.0
A,R03,training,21,227,0,0.0,0.0,0.0,0.0
A,R03,training,21,228,0,0.0,0.0,0.0,0.0
A,R03,training,21,229,0,0.0,0.0,0.0,0.0
A,R03,training,21,230,0,0.0,0.0,0.0,0.0
A,R03,training,21,231,0,0.0,0.0,0.0,0.0
A,R03,training,21,232,0,0.0,0.0,0.0,0.0
A,R03,training,21,233,0,0.0,0.0,0.0,0.0
A,R03,training,21,234,0,0.0,0.0,0.0,0.0
A,R03,training,21,235,0,0.0,0.0,0.0,0.0
A,R03,training,21,236,0,0.0,0.0,0.0,0.0
A,R03,training,21,237,0,0.0,0.0,0.0,0.0
A,R03,training,21,238,0,0.0,0.0,0.0,0.0
A,R03,training,21,239,0,0.0,0.0,0.0,0.0
A,R03,training,21,240,0,0.0,0.0,0.0,0.0
A,R03,training,21,241,0,0.0,0.0,0.0,0.0
A,R03,training,21,242,0,0.0,0.0,0.0,0.0
A,R03,training,21,243,0,0.0,0.0,0.0,0.0
A,R03,training,21,244,0,0.0,0.0,0.0,0.0
A,R03,training,21,245,0,0.0,0.0,0.0,0.0
A,R03,training,21,246,0,0.0,0.0,0.0,0.0
A,R03,training,21,247,0,0.0,0.0,0.0,0.0
A,R03,training,21,248,0,0.0,0.0,0.0,0.0
A,R03,training,21,249,0,0.0,0.0,0.0,0.0
A,R03,training,21,250,0,0.0,0.0,0.0,0.0
A,R03,training,21,251,0,0.0,0.0,0.0,0.0
A,R03,training,21,252,0,0.0,0.0,0.0,0.0
A,R03,training,21,253,0,0.0,0.0,0.0,0.0
A,R03,training,21,254,0,0.0,0.0,0.0,0.0
A,R03,training,21,255,0,0.0,0.0,0.0,0.0
A,R03,training,21,256,0,0.0,0.0,0.0,0.0
A,R03,training,21,257,0,0.0,0.0,0.0,0.0
A,R03,training,21,258,0,0.0,0.0,0.0,0.0
A,R03,training,21,259,0,0.0,0.0,0.0,0.0
A,R03,training,21,260,0,0.0,0.0,0.0,0.0
A,R03,training,21,261,0,0.0,0.0,0.0,0.0
A,R03,training,21,262,0,0.0,0.0,0.0,0.0
A,R03,training,21,263,0,0.0,0.0,0.0,0.0
A,R03,training,21,264,0,0.0,0.0,0.0,0.0
A,R03,training,21,265,0,0.0,0.0,0.0,0.0
A,R03,training,21,266,0,0.0,0.0,0.0,0.0
A,R03,training,21,267,0,0.0,0.0,0.0,0.0
A,R03,training,21,268,0,0.0,0.0,0.0,0.0
A,R03,training,21,269,0,0.0,0.0,0.0,0.0
A,R03,training,21,270,0,0.0,0.0,0.0,0.0
A,R03,training,21,271,0,0.0,0.0,0.0,0.0
A,R03,training,21,272,0,0.0,0.0,0.0,0.0
A,R03,training,21,273,0,0.0,0.0,0.0,0.0
A,R03,training,21,274,0,0.0,0.0,0.0,0.0
A,R03,training,21,275,0,0.0,0.0,0.0,0.0
A,R03,training,21,276,0,0.0,0.0,0.0,0.0
A,R03,training,21,277,0,0.0,0.0,0.0,0.0
A,R03,training,21,278,0,0.0,0.0,0.0,0.0
A,R03,training,21,279,0,0.0,0.0,0.0,0.0
A,R03,training,21,280,0,0.0,0.0,0.0,0.0
A,R03,training,21,281,0,0.0,0.0,0.0,0.0
A,R03,training,21,282,0,0.0,0.0,0.0,0.0
A,R03,training,21,283,0,0.0,0.0,0.0,0.0
A,R03,training,21,284,0,0.0,0.0,0.0,0.0
A,R03,training,21,285,0,0.0,0.0,0.0,0.0
A,R03,training,21,286,0,0.0,0.0,0.0,0.0
A,R03,training,21,287,0,0.0,0.0,0.0,0.0
A,R03,training,21,288,0,0.0,0.0,0.0,0.0
A,R03,training,21,289,0,0.0,0.0,0.0,0.0
A,R03,training,21,290,0,0.0,0.0,0.0,0.0
A,R03,training,21,291,0,0.0,0.0,0.0,0.0
A,R03,training,21,292,0,0.0,0.0,0.0,0.0
A,R03,training,21,293,0,0.0,0.0,0.0,0.0
A,R03,training,21,294,0,0.0,0.0,0.0,0.0
A,R03,training,21,295,0,0.0,0.0,0.0,0.0
A,R03,training,21,296,0,0.0,0.0,0.0,0.0
A,R03,training,21,297,0,0.0,0.0,0.0,0.0
A,R03,training,21,298,0,0.0,0.0,0.0,0.0
A,R03,training,21,299,0,0.0,0.0,0.0,0.0
A,R03,training,21,300,0,0.0,0.0,0.0,0.0
A,R03,training,21,301,0,0.0,0.0,0.0,0.0
A,R03,training,21,302,0,0.0,0.0,0.0,0.0
A,R03,training,21,303,0,0.0,0.0,0.0,0.0
A,R03,training,21,304,0,0.0,0.0,0.0,0.0
A,R03,training,21,305,0,0.0,0.0,0.0,0.0
A,R03,training,21,306,0,0.0,0.0,0.0,0.0
A,R03,training,21,307,0,0.0,0.0,0.0,0.0
A,R03,training,21,308,0,0.0,0.0,0.0,0.0
A,R03,training,21,309,0,0.0,0.0,0.0,0.0
A,R03,training,21,310,0,0.0,0.0,0.0,0.0
A,R03,training,21,311,0,0.0,0.0,0.0,0.0
A,R03,training,21,312,0,0.0,0.0,0.0,0.0
A,R03,training,21,313,0,0.0,0.0,0.0,0.0
A,R03,training,21,314,0,0.0,0.0,0.0,0.0
A,R03,training,21,315,0,0.0,0.0,0.0,0.0
A,R03,training,21,316,0,0.0,0.0,0.0,0.0
A,R03,training,21,317,0,0.0,0.0,0.0,0.0
A,R03,training,21,318,0,0.0,0.0,0.0,0.0
A,R03,training,21,319,0,0.0,0.0,0.0,0.0
A,R03,training,21,320,0,0.0,0.0,0.0,0.0
A,R03,training,21,321,0,0.0,0.0,0.0,0.0
A,R03,training,21,322,0,0.0,0.0,0.0,0.0
A,R03,training,21,323,0,0.0,0.0,0.0,0.0
A,R03,training,21,324,0,0.0,0.0,0.0,0.0
A,R03,training,21,325,0,0.0,0.0,0.0,0.0
A,R03,training,21,326,0,0.0,0.0,0.0,0.0
A,R03,training,21,327,0,0.0,0.0,0.0,0.0
A,R03,training,21,328,0,0.0,0.0,0.0,0.0
A,R03,training,21,329,0,0.0,0.0,0.0,0.0
A,R03,training,21,330,0,0.0,0.0,0.0,0.0
A,R03,training,21,331,0,0.0,0.0,0.0,0.0
A,R03,training,21,332,0,0.0,0.0,0.0,0.0
A,R03,training,21,333,0,0.0,0.0,0.0,0.0
A,R03,training,21,334,0,0.0,0.0,0.0,0.0
A,R03,training,21,335,0,0.0,0.0,0.0,0.0
A,R03,training,21,336,0,0.0,0.0,0.0,0.0
A,R03,training,21,337,0,0.0,0.0,0.0,0.0
A,R03,training,21,338,0,0.0,0.0,0.0,0.0
A,R03,training,21,339,0,0.0,0.0,0.0,0.0
A,R03,training,21,340,0,0.0,0.0,0.0,0.0
A,R03,training,21,341,0,0.0,0.0,0.0,0.0
A,R03,training,21,342,0,0.0,0.0,0.0,0.0
A,R03,training,21,343,0,0.0,0.0,0.0,0.0
A,R03,training,21,344,0,0.0,0.0,0.0,0.0
A,R03,training,21,345,0,0.0,0.0,0.0,0.0
A,R03,training,21,346,0,0.0,0.0,0.0,0.0
A,R03,training,21,347,0,0.0,0.0,0.0,0.0
A,R03,training,21,348,0,0.0,0.0,0.0,0.0
A,R03,training,21,349,0,0.0,0.0,0.0,0.0
A,R03,training,21,350,0,0.0,0.0,0.0,0.0
A,R03,training,21,351,0,0.0,0.0,0.0,0.0
A,R03,training,21,352,0,0.0,0.0,0.0,0.0
A,R03,training,21,353,0,0.0,0.0,0.0,0.0
A,R03,training,21,354,0,0.0,0.0,0.0,0.0
A,R03,training,21,355,0,0.0,0.0,0.0,0.0
A,R03,training,21,356,0,0.0,0.0,0.0,0.0
A,R03,training,21,357,0,0.0,0.0,0.0,0.0
A,R03,training,21,358,0,0.0,0.0,0.0,0.0
A,R03,training,21,359,0,0.0,0.0,0.0,0.0
A,R03,training,21,360,0,0.0,0.0,0.0,0.0
A,R03,training,21,361,0,0.0,0.0,0.0,0.0
A,R03,training,21,362,0,0.0,0.0,0.0,0.0
A,R03,training,21,363,0,0.0,0.0,0.0,0.0
A,R03,training,21,364,0,0.0,0.0,0.0,0.0
A,R03,training,21,365,0,0.0,0.0,0.0,0.0
A,R03,training,21,366,0,0.0,0.0,0.0,0.0
A,R03,training,21,367,0,0.0,0.0,0.0,0.0
A,R03,training,21,368,0,0.0,0.0,0.0,0.0
A,R03,training,21,369,0,0.0,0.0,0.0,0.0
A,R03,training,21,370,0,0.0,0.0,0.0,0.0
A,R03,training,21,371,0,0.0,0.0,0.0,0.0
A,R03,training,21,372,0,0.0,0.0,0.0,0.0
A,R03,training,21,373,0,0.0,0.0,0.0,0.0
A,R03,training,21,374,0,0.0,0.0,0.0,0.0
A,R03,training,21,375,0,0.0,0.0,0.0,0.0
A,R03,training,21,376,0,0.0,0.0,0.0,0.0
A,R03,training,21,377,0,0.0,0.0,0.0,0.0
A,R03,training,21,378,0,0.0,0.0,0.0,0.0
A,R03,training,21,379,0,0.0,0.0,0.0,0.0
A,R03,training,21,380,0,0.0,0.0,0.0,0.0
A,R03,training,21,381,0,0.0,0.0,0.0,0.0
A,R03,training,21,382,0,0.0,0.0,0.0,0.0
A,R03,training,21,383,0,0.0,0.0,0.0,0.0
A,R03,training,21,384,0,0.0,0.0,0.0,0.0
A,R03,training,21,385,0,0.0,0.0,0.0,0.0
A,R03,training,21,386,0,0.0,0.0,0.0,0.0
A,R03,training,21,387,0,0.0,0.0,0.0,0.0
A,R03,training,21,388,0,0.0,0.0,0.0,0.0
A,R03,training,21,389,0,0.0,0.0,0.0,0.0
A,R03,training,21,390,0,0.0,0.0,0.0,0.0
A,R03,training,21,391,0,0.0,0.0,0.0,0.0
A,R03,training,21,392,0,0.0,0.0,0.0,0.0
A,R03,training,21,393,0,0.0,0.0,0.0,0.0
A,R03,training,21,394,0,0.0,0.0,0.0,0.0
A,R03,training,21,395,0,0.0,0.0,0.0,0.0
A,R03,training,21,396,0,0.0,0.0,0.0,0.0
A,R03,training,21,397,0,0.0,0.0,0.0,0.0
A,R03,training,21,398,0,0.0,0.0,0.0,0.0
A,R03,training,21,399,0,0.0,0.0,0.0,0.0
A,R03,training,21,400,0,0.0,0.0,0.0,0.0
A,R03,training,21,401,0,0.0,0.0,0.0,0.0
A,R03,training,21,402,0,0.0,0.0,0.0,0.0
A,R03,training,21,403,0,0.0,0.0,0.0,0.0
A,R03,training,21,404,0,0.0,0.0,0.0,0.0
A,R03,training,21,405,0,0.0,0.0,0.0,0.0
A,R03,training,21,406,0,0.0,0.0,0.0,0.0
A,R03,training,21,407,0,0.0,0.0,0.0,0.0
A,R03,training,21,408,0,0.0,0.0,0.0,0.0
A,R03,training,21,409,0,0.0,0.0,0.0,0.0
A,R03,training,21,410,0,0.0,0.0,0.0,0.0
A,R03,training,21,411,0,0.0,0.0,0.0,0.0
A,R03,training,21,412,0,0.0,0.0,0.0,0.0
A,R03,training,21,413,0,0.0,0.0,0.0,0.0
A,R03,training,21,414,0,0.0,0.0,0.0,0.0
A,R03,training,21,415,0,0.0,0.0,0.0,0.0
A,R03,training,21,416,0,0.0,0.0,0.0,0.0
A,R03,training,21,417,0,0.0,0.0,0.0,0.0
A,R03,training,21,418,0,0.0,0.0,0.0,0.0
A,R03,training,21,419,0,0.0,0.0,0.0,0.0
A,R03,training,21,420,0,0.0,0.0,0.0,0.0
A,R03,training,21,421,0,0.0,0.0,0.0,0.0
A,R03,training,21,422,0,0.0,0.0,0.0,0.0
A,R03,training,21,423,0,0.0,0.0,0.0,0.0
A,R03,training,21,424,0,0.0,0.0,0.0,0.0
A,R03,training,21,425,0,0.0,0.0,0.0,0.0
A,R03,training,21,426,0,0.0,0.0,0.0,0.0
A,R03,training,21,427,0,0.0,0.0,0.0,0.0
A,R03,training,21,428,0,0.0,0.0,0.0,0.0
A,R03,training,21,429,0,0.0,0.0,0.0,0.0
A,R03,training,21,430,0,0.0,0.0,0.0,0.0
A,R03,training,21,431,0,0.0,0.0,0.0,0.0
A,R03,training,21,432,0,0.0,0.0,0.0,0.0
A,R03,training,21,433,0,0.0,0.0,0.0,0.0
A,R03,training,21,434,0,0.0,0.0,0.0,0.0
A,R03,training,21,435,0,0.0,0.0,0.0,0.0
A,R03,training,21,436,0,0.0,0.0,0.0,0.0
A,R03,training,21,437,0,0.0,0.0,0.0,0.0
A,R03,training,21,438,0,0.0,0.0,0.0,0.0
A,R03,training,21,439,0,0.0,0.0,0.0,0.0
A,R03,training,21,440,0,0.0,0.0,0.0,0.0
A,R03,training,21,441,0,0.0,0.0,0.0,0.0
A,R03,training,21,442,0,0.0,0.0,0.0,0.0
A,R03,training,21,443,0,0.0,0.0,0.0,0.0
A,R03,training,21,444,0,0.0,0.0,0.0,0.0
A,R03,training,21,445,0,0.0,0.0,0.0,0.0
A,R03,training,21,446,0,0.0,0.0,0.0,0.0
A,R03,training,21,447,0,0.0,0.0,0.0,0.0
A,R03,training,21,448,0,0.0,0.0,0.0,0.0
A,R03,training,21,449,0,0.0,0.0,0.0,0.0
A,R03,training,21,450,0,0.0,0.0,0.0,0.0
A,R03,training,21,451,0,0.0,0.0,0.0,0.0
A,R03,training,21,452,0,0.0,0.0,0.0,0.0
A,R03,training,21,453,0,0.0,0.0,0.0,0.0
A,R03,training,21,454,0,0.0,0.0,0.0,0.0
A,R03,training,21,455,0,0.0,0.0,0.0,0.0
A,R03,training,21,456,0,0.0,0.0,0.0,0.0
A,R03,training,21,457,0,0.0,0.0,0.0,0.0
A,R03,training,21,458,0,0.0,0.0,0.0,0.0
A,R03,training,21,459,0,0.0,0.0,0.0,0.0
A,R03,training,21,460,0,0.0,0.0,0.0,0.0
A,R03,training,21,461,0,0.0,0.0,0.0,0.0
A,R03,training,21,462,0,0.0,0.0,0.0,0.0
A,R03,training,21,463,0,0.0,0.0,0.0,0.0
A,R03,training,21,464,0,0.0,0.0,0.0,0.0
A,R03,training,21,465,0,0.0,0.0,0.0,0.0
A,R03,training,21,466,0,0.0,0.0,0.0,0.0
A,R03,training,21,467,0,0.0,0.0,0.0,0.0
A,R03,training,21,468,0,0.0,0.0,0.0,0.0
A,R03,training,21,469,0,0.0,0.0,0.0,0.0
A,R03,training,21,470,0,0.0,0.0,0.0,0.0
A,R03,training,21,471,0,0.0,0.0,0.0,0.0
A,R03,training,21,472,0,0.0,0.0,0.0,0.0
A,R03,training,21,473,0,0.0,0.0,0.0,0.0
A,R03,training,21,474,0,0.0,0.0,0.0,0.0
A,R03,training,21,475,0,0.0,0.0,0.0,0.0
A,R03,training,21,476,0,0.0,0.0,0.0,0.0
A,R03,training,21,477,0,0.0,0.0,0.0,0.0
A,R03,training,21,478,0,0.0,0.0,0.0,0.0
A,R03,training,21,479,0,0.0,0.0,0.0,0.0
A,R03,training,21,480,0,0.0,0.0,0.0,0.0
A,R03,training,21,481,0,0.0,0.0,0.0,0.0
A,R03,training,21,482,0,0.0,0.0,0.0,0.0
A,R03,training,21,483,0,0.0,0.0,0.0,0.0
A,R03,training,21,484,0,0.0,0.0,0.0,0.0
A,R03,training,21,485,0,0.0,0.0,0.0,0.0
A,R03,training,21,486,0,0.0,0.0,0.0,0.0
A,R03,training,21,487,0,0.0,0.0,0.0,0.0
A,R03,training,21,488,0,0.0,0.0,0.0,0.0
A,R03,training,21,489,0,0.0,0.0,0.0,0.0
A,R03,training,21,490,0,0.0,0.0,0.0,0.0
A,R03,training,21,491,0,0.0,0.0,0.0,0.0
A,R03,training,21,492,0,0.0,0.0,0.0,0.0
A,R03,training,21,493,0,0.0,0.0,0.0,0.0
A,R03,training,21,494,0,0.0,0.0,0.0,0.0
A,R03,training,21,495,0,0.0,0.0,0.0,0.0
A,R03,training,21,496,0,0.0,0.0,0.0,0.0
A,R03,training,21,497,0,0.0,0.0,0.0,0.0
A,R03,training,21,498,0,0.0,0.0,0.0,0.0
A,R03,training,21,499,0,0.0,0.0,0.0,0.0
A,R03,training,21,500,0,0.0,0.0,0.0,0.0
A,R03,training,21,501,0,0.0,0.0,0.0,0.0
A,R03,training,21,502,0,0.0,0.0,0.0,0.0
A,R03,training,21,503,0,0.0,0.0,0.0,0.0
A,R03,training,21,504,0,0.0,0.0,0.0,0.0
A,R03,training,21,505,0,0.0,0.0,0.0,0.0
A,R03,training,21,506,0,0.0,0.0,0.0,0.0
A,R03,training,21,507,0,0.0,0.0,0.0,0.0
A,R03,training,21,508,0,0.0,0.0,0.0,0.0
A,R03,training,21,509,0,0.0,0.0,0.0,0.0
A,R03,training,21,510,0,0.0,0.0,0.0,0.0
A,R03,training,21,511,0,0.0,0.0,0.0,0.0
A,R03,training,21,512,0,0.0,0.0,0.0,0.0
A,R03,training,21,513,0,0.0,0.0,0.0,0.0
A,R03,training,21,514,0,0.0,0.0,0.0,0.0
A,R03,training,21,515,0,0.0,0.0,0.0,0.0
A,R03,training,21,516,0,0.0,0.0,0.0,0.0
A,R03,training,21,517,0,0.0,0.0,0.0,0.0
A,R03,training,21,518,0,0.0,0.0,0.0,0.0
A,R03,training,21,519,0,0.0,0.0,0.0,0.0
A,R03,training,21,520,0,0.0,0.0,0.0,0.0
A,R03,training,21,521,0,0.0,0.0,0.0,0.0
A,R03,training,21,522,0,0.0,0.0,0.0,0.0
A,R03,training,21,523,0,0.0,0.0,0.0,0.0
A,R03,training,21,524,0,0.0,0.0,0.0,0.0
A,R03,training,21,525,0,0.0,0.0,0.0,0.0
A,R03,training,21,526,0,0.0,0.0,0.0,0.0
A,R03,training,21,527,0,0.0,0.0,0.0,0.0
A,R03,training,21,528,0,0.0,0.0,0.0,0.0
A,R03,training,21,529,0,0.0,0.0,0.0,0.0
A,R03,training,21,530,0,0.0,0.0,0.0,0.0
A,R03,training,21,531,0,0.0,0.0,0.0,0.0
A,R03,training,21,532,0,0.0,0.0,0.0,0.0
A,R03,training,21,533,0,0.0,0.0,0.0,0.0
A,R03,training,21,534,0,0.0,0.0,0.0,0.0
A,R03,training,21,535,0,0.0,0.0,0.0,0.0
A,R03,training,21,536,0,0.0,0.0,0.0,0.0
A,R03,training,21,537,0,0.0,0.0,0.0,0.0
A,R03,training,21,538,0,0.0,0.0,0.0,0.0
A,R03,training,21,539,0,0.0,0.0,0.0,0.0
A,R03,training,21,540,0,0.0,0.0,0.0,0.0
A,R03,training,21,541,0,0.0,0.0,0.0,0.0
A,R03,training,21,542,0,0.0,0.0,0.0,0.0
A,R03,training,21,543,0,0.0,0.0,0.0,0.0
A,R03,training,21,544,0,0.0,0.0,0.0,0.0
A,R03,training,21,545,0,0.0,0.0,0.0,0.0
A,R03,training,21,546,0,0.0,0.0,0.0,0.0
A,R03,training,21,547,0,0.0,0.0,0.0,0.0
A,R03,training,21,548,0,0.0,0.0,0.0,0.0
A,R03,training,21,549,0,0.0,0.0,0.0,0.0
A,R03,training,21,550,0,0.0,0.0,0.0,0.0
A,R03,training,21,551,0,0.0,0.0,0.0,0.0
A,R03,training,21,552,0,0.0,0.0,0.0,0.0
A,R03,training,21,553,0,0.0,0.0,0.0,0.0
A,R03,training,21,554,0,0.0,0.0,0.0,0.0
A,R03,training,21,555,0,0.0,0.0,0.0,0.0
A,R03,training,21,556,0,0.0,0.0,0.0,0.0
A,R03,training,21,557,0,0.0,0.0,0.0,0.0
A,R03,training,21,558,0,0.0,0.0,0.0,0.0
A,R03,training,21,559,0,0.0,0.0,0.0,0.0
A,R03,training,21,560,0,0.0,0.0,0.0,0.0
A,R03,training,21,561,0,0.0,0.0,0.0,0.0
A,R03,training,21,562,0,0.0,0.0,0.0,0.0
A,R03,training,21,563,0,0.0,0.0,0.0,0.0
A,R03,training,21,564,0,0.0,0.0,0.0,0.0
A,R03,training,21,565,0,0.0,0.0,0.0,0.0
A,R03,training,21,566,0,0.0,0.0,0.0,0.0
A,R03,training,21,567,0,0.0,0.0,0.0,0.0
A,R03,training,21,568,0,0.0,0.0,0.0,0.0
A,R03,training,21,569,0,0.0,0.0,0.0,0.0
A,R03,training,21,570,0,0.0,0.0,0.0,0.0
A,R03,training,21,571,0,0.0,0.0,0.0,0.0
A,R03,training,21,572,0,0.0,0.0,0.0,0.0
A,R03,training,21,573,0,0.0,0.0,0.0,0.0
A,R03,training,21,574,0,0.0,0.0,0.0,0.0
A,R03,training,21,575,0,0.0,0.0,0.0,0.0
A,R03,training,21,576,0,0.0,0.0,0.0,0.0
A,R03,training,21,577,0,0.0,0.0,0.0,0.0
A,R03,training,21,578,0,0.0,0.0,0.0,0.0
A,R03,training,21,579,0,0.0,0.0,0.0,0.0
A,R03,training,21,580,0,0.0,0.0,0.0,0.0
A,R03,training,21,581,0,0.0,0.0,0.0,0.0
A,R03,training,21,582,0,0.0,0.0,0.0,0.0
A,R03,training,21,583,0,0.0,0.0,0.0,0.0
A,R03,training,21,584,0,0.0,0.0,0.0,0.0
A,R03,training,21,585,0,0.0,0.0,0.0,0.0
A,R03,training,21,586,0,0.0,0.0,0.0,0.0
A,R03,training,21,587,0,0.0,0.0,0.0,0.0
A,R03,training,21,588,0,0.0,0.0,0.0,0.0
A,R03,training,21,589,0,0.0,0.0,0.0,0.0
A,R03,training,21,590,0,0.0,0.0,0.0,0.0
A,R03,training,21,591,0,0.0,0.0,0.0,0.0
A,R03,training,21,592,0,0.0,0.0,0.0,0.0
A,R03,training,21,593,0,0.0,0.0,0.0,0.0
A,R03,training,21,594,0,0.0,0.0,0.0,0.0
A,R03,training,21,595,0,0.0,0.0,0.0,0.0
A,R03,training,21,596,0,0.0,0.0,0.0,0.0
A,R03,training,21,597,0,0.0,0.0,0.0,0.0
A,R03,training,21,598,0,0.0,0.0,0.0,0.0
A,R03,training,21,599,0,0.0,0.0,0.0,0.0
A,R03,training,21,600,0,0.0,0.0,0.0,0.0
A,R03,training,21,601,0,0.0,0.0,0.0,0.0
A,R03,training,21,602,0,0.0,0.0,0.0,0.0
A,R03,training,21,603,0,0.0,0.0,0.0,0.0
A,R03,training,21,604,0,0.0,0.0,0.0,0.0
A,R03,training,21,605,0,0.0,0.0,0.0,0.0
A,R03,training,21,606,0,0.0,0.0,0.0,0.0
A,R03,training,21,607,0,0.0,0.0,0.0,0.0
A,R03,training,21,608,0,0.0,0.0,0.0,0.0
A,R03,training,21,609,0,0.0,0.0,0.0,0.0
A,R03,training,21,610,0,0.0,0.0,0.0,0.0
A,R03,training,21,611,0,0.0,0.0,0.0,0.0
A,R03,training,21,612,0,0.0,0.0,0.0,0.0
A,R03,training,21,613,0,0.0,0.0,0.0,0.0
A,R03,training,21,614,0,0.0,0.0,0.0,0.0
A,R03,training,21,615,0,0.0,0.0,0.0,0.0
A,R03,training,21,616,0,0.0,0.0,0.0,0.0
A,R03,training,21,617,0,0.0,0.0,0.0,0.0
A,R03,training,21,618,0,0.0,0.0,0.0,0.0
A,R03,training,21,619,0,0.0,0.0,0.0,0.0
A,R03,training,21,620,0,0.0,0.0,0.0,0.0
A,R03,training,21,621,0,0.0,0.0,0.0,0.0
A,R03,training,21,622,0,0.0,0.0,0.0,0.0
A,R03,training,21,623,0,0.0,0.0,0.0,0.0
A,R03,training,21,624,0,0.0,0.0,0.0,0.0
A,R03,training,21,625,0,0.0,0.0,0.0,0.0
A,R03,training,21,626,0,0.0,0.0,0.0,0.0
A,R03,training,21,627,0,0.0,0.0,0.0,0.0
A,R03,training,21,628,0,0.0,0.0,0.0,0.0
A,R03,training,21,629,0,0.0,0.0,0.0,0.0
A,R03,training,21,630,0,0.0,0.0,0.0,0.0
A,R03,training,21,631,0,0.0,0.0,0.0,0.0
A,R03,training,21,632,0,0.0,0.0,0.0,0.0
A,R03,training,21,633,0,0.0,0.0,0.0,0.0
A,R03,training,21,634,0,0.0,0.0,0.0,0.0
A,R03,training,21,635,0,0.0,0.0,0.0,0.0
A,R03,training,21,636,0,0.0,0.0,0.0,0.0
A,R03,training,21,637,0,0.0,0.0,0.0,0.0
A,R03,training,21,638,0,0.0,0.0,0.0,0.0
A,R03,training,21,639,0,0.0,0.0,0.0,0.0
A,R03,training,21,640,0,0.0,0.0,0.0,0.0
A,R03,training,21,641,0,0.0,0.0,0.0,0.0
A,R03,training,21,642,0,0.0,0.0,0.0,0.0
A,R03,training,21,643,0,0.0,0.0,0.0,0.0
A,R03,training,21,644,0,0.0,0.0,0.0,0.0
A,R03,training,21,645,0,0.0,0.0,0.0,0.0
A,R03,training,21,646,0,0.0,0.0,0.0,0.0
A,R03,training,21,647,0,0.0,0.0,0.0,0.0
A,R03,training,21,648,0,0.0,0.0,0.0,0.0
A,R03,training,21,649,0,0.0,0.0,0.0,0.0
A,R03,training,21,650,0,0.0,0.0,0.0,0.0
A,R03,training,21,651,0,0.0,0.0,0.0,0.0
A,R03,training,21,652,0,0.0,0.0,0.0,0.0
A,R03,training,21,653,0,0.0,0.0,0.0,0.0
A,R03,training,21,654,0,0.0,0.0,0.0,0.0
A,R03,training,21,655,0,0.0,0.0,0.0,0.0
A,R03,training,21,656,0,0.0,0.0,0.0,0.0
A,R03,training,21,657,0,0.0,0.0,0.0,0.0
A,R03,training,21,658,0,0.0,0.0,0.0,0.0
A,R03,training,21,659,0,0.0,0.0,0.0,0.0
A,R03,training,21,660,0,0.0,0.0,0.0,0.0
A,R03,training,21,661,0,0.0,0.0,0.0,0.0
A,R03,training,21,662,0,0.0,0.0,0.0,0.0
A,R03,training,21,663,0,0.0,0.0,0.0,0.0
A,R03,training,21,664,0,0.0,0.0,0.0,0.0
A,R03,training,21,665,0,0.0,0.0,0.0,0.0
A,R03,training,21,666,0,0.0,0.0,0.0,0.0
A,R03,training,21,667,0,0.0,0.0,0.0,0.0
A,R03,training,21,668,0,0.0,0.0,0.0,0.0
A,R03,training,21,669,0,0.0,0.0,0.0,0.0
A,R03,training,21,670,0,0.0,0.0,0.0,0.0
A,R03,training,21,671,0,0.0,0.0,0.0,0.0
A,R03,training,21,672,0,0.0,0.0,0.0,0.0
A,R03,training,21,673,0,0.0,0.0,0.0,0.0
A,R03,training,21,674,0,0.0,0.0,0.0,0.0
A,R03,training,21,675,0,0.0,0.0,0.0,0.0
A,R03,training,21,676,0,0.0,0.0,0.0,0.0
A,R03,training,21,677,0,0.0,0.0,0.0,0.0
A,R03,training,21,678,0,0.0,0.0,0.0,0.0
A,R03,training,21,679,0,0.0,0.0,0.0,0.0
A,R03,training,21,680,0,0.0,0.0,0.0,0.0
A,R03,training,21,681,0,0.0,0.0,0.0,0.0
A,R03,training,21,682,0,0.0,0.0,0.0,0.0
A,R03,training,21,683,0,0.0,0.0,0.0,0.0
A,R03,training,21,684,0,0.0,0.0,0.0,0.0
A,R03,training,21,685,0,0.0,0.0,0.0,0.0
A,R03,training,21,686,0,0.0,0.0,0.0,0.0
A,R03,training,21,687,0,0.0,0.0,0.0,0.0
A,R03,training,21,688,0,0.0,0.0,0.0,0.0
A,R03,training,21,689,0,0.0,0.0,0.0,0.0
A,R03,training,21,690,0,0.0,0.0,0.0,0.0
A,R03,training,21,691,0,0.0,0.0,0.0,0.0
A,R03,training,21,692,0,0.0,0.0,0.0,0.0
A,R03,training,21,693,0,0.0,0.0,0.0,0.0
A,R03,training,21,694,0,0.0,0.0,0.0,0.0
A,R03,training,21,695,0,0.0,0.0,0.0,0.0
A,R03,training,21,696,0,0.0,0.0,0.0,0.0
A,R03,training,21,697,0,0.0,0.0,0.0,0.0
A,R03,training,21,698,0,0.0,0.0,0.0,0.0
A,R03,training,21,699,0,0.0,0.0,0.0,0.0
A,R03,training,21,700,0,0.0,0.0,0.0,0.0
A,R03,training,21,701,0,0.0,0.0,0.0,0.0
A,R03,training,21,702,0,0.0,0.0,0.0,0.0
A,R03,training,21,703,0,0.0,0.0,0.0,0.0
A,R03,training,21,704,0,0.0,0.0,0.0,0.0
A,R03,training,21,705,0,0.0,0.0,0.0,0.0
A,R03,training,21,706,0,0.0,0.0,0.0,0.0
A,R03,training,21,707,0,0.0,0.0,0.0,0.0
A,R03,training,21,708,0,0.0,0.0,0.0,0.0
A,R03,training,21,709,0,0.0,0.0,0.0,0.0
A,R03,training,21,710,0,0.0,0.0,0.0,0.0
A,R03,training,21,711,0,0.0,0.0,0.0,0.0
A,R03,training,21,712,0,0.0,0.0,0.0,0.0
B,R03,training,21,0,0,0.0,0.0,0.0,0.0
B,R03,training,21,1,0,0.0,0.0,0.0,0.0
B,R03,training,21,2,0,0.0,0.0,0.0,0.0
B,R03,training,21,3,0,0.0,0.0,0.0,0.0
B,R03,training,21,4,0,0.0,0.0,0.0,0.0
B,R03,training,21,5,0,0.0,0.0,0.0,0.0
B,R03,training,21,6,0,0.0,0.0,0.0,0.0
B,R03,training,21,7,0,0.0,0.0,0.0,0.0
B,R03,training,21,8,0,0.0,0.0,0.0,0.0
B,R03,training,21,9,0,0.0,0.0,0.0,0.0
B,R03,training,21,10,0,0.0,0.0,0.0,0.0
B,R03,training,21,11,0,0.0,0.0,0.0,0.0
B,R03,training,21,12,0,0.0,0.0,0.0,0.0
B,R03,training,21,13,0,0.0,0.0,0.0,0.0
B,R03,training,21,14,0,0.0,0.0,0.0,0.0
B,R03,training,21,15,0,0.0,0.0,0.0,0.0
B,R03,training,21,16,0,0.0,0.0,0.0,0.0
B,R03,training,21,17,0,0.0,0.0,0.0,0.0
B,R03,training,21,18,0,0.0,0.0,0.0,0.0
B,R03,training,21,19,0,0.0,0.0,0.0,0.0
B,R03,training,21,20,0,0.0,0.0,0.0,0.0
B,R03,training,21,21,0,0.0,0.0,0.0,0.0
B,R03,training,21,22,0,0.0,0.0,0.0,0.0
B,R03,training,21,23,0,0.0,0.0,0.0,0.0
B,R03,training,21,24,0,0.0,0.0,0.0,0.0
B,R03,training,21,25,0,0.0,0.0,0.0,0.0
B,R03,training,21,26,0,0.0,0.0,0.0,0.0
B,R03,training,21,27,0,0.0,0.0,0.0,0.0
B,R03,training,21,28,0,0.0,0.0,0.0,0.0
B,R03,training,21,29,0,0.0,0.0,0.0,0.0
B,R03,training,21,30,0,0.0,0.0,0.0,0.0
B,R03,training,21,31,0,0.0,0.0,0.0,0.0
B,R03,training,21,32,0,0.0,0.0,0.0,0.0
B,R03,training,21,33,0,0.0,0.0,0.0,0.0
B,R03,training,21,34,0,0.0,0.0,0.0,0.0
B,R03,training,21,35,0,0.0,0.0,0.0,0.0
B,R03,training,21,36,0,0.0,0.0,0.0,0.0
B,R03,training,21,37,0,0.0,0.0,0.0,0.0
B,R03,training,21,38,0,0.0,0.0,0.0,0.0
B,R03,training,21,39,0,0.0,0.0,0.0,0.0
B,R03,training,21,40,0,0.0,0.0,0.0,0.0
B,R03,training,21,41,0,0.0,0.0,0.0,0.0
B,R03,training,21,42,0,0.0,0.0,0.0,0.0
B,R03,training,21,43,0,0.0,0.0,0.0,0.0
B,R03,training,21,44,0,0.0,0.0,0.0,0.0
B,R03,training,21,45,0,0.0,0.0,0.0,0.0
B,R03,training,21,46,0,0.0,0.0,0.0,0.0
B,R03,training,21,47,0,0.0,0.0,0.0,0.0
B,R03,training,21,48,0,0.0,0.0,0.0,0.0
B,R03,training,21,49,0,0.0,0.0,0.0,0.0
B,R03,training,21,50,0,0.0,0.0,0.0,0.0
B,R03,training,21,51,0,0.0,0.0,0.0,0.0
B,R03,training,21,52,0,0.0,0.0,0.0,0.0
B,R03,training,21,53,0,0.0,0.0,0.0,0.0
B,R03,training,21,54,0,0.0,0.0,0.0,0.0
B,R03,training,21,55,0,0.0,0.0,0.0,0.0
B,R03,training,21,56,0,0.0,0.0,0.0,0.0
B,R03,training,21,57,0,0.0,0.0,0.0,0.0
B,R03,training,21,58,0,0.0,0.0,0.0,0.0
B,R03,training,21,59,0,0.0,0.0,0.0,0.0
B,R03,training,21,60,0,0.0,0.0,0.0,0.0
B,R03,training,21,61,0,0.0,0.0,0.0,0.0
B,R03,training,21,62,0,0.0,0.0,0.0,0.0
B,R03,training,21,63,0,0.0,0.0,0.0,0.0
B,R03,training,21,64,0,0.0,0.0,0.0,0.0
B,R03,training,21,65,0,0.0,0.0,0.0,0.0
B,R03,training,21,66,0,0.0,0.0,0.0,0.0
B,R03,training,21,67,0,0.0,0.0,0.0,0.0
B,R03,training,21,68,0,0.0,0.0,0.0,0.0
B,R03,training,21,69,0,0.0,0.0,0.0,0.0
B,R03,training,21,70,0,0.0,0.0,0.0,0.0
B,R03,training,21,71,0,0.0,0.0,0.0,0.0
B,R03,training,21,72,0,0.0,0.0,0.0,0.0
B,R03,training,21,73,0,0.0,0.0,0.0,0.0
B,R03,training,21,74,0,0.0,0.0,0.0,0.0
B,R03,training,21,75,0,0.0,0.0,0.0,0.0
B,R03,training,21,76,0,0.0,0.0,0.0,0.0
B,R03,training,21,77,0,0.0,0.0,0.0,0.0
B,R03,training,21,78,0,0.0,0.0,0.0,0.0
B,R03,training,21,79,0,0.0,0.0,0.0,0.0
B,R03,training,21,80,0,0.0,0.0,0.0,0.0
B,R03,training,21,81,0,0.0,0.0,0.0,0.0
B,R03,training,21,82,0,0.0,0.0,0.0,0.0
B,R03,training,21,83,0,0.0,0.0,0.0,0.0
B,R03,training,21,84,0,0.0,0.0,0.0,0.0
B,R03,training,21,85,0,0.0,0.0,0.0,0.0
B,R03,training,21,86,0,0.0,0.0,0.0,0.0
B,R03,training,21,87,0,0.0,0.0,0.0,0.0
B,R03,training,21,88,0,0.0,0.0,0.0,0.0
B,R03,training,21,89,0,0.0,0.0,0.0,0.0
B,R03,training,21,90,0,0.0,0.0,0.0,0.0
B,R03,training,21,91,0,0.0,0.0,0.0,0.0
B,R03,training,21,92,0,0.0,0.0,0.0,0.0
B,R03,training,21,93,0,0.0,0.0,0.0,0.0
B,R03,training,21,94,0,0.0,0.0,0.0,0.0
B,R03,training,21,95,0,0.0,0.0,0.0,0.0
B,R03,training,21,96,0,0.0,0.0,0.0,0.0
B,R03,training,21,97,0,0.0,0.0,0.0,0.0
B,R03,training,21,98,0,0.0,0.0,0.0,0.0
B,R03,training,21,99,0,0.0,0.0,0.0,0.0
B,R03,training,21,100,0,0.0,0.0,0.0,0.0
B,R03,training,21,101,0,0.0,0.0,0.0,0.0
B,R03,training,21,102,0,0.0,0.0,0.0,0.0
B,R03,training,21,103,0,0.0,0.0,0.0,0.0
B,R03,training,21,104,0,0.0,0.0,0.0,0.0
B,R03,training,21,105,0,0.0,0.0,0.0,0.0
B,R03,training,21,106,0,0.0,0.0,0.0,0.0
B,R03,training,21,107,0,0.0,0.0,0.0,0.0
B,R03,training,21,108,0,0.0,0.0,0.0,0.0
B,R03,training,21,109,0,0.0,0.0,0.0,0.0
B,R03,training,21,110,0,0.0,0.0,0.0,0.0
B,R03,training,21,111,0,0.0,0.0,0.0,0.0
B,R03,training,21,112,0,0.0,0.0,0.0,0.0
B,R03,training,21,113,0,0.0,0.0,0.0,0.0
B,R03,training,21,114,0,0.0,0.0,0.0,0.0
B,R03,training,21,115,0,0.0,0.0,0.0,0.0
B,R03,training,21,116,0,0.0,0.0,0.0,0.0
B,R03,training,21,117,0,0.0,0.0,0.0,0.0
B,R03,training,21,118,0,0.0,0.0,0.0,0.0
B,R03,training,21,119,0,0.0,0.0,0.0,0.0
B,R03,training,21,120,0,0.0,0.0,0.0,0.0
B,R03,training,21,121,0,0.0,0.0,0.0,0.0
B,R03,training,21,122,0,0.0,0.0,0.0,0.0
B,R03,training,21,123,0,0.0,0.0,0.0,0.0
B,R03,training,21,124,0,0.0,0.0,0.0,0.0
B,R03,training,21,125,0,0.0,0.0,0.0,0.0
B,R03,training,21,126,0,0.0,0.0,0.0,0.0
B,R03,training,21,127,0,0.0,0.0,0.0,0.0
B,R03,training,21,128,0,0.0,0.0,0.0,0.0
B,R03,training,21,129,0,0.0,0.0,0.0,0.0
B,R03,training,21,130,0,0.0,0.0,0.0,0.0
B,R03,training,21,131,0,0.0,0.0,0.0,0.0
B,R03,training,21,132,0,0.0,0.0,0.0,0.0
B,R03,training,21,133,0,0.0,0.0,0.0,0.0
B,R03,training,21,134,0,0.0,0.0,0.0,0.0
B,R03,training,21,135,0,0.0,0.0,0.0,0.0
B,R03,training,21,136,0,0.0,0.0,0.0,0.0
B,R03,training,21,137,0,0.0,0.0,0.0,0.0
B,R03,training,21,138,0,0.0,0.0,0.0,0.0
B,R03,training,21,139,0,0.0,0.0,0.0,0.0
B,R03,training,21,140,0,0.0,0.0,0.0,0.0
B,R03,training,21,141,0,0.0,0.0,0.0,0.0
B,R03,training,21,142,0,0.0,0.0,0.0,0.0
B,R03,training,21,143,0,0.0,0.0,0.0,0.0
B,R03,training,21,144,0,0.0,0.0,0.0,0.0
B,R03,training,21,145,0,0.0,0.0,0.0,0.0
B,R03,training,21,146,0,0.0,0.0,0.0,0.0
B,R03,training,21,147,0,0.0,0.0,0.0,0.0
B,R03,training,21,148,0,0.0,0.0,0.0,0.0
B,R03,training,21,149,0,0.0,0.0,0.0,0.0
B,R03,training,21,150,0,0.0,0.0,0.0,0.0
B,R03,training,21,151,0,0.0,0.0,0.0,0.0
B,R03,training,21,152,0,0.0,0.0,0.0,0.0
B,R03,training,21,153,0,0.0,0.0,0.0,0.0
B,R03,training,21,154,0,0.0,0.0,0.0,0.0
B,R03,training,21,155,0,0.0,0.0,0.0,0.0
B,R03,training,21,156,0,0.0,0.0,0.0,0.0
B,R03,training,21,157,0,0.0,0.0,0.0,0.0
B,R03,training,21,158,0,0.0,0.0,0.0,0.0
B,R03,training,21,159,0,0.0,0.0,0.0,0.0
B,R03,training,21,160,0,0.0,0.0,0.0,0.0
B,R03,training,21,161,0,0.0,0.0,0.0,0.0
B,R03,training,21,162,0,0.0,0.0,0.0,0.0
B,R03,training,21,163,0,0.0,0.0,0.0,0.0
B,R03,training,21,164,0,0.0,0.0,0.0,0.0
B,R03,training,21,165,0,0.0,0.0,0.0,0.0
B,R03,training,21,166,0,0.0,0.0,0.0,0.0
B,R03,training,21,167,0,0.0,0.0,0.0,0.0
B,R03,training,21,168,0,0.0,0.0,0.0,0.0
B,R03,training,21,169,0,0.0,0.0,0.0,0.0
B,R03,training,21,170,0,0.0,0.0,0.0,0.0
B,R03,training,21,171,0,0.0,0.0,0.0,0.0
B,R03,training,21,172,0,0.0,0.0,0.0,0.0
B,R03,training,21,173,0,0.0,0.0,0.0,0.0
B,R03,training,21,174,0,0.0,0.0,0.0,0.0
B,R03,training,21,175,0,0.0,0.0,0.0,0.0
B,R03,training,21,176,0,0.0,0.0,0.0,0.0
B,R03,training,21,177,0,0.0,0.0,0.0,0.0
B,R03,training,21,178,0,0.0,0.0,0.0,0.0
B,R03,training,21,179,0,0.0,0.0,0.0,0.0
B,R03,training,21,180,0,0.0,0.0,0.0,0.0
B,R03,training,21,181,0,0.0,0.0,0.0,0.0
B,R03,training,21,182,0,0.0,0.0,0.0,0.0
B,R03,training,21,183,0,0.0,0.0,0.0,0.0
B,R03,training,21,184,0,0.0,0.0,0.0,0.0
B,R03,training,21,185,0,0.0,0.0,0.0,0.0
B,R03,training,21,186,0,0.0,0.0,0.0,0.0
B,R03,training,21,187,0,0.0,0.0,0.0,0.0
B,R03,training,21,188,0,0.0,0.0,0.0,0.0
B,R03,training,21,189,0,0.0,0.0,0.0,0.0
B,R03,training,21,190,0,0.0,0.0,0.0,0.0
B,R03,training,21,191,0,0.0,0.0,0.0,0.0
B,R03,training,21,192,0,0.0,0.0,0.0,0.0
B,R03,training,21,193,0,0.0,0.0,0.0,0.0
B,R03,training,21,194,0,0.0,0.0,0.0,0.0
B,R03,training,21,195,0,0.0,0.0,0.0,0.0
B,R03,training,21,196,0,0.0,0.0,0.0,0.0
B,R03,training,21,197,0,0.0,0.0,0.0,0.0
B,R03,training,21,198,0,0.0,0.0,0.0,0.0
B,R03,training,21,199,0,0.0,0.0,0.0,0.0
B,R03,training,21,200,0,0.0,0.0,0.0,0.0
B,R03,training,21,201,0,0.0,0.0,0.0,0.0
B,R03,training,21,202,0,0.0,0.0,0.0,0.0
B,R03,training,21,203,0,0.0,0.0,0.0,0.0
B,R03,training,21,204,0,0.0,0.0,0.0,0.0
B,R03,training,21,205,0,0.0,0.0,0.0,0.0
B,R03,training,21,206,0,0.0,0.0,0.0,0.0
B,R03,training,21,207,0,0.0,0.0,0.0,0.0
B,R03,training,21,208,0,0.0,0.0,0.0,0.0
B,R03,training,21,209,0,0.0,0.0,0.0,0.0
B,R03,training,21,210,0,0.0,0.0,0.0,0.0
B,R03,training,21,211,0,0.0,0.0,0.0,0.0
B,R03,training,21,212,0,0.0,0.0,0.0,0.0
B,R03,training,21,213,0,0.0,0.0,0.0,0.0
B,R03,training,21,214,0,0.0,0.0,0.0,0.0
B,R03,training,21,215,0,0.0,0.0,0.0,0.0
B,R03,training,21,216,0,0.0,0.0,0.0,0.0
B,R03,training,21,217,0,0.0,0.0,0.0,0.0
B,R03,training,21,218,0,0.0,0.0,0.0,0.0
B,R03,training,21,219,0,0.0,0.0,0.0,0.0
B,R03,training,21,220,0,0.0,0.0,0.0,0.0
B,R03,training,21,221,0,0.0,0.0,0.0,0.0
B,R03,training,21,222,0,0.0,0.0,0.0,0.0
B,R03,training,21,223,0,0.0,0.0,0.0,0.0
B,R03,training,21,224,0,0.0,0.0,0.0,0.0
B,R03,training,21,225,0,0.0,0.0,0.0,0.0
B,R03,training,21,226,0,0.0,0.0,0.0,0.0
B,R03,training,21,227,0,0.0,0.0,0.0,0.0
B,R03,training,21,228,0,0.0,0.0,0.0,0.0
B,R03,training,21,229,0,0.0,0.0,0.0,0.0
B,R03,training,21,230,0,0.0,0.0,0.0,0.0
B,R03,training,21,231,0,0.0,0.0,0.0,0.0
B,R03,training,21,232,0,0.0,0.0,0.0,0.0
B,R03,training,21,233,0,0.0,0.0,0.0,0.0
B,R03,training,21,234,0,0.0,0.0,0.0,0.0
B,R03,training,21,235,0,0.0,0.0,0.0,0.0
B,R03,training,21,236,0,0.0,0.0,0.0,0.0
B,R03,training,21,237,0,0.0,0.0,0.0,0.0
B,R03,training,21,238,0,0.0,0.0,0.0,0.0
B,R03,training,21,239,0,0.0,0.0,0.0,0.0
B,R03,training,21,240,0,0.0,0.0,0.0,0.0
B,R03,training,21,241,0,0.0,0.0,0.0,0.0
B,R03,training,21,242,0,0.0,0.0,0.0,0.0
B,R03,training,21,243,0,0.0,0.0,0.0,0.0
B,R03,training,21,244,0,0.0,0.0,0.0,0.0
B,R03,training,21,245,0,0.0,0.0,0.0,0.0
B,R03,training,21,246,0,0.0,0.0,0.0,0.0
B,R03,training,21,247,0,0.0,0.0,0.0,0.0
B,R03,training,21,248,0,0.0,0.0,0.0,0.0
B,R03,training,21,249,0,0.0,0.0,0.0,0.0
B,R03,training,21,250,0,0.0,0.0,0.0,0.0
B,R03,training,21,251,0,0.0,0.0,0.0,0.0
B,R03,training,21,252,0,0.0,0.0,0.0,0.0
B,R03,training,21,253,0,0.0,0.0,0.0,0.0
B,R03,training,21,254,0,0.0,0.0,0.0,0.0
B,R03,training,21,255,0,0.0,0.0,0.0,0.0
B,R03,training,21,256,0,0.0,0.0,0.0,0.0
B,R03,training,21,257,0,0.0,0.0,0.0,0.0
B,R03,training,21,258,0,0.0,0.0,0.0,0.0
B,R03,training,21,259,0,0.0,0.0,0.0,0.0
B,R03,training,21,260,0,0.0,0.0,0.0,0.0
B,R03,training,21,261,0,0.0,0.0,0.0,0.0
B,R03,training,21,262,0,0.0,0.0,0.0,0.0
B,R03,training,21,263,0,0.0,0.0,0.0,0.0
B,R03,training,21,264,0,0.0,0.0,0.0,0.0
B,R03,training,21,265,0,0.0,0.0,0.0,0.0
B,R03,training,21,266,0,0.0,0.0,0.0,0.0
B,R03,training,21,267,0,0.0,0.0,0.0,0.0
B,R03,training,21,268,0,0.0,0.0,0.0,0.0
B,R03,training,21,269,0,0.0,0.0,0.0,0.0
B,R03,training,21,270,0,0.0,0.0,0.0,0.0
B,R03,training,21,271,0,0.0,0.0,0.0,0.0
B,R03,training,21,272,0,0.0,0.0,0.0,0.0
B,R03,training,21,273,0,0.0,0.0,0.0,0.0
B,R03,training,21,274,0,0.0,0.0,0.0,0.0
B,R03,training,21,275,0,0.0,0.0,0.0,0.0
B,R03,training,21,276,0,0.0,0.0,0.0,0.0
B,R03,training,21,277,0,0.0,0.0,0.0,0.0
B,R03,training,21,278,0,0.0,0.0,0.0,0.0
B,R03,training,21,279,0,0.0,0.0,0.0,0.0
B,R03,training,21,280,0,0.0,0.0,0.0,0.0
B,R03,training,21,281,0,0.0,0.0,0.0,0.0
B,R03,training,21,282,0,0.0,0.0,0.0,0.0
B,R03,training,21,283,0,0.0,0.0,0.0,0.0
B,R03,training,21,284,0,0.0,0.0,0.0,0.0
B,R03,training,21,285,0,0.0,0.0,0.0,0.0
B,R03,training,21,286,0,0.0,0.0,0.0,0.0
B,R03,training,21,287,0,0.0,0.0,0.0,0.0
B,R03,training,21,288,0,0.0,0.0,0.0,0.0
B,R03,training,21,289,0,0.0,0.0,0.0,0.0
B,R03,training,21,290,0,0.0,0.0,0.0,0.0
B,R03,training,21,291,0,0.0,0.0,0.0,0.0
B,R03,training,21,292,0,0.0,0.0,0.0,0.0
B,R03,training,21,293,0,0.0,0.0,0.0,0.0
B,R03,training,21,294,0,0.0,0.0,0.0,0.0
B,R03,training,21,295,0,0.0,0.0,0.0,0.0
B,R03,training,21,296,0,0.0,0.0,0.0,0.0
B,R03,training,21,297,0,0.0,0.0,0.0,0.0
B,R03,training,21,298,0,0.0,0.0,0.0,0.0
B,R03,training,21,299,0,0.0,0.0,0.0,0.0
B,R03,training,21,300,0,0.0,0.0,0.0,0.0
B,R03,training,21,301,0,0.0,0.0,0.0,0.0
B,R03,training,21,302,0,0.0,0.0,0.0,0.0
B,R03,training,21,303,0,0.0,0.0,0.0,0.0
B,R03,training,21,304,0,0.0,0.0,0.0,0.0
B,R03,training,21,305,0,0.0,0.0,0.0,0.0
B,R03,training,21,306,0,0.0,0.0,0.0,0.0
B,R03,training,21,307,0,0.0,0.0,0.0,0.0
B,R03,training,21,308,0,0.0,0.0,0.0,0.0
B,R03,training,21,309,0,0.0,0.0,0.0,0.0
B,R03,training,21,310,0,0.0,0.0,0.0,0.0
B,R03,training,21,311,0,0.0,0.0,0.0,0.0
B,R03,training,21,312,0,0.0,0.0,0.0,0.0
B,R03,training,21,313,0,0.0,0.0,0.0,0.0
B,R03,training,21,314,0,0.0,0.0,0.0,0.0
B,R03,training,21,315,0,0.0,0.0,0.0,0.0
B,R03,training,21,316,0,0.0,0.0,0.0,0.0
B,R03,training,21,317,0,0.0,0.0,0.0,0.0
B,R03,training,21,318,0,0.0,0.0,0.0,0.0
B,R03,training,21,319,0,0.0,0.0,0.0,0.0
B,R03,training,21,320,0,0.0,0.0,0.0,0.0
B,R03,training,21,321,0,0.0,0.0,0.0,0.0
B,R03,training,21,322,0,0.0,0.0,0.0,0.0
B,R03,training,21,323,0,0.0,0.0,0.0,0.0
B,R03,training,21,324,0,0.0,0.0,0.0,0.0
B,R03,training,21,325,0,0.0,0.0,0.0,0.0
B,R03,training,21,326,0,0.0,0.0,0.0,0.0
B,R03,training,21,327,0,0.0,0.0,0.0,0.0
B,R03,training,21,328,0,0.0,0.0,0.0,0.0
B,R03,training,21,329,0,0.0,0.0,0.0,0.0
B,R03,training,21,330,0,0.0,0.0,0.0,0.0
B,R03,training,21,331,0,0.0,0.0,0.0,0.0
B,R03,training,21,332,0,0.0,0.0,0.0,0.0
B,R03,training,21,333,0,0.0,0.0,0.0,0.0
B,R03,training,21,334,0,0.0,0.0,0.0,0.0
B,R03,training,21,335,0,0.0,0.0,0.0,0.0
B,R03,training,21,336,0,0.0,0.0,0.0,0.0
B,R03,training,21,337,0,0.0,0.0,0.0,0.0
B,R03,training,21,338,0,0.0,0.0,0.0,0.0
B,R03,training,21,339,0,0.0,0.0,0.0,0.0
B,R03,training,21,340,0,0.0,0.0,0.0,0.0
B,R03,training,21,341,0,0.0,0.0,0.0,0.0
B,R03,training,21,342,0,0.0,0.0,0.0,0.0
B,R03,training,21,343,0,0.0,0.0,0.0,0.0
B,R03,training,21,344,0,0.0,0.0,0.0,0.0
B,R03,training,21,345,0,0.0,0.0,0.0,0.0
B,R03,training,21,346,0,0.0,0.0,0.0,0.0
B,R03,training,21,347,0,0.0,0.0,0.0,0.0
B,R03,training,21,348,0,0.0,0.0,0.0,0.0
B,R03,training,21,349,0,0.0,0.0,0.0,0.0
B,R03,training,21,350,0,0.0,0.0,0.0,0.0
B,R03,training,21,351,0,0.0,0.0,0.0,0.0
B,R03,training,21,352,0,0.0,0.0,0.0,0.0
B,R03,training,21,353,0,0.0,0.0,0.0,0.0
B,R03,training,21,354,0,0.0,0.0,0.0,0.0
B,R03,training,21,355,0,0.0,0.0,0.0,0.0
B,R03,training,21,356,0,0.0,0.0,0.0,0.0
B,R03,training,21,357,0,0.0,0.0,0.0,0.0
B,R03,training,21,358,0,0.0,0.0,0.0,0.0
B,R03,training,21,359,0,0.0,0.0,0.0,0.0
B,R03,training,21,360,0,0.0,0.0,0.0,0.0
B,R03,training,21,361,0,0.0,0.0,0.0,0.0
B,R03,training,21,362,0,0.0,0.0,0.0,0.0
B,R03,training,21,363,0,0.0,0.0,0.0,0.0
B,R03,training,21,364,0,0.0,0.0,0.0,0.0
B,R03,training,21,365,0,0.0,0.0,0.0,0.0
B,R03,training,21,366,0,0.0,0.0,0.0,0.0
B,R03,training,21,367,0,0.0,0.0,0.0,0.0
B,R03,training,21,368,0,0.0,0.0,0.0,0.0
B,R03,training,21,369,0,0.0,0.0,0.0,0.0
B,R03,training,21,370,0,0.0,0.0,0.0,0.0
B,R03,training,21,371,0,0.0,0.0,0.0,0.0
B,R03,training,21,372,0,0.0,0.0,0.0,0.0
B,R03,training,21,373,0,0.0,0.0,0.0,0.0
B,R03,training,21,374,0,0.0,0.0,0.0,0.0
B,R03,training,21,375,0,0.0,0.0,0.0,0.0
B,R03,training,21,376,0,0.0,0.0,0.0,0.0
B,R03,training,21,377,0,0.0,0.0,0.0,0.0
B,R03,training,21,378,0,0.0,0.0,0.0,0.0
B,R03,training,21,379,0,0.0,0.0,0.0,0.0
B,R03,training,21,380,0,0.0,0.0,0.0,0.0
B,R03,training,21,381,0,0.0,0.0,0.0,0.0
B,R03,training,21,382,0,0.0,0.0,0.0,0.0
B,R03,training,21,383,0,0.0,0.0,0.0,0.0
B,R03,training,21,384,0,0.0,0.0,0.0,0.0
B,R03,training,21,385,0,0.0,0.0,0.0,0.0
B,R03,training,21,386,0,0.0,0.0,0.0,0.0
B,R03,training,21,387,0,0.0,0.0,0.0,0.0
B,R03,training,21,388,0,0.0,0.0,0.0,0.0
B,R03,training,21,389,0,0.0,0.0,0.0,0.0
B,R03,training,21,390,0,0.0,0.0,0.0,0.0
B,R03,training,21,391,0,0.0,0.0,0.0,0.0
B,R03,training,21,392,0,0.0,0.0,0.0,0.0
B,R03,training,21,393,0,0.0,0.0,0.0,0.0
B,R03,training,21,394,0,0.0,0.0,0.0,0.0
B,R03,training,21,395,0,0.0,0.0,0.0,0.0
B,R03,training,21,396,0,0.0,0.0,0.0,0.0
B,R03,training,21,397,0,0.0,0.0,0.0,0.0
B,R03,training,21,398,0,0.0,0.0,0.0,0.0
B,R03,training,21,399,0,0.0,0.0,0.0,0.0
B,R03,training,21,400,0,0.0,0.0,0.0,0.0
B,R03,training,21,401,0,0.0,0.0,0.0,0.0
B,R03,training,21,402,0,0.0,0.0,0.0,0.0
B,R03,training,21,403,0,0.0,0.0,0.0,0.0
B,R03,training,21,404,0,0.0,0.0,0.0,0.0
B,R03,training,21,405,0,0.0,0.0,0.0,0.0
B,R03,training,21,406,0,0.0,0.0,0.0,0.0
B,R03,training,21,407,0,0.0,0.0,0.0,0.0
B,R03,training,21,408,0,0.0,0.0,0.0,0.0
B,R03,training,21,409,0,0.0,0.0,0.0,0.0
B,R03,training,21,410,0,0.0,0.0,0.0,0.0
B,R03,training,21,411,0,0.0,0.0,0.0,0.0
B,R03,training,21,412,0,0.0,0.0,0.0,0.0
B,R03,training,21,413,0,0.0,0.0,0.0,0.0
B,R03,training,21,414,0,0.0,0.0,0.0,0.0
B,R03,training,21,415,0,0.0,0.0,0.0,0.0
B,R03,training,21,416,0,0.0,0.0,0.0,0.0
B,R03,training,21,417,0,0.0,0.0,0.0,0.0
B,R03,training,21,418,0,0.0,0.0,0.0,0.0
B,R03,training,21,419,0,0.0,0.0,0.0,0.0
B,R03,training,21,420,0,0.0,0.0,0.0,0.0
B,R03,training,21,421,0,0.0,0.0,0.0,0.0
B,R03,training,21,422,0,0.0,0.0,0.0,0.0
B,R03,training,21,423,0,0.0,0.0,0.0,0.0
B,R03,training,21,424,0,0.0,0.0,0.0,0.0
B,R03,training,21,425,0,0.0,0.0,0.0,0.0
B,R03,training,21,426,0,0.0,0.0,0.0,0.0
B,R03,training,21,427,0,0.0,0.0,0.0,0.0
B,R03,training,21,428,0,0.0,0.0,0.0,0.0
B,R03,training,21,429,0,0.0,0.0,0.0,0.0
B,R03,training,21,430,0,0.0,0.0,0.0,0.0
B,R03,training,21,431,0,0.0,0.0,0.0,0.0
B,R03,training,21,432,0,0.0,0.0,0.0,0.0
B,R03,training,21,433,0,0.0,0.0,0.0,0.0
B,R03,training,21,434,0,0.0,0.0,0.0,0.0
B,R03,training,21,435,0,0.0,0.0,0.0,0.0
B,R03,training,21,436,0,0.0,0.0,0.0,0.0
B,R03,training,21,437,0,0.0,0.0,0.0,0.0
B,R03,training,21,438,0,0.0,0.0,0.0,0.0
B,R03,training,21,439,0,0.0,0.0,0.0,0.0
B,R03,training,21,440,0,0.0,0.0,0.0,0.0
B,R03,training,21,441,0,0.0,0.0,0.0,0.0
B,R03,training,21,442,0,0.0,0.0,0.0,0.0
B,R03,training,21,443,0,0.0,0.0,0.0,0.0
B,R03,training,21,444,0,0.0,0.0,0.0,0.0
B,R03,training,21,445,0,0.0,0.0,0.0,0.0
B,R03,training,21,446,0,0.0,0.0,0.0,0.0
B,R03,training,21,447,0,0.0,0.0,0.0,0.0
B,R03,training,21,448,0,0.0,0.0,0.0,0.0
B,R03,training,21,449,0,0.0,0.0,0.0,0.0
B,R03,training,21,450,0,0.0,0.0,0.0,0.0
B,R03,training,21,451,0,0.0,0.0,0.0,0.0
B,R03,training,21,452,0,0.0,0.0,0.0,0.0
B,R03,training,21,453,0,0.0,0.0,0.0,0.0
B,R03,training,21,454,0,0.0,0.0,0.0,0.0
B,R03,training,21,455,0,0.0,0.0,0.0,0.0
B,R03,training,21,456,0,0.0,0.0,0.0,0.0
B,R03,training,21,457,0,0.0,0.0,0.0,0.0
B,R03,training,21,458,0,0.0,0.0,0.0,0.0
B,R03,training,21,459,0,0.0,0.0,0.0,0.0
B,R03,training,21,460,0,0.0,0.0,0.0,0.0
B,R03,training,21,461,0,0.0,0.0,0.0,0.0
B,R03,training,21,462,0,0.0,0.0,0.0,0.0
B,R03,training,21,463,0,0.0,0.0,0.0,0.0
B,R03,training,21,464,0,0.0,0.0,0.0,0.0
B,R03,training,21,465,0,0.0,0.0,0.0,0.0
B,R03,training,21,466,0,0.0,0.0,0.0,0.0
B,R03,training,21,467,0,0.0,0.0,0.0,0.0
B,R03,training,21,468,0,0.0,0.0,0.0,0.0
B,R03,training,21,469,0,0.0,0.0,0.0,0.0
B,R03,training,21,470,0,0.0,0.0,0.0,0.0
B,R03,training,21,471,0,0.0,0.0,0.0,0.0
B,R03,training,21,472,0,0.0,0.0,0.0,0.0
B,R03,training,21,473,0,0.0,0.0,0.0,0.0
B,R03,training,21,474,0,0.0,0.0,0.0,0.0
B,R03,training,21,475,0,0.0,0.0,0.0,0.0
B,R03,training,21,476,0,0.0,0.0,0.0,0.0
B,R03,training,21,477,0,0.0,0.0,0.0,0.0
B,R03,training,21,478,0,0.0,0.0,0.0,0.0
B,R03,training,21,479,0,0.0,0.0,0.0,0.0
B,R03,training,21,480,0,0.0,0.0,0.0,0.0
B,R03,training,21,481,0,0.0,0.0,0.0,0.0
B,R03,training,21,482,0,0.0,0.0,0.0,0.0
B,R03,training,21,483,0,0.0,0.0,0.0,0.0
B,R03,training,21,484,0,0.0,0.0,0.0,0.0
B,R03,training,21,485,0,0.0,0.0,0.0,0.0
B,R03,training,21,486,0,0.0,0.0,0.0,0.0
B,R03,training,21,487,0,0.0,0.0,0.0,0.0
B,R03,training,21,488,0,0.0,0.0,0.0,0.0
B,R03,training,21,489,0,0.0,0.0,0.0,0.0
B,R03,training,21,490,0,0.0,0.0,0.0,0.0
B,R03,training,21,491,0,0.0,0.0,0.0,0.0
B,R03,training,21,492,0,0.0,0.0,0.0,0.0
B,R03,training,21,493,0,0.0,0.0,0.0,0.0
B,R03,training,21,494,0,0.0,0.0,0.0,0.0
B,R03,training,21,495,0,0.0,0.0,0.0,0.0
B,R03,training,21,496,0,0.0,0.0,0.0,0.0
B,R03,training,21,497,0,0.0,0.0,0.0,0.0
B,R03,training,21,498,0,0.0,0.0,0.0,0.0
B,R03,training,21,499,0,0.0,0.0,0.0,0.0
B,R03,training,21,500,0,0.0,0.0,0.0,0.0
B,R03,training,21,501,0,0.0,0.0,0.0,0.0
B,R03,training,21,502,0,0.0,0.0,0.0,0.0
B,R03,training,21,503,0,0.0,0.0,0.0,0.0
B,R03,training,21,504,0,0.0,0.0,0.0,0.0
B,R03,training,21,505,0,0.0,0.0,0.0,0.0
B,R03,training,21,506,0,0.0,0.0,0.0,0.0
B,R03,training,21,507,0,0.0,0.0,0.0,0.0
B,R03,training,21,508,0,0.0,0.0,0.0,0.0
B,R03,training,21,509,0,0.0,0.0,0.0,0.0
B,R03,training,21,510,0,0.0,0.0,0.0,0.0
B,R03,training,21,511,0,0.0,0.0,0.0,0.0
B,R03,training,21,512,0,0.0,0.0,0.0,0.0
B,R03,training,21,513,0,0.0,0.0,0.0,0.0
B,R03,training,21,514,0,0.0,0.0,0.0,0.0
B,R03,training,21,515,0,0.0,0.0,0.0,0.0
B,R03,training,21,516,0,0.0,0.0,0.0,0.0
B,R03,training,21,517,0,0.0,0.0,0.0,0.0
B,R03,training,21,518,0,0.0,0.0,0.0,0.0
B,R03,training,21,519,0,0.0,0.0,0.0,0.0
B,R03,training,21,520,0,0.0,0.0,0.0,0.0
B,R03,training,21,521,0,0.0,0.0,0.0,0.0
B,R03,training,21,522,0,0.0,0.0,0.0,0.0
B,R03,training,21,523,0,0.0,0.0,0.0,0.0
B,R03,training,21,524,0,0.0,0.0,0.0,0.0
B,R03,training,21,525,0,0.0,0.0,0.0,0.0
B,R03,training,21,526,0,0.0,0.0,0.0,0.0
B,R03,training,21,527,0,0.0,0.0,0.0,0.0
B,R03,training,21,528,0,0.0,0.0,0.0,0.0
B,R03,training,21,529,0,0.0,0.0,0.0,0.0
B,R03,training,21,530,0,0.0,0.0,0.0,0.0
B,R03,training,21,531,0,0.0,0.0,0.0,0.0
B,R03,training,21,532,0,0.0,0.0,0.0,0.0
B,R03,training,21,533,0,0.0,0.0,0.0,0.0
B,R03,training,21,534,0,0.0,0.0,0.0,0.0
B,R03,training,21,535,0,0.0,0.0,0.0,0.0
B,R03,training,21,536,0,0.0,0.0,0.0,0.0
B,R03,training,21,537,0,0.0,0.0,0.0,0.0
B,R03,training,21,538,0,0.0,0.0,0.0,0.0
B,R03,training,21,539,0,0.0,0.0,0.0,0.0
B,R03,training,21,540,0,0.0,0.0,0.0,0.0
B,R03,training,21,541,0,0.0,0.0,0.0,0.0
B,R03,training,21,542,0,0.0,0.0,0.0,0.0
B,R03,training,21,543,0,0.0,0.0,0.0,0.0
B,R03,training,21,544,0,0.0,0.0,0.0,0.0
B,R03,training,21,545,0,0.0,0.0,0.0,0.0
B,R03,training,21,546,0,0.0,0.0,0.0,0.0
B,R03,training,21,547,0,0.0,0.0,0.0,0.0
B,R03,training,21,548,0,0.0,0.0,0.0,0.0
B,R03,training,21,549,0,0.0,0.0,0.0,0.0
B,R03,training,21,550,0,0.0,0.0,0.0,0.0
B,R03,training,21,551,0,0.0,0.0,0.0,0.0
B,R03,training,21,552,0,0.0,0.0,0.0,0.0
B,R03,training,21,553,0,0.0,0.0,0.0,0.0
B,R03,training,21,554,0,0.0,0.0,0.0,0.0
B,R03,training,21,555,0,0.0,0.0,0.0,0.0
B,R03,training,21,556,0,0.0,0.0,0.0,0.0
B,R03,training,21,557,0,0.0,0.0,0.0,0.0
B,R03,training,21,558,0,0.0,0.0,0.0,0.0
B,R03,training,21,559,0,0.0,0.0,0.0,0.0
B,R03,training,21,560,0,0.0,0.0,0.0,0.0
B,R03,training,21,561,0,0.0,0.0,0.0,0.0
B,R03,training,21,562,0,0.0,0.0,0.0,0.0
B,R03,training,21,563,0,0.0,0.0,0.0,0.0
B,R03,training,21,564,0,0.0,0.0,0.0,0.0
B,R03,training,21,565,0,0.0,0.0,0.0,0.0
B,R03,training,21,566,0,0.0,0.0,0.0,0.0
B,R03,training,21,567,0,0.0,0.0,0.0,0.0
B,R03,training,21,568,0,0.0,0.0,0.0,0.0
B,R03,training,21,569,0,0.0,0.0,0.0,0.0
B,R03,training,21,570,0,0.0,0.0,0.0,0.0
B,R03,training,21,571,0,0.0,0.0,0.0,0.0
B,R03,training,21,572,0,0.0,0.0,0.0,0.0
B,R03,training,21,573,0,0.0,0.0,0.0,0.0
B,R03,training,21,574,0,0.0,0.0,0.0,0.0
B,R03,training,21,575,0,0.0,0.0,0.0,0.0
B,R03,training,21,576,0,0.0,0.0,0.0,0.0
B,R03,training,21,577,0,0.0,0.0,0.0,0.0
B,R03,training,21,578,0,0.0,0.0,0.0,0.0
B,R03,training,21,579,0,0.0,0.0,0.0,0.0
B,R03,training,21,580,0,0.0,0.0,0.0,0.0
B,R03,training,21,581,0,0.0,0.0,0.0,0.0
B,R03,training,21,582,0,0.0,0.0,0.0,0.0
B,R03,training,21,583,0,0.0,0.0,0.0,0.0
B,R03,training,21,584,0,0.0,0.0,0.0,0.0
B,R03,training,21,585,0,0.0,0.0,0.0,0.0
B,R03,training,21,586,0,0.0,0.0,0.0,0.0
B,R03,training,21,587,0,0.0,0.0,0.0,0.0
B,R03,training,21,588,0,0.0,0.0,0.0,0.0
B,R03,training,21,589,0,0.0,0.0,0.0,0.0
B,R03,training,21,590,0,0.0,0.0,0.0,0.0
B,R03,training,21,591,0,0.0,0.0,0.0,0.0
B,R03,training,21,592,0,0.0,0.0,0.0,0.0
B,R03,training,21,593,0,0.0,0.0,0.0,0.0
B,R03,training,21,594,0,0.0,0.0,0.0,0.0
B,R03,training,21,595,0,0.0,0.0,0.0,0.0
B,R03,training,21,596,0,0.0,0.0,0.0,0.0
B,R03,training,21,597,0,0.0,0.0,0.0,0.0
B,R03,training,21,598,0,0.0,0.0,0.0,0.0
B,R03,training,21,599,0,0.0,0.0,0.0,0.0
B,R03,training,21,600,0,0.0,0.0,0.0,0.0
B,R03,training,21,601,0,0.0,0.0,0.0,0.0
B,R03,training,21,602,0,0.0,0.0,0.0,0.0
B,R03,training,21,603,0,0.0,0.0,0.0,0.0
B,R03,training,21,604,0,0.0,0.0,0.0,0.0
B,R03,training,21,605,0,0.0,0.0,0.0,0.0
B,R03,training,21,606,0,0.0,0.0,0.0,0.0
B,R03,training,21,607,0,0.0,0.0,0.0,0.0
B,R03,training,21,608,0,0.0,0.0,0.0,0.0
B,R03,training,21,609,0,0.0,0.0,0.0,0.0
B,R03,training,21,610,0,0.0,0.0,0.0,0.0
B,R03,training,21,611,0,0.0,0.0,0.0,0.0
B,R03,training,21,612,0,0.0,0.0,0.0,0.0
B,R03,training,21,613,0,0.0,0.0,0.0,0.0
B,R03,training,21,614,0,0.0,0.0,0.0,0.0
B,R03,training,21,615,0,0.0,0.0,0.0,0.0
B,R03,training,21,616,0,0.0,0.0,0.0,0.0
B,R03,training,21,617,0,0.0,0.0,0.0,0.0
B,R03,training,21,618,0,0.0,0.0,0.0,0.0
B,R03,training,21,619,0,0.0,0.0,0.0,0.0
B,R03,training,21,620,0,0.0,0.0,0.0,0.0
B,R03,training,21,621,0,0.0,0.0,0.0,0.0
B,R03,training,21,622,0,0.0,0.0,0.0,0.0
B,R03,training,21,623,0,0.0,0.0,0.0,0.0
B,R03,training,21,624,0,0.0,0.0,0.0,0.0
B,R03,training,21,625,0,0.0,0.0,0.0,0.0
B,R03,training,21,626,0,0.0,0.0,0.0,0.0
B,R03,training,21,627,0,0.0,0.0,0.0,0.0
B,R03,training,21,628,0,0.0,0.0,0.0,0.0
B,R03,training,21,629,0,0.0,0.0,0.0,0.0
B,R03,training,21,630,0,0.0,0.0,0.0,0.0
B,R03,training,21,631,0,0.0,0.0,0.0,0.0
B,R03,training,21,632,0,0.0,0.0,0.0,0.0
B,R03,training,21,633,0,0.0,0.0,0.0,0.0
B,R03,training,21,634,0,0.0,0.0,0.0,0.0
B,R03,training,21,635,0,0.0,0.0,0.0,0.0
B,R03,training,21,636,0,0.0,0.0,0.0,0.0
B,R03,training,21,637,0,0.0,0.0,0.0,0.0
B,R03,training,21,638,0,0.0,0.0,0.0,0.0
B,R03,training,21,639,0,0.0,0.0,0.0,0.0
B,R03,training,21,640,0,0.0,0.0,0.0,0.0
B,R03,training,21,641,0,0.0,0.0,0.0,0.0
B,R03,training,21,642,0,0.0,0.0,0.0,0.0
B,R03,training,21,643,0,0.0,0.0,0.0,0.0
B,R03,training,21,644,0,0.0,0.0,0.0,0.0
B,R03,training,21,645,0,0.0,0.0,0.0,0.0
B,R03,training,21,646,0,0.0,0.0,0.0,0.0
B,R03,training,21,647,0,0.0,0.0,0.0,0.0
B,R03,training,21,648,0,0.0,0.0,0.0,0.0
B,R03,training,21,649,0,0.0,0.0,0.0,0.0
B,R03,training,21,650,0,0.0,0.0,0.0,0.0
B,R03,training,21,651,0,0.0,0.0,0.0,0.0
B,R03,training,21,652,0,0.0,0.0,0.0,0.0
B,R03,training,21,653,0,0.0,0.0,0.0,0.0
B,R03,training,21,654,0,0.0,0.0,0.0,0.0
B,R03,training,21,655,0,0.0,0.0,0.0,0.0
B,R03,training,21,656,0,0.0,0.0,0.0,0.0
B,R03,training,21,657,0,0.0,0.0,0.0,0.0
B,R03,training,21,658,0,0.0,0.0,0.0,0.0
B,R03,training,21,659,0,0.0,0.0,0.0,0.0
B,R03,training,21,660,0,0.0,0.0,0.0,0.0
B,R03,training,21,661,0,0.0,0.0,0.0,0.0
B,R03,training,21,662,0,0.0,0.0,0.0,0.0
B,R03,training,21,663,0,0.0,0.0,0.0,0.0
B,R03,training,21,664,0,0.0,0.0,0.0,0.0
B,R03,training,21,665,0,0.0,0.0,0.0,0.0
B,R03,training,21,666,0,0.0,0.0,0.0,0.0
B,R03,training,21,667,0,0.0,0.0,0.0,0.0
B,R03,training,21,668,0,0.0,0.0,0.0,0.0
B,R03,training,21,669,0,0.0,0.0,0.0,0.0
B,R03,training,21,670,0,0.0,0.0,0.0,0.0
B,R03,training,21,671,0,0.0,0.0,0.0,0.0
B,R03,training,21,672,0,0.0,0.0,0.0,0.0
B,R03,training,21,673,0,0.0,0.0,0.0,0.0
B,R03,training,21,674,0,0.0,0.0,0.0,0.0
B,R03,training,21,675,0,0.0,0.0,0.0,0.0
B,R03,training,21,676,0,0.0,0.0,0.0,0.0
B,R03,training,21,677,0,0.0,0.0,0.0,0.0
B,R03,training,21,678,0,0.0,0.0,0.0,0.0
B,R03,training,21,679,0,0.0,0.0,0.0,0.0
B,R03,training,21,680,0,0.0,0.0,0.0,0.0
B,R03,training,21,681,0,0.0,0.0,0.0,0.0
B,R03,training,21,682,0,0.0,0.0,0.0,0.0
B,R03,training,21,683,0,0.0,0.0,0.0,0.0
B,R03,training,21,684,0,0.0,0.0,0.0,0.0
B,R03,training,21,685,0,0.0,0.0,0.0,0.0
B,R03,training,21,686,0,0.0,0.0,0.0,0.0
B,R03,training,21,687,0,0.0,0.0,0.0,0.0
B,R03,training,21,688,0,0.0,0.0,0.0,0.0
B,R03,training,21,689,0,0.0,0.0,0.0,0.0
B,R03,training,21,690,0,0.0,0.0,0.0,0.0
B,R03,training,21,691,0,0.0,0.0,0.0,0.0
B,R03,training,21,692,0,0.0,0.0,0.0,0.0
B,R03,training,21,693,0,0.0,0.0,0.0,0.0
B,R03,training,21,694,0,0.0,0.0,0.0,0.0
B,R03,training,21,695,0,0.0,0.0,0.0,0.0
B,R03,training,21,696,0,0.0,0.0,0.0,0.0
B,R03,training,21,697,0,0.0,0.0,0.0,0.0
B,R03,training,21,698,0,0.0,0.0,0.0,0.0
B,R03,training,21,699,0,0.0,0.0,0.0,0.0
B,R03,training,21,700,0,0.0,0.0,0.0,0.0
B,R03,training,21,701,0,0.0,0.0,0.0,0.0
B,R03,training,21,702,0,0.0,0.0,0.0,0.0
B,R03,training,21,703,0,0.0,0.0,0.0,0.0
B,R03,training,21,704,0,0.0,0.0,0.0,0.0
B,R03,training,21,705,0,0.0,0.0,0.0,0.0
B,R03,training,21,706,0,0.0,0.0,0.0,0.0
B,R03,training,21,707,0,0.0,0.0,0.0,0.0
B,R03,training,21,708,0,0.0,0.0,0.0,0.0
B,R03,training,21,709,0,0.0,0.0,0.0,0.0
B,R03,training,21,710,0,0.0,0.0,0.0,0.0
B,R03,training,21,711,0,0.0,0.0,0.0,0.0
B,R03,training,21,712,0,0.0,0.0,0.0,0.0
C,R03,training,21,0,0,0.0,0.0,0.0,0.0
C,R03,training,21,1,0,0.0,0.0,0.0,0.0
C,R03,training,21,2,0,0.0,0.0,0.0,0.0
C,R03,training,21,3,0,0.0,0.0,0.0,0.0
C,R03,training,21,4,0,0.0,0.0,0.0,0.0
C,R03,training,21,5,0,0.0,0.0,0.0,0.0
C,R03,training,21,6,0,0.0,0.0,0.0,0.0
C,R03,training,21,7,0,0.0,0.0,0.0,0.0
C,R03,training,21,8,0,0.0,0.0,0.0,0.0
C,R03,training,21,9,0,0.0,0.0,0.0,0.0
C,R03,training,21,10,0,0.0,0.0,0.0,0.0
C,R03,training,21,11,0,0.0,0.0,0.0,0.0
C,R03,training,21,12,0,0.0,0.0,0.0,0.0
C,R03,training,21,13,0,0.0,0.0,0.0,0.0
C,R03,training,21,14,0,0.0,0.0,0.0,0.0
C,R03,training,21,15,0,0.0,0.0,0.0,0.0
C,R03,training,21,16,0,0.0,0.0,0.0,0.0
C,R03,training,21,17,0,0.0,0.0,0.0,0.0
C,R03,training,21,18,0,0.0,0.0,0.0,0.0
C,R03,training,21,19,0,0.0,0.0,0.0,0.0
C,R03,training,21,20,0,0.0,0.0,0.0,0.0
C,R03,training,21,21,0,0.0,0.0,0.0,0.0
C,R03,training,21,22,0,0.0,0.0,0.0,0.0
C,R03,training,21,23,0,0.0,0.0,0.0,0.0
C,R03,training,21,24,0,0.0,0.0,0.0,0.0
C,R03,training,21,25,0,0.0,0.0,0.0,0.0
C,R03,training,21,26,0,0.0,0.0,0.0,0.0
C,R03,training,21,27,0,0.0,0.0,0.0,0.0
C,R03,training,21,28,0,0.0,0.0,0.0,0.0
C,R03,training,21,29,0,0.0,0.0,0.0,0.0
C,R03,training,21,30,0,0.0,0.0,0.0,0.0
C,R03,training,21,31,0,0.0,0.0,0.0,0.0
C,R03,training,21,32,0,0.0,0.0,0.0,0.0
C,R03,training,21,33,0,0.0,0.0,0.0,0.0
C,R03,training,21,34,0,0.0,0.0,0.0,0.0
C,R03,training,21,35,0,0.0,0.0,0.0,0.0
C,R03,training,21,36,0,0.0,0.0,0.0,0.0
C,R03,training,21,37,0,0.0,0.0,0.0,0.0
C,R03,training,21,38,0,0.0,0.0,0.0,0.0
C,R03,training,21,39,0,0.0,0.0,0.0,0.0
C,R03,training,21,40,0,0.0,0.0,0.0,0.0
C,R03,training,21,41,0,0.0,0.0,0.0,0.0
C,R03,training,21,42,0,0.0,0.0,0.0,0.0
C,R03,training,21,43,0,0.0,0.0,0.0,0.0
C,R03,training,21,44,0,0.0,0.0,0.0,0.0
C,R03,training,21,45,0,0.0,0.0,0.0,0.0
C,R03,training,21,46,0,0.0,0.0,0.0,0.0
C,R03,training,21,47,0,0.0,0.0,0.0,0.0
C,R03,training,21,48,0,0.0,0.0,0.0,0.0
C,R03,training,21,49,0,0.0,0.0,0.0,0.0
C,R03,training,21,50,0,0.0,0.0,0.0,0.0
C,R03,training,21,51,0,0.0,0.0,0.0,0.0
C,R03,training,21,52,0,0.0,0.0,0.0,0.0
C,R03,training,21,53,0,0.0,0.0,0.0,0.0
C,R03,training,21,54,0,0.0,0.0,0.0,0.0
C,R03,training,21,55,0,0.0,0.0,0.0,0.0
C,R03,training,21,56,0,0.0,0.0,0.0,0.0
C,R03,training,21,57,0,0.0,0.0,0.0,0.0
C,R03,training,21,58,0,0.0,0.0,0.0,0.0
C,R03,training,21,59,0,0.0,0.0,0.0,0.0
C,R03,training,21,60,0,0.0,0.0,0.0,0.0
C,R03,training,21,61,0,0.0,0.0,0.0,0.0
C,R03,training,21,62,0,0.0,0.0,0.0,0.0
C,R03,training,21,63,0,0.0,0.0,0.0,0.0
C,R03,training,21,64,0,0.0,0.0,0.0,0.0
C,R03,training,21,65,0,0.0,0.0,0.0,0.0
C,R03,training,21,66,0,0.0,0.0,0.0,0.0
C,R03,training,21,67,0,0.0,0.0,0.0,0.0
C,R03,training,21,68,0,0.0,0.0,0.0,0.0
C,R03,training,21,69,0,0.0,0.0,0.0,0.0
C,R03,training,21,70,0,0.0,0.0,0.0,0.0
C,R03,training,21,71,0,0.0,0.0,0.0,0.0
C,R03,training,21,72,0,0.0,0.0,0.0,0.0
C,R03,training,21,73,0,0.0,0.0,0.0,0.0
C,R03,training,21,74,0,0.0,0.0,0.0,0.0
C,R03,training,21,75,0,0.0,0.0,0.0,0.0
C,R03,training,21,76,0,0.0,0.0,0.0,0.0
C,R03,training,21,77,0,0.0,0.0,0.0,0.0
C,R03,training,21,78,0,0.0,0.0,0.0,0.0
C,R03,training,21,79,0,0.0,0.0,0.0,0.0
C,R03,training,21,80,0,0.0,0.0,0.0,0.0
C,R03,training,21,81,0,0.0,0.0,0.0,0.0
C,R03,training,21,82,0,0.0,0.0,0.0,0.0
C,R03,training,21,83,0,0.0,0.0,0.0,0.0
C,R03,training,21,84,0,0.0,0.0,0.0,0.0
C,R03,training,21,85,0,0.0,0.0,0.0,0.0
C,R03,training,21,86,0,0.0,0.0,0.0,0.0
C,R03,training,21,87,0,0.0,0.0,0.0,0.0
C,R03,training,21,88,0,0.0,0.0,0.0,0.0
C,R03,training,21,89,0,0.0,0.0,0.0,0.0
C,R03,training,21,90,0,0.0,0.0,0.0,0.0
C,R03,training,21,91,0,0.0,0.0,0.0,0.0
C,R03,training,21,92,0,0.0,0.0,0.0,0.0
C,R03,training,21,93,0,0.0,0.0,0.0,0.0
C,R03,training,21,94,0,0.0,0.0,0.0,0.0
C,R03,training,21,95,0,0.0,0.0,0.0,0.0
C,R03,training,21,96,0,0.0,0.0,0.0,0.0
C,R03,training,21,97,0,0.0,0.0,0.0,0.0
C,R03,training,21,98,0,0.0,0.0,0.0,0.0
C,R03,training,21,99,0,0.0,0.0,0.0,0.0
C,R03,training,21,100,0,0.0,0.0,0.0,0.0
C,R03,training,21,101,0,0.0,0.0,0.0,0.0
C,R03,training,21,102,0,0.0,0.0,0.0,0.0
C,R03,training,21,103,0,0.0,0.0,0.0,0.0
C,R03,training,21,104,0,0.0,0.0,0.0,0.0
C,R03,training,21,105,0,0.0,0.0,0.0,0.0
C,R03,training,21,106,0,0.0,0.0,0.0,0.0
C,R03,training,21,107,0,0.0,0.0,0.0,0.0
C,R03,training,21,108,0,0.0,0.0,0.0,0.0
C,R03,training,21,109,0,0.0,0.0,0.0,0.0
C,R03,training,21,110,0,0.0,0.0,0.0,0.0
C,R03,training,21,111,0,0.0,0.0,0.0,0.0
C,R03,training,21,112,0,0.0,0.0,0.0,0.0
C,R03,training,21,113,0,0.0,0.0,0.0,0.0
C,R03,training,21,114,0,0.0,0.0,0.0,0.0
C,R03,training,21,115,0,0.0,0.0,0.0,0.0
C,R03,training,21,116,0,0.0,0.0,0.0,0.0
C,R03,training,21,117,0,0.0,0.0,0.0,0.0
C,R03,training,21,118,0,0.0,0.0,0.0,0.0
C,R03,training,21,119,0,0.0,0.0,0.0,0.0
C,R03,training,21,120,0,0.0,0.0,0.0,0.0
C,R03,training,21,121,0,0.0,0.0,0.0,0.0
C,R03,training,21,122,0,0.0,0.0,0.0,0.0
C,R03,training,21,123,0,0.0,0.0,0.0,0.0
C,R03,training,21,124,0,0.0,0.0,0.0,0.0
C,R03,training,21,125,0,0.0,0.0,0.0,0.0
C,R03,training,21,126,0,0.0,0.0,0.0,0.0
C,R03,training,21,127,0,0.0,0.0,0.0,0.0
C,R03,training,21,128,0,0.0,0.0,0.0,0.0
C,R03,training,21,129,0,0.0,0.0,0.0,0.0
C,R03,training,21,130,0,0.0,0.0,0.0,0.0
C,R03,training,21,131,0,0.0,0.0,0.0,0.0
C,R03,training,21,132,0,0.0,0.0,0.0,0.0
C,R03,training,21,133,0,0.0,0.0,0.0,0.0
C,R03,training,21,134,0,0.0,0.0,0.0,0.0
C,R03,training,21,135,0,0.0,0.0,0.0,0.0
C,R03,training,21,136,0,0.0,0.0,0.0,0.0
C,R03,training,21,137,0,0.0,0.0,0.0,0.0
C,R03,training,21,138,0,0.0,0.0,0.0,0.0
C,R03,training,21,139,0,0.0,0.0,0.0,0.0
C,R03,training,21,140,0,0.0,0.0,0.0,0.0
C,R03,training,21,141,0,0.0,0.0,0.0,0.0
C,R03,training,21,142,0,0.0,0.0,0.0,0.0
C,R03,training,21,143,0,0.0,0.0,0.0,0.0
C,R03,training,21,144,0,0.0,0.0,0.0,0.0
C,R03,training,21,145,0,0.0,0.0,0.0,0.0
C,R03,training,21,146,0,0.0,0.0,0.0,0.0
C,R03,training,21,147,0,0.0,0.0,0.0,0.0
C,R03,training,21,148,0,0.0,0.0,0.0,0.0
C,R03,training,21,149,0,0.0,0.0,0.0,0.0
C,R03,training,21,150,0,0.0,0.0,0.0,0.0
C,R03,training,21,151,0,0.0,0.0,0.0,0.0
C,R03,training,21,152,0,0.0,0.0,0.0,0.0
C,R03,training,21,153,0,0.0,0.0,0.0,0.0
C,R03,training,21,154,0,0.0,0.0,0.0,0.0
C,R03,training,21,155,0,0.0,0.0,0.0,0.0
C,R03,training,21,156,0,0.0,0.0,0.0,0.0
C,R03,training,21,157,0,0.0,0.0,0.0,0.0
C,R03,training,21,158,0,0.0,0.0,0.0,0.0
C,R03,training,21,159,0,0.0,0.0,0.0,0.0
C,R03,training,21,160,0,0.0,0.0,0.0,0.0
C,R03,training,21,161,0,0.0,0.0,0.0,0.0
C,R03,training,21,162,0,0.0,0.0,0.0,0.0
C,R03,training,21,163,0,0.0,0.0,0.0,0.0
C,R03,training,21,164,0,0.0,0.0,0.0,0.0
C,R03,training,21,165,0,0.0,0.0,0.0,0.0
C,R03,training,21,166,0,0.0,0.0,0.0,0.0
C,R03,training,21,167,0,0.0,0.0,0.0,0.0
C,R03,training,21,168,0,0.0,0.0,0.0,0.0
C,R03,training,21,169,0,0.0,0.0,0.0,0.0
C,R03,training,21,170,0,0.0,0.0,0.0,0.0
C,R03,training,21,171,0,0.0,0.0,0.0,0.0
C,R03,training,21,172,0,0.0,0.0,0.0,0.0
C,R03,training,21,173,0,0.0,0.0,0.0,0.0
C,R03,training,21,174,0,0.0,0.0,0.0,0.0
C,R03,training,21,175,0,0.0,0.0,0.0,0.0
C,R03,training,21,176,0,0.0,0.0,0.0,0.0
C,R03,training,21,177,0,0.0,0.0,0.0,0.0
C,R03,training,21,178,0,0.0,0.0,0.0,0.0
C,R03,training,21,179,0,0.0,0.0,0.0,0.0
C,R03,training,21,180,0,0.0,0.0,0.0,0.0
C,R03,training,21,181,0,0.0,0.0,0.0,0.0
C,R03,training,21,182,0,0.0,0.0,0.0,0.0
C,R03,training,21,183,0,0.0,0.0,0.0,0.0
C,R03,training,21,184,0,0.0,0.0,0.0,0.0
C,R03,training,21,185,0,0.0,0.0,0.0,0.0
C,R03,training,21,186,0,0.0,0.0,0.0,0.0
C,R03,training,21,187,0,0.0,0.0,0.0,0.0
C,R03,training,21,188,0,0.0,0.0,0.0,0.0
C,R03,training,21,189,0,0.0,0.0,0.0,0.0
C,R03,training,21,190,0,0.0,0.0,0.0,0.0
C,R03,training,21,191,0,0.0,0.0,0.0,0.0
C,R03,training,21,192,0,0.0,0.0,0.0,0.0
C,R03,training,21,193,0,0.0,0.0,0.0,0.0
C,R03,training,21,194,0,0.0,0.0,0.0,0.0
C,R03,training,21,195,0,0.0,0.0,0.0,0.0
C,R03,training,21,196,0,0.0,0.0,0.0,0.0
C,R03,training,21,197,0,0.0,0.0,0.0,0.0
C,R03,training,21,198,0,0.0,0.0,0.0,0.0
C,R03,training,21,199,0,0.0,0.0,0.0,0.0
C,R03,training,21,200,0,0.0,0.0,0.0,0.0
C,R03,training,21,201,0,0.0,0.0,0.0,0.0
C,R03,training,21,202,0,0.0,0.0,0.0,0.0
C,R03,training,21,203,0,0.0,0.0,0.0,0.0
C,R03,training,21,204,0,0.0,0.0,0.0,0.0
C,R03,training,21,205,0,0.0,0.0,0.0,0.0
C,R03,training,21,206,0,0.0,0.0,0.0,0.0
C,R03,training,21,207,0,0.0,0.0,0.0,0.0
C,R03,training,21,208,0,0.0,0.0,0.0,0.0
C,R03,training,21,209,0,0.0,0.0,0.0,0.0
C,R03,training,21,210,0,0.0,0.0,0.0,0.0
C,R03,training,21,211,0,0.0,0.0,0.0,0.0
C,R03,training,21,212,0,0.0,0.0,0.0,0.0
C,R03,training,21,213,0,0.0,0.0,0.0,0.0
C,R03,training,21,214,0,0.0,0.0,0.0,0.0
C,R03,training,21,215,0,0.0,0.0,0.0,0.0
C,R03,training,21,216,0,0.0,0.0,0.0,0.0
C,R03,training,21,217,0,0.0,0.0,0.0,0.0
C,R03,training,21,218,0,0.0,0.0,0.0,0.0
C,R03,training,21,219,0,0.0,0.0,0.0,0.0
C,R03,training,21,220,0,0.0,0.0,0.0,0.0
C,R03,training,21,221,0,0.0,0.0,0.0,0.0
C,R03,training,21,222,0,0.0,0.0,0.0,0.0
C,R03,training,21,223,0,0.0,0.0,0.0,0.0
C,R03,training,21,224,0,0.0,0.0,0.0,0.0
C,R03,training,21,225,0,0.0,0.0,0.0,0.0
C,R03,training,21,226,0,0.0,0.0,0.0,0.0
C,R03,training,21,227,0,0.0,0.0,0.0,0.0
C,R03,training,21,228,0,0.0,0.0,0.0,0.0
C,R03,training,21,229,0,0.0,0.0,0.0,0.0
C,R03,training,21,230,0,0.0,0.0,0.0,0.0
C,R03,training,21,231,0,0.0,0.0,0.0,0.0
C,R03,training,21,232,0,0.0,0.0,0.0,0.0
C,R03,training,21,233,0,0.0,0.0,0.0,0.0
C,R03,training,21,234,0,0.0,0.0,0.0,0.0
C,R03,training,21,235,0,0.0,0.0,0.0,0.0
C,R03,training,21,236,0,0.0,0.0,0.0,0.0
C,R03,training,21,237,0,0.0,0.0,0.0,0.0
C,R03,training,21,238,0,0.0,0.0,0.0,0.0
C,R03,training,21,239,0,0.0,0.0,0.0,0.0
C,R03,training,21,240,0,0.0,0.0,0.0,0.0
C,R03,training,21,241,0,0.0,0.0,0.0,0.0
C,R03,training,21,242,0,0.0,0.0,0.0,0.0
C,R03,training,21,243,0,0.0,0.0,0.0,0.0
C,R03,training,21,244,0,0.0,0.0,0.0,0.0
C,R03,training,21,245,0,0.0,0.0,0.0,0.0
C,R03,training,21,246,0,0.0,0.0,0.0,0.0
C,R03,training,21,247,0,0.0,0.0,0.0,0.0
C,R03,training,21,248,0,0.0,0.0,0.0,0.0
C,R03,training,21,249,0,0.0,0.0,0.0,0.0
C,R03,training,21,250,0,0.0,0.0,0.0,0.0
C,R03,training,21,251,0,0.0,0.0,0.0,0.0
C,R03,training,21,252,0,0.0,0.0,0.0,0.0
C,R03,training,21,253,0,0.0,0.0,0.0,0.0
C,R03,training,21,254,0,0.0,0.0,0.0,0.0
C,R03,training,21,255,0,0.0,0.0,0.0,0.0
C,R03,training,21,256,0,0.0,0.0,0.0,0.0
C,R03,training,21,257,0,0.0,0.0,0.0,0.0
C,R03,training,21,258,0,0.0,0.0,0.0,0.0
C,R03,training,21,259,0,0.0,0.0,0.0,0.0
C,R03,training,21,260,0,0.0,0.0,0.0,0.0
C,R03,training,21,261,0,0.0,0.0,0.0,0.0
C,R03,training,21,262,0,0.0,0.0,0.0,0.0
C,R03,training,21,263,0,0.0,0.0,0.0,0.0
C,R03,training,21,264,0,0.0,0.0,0.0,0.0
C,R03,training,21,265,0,0.0,0.0,0.0,0.0
C,R03,training,21,266,0,0.0,0.0,0.0,0.0
C,R03,training,21,267,0,0.0,0.0,0.0,0.0
C,R03,training,21,268,0,0.0,0.0,0.0,0.0
C,R03,training,21,269,0,0.0,0.0,0.0,0.0
C,R03,training,21,270,0,0.0,0.0,0.0,0.0
C,R03,training,21,271,0,0.0,0.0,0.0,0.0
C,R03,training,21,272,0,0.0,0.0,0.0,0.0
C,R03,training,21,273,0,0.0,0.0,0.0,0.0
C,R03,training,21,274,0,0.0,0.0,0.0,0.0
C,R03,training,21,275,0,0.0,0.0,0.0,0.0
C,R03,training,21,276,0,0.0,0.0,0.0,0.0
C,R03,training,21,277,0,0.0,0.0,0.0,0.0
C,R03,training,21,278,0,0.0,0.0,0.0,0.0
C,R03,training,21,279,0,0.0,0.0,0.0,0.0
C,R03,training,21,280,0,0.0,0.0,0.0,0.0
C,R03,training,21,281,0,0.0,0.0,0.0,0.0
C,R03,training,21,282,0,0.0,0.0,0.0,0.0
C,R03,training,21,283,0,0.0,0.0,0.0,0.0
C,R03,training,21,284,0,0.0,0.0,0.0,0.0
C,R03,training,21,285,0,0.0,0.0,0.0,0.0
C,R03,training,21,286,0,0.0,0.0,0.0,0.0
C,R03,training,21,287,0,0.0,0.0,0.0,0.0
C,R03,training,21,288,0,0.0,0.0,0.0,0.0
C,R03,training,21,289,0,0.0,0.0,0.0,0.0
C,R03,training,21,290,0,0.0,0.0,0.0,0.0
C,R03,training,21,291,0,0.0,0.0,0.0,0.0
C,R03,training,21,292,0,0.0,0.0,0.0,0.0
C,R03,training,21,293,0,0.0,0.0,0.0,0.0
C,R03,training,21,294,0,0.0,0.0,0.0,0.0
C,R03,training,21,295,0,0.0,0.0,0.0,0.0
C,R03,training,21,296,0,0.0,0.0,0.0,0.0
C,R03,training,21,297,0,0.0,0.0,0.0,0.0
C,R03,training,21,298,0,0.0,0.0,0.0,0.0
C,R03,training,21,299,0,0.0,0.0,0.0,0.0
C,R03,training,21,300,0,0.0,0.0,0.0,0.0
C,R03,training,21,301,0,0.0,0.0,0.0,0.0
C,R03,training,21,302,0,0.0,0.0,0.0,0.0
C,R03,training,21,303,0,0.0,0.0,0.0,0.0
C,R03,training,21,304,0,0.0,0.0,0.0,0.0
C,R03,training,21,305,0,0.0,0.0,0.0,0.0
C,R03,training,21,306,0,0.0,0.0,0.0,0.0
C,R03,training,21,307,0,0.0,0.0,0.0,0.0
C,R03,training,21,308,0,0.0,0.0,0.0,0.0
C,R03,training,21,309,0,0.0,0.0,0.0,0.0
C,R03,training,21,310,0,0.0,0.0,0.0,0.0
C,R03,training,21,311,0,0.0,0.0,0.0,0.0
C,R03,training,21,312,0,0.0,0.0,0.0,0.0
C,R03,training,21,313,0,0.0,0.0,0.0,0.0
C,R03,training,21,314,0,0.0,0.0,0.0,0.0
C,R03,training,21,315,0,0.0,0.0,0.0,0.0
C,R03,training,21,316,0,0.0,0.0,0.0,0.0
C,R03,training,21,317,0,0.0,0.0,0.0,0.0
C,R03,training,21,318,0,0.0,0.0,0.0,0.0
C,R03,training,21,319,0,0.0,0.0,0.0,0.0
C,R03,training,21,320,0,0.0,0.0,0.0,0.0
C,R03,training,21,321,0,0.0,0.0,0.0,0.0
C,R03,training,21,322,0,0.0,0.0,0.0,0.0
C,R03,training,21,323,0,0.0,0.0,0.0,0.0
C,R03,training,21,324,0,0.0,0.0,0.0,0.0
C,R03,training,21,325,0,0.0,0.0,0.0,0.0
C,R03,training,21,326,0,0.0,0.0,0.0,0.0
C,R03,training,21,327,0,0.0,0.0,0.0,0.0
C,R03,training,21,328,0,0.0,0.0,0.0,0.0
C,R03,training,21,329,0,0.0,0.0,0.0,0.0
C,R03,training,21,330,0,0.0,0.0,0.0,0.0
C,R03,training,21,331,0,0.0,0.0,0.0,0.0
C,R03,training,21,332,0,0.0,0.0,0.0,0.0
C,R03,training,21,333,0,0.0,0.0,0.0,0.0
C,R03,training,21,334,0,0.0,0.0,0.0,0.0
C,R03,training,21,335,0,0.0,0.0,0.0,0.0
C,R03,training,21,336,0,0.0,0.0,0.0,0.0
C,R03,training,21,337,0,0.0,0.0,0.0,0.0
C,R03,training,21,338,0,0.0,0.0,0.0,0.0
C,R03,training,21,339,0,0.0,0.0,0.0,0.0
C,R03,training,21,340,0,0.0,0.0,0.0,0.0
C,R03,training,21,341,0,0.0,0.0,0.0,0.0
C,R03,training,21,342,0,0.0,0.0,0.0,0.0
C,R03,training,21,343,0,0.0,0.0,0.0,0.0
C,R03,training,21,344,0,0.0,0.0,0.0,0.0
C,R03,training,21,345,0,0.0,0.0,0.0,0.0
C,R03,training,21,346,0,0.0,0.0,0.0,0.0
C,R03,training,21,347,0,0.0,0.0,0.0,0.0
C,R03,training,21,348,0,0.0,0.0,0.0,0.0
C,R03,training,21,349,0,0.0,0.0,0.0,0.0
C,R03,training,21,350,0,0.0,0.0,0.0,0.0
C,R03,training,21,351,0,0.0,0.0,0.0,0.0
C,R03,training,21,352,0,0.0,0.0,0.0,0.0
C,R03,training,21,353,0,0.0,0.0,0.0,0.0
C,R03,training,21,354,0,0.0,0.0,0.0,0.0
C,R03,training,21,355,0,0.0,0.0,0.0,0.0
C,R03,training,21,356,0,0.0,0.0,0.0,0.0
C,R03,training,21,357,0,0.0,0.0,0.0,0.0
C,R03,training,21,358,0,0.0,0.0,0.0,0.0
C,R03,training,21,359,0,0.0,0.0,0.0,0.0
C,R03,training,21,360,0,0.0,0.0,0.0,0.0
C,R03,training,21,361,0,0.0,0.0,0.0,0.0
C,R03,training,21,362,0,0.0,0.0,0.0,0.0
C,R03,training,21,363,0,0.0,0.0,0.0,0.0
C,R03,training,21,364,0,0.0,0.0,0.0,0.0
C,R03,training,21,365,0,0.0,0.0,0.0,0.0
C,R03,training,21,366,0,0.0,0.0,0.0,0.0
C,R03,training,21,367,0,0.0,0.0,0.0,0.0
C,R03,training,21,368,0,0.0,0.0,0.0,0.0
C,R03,training,21,369,0,0.0,0.0,0.0,0.0
C,R03,training,21,370,0,0.0,0.0,0.0,0.0
C,R03,training,21,371,0,0.0,0.0,0.0,0.0
C,R03,training,21,372,0,0.0,0.0,0.0,0.0
C,R03,training,21,373,0,0.0,0.0,0.0,0.0
C,R03,training,21,374,0,0.0,0.0,0.0,0.0
C,R03,training,21,375,0,0.0,0.0,0.0,0.0
C,R03,training,21,376,0,0.0,0.0,0.0,0.0
C,R03,training,21,377,0,0.0,0.0,0.0,0.0
C,R03,training,21,378,0,0.0,0.0,0.0,0.0
C,R03,training,21,379,0,0.0,0.0,0.0,0.0
C,R03,training,21,380,0,0.0,0.0,0.0,0.0
C,R03,training,21,381,0,0.0,0.0,0.0,0.0
C,R03,training,21,382,0,0.0,0.0,0.0,0.0
C,R03,training,21,383,0,0.0,0.0,0.0,0.0
C,R03,training,21,384,0,0.0,0.0,0.0,0.0
C,R03,training,21,385,0,0.0,0.0,0.0,0.0
C,R03,training,21,386,0,0.0,0.0,0.0,0.0
C,R03,training,21,387,0,0.0,0.0,0.0,0.0
C,R03,training,21,388,0,0.0,0.0,0.0,0.0
C,R03,training,21,389,0,0.0,0.0,0.0,0.0
C,R03,training,21,390,0,0.0,0.0,0.0,0.0
C,R03,training,21,391,0,0.0,0.0,0.0,0.0
C,R03,training,21,392,0,0.0,0.0,0.0,0.0
C,R03,training,21,393,0,0.0,0.0,0.0,0.0
C,R03,training,21,394,0,0.0,0.0,0.0,0.0
C,R03,training,21,395,0,0.0,0.0,0.0,0.0
C,R03,training,21,396,0,0.0,0.0,0.0,0.0
C,R03,training,21,397,0,0.0,0.0,0.0,0.0
C,R03,training,21,398,0,0.0,0.0,0.0,0.0
C,R03,training,21,399,0,0.0,0.0,0.0,0.0
C,R03,training,21,400,0,0.0,0.0,0.0,0.0
C,R03,training,21,401,0,0.0,0.0,0.0,0.0
C,R03,training,21,402,0,0.0,0.0,0.0,0.0
C,R03,training,21,403,0,0.0,0.0,0.0,0.0
C,R03,training,21,404,0,0.0,0.0,0.0,0.0
C,R03,training,21,405,0,0.0,0.0,0.0,0.0
C,R03,training,21,406,0,0.0,0.0,0.0,0.0
C,R03,training,21,407,0,0.0,0.0,0.0,0.0
C,R03,training,21,408,0,0.0,0.0,0.0,0.0
C,R03,training,21,409,0,0.0,0.0,0.0,0.0
C,R03,training,21,410,0,0.0,0.0,0.0,0.0
C,R03,training,21,411,0,0.0,0.0,0.0,0.0
C,R03,training,21,412,0,0.0,0.0,0.0,0.0
C,R03,training,21,413,0,0.0,0.0,0.0,0.0
C,R03,training,21,414,0,0.0,0.0,0.0,0.0
C,R03,training,21,415,0,0.0,0.0,0.0,0.0
C,R03,training,21,416,0,0.0,0.0,0.0,0.0
C,R03,training,21,417,0,0.0,0.0,0.0,0.0
C,R03,training,21,418,0,0.0,0.0,0.0,0.0
C,R03,training,21,419,0,0.0,0.0,0.0,0.0
C,R03,training,21,420,0,0.0,0.0,0.0,0.0
C,R03,training,21,421,0,0.0,0.0,0.0,0.0
C,R03,training,21,422,0,0.0,0.0,0.0,0.0
C,R03,training,21,423,0,0.0,0.0,0.0,0.0
C,R03,training,21,424,0,0.0,0.0,0.0,0.0
C,R03,training,21,425,0,0.0,0.0,0.0,0.0
C,R03,training,21,426,0,0.0,0.0,0.0,0.0
C,R03,training,21,427,0,0.0,0.0,0.0,0.0
C,R03,training,21,428,0,0.0,0.0,0.0,0.0
C,R03,training,21,429,0,0.0,0.0,0.0,0.0
C,R03,training,21,430,0,0.0,0.0,0.0,0.0
C,R03,training,21,431,0,0.0,0.0,0.0,0.0
C,R03,training,21,432,0,0.0,0.0,0.0,0.0
C,R03,training,21,433,0,0.0,0.0,0.0,0.0
C,R03,training,21,434,0,0.0,0.0,0.0,0.0
C,R03,training,21,435,0,0.0,0.0,0.0,0.0
C,R03,training,21,436,0,0.0,0.0,0.0,0.0
C,R03,training,21,437,0,0.0,0.0,0.0,0.0
C,R03,training,21,438,0,0.0,0.0,0.0,0.0
C,R03,training,21,439,0,0.0,0.0,0.0,0.0
C,R03,training,21,440,0,0.0,0.0,0.0,0.0
C,R03,training,21,441,0,0.0,0.0,0.0,0.0
C,R03,training,21,442,0,0.0,0.0,0.0,0.0
C,R03,training,21,443,0,0.0,0.0,0.0,0.0
C,R03,training,21,444,0,0.0,0.0,0.0,0.0
C,R03,training,21,445,0,0.0,0.0,0.0,0.0
C,R03,training,21,446,0,0.0,0.0,0.0,0.0
C,R03,training,21,447,0,0.0,0.0,0.0,0.0
C,R03,training,21,448,0,0.0,0.0,0.0,0.0
C,R03,training,21,449,0,0.0,0.0,0.0,0.0
C,R03,training,21,450,0,0.0,0.0,0.0,0.0
C,R03,training,21,451,0,0.0,0.0,0.0,0.0
C,R03,training,21,452,0,0.0,0.0,0.0,0.0
C,R03,training,21,453,0,0.0,0.0,0.0,0.0
C,R03,training,21,454,0,0.0,0.0,0.0,0.0
C,R03,training,21,455,0,0.0,0.0,0.0,0.0
C,R03,training,21,456,0,0.0,0.0,0.0,0.0
C,R03,training,21,457,0,0.0,0.0,0.0,0.0
C,R03,training,21,458,0,0.0,0.0,0.0,0.0
C,R03,training,21,459,0,0.0,0.0,0.0,0.0
C,R03,training,21,460,0,0.0,0.0,0.0,0.0
C,R03,training,21,461,0,0.0,0.0,0.0,0.0
C,R03,training,21,462,0,0.0,0.0,0.0,0.0
C,R03,training,21,463,0,0.0,0.0,0.0,0.0
C,R03,training,21,464,0,0.0,0.0,0.0,0.0
C,R03,training,21,465,0,0.0,0.0,0.0,0.0
C,R03,training,21,466,0,0.0,0.0,0.0,0.0
C,R03,training,21,467,0,0.0,0.0,0.0,0.0
C,R03,training,21,468,0,0.0,0.0,0.0,0.0
C,R03,training,21,469,0,0.0,0.0,0.0,0.0
C,R03,training,21,470,0,0.0,0.0,0.0,0.0
C,R03,training,21,471,0,0.0,0.0,0.0,0.0
C,R03,training,21,472,0,0.0,0.0,0.0,0.0
C,R03,training,21,473,0,0.0,0.0,0.0,0.0
C,R03,training,21,474,0,0.0,0.0,0.0,0.0
C,R03,training,21,475,0,0.0,0.0,0.0,0.0
C,R03,training,21,476,0,0.0,0.0,0.0,0.0
C,R03,training,21,477,0,0.0,0.0,0.0,0.0
C,R03,training,21,478,0,0.0,0.0,0.0,0.0
C,R03,training,21,479,0,0.0,0.0,0.0,0.0
C,R03,training,21,480,0,0.0,0.0,0.0,0.0
C,R03,training,21,481,0,0.0,0.0,0.0,0.0
C,R03,training,21,482,0,0.0,0.0,0.0,0.0
C,R03,training,21,483,0,0.0,0.0,0.0,0.0
C,R03,training,21,484,0,0.0,0.0,0.0,0.0
C,R03,training,21,485,0,0.0,0.0,0.0,0.0
C,R03,training,21,486,0,0.0,0.0,0.0,0.0
C,R03,training,21,487,0,0.0,0.0,0.0,0.0
C,R03,training,21,488,0,0.0,0.0,0.0,0.0
C,R03,training,21,489,0,0.0,0.0,0.0,0.0
C,R03,training,21,490,0,0.0,0.0,0.0,0.0
C,R03,training,21,491,0,0.0,0.0,0.0,0.0
C,R03,training,21,492,0,0.0,0.0,0.0,0.0
C,R03,training,21,493,0,0.0,0.0,0.0,0.0
C,R03,training,21,494,0,0.0,0.0,0.0,0.0
C,R03,training,21,495,0,0.0,0.0,0.0,0.0
C,R03,training,21,496,0,0.0,0.0,0.0,0.0
C,R03,training,21,497,0,0.0,0.0,0.0,0.0
C,R03,training,21,498,0,0.0,0.0,0.0,0.0
C,R03,training,21,499,0,0.0,0.0,0.0,0.0
C,R03,training,21,500,0,0.0,0.0,0.0,0.0
C,R03,training,21,501,0,0.0,0.0,0.0,0.0
C,R03,training,21,502,0,0.0,0.0,0.0,0.0
C,R03,training,21,503,0,0.0,0.0,0.0,0.0
C,R03,training,21,504,0,0.0,0.0,0.0,0.0
C,R03,training,21,505,0,0.0,0.0,0.0,0.0
C,R03,training,21,506,0,0.0,0.0,0.0,0.0
C,R03,training,21,507,0,0.0,0.0,0.0,0.0
C,R03,training,21,508,0,0.0,0.0,0.0,0.0
C,R03,training,21,509,0,0.0,0.0,0.0,0.0
C,R03,training,21,510,0,0.0,0.0,0.0,0.0
C,R03,training,21,511,0,0.0,0.0,0.0,0.0
C,R03,training,21,512,0,0.0,0.0,0.0,0.0
C,R03,training,21,513,0,0.0,0.0,0.0,0.0
C,R03,training,21,514,0,0.0,0.0,0.0,0.0
C,R03,training,21,515,0,0.0,0.0,0.0,0.0
C,R03,training,21,516,0,0.0,0.0,0.0,0.0
C,R03,training,21,517,0,0.0,0.0,0.0,0.0
C,R03,training,21,518,0,0.0,0.0,0.0,0.0
C,R03,training,21,519,0,0.0,0.0,0.0,0.0
C,R03,training,21,520,0,0.0,0.0,0.0,0.0
C,R03,training,21,521,0,0.0,0.0,0.0,0.0
C,R03,training,21,522,0,0.0,0.0,0.0,0.0
C,R03,training,21,523,0,0.0,0.0,0.0,0.0
C,R03,training,21,524,0,0.0,0.0,0.0,0.0
C,R03,training,21,525,0,0.0,0.0,0.0,0.0
C,R03,training,21,526,0,0.0,0.0,0.0,0.0
C,R03,training,21,527,0,0.0,0.0,0.0,0.0
C,R03,training,21,528,0,0.0,0.0,0.0,0.0
C,R03,training,21,529,0,0.0,0.0,0.0,0.0
C,R03,training,21,530,0,0.0,0.0,0.0,0.0
C,R03,training,21,531,0,0.0,0.0,0.0,0.0
C,R03,training,21,532,0,0.0,0.0,0.0,0.0
C,R03,training,21,533,0,0.0,0.0,0.0,0.0
C,R03,training,21,534,0,0.0,0.0,0.0,0.0
C,R03,training,21,535,0,0.0,0.0,0.0,0.0
C,R03,training,21,536,0,0.0,0.0,0.0,0.0
C,R03,training,21,537,0,0.0,0.0,0.0,0.0
C,R03,training,21,538,0,0.0,0.0,0.0,0.0
C,R03,training,21,539,0,0.0,0.0,0.0,0.0
C,R03,training,21,540,0,0.0,0.0,0.0,0.0
C,R03,training,21,541,0,0.0,0.0,0.0,0.0
C,R03,training,21,542,0,0.0,0.0,0.0,0.0
C,R03,training,21,543,0,0.0,0.0,0.0,0.0
C,R03,training,21,544,0,0.0,0.0,0.0,0.0
C,R03,training,21,545,0,0.0,0.0,0.0,0.0
C,R03,training,21,546,0,0.0,0.0,0.0,0.0
C,R03,training,21,547,0,0.0,0.0,0.0,0.0
C,R03,training,21,548,0,0.0,0.0,0.0,0.0
C,R03,training,21,549,0,0.0,0.0,0.0,0.0
C,R03,training,21,550,0,0.0,0.0,0.0,0.0
C,R03,training,21,551,0,0.0,0.0,0.0,0.0
C,R03,training,21,552,0,0.0,0.0,0.0,0.0
C,R03,training,21,553,0,0.0,0.0,0.0,0.0
C,R03,training,21,554,0,0.0,0.0,0.0,0.0
C,R03,training,21,555,0,0.0,0.0,0.0,0.0
C,R03,training,21,556,0,0.0,0.0,0.0,0.0
C,R03,training,21,557,0,0.0,0.0,0.0,0.0
C,R03,training,21,558,0,0.0,0.0,0.0,0.0
C,R03,training,21,559,0,0.0,0.0,0.0,0.0
C,R03,training,21,560,0,0.0,0.0,0.0,0.0
C,R03,training,21,561,0,0.0,0.0,0.0,0.0
C,R03,training,21,562,0,0.0,0.0,0.0,0.0
C,R03,training,21,563,0,0.0,0.0,0.0,0.0
C,R03,training,21,564,0,0.0,0.0,0.0,0.0
C,R03,training,21,565,0,0.0,0.0,0.0,0.0
C,R03,training,21,566,0,0.0,0.0,0.0,0.0
C,R03,training,21,567,0,0.0,0.0,0.0,0.0
C,R03,training,21,568,0,0.0,0.0,0.0,0.0
C,R03,training,21,569,0,0.0,0.0,0.0,0.0
C,R03,training,21,570,0,0.0,0.0,0.0,0.0
C,R03,training,21,571,0,0.0,0.0,0.0,0.0
C,R03,training,21,572,0,0.0,0.0,0.0,0.0
C,R03,training,21,573,0,0.0,0.0,0.0,0.0
C,R03,training,21,574,0,0.0,0.0,0.0,0.0
C,R03,training,21,575,0,0.0,0.0,0.0,0.0
C,R03,training,21,576,0,0.0,0.0,0.0,0.0
C,R03,training,21,577,0,0.0,0.0,0.0,0.0
C,R03,training,21,578,0,0.0,0.0,0.0,0.0
C,R03,training,21,579,0,0.0,0.0,0.0,0.0
C,R03,training,21,580,0,0.0,0.0,0.0,0.0
C,R03,training,21,581,0,0.0,0.0,0.0,0.0
C,R03,training,21,582,0,0.0,0.0,0.0,0.0
C,R03,training,21,583,0,0.0,0.0,0.0,0.0
C,R03,training,21,584,0,0.0,0.0,0.0,0.0
C,R03,training,21,585,0,0.0,0.0,0.0,0.0
C,R03,training,21,586,0,0.0,0.0,0.0,0.0
C,R03,training,21,587,0,0.0,0.0,0.0,0.0
C,R03,training,21,588,0,0.0,0.0,0.0,0.0
C,R03,training,21,589,0,0.0,0.0,0.0,0.0
C,R03,training,21,590,0,0.0,0.0,0.0,0.0
C,R03,training,21,591,0,0.0,0.0,0.0,0.0
C,R03,training,21,592,0,0.0,0.0,0.0,0.0
C,R03,training,21,593,0,0.0,0.0,0.0,0.0
C,R03,training,21,594,0,0.0,0.0,0.0,0.0
C,R03,training,21,595,0,0.0,0.0,0.0,0.0
C,R03,training,21,596,0,0.0,0.0,0.0,0.0
C,R03,training,21,597,0,0.0,0.0,0.0,0.0
C,R03,training,21,598,0,0.0,0.0,0.0,0.0
C,R03,training,21,599,0,0.0,0.0,0.0,0.0
C,R03,training,21,600,0,0.0,0.0,0.0,0.0
C,R03,training,21,601,0,0.0,0.0,0.0,0.0
C,R03,training,21,602,0,0.0,0.0,0.0,0.0
C,R03,training,21,603,0,0.0,0.0,0.0,0.0
C,R03,training,21,604,0,0.0,0.0,0.0,0.0
C,R03,training,21,605,0,0.0,0.0,0.0,0.0
C,R03,training,21,606,0,0.0,0.0,0.0,0.0
C,R03,training,21,607,0,0.0,0.0,0.0,0.0
C,R03,training,21,608,0,0.0,0.0,0.0,0.0
C,R03,training,21,609,0,0.0,0.0,0.0,0.0
C,R03,training,21,610,0,0.0,0.0,0.0,0.0
C,R03,training,21,611,0,0.0,0.0,0.0,0.0
C,R03,training,21,612,0,0.0,0.0,0.0,0.0
C,R03,training,21,613,0,0.0,0.0,0.0,0.0
C,R03,training,21,614,0,0.0,0.0,0.0,0.0
C,R03,training,21,615,0,0.0,0.0,0.0,0.0
C,R03,training,21,616,0,0.0,0.0,0.0,0.0
C,R03,training,21,617,0,0.0,0.0,0.0,0.0
C,R03,training,21,618,0,0.0,0.0,0.0,0.0
C,R03,training,21,619,0,0.0,0.0,0.0,0.0
C,R03,training,21,620,0,0.0,0.0,0.0,0.0
C,R03,training,21,621,0,0.0,0.0,0.0,0.0
C,R03,training,21,622,0,0.0,0.0,0.0,0.0
C,R03,training,21,623,0,0.0,0.0,0.0,0.0
C,R03,training,21,624,0,0.0,0.0,0.0,0.0
C,R03,training,21,625,0,0.0,0.0,0.0,0.0
C,R03,training,21,626,0,0.0,0.0,0.0,0.0
C,R03,training,21,627,0,0.0,0.0,0.0,0.0
C,R03,training,21,628,0,0.0,0.0,0.0,0.0
C,R03,training,21,629,0,0.0,0.0,0.0,0.0
C,R03,training,21,630,0,0.0,0.0,0.0,0.0
C,R03,training,21,631,0,0.0,0.0,0.0,0.0
C,R03,training,21,632,0,0.0,0.0,0.0,0.0
C,R03,training,21,633,0,0.0,0.0,0.0,0.0
C,R03,training,21,634,0,0.0,0.0,0.0,0.0
C,R03,training,21,635,0,0.0,0.0,0.0,0.0
C,R03,training,21,636,0,0.0,0.0,0.0,0.0
C,R03,training,21,637,0,0.0,0.0,0.0,0.0
C,R03,training,21,638,0,0.0,0.0,0.0,0.0
C,R03,training,21,639,0,0.0,0.0,0.0,0.0
C,R03,training,21,640,0,0.0,0.0,0.0,0.0
C,R03,training,21,641,0,0.0,0.0,0.0,0.0
C,R03,training,21,642,0,0.0,0.0,0.0,0.0
C,R03,training,21,643,0,0.0,0.0,0.0,0.0
C,R03,training,21,644,0,0.0,0.0,0.0,0.0
C,R03,training,21,645,0,0.0,0.0,0.0,0.0
C,R03,training,21,646,0,0.0,0.0,0.0,0.0
C,R03,training,21,647,0,0.0,0.0,0.0,0.0
C,R03,training,21,648,0,0.0,0.0,0.0,0.0
C,R03,training,21,649,0,0.0,0.0,0.0,0.0
C,R03,training,21,650,0,0.0,0.0,0.0,0.0
C,R03,training,21,651,0,0.0,0.0,0.0,0.0
C,R03,training,21,652,0,0.0,0.0,0.0,0.0
C,R03,training,21,653,0,0.0,0.0,0.0,0.0
C,R03,training,21,654,0,0.0,0.0,0.0,0.0
C,R03,training,21,655,0,0.0,0.0,0.0,0.0
C,R03,training,21,656,0,0.0,0.0,0.0,0.0
C,R03,training,21,657,0,0.0,0.0,0.0,0.0
C,R03,training,21,658,0,0.0,0.0,0.0,0.0
C,R03,training,21,659,0,0.0,0.0,0.0,0.0
C,R03,training,21,660,0,0.0,0.0,0.0,0.0
C,R03,training,21,661,0,0.0,0.0,0.0,0.0
C,R03,training,21,662,0,0.0,0.0,0.0,0.0
C,R03,training,21,663,0,0.0,0.0,0.0,0.0
C,R03,training,21,664,0,0.0,0.0,0.0,0.0
C,R03,training,21,665,0,0.0,0.0,0.0,0.0
C,R03,training,21,666,0,0.0,0.0,0.0,0.0
C,R03,training,21,667,0,0.0,0.0,0.0,0.0
C,R03,training,21,668,0,0.0,0.0,0.0,0.0
C,R03,training,21,669,0,0.0,0.0,0.0,0.0
C,R03,training,21,670,0,0.0,0.0,0.0,0.0
C,R03,training,21,671,0,0.0,0.0,0.0,0.0
C,R03,training,21,672,0,0.0,0.0,0.0,0.0
C,R03,training,21,673,0,0.0,0.0,0.0,0.0
C,R03,training,21,674,0,0.0,0.0,0.0,0.0
C,R03,training,21,675,0,0.0,0.0,0.0,0.0
C,R03,training,21,676,0,0.0,0.0,0.0,0.0
C,R03,training,21,677,0,0.0,0.0,0.0,0.0
C,R03,training,21,678,0,0.0,0.0,0.0,0.0
C,R03,training,21,679,0,0.0,0.0,0.0,0.0
C,R03,training,21,680,0,0.0,0.0,0.0,0.0
C,R03,training,21,681,0,0.0,0.0,0.0,0.0
C,R03,training,21,682,0,0.0,0.0,0.0,0.0
C,R03,training,21,683,0,0.0,0.0,0.0,0.0
C,R03,training,21,684,0,0.0,0.0,0.0,0.0
C,R03,training,21,685,0,0.0,0.0,0.0,0.0
C,R03,training,21,686,0,0.0,0.0,0.0,0.0
C,R03,training,21,687,0,0.0,0.0,0.0,0.0
C,R03,training,21,688,0,0.0,0.0,0.0,0.0
C,R03,training,21,689,0,0.0,0.0,0.0,0.0
C,R03,training,21,690,0,0.0,0.0,0.0,0.0
C,R03,training,21,691,0,0.0,0.0,0.0,0.0
C,R03,training,21,692,0,0.0,0.0,0.0,0.0
C,R03,training,21,693,0,0.0,0.0,0.0,0.0
C,R03,training,21,694,0,0.0,0.0,0.0,0.0
C,R03,training,21,695,0,0.0,0.0,0.0,0.0
C,R03,training,21,696,0,0.0,0.0,0.0,0.0
C,R03,training,21,697,0,0.0,0.0,0.0,0.0
C,R03,training,21,698,0,0.0,0.0,0.0,0.0
C,R03,training,21,699,0,0.0,0.0,0.0,0.0
C,R03,training,21,700,0,0.0,0.0,0.0,0.0
C,R03,training,21,701,0,0.0,0.0,0.0,0.0
C,R03,training,21,702,0,0.0,0.0,0.0,0.0
C,R03,training,21,703,0,0.0,0.0,0.0,0.0
C,R03,training,21,704,0,0.0,0.0,0.0,0.0
C,R03,training,21,705,0,0.0,0.0,0.0,0.0
C,R03,training,21,706,0,0.0,0.0,0.0,0.0
C,R03,training,21,707,0,0.0,0.0,0.0,0.0
C,R03,training,21,708,0,0.0,0.0,0.0,0.0
C,R03,training,21,709,0,0.0,0.0,0.0,0.0
C,R03,training,21,710,0,0.0,0.0,0.0,0.0
C,R03,training,21,711,0,0.0,0.0,0.0,0.0
C,R03,training,21,712,0,0.0,0.0,0.0,0.0
P1,R03,training,21,0,0,0.0,0.0,0.028533044456238024,0.017354778976326424
P1,R03,training,21,1,0,0.0,0.0,0.028533044456238024,0.01740339090659738
P1,R03,training,21,2,0,0.0,0.0,0.028533044456238024,0.017452001298104213
P1,R03,training,21,3,0,0.0,0.0,0.028533044456238024,0.017500609378368004
P1,R03,training,21,4,0,0.0,0.0,0.028533044456238024,0.017549214372810033
P1,R03,training,21,5,0,0.0,0.0,0.028533044456238024,0.0175978155047704
P1,R03,training,21,6,0,0.0,0.0,0.028533044456238024,0.017646411995526794
P1,R03,training,21,7,0,0.0,0.0,0.028533044456238024,0.0176950030643134
P1,R03,training,21,8,0,0.0,0.0,0.028533044456238024,0.017743587928339927
P1,R03,training,21,9,0,0.0,0.0,0.028533044456238024,0.017792165802810768
P1,R03,training,21,10,0,0.0,0.0,0.028533044456238024,0.01784073590094431
P1,R03,training,21,11,0,0.0,0.0,0.028533044456238024,0.017889297433992347
P1,R03,training,21,12,0,0.0,0.0,0.028533044456238024,0.017937849611259656
P1,R03,training,21,13,0,0.0,0.0,0.028533044456238024,0.017986391640123674
P1,R03,training,21,14,0,0.0,0.0,0.028533044456238024,0.018034922726054326
P1,R03,training,21,15,0,0.0,0.0,0.028533044456238024,0.018083442072633963
P1,R03,training,21,16,0,0.0,0.0,0.04472071368977606,0.028418758321227915
P1,R03,training,21,17,0,0.0,0.0,0.04472071368977606,0.02849476362250458
P1,R03,training,21,18,0,0.0,0.0,0.04472071368977606,0.028570746762152967
P1,R03,training,21,19,0,0.0,0.0,0.04472071368977606,0.028646706480406226
P1,R03,training,21,20,0,0.0,0.0,0.04472071368977606,0.028722641514698413
P1,R03,training,21,21,0,0.0,0.0,0.04472071368977606,0.02879855059969691
P1,R03,training,21,22,0,0.0,0.0,0.04472071368977606,0.02887443246733513
P1,R03,training,21,23,0,0.0,0.0,0.04472071368977606,0.028950285846845322
P1,R03,training,21,24,0,0.0,0.0,0.04472071368977606,0.029026109464791627
P1,R03,training,21,25,0,0.0,0.0,0.04472071368977606,0.029101902045103323
P1,R03,training,21,26,0,0.0,0.0,0.04472071368977606,0.029177662309108253
P1,R03,training,21,27,0,0.0,0.0,0.04472071368977606,0.029253388975566424
P1,R03,training,21,28,0,0.0,0.0,0.04472071368977606,0.029329080760703816
P1,R03,training,21,29,0,0.0,0.0,0.04472071368977606,0.0294047363782464
P1,R03,training,21,30,0,0.0,0.0,0.04472071368977606,0.02948035453945429
P1,R03,training,21,31,0,0.0,0.0,0.04472071368977606,0.029555933953156123
P1,R03,training,21,32,0,0.0,0.0,0.09022202975970581,0.05978016555746439
P1,R03,training,21,33,0,0.0,0.0,0.09022202975970581,0.05993247945084266
P1,R03,training,21,34,0,0.0,0.0,0.09022202975970581,0.060084707329494995
P1,R03,training,21,35,0,0.0,0.0,0.09022202975970581,0.06023684656962033
P1,R03,training,21,36,0,0.0,0.0,0.09022202975970581,0.0603888945428644
P1,R03,training,21,37,0,0.0,0.0,0.09022202975970581,0.06054084861639126
P1,R03,training,21,38,0,0.0,0.0,0.09022202975970581,0.060692706152955196
P1,R03,training,21,39,0,0.0,0.0,0.09022202975970581,0.06084446451097296
P1,R03,training,21,40,0,0.0,0.0,0.09022202975970581,0.06099612104459634
P1,R03,training,21,41,0,0.0,0.0,0.09022202975970581,0.06114767310378515
P1,R03,training,21,42,0,0.0,0.0,0.09022202975970581,0.06129911803438049
P1,R03,training,21,43,0,0.0,0.0,0.09022202975970581,0.061450453178178405
P1,R03,training,21,44,0,0.0,0.0,0.09022202975970581,0.06160167587300387
P1,R03,training,21,45,0,0.0,0.0,0.09022202975970581,0.061752783452785086
P1,R03,training,21,46,0,0.0,0.0,0.09022202975970581,0.06190377324762817
P1,R03,training,21,47,0,0.0,0.0,0.09022202975970581,0.06205464258389214
P1,R03,training,21,48,0,0.0,0.0,0.1382421825009971,0.09531384664879627
P1,R03,training,21,49,0,0.0,0.0,0.1382421825009971,0.0955446338590762
P1,R03,training,21,50,0,0.0,0.0,0.1382421825009971,0.0957752241740911
P1,R03,training,21,51,0,0.0,0.0,0.1382421825009971,0.0960056134753633
P1,R03,training,21,52,0,0.0,0.0,0.1382421825009971,0.09623579763925577
P1,R03,training,21,53,0,0.0,0.0,0.1382421825009971,0.09646577253709
P1,R03,training,21,54,0,0.0,0.0,0.1382421825009971,0.09669553403526432
P1,R03,training,21,55,0,0.0,0.0,0.1382421825009971,0.09692507799537275
P1,R03,training,21,56,0,0.0,0.0,0.1382421825009971,0.09715440027432444
P1,R03,training,21,57,0,0.0,0.0,0.1382421825009971,0.09738349672446338
P1,R03,training,21,58,0,0.0,0.0,0.1382421825009971,0.09761236319368857
P1,R03,training,21,59,0,0.0,0.0,0.1382421825009971,0.097840995525575
P1,R03,training,21,60,0,0.0,0.0,0.1382421825009971,0.09806938955949451
P1,R03,training,21,61,0,0.0,0.0,0.1382421825009971,0.09829754113073767
P1,R03,training,21,62,0,0.0,0.0,0.1382421825009971,0.09852544607063572
P1,R03,training,21,63,0,0.0,0.0,0.1382421825009971,0.09875310020668308
P1,R03,training,21,64,0,0.0,0.0,0.1884660733953663,0.13494047706790663
P1,R03,training,21,65,0,0.0,0.0,0.1884660733953663,0.13525013785596024
P1,R03,training,21,66,0,0.0,0.0,0.1884660733953663,0.13555943962732475
P1,R03,training,21,67,0,0.0,0.0,0.1884660733953663,0.1358683766743673
P1,R03,training,21,68,0,0.0,0.0,0.1884660733953663,0.13617694328506807
P1,R03,training,21,69,0,0.0,0.0,0.1884660733953663,0.13648513374319096
P1,R03,training,21,70,0,0.0,0.0,0.1884660733953663,0.1367929423284546
P1,R03,training,21,71,0,0.0,0.0,0.1884660733953663,0.1371003633167039
P1,R03,training,21,72,0,0.0,0.0,0.1884660733953663,0.13740739098008217
P1,R03,training,21,73,0,0.0,0.0,0.1884660733953663,0.13771401958720386
P1,R03,training,21,74,0,0.0,0.0,0.1884660733953663,0.1380202434033277
P1,R03,training,21,75,0,0.0,0.0,0.1884660733953663,0.1383260566905303
P1,R03,training,21,76,0,0.0,0.0,0.1884660733953663,0.1386314537078807
P1,R03,training,21,77,0,0.0,0.0,0.1884660733953663,0.13893642871161463
P1,R03,training,21,78,0,0.0,0.0,0.1884660733953663,0.13924097595531024
P1,R03,training,21,79,0,0.0,0.0,0.1884660733953663,0.13954508969006335
P1,R03,training,21,80,0,0.0,0.0,0.24045338584334186,0.178425263728274
P1,R03,training,21,81,0,0.0,0.0,0.24045338584334186,0.17881213734057744
P1,R03,training,21,82,0,0.0,0.0,0.24045338584334186,0.1791984358420498
P1,R03,training,21,83,0,0.0,0.0,0.24045338584334186,0.1795841518875709
P1,R03,training,21,84,0,0.0,0.0,0.24045338584334186,0.1799692781299838
P1,R03,training,21,85,0,0.0,0.0,0.24045338584334186,0.18035380722032257
P1,R03,training,21,86,0,0.0,0.0,0.24045338584334186,0.18073773180804048
P1,R03,training,21,87,0,0.0,0.0,0.24045338584334186,0.18112104454123906
P1,R03,training,21,88,0,0.0,0.0,0.24045338584334186,0.18150373806689737
P1,R03,training,21,89,0,0.0,0.0,0.24045338584334186,0.181885805031102
P1,R03,training,21,90,0,0.0,0.0,0.24045338584334186,0.18226723807927742
P1,R03,training,21,91,0,0.0,0.0,0.24045338584334186,0.18264802985641712
P1,R03,training,21,92,0,0.0,0.0,0.24045338584334186,0.18302817300731503
P1,R03,training,21,93,0,0.0,0.0,0.24045338584334186,0.18340766017679738
P1,R03,training,21,94,0,0.0,0.0,0.24045338584334186,0.1837864840099552
P1,R03,training,21,95,0,0.0,0.0,0.24045338584334186,0.18416463715237744
P1,R03,training,21,96,0,0.0,0.0,0.26522559844549326,0.20355418156553595
P1,R03,training,21,97,0,0.0,0.0,0.26522559844549326,0.20396978924580372
P1,R03,training,21,98,0,0.0,0.0,0.26522559844549326,0.2043846328084288
P1,R03,training,21,99,0,0.0,0.0,0.26522559844549326,0.20479870414610246
P1,R03,training,21,100,0,0.0,0.0,0.26522559844549326,0.2052119951533568
P1,R03,training,21,101,0,0.0,0.0,0.26522559844549326,0.20562449772682498
P1,R03,training,21,102,0,0.0,0.0,0.26522559844549326,0.20603620376550102
P1,R03,training,21,103,0,0.0,0.0,0.26522559844549326,0.206447105171001
P1,R03,training,21,104,0,0.0,0.0,0.26522559844549326,0.20685719384782372
P1,R03,training,21,105,0,0.0,0.0,0.26522559844549326,0.20726646170361238
P1,R03,training,21,106,0,0.0,0.0,0.26522559844549326,0.20767490064941654
P1,R03,training,21,107,0,0.0,0.0,0.26522559844549326,0.20808250259995437
P1,R03,training,21,108,0,0.0,0.0,0.26522559844549326,0.20848925947387525
P1,R03,training,21,109,0,0.0,0.0,0.26522559844549326,0.20889516319402288
P1,R03,training,21,110,0,0.0,0.0,0.26522559844549326,0.20930020568769855
P1,R03,training,21,111,0,0.0,0.0,0.26522559844549326,0.20970437888692509
P1,R03,training,21,112,0,0.0,0.499775349472141,0.2745672179924988,0.21750796328579328
P1,R03,training,21,113,0,0.0,0.499775349472141,0.2745672179924988,0.21792454717502177
P1,R03,training,21,114,0,0.0,0.499775349472141,0.2745672179924988,0.2183402061276574
P1,R03,training,21,115,0,0.0,0.499775349472141,0.2745672179924988,0.21875493181384467
P1,R03,training,21,116,0,0.0,0.499775349472141,0.2745672179924988,0.21916871590998543
P1,R03,training,21,117,0,0.0,0.499775349472141,0.2745672179924988,0.21958155009901403
P1,R03,training,21,118,0,0.0,0.499775349472141,0.2745672179924988,0.21999342607067207
P1,R03,training,21,119,0,0.0,0.499775349472141,0.2745672179924988,0.220404335521784
P1,R03,training,21,120,0,0.0,0.499775349472141,0.2745672179924988,0.22081427015653277
P1,R03,training,21,121,0,0.0,0.499775349472141,0.2745672179924988,0.22122322168673533
P1,R03,training,21,122,0,0.0,0.499775349472141,0.2745672179924988,0.221631181832119
P1,R03,training,21,123,0,0.0,0.499775349472141,0.2745672179924988,0.22203814232059743
P1,R03,training,21,124,0,0.0,0.499775349472141,0.2745672179924988,0.22244409488854727
P1,R03,training,21,125,0,0.0,0.499775349472141,0.2745672179924988,0.22284903128108452
P1,R03,training,21,126,0,0.0,0.499775349472141,0.2745672179924988,0.2232529432523415
P1,R03,training,21,127,0,0.0,0.499775349472141,0.2745672179924988,0.2236558225657435
P1,R03,training,21,128,0,0.0,0.24997342404065068,0.2814952640851339,0.22971121939840278
P1,R03,training,21,129,0,0.0,0.24997342404065068,0.2814952640851339,0.23012212168359852
P1,R03,training,21,130,0,0.0,0.24997342404065068,0.2814952640851339,0.2305319399810837
P1,R03,training,21,131,0,0.0,0.24997342404065068,0.2814952640851339,0.2309406658874055
P1,R03,training,21,132,0,0.0,0.24997342404065068,0.2814952640851339,0.23134829101005971
P1,R03,training,21,133,0,0.0,0.24997342404065068,0.2814952640851339,0.23175480696777567
P1,R03,training,21,134,0,0.0,0.24997342404065068,0.2814952640851339,0.23216020539080076
P1,R03,training,21,135,0,0.0,0.24997342404065068,0.2814952640851339,0.23256447792118481
P1,R03,training,21,136,0,0.0,0.24997342404065068,0.2814952640851339,0.23296761621306505
P1,R03,training,21,137,0,0.0,0.24997342404065068,0.2814952640851339,0.2333696119329507
P1,R03,training,21,138,0,0.0,0.24997342404065068,0.2814952640851339,0.23377045676000757
P1,R03,training,21,139,0,0.0,0.24997342404065068,0.2814952640851339,0.23417014238634284
P1,R03,training,21,140,0,0.0,0.24997342404065068,0.2814952640851339,0.23456866051728972
P1,R03,training,21,141,0,0.0,0.24997342404065068,0.2814952640851339,0.23496600287169206
P1,R03,training,21,142,0,0.0,0.24997342404065068,0.2814952640851339,0.23536216118218892
P1,R03,training,21,143,0,0.0,0.24997342404065068,0.2814952640851339,0.23575712719549907
P1,R03,training,21,144,0,1.0,0.7500426410027985,0.28581315362398135,0.23977323947265938
P1,R03,training,21,145,0,1.0,0.7500426410027985,0.28581315362398135,0.24017181766394552
P1,R03,training,21,146,0,1.0,0.7500426410027985,0.28581315362398135,0.2405691602182798
P1,R03,training,21,147,0,1.0,0.7500426410027985,0.28581315362398135,0.24096525881585287
P1,R03,training,21,148,0,1.0,0.7500426410027985,0.28581315362398135,0.24136010515259412
P1,R03,training,21,149,0,1.0,0.7500426410027985,0.28581315362398135,0.24175369094045984
P1,R03,training,21,150,0,1.0,0.7500426410027985,0.28581315362398135,0.2421460079077213
P1,R03,training,21,151,0,1.0,0.7500426410027985,0.28581315362398135,0.24253704779925264
P1,R03,training,21,152,0,1.0,0.7500426410027985,0.28581315362398135,0.2429268023768186
P1,R03,training,21,153,0,1.0,0.7500426410027985,0.28581315362398135,0.24331526341936197
P1,R03,training,21,154,0,1.0,0.7500426410027985,0.28581315362398135,0.24370242272329082
P1,R03,training,21,155,0,1.0,0.7500426410027985,0.28581315362398135,0.24408827210276574
P1,R03,training,21,156,0,1.0,0.7500426410027985,0.28581315362398135,0.24447280338998642
P1,R03,training,21,157,0,1.0,0.7500426410027985,0.28581315362398135,0.24485600843547836
P1,R03,training,21,158,0,1.0,0.7500426410027985,0.28581315362398135,0.2452378791083791
P1,R03,training,21,159,0,1.0,0.7500426410027985,0.28581315362398135,0.24561840729672427
P1,R03,training,21,160,0,0.0,0.7497136189065049,0.28739655085217813,0.2473604049499431
P1,R03,training,21,161,0,0.0,0.7497136189065049,0.28739655085217813,0.24774031701724133
P1,R03,training,21,162,0,0.0,0.7497136189065049,0.28739655085217813,0.2481188548088296
P1,R03,training,21,163,0,0.0,0.7497136189065049,0.28739655085217813,0.24849601024668394
P1,R03,training,21,164,0,0.0,0.7497136189065049,0.28739655085217813,0.2488717752732163
P1,R03,training,21,165,0,0.0,0.7497136189065049,0.28739655085217813,0.24924614185155994
P1,R03,training,21,166,0,0.0,0.7497136189065049,0.28739655085217813,0.2496191019658548
P1,R03,training,21,167,0,0.0,0.7497136189065049,0.28739655085217813,0.24999064762153222
P1,R03,training,21,168,0,0.0,0.7497136189065049,0.28739655085217813,0.25036077084559927
P1,R03,training,21,169,0,0.0,0.7497136189065049,0.28739655085217813,0.25072946368692256
P1,R03,training,21,170,0,0.0,0.7497136189065049,0.28739655085217813,0.25109671821651214
P1,R03,training,21,171,0,0.0,0.7497136189065049,0.28739655085217813,0.25146252652780415
P1,R03,training,21,172,0,0.0,0.7497136189065049,0.28739655085217813,0.2518268807369436
P1,R03,training,21,173,0,0.0,0.7497136189065049,0.28739655085217813,0.2521897729830662
P1,R03,training,21,174,0,0.0,0.7497136189065049,0.28739655085217813,0.25255119542858057
P1,R03,training,21,175,0,0.0,0.7497136189065049,0.28739655085217813,0.25291114025944844
P1,R03,training,21,176,0,1.0,0.7501309779908645,0.28619931360676587,0.252214528575618
P1,R03,training,21,177,0,1.0,0.7501309779908645,0.28619931360676587,0.25257000777980815
P1,R03,training,21,178,0,1.0,0.7501309779908645,0.28619931360676587,0.2529239923238674
P1,R03,training,21,179,0,1.0,0.7501309779908645,0.28619931360676587,0.25327647452291974
P1,R03,training,21,180,0,1.0,0.7501309779908645,0.28619931360676587,0.2536274467169358
P1,R03,training,21,181,0,1.0,0.7501309779908645,0.28619931360676587,0.2539769012710099
P1,R03,training,21,182,0,1.0,0.7501309779908645,0.28619931360676587,0.25432483057563554
P1,R03,training,21,183,0,1.0,0.7501309779908645,0.28619931360676587,0.254671227046981
P1,R03,training,21,184,0,1.0,0.7501309779908645,0.28619931360676587,0.2550160831271639
P1,R03,training,21,185,0,1.0,0.7501309779908645,0.28619931360676587,0.2553593912845254
P1,R03,training,21,186,0,1.0,0.7501309779908645,0.28619931360676587,0.2557011440139033
P1,R03,training,21,187,0,1.0,0.7501309779908645,0.28619931360676587,0.2560413338369052
P1,R03,training,21,188,0,1.0,0.7501309779908645,0.28619931360676587,0.25637995330217994
P1,R03,training,21,189,0,1.0,0.7501309779908645,0.28619931360676587,0.2567169949856894
P1,R03,training,21,190,0,1.0,0.7501309779908645,0.28619931360676587,0.2570524514909788
P1,R03,training,21,191,0,1.0,0.7501309779908645,0.28619931360676587,0.2573863154494467
P1,R03,training,21,192,0,1.0,0.7500996388126474,0.2822557268842464,0.25416743344854315
P1,R03,training,21,193,0,1.0,0.7500996388126474,0.2822557268842464,0.2544935341457005
P1,R03,training,21,194,0,1.0,0.7500996388126474,0.2822557268842464,0.25481804260625945
P1,R03,training,21,195,0,1.0,0.7500996388126474,0.2822557268842464,0.25514095167567624
P1,R03,training,21,196,0,1.0,0.7500996388126474,0.2822557268842464,0.25546225422819596
P1,R03,training,21,197,0,1.0,0.7500996388126474,0.2822557268842464,0.25578194316711395
P1,R03,training,21,198,0,1.0,0.7500996388126474,0.2822557268842464,0.25610001142503697
P1,R03,training,21,199,0,1.0,0.7500996388126474,0.2822557268842464,0.2564164519641426
P1,R03,training,21,200,0,1.0,0.7500996388126474,0.2822557268842464,0.25673125777643835
P1,R03,training,21,201,0,1.0,0.7500996388126474,0.2822557268842464,0.2570444218840202
P1,R03,training,21,202,0,1.0,0.7500996388126474,0.2822557268842464,0.2573559373393296
P1,R03,training,21,203,0,1.0,0.7500996388126474,0.2822557268842464,0.25766579722540967
P1,R03,training,21,204,0,1.0,0.7500996388126474,0.2822557268842464,0.25797399465616133
P1,R03,training,21,205,0,1.0,0.7500996388126474,0.2822557268842464,0.25828052277659747
P1,R03,training,21,206,0,1.0,0.7500996388126474,0.2822557268842464,0.2585853747630967
P1,R03,training,21,207,0,1.0,0.7500996388126474,0.2822557268842464,0.2588885438236562
P1,R03,training,21,208,0,1.0,0.2506601398084189,0.2756788728603696,0.2531506242253161
P1,R03,training,21,209,0,1.0,0.2506601398084189,0.2756788728603696,0.2534434219288003
P1,R03,training,21,210,0,1.0,0.2506601398084189,0.2756788728603696,0.25373455620680124
P1,R03,training,21,211,0,1.0,0.2506601398084189,0.2756788728603696,0.25402402055155404
P1,R03,training,21,212,0,1.0,0.2506601398084189,0.2756788728603696,0.254311808487396
P1,R03,training,21,213,0,1.0,0.2506601398084189,0.2756788728603696,0.2545979135710073
P1,R03,training,21,214,0,1.0,0.2506601398084189,0.2756788728603696,0.2548823293916517
P1,R03,training,21,215,0,1.0,0.2506601398084189,0.2756788728603696,0.2551650495714149
P1,R03,training,21,216,0,1.0,0.2506601398084189,0.2756788728603696,0.25544606776544343
P1,R03,training,21,217,0,1.0,0.2506601398084189,0.2756788728603696,0.25572537766218095
P1,R03,training,21,218,0,1.0,0.2506601398084189,0.2756788728603696,0.25600297298360475
P1,R03,training,21,219,0,1.0,0.2506601398084189,0.2756788728603696,0.2562788474854604
P1,R03,training,21,220,0,1.0,0.2506601398084189,0.2756788728603696,0.2565529949574957
P1,R03,training,21,221,0,1.0,0.2506601398084189,0.2756788728603696,0.25682540922369335
P1,R03,training,21,222,0,1.0,0.2506601398084189,0.2756788728603696,0.2570960841425027
P1,R03,training,21,223,0,1.0,0.2506601398084189,0.2756788728603696,0.2573650136070702
P1,R03,training,21,224,0,0.0,0.0,0.2666552454289529,0.2491992750628802
P1,R03,training,21,225,0,0.0,0.0,0.2666552454289529,0.24945600759600897
P1,R03,training,21,226,0,0.0,0.0,0.2666552454289529,0.24971103429047595
P1,R03,training,21,227,0,0.0,0.0,0.2666552454289529,0.24996434937577305
P1,R03,training,21,228,0,0.0,0.0,0.2666552454289529,0.25021594711605216
P1,R03,training,21,229,0,0.0,0.0,0.2666552454289529,0.2504658218103411
P1,R03,training,21,230,0,0.0,0.0,0.2666552454289529,0.250713967792759
P1,R03,training,21,231,0,0.0,0.0,0.2666552454289529,0.25096037943273003
P1,R03,training,21,232,0,0.0,0.0,0.2666552454289529,0.2512050511351965
P1,R03,training,21,233,0,0.0,0.0,0.2666552454289529,0.25144797734083
P1,R03,training,21,234,0,0.0,0.0,0.2666552454289529,0.2516891525262423
P1,R03,training,21,235,0,0.0,0.0,0.2666552454289529,0.25192857120419404
P1,R03,training,21,236,0,0.0,0.0,0.2666552454289529,0.25216622792380294
P1,R03,training,21,237,0,0.0,0.0,0.2666552454289529,0.2524021172707505
P1,R03,training,21,238,0,0.0,0.0,0.2666552454289529,0.25263623386748735
P1,R03,training,21,239,0,0.0,0.0,0.2666552454289529,0.25286857237343746
P1,R03,training,21,240,0,0.0,0.0,0.22896462093471645,0.21732460462322625
P1,R03,training,21,241,0,0.0,0.0,0.22896462093471645,0.21752103587579258
P1,R03,training,21,242,0,0.0,0.0,0.22896462093471645,0.21771592679850543
P1,R03,training,21,243,0,0.0,0.0,0.22896462093471645,0.21790927293437815
P1,R03,training,21,244,0,0.0,0.0,0.22896462093471645,0.21810106985903144
P1,R03,training,21,245,0,0.0,0.0,0.22896462093471645,0.2182913131808623
P1,R03,training,21,246,0,0.0,0.0,0.22896462093471645,0.21847999854121125
P1,R03,training,21,247,0,0.0,0.0,0.22896462093471645,0.21866712161452898
P1,R03,training,21,248,0,0.0,0.0,0.22896462093471645,0.21885267810854125
P1,R03,training,21,249,0,0.0,0.0,0.22896462093471645,0.21903666376441316
P1,R03,training,21,250,0,0.0,0.0,0.22896462093471645,0.21921907435691193
P1,R03,training,21,251,0,0.0,0.0,0.22896462093471645,0.2193999056945685
P1,R03,training,21,252,0,0.0,0.0,0.22896462093471645,0.21957915361983799
P1,R03,training,21,253,0,0.0,0.0,0.22896462093471645,0.21975681400925906
P1,R03,training,21,254,0,0.0,0.0,0.22896462093471645,0.21993288277361195
P1,R03,training,21,255,0,0.0,0.0,0.22896462093471645,0.2201073558580751
P1,R03,training,21,256,0,0.0,0.0,0.2047707136577672,0.19700397189101113
P1,R03,training,21,257,0,0.0,0.0,0.2047707136577672,0.19715714410715918
P1,R03,training,21,258,0,0.0,0.0,0.2047707136577672,0.19730887856032636
P1,R03,training,21,259,0,0.0,0.0,0.2047707136577672,0.19745917174858493
P1,R03,training,21,260,0,0.0,0.0,0.2047707136577672,0.19760802020145535
P1,R03,training,21,261,0,0.0,0.0,0.2047707136577672,0.19775542048003977
P1,R03,training,21,262,0,0.0,0.0,0.2047707136577672,0.19790136917715434
P1,R03,training,21,263,0,0.0,0.0,0.2047707136577672,0.19804586291746057
P1,R03,training,21,264,0,0.0,0.0,0.2047707136577672,0.19818889835759532
P1,R03,training,21,265,0,0.0,0.0,0.2047707136577672,0.19833047218629973
P1,R03,training,21,266,0,0.0,0.0,0.2047707136577672,0.198470581124547
P1,R03,training,21,267,0,0.0,0.0,0.2047707136577672,0.1986092219256688
P1,R03,training,21,268,0,0.0,0.0,0.2047707136577672,0.19874639137548084
P1,R03,training,21,269,0,0.0,0.0,0.2047707136577672,0.19888208629240692
P1,R03,training,21,270,0,0.0,0.0,0.2047707136577672,0.19901630352760177
P1,R03,training,21,271,0,0.0,0.0,0.2047707136577672,0.19914903996507316
P1,R03,training,21,272,0,0.0,0.0,0.15366724248756927,0.1495470347635815
P1,R03,training,21,273,0,0.0,0.0,0.15366724248756927,0.14964441551481375
P1,R03,training,21,274,0,0.0,0.0,0.15366724248756927,0.1497406781564205
P1,R03,training,21,275,0,0.0,0.0,0.15366724248756927,0.14983582044956129
P1,R03,training,21,276,0,0.0,0.0,0.15366724248756927,0.14992984018049266
P1,R03,training,21,277,0,0.0,0.0,0.15366724248756927,0.1500227351606541
P1,R03,training,21,278,0,0.0,0.0,0.15366724248756927,0.15011450322675285
P1,R03,training,21,279,0,0.0,0.0,0.15366724248756927,0.1502051422408479
P1,R03,training,21,280,0,0.0,0.0,0.15366724248756927,0.15029465009043302
P1,R03,training,21,281,0,0.0,0.0,0.15366724248756927,0.15038302468851877
P1,R03,training,21,282,0,0.0,0.0,0.15366724248756927,0.15047026397371357
P1,R03,training,21,283,0,0.0,0.0,0.15366724248756927,0.1505563659103039
P1,R03,training,21,284,0,0.0,0.0,0.15366724248756927,0.15064132848833345
P1,R03,training,21,285,0,0.0,0.0,0.15366724248756927,0.15072514972368123
P1,R03,training,21,286,0,0.0,0.0,0.15366724248756927,0.1508078276581389
P1,R03,training,21,287,0,0.0,0.0,0.15366724248756927,0.15088936035948697
P1,R03,training,21,288,0,0.0,0.0,0.10466201103060432,0.10282475924697537
P1,R03,training,21,289,0,0.0,0.0,0.10466201103060432,0.10287872687066939
P1,R03,training,21,290,0,0.0,0.0,0.10466201103060432,0.10293191064030434
P1,R03,training,21,291,0,0.0,0.0,0.10466201103060432,0.10298430931116422
P1,R03,training,21,292,0,0.0,0.0,0.10466201103060432,0.10303592165648347
P1,R03,training,21,293,0,0.0,0.0,0.10466201103060432,0.1030867464674948
P1,R03,training,21,294,0,0.0,0.0,0.10466201103060432,0.10313678255347633
P1,R03,training,21,295,0,0.0,0.0,0.10466201103060432,0.10318602874179819
P1,R03,training,21,296,0,0.0,0.0,0.10466201103060432,0.1032344838779682
P1,R03,training,21,297,0,0.0,0.0,0.10466201103060432,0.10328214682567705
P1,R03,training,21,298,0,0.0,0.0,0.10466201103060432,0.10332901646684267
P1,R03,training,21,299,0,0.0,0.0,0.10466201103060432,0.10337509170165399
P1,R03,training,21,300,0,0.0,0.0,0.10466201103060432,0.10342037144861391
P1,R03,training,21,301,0,0.0,0.0,0.10466201103060432,0.1034648546445816
P1,R03,training,21,302,0,0.0,0.0,0.10466201103060432,0.10350854024481417
P1,R03,training,21,303,0,0.0,0.0,0.10466201103060432,0.10355142722300746
P1,R03,training,21,304,0,0.0,0.0,0.05809620489490962,0.05750309963526609
P1,R03,training,21,305,0,0.0,0.0,0.05809620489490962,0.05752601723691513
P1,R03,training,21,306,0,0.0,0.0,0.05809620489490962,0.057548489888846366
P1,R03,training,21,307,0,0.0,0.0,0.05809620489490962,0.0575705170625342
P1,R03,training,21,308,0,0.0,0.0,0.05809620489490962,0.0575920982397957
P1,R03,training,21,309,0,0.0,0.0,0.05809620489490962,0.05761323291281086
P1,R03,training,21,310,0,0.0,0.0,0.05809620489490962,0.057633920584142566
P1,R03,training,21,311,0,0.0,0.0,0.05809620489490962,0.05765416076675605
P1,R03,training,21,312,0,0.0,0.0,0.05809620489490962,0.05767395298403807
P1,R03,training,21,313,0,0.0,0.0,0.05809620489490962,0.05769329676981555
P1,R03,training,21,314,0,0.0,0.0,0.05809620489490962,0.057712191668373936
P1,R03,training,21,315,0,0.0,0.0,0.05809620489490962,0.05773063723447504
P1,R03,training,21,316,0,0.0,0.0,0.05809620489490962,0.05774863303337454
P1,R03,training,21,317,0,0.0,0.0,0.05809620489490962,0.0577661786408391
P1,R03,training,21,318,0,0.0,0.0,0.05809620489490962,0.05778327364316296
P1,R03,training,21,319,0,0.0,0.0,0.05809620489490962,0.05779991763718429
P1,R03,training,21,320,0,0.0,0.0,0.014310623603413907,0.014241628919065934
P1,R03,training,21,321,0,0.0,0.0,0.014310623603413907,0.014245506294708239
P1,R03,training,21,322,0,0.0,0.0,0.014310623603413907,0.014249272292834757
P1,R03,training,21,323,0,0.0,0.0,0.014310623603413907,0.01425292682456307
P1,R03,training,21,324,0,0.0,0.0,0.014310623603413907,0.014256469803626496
P1,R03,training,21,325,0,0.0,0.0,0.014310623603413907,0.01425990114637748
P1,R03,training,21,326,0,0.0,0.0,0.014310623603413907,0.014263220771790885
P1,R03,training,21,327,0,0.0,0.0,0.014310623603413907,0.014266428601467188
P1,R03,training,21,328,0,0.0,0.0,0.014310623603413907,0.01426952455963555
P1,R03,training,21,329,0,0.0,0.0,0.014310623603413907,0.014272508573156819
P1,R03,training,21,330,0,0.0,0.0,0.014310623603413907,0.014275380571526396
P1,R03,training,21,331,0,0.0,0.0,0.014310623603413907,0.014278140486877016
P1,R03,training,21,332,0,0.0,0.0,0.014310623603413907,0.01428078825398142
P1,R03,training,21,333,0,0.0,0.0,0.014310623603413907,0.014283323810254921
P1,R03,training,21,334,0,0.0,0.0,0.014310623603413907,0.014285747095757882
P1,R03,training,21,335,0,0.0,0.0,0.014310623603413907,0.014288058053198058
P1,R03,training,21,336,0,0.0,0.0,0.0,0.0
P1,R03,training,21,337,0,0.0,0.0,0.0,0.0
P1,R03,training,21,338,0,0.0,0.0,0.0,0.0
P1,R03,training,21,339,0,0.0,0.0,0.0,0.0
P1,R03,training,21,340,0,0.0,0.0,0.0,0.0
P1,R03,training,21,341,0,0.0,0.0,0.0,0.0
P1,R03,training,21,342,0,0.0,0.0,0.0,0.0
P1,R03,training,21,343,0,0.0,0.0,0.0,0.0
P1,R03,training,21,344,0,0.0,0.0,0.0,0.0
P1,R03,training,21,345,0,0.0,0.0,0.0,0.0
P1,R03,training,21,346,0,0.0,0.0,0.0,0.0
P1,R03,training,21,347,0,0.0,0.0,0.0,0.0
P1,R03,training,21,348,0,0.0,0.0,0.0,0.0
P1,R03,training,21,349,0,0.0,0.0,0.0,0.0
P1,R03,training,21,350,0,0.0,0.0,0.0,0.0
P1,R03,training,21,351,0,0.0,0.0,0.0,0.0
P1,R03,training,21,352,0,0.0,0.0,0.0,0.0
P1,R03,training,21,353,0,0.0,0.0,0.0,0.0
P1,R03,training,21,354,0,0.0,0.0,0.0,0.0
P1,R03,training,21,355,0,0.0,0.0,0.0,0.0
P1,R03,training,21,356,0,0.0,0.0,0.0,0.0
P1,R03,training,21,357,0,0.0,0.0,0.0,0.0
P1,R03,training,21,358,0,0.0,0.0,0.0,0.0
P1,R03,training,21,359,0,0.0,0.0,0.0,0.0
P1,R03,training,21,360,0,0.0,0.0,0.0,0.0
P1,R03,training,21,361,0,0.0,0.0,0.0,0.0
P1,R03,training,21,362,0,0.0,0.0,0.0,0.0
P1,R03,training,21,363,0,0.0,0.0,0.0,0.0
P1,R03,training,21,364,0,0.0,0.0,0.0,0.0
P1,R03,training,21,365,0,0.0,0.0,0.0,0.0
P1,R03,training,21,366,0,0.0,0.0,0.0,0.0
P1,R03,training,21,367,0,0.0,0.0,0.0,0.0
P1,R03,training,21,368,0,0.0,0.0,0.0,0.0
P1,R03,training,21,369,0,0.0,0.0,0.0,0.0
P1,R03,training,21,370,0,0.0,0.0,0.0,0.0
P1,R03,training,21,371,0,0.0,0.0,0.0,0.0
P1,R03,training,21,372,0,0.0,0.0,0.0,0.0
P1,R03,training,21,373,0,0.0,0.0,0.0,0.0
P1,R03,training,21,374,0,0.0,0.0,0.0,0.0
P1,R03,training,21,375,0,0.0,0.0,0.0,0.0
P1,R03,training,21,376,0,0.0,0.0,0.0,0.0
P1,R03,training,21,377,0,0.0,0.0,0.0,0.0
P1,R03,training,21,378,0,0.0,0.0,0.0,0.0
P1,R03,training,21,379,0,0.0,0.0,0.0,0.0
P1,R03,training,21,380,0,0.0,0.0,0.0,0.0
P1,R03,training,21,381,0,0.0,0.0,0.0,0.0
P1,R03,training,21,382,0,0.0,0.0,0.0,0.0
P1,R03,training,21,383,0,0.0,0.0,0.0,0.0
P1,R03,training,21,384,0,0.0,0.0,0.0,0.0
P1,R03,training,21,385,0,0.0,0.0,0.0,0.0
P1,R03,training,21,386,0,0.0,0.0,0.0,0.0
P1,R03,training,21,387,0,0.0,0.0,0.0,0.0
P1,R03,training,21,388,0,0.0,0.0,0.0,0.0
P1,R03,training,21,389,0,0.0,0.0,0.0,0.0
P1,R03,training,21,390,0,0.0,0.0,0.0,0.0
P1,R03,training,21,391,0,0.0,0.0,0.0,0.0
P1,R03,training,21,392,0,0.0,0.0,0.0,0.0
P1,R03,training,21,393,0,0.0,0.0,0.0,0.0
P1,R03,training,21,394,0,0.0,0.0,0.0,0.0
P1,R03,training,21,395,0,0.0,0.0,0.0,0.0
P1,R03,training,21,396,0,0.0,0.0,0.0,0.0
P1,R03,training,21,397,0,0.0,0.0,0.0,0.0
P1,R03,training,21,398,0,0.0,0.0,0.0,0.0
P1,R03,training,21,399,0,0.0,0.0,0.0,0.0
P1,R03,training,21,400,0,0.0,0.0,0.0,0.0
P1,R03,training,21,401,0,0.0,0.0,0.0,0.0
P1,R03,training,21,402,0,0.0,0.0,0.0,0.0
P1,R03,training,21,403,0,0.0,0.0,0.0,0.0
P1,R03,training,21,404,0,0.0,0.0,0.0,0.0
P1,R03,training,21,405,0,0.0,0.0,0.0,0.0
P1,R03,training,21,406,0,0.0,0.0,0.0,0.0
P1,R03,training,21,407,0,0.0,0.0,0.0,0.0
P1,R03,training,21,408,0,0.0,0.0,0.0,0.0
P1,R03,training,21,409,0,0.0,0.0,0.0,0.0
P1,R03,training,21,410,0,0.0,0.0,0.0,0.0
P1,R03,training,21,411,0,0.0,0.0,0.0,0.0
P1,R03,training,21,412,0,0.0,0.0,0.0,0.0
P1,R03,training,21,413,0,0.0,0.0,0.0,0.0
P1,R03,training,21,414,0,0.0,0.0,0.0,0.0
P1,R03,training,21,415,0,0.0,0.0,0.0,0.0
P1,R03,training,21,416,0,0.0,0.0,0.0,0.0
P1,R03,training,21,417,0,0.0,0.0,0.0,0.0
P1,R03,training,21,418,0,0.0,0.0,0.0,0.0
P1,R03,training,21,419,0,0.0,0.0,0.0,0.0
P1,R03,training,21,420,0,0.0,0.0,0.0,0.0
P1,R03,training,21,421,0,0.0,0.0,0.0,0.0
P1,R03,training,21,422,0,0.0,0.0,0.0,0.0
P1,R03,training,21,423,0,0.0,0.0,0.0,0.0
P1,R03,training,21,424,0,0.0,0.0,0.0,0.0
P1,R03,training,21,425,0,0.0,0.0,0.0,0.0
P1,R03,training,21,426,0,0.0,0.0,0.0,0.0
P1,R03,training,21,427,0,0.0,0.0,0.0,0.0
P1,R03,training,21,428,0,0.0,0.0,0.0,0.0
P1,R03,training,21,429,0,0.0,0.0,0.0,0.0
P1,R03,training,21,430,0,0.0,0.0,0.0,0.0
P1,R03,training,21,431,0,0.0,0.0,0.0,0.0
P1,R03,training,21,432,0,0.0,0.0,0.0,0.0
P1,R03,training,21,433,0,0.0,0.0,0.0,0.0
P1,R03,training,21,434,0,0.0,0.0,0.0,0.0
P1,R03,training,21,435,0,0.0,0.0,0.0,0.0
P1,R03,training,21,436,0,0.0,0.0,0.0,0.0
P1,R03,training,21,437,0,0.0,0.0,0.0,0.0
P1,R03,training,21,438,0,0.0,0.0,0.0,0.0
P1,R03,training,21,439,0,0.0,0.0,0.0,0.0
P1,R03,training,21,440,0,0.0,0.0,0.0,0.0
P1,R03,training,21,441,0,0.0,0.0,0.0,0.0
P1,R03,training,21,442,0,0.0,0.0,0.0,0.0
P1,R03,training,21,443,0,0.0,0.0,0.0,0.0
P1,R03,training,21,444,0,0.0,0.0,0.0,0.0
P1,R03,training,21,445,0,0.0,0.0,0.0,0.0
P1,R03,training,21,446,0,0.0,0.0,0.0,0.0
P1,R03,training,21,447,0,0.0,0.0,0.0,0.0
P1,R03,training,21,448,0,0.0,0.0,0.0,0.0
P1,R03,training,21,449,0,0.0,0.0,0.0,0.0
P1,R03,training,21,450,0,0.0,0.0,0.0,0.0
P1,R03,training,21,451,0,0.0,0.0,0.0,0.0
P1,R03,training,21,452,0,0.0,0.0,0.0,0.0
P1,R03,training,21,453,0,0.0,0.0,0.0,0.0
P1,R03,training,21,454,0,0.0,0.0,0.0,0.0
P1,R03,training,21,455,0,0.0,0.0,0.0,0.0
P1,R03,training,21,456,0,0.0,0.0,0.0,0.0
P1,R03,training,21,457,0,0.0,0.0,0.0,0.0
P1,R03,training,21,458,0,0.0,0.0,0.0,0.0
P1,R03,training,21,459,0,0.0,0.0,0.0,0.0
P1,R03,training,21,460,0,0.0,0.0,0.0,0.0
P1,R03,training,21,461,0,0.0,0.0,0.0,0.0
P1,R03,training,21,462,0,0.0,0.0,0.0,0.0
P1,R03,training,21,463,0,0.0,0.0,0.0,0.0
P1,R03,training,21,464,0,0.0,0.0,0.0,0.0
P1,R03,training,21,465,0,0.0,0.0,0.0,0.0
P1,R03,training,21,466,0,0.0,0.0,0.0,0.0
P1,R03,training,21,467,0,0.0,0.0,0.0,0.0
P1,R03,training,21,468,0,0.0,0.0,0.0,0.0
P1,R03,training,21,469,0,0.0,0.0,0.0,0.0
P1,R03,training,21,470,0,0.0,0.0,0.0,0.0
P1,R03,training,21,471,0,0.0,0.0,0.0,0.0
P1,R03,training,21,472,0,0.0,0.0,0.0,0.0
P1,R03,training,21,473,0,0.0,0.0,0.0,0.0
P1,R03,training,21,474,0,0.0,0.0,0.0,0.0
P1,R03,training,21,475,0,0.0,0.0,0.0,0.0
P1,R03,training,21,476,0,0.0,0.0,0.0,0.0
P1,R03,training,21,477,0,0.0,0.0,0.0,0.0
P1,R03,training,21,478,0,0.0,0.0,0.0,0.0
P1,R03,training,21,479,0,0.0,0.0,0.0,0.0
P1,R03,training,21,480,0,0.0,0.0,0.0,0.0
P1,R03,training,21,481,0,0.0,0.0,0.0,0.0
P1,R03,training,21,482,0,0.0,0.0,0.0,0.0
P1,R03,training,21,483,0,0.0,0.0,0.0,0.0
P1,R03,training,21,484,0,0.0,0.0,0.0,0.0
P1,R03,training,21,485,0,0.0,0.0,0.0,0.0
P1,R03,training,21,486,0,0.0,0.0,0.0,0.0
P1,R03,training,21,487,0,0.0,0.0,0.0,0.0
P1,R03,training,21,488,0,0.0,0.0,0.0,0.0
P1,R03,training,21,489,0,0.0,0.0,0.0,0.0
P1,R03,training,21,490,0,0.0,0.0,0.0,0.0
P1,R03,training,21,491,0,0.0,0.0,0.0,0.0
P1,R03,training,21,492,0,0.0,0.0,0.0,0.0
P1,R03,training,21,493,0,0.0,0.0,0.0,0.0
P1,R03,training,21,494,0,0.0,0.0,0.0,0.0
P1,R03,training,21,495,0,0.0,0.0,0.0,0.0
P1,R03,training,21,496,0,0.0,0.0,0.0,0.0
P1,R03,training,21,497,0,0.0,0.0,0.0,0.0
P1,R03,training,21,498,0,0.0,0.0,0.0,0.0
P1,R03,training,21,499,0,0.0,0.0,0.0,0.0
P1,R03,training,21,500,0,0.0,0.0,0.0,0.0
P1,R03,training,21,501,0,0.0,0.0,0.0,0.0
P1,R03,training,21,502,0,0.0,0.0,0.0,0.0
P1,R03,training,21,503,0,0.0,0.0,0.0,0.0
P1,R03,training,21,504,0,0.0,0.0,0.0,0.0
P1,R03,training,21,505,0,0.0,0.0,0.0,0.0
P1,R03,training,21,506,0,0.0,0.0,0.0,0.0
P1,R03,training,21,507,0,0.0,0.0,0.0,0.0
P1,R03,training,21,508,0,0.0,0.0,0.0,0.0
P1,R03,training,21,509,0,0.0,0.0,0.0,0.0
P1,R03,training,21,510,0,0.0,0.0,0.0,0.0
P1,R03,training,21,511,0,0.0,0.0,0.0,0.0
P1,R03,training,21,512,0,0.0,0.0,0.0,0.0
P1,R03,training,21,513,0,0.0,0.0,0.0,0.0
P1,R03,training,21,514,0,0.0,0.0,0.0,0.0
P1,R03,training,21,515,0,0.0,0.0,0.0,0.0
P1,R03,training,21,516,0,0.0,0.0,0.0,0.0
P1,R03,training,21,517,0,0.0,0.0,0.0,0.0
P1,R03,training,21,518,0,0.0,0.0,0.0,0.0
P1,R03,training,21,519,0,0.0,0.0,0.0,0.0
P1,R03,training,21,520,0,0.0,0.0,0.0,0.0
P1,R03,training,21,521,0,0.0,0.0,0.0,0.0
P1,R03,training,21,522,0,0.0,0.0,0.0,0.0
P1,R03,training,21,523,0,0.0,0.0,0.0,0.0
P1,R03,training,21,524,0,0.0,0.0,0.0,0.0
P1,R03,training,21,525,0,0.0,0.0,0.0,0.0
P1,R03,training,21,526,0,0.0,0.0,0.0,0.0
P1,R03,training,21,527,0,0.0,0.0,0.0,0.0
P1,R03,training,21,528,0,0.0,0.0,0.0,0.0
P1,R03,training,21,529,0,0.0,0.0,0.0,0.0
P1,R03,training,21,530,0,0.0,0.0,0.0,0.0
P1,R03,training,21,531,0,0.0,0.0,0.0,0.0
P1,R03,training,21,532,0,0.0,0.0,0.0,0.0
P1,R03,training,21,533,0,0.0,0.0,0.0,0.0
P1,R03,training,21,534,0,0.0,0.0,0.0,0.0
P1,R03,training,21,535,0,0.0,0.0,0.0,0.0
P1,R03,training,21,536,0,0.0,0.0,0.0,0.0
P1,R03,training,21,537,0,0.0,0.0,0.0,0.0
P1,R03,training,21,538,0,0.0,0.0,0.0,0.0
P1,R03,training,21,539,0,0.0,0.0,0.0,0.0
P1,R03,training,21,540,0,0.0,0.0,0.0,0.0
P1,R03,training,21,541,0,0.0,0.0,0.0,0.0
P1,R03,training,21,542,0,0.0,0.0,0.0,0.0
P1,R03,training,21,543,0,0.0,0.0,0.0,0.0
P1,R03,training,21,544,0,0.0,0.0,0.0,0.0
P1,R03,training,21,545,0,0.0,0.0,0.0,0.0
P1,R03,training,21,546,0,0.0,0.0,0.0,0.0
P1,R03,training,21,547,0,0.0,0.0,0.0,0.0
P1,R03,training,21,548,0,0.0,0.0,0.0,0.0
P1,R03,training,21,549,0,0.0,0.0,0.0,0.0
P1,R03,training,21,550,0,0.0,0.0,0.0,0.0
P1,R03,training,21,551,0,0.0,0.0,0.0,0.0
P1,R03,training,21,552,0,0.0,0.0,0.0,0.0
P1,R03,training,21,553,0,0.0,0.0,0.0,0.0
P1,R03,training,21,554,0,0.0,0.0,0.0,0.0
P1,R03,training,21,555,0,0.0,0.0,0.0,0.0
P1,R03,training,21,556,0,0.0,0.0,0.0,0.0
P1,R03,training,21,557,0,0.0,0.0,0.0,0.0
P1,R03,training,21,558,0,0.0,0.0,0.0,0.0
P1,R03,training,21,559,0,0.0,0.0,0.0,0.0
P1,R03,training,21,560,0,0.0,0.0,0.0,0.0
P1,R03,training,21,561,0,0.0,0.0,0.0,0.0
P1,R03,training,21,562,0,0.0,0.0,0.0,0.0
P1,R03,training,21,563,0,0.0,0.0,0.0,0.0
P1,R03,training,21,564,0,0.0,0.0,0.0,0.0
P1,R03,training,21,565,0,0.0,0.0,0.0,0.0
P1,R03,training,21,566,0,0.0,0.0,0.0,0.0
P1,R03,training,21,567,0,0.0,0.0,0.0,0.0
P1,R03,training,21,568,0,0.0,0.0,0.0,0.0
P1,R03,training,21,569,0,0.0,0.0,0.0,0.0
P1,R03,training,21,570,0,0.0,0.0,0.0,0.0
P1,R03,training,21,571,0,0.0,0.0,0.0,0.0
P1,R03,training,21,572,0,0.0,0.0,0.0,0.0
P1,R03,training,21,573,0,0.0,0.0,0.0,0.0
P1,R03,training,21,574,0,0.0,0.0,0.0,0.0
P1,R03,training,21,575,0,0.0,0.0,0.0,0.0
P1,R03,training,21,576,0,0.0,0.0,0.0,0.0
P1,R03,training,21,577,0,0.0,0.0,0.0,0.0
P1,R03,training,21,578,0,0.0,0.0,0.0,0.0
P1,R03,training,21,579,0,0.0,0.0,0.0,0.0
P1,R03,training,21,580,0,0.0,0.0,0.0,0.0
P1,R03,training,21,581,0,0.0,0.0,0.0,0.0
P1,R03,training,21,582,0,0.0,0.0,0.0,0.0
P1,R03,training,21,583,0,0.0,0.0,0.0,0.0
P1,R03,training,21,584,0,0.0,0.0,0.0,0.0
P1,R03,training,21,585,0,0.0,0.0,0.0,0.0
P1,R03,training,21,586,0,0.0,0.0,0.0,0.0
P1,R03,training,21,587,0,0.0,0.0,0.0,0.0
P1,R03,training,21,588,0,0.0,0.0,0.0,0.0
P1,R03,training,21,589,0,0.0,0.0,0.0,0.0
P1,R03,training,21,590,0,0.0,0.0,0.0,0.0
P1,R03,training,21,591,0,0.0,0.0,0.0,0.0
P1,R03,training,21,592,0,0.0,0.0,0.0,0.0
P1,R03,training,21,593,0,0.0,0.0,0.0,0.0
P1,R03,training,21,594,0,0.0,0.0,0.0,0.0
P1,R03,training,21,595,0,0.0,0.0,0.0,0.0
P1,R03,training,21,596,0,0.0,0.0,0.0,0.0
P1,R03,training,21,597,0,0.0,0.0,0.0,0.0
P1,R03,training,21,598,0,0.0,0.0,0.0,0.0
P1,R03,training,21,599,0,0.0,0.0,0.0,0.0
P1,R03,training,21,600,0,0.0,0.0,0.0,0.0
P1,R03,training,21,601,0,0.0,0.0,0.0,0.0
P1,R03,training,21,602,0,0.0,0.0,0.0,0.0
P1,R03,training,21,603,0,0.0,0.0,0.0,0.0
P1,R03,training,21,604,0,0.0,0.0,0.0,0.0
P1,R03,training,21,605,0,0.0,0.0,0.0,0.0
P1,R03,training,21,606,0,0.0,0.0,0.0,0.0
P1,R03,training,21,607,0,0.0,0.0,0.0,0.0
P1,R03,training,21,608,0,0.0,0.0,0.0,0.0
P1,R03,training,21,609,0,0.0,0.0,0.0,0.0
P1,R03,training,21,610,0,0.0,0.0,0.0,0.0
P1,R03,training,21,611,0,0.0,0.0,0.0,0.0
P1,R03,training,21,612,0,0.0,0.0,0.0,0.0
P1,R03,training,21,613,0,0.0,0.0,0.0,0.0
P1,R03,training,21,614,0,0.0,0.0,0.0,0.0
P1,R03,training,21,615,0,0.0,0.0,0.0,0.0
P1,R03,training,21,616,0,0.0,0.0,0.0,0.0
P1,R03,training,21,617,0,0.0,0.0,0.0,0.0
P1,R03,training,21,618,0,0.0,0.0,0.0,0.0
P1,R03,training,21,619,0,0.0,0.0,0.0,0.0
P1,R03,training,21,620,0,0.0,0.0,0.0,0.0
P1,R03,training,21,621,0,0.0,0.0,0.0,0.0
P1,R03,training,21,622,0,0.0,0.0,0.0,0.0
P1,R03,training,21,623,0,0.0,0.0,0.0,0.0
P1,R03,training,21,624,0,0.0,0.0,0.0,0.0
P1,R03,training,21,625,0,0.0,0.0,0.0,0.0
P1,R03,training,21,626,0,0.0,0.0,0.0,0.0
P1,R03,training,21,627,0,0.0,0.0,0.0,0.0
P1,R03,training,21,628,0,0.0,0.0,0.0,0.0
P1,R03,training,21,629,0,0.0,0.0,0.0,0.0
P1,R03,training,21,630,0,0.0,0.0,0.0,0.0
P1,R03,training,21,631,0,0.0,0.0,0.0,0.0
P1,R03,training,21,632,0,0.0,0.0,0.0,0.0
P1,R03,training,21,633,0,0.0,0.0,0.0,0.0
P1,R03,training,21,634,0,0.0,0.0,0.0,0.0
P1,R03,training,21,635,0,0.0,0.0,0.0,0.0
P1,R03,training,21,636,0,0.0,0.0,0.0,0.0
P1,R03,training,21,637,0,0.0,0.0,0.0,0.0
P1,R03,training,21,638,0,0.0,0.0,0.0,0.0
P1,R03,training,21,639,0,0.0,0.0,0.0,0.0
P1,R03,training,21,640,0,0.0,0.0,0.0,0.0
P1,R03,training,21,641,0,0.0,0.0,0.0,0.0
P1,R03,training,21,642,0,0.0,0.0,0.0,0.0
P1,R03,training,21,643,0,0.0,0.0,0.0,0.0
P1,R03,training,21,644,0,0.0,0.0,0.0,0.0
P1,R03,training,21,645,0,0.0,0.0,0.0,0.0
P1,R03,training,21,646,0,0.0,0.0,0.0,0.0
P1,R03,training,21,647,0,0.0,0.0,0.0,0.0
P1,R03,training,21,648,0,0.0,0.0,0.0,0.0
P1,R03,training,21,649,0,0.0,0.0,0.0,0.0
P1,R03,training,21,650,0,0.0,0.0,0.0,0.0
P1,R03,training,21,651,0,0.0,0.0,0.0,0.0
P1,R03,training,21,652,0,0.0,0.0,0.0,0.0
P1,R03,training,21,653,0,0.0,0.0,0.0,0.0
P1,R03,training,21,654,0,0.0,0.0,0.0,0.0
P1,R03,training,21,655,0,0.0,0.0,0.0,0.0
P1,R03,training,21,656,0,0.0,0.0,0.0,0.0
P1,R03,training,21,657,0,0.0,0.0,0.0,0.0
P1,R03,training,21,658,0,0.0,0.0,0.0,0.0
P1,R03,training,21,659,0,0.0,0.0,0.0,0.0
P1,R03,training,21,660,0,0.0,0.0,0.0,0.0
P1,R03,training,21,661,0,0.0,0.0,0.0,0.0
P1,R03,training,21,662,0,0.0,0.0,0.0,0.0
P1,R03,training,21,663,0,0.0,0.0,0.0,0.0
P1,R03,training,21,664,0,0.0,0.0,0.0,0.0
P1,R03,training,21,665,0,0.0,0.0,0.0,0.0
P1,R03,training,21,666,0,0.0,0.0,0.0,0.0
P1,R03,training,21,667,0,0.0,0.0,0.0,0.0
P1,R03,training,21,668,0,0.0,0.0,0.0,0.0
P1,R03,training,21,669,0,0.0,0.0,0.0,0.0
P1,R03,training,21,670,0,0.0,0.0,0.0,0.0
P1,R03,training,21,671,0,0.0,0.0,0.0,0.0
P1,R03,training,21,672,0,0.0,0.0,0.0,0.0
P1,R03,training,21,673,0,0.0,0.0,0.0,0.0
P1,R03,training,21,674,0,0.0,0.0,0.0,0.0
P1,R03,training,21,675,0,0.0,0.0,0.0,0.0
P1,R03,training,21,676,0,0.0,0.0,0.0,0.0
P1,R03,training,21,677,0,0.0,0.0,0.0,0.0
P1,R03,training,21,678,0,0.0,0.0,0.0,0.0
P1,R03,training,21,679,0,0.0,0.0,0.0,0.0
P1,R03,training,21,680,0,0.0,0.0,0.0,0.0
P1,R03,training,21,681,0,0.0,0.0,0.0,0.0
P1,R03,training,21,682,0,0.0,0.0,0.0,0.0
P1,R03,training,21,683,0,0.0,0.0,0.0,0.0
P1,R03,training,21,684,0,0.0,0.0,0.0,0.0
P1,R03,training,21,685,0,0.0,0.0,0.0,0.0
P1,R03,training,21,686,0,0.0,0.0,0.0,0.0
P1,R03,training,21,687,0,0.0,0.0,0.0,0.0
P1,R03,training,21,688,0,0.0,0.0,0.0,0.0
P1,R03,training,21,689,0,0.0,0.0,0.0,0.0
P1,R03,training,21,690,0,0.0,0.0,0.0,0.0
P1,R03,training,21,691,0,0.0,0.0,0.0,0.0
P1,R03,training,21,692,0,0.0,0.0,0.0,0.0
P1,R03,training,21,693,0,0.0,0.0,0.0,0.0
P1,R03,training,21,694,0,0.0,0.0,0.0,0.0
P1,R03,training,21,695,0,0.0,0.0,0.0,0.0
P1,R03,training,21,696,0,0.0,0.0,0.0,0.0
P1,R03,training,21,697,0,0.0,0.0,0.0,0.0
P1,R03,training,21,698,0,0.0,0.0,0.0,0.0
P1,R03,training,21,699,0,0.0,0.0,0.0,0.0
P1,R03,training,21,700,0,0.0,0.0,0.0,0.0
P1,R03,training,21,701,0,0.0,0.0,0.0,0.0
P1,R03,training,21,702,0,0.0,0.0,0.0,0.0
P1,R03,training,21,703,0,0.0,0.0,0.0,0.0
P1,R03,training,21,704,0,0.0,0.0,0.0,0.0
P1,R03,training,21,705,0,0.0,0.0,0.0,0.0
P1,R03,training,21,706,0,0.0,0.0,0.0,0.0
P1,R03,training,21,707,0,0.0,0.0,0.0,0.0
P1,R03,training,21,708,0,0.0,0.0,0.0,0.0
P1,R03,training,21,709,0,0.0,0.0,0.0,0.0
P1,R03,training,21,710,0,0.0,0.0,0.0,0.0
P1,R03,training,21,711,0,0.0,0.0,0.0,0.0
P1,R03,training,21,712,0,0.0,0.0,0.0,0.0
P2,R03,training,21,0,0,0.0,0.0,0.0,0.0
P2,R03,training,21,1,0,0.0,0.0,0.0,0.0
P2,R03,training,21,2,0,0.0,0.0,0.0,0.0
P2,R03,training,21,3,0,0.0,0.0,0.0,0.0
P2,R03,training,21,4,0,0.0,0.0,0.0,0.0
P2,R03,training,21,5,0,0.0,0.0,0.0,0.0
P2,R03,training,21,6,0,0.0,0.0,0.0,0.0
P2,R03,training,21,7,0,0.0,0.0,0.0,0.0
P2,R03,training,21,8,0,0.0,0.0,0.0,0.0
P2,R03,training,21,9,0,0.0,0.0,0.0,0.0
P2,R03,training,21,10,0,0.0,0.0,0.0,0.0
P2,R03,training,21,11,0,0.0,0.0,0.0,0.0
P2,R03,training,21,12,0,0.0,0.0,0.0,0.0
P2,R03,training,21,13,0,0.0,0.0,0.0,0.0
P2,R03,training,21,14,0,0.0,0.0,0.0,0.0
P2,R03,training,21,15,0,0.0,0.0,0.0,0.0
P2,R03,training,21,16,0,0.0,0.0,0.0,0.0
P2,R03,training,21,17,0,0.0,0.0,0.0,0.0
P2,R03,training,21,18,0,0.0,0.0,0.0,0.0
P2,R03,training,21,19,0,0.0,0.0,0.0,0.0
P2,R03,training,21,20,0,0.0,0.0,0.0,0.0
P2,R03,training,21,21,0,0.0,0.0,0.0,0.0
P2,R03,training,21,22,0,0.0,0.0,0.0,0.0
P2,R03,training,21,23,0,0.0,0.0,0.0,0.0
P2,R03,training,21,24,0,0.0,0.0,0.0,0.0
P2,R03,training,21,25,0,0.0,0.0,0.0,0.0
P2,R03,training,21,26,0,0.0,0.0,0.0,0.0
P2,R03,training,21,27,0,0.0,0.0,0.0,0.0
P2,R03,training,21,28,0,0.0,0.0,0.0,0.0
P2,R03,training,21,29,0,0.0,0.0,0.0,0.0
P2,R03,training,21,30,0,0.0,0.0,0.0,0.0
P2,R03,training,21,31,0,0.0,0.0,0.0,0.0
P2,R03,training,21,32,0,0.0,0.0,0.0,0.0
P2,R03,training,21,33,0,0.0,0.0,0.0,0.0
P2,R03,training,21,34,0,0.0,0.0,0.0,0.0
P2,R03,training,21,35,0,0.0,0.0,0.0,0.0
P2,R03,training,21,36,0,0.0,0.0,0.0,0.0
P2,R03,training,21,37,0,0.0,0.0,0.0,0.0
P2,R03,training,21,38,0,0.0,0.0,0.0,0.0
P2,R03,training,21,39,0,0.0,0.0,0.0,0.0
P2,R03,training,21,40,0,0.0,0.0,0.0,0.0
P2,R03,training,21,41,0,0.0,0.0,0.0,0.0
P2,R03,training,21,42,0,0.0,0.0,0.0,0.0
P2,R03,training,21,43,0,0.0,0.0,0.0,0.0
P2,R03,training,21,44,0,0.0,0.0,0.0,0.0
P2,R03,training,21,45,0,0.0,0.0,0.0,0.0
P2,R03,training,21,46,0,0.0,0.0,0.0,0.0
P2,R03,training,21,47,0,0.0,0.0,0.0,0.0
P2,R03,training,21,48,0,0.0,0.0,0.0,0.0
P2,R03,training,21,49,0,0.0,0.0,0.0,0.0
P2,R03,training,21,50,0,0.0,0.0,0.0,0.0
P2,R03,training,21,51,0,0.0,0.0,0.0,0.0
P2,R03,training,21,52,0,0.0,0.0,0.0,0.0
P2,R03,training,21,53,0,0.0,0.0,0.0,0.0
P2,R03,training,21,54,0,0.0,0.0,0.0,0.0
P2,R03,training,21,55,0,0.0,0.0,0.0,0.0
P2,R03,training,21,56,0,0.0,0.0,0.0,0.0
P2,R03,training,21,57,0,0.0,0.0,0.0,0.0
P2,R03,training,21,58,0,0.0,0.0,0.0,0.0
P2,R03,training,21,59,0,0.0,0.0,0.0,0.0
P2,R03,training,21,60,0,0.0,0.0,0.0,0.0
P2,R03,training,21,61,0,0.0,0.0,0.0,0.0
P2,R03,training,21,62,0,0.0,0.0,0.0,0.0
P2,R03,training,21,63,0,0.0,0.0,0.0,0.0
P2,R03,training,21,64,0,0.0,0.0,0.0,0.0
P2,R03,training,21,65,0,0.0,0.0,0.0,0.0
P2,R03,training,21,66,0,0.0,0.0,0.0,0.0
P2,R03,training,21,67,0,0.0,0.0,0.0,0.0
P2,R03,training,21,68,0,0.0,0.0,0.0,0.0
P2,R03,training,21,69,0,0.0,0.0,0.0,0.0
P2,R03,training,21,70,0,0.0,0.0,0.0,0.0
P2,R03,training,21,71,0,0.0,0.0,0.0,0.0
P2,R03,training,21,72,0,0.0,0.0,0.0,0.0
P2,R03,training,21,73,0,0.0,0.0,0.0,0.0
P2,R03,training,21,74,0,0.0,0.0,0.0,0.0
P2,R03,training,21,75,0,0.0,0.0,0.0,0.0
P2,R03,training,21,76,0,0.0,0.0,0.0,0.0
P2,R03,training,21,77,0,0.0,0.0,0.0,0.0
P2,R03,training,21,78,0,0.0,0.0,0.0,0.0
P2,R03,training,21,79,0,0.0,0.0,0.0,0.0
P2,R03,training,21,80,0,0.0,0.0,0.0,0.0
P2,R03,training,21,81,0,0.0,0.0,0.0,0.0
P2,R03,training,21,82,0,0.0,0.0,0.0,0.0
P2,R03,training,21,83,0,0.0,0.0,0.0,0.0
P2,R03,training,21,84,0,0.0,0.0,0.0,0.0
P2,R03,training,21,85,0,0.0,0.0,0.0,0.0
P2,R03,training,21,86,0,0.0,0.0,0.0,0.0
P2,R03,training,21,87,0,0.0,0.0,0.0,0.0
P2,R03,training,21,88,0,0.0,0.0,0.0,0.0
P2,R03,training,21,89,0,0.0,0.0,0.0,0.0
P2,R03,training,21,90,0,0.0,0.0,0.0,0.0
P2,R03,training,21,91,0,0.0,0.0,0.0,0.0
P2,R03,training,21,92,0,0.0,0.0,0.0,0.0
P2,R03,training,21,93,0,0.0,0.0,0.0,0.0
P2,R03,training,21,94,0,0.0,0.0,0.0,0.0
P2,R03,training,21,95,0,0.0,0.0,0.0,0.0
P2,R03,training,21,96,0,0.0,0.0,0.0,0.0
P2,R03,training,21,97,0,0.0,0.0,0.0,0.0
P2,R03,training,21,98,0,0.0,0.0,0.0,0.0
P2,R03,training,21,99,0,0.0,0.0,0.0,0.0
P2,R03,training,21,100,0,0.0,0.0,0.0,0.0
P2,R03,training,21,101,0,0.0,0.0,0.0,0.0
P2,R03,training,21,102,0,0.0,0.0,0.0,0.0
P2,R03,training,21,103,0,0.0,0.0,0.0,0.0
P2,R03,training,21,104,0,0.0,0.0,0.0,0.0
P2,R03,training,21,105,0,0.0,0.0,0.0,0.0
P2,R03,training,21,106,0,0.0,0.0,0.0,0.0
P2,R03,training,21,107,0,0.0,0.0,0.0,0.0
P2,R03,training,21,108,0,0.0,0.0,0.0,0.0
P2,R03,training,21,109,0,0.0,0.0,0.0,0.0
P2,R03,training,21,110,0,0.0,0.0,0.0,0.0
P2,R03,training,21,111,0,0.0,0.0,0.0,0.0
P2,R03,training,21,112,0,0.0,0.0,0.0,0.0
P2,R03,training,21,113,0,0.0,0.0,0.0,0.0
P2,R03,training,21,114,0,0.0,0.0,0.0,0.0
P2,R03,training,21,115,0,0.0,0.0,0.0,0.0
P2,R03,training,21,116,0,0.0,0.0,0.0,0.0
P2,R03,training,21,117,0,0.0,0.0,0.0,0.0
P2,R03,training,21,118,0,0.0,0.0,0.0,0.0
P2,R03,training,21,119,0,0.0,0.0,0.0,0.0
P2,R03,training,21,120,0,0.0,0.0,0.0,0.0
P2,R03,training,21,121,0,0.0,0.0,0.0,0.0
P2,R03,training,21,122,0,0.0,0.0,0.0,0.0
P2,R03,training,21,123,0,0.0,0.0,0.0,0.0
P2,R03,training,21,124,0,0.0,0.0,0.0,0.0
P2,R03,training,21,125,0,0.0,0.0,0.0,0.0
P2,R03,training,21,126,0,0.0,0.0,0.0,0.0
P2,R03,training,21,127,0,0.0,0.0,0.0,0.0
P2,R03,training,21,128,0,0.0,0.0,0.0,0.0
P2,R03,training,21,129,0,0.0,0.0,0.0,0.0
P2,R03,training,21,130,0,0.0,0.0,0.0,0.0
P2,R03,training,21,131,0,0.0,0.0,0.0,0.0
P2,R03,training,21,132,0,0.0,0.0,0.0,0.0
P2,R03,training,21,133,0,0.0,0.0,0.0,0.0
P2,R03,training,21,134,0,0.0,0.0,0.0,0.0
P2,R03,training,21,135,0,0.0,0.0,0.0,0.0
P2,R03,training,21,136,0,0.0,0.0,0.0,0.0
P2,R03,training,21,137,0,0.0,0.0,0.0,0.0
P2,R03,training,21,138,0,0.0,0.0,0.0,0.0
P2,R03,training,21,139,0,0.0,0.0,0.0,0.0
P2,R03,training,21,140,0,0.0,0.0,0.0,0.0
P2,R03,training,21,141,0,0.0,0.0,0.0,0.0
P2,R03,training,21,142,0,0.0,0.0,0.0,0.0
P2,R03,training,21,143,0,0.0,0.0,0.0,0.0
P2,R03,training,21,144,0,0.0,0.0,0.0,0.0
P2,R03,training,21,145,0,0.0,0.0,0.0,0.0
P2,R03,training,21,146,0,0.0,0.0,0.0,0.0
P2,R03,training,21,147,0,0.0,0.0,0.0,0.0
P2,R03,training,21,148,0,0.0,0.0,0.0,0.0
P2,R03,training,21,149,0,0.0,0.0,0.0,0.0
P2,R03,training,21,150,0,0.0,0.0,0.0,0.0
P2,R03,training,21,151,0,0.0,0.0,0.0,0.0
P2,R03,training,21,152,0,0.0,0.0,0.0,0.0
P2,R03,training,21,153,0,0.0,0.0,0.0,0.0
P2,R03,training,21,154,0,0.0,0.0,0.0,0.0
P2,R03,training,21,155,0,0.0,0.0,0.0,0.0
P2,R03,training,21,156,0,0.0,0.0,0.0,0.0
P2,R03,training,21,157,0,0.0,0.0,0.0,0.0
P2,R03,training,21,158,0,0.0,0.0,0.0,0.0
P2,R03,training,21,159,0,0.0,0.0,0.0,0.0
P2,R03,training,21,160,0,0.0,0.0,0.0,0.0
P2,R03,training,21,161,0,0.0,0.0,0.0,0.0
P2,R03,training,21,162,0,0.0,0.0,0.0,0.0
P2,R03,training,21,163,0,0.0,0.0,0.0,0.0
P2,R03,training,21,164,0,0.0,0.0,0.0,0.0
P2,R03,training,21,165,0,0.0,0.0,0.0,0.0
P2,R03,training,21,166,0,0.0,0.0,0.0,0.0
P2,R03,training,21,167,0,0.0,0.0,0.0,0.0
P2,R03,training,21,168,0,0.0,0.0,0.0,0.0
P2,R03,training,21,169,0,0.0,0.0,0.0,0.0
P2,R03,training,21,170,0,0.0,0.0,0.0,0.0
P2,R03,training,21,171,0,0.0,0.0,0.0,0.0
P2,R03,training,21,172,0,0.0,0.0,0.0,0.0
P2,R03,training,21,173,0,0.0,0.0,0.0,0.0
P2,R03,training,21,174,0,0.0,0.0,0.0,0.0
P2,R03,training,21,175,0,0.0,0.0,0.0,0.0
P2,R03,training,21,176,0,0.0,0.0,0.0,0.0
P2,R03,training,21,177,0,0.0,0.0,0.0,0.0
P2,R03,training,21,178,0,0.0,0.0,0.0,0.0
P2,R03,training,21,179,0,0.0,0.0,0.0,0.0
P2,R03,training,21,180,0,0.0,0.0,0.0,0.0
P2,R03,training,21,181,0,0.0,0.0,0.0,0.0
P2,R03,training,21,182,0,0.0,0.0,0.0,0.0
P2,R03,training,21,183,0,0.0,0.0,0.0,0.0
P2,R03,training,21,184,0,0.0,0.0,0.0,0.0
P2,R03,training,21,185,0,0.0,0.0,0.0,0.0
P2,R03,training,21,186,0,0.0,0.0,0.0,0.0
P2,R03,training,21,187,0,0.0,0.0,0.0,0.0
P2,R03,training,21,188,0,0.0,0.0,0.0,0.0
P2,R03,training,21,189,0,0.0,0.0,0.0,0.0
P2,R03,training,21,190,0,0.0,0.0,0.0,0.0
P2,R03,training,21,191,0,0.0,0.0,0.0,0.0
P2,R03,training,21,192,0,0.0,0.0,0.0,0.0
P2,R03,training,21,193,0,0.0,0.0,0.0,0.0
P2,R03,training,21,194,0,0.0,0.0,0.0,0.0
P2,R03,training,21,195,0,0.0,0.0,0.0,0.0
P2,R03,training,21,196,0,0.0,0.0,0.0,0.0
P2,R03,training,21,197,0,0.0,0.0,0.0,0.0
P2,R03,training,21,198,0,0.0,0.0,0.0,0.0
P2,R03,training,21,199,0,0.0,0.0,0.0,0.0
P2,R03,training,21,200,0,0.0,0.0,0.0,0.0
P2,R03,training,21,201,0,0.0,0.0,0.0,0.0
P2,R03,training,21,202,0,0.0,0.0,0.0,0.0
P2,R03,training,21,203,0,0.0,0.0,0.0,0.0
P2,R03,training,21,204,0,0.0,0.0,0.0,0.0
P2,R03,training,21,205,0,0.0,0.0,0.0,0.0
P2,R03,training,21,206,0,0.0,0.0,0.0,0.0
P2,R03,training,21,207,0,0.0,0.0,0.0,0.0
P2,R03,training,21,208,0,0.0,0.0,0.0,0.0
P2,R03,training,21,209,0,0.0,0.0,0.0,0.0
P2,R03,training,21,210,0,0.0,0.0,0.0,0.0
P2,R03,training,21,211,0,0.0,0.0,0.0,0.0
P2,R03,training,21,212,0,0.0,0.0,0.0,0.0
P2,R03,training,21,213,0,0.0,0.0,0.0,0.0
P2,R03,training,21,214,0,0.0,0.0,0.0,0.0
P2,R03,training,21,215,0,0.0,0.0,0.0,0.0
P2,R03,training,21,216,0,0.0,0.0,0.0,0.0
P2,R03,training,21,217,0,0.0,0.0,0.0,0.0
P2,R03,training,21,218,0,0.0,0.0,0.0,0.0
P2,R03,training,21,219,0,0.0,0.0,0.0,0.0
P2,R03,training,21,220,0,0.0,0.0,0.0,0.0
P2,R03,training,21,221,0,0.0,0.0,0.0,0.0
P2,R03,training,21,222,0,0.0,0.0,0.0,0.0
P2,R03,training,21,223,0,0.0,0.0,0.0,0.0
P2,R03,training,21,224,0,0.0,0.0,0.0,0.0
P2,R03,training,21,225,0,0.0,0.0,0.0,0.0
P2,R03,training,21,226,0,0.0,0.0,0.0,0.0
P2,R03,training,21,227,0,0.0,0.0,0.0,0.0
P2,R03,training,21,228,0,0.0,0.0,0.0,0.0
P2,R03,training,21,229,0,0.0,0.0,0.0,0.0
P2,R03,training,21,230,0,0.0,0.0,0.0,0.0
P2,R03,training,21,231,0,0.0,0.0,0.0,0.0
P2,R03,training,21,232,0,0.0,0.0,0.0,0.0
P2,R03,training,21,233,0,0.0,0.0,0.0,0.0
P2,R03,training,21,234,0,0.0,0.0,0.0,0.0
P2,R03,training,21,235,0,0.0,0.0,0.0,0.0
P2,R03,training,21,236,0,0.0,0.0,0.0,0.0
P2,R03,training,21,237,0,0.0,0.0,0.0,0.0
P2,R03,training,21,238,0,0.0,0.0,0.0,0.0
P2,R03,training,21,239,0,0.0,0.0,0.0,0.0
P2,R03,training,21,240,0,0.0,0.0,0.0,0.0
P2,R03,training,21,241,0,0.0,0.0,0.0,0.0
P2,R03,training,21,242,0,0.0,0.0,0.0,0.0
P2,R03,training,21,243,0,0.0,0.0,0.0,0.0
P2,R03,training,21,244,0,0.0,0.0,0.0,0.0
P2,R03,training,21,245,0,0.0,0.0,0.0,0.0
P2,R03,training,21,246,0,0.0,0.0,0.0,0.0
P2,R03,training,21,247,0,0.0,0.0,0.0,0.0
P2,R03,training,21,248,0,0.0,0.0,0.0,0.0
P2,R03,training,21,249,0,0.0,0.0,0.0,0.0
P2,R03,training,21,250,0,0.0,0.0,0.0,0.0
P2,R03,training,21,251,0,0.0,0.0,0.0,0.0
P2,R03,training,21,252,0,0.0,0.0,0.0,0.0
P2,R03,training,21,253,0,0.0,0.0,0.0,0.0
P2,R03,training,21,254,0,0.0,0.0,0.0,0.0
P2,R03,training,21,255,0,0.0,0.0,0.0,0.0
P2,R03,training,21,256,0,0.0,0.0,0.0,0.0
P2,R03,training,21,257,0,0.0,0.0,0.0,0.0
P2,R03,training,21,258,0,0.0,0.0,0.0,0.0
P2,R03,training,21,259,0,0.0,0.0,0.0,0.0
P2,R03,training,21,260,0,0.0,0.0,0.0,0.0
P2,R03,training,21,261,0,0.0,0.0,0.0,0.0
P2,R03,training,21,262,0,0.0,0.0,0.0,0.0
P2,R03,training,21,263,0,0.0,0.0,0.0,0.0
P2,R03,training,21,264,0,0.0,0.0,0.0,0.0
P2,R03,training,21,265,0,0.0,0.0,0.0,0.0
P2,R03,training,21,266,0,0.0,0.0,0.0,0.0
P2,R03,training,21,267,0,0.0,0.0,0.0,0.0
P2,R03,training,21,268,0,0.0,0.0,0.0,0.0
P2,R03,training,21,269,0,0.0,0.0,0.0,0.0
P2,R03,training,21,270,0,0.0,0.0,0.0,0.0
P2,R03,training,21,271,0,0.0,0.0,0.0,0.0
P2,R03,training,21,272,0,0.0,0.0,0.0,0.0
P2,R03,training,21,273,0,0.0,0.0,0.0,0.0
P2,R03,training,21,274,0,0.0,0.0,0.0,0.0
P2,R03,training,21,275,0,0.0,0.0,0.0,0.0
P2,R03,training,21,276,0,0.0,0.0,0.0,0.0
P2,R03,training,21,277,0,0.0,0.0,0.0,0.0
P2,R03,training,21,278,0,0.0,0.0,0.0,0.0
P2,R03,training,21,279,0,0.0,0.0,0.0,0.0
P2,R03,training,21,280,0,0.0,0.0,0.0,0.0
P2,R03,training,21,281,0,0.0,0.0,0.0,0.0
P2,R03,training,21,282,0,0.0,0.0,0.0,0.0
P2,R03,training,21,283,0,0.0,0.0,0.0,0.0
P2,R03,training,21,284,0,0.0,0.0,0.0,0.0
P2,R03,training,21,285,0,0.0,0.0,0.0,0.0
P2,R03,training,21,286,0,0.0,0.0,0.0,0.0
P2,R03,training,21,287,0,0.0,0.0,0.0,0.0
P2,R03,training,21,288,0,0.0,0.0,0.0,0.0
P2,R03,training,21,289,0,0.0,0.0,0.0,0.0
P2,R03,training,21,290,0,0.0,0.0,0.0,0.0
P2,R03,training,21,291,0,0.0,0.0,0.0,0.0
P2,R03,training,21,292,0,0.0,0.0,0.0,0.0
P2,R03,training,21,293,0,0.0,0.0,0.0,0.0
P2,R03,training,21,294,0,0.0,0.0,0.0,0.0
P2,R03,training,21,295,0,0.0,0.0,0.0,0.0
P2,R03,training,21,296,0,0.0,0.0,0.0,0.0
P2,R03,training,21,297,0,0.0,0.0,0.0,0.0
P2,R03,training,21,298,0,0.0,0.0,0.0,0.0
P2,R03,training,21,299,0,0.0,0.0,0.0,0.0
P2,R03,training,21,300,0,0.0,0.0,0.0,0.0
P2,R03,training,21,301,0,0.0,0.0,0.0,0.0
P2,R03,training,21,302,0,0.0,0.0,0.0,0.0
P2,R03,training,21,303,0,0.0,0.0,0.0,0.0
P2,R03,training,21,304,0,0.0,0.0,0.0,0.0
P2,R03,training,21,305,0,0.0,0.0,0.0,0.0
P2,R03,training,21,306,0,0.0,0.0,0.0,0.0
P2,R03,training,21,307,0,0.0,0.0,0.0,0.0
P2,R03,training,21,308,0,0.0,0.0,0.0,0.0
P2,R03,training,21,309,0,0.0,0.0,0.0,0.0
P2,R03,training,21,310,0,0.0,0.0,0.0,0.0
P2,R03,training,21,311,0,0.0,0.0,0.0,0.0
P2,R03,training,21,312,0,0.0,0.0,0.0,0.0
P2,R03,training,21,313,0,0.0,0.0,0.0,0.0
P2,R03,training,21,314,0,0.0,0.0,0.0,0.0
P2,R03,training,21,315,0,0.0,0.0,0.0,0.0
P2,R03,training,21,316,0,0.0,0.0,0.0,0.0
P2,R03,training,21,317,0,0.0,0.0,0.0,0.0
P2,R03,training,21,318,0,0.0,0.0,0.0,0.0
P2,R03,training,21,319,0,0.0,0.0,0.0,0.0
P2,R03,training,21,320,0,0.0,0.0,0.0,0.0
P2,R03,training,21,321,0,0.0,0.0,0.0,0.0
P2,R03,training,21,322,0,0.0,0.0,0.0,0.0
P2,R03,training,21,323,0,0.0,0.0,0.0,0.0
P2,R03,training,21,324,0,0.0,0.0,0.0,0.0
P2,R03,training,21,325,0,0.0,0.0,0.0,0.0
P2,R03,training,21,326,0,0.0,0.0,0.0,0.0
P2,R03,training,21,327,0,0.0,0.0,0.0,0.0
P2,R03,training,21,328,0,0.0,0.0,0.0,0.0
P2,R03,training,21,329,0,0.0,0.0,0.0,0.0
P2,R03,training,21,330,0,0.0,0.0,0.0,0.0
P2,R03,training,21,331,0,0.0,0.0,0.0,0.0
P2,R03,training,21,332,0,0.0,0.0,0.0,0.0
P2,R03,training,21,333,0,0.0,0.0,0.0,0.0
P2,R03,training,21,334,0,0.0,0.0,0.0,0.0
P2,R03,training,21,335,0,0.0,0.0,0.0,0.0
P2,R03,training,21,336,0,0.0,0.0,0.0,0.0
P2,R03,training,21,337,0,0.0,0.0,0.0,0.0
P2,R03,training,21,338,0,0.0,0.0,0.0,0.0
P2,R03,training,21,339,0,0.0,0.0,0.0,0.0
P2,R03,training,21,340,0,0.0,0.0,0.0,0.0
P2,R03,training,21,341,0,0.0,0.0,0.0,0.0
P2,R03,training,21,342,0,0.0,0.0,0.0,0.0
P2,R03,training,21,343,0,0.0,0.0,0.0,0.0
P2,R03,training,21,344,0,0.0,0.0,0.0,0.0
P2,R03,training,21,345,0,0.0,0.0,0.0,0.0
P2,R03,training,21,346,0,0.0,0.0,0.0,0.0
P2,R03,training,21,347,0,0.0,0.0,0.0,0.0
P2,R03,training,21,348,0,0.0,0.0,0.0,0.0
P2,R03,training,21,349,0,0.0,0.0,0.0,0.0
P2,R03,training,21,350,0,0.0,0.0,0.0,0.0
P2,R03,training,21,351,0,0.0,0.0,0.0,0.0
P2,R03,training,21,352,0,0.0,0.0,0.0,0.0
P2,R03,training,21,353,0,0.0,0.0,0.0,0.0
P2,R03,training,21,354,0,0.0,0.0,0.0,0.0
P2,R03,training,21,355,0,0.0,0.0,0.0,0.0
P2,R03,training,21,356,0,0.0,0.0,0.0,0.0
P2,R03,training,21,357,0,0.0,0.0,0.0,0.0
P2,R03,training,21,358,0,0.0,0.0,0.0,0.0
P2,R03,training,21,359,0,0.0,0.0,0.0,0.0
P2,R03,training,21,360,0,0.0,0.0,0.0,0.0
P2,R03,training,21,361,0,0.0,0.0,0.0,0.0
P2,R03,training,21,362,0,0.0,0.0,0.0,0.0
P2,R03,training,21,363,0,0.0,0.0,0.0,0.0
P2,R03,training,21,364,0,0.0,0.0,0.0,0.0
P2,R03,training,21,365,0,0.0,0.0,0.0,0.0
P2,R03,training,21,366,0,0.0,0.0,0.0,0.0
P2,R03,training,21,367,0,0.0,0.0,0.0,0.0
P2,R03,training,21,368,0,0.0,0.0,0.0,0.0
P2,R03,training,21,369,0,0.0,0.0,0.0,0.0
P2,R03,training,21,370,0,0.0,0.0,0.0,0.0
P2,R03,training,21,371,0,0.0,0.0,0.0,0.0
P2,R03,training,21,372,0,0.0,0.0,0.0,0.0
P2,R03,training,21,373,0,0.0,0.0,0.0,0.0
P2,R03,training,21,374,0,0.0,0.0,0.0,0.0
P2,R03,training,21,375,0,0.0,0.0,0.0,0.0
P2,R03,training,21,376,0,0.0,0.0,0.0,0.0
P2,R03,training,21,377,0,0.0,0.0,0.0,0.0
P2,R03,training,21,378,0,0.0,0.0,0.0,0.0
P2,R03,training,21,379,0,0.0,0.0,0.0,0.0
P2,R03,training,21,380,0,0.0,0.0,0.0,0.0
P2,R03,training,21,381,0,0.0,0.0,0.0,0.0
P2,R03,training,21,382,0,0.0,0.0,0.0,0.0
P2,R03,training,21,383,0,0.0,0.0,0.0,0.0
P2,R03,training,21,384,0,0.0,0.0,0.0,0.0
P2,R03,training,21,385,0,0.0,0.0,0.0,0.0
P2,R03,training,21,386,0,0.0,0.0,0.0,0.0
P2,R03,training,21,387,0,0.0,0.0,0.0,0.0
P2,R03,training,21,388,0,0.0,0.0,0.0,0.0
P2,R03,training,21,389,0,0.0,0.0,0.0,0.0
P2,R03,training,21,390,0,0.0,0.0,0.0,0.0
P2,R03,training,21,391,0,0.0,0.0,0.0,0.0
P2,R03,training,21,392,0,0.0,0.0,0.0,0.0
P2,R03,training,21,393,0,0.0,0.0,0.0,0.0
P2,R03,training,21,394,0,0.0,0.0,0.0,0.0
P2,R03,training,21,395,0,0.0,0.0,0.0,0.0
P2,R03,training,21,396,0,0.0,0.0,0.0,0.0
P2,R03,training,21,397,0,0.0,0.0,0.0,0.0
P2,R03,training,21,398,0,0.0,0.0,0.0,0.0
P2,R03,training,21,399,0,0.0,0.0,0.0,0.0
P2,R03,training,21,400,0,0.0,0.0,0.0,0.0
P2,R03,training,21,401,0,0.0,0.0,0.0,0.0
P2,R03,training,21,402,0,0.0,0.0,0.0,0.0
P2,R03,training,21,403,0,0.0,0.0,0.0,0.0
P2,R03,training,21,404,0,0.0,0.0,0.0,0.0
P2,R03,training,21,405,0,0.0,0.0,0.0,0.0
P2,R03,training,21,406,0,0.0,0.0,0.0,0.0
P2,R03,training,21,407,0,0.0,0.0,0.0,0.0
P2,R03,training,21,408,0,0.0,0.0,0.0,0.0
P2,R03,training,21,409,0,0.0,0.0,0.0,0.0
P2,R03,training,21,410,0,0.0,0.0,0.0,0.0
P2,R03,training,21,411,0,0.0,0.0,0.0,0.0
P2,R03,training,21,412,0,0.0,0.0,0.0,0.0
P2,R03,training,21,413,0,0.0,0.0,0.0,0.0
P2,R03,training,21,414,0,0.0,0.0,0.0,0.0
P2,R03,training,21,415,0,0.0,0.0,0.0,0.0
P2,R03,training,21,416,0,0.0,0.0,0.0,0.0
P2,R03,training,21,417,0,0.0,0.0,0.0,0.0
P2,R03,training,21,418,0,0.0,0.0,0.0,0.0
P2,R03,training,21,419,0,0.0,0.0,0.0,0.0
P2,R03,training,21,420,0,0.0,0.0,0.0,0.0
P2,R03,training,21,421,0,0.0,0.0,0.0,0.0
P2,R03,training,21,422,0,0.0,0.0,0.0,0.0
P2,R03,training,21,423,0,0.0,0.0,0.0,0.0
P2,R03,training,21,424,0,0.0,0.0,0.0,0.0
P2,R03,training,21,425,0,0.0,0.0,0.0,0.0
P2,R03,training,21,426,0,0.0,0.0,0.0,0.0
P2,R03,training,21,427,0,0.0,0.0,0.0,0.0
P2,R03,training,21,428,0,0.0,0.0,0.0,0.0
P2,R03,training,21,429,0,0.0,0.0,0.0,0.0
P2,R03,training,21,430,0,0.0,0.0,0.0,0.0
P2,R03,training,21,431,0,0.0,0.0,0.0,0.0
P2,R03,training,21,432,0,0.0,0.0,0.0,0.0
P2,R03,training,21,433,0,0.0,0.0,0.0,0.0
P2,R03,training,21,434,0,0.0,0.0,0.0,0.0
P2,R03,training,21,435,0,0.0,0.0,0.0,0.0
P2,R03,training,21,436,0,0.0,0.0,0.0,0.0
P2,R03,training,21,437,0,0.0,0.0,0.0,0.0
P2,R03,training,21,438,0,0.0,0.0,0.0,0.0
P2,R03,training,21,439,0,0.0,0.0,0.0,0.0
P2,R03,training,21,440,0,0.0,0.0,0.0,0.0
P2,R03,training,21,441,0,0.0,0.0,0.0,0.0
P2,R03,training,21,442,0,0.0,0.0,0.0,0.0
P2,R03,training,21,443,0,0.0,0.0,0.0,0.0
P2,R03,training,21,444,0,0.0,0.0,0.0,0.0
P2,R03,training,21,445,0,0.0,0.0,0.0,0.0
P2,R03,training,21,446,0,0.0,0.0,0.0,0.0
P2,R03,training,21,447,0,0.0,0.0,0.0,0.0
P2,R03,training,21,448,0,0.0,0.0,0.0,0.0
P2,R03,training,21,449,0,0.0,0.0,0.0,0.0
P2,R03,training,21,450,0,0.0,0.0,0.0,0.0
P2,R03,training,21,451,0,0.0,0.0,0.0,0.0
P2,R03,training,21,452,0,0.0,0.0,0.0,0.0
P2,R03,training,21,453,0,0.0,0.0,0.0,0.0
P2,R03,training,21,454,0,0.0,0.0,0.0,0.0
P2,R03,training,21,455,0,0.0,0.0,0.0,0.0
P2,R03,training,21,456,0,0.0,0.0,0.0,0.0
P2,R03,training,21,457,0,0.0,0.0,0.0,0.0
P2,R03,training,21,458,0,0.0,0.0,0.0,0.0
P2,R03,training,21,459,0,0.0,0.0,0.0,0.0
P2,R03,training,21,460,0,0.0,0.0,0.0,0.0
P2,R03,training,21,461,0,0.0,0.0,0.0,0.0
P2,R03,training,21,462,0,0.0,0.0,0.0,0.0
P2,R03,training,21,463,0,0.0,0.0,0.0,0.0
P2,R03,training,21,464,0,0.0,0.0,0.0,0.0
P2,R03,training,21,465,0,0.0,0.0,0.0,0.0
P2,R03,training,21,466,0,0.0,0.0,0.0,0.0
P2,R03,training,21,467,0,0.0,0.0,0.0,0.0
P2,R03,training,21,468,0,0.0,0.0,0.0,0.0
P2,R03,training,21,469,0,0.0,0.0,0.0,0.0
P2,R03,training,21,470,0,0.0,0.0,0.0,0.0
P2,R03,training,21,471,0,0.0,0.0,0.0,0.0
P2,R03,training,21,472,0,0.0,0.0,0.0,0.0
P2,R03,training,21,473,0,0.0,0.0,0.0,0.0
P2,R03,training,21,474,0,0.0,0.0,0.0,0.0
P2,R03,training,21,475,0,0.0,0.0,0.0,0.0
P2,R03,training,21,476,0,0.0,0.0,0.0,0.0
P2,R03,training,21,477,0,0.0,0.0,0.0,0.0
P2,R03,training,21,478,0,0.0,0.0,0.0,0.0
P2,R03,training,21,479,0,0.0,0.0,0.0,0.0
P2,R03,training,21,480,0,0.0,0.0,0.0,0.0
P2,R03,training,21,481,0,0.0,0.0,0.0,0.0
P2,R03,training,21,482,0,0.0,0.0,0.0,0.0
P2,R03,training,21,483,0,0.0,0.0,0.0,0.0
P2,R03,training,21,484,0,0.0,0.0,0.0,0.0
P2,R03,training,21,485,0,0.0,0.0,0.0,0.0
P2,R03,training,21,486,0,0.0,0.0,0.0,0.0
P2,R03,training,21,487,0,0.0,0.0,0.0,0.0
P2,R03,training,21,488,0,0.0,0.0,0.0,0.0
P2,R03,training,21,489,0,0.0,0.0,0.0,0.0
P2,R03,training,21,490,0,0.0,0.0,0.0,0.0
P2,R03,training,21,491,0,0.0,0.0,0.0,0.0
P2,R03,training,21,492,0,0.0,0.0,0.0,0.0
P2,R03,training,21,493,0,0.0,0.0,0.0,0.0
P2,R03,training,21,494,0,0.0,0.0,0.0,0.0
P2,R03,training,21,495,0,0.0,0.0,0.0,0.0
P2,R03,training,21,496,0,0.0,0.0,0.0,0.0
P2,R03,training,21,497,0,0.0,0.0,0.0,0.0
P2,R03,training,21,498,0,0.0,0.0,0.0,0.0
P2,R03,training,21,499,0,0.0,0.0,0.0,0.0
P2,R03,training,21,500,0,0.0,0.0,0.0,0.0
P2,R03,training,21,501,0,0.0,0.0,0.0,0.0
P2,R03,training,21,502,0,0.0,0.0,0.0,0.0
P2,R03,training,21,503,0,0.0,0.0,0.0,0.0
P2,R03,training,21,504,0,0.0,0.0,0.0,0.0
P2,R03,training,21,505,0,0.0,0.0,0.0,0.0
P2,R03,training,21,506,0,0.0,0.0,0.0,0.0
P2,R03,training,21,507,0,0.0,0.0,0.0,0.0
P2,R03,training,21,508,0,0.0,0.0,0.0,0.0
P2,R03,training,21,509,0,0.0,0.0,0.0,0.0
P2,R03,training,21,510,0,0.0,0.0,0.0,0.0
P2,R03,training,21,511,0,0.0,0.0,0.0,0.0
P2,R03,training,21,512,0,0.0,0.0,0.0,0.0
P2,R03,training,21,513,0,0.0,0.0,0.0,0.0
P2,R03,training,21,514,0,0.0,0.0,0.0,0.0
P2,R03,training,21,515,0,0.0,0.0,0.0,0.0
P2,R03,training,21,516,0,0.0,0.0,0.0,0.0
P2,R03,training,21,517,0,0.0,0.0,0.0,0.0
P2,R03,training,21,518,0,0.0,0.0,0.0,0.0
P2,R03,training,21,519,0,0.0,0.0,0.0,0.0
P2,R03,training,21,520,0,0.0,0.0,0.0,0.0
P2,R03,training,21,521,0,0.0,0.0,0.0,0.0
P2,R03,training,21,522,0,0.0,0.0,0.0,0.0
P2,R03,training,21,523,0,0.0,0.0,0.0,0.0
P2,R03,training,21,524,0,0.0,0.0,0.0,0.0
P2,R03,training,21,525,0,0.0,0.0,0.0,0.0
P2,R03,training,21,526,0,0.0,0.0,0.0,0.0
P2,R03,training,21,527,0,0.0,0.0,0.0,0.0
P2,R03,training,21,528,0,0.0,0.0,0.0,0.0
P2,R03,training,21,529,0,0.0,0.0,0.0,0.0
P2,R03,training,21,530,0,0.0,0.0,0.0,0.0
P2,R03,training,21,531,0,0.0,0.0,0.0,0.0
P2,R03,training,21,532,0,0.0,0.0,0.0,0.0
P2,R03,training,21,533,0,0.0,0.0,0.0,0.0
P2,R03,training,21,534,0,0.0,0.0,0.0,0.0
P2,R03,training,21,535,0,0.0,0.0,0.0,0.0
P2,R03,training,21,536,0,0.0,0.0,0.0,0.0
P2,R03,training,21,537,0,0.0,0.0,0.0,0.0
P2,R03,training,21,538,0,0.0,0.0,0.0,0.0
P2,R03,training,21,539,0,0.0,0.0,0.0,0.0
P2,R03,training,21,540,0,0.0,0.0,0.0,0.0
P2,R03,training,21,541,0,0.0,0.0,0.0,0.0
P2,R03,training,21,542,0,0.0,0.0,0.0,0.0
P2,R03,training,21,543,0,0.0,0.0,0.0,0.0
P2,R03,training,21,544,0,0.0,0.0,0.0,0.0
P2,R03,training,21,545,0,0.0,0.0,0.0,0.0
P2,R03,training,21,546,0,0.0,0.0,0.0,0.0
P2,R03,training,21,547,0,0.0,0.0,0.0,0.0
P2,R03,training,21,548,0,0.0,0.0,0.0,0.0
P2,R03,training,21,549,0,0.0,0.0,0.0,0.0
P2,R03,training,21,550,0,0.0,0.0,0.0,0.0
P2,R03,training,21,551,0,0.0,0.0,0.0,0.0
P2,R03,training,21,552,0,0.0,0.0,0.0,0.0
P2,R03,training,21,553,0,0.0,0.0,0.0,0.0
P2,R03,training,21,554,0,0.0,0.0,0.0,0.0
P2,R03,training,21,555,0,0.0,0.0,0.0,0.0
P2,R03,training,21,556,0,0.0,0.0,0.0,0.0
P2,R03,training,21,557,0,0.0,0.0,0.0,0.0
P2,R03,training,21,558,0,0.0,0.0,0.0,0.0
P2,R03,training,21,559,0,0.0,0.0,0.0,0.0
P2,R03,training,21,560,0,0.0,0.0,0.0,0.0
P2,R03,training,21,561,0,0.0,0.0,0.0,0.0
P2,R03,training,21,562,0,0.0,0.0,0.0,0.0
P2,R03,training,21,563,0,0.0,0.0,0.0,0.0
P2,R03,training,21,564,0,0.0,0.0,0.0,0.0
P2,R03,training,21,565,0,0.0,0.0,0.0,0.0
P2,R03,training,21,566,0,0.0,0.0,0.0,0.0
P2,R03,training,21,567,0,0.0,0.0,0.0,0.0
P2,R03,training,21,568,0,0.0,0.0,0.0,0.0
P2,R03,training,21,569,0,0.0,0.0,0.0,0.0
P2,R03,training,21,570,0,0.0,0.0,0.0,0.0
P2,R03,training,21,571,0,0.0,0.0,0.0,0.0
P2,R03,training,21,572,0,0.0,0.0,0.0,0.0
P2,R03,training,21,573,0,0.0,0.0,0.0,0.0
P2,R03,training,21,574,0,0.0,0.0,0.0,0.0
P2,R03,training,21,575,0,0.0,0.0,0.0,0.0
P2,R03,training,21,576,0,0.0,0.0,0.0,0.0
P2,R03,training,21,577,0,0.0,0.0,0.0,0.0
P2,R03,training,21,578,0,0.0,0.0,0.0,0.0
P2,R03,training,21,579,0,0.0,0.0,0.0,0.0
P2,R03,training,21,580,0,0.0,0.0,0.0,0.0
P2,R03,training,21,581,0,0.0,0.0,0.0,0.0
P2,R03,training,21,582,0,0.0,0.0,0.0,0.0
P2,R03,training,21,583,0,0.0,0.0,0.0,0.0
P2,R03,training,21,584,0,0.0,0.0,0.0,0.0
P2,R03,training,21,585,0,0.0,0.0,0.0,0.0
P2,R03,training,21,586,0,0.0,0.0,0.0,0.0
P2,R03,training,21,587,0,0.0,0.0,0.0,0.0
P2,R03,training,21,588,0,0.0,0.0,0.0,0.0
P2,R03,training,21,589,0,0.0,0.0,0.0,0.0
P2,R03,training,21,590,0,0.0,0.0,0.0,0.0
P2,R03,training,21,591,0,0.0,0.0,0.0,0.0
P2,R03,training,21,592,0,0.0,0.0,0.0,0.0
P2,R03,training,21,593,0,0.0,0.0,0.0,0.0
P2,R03,training,21,594,0,0.0,0.0,0.0,0.0
P2,R03,training,21,595,0,0.0,0.0,0.0,0.0
P2,R03,training,21,596,0,0.0,0.0,0.0,0.0
P2,R03,training,21,597,0,0.0,0.0,0.0,0.0
P2,R03,training,21,598,0,0.0,0.0,0.0,0.0
P2,R03,training,21,599,0,0.0,0.0,0.0,0.0
P2,R03,training,21,600,0,0.0,0.0,0.0,0.0
P2,R03,training,21,601,0,0.0,0.0,0.0,0.0
P2,R03,training,21,602,0,0.0,0.0,0.0,0.0
P2,R03,training,21,603,0,0.0,0.0,0.0,0.0
P2,R03,training,21,604,0,0.0,0.0,0.0,0.0
P2,R03,training,21,605,0,0.0,0.0,0.0,0.0
P2,R03,training,21,606,0,0.0,0.0,0.0,0.0
P2,R03,training,21,607,0,0.0,0.0,0.0,0.0
P2,R03,training,21,608,0,0.0,0.0,0.0,0.0
P2,R03,training,21,609,0,0.0,0.0,0.0,0.0
P2,R03,training,21,610,0,0.0,0.0,0.0,0.0
P2,R03,training,21,611,0,0.0,0.0,0.0,0.0
P2,R03,training,21,612,0,0.0,0.0,0.0,0.0
P2,R03,training,21,613,0,0.0,0.0,0.0,0.0
P2,R03,training,21,614,0,0.0,0.0,0.0,0.0
P2,R03,training,21,615,0,0.0,0.0,0.0,0.0
P2,R03,training,21,616,0,0.0,0.0,0.0,0.0
P2,R03,training,21,617,0,0.0,0.0,0.0,0.0
P2,R03,training,21,618,0,0.0,0.0,0.0,0.0
P2,R03,training,21,619,0,0.0,0.0,0.0,0.0
P2,R03,training,21,620,0,0.0,0.0,0.0,0.0
P2,R03,training,21,621,0,0.0,0.0,0.0,0.0
P2,R03,training,21,622,0,0.0,0.0,0.0,0.0
P2,R03,training,21,623,0,0.0,0.0,0.0,0.0
P2,R03,training,21,624,0,0.0,0.0,0.0,0.0
P2,R03,training,21,625,0,0.0,0.0,0.0,0.0
P2,R03,training,21,626,0,0.0,0.0,0.0,0.0
P2,R03,training,21,627,0,0.0,0.0,0.0,0.0
P2,R03,training,21,628,0,0.0,0.0,0.0,0.0
P2,R03,training,21,629,0,0.0,0.0,0.0,0.0
P2,R03,training,21,630,0,0.0,0.0,0.0,0.0
P2,R03,training,21,631,0,0.0,0.0,0.0,0.0
P2,R03,training,21,632,0,0.0,0.0,0.0,0.0
P2,R03,training,21,633,0,0.0,0.0,0.0,0.0
P2,R03,training,21,634,0,0.0,0.0,0.0,0.0
P2,R03,training,21,635,0,0.0,0.0,0.0,0.0
P2,R03,training,21,636,0,0.0,0.0,0.0,0.0
P2,R03,training,21,637,0,0.0,0.0,0.0,0.0
P2,R03,training,21,638,0,0.0,0.0,0.0,0.0
P2,R03,training,21,639,0,0.0,0.0,0.0,0.0
P2,R03,training,21,640,0,0.0,0.0,0.0,0.0
P2,R03,training,21,641,0,0.0,0.0,0.0,0.0
P2,R03,training,21,642,0,0.0,0.0,0.0,0.0
P2,R03,training,21,643,0,0.0,0.0,0.0,0.0
P2,R03,training,21,644,0,0.0,0.0,0.0,0.0
P2,R03,training,21,645,0,0.0,0.0,0.0,0.0
P2,R03,training,21,646,0,0.0,0.0,0.0,0.0
P2,R03,training,21,647,0,0.0,0.0,0.0,0.0
P2,R03,training,21,648,0,0.0,0.0,0.0,0.0
P2,R03,training,21,649,0,0.0,0.0,0.0,0.0
P2,R03,training,21,650,0,0.0,0.0,0.0,0.0
P2,R03,training,21,651,0,0.0,0.0,0.0,0.0
P2,R03,training,21,652,0,0.0,0.0,0.0,0.0
P2,R03,training,21,653,0,0.0,0.0,0.0,0.0
P2,R03,training,21,654,0,0.0,0.0,0.0,0.0
P2,R03,training,21,655,0,0.0,0.0,0.0,0.0
P2,R03,training,21,656,0,0.0,0.0,0.0,0.0
P2,R03,training,21,657,0,0.0,0.0,0.0,0.0
P2,R03,training,21,658,0,0.0,0.0,0.0,0.0
P2,R03,training,21,659,0,0.0,0.0,0.0,0.0
P2,R03,training,21,660,0,0.0,0.0,0.0,0.0
P2,R03,training,21,661,0,0.0,0.0,0.0,0.0
P2,R03,training,21,662,0,0.0,0.0,0.0,0.0
P2,R03,training,21,663,0,0.0,0.0,0.0,0.0
P2,R03,training,21,664,0,0.0,0.0,0.0,0.0
P2,R03,training,21,665,0,0.0,0.0,0.0,0.0
P2,R03,training,21,666,0,0.0,0.0,0.0,0.0
P2,R03,training,21,667,0,0.0,0.0,0.0,0.0
P2,R03,training,21,668,0,0.0,0.0,0.0,0.0
P2,R03,training,21,669,0,0.0,0.0,0.0,0.0
P2,R03,training,21,670,0,0.0,0.0,0.0,0.0
P2,R03,training,21,671,0,0.0,0.0,0.0,0.0
P2,R03,training,21,672,0,0.0,0.0,0.0,0.0
P2,R03,training,21,673,0,0.0,0.0,0.0,0.0
P2,R03,training,21,674,0,0.0,0.0,0.0,0.0
P2,R03,training,21,675,0,0.0,0.0,0.0,0.0
P2,R03,training,21,676,0,0.0,0.0,0.0,0.0
P2,R03,training,21,677,0,0.0,0.0,0.0,0.0
P2,R03,training,21,678,0,0.0,0.0,0.0,0.0
P2,R03,training,21,679,0,0.0,0.0,0.0,0.0
P2,R03,training,21,680,0,0.0,0.0,0.0,0.0
P2,R03,training,21,681,0,0.0,0.0,0.0,0.0
P2,R03,training,21,682,0,0.0,0.0,0.0,0.0
P2,R03,training,21,683,0,0.0,0.0,0.0,0.0
P2,R03,training,21,684,0,0.0,0.0,0.0,0.0
P2,R03,training,21,685,0,0.0,0.0,0.0,0.0
P2,R03,training,21,686,0,0.0,0.0,0.0,0.0
P2,R03,training,21,687,0,0.0,0.0,0.0,0.0
P2,R03,training,21,688,0,0.0,0.0,0.0,0.0
P2,R03,training,21,689,0,0.0,0.0,0.0,0.0
P2,R03,training,21,690,0,0.0,0.0,0.0,0.0
P2,R03,training,21,691,0,0.0,0.0,0.0,0.0
P2,R03,training,21,692,0,0.0,0.0,0.0,0.0
P2,R03,training,21,693,0,0.0,0.0,0.0,0.0
P2,R03,training,21,694,0,0.0,0.0,0.0,0.0
P2,R03,training,21,695,0,0.0,0.0,0.0,0.0
P2,R03,training,21,696,0,0.0,0.0,0.0,0.0
P2,R03,training,21,697,0,0.0,0.0,0.0,0.0
P2,R03,training,21,698,0,0.0,0.0,0.0,0.0
P2,R03,training,21,699,0,0.0,0.0,0.0,0.0
P2,R03,training,21,700,0,0.0,0.0,0.0,0.0
P2,R03,training,21,701,0,0.0,0.0,0.0,0.0
P2,R03,training,21,702,0,0.0,0.0,0.0,0.0
P2,R03,training,21,703,0,0.0,0.0,0.0,0.0
P2,R03,training,21,704,0,0.0,0.0,0.0,0.0
P2,R03,training,21,705,0,0.0,0.0,0.0,0.0
P2,R03,training,21,706,0,0.0,0.0,0.0,0.0
P2,R03,training,21,707,0,0.0,0.0,0.0,0.0
P2,R03,training,21,708,0,0.0,0.0,0.0,0.0
P2,R03,training,21,709,0,0.0,0.0,0.0,0.0
P2,R03,training,21,710,0,0.0,0.0,0.0,0.0
P2,R03,training,21,711,0,0.0,0.0,0.0,0.0
P2,R03,training,21,712,0,0.0,0.0,0.0,0.0
P3,R03,training,21,0,0,0.0,0.0,0.0,0.0
P3,R03,training,21,1,0,0.0,0.0,0.0,0.0
P3,R03,training,21,2,0,0.0,0.0,0.0,0.0
P3,R03,training,21,3,0,0.0,0.0,0.0,0.0
P3,R03,training,21,4,0,0.0,0.0,0.0,0.0
P3,R03,training,21,5,0,0.0,0.0,0.0,0.0
P3,R03,training,21,6,0,0.0,0.0,0.0,0.0
P3,R03,training,21,7,0,0.0,0.0,0.0,0.0
P3,R03,training,21,8,0,0.0,0.0,0.0,0.0
P3,R03,training,21,9,0,0.0,0.0,0.0,0.0
P3,R03,training,21,10,0,0.0,0.0,0.0,0.0
P3,R03,training,21,11,0,0.0,0.0,0.0,0.0
P3,R03,training,21,12,0,0.0,0.0,0.0,0.0
P3,R03,training,21,13,0,0.0,0.0,0.0,0.0
P3,R03,training,21,14,0,0.0,0.0,0.0,0.0
P3,R03,training,21,15,0,0.0,0.0,0.0,0.0
P3,R03,training,21,16,0,0.0,0.0,0.0,0.0
P3,R03,training,21,17,0,0.0,0.0,0.0,0.0
P3,R03,training,21,18,0,0.0,0.0,0.0,0.0
P3,R03,training,21,19,0,0.0,0.0,0.0,0.0
P3,R03,training,21,20,0,0.0,0.0,0.0,0.0
P3,R03,training,21,21,0,0.0,0.0,0.0,0.0
P3,R03,training,21,22,0,0.0,0.0,0.0,0.0
P3,R03,training,21,23,0,0.0,0.0,0.0,0.0
P3,R03,training,21,24,0,0.0,0.0,0.0,0.0
P3,R03,training,21,25,0,0.0,0.0,0.0,0.0
P3,R03,training,21,26,0,0.0,0.0,0.0,0.0
P3,R03,training,21,27,0,0.0,0.0,0.0,0.0
P3,R03,training,21,28,0,0.0,0.0,0.0,0.0
P3,R03,training,21,29,0,0.0,0.0,0.0,0.0
P3,R03,training,21,30,0,0.0,0.0,0.0,0.0
P3,R03,training,21,31,0,0.0,0.0,0.0,0.0
P3,R03,training,21,32,0,0.0,0.0,0.0,0.0
P3,R03,training,21,33,0,0.0,0.0,0.0,0.0
P3,R03,training,21,34,0,0.0,0.0,0.0,0.0
P3,R03,training,21,35,0,0.0,0.0,0.0,0.0
P3,R03,training,21,36,0,0.0,0.0,0.0,0.0
P3,R03,training,21,37,0,0.0,0.0,0.0,0.0
P3,R03,training,21,38,0,0.0,0.0,0.0,0.0
P3,R03,training,21,39,0,0.0,0.0,0.0,0.0
P3,R03,training,21,40,0,0.0,0.0,0.0,0.0
P3,R03,training,21,41,0,0.0,0.0,0.0,0.0
P3,R03,training,21,42,0,0.0,0.0,0.0,0.0
P3,R03,training,21,43,0,0.0,0.0,0.0,0.0
P3,R03,training,21,44,0,0.0,0.0,0.0,0.0
P3,R03,training,21,45,0,0.0,0.0,0.0,0.0
P3,R03,training,21,46,0,0.0,0.0,0.0,0.0
P3,R03,training,21,47,0,0.0,0.0,0.0,0.0
P3,R03,training,21,48,0,0.0,0.0,0.0,0.0
P3,R03,training,21,49,0,0.0,0.0,0.0,0.0
P3,R03,training,21,50,0,0.0,0.0,0.0,0.0
P3,R03,training,21,51,0,0.0,0.0,0.0,0.0
P3,R03,training,21,52,0,0.0,0.0,0.0,0.0
P3,R03,training,21,53,0,0.0,0.0,0.0,0.0
P3,R03,training,21,54,0,0.0,0.0,0.0,0.0
P3,R03,training,21,55,0,0.0,0.0,0.0,0.0
P3,R03,training,21,56,0,0.0,0.0,0.0,0.0
P3,R03,training,21,57,0,0.0,0.0,0.0,0.0
P3,R03,training,21,58,0,0.0,0.0,0.0,0.0
P3,R03,training,21,59,0,0.0,0.0,0.0,0.0
P3,R03,training,21,60,0,0.0,0.0,0.0,0.0
P3,R03,training,21,61,0,0.0,0.0,0.0,0.0
P3,R03,training,21,62,0,0.0,0.0,0.0,0.0
P3,R03,training,21,63,0,0.0,0.0,0.0,0.0
P3,R03,training,21,64,0,0.0,0.0,0.0,0.0
P3,R03,training,21,65,0,0.0,0.0,0.0,0.0
P3,R03,training,21,66,0,0.0,0.0,0.0,0.0
P3,R03,training,21,67,0,0.0,0.0,0.0,0.0
P3,R03,training,21,68,0,0.0,0.0,0.0,0.0
P3,R03,training,21,69,0,0.0,0.0,0.0,0.0
P3,R03,training,21,70,0,0.0,0.0,0.0,0.0
P3,R03,training,21,71,0,0.0,0.0,0.0,0.0
P3,R03,training,21,72,0,0.0,0.0,0.0,0.0
P3,R03,training,21,73,0,0.0,0.0,0.0,0.0
P3,R03,training,21,74,0,0.0,0.0,0.0,0.0
P3,R03,training,21,75,0,0.0,0.0,0.0,0.0
P3,R03,training,21,76,0,0.0,0.0,0.0,0.0
P3,R03,training,21,77,0,0.0,0.0,0.0,0.0
P3,R03,training,21,78,0,0.0,0.0,0.0,0.0
P3,R03,training,21,79,0,0.0,0.0,0.0,0.0
P3,R03,training,21,80,0,0.0,0.0,0.0,0.0
P3,R03,training,21,81,0,0.0,0.0,0.0,0.0
P3,R03,training,21,82,0,0.0,0.0,0.0,0.0
P3,R03,training,21,83,0,0.0,0.0,0.0,0.0
P3,R03,training,21,84,0,0.0,0.0,0.0,0.0
P3,R03,training,21,85,0,0.0,0.0,0.0,0.0
P3,R03,training,21,86,0,0.0,0.0,0.0,0.0
P3,R03,training,21,87,0,0.0,0.0,0.0,0.0
P3,R03,training,21,88,0,0.0,0.0,0.0,0.0
P3,R03,training,21,89,0,0.0,0.0,0.0,0.0
P3,R03,training,21,90,0,0.0,0.0,0.0,0.0
P3,R03,training,21,91,0,0.0,0.0,0.0,0.0
P3,R03,training,21,92,0,0.0,0.0,0.0,0.0
P3,R03,training,21,93,0,0.0,0.0,0.0,0.0
P3,R03,training,21,94,0,0.0,0.0,0.0,0.0
P3,R03,training,21,95,0,0.0,0.0,0.0,0.0
P3,R03,training,21,96,0,0.0,0.0,0.0,0.0
P3,R03,training,21,97,0,0.0,0.0,0.0,0.0
P3,R03,training,21,98,0,0.0,0.0,0.0,0.0
P3,R03,training,21,99,0,0.0,0.0,0.0,0.0
P3,R03,training,21,100,0,0.0,0.0,0.0,0.0
P3,R03,training,21,101,0,0.0,0.0,0.0,0.0
P3,R03,training,21,102,0,0.0,0.0,0.0,0.0
P3,R03,training,21,103,0,0.0,0.0,0.0,0.0
P3,R03,training,21,104,0,0.0,0.0,0.0,0.0
P3,R03,training,21,105,0,0.0,0.0,0.0,0.0
P3,R03,training,21,106,0,0.0,0.0,0.0,0.0
P3,R03,training,21,107,0,0.0,0.0,0.0,0.0
P3,R03,training,21,108,0,0.0,0.0,0.0,0.0
P3,R03,training,21,109,0,0.0,0.0,0.0,0.0
P3,R03,training,21,110,0,0.0,0.0,0.0,0.0
P3,R03,training,21,111,0,0.0,0.0,0.0,0.0
P3,R03,training,21,112,0,0.0,0.0,0.0,0.0
P3,R03,training,21,113,0,0.0,0.0,0.0,0.0
P3,R03,training,21,114,0,0.0,0.0,0.0,0.0
P3,R03,training,21,115,0,0.0,0.0,0.0,0.0
P3,R03,training,21,116,0,0.0,0.0,0.0,0.0
P3,R03,training,21,117,0,0.0,0.0,0.0,0.0
P3,R03,training,21,118,0,0.0,0.0,0.0,0.0
P3,R03,training,21,119,0,0.0,0.0,0.0,0.0
P3,R03,training,21,120,0,0.0,0.0,0.0,0.0
P3,R03,training,21,121,0,0.0,0.0,0.0,0.0
P3,R03,training,21,122,0,0.0,0.0,0.0,0.0
P3,R03,training,21,123,0,0.0,0.0,0.0,0.0
P3,R03,training,21,124,0,0.0,0.0,0.0,0.0
P3,R03,training,21,125,0,0.0,0.0,0.0,0.0
P3,R03,training,21,126,0,0.0,0.0,0.0,0.0
P3,R03,training,21,127,0,0.0,0.0,0.0,0.0
P3,R03,training,21,128,0,0.0,0.0,0.0,0.0
P3,R03,training,21,129,0,0.0,0.0,0.0,0.0
P3,R03,training,21,130,0,0.0,0.0,0.0,0.0
P3,R03,training,21,131,0,0.0,0.0,0.0,0.0
P3,R03,training,21,132,0,0.0,0.0,0.0,0.0
P3,R03,training,21,133,0,0.0,0.0,0.0,0.0
P3,R03,training,21,134,0,0.0,0.0,0.0,0.0
P3,R03,training,21,135,0,0.0,0.0,0.0,0.0
P3,R03,training,21,136,0,0.0,0.0,0.0,0.0
P3,R03,training,21,137,0,0.0,0.0,0.0,0.0
P3,R03,training,21,138,0,0.0,0.0,0.0,0.0
P3,R03,training,21,139,0,0.0,0.0,0.0,0.0
P3,R03,training,21,140,0,0.0,0.0,0.0,0.0
P3,R03,training,21,141,0,0.0,0.0,0.0,0.0
P3,R03,training,21,142,0,0.0,0.0,0.0,0.0
P3,R03,training,21,143,0,0.0,0.0,0.0,0.0
P3,R03,training,21,144,0,0.0,0.0,0.0,0.0
P3,R03,training,21,145,0,0.0,0.0,0.0,0.0
P3,R03,training,21,146,0,0.0,0.0,0.0,0.0
P3,R03,training,21,147,0,0.0,0.0,0.0,0.0
P3,R03,training,21,148,0,0.0,0.0,0.0,0.0
P3,R03,training,21,149,0,0.0,0.0,0.0,0.0
P3,R03,training,21,150,0,0.0,0.0,0.0,0.0
P3,R03,training,21,151,0,0.0,0.0,0.0,0.0
P3,R03,training,21,152,0,0.0,0.0,0.0,0.0
P3,R03,training,21,153,0,0.0,0.0,0.0,0.0
P3,R03,training,21,154,0,0.0,0.0,0.0,0.0
P3,R03,training,21,155,0,0.0,0.0,0.0,0.0
P3,R03,training,21,156,0,0.0,0.0,0.0,0.0
P3,R03,training,21,157,0,0.0,0.0,0.0,0.0
P3,R03,training,21,158,0,0.0,0.0,0.0,0.0
P3,R03,training,21,159,0,0.0,0.0,0.0,0.0
P3,R03,training,21,160,0,0.0,0.0,0.0,0.0
P3,R03,training,21,161,0,0.0,0.0,0.0,0.0
P3,R03,training,21,162,0,0.0,0.0,0.0,0.0
P3,R03,training,21,163,0,0.0,0.0,0.0,0.0
P3,R03,training,21,164,0,0.0,0.0,0.0,0.0
P3,R03,training,21,165,0,0.0,0.0,0.0,0.0
P3,R03,training,21,166,0,0.0,0.0,0.0,0.0
P3,R03,training,21,167,0,0.0,0.0,0.0,0.0
P3,R03,training,21,168,0,0.0,0.0,0.0,0.0
P3,R03,training,21,169,0,0.0,0.0,0.0,0.0
P3,R03,training,21,170,0,0.0,0.0,0.0,0.0
P3,R03,training,21,171,0,0.0,0.0,0.0,0.0
P3,R03,training,21,172,0,0.0,0.0,0.0,0.0
P3,R03,training,21,173,0,0.0,0.0,0.0,0.0
P3,R03,training,21,174,0,0.0,0.0,0.0,0.0
P3,R03,training,21,175,0,0.0,0.0,0.0,0.0
P3,R03,training,21,176,0,0.0,0.0,0.0,0.0
P3,R03,training,21,177,0,0.0,0.0,0.0,0.0
P3,R03,training,21,178,0,0.0,0.0,0.0,0.0
P3,R03,training,21,179,0,0.0,0.0,0.0,0.0
P3,R03,training,21,180,0,0.0,0.0,0.0,0.0
P3,R03,training,21,181,0,0.0,0.0,0.0,0.0
P3,R03,training,21,182,0,0.0,0.0,0.0,0.0
P3,R03,training,21,183,0,0.0,0.0,0.0,0.0
P3,R03,training,21,184,0,0.0,0.0,0.0,0.0
P3,R03,training,21,185,0,0.0,0.0,0.0,0.0
P3,R03,training,21,186,0,0.0,0.0,0.0,0.0
P3,R03,training,21,187,0,0.0,0.0,0.0,0.0
P3,R03,training,21,188,0,0.0,0.0,0.0,0.0
P3,R03,training,21,189,0,0.0,0.0,0.0,0.0
P3,R03,training,21,190,0,0.0,0.0,0.0,0.0
P3,R03,training,21,191,0,0.0,0.0,0.0,0.0
P3,R03,training,21,192,0,0.0,0.0,0.0,0.0
P3,R03,training,21,193,0,0.0,0.0,0.0,0.0
P3,R03,training,21,194,0,0.0,0.0,0.0,0.0
P3,R03,training,21,195,0,0.0,0.0,0.0,0.0
P3,R03,training,21,196,0,0.0,0.0,0.0,0.0
P3,R03,training,21,197,0,0.0,0.0,0.0,0.0
P3,R03,training,21,198,0,0.0,0.0,0.0,0.0
P3,R03,training,21,199,0,0.0,0.0,0.0,0.0
P3,R03,training,21,200,0,0.0,0.0,0.0,0.0
P3,R03,training,21,201,0,0.0,0.0,0.0,0.0
P3,R03,training,21,202,0,0.0,0.0,0.0,0.0
P3,R03,training,21,203,0,0.0,0.0,0.0,0.0
P3,R03,training,21,204,0,0.0,0.0,0.0,0.0
P3,R03,training,21,205,0,0.0,0.0,0.0,0.0
P3,R03,training,21,206,0,0.0,0.0,0.0,0.0
P3,R03,training,21,207,0,0.0,0.0,0.0,0.0
P3,R03,training,21,208,0,0.0,0.0,0.0,0.0
P3,R03,training,21,209,0,0.0,0.0,0.0,0.0
P3,R03,training,21,210,0,0.0,0.0,0.0,0.0
P3,R03,training,21,211,0,0.0,0.0,0.0,0.0
P3,R03,training,21,212,0,0.0,0.0,0.0,0.0
P3,R03,training,21,213,0,0.0,0.0,0.0,0.0
P3,R03,training,21,214,0,0.0,0.0,0.0,0.0
P3,R03,training,21,215,0,0.0,0.0,0.0,0.0
P3,R03,training,21,216,0,0.0,0.0,0.0,0.0
P3,R03,training,21,217,0,0.0,0.0,0.0,0.0
P3,R03,training,21,218,0,0.0,0.0,0.0,0.0
P3,R03,training,21,219,0,0.0,0.0,0.0,0.0
P3,R03,training,21,220,0,0.0,0.0,0.0,0.0
P3,R03,training,21,221,0,0.0,0.0,0.0,0.0
P3,R03,training,21,222,0,0.0,0.0,0.0,0.0
P3,R03,training,21,223,0,0.0,0.0,0.0,0.0
P3,R03,training,21,224,0,0.0,0.0,0.0,0.0
P3,R03,training,21,225,0,0.0,0.0,0.0,0.0
P3,R03,training,21,226,0,0.0,0.0,0.0,0.0
P3,R03,training,21,227,0,0.0,0.0,0.0,0.0
P3,R03,training,21,228,0,0.0,0.0,0.0,0.0
P3,R03,training,21,229,0,0.0,0.0,0.0,0.0
P3,R03,training,21,230,0,0.0,0.0,0.0,0.0
P3,R03,training,21,231,0,0.0,0.0,0.0,0.0
P3,R03,training,21,232,0,0.0,0.0,0.0,0.0
P3,R03,training,21,233,0,0.0,0.0,0.0,0.0
P3,R03,training,21,234,0,0.0,0.0,0.0,0.0
P3,R03,training,21,235,0,0.0,0.0,0.0,0.0
P3,R03,training,21,236,0,0.0,0.0,0.0,0.0
P3,R03,training,21,237,0,0.0,0.0,0.0,0.0
P3,R03,training,21,238,0,0.0,0.0,0.0,0.0
P3,R03,training,21,239,0,0.0,0.0,0.0,0.0
P3,R03,training,21,240,0,0.0,0.0,0.0,0.0
P3,R03,training,21,241,0,0.0,0.0,0.0,0.0
P3,R03,training,21,242,0,0.0,0.0,0.0,0.0
P3,R03,training,21,243,0,0.0,0.0,0.0,0.0
P3,R03,training,21,244,0,0.0,0.0,0.0,0.0
P3,R03,training,21,245,0,0.0,0.0,0.0,0.0
P3,R03,training,21,246,0,0.0,0.0,0.0,0.0
P3,R03,training,21,247,0,0.0,0.0,0.0,0.0
P3,R03,training,21,248,0,0.0,0.0,0.0,0.0
P3,R03,training,21,249,0,0.0,0.0,0.0,0.0
P3,R03,training,21,250,0,0.0,0.0,0.0,0.0
P3,R03,training,21,251,0,0.0,0.0,0.0,0.0
P3,R03,training,21,252,0,0.0,0.0,0.0,0.0
P3,R03,training,21,253,0,0.0,0.0,0.0,0.0
P3,R03,training,21,254,0,0.0,0.0,0.0,0.0
P3,R03,training,21,255,0,0.0,0.0,0.0,0.0
P3,R03,training,21,256,0,0.0,0.0,0.0,0.0
P3,R03,training,21,257,0,0.0,0.0,0.0,0.0
P3,R03,training,21,258,0,0.0,0.0,0.0,0.0
P3,R03,training,21,259,0,0.0,0.0,0.0,0.0
P3,R03,training,21,260,0,0.0,0.0,0.0,0.0
P3,R03,training,21,261,0,0.0,0.0,0.0,0.0
P3,R03,training,21,262,0,0.0,0.0,0.0,0.0
P3,R03,training,21,263,0,0.0,0.0,0.0,0.0
P3,R03,training,21,264,0,0.0,0.0,0.0,0.0
P3,R03,training,21,265,0,0.0,0.0,0.0,0.0
P3,R03,training,21,266,0,0.0,0.0,0.0,0.0
P3,R03,training,21,267,0,0.0,0.0,0.0,0.0
P3,R03,training,21,268,0,0.0,0.0,0.0,0.0
P3,R03,training,21,269,0,0.0,0.0,0.0,0.0
P3,R03,training,21,270,0,0.0,0.0,0.0,0.0
P3,R03,training,21,271,0,0.0,0.0,0.0,0.0
P3,R03,training,21,272,0,0.0,0.0,0.0,0.0
P3,R03,training,21,273,0,0.0,0.0,0.0,0.0
P3,R03,training,21,274,0,0.0,0.0,0.0,0.0
P3,R03,training,21,275,0,0.0,0.0,0.0,0.0
P3,R03,training,21,276,0,0.0,0.0,0.0,0.0
P3,R03,training,21,277,0,0.0,0.0,0.0,0.0
P3,R03,training,21,278,0,0.0,0.0,0.0,0.0
P3,R03,training,21,279,0,0.0,0.0,0.0,0.0
P3,R03,training,21,280,0,0.0,0.0,0.0,0.0
P3,R03,training,21,281,0,0.0,0.0,0.0,0.0
P3,R03,training,21,282,0,0.0,0.0,0.0,0.0
P3,R03,training,21,283,0,0.0,0.0,0.0,0.0
P3,R03,training,21,284,0,0.0,0.0,0.0,0.0
P3,R03,training,21,285,0,0.0,0.0,0.0,0.0
P3,R03,training,21,286,0,0.0,0.0,0.0,0.0
P3,R03,training,21,287,0,0.0,0.0,0.0,0.0
P3,R03,training,21,288,0,0.0,0.0,0.0,0.0
P3,R03,training,21,289,0,0.0,0.0,0.0,0.0
P3,R03,training,21,290,0,0.0,0.0,0.0,0.0
P3,R03,training,21,291,0,0.0,0.0,0.0,0.0
P3,R03,training,21,292,0,0.0,0.0,0.0,0.0
P3,R03,training,21,293,0,0.0,0.0,0.0,0.0
P3,R03,training,21,294,0,0.0,0.0,0.0,0.0
P3,R03,training,21,295,0,0.0,0.0,0.0,0.0
P3,R03,training,21,296,0,0.0,0.0,0.0,0.0
P3,R03,training,21,297,0,0.0,0.0,0.0,0.0
P3,R03,training,21,298,0,0.0,0.0,0.0,0.0
P3,R03,training,21,299,0,0.0,0.0,0.0,0.0
P3,R03,training,21,300,0,0.0,0.0,0.0,0.0
P3,R03,training,21,301,0,0.0,0.0,0.0,0.0
P3,R03,training,21,302,0,0.0,0.0,0.0,0.0
P3,R03,training,21,303,0,0.0,0.0,0.0,0.0
P3,R03,training,21,304,0,0.0,0.0,0.0,0.0
P3,R03,training,21,305,0,0.0,0.0,0.0,0.0
P3,R03,training,21,306,0,0.0,0.0,0.0,0.0
P3,R03,training,21,307,0,0.0,0.0,0.0,0.0
P3,R03,training,21,308,0,0.0,0.0,0.0,0.0
P3,R03,training,21,309,0,0.0,0.0,0.0,0.0
P3,R03,training,21,310,0,0.0,0.0,0.0,0.0
P3,R03,training,21,311,0,0.0,0.0,0.0,0.0
P3,R03,training,21,312,0,0.0,0.0,0.0,0.0
P3,R03,training,21,313,0,0.0,0.0,0.0,0.0
P3,R03,training,21,314,0,0.0,0.0,0.0,0.0
P3,R03,training,21,315,0,0.0,0.0,0.0,0.0
P3,R03,training,21,316,0,0.0,0.0,0.0,0.0
P3,R03,training,21,317,0,0.0,0.0,0.0,0.0
P3,R03,training,21,318,0,0.0,0.0,0.0,0.0
P3,R03,training,21,319,0,0.0,0.0,0.0,0.0
P3,R03,training,21,320,0,0.0,0.0,0.0,0.0
P3,R03,training,21,321,0,0.0,0.0,0.0,0.0
P3,R03,training,21,322,0,0.0,0.0,0.0,0.0
P3,R03,training,21,323,0,0.0,0.0,0.0,0.0
P3,R03,training,21,324,0,0.0,0.0,0.0,0.0
P3,R03,training,21,325,0,0.0,0.0,0.0,0.0
P3,R03,training,21,326,0,0.0,0.0,0.0,0.0
P3,R03,training,21,327,0,0.0,0.0,0.0,0.0
P3,R03,training,21,328,0,0.0,0.0,0.0,0.0
P3,R03,training,21,329,0,0.0,0.0,0.0,0.0
P3,R03,training,21,330,0,0.0,0.0,0.0,0.0
P3,R03,training,21,331,0,0.0,0.0,0.0,0.0
P3,R03,training,21,332,0,0.0,0.0,0.0,0.0
P3,R03,training,21,333,0,0.0,0.0,0.0,0.0
P3,R03,training,21,334,0,0.0,0.0,0.0,0.0
P3,R03,training,21,335,0,0.0,0.0,0.0,0.0
P3,R03,training,21,336,0,0.0,0.0,0.0,0.0
P3,R03,training,21,337,0,0.0,0.0,0.0,0.0
P3,R03,training,21,338,0,0.0,0.0,0.0,0.0
P3,R03,training,21,339,0,0.0,0.0,0.0,0.0
P3,R03,training,21,340,0,0.0,0.0,0.0,0.0
P3,R03,training,21,341,0,0.0,0.0,0.0,0.0
P3,R03,training,21,342,0,0.0,0.0,0.0,0.0
P3,R03,training,21,343,0,0.0,0.0,0.0,0.0
P3,R03,training,21,344,0,0.0,0.0,0.0,0.0
P3,R03,training,21,345,0,0.0,0.0,0.0,0.0
P3,R03,training,21,346,0,0.0,0.0,0.0,0.0
P3,R03,training,21,347,0,0.0,0.0,0.0,0.0
P3,R03,training,21,348,0,0.0,0.0,0.0,0.0
P3,R03,training,21,349,0,0.0,0.0,0.0,0.0
P3,R03,training,21,350,0,0.0,0.0,0.0,0.0
P3,R03,training,21,351,0,0.0,0.0,0.0,0.0
P3,R03,training,21,352,0,0.0,0.0,0.0,0.0
P3,R03,training,21,353,0,0.0,0.0,0.0,0.0
P3,R03,training,21,354,0,0.0,0.0,0.0,0.0
P3,R03,training,21,355,0,0.0,0.0,0.0,0.0
P3,R03,training,21,356,0,0.0,0.0,0.0,0.0
P3,R03,training,21,357,0,0.0,0.0,0.0,0.0
P3,R03,training,21,358,0,0.0,0.0,0.0,0.0
P3,R03,training,21,359,0,0.0,0.0,0.0,0.0
P3,R03,training,21,360,0,0.0,0.0,0.0,0.0
P3,R03,training,21,361,0,0.0,0.0,0.0,0.0
P3,R03,training,21,362,0,0.0,0.0,0.0,0.0
P3,R03,training,21,363,0,0.0,0.0,0.0,0.0
P3,R03,training,21,364,0,0.0,0.0,0.0,0.0
P3,R03,training,21,365,0,0.0,0.0,0.0,0.0
P3,R03,training,21,366,0,0.0,0.0,0.0,0.0
P3,R03,training,21,367,0,0.0,0.0,0.0,0.0
P3,R03,training,21,368,0,0.0,0.0,0.0,0.0
P3,R03,training,21,369,0,0.0,0.0,0.0,0.0
P3,R03,training,21,370,0,0.0,0.0,0.0,0.0
P3,R03,training,21,371,0,0.0,0.0,0.0,0.0
P3,R03,training,21,372,0,0.0,0.0,0.0,0.0
P3,R03,training,21,373,0,0.0,0.0,0.0,0.0
P3,R03,training,21,374,0,0.0,0.0,0.0,0.0
P3,R03,training,21,375,0,0.0,0.0,0.0,0.0
P3,R03,training,21,376,0,0.0,0.0,0.0,0.0
P3,R03,training,21,377,0,0.0,0.0,0.0,0.0
P3,R03,training,21,378,0,0.0,0.0,0.0,0.0
P3,R03,training,21,379,0,0.0,0.0,0.0,0.0
P3,R03,training,21,380,0,0.0,0.0,0.0,0.0
P3,R03,training,21,381,0,0.0,0.0,0.0,0.0
P3,R03,training,21,382,0,0.0,0.0,0.0,0.0
P3,R03,training,21,383,0,0.0,0.0,0.0,0.0
P3,R03,training,21,384,0,0.0,0.0,0.0,0.0
P3,R03,training,21,385,0,0.0,0.0,0.0,0.0
P3,R03,training,21,386,0,0.0,0.0,0.0,0.0
P3,R03,training,21,387,0,0.0,0.0,0.0,0.0
P3,R03,training,21,388,0,0.0,0.0,0.0,0.0
P3,R03,training,21,389,0,0.0,0.0,0.0,0.0
P3,R03,training,21,390,0,0.0,0.0,0.0,0.0
P3,R03,training,21,391,0,0.0,0.0,0.0,0.0
P3,R03,training,21,392,0,0.0,0.0,0.0,0.0
P3,R03,training,21,393,0,0.0,0.0,0.0,0.0
P3,R03,training,21,394,0,0.0,0.0,0.0,0.0
P3,R03,training,21,395,0,0.0,0.0,0.0,0.0
P3,R03,training,21,396,0,0.0,0.0,0.0,0.0
P3,R03,training,21,397,0,0.0,0.0,0.0,0.0
P3,R03,training,21,398,0,0.0,0.0,0.0,0.0
P3,R03,training,21,399,0,0.0,0.0,0.0,0.0
P3,R03,training,21,400,0,0.0,0.0,0.0,0.0
P3,R03,training,21,401,0,0.0,0.0,0.0,0.0
P3,R03,training,21,402,0,0.0,0.0,0.0,0.0
P3,R03,training,21,403,0,0.0,0.0,0.0,0.0
P3,R03,training,21,404,0,0.0,0.0,0.0,0.0
P3,R03,training,21,405,0,0.0,0.0,0.0,0.0
P3,R03,training,21,406,0,0.0,0.0,0.0,0.0
P3,R03,training,21,407,0,0.0,0.0,0.0,0.0
P3,R03,training,21,408,0,0.0,0.0,0.0,0.0
P3,R03,training,21,409,0,0.0,0.0,0.0,0.0
P3,R03,training,21,410,0,0.0,0.0,0.0,0.0
P3,R03,training,21,411,0,0.0,0.0,0.0,0.0
P3,R03,training,21,412,0,0.0,0.0,0.0,0.0
P3,R03,training,21,413,0,0.0,0.0,0.0,0.0
P3,R03,training,21,414,0,0.0,0.0,0.0,0.0
P3,R03,training,21,415,0,0.0,0.0,0.0,0.0
P3,R03,training,21,416,0,0.0,0.0,0.0,0.0
P3,R03,training,21,417,0,0.0,0.0,0.0,0.0
P3,R03,training,21,418,0,0.0,0.0,0.0,0.0
P3,R03,training,21,419,0,0.0,0.0,0.0,0.0
P3,R03,training,21,420,0,0.0,0.0,0.0,0.0
P3,R03,training,21,421,0,0.0,0.0,0.0,0.0
P3,R03,training,21,422,0,0.0,0.0,0.0,0.0
P3,R03,training,21,423,0,0.0,0.0,0.0,0.0
P3,R03,training,21,424,0,0.0,0.0,0.0,0.0
P3,R03,training,21,425,0,0.0,0.0,0.0,0.0
P3,R03,training,21,426,0,0.0,0.0,0.0,0.0
P3,R03,training,21,427,0,0.0,0.0,0.0,0.0
P3,R03,training,21,428,0,0.0,0.0,0.0,0.0
P3,R03,training,21,429,0,0.0,0.0,0.0,0.0
P3,R03,training,21,430,0,0.0,0.0,0.0,0.0
P3,R03,training,21,431,0,0.0,0.0,0.0,0.0
P3,R03,training,21,432,0,0.0,0.0,0.0,0.0
P3,R03,training,21,433,0,0.0,0.0,0.0,0.0
P3,R03,training,21,434,0,0.0,0.0,0.0,0.0
P3,R03,training,21,435,0,0.0,0.0,0.0,0.0
P3,R03,training,21,436,0,0.0,0.0,0.0,0.0
P3,R03,training,21,437,0,0.0,0.0,0.0,0.0
P3,R03,training,21,438,0,0.0,0.0,0.0,0.0
P3,R03,training,21,439,0,0.0,0.0,0.0,0.0
P3,R03,training,21,440,0,0.0,0.0,0.0,0.0
P3,R03,training,21,441,0,0.0,0.0,0.0,0.0
P3,R03,training,21,442,0,0.0,0.0,0.0,0.0
P3,R03,training,21,443,0,0.0,0.0,0.0,0.0
P3,R03,training,21,444,0,0.0,0.0,0.0,0.0
P3,R03,training,21,445,0,0.0,0.0,0.0,0.0
P3,R03,training,21,446,0,0.0,0.0,0.0,0.0
P3,R03,training,21,447,0,0.0,0.0,0.0,0.0
P3,R03,training,21,448,0,0.0,0.0,0.0,0.0
P3,R03,training,21,449,0,0.0,0.0,0.0,0.0
P3,R03,training,21,450,0,0.0,0.0,0.0,0.0
P3,R03,training,21,451,0,0.0,0.0,0.0,0.0
P3,R03,training,21,452,0,0.0,0.0,0.0,0.0
P3,R03,training,21,453,0,0.0,0.0,0.0,0.0
P3,R03,training,21,454,0,0.0,0.0,0.0,0.0
P3,R03,training,21,455,0,0.0,0.0,0.0,0.0
P3,R03,training,21,456,0,0.0,0.0,0.0,0.0
P3,R03,training,21,457,0,0.0,0.0,0.0,0.0
P3,R03,training,21,458,0,0.0,0.0,0.0,0.0
P3,R03,training,21,459,0,0.0,0.0,0.0,0.0
P3,R03,training,21,460,0,0.0,0.0,0.0,0.0
P3,R03,training,21,461,0,0.0,0.0,0.0,0.0
P3,R03,training,21,462,0,0.0,0.0,0.0,0.0
P3,R03,training,21,463,0,0.0,0.0,0.0,0.0
P3,R03,training,21,464,0,0.0,0.0,0.0,0.0
P3,R03,training,21,465,0,0.0,0.0,0.0,0.0
P3,R03,training,21,466,0,0.0,0.0,0.0,0.0
P3,R03,training,21,467,0,0.0,0.0,0.0,0.0
P3,R03,training,21,468,0,0.0,0.0,0.0,0.0
P3,R03,training,21,469,0,0.0,0.0,0.0,0.0
P3,R03,training,21,470,0,0.0,0.0,0.0,0.0
P3,R03,training,21,471,0,0.0,0.0,0.0,0.0
P3,R03,training,21,472,0,0.0,0.0,0.0,0.0
P3,R03,training,21,473,0,0.0,0.0,0.0,0.0
P3,R03,training,21,474,0,0.0,0.0,0.0,0.0
P3,R03,training,21,475,0,0.0,0.0,0.0,0.0
P3,R03,training,21,476,0,0.0,0.0,0.0,0.0
P3,R03,training,21,477,0,0.0,0.0,0.0,0.0
P3,R03,training,21,478,0,0.0,0.0,0.0,0.0
P3,R03,training,21,479,0,0.0,0.0,0.0,0.0
P3,R03,training,21,480,0,0.0,0.0,0.0,0.0
P3,R03,training,21,481,0,0.0,0.0,0.0,0.0
P3,R03,training,21,482,0,0.0,0.0,0.0,0.0
P3,R03,training,21,483,0,0.0,0.0,0.0,0.0
P3,R03,training,21,484,0,0.0,0.0,0.0,0.0
P3,R03,training,21,485,0,0.0,0.0,0.0,0.0
P3,R03,training,21,486,0,0.0,0.0,0.0,0.0
P3,R03,training,21,487,0,0.0,0.0,0.0,0.0
P3,R03,training,21,488,0,0.0,0.0,0.0,0.0
P3,R03,training,21,489,0,0.0,0.0,0.0,0.0
P3,R03,training,21,490,0,0.0,0.0,0.0,0.0
P3,R03,training,21,491,0,0.0,0.0,0.0,0.0
P3,R03,training,21,492,0,0.0,0.0,0.0,0.0
P3,R03,training,21,493,0,0.0,0.0,0.0,0.0
P3,R03,training,21,494,0,0.0,0.0,0.0,0.0
P3,R03,training,21,495,0,0.0,0.0,0.0,0.0
P3,R03,training,21,496,0,0.0,0.0,0.0,0.0
P3,R03,training,21,497,0,0.0,0.0,0.0,0.0
P3,R03,training,21,498,0,0.0,0.0,0.0,0.0
P3,R03,training,21,499,0,0.0,0.0,0.0,0.0
P3,R03,training,21,500,0,0.0,0.0,0.0,0.0
P3,R03,training,21,501,0,0.0,0.0,0.0,0.0
P3,R03,training,21,502,0,0.0,0.0,0.0,0.0
P3,R03,training,21,503,0,0.0,0.0,0.0,0.0
P3,R03,training,21,504,0,0.0,0.0,0.0,0.0
P3,R03,training,21,505,0,0.0,0.0,0.0,0.0
P3,R03,training,21,506,0,0.0,0.0,0.0,0.0
P3,R03,training,21,507,0,0.0,0.0,0.0,0.0
P3,R03,training,21,508,0,0.0,0.0,0.0,0.0
P3,R03,training,21,509,0,0.0,0.0,0.0,0.0
P3,R03,training,21,510,0,0.0,0.0,0.0,0.0
P3,R03,training,21,511,0,0.0,0.0,0.0,0.0
P3,R03,training,21,512,0,0.0,0.0,0.0,0.0
P3,R03,training,21,513,0,0.0,0.0,0.0,0.0
P3,R03,training,21,514,0,0.0,0.0,0.0,0.0
P3,R03,training,21,515,0,0.0,0.0,0.0,0.0
P3,R03,training,21,516,0,0.0,0.0,0.0,0.0
P3,R03,training,21,517,0,0.0,0.0,0.0,0.0
P3,R03,training,21,518,0,0.0,0.0,0.0,0.0
P3,R03,training,21,519,0,0.0,0.0,0.0,0.0
P3,R03,training,21,520,0,0.0,0.0,0.0,0.0
P3,R03,training,21,521,0,0.0,0.0,0.0,0.0
P3,R03,training,21,522,0,0.0,0.0,0.0,0.0
P3,R03,training,21,523,0,0.0,0.0,0.0,0.0
P3,R03,training,21,524,0,0.0,0.0,0.0,0.0
P3,R03,training,21,525,0,0.0,0.0,0.0,0.0
P3,R03,training,21,526,0,0.0,0.0,0.0,0.0
P3,R03,training,21,527,0,0.0,0.0,0.0,0.0
P3,R03,training,21,528,0,0.0,0.0,0.0,0.0
P3,R03,training,21,529,0,0.0,0.0,0.0,0.0
P3,R03,training,21,530,0,0.0,0.0,0.0,0.0
P3,R03,training,21,531,0,0.0,0.0,0.0,0.0
P3,R03,training,21,532,0,0.0,0.0,0.0,0.0
P3,R03,training,21,533,0,0.0,0.0,0.0,0.0
P3,R03,training,21,534,0,0.0,0.0,0.0,0.0
P3,R03,training,21,535,0,0.0,0.0,0.0,0.0
P3,R03,training,21,536,0,0.0,0.0,0.0,0.0
P3,R03,training,21,537,0,0.0,0.0,0.0,0.0
P3,R03,training,21,538,0,0.0,0.0,0.0,0.0
P3,R03,training,21,539,0,0.0,0.0,0.0,0.0
P3,R03,training,21,540,0,0.0,0.0,0.0,0.0
P3,R03,training,21,541,0,0.0,0.0,0.0,0.0
P3,R03,training,21,542,0,0.0,0.0,0.0,0.0
P3,R03,training,21,543,0,0.0,0.0,0.0,0.0
P3,R03,training,21,544,0,0.0,0.0,0.0,0.0
P3,R03,training,21,545,0,0.0,0.0,0.0,0.0
P3,R03,training,21,546,0,0.0,0.0,0.0,0.0
P3,R03,training,21,547,0,0.0,0.0,0.0,0.0
P3,R03,training,21,548,0,0.0,0.0,0.0,0.0
P3,R03,training,21,549,0,0.0,0.0,0.0,0.0
P3,R03,training,21,550,0,0.0,0.0,0.0,0.0
P3,R03,training,21,551,0,0.0,0.0,0.0,0.0
P3,R03,training,21,552,0,0.0,0.0,0.0,0.0
P3,R03,training,21,553,0,0.0,0.0,0.0,0.0
P3,R03,training,21,554,0,0.0,0.0,0.0,0.0
P3,R03,training,21,555,0,0.0,0.0,0.0,0.0
P3,R03,training,21,556,0,0.0,0.0,0.0,0.0
P3,R03,training,21,557,0,0.0,0.0,0.0,0.0
P3,R03,training,21,558,0,0.0,0.0,0.0,0.0
P3,R03,training,21,559,0,0.0,0.0,0.0,0.0
P3,R03,training,21,560,0,0.0,0.0,0.0,0.0
P3,R03,training,21,561,0,0.0,0.0,0.0,0.0
P3,R03,training,21,562,0,0.0,0.0,0.0,0.0
P3,R03,training,21,563,0,0.0,0.0,0.0,0.0
P3,R03,training,21,564,0,0.0,0.0,0.0,0.0
P3,R03,training,21,565,0,0.0,0.0,0.0,0.0
P3,R03,training,21,566,0,0.0,0.0,0.0,0.0
P3,R03,training,21,567,0,0.0,0.0,0.0,0.0
P3,R03,training,21,568,0,0.0,0.0,0.0,0.0
P3,R03,training,21,569,0,0.0,0.0,0.0,0.0
P3,R03,training,21,570,0,0.0,0.0,0.0,0.0
P3,R03,training,21,571,0,0.0,0.0,0.0,0.0
P3,R03,training,21,572,0,0.0,0.0,0.0,0.0
P3,R03,training,21,573,0,0.0,0.0,0.0,0.0
P3,R03,training,21,574,0,0.0,0.0,0.0,0.0
P3,R03,training,21,575,0,0.0,0.0,0.0,0.0
P3,R03,training,21,576,0,0.0,0.0,0.0,0.0
P3,R03,training,21,577,0,0.0,0.0,0.0,0.0
P3,R03,training,21,578,0,0.0,0.0,0.0,0.0
P3,R03,training,21,579,0,0.0,0.0,0.0,0.0
P3,R03,training,21,580,0,0.0,0.0,0.0,0.0
P3,R03,training,21,581,0,0.0,0.0,0.0,0.0
P3,R03,training,21,582,0,0.0,0.0,0.0,0.0
P3,R03,training,21,583,0,0.0,0.0,0.0,0.0
P3,R03,training,21,584,0,0.0,0.0,0.0,0.0
P3,R03,training,21,585,0,0.0,0.0,0.0,0.0
P3,R03,training,21,586,0,0.0,0.0,0.0,0.0
P3,R03,training,21,587,0,0.0,0.0,0.0,0.0
P3,R03,training,21,588,0,0.0,0.0,0.0,0.0
P3,R03,training,21,589,0,0.0,0.0,0.0,0.0
P3,R03,training,21,590,0,0.0,0.0,0.0,0.0
P3,R03,training,21,591,0,0.0,0.0,0.0,0.0
P3,R03,training,21,592,0,0.0,0.0,0.0,0.0
P3,R03,training,21,593,0,0.0,0.0,0.0,0.0
P3,R03,training,21,594,0,0.0,0.0,0.0,0.0
P3,R03,training,21,595,0,0.0,0.0,0.0,0.0
P3,R03,training,21,596,0,0.0,0.0,0.0,0.0
P3,R03,training,21,597,0,0.0,0.0,0.0,0.0
P3,R03,training,21,598,0,0.0,0.0,0.0,0.0
P3,R03,training,21,599,0,0.0,0.0,0.0,0.0
P3,R03,training,21,600,0,0.0,0.0,0.0,0.0
P3,R03,training,21,601,0,0.0,0.0,0.0,0.0
P3,R03,training,21,602,0,0.0,0.0,0.0,0.0
P3,R03,training,21,603,0,0.0,0.0,0.0,0.0
P3,R03,training,21,604,0,0.0,0.0,0.0,0.0
P3,R03,training,21,605,0,0.0,0.0,0.0,0.0
P3,R03,training,21,606,0,0.0,0.0,0.0,0.0
P3,R03,training,21,607,0,0.0,0.0,0.0,0.0
P3,R03,training,21,608,0,0.0,0.0,0.0,0.0
P3,R03,training,21,609,0,0.0,0.0,0.0,0.0
P3,R03,training,21,610,0,0.0,0.0,0.0,0.0
P3,R03,training,21,611,0,0.0,0.0,0.0,0.0
P3,R03,training,21,612,0,0.0,0.0,0.0,0.0
P3,R03,training,21,613,0,0.0,0.0,0.0,0.0
P3,R03,training,21,614,0,0.0,0.0,0.0,0.0
P3,R03,training,21,615,0,0.0,0.0,0.0,0.0
P3,R03,training,21,616,0,0.0,0.0,0.0,0.0
P3,R03,training,21,617,0,0.0,0.0,0.0,0.0
P3,R03,training,21,618,0,0.0,0.0,0.0,0.0
P3,R03,training,21,619,0,0.0,0.0,0.0,0.0
P3,R03,training,21,620,0,0.0,0.0,0.0,0.0
P3,R03,training,21,621,0,0.0,0.0,0.0,0.0
P3,R03,training,21,622,0,0.0,0.0,0.0,0.0
P3,R03,training,21,623,0,0.0,0.0,0.0,0.0
P3,R03,training,21,624,0,0.0,0.0,0.0,0.0
P3,R03,training,21,625,0,0.0,0.0,0.0,0.0
P3,R03,training,21,626,0,0.0,0.0,0.0,0.0
P3,R03,training,21,627,0,0.0,0.0,0.0,0.0
P3,R03,training,21,628,0,0.0,0.0,0.0,0.0
P3,R03,training,21,629,0,0.0,0.0,0.0,0.0
P3,R03,training,21,630,0,0.0,0.0,0.0,0.0
P3,R03,training,21,631,0,0.0,0.0,0.0,0.0
P3,R03,training,21,632,0,0.0,0.0,0.0,0.0
P3,R03,training,21,633,0,0.0,0.0,0.0,0.0
P3,R03,training,21,634,0,0.0,0.0,0.0,0.0
P3,R03,training,21,635,0,0.0,0.0,0.0,0.0
P3,R03,training,21,636,0,0.0,0.0,0.0,0.0
P3,R03,training,21,637,0,0.0,0.0,0.0,0.0
P3,R03,training,21,638,0,0.0,0.0,0.0,0.0
P3,R03,training,21,639,0,0.0,0.0,0.0,0.0
P3,R03,training,21,640,0,0.0,0.0,0.0,0.0
P3,R03,training,21,641,0,0.0,0.0,0.0,0.0
P3,R03,training,21,642,0,0.0,0.0,0.0,0.0
P3,R03,training,21,643,0,0.0,0.0,0.0,0.0
P3,R03,training,21,644,0,0.0,0.0,0.0,0.0
P3,R03,training,21,645,0,0.0,0.0,0.0,0.0
P3,R03,training,21,646,0,0.0,0.0,0.0,0.0
P3,R03,training,21,647,0,0.0,0.0,0.0,0.0
P3,R03,training,21,648,0,0.0,0.0,0.0,0.0
P3,R03,training,21,649,0,0.0,0.0,0.0,0.0
P3,R03,training,21,650,0,0.0,0.0,0.0,0.0
P3,R03,training,21,651,0,0.0,0.0,0.0,0.0
P3,R03,training,21,652,0,0.0,0.0,0.0,0.0
P3,R03,training,21,653,0,0.0,0.0,0.0,0.0
P3,R03,training,21,654,0,0.0,0.0,0.0,0.0
P3,R03,training,21,655,0,0.0,0.0,0.0,0.0
P3,R03,training,21,656,0,0.0,0.0,0.0,0.0
P3,R03,training,21,657,0,0.0,0.0,0.0,0.0
P3,R03,training,21,658,0,0.0,0.0,0.0,0.0
P3,R03,training,21,659,0,0.0,0.0,0.0,0.0
P3,R03,training,21,660,0,0.0,0.0,0.0,0.0
P3,R03,training,21,661,0,0.0,0.0,0.0,0.0
P3,R03,training,21,662,0,0.0,0.0,0.0,0.0
P3,R03,training,21,663,0,0.0,0.0,0.0,0.0
P3,R03,training,21,664,0,0.0,0.0,0.0,0.0
P3,R03,training,21,665,0,0.0,0.0,0.0,0.0
P3,R03,training,21,666,0,0.0,0.0,0.0,0.0
P3,R03,training,21,667,0,0.0,0.0,0.0,0.0
P3,R03,training,21,668,0,0.0,0.0,0.0,0.0
P3,R03,training,21,669,0,0.0,0.0,0.0,0.0
P3,R03,training,21,670,0,0.0,0.0,0.0,0.0
P3,R03,training,21,671,0,0.0,0.0,0.0,0.0
P3,R03,training,21,672,0,0.0,0.0,0.0,0.0
P3,R03,training,21,673,0,0.0,0.0,0.0,0.0
P3,R03,training,21,674,0,0.0,0.0,0.0,0.0
P3,R03,training,21,675,0,0.0,0.0,0.0,0.0
P3,R03,training,21,676,0,0.0,0.0,0.0,0.0
P3,R03,training,21,677,0,0.0,0.0,0.0,0.0
P3,R03,training,21,678,0,0.0,0.0,0.0,0.0
P3,R03,training,21,679,0,0.0,0.0,0.0,0.0
P3,R03,training,21,680,0,0.0,0.0,0.0,0.0
P3,R03,training,21,681,0,0.0,0.0,0.0,0.0
P3,R03,training,21,682,0,0.0,0.0,0.0,0.0
P3,R03,training,21,683,0,0.0,0.0,0.0,0.0
P3,R03,training,21,684,0,0.0,0.0,0.0,0.0
P3,R03,training,21,685,0,0.0,0.0,0.0,0.0
P3,R03,training,21,686,0,0.0,0.0,0.0,0.0
P3,R03,training,21,687,0,0.0,0.0,0.0,0.0
P3,R03,training,21,688,0,0.0,0.0,0.0,0.0
P3,R03,training,21,689,0,0.0,0.0,0.0,0.0
P3,R03,training,21,690,0,0.0,0.0,0.0,0.0
P3,R03,training,21,691,0,0.0,0.0,0.0,0.0
P3,R03,training,21,692,0,0.0,0.0,0.0,0.0
P3,R03,training,21,693,0,0.0,0.0,0.0,0.0
P3,R03,training,21,694,0,0.0,0.0,0.0,0.0
P3,R03,training,21,695,0,0.0,0.0,0.0,0.0
P3,R03,training,21,696,0,0.0,0.0,0.0,0.0
P3,R03,training,21,697,0,0.0,0.0,0.0,0.0
P3,R03,training,21,698,0,0.0,0.0,0.0,0.0
P3,R03,training,21,699,0,0.0,0.0,0.0,0.0
P3,R03,training,21,700,0,0.0,0.0,0.0,0.0
P3,R03,training,21,701,0,0.0,0.0,0.0,0.0
P3,R03,training,21,702,0,0.0,0.0,0.0,0.0
P3,R03,training,21,703,0,0.0,0.0,0.0,0.0
P3,R03,training,21,704,0,0.0,0.0,0.0,0.0
P3,R03,training,21,705,0,0.0,0.0,0.0,0.0
P3,R03,training,21,706,0,0.0,0.0,0.0,0.0
P3,R03,training,21,707,0,0.0,0.0,0.0,0.0
P3,R03,training,21,708,0,0.0,0.0,0.0,0.0
P3,R03,training,21,709,0,0.0,0.0,0.0,0.0
P3,R03,training,21,710,0,0.0,0.0,0.0,0.0
P3,R03,training,21,711,0,0.0,0.0,0.0,0.0
P3,R03,training,21,712,0,0.0,0.0,0.0,0.0
A,R03,training,22,0,0,0.0,0.0,0.0,0.0
A,R03,training,22,1,0,0.0,0.0,0.0,0.0
A,R03,training,22,2,0,0.0,0.0,0.0,0.0
A,R03,training,22,3,0,0.0,0.0,0.0,0.0
A,R03,training,22,4,0,0.0,0.0,0.0,0.0
A,R03,training,22,5,0,0.0,0.0,0.0,0.0
A,R03,training,22,6,0,0.0,0.0,0.0,0.0
A,R03,training,22,7,0,0.0,0.0,0.0,0.0
A,R03,training,22,8,0,0.0,0.0,0.0,0.0
A,R03,training,22,9,0,0.0,0.0,0.0,0.0
A,R03,training,22,10,0,0.0,0.0,0.0,0.0
A,R03,training,22,11,0,0.0,0.0,0.0,0.0
A,R03,training,22,12,0,0.0,0.0,0.0,0.0
A,R03,training,22,13,0,0.0,0.0,0.0,0.0
A,R03,training,22,14,0,0.0,0.0,0.0,0.0
A,R03,training,22,15,0,0.0,0.0,0.0,0.0
A,R03,training,22,16,0,0.0,0.0,0.0,0.0
A,R03,training,22,17,0,0.0,0.0,0.0,0.0
A,R03,training,22,18,0,0.0,0.0,0.0,0.0
A,R03,training,22,19,0,0.0,0.0,0.0,0.0
A,R03,training,22,20,0,0.0,0.0,0.0,0.0
A,R03,training,22,21,0,0.0,0.0,0.0,0.0
A,R03,training,22,22,0,0.0,0.0,0.0,0.0
A,R03,training,22,23,0,0.0,0.0,0.0,0.0
A,R03,training,22,24,0,0.0,0.0,0.0,0.0
A,R03,training,22,25,0,0.0,0.0,0.0,0.0
A,R03,training,22,26,0,0.0,0.0,0.0,0.0
A,R03,training,22,27,0,0.0,0.0,0.0,0.0
A,R03,training,22,28,0,0.0,0.0,0.0,0.0
A,R03,training,22,29,0,0.0,0.0,0.0,0.0
A,R03,training,22,30,0,0.0,0.0,0.0,0.0
A,R03,training,22,31,0,0.0,0.0,0.0,0.0
A,R03,training,22,32,0,0.0,0.0,0.0,0.0
A,R03,training,22,33,0,0.0,0.0,0.0,0.0
A,R03,training,22,34,0,0.0,0.0,0.0,0.0
A,R03,training,22,35,0,0.0,0.0,0.0,0.0
A,R03,training,22,36,0,0.0,0.0,0.0,0.0
A,R03,training,22,37,0,0.0,0.0,0.0,0.0
A,R03,training,22,38,0,0.0,0.0,0.0,0.0
A,R03,training,22,39,0,0.0,0.0,0.0,0.0
A,R03,training,22,40,0,0.0,0.0,0.0,0.0
A,R03,training,22,41,0,0.0,0.0,0.0,0.0
A,R03,training,22,42,0,0.0,0.0,0.0,0.0
A,R03,training,22,43,0,0.0,0.0,0.0,0.0
A,R03,training,22,44,0,0.0,0.0,0.0,0.0
A,R03,training,22,45,0,0.0,0.0,0.0,0.0
A,R03,training,22,46,0,0.0,0.0,0.0,0.0
A,R03,training,22,47,0,0.0,0.0,0.0,0.0
A,R03,training,22,48,0,0.0,0.0,0.0,0.0
A,R03,training,22,49,0,0.0,0.0,0.0,0.0
A,R03,training,22,50,0,0.0,0.0,0.0,0.0
A,R03,training,22,51,0,0.0,0.0,0.0,0.0
A,R03,training,22,52,0,0.0,0.0,0.0,0.0
A,R03,training,22,53,0,0.0,0.0,0.0,0.0
A,R03,training,22,54,0,0.0,0.0,0.0,0.0
A,R03,training,22,55,0,0.0,0.0,0.0,0.0
A,R03,training,22,56,0,0.0,0.0,0.0,0.0
A,R03,training,22,57,0,0.0,0.0,0.0,0.0
A,R03,training,22,58,0,0.0,0.0,0.0,0.0
A,R03,training,22,59,0,0.0,0.0,0.0,0.0
A,R03,training,22,60,0,0.0,0.0,0.0,0.0
A,R03,training,22,61,0,0.0,0.0,0.0,0.0
A,R03,training,22,62,0,0.0,0.0,0.0,0.0
A,R03,training,22,63,0,0.0,0.0,0.0,0.0
A,R03,training,22,64,0,0.0,0.0,0.0,0.0
A,R03,training,22,65,0,0.0,0.0,0.0,0.0
A,R03,training,22,66,0,0.0,0.0,0.0,0.0
A,R03,training,22,67,0,0.0,0.0,0.0,0.0
A,R03,training,22,68,0,0.0,0.0,0.0,0.0
A,R03,training,22,69,0,0.0,0.0,0.0,0.0
A,R03,training,22,70,0,0.0,0.0,0.0,0.0
A,R03,training,22,71,0,0.0,0.0,0.0,0.0
A,R03,training,22,72,0,0.0,0.0,0.0,0.0
A,R03,training,22,73,0,0.0,0.0,0.0,0.0
A,R03,training,22,74,0,0.0,0.0,0.0,0.0
A,R03,training,22,75,0,0.0,0.0,0.0,0.0
A,R03,training,22,76,0,0.0,0.0,0.0,0.0
A,R03,training,22,77,0,0.0,0.0,0.0,0.0
A,R03,training,22,78,0,0.0,0.0,0.0,0.0
A,R03,training,22,79,0,0.0,0.0,0.0,0.0
A,R03,training,22,80,0,0.0,0.0,0.0,0.0
A,R03,training,22,81,0,0.0,0.0,0.0,0.0
A,R03,training,22,82,0,0.0,0.0,0.0,0.0
A,R03,training,22,83,0,0.0,0.0,0.0,0.0
A,R03,training,22,84,0,0.0,0.0,0.0,0.0
A,R03,training,22,85,0,0.0,0.0,0.0,0.0
A,R03,training,22,86,0,0.0,0.0,0.0,0.0
A,R03,training,22,87,0,0.0,0.0,0.0,0.0
A,R03,training,22,88,0,0.0,0.0,0.0,0.0
A,R03,training,22,89,0,0.0,0.0,0.0,0.0
A,R03,training,22,90,0,0.0,0.0,0.0,0.0
A,R03,training,22,91,0,0.0,0.0,0.0,0.0
A,R03,training,22,92,0,0.0,0.0,0.0,0.0
A,R03,training,22,93,0,0.0,0.0,0.0,0.0
A,R03,training,22,94,0,0.0,0.0,0.0,0.0
A,R03,training,22,95,0,0.0,0.0,0.0,0.0
A,R03,training,22,96,0,0.0,0.0,0.0,0.0
A,R03,training,22,97,0,0.0,0.0,0.0,0.0
A,R03,training,22,98,0,0.0,0.0,0.0,0.0
A,R03,training,22,99,0,0.0,0.0,0.0,0.0
A,R03,training,22,100,0,0.0,0.0,0.0,0.0
A,R03,training,22,101,0,0.0,0.0,0.0,0.0
A,R03,training,22,102,0,0.0,0.0,0.0,0.0
A,R03,training,22,103,0,0.0,0.0,0.0,0.0
A,R03,training,22,104,0,0.0,0.0,0.0,0.0
A,R03,training,22,105,0,0.0,0.0,0.0,0.0
A,R03,training,22,106,0,0.0,0.0,0.0,0.0
A,R03,training,22,107,0,0.0,0.0,0.0,0.0
A,R03,training,22,108,0,0.0,0.0,0.0,0.0
A,R03,training,22,109,0,0.0,0.0,0.0,0.0
A,R03,training,22,110,0,0.0,0.0,0.0,0.0
A,R03,training,22,111,0,0.0,0.0,0.0,0.0
A,R03,training,22,112,0,0.0,0.0,0.0,0.0
A,R03,training,22,113,0,0.0,0.0,0.0,0.0
A,R03,training,22,114,0,0.0,0.0,0.0,0.0
A,R03,training,22,115,0,0.0,0.0,0.0,0.0
A,R03,training,22,116,0,0.0,0.0,0.0,0.0
A,R03,training,22,117,0,0.0,0.0,0.0,0.0
A,R03,training,22,118,0,0.0,0.0,0.0,0.0
A,R03,training,22,119,0,0.0,0.0,0.0,0.0
A,R03,training,22,120,0,0.0,0.0,0.0,0.0
A,R03,training,22,121,0,0.0,0.0,0.0,0.0
A,R03,training,22,122,0,0.0,0.0,0.0,0.0
A,R03,training,22,123,0,0.0,0.0,0.0,0.0
A,R03,training,22,124,0,0.0,0.0,0.0,0.0
A,R03,training,22,125,0,0.0,0.0,0.0,0.0
A,R03,training,22,126,0,0.0,0.0,0.0,0.0
A,R03,training,22,127,0,0.0,0.0,0.0,0.0
A,R03,training,22,128,0,0.0,0.0,0.0,0.0
A,R03,training,22,129,0,0.0,0.0,0.0,0.0
A,R03,training,22,130,0,0.0,0.0,0.0,0.0
A,R03,training,22,131,0,0.0,0.0,0.0,0.0
A,R03,training,22,132,0,0.0,0.0,0.0,0.0
A,R03,training,22,133,0,0.0,0.0,0.0,0.0
A,R03,training,22,134,0,0.0,0.0,0.0,0.0
A,R03,training,22,135,0,0.0,0.0,0.0,0.0
A,R03,training,22,136,0,0.0,0.0,0.0,0.0
A,R03,training,22,137,0,0.0,0.0,0.0,0.0
A,R03,training,22,138,0,0.0,0.0,0.0,0.0
A,R03,training,22,139,0,0.0,0.0,0.0,0.0
A,R03,training,22,140,0,0.0,0.0,0.0,0.0
A,R03,training,22,141,0,0.0,0.0,0.0,0.0
A,R03,training,22,142,0,0.0,0.0,0.0,0.0
A,R03,training,22,143,0,0.0,0.0,0.0,0.0
A,R03,training,22,144,0,0.0,0.0,0.0,0.0
A,R03,training,22,145,0,0.0,0.0,0.0,0.0
A,R03,training,22,146,0,0.0,0.0,0.0,0.0
A,R03,training,22,147,0,0.0,0.0,0.0,0.0
A,R03,training,22,148,0,0.0,0.0,0.0,0.0
A,R03,training,22,149,0,0.0,0.0,0.0,0.0
A,R03,training,22,150,0,0.0,0.0,0.0,0.0
A,R03,training,22,151,0,0.0,0.0,0.0,0.0
A,R03,training,22,152,0,0.0,0.0,0.0,0.0
A,R03,training,22,153,0,0.0,0.0,0.0,0.0
A,R03,training,22,154,0,0.0,0.0,0.0,0.0
A,R03,training,22,155,0,0.0,0.0,0.0,0.0
A,R03,training,22,156,0,0.0,0.0,0.0,0.0
A,R03,training,22,157,0,0.0,0.0,0.0,0.0
A,R03,training,22,158,0,0.0,0.0,0.0,0.0
A,R03,training,22,159,0,0.0,0.0,0.0,0.0
A,R03,training,22,160,0,0.0,0.0,0.0,0.0
A,R03,training,22,161,0,0.0,0.0,0.0,0.0
A,R03,training,22,162,0,0.0,0.0,0.0,0.0
A,R03,training,22,163,0,0.0,0.0,0.0,0.0
A,R03,training,22,164,0,0.0,0.0,0.0,0.0
A,R03,training,22,165,0,0.0,0.0,0.0,0.0
A,R03,training,22,166,0,0.0,0.0,0.0,0.0
A,R03,training,22,167,0,0.0,0.0,0.0,0.0
A,R03,training,22,168,0,0.0,0.0,0.0,0.0
A,R03,training,22,169,0,0.0,0.0,0.0,0.0
A,R03,training,22,170,0,0.0,0.0,0.0,0.0
A,R03,training,22,171,0,0.0,0.0,0.0,0.0
A,R03,training,22,172,0,0.0,0.0,0.0,0.0
A,R03,training,22,173,0,0.0,0.0,0.0,0.0
A,R03,training,22,174,0,0.0,0.0,0.0,0.0
A,R03,training,22,175,0,0.0,0.0,0.0,0.0
A,R03,training,22,176,0,0.0,0.0,0.0,0.0
A,R03,training,22,177,0,0.0,0.0,0.0,0.0
A,R03,training,22,178,0,0.0,0.0,0.0,0.0
A,R03,training,22,179,0,0.0,0.0,0.0,0.0
A,R03,training,22,180,0,0.0,0.0,0.0,0.0
A,R03,training,22,181,0,0.0,0.0,0.0,0.0
A,R03,training,22,182,0,0.0,0.0,0.0,0.0
A,R03,training,22,183,0,0.0,0.0,0.0,0.0
A,R03,training,22,184,0,0.0,0.0,0.0,0.0
A,R03,training,22,185,0,0.0,0.0,0.0,0.0
A,R03,training,22,186,0,0.0,0.0,0.0,0.0
A,R03,training,22,187,0,0.0,0.0,0.0,0.0
A,R03,training,22,188,0,0.0,0.0,0.0,0.0
A,R03,training,22,189,0,0.0,0.0,0.0,0.0
A,R03,training,22,190,0,0.0,0.0,0.0,0.0
A,R03,training,22,191,0,0.0,0.0,0.0,0.0
A,R03,training,22,192,0,0.0,0.0,0.0,0.0
A,R03,training,22,193,0,0.0,0.0,0.0,0.0
A,R03,training,22,194,0,0.0,0.0,0.0,0.0
A,R03,training,22,195,0,0.0,0.0,0.0,0.0
A,R03,training,22,196,0,0.0,0.0,0.0,0.0
A,R03,training,22,197,0,0.0,0.0,0.0,0.0
A,R03,training,22,198,0,0.0,0.0,0.0,0.0
A,R03,training,22,199,0,0.0,0.0,0.0,0.0
A,R03,training,22,200,0,0.0,0.0,0.0,0.0
A,R03,training,22,201,0,0.0,0.0,0.0,0.0
A,R03,training,22,202,0,0.0,0.0,0.0,0.0
A,R03,training,22,203,0,0.0,0.0,0.0,0.0
A,R03,training,22,204,0,0.0,0.0,0.0,0.0
A,R03,training,22,205,0,0.0,0.0,0.0,0.0
A,R03,training,22,206,0,0.0,0.0,0.0,0.0
A,R03,training,22,207,0,0.0,0.0,0.0,0.0
A,R03,training,22,208,0,0.0,0.0,0.0,0.0
A,R03,training,22,209,0,0.0,0.0,0.0,0.0
A,R03,training,22,210,0,0.0,0.0,0.0,0.0
A,R03,training,22,211,0,0.0,0.0,0.0,0.0
A,R03,training,22,212,0,0.0,0.0,0.0,0.0
A,R03,training,22,213,0,0.0,0.0,0.0,0.0
A,R03,training,22,214,0,0.0,0.0,0.0,0.0
A,R03,training,22,215,0,0.0,0.0,0.0,0.0
A,R03,training,22,216,0,0.0,0.0,0.0,0.0
A,R03,training,22,217,0,0.0,0.0,0.0,0.0
A,R03,training,22,218,0,0.0,0.0,0.0,0.0
A,R03,training,22,219,0,0.0,0.0,0.0,0.0
A,R03,training,22,220,0,0.0,0.0,0.0,0.0
A,R03,training,22,221,0,0.0,0.0,0.0,0.0
A,R03,training,22,222,0,0.0,0.0,0.0,0.0
A,R03,training,22,223,0,0.0,0.0,0.0,0.0
A,R03,training,22,224,0,0.0,0.0,0.0,0.0
A,R03,training,22,225,0,0.0,0.0,0.0,0.0
A,R03,training,22,226,0,0.0,0.0,0.0,0.0
A,R03,training,22,227,0,0.0,0.0,0.0,0.0
A,R03,training,22,228,0,0.0,0.0,0.0,0.0
A,R03,training,22,229,0,0.0,0.0,0.0,0.0
A,R03,training,22,230,0,0.0,0.0,0.0,0.0
A,R03,training,22,231,0,0.0,0.0,0.0,0.0
A,R03,training,22,232,0,0.0,0.0,0.0,0.0
A,R03,training,22,233,0,0.0,0.0,0.0,0.0
A,R03,training,22,234,0,0.0,0.0,0.0,0.0
A,R03,training,22,235,0,0.0,0.0,0.0,0.0
A,R03,training,22,236,0,0.0,0.0,0.0,0.0
A,R03,training,22,237,0,0.0,0.0,0.0,0.0
A,R03,training,22,238,0,0.0,0.0,0.0,0.0
A,R03,training,22,239,0,0.0,0.0,0.0,0.0
A,R03,training,22,240,0,0.0,0.0,0.0,0.0
A,R03,training,22,241,0,0.0,0.0,0.0,0.0
A,R03,training,22,242,0,0.0,0.0,0.0,0.0
A,R03,training,22,243,0,0.0,0.0,0.0,0.0
A,R03,training,22,244,0,0.0,0.0,0.0,0.0
A,R03,training,22,245,0,0.0,0.0,0.0,0.0
A,R03,training,22,246,0,0.0,0.0,0.0,0.0
A,R03,training,22,247,0,0.0,0.0,0.0,0.0
A,R03,training,22,248,0,0.0,0.0,0.0,0.0
A,R03,training,22,249,0,0.0,0.0,0.0,0.0
A,R03,training,22,250,0,0.0,0.0,0.0,0.0
A,R03,training,22,251,0,0.0,0.0,0.0,0.0
A,R03,training,22,252,0,0.0,0.0,0.0,0.0
A,R03,training,22,253,0,0.0,0.0,0.0,0.0
A,R03,training,22,254,0,0.0,0.0,0.0,0.0
A,R03,training,22,255,0,0.0,0.0,0.0,0.0
A,R03,training,22,256,0,0.0,0.0,0.0,0.0
A,R03,training,22,257,0,0.0,0.0,0.0,0.0
A,R03,training,22,258,0,0.0,0.0,0.0,0.0
A,R03,training,22,259,0,0.0,0.0,0.0,0.0
A,R03,training,22,260,0,0.0,0.0,0.0,0.0
A,R03,training,22,261,0,0.0,0.0,0.0,0.0
A,R03,training,22,262,0,0.0,0.0,0.0,0.0
A,R03,training,22,263,0,0.0,0.0,0.0,0.0
A,R03,training,22,264,0,0.0,0.0,0.0,0.0
A,R03,training,22,265,0,0.0,0.0,0.0,0.0
A,R03,training,22,266,0,0.0,0.0,0.0,0.0
A,R03,training,22,267,0,0.0,0.0,0.0,0.0
A,R03,training,22,268,0,0.0,0.0,0.0,0.0
A,R03,training,22,269,0,0.0,0.0,0.0,0.0
A,R03,training,22,270,0,0.0,0.0,0.0,0.0
A,R03,training,22,271,0,0.0,0.0,0.0,0.0
A,R03,training,22,272,0,0.0,0.0,0.0,0.0
A,R03,training,22,273,0,0.0,0.0,0.0,0.0
A,R03,training,22,274,0,0.0,0.0,0.0,0.0
A,R03,training,22,275,0,0.0,0.0,0.0,0.0
A,R03,training,22,276,0,0.0,0.0,0.0,0.0
A,R03,training,22,277,0,0.0,0.0,0.0,0.0
A,R03,training,22,278,0,0.0,0.0,0.0,0.0
A,R03,training,22,279,0,0.0,0.0,0.0,0.0
A,R03,training,22,280,0,0.0,0.0,0.0,0.0
A,R03,training,22,281,0,0.0,0.0,0.0,0.0
A,R03,training,22,282,0,0.0,0.0,0.0,0.0
A,R03,training,22,283,0,0.0,0.0,0.0,0.0
A,R03,training,22,284,0,0.0,0.0,0.0,0.0
A,R03,training,22,285,0,0.0,0.0,0.0,0.0
A,R03,training,22,286,0,0.0,0.0,0.0,0.0
A,R03,training,22,287,0,0.0,0.0,0.0,0.0
A,R03,training,22,288,0,0.0,0.0,0.0,0.0
A,R03,training,22,289,0,0.0,0.0,0.0,0.0
A,R03,training,22,290,0,0.0,0.0,0.0,0.0
A,R03,training,22,291,0,0.0,0.0,0.0,0.0
A,R03,training,22,292,0,0.0,0.0,0.0,0.0
A,R03,training,22,293,0,0.0,0.0,0.0,0.0
A,R03,training,22,294,0,0.0,0.0,0.0,0.0
A,R03,training,22,295,0,0.0,0.0,0.0,0.0
A,R03,training,22,296,0,0.0,0.0,0.0,0.0
A,R03,training,22,297,0,0.0,0.0,0.0,0.0
A,R03,training,22,298,0,0.0,0.0,0.0,0.0
A,R03,training,22,299,0,0.0,0.0,0.0,0.0
A,R03,training,22,300,0,0.0,0.0,0.0,0.0
A,R03,training,22,301,0,0.0,0.0,0.0,0.0
A,R03,training,22,302,0,0.0,0.0,0.0,0.0
A,R03,training,22,303,0,0.0,0.0,0.0,0.0
A,R03,training,22,304,0,0.0,0.0,0.0,0.0
A,R03,training,22,305,0,0.0,0.0,0.0,0.0
A,R03,training,22,306,0,0.0,0.0,0.0,0.0
A,R03,training,22,307,0,0.0,0.0,0.0,0.0
A,R03,training,22,308,0,0.0,0.0,0.0,0.0
A,R03,training,22,309,0,0.0,0.0,0.0,0.0
A,R03,training,22,310,0,0.0,0.0,0.0,0.0
A,R03,training,22,311,0,0.0,0.0,0.0,0.0
A,R03,training,22,312,0,0.0,0.0,0.0,0.0
A,R03,training,22,313,0,0.0,0.0,0.0,0.0
A,R03,training,22,314,0,0.0,0.0,0.0,0.0
A,R03,training,22,315,0,0.0,0.0,0.0,0.0
A,R03,training,22,316,0,0.0,0.0,0.0,0.0
A,R03,training,22,317,0,0.0,0.0,0.0,0.0
A,R03,training,22,318,0,0.0,0.0,0.0,0.0
A,R03,training,22,319,0,0.0,0.0,0.0,0.0
A,R03,training,22,320,0,0.0,0.0,0.0,0.0
A,R03,training,22,321,0,0.0,0.0,0.0,0.0
A,R03,training,22,322,0,0.0,0.0,0.0,0.0
A,R03,training,22,323,0,0.0,0.0,0.0,0.0
A,R03,training,22,324,0,0.0,0.0,0.0,0.0
A,R03,training,22,325,0,0.0,0.0,0.0,0.0
A,R03,training,22,326,0,0.0,0.0,0.0,0.0
A,R03,training,22,327,0,0.0,0.0,0.0,0.0
A,R03,training,22,328,0,0.0,0.0,0.0,0.0
A,R03,training,22,329,0,0.0,0.0,0.0,0.0
A,R03,training,22,330,0,0.0,0.0,0.0,0.0
A,R03,training,22,331,0,0.0,0.0,0.0,0.0
A,R03,training,22,332,0,0.0,0.0,0.0,0.0
A,R03,training,22,333,0,0.0,0.0,0.0,0.0
A,R03,training,22,334,0,0.0,0.0,0.0,0.0
A,R03,training,22,335,0,0.0,0.0,0.0,0.0
A,R03,training,22,336,0,0.0,0.0,0.0,0.0
A,R03,training,22,337,0,0.0,0.0,0.0,0.0
A,R03,training,22,338,0,0.0,0.0,0.0,0.0
A,R03,training,22,339,0,0.0,0.0,0.0,0.0
A,R03,training,22,340,0,0.0,0.0,0.0,0.0
A,R03,training,22,341,0,0.0,0.0,0.0,0.0
A,R03,training,22,342,0,0.0,0.0,0.0,0.0
A,R03,training,22,343,0,0.0,0.0,0.0,0.0
A,R03,training,22,344,0,0.0,0.0,0.0,0.0
A,R03,training,22,345,0,0.0,0.0,0.0,0.0
A,R03,training,22,346,0,0.0,0.0,0.0,0.0
A,R03,training,22,347,0,0.0,0.0,0.0,0.0
A,R03,training,22,348,0,0.0,0.0,0.0,0.0
A,R03,training,22,349,0,0.0,0.0,0.0,0.0
A,R03,training,22,350,0,0.0,0.0,0.0,0.0
A,R03,training,22,351,0,0.0,0.0,0.0,0.0
A,R03,training,22,352,0,0.0,0.0,0.0,0.0
A,R03,training,22,353,0,0.0,0.0,0.0,0.0
A,R03,training,22,354,0,0.0,0.0,0.0,0.0
A,R03,training,22,355,0,0.0,0.0,0.0,0.0
A,R03,training,22,356,0,0.0,0.0,0.0,0.0
A,R03,training,22,357,0,0.0,0.0,0.0,0.0
A,R03,training,22,358,0,0.0,0.0,0.0,0.0
A,R03,training,22,359,0,0.0,0.0,0.0,0.0
A,R03,training,22,360,0,0.0,0.0,0.0,0.0
A,R03,training,22,361,0,0.0,0.0,0.0,0.0
A,R03,training,22,362,0,0.0,0.0,0.0,0.0
A,R03,training,22,363,0,0.0,0.0,0.0,0.0
A,R03,training,22,364,0,0.0,0.0,0.0,0.0
A,R03,training,22,365,0,0.0,0.0,0.0,0.0
A,R03,training,22,366,0,0.0,0.0,0.0,0.0
A,R03,training,22,367,0,0.0,0.0,0.0,0.0
A,R03,training,22,368,0,0.0,0.0,0.0,0.0
A,R03,training,22,369,0,0.0,0.0,0.0,0.0
A,R03,training,22,370,0,0.0,0.0,0.0,0.0
A,R03,training,22,371,0,0.0,0.0,0.0,0.0
A,R03,training,22,372,0,0.0,0.0,0.0,0.0
A,R03,training,22,373,0,0.0,0.0,0.0,0.0
A,R03,training,22,374,0,0.0,0.0,0.0,0.0
A,R03,training,22,375,0,0.0,0.0,0.0,0.0
A,R03,training,22,376,0,0.0,0.0,0.0,0.0
A,R03,training,22,377,0,0.0,0.0,0.0,0.0
A,R03,training,22,378,0,0.0,0.0,0.0,0.0
A,R03,training,22,379,0,0.0,0.0,0.0,0.0
A,R03,training,22,380,0,0.0,0.0,0.0,0.0
A,R03,training,22,381,0,0.0,0.0,0.0,0.0
A,R03,training,22,382,0,0.0,0.0,0.0,0.0
A,R03,training,22,383,0,0.0,0.0,0.0,0.0
A,R03,training,22,384,0,0.0,0.0,0.0,0.0
A,R03,training,22,385,0,0.0,0.0,0.0,0.0
A,R03,training,22,386,0,0.0,0.0,0.0,0.0
A,R03,training,22,387,0,0.0,0.0,0.0,0.0
A,R03,training,22,388,0,0.0,0.0,0.0,0.0
A,R03,training,22,389,0,0.0,0.0,0.0,0.0
A,R03,training,22,390,0,0.0,0.0,0.0,0.0
A,R03,training,22,391,0,0.0,0.0,0.0,0.0
A,R03,training,22,392,0,0.0,0.0,0.0,0.0
A,R03,training,22,393,0,0.0,0.0,0.0,0.0
A,R03,training,22,394,0,0.0,0.0,0.0,0.0
A,R03,training,22,395,0,0.0,0.0,0.0,0.0
A,R03,training,22,396,0,0.0,0.0,0.0,0.0
A,R03,training,22,397,0,0.0,0.0,0.0,0.0
A,R03,training,22,398,0,0.0,0.0,0.0,0.0
A,R03,training,22,399,0,0.0,0.0,0.0,0.0
A,R03,training,22,400,0,0.0,0.0,0.0,0.0
A,R03,training,22,401,0,0.0,0.0,0.0,0.0
A,R03,training,22,402,0,0.0,0.0,0.0,0.0
A,R03,training,22,403,0,0.0,0.0,0.0,0.0
A,R03,training,22,404,0,0.0,0.0,0.0,0.0
A,R03,training,22,405,0,0.0,0.0,0.0,0.0
A,R03,training,22,406,0,0.0,0.0,0.0,0.0
A,R03,training,22,407,0,0.0,0.0,0.0,0.0
A,R03,training,22,408,0,0.0,0.0,0.0,0.0
A,R03,training,22,409,0,0.0,0.0,0.0,0.0
A,R03,training,22,410,0,0.0,0.0,0.0,0.0
A,R03,training,22,411,0,0.0,0.0,0.0,0.0
A,R03,training,22,412,0,0.0,0.0,0.0,0.0
A,R03,training,22,413,0,0.0,0.0,0.0,0.0
A,R03,training,22,414,0,0.0,0.0,0.0,0.0
A,R03,training,22,415,0,0.0,0.0,0.0,0.0
A,R03,training,22,416,0,0.0,0.0,0.0,0.0
A,R03,training,22,417,0,0.0,0.0,0.0,0.0
A,R03,training,22,418,0,0.0,0.0,0.0,0.0
A,R03,training,22,419,0,0.0,0.0,0.0,0.0
A,R03,training,22,420,0,0.0,0.0,0.0,0.0
A,R03,training,22,421,0,0.0,0.0,0.0,0.0
A,R03,training,22,422,0,0.0,0.0,0.0,0.0
A,R03,training,22,423,0,0.0,0.0,0.0,0.0
A,R03,training,22,424,0,0.0,0.0,0.0,0.0
A,R03,training,22,425,0,0.0,0.0,0.0,0.0
A,R03,training,22,426,0,0.0,0.0,0.0,0.0
A,R03,training,22,427,0,0.0,0.0,0.0,0.0
A,R03,training,22,428,0,0.0,0.0,0.0,0.0
A,R03,training,22,429,0,0.0,0.0,0.0,0.0
A,R03,training,22,430,0,0.0,0.0,0.0,0.0
A,R03,training,22,431,0,0.0,0.0,0.0,0.0
A,R03,training,22,432,0,0.0,0.0,0.0,0.0
A,R03,training,22,433,0,0.0,0.0,0.0,0.0
A,R03,training,22,434,0,0.0,0.0,0.0,0.0
A,R03,training,22,435,0,0.0,0.0,0.0,0.0
A,R03,training,22,436,0,0.0,0.0,0.0,0.0
A,R03,training,22,437,0,0.0,0.0,0.0,0.0
A,R03,training,22,438,0,0.0,0.0,0.0,0.0
A,R03,training,22,439,0,0.0,0.0,0.0,0.0
A,R03,training,22,440,0,0.0,0.0,0.0,0.0
A,R03,training,22,441,0,0.0,0.0,0.0,0.0
A,R03,training,22,442,0,0.0,0.0,0.0,0.0
A,R03,training,22,443,0,0.0,0.0,0.0,0.0
A,R03,training,22,444,0,0.0,0.0,0.0,0.0
A,R03,training,22,445,0,0.0,0.0,0.0,0.0
A,R03,training,22,446,0,0.0,0.0,0.0,0.0
A,R03,training,22,447,0,0.0,0.0,0.0,0.0
A,R03,training,22,448,0,0.0,0.0,0.0,0.0
A,R03,training,22,449,0,0.0,0.0,0.0,0.0
A,R03,training,22,450,0,0.0,0.0,0.0,0.0
A,R03,training,22,451,0,0.0,0.0,0.0,0.0
A,R03,training,22,452,0,0.0,0.0,0.0,0.0
A,R03,training,22,453,0,0.0,0.0,0.0,0.0
A,R03,training,22,454,0,0.0,0.0,0.0,0.0
A,R03,training,22,455,0,0.0,0.0,0.0,0.0
A,R03,training,22,456,0,0.0,0.0,0.0,0.0
A,R03,training,22,457,0,0.0,0.0,0.0,0.0
A,R03,training,22,458,0,0.0,0.0,0.0,0.0
A,R03,training,22,459,0,0.0,0.0,0.0,0.0
A,R03,training,22,460,0,0.0,0.0,0.0,0.0
A,R03,training,22,461,0,0.0,0.0,0.0,0.0
A,R03,training,22,462,0,0.0,0.0,0.0,0.0
A,R03,training,22,463,0,0.0,0.0,0.0,0.0
A,R03,training,22,464,0,0.0,0.0,0.0,0.0
A,R03,training,22,465,0,0.0,0.0,0.0,0.0
A,R03,training,22,466,0,0.0,0.0,0.0,0.0
A,R03,training,22,467,0,0.0,0.0,0.0,0.0
A,R03,training,22,468,0,0.0,0.0,0.0,0.0
A,R03,training,22,469,0,0.0,0.0,0.0,0.0
A,R03,training,22,470,0,0.0,0.0,0.0,0.0
A,R03,training,22,471,0,0.0,0.0,0.0,0.0
A,R03,training,22,472,0,0.0,0.0,0.0,0.0
A,R03,training,22,473,0,0.0,0.0,0.0,0.0
A,R03,training,22,474,0,0.0,0.0,0.0,0.0
A,R03,training,22,475,0,0.0,0.0,0.0,0.0
A,R03,training,22,476,0,0.0,0.0,0.0,0.0
A,R03,training,22,477,0,0.0,0.0,0.0,0.0
A,R03,training,22,478,0,0.0,0.0,0.0,0.0
A,R03,training,22,479,0,0.0,0.0,0.0,0.0
A,R03,training,22,480,0,0.0,0.0,0.0,0.0
A,R03,training,22,481,0,0.0,0.0,0.0,0.0
A,R03,training,22,482,0,0.0,0.0,0.0,0.0
A,R03,training,22,483,0,0.0,0.0,0.0,0.0
A,R03,training,22,484,0,0.0,0.0,0.0,0.0
A,R03,training,22,485,0,0.0,0.0,0.0,0.0
A,R03,training,22,486,0,0.0,0.0,0.0,0.0
A,R03,training,22,487,0,0.0,0.0,0.0,0.0
A,R03,training,22,488,0,0.0,0.0,0.0,0.0
A,R03,training,22,489,0,0.0,0.0,0.0,0.0
A,R03,training,22,490,0,0.0,0.0,0.0,0.0
A,R03,training,22,491,0,0.0,0.0,0.0,0.0
A,R03,training,22,492,0,0.0,0.0,0.0,0.0
A,R03,training,22,493,0,0.0,0.0,0.0,0.0
A,R03,training,22,494,0,0.0,0.0,0.0,0.0
A,R03,training,22,495,0,0.0,0.0,0.0,0.0
A,R03,training,22,496,0,0.0,0.0,0.0,0.0
A,R03,training,22,497,0,0.0,0.0,0.0,0.0
A,R03,training,22,498,0,0.0,0.0,0.0,0.0
A,R03,training,22,499,0,0.0,0.0,0.0,0.0
A,R03,training,22,500,0,0.0,0.0,0.0,0.0
A,R03,training,22,501,0,0.0,0.0,0.0,0.0
A,R03,training,22,502,0,0.0,0.0,0.0,0.0
A,R03,training,22,503,0,0.0,0.0,0.0,0.0
A,R03,training,22,504,0,0.0,0.0,0.0,0.0
A,R03,training,22,505,0,0.0,0.0,0.0,0.0
A,R03,training,22,506,0,0.0,0.0,0.0,0.0
A,R03,training,22,507,0,0.0,0.0,0.0,0.0
A,R03,training,22,508,0,0.0,0.0,0.0,0.0
A,R03,training,22,509,0,0.0,0.0,0.0,0.0
A,R03,training,22,510,0,0.0,0.0,0.0,0.0
A,R03,training,22,511,0,0.0,0.0,0.0,0.0
A,R03,training,22,512,0,0.0,0.0,0.0,0.0
A,R03,training,22,513,0,0.0,0.0,0.0,0.0
A,R03,training,22,514,0,0.0,0.0,0.0,0.0
A,R03,training,22,515,0,0.0,0.0,0.0,0.0
A,R03,training,22,516,0,0.0,0.0,0.0,0.0
A,R03,training,22,517,0,0.0,0.0,0.0,0.0
A,R03,training,22,518,0,0.0,0.0,0.0,0.0
A,R03,training,22,519,0,0.0,0.0,0.0,0.0
A,R03,training,22,520,0,0.0,0.0,0.0,0.0
A,R03,training,22,521,0,0.0,0.0,0.0,0.0
A,R03,training,22,522,0,0.0,0.0,0.0,0.0
A,R03,training,22,523,0,0.0,0.0,0.0,0.0
A,R03,training,22,524,0,0.0,0.0,0.0,0.0
A,R03,training,22,525,0,0.0,0.0,0.0,0.0
A,R03,training,22,526,0,0.0,0.0,0.0,0.0
A,R03,training,22,527,0,0.0,0.0,0.0,0.0
A,R03,training,22,528,0,0.0,0.0,0.0,0.0
A,R03,training,22,529,0,0.0,0.0,0.0,0.0
A,R03,training,22,530,0,0.0,0.0,0.0,0.0
A,R03,training,22,531,0,0.0,0.0,0.0,0.0
A,R03,training,22,532,0,0.0,0.0,0.0,0.0
A,R03,training,22,533,0,0.0,0.0,0.0,0.0
A,R03,training,22,534,0,0.0,0.0,0.0,0.0
A,R03,training,22,535,0,0.0,0.0,0.0,0.0
A,R03,training,22,536,0,0.0,0.0,0.0,0.0
A,R03,training,22,537,0,0.0,0.0,0.0,0.0
A,R03,training,22,538,0,0.0,0.0,0.0,0.0
A,R03,training,22,539,0,0.0,0.0,0.0,0.0
A,R03,training,22,540,0,0.0,0.0,0.0,0.0
A,R03,training,22,541,0,0.0,0.0,0.0,0.0
A,R03,training,22,542,0,0.0,0.0,0.0,0.0
A,R03,training,22,543,0,0.0,0.0,0.0,0.0
A,R03,training,22,544,0,0.0,0.0,0.0,0.0
A,R03,training,22,545,0,0.0,0.0,0.0,0.0
A,R03,training,22,546,0,0.0,0.0,0.0,0.0
A,R03,training,22,547,0,0.0,0.0,0.0,0.0
A,R03,training,22,548,0,0.0,0.0,0.0,0.0
A,R03,training,22,549,0,0.0,0.0,0.0,0.0
A,R03,training,22,550,0,0.0,0.0,0.0,0.0
A,R03,training,22,551,0,0.0,0.0,0.0,0.0
A,R03,training,22,552,0,0.0,0.0,0.0,0.0
A,R03,training,22,553,0,0.0,0.0,0.0,0.0
A,R03,training,22,554,0,0.0,0.0,0.0,0.0
A,R03,training,22,555,0,0.0,0.0,0.0,0.0
A,R03,training,22,556,0,0.0,0.0,0.0,0.0
A,R03,training,22,557,0,0.0,0.0,0.0,0.0
A,R03,training,22,558,0,0.0,0.0,0.0,0.0
A,R03,training,22,559,0,0.0,0.0,0.0,0.0
A,R03,training,22,560,0,0.0,0.0,0.0,0.0
A,R03,training,22,561,0,0.0,0.0,0.0,0.0
A,R03,training,22,562,0,0.0,0.0,0.0,0.0
A,R03,training,22,563,0,0.0,0.0,0.0,0.0
A,R03,training,22,564,0,0.0,0.0,0.0,0.0
A,R03,training,22,565,0,0.0,0.0,0.0,0.0
A,R03,training,22,566,0,0.0,0.0,0.0,0.0
A,R03,training,22,567,0,0.0,0.0,0.0,0.0
A,R03,training,22,568,0,0.0,0.0,0.0,0.0
A,R03,training,22,569,0,0.0,0.0,0.0,0.0
A,R03,training,22,570,0,0.0,0.0,0.0,0.0
A,R03,training,22,571,0,0.0,0.0,0.0,0.0
A,R03,training,22,572,0,0.0,0.0,0.0,0.0
A,R03,training,22,573,0,0.0,0.0,0.0,0.0
A,R03,training,22,574,0,0.0,0.0,0.0,0.0
A,R03,training,22,575,0,0.0,0.0,0.0,0.0
A,R03,training,22,576,0,0.0,0.0,0.0,0.0
A,R03,training,22,577,0,0.0,0.0,0.0,0.0
A,R03,training,22,578,0,0.0,0.0,0.0,0.0
A,R03,training,22,579,0,0.0,0.0,0.0,0.0
A,R03,training,22,580,0,0.0,0.0,0.0,0.0
A,R03,training,22,581,0,0.0,0.0,0.0,0.0
A,R03,training,22,582,0,0.0,0.0,0.0,0.0
A,R03,training,22,583,0,0.0,0.0,0.0,0.0
A,R03,training,22,584,0,0.0,0.0,0.0,0.0
A,R03,training,22,585,0,0.0,0.0,0.0,0.0
A,R03,training,22,586,0,0.0,0.0,0.0,0.0
A,R03,training,22,587,0,0.0,0.0,0.0,0.0
A,R03,training,22,588,0,0.0,0.0,0.0,0.0
A,R03,training,22,589,0,0.0,0.0,0.0,0.0
A,R03,training,22,590,0,0.0,0.0,0.0,0.0
A,R03,training,22,591,0,0.0,0.0,0.0,0.0
A,R03,training,22,592,0,0.0,0.0,0.0,0.0
A,R03,training,22,593,0,0.0,0.0,0.0,0.0
A,R03,training,22,594,0,0.0,0.0,0.0,0.0
A,R03,training,22,595,0,0.0,0.0,0.0,0.0
A,R03,training,22,596,0,0.0,0.0,0.0,0.0
A,R03,training,22,597,0,0.0,0.0,0.0,0.0
A,R03,training,22,598,0,0.0,0.0,0.0,0.0
A,R03,training,22,599,0,0.0,0.0,0.0,0.0
A,R03,training,22,600,0,0.0,0.0,0.0,0.0
A,R03,training,22,601,0,0.0,0.0,0.0,0.0
A,R03,training,22,602,0,0.0,0.0,0.0,0.0
A,R03,training,22,603,0,0.0,0.0,0.0,0.0
A,R03,training,22,604,0,0.0,0.0,0.0,0.0
A,R03,training,22,605,0,0.0,0.0,0.0,0.0
A,R03,training,22,606,0,0.0,0.0,0.0,0.0
A,R03,training,22,607,0,0.0,0.0,0.0,0.0
A,R03,training,22,608,0,0.0,0.0,0.0,0.0
A,R03,training,22,609,0,0.0,0.0,0.0,0.0
A,R03,training,22,610,0,0.0,0.0,0.0,0.0
A,R03,training,22,611,0,0.0,0.0,0.0,0.0
A,R03,training,22,612,0,0.0,0.0,0.0,0.0
A,R03,training,22,613,0,0.0,0.0,0.0,0.0
A,R03,training,22,614,0,0.0,0.0,0.0,0.0
A,R03,training,22,615,0,0.0,0.0,0.0,0.0
A,R03,training,22,616,0,0.0,0.0,0.0,0.0
A,R03,training,22,617,0,0.0,0.0,0.0,0.0
A,R03,training,22,618,0,0.0,0.0,0.0,0.0
A,R03,training,22,619,0,0.0,0.0,0.0,0.0
A,R03,training,22,620,0,0.0,0.0,0.0,0.0
A,R03,training,22,621,0,0.0,0.0,0.0,0.0
A,R03,training,22,622,0,0.0,0.0,0.0,0.0
A,R03,training,22,623,0,0.0,0.0,0.0,0.0
A,R03,training,22,624,0,0.0,0.0,0.0,0.0
A,R03,training,22,625,0,0.0,0.0,0.0,0.0
A,R03,training,22,626,0,0.0,0.0,0.0,0.0
A,R03,training,22,627,0,0.0,0.0,0.0,0.0
A,R03,training,22,628,0,0.0,0.0,0.0,0.0
A,R03,training,22,629,0,0.0,0.0,0.0,0.0
A,R03,training,22,630,0,0.0,0.0,0.0,0.0
A,R03,training,22,631,0,0.0,0.0,0.0,0.0
A,R03,training,22,632,0,0.0,0.0,0.0,0.0
A,R03,training,22,633,0,0.0,0.0,0.0,0.0
A,R03,training,22,634,0,0.0,0.0,0.0,0.0
A,R03,training,22,635,0,0.0,0.0,0.0,0.0
A,R03,training,22,636,0,0.0,0.0,0.0,0.0
A,R03,training,22,637,0,0.0,0.0,0.0,0.0
A,R03,training,22,638,0,0.0,0.0,0.0,0.0
A,R03,training,22,639,0,0.0,0.0,0.0,0.0
A,R03,training,22,640,0,0.0,0.0,0.0,0.0
A,R03,training,22,641,0,0.0,0.0,0.0,0.0
A,R03,training,22,642,0,0.0,0.0,0.0,0.0
A,R03,training,22,643,0,0.0,0.0,0.0,0.0
A,R03,training,22,644,0,0.0,0.0,0.0,0.0
A,R03,training,22,645,0,0.0,0.0,0.0,0.0
A,R03,training,22,646,0,0.0,0.0,0.0,0.0
A,R03,training,22,647,0,0.0,0.0,0.0,0.0
A,R03,training,22,648,0,0.0,0.0,0.0,0.0
A,R03,training,22,649,0,0.0,0.0,0.0,0.0
A,R03,training,22,650,0,0.0,0.0,0.0,0.0
A,R03,training,22,651,0,0.0,0.0,0.0,0.0
A,R03,training,22,652,0,0.0,0.0,0.0,0.0
A,R03,training,22,653,0,0.0,0.0,0.0,0.0
A,R03,training,22,654,0,0.0,0.0,0.0,0.0
A,R03,training,22,655,0,0.0,0.0,0.0,0.0
A,R03,training,22,656,0,0.0,0.0,0.0,0.0
A,R03,training,22,657,0,0.0,0.0,0.0,0.0
A,R03,training,22,658,0,0.0,0.0,0.0,0.0
A,R03,training,22,659,0,0.0,0.0,0.0,0.0
A,R03,training,22,660,0,0.0,0.0,0.0,0.0
A,R03,training,22,661,0,0.0,0.0,0.0,0.0
A,R03,training,22,662,0,0.0,0.0,0.0,0.0
A,R03,training,22,663,0,0.0,0.0,0.0,0.0
A,R03,training,22,664,0,0.0,0.0,0.0,0.0
A,R03,training,22,665,0,0.0,0.0,0.0,0.0
A,R03,training,22,666,0,0.0,0.0,0.0,0.0
A,R03,training,22,667,0,0.0,0.0,0.0,0.0
A,R03,training,22,668,0,0.0,0.0,0.0,0.0
A,R03,training,22,669,0,0.0,0.0,0.0,0.0
A,R03,training,22,670,0,0.0,0.0,0.0,0.0
A,R03,training,22,671,0,0.0,0.0,0.0,0.0
A,R03,training,22,672,0,0.0,0.0,0.0,0.0
A,R03,training,22,673,0,0.0,0.0,0.0,0.0
A,R03,training,22,674,0,0.0,0.0,0.0,0.0
A,R03,training,22,675,0,0.0,0.0,0.0,0.0
A,R03,training,22,676,0,0.0,0.0,0.0,0.0
A,R03,training,22,677,0,0.0,0.0,0.0,0.0
A,R03,training,22,678,0,0.0,0.0,0.0,0.0
A,R03,training,22,679,0,0.0,0.0,0.0,0.0
A,R03,training,22,680,0,0.0,0.0,0.0,0.0
A,R03,training,22,681,0,0.0,0.0,0.0,0.0
A,R03,training,22,682,0,0.0,0.0,0.0,0.0
A,R03,training,22,683,0,0.0,0.0,0.0,0.0
A,R03,training,22,684,0,0.0,0.0,0.0,0.0
A,R03,training,22,685,0,0.0,0.0,0.0,0.0
A,R03,training,22,686,0,0.0,0.0,0.0,0.0
A,R03,training,22,687,0,0.0,0.0,0.0,0.0
A,R03,training,22,688,0,0.0,0.0,0.0,0.0
A,R03,training,22,689,0,0.0,0.0,0.0,0.0
A,R03,training,22,690,0,0.0,0.0,0.0,0.0
A,R03,training,22,691,0,0.0,0.0,0.0,0.0
A,R03,training,22,692,0,0.0,0.0,0.0,0.0
A,R03,training,22,693,0,0.0,0.0,0.0,0.0
A,R03,training,22,694,0,0.0,0.0,0.0,0.0
A,R03,training,22,695,0,0.0,0.0,0.0,0.0
A,R03,training,22,696,0,0.0,0.0,0.0,0.0
A,R03,training,22,697,0,0.0,0.0,0.0,0.0
A,R03,training,22,698,0,0.0,0.0,0.0,0.0
A,R03,training,22,699,0,0.0,0.0,0.0,0.0
A,R03,training,22,700,0,0.0,0.0,0.0,0.0
A,R03,training,22,701,0,0.0,0.0,0.0,0.0
A,R03,training,22,702,0,0.0,0.0,0.0,0.0
B,R03,training,22,0,0,0.0,0.0,0.0,0.0
B,R03,training,22,1,0,0.0,0.0,0.0,0.0
B,R03,training,22,2,0,0.0,0.0,0.0,0.0
B,R03,training,22,3,0,0.0,0.0,0.0,0.0
B,R03,training,22,4,0,0.0,0.0,0.0,0.0
B,R03,training,22,5,0,0.0,0.0,0.0,0.0
B,R03,training,22,6,0,0.0,0.0,0.0,0.0
B,R03,training,22,7,0,0.0,0.0,0.0,0.0
B,R03,training,22,8,0,0.0,0.0,0.0,0.0
B,R03,training,22,9,0,0.0,0.0,0.0,0.0
B,R03,training,22,10,0,0.0,0.0,0.0,0.0
B,R03,training,22,11,0,0.0,0.0,0.0,0.0
B,R03,training,22,12,0,0.0,0.0,0.0,0.0
B,R03,training,22,13,0,0.0,0.0,0.0,0.0
B,R03,training,22,14,0,0.0,0.0,0.0,0.0
B,R03,training,22,15,0,0.0,0.0,0.0,0.0
B,R03,training,22,16,0,0.0,0.0,0.0,0.0
B,R03,training,22,17,0,0.0,0.0,0.0,0.0
B,R03,training,22,18,0,0.0,0.0,0.0,0.0
B,R03,training,22,19,0,0.0,0.0,0.0,0.0
B,R03,training,22,20,0,0.0,0.0,0.0,0.0
B,R03,training,22,21,0,0.0,0.0,0.0,0.0
B,R03,training,22,22,0,0.0,0.0,0.0,0.0
B,R03,training,22,23,0,0.0,0.0,0.0,0.0
B,R03,training,22,24,0,0.0,0.0,0.0,0.0
B,R03,training,22,25,0,0.0,0.0,0.0,0.0
B,R03,training,22,26,0,0.0,0.0,0.0,0.0
B,R03,training,22,27,0,0.0,0.0,0.0,0.0
B,R03,training,22,28,0,0.0,0.0,0.0,0.0
B,R03,training,22,29,0,0.0,0.0,0.0,0.0
B,R03,training,22,30,0,0.0,0.0,0.0,0.0
B,R03,training,22,31,0,0.0,0.0,0.0,0.0
B,R03,training,22,32,0,0.0,0.0,0.0,0.0
B,R03,training,22,33,0,0.0,0.0,0.0,0.0
B,R03,training,22,34,0,0.0,0.0,0.0,0.0
B,R03,training,22,35,0,0.0,0.0,0.0,0.0
B,R03,training,22,36,0,0.0,0.0,0.0,0.0
B,R03,training,22,37,0,0.0,0.0,0.0,0.0
B,R03,training,22,38,0,0.0,0.0,0.0,0.0
B,R03,training,22,39,0,0.0,0.0,0.0,0.0
B,R03,training,22,40,0,0.0,0.0,0.0,0.0
B,R03,training,22,41,0,0.0,0.0,0.0,0.0
B,R03,training,22,42,0,0.0,0.0,0.0,0.0
B,R03,training,22,43,0,0.0,0.0,0.0,0.0
B,R03,training,22,44,0,0.0,0.0,0.0,0.0
B,R03,training,22,45,0,0.0,0.0,0.0,0.0
B,R03,training,22,46,0,0.0,0.0,0.0,0.0
B,R03,training,22,47,0,0.0,0.0,0.0,0.0
B,R03,training,22,48,0,0.0,0.0,0.0,0.0
B,R03,training,22,49,0,0.0,0.0,0.0,0.0
B,R03,training,22,50,0,0.0,0.0,0.0,0.0
B,R03,training,22,51,0,0.0,0.0,0.0,0.0
B,R03,training,22,52,0,0.0,0.0,0.0,0.0
B,R03,training,22,53,0,0.0,0.0,0.0,0.0
B,R03,training,22,54,0,0.0,0.0,0.0,0.0
B,R03,training,22,55,0,0.0,0.0,0.0,0.0
B,R03,training,22,56,0,0.0,0.0,0.0,0.0
B,R03,training,22,57,0,0.0,0.0,0.0,0.0
B,R03,training,22,58,0,0.0,0.0,0.0,0.0
B,R03,training,22,59,0,0.0,0.0,0.0,0.0
B,R03,training,22,60,0,0.0,0.0,0.0,0.0
B,R03,training,22,61,0,0.0,0.0,0.0,0.0
B,R03,training,22,62,0,0.0,0.0,0.0,0.0
B,R03,training,22,63,0,0.0,0.0,0.0,0.0
B,R03,training,22,64,0,0.0,0.0,0.0,0.0
B,R03,training,22,65,0,0.0,0.0,0.0,0.0
B,R03,training,22,66,0,0.0,0.0,0.0,0.0
B,R03,training,22,67,0,0.0,0.0,0.0,0.0
B,R03,training,22,68,0,0.0,0.0,0.0,0.0
B,R03,training,22,69,0,0.0,0.0,0.0,0.0
B,R03,training,22,70,0,0.0,0.0,0.0,0.0
B,R03,training,22,71,0,0.0,0.0,0.0,0.0
B,R03,training,22,72,0,0.0,0.0,0.0,0.0
B,R03,training,22,73,0,0.0,0.0,0.0,0.0
B,R03,training,22,74,0,0.0,0.0,0.0,0.0
B,R03,training,22,75,0,0.0,0.0,0.0,0.0
B,R03,training,22,76,0,0.0,0.0,0.0,0.0
B,R03,training,22,77,0,0.0,0.0,0.0,0.0
B,R03,training,22,78,0,0.0,0.0,0.0,0.0
B,R03,training,22,79,0,0.0,0.0,0.0,0.0
B,R03,training,22,80,0,0.0,0.0,0.0,0.0
B,R03,training,22,81,0,0.0,0.0,0.0,0.0
B,R03,training,22,82,0,0.0,0.0,0.0,0.0
B,R03,training,22,83,0,0.0,0.0,0.0,0.0
B,R03,training,22,84,0,0.0,0.0,0.0,0.0
B,R03,training,22,85,0,0.0,0.0,0.0,0.0
B,R03,training,22,86,0,0.0,0.0,0.0,0.0
B,R03,training,22,87,0,0.0,0.0,0.0,0.0
B,R03,training,22,88,0,0.0,0.0,0.0,0.0
B,R03,training,22,89,0,0.0,0.0,0.0,0.0
B,R03,training,22,90,0,0.0,0.0,0.0,0.0
B,R03,training,22,91,0,0.0,0.0,0.0,0.0
B,R03,training,22,92,0,0.0,0.0,0.0,0.0
B,R03,training,22,93,0,0.0,0.0,0.0,0.0
B,R03,training,22,94,0,0.0,0.0,0.0,0.0
B,R03,training,22,95,0,0.0,0.0,0.0,0.0
B,R03,training,22,96,0,0.0,0.0,0.0,0.0
B,R03,training,22,97,0,0.0,0.0,0.0,0.0
B,R03,training,22,98,0,0.0,0.0,0.0,0.0
B,R03,training,22,99,0,0.0,0.0,0.0,0.0
B,R03,training,22,100,0,0.0,0.0,0.0,0.0
B,R03,training,22,101,0,0.0,0.0,0.0,0.0
B,R03,training,22,102,0,0.0,0.0,0.0,0.0
B,R03,training,22,103,0,0.0,0.0,0.0,0.0
B,R03,training,22,104,0,0.0,0.0,0.0,0.0
B,R03,training,22,105,0,0.0,0.0,0.0,0.0
B,R03,training,22,106,0,0.0,0.0,0.0,0.0
B,R03,training,22,107,0,0.0,0.0,0.0,0.0
B,R03,training,22,108,0,0.0,0.0,0.0,0.0
B,R03,training,22,109,0,0.0,0.0,0.0,0.0
B,R03,training,22,110,0,0.0,0.0,0.0,0.0
B,R03,training,22,111,0,0.0,0.0,0.0,0.0
B,R03,training,22,112,0,0.0,0.0,0.0,0.0
B,R03,training,22,113,0,0.0,0.0,0.0,0.0
B,R03,training,22,114,0,0.0,0.0,0.0,0.0
B,R03,training,22,115,0,0.0,0.0,0.0,0.0
B,R03,training,22,116,0,0.0,0.0,0.0,0.0
B,R03,training,22,117,0,0.0,0.0,0.0,0.0
B,R03,training,22,118,0,0.0,0.0,0.0,0.0
B,R03,training,22,119,0,0.0,0.0,0.0,0.0
B,R03,training,22,120,0,0.0,0.0,0.0,0.0
B,R03,training,22,121,0,0.0,0.0,0.0,0.0
B,R03,training,22,122,0,0.0,0.0,0.0,0.0
B,R03,training,22,123,0,0.0,0.0,0.0,0.0
B,R03,training,22,124,0,0.0,0.0,0.0,0.0
B,R03,training,22,125,0,0.0,0.0,0.0,0.0
B,R03,training,22,126,0,0.0,0.0,0.0,0.0
B,R03,training,22,127,0,0.0,0.0,0.0,0.0
B,R03,training,22,128,0,0.0,0.0,0.0,0.0
B,R03,training,22,129,0,0.0,0.0,0.0,0.0
B,R03,training,22,130,0,0.0,0.0,0.0,0.0
B,R03,training,22,131,0,0.0,0.0,0.0,0.0
B,R03,training,22,132,0,0.0,0.0,0.0,0.0
B,R03,training,22,133,0,0.0,0.0,0.0,0.0
B,R03,training,22,134,0,0.0,0.0,0.0,0.0
B,R03,training,22,135,0,0.0,0.0,0.0,0.0
B,R03,training,22,136,0,0.0,0.0,0.0,0.0
B,R03,training,22,137,0,0.0,0.0,0.0,0.0
B,R03,training,22,138,0,0.0,0.0,0.0,0.0
B,R03,training,22,139,0,0.0,0.0,0.0,0.0
B,R03,training,22,140,0,0.0,0.0,0.0,0.0
B,R03,training,22,141,0,0.0,0.0,0.0,0.0
B,R03,training,22,142,0,0.0,0.0,0.0,0.0
B,R03,training,22,143,0,0.0,0.0,0.0,0.0
B,R03,training,22,144,0,0.0,0.0,0.0,0.0
B,R03,training,22,145,0,0.0,0.0,0.0,0.0
B,R03,training,22,146,0,0.0,0.0,0.0,0.0
B,R03,training,22,147,0,0.0,0.0,0.0,0.0
B,R03,training,22,148,0,0.0,0.0,0.0,0.0
B,R03,training,22,149,0,0.0,0.0,0.0,0.0
B,R03,training,22,150,0,0.0,0.0,0.0,0.0
B,R03,training,22,151,0,0.0,0.0,0.0,0.0
B,R03,training,22,152,0,0.0,0.0,0.0,0.0
B,R03,training,22,153,0,0.0,0.0,0.0,0.0
B,R03,training,22,154,0,0.0,0.0,0.0,0.0
B,R03,training,22,155,0,0.0,0.0,0.0,0.0
B,R03,training,22,156,0,0.0,0.0,0.0,0.0
B,R03,training,22,157,0,0.0,0.0,0.0,0.0
B,R03,training,22,158,0,0.0,0.0,0.0,0.0
B,R03,training,22,159,0,0.0,0.0,0.0,0.0
B,R03,training,22,160,0,0.0,0.0,0.0,0.0
B,R03,training,22,161,0,0.0,0.0,0.0,0.0
B,R03,training,22,162,0,0.0,0.0,0.0,0.0
B,R03,training,22,163,0,0.0,0.0,0.0,0.0
B,R03,training,22,164,0,0.0,0.0,0.0,0.0
B,R03,training,22,165,0,0.0,0.0,0.0,0.0
B,R03,training,22,166,0,0.0,0.0,0.0,0.0
B,R03,training,22,167,0,0.0,0.0,0.0,0.0
B,R03,training,22,168,0,0.0,0.0,0.0,0.0
B,R03,training,22,169,0,0.0,0.0,0.0,0.0
B,R03,training,22,170,0,0.0,0.0,0.0,0.0
B,R03,training,22,171,0,0.0,0.0,0.0,0.0
B,R03,training,22,172,0,0.0,0.0,0.0,0.0
B,R03,training,22,173,0,0.0,0.0,0.0,0.0
B,R03,training,22,174,0,0.0,0.0,0.0,0.0
B,R03,training,22,175,0,0.0,0.0,0.0,0.0
B,R03,training,22,176,0,0.0,0.0,0.0,0.0
B,R03,training,22,177,0,0.0,0.0,0.0,0.0
B,R03,training,22,178,0,0.0,0.0,0.0,0.0
B,R03,training,22,179,0,0.0,0.0,0.0,0.0
B,R03,training,22,180,0,0.0,0.0,0.0,0.0
B,R03,training,22,181,0,0.0,0.0,0.0,0.0
B,R03,training,22,182,0,0.0,0.0,0.0,0.0
B,R03,training,22,183,0,0.0,0.0,0.0,0.0
B,R03,training,22,184,0,0.0,0.0,0.0,0.0
B,R03,training,22,185,0,0.0,0.0,0.0,0.0
B,R03,training,22,186,0,0.0,0.0,0.0,0.0
B,R03,training,22,187,0,0.0,0.0,0.0,0.0
B,R03,training,22,188,0,0.0,0.0,0.0,0.0
B,R03,training,22,189,0,0.0,0.0,0.0,0.0
B,R03,training,22,190,0,0.0,0.0,0.0,0.0
B,R03,training,22,191,0,0.0,0.0,0.0,0.0
B,R03,training,22,192,0,0.0,0.0,0.0,0.0
B,R03,training,22,193,0,0.0,0.0,0.0,0.0
B,R03,training,22,194,0,0.0,0.0,0.0,0.0
B,R03,training,22,195,0,0.0,0.0,0.0,0.0
B,R03,training,22,196,0,0.0,0.0,0.0,0.0
B,R03,training,22,197,0,0.0,0.0,0.0,0.0
B,R03,training,22,198,0,0.0,0.0,0.0,0.0
B,R03,training,22,199,0,0.0,0.0,0.0,0.0
B,R03,training,22,200,0,0.0,0.0,0.0,0.0
B,R03,training,22,201,0,0.0,0.0,0.0,0.0
B,R03,training,22,202,0,0.0,0.0,0.0,0.0
B,R03,training,22,203,0,0.0,0.0,0.0,0.0
B,R03,training,22,204,0,0.0,0.0,0.0,0.0
B,R03,training,22,205,0,0.0,0.0,0.0,0.0
B,R03,training,22,206,0,0.0,0.0,0.0,0.0
B,R03,training,22,207,0,0.0,0.0,0.0,0.0
B,R03,training,22,208,0,0.0,0.0,0.0,0.0
B,R03,training,22,209,0,0.0,0.0,0.0,0.0
B,R03,training,22,210,0,0.0,0.0,0.0,0.0
B,R03,training,22,211,0,0.0,0.0,0.0,0.0
B,R03,training,22,212,0,0.0,0.0,0.0,0.0
B,R03,training,22,213,0,0.0,0.0,0.0,0.0
B,R03,training,22,214,0,0.0,0.0,0.0,0.0
B,R03,training,22,215,0,0.0,0.0,0.0,0.0
B,R03,training,22,216,0,0.0,0.0,0.0,0.0
B,R03,training,22,217,0,0.0,0.0,0.0,0.0
B,R03,training,22,218,0,0.0,0.0,0.0,0.0
B,R03,training,22,219,0,0.0,0.0,0.0,0.0
B,R03,training,22,220,0,0.0,0.0,0.0,0.0
B,R03,training,22,221,0,0.0,0.0,0.0,0.0
B,R03,training,22,222,0,0.0,0.0,0.0,0.0
B,R03,training,22,223,0,0.0,0.0,0.0,0.0
B,R03,training,22,224,0,0.0,0.0,0.0,0.0
B,R03,training,22,225,0,0.0,0.0,0.0,0.0
B,R03,training,22,226,0,0.0,0.0,0.0,0.0
B,R03,training,22,227,0,0.0,0.0,0.0,0.0
B,R03,training,22,228,0,0.0,0.0,0.0,0.0
B,R03,training,22,229,0,0.0,0.0,0.0,0.0
B,R03,training,22,230,0,0.0,0.0,0.0,0.0
B,R03,training,22,231,0,0.0,0.0,0.0,0.0
B,R03,training,22,232,0,0.0,0.0,0.0,0.0
B,R03,training,22,233,0,0.0,0.0,0.0,0.0
B,R03,training,22,234,0,0.0,0.0,0.0,0.0
B,R03,training,22,235,0,0.0,0.0,0.0,0.0
B,R03,training,22,236,0,0.0,0.0,0.0,0.0
B,R03,training,22,237,0,0.0,0.0,0.0,0.0
B,R03,training,22,238,0,0.0,0.0,0.0,0.0
B,R03,training,22,239,0,0.0,0.0,0.0,0.0
B,R03,training,22,240,0,0.0,0.0,0.0,0.0
B,R03,training,22,241,0,0.0,0.0,0.0,0.0
B,R03,training,22,242,0,0.0,0.0,0.0,0.0
B,R03,training,22,243,0,0.0,0.0,0.0,0.0
B,R03,training,22,244,0,0.0,0.0,0.0,0.0
B,R03,training,22,245,0,0.0,0.0,0.0,0.0
B,R03,training,22,246,0,0.0,0.0,0.0,0.0
B,R03,training,22,247,0,0.0,0.0,0.0,0.0
B,R03,training,22,248,0,0.0,0.0,0.0,0.0
B,R03,training,22,249,0,0.0,0.0,0.0,0.0
B,R03,training,22,250,0,0.0,0.0,0.0,0.0
B,R03,training,22,251,0,0.0,0.0,0.0,0.0
B,R03,training,22,252,0,0.0,0.0,0.0,0.0
B,R03,training,22,253,0,0.0,0.0,0.0,0.0
B,R03,training,22,254,0,0.0,0.0,0.0,0.0
B,R03,training,22,255,0,0.0,0.0,0.0,0.0
B,R03,training,22,256,0,0.0,0.0,0.0,0.0
B,R03,training,22,257,0,0.0,0.0,0.0,0.0
B,R03,training,22,258,0,0.0,0.0,0.0,0.0
B,R03,training,22,259,0,0.0,0.0,0.0,0.0
B,R03,training,22,260,0,0.0,0.0,0.0,0.0
B,R03,training,22,261,0,0.0,0.0,0.0,0.0
B,R03,training,22,262,0,0.0,0.0,0.0,0.0
B,R03,training,22,263,0,0.0,0.0,0.0,0.0
B,R03,training,22,264,0,0.0,0.0,0.0,0.0
B,R03,training,22,265,0,0.0,0.0,0.0,0.0
B,R03,training,22,266,0,0.0,0.0,0.0,0.0
B,R03,training,22,267,0,0.0,0.0,0.0,0.0
B,R03,training,22,268,0,0.0,0.0,0.0,0.0
B,R03,training,22,269,0,0.0,0.0,0.0,0.0
B,R03,training,22,270,0,0.0,0.0,0.0,0.0
B,R03,training,22,271,0,0.0,0.0,0.0,0.0
B,R03,training,22,272,0,0.0,0.0,0.0,0.0
B,R03,training,22,273,0,0.0,0.0,0.0,0.0
B,R03,training,22,274,0,0.0,0.0,0.0,0.0
B,R03,training,22,275,0,0.0,0.0,0.0,0.0
B,R03,training,22,276,0,0.0,0.0,0.0,0.0
B,R03,training,22,277,0,0.0,0.0,0.0,0.0
B,R03,training,22,278,0,0.0,0.0,0.0,0.0
B,R03,training,22,279,0,0.0,0.0,0.0,0.0
B,R03,training,22,280,0,0.0,0.0,0.0,0.0
B,R03,training,22,281,0,0.0,0.0,0.0,0.0
B,R03,training,22,282,0,0.0,0.0,0.0,0.0
B,R03,training,22,283,0,0.0,0.0,0.0,0.0
B,R03,training,22,284,0,0.0,0.0,0.0,0.0
B,R03,training,22,285,0,0.0,0.0,0.0,0.0
B,R03,training,22,286,0,0.0,0.0,0.0,0.0
B,R03,training,22,287,0,0.0,0.0,0.0,0.0
B,R03,training,22,288,0,0.0,0.0,0.0,0.0
B,R03,training,22,289,0,0.0,0.0,0.0,0.0
B,R03,training,22,290,0,0.0,0.0,0.0,0.0
B,R03,training,22,291,0,0.0,0.0,0.0,0.0
B,R03,training,22,292,0,0.0,0.0,0.0,0.0
B,R03,training,22,293,0,0.0,0.0,0.0,0.0
B,R03,training,22,294,0,0.0,0.0,0.0,0.0
B,R03,training,22,295,0,0.0,0.0,0.0,0.0
B,R03,training,22,296,0,0.0,0.0,0.0,0.0
B,R03,training,22,297,0,0.0,0.0,0.0,0.0
B,R03,training,22,298,0,0.0,0.0,0.0,0.0
B,R03,training,22,299,0,0.0,0.0,0.0,0.0
B,R03,training,22,300,0,0.0,0.0,0.0,0.0
B,R03,training,22,301,0,0.0,0.0,0.0,0.0
B,R03,training,22,302,0,0.0,0.0,0.0,0.0
B,R03,training,22,303,0,0.0,0.0,0.0,0.0
B,R03,training,22,304,0,0.0,0.0,0.0,0.0
B,R03,training,22,305,0,0.0,0.0,0.0,0.0
B,R03,training,22,306,0,0.0,0.0,0.0,0.0
B,R03,training,22,307,0,0.0,0.0,0.0,0.0
B,R03,training,22,308,0,0.0,0.0,0.0,0.0
B,R03,training,22,309,0,0.0,0.0,0.0,0.0
B,R03,training,22,310,0,0.0,0.0,0.0,0.0
B,R03,training,22,311,0,0.0,0.0,0.0,0.0
B,R03,training,22,312,0,0.0,0.0,0.0,0.0
B,R03,training,22,313,0,0.0,0.0,0.0,0.0
B,R03,training,22,314,0,0.0,0.0,0.0,0.0
B,R03,training,22,315,0,0.0,0.0,0.0,0.0
B,R03,training,22,316,0,0.0,0.0,0.0,0.0
B,R03,training,22,317,0,0.0,0.0,0.0,0.0
B,R03,training,22,318,0,0.0,0.0,0.0,0.0
B,R03,training,22,319,0,0.0,0.0,0.0,0.0
B,R03,training,22,320,0,0.0,0.0,0.0,0.0
B,R03,training,22,321,0,0.0,0.0,0.0,0.0
B,R03,training,22,322,0,0.0,0.0,0.0,0.0
B,R03,training,22,323,0,0.0,0.0,0.0,0.0
B,R03,training,22,324,0,0.0,0.0,0.0,0.0
B,R03,training,22,325,0,0.0,0.0,0.0,0.0
B,R03,training,22,326,0,0.0,0.0,0.0,0.0
B,R03,training,22,327,0,0.0,0.0,0.0,0.0
B,R03,training,22,328,0,0.0,0.0,0.0,0.0
B,R03,training,22,329,0,0.0,0.0,0.0,0.0
B,R03,training,22,330,0,0.0,0.0,0.0,0.0
B,R03,training,22,331,0,0.0,0.0,0.0,0.0
B,R03,training,22,332,0,0.0,0.0,0.0,0.0
B,R03,training,22,333,0,0.0,0.0,0.0,0.0
B,R03,training,22,334,0,0.0,0.0,0.0,0.0
B,R03,training,22,335,0,0.0,0.0,0.0,0.0
B,R03,training,22,336,0,0.0,0.0,0.0,0.0
B,R03,training,22,337,0,0.0,0.0,0.0,0.0
B,R03,training,22,338,0,0.0,0.0,0.0,0.0
B,R03,training,22,339,0,0.0,0.0,0.0,0.0
B,R03,training,22,340,0,0.0,0.0,0.0,0.0
B,R03,training,22,341,0,0.0,0.0,0.0,0.0
B,R03,training,22,342,0,0.0,0.0,0.0,0.0
B,R03,training,22,343,0,0.0,0.0,0.0,0.0
B,R03,training,22,344,0,0.0,0.0,0.0,0.0
B,R03,training,22,345,0,0.0,0.0,0.0,0.0
B,R03,training,22,346,0,0.0,0.0,0.0,0.0
B,R03,training,22,347,0,0.0,0.0,0.0,0.0
B,R03,training,22,348,0,0.0,0.0,0.0,0.0
B,R03,training,22,349,0,0.0,0.0,0.0,0.0
B,R03,training,22,350,0,0.0,0.0,0.0,0.0
B,R03,training,22,351,0,0.0,0.0,0.0,0.0
B,R03,training,22,352,0,0.0,0.0,0.0,0.0
B,R03,training,22,353,0,0.0,0.0,0.0,0.0
B,R03,training,22,354,0,0.0,0.0,0.0,0.0
B,R03,training,22,355,0,0.0,0.0,0.0,0.0
B,R03,training,22,356,0,0.0,0.0,0.0,0.0
B,R03,training,22,357,0,0.0,0.0,0.0,0.0
B,R03,training,22,358,0,0.0,0.0,0.0,0.0
B,R03,training,22,359,0,0.0,0.0,0.0,0.0
B,R03,training,22,360,0,0.0,0.0,0.0,0.0
B,R03,training,22,361,0,0.0,0.0,0.0,0.0
B,R03,training,22,362,0,0.0,0.0,0.0,0.0
B,R03,training,22,363,0,0.0,0.0,0.0,0.0
B,R03,training,22,364,0,0.0,0.0,0.0,0.0
B,R03,training,22,365,0,0.0,0.0,0.0,0.0
B,R03,training,22,366,0,0.0,0.0,0.0,0.0
B,R03,training,22,367,0,0.0,0.0,0.0,0.0
B,R03,training,22,368,0,0.0,0.0,0.0,0.0
B,R03,training,22,369,0,0.0,0.0,0.0,0.0
B,R03,training,22,370,0,0.0,0.0,0.0,0.0
B,R03,training,22,371,0,0.0,0.0,0.0,0.0
B,R03,training,22,372,0,0.0,0.0,0.0,0.0
B,R03,training,22,373,0,0.0,0.0,0.0,0.0
B,R03,training,22,374,0,0.0,0.0,0.0,0.0
B,R03,training,22,375,0,0.0,0.0,0.0,0.0
B,R03,training,22,376,0,0.0,0.0,0.0,0.0
B,R03,training,22,377,0,0.0,0.0,0.0,0.0
B,R03,training,22,378,0,0.0,0.0,0.0,0.0
B,R03,training,22,379,0,0.0,0.0,0.0,0.0
B,R03,training,22,380,0,0.0,0.0,0.0,0.0
B,R03,training,22,381,0,0.0,0.0,0.0,0.0
B,R03,training,22,382,0,0.0,0.0,0.0,0.0
B,R03,training,22,383,0,0.0,0.0,0.0,0.0
B,R03,training,22,384,0,0.0,0.0,0.0,0.0
B,R03,training,22,385,0,0.0,0.0,0.0,0.0
B,R03,training,22,386,0,0.0,0.0,0.0,0.0
B,R03,training,22,387,0,0.0,0.0,0.0,0.0
B,R03,training,22,388,0,0.0,0.0,0.0,0.0
B,R03,training,22,389,0,0.0,0.0,0.0,0.0
B,R03,training,22,390,0,0.0,0.0,0.0,0.0
B,R03,training,22,391,0,0.0,0.0,0.0,0.0
B,R03,training,22,392,0,0.0,0.0,0.0,0.0
B,R03,training,22,393,0,0.0,0.0,0.0,0.0
B,R03,training,22,394,0,0.0,0.0,0.0,0.0
B,R03,training,22,395,0,0.0,0.0,0.0,0.0
B,R03,training,22,396,0,0.0,0.0,0.0,0.0
B,R03,training,22,397,0,0.0,0.0,0.0,0.0
B,R03,training,22,398,0,0.0,0.0,0.0,0.0
B,R03,training,22,399,0,0.0,0.0,0.0,0.0
B,R03,training,22,400,0,0.0,0.0,0.0,0.0
B,R03,training,22,401,0,0.0,0.0,0.0,0.0
B,R03,training,22,402,0,0.0,0.0,0.0,0.0
B,R03,training,22,403,0,0.0,0.0,0.0,0.0
B,R03,training,22,404,0,0.0,0.0,0.0,0.0
B,R03,training,22,405,0,0.0,0.0,0.0,0.0
B,R03,training,22,406,0,0.0,0.0,0.0,0.0
B,R03,training,22,407,0,0.0,0.0,0.0,0.0
B,R03,training,22,408,0,0.0,0.0,0.0,0.0
B,R03,training,22,409,0,0.0,0.0,0.0,0.0
B,R03,training,22,410,0,0.0,0.0,0.0,0.0
B,R03,training,22,411,0,0.0,0.0,0.0,0.0
B,R03,training,22,412,0,0.0,0.0,0.0,0.0
B,R03,training,22,413,0,0.0,0.0,0.0,0.0
B,R03,training,22,414,0,0.0,0.0,0.0,0.0
B,R03,training,22,415,0,0.0,0.0,0.0,0.0
B,R03,training,22,416,0,0.0,0.0,0.0,0.0
B,R03,training,22,417,0,0.0,0.0,0.0,0.0
B,R03,training,22,418,0,0.0,0.0,0.0,0.0
B,R03,training,22,419,0,0.0,0.0,0.0,0.0
B,R03,training,22,420,0,0.0,0.0,0.0,0.0
B,R03,training,22,421,0,0.0,0.0,0.0,0.0
B,R03,training,22,422,0,0.0,0.0,0.0,0.0
B,R03,training,22,423,0,0.0,0.0,0.0,0.0
B,R03,training,22,424,0,0.0,0.0,0.0,0.0
B,R03,training,22,425,0,0.0,0.0,0.0,0.0
B,R03,training,22,426,0,0.0,0.0,0.0,0.0
B,R03,training,22,427,0,0.0,0.0,0.0,0.0
B,R03,training,22,428,0,0.0,0.0,0.0,0.0
B,R03,training,22,429,0,0.0,0.0,0.0,0.0
B,R03,training,22,430,0,0.0,0.0,0.0,0.0
B,R03,training,22,431,0,0.0,0.0,0.0,0.0
B,R03,training,22,432,0,0.0,0.0,0.0,0.0
B,R03,training,22,433,0,0.0,0.0,0.0,0.0
B,R03,training,22,434,0,0.0,0.0,0.0,0.0
B,R03,training,22,435,0,0.0,0.0,0.0,0.0
B,R03,training,22,436,0,0.0,0.0,0.0,0.0
B,R03,training,22,437,0,0.0,0.0,0.0,0.0
B,R03,training,22,438,0,0.0,0.0,0.0,0.0
B,R03,training,22,439,0,0.0,0.0,0.0,0.0
B,R03,training,22,440,0,0.0,0.0,0.0,0.0
B,R03,training,22,441,0,0.0,0.0,0.0,0.0
B,R03,training,22,442,0,0.0,0.0,0.0,0.0
B,R03,training,22,443,0,0.0,0.0,0.0,0.0
B,R03,training,22,444,0,0.0,0.0,0.0,0.0
B,R03,training,22,445,0,0.0,0.0,0.0,0.0
B,R03,training,22,446,0,0.0,0.0,0.0,0.0
B,R03,training,22,447,0,0.0,0.0,0.0,0.0
B,R03,training,22,448,0,0.0,0.0,0.0,0.0
B,R03,training,22,449,0,0.0,0.0,0.0,0.0
B,R03,training,22,450,0,0.0,0.0,0.0,0.0
B,R03,training,22,451,0,0.0,0.0,0.0,0.0
B,R03,training,22,452,0,0.0,0.0,0.0,0.0
B,R03,training,22,453,0,0.0,0.0,0.0,0.0
B,R03,training,22,454,0,0.0,0.0,0.0,0.0
B,R03,training,22,455,0,0.0,0.0,0.0,0.0
B,R03,training,22,456,0,0.0,0.0,0.0,0.0
B,R03,training,22,457,0,0.0,0.0,0.0,0.0
B,R03,training,22,458,0,0.0,0.0,0.0,0.0
B,R03,training,22,459,0,0.0,0.0,0.0,0.0
B,R03,training,22,460,0,0.0,0.0,0.0,0.0
B,R03,training,22,461,0,0.0,0.0,0.0,0.0
B,R03,training,22,462,0,0.0,0.0,0.0,0.0
B,R03,training,22,463,0,0.0,0.0,0.0,0.0
B,R03,training,22,464,0,0.0,0.0,0.0,0.0
B,R03,training,22,465,0,0.0,0.0,0.0,0.0
B,R03,training,22,466,0,0.0,0.0,0.0,0.0
B,R03,training,22,467,0,0.0,0.0,0.0,0.0
B,R03,training,22,468,0,0.0,0.0,0.0,0.0
B,R03,training,22,469,0,0.0,0.0,0.0,0.0
B,R03,training,22,470,0,0.0,0.0,0.0,0.0
B,R03,training,22,471,0,0.0,0.0,0.0,0.0
B,R03,training,22,472,0,0.0,0.0,0.0,0.0
B,R03,training,22,473,0,0.0,0.0,0.0,0.0
B,R03,training,22,474,0,0.0,0.0,0.0,0.0
B,R03,training,22,475,0,0.0,0.0,0.0,0.0
B,R03,training,22,476,0,0.0,0.0,0.0,0.0
B,R03,training,22,477,0,0.0,0.0,0.0,0.0
B,R03,training,22,478,0,0.0,0.0,0.0,0.0
B,R03,training,22,479,0,0.0,0.0,0.0,0.0
B,R03,training,22,480,0,0.0,0.0,0.0,0.0
B,R03,training,22,481,0,0.0,0.0,0.0,0.0
B,R03,training,22,482,0,0.0,0.0,0.0,0.0
B,R03,training,22,483,0,0.0,0.0,0.0,0.0
B,R03,training,22,484,0,0.0,0.0,0.0,0.0
B,R03,training,22,485,0,0.0,0.0,0.0,0.0
B,R03,training,22,486,0,0.0,0.0,0.0,0.0
B,R03,training,22,487,0,0.0,0.0,0.0,0.0
B,R03,training,22,488,0,0.0,0.0,0.0,0.0
B,R03,training,22,489,0,0.0,0.0,0.0,0.0
B,R03,training,22,490,0,0.0,0.0,0.0,0.0
B,R03,training,22,491,0,0.0,0.0,0.0,0.0
B,R03,training,22,492,0,0.0,0.0,0.0,0.0
B,R03,training,22,493,0,0.0,0.0,0.0,0.0
B,R03,training,22,494,0,0.0,0.0,0.0,0.0
B,R03,training,22,495,0,0.0,0.0,0.0,0.0
B,R03,training,22,496,0,0.0,0.0,0.0,0.0
B,R03,training,22,497,0,0.0,0.0,0.0,0.0
B,R03,training,22,498,0,0.0,0.0,0.0,0.0
B,R03,training,22,499,0,0.0,0.0,0.0,0.0
B,R03,training,22,500,0,0.0,0.0,0.0,0.0
B,R03,training,22,501,0,0.0,0.0,0.0,0.0
B,R03,training,22,502,0,0.0,0.0,0.0,0.0
B,R03,training,22,503,0,0.0,0.0,0.0,0.0
B,R03,training,22,504,0,0.0,0.0,0.0,0.0
B,R03,training,22,505,0,0.0,0.0,0.0,0.0
B,R03,training,22,506,0,0.0,0.0,0.0,0.0
B,R03,training,22,507,0,0.0,0.0,0.0,0.0
B,R03,training,22,508,0,0.0,0.0,0.0,0.0
B,R03,training,22,509,0,0.0,0.0,0.0,0.0
B,R03,training,22,510,0,0.0,0.0,0.0,0.0
B,R03,training,22,511,0,0.0,0.0,0.0,0.0
B,R03,training,22,512,0,0.0,0.0,0.0,0.0
B,R03,training,22,513,0,0.0,0.0,0.0,0.0
B,R03,training,22,514,0,0.0,0.0,0.0,0.0
B,R03,training,22,515,0,0.0,0.0,0.0,0.0
B,R03,training,22,516,0,0.0,0.0,0.0,0.0
B,R03,training,22,517,0,0.0,0.0,0.0,0.0
B,R03,training,22,518,0,0.0,0.0,0.0,0.0
B,R03,training,22,519,0,0.0,0.0,0.0,0.0
B,R03,training,22,520,0,0.0,0.0,0.0,0.0
B,R03,training,22,521,0,0.0,0.0,0.0,0.0
B,R03,training,22,522,0,0.0,0.0,0.0,0.0
B,R03,training,22,523,0,0.0,0.0,0.0,0.0
B,R03,training,22,524,0,0.0,0.0,0.0,0.0
B,R03,training,22,525,0,0.0,0.0,0.0,0.0
B,R03,training,22,526,0,0.0,0.0,0.0,0.0
B,R03,training,22,527,0,0.0,0.0,0.0,0.0
B,R03,training,22,528,0,0.0,0.0,0.0,0.0
B,R03,training,22,529,0,0.0,0.0,0.0,0.0
B,R03,training,22,530,0,0.0,0.0,0.0,0.0
B,R03,training,22,531,0,0.0,0.0,0.0,0.0
B,R03,training,22,532,0,0.0,0.0,0.0,0.0
B,R03,training,22,533,0,0.0,0.0,0.0,0.0
B,R03,training,22,534,0,0.0,0.0,0.0,0.0
B,R03,training,22,535,0,0.0,0.0,0.0,0.0
B,R03,training,22,536,0,0.0,0.0,0.0,0.0
B,R03,training,22,537,0,0.0,0.0,0.0,0.0
B,R03,training,22,538,0,0.0,0.0,0.0,0.0
B,R03,training,22,539,0,0.0,0.0,0.0,0.0
B,R03,training,22,540,0,0.0,0.0,0.0,0.0
B,R03,training,22,541,0,0.0,0.0,0.0,0.0
B,R03,training,22,542,0,0.0,0.0,0.0,0.0
B,R03,training,22,543,0,0.0,0.0,0.0,0.0
B,R03,training,22,544,0,0.0,0.0,0.0,0.0
B,R03,training,22,545,0,0.0,0.0,0.0,0.0
B,R03,training,22,546,0,0.0,0.0,0.0,0.0
B,R03,training,22,547,0,0.0,0.0,0.0,0.0
B,R03,training,22,548,0,0.0,0.0,0.0,0.0
B,R03,training,22,549,0,0.0,0.0,0.0,0.0
B,R03,training,22,550,0,0.0,0.0,0.0,0.0
B,R03,training,22,551,0,0.0,0.0,0.0,0.0
B,R03,training,22,552,0,0.0,0.0,0.0,0.0
B,R03,training,22,553,0,0.0,0.0,0.0,0.0
B,R03,training,22,554,0,0.0,0.0,0.0,0.0
B,R03,training,22,555,0,0.0,0.0,0.0,0.0
B,R03,training,22,556,0,0.0,0.0,0.0,0.0
B,R03,training,22,557,0,0.0,0.0,0.0,0.0
B,R03,training,22,558,0,0.0,0.0,0.0,0.0
B,R03,training,22,559,0,0.0,0.0,0.0,0.0
B,R03,training,22,560,0,0.0,0.0,0.0,0.0
B,R03,training,22,561,0,0.0,0.0,0.0,0.0
B,R03,training,22,562,0,0.0,0.0,0.0,0.0
B,R03,training,22,563,0,0.0,0.0,0.0,0.0
B,R03,training,22,564,0,0.0,0.0,0.0,0.0
B,R03,training,22,565,0,0.0,0.0,0.0,0.0
B,R03,training,22,566,0,0.0,0.0,0.0,0.0
B,R03,training,22,567,0,0.0,0.0,0.0,0.0
B,R03,training,22,568,0,0.0,0.0,0.0,0.0
B,R03,training,22,569,0,0.0,0.0,0.0,0.0
B,R03,training,22,570,0,0.0,0.0,0.0,0.0
B,R03,training,22,571,0,0.0,0.0,0.0,0.0
B,R03,training,22,572,0,0.0,0.0,0.0,0.0
B,R03,training,22,573,0,0.0,0.0,0.0,0.0
B,R03,training,22,574,0,0.0,0.0,0.0,0.0
B,R03,training,22,575,0,0.0,0.0,0.0,0.0
B,R03,training,22,576,0,0.0,0.0,0.0,0.0
B,R03,training,22,577,0,0.0,0.0,0.0,0.0
B,R03,training,22,578,0,0.0,0.0,0.0,0.0
B,R03,training,22,579,0,0.0,0.0,0.0,0.0
B,R03,training,22,580,0,0.0,0.0,0.0,0.0
B,R03,training,22,581,0,0.0,0.0,0.0,0.0
B,R03,training,22,582,0,0.0,0.0,0.0,0.0
B,R03,training,22,583,0,0.0,0.0,0.0,0.0
B,R03,training,22,584,0,0.0,0.0,0.0,0.0
B,R03,training,22,585,0,0.0,0.0,0.0,0.0
B,R03,training,22,586,0,0.0,0.0,0.0,0.0
B,R03,training,22,587,0,0.0,0.0,0.0,0.0
B,R03,training,22,588,0,0.0,0.0,0.0,0.0
B,R03,training,22,589,0,0.0,0.0,0.0,0.0
B,R03,training,22,590,0,0.0,0.0,0.0,0.0
B,R03,training,22,591,0,0.0,0.0,0.0,0.0
B,R03,training,22,592,0,0.0,0.0,0.0,0.0
B,R03,training,22,593,0,0.0,0.0,0.0,0.0
B,R03,training,22,594,0,0.0,0.0,0.0,0.0
B,R03,training,22,595,0,0.0,0.0,0.0,0.0
B,R03,training,22,596,0,0.0,0.0,0.0,0.0
B,R03,training,22,597,0,0.0,0.0,0.0,0.0
B,R03,training,22,598,0,0.0,0.0,0.0,0.0
B,R03,training,22,599,0,0.0,0.0,0.0,0.0
B,R03,training,22,600,0,0.0,0.0,0.0,0.0
B,R03,training,22,601,0,0.0,0.0,0.0,0.0
B,R03,training,22,602,0,0.0,0.0,0.0,0.0
B,R03,training,22,603,0,0.0,0.0,0.0,0.0
B,R03,training,22,604,0,0.0,0.0,0.0,0.0
B,R03,training,22,605,0,0.0,0.0,0.0,0.0
B,R03,training,22,606,0,0.0,0.0,0.0,0.0
B,R03,training,22,607,0,0.0,0.0,0.0,0.0
B,R03,training,22,608,0,0.0,0.0,0.0,0.0
B,R03,training,22,609,0,0.0,0.0,0.0,0.0
B,R03,training,22,610,0,0.0,0.0,0.0,0.0
B,R03,training,22,611,0,0.0,0.0,0.0,0.0
B,R03,training,22,612,0,0.0,0.0,0.0,0.0
B,R03,training,22,613,0,0.0,0.0,0.0,0.0
B,R03,training,22,614,0,0.0,0.0,0.0,0.0
B,R03,training,22,615,0,0.0,0.0,0.0,0.0
B,R03,training,22,616,0,0.0,0.0,0.0,0.0
B,R03,training,22,617,0,0.0,0.0,0.0,0.0
B,R03,training,22,618,0,0.0,0.0,0.0,0.0
B,R03,training,22,619,0,0.0,0.0,0.0,0.0
B,R03,training,22,620,0,0.0,0.0,0.0,0.0
B,R03,training,22,621,0,0.0,0.0,0.0,0.0
B,R03,training,22,622,0,0.0,0.0,0.0,0.0
B,R03,training,22,623,0,0.0,0.0,0.0,0.0
B,R03,training,22,624,0,0.0,0.0,0.0,0.0
B,R03,training,22,625,0,0.0,0.0,0.0,0.0
B,R03,training,22,626,0,0.0,0.0,0.0,0.0
B,R03,training,22,627,0,0.0,0.0,0.0,0.0
B,R03,training,22,628,0,0.0,0.0,0.0,0.0
B,R03,training,22,629,0,0.0,0.0,0.0,0.0
B,R03,training,22,630,0,0.0,0.0,0.0,0.0
B,R03,training,22,631,0,0.0,0.0,0.0,0.0
B,R03,training,22,632,0,0.0,0.0,0.0,0.0
B,R03,training,22,633,0,0.0,0.0,0.0,0.0
B,R03,training,22,634,0,0.0,0.0,0.0,0.0
B,R03,training,22,635,0,0.0,0.0,0.0,0.0
B,R03,training,22,636,0,0.0,0.0,0.0,0.0
B,R03,training,22,637,0,0.0,0.0,0.0,0.0
B,R03,training,22,638,0,0.0,0.0,0.0,0.0
B,R03,training,22,639,0,0.0,0.0,0.0,0.0
B,R03,training,22,640,0,0.0,0.0,0.0,0.0
B,R03,training,22,641,0,0.0,0.0,0.0,0.0
B,R03,training,22,642,0,0.0,0.0,0.0,0.0
B,R03,training,22,643,0,0.0,0.0,0.0,0.0
B,R03,training,22,644,0,0.0,0.0,0.0,0.0
B,R03,training,22,645,0,0.0,0.0,0.0,0.0
B,R03,training,22,646,0,0.0,0.0,0.0,0.0
B,R03,training,22,647,0,0.0,0.0,0.0,0.0
B,R03,training,22,648,0,0.0,0.0,0.0,0.0
B,R03,training,22,649,0,0.0,0.0,0.0,0.0
B,R03,training,22,650,0,0.0,0.0,0.0,0.0
B,R03,training,22,651,0,0.0,0.0,0.0,0.0
B,R03,training,22,652,0,0.0,0.0,0.0,0.0
B,R03,training,22,653,0,0.0,0.0,0.0,0.0
B,R03,training,22,654,0,0.0,0.0,0.0,0.0
B,R03,training,22,655,0,0.0,0.0,0.0,0.0
B,R03,training,22,656,0,0.0,0.0,0.0,0.0
B,R03,training,22,657,0,0.0,0.0,0.0,0.0
B,R03,training,22,658,0,0.0,0.0,0.0,0.0
B,R03,training,22,659,0,0.0,0.0,0.0,0.0
B,R03,training,22,660,0,0.0,0.0,0.0,0.0
B,R03,training,22,661,0,0.0,0.0,0.0,0.0
B,R03,training,22,662,0,0.0,0.0,0.0,0.0
B,R03,training,22,663,0,0.0,0.0,0.0,0.0
B,R03,training,22,664,0,0.0,0.0,0.0,0.0
B,R03,training,22,665,0,0.0,0.0,0.0,0.0
B,R03,training,22,666,0,0.0,0.0,0.0,0.0
B,R03,training,22,667,0,0.0,0.0,0.0,0.0
B,R03,training,22,668,0,0.0,0.0,0.0,0.0
B,R03,training,22,669,0,0.0,0.0,0.0,0.0
B,R03,training,22,670,0,0.0,0.0,0.0,0.0
B,R03,training,22,671,0,0.0,0.0,0.0,0.0
B,R03,training,22,672,0,0.0,0.0,0.0,0.0
B,R03,training,22,673,0,0.0,0.0,0.0,0.0
B,R03,training,22,674,0,0.0,0.0,0.0,0.0
B,R03,training,22,675,0,0.0,0.0,0.0,0.0
B,R03,training,22,676,0,0.0,0.0,0.0,0.0
B,R03,training,22,677,0,0.0,0.0,0.0,0.0
B,R03,training,22,678,0,0.0,0.0,0.0,0.0
B,R03,training,22,679,0,0.0,0.0,0.0,0.0
B,R03,training,22,680,0,0.0,0.0,0.0,0.0
B,R03,training,22,681,0,0.0,0.0,0.0,0.0
B,R03,training,22,682,0,0.0,0.0,0.0,0.0
B,R03,training,22,683,0,0.0,0.0,0.0,0.0
B,R03,training,22,684,0,0.0,0.0,0.0,0.0
B,R03,training,22,685,0,0.0,0.0,0.0,0.0
B,R03,training,22,686,0,0.0,0.0,0.0,0.0
B,R03,training,22,687,0,0.0,0.0,0.0,0.0
B,R03,training,22,688,0,0.0,0.0,0.0,0.0
B,R03,training,22,689,0,0.0,0.0,0.0,0.0
B,R03,training,22,690,0,0.0,0.0,0.0,0.0
B,R03,training,22,691,0,0.0,0.0,0.0,0.0
B,R03,training,22,692,0,0.0,0.0,0.0,0.0
B,R03,training,22,693,0,0.0,0.0,0.0,0.0
B,R03,training,22,694,0,0.0,0.0,0.0,0.0
B,R03,training,22,695,0,0.0,0.0,0.0,0.0
B,R03,training,22,696,0,0.0,0.0,0.0,0.0
B,R03,training,22,697,0,0.0,0.0,0.0,0.0
B,R03,training,22,698,0,0.0,0.0,0.0,0.0
B,R03,training,22,699,0,0.0,0.0,0.0,0.0
B,R03,training,22,700,0,0.0,0.0,0.0,0.0
B,R03,training,22,701,0,0.0,0.0,0.0,0.0
B,R03,training,22,702,0,0.0,0.0,0.0,0.0
C,R03,training,22,0,0,0.0,0.0,0.0,0.0
C,R03,training,22,1,0,0.0,0.0,0.0,0.0
C,R03,training,22,2,0,0.0,0.0,0.0,0.0
C,R03,training,22,3,0,0.0,0.0,0.0,0.0
C,R03,training,22,4,0,0.0,0.0,0.0,0.0
C,R03,training,22,5,0,0.0,0.0,0.0,0.0
C,R03,training,22,6,0,0.0,0.0,0.0,0.0
C,R03,training,22,7,0,0.0,0.0,0.0,0.0
C,R03,training,22,8,0,0.0,0.0,0.0,0.0
C,R03,training,22,9,0,0.0,0.0,0.0,0.0
C,R03,training,22,10,0,0.0,0.0,0.0,0.0
C,R03,training,22,11,0,0.0,0.0,0.0,0.0
C,R03,training,22,12,0,0.0,0.0,0.0,0.0
C,R03,training,22,13,0,0.0,0.0,0.0,0.0
C,R03,training,22,14,0,0.0,0.0,0.0,0.0
C,R03,training,22,15,0,0.0,0.0,0.0,0.0
C,R03,training,22,16,0,0.0,0.0,0.0,0.0
C,R03,training,22,17,0,0.0,0.0,0.0,0.0
C,R03,training,22,18,0,0.0,0.0,0.0,0.0
C,R03,training,22,19,0,0.0,0.0,0.0,0.0
C,R03,training,22,20,0,0.0,0.0,0.0,0.0
C,R03,training,22,21,0,0.0,0.0,0.0,0.0
C,R03,training,22,22,0,0.0,0.0,0.0,0.0
C,R03,training,22,23,0,0.0,0.0,0.0,0.0
C,R03,training,22,24,0,0.0,0.0,0.0,0.0
C,R03,training,22,25,0,0.0,0.0,0.0,0.0
C,R03,training,22,26,0,0.0,0.0,0.0,0.0
C,R03,training,22,27,0,0.0,0.0,0.0,0.0
C,R03,training,22,28,0,0.0,0.0,0.0,0.0
C,R03,training,22,29,0,0.0,0.0,0.0,0.0
C,R03,training,22,30,0,0.0,0.0,0.0,0.0
C,R03,training,22,31,0,0.0,0.0,0.0,0.0
C,R03,training,22,32,0,0.0,0.0,0.0,0.0
C,R03,training,22,33,0,0.0,0.0,0.0,0.0
C,R03,training,22,34,0,0.0,0.0,0.0,0.0
C,R03,training,22,35,0,0.0,0.0,0.0,0.0
C,R03,training,22,36,0,0.0,0.0,0.0,0.0
C,R03,training,22,37,0,0.0,0.0,0.0,0.0
C,R03,training,22,38,0,0.0,0.0,0.0,0.0
C,R03,training,22,39,0,0.0,0.0,0.0,0.0
C,R03,training,22,40,0,0.0,0.0,0.0,0.0
C,R03,training,22,41,0,0.0,0.0,0.0,0.0
C,R03,training,22,42,0,0.0,0.0,0.0,0.0
C,R03,training,22,43,0,0.0,0.0,0.0,0.0
C,R03,training,22,44,0,0.0,0.0,0.0,0.0
C,R03,training,22,45,0,0.0,0.0,0.0,0.0
C,R03,training,22,46,0,0.0,0.0,0.0,0.0
C,R03,training,22,47,0,0.0,0.0,0.0,0.0
C,R03,training,22,48,0,0.0,0.0,0.0,0.0
C,R03,training,22,49,0,0.0,0.0,0.0,0.0
C,R03,training,22,50,0,0.0,0.0,0.0,0.0
C,R03,training,22,51,0,0.0,0.0,0.0,0.0
C,R03,training,22,52,0,0.0,0.0,0.0,0.0
C,R03,training,22,53,0,0.0,0.0,0.0,0.0
C,R03,training,22,54,0,0.0,0.0,0.0,0.0
C,R03,training,22,55,0,0.0,0.0,0.0,0.0
C,R03,training,22,56,0,0.0,0.0,0.0,0.0
C,R03,training,22,57,0,0.0,0.0,0.0,0.0
C,R03,training,22,58,0,0.0,0.0,0.0,0.0
C,R03,training,22,59,0,0.0,0.0,0.0,0.0
C,R03,training,22,60,0,0.0,0.0,0.0,0.0
C,R03,training,22,61,0,0.0,0.0,0.0,0.0
C,R03,training,22,62,0,0.0,0.0,0.0,0.0
C,R03,training,22,63,0,0.0,0.0,0.0,0.0
C,R03,training,22,64,0,0.0,0.0,0.0,0.0
C,R03,training,22,65,0,0.0,0.0,0.0,0.0
C,R03,training,22,66,0,0.0,0.0,0.0,0.0
C,R03,training,22,67,0,0.0,0.0,0.0,0.0
C,R03,training,22,68,0,0.0,0.0,0.0,0.0
C,R03,training,22,69,0,0.0,0.0,0.0,0.0
C,R03,training,22,70,0,0.0,0.0,0.0,0.0
C,R03,training,22,71,0,0.0,0.0,0.0,0.0
C,R03,training,22,72,0,0.0,0.0,0.0,0.0
C,R03,training,22,73,0,0.0,0.0,0.0,0.0
C,R03,training,22,74,0,0.0,0.0,0.0,0.0
C,R03,training,22,75,0,0.0,0.0,0.0,0.0
C,R03,training,22,76,0,0.0,0.0,0.0,0.0
C,R03,training,22,77,0,0.0,0.0,0.0,0.0
C,R03,training,22,78,0,0.0,0.0,0.0,0.0
C,R03,training,22,79,0,0.0,0.0,0.0,0.0
C,R03,training,22,80,0,0.0,0.0,0.0,0.0
C,R03,training,22,81,0,0.0,0.0,0.0,0.0
C,R03,training,22,82,0,0.0,0.0,0.0,0.0
C,R03,training,22,83,0,0.0,0.0,0.0,0.0
C,R03,training,22,84,0,0.0,0.0,0.0,0.0
C,R03,training,22,85,0,0.0,0.0,0.0,0.0
C,R03,training,22,86,0,0.0,0.0,0.0,0.0
C,R03,training,22,87,0,0.0,0.0,0.0,0.0
C,R03,training,22,88,0,0.0,0.0,0.0,0.0
C,R03,training,22,89,0,0.0,0.0,0.0,0.0
C,R03,training,22,90,0,0.0,0.0,0.0,0.0
C,R03,training,22,91,0,0.0,0.0,0.0,0.0
C,R03,training,22,92,0,0.0,0.0,0.0,0.0
C,R03,training,22,93,0,0.0,0.0,0.0,0.0
C,R03,training,22,94,0,0.0,0.0,0.0,0.0
C,R03,training,22,95,0,0.0,0.0,0.0,0.0
C,R03,training,22,96,0,0.0,0.0,0.0,0.0
C,R03,training,22,97,0,0.0,0.0,0.0,0.0
C,R03,training,22,98,0,0.0,0.0,0.0,0.0
C,R03,training,22,99,0,0.0,0.0,0.0,0.0
C,R03,training,22,100,0,0.0,0.0,0.0,0.0
C,R03,training,22,101,0,0.0,0.0,0.0,0.0
C,R03,training,22,102,0,0.0,0.0,0.0,0.0
C,R03,training,22,103,0,0.0,0.0,0.0,0.0
C,R03,training,22,104,0,0.0,0.0,0.0,0.0
C,R03,training,22,105,0,0.0,0.0,0.0,0.0
C,R03,training,22,106,0,0.0,0.0,0.0,0.0
C,R03,training,22,107,0,0.0,0.0,0.0,0.0
C,R03,training,22,108,0,0.0,0.0,0.0,0.0
C,R03,training,22,109,0,0.0,0.0,0.0,0.0
C,R03,training,22,110,0,0.0,0.0,0.0,0.0
C,R03,training,22,111,0,0.0,0.0,0.0,0.0
C,R03,training,22,112,0,0.0,0.0,0.0,0.0
C,R03,training,22,113,0,0.0,0.0,0.0,0.0
C,R03,training,22,114,0,0.0,0.0,0.0,0.0
C,R03,training,22,115,0,0.0,0.0,0.0,0.0
C,R03,training,22,116,0,0.0,0.0,0.0,0.0
C,R03,training,22,117,0,0.0,0.0,0.0,0.0
C,R03,training,22,118,0,0.0,0.0,0.0,0.0
C,R03,training,22,119,0,0.0,0.0,0.0,0.0
C,R03,training,22,120,0,0.0,0.0,0.0,0.0
C,R03,training,22,121,0,0.0,0.0,0.0,0.0
C,R03,training,22,122,0,0.0,0.0,0.0,0.0
C,R03,training,22,123,0,0.0,0.0,0.0,0.0
C,R03,training,22,124,0,0.0,0.0,0.0,0.0
C,R03,training,22,125,0,0.0,0.0,0.0,0.0
C,R03,training,22,126,0,0.0,0.0,0.0,0.0
C,R03,training,22,127,0,0.0,0.0,0.0,0.0
C,R03,training,22,128,0,0.0,0.0,0.0,0.0
C,R03,training,22,129,0,0.0,0.0,0.0,0.0
C,R03,training,22,130,0,0.0,0.0,0.0,0.0
C,R03,training,22,131,0,0.0,0.0,0.0,0.0
C,R03,training,22,132,0,0.0,0.0,0.0,0.0
C,R03,training,22,133,0,0.0,0.0,0.0,0.0
C,R03,training,22,134,0,0.0,0.0,0.0,0.0
C,R03,training,22,135,0,0.0,0.0,0.0,0.0
C,R03,training,22,136,0,0.0,0.0,0.0,0.0
C,R03,training,22,137,0,0.0,0.0,0.0,0.0
C,R03,training,22,138,0,0.0,0.0,0.0,0.0
C,R03,training,22,139,0,0.0,0.0,0.0,0.0
C,R03,training,22,140,0,0.0,0.0,0.0,0.0
C,R03,training,22,141,0,0.0,0.0,0.0,0.0
C,R03,training,22,142,0,0.0,0.0,0.0,0.0
C,R03,training,22,143,0,0.0,0.0,0.0,0.0
C,R03,training,22,144,0,0.0,0.0,0.0,0.0
C,R03,training,22,145,0,0.0,0.0,0.0,0.0
C,R03,training,22,146,0,0.0,0.0,0.0,0.0
C,R03,training,22,147,0,0.0,0.0,0.0,0.0
C,R03,training,22,148,0,0.0,0.0,0.0,0.0
C,R03,training,22,149,0,0.0,0.0,0.0,0.0
C,R03,training,22,150,0,0.0,0.0,0.0,0.0
C,R03,training,22,151,0,0.0,0.0,0.0,0.0
C,R03,training,22,152,0,0.0,0.0,0.0,0.0
C,R03,training,22,153,0,0.0,0.0,0.0,0.0
C,R03,training,22,154,0,0.0,0.0,0.0,0.0
C,R03,training,22,155,0,0.0,0.0,0.0,0.0
C,R03,training,22,156,0,0.0,0.0,0.0,0.0
C,R03,training,22,157,0,0.0,0.0,0.0,0.0
C,R03,training,22,158,0,0.0,0.0,0.0,0.0
C,R03,training,22,159,0,0.0,0.0,0.0,0.0
C,R03,training,22,160,0,0.0,0.0,0.0,0.0
C,R03,training,22,161,0,0.0,0.0,0.0,0.0
C,R03,training,22,162,0,0.0,0.0,0.0,0.0
C,R03,training,22,163,0,0.0,0.0,0.0,0.0
C,R03,training,22,164,0,0.0,0.0,0.0,0.0
C,R03,training,22,165,0,0.0,0.0,0.0,0.0
C,R03,training,22,166,0,0.0,0.0,0.0,0.0
C,R03,training,22,167,0,0.0,0.0,0.0,0.0
C,R03,training,22,168,0,0.0,0.0,0.0,0.0
C,R03,training,22,169,0,0.0,0.0,0.0,0.0
C,R03,training,22,170,0,0.0,0.0,0.0,0.0
C,R03,training,22,171,0,0.0,0.0,0.0,0.0
C,R03,training,22,172,0,0.0,0.0,0.0,0.0
C,R03,training,22,173,0,0.0,0.0,0.0,0.0
C,R03,training,22,174,0,0.0,0.0,0.0,0.0
C,R03,training,22,175,0,0.0,0.0,0.0,0.0
C,R03,training,22,176,0,0.0,0.0,0.0,0.0
C,R03,training,22,177,0,0.0,0.0,0.0,0.0
C,R03,training,22,178,0,0.0,0.0,0.0,0.0
C,R03,training,22,179,0,0.0,0.0,0.0,0.0
C,R03,training,22,180,0,0.0,0.0,0.0,0.0
C,R03,training,22,181,0,0.0,0.0,0.0,0.0
C,R03,training,22,182,0,0.0,0.0,0.0,0.0
C,R03,training,22,183,0,0.0,0.0,0.0,0.0
C,R03,training,22,184,0,0.0,0.0,0.0,0.0
C,R03,training,22,185,0,0.0,0.0,0.0,0.0
C,R03,training,22,186,0,0.0,0.0,0.0,0.0
C,R03,training,22,187,0,0.0,0.0,0.0,0.0
C,R03,training,22,188,0,0.0,0.0,0.0,0.0
C,R03,training,22,189,0,0.0,0.0,0.0,0.0
C,R03,training,22,190,0,0.0,0.0,0.0,0.0
C,R03,training,22,191,0,0.0,0.0,0.0,0.0
C,R03,training,22,192,0,0.0,0.0,0.0,0.0
C,R03,training,22,193,0,0.0,0.0,0.0,0.0
C,R03,training,22,194,0,0.0,0.0,0.0,0.0
C,R03,training,22,195,0,0.0,0.0,0.0,0.0
C,R03,training,22,196,0,0.0,0.0,0.0,0.0
C,R03,training,22,197,0,0.0,0.0,0.0,0.0
C,R03,training,22,198,0,0.0,0.0,0.0,0.0
C,R03,training,22,199,0,0.0,0.0,0.0,0.0
C,R03,training,22,200,0,0.0,0.0,0.0,0.0
C,R03,training,22,201,0,0.0,0.0,0.0,0.0
C,R03,training,22,202,0,0.0,0.0,0.0,0.0
C,R03,training,22,203,0,0.0,0.0,0.0,0.0
C,R03,training,22,204,0,0.0,0.0,0.0,0.0
C,R03,training,22,205,0,0.0,0.0,0.0,0.0
C,R03,training,22,206,0,0.0,0.0,0.0,0.0
C,R03,training,22,207,0,0.0,0.0,0.0,0.0
C,R03,training,22,208,0,0.0,0.0,0.0,0.0
C,R03,training,22,209,0,0.0,0.0,0.0,0.0
C,R03,training,22,210,0,0.0,0.0,0.0,0.0
C,R03,training,22,211,0,0.0,0.0,0.0,0.0
C,R03,training,22,212,0,0.0,0.0,0.0,0.0
C,R03,training,22,213,0,0.0,0.0,0.0,0.0
C,R03,training,22,214,0,0.0,0.0,0.0,0.0
C,R03,training,22,215,0,0.0,0.0,0.0,0.0
C,R03,training,22,216,0,0.0,0.0,0.0,0.0
C,R03,training,22,217,0,0.0,0.0,0.0,0.0
C,R03,training,22,218,0,0.0,0.0,0.0,0.0
C,R03,training,22,219,0,0.0,0.0,0.0,0.0
C,R03,training,22,220,0,0.0,0.0,0.0,0.0
C,R03,training,22,221,0,0.0,0.0,0.0,0.0
C,R03,training,22,222,0,0.0,0.0,0.0,0.0
C,R03,training,22,223,0,0.0,0.0,0.0,0.0
C,R03,training,22,224,0,0.0,0.0,0.0,0.0
C,R03,training,22,225,0,0.0,0.0,0.0,0.0
C,R03,training,22,226,0,0.0,0.0,0.0,0.0
C,R03,training,22,227,0,0.0,0.0,0.0,0.0
C,R03,training,22,228,0,0.0,0.0,0.0,0.0
C,R03,training,22,229,0,0.0,0.0,0.0,0.0
C,R03,training,22,230,0,0.0,0.0,0.0,0.0
C,R03,training,22,231,0,0.0,0.0,0.0,0.0
C,R03,training,22,232,0,0.0,0.0,0.0,0.0
C,R03,training,22,233,0,0.0,0.0,0.0,0.0
C,R03,training,22,234,0,0.0,0.0,0.0,0.0
C,R03,training,22,235,0,0.0,0.0,0.0,0.0
C,R03,training,22,236,0,0.0,0.0,0.0,0.0
C,R03,training,22,237,0,0.0,0.0,0.0,0.0
C,R03,training,22,238,0,0.0,0.0,0.0,0.0
C,R03,training,22,239,0,0.0,0.0,0.0,0.0
C,R03,training,22,240,0,0.0,0.0,0.0,0.0
C,R03,training,22,241,0,0.0,0.0,0.0,0.0
C,R03,training,22,242,0,0.0,0.0,0.0,0.0
C,R03,training,22,243,0,0.0,0.0,0.0,0.0
C,R03,training,22,244,0,0.0,0.0,0.0,0.0
C,R03,training,22,245,0,0.0,0.0,0.0,0.0
C,R03,training,22,246,0,0.0,0.0,0.0,0.0
C,R03,training,22,247,0,0.0,0.0,0.0,0.0
C,R03,training,22,248,0,0.0,0.0,0.0,0.0
C,R03,training,22,249,0,0.0,0.0,0.0,0.0
C,R03,training,22,250,0,0.0,0.0,0.0,0.0
C,R03,training,22,251,0,0.0,0.0,0.0,0.0
C,R03,training,22,252,0,0.0,0.0,0.0,0.0
C,R03,training,22,253,0,0.0,0.0,0.0,0.0
C,R03,training,22,254,0,0.0,0.0,0.0,0.0
C,R03,training,22,255,0,0.0,0.0,0.0,0.0
C,R03,training,22,256,0,0.0,0.0,0.0,0.0
C,R03,training,22,257,0,0.0,0.0,0.0,0.0
C,R03,training,22,258,0,0.0,0.0,0.0,0.0
C,R03,training,22,259,0,0.0,0.0,0.0,0.0
C,R03,training,22,260,0,0.0,0.0,0.0,0.0
C,R03,training,22,261,0,0.0,0.0,0.0,0.0
C,R03,training,22,262,0,0.0,0.0,0.0,0.0
C,R03,training,22,263,0,0.0,0.0,0.0,0.0
C,R03,training,22,264,0,0.0,0.0,0.0,0.0
C,R03,training,22,265,0,0.0,0.0,0.0,0.0
C,R03,training,22,266,0,0.0,0.0,0.0,0.0
C,R03,training,22,267,0,0.0,0.0,0.0,0.0
C,R03,training,22,268,0,0.0,0.0,0.0,0.0
C,R03,training,22,269,0,0.0,0.0,0.0,0.0
C,R03,training,22,270,0,0.0,0.0,0.0,0.0
C,R03,training,22,271,0,0.0,0.0,0.0,0.0
C,R03,training,22,272,0,0.0,0.0,0.0,0.0
C,R03,training,22,273,0,0.0,0.0,0.0,0.0
C,R03,training,22,274,0,0.0,0.0,0.0,0.0
C,R03,training,22,275,0,0.0,0.0,0.0,0.0
C,R03,training,22,276,0,0.0,0.0,0.0,0.0
C,R03,training,22,277,0,0.0,0.0,0.0,0.0
C,R03,training,22,278,0,0.0,0.0,0.0,0.0
C,R03,training,22,279,0,0.0,0.0,0.0,0.0
C,R03,training,22,280,0,0.0,0.0,0.0,0.0
C,R03,training,22,281,0,0.0,0.0,0.0,0.0
C,R03,training,22,282,0,0.0,0.0,0.0,0.0
C,R03,training,22,283,0,0.0,0.0,0.0,0.0
C,R03,training,22,284,0,0.0,0.0,0.0,0.0
C,R03,training,22,285,0,0.0,0.0,0.0,0.0
C,R03,training,22,286,0,0.0,0.0,0.0,0.0
C,R03,training,22,287,0,0.0,0.0,0.0,0.0
C,R03,training,22,288,0,0.0,0.0,0.0,0.0
C,R03,training,22,289,0,0.0,0.0,0.0,0.0
C,R03,training,22,290,0,0.0,0.0,0.0,0.0
C,R03,training,22,291,0,0.0,0.0,0.0,0.0
C,R03,training,22,292,0,0.0,0.0,0.0,0.0
C,R03,training,22,293,0,0.0,0.0,0.0,0.0
C,R03,training,22,294,0,0.0,0.0,0.0,0.0
C,R03,training,22,295,0,0.0,0.0,0.0,0.0
C,R03,training,22,296,0,0.0,0.0,0.0,0.0
C,R03,training,22,297,0,0.0,0.0,0.0,0.0
C,R03,training,22,298,0,0.0,0.0,0.0,0.0
C,R03,training,22,299,0,0.0,0.0,0.0,0.0
C,R03,training,22,300,0,0.0,0.0,0.0,0.0
C,R03,training,22,301,0,0.0,0.0,0.0,0.0
C,R03,training,22,302,0,0.0,0.0,0.0,0.0
C,R03,training,22,303,0,0.0,0.0,0.0,0.0
C,R03,training,22,304,0,0.0,0.0,0.0,0.0
C,R03,training,22,305,0,0.0,0.0,0.0,0.0
C,R03,training,22,306,0,0.0,0.0,0.0,0.0
C,R03,training,22,307,0,0.0,0.0,0.0,0.0
C,R03,training,22,308,0,0.0,0.0,0.0,0.0
C,R03,training,22,309,0,0.0,0.0,0.0,0.0
C,R03,training,22,310,0,0.0,0.0,0.0,0.0
C,R03,training,22,311,0,0.0,0.0,0.0,0.0
C,R03,training,22,312,0,0.0,0.0,0.0,0.0
C,R03,training,22,313,0,0.0,0.0,0.0,0.0
C,R03,training,22,314,0,0.0,0.0,0.0,0.0
C,R03,training,22,315,0,0.0,0.0,0.0,0.0
C,R03,training,22,316,0,0.0,0.0,0.0,0.0
C,R03,training,22,317,0,0.0,0.0,0.0,0.0
C,R03,training,22,318,0,0.0,0.0,0.0,0.0
C,R03,training,22,319,0,0.0,0.0,0.0,0.0
C,R03,training,22,320,0,0.0,0.0,0.0,0.0
C,R03,training,22,321,0,0.0,0.0,0.0,0.0
C,R03,training,22,322,0,0.0,0.0,0.0,0.0
C,R03,training,22,323,0,0.0,0.0,0.0,0.0
C,R03,training,22,324,0,0.0,0.0,0.0,0.0
C,R03,training,22,325,0,0.0,0.0,0.0,0.0
C,R03,training,22,326,0,0.0,0.0,0.0,0.0
C,R03,training,22,327,0,0.0,0.0,0.0,0.0
C,R03,training,22,328,0,0.0,0.0,0.0,0.0
C,R03,training,22,329,0,0.0,0.0,0.0,0.0
C,R03,training,22,330,0,0.0,0.0,0.0,0.0
C,R03,training,22,331,0,0.0,0.0,0.0,0.0
C,R03,training,22,332,0,0.0,0.0,0.0,0.0
C,R03,training,22,333,0,0.0,0.0,0.0,0.0
C,R03,training,22,334,0,0.0,0.0,0.0,0.0
C,R03,training,22,335,0,0.0,0.0,0.0,0.0
C,R03,training,22,336,0,0.0,0.0,0.0,0.0
C,R03,training,22,337,0,0.0,0.0,0.0,0.0
C,R03,training,22,338,0,0.0,0.0,0.0,0.0
C,R03,training,22,339,0,0.0,0.0,0.0,0.0
C,R03,training,22,340,0,0.0,0.0,0.0,0.0
C,R03,training,22,341,0,0.0,0.0,0.0,0.0
C,R03,training,22,342,0,0.0,0.0,0.0,0.0
C,R03,training,22,343,0,0.0,0.0,0.0,0.0
C,R03,training,22,344,0,0.0,0.0,0.0,0.0
C,R03,training,22,345,0,0.0,0.0,0.0,0.0
C,R03,training,22,346,0,0.0,0.0,0.0,0.0
C,R03,training,22,347,0,0.0,0.0,0.0,0.0
C,R03,training,22,348,0,0.0,0.0,0.0,0.0
C,R03,training,22,349,0,0.0,0.0,0.0,0.0
C,R03,training,22,350,0,0.0,0.0,0.0,0.0
C,R03,training,22,351,0,0.0,0.0,0.0,0.0
C,R03,training,22,352,0,0.0,0.0,0.0,0.0
C,R03,training,22,353,0,0.0,0.0,0.0,0.0
C,R03,training,22,354,0,0.0,0.0,0.0,0.0
C,R03,training,22,355,0,0.0,0.0,0.0,0.0
C,R03,training,22,356,0,0.0,0.0,0.0,0.0
C,R03,training,22,357,0,0.0,0.0,0.0,0.0
C,R03,training,22,358,0,0.0,0.0,0.0,0.0
C,R03,training,22,359,0,0.0,0.0,0.0,0.0
C,R03,training,22,360,0,0.0,0.0,0.0,0.0
C,R03,training,22,361,0,0.0,0.0,0.0,0.0
C,R03,training,22,362,0,0.0,0.0,0.0,0.0
C,R03,training,22,363,0,0.0,0.0,0.0,0.0
C,R03,training,22,364,0,0.0,0.0,0.0,0.0
C,R03,training,22,365,0,0.0,0.0,0.0,0.0
C,R03,training,22,366,0,0.0,0.0,0.0,0.0
C,R03,training,22,367,0,0.0,0.0,0.0,0.0
C,R03,training,22,368,0,0.0,0.0,0.0,0.0
C,R03,training,22,369,0,0.0,0.0,0.0,0.0
C,R03,training,22,370,0,0.0,0.0,0.0,0.0
C,R03,training,22,371,0,0.0,0.0,0.0,0.0
C,R03,training,22,372,0,0.0,0.0,0.0,0.0
C,R03,training,22,373,0,0.0,0.0,0.0,0.0
C,R03,training,22,374,0,0.0,0.0,0.0,0.0
C,R03,training,22,375,0,0.0,0.0,0.0,0.0
C,R03,training,22,376,0,0.0,0.0,0.0,0.0
C,R03,training,22,377,0,0.0,0.0,0.0,0.0
C,R03,training,22,378,0,0.0,0.0,0.0,0.0
C,R03,training,22,379,0,0.0,0.0,0.0,0.0
C,R03,training,22,380,0,0.0,0.0,0.0,0.0
C,R03,training,22,381,0,0.0,0.0,0.0,0.0
C,R03,training,22,382,0,0.0,0.0,0.0,0.0
C,R03,training,22,383,0,0.0,0.0,0.0,0.0
C,R03,training,22,384,0,0.0,0.0,0.0,0.0
C,R03,training,22,385,0,0.0,0.0,0.0,0.0
C,R03,training,22,386,0,0.0,0.0,0.0,0.0
C,R03,training,22,387,0,0.0,0.0,0.0,0.0
C,R03,training,22,388,0,0.0,0.0,0.0,0.0
C,R03,training,22,389,0,0.0,0.0,0.0,0.0
C,R03,training,22,390,0,0.0,0.0,0.0,0.0
C,R03,training,22,391,0,0.0,0.0,0.0,0.0
C,R03,training,22,392,0,0.0,0.0,0.0,0.0
C,R03,training,22,393,0,0.0,0.0,0.0,0.0
C,R03,training,22,394,0,0.0,0.0,0.0,0.0
C,R03,training,22,395,0,0.0,0.0,0.0,0.0
C,R03,training,22,396,0,0.0,0.0,0.0,0.0
C,R03,training,22,397,0,0.0,0.0,0.0,0.0
C,R03,training,22,398,0,0.0,0.0,0.0,0.0
C,R03,training,22,399,0,0.0,0.0,0.0,0.0
C,R03,training,22,400,0,0.0,0.0,0.0,0.0
C,R03,training,22,401,0,0.0,0.0,0.0,0.0
C,R03,training,22,402,0,0.0,0.0,0.0,0.0
C,R03,training,22,403,0,0.0,0.0,0.0,0.0
C,R03,training,22,404,0,0.0,0.0,0.0,0.0
C,R03,training,22,405,0,0.0,0.0,0.0,0.0
C,R03,training,22,406,0,0.0,0.0,0.0,0.0
C,R03,training,22,407,0,0.0,0.0,0.0,0.0
C,R03,training,22,408,0,0.0,0.0,0.0,0.0
C,R03,training,22,409,0,0.0,0.0,0.0,0.0
C,R03,training,22,410,0,0.0,0.0,0.0,0.0
C,R03,training,22,411,0,0.0,0.0,0.0,0.0
C,R03,training,22,412,0,0.0,0.0,0.0,0.0
C,R03,training,22,413,0,0.0,0.0,0.0,0.0
C,R03,training,22,414,0,0.0,0.0,0.0,0.0
C,R03,training,22,415,0,0.0,0.0,0.0,0.0
C,R03,training,22,416,0,0.0,0.0,0.0,0.0
C,R03,training,22,417,0,0.0,0.0,0.0,0.0
C,R03,training,22,418,0,0.0,0.0,0.0,0.0
C,R03,training,22,419,0,0.0,0.0,0.0,0.0
C,R03,training,22,420,0,0.0,0.0,0.0,0.0
C,R03,training,22,421,0,0.0,0.0,0.0,0.0
C,R03,training,22,422,0,0.0,0.0,0.0,0.0
C,R03,training,22,423,0,0.0,0.0,0.0,0.0
C,R03,training,22,424,0,0.0,0.0,0.0,0.0
C,R03,training,22,425,0,0.0,0.0,0.0,0.0
C,R03,training,22,426,0,0.0,0.0,0.0,0.0
C,R03,training,22,427,0,0.0,0.0,0.0,0.0
C,R03,training,22,428,0,0.0,0.0,0.0,0.0
C,R03,training,22,429,0,0.0,0.0,0.0,0.0
C,R03,training,22,430,0,0.0,0.0,0.0,0.0
C,R03,training,22,431,0,0.0,0.0,0.0,0.0
C,R03,training,22,432,0,0.0,0.0,0.0,0.0
C,R03,training,22,433,0,0.0,0.0,0.0,0.0
C,R03,training,22,434,0,0.0,0.0,0.0,0.0
C,R03,training,22,435,0,0.0,0.0,0.0,0.0
C,R03,training,22,436,0,0.0,0.0,0.0,0.0
C,R03,training,22,437,0,0.0,0.0,0.0,0.0
C,R03,training,22,438,0,0.0,0.0,0.0,0.0
C,R03,training,22,439,0,0.0,0.0,0.0,0.0
C,R03,training,22,440,0,0.0,0.0,0.0,0.0
C,R03,training,22,441,0,0.0,0.0,0.0,0.0
C,R03,training,22,442,0,0.0,0.0,0.0,0.0
C,R03,training,22,443,0,0.0,0.0,0.0,0.0
C,R03,training,22,444,0,0.0,0.0,0.0,0.0
C,R03,training,22,445,0,0.0,0.0,0.0,0.0
C,R03,training,22,446,0,0.0,0.0,0.0,0.0
C,R03,training,22,447,0,0.0,0.0,0.0,0.0
C,R03,training,22,448,0,0.0,0.0,0.0,0.0
C,R03,training,22,449,0,0.0,0.0,0.0,0.0
C,R03,training,22,450,0,0.0,0.0,0.0,0.0
C,R03,training,22,451,0,0.0,0.0,0.0,0.0
C,R03,training,22,452,0,0.0,0.0,0.0,0.0
C,R03,training,22,453,0,0.0,0.0,0.0,0.0
C,R03,training,22,454,0,0.0,0.0,0.0,0.0
C,R03,training,22,455,0,0.0,0.0,0.0,0.0
C,R03,training,22,456,0,0.0,0.0,0.0,0.0
C,R03,training,22,457,0,0.0,0.0,0.0,0.0
C,R03,training,22,458,0,0.0,0.0,0.0,0.0
C,R03,training,22,459,0,0.0,0.0,0.0,0.0
C,R03,training,22,460,0,0.0,0.0,0.0,0.0
C,R03,training,22,461,0,0.0,0.0,0.0,0.0
C,R03,training,22,462,0,0.0,0.0,0.0,0.0
C,R03,training,22,463,0,0.0,0.0,0.0,0.0
C,R03,training,22,464,0,0.0,0.0,0.0,0.0
C,R03,training,22,465,0,0.0,0.0,0.0,0.0
C,R03,training,22,466,0,0.0,0.0,0.0,0.0
C,R03,training,22,467,0,0.0,0.0,0.0,0.0
C,R03,training,22,468,0,0.0,0.0,0.0,0.0
C,R03,training,22,469,0,0.0,0.0,0.0,0.0
C,R03,training,22,470,0,0.0,0.0,0.0,0.0
C,R03,training,22,471,0,0.0,0.0,0.0,0.0
C,R03,training,22,472,0,0.0,0.0,0.0,0.0
C,R03,training,22,473,0,0.0,0.0,0.0,0.0
C,R03,training,22,474,0,0.0,0.0,0.0,0.0
C,R03,training,22,475,0,0.0,0.0,0.0,0.0
C,R03,training,22,476,0,0.0,0.0,0.0,0.0
C,R03,training,22,477,0,0.0,0.0,0.0,0.0
C,R03,training,22,478,0,0.0,0.0,0.0,0.0
C,R03,training,22,479,0,0.0,0.0,0.0,0.0
C,R03,training,22,480,0,0.0,0.0,0.0,0.0
C,R03,training,22,481,0,0.0,0.0,0.0,0.0
C,R03,training,22,482,0,0.0,0.0,0.0,0.0
C,R03,training,22,483,0,0.0,0.0,0.0,0.0
C,R03,training,22,484,0,0.0,0.0,0.0,0.0
C,R03,training,22,485,0,0.0,0.0,0.0,0.0
C,R03,training,22,486,0,0.0,0.0,0.0,0.0
C,R03,training,22,487,0,0.0,0.0,0.0,0.0
C,R03,training,22,488,0,0.0,0.0,0.0,0.0
C,R03,training,22,489,0,0.0,0.0,0.0,0.0
C,R03,training,22,490,0,0.0,0.0,0.0,0.0
C,R03,training,22,491,0,0.0,0.0,0.0,0.0
C,R03,training,22,492,0,0.0,0.0,0.0,0.0
C,R03,training,22,493,0,0.0,0.0,0.0,0.0
C,R03,training,22,494,0,0.0,0.0,0.0,0.0
C,R03,training,22,495,0,0.0,0.0,0.0,0.0
C,R03,training,22,496,0,0.0,0.0,0.0,0.0
C,R03,training,22,497,0,0.0,0.0,0.0,0.0
C,R03,training,22,498,0,0.0,0.0,0.0,0.0
C,R03,training,22,499,0,0.0,0.0,0.0,0.0
C,R03,training,22,500,0,0.0,0.0,0.0,0.0
C,R03,training,22,501,0,0.0,0.0,0.0,0.0
C,R03,training,22,502,0,0.0,0.0,0.0,0.0
C,R03,training,22,503,0,0.0,0.0,0.0,0.0
C,R03,training,22,504,0,0.0,0.0,0.0,0.0
C,R03,training,22,505,0,0.0,0.0,0.0,0.0
C,R03,training,22,506,0,0.0,0.0,0.0,0.0
C,R03,training,22,507,0,0.0,0.0,0.0,0.0
C,R03,training,22,508,0,0.0,0.0,0.0,0.0
C,R03,training,22,509,0,0.0,0.0,0.0,0.0
C,R03,training,22,510,0,0.0,0.0,0.0,0.0
C,R03,training,22,511,0,0.0,0.0,0.0,0.0
C,R03,training,22,512,0,0.0,0.0,0.0,0.0
C,R03,training,22,513,0,0.0,0.0,0.0,0.0
C,R03,training,22,514,0,0.0,0.0,0.0,0.0
C,R03,training,22,515,0,0.0,0.0,0.0,0.0
C,R03,training,22,516,0,0.0,0.0,0.0,0.0
C,R03,training,22,517,0,0.0,0.0,0.0,0.0
C,R03,training,22,518,0,0.0,0.0,0.0,0.0
C,R03,training,22,519,0,0.0,0.0,0.0,0.0
C,R03,training,22,520,0,0.0,0.0,0.0,0.0
C,R03,training,22,521,0,0.0,0.0,0.0,0.0
C,R03,training,22,522,0,0.0,0.0,0.0,0.0
C,R03,training,22,523,0,0.0,0.0,0.0,0.0
C,R03,training,22,524,0,0.0,0.0,0.0,0.0
C,R03,training,22,525,0,0.0,0.0,0.0,0.0
C,R03,training,22,526,0,0.0,0.0,0.0,0.0
C,R03,training,22,527,0,0.0,0.0,0.0,0.0
C,R03,training,22,528,0,0.0,0.0,0.0,0.0
C,R03,training,22,529,0,0.0,0.0,0.0,0.0
C,R03,training,22,530,0,0.0,0.0,0.0,0.0
C,R03,training,22,531,0,0.0,0.0,0.0,0.0
C,R03,training,22,532,0,0.0,0.0,0.0,0.0
C,R03,training,22,533,0,0.0,0.0,0.0,0.0
C,R03,training,22,534,0,0.0,0.0,0.0,0.0
C,R03,training,22,535,0,0.0,0.0,0.0,0.0
C,R03,training,22,536,0,0.0,0.0,0.0,0.0
C,R03,training,22,537,0,0.0,0.0,0.0,0.0
C,R03,training,22,538,0,0.0,0.0,0.0,0.0
C,R03,training,22,539,0,0.0,0.0,0.0,0.0
C,R03,training,22,540,0,0.0,0.0,0.0,0.0
C,R03,training,22,541,0,0.0,0.0,0.0,0.0
C,R03,training,22,542,0,0.0,0.0,0.0,0.0
C,R03,training,22,543,0,0.0,0.0,0.0,0.0
C,R03,training,22,544,0,0.0,0.0,0.0,0.0
C,R03,training,22,545,0,0.0,0.0,0.0,0.0
C,R03,training,22,546,0,0.0,0.0,0.0,0.0
C,R03,training,22,547,0,0.0,0.0,0.0,0.0
C,R03,training,22,548,0,0.0,0.0,0.0,0.0
C,R03,training,22,549,0,0.0,0.0,0.0,0.0
C,R03,training,22,550,0,0.0,0.0,0.0,0.0
C,R03,training,22,551,0,0.0,0.0,0.0,0.0
C,R03,training,22,552,0,0.0,0.0,0.0,0.0
C,R03,training,22,553,0,0.0,0.0,0.0,0.0
C,R03,training,22,554,0,0.0,0.0,0.0,0.0
C,R03,training,22,555,0,0.0,0.0,0.0,0.0
C,R03,training,22,556,0,0.0,0.0,0.0,0.0
C,R03,training,22,557,0,0.0,0.0,0.0,0.0
C,R03,training,22,558,0,0.0,0.0,0.0,0.0
C,R03,training,22,559,0,0.0,0.0,0.0,0.0
C,R03,training,22,560,0,0.0,0.0,0.0,0.0
C,R03,training,22,561,0,0.0,0.0,0.0,0.0
C,R03,training,22,562,0,0.0,0.0,0.0,0.0
C,R03,training,22,563,0,0.0,0.0,0.0,0.0
C,R03,training,22,564,0,0.0,0.0,0.0,0.0
C,R03,training,22,565,0,0.0,0.0,0.0,0.0
C,R03,training,22,566,0,0.0,0.0,0.0,0.0
C,R03,training,22,567,0,0.0,0.0,0.0,0.0
C,R03,training,22,568,0,0.0,0.0,0.0,0.0
C,R03,training,22,569,0,0.0,0.0,0.0,0.0
C,R03,training,22,570,0,0.0,0.0,0.0,0.0
C,R03,training,22,571,0,0.0,0.0,0.0,0.0
C,R03,training,22,572,0,0.0,0.0,0.0,0.0
C,R03,training,22,573,0,0.0,0.0,0.0,0.0
C,R03,training,22,574,0,0.0,0.0,0.0,0.0
C,R03,training,22,575,0,0.0,0.0,0.0,0.0
C,R03,training,22,576,0,0.0,0.0,0.0,0.0
C,R03,training,22,577,0,0.0,0.0,0.0,0.0
C,R03,training,22,578,0,0.0,0.0,0.0,0.0
C,R03,training,22,579,0,0.0,0.0,0.0,0.0
C,R03,training,22,580,0,0.0,0.0,0.0,0.0
C,R03,training,22,581,0,0.0,0.0,0.0,0.0
C,R03,training,22,582,0,0.0,0.0,0.0,0.0
C,R03,training,22,583,0,0.0,0.0,0.0,0.0
C,R03,training,22,584,0,0.0,0.0,0.0,0.0
C,R03,training,22,585,0,0.0,0.0,0.0,0.0
C,R03,training,22,586,0,0.0,0.0,0.0,0.0
C,R03,training,22,587,0,0.0,0.0,0.0,0.0
C,R03,training,22,588,0,0.0,0.0,0.0,0.0
C,R03,training,22,589,0,0.0,0.0,0.0,0.0
C,R03,training,22,590,0,0.0,0.0,0.0,0.0
C,R03,training,22,591,0,0.0,0.0,0.0,0.0
C,R03,training,22,592,0,0.0,0.0,0.0,0.0
C,R03,training,22,593,0,0.0,0.0,0.0,0.0
C,R03,training,22,594,0,0.0,0.0,0.0,0.0
C,R03,training,22,595,0,0.0,0.0,0.0,0.0
C,R03,training,22,596,0,0.0,0.0,0.0,0.0
C,R03,training,22,597,0,0.0,0.0,0.0,0.0
C,R03,training,22,598,0,0.0,0.0,0.0,0.0
C,R03,training,22,599,0,0.0,0.0,0.0,0.0
C,R03,training,22,600,0,0.0,0.0,0.0,0.0
C,R03,training,22,601,0,0.0,0.0,0.0,0.0
C,R03,training,22,602,0,0.0,0.0,0.0,0.0
C,R03,training,22,603,0,0.0,0.0,0.0,0.0
C,R03,training,22,604,0,0.0,0.0,0.0,0.0
C,R03,training,22,605,0,0.0,0.0,0.0,0.0
C,R03,training,22,606,0,0.0,0.0,0.0,0.0
C,R03,training,22,607,0,0.0,0.0,0.0,0.0
C,R03,training,22,608,0,0.0,0.0,0.0,0.0
C,R03,training,22,609,0,0.0,0.0,0.0,0.0
C,R03,training,22,610,0,0.0,0.0,0.0,0.0
C,R03,training,22,611,0,0.0,0.0,0.0,0.0
C,R03,training,22,612,0,0.0,0.0,0.0,0.0
C,R03,training,22,613,0,0.0,0.0,0.0,0.0
C,R03,training,22,614,0,0.0,0.0,0.0,0.0
C,R03,training,22,615,0,0.0,0.0,0.0,0.0
C,R03,training,22,616,0,0.0,0.0,0.0,0.0
C,R03,training,22,617,0,0.0,0.0,0.0,0.0
C,R03,training,22,618,0,0.0,0.0,0.0,0.0
C,R03,training,22,619,0,0.0,0.0,0.0,0.0
C,R03,training,22,620,0,0.0,0.0,0.0,0.0
C,R03,training,22,621,0,0.0,0.0,0.0,0.0
C,R03,training,22,622,0,0.0,0.0,0.0,0.0
C,R03,training,22,623,0,0.0,0.0,0.0,0.0
C,R03,training,22,624,0,0.0,0.0,0.0,0.0
C,R03,training,22,625,0,0.0,0.0,0.0,0.0
C,R03,training,22,626,0,0.0,0.0,0.0,0.0
C,R03,training,22,627,0,0.0,0.0,0.0,0.0
C,R03,training,22,628,0,0.0,0.0,0.0,0.0
C,R03,training,22,629,0,0.0,0.0,0.0,0.0
C,R03,training,22,630,0,0.0,0.0,0.0,0.0
C,R03,training,22,631,0,0.0,0.0,0.0,0.0
C,R03,training,22,632,0,0.0,0.0,0.0,0.0
C,R03,training,22,633,0,0.0,0.0,0.0,0.0
C,R03,training,22,634,0,0.0,0.0,0.0,0.0
C,R03,training,22,635,0,0.0,0.0,0.0,0.0
C,R03,training,22,636,0,0.0,0.0,0.0,0.0
C,R03,training,22,637,0,0.0,0.0,0.0,0.0
C,R03,training,22,638,0,0.0,0.0,0.0,0.0
C,R03,training,22,639,0,0.0,0.0,0.0,0.0
C,R03,training,22,640,0,0.0,0.0,0.0,0.0
C,R03,training,22,641,0,0.0,0.0,0.0,0.0
C,R03,training,22,642,0,0.0,0.0,0.0,0.0
C,R03,training,22,643,0,0.0,0.0,0.0,0.0
C,R03,training,22,644,0,0.0,0.0,0.0,0.0
C,R03,training,22,645,0,0.0,0.0,0.0,0.0
C,R03,training,22,646,0,0.0,0.0,0.0,0.0
C,R03,training,22,647,0,0.0,0.0,0.0,0.0
C,R03,training,22,648,0,0.0,0.0,0.0,0.0
C,R03,training,22,649,0,0.0,0.0,0.0,0.0
C,R03,training,22,650,0,0.0,0.0,0.0,0.0
C,R03,training,22,651,0,0.0,0.0,0.0,0.0
C,R03,training,22,652,0,0.0,0.0,0.0,0.0
C,R03,training,22,653,0,0.0,0.0,0.0,0.0
C,R03,training,22,654,0,0.0,0.0,0.0,0.0
C,R03,training,22,655,0,0.0,0.0,0.0,0.0
C,R03,training,22,656,0,0.0,0.0,0.0,0.0
C,R03,training,22,657,0,0.0,0.0,0.0,0.0
C,R03,training,22,658,0,0.0,0.0,0.0,0.0
C,R03,training,22,659,0,0.0,0.0,0.0,0.0
C,R03,training,22,660,0,0.0,0.0,0.0,0.0
C,R03,training,22,661,0,0.0,0.0,0.0,0.0
C,R03,training,22,662,0,0.0,0.0,0.0,0.0
C,R03,training,22,663,0,0.0,0.0,0.0,0.0
C,R03,training,22,664,0,0.0,0.0,0.0,0.0
C,R03,training,22,665,0,0.0,0.0,0.0,0.0
C,R03,training,22,666,0,0.0,0.0,0.0,0.0
C,R03,training,22,667,0,0.0,0.0,0.0,0.0
C,R03,training,22,668,0,0.0,0.0,0.0,0.0
C,R03,training,22,669,0,0.0,0.0,0.0,0.0
C,R03,training,22,670,0,0.0,0.0,0.0,0.0
C,R03,training,22,671,0,0.0,0.0,0.0,0.0
C,R03,training,22,672,0,0.0,0.0,0.0,0.0
C,R03,training,22,673,0,0.0,0.0,0.0,0.0
C,R03,training,22,674,0,0.0,0.0,0.0,0.0
C,R03,training,22,675,0,0.0,0.0,0.0,0.0
C,R03,training,22,676,0,0.0,0.0,0.0,0.0
C,R03,training,22,677,0,0.0,0.0,0.0,0.0
C,R03,training,22,678,0,0.0,0.0,0.0,0.0
C,R03,training,22,679,0,0.0,0.0,0.0,0.0
C,R03,training,22,680,0,0.0,0.0,0.0,0.0
C,R03,training,22,681,0,0.0,0.0,0.0,0.0
C,R03,training,22,682,0,0.0,0.0,0.0,0.0
C,R03,training,22,683,0,0.0,0.0,0.0,0.0
C,R03,training,22,684,0,0.0,0.0,0.0,0.0
C,R03,training,22,685,0,0.0,0.0,0.0,0.0
C,R03,training,22,686,0,0.0,0.0,0.0,0.0
C,R03,training,22,687,0,0.0,0.0,0.0,0.0
C,R03,training,22,688,0,0.0,0.0,0.0,0.0
C,R03,training,22,689,0,0.0,0.0,0.0,0.0
C,R03,training,22,690,0,0.0,0.0,0.0,0.0
C,R03,training,22,691,0,0.0,0.0,0.0,0.0
C,R03,training,22,692,0,0.0,0.0,0.0,0.0
C,R03,training,22,693,0,0.0,0.0,0.0,0.0
C,R03,training,22,694,0,0.0,0.0,0.0,0.0
C,R03,training,22,695,0,0.0,0.0,0.0,0.0
C,R03,training,22,696,0,0.0,0.0,0.0,0.0
C,R03,training,22,697,0,0.0,0.0,0.0,0.0
C,R03,training,22,698,0,0.0,0.0,0.0,0.0
C,R03,training,22,699,0,0.0,0.0,0.0,0.0
C,R03,training,22,700,0,0.0,0.0,0.0,0.0
C,R03,training,22,701,0,0.0,0.0,0.0,0.0
C,R03,training,22,702,0,0.0,0.0,0.0,0.0
P1,R03,training,22,0,0,0.0,0.0,0.01426809591645736,0.008678692940157396
P1,R03,training,22,1,0,0.0,0.0,0.01426809591645736,0.008703347850353656
P1,R03,training,22,2,0,0.0,0.0,0.01426809591645736,0.008728001957696178
P1,R03,training,22,3,0,0.0,0.0,0.01426809591645736,0.00875265485911971
P1,R03,training,22,4,0,0.0,0.0,0.01426809591645736,0.008777306150448269
P1,R03,training,22,5,0,0.0,0.0,0.01426809591645736,0.008801955426405158
P1,R03,training,22,6,0,0.0,0.0,0.01426809591645736,0.008826602280623042
P1,R03,training,22,7,0,0.0,0.0,0.01426809591645736,0.008851246305654092
P1,R03,training,22,8,0,0.0,0.0,0.01426809591645736,0.008875887092980216
P1,R03,training,22,9,0,0.0,0.0,0.01426809591645736,0.008900524233023337
P1,R03,training,22,10,0,0.0,0.0,0.01426809591645736,0.008925157315155774
P1,R03,training,22,11,0,0.0,0.0,0.01426809591645736,0.008949785927710672
P1,R03,training,22,12,0,0.0,0.0,0.01426809591645736,0.008974409657992512
P1,R03,training,22,13,0,0.0,0.0,0.01426809591645736,0.008999028092287682
P1,R03,training,22,14,0,0.0,0.0,0.01426809591645736,0.009023640815875145
P1,R03,training,22,15,0,0.0,0.0,0.01426809591645736,0.009048247413037136
P1,R03,training,22,16,0,0.0,0.0,0.029493466133813623,0.018754409913843986
P1,R03,training,22,17,0,0.0,0.0,0.029493466133813623,0.018805246098742227
P1,R03,training,22,18,0,0.0,0.0,0.029493466133813623,0.018856067029637134
P1,R03,training,22,19,0,0.0,0.0,0.029493466133813623,0.01890687183918512
P1,R03,training,22,20,0,0.0,0.0,0.029493466133813623,0.018957659658095226
P1,R03,training,22,21,0,0.0,0.0,0.029493466133813623,0.019008429615152162
P1,R03,training,22,22,0,0.0,0.0,0.029493466133813623,0.01905918083723942
P1,R03,training,22,23,0,0.0,0.0,0.029493466133813623,0.01910991244936262
P1,R03,training,22,24,0,0.0,0.0,0.029493466133813623,0.019160623574672905
P1,R03,training,22,25,0,0.0,0.0,0.029493466133813623,0.01921131333449052
P1,R03,training,22,26,0,0.0,0.0,0.029493466133813623,0.01926198084832853
P1,R03,training,22,27,0,0.0,0.0,0.029493466133813623,0.019312625233916657
P1,R03,training,22,28,0,0.0,0.0,0.029493466133813623,0.019363245607225254
P1,R03,training,22,29,0,0.0,0.0,0.029493466133813623,0.019413841082489426
P1,R03,training,22,30,0,0.0,0.0,0.029493466133813623,0.01946441077223327
P1,R03,training,22,31,0,0.0,0.0,0.029493466133813623,0.019514953787294266
P1,R03,training,22,32,0,0.0,0.0,0.04557938152235905,0.030236594877122817
P1,R03,training,22,33,0,0.0,0.0,0.04557938152235905,0.030314617780259397
P1,R03,training,22,34,0,0.0,0.0,0.04557938152235905,0.030392595322568515
P1,R03,training,22,35,0,0.0,0.0,0.04557938152235905,0.030470526119887792
P1,R03,training,22,36,0,0.0,0.0,0.04557938152235905,0.030548408785639757
P1,R03,training,22,37,0,0.0,0.0,0.04557938152235905,0.030626241930870737
P1,R03,training,22,38,0,0.0,0.0,0.04557938152235905,0.03070402416428993
P1,R03,training,22,39,0,0.0,0.0,0.04557938152235905,0.030781754092308666
P1,R03,training,22,40,0,0.0,0.0,0.04557938152235905,0.030859430319079912
P1,R03,training,22,41,0,0.0,0.0,0.04557938152235905,0.030937051446537887
P1,R03,training,22,42,0,0.0,0.0,0.04557938152235905,0.031014616074437947
P1,R03,training,22,43,0,0.0,0.0,0.04557938152235905,0.031092122800396606
P1,R03,training,22,44,0,0.0,0.0,0.04557938152235905,0.031169570219931757
P1,R03,training,22,45,0,0.0,0.0,0.04557938152235905,0.031246956926503092
P1,R03,training,22,46,0,0.0,0.0,0.04557938152235905,0.031324281511552705
P1,R03,training,22,47,0,0.0,0.0,0.04557938152235905,0.03140154256454585
P1,R03,training,22,48,0,0.0,0.0,0.07669299366808474,0.05296690356678733
P1,R03,training,22,49,0,0.0,0.0,0.07669299366808474,0.053096683989384226
P1,R03,training,22,50,0,0.0,0.0,0.07669299366808474,0.05322635037190436
P1,R03,training,22,51,0,0.0,0.0,0.07669299366808474,0.05335590032833432
P1,R03,training,22,52,0,0.0,0.0,0.07669299366808474,0.05348533146968207
P1,R03,training,22,53,0,0.0,0.0,0.07669299366808474,0.05361464140404731
P1,R03,training,22,54,0,0.0,0.0,0.07669299366808474,0.053743827736692194
P1,R03,training,22,55,0,0.0,0.0,0.07669299366808474,0.05387288807011233
P1,R03,training,22,56,0,0.0,0.0,0.07669299366808474,0.05400182000410805
P1,R03,training,22,57,0,0.0,0.0,0.07669299366808474,0.054130621135855914
P1,R03,training,22,58,0,0.0,0.0,0.07669299366808474,0.05425928905998058
P1,R03,training,22,59,0,0.0,0.0,0.07669299366808474,0.05438782136862686
P1,R03,training,22,60,0,0.0,0.0,0.07669299366808474,0.05451621565153216
P1,R03,training,22,61,0,0.0,0.0,0.07669299366808474,0.054644469496099086
P1,R03,training,22,62,0,0.0,0.0,0.07669299366808474,0.054772580487468345
P1,R03,training,22,63,0,0.0,0.0,0.07669299366808474,0.05490054620859195
P1,R03,training,22,64,0,0.0,0.0,0.12363361185320831,0.08870895632066329
P1,R03,training,22,65,0,0.0,0.0,0.12363361185320831,0.08891476451054567
P1,R03,training,22,66,0,0.0,0.0,0.12363361185320831,0.08912032680700249
P1,R03,training,22,67,0,0.0,0.0,0.12363361185320831,0.08932563930068499
P1,R03,training,22,68,0,0.0,0.0,0.12363361185320831,0.08953069807931208
P1,R03,training,22,69,0,0.0,0.0,0.12363361185320831,0.08973549922779075
P1,R03,training,22,70,0,0.0,0.0,0.12363361185320831,0.08994003882833694
P1,R03,training,22,71,0,0.0,0.0,0.12363361185320831,0.09014431296059663
P1,R03,training,22,72,0,0.0,0.0,0.12363361185320831,0.09034831770176749
P1,R03,training,22,73,0,0.0,0.0,0.12363361185320831,0.09055204912672074
P1,R03,training,22,74,0,0.0,0.0,0.12363361185320831,0.0907555033081236
P1,R03,training,22,75,0,0.0,0.0,0.12363361185320831,0.09095867631656179
P1,R03,training,22,76,0,0.0,0.0,0.12363361185320831,0.09116156422066277
P1,R03,training,22,77,0,0.0,0.0,0.12363361185320831,0.09136416308721897
P1,R03,training,22,78,0,0.0,0.0,0.12363361185320831,0.09156646898131166
P1,R03,training,22,79,0,0.0,0.0,0.12363361185320831,0.09176847796643496
P1,R03,training,22,80,0,0.0,0.0,0.17281997761257623,0.12855958234477882
P1,R03,training,22,81,0,0.0,0.0,0.17281997761257623,0.1288411119567655
P1,R03,training,22,82,0,0.0,0.0,0.17281997761257623,0.12912221001820878
P1,R03,training,22,83,0,0.0,0.0,0.17281997761257623,0.12940287101937414
P1,R03,training,22,84,0,0.0,0.0,0.17281997761257623,0.12968308944918291
P1,R03,training,22,85,0,0.0,0.0,0.17281997761257623,0.1299628597953883
P1,R03,training,22,86,0,0.0,0.0,0.17281997761257623,0.13024217654475215
P1,R03,training,22,87,0,0.0,0.0,0.17281997761257623,0.13052103418322197
P1,R03,training,22,88,0,0.0,0.0,0.17281997761257623,0.13079942719610838
P1,R03,training,22,89,0,0.0,0.0,0.17281997761257623,0.13107735006826293
P1,R03,training,22,90,0,0.0,0.0,0.17281997761257623,0.13135479728425653
P1,R03,training,22,91,0,0.0,0.0,0.17281997761257623,0.13163176332855792
P1,R03,training,22,92,0,0.0,0.0,0.17281997761257623,0.13190824268571286
P1,R03,training,22,93,0,0.0,0.0,0.17281997761257623,0.13218422984052353
P1,R03,training,22,94,0,0.0,0.0,0.17281997761257623,0.13245971927822822
P1,R03,training,22,95,0,0.0,0.0,0.17281997761257623,0.13273470548468164
P1,R03,training,22,96,0,0.0,0.0,0.20962720799286638,0.16133750301137376
P1,R03,training,22,97,0,0.0,0.0,0.20962720799286638,0.1616698149496448
P1,R03,training,22,98,0,0.0,0.0,0.20962720799286638,0.16200149641941078
P1,R03,training,22,99,0,0.0,0.0,0.20962720799286638,0.16233254073730663
P1,R03,training,22,100,0,0.0,0.0,0.20962720799286638,0.16266294122181363
P1,R03,training,22,101,0,0.0,0.0,0.20962720799286638,0.16299269119348028
P1,R03,training,22,102,0,0.0,0.0,0.20962720799286638,0.16332178397514377
P1,R03,training,22,103,0,0.0,0.0,0.20962720799286638,0.16365021289215145
P1,R03,training,22,104,0,0.0,0.0,0.20962720799286638,0.16397797127258298
P1,R03,training,22,105,0,0.0,0.0,0.20962720799286638,0.16430505244747243
P1,R03,training,22,106,0,0.0,0.0,0.20962720799286638,0.16463144975103125
P1,R03,training,22,107,0,0.0,0.0,0.20962720799286638,0.16495715652087092
P1,R03,training,22,108,0,0.0,0.0,0.20962720799286638,0.16528216609822644
P1,R03,training,22,109,0,0.0,0.0,0.20962720799286638,0.16560647182817992
P1,R03,training,22,110,0,0.0,0.0,0.20962720799286638,0.1659300670598842
P1,R03,training,22,111,0,0.0,0.0,0.20962720799286638,0.16625294514678726
P1,R03,training,22,112,0,0.0,0.24991523893940898,0.2611727693363708,0.2075345106275391
P1,R03,training,22,113,0,0.0,0.24991523893940898,0.2611727693363708,0.20793496992199637
P1,R03,training,22,114,0,0.0,0.24991523893940898,0.2611727693363708,0.20833451092405278
P1,R03,training,22,115,0,0.0,0.24991523893940898,0.2611727693363708,0.20873312537702857
P1,R03,training,22,116,0,0.0,0.24991523893940898,0.2611727693363708,0.20913080503099613
P1,R03,training,22,117,0,0.0,0.24991523893940898,0.2611727693363708,0.20952754164306073
P1,R03,training,22,118,0,0.0,0.24991523893940898,0.2611727693363708,0.2099233269776422
P1,R03,training,22,119,0,0.0,0.24991523893940898,0.2611727693363708,0.2103181528067561
P1,R03,training,22,120,0,0.0,0.24991523893940898,0.2611727693363708,0.21071201091029554
P1,R03,training,22,121,0,0.0,0.24991523893940898,0.2611727693363708,0.21110489307631328
P1,R03,training,22,122,0,0.0,0.24991523893940898,0.2611727693363708,0.21149679110130373
P1,R03,training,22,123,0,0.0,0.24991523893940898,0.2611727693363708,0.21188769679048539
P1,R03,training,22,124,0,0.0,0.24991523893940898,0.2611727693363708,0.21227760195808312
P1,R03,training,22,125,0,0.0,0.24991523893940898,0.2611727693363708,0.21266649842761115
P1,R03,training,22,126,0,0.0,0.24991523893940898,0.2611727693363708,0.2130543780321556
P1,R03,training,22,127,0,0.0,0.24991523893940898,0.2611727693363708,0.21344123261465758
P1,R03,training,22,128,0,0.0,0.24989847468129445,0.3137516533171357,0.25687437436815636
P1,R03,training,22,129,0,0.0,0.24989847468129445,0.3137516533171357,0.2573366177918446
P1,R03,training,22,130,0,0.0,0.24989847468129445,0.3137516533171357,0.2577976005144525
P1,R03,training,22,131,0,0.0,0.24989847468129445,0.3137516533171357,0.2582573127875123
P1,R03,training,22,132,0,0.0,0.24989847468129445,0.3137516533171357,0.2587157448760963
P1,R03,training,22,133,0,0.0,0.24989847468129445,0.3137516533171357,0.2591728870591575
P1,R03,training,22,134,0,0.0,0.24989847468129445,0.3137516533171357,0.25962872962986994
P1,R03,training,22,135,0,0.0,0.24989847468129445,0.3137516533171357,0.2600832628959696
P1,R03,training,22,136,0,0.0,0.24989847468129445,0.3137516533171357,0.26053647718009465
P1,R03,training,22,137,0,0.0,0.24989847468129445,0.3137516533171357,0.2609883628201263
P1,R03,training,22,138,0,0.0,0.24989847468129445,0.3137516533171357,0.26143891016952886
P1,R03,training,22,139,0,0.0,0.24989847468129445,0.3137516533171357,0.26188810959769077
P1,R03,training,22,140,0,0.0,0.24989847468129445,0.3137516533171357,0.26233595149026473
P1,R03,training,22,141,0,0.0,0.24989847468129445,0.3137516533171357,0.2627824262495082
P1,R03,training,22,142,0,0.0,0.24989847468129445,0.3137516533171357,0.26322752429462354
P1,R03,training,22,143,0,0.0,0.24989847468129445,0.3137516533171357,0.2636712360620983
P1,R03,training,22,144,0,0.0,0.24989328204443376,0.35263872883252456,0.29684837119475954
P1,R03,training,22,145,0,0.0,0.24989328204443376,0.35263872883252456,0.29734392922361136
P1,R03,training,22,146,0,0.0,0.24989328204443376,0.35263872883252456,0.2978378970303781
P1,R03,training,22,147,0,0.0,0.24989328204443376,0.35263872883252456,0.2983302639477544
P1,R03,training,22,148,0,0.0,0.24989328204443376,0.35263872883252456,0.2988210193297718
P1,R03,training,22,149,0,0.0,0.24989328204443376,0.35263872883252456,0.29931015255217935
P1,R03,training,22,150,0,0.0,0.24989328204443376,0.35263872883252456,0.2997976530128251
P1,R03,training,22,151,0,0.0,0.24989328204443376,0.35263872883252456,0.3002835101320366
P1,R03,training,22,152,0,0.0,0.24989328204443376,0.35263872883252456,0.30076771335300095
P1,R03,training,22,153,0,0.0,0.24989328204443376,0.35263872883252456,0.3012502521421455
P1,R03,training,22,154,0,0.0,0.24989328204443376,0.35263872883252456,0.3017311159895172
P1,R03,training,22,155,0,0.0,0.24989328204443376,0.35263872883252456,0.3022102944091618
P1,R03,training,22,156,0,0.0,0.24989328204443376,0.35263872883252456,0.3026877769395035
P1,R03,training,22,157,0,0.0,0.24989328204443376,0.35263872883252456,0.303163553143723
P1,R03,training,22,158,0,0.0,0.24989328204443376,0.35263872883252456,0.30363761261013605
P1,R03,training,22,159,0,0.0,0.24989328204443376,0.35263872883252456,0.3041099449525712
P1,R03,training,22,160,0,1.0,0.5001451297926652,0.404903935502741,0.3497229577001191
P1,R03,training,22,161,0,1.0,0.5001451297926652,0.404903935502741,0.3502612933850103
P1,R03,training,22,162,0,1.0,0.5001451297926652,0.404903935502741,0.35079761036936086
P1,R03,training,22,163,0,1.0,0.5001451297926652,0.404903935502741,0.3513318968491503
P1,R03,training,22,164,0,1.0,0.5001451297926652,0.404903935502741,0.3518641410518133
P1,R03,training,22,165,0,1.0,0.5001451297926652,0.404903935502741,0.35239433123666974
P1,R03,training,22,166,0,1.0,0.5001451297926652,0.404903935502741,0.352922455695355
P1,R03,training,22,167,0,1.0,0.5001451297926652,0.404903935502741,0.3534485027522486
P1,R03,training,22,168,0,1.0,0.5001451297926652,0.404903935502741,0.35397246076490274
P1,R03,training,22,169,0,1.0,0.5001451297926652,0.404903935502741,0.35449431812447035
P1,R03,training,22,170,0,1.0,0.5001451297926652,0.404903935502741,0.35501406325613166
P1,R03,training,22,171,0,1.0,0.5001451297926652,0.404903935502741,0.35553168461952067
P1,R03,training,22,172,0,1.0,0.5001451297926652,0.404903935502741,0.35604717070915065
P1,R03,training,22,173,0,1.0,0.5001451297926652,0.404903935502741,0.3565605100548385
P1,R03,training,22,174,0,1.0,0.5001451297926652,0.404903935502741,0.35707169122212923
P1,R03,training,22,175,0,1.0,0.5001451297926652,0.404903935502741,0.35758070281271814
P1,R03,training,22,176,0,1.0,0.7500613860368344,0.456817333954718,0.4039985241357013
P1,R03,training,22,177,0,1.0,0.7500613860368344,0.456817333954718,0.4045678630411904
P1,R03,training,22,178,0,1.0,0.7500613860368344,0.456817333954718,0.4051347158753591
P1,R03,training,22,179,0,1.0,0.7500613860368344,0.456817333954718,0.405699069946403
P1,R03,training,22,180,0,1.0,0.7500613860368344,0.456817333954718,0.40626091260567493
P1,R03,training,22,181,0,1.0,0.7500613860368344,0.456817333954718,0.4068202312481557
P1,R03,training,22,182,0,1.0,0.7500613860368344,0.456817333954718,0.4073770133129239
P1,R03,training,22,183,0,1.0,0.7500613860368344,0.456817333954718,0.40793124628362526
P1,R03,training,22,184,0,1.0,0.7500613860368344,0.456817333954718,0.4084829176889396
P1,R03,training,22,185,0,1.0,0.7500613860368344,0.456817333954718,0.40903201510304754
P1,R03,training,22,186,0,1.0,0.7500613860368344,0.456817333954718,0.40957852614609613
P1,R03,training,22,187,0,1.0,0.7500613860368344,0.456817333954718,0.41012243848466223
P1,R03,training,22,188,0,1.0,0.7500613860368344,0.456817333954718,0.41066373983221577
P1,R03,training,22,189,0,1.0,0.7500613860368344,0.456817333954718,0.41120241794958073
P1,R03,training,22,190,0,1.0,0.7500613860368344,0.456817333954718,0.41173846064539565
P1,R03,training,22,191,0,1.0,0.7500613860368344,0.456817333954718,0.4122718557765722
P1,R03,training,22,192,0,0.0,0.7497869765461405,0.5078904148527421,0.4589547369110962
P1,R03,training,22,193,0,0.0,0.7497869765461405,0.5078904148527421,0.4595418392521638
P1,R03,training,22,194,0,0.0,0.7497869765461405,0.5078904148527421,0.4601259578506041
P1,R03,training,22,195,0,0.0,0.7497869765461405,0.5078904148527421,0.4607070794254586
P1,R03,training,22,196,0,0.0,0.7497869765461405,0.5078904148527421,0.46128519075196645
P1,R03,training,22,197,0,0.0,0.7497869765461405,0.5078904148527421,0.4618602786620649
P1,R03,training,22,198,0,0.0,0.7497869765461405,0.5078904148527421,0.4624323300448882
P1,R03,training,22,199,0,0.0,0.7497869765461405,0.5078904148527421,0.46300133184726494
P1,R03,training,22,200,0,0.0,0.7497869765461405,0.5078904148527421,0.4635672710742134
P1,R03,training,22,201,0,0.0,0.7497869765461405,0.5078904148527421,0.4641301347894355
P1,R03,training,22,202,0,0.0,0.7497869765461405,0.5078904148527421,0.46468991011580874
P1,R03,training,22,203,0,0.0,0.7497869765461405,0.5078904148527421,0.46524658423587634
P1,R03,training,22,204,0,0.0,0.7497869765461405,0.5078904148527421,0.4658001443923355
P1,R03,training,22,205,0,0.0,0.7497869765461405,0.5078904148527421,0.4663505778885243
P1,R03,training,22,206,0,0.0,0.7497869765461405,0.5078904148527421,0.46689787208890576
P1,R03,training,22,207,0,0.0,0.7497869765461405,0.5078904148527421,0.467442014419551
P1,R03,training,22,208,0,1.0,0.500180764920426,0.5577406303703561,0.5139162337646357
P1,R03,training,22,209,0,1.0,0.500180764920426,0.5577406303703561,0.514506820879332
P1,R03,training,22,210,0,1.0,0.500180764920426,0.5577406303703561,0.5150939057504514
P1,R03,training,22,211,0,1.0,0.500180764920426,0.5577406303703561,0.5156774748457924
P1,R03,training,22,212,0,1.0,0.500180764920426,0.5577406303703561,0.5162575147034261
P1,R03,training,22,213,0,1.0,0.500180764920426,0.5577406303703561,0.5168340119322133
P1,R03,training,22,214,0,1.0,0.500180764920426,0.5577406303703561,0.5174069532123199
P1,R03,training,22,215,0,1.0,0.500180764920426,0.5577406303703561,0.5179763252957279
P1,R03,training,22,216,0,1.0,0.500180764920426,0.5577406303703561,0.5185421150067464
P1,R03,training,22,217,0,1.0,0.500180764920426,0.5577406303703561,0.5191043092425187
P1,R03,training,22,218,0,1.0,0.500180764920426,0.5577406303703561,0.5196628949735279
P1,R03,training,22,219,0,1.0,0.500180764920426,0.5577406303703561,0.5202178592440992
P1,R03,training,22,220,0,1.0,0.500180764920426,0.5577406303703561,0.5207691891729008
P1,R03,training,22,221,0,1.0,0.500180764920426,0.5577406303703561,0.5213168719534411
P1,R03,training,22,222,0,1.0,0.500180764920426,0.5577406303703561,0.5218608948545642
P1,R03,training,22,223,0,1.0,0.500180764920426,0.5577406303703561,0.5224012452209432
P1,R03,training,22,224,0,1.0,0.7500376185499437,0.6059393486871961,0.568129054298569
P1,R03,training,22,225,0,1.0,0.7500376185499437,0.6059393486871961,0.5687080798259402
P1,R03,training,22,226,0,1.0,0.7500376185499437,0.6059393486871961,0.5692830746988771
P1,R03,training,22,227,0,1.0,0.7500376185499437,0.6059393486871961,0.5698540255032308
P1,R03,training,22,228,0,1.0,0.7500376185499437,0.6059393486871961,0.5704209189098687
P1,R03,training,22,229,0,1.0,0.7500376185499437,0.6059393486871961,0.5709837416751924
P1,R03,training,22,230,0,1.0,0.7500376185499437,0.6059393486871961,0.571542480641653
P1,R03,training,22,231,0,1.0,0.7500376185499437,0.6059393486871961,0.572097122738264
P1,R03,training,22,232,0,1.0,0.7500376185499437,0.6059393486871961,0.5726476549811095
P1,R03,training,22,233,0,1.0,0.7500376185499437,0.6059393486871961,0.5731940644738514
P1,R03,training,22,234,0,1.0,0.7500376185499437,0.6059393486871961,0.5737363384082322
P1,R03,training,22,235,0,1.0,0.7500376185499437,0.6059393486871961,0.5742744640645752
P1,R03,training,22,236,0,1.0,0.7500376185499437,0.6059393486871961,0.574808428812281
P1,R03,training,22,237,0,1.0,0.7500376185499437,0.6059393486871961,0.5753382201103223
P1,R03,training,22,238,0,1.0,0.7500376185499437,0.6059393486871961,0.5758638255077335
P1,R03,training,22,239,0,1.0,0.7500376185499437,0.6059393486871961,0.5763852326440989
P1,R03,training,22,240,0,0.0,0.7497877874033965,0.6388744954072114,0.6082593071152033
P1,R03,training,22,241,0,0.0,0.7497877874033965,0.6388744954072114,0.6088001631278115
P1,R03,training,22,242,0,0.0,0.7497877874033965,0.6388744954072114,0.609336554168811
P1,R03,training,22,243,0,0.0,0.7497877874033965,0.6388744954072114,0.6098684675929059
P1,R03,training,22,244,0,0.0,0.7497877874033965,0.6388744954072114,0.6103958908527892
P1,R03,training,22,245,0,0.0,0.7497877874033965,0.6388744954072114,0.6109188114996368
P1,R03,training,22,246,0,0.0,0.7497877874033965,0.6388744954072114,0.6114372171835964
P1,R03,training,22,247,0,0.0,0.7497877874033965,0.6388744954072114,0.6119510956542737
P1,R03,training,22,248,0,0.0,0.7497877874033965,0.6388744954072114,0.6124604347612145
P1,R03,training,22,249,0,0.0,0.7497877874033965,0.6388744954072114,0.6129652224543833
P1,R03,training,22,250,0,0.0,0.7497877874033965,0.6388744954072114,0.6134654467846389
P1,R03,training,22,251,0,0.0,0.7497877874033965,0.6388744954072114,0.6139610959042048
P1,R03,training,22,252,0,0.0,0.7497877874033965,0.6388744954072114,0.6144521580671372
P1,R03,training,22,253,0,0.0,0.7497877874033965,0.6388744954072114,0.6149386216297889
P1,R03,training,22,254,0,0.0,0.7497877874033965,0.6388744954072114,0.6154204750512688
P1,R03,training,22,255,0,0.0,0.7497877874033965,0.6388744954072114,0.6158977068938988
P1,R03,training,22,256,0,1.0,0.5001388809908742,0.6420058375458878,0.6193913472418621
P1,R03,training,22,257,0,1.0,0.5001388809908742,0.6420058375458878,0.6198615956351282
P1,R03,training,22,258,0,1.0,0.5001388809908742,0.6420058375458878,0.6203271659432307
P1,R03,training,22,259,0,1.0,0.5001388809908742,0.6420058375458878,0.6207880470918121
P1,R03,training,22,260,0,1.0,0.5001388809908742,0.6420058375458878,0.6212442281124678
P1,R03,training,22,261,0,1.0,0.5001388809908742,0.6420058375458878,0.6216956981431804
P1,R03,training,22,262,0,1.0,0.5001388809908742,0.6420058375458878,0.6221424464287506
P1,R03,training,22,263,0,1.0,0.5001388809908742,0.6420058375458878,0.622584462321225
P1,R03,training,22,264,0,1.0,0.5001388809908742,0.6420058375458878,0.6230217352803181
P1,R03,training,22,265,0,1.0,0.5001388809908742,0.6420058375458878,0.6234542548738313
P1,R03,training,22,266,0,1.0,0.5001388809908742,0.6420058375458878,0.6238820107780682
P1,R03,training,22,267,0,1.0,0.5001388809908742,0.6420058375458878,0.6243049927782441
P1,R03,training,22,268,0,1.0,0.5001388809908742,0.6420058375458878,0.6247231907688938
P1,R03,training,22,269,0,1.0,0.5001388809908742,0.6420058375458878,0.6251365947542731
P1,R03,training,22,270,0,1.0,0.5001388809908742,0.6420058375458878,0.6255451948487571
P1,R03,training,22,271,0,1.0,0.5001388809908742,0.6420058375458878,0.6259489812772342
P1,R03,training,22,272,0,1.0,0.7501771062943632,0.6560325678054967,0.6400325764311781
P1,R03,training,22,273,0,1.0,0.7501771062943632,0.6560325678054967,0.640435317717873
P1,R03,training,22,274,0,1.0,0.7501771062943632,0.6560325678054967,0.6408331108836699
P1,R03,training,22,275,0,1.0,0.7501771062943632,0.6560325678054967,0.641225946395538
P1,R03,training,22,276,0,1.0,0.7501771062943632,0.6560325678054967,0.6416138148353211
P1,R03,training,22,277,0,1.0,0.7501771062943632,0.6560325678054967,0.6419967069001148
P1,R03,training,22,278,0,1.0,0.7501771062943632,0.6560325678054967,0.6423746134026382
P1,R03,training,22,279,0,1.0,0.7501771062943632,0.6560325678054967,0.6427475252716012
P1,R03,training,22,280,0,1.0,0.7501771062943632,0.6560325678054967,0.6431154335520669
P1,R03,training,22,281,0,1.0,0.7501771062943632,0.6560325678054967,0.6434783294058112
P1,R03,training,22,282,0,1.0,0.7501771062943632,0.6560325678054967,0.6438362041116751
P1,R03,training,22,283,0,1.0,0.7501771062943632,0.6560325678054967,0.644189049065915
P1,R03,training,22,284,0,1.0,0.7501771062943632,0.6560325678054967,0.6445368557825476
P1,R03,training,22,285,0,1.0,0.7501771062943632,0.6560325678054967,0.644879615893689
P1,R03,training,22,286,0,1.0,0.7501771062943632,0.6560325678054967,0.645217321149891
P1,R03,training,22,287,0,1.0,0.7501771062943632,0.6560325678054967,0.6455499634204721
P1,R03,training,22,288,0,1.0,0.7500258465005704,0.6258094227505954,0.6161222277522193
P1,R03,training,22,289,0,1.0,0.7500258465005704,0.6258094227505954,0.6164298630474285
P1,R03,training,22,290,0,1.0,0.7500258465005704,0.6258094227505954,0.6167326460211843
P1,R03,training,22,291,0,1.0,0.7500258465005704,0.6258094227505954,0.6170305693736293
P1,R03,training,22,292,0,1.0,0.7500258465005704,0.6258094227505954,0.6173236259197122
P1,R03,training,22,293,0,1.0,0.7500258465005704,0.6258094227505954,0.6176118085894767
P1,R03,training,22,294,0,1.0,0.7500258465005704,0.6258094227505954,0.6178951104283461
P1,R03,training,22,295,0,1.0,0.7500258465005704,0.6258094227505954,0.6181735245974023
P1,R03,training,22,296,0,1.0,0.7500258465005704,0.6258094227505954,0.6184470443736617
P1,R03,training,22,297,0,1.0,0.7500258465005704,0.6258094227505954,0.6187156631503454
P1,R03,training,22,298,0,1.0,0.7500258465005704,0.6258094227505954,0.6189793744371452
P1,R03,training,22,299,0,1.0,0.7500258465005704,0.6258094227505954,0.6192381718604851
P1,R03,training,22,300,0,1.0,0.7500258465005704,0.6258094227505954,0.6194920491637775
P1,R03,training,22,301,0,1.0,0.7500258465005704,0.6258094227505954,0.619741000207676
P1,R03,training,22,302,0,1.0,0.7500258465005704,0.6258094227505954,0.6199850189703225
P1,R03,training,22,303,0,1.0,0.7500258465005704,0.6258094227505954,0.6202240995475901
P1,R03,training,22,304,0,0.0,0.7494948856941017,0.5790726510780142,0.574121102416958
P1,R03,training,22,305,0,0.0,0.7494948856941017,0.5790726510780142,0.5743331732156827
P1,R03,training,22,306,0,0.0,0.7494948856941017,0.5790726510780142,0.5745406588893901
P1,R03,training,22,307,0,0.0,0.7494948856941017,0.5790726510780142,0.5747435544128
P1,R03,training,22,308,0,0.0,0.7494948856941017,0.5790726510780142,0.5749418548706291
P1,R03,training,22,309,0,0.0,0.7494948856941017,0.5790726510780142,0.5751355554577888
P1,R03,training,22,310,0,0.0,0.7494948856941017,0.5790726510780142,0.5753246514795799
P1,R03,training,22,311,0,0.0,0.7494948856941017,0.5790726510780142,0.5755091383518819
P1,R03,training,22,312,0,0.0,0.7494948856941017,0.5790726510780142,0.5756890116013381
P1,R03,training,22,313,0,0.0,0.7494948856941017,0.5790726510780142,0.5758642668655369
P1,R03,training,22,314,0,0.0,0.7494948856941017,0.5790726510780142,0.5760348998931876
P1,R03,training,22,315,0,0.0,0.7494948856941017,0.5790726510780142,0.5762009065442922
P1,R03,training,22,316,0,0.0,0.7494948856941017,0.5790726510780142,0.5763622827903138
P1,R03,training,22,317,0,0.0,0.7494948856941017,0.5790726510780142,0.5765190247143381
P1,R03,training,22,318,0,0.0,0.7494948856941017,0.5790726510780142,0.576671128511233
P1,R03,training,22,319,0,0.0,0.7494948856941017,0.5790726510780142,0.5768185904878019
P1,R03,training,22,320,0,1.0,0.7500456394084585,0.544688281306406,0.5427023994453788
P1,R03,training,22,321,0,1.0,0.7500456394084585,0.544688281306406,0.5428323629819516
P1,R03,training,22,322,0,1.0,0.7500456394084585,0.544688281306406,0.5429579505331775
P1,R03,training,22,323,0,1.0,0.7500456394084585,0.544688281306406,0.5430791590476761
P1,R03,training,22,324,0,1.0,0.7500456394084585,0.544688281306406,0.5431959855800161
P1,R03,training,22,325,0,1.0,0.7500456394084585,0.544688281306406,0.5433084272908355
P1,R03,training,22,326,0,1.0,0.7500456394084585,0.544688281306406,0.5434164814469556
P1,R03,training,22,327,0,1.0,0.7500456394084585,0.544688281306406,0.5435201454214931
P1,R03,training,22,328,0,1.0,0.7500456394084585,0.544688281306406,0.543619416693965
P1,R03,training,22,329,0,1.0,0.7500456394084585,0.544688281306406,0.5437142928503916
P1,R03,training,22,330,0,1.0,0.7500456394084585,0.544688281306406,0.5438047715833949
P1,R03,training,22,331,0,1.0,0.7500456394084585,0.544688281306406,0.5438908506922906
P1,R03,training,22,332,0,1.0,0.7500456394084585,0.544688281306406,0.5439725280831783
P1,R03,training,22,333,0,1.0,0.7500456394084585,0.544688281306406,0.5440498017690266
P1,R03,training,22,334,0,1.0,0.7500456394084585,0.544688281306406,0.5441226698697531
P1,R03,training,22,335,0,1.0,0.7500456394084585,0.544688281306406,0.5441911306123007
P1,R03,training,22,336,0,1.0,0.7501766260905811,0.5086680125781267,0.5082635544636825
P1,R03,training,22,337,0,1.0,0.7501766260905811,0.5086680125781267,0.5083192515272906
P1,R03,training,22,338,0,1.0,0.7501766260905811,0.5086680125781267,0.5083708283245051
P1,R03,training,22,339,0,1.0,0.7501766260905811,0.5086680125781267,0.5084182835999438
P1,R03,training,22,340,0,1.0,0.7501766260905811,0.5086680125781267,0.5084616161984674
P1,R03,training,22,341,0,1.0,0.7501766260905811,0.5086680125781267,0.5085008250652266
P1,R03,training,22,342,0,1.0,0.7501766260905811,0.5086680125781267,0.508535909245705
P1,R03,training,22,343,0,1.0,0.7501766260905811,0.5086680125781267,0.5085668678857571
P1,R03,training,22,344,0,1.0,0.7501766260905811,0.5086680125781267,0.5085937002316441
P1,R03,training,22,345,0,1.0,0.7501766260905811,0.5086680125781267,0.5086164056300634
P1,R03,training,22,346,0,1.0,0.7501766260905811,0.5086680125781267,0.5086349835281758
P1,R03,training,22,347,0,1.0,0.7501766260905811,0.5086680125781267,0.5086494334736278
P1,R03,training,22,348,0,1.0,0.7501766260905811,0.5086680125781267,0.5086597551145697
P1,R03,training,22,349,0,1.0,0.7501766260905811,0.5086680125781267,0.5086659481996704
P1,R03,training,22,350,0,1.0,0.7501766260905811,0.5086680125781267,0.5086680125781267
P1,R03,training,22,351,0,1.0,0.7501766260905811,0.5086680125781267,0.5086659481996704
P1,R03,training,22,352,0,1.0,0.7500715468604716,0.4713656193939223,0.471357967478866
P1,R03,training,22,353,0,1.0,0.7500715468604716,0.4713656193939223,0.47134840275972606
P1,R03,training,22,354,0,1.0,0.7500715468604716,0.4713656193939223,0.4713350124789933
P1,R03,training,22,355,0,1.0,0.7500715468604716,0.4713656193939223,0.4713177969627149
P1,R03,training,22,356,0,1.0,0.7500715468604716,0.4713656193939223,0.471296756630072
P1,R03,training,22,357,0,1.0,0.7500715468604716,0.4713656193939223,0.47127189199336195
P1,R03,training,22,358,0,1.0,0.7500715468604716,0.4713656193939223,0.4712432036579782
P1,R03,training,22,359,0,1.0,0.7500715468604716,0.4713656193939223,0.47121069232238577
P1,R03,training,22,360,0,1.0,0.7500715468604716,0.4713656193939223,0.4711743587780922
P1,R03,training,22,361,0,1.0,0.7500715468604716,0.4713656193939223,0.4711342039096162
P1,R03,training,22,362,0,1.0,0.7500715468604716,0.4713656193939223,0.4710902286944512
P1,R03,training,22,363,0,1.0,0.7500715468604716,0.4713656193939223,0.4710424342030262
P1,R03,training,22,364,0,1.0,0.7500715468604716,0.4713656193939223,0.4709908215986618
P1,R03,training,22,365,0,1.0,0.7500715468604716,0.4713656193939223,0.47093539213752345
P1,R03,training,22,366,0,1.0,0.7500715468604716,0.4713656193939223,0.47087614716857035
P1,R03,training,22,367,0,1.0,0.7500715468604716,0.4713656193939223,0.4708130881335006
P1,R03,training,22,368,0,0.0,0.2499442360802186,0.4342266979709027,0.4336560979243242
P1,R03,training,22,369,0,0.0,0.2499442360802186,0.4342266979709027,0.43359098452834843
P1,R03,training,22,370,0,0.0,0.2499442360802186,0.4342266979709027,0.4335223620730784
P1,R03,training,22,371,0,0.0,0.2499442360802186,0.4342266979709027,0.4334502322277762
P1,R03,training,22,372,0,0.0,0.2499442360802186,0.4342266979709027,0.4333745967468318
P1,R03,training,22,373,0,0.0,0.2499442360802186,0.4342266979709027,0.43329545746969256
P1,R03,training,22,374,0,0.0,0.2499442360802186,0.4342266979709027,0.4332128163207882
P1,R03,training,22,375,0,0.0,0.2499442360802186,0.4342266979709027,0.43312667530945304
P1,R03,training,22,376,0,0.0,0.2499442360802186,0.4342266979709027,0.4330370365298447
P1,R03,training,22,377,0,0.0,0.2499442360802186,0.4342266979709027,0.432943902160859
P1,R03,training,22,378,0,0.0,0.2499442360802186,0.4342266979709027,0.4328472744660416
P1,R03,training,22,379,0,0.0,0.2499442360802186,0.4342266979709027,0.4327471557934968
P1,R03,training,22,380,0,0.0,0.2499442360802186,0.4342266979709027,0.4326435485757919
P1,R03,training,22,381,0,0.0,0.2499442360802186,0.4342266979709027,0.43253645532985907
P1,R03,training,22,382,0,0.0,0.2499442360802186,0.4342266979709027,0.43242587865689314
P1,R03,training,22,383,0,0.0,0.2499442360802186,0.4342266979709027,0.43231182124224654
P1,R03,training,22,384,0,1.0,0.5002855117020023,0.4108376637761983,0.4089147247922574
P1,R03,training,22,385,0,1.0,0.5002855117020023,0.4108376637761983,0.4088002323537334
P1,R03,training,22,386,0,1.0,0.5002855117020023,0.4108376637761983,0.4086824547578062
P1,R03,training,22,387,0,1.0,0.5002855117020023,0.4108376637761983,0.40856139486262283
P1,R03,training,22,388,0,1.0,0.5002855117020023,0.4108376637761983,0.40843705560540894
P1,R03,training,22,389,0,1.0,0.5002855117020023,0.4108376637761983,0.40830944000234975
P1,R03,training,22,390,0,1.0,0.5002855117020023,0.4108376637761983,0.4081785511484679
P1,R03,training,22,391,0,1.0,0.5002855117020023,0.4108376637761983,0.4080443922174989
P1,R03,training,22,392,0,1.0,0.5002855117020023,0.4108376637761983,0.4079069664617623
P1,R03,training,22,393,0,1.0,0.5002855117020023,0.4108376637761983,0.40776627721203074
P1,R03,training,22,394,0,1.0,0.5002855117020023,0.4108376637761983,0.407622327877395
P1,R03,training,22,395,0,1.0,0.5002855117020023,0.4108376637761983,0.4074751219451268
P1,R03,training,22,396,0,1.0,0.5002855117020023,0.4108376637761983,0.4073246629805375
P1,R03,training,22,397,0,1.0,0.5002855117020023,0.4108376637761983,0.40717095462683445
P1,R03,training,22,398,0,1.0,0.5002855117020023,0.4108376637761983,0.40701400060497406
P1,R03,training,22,399,0,1.0,0.5002855117020023,0.4108376637761983,0.4068538047135114
P1,R03,training,22,400,0,0.0,0.0,0.37404911116055084,0.3702731885088395
P1,R03,training,22,401,0,0.0,0.0,0.37404911116055084,0.3701214449009805
P1,R03,training,22,402,0,0.0,0.0,0.37404911116055084,0.36996676051520466
P1,R03,training,22,403,0,0.0,0.0,0.37404911116055084,0.3698091390911025
P1,R03,training,22,404,0,0.0,0.0,0.37404911116055084,0.3696485844381892
P1,R03,training,22,405,0,0.0,0.0,0.37404911116055084,0.3694851004357512
P1,R03,training,22,406,0,0.0,0.0,0.37404911116055084,0.3693186910326901
P1,R03,training,22,407,0,0.0,0.0,0.37404911116055084,0.36914936024736333
P1,R03,training,22,408,0,0.0,0.0,0.37404911116055084,0.3689771121674231
P1,R03,training,22,409,0,0.0,0.0,0.37404911116055084,0.3688019509496513
P1,R03,training,22,410,0,0.0,0.0,0.37404911116055084,0.3686238808197925
P1,R03,training,22,411,0,0.0,0.0,0.37404911116055084,0.3684429060723844
P1,R03,training,22,412,0,0.0,0.0,0.37404911116055084,0.3682590310705846
P1,R03,training,22,413,0,0.0,0.0,0.37404911116055084,0.3680722602459958
P1,R03,training,22,414,0,0.0,0.0,0.37404911116055084,0.3678825980984877
P1,R03,training,22,415,0,0.0,0.0,0.37404911116055084,0.36769004919601606
P1,R03,training,22,416,0,0.0,0.0,0.3384624645763699,0.3325315592916476
P1,R03,training,22,417,0,0.0,0.0,0.3384624645763699,0.3323521177146822
P1,R03,training,22,418,0,0.0,0.0,0.3384624645763699,0.3321700767937187
P1,R03,training,22,419,0,0.0,0.0,0.3384624645763699,0.33198544090687326
P1,R03,training,22,420,0,0.0,0.0,0.3384624645763699,0.3317982144930175
P1,R03,training,22,421,0,0.0,0.0,0.3384624645763699,0.3316084020516001
P1,R03,training,22,422,0,0.0,0.0,0.3384624645763699,0.3314160081424666
P1,R03,training,22,423,0,0.0,0.0,0.3384624645763699,0.3312210373856772
P1,R03,training,22,424,0,0.0,0.0,0.3384624645763699,0.3310234944613216
P1,R03,training,22,425,0,0.0,0.0,0.3384624645763699,0.3308233841093317
P1,R03,training,22,426,0,0.0,0.0,0.3384624645763699,0.3306207111292924
P1,R03,training,22,427,0,0.0,0.0,0.3384624645763699,0.3304154803802495
P1,R03,training,22,428,0,0.0,0.0,0.3384624645763699,0.3302076967805154
P1,R03,training,22,429,0,0.0,0.0,0.3384624645763699,0.32999736530747337
P1,R03,training,22,430,0,0.0,0.0,0.3384624645763699,0.3297844909973779
P1,R03,training,22,431,0,0.0,0.0,0.3384624645763699,0.3295690789451544
P1,R03,training,22,432,0,0.0,0.2498247689218398,0.29019970304231385,0.28238759500659777
P1,R03,training,22,433,0,0.0,0.2498247689218398,0.29019970304231385,0.2821985610047212
P1,R03,training,22,434,0,0.0,0.2498247689218398,0.29019970304231385,0.2820073645331867
P1,R03,training,22,435,0,0.0,0.2498247689218398,0.29019970304231385,0.2818140101598704
P1,R03,training,22,436,0,0.0,0.2498247689218398,0.29019970304231385,0.2816185025020626
P1,R03,training,22,437,0,0.0,0.2498247689218398,0.29019970304231385,0.28142084622628427
P1,R03,training,22,438,0,0.0,0.2498247689218398,0.29019970304231385,0.2812210460481015
P1,R03,training,22,439,0,0.0,0.2498247689218398,0.29019970304231385,0.28101910673193775
P1,R03,training,22,440,0,0.0,0.2498247689218398,0.29019970304231385,0.28081503309088474
P1,R03,training,22,441,0,0.0,0.2498247689218398,0.29019970304231385,0.2806088299865113
P1,R03,training,22,442,0,0.0,0.2498247689218398,0.29019970304231385,0.28040050232867036
P1,R03,training,22,443,0,0.0,0.2498247689218398,0.29019970304231385,0.2801900550753041
P1,R03,training,22,444,0,0.0,0.2498247689218398,0.29019970304231385,0.2799774932322473
P1,R03,training,22,445,0,0.0,0.2498247689218398,0.29019970304231385,0.27976282185302903
P1,R03,training,22,446,0,0.0,0.2498247689218398,0.29019970304231385,0.2795460460386724
P1,R03,training,22,447,0,0.0,0.2498247689218398,0.29019970304231385,0.27932717093749265
P1,R03,training,22,448,0,0.0,0.0,0.24279982667409222,0.23351828653471526
P1,R03,training,22,449,0,0.0,0.0,0.24279982667409222,0.23333166176114342
P1,R03,training,22,450,0,0.0,0.0,0.24279982667409222,0.2331432937464756
P1,R03,training,22,451,0,0.0,0.0,0.24279982667409222,0.2329531869546764
P1,R03,training,22,452,0,0.0,0.0,0.24279982667409222,0.23276134588841108
P1,R03,training,22,453,0,0.0,0.0,0.24279982667409222,0.23256777508886817
P1,R03,training,22,454,0,0.0,0.0,0.24279982667409222,0.2323724791355801
P1,R03,training,22,455,0,0.0,0.0,0.24279982667409222,0.2321754626462428
P1,R03,training,22,456,0,0.0,0.0,0.24279982667409222,0.23197673027653384
P1,R03,training,22,457,0,0.0,0.0,0.24279982667409222,0.23177628671992898
P1,R03,training,22,458,0,0.0,0.0,0.24279982667409222,0.23157413670751764
P1,R03,training,22,459,0,0.0,0.0,0.24279982667409222,0.2313702850078169
P1,R03,training,22,460,0,0.0,0.0,0.24279982667409222,0.23116473642658386
P1,R03,training,22,461,0,0.0,0.0,0.24279982667409222,0.23095749580662722
P1,R03,training,22,462,0,0.0,0.0,0.24279982667409222,0.23074856802761695
P1,R03,training,22,463,0,0.0,0.0,0.24279982667409222,0.230537958005893
P1,R03,training,22,464,0,0.0,0.2497307454068573,0.1966246995891271,0.18652285064731447
P1,R03,training,22,465,0,0.0,0.2497307454068573,0.1966246995891271,0.186349581394647
P1,R03,training,22,466,0,0.0,0.2497307454068573,0.1966246995891271,0.18617496194511154
P1,R03,training,22,467,0,0.0,0.2497307454068573,0.1966246995891271,0.18599899639728296
P1,R03,training,22,468,0,0.0,0.2497307454068573,0.1966246995891271,0.1858216888786414
P1,R03,training,22,469,0,0.0,0.2497307454068573,0.1966246995891271,0.185643043545411
P1,R03,training,22,470,0,0.0,0.2497307454068573,0.1966246995891271,0.1854630645823978
P1,R03,training,22,471,0,0.0,0.2497307454068573,0.1966246995891271,0.18528175620282633
P1,R03,training,22,472,0,0.0,0.2497307454068573,0.1966246995891271,0.18509912264817527
P1,R03,training,22,473,0,0.0,0.2497307454068573,0.1966246995891271,0.18491516818801235
P1,R03,training,22,474,0,0.0,0.2497307454068573,0.1966246995891271,0.18472989711982796
P1,R03,training,22,475,0,0.0,0.2497307454068573,0.1966246995891271,0.1845433137688681
P1,R03,training,22,476,0,0.0,0.2497307454068573,0.1966246995891271,0.184355422487966
P1,R03,training,22,477,0,0.0,0.2497307454068573,0.1966246995891271,0.18416622765737323
P1,R03,training,22,478,0,0.0,0.2497307454068573,0.1966246995891271,0.18397573368458953
P1,R03,training,22,479,0,0.0,0.2497307454068573,0.1966246995891271,0.18378394500419176
P1,R03,training,22,480,0,0.0,0.24990837082535125,0.1519904747816491,0.14191534918566792
P1,R03,training,22,481,0,0.0,0.24990837082535125,0.1519904747816491,0.14176510569778675
P1,R03,training,22,482,0,0.0,0.24990837082535125,0.1519904747816491,0.14161387181167917
P1,R03,training,22,483,0,0.0,0.24990837082535125,0.1519904747816491,0.14146165103765027
P1,R03,training,22,484,0,0.0,0.24990837082535125,0.1519904747816491,0.14130844690626432
P1,R03,training,22,485,0,0.0,0.24990837082535125,0.1519904747816491,0.14115426296820843
P1,R03,training,22,486,0,0.0,0.24990837082535125,0.1519904747816491,0.14099910279415562
P1,R03,training,22,487,0,0.0,0.24990837082535125,0.1519904747816491,0.140842969974627
P1,R03,training,22,488,0,0.0,0.24990837082535125,0.1519904747816491,0.14068586811985354
P1,R03,training,22,489,0,0.0,0.24990837082535125,0.1519904747816491,0.14052780085963712
P1,R03,training,22,490,0,0.0,0.24990837082535125,0.1519904747816491,0.14036877184321084
P1,R03,training,22,491,0,0.0,0.24990837082535125,0.1519904747816491,0.14020878473909884
P1,R03,training,22,492,0,0.0,0.24990837082535125,0.1519904747816491,0.1400478432349753
P1,R03,training,22,493,0,0.0,0.24990837082535125,0.1519904747816491,0.1398859510375232
P1,R03,training,22,494,0,0.0,0.24990837082535125,0.1519904747816491,0.13972311187229194
P1,R03,training,22,495,0,0.0,0.24990837082535125,0.1519904747816491,0.13955932948355493
P1,R03,training,22,496,0,0.0,0.24995506919815222,0.13564511470611074,0.12440383233958204
P1,R03,training,22,497,0,0.0,0.24995506919815222,0.13564511470611074,0.12425598995326449
P1,R03,training,22,498,0,0.0,0.24995506919815222,0.13564511470611074,0.12410731590338626
P1,R03,training,22,499,0,0.0,0.24995506919815222,0.13564511470611074,0.12395781359711107
P1,R03,training,22,500,0,0.0,0.24995506919815222,0.13564511470611074,0.12380748645766831
P1,R03,training,22,501,0,0.0,0.24995506919815222,0.13564511470611074,0.12365633792422262
P1,R03,training,22,502,0,0.0,0.24995506919815222,0.13564511470611074,0.12350437145174302
P1,R03,training,22,503,0,0.0,0.24995506919815222,0.13564511470611074,0.12335159051087144
P1,R03,training,22,504,0,0.0,0.24995506919815222,0.13564511470611074,0.1231979985877909
P1,R03,training,22,505,0,0.0,0.24995506919815222,0.13564511470611074,0.12304359918409316
P1,R03,training,22,506,0,0.0,0.24995506919815222,0.13564511470611074,0.1228883958166459
P1,R03,training,22,507,0,0.0,0.24995506919815222,0.13564511470611074,0.12273239201745946
P1,R03,training,22,508,0,0.0,0.24995506919815222,0.13564511470611074,0.1225755913335532
P1,R03,training,22,509,0,0.0,0.24995506919815222,0.13564511470611074,0.12241799732682125
P1,R03,training,22,510,0,0.0,0.24995506919815222,0.13564511470611074,0.12225961357389804
P1,R03,training,22,511,0,0.0,0.24995506919815222,0.13564511470611074,0.12210044366602323
P1,R03,training,22,512,0,1.0,0.25039443074695217,0.1059019996709872,0.09520241025903943
P1,R03,training,22,513,0,1.0,0.25039443074695217,0.1059019996709872,0.09507692269350804
P1,R03,training,22,514,0,1.0,0.25039443074695217,0.1059019996709872,0.09495082983314915
P1,R03,training,22,515,0,1.0,0.25039443074695217,0.1059019996709872,0.09482413452629623
P1,R03,training,22,516,0,1.0,0.25039443074695217,0.1059019996709872,0.09469683963215378
P1,R03,training,22,517,0,1.0,0.25039443074695217,0.1059019996709872,0.09456894802068994
P1,R03,training,22,518,0,1.0,0.25039443074695217,0.1059019996709872,0.09444046257252899
P1,R03,training,22,519,0,1.0,0.25039443074695217,0.1059019996709872,0.09431138617884349
P1,R03,training,22,520,0,1.0,0.25039443074695217,0.1059019996709872,0.0941817217412461
P1,R03,training,22,521,0,1.0,0.25039443074695217,0.1059019996709872,0.09405147217168126
P1,R03,training,22,522,0,1.0,0.25039443074695217,0.1059019996709872,0.09392064039231639
P1,R03,training,22,523,0,1.0,0.25039443074695217,0.1059019996709872,0.09378922933543303
P1,R03,training,22,524,0,1.0,0.25039443074695217,0.1059019996709872,0.09365724194331763
P1,R03,training,22,525,0,1.0,0.25039443074695217,0.1059019996709872,0.09352468116815205
P1,R03,training,22,526,0,1.0,0.25039443074695217,0.1059019996709872,0.09339154997190385
P1,R03,training,22,527,0,1.0,0.25039443074695217,0.1059019996709872,0.09325785132621642
P1,R03,training,22,528,0,0.0,0.24984520381326028,0.10373100651413938,0.0912145527514187
P1,R03,training,22,529,0,0.0,0.24984520381326028,0.10373100651413938,0.09108249206681468
P1,R03,training,22,530,0,0.0,0.24984520381326028,0.10373100651413938,0.09094988435345448
P1,R03,training,22,531,0,0.0,0.24984520381326028,0.10373100651413938,0.09081673255889089
P1,R03,training,22,532,0,0.0,0.24984520381326028,0.10373100651413938,0.09068303963961227
P1,R03,training,22,533,0,0.0,0.24984520381326028,0.10373100651413938,0.09054880856093363
P1,R03,training,22,534,0,0.0,0.24984520381326028,0.10373100651413938,0.09041404229688726
P1,R03,training,22,535,0,0.0,0.24984520381326028,0.10373100651413938,0.09027874383011357
P1,R03,training,22,536,0,0.0,0.24984520381326028,0.10373100651413938,0.09014291615175131
P1,R03,training,22,537,0,0.0,0.24984520381326028,0.10373100651413938,0.0900065622613279
P1,R03,training,22,538,0,0.0,0.24984520381326028,0.10373100651413938,0.08986968516664952
P1,R03,training,22,539,0,0.0,0.24984520381326028,0.10373100651413938,0.08973228788369095
P1,R03,training,22,540,0,0.0,0.24984520381326028,0.10373100651413938,0.08959437343648533
P1,R03,training,22,541,0,0.0,0.24984520381326028,0.10373100651413938,0.08945594485701372
P1,R03,training,22,542,0,0.0,0.24984520381326028,0.10373100651413938,0.08931700518509457
P1,R03,training,22,543,0,0.0,0.24984520381326028,0.10373100651413938,0.08917755746827294
P1,R03,training,22,544,0,0.0,0.0,0.10063113225590414,0.08637682484362284
P1,R03,training,22,545,0,0.0,0.0,0.10063113225590414,0.08624056752492228
P1,R03,training,22,546,0,0.0,0.0,0.10063113225590414,0.08610382625693655
P1,R03,training,22,547,0,0.0,0.0,0.10063113225590414,0.08596660402504461
P1,R03,training,22,548,0,0.0,0.0,0.10063113225590414,0.08582890382158205
P1,R03,training,22,549,0,0.0,0.0,0.10063113225590414,0.08569072864573306
P1,R03,training,22,550,0,0.0,0.0,0.10063113225590414,0.08555208150342199
P1,R03,training,22,551,0,0.0,0.0,0.10063113225590414,0.08541296540720512
P1,R03,training,22,552,0,0.0,0.0,0.10063113225590414,0.08527338337616215
P1,R03,training,22,553,0,0.0,0.0,0.10063113225590414,0.08513333843578767
P1,R03,training,22,554,0,0.0,0.0,0.10063113225590414,0.08499283361788249
P1,R03,training,22,555,0,0.0,0.0,0.10063113225590414,0.08485187196044494
P1,R03,training,22,556,0,0.0,0.0,0.10063113225590414,0.08471045650756215
P1,R03,training,22,557,0,0.0,0.0,0.10063113225590414,0.08456859030930114
P1,R03,training,22,558,0,0.0,0.0,0.10063113225590414,0.0844262764215999
P1,R03,training,22,559,0,0.0,0.0,0.10063113225590414,0.08428351790615848
P1,R03,training,22,560,0,0.0,0.0,0.08345601407066258,0.0697797529585686
P1,R03,training,22,561,0,0.0,0.0,0.08345601407066258,0.06966062976386049
P1,R03,training,22,562,0,0.0,0.0,0.08345601407066258,0.06954114547301814
P1,R03,training,22,563,0,0.0,0.0,0.08345601407066258,0.0694213026433989
P1,R03,training,22,564,0,0.0,0.0,0.08345601407066258,0.06930110383668636
P1,R03,training,22,565,0,0.0,0.0,0.08345601407066258,0.06918055161879975
P1,R03,training,22,566,0,0.0,0.0,0.08345601407066258,0.06905964855980343
P1,R03,training,22,567,0,0.0,0.0,0.08345601407066258,0.0689383972338162
P1,R03,training,22,568,0,0.0,0.0,0.08345601407066258,0.06881680021892084
P1,R03,training,22,569,0,0.0,0.0,0.08345601407066258,0.06869486009707346
P1,R03,training,22,570,0,0.0,0.0,0.08345601407066258,0.0685725794540129
P1,R03,training,22,571,0,0.0,0.0,0.08345601407066258,0.06844996087917016
P1,R03,training,22,572,0,0.0,0.0,0.08345601407066258,0.06832700696557786
P1,R03,training,22,573,0,0.0,0.0,0.08345601407066258,0.06820372030977966
P1,R03,training,22,574,0,0.0,0.0,0.08345601407066258,0.06808010351173971
P1,R03,training,22,575,0,0.0,0.0,0.08345601407066258,0.06795615917475221
P1,R03,training,22,576,0,0.0,0.0,0.07985543672809801,0.06490539061568017
P1,R03,training,22,577,0,0.0,0.0,0.07985543672809801,0.06478617433015325
P1,R03,training,22,578,0,0.0,0.0,0.07985543672809801,0.06466665212801703
P1,R03,training,22,579,0,0.0,0.0,0.07985543672809801,0.06454682651213062
P1,R03,training,22,580,0,0.0,0.0,0.07985543672809801,0.06442669998810689
P1,R03,training,22,581,0,0.0,0.0,0.07985543672809801,0.0643062750642262
P1,R03,training,22,582,0,0.0,0.0,0.07985543672809801,0.06418555425134997
P1,R03,training,22,583,0,0.0,0.0,0.07985543672809801,0.06406454006283449
P1,R03,training,22,584,0,0.0,0.0,0.07985543672809801,0.0639432350144447
P1,R03,training,22,585,0,0.0,0.0,0.07985543672809801,0.06382164162426796
P1,R03,training,22,586,0,0.0,0.0,0.07985543672809801,0.06369976241262809
P1,R03,training,22,587,0,0.0,0.0,0.07985543672809801,0.06357759990199935
P1,R03,training,22,588,0,0.0,0.0,0.07985543672809801,0.0634551566169204
P1,R03,training,22,589,0,0.0,0.0,0.07985543672809801,0.06333243508390862
P1,R03,training,22,590,0,0.0,0.0,0.07985543672809801,0.06320943783137423
P1,R03,training,22,591,0,0.0,0.0,0.07985543672809801,0.06308616738953467
P1,R03,training,22,592,0,0.0,0.0,0.062437515405748024,0.049229333781923006
P1,R03,training,22,593,0,0.0,0.0,0.062437515405748024,0.04913252959945332
P1,R03,training,22,594,0,0.0,0.0,0.062437515405748024,0.049035517758030944
P1,R03,training,22,595,0,0.0,0.0,0.062437515405748024,0.04893830024097065
P1,R03,training,22,596,0,0.0,0.0,0.062437515405748024,0.048840879032666505
P1,R03,training,22,597,0,0.0,0.0,0.062437515405748024,0.04874325611852526
P1,R03,training,22,598,0,0.0,0.0,0.062437515405748024,0.04864543348490005
P1,R03,training,22,599,0,0.0,0.0,0.062437515405748024,0.048547413119024004
P1,R03,training,22,600,0,0.0,0.0,0.062437515405748024,0.048449197008944046
P1,R03,training,22,601,0,0.0,0.0,0.062437515405748024,0.04835078714345477
P1,R03,training,22,602,0,0.0,0.0,0.062437515405748024,0.04825218551203242
P1,R03,training,22,603,0,0.0,0.0,0.062437515405748024,0.04815339410476901
P1,R03,training,22,604,0,0.0,0.0,0.062437515405748024,0.04805441491230646
P1,R03,training,22,605,0,0.0,0.0,0.062437515405748024,0.047955249925770965
P1,R03,training,22,606,0,0.0,0.0,0.062437515405748024,0.047855901136707395
P1,R03,training,22,607,0,0.0,0.0,0.062437515405748024,0.04775637053701383
P1,R03,training,22,608,0,0.0,0.0,0.0456086174467049,0.034811673174768354
P1,R03,training,22,609,0,0.0,0.0,0.0456086174467049,0.0347387079921165
P1,R03,training,22,610,0,0.0,0.0,0.0456086174467049,0.03466561436871268
P1,R03,training,22,611,0,0.0,0.0,0.0456086174467049,0.03459239376013078
P1,R03,training,22,612,0,0.0,0.0,0.0456086174467049,0.03451904762196495
P1,R03,training,22,613,0,0.0,0.0,0.0456086174467049,0.03444557740978245
P1,R03,training,22,614,0,0.0,0.0,0.0456086174467049,0.03437198457907643
P1,R03,training,22,615,0,0.0,0.0,0.0456086174467049,0.034298270585218886
P1,R03,training,22,616,0,0.0,0.0,0.0456086174467049,0.03422443688341377
P1,R03,training,22,617,0,0.0,0.0,0.0456086174467049,0.034150484928650096
P1,R03,training,22,618,0,0.0,0.0,0.0456086174467049,0.03407641617565525
P1,R03,training,22,619,0,0.0,0.0,0.0456086174467049,0.03400223207884836
P1,R03,training,22,620,0,0.0,0.0,0.0456086174467049,0.03392793409229379
P1,R03,training,22,621,0,0.0,0.0,0.0456086174467049,0.03385352366965478
P1,R03,training,22,622,0,0.0,0.0,0.0456086174467049,0.03377900226414715
P1,R03,training,22,623,0,0.0,0.0,0.0456086174467049,0.03370437132849316
P1,R03,training,22,624,0,0.0,0.0,0.029517514171004785,0.021764815598279776
P1,R03,training,22,625,0,0.0,0.0,0.029517514171004785,0.021716376128667447
P1,R03,training,22,626,0,0.0,0.0,0.029517514171004785,0.021667868590419186
P1,R03,training,22,627,0,0.0,0.0,0.029517514171004785,0.021619293922149858
P1,R03,training,22,628,0,0.0,0.0,0.029517514171004785,0.02157065306200677
P1,R03,training,22,629,0,0.0,0.0,0.029517514171004785,0.021521946947640293
P1,R03,training,22,630,0,0.0,0.0,0.029517514171004785,0.021473176516174582
P1,R03,training,22,631,0,0.0,0.0,0.029517514171004785,0.021424342704178357
P1,R03,training,22,632,0,0.0,0.0,0.029517514171004785,0.021375446447635803
P1,R03,training,22,633,0,0.0,0.0,0.029517514171004785,0.021326488681917524
P1,R03,training,22,634,0,0.0,0.0,0.029517514171004785,0.021277470341751637
P1,R03,training,22,635,0,0.0,0.0,0.029517514171004785,0.02122839236119492
P1,R03,training,22,636,0,0.0,0.0,0.029517514171004785,0.021179255673604052
P1,R03,training,22,637,0,0.0,0.0,0.029517514171004785,0.021130061211606967
P1,R03,training,22,638,0,0.0,0.0,0.029517514171004785,0.021080809907074297
P1,R03,training,22,639,0,0.0,0.0,0.029517514171004785,0.021031502691090925
P1,R03,training,22,640,0,0.0,0.0,0.014264097489223984,0.010139447915704668
P1,R03,training,22,641,0,0.0,0.0,0.014264097489223984,0.01011556791727422
P1,R03,training,22,642,0,0.0,0.0,0.014264097489223984,0.010091662247494524
P1,R03,training,22,643,0,0.0,0.0,0.014264097489223984,0.010067731354649301
P1,R03,training,22,644,0,0.0,0.0,0.014264097489223984,0.01004377568657452
P1,R03,training,22,645,0,0.0,0.0,0.014264097489223984,0.010019795690644926
P1,R03,training,22,646,0,0.0,0.0,0.014264097489223984,0.009995791813760632
P1,R03,training,22,647,0,0.0,0.0,0.014264097489223984,0.009971764502333762
P1,R03,training,22,648,0,0.0,0.0,0.014264097489223984,0.009947714202275146
P1,R03,training,22,649,0,0.0,0.0,0.014264097489223984,0.009923641358981066
P1,R03,training,22,650,0,0.0,0.0,0.014264097489223984,0.009899546417320043
P1,R03,training,22,651,0,0.0,0.0,0.014264097489223984,0.0098754298216197
P1,R03,training,22,652,0,0.0,0.0,0.014264097489223984,0.009851292015653662
P1,R03,training,22,653,0,0.0,0.0,0.014264097489223984,0.00982713344262851
P1,R03,training,22,654,0,0.0,0.0,0.014264097489223984,0.009802954545170814
P1,R03,training,22,655,0,0.0,0.0,0.014264097489223984,0.009778755765314171
P1,R03,training,22,656,0,0.0,0.0,0.0,0.0
P1,R03,training,22,657,0,0.0,0.0,0.0,0.0
P1,R03,training,22,658,0,0.0,0.0,0.0,0.0
P1,R03,training,22,659,0,0.0,0.0,0.0,0.0
P1,R03,training,22,660,0,0.0,0.0,0.0,0.0
P1,R03,training,22,661,0,0.0,0.0,0.0,0.0
P1,R03,training,22,662,0,0.0,0.0,0.0,0.0
P1,R03,training,22,663,0,0.0,0.0,0.0,0.0
P1,R03,training,22,664,0,0.0,0.0,0.0,0.0
P1,R03,training,22,665,0,0.0,0.0,0.0,0.0
P1,R03,training,22,666,0,0.0,0.0,0.0,0.0
P1,R03,training,22,667,0,0.0,0.0,0.0,0.0
P1,R03,training,22,668,0,0.0,0.0,0.0,0.0
P1,R03,training,22,669,0,0.0,0.0,0.0,0.0
P1,R03,training,22,670,0,0.0,0.0,0.0,0.0
P1,R03,training,22,671,0,0.0,0.0,0.0,0.0
P1,R03,training,22,672,0,0.0,0.0,0.0,0.0
P1,R03,training,22,673,0,0.0,0.0,0.0,0.0
P1,R03,training,22,674,0,0.0,0.0,0.0,0.0
P1,R03,training,22,675,0,0.0,0.0,0.0,0.0
P1,R03,training,22,676,0,0.0,0.0,0.0,0.0
P1,R03,training,22,677,0,0.0,0.0,0.0,0.0
P1,R03,training,22,678,0,0.0,0.0,0.0,0.0
P1,R03,training,22,679,0,0.0,0.0,0.0,0.0
P1,R03,training,22,680,0,0.0,0.0,0.0,0.0
P1,R03,training,22,681,0,0.0,0.0,0.0,0.0
P1,R03,training,22,682,0,0.0,0.0,0.0,0.0
P1,R03,training,22,683,0,0.0,0.0,0.0,0.0
P1,R03,training,22,684,0,0.0,0.0,0.0,0.0
P1,R03,training,22,685,0,0.0,0.0,0.0,0.0
P1,R03,training,22,686,0,0.0,0.0,0.0,0.0
P1,R03,training,22,687,0,0.0,0.0,0.0,0.0
P1,R03,training,22,688,0,0.0,0.0,0.0,0.0
P1,R03,training,22,689,0,0.0,0.0,0.0,0.0
P1,R03,training,22,690,0,0.0,0.0,0.0,0.0
P1,R03,training,22,691,0,0.0,0.0,0.0,0.0
P1,R03,training,22,692,0,0.0,0.0,0.0,0.0
P1,R03,training,22,693,0,0.0,0.0,0.0,0.0
P1,R03,training,22,694,0,0.0,0.0,0.0,0.0
P1,R03,training,22,695,0,0.0,0.0,0.0,0.0
P1,R03,training,22,696,0,0.0,0.0,0.0,0.0
P1,R03,training,22,697,0,0.0,0.0,0.0,0.0
P1,R03,training,22,698,0,0.0,0.0,0.0,0.0
P1,R03,training,22,699,0,0.0,0.0,0.0,0.0
P1,R03,training,22,700,0,0.0,0.0,0.0,0.0
P1,R03,training,22,701,0,0.0,0.0,0.0,0.0
P1,R03,training,22,702,0,0.0,0.0,0.0,0.0
P2,R03,training,22,0,0,0.0,0.0,0.0,0.0
P2,R03,training,22,1,0,0.0,0.0,0.0,0.0
P2,R03,training,22,2,0,0.0,0.0,0.0,0.0
P2,R03,training,22,3,0,0.0,0.0,0.0,0.0
P2,R03,training,22,4,0,0.0,0.0,0.0,0.0
P2,R03,training,22,5,0,0.0,0.0,0.0,0.0
P2,R03,training,22,6,0,0.0,0.0,0.0,0.0
P2,R03,training,22,7,0,0.0,0.0,0.0,0.0
P2,R03,training,22,8,0,0.0,0.0,0.0,0.0
P2,R03,training,22,9,0,0.0,0.0,0.0,0.0
P2,R03,training,22,10,0,0.0,0.0,0.0,0.0
P2,R03,training,22,11,0,0.0,0.0,0.0,0.0
P2,R03,training,22,12,0,0.0,0.0,0.0,0.0
P2,R03,training,22,13,0,0.0,0.0,0.0,0.0
P2,R03,training,22,14,0,0.0,0.0,0.0,0.0
P2,R03,training,22,15,0,0.0,0.0,0.0,0.0
P2,R03,training,22,16,0,0.0,0.0,0.0,0.0
P2,R03,training,22,17,0,0.0,0.0,0.0,0.0
P2,R03,training,22,18,0,0.0,0.0,0.0,0.0
P2,R03,training,22,19,0,0.0,0.0,0.0,0.0
P2,R03,training,22,20,0,0.0,0.0,0.0,0.0
P2,R03,training,22,21,0,0.0,0.0,0.0,0.0
P2,R03,training,22,22,0,0.0,0.0,0.0,0.0
P2,R03,training,22,23,0,0.0,0.0,0.0,0.0
P2,R03,training,22,24,0,0.0,0.0,0.0,0.0
P2,R03,training,22,25,0,0.0,0.0,0.0,0.0
P2,R03,training,22,26,0,0.0,0.0,0.0,0.0
P2,R03,training,22,27,0,0.0,0.0,0.0,0.0
P2,R03,training,22,28,0,0.0,0.0,0.0,0.0
P2,R03,training,22,29,0,0.0,0.0,0.0,0.0
P2,R03,training,22,30,0,0.0,0.0,0.0,0.0
P2,R03,training,22,31,0,0.0,0.0,0.0,0.0
P2,R03,training,22,32,0,0.0,0.0,0.0,0.0
P2,R03,training,22,33,0,0.0,0.0,0.0,0.0
P2,R03,training,22,34,0,0.0,0.0,0.0,0.0
P2,R03,training,22,35,0,0.0,0.0,0.0,0.0
P2,R03,training,22,36,0,0.0,0.0,0.0,0.0
P2,R03,training,22,37,0,0.0,0.0,0.0,0.0
P2,R03,training,22,38,0,0.0,0.0,0.0,0.0
P2,R03,training,22,39,0,0.0,0.0,0.0,0.0
P2,R03,training,22,40,0,0.0,0.0,0.0,0.0
P2,R03,training,22,41,0,0.0,0.0,0.0,0.0
P2,R03,training,22,42,0,0.0,0.0,0.0,0.0
P2,R03,training,22,43,0,0.0,0.0,0.0,0.0
P2,R03,training,22,44,0,0.0,0.0,0.0,0.0
P2,R03,training,22,45,0,0.0,0.0,0.0,0.0
P2,R03,training,22,46,0,0.0,0.0,0.0,0.0
P2,R03,training,22,47,0,0.0,0.0,0.0,0.0
P2,R03,training,22,48,0,0.0,0.0,0.0,0.0
P2,R03,training,22,49,0,0.0,0.0,0.0,0.0
P2,R03,training,22,50,0,0.0,0.0,0.0,0.0
P2,R03,training,22,51,0,0.0,0.0,0.0,0.0
P2,R03,training,22,52,0,0.0,0.0,0.0,0.0
P2,R03,training,22,53,0,0.0,0.0,0.0,0.0
P2,R03,training,22,54,0,0.0,0.0,0.0,0.0
P2,R03,training,22,55,0,0.0,0.0,0.0,0.0
P2,R03,training,22,56,0,0.0,0.0,0.0,0.0
P2,R03,training,22,57,0,0.0,0.0,0.0,0.0
P2,R03,training,22,58,0,0.0,0.0,0.0,0.0
P2,R03,training,22,59,0,0.0,0.0,0.0,0.0
P2,R03,training,22,60,0,0.0,0.0,0.0,0.0
P2,R03,training,22,61,0,0.0,0.0,0.0,0.0
P2,R03,training,22,62,0,0.0,0.0,0.0,0.0
P2,R03,training,22,63,0,0.0,0.0,0.0,0.0
P2,R03,training,22,64,0,0.0,0.0,0.0,0.0
P2,R03,training,22,65,0,0.0,0.0,0.0,0.0
P2,R03,training,22,66,0,0.0,0.0,0.0,0.0
P2,R03,training,22,67,0,0.0,0.0,0.0,0.0
P2,R03,training,22,68,0,0.0,0.0,0.0,0.0
P2,R03,training,22,69,0,0.0,0.0,0.0,0.0
P2,R03,training,22,70,0,0.0,0.0,0.0,0.0
P2,R03,training,22,71,0,0.0,0.0,0.0,0.0
P2,R03,training,22,72,0,0.0,0.0,0.0,0.0
P2,R03,training,22,73,0,0.0,0.0,0.0,0.0
P2,R03,training,22,74,0,0.0,0.0,0.0,0.0
P2,R03,training,22,75,0,0.0,0.0,0.0,0.0
P2,R03,training,22,76,0,0.0,0.0,0.0,0.0
P2,R03,training,22,77,0,0.0,0.0,0.0,0.0
P2,R03,training,22,78,0,0.0,0.0,0.0,0.0
P2,R03,training,22,79,0,0.0,0.0,0.0,0.0
P2,R03,training,22,80,0,0.0,0.0,0.0,0.0
P2,R03,training,22,81,0,0.0,0.0,0.0,0.0
P2,R03,training,22,82,0,0.0,0.0,0.0,0.0
P2,R03,training,22,83,0,0.0,0.0,0.0,0.0
P2,R03,training,22,84,0,0.0,0.0,0.0,0.0
P2,R03,training,22,85,0,0.0,0.0,0.0,0.0
P2,R03,training,22,86,0,0.0,0.0,0.0,0.0
P2,R03,training,22,87,0,0.0,0.0,0.0,0.0
P2,R03,training,22,88,0,0.0,0.0,0.0,0.0
P2,R03,training,22,89,0,0.0,0.0,0.0,0.0
P2,R03,training,22,90,0,0.0,0.0,0.0,0.0
P2,R03,training,22,91,0,0.0,0.0,0.0,0.0
P2,R03,training,22,92,0,0.0,0.0,0.0,0.0
P2,R03,training,22,93,0,0.0,0.0,0.0,0.0
P2,R03,training,22,94,0,0.0,0.0,0.0,0.0
P2,R03,training,22,95,0,0.0,0.0,0.0,0.0
P2,R03,training,22,96,0,0.0,0.0,0.0,0.0
P2,R03,training,22,97,0,0.0,0.0,0.0,0.0
P2,R03,training,22,98,0,0.0,0.0,0.0,0.0
P2,R03,training,22,99,0,0.0,0.0,0.0,0.0
P2,R03,training,22,100,0,0.0,0.0,0.0,0.0
P2,R03,training,22,101,0,0.0,0.0,0.0,0.0
P2,R03,training,22,102,0,0.0,0.0,0.0,0.0
P2,R03,training,22,103,0,0.0,0.0,0.0,0.0
P2,R03,training,22,104,0,0.0,0.0,0.0,0.0
P2,R03,training,22,105,0,0.0,0.0,0.0,0.0
P2,R03,training,22,106,0,0.0,0.0,0.0,0.0
P2,R03,training,22,107,0,0.0,0.0,0.0,0.0
P2,R03,training,22,108,0,0.0,0.0,0.0,0.0
P2,R03,training,22,109,0,0.0,0.0,0.0,0.0
P2,R03,training,22,110,0,0.0,0.0,0.0,0.0
P2,R03,training,22,111,0,0.0,0.0,0.0,0.0
P2,R03,training,22,112,0,0.0,0.0,0.0,0.0
P2,R03,training,22,113,0,0.0,0.0,0.0,0.0
P2,R03,training,22,114,0,0.0,0.0,0.0,0.0
P2,R03,training,22,115,0,0.0,0.0,0.0,0.0
P2,R03,training,22,116,0,0.0,0.0,0.0,0.0
P2,R03,training,22,117,0,0.0,0.0,0.0,0.0
P2,R03,training,22,118,0,0.0,0.0,0.0,0.0
P2,R03,training,22,119,0,0.0,0.0,0.0,0.0
P2,R03,training,22,120,0,0.0,0.0,0.0,0.0
P2,R03,training,22,121,0,0.0,0.0,0.0,0.0
P2,R03,training,22,122,0,0.0,0.0,0.0,0.0
P2,R03,training,22,123,0,0.0,0.0,0.0,0.0
P2,R03,training,22,124,0,0.0,0.0,0.0,0.0
P2,R03,training,22,125,0,0.0,0.0,0.0,0.0
P2,R03,training,22,126,0,0.0,0.0,0.0,0.0
P2,R03,training,22,127,0,0.0,0.0,0.0,0.0
P2,R03,training,22,128,0,0.0,0.0,0.0,0.0
P2,R03,training,22,129,0,0.0,0.0,0.0,0.0
P2,R03,training,22,130,0,0.0,0.0,0.0,0.0
P2,R03,training,22,131,0,0.0,0.0,0.0,0.0
P2,R03,training,22,132,0,0.0,0.0,0.0,0.0
P2,R03,training,22,133,0,0.0,0.0,0.0,0.0
P2,R03,training,22,134,0,0.0,0.0,0.0,0.0
P2,R03,training,22,135,0,0.0,0.0,0.0,0.0
P2,R03,training,22,136,0,0.0,0.0,0.0,0.0
P2,R03,training,22,137,0,0.0,0.0,0.0,0.0
P2,R03,training,22,138,0,0.0,0.0,0.0,0.0
P2,R03,training,22,139,0,0.0,0.0,0.0,0.0
P2,R03,training,22,140,0,0.0,0.0,0.0,0.0
P2,R03,training,22,141,0,0.0,0.0,0.0,0.0
P2,R03,training,22,142,0,0.0,0.0,0.0,0.0
P2,R03,training,22,143,0,0.0,0.0,0.0,0.0
P2,R03,training,22,144,0,0.0,0.0,0.0,0.0
P2,R03,training,22,145,0,0.0,0.0,0.0,0.0
P2,R03,training,22,146,0,0.0,0.0,0.0,0.0
P2,R03,training,22,147,0,0.0,0.0,0.0,0.0
P2,R03,training,22,148,0,0.0,0.0,0.0,0.0
P2,R03,training,22,149,0,0.0,0.0,0.0,0.0
P2,R03,training,22,150,0,0.0,0.0,0.0,0.0
P2,R03,training,22,151,0,0.0,0.0,0.0,0.0
P2,R03,training,22,152,0,0.0,0.0,0.0,0.0
P2,R03,training,22,153,0,0.0,0.0,0.0,0.0
P2,R03,training,22,154,0,0.0,0.0,0.0,0.0
P2,R03,training,22,155,0,0.0,0.0,0.0,0.0
P2,R03,training,22,156,0,0.0,0.0,0.0,0.0
P2,R03,training,22,157,0,0.0,0.0,0.0,0.0
P2,R03,training,22,158,0,0.0,0.0,0.0,0.0
P2,R03,training,22,159,0,0.0,0.0,0.0,0.0
P2,R03,training,22,160,0,0.0,0.0,0.0,0.0
P2,R03,training,22,161,0,0.0,0.0,0.0,0.0
P2,R03,training,22,162,0,0.0,0.0,0.0,0.0
P2,R03,training,22,163,0,0.0,0.0,0.0,0.0
P2,R03,training,22,164,0,0.0,0.0,0.0,0.0
P2,R03,training,22,165,0,0.0,0.0,0.0,0.0
P2,R03,training,22,166,0,0.0,0.0,0.0,0.0
P2,R03,training,22,167,0,0.0,0.0,0.0,0.0
P2,R03,training,22,168,0,0.0,0.0,0.0,0.0
P2,R03,training,22,169,0,0.0,0.0,0.0,0.0
P2,R03,training,22,170,0,0.0,0.0,0.0,0.0
P2,R03,training,22,171,0,0.0,0.0,0.0,0.0
P2,R03,training,22,172,0,0.0,0.0,0.0,0.0
P2,R03,training,22,173,0,0.0,0.0,0.0,0.0
P2,R03,training,22,174,0,0.0,0.0,0.0,0.0
P2,R03,training,22,175,0,0.0,0.0,0.0,0.0
P2,R03,training,22,176,0,0.0,0.0,0.0,0.0
P2,R03,training,22,177,0,0.0,0.0,0.0,0.0
P2,R03,training,22,178,0,0.0,0.0,0.0,0.0
P2,R03,training,22,179,0,0.0,0.0,0.0,0.0
P2,R03,training,22,180,0,0.0,0.0,0.0,0.0
P2,R03,training,22,181,0,0.0,0.0,0.0,0.0
P2,R03,training,22,182,0,0.0,0.0,0.0,0.0
P2,R03,training,22,183,0,0.0,0.0,0.0,0.0
P2,R03,training,22,184,0,0.0,0.0,0.0,0.0
P2,R03,training,22,185,0,0.0,0.0,0.0,0.0
P2,R03,training,22,186,0,0.0,0.0,0.0,0.0
P2,R03,training,22,187,0,0.0,0.0,0.0,0.0
P2,R03,training,22,188,0,0.0,0.0,0.0,0.0
P2,R03,training,22,189,0,0.0,0.0,0.0,0.0
P2,R03,training,22,190,0,0.0,0.0,0.0,0.0
P2,R03,training,22,191,0,0.0,0.0,0.0,0.0
P2,R03,training,22,192,0,0.0,0.0,0.0,0.0
P2,R03,training,22,193,0,0.0,0.0,0.0,0.0
P2,R03,training,22,194,0,0.0,0.0,0.0,0.0
P2,R03,training,22,195,0,0.0,0.0,0.0,0.0
P2,R03,training,22,196,0,0.0,0.0,0.0,0.0
P2,R03,training,22,197,0,0.0,0.0,0.0,0.0
P2,R03,training,22,198,0,0.0,0.0,0.0,0.0
P2,R03,training,22,199,0,0.0,0.0,0.0,0.0
P2,R03,training,22,200,0,0.0,0.0,0.0,0.0
P2,R03,training,22,201,0,0.0,0.0,0.0,0.0
P2,R03,training,22,202,0,0.0,0.0,0.0,0.0
P2,R03,training,22,203,0,0.0,0.0,0.0,0.0
P2,R03,training,22,204,0,0.0,0.0,0.0,0.0
P2,R03,training,22,205,0,0.0,0.0,0.0,0.0
P2,R03,training,22,206,0,0.0,0.0,0.0,0.0
P2,R03,training,22,207,0,0.0,0.0,0.0,0.0
P2,R03,training,22,208,0,0.0,0.0,0.0,0.0
P2,R03,training,22,209,0,0.0,0.0,0.0,0.0
P2,R03,training,22,210,0,0.0,0.0,0.0,0.0
P2,R03,training,22,211,0,0.0,0.0,0.0,0.0
P2,R03,training,22,212,0,0.0,0.0,0.0,0.0
P2,R03,training,22,213,0,0.0,0.0,0.0,0.0
P2,R03,training,22,214,0,0.0,0.0,0.0,0.0
P2,R03,training,22,215,0,0.0,0.0,0.0,0.0
P2,R03,training,22,216,0,0.0,0.0,0.0,0.0
P2,R03,training,22,217,0,0.0,0.0,0.0,0.0
P2,R03,training,22,218,0,0.0,0.0,0.0,0.0
P2,R03,training,22,219,0,0.0,0.0,0.0,0.0
P2,R03,training,22,220,0,0.0,0.0,0.0,0.0
P2,R03,training,22,221,0,0.0,0.0,0.0,0.0
P2,R03,training,22,222,0,0.0,0.0,0.0,0.0
P2,R03,training,22,223,0,0.0,0.0,0.0,0.0
P2,R03,training,22,224,0,0.0,0.0,0.0,0.0
P2,R03,training,22,225,0,0.0,0.0,0.0,0.0
P2,R03,training,22,226,0,0.0,0.0,0.0,0.0
P2,R03,training,22,227,0,0.0,0.0,0.0,0.0
P2,R03,training,22,228,0,0.0,0.0,0.0,0.0
P2,R03,training,22,229,0,0.0,0.0,0.0,0.0
P2,R03,training,22,230,0,0.0,0.0,0.0,0.0
P2,R03,training,22,231,0,0.0,0.0,0.0,0.0
P2,R03,training,22,232,0,0.0,0.0,0.0,0.0
P2,R03,training,22,233,0,0.0,0.0,0.0,0.0
P2,R03,training,22,234,0,0.0,0.0,0.0,0.0
P2,R03,training,22,235,0,0.0,0.0,0.0,0.0
P2,R03,training,22,236,0,0.0,0.0,0.0,0.0
P2,R03,training,22,237,0,0.0,0.0,0.0,0.0
P2,R03,training,22,238,0,0.0,0.0,0.0,0.0
P2,R03,training,22,239,0,0.0,0.0,0.0,0.0
P2,R03,training,22,240,0,0.0,0.0,0.0,0.0
P2,R03,training,22,241,0,0.0,0.0,0.0,0.0
P2,R03,training,22,242,0,0.0,0.0,0.0,0.0
P2,R03,training,22,243,0,0.0,0.0,0.0,0.0
P2,R03,training,22,244,0,0.0,0.0,0.0,0.0
P2,R03,training,22,245,0,0.0,0.0,0.0,0.0
P2,R03,training,22,246,0,0.0,0.0,0.0,0.0
P2,R03,training,22,247,0,0.0,0.0,0.0,0.0
P2,R03,training,22,248,0,0.0,0.0,0.0,0.0
P2,R03,training,22,249,0,0.0,0.0,0.0,0.0
P2,R03,training,22,250,0,0.0,0.0,0.0,0.0
P2,R03,training,22,251,0,0.0,0.0,0.0,0.0
P2,R03,training,22,252,0,0.0,0.0,0.0,0.0
P2,R03,training,22,253,0,0.0,0.0,0.0,0.0
P2,R03,training,22,254,0,0.0,0.0,0.0,0.0
P2,R03,training,22,255,0,0.0,0.0,0.0,0.0
P2,R03,training,22,256,0,0.0,0.0,0.0,0.0
P2,R03,training,22,257,0,0.0,0.0,0.0,0.0
P2,R03,training,22,258,0,0.0,0.0,0.0,0.0
P2,R03,training,22,259,0,0.0,0.0,0.0,0.0
P2,R03,training,22,260,0,0.0,0.0,0.0,0.0
P2,R03,training,22,261,0,0.0,0.0,0.0,0.0
P2,R03,training,22,262,0,0.0,0.0,0.0,0.0
P2,R03,training,22,263,0,0.0,0.0,0.0,0.0
P2,R03,training,22,264,0,0.0,0.0,0.0,0.0
P2,R03,training,22,265,0,0.0,0.0,0.0,0.0
P2,R03,training,22,266,0,0.0,0.0,0.0,0.0
P2,R03,training,22,267,0,0.0,0.0,0.0,0.0
P2,R03,training,22,268,0,0.0,0.0,0.0,0.0
P2,R03,training,22,269,0,0.0,0.0,0.0,0.0
P2,R03,training,22,270,0,0.0,0.0,0.0,0.0
P2,R03,training,22,271,0,0.0,0.0,0.0,0.0
P2,R03,training,22,272,0,0.0,0.0,0.0,0.0
P2,R03,training,22,273,0,0.0,0.0,0.0,0.0
P2,R03,training,22,274,0,0.0,0.0,0.0,0.0
P2,R03,training,22,275,0,0.0,0.0,0.0,0.0
P2,R03,training,22,276,0,0.0,0.0,0.0,0.0
P2,R03,training,22,277,0,0.0,0.0,0.0,0.0
P2,R03,training,22,278,0,0.0,0.0,0.0,0.0
P2,R03,training,22,279,0,0.0,0.0,0.0,0.0
P2,R03,training,22,280,0,0.0,0.0,0.0,0.0
P2,R03,training,22,281,0,0.0,0.0,0.0,0.0
P2,R03,training,22,282,0,0.0,0.0,0.0,0.0
P2,R03,training,22,283,0,0.0,0.0,0.0,0.0
P2,R03,training,22,284,0,0.0,0.0,0.0,0.0
P2,R03,training,22,285,0,0.0,0.0,0.0,0.0
P2,R03,training,22,286,0,0.0,0.0,0.0,0.0
P2,R03,training,22,287,0,0.0,0.0,0.0,0.0
P2,R03,training,22,288,0,0.0,0.0,0.0,0.0
P2,R03,training,22,289,0,0.0,0.0,0.0,0.0
P2,R03,training,22,290,0,0.0,0.0,0.0,0.0
P2,R03,training,22,291,0,0.0,0.0,0.0,0.0
P2,R03,training,22,292,0,0.0,0.0,0.0,0.0
P2,R03,training,22,293,0,0.0,0.0,0.0,0.0
P2,R03,training,22,294,0,0.0,0.0,0.0,0.0
P2,R03,training,22,295,0,0.0,0.0,0.0,0.0
P2,R03,training,22,296,0,0.0,0.0,0.0,0.0
P2,R03,training,22,297,0,0.0,0.0,0.0,0.0
P2,R03,training,22,298,0,0.0,0.0,0.0,0.0
P2,R03,training,22,299,0,0.0,0.0,0.0,0.0
P2,R03,training,22,300,0,0.0,0.0,0.0,0.0
P2,R03,training,22,301,0,0.0,0.0,0.0,0.0
P2,R03,training,22,302,0,0.0,0.0,0.0,0.0
P2,R03,training,22,303,0,0.0,0.0,0.0,0.0
P2,R03,training,22,304,0,0.0,0.0,0.0,0.0
P2,R03,training,22,305,0,0.0,0.0,0.0,0.0
P2,R03,training,22,306,0,0.0,0.0,0.0,0.0
P2,R03,training,22,307,0,0.0,0.0,0.0,0.0
P2,R03,training,22,308,0,0.0,0.0,0.0,0.0
P2,R03,training,22,309,0,0.0,0.0,0.0,0.0
P2,R03,training,22,310,0,0.0,0.0,0.0,0.0
P2,R03,training,22,311,0,0.0,0.0,0.0,0.0
P2,R03,training,22,312,0,0.0,0.0,0.0,0.0
P2,R03,training,22,313,0,0.0,0.0,0.0,0.0
P2,R03,training,22,314,0,0.0,0.0,0.0,0.0
P2,R03,training,22,315,0,0.0,0.0,0.0,0.0
P2,R03,training,22,316,0,0.0,0.0,0.0,0.0
P2,R03,training,22,317,0,0.0,0.0,0.0,0.0
P2,R03,training,22,318,0,0.0,0.0,0.0,0.0
P2,R03,training,22,319,0,0.0,0.0,0.0,0.0
P2,R03,training,22,320,0,0.0,0.0,0.0,0.0
P2,R03,training,22,321,0,0.0,0.0,0.0,0.0
P2,R03,training,22,322,0,0.0,0.0,0.0,0.0
P2,R03,training,22,323,0,0.0,0.0,0.0,0.0
P2,R03,training,22,324,0,0.0,0.0,0.0,0.0
P2,R03,training,22,325,0,0.0,0.0,0.0,0.0
P2,R03,training,22,326,0,0.0,0.0,0.0,0.0
P2,R03,training,22,327,0,0.0,0.0,0.0,0.0
P2,R03,training,22,328,0,0.0,0.0,0.0,0.0
P2,R03,training,22,329,0,0.0,0.0,0.0,0.0
P2,R03,training,22,330,0,0.0,0.0,0.0,0.0
P2,R03,training,22,331,0,0.0,0.0,0.0,0.0
P2,R03,training,22,332,0,0.0,0.0,0.0,0.0
P2,R03,training,22,333,0,0.0,0.0,0.0,0.0
P2,R03,training,22,334,0,0.0,0.0,0.0,0.0
P2,R03,training,22,335,0,0.0,0.0,0.0,0.0
P2,R03,training,22,336,0,0.0,0.0,0.0,0.0
P2,R03,training,22,337,0,0.0,0.0,0.0,0.0
P2,R03,training,22,338,0,0.0,0.0,0.0,0.0
P2,R03,training,22,339,0,0.0,0.0,0.0,0.0
P2,R03,training,22,340,0,0.0,0.0,0.0,0.0
P2,R03,training,22,341,0,0.0,0.0,0.0,0.0
P2,R03,training,22,342,0,0.0,0.0,0.0,0.0
P2,R03,training,22,343,0,0.0,0.0,0.0,0.0
P2,R03,training,22,344,0,0.0,0.0,0.0,0.0
P2,R03,training,22,345,0,0.0,0.0,0.0,0.0
P2,R03,training,22,346,0,0.0,0.0,0.0,0.0
P2,R03,training,22,347,0,0.0,0.0,0.0,0.0
P2,R03,training,22,348,0,0.0,0.0,0.0,0.0
P2,R03,training,22,349,0,0.0,0.0,0.0,0.0
P2,R03,training,22,350,0,0.0,0.0,0.0,0.0
P2,R03,training,22,351,0,0.0,0.0,0.0,0.0
P2,R03,training,22,352,0,0.0,0.0,0.0,0.0
P2,R03,training,22,353,0,0.0,0.0,0.0,0.0
P2,R03,training,22,354,0,0.0,0.0,0.0,0.0
P2,R03,training,22,355,0,0.0,0.0,0.0,0.0
P2,R03,training,22,356,0,0.0,0.0,0.0,0.0
P2,R03,training,22,357,0,0.0,0.0,0.0,0.0
P2,R03,training,22,358,0,0.0,0.0,0.0,0.0
P2,R03,training,22,359,0,0.0,0.0,0.0,0.0
P2,R03,training,22,360,0,0.0,0.0,0.0,0.0
P2,R03,training,22,361,0,0.0,0.0,0.0,0.0
P2,R03,training,22,362,0,0.0,0.0,0.0,0.0
P2,R03,training,22,363,0,0.0,0.0,0.0,0.0
P2,R03,training,22,364,0,0.0,0.0,0.0,0.0
P2,R03,training,22,365,0,0.0,0.0,0.0,0.0
P2,R03,training,22,366,0,0.0,0.0,0.0,0.0
P2,R03,training,22,367,0,0.0,0.0,0.0,0.0
P2,R03,training,22,368,0,0.0,0.0,0.0,0.0
P2,R03,training,22,369,0,0.0,0.0,0.0,0.0
P2,R03,training,22,370,0,0.0,0.0,0.0,0.0
P2,R03,training,22,371,0,0.0,0.0,0.0,0.0
P2,R03,training,22,372,0,0.0,0.0,0.0,0.0
P2,R03,training,22,373,0,0.0,0.0,0.0,0.0
P2,R03,training,22,374,0,0.0,0.0,0.0,0.0
P2,R03,training,22,375,0,0.0,0.0,0.0,0.0
P2,R03,training,22,376,0,0.0,0.0,0.0,0.0
P2,R03,training,22,377,0,0.0,0.0,0.0,0.0
P2,R03,training,22,378,0,0.0,0.0,0.0,0.0
P2,R03,training,22,379,0,0.0,0.0,0.0,0.0
P2,R03,training,22,380,0,0.0,0.0,0.0,0.0
P2,R03,training,22,381,0,0.0,0.0,0.0,0.0
P2,R03,training,22,382,0,0.0,0.0,0.0,0.0
P2,R03,training,22,383,0,0.0,0.0,0.0,0.0
P2,R03,training,22,384,0,0.0,0.0,0.0,0.0
P2,R03,training,22,385,0,0.0,0.0,0.0,0.0
P2,R03,training,22,386,0,0.0,0.0,0.0,0.0
P2,R03,training,22,387,0,0.0,0.0,0.0,0.0
P2,R03,training,22,388,0,0.0,0.0,0.0,0.0
P2,R03,training,22,389,0,0.0,0.0,0.0,0.0
P2,R03,training,22,390,0,0.0,0.0,0.0,0.0
P2,R03,training,22,391,0,0.0,0.0,0.0,0.0
P2,R03,training,22,392,0,0.0,0.0,0.0,0.0
P2,R03,training,22,393,0,0.0,0.0,0.0,0.0
P2,R03,training,22,394,0,0.0,0.0,0.0,0.0
P2,R03,training,22,395,0,0.0,0.0,0.0,0.0
P2,R03,training,22,396,0,0.0,0.0,0.0,0.0
P2,R03,training,22,397,0,0.0,0.0,0.0,0.0
P2,R03,training,22,398,0,0.0,0.0,0.0,0.0
P2,R03,training,22,399,0,0.0,0.0,0.0,0.0
P2,R03,training,22,400,0,0.0,0.0,0.0,0.0
P2,R03,training,22,401,0,0.0,0.0,0.0,0.0
P2,R03,training,22,402,0,0.0,0.0,0.0,0.0
P2,R03,training,22,403,0,0.0,0.0,0.0,0.0
P2,R03,training,22,404,0,0.0,0.0,0.0,0.0
P2,R03,training,22,405,0,0.0,0.0,0.0,0.0
P2,R03,training,22,406,0,0.0,0.0,0.0,0.0
P2,R03,training,22,407,0,0.0,0.0,0.0,0.0
P2,R03,training,22,408,0,0.0,0.0,0.0,0.0
P2,R03,training,22,409,0,0.0,0.0,0.0,0.0
P2,R03,training,22,410,0,0.0,0.0,0.0,0.0
P2,R03,training,22,411,0,0.0,0.0,0.0,0.0
P2,R03,training,22,412,0,0.0,0.0,0.0,0.0
P2,R03,training,22,413,0,0.0,0.0,0.0,0.0
P2,R03,training,22,414,0,0.0,0.0,0.0,0.0
P2,R03,training,22,415,0,0.0,0.0,0.0,0.0
P2,R03,training,22,416,0,0.0,0.0,0.0,0.0
P2,R03,training,22,417,0,0.0,0.0,0.0,0.0
P2,R03,training,22,418,0,0.0,0.0,0.0,0.0
P2,R03,training,22,419,0,0.0,0.0,0.0,0.0
P2,R03,training,22,420,0,0.0,0.0,0.0,0.0
P2,R03,training,22,421,0,0.0,0.0,0.0,0.0
P2,R03,training,22,422,0,0.0,0.0,0.0,0.0
P2,R03,training,22,423,0,0.0,0.0,0.0,0.0
P2,R03,training,22,424,0,0.0,0.0,0.0,0.0
P2,R03,training,22,425,0,0.0,0.0,0.0,0.0
P2,R03,training,22,426,0,0.0,0.0,0.0,0.0
P2,R03,training,22,427,0,0.0,0.0,0.0,0.0
P2,R03,training,22,428,0,0.0,0.0,0.0,0.0
P2,R03,training,22,429,0,0.0,0.0,0.0,0.0
P2,R03,training,22,430,0,0.0,0.0,0.0,0.0
P2,R03,training,22,431,0,0.0,0.0,0.0,0.0
P2,R03,training,22,432,0,0.0,0.0,0.0,0.0
P2,R03,training,22,433,0,0.0,0.0,0.0,0.0
P2,R03,training,22,434,0,0.0,0.0,0.0,0.0
P2,R03,training,22,435,0,0.0,0.0,0.0,0.0
P2,R03,training,22,436,0,0.0,0.0,0.0,0.0
P2,R03,training,22,437,0,0.0,0.0,0.0,0.0
P2,R03,training,22,438,0,0.0,0.0,0.0,0.0
P2,R03,training,22,439,0,0.0,0.0,0.0,0.0
P2,R03,training,22,440,0,0.0,0.0,0.0,0.0
P2,R03,training,22,441,0,0.0,0.0,0.0,0.0
P2,R03,training,22,442,0,0.0,0.0,0.0,0.0
P2,R03,training,22,443,0,0.0,0.0,0.0,0.0
P2,R03,training,22,444,0,0.0,0.0,0.0,0.0
P2,R03,training,22,445,0,0.0,0.0,0.0,0.0
P2,R03,training,22,446,0,0.0,0.0,0.0,0.0
P2,R03,training,22,447,0,0.0,0.0,0.0,0.0
P2,R03,training,22,448,0,0.0,0.0,0.0,0.0
P2,R03,training,22,449,0,0.0,0.0,0.0,0.0
P2,R03,training,22,450,0,0.0,0.0,0.0,0.0
P2,R03,training,22,451,0,0.0,0.0,0.0,0.0
P2,R03,training,22,452,0,0.0,0.0,0.0,0.0
P2,R03,training,22,453,0,0.0,0.0,0.0,0.0
P2,R03,training,22,454,0,0.0,0.0,0.0,0.0
P2,R03,training,22,455,0,0.0,0.0,0.0,0.0
P2,R03,training,22,456,0,0.0,0.0,0.0,0.0
P2,R03,training,22,457,0,0.0,0.0,0.0,0.0
P2,R03,training,22,458,0,0.0,0.0,0.0,0.0
P2,R03,training,22,459,0,0.0,0.0,0.0,0.0
P2,R03,training,22,460,0,0.0,0.0,0.0,0.0
P2,R03,training,22,461,0,0.0,0.0,0.0,0.0
P2,R03,training,22,462,0,0.0,0.0,0.0,0.0
P2,R03,training,22,463,0,0.0,0.0,0.0,0.0
P2,R03,training,22,464,0,0.0,0.0,0.0,0.0
P2,R03,training,22,465,0,0.0,0.0,0.0,0.0
P2,R03,training,22,466,0,0.0,0.0,0.0,0.0
P2,R03,training,22,467,0,0.0,0.0,0.0,0.0
P2,R03,training,22,468,0,0.0,0.0,0.0,0.0
P2,R03,training,22,469,0,0.0,0.0,0.0,0.0
P2,R03,training,22,470,0,0.0,0.0,0.0,0.0
P2,R03,training,22,471,0,0.0,0.0,0.0,0.0
P2,R03,training,22,472,0,0.0,0.0,0.0,0.0
P2,R03,training,22,473,0,0.0,0.0,0.0,0.0
P2,R03,training,22,474,0,0.0,0.0,0.0,0.0
P2,R03,training,22,475,0,0.0,0.0,0.0,0.0
P2,R03,training,22,476,0,0.0,0.0,0.0,0.0
P2,R03,training,22,477,0,0.0,0.0,0.0,0.0
P2,R03,training,22,478,0,0.0,0.0,0.0,0.0
P2,R03,training,22,479,0,0.0,0.0,0.0,0.0
P2,R03,training,22,480,0,0.0,0.0,0.0,0.0
P2,R03,training,22,481,0,0.0,0.0,0.0,0.0
P2,R03,training,22,482,0,0.0,0.0,0.0,0.0
P2,R03,training,22,483,0,0.0,0.0,0.0,0.0
P2,R03,training,22,484,0,0.0,0.0,0.0,0.0
P2,R03,training,22,485,0,0.0,0.0,0.0,0.0
P2,R03,training,22,486,0,0.0,0.0,0.0,0.0
P2,R03,training,22,487,0,0.0,0.0,0.0,0.0
P2,R03,training,22,488,0,0.0,0.0,0.0,0.0
P2,R03,training,22,489,0,0.0,0.0,0.0,0.0
P2,R03,training,22,490,0,0.0,0.0,0.0,0.0
P2,R03,training,22,491,0,0.0,0.0,0.0,0.0
P2,R03,training,22,492,0,0.0,0.0,0.0,0.0
P2,R03,training,22,493,0,0.0,0.0,0.0,0.0
P2,R03,training,22,494,0,0.0,0.0,0.0,0.0
P2,R03,training,22,495,0,0.0,0.0,0.0,0.0
P2,R03,training,22,496,0,0.0,0.0,0.0,0.0
P2,R03,training,22,497,0,0.0,0.0,0.0,0.0
P2,R03,training,22,498,0,0.0,0.0,0.0,0.0
P2,R03,training,22,499,0,0.0,0.0,0.0,0.0
P2,R03,training,22,500,0,0.0,0.0,0.0,0.0
P2,R03,training,22,501,0,0.0,0.0,0.0,0.0
P2,R03,training,22,502,0,0.0,0.0,0.0,0.0
P2,R03,training,22,503,0,0.0,0.0,0.0,0.0
P2,R03,training,22,504,0,0.0,0.0,0.0,0.0
P2,R03,training,22,505,0,0.0,0.0,0.0,0.0
P2,R03,training,22,506,0,0.0,0.0,0.0,0.0
P2,R03,training,22,507,0,0.0,0.0,0.0,0.0
P2,R03,training,22,508,0,0.0,0.0,0.0,0.0
P2,R03,training,22,509,0,0.0,0.0,0.0,0.0
P2,R03,training,22,510,0,0.0,0.0,0.0,0.0
P2,R03,training,22,511,0,0.0,0.0,0.0,0.0
P2,R03,training,22,512,0,0.0,0.0,0.0,0.0
P2,R03,training,22,513,0,0.0,0.0,0.0,0.0
P2,R03,training,22,514,0,0.0,0.0,0.0,0.0
P2,R03,training,22,515,0,0.0,0.0,0.0,0.0
P2,R03,training,22,516,0,0.0,0.0,0.0,0.0
P2,R03,training,22,517,0,0.0,0.0,0.0,0.0
P2,R03,training,22,518,0,0.0,0.0,0.0,0.0
P2,R03,training,22,519,0,0.0,0.0,0.0,0.0
P2,R03,training,22,520,0,0.0,0.0,0.0,0.0
P2,R03,training,22,521,0,0.0,0.0,0.0,0.0
P2,R03,training,22,522,0,0.0,0.0,0.0,0.0
P2,R03,training,22,523,0,0.0,0.0,0.0,0.0
P2,R03,training,22,524,0,0.0,0.0,0.0,0.0
P2,R03,training,22,525,0,0.0,0.0,0.0,0.0
P2,R03,training,22,526,0,0.0,0.0,0.0,0.0
P2,R03,training,22,527,0,0.0,0.0,0.0,0.0
P2,R03,training,22,528,0,0.0,0.0,0.0,0.0
P2,R03,training,22,529,0,0.0,0.0,0.0,0.0
P2,R03,training,22,530,0,0.0,0.0,0.0,0.0
P2,R03,training,22,531,0,0.0,0.0,0.0,0.0
P2,R03,training,22,532,0,0.0,0.0,0.0,0.0
P2,R03,training,22,533,0,0.0,0.0,0.0,0.0
P2,R03,training,22,534,0,0.0,0.0,0.0,0.0
P2,R03,training,22,535,0,0.0,0.0,0.0,0.0
P2,R03,training,22,536,0,0.0,0.0,0.0,0.0
P2,R03,training,22,537,0,0.0,0.0,0.0,0.0
P2,R03,training,22,538,0,0.0,0.0,0.0,0.0
P2,R03,training,22,539,0,0.0,0.0,0.0,0.0
P2,R03,training,22,540,0,0.0,0.0,0.0,0.0
P2,R03,training,22,541,0,0.0,0.0,0.0,0.0
P2,R03,training,22,542,0,0.0,0.0,0.0,0.0
P2,R03,training,22,543,0,0.0,0.0,0.0,0.0
P2,R03,training,22,544,0,0.0,0.0,0.0,0.0
P2,R03,training,22,545,0,0.0,0.0,0.0,0.0
P2,R03,training,22,546,0,0.0,0.0,0.0,0.0
P2,R03,training,22,547,0,0.0,0.0,0.0,0.0
P2,R03,training,22,548,0,0.0,0.0,0.0,0.0
P2,R03,training,22,549,0,0.0,0.0,0.0,0.0
P2,R03,training,22,550,0,0.0,0.0,0.0,0.0
P2,R03,training,22,551,0,0.0,0.0,0.0,0.0
P2,R03,training,22,552,0,0.0,0.0,0.0,0.0
P2,R03,training,22,553,0,0.0,0.0,0.0,0.0
P2,R03,training,22,554,0,0.0,0.0,0.0,0.0
P2,R03,training,22,555,0,0.0,0.0,0.0,0.0
P2,R03,training,22,556,0,0.0,0.0,0.0,0.0
P2,R03,training,22,557,0,0.0,0.0,0.0,0.0
P2,R03,training,22,558,0,0.0,0.0,0.0,0.0
P2,R03,training,22,559,0,0.0,0.0,0.0,0.0
P2,R03,training,22,560,0,0.0,0.0,0.0,0.0
P2,R03,training,22,561,0,0.0,0.0,0.0,0.0
P2,R03,training,22,562,0,0.0,0.0,0.0,0.0
P2,R03,training,22,563,0,0.0,0.0,0.0,0.0
P2,R03,training,22,564,0,0.0,0.0,0.0,0.0
P2,R03,training,22,565,0,0.0,0.0,0.0,0.0
P2,R03,training,22,566,0,0.0,0.0,0.0,0.0
P2,R03,training,22,567,0,0.0,0.0,0.0,0.0
P2,R03,training,22,568,0,0.0,0.0,0.0,0.0
P2,R03,training,22,569,0,0.0,0.0,0.0,0.0
P2,R03,training,22,570,0,0.0,0.0,0.0,0.0
P2,R03,training,22,571,0,0.0,0.0,0.0,0.0
P2,R03,training,22,572,0,0.0,0.0,0.0,0.0
P2,R03,training,22,573,0,0.0,0.0,0.0,0.0
P2,R03,training,22,574,0,0.0,0.0,0.0,0.0
P2,R03,training,22,575,0,0.0,0.0,0.0,0.0
P2,R03,training,22,576,0,0.0,0.0,0.0,0.0
P2,R03,training,22,577,0,0.0,0.0,0.0,0.0
P2,R03,training,22,578,0,0.0,0.0,0.0,0.0
P2,R03,training,22,579,0,0.0,0.0,0.0,0.0
P2,R03,training,22,580,0,0.0,0.0,0.0,0.0
P2,R03,training,22,581,0,0.0,0.0,0.0,0.0
P2,R03,training,22,582,0,0.0,0.0,0.0,0.0
P2,R03,training,22,583,0,0.0,0.0,0.0,0.0
P2,R03,training,22,584,0,0.0,0.0,0.0,0.0
P2,R03,training,22,585,0,0.0,0.0,0.0,0.0
P2,R03,training,22,586,0,0.0,0.0,0.0,0.0
P2,R03,training,22,587,0,0.0,0.0,0.0,0.0
P2,R03,training,22,588,0,0.0,0.0,0.0,0.0
P2,R03,training,22,589,0,0.0,0.0,0.0,0.0
P2,R03,training,22,590,0,0.0,0.0,0.0,0.0
P2,R03,training,22,591,0,0.0,0.0,0.0,0.0
P2,R03,training,22,592,0,0.0,0.0,0.0,0.0
P2,R03,training,22,593,0,0.0,0.0,0.0,0.0
P2,R03,training,22,594,0,0.0,0.0,0.0,0.0
P2,R03,training,22,595,0,0.0,0.0,0.0,0.0
P2,R03,training,22,596,0,0.0,0.0,0.0,0.0
P2,R03,training,22,597,0,0.0,0.0,0.0,0.0
P2,R03,training,22,598,0,0.0,0.0,0.0,0.0
P2,R03,training,22,599,0,0.0,0.0,0.0,0.0
P2,R03,training,22,600,0,0.0,0.0,0.0,0.0
P2,R03,training,22,601,0,0.0,0.0,0.0,0.0
P2,R03,training,22,602,0,0.0,0.0,0.0,0.0
P2,R03,training,22,603,0,0.0,0.0,0.0,0.0
P2,R03,training,22,604,0,0.0,0.0,0.0,0.0
P2,R03,training,22,605,0,0.0,0.0,0.0,0.0
P2,R03,training,22,606,0,0.0,0.0,0.0,0.0
P2,R03,training,22,607,0,0.0,0.0,0.0,0.0
P2,R03,training,22,608,0,0.0,0.0,0.0,0.0
P2,R03,training,22,609,0,0.0,0.0,0.0,0.0
P2,R03,training,22,610,0,0.0,0.0,0.0,0.0
P2,R03,training,22,611,0,0.0,0.0,0.0,0.0
P2,R03,training,22,612,0,0.0,0.0,0.0,0.0
P2,R03,training,22,613,0,0.0,0.0,0.0,0.0
P2,R03,training,22,614,0,0.0,0.0,0.0,0.0
P2,R03,training,22,615,0,0.0,0.0,0.0,0.0
P2,R03,training,22,616,0,0.0,0.0,0.0,0.0
P2,R03,training,22,617,0,0.0,0.0,0.0,0.0
P2,R03,training,22,618,0,0.0,0.0,0.0,0.0
P2,R03,training,22,619,0,0.0,0.0,0.0,0.0
P2,R03,training,22,620,0,0.0,0.0,0.0,0.0
P2,R03,training,22,621,0,0.0,0.0,0.0,0.0
P2,R03,training,22,622,0,0.0,0.0,0.0,0.0
P2,R03,training,22,623,0,0.0,0.0,0.0,0.0
P2,R03,training,22,624,0,0.0,0.0,0.0,0.0
P2,R03,training,22,625,0,0.0,0.0,0.0,0.0
P2,R03,training,22,626,0,0.0,0.0,0.0,0.0
P2,R03,training,22,627,0,0.0,0.0,0.0,0.0
P2,R03,training,22,628,0,0.0,0.0,0.0,0.0
P2,R03,training,22,629,0,0.0,0.0,0.0,0.0
P2,R03,training,22,630,0,0.0,0.0,0.0,0.0
P2,R03,training,22,631,0,0.0,0.0,0.0,0.0
P2,R03,training,22,632,0,0.0,0.0,0.0,0.0
P2,R03,training,22,633,0,0.0,0.0,0.0,0.0
P2,R03,training,22,634,0,0.0,0.0,0.0,0.0
P2,R03,training,22,635,0,0.0,0.0,0.0,0.0
P2,R03,training,22,636,0,0.0,0.0,0.0,0.0
P2,R03,training,22,637,0,0.0,0.0,0.0,0.0
P2,R03,training,22,638,0,0.0,0.0,0.0,0.0
P2,R03,training,22,639,0,0.0,0.0,0.0,0.0
P2,R03,training,22,640,0,0.0,0.0,0.0,0.0
P2,R03,training,22,641,0,0.0,0.0,0.0,0.0
P2,R03,training,22,642,0,0.0,0.0,0.0,0.0
P2,R03,training,22,643,0,0.0,0.0,0.0,0.0
P2,R03,training,22,644,0,0.0,0.0,0.0,0.0
P2,R03,training,22,645,0,0.0,0.0,0.0,0.0
P2,R03,training,22,646,0,0.0,0.0,0.0,0.0
P2,R03,training,22,647,0,0.0,0.0,0.0,0.0
P2,R03,training,22,648,0,0.0,0.0,0.0,0.0
P2,R03,training,22,649,0,0.0,0.0,0.0,0.0
P2,R03,training,22,650,0,0.0,0.0,0.0,0.0
P2,R03,training,22,651,0,0.0,0.0,0.0,0.0
P2,R03,training,22,652,0,0.0,0.0,0.0,0.0
P2,R03,training,22,653,0,0.0,0.0,0.0,0.0
P2,R03,training,22,654,0,0.0,0.0,0.0,0.0
P2,R03,training,22,655,0,0.0,0.0,0.0,0.0
P2,R03,training,22,656,0,0.0,0.0,0.0,0.0
P2,R03,training,22,657,0,0.0,0.0,0.0,0.0
P2,R03,training,22,658,0,0.0,0.0,0.0,0.0
P2,R03,training,22,659,0,0.0,0.0,0.0,0.0
P2,R03,training,22,660,0,0.0,0.0,0.0,0.0
P2,R03,training,22,661,0,0.0,0.0,0.0,0.0
P2,R03,training,22,662,0,0.0,0.0,0.0,0.0
P2,R03,training,22,663,0,0.0,0.0,0.0,0.0
P2,R03,training,22,664,0,0.0,0.0,0.0,0.0
P2,R03,training,22,665,0,0.0,0.0,0.0,0.0
P2,R03,training,22,666,0,0.0,0.0,0.0,0.0
P2,R03,training,22,667,0,0.0,0.0,0.0,0.0
P2,R03,training,22,668,0,0.0,0.0,0.0,0.0
P2,R03,training,22,669,0,0.0,0.0,0.0,0.0
P2,R03,training,22,670,0,0.0,0.0,0.0,0.0
P2,R03,training,22,671,0,0.0,0.0,0.0,0.0
P2,R03,training,22,672,0,0.0,0.0,0.0,0.0
P2,R03,training,22,673,0,0.0,0.0,0.0,0.0
P2,R03,training,22,674,0,0.0,0.0,0.0,0.0
P2,R03,training,22,675,0,0.0,0.0,0.0,0.0
P2,R03,training,22,676,0,0.0,0.0,0.0,0.0
P2,R03,training,22,677,0,0.0,0.0,0.0,0.0
P2,R03,training,22,678,0,0.0,0.0,0.0,0.0
P2,R03,training,22,679,0,0.0,0.0,0.0,0.0
P2,R03,training,22,680,0,0.0,0.0,0.0,0.0
P2,R03,training,22,681,0,0.0,0.0,0.0,0.0
P2,R03,training,22,682,0,0.0,0.0,0.0,0.0
P2,R03,training,22,683,0,0.0,0.0,0.0,0.0
P2,R03,training,22,684,0,0.0,0.0,0.0,0.0
P2,R03,training,22,685,0,0.0,0.0,0.0,0.0
P2,R03,training,22,686,0,0.0,0.0,0.0,0.0
P2,R03,training,22,687,0,0.0,0.0,0.0,0.0
P2,R03,training,22,688,0,0.0,0.0,0.0,0.0
P2,R03,training,22,689,0,0.0,0.0,0.0,0.0
P2,R03,training,22,690,0,0.0,0.0,0.0,0.0
P2,R03,training,22,691,0,0.0,0.0,0.0,0.0
P2,R03,training,22,692,0,0.0,0.0,0.0,0.0
P2,R03,training,22,693,0,0.0,0.0,0.0,0.0
P2,R03,training,22,694,0,0.0,0.0,0.0,0.0
P2,R03,training,22,695,0,0.0,0.0,0.0,0.0
P2,R03,training,22,696,0,0.0,0.0,0.0,0.0
P2,R03,training,22,697,0,0.0,0.0,0.0,0.0
P2,R03,training,22,698,0,0.0,0.0,0.0,0.0
P2,R03,training,22,699,0,0.0,0.0,0.0,0.0
P2,R03,training,22,700,0,0.0,0.0,0.0,0.0
P2,R03,training,22,701,0,0.0,0.0,0.0,0.0
P2,R03,training,22,702,0,0.0,0.0,0.0,0.0
P3,R03,training,22,0,0,0.0,0.0,0.0,0.0
P3,R03,training,22,1,0,0.0,0.0,0.0,0.0
P3,R03,training,22,2,0,0.0,0.0,0.0,0.0
P3,R03,training,22,3,0,0.0,0.0,0.0,0.0
P3,R03,training,22,4,0,0.0,0.0,0.0,0.0
P3,R03,training,22,5,0,0.0,0.0,0.0,0.0
P3,R03,training,22,6,0,0.0,0.0,0.0,0.0
P3,R03,training,22,7,0,0.0,0.0,0.0,0.0
P3,R03,training,22,8,0,0.0,0.0,0.0,0.0
P3,R03,training,22,9,0,0.0,0.0,0.0,0.0
P3,R03,training,22,10,0,0.0,0.0,0.0,0.0
P3,R03,training,22,11,0,0.0,0.0,0.0,0.0
P3,R03,training,22,12,0,0.0,0.0,0.0,0.0
P3,R03,training,22,13,0,0.0,0.0,0.0,0.0
P3,R03,training,22,14,0,0.0,0.0,0.0,0.0
P3,R03,training,22,15,0,0.0,0.0,0.0,0.0
P3,R03,training,22,16,0,0.0,0.0,0.0,0.0
P3,R03,training,22,17,0,0.0,0.0,0.0,0.0
P3,R03,training,22,18,0,0.0,0.0,0.0,0.0
P3,R03,training,22,19,0,0.0,0.0,0.0,0.0
P3,R03,training,22,20,0,0.0,0.0,0.0,0.0
P3,R03,training,22,21,0,0.0,0.0,0.0,0.0
P3,R03,training,22,22,0,0.0,0.0,0.0,0.0
P3,R03,training,22,23,0,0.0,0.0,0.0,0.0
P3,R03,training,22,24,0,0.0,0.0,0.0,0.0
P3,R03,training,22,25,0,0.0,0.0,0.0,0.0
P3,R03,training,22,26,0,0.0,0.0,0.0,0.0
P3,R03,training,22,27,0,0.0,0.0,0.0,0.0
P3,R03,training,22,28,0,0.0,0.0,0.0,0.0
P3,R03,training,22,29,0,0.0,0.0,0.0,0.0
P3,R03,training,22,30,0,0.0,0.0,0.0,0.0
P3,R03,training,22,31,0,0.0,0.0,0.0,0.0
P3,R03,training,22,32,0,0.0,0.0,0.0,0.0
P3,R03,training,22,33,0,0.0,0.0,0.0,0.0
P3,R03,training,22,34,0,0.0,0.0,0.0,0.0
P3,R03,training,22,35,0,0.0,0.0,0.0,0.0
P3,R03,training,22,36,0,0.0,0.0,0.0,0.0
P3,R03,training,22,37,0,0.0,0.0,0.0,0.0
P3,R03,training,22,38,0,0.0,0.0,0.0,0.0
P3,R03,training,22,39,0,0.0,0.0,0.0,0.0
P3,R03,training,22,40,0,0.0,0.0,0.0,0.0
P3,R03,training,22,41,0,0.0,0.0,0.0,0.0
P3,R03,training,22,42,0,0.0,0.0,0.0,0.0
P3,R03,training,22,43,0,0.0,0.0,0.0,0.0
P3,R03,training,22,44,0,0.0,0.0,0.0,0.0
P3,R03,training,22,45,0,0.0,0.0,0.0,0.0
P3,R03,training,22,46,0,0.0,0.0,0.0,0.0
P3,R03,training,22,47,0,0.0,0.0,0.0,0.0
P3,R03,training,22,48,0,0.0,0.0,0.0,0.0
P3,R03,training,22,49,0,0.0,0.0,0.0,0.0
P3,R03,training,22,50,0,0.0,0.0,0.0,0.0
P3,R03,training,22,51,0,0.0,0.0,0.0,0.0
P3,R03,training,22,52,0,0.0,0.0,0.0,0.0
P3,R03,training,22,53,0,0.0,0.0,0.0,0.0
P3,R03,training,22,54,0,0.0,0.0,0.0,0.0
P3,R03,training,22,55,0,0.0,0.0,0.0,0.0
P3,R03,training,22,56,0,0.0,0.0,0.0,0.0
P3,R03,training,22,57,0,0.0,0.0,0.0,0.0
P3,R03,training,22,58,0,0.0,0.0,0.0,0.0
P3,R03,training,22,59,0,0.0,0.0,0.0,0.0
P3,R03,training,22,60,0,0.0,0.0,0.0,0.0
P3,R03,training,22,61,0,0.0,0.0,0.0,0.0
P3,R03,training,22,62,0,0.0,0.0,0.0,0.0
P3,R03,training,22,63,0,0.0,0.0,0.0,0.0
P3,R03,training,22,64,0,0.0,0.0,0.0,0.0
P3,R03,training,22,65,0,0.0,0.0,0.0,0.0
P3,R03,training,22,66,0,0.0,0.0,0.0,0.0
P3,R03,training,22,67,0,0.0,0.0,0.0,0.0
P3,R03,training,22,68,0,0.0,0.0,0.0,0.0
P3,R03,training,22,69,0,0.0,0.0,0.0,0.0
P3,R03,training,22,70,0,0.0,0.0,0.0,0.0
P3,R03,training,22,71,0,0.0,0.0,0.0,0.0
P3,R03,training,22,72,0,0.0,0.0,0.0,0.0
P3,R03,training,22,73,0,0.0,0.0,0.0,0.0
P3,R03,training,22,74,0,0.0,0.0,0.0,0.0
P3,R03,training,22,75,0,0.0,0.0,0.0,0.0
P3,R03,training,22,76,0,0.0,0.0,0.0,0.0
P3,R03,training,22,77,0,0.0,0.0,0.0,0.0
P3,R03,training,22,78,0,0.0,0.0,0.0,0.0
P3,R03,training,22,79,0,0.0,0.0,0.0,0.0
P3,R03,training,22,80,0,0.0,0.0,0.0,0.0
P3,R03,training,22,81,0,0.0,0.0,0.0,0.0
P3,R03,training,22,82,0,0.0,0.0,0.0,0.0
P3,R03,training,22,83,0,0.0,0.0,0.0,0.0
P3,R03,training,22,84,0,0.0,0.0,0.0,0.0
P3,R03,training,22,85,0,0.0,0.0,0.0,0.0
P3,R03,training,22,86,0,0.0,0.0,0.0,0.0
P3,R03,training,22,87,0,0.0,0.0,0.0,0.0
P3,R03,training,22,88,0,0.0,0.0,0.0,0.0
P3,R03,training,22,89,0,0.0,0.0,0.0,0.0
P3,R03,training,22,90,0,0.0,0.0,0.0,0.0
P3,R03,training,22,91,0,0.0,0.0,0.0,0.0
P3,R03,training,22,92,0,0.0,0.0,0.0,0.0
P3,R03,training,22,93,0,0.0,0.0,0.0,0.0
P3,R03,training,22,94,0,0.0,0.0,0.0,0.0
P3,R03,training,22,95,0,0.0,0.0,0.0,0.0
P3,R03,training,22,96,0,0.0,0.0,0.0,0.0
P3,R03,training,22,97,0,0.0,0.0,0.0,0.0
P3,R03,training,22,98,0,0.0,0.0,0.0,0.0
P3,R03,training,22,99,0,0.0,0.0,0.0,0.0
P3,R03,training,22,100,0,0.0,0.0,0.0,0.0
P3,R03,training,22,101,0,0.0,0.0,0.0,0.0
P3,R03,training,22,102,0,0.0,0.0,0.0,0.0
P3,R03,training,22,103,0,0.0,0.0,0.0,0.0
P3,R03,training,22,104,0,0.0,0.0,0.0,0.0
P3,R03,training,22,105,0,0.0,0.0,0.0,0.0
P3,R03,training,22,106,0,0.0,0.0,0.0,0.0
P3,R03,training,22,107,0,0.0,0.0,0.0,0.0
P3,R03,training,22,108,0,0.0,0.0,0.0,0.0
P3,R03,training,22,109,0,0.0,0.0,0.0,0.0
P3,R03,training,22,110,0,0.0,0.0,0.0,0.0
P3,R03,training,22,111,0,0.0,0.0,0.0,0.0
P3,R03,training,22,112,0,0.0,0.0,0.0,0.0
P3,R03,training,22,113,0,0.0,0.0,0.0,0.0
P3,R03,training,22,114,0,0.0,0.0,0.0,0.0
P3,R03,training,22,115,0,0.0,0.0,0.0,0.0
P3,R03,training,22,116,0,0.0,0.0,0.0,0.0
P3,R03,training,22,117,0,0.0,0.0,0.0,0.0
P3,R03,training,22,118,0,0.0,0.0,0.0,0.0
P3,R03,training,22,119,0,0.0,0.0,0.0,0.0
P3,R03,training,22,120,0,0.0,0.0,0.0,0.0
P3,R03,training,22,121,0,0.0,0.0,0.0,0.0
P3,R03,training,22,122,0,0.0,0.0,0.0,0.0
P3,R03,training,22,123,0,0.0,0.0,0.0,0.0
P3,R03,training,22,124,0,0.0,0.0,0.0,0.0
P3,R03,training,22,125,0,0.0,0.0,0.0,0.0
P3,R03,training,22,126,0,0.0,0.0,0.0,0.0
P3,R03,training,22,127,0,0.0,0.0,0.0,0.0
P3,R03,training,22,128,0,0.0,0.0,0.0,0.0
P3,R03,training,22,129,0,0.0,0.0,0.0,0.0
P3,R03,training,22,130,0,0.0,0.0,0.0,0.0
P3,R03,training,22,131,0,0.0,0.0,0.0,0.0
P3,R03,training,22,132,0,0.0,0.0,0.0,0.0
P3,R03,training,22,133,0,0.0,0.0,0.0,0.0
P3,R03,training,22,134,0,0.0,0.0,0.0,0.0
P3,R03,training,22,135,0,0.0,0.0,0.0,0.0
P3,R03,training,22,136,0,0.0,0.0,0.0,0.0
P3,R03,training,22,137,0,0.0,0.0,0.0,0.0
P3,R03,training,22,138,0,0.0,0.0,0.0,0.0
P3,R03,training,22,139,0,0.0,0.0,0.0,0.0
P3,R03,training,22,140,0,0.0,0.0,0.0,0.0
P3,R03,training,22,141,0,0.0,0.0,0.0,0.0
P3,R03,training,22,142,0,0.0,0.0,0.0,0.0
P3,R03,training,22,143,0,0.0,0.0,0.0,0.0
P3,R03,training,22,144,0,0.0,0.0,0.0,0.0
P3,R03,training,22,145,0,0.0,0.0,0.0,0.0
P3,R03,training,22,146,0,0.0,0.0,0.0,0.0
P3,R03,training,22,147,0,0.0,0.0,0.0,0.0
P3,R03,training,22,148,0,0.0,0.0,0.0,0.0
P3,R03,training,22,149,0,0.0,0.0,0.0,0.0
P3,R03,training,22,150,0,0.0,0.0,0.0,0.0
P3,R03,training,22,151,0,0.0,0.0,0.0,0.0
P3,R03,training,22,152,0,0.0,0.0,0.0,0.0
P3,R03,training,22,153,0,0.0,0.0,0.0,0.0
P3,R03,training,22,154,0,0.0,0.0,0.0,0.0
P3,R03,training,22,155,0,0.0,0.0,0.0,0.0
P3,R03,training,22,156,0,0.0,0.0,0.0,0.0
P3,R03,training,22,157,0,0.0,0.0,0.0,0.0
P3,R03,training,22,158,0,0.0,0.0,0.0,0.0
P3,R03,training,22,159,0,0.0,0.0,0.0,0.0
P3,R03,training,22,160,0,0.0,0.0,0.0,0.0
P3,R03,training,22,161,0,0.0,0.0,0.0,0.0
P3,R03,training,22,162,0,0.0,0.0,0.0,0.0
P3,R03,training,22,163,0,0.0,0.0,0.0,0.0
P3,R03,training,22,164,0,0.0,0.0,0.0,0.0
P3,R03,training,22,165,0,0.0,0.0,0.0,0.0
P3,R03,training,22,166,0,0.0,0.0,0.0,0.0
P3,R03,training,22,167,0,0.0,0.0,0.0,0.0
P3,R03,training,22,168,0,0.0,0.0,0.0,0.0
P3,R03,training,22,169,0,0.0,0.0,0.0,0.0
P3,R03,training,22,170,0,0.0,0.0,0.0,0.0
P3,R03,training,22,171,0,0.0,0.0,0.0,0.0
P3,R03,training,22,172,0,0.0,0.0,0.0,0.0
P3,R03,training,22,173,0,0.0,0.0,0.0,0.0
P3,R03,training,22,174,0,0.0,0.0,0.0,0.0
P3,R03,training,22,175,0,0.0,0.0,0.0,0.0
P3,R03,training,22,176,0,0.0,0.0,0.0,0.0
P3,R03,training,22,177,0,0.0,0.0,0.0,0.0
P3,R03,training,22,178,0,0.0,0.0,0.0,0.0
P3,R03,training,22,179,0,0.0,0.0,0.0,0.0
P3,R03,training,22,180,0,0.0,0.0,0.0,0.0
P3,R03,training,22,181,0,0.0,0.0,0.0,0.0
P3,R03,training,22,182,0,0.0,0.0,0.0,0.0
P3,R03,training,22,183,0,0.0,0.0,0.0,0.0
P3,R03,training,22,184,0,0.0,0.0,0.0,0.0
P3,R03,training,22,185,0,0.0,0.0,0.0,0.0
P3,R03,training,22,186,0,0.0,0.0,0.0,0.0
P3,R03,training,22,187,0,0.0,0.0,0.0,0.0
P3,R03,training,22,188,0,0.0,0.0,0.0,0.0
P3,R03,training,22,189,0,0.0,0.0,0.0,0.0
P3,R03,training,22,190,0,0.0,0.0,0.0,0.0
P3,R03,training,22,191,0,0.0,0.0,0.0,0.0
P3,R03,training,22,192,0,0.0,0.0,0.0,0.0
P3,R03,training,22,193,0,0.0,0.0,0.0,0.0
P3,R03,training,22,194,0,0.0,0.0,0.0,0.0
P3,R03,training,22,195,0,0.0,0.0,0.0,0.0
P3,R03,training,22,196,0,0.0,0.0,0.0,0.0
P3,R03,training,22,197,0,0.0,0.0,0.0,0.0
P3,R03,training,22,198,0,0.0,0.0,0.0,0.0
P3,R03,training,22,199,0,0.0,0.0,0.0,0.0
P3,R03,training,22,200,0,0.0,0.0,0.0,0.0
P3,R03,training,22,201,0,0.0,0.0,0.0,0.0
P3,R03,training,22,202,0,0.0,0.0,0.0,0.0
P3,R03,training,22,203,0,0.0,0.0,0.0,0.0
P3,R03,training,22,204,0,0.0,0.0,0.0,0.0
P3,R03,training,22,205,0,0.0,0.0,0.0,0.0
P3,R03,training,22,206,0,0.0,0.0,0.0,0.0
P3,R03,training,22,207,0,0.0,0.0,0.0,0.0
P3,R03,training,22,208,0,0.0,0.0,0.0,0.0
P3,R03,training,22,209,0,0.0,0.0,0.0,0.0
P3,R03,training,22,210,0,0.0,0.0,0.0,0.0
P3,R03,training,22,211,0,0.0,0.0,0.0,0.0
P3,R03,training,22,212,0,0.0,0.0,0.0,0.0
P3,R03,training,22,213,0,0.0,0.0,0.0,0.0
P3,R03,training,22,214,0,0.0,0.0,0.0,0.0
P3,R03,training,22,215,0,0.0,0.0,0.0,0.0
P3,R03,training,22,216,0,0.0,0.0,0.0,0.0
P3,R03,training,22,217,0,0.0,0.0,0.0,0.0
P3,R03,training,22,218,0,0.0,0.0,0.0,0.0
P3,R03,training,22,219,0,0.0,0.0,0.0,0.0
P3,R03,training,22,220,0,0.0,0.0,0.0,0.0
P3,R03,training,22,221,0,0.0,0.0,0.0,0.0
P3,R03,training,22,222,0,0.0,0.0,0.0,0.0
P3,R03,training,22,223,0,0.0,0.0,0.0,0.0
P3,R03,training,22,224,0,0.0,0.0,0.0,0.0
P3,R03,training,22,225,0,0.0,0.0,0.0,0.0
P3,R03,training,22,226,0,0.0,0.0,0.0,0.0
P3,R03,training,22,227,0,0.0,0.0,0.0,0.0
P3,R03,training,22,228,0,0.0,0.0,0.0,0.0
P3,R03,training,22,229,0,0.0,0.0,0.0,0.0
P3,R03,training,22,230,0,0.0,0.0,0.0,0.0
P3,R03,training,22,231,0,0.0,0.0,0.0,0.0
P3,R03,training,22,232,0,0.0,0.0,0.0,0.0
P3,R03,training,22,233,0,0.0,0.0,0.0,0.0
P3,R03,training,22,234,0,0.0,0.0,0.0,0.0
P3,R03,training,22,235,0,0.0,0.0,0.0,0.0
P3,R03,training,22,236,0,0.0,0.0,0.0,0.0
P3,R03,training,22,237,0,0.0,0.0,0.0,0.0
P3,R03,training,22,238,0,0.0,0.0,0.0,0.0
P3,R03,training,22,239,0,0.0,0.0,0.0,0.0
P3,R03,training,22,240,0,0.0,0.0,0.0,0.0
P3,R03,training,22,241,0,0.0,0.0,0.0,0.0
P3,R03,training,22,242,0,0.0,0.0,0.0,0.0
P3,R03,training,22,243,0,0.0,0.0,0.0,0.0
P3,R03,training,22,244,0,0.0,0.0,0.0,0.0
P3,R03,training,22,245,0,0.0,0.0,0.0,0.0
P3,R03,training,22,246,0,0.0,0.0,0.0,0.0
P3,R03,training,22,247,0,0.0,0.0,0.0,0.0
P3,R03,training,22,248,0,0.0,0.0,0.0,0.0
P3,R03,training,22,249,0,0.0,0.0,0.0,0.0
P3,R03,training,22,250,0,0.0,0.0,0.0,0.0
P3,R03,training,22,251,0,0.0,0.0,0.0,0.0
P3,R03,training,22,252,0,0.0,0.0,0.0,0.0
P3,R03,training,22,253,0,0.0,0.0,0.0,0.0
P3,R03,training,22,254,0,0.0,0.0,0.0,0.0
P3,R03,training,22,255,0,0.0,0.0,0.0,0.0
P3,R03,training,22,256,0,0.0,0.0,0.0,0.0
P3,R03,training,22,257,0,0.0,0.0,0.0,0.0
P3,R03,training,22,258,0,0.0,0.0,0.0,0.0
P3,R03,training,22,259,0,0.0,0.0,0.0,0.0
P3,R03,training,22,260,0,0.0,0.0,0.0,0.0
P3,R03,training,22,261,0,0.0,0.0,0.0,0.0
P3,R03,training,22,262,0,0.0,0.0,0.0,0.0
P3,R03,training,22,263,0,0.0,0.0,0.0,0.0
P3,R03,training,22,264,0,0.0,0.0,0.0,0.0
P3,R03,training,22,265,0,0.0,0.0,0.0,0.0
P3,R03,training,22,266,0,0.0,0.0,0.0,0.0
P3,R03,training,22,267,0,0.0,0.0,0.0,0.0
P3,R03,training,22,268,0,0.0,0.0,0.0,0.0
P3,R03,training,22,269,0,0.0,0.0,0.0,0.0
P3,R03,training,22,270,0,0.0,0.0,0.0,0.0
P3,R03,training,22,271,0,0.0,0.0,0.0,0.0
P3,R03,training,22,272,0,0.0,0.0,0.0,0.0
P3,R03,training,22,273,0,0.0,0.0,0.0,0.0
P3,R03,training,22,274,0,0.0,0.0,0.0,0.0
P3,R03,training,22,275,0,0.0,0.0,0.0,0.0
P3,R03,training,22,276,0,0.0,0.0,0.0,0.0
P3,R03,training,22,277,0,0.0,0.0,0.0,0.0
P3,R03,training,22,278,0,0.0,0.0,0.0,0.0
P3,R03,training,22,279,0,0.0,0.0,0.0,0.0
P3,R03,training,22,280,0,0.0,0.0,0.0,0.0
P3,R03,training,22,281,0,0.0,0.0,0.0,0.0
P3,R03,training,22,282,0,0.0,0.0,0.0,0.0
P3,R03,training,22,283,0,0.0,0.0,0.0,0.0
P3,R03,training,22,284,0,0.0,0.0,0.0,0.0
P3,R03,training,22,285,0,0.0,0.0,0.0,0.0
P3,R03,training,22,286,0,0.0,0.0,0.0,0.0
P3,R03,training,22,287,0,0.0,0.0,0.0,0.0
P3,R03,training,22,288,0,0.0,0.0,0.0,0.0
P3,R03,training,22,289,0,0.0,0.0,0.0,0.0
P3,R03,training,22,290,0,0.0,0.0,0.0,0.0
P3,R03,training,22,291,0,0.0,0.0,0.0,0.0
P3,R03,training,22,292,0,0.0,0.0,0.0,0.0
P3,R03,training,22,293,0,0.0,0.0,0.0,0.0
P3,R03,training,22,294,0,0.0,0.0,0.0,0.0
P3,R03,training,22,295,0,0.0,0.0,0.0,0.0
P3,R03,training,22,296,0,0.0,0.0,0.0,0.0
P3,R03,training,22,297,0,0.0,0.0,0.0,0.0
P3,R03,training,22,298,0,0.0,0.0,0.0,0.0
P3,R03,training,22,299,0,0.0,0.0,0.0,0.0
P3,R03,training,22,300,0,0.0,0.0,0.0,0.0
P3,R03,training,22,301,0,0.0,0.0,0.0,0.0
P3,R03,training,22,302,0,0.0,0.0,0.0,0.0
P3,R03,training,22,303,0,0.0,0.0,0.0,0.0
P3,R03,training,22,304,0,0.0,0.0,0.0,0.0
P3,R03,training,22,305,0,0.0,0.0,0.0,0.0
P3,R03,training,22,306,0,0.0,0.0,0.0,0.0
P3,R03,training,22,307,0,0.0,0.0,0.0,0.0
P3,R03,training,22,308,0,0.0,0.0,0.0,0.0
P3,R03,training,22,309,0,0.0,0.0,0.0,0.0
P3,R03,training,22,310,0,0.0,0.0,0.0,0.0
P3,R03,training,22,311,0,0.0,0.0,0.0,0.0
P3,R03,training,22,312,0,0.0,0.0,0.0,0.0
P3,R03,training,22,313,0,0.0,0.0,0.0,0.0
P3,R03,training,22,314,0,0.0,0.0,0.0,0.0
P3,R03,training,22,315,0,0.0,0.0,0.0,0.0
P3,R03,training,22,316,0,0.0,0.0,0.0,0.0
P3,R03,training,22,317,0,0.0,0.0,0.0,0.0
P3,R03,training,22,318,0,0.0,0.0,0.0,0.0
P3,R03,training,22,319,0,0.0,0.0,0.0,0.0
P3,R03,training,22,320,0,0.0,0.0,0.0,0.0
P3,R03,training,22,321,0,0.0,0.0,0.0,0.0
P3,R03,training,22,322,0,0.0,0.0,0.0,0.0
P3,R03,training,22,323,0,0.0,0.0,0.0,0.0
P3,R03,training,22,324,0,0.0,0.0,0.0,0.0
P3,R03,training,22,325,0,0.0,0.0,0.0,0.0
P3,R03,training,22,326,0,0.0,0.0,0.0,0.0
P3,R03,training,22,327,0,0.0,0.0,0.0,0.0
P3,R03,training,22,328,0,0.0,0.0,0.0,0.0
P3,R03,training,22,329,0,0.0,0.0,0.0,0.0
P3,R03,training,22,330,0,0.0,0.0,0.0,0.0
P3,R03,training,22,331,0,0.0,0.0,0.0,0.0
P3,R03,training,22,332,0,0.0,0.0,0.0,0.0
P3,R03,training,22,333,0,0.0,0.0,0.0,0.0
P3,R03,training,22,334,0,0.0,0.0,0.0,0.0
P3,R03,training,22,335,0,0.0,0.0,0.0,0.0
P3,R03,training,22,336,0,0.0,0.0,0.0,0.0
P3,R03,training,22,337,0,0.0,0.0,0.0,0.0
P3,R03,training,22,338,0,0.0,0.0,0.0,0.0
P3,R03,training,22,339,0,0.0,0.0,0.0,0.0
P3,R03,training,22,340,0,0.0,0.0,0.0,0.0
P3,R03,training,22,341,0,0.0,0.0,0.0,0.0
P3,R03,training,22,342,0,0.0,0.0,0.0,0.0
P3,R03,training,22,343,0,0.0,0.0,0.0,0.0
P3,R03,training,22,344,0,0.0,0.0,0.0,0.0
P3,R03,training,22,345,0,0.0,0.0,0.0,0.0
P3,R03,training,22,346,0,0.0,0.0,0.0,0.0
P3,R03,training,22,347,0,0.0,0.0,0.0,0.0
P3,R03,training,22,348,0,0.0,0.0,0.0,0.0
P3,R03,training,22,349,0,0.0,0.0,0.0,0.0
P3,R03,training,22,350,0,0.0,0.0,0.0,0.0
P3,R03,training,22,351,0,0.0,0.0,0.0,0.0
P3,R03,training,22,352,0,0.0,0.0,0.0,0.0
P3,R03,training,22,353,0,0.0,0.0,0.0,0.0
P3,R03,training,22,354,0,0.0,0.0,0.0,0.0
P3,R03,training,22,355,0,0.0,0.0,0.0,0.0
P3,R03,training,22,356,0,0.0,0.0,0.0,0.0
P3,R03,training,22,357,0,0.0,0.0,0.0,0.0
P3,R03,training,22,358,0,0.0,0.0,0.0,0.0
P3,R03,training,22,359,0,0.0,0.0,0.0,0.0
P3,R03,training,22,360,0,0.0,0.0,0.0,0.0
P3,R03,training,22,361,0,0.0,0.0,0.0,0.0
P3,R03,training,22,362,0,0.0,0.0,0.0,0.0
P3,R03,training,22,363,0,0.0,0.0,0.0,0.0
P3,R03,training,22,364,0,0.0,0.0,0.0,0.0
P3,R03,training,22,365,0,0.0,0.0,0.0,0.0
P3,R03,training,22,366,0,0.0,0.0,0.0,0.0
P3,R03,training,22,367,0,0.0,0.0,0.0,0.0
P3,R03,training,22,368,0,0.0,0.0,0.0,0.0
P3,R03,training,22,369,0,0.0,0.0,0.0,0.0
P3,R03,training,22,370,0,0.0,0.0,0.0,0.0
P3,R03,training,22,371,0,0.0,0.0,0.0,0.0
P3,R03,training,22,372,0,0.0,0.0,0.0,0.0
P3,R03,training,22,373,0,0.0,0.0,0.0,0.0
P3,R03,training,22,374,0,0.0,0.0,0.0,0.0
P3,R03,training,22,375,0,0.0,0.0,0.0,0.0
P3,R03,training,22,376,0,0.0,0.0,0.0,0.0
P3,R03,training,22,377,0,0.0,0.0,0.0,0.0
P3,R03,training,22,378,0,0.0,0.0,0.0,0.0
P3,R03,training,22,379,0,0.0,0.0,0.0,0.0
P3,R03,training,22,380,0,0.0,0.0,0.0,0.0
P3,R03,training,22,381,0,0.0,0.0,0.0,0.0
P3,R03,training,22,382,0,0.0,0.0,0.0,0.0
P3,R03,training,22,383,0,0.0,0.0,0.0,0.0
P3,R03,training,22,384,0,0.0,0.0,0.0,0.0
P3,R03,training,22,385,0,0.0,0.0,0.0,0.0
P3,R03,training,22,386,0,0.0,0.0,0.0,0.0
P3,R03,training,22,387,0,0.0,0.0,0.0,0.0
P3,R03,training,22,388,0,0.0,0.0,0.0,0.0
P3,R03,training,22,389,0,0.0,0.0,0.0,0.0
P3,R03,training,22,390,0,0.0,0.0,0.0,0.0
P3,R03,training,22,391,0,0.0,0.0,0.0,0.0
P3,R03,training,22,392,0,0.0,0.0,0.0,0.0
P3,R03,training,22,393,0,0.0,0.0,0.0,0.0
P3,R03,training,22,394,0,0.0,0.0,0.0,0.0
P3,R03,training,22,395,0,0.0,0.0,0.0,0.0
P3,R03,training,22,396,0,0.0,0.0,0.0,0.0
P3,R03,training,22,397,0,0.0,0.0,0.0,0.0
P3,R03,training,22,398,0,0.0,0.0,0.0,0.0
P3,R03,training,22,399,0,0.0,0.0,0.0,0.0
P3,R03,training,22,400,0,0.0,0.0,0.0,0.0
P3,R03,training,22,401,0,0.0,0.0,0.0,0.0
P3,R03,training,22,402,0,0.0,0.0,0.0,0.0
P3,R03,training,22,403,0,0.0,0.0,0.0,0.0
P3,R03,training,22,404,0,0.0,0.0,0.0,0.0
P3,R03,training,22,405,0,0.0,0.0,0.0,0.0
P3,R03,training,22,406,0,0.0,0.0,0.0,0.0
P3,R03,training,22,407,0,0.0,0.0,0.0,0.0
P3,R03,training,22,408,0,0.0,0.0,0.0,0.0
P3,R03,training,22,409,0,0.0,0.0,0.0,0.0
P3,R03,training,22,410,0,0.0,0.0,0.0,0.0
P3,R03,training,22,411,0,0.0,0.0,0.0,0.0
P3,R03,training,22,412,0,0.0,0.0,0.0,0.0
P3,R03,training,22,413,0,0.0,0.0,0.0,0.0
P3,R03,training,22,414,0,0.0,0.0,0.0,0.0
P3,R03,training,22,415,0,0.0,0.0,0.0,0.0
P3,R03,training,22,416,0,0.0,0.0,0.0,0.0
P3,R03,training,22,417,0,0.0,0.0,0.0,0.0
P3,R03,training,22,418,0,0.0,0.0,0.0,0.0
P3,R03,training,22,419,0,0.0,0.0,0.0,0.0
P3,R03,training,22,420,0,0.0,0.0,0.0,0.0
P3,R03,training,22,421,0,0.0,0.0,0.0,0.0
P3,R03,training,22,422,0,0.0,0.0,0.0,0.0
P3,R03,training,22,423,0,0.0,0.0,0.0,0.0
P3,R03,training,22,424,0,0.0,0.0,0.0,0.0
P3,R03,training,22,425,0,0.0,0.0,0.0,0.0
P3,R03,training,22,426,0,0.0,0.0,0.0,0.0
P3,R03,training,22,427,0,0.0,0.0,0.0,0.0
P3,R03,training,22,428,0,0.0,0.0,0.0,0.0
P3,R03,training,22,429,0,0.0,0.0,0.0,0.0
P3,R03,training,22,430,0,0.0,0.0,0.0,0.0
P3,R03,training,22,431,0,0.0,0.0,0.0,0.0
P3,R03,training,22,432,0,0.0,0.0,0.0,0.0
P3,R03,training,22,433,0,0.0,0.0,0.0,0.0
P3,R03,training,22,434,0,0.0,0.0,0.0,0.0
P3,R03,training,22,435,0,0.0,0.0,0.0,0.0
P3,R03,training,22,436,0,0.0,0.0,0.0,0.0
P3,R03,training,22,437,0,0.0,0.0,0.0,0.0
P3,R03,training,22,438,0,0.0,0.0,0.0,0.0
P3,R03,training,22,439,0,0.0,0.0,0.0,0.0
P3,R03,training,22,440,0,0.0,0.0,0.0,0.0
P3,R03,training,22,441,0,0.0,0.0,0.0,0.0
P3,R03,training,22,442,0,0.0,0.0,0.0,0.0
P3,R03,training,22,443,0,0.0,0.0,0.0,0.0
P3,R03,training,22,444,0,0.0,0.0,0.0,0.0
P3,R03,training,22,445,0,0.0,0.0,0.0,0.0
P3,R03,training,22,446,0,0.0,0.0,0.0,0.0
P3,R03,training,22,447,0,0.0,0.0,0.0,0.0
P3,R03,training,22,448,0,0.0,0.0,0.0,0.0
P3,R03,training,22,449,0,0.0,0.0,0.0,0.0
P3,R03,training,22,450,0,0.0,0.0,0.0,0.0
P3,R03,training,22,451,0,0.0,0.0,0.0,0.0
P3,R03,training,22,452,0,0.0,0.0,0.0,0.0
P3,R03,training,22,453,0,0.0,0.0,0.0,0.0
P3,R03,training,22,454,0,0.0,0.0,0.0,0.0
P3,R03,training,22,455,0,0.0,0.0,0.0,0.0
P3,R03,training,22,456,0,0.0,0.0,0.0,0.0
P3,R03,training,22,457,0,0.0,0.0,0.0,0.0
P3,R03,training,22,458,0,0.0,0.0,0.0,0.0
P3,R03,training,22,459,0,0.0,0.0,0.0,0.0
P3,R03,training,22,460,0,0.0,0.0,0.0,0.0
P3,R03,training,22,461,0,0.0,0.0,0.0,0.0
P3,R03,training,22,462,0,0.0,0.0,0.0,0.0
P3,R03,training,22,463,0,0.0,0.0,0.0,0.0
P3,R03,training,22,464,0,0.0,0.0,0.0,0.0
P3,R03,training,22,465,0,0.0,0.0,0.0,0.0
P3,R03,training,22,466,0,0.0,0.0,0.0,0.0
P3,R03,training,22,467,0,0.0,0.0,0.0,0.0
P3,R03,training,22,468,0,0.0,0.0,0.0,0.0
P3,R03,training,22,469,0,0.0,0.0,0.0,0.0
P3,R03,training,22,470,0,0.0,0.0,0.0,0.0
P3,R03,training,22,471,0,0.0,0.0,0.0,0.0
P3,R03,training,22,472,0,0.0,0.0,0.0,0.0
P3,R03,training,22,473,0,0.0,0.0,0.0,0.0
P3,R03,training,22,474,0,0.0,0.0,0.0,0.0
P3,R03,training,22,475,0,0.0,0.0,0.0,0.0
P3,R03,training,22,476,0,0.0,0.0,0.0,0.0
P3,R03,training,22,477,0,0.0,0.0,0.0,0.0
P3,R03,training,22,478,0,0.0,0.0,0.0,0.0
P3,R03,training,22,479,0,0.0,0.0,0.0,0.0
P3,R03,training,22,480,0,0.0,0.0,0.0,0.0
P3,R03,training,22,481,0,0.0,0.0,0.0,0.0
P3,R03,training,22,482,0,0.0,0.0,0.0,0.0
P3,R03,training,22,483,0,0.0,0.0,0.0,0.0
P3,R03,training,22,484,0,0.0,0.0,0.0,0.0
P3,R03,training,22,485,0,0.0,0.0,0.0,0.0
P3,R03,training,22,486,0,0.0,0.0,0.0,0.0
P3,R03,training,22,487,0,0.0,0.0,0.0,0.0
P3,R03,training,22,488,0,0.0,0.0,0.0,0.0
P3,R03,training,22,489,0,0.0,0.0,0.0,0.0
P3,R03,training,22,490,0,0.0,0.0,0.0,0.0
P3,R03,training,22,491,0,0.0,0.0,0.0,0.0
P3,R03,training,22,492,0,0.0,0.0,0.0,0.0
P3,R03,training,22,493,0,0.0,0.0,0.0,0.0
P3,R03,training,22,494,0,0.0,0.0,0.0,0.0
P3,R03,training,22,495,0,0.0,0.0,0.0,0.0
P3,R03,training,22,496,0,0.0,0.0,0.0,0.0
P3,R03,training,22,497,0,0.0,0.0,0.0,0.0
P3,R03,training,22,498,0,0.0,0.0,0.0,0.0
P3,R03,training,22,499,0,0.0,0.0,0.0,0.0
P3,R03,training,22,500,0,0.0,0.0,0.0,0.0
P3,R03,training,22,501,0,0.0,0.0,0.0,0.0
P3,R03,training,22,502,0,0.0,0.0,0.0,0.0
P3,R03,training,22,503,0,0.0,0.0,0.0,0.0
P3,R03,training,22,504,0,0.0,0.0,0.0,0.0
P3,R03,training,22,505,0,0.0,0.0,0.0,0.0
P3,R03,training,22,506,0,0.0,0.0,0.0,0.0
P3,R03,training,22,507,0,0.0,0.0,0.0,0.0
P3,R03,training,22,508,0,0.0,0.0,0.0,0.0
P3,R03,training,22,509,0,0.0,0.0,0.0,0.0
P3,R03,training,22,510,0,0.0,0.0,0.0,0.0
P3,R03,training,22,511,0,0.0,0.0,0.0,0.0
P3,R03,training,22,512,0,0.0,0.0,0.0,0.0
P3,R03,training,22,513,0,0.0,0.0,0.0,0.0
P3,R03,training,22,514,0,0.0,0.0,0.0,0.0
P3,R03,training,22,515,0,0.0,0.0,0.0,0.0
P3,R03,training,22,516,0,0.0,0.0,0.0,0.0
P3,R03,training,22,517,0,0.0,0.0,0.0,0.0
P3,R03,training,22,518,0,0.0,0.0,0.0,0.0
P3,R03,training,22,519,0,0.0,0.0,0.0,0.0
P3,R03,training,22,520,0,0.0,0.0,0.0,0.0
P3,R03,training,22,521,0,0.0,0.0,0.0,0.0
P3,R03,training,22,522,0,0.0,0.0,0.0,0.0
P3,R03,training,22,523,0,0.0,0.0,0.0,0.0
P3,R03,training,22,524,0,0.0,0.0,0.0,0.0
P3,R03,training,22,525,0,0.0,0.0,0.0,0.0
P3,R03,training,22,526,0,0.0,0.0,0.0,0.0
P3,R03,training,22,527,0,0.0,0.0,0.0,0.0
P3,R03,training,22,528,0,0.0,0.0,0.0,0.0
P3,R03,training,22,529,0,0.0,0.0,0.0,0.0
P3,R03,training,22,530,0,0.0,0.0,0.0,0.0
P3,R03,training,22,531,0,0.0,0.0,0.0,0.0
P3,R03,training,22,532,0,0.0,0.0,0.0,0.0
P3,R03,training,22,533,0,0.0,0.0,0.0,0.0
P3,R03,training,22,534,0,0.0,0.0,0.0,0.0
P3,R03,training,22,535,0,0.0,0.0,0.0,0.0
P3,R03,training,22,536,0,0.0,0.0,0.0,0.0
P3,R03,training,22,537,0,0.0,0.0,0.0,0.0
P3,R03,training,22,538,0,0.0,0.0,0.0,0.0
P3,R03,training,22,539,0,0.0,0.0,0.0,0.0
P3,R03,training,22,540,0,0.0,0.0,0.0,0.0
P3,R03,training,22,541,0,0.0,0.0,0.0,0.0
P3,R03,training,22,542,0,0.0,0.0,0.0,0.0
P3,R03,training,22,543,0,0.0,0.0,0.0,0.0
P3,R03,training,22,544,0,0.0,0.0,0.0,0.0
P3,R03,training,22,545,0,0.0,0.0,0.0,0.0
P3,R03,training,22,546,0,0.0,0.0,0.0,0.0
P3,R03,training,22,547,0,0.0,0.0,0.0,0.0
P3,R03,training,22,548,0,0.0,0.0,0.0,0.0
P3,R03,training,22,549,0,0.0,0.0,0.0,0.0
P3,R03,training,22,550,0,0.0,0.0,0.0,0.0
P3,R03,training,22,551,0,0.0,0.0,0.0,0.0
P3,R03,training,22,552,0,0.0,0.0,0.0,0.0
P3,R03,training,22,553,0,0.0,0.0,0.0,0.0
P3,R03,training,22,554,0,0.0,0.0,0.0,0.0
P3,R03,training,22,555,0,0.0,0.0,0.0,0.0
P3,R03,training,22,556,0,0.0,0.0,0.0,0.0
P3,R03,training,22,557,0,0.0,0.0,0.0,0.0
P3,R03,training,22,558,0,0.0,0.0,0.0,0.0
P3,R03,training,22,559,0,0.0,0.0,0.0,0.0
P3,R03,training,22,560,0,0.0,0.0,0.0,0.0
P3,R03,training,22,561,0,0.0,0.0,0.0,0.0
P3,R03,training,22,562,0,0.0,0.0,0.0,0.0
P3,R03,training,22,563,0,0.0,0.0,0.0,0.0
P3,R03,training,22,564,0,0.0,0.0,0.0,0.0
P3,R03,training,22,565,0,0.0,0.0,0.0,0.0
P3,R03,training,22,566,0,0.0,0.0,0.0,0.0
P3,R03,training,22,567,0,0.0,0.0,0.0,0.0
P3,R03,training,22,568,0,0.0,0.0,0.0,0.0
P3,R03,training,22,569,0,0.0,0.0,0.0,0.0
P3,R03,training,22,570,0,0.0,0.0,0.0,0.0
P3,R03,training,22,571,0,0.0,0.0,0.0,0.0
P3,R03,training,22,572,0,0.0,0.0,0.0,0.0
P3,R03,training,22,573,0,0.0,0.0,0.0,0.0
P3,R03,training,22,574,0,0.0,0.0,0.0,0.0
P3,R03,training,22,575,0,0.0,0.0,0.0,0.0
P3,R03,training,22,576,0,0.0,0.0,0.0,0.0
P3,R03,training,22,577,0,0.0,0.0,0.0,0.0
P3,R03,training,22,578,0,0.0,0.0,0.0,0.0
P3,R03,training,22,579,0,0.0,0.0,0.0,0.0
P3,R03,training,22,580,0,0.0,0.0,0.0,0.0
P3,R03,training,22,581,0,0.0,0.0,0.0,0.0
P3,R03,training,22,582,0,0.0,0.0,0.0,0.0
P3,R03,training,22,583,0,0.0,0.0,0.0,0.0
P3,R03,training,22,584,0,0.0,0.0,0.0,0.0
P3,R03,training,22,585,0,0.0,0.0,0.0,0.0
P3,R03,training,22,586,0,0.0,0.0,0.0,0.0
P3,R03,training,22,587,0,0.0,0.0,0.0,0.0
P3,R03,training,22,588,0,0.0,0.0,0.0,0.0
P3,R03,training,22,589,0,0.0,0.0,0.0,0.0
P3,R03,training,22,590,0,0.0,0.0,0.0,0.0
P3,R03,training,22,591,0,0.0,0.0,0.0,0.0
P3,R03,training,22,592,0,0.0,0.0,0.0,0.0
P3,R03,training,22,593,0,0.0,0.0,0.0,0.0
P3,R03,training,22,594,0,0.0,0.0,0.0,0.0
P3,R03,training,22,595,0,0.0,0.0,0.0,0.0
P3,R03,training,22,596,0,0.0,0.0,0.0,0.0
P3,R03,training,22,597,0,0.0,0.0,0.0,0.0
P3,R03,training,22,598,0,0.0,0.0,0.0,0.0
P3,R03,training,22,599,0,0.0,0.0,0.0,0.0
P3,R03,training,22,600,0,0.0,0.0,0.0,0.0
P3,R03,training,22,601,0,0.0,0.0,0.0,0.0
P3,R03,training,22,602,0,0.0,0.0,0.0,0.0
P3,R03,training,22,603,0,0.0,0.0,0.0,0.0
P3,R03,training,22,604,0,0.0,0.0,0.0,0.0
P3,R03,training,22,605,0,0.0,0.0,0.0,0.0
P3,R03,training,22,606,0,0.0,0.0,0.0,0.0
P3,R03,training,22,607,0,0.0,0.0,0.0,0.0
P3,R03,training,22,608,0,0.0,0.0,0.0,0.0
P3,R03,training,22,609,0,0.0,0.0,0.0,0.0
P3,R03,training,22,610,0,0.0,0.0,0.0,0.0
P3,R03,training,22,611,0,0.0,0.0,0.0,0.0
P3,R03,training,22,612,0,0.0,0.0,0.0,0.0
P3,R03,training,22,613,0,0.0,0.0,0.0,0.0
P3,R03,training,22,614,0,0.0,0.0,0.0,0.0
P3,R03,training,22,615,0,0.0,0.0,0.0,0.0
P3,R03,training,22,616,0,0.0,0.0,0.0,0.0
P3,R03,training,22,617,0,0.0,0.0,0.0,0.0
P3,R03,training,22,618,0,0.0,0.0,0.0,0.0
P3,R03,training,22,619,0,0.0,0.0,0.0,0.0
P3,R03,training,22,620,0,0.0,0.0,0.0,0.0
P3,R03,training,22,621,0,0.0,0.0,0.0,0.0
P3,R03,training,22,622,0,0.0,0.0,0.0,0.0
P3,R03,training,22,623,0,0.0,0.0,0.0,0.0
P3,R03,training,22,624,0,0.0,0.0,0.0,0.0
P3,R03,training,22,625,0,0.0,0.0,0.0,0.0
P3,R03,training,22,626,0,0.0,0.0,0.0,0.0
P3,R03,training,22,627,0,0.0,0.0,0.0,0.0
P3,R03,training,22,628,0,0.0,0.0,0.0,0.0
P3,R03,training,22,629,0,0.0,0.0,0.0,0.0
P3,R03,training,22,630,0,0.0,0.0,0.0,0.0
P3,R03,training,22,631,0,0.0,0.0,0.0,0.0
P3,R03,training,22,632,0,0.0,0.0,0.0,0.0
P3,R03,training,22,633,0,0.0,0.0,0.0,0.0
P3,R03,training,22,634,0,0.0,0.0,0.0,0.0
P3,R03,training,22,635,0,0.0,0.0,0.0,0.0
P3,R03,training,22,636,0,0.0,0.0,0.0,0.0
P3,R03,training,22,637,0,0.0,0.0,0.0,0.0
P3,R03,training,22,638,0,0.0,0.0,0.0,0.0
P3,R03,training,22,639,0,0.0,0.0,0.0,0.0
P3,R03,training,22,640,0,0.0,0.0,0.0,0.0
P3,R03,training,22,641,0,0.0,0.0,0.0,0.0
P3,R03,training,22,642,0,0.0,0.0,0.0,0.0
P3,R03,training,22,643,0,0.0,0.0,0.0,0.0
P3,R03,training,22,644,0,0.0,0.0,0.0,0.0
P3,R03,training,22,645,0,0.0,0.0,0.0,0.0
P3,R03,training,22,646,0,0.0,0.0,0.0,0.0
P3,R03,training,22,647,0,0.0,0.0,0.0,0.0
P3,R03,training,22,648,0,0.0,0.0,0.0,0.0
P3,R03,training,22,649,0,0.0,0.0,0.0,0.0
P3,R03,training,22,650,0,0.0,0.0,0.0,0.0
P3,R03,training,22,651,0,0.0,0.0,0.0,0.0
P3,R03,training,22,652,0,0.0,0.0,0.0,0.0
P3,R03,training,22,653,0,0.0,0.0,0.0,0.0
P3,R03,training,22,654,0,0.0,0.0,0.0,0.0
P3,R03,training,22,655,0,0.0,0.0,0.0,0.0
P3,R03,training,22,656,0,0.0,0.0,0.0,0.0
P3,R03,training,22,657,0,0.0,0.0,0.0,0.0
P3,R03,training,22,658,0,0.0,0.0,0.0,0.0
P3,R03,training,22,659,0,0.0,0.0,0.0,0.0
P3,R03,training,22,660,0,0.0,0.0,0.0,0.0
P3,R03,training,22,661,0,0.0,0.0,0.0,0.0
P3,R03,training,22,662,0,0.0,0.0,0.0,0.0
P3,R03,training,22,663,0,0.0,0.0,0.0,0.0
P3,R03,training,22,664,0,0.0,0.0,0.0,0.0
P3,R03,training,22,665,0,0.0,0.0,0.0,0.0
P3,R03,training,22,666,0,0.0,0.0,0.0,0.0
P3,R03,training,22,667,0,0.0,0.0,0.0,0.0
P3,R03,training,22,668,0,0.0,0.0,0.0,0.0
P3,R03,training,22,669,0,0.0,0.0,0.0,0.0
P3,R03,training,22,670,0,0.0,0.0,0.0,0.0
P3,R03,training,22,671,0,0.0,0.0,0.0,0.0
P3,R03,training,22,672,0,0.0,0.0,0.0,0.0
P3,R03,training,22,673,0,0.0,0.0,0.0,0.0
P3,R03,training,22,674,0,0.0,0.0,0.0,0.0
P3,R03,training,22,675,0,0.0,0.0,0.0,0.0
P3,R03,training,22,676,0,0.0,0.0,0.0,0.0
P3,R03,training,22,677,0,0.0,0.0,0.0,0.0
P3,R03,training,22,678,0,0.0,0.0,0.0,0.0
P3,R03,training,22,679,0,0.0,0.0,0.0,0.0
P3,R03,training,22,680,0,0.0,0.0,0.0,0.0
P3,R03,training,22,681,0,0.0,0.0,0.0,0.0
P3,R03,training,22,682,0,0.0,0.0,0.0,0.0
P3,R03,training,22,683,0,0.0,0.0,0.0,0.0
P3,R03,training,22,684,0,0.0,0.0,0.0,0.0
P3,R03,training,22,685,0,0.0,0.0,0.0,0.0
P3,R03,training,22,686,0,0.0,0.0,0.0,0.0
P3,R03,training,22,687,0,0.0,0.0,0.0,0.0
P3,R03,training,22,688,0,0.0,0.0,0.0,0.0
P3,R03,training,22,689,0,0.0,0.0,0.0,0.0
P3,R03,training,22,690,0,0.0,0.0,0.0,0.0
P3,R03,training,22,691,0,0.0,0.0,0.0,0.0
P3,R03,training,22,692,0,0.0,0.0,0.0,0.0
P3,R03,training,22,693,0,0.0,0.0,0.0,0.0
P3,R03,training,22,694,0,0.0,0.0,0.0,0.0
P3,R03,training,22,695,0,0.0,0.0,0.0,0.0
P3,R03,training,22,696,0,0.0,0.0,0.0,0.0
P3,R03,training,22,697,0,0.0,0.0,0.0,0.0
P3,R03,training,22,698,0,0.0,0.0,0.0,0.0
P3,R03,training,22,699,0,0.0,0.0,0.0,0.0
P3,R03,training,22,700,0,0.0,0.0,0.0,0.0
P3,R03,training,22,701,0,0.0,0.0,0.0,0.0
P3,R03,training,22,702,0,0.0,0.0,0.0,0.0
A,R04,training,02,0,0,0.0,0.0,0.0,0.0
A,R04,training,02,1,0,0.0,0.0,0.0,0.0
A,R04,training,02,2,0,0.0,0.0,0.0,0.0
A,R04,training,02,3,0,0.0,0.0,0.0,0.0
A,R04,training,02,4,0,0.0,0.0,0.0,0.0
A,R04,training,02,5,0,0.0,0.0,0.0,0.0
A,R04,training,02,6,0,0.0,0.0,0.0,0.0
A,R04,training,02,7,0,0.0,0.0,0.0,0.0
A,R04,training,02,8,0,0.0,0.0,0.0,0.0
A,R04,training,02,9,0,0.0,0.0,0.0,0.0
A,R04,training,02,10,0,0.0,0.0,0.0,0.0
A,R04,training,02,11,0,0.0,0.0,0.0,0.0
A,R04,training,02,12,0,0.0,0.0,0.0,0.0
A,R04,training,02,13,0,0.0,0.0,0.0,0.0
A,R04,training,02,14,0,0.0,0.0,0.0,0.0
A,R04,training,02,15,0,0.0,0.0,0.0,0.0
A,R04,training,02,16,0,0.0,0.0,0.0,0.0
A,R04,training,02,17,0,0.0,0.0,0.0,0.0
A,R04,training,02,18,0,0.0,0.0,0.0,0.0
A,R04,training,02,19,0,0.0,0.0,0.0,0.0
A,R04,training,02,20,0,0.0,0.0,0.0,0.0
A,R04,training,02,21,0,0.0,0.0,0.0,0.0
A,R04,training,02,22,0,0.0,0.0,0.0,0.0
A,R04,training,02,23,0,0.0,0.0,0.0,0.0
A,R04,training,02,24,0,0.0,0.0,0.0,0.0
A,R04,training,02,25,0,0.0,0.0,0.0,0.0
A,R04,training,02,26,0,0.0,0.0,0.0,0.0
A,R04,training,02,27,0,0.0,0.0,0.0,0.0
A,R04,training,02,28,0,0.0,0.0,0.0,0.0
A,R04,training,02,29,0,0.0,0.0,0.0,0.0
A,R04,training,02,30,0,0.0,0.0,0.0,0.0
A,R04,training,02,31,0,0.0,0.0,0.0,0.0
A,R04,training,02,32,0,0.0,0.0,0.0,0.0
A,R04,training,02,33,0,0.0,0.0,0.0,0.0
A,R04,training,02,34,0,0.0,0.0,0.0,0.0
A,R04,training,02,35,0,0.0,0.0,0.0,0.0
A,R04,training,02,36,0,0.0,0.0,0.0,0.0
A,R04,training,02,37,0,0.0,0.0,0.0,0.0
A,R04,training,02,38,0,0.0,0.0,0.0,0.0
A,R04,training,02,39,0,0.0,0.0,0.0,0.0
A,R04,training,02,40,0,0.0,0.0,0.0,0.0
A,R04,training,02,41,0,0.0,0.0,0.0,0.0
A,R04,training,02,42,0,0.0,0.0,0.0,0.0
A,R04,training,02,43,0,0.0,0.0,0.0,0.0
A,R04,training,02,44,0,0.0,0.0,0.0,0.0
A,R04,training,02,45,0,0.0,0.0,0.0,0.0
A,R04,training,02,46,0,0.0,0.0,0.0,0.0
A,R04,training,02,47,0,0.0,0.0,0.0,0.0
A,R04,training,02,48,0,0.0,0.0,0.0,0.0
A,R04,training,02,49,0,0.0,0.0,0.0,0.0
A,R04,training,02,50,0,0.0,0.0,0.0,0.0
A,R04,training,02,51,0,0.0,0.0,0.0,0.0
A,R04,training,02,52,0,0.0,0.0,0.0,0.0
A,R04,training,02,53,0,0.0,0.0,0.0,0.0
A,R04,training,02,54,0,0.0,0.0,0.0,0.0
A,R04,training,02,55,0,0.0,0.0,0.0,0.0
A,R04,training,02,56,0,0.0,0.0,0.0,0.0
A,R04,training,02,57,0,0.0,0.0,0.0,0.0
A,R04,training,02,58,0,0.0,0.0,0.0,0.0
A,R04,training,02,59,0,0.0,0.0,0.0,0.0
A,R04,training,02,60,0,0.0,0.0,0.0,0.0
A,R04,training,02,61,0,0.0,0.0,0.0,0.0
A,R04,training,02,62,0,0.0,0.0,0.0,0.0
A,R04,training,02,63,0,0.0,0.0,0.0,0.0
A,R04,training,02,64,0,0.0,0.0,0.0,0.0
A,R04,training,02,65,0,0.0,0.0,0.0,0.0
A,R04,training,02,66,0,0.0,0.0,0.0,0.0
A,R04,training,02,67,0,0.0,0.0,0.0,0.0
A,R04,training,02,68,0,0.0,0.0,0.0,0.0
A,R04,training,02,69,0,0.0,0.0,0.0,0.0
A,R04,training,02,70,0,0.0,0.0,0.0,0.0
A,R04,training,02,71,0,0.0,0.0,0.0,0.0
A,R04,training,02,72,0,0.0,0.0,0.0,0.0
A,R04,training,02,73,0,0.0,0.0,0.0,0.0
A,R04,training,02,74,0,0.0,0.0,0.0,0.0
A,R04,training,02,75,0,0.0,0.0,0.0,0.0
A,R04,training,02,76,0,0.0,0.0,0.0,0.0
A,R04,training,02,77,0,0.0,0.0,0.0,0.0
A,R04,training,02,78,0,0.0,0.0,0.0,0.0
A,R04,training,02,79,0,0.0,0.0,0.0,0.0
A,R04,training,02,80,0,0.0,0.0,0.0,0.0
A,R04,training,02,81,0,0.0,0.0,0.0,0.0
A,R04,training,02,82,0,0.0,0.0,0.0,0.0
A,R04,training,02,83,0,0.0,0.0,0.0,0.0
A,R04,training,02,84,0,0.0,0.0,0.0,0.0
A,R04,training,02,85,0,0.0,0.0,0.0,0.0
A,R04,training,02,86,0,0.0,0.0,0.0,0.0
A,R04,training,02,87,0,0.0,0.0,0.0,0.0
A,R04,training,02,88,0,0.0,0.0,0.0,0.0
A,R04,training,02,89,0,0.0,0.0,0.0,0.0
A,R04,training,02,90,0,0.0,0.0,0.0,0.0
A,R04,training,02,91,0,0.0,0.0,0.0,0.0
A,R04,training,02,92,0,0.0,0.0,0.0,0.0
A,R04,training,02,93,0,0.0,0.0,0.0,0.0
A,R04,training,02,94,0,0.0,0.0,0.0,0.0
A,R04,training,02,95,0,0.0,0.0,0.0,0.0
A,R04,training,02,96,0,0.0,0.0,0.0,0.0
A,R04,training,02,97,0,0.0,0.0,0.0,0.0
A,R04,training,02,98,0,0.0,0.0,0.0,0.0
A,R04,training,02,99,0,0.0,0.0,0.0,0.0
A,R04,training,02,100,0,0.0,0.0,0.0,0.0
A,R04,training,02,101,0,0.0,0.0,0.0,0.0
A,R04,training,02,102,0,0.0,0.0,0.0,0.0
A,R04,training,02,103,0,0.0,0.0,0.0,0.0
A,R04,training,02,104,0,0.0,0.0,0.0,0.0
A,R04,training,02,105,0,0.0,0.0,0.0,0.0
A,R04,training,02,106,0,0.0,0.0,0.0,0.0
A,R04,training,02,107,0,0.0,0.0,0.0,0.0
A,R04,training,02,108,0,0.0,0.0,0.0,0.0
A,R04,training,02,109,0,0.0,0.0,0.0,0.0
A,R04,training,02,110,0,0.0,0.0,0.0,0.0
A,R04,training,02,111,0,0.0,0.0,0.0,0.0
A,R04,training,02,112,0,0.0,0.0,0.0,0.0
A,R04,training,02,113,0,0.0,0.0,0.0,0.0
A,R04,training,02,114,0,0.0,0.0,0.0,0.0
A,R04,training,02,115,0,0.0,0.0,0.0,0.0
A,R04,training,02,116,0,0.0,0.0,0.0,0.0
A,R04,training,02,117,0,0.0,0.0,0.0,0.0
A,R04,training,02,118,0,0.0,0.0,0.0,0.0
A,R04,training,02,119,0,0.0,0.0,0.0,0.0
A,R04,training,02,120,0,0.0,0.0,0.0,0.0
A,R04,training,02,121,0,0.0,0.0,0.0,0.0
A,R04,training,02,122,0,0.0,0.0,0.0,0.0
A,R04,training,02,123,0,0.0,0.0,0.0,0.0
A,R04,training,02,124,0,0.0,0.0,0.0,0.0
A,R04,training,02,125,0,0.0,0.0,0.0,0.0
A,R04,training,02,126,0,0.0,0.0,0.0,0.0
A,R04,training,02,127,0,0.0,0.0,0.0,0.0
A,R04,training,02,128,0,0.0,0.0,0.0,0.0
A,R04,training,02,129,0,0.0,0.0,0.0,0.0
A,R04,training,02,130,0,0.0,0.0,0.0,0.0
A,R04,training,02,131,0,0.0,0.0,0.0,0.0
A,R04,training,02,132,0,0.0,0.0,0.0,0.0
A,R04,training,02,133,0,0.0,0.0,0.0,0.0
A,R04,training,02,134,0,0.0,0.0,0.0,0.0
A,R04,training,02,135,0,0.0,0.0,0.0,0.0
A,R04,training,02,136,0,0.0,0.0,0.0,0.0
A,R04,training,02,137,0,0.0,0.0,0.0,0.0
A,R04,training,02,138,0,0.0,0.0,0.0,0.0
A,R04,training,02,139,0,0.0,0.0,0.0,0.0
A,R04,training,02,140,0,0.0,0.0,0.0,0.0
A,R04,training,02,141,0,0.0,0.0,0.0,0.0
A,R04,training,02,142,0,0.0,0.0,0.0,0.0
A,R04,training,02,143,0,0.0,0.0,0.0,0.0
A,R04,training,02,144,0,0.0,0.0,0.0,0.0
A,R04,training,02,145,0,0.0,0.0,0.0,0.0
A,R04,training,02,146,0,0.0,0.0,0.0,0.0
A,R04,training,02,147,0,0.0,0.0,0.0,0.0
A,R04,training,02,148,0,0.0,0.0,0.0,0.0
A,R04,training,02,149,0,0.0,0.0,0.0,0.0
A,R04,training,02,150,0,0.0,0.0,0.0,0.0
A,R04,training,02,151,0,0.0,0.0,0.0,0.0
A,R04,training,02,152,0,0.0,0.0,0.0,0.0
A,R04,training,02,153,0,0.0,0.0,0.0,0.0
A,R04,training,02,154,0,0.0,0.0,0.0,0.0
A,R04,training,02,155,0,0.0,0.0,0.0,0.0
A,R04,training,02,156,0,0.0,0.0,0.0,0.0
A,R04,training,02,157,0,0.0,0.0,0.0,0.0
A,R04,training,02,158,0,0.0,0.0,0.0,0.0
A,R04,training,02,159,0,0.0,0.0,0.0,0.0
A,R04,training,02,160,0,0.0,0.0,0.0,0.0
A,R04,training,02,161,0,0.0,0.0,0.0,0.0
A,R04,training,02,162,0,0.0,0.0,0.0,0.0
A,R04,training,02,163,0,0.0,0.0,0.0,0.0
A,R04,training,02,164,0,0.0,0.0,0.0,0.0
A,R04,training,02,165,0,0.0,0.0,0.0,0.0
A,R04,training,02,166,0,0.0,0.0,0.0,0.0
A,R04,training,02,167,0,0.0,0.0,0.0,0.0
A,R04,training,02,168,0,0.0,0.0,0.0,0.0
A,R04,training,02,169,0,0.0,0.0,0.0,0.0
A,R04,training,02,170,0,0.0,0.0,0.0,0.0
A,R04,training,02,171,0,0.0,0.0,0.0,0.0
A,R04,training,02,172,0,0.0,0.0,0.0,0.0
A,R04,training,02,173,0,0.0,0.0,0.0,0.0
A,R04,training,02,174,0,0.0,0.0,0.0,0.0
A,R04,training,02,175,0,0.0,0.0,0.0,0.0
A,R04,training,02,176,0,0.0,0.0,0.0,0.0
A,R04,training,02,177,0,0.0,0.0,0.0,0.0
A,R04,training,02,178,0,0.0,0.0,0.0,0.0
A,R04,training,02,179,0,0.0,0.0,0.0,0.0
A,R04,training,02,180,0,0.0,0.0,0.0,0.0
A,R04,training,02,181,0,0.0,0.0,0.0,0.0
A,R04,training,02,182,0,0.0,0.0,0.0,0.0
A,R04,training,02,183,0,0.0,0.0,0.0,0.0
A,R04,training,02,184,0,0.0,0.0,0.0,0.0
A,R04,training,02,185,0,0.0,0.0,0.0,0.0
A,R04,training,02,186,0,0.0,0.0,0.0,0.0
A,R04,training,02,187,0,0.0,0.0,0.0,0.0
A,R04,training,02,188,0,0.0,0.0,0.0,0.0
A,R04,training,02,189,0,0.0,0.0,0.0,0.0
A,R04,training,02,190,0,0.0,0.0,0.0,0.0
A,R04,training,02,191,0,0.0,0.0,0.0,0.0
A,R04,training,02,192,0,0.0,0.0,0.0,0.0
A,R04,training,02,193,0,0.0,0.0,0.0,0.0
A,R04,training,02,194,0,0.0,0.0,0.0,0.0
A,R04,training,02,195,0,0.0,0.0,0.0,0.0
A,R04,training,02,196,0,0.0,0.0,0.0,0.0
A,R04,training,02,197,0,0.0,0.0,0.0,0.0
A,R04,training,02,198,0,0.0,0.0,0.0,0.0
A,R04,training,02,199,0,0.0,0.0,0.0,0.0
A,R04,training,02,200,0,0.0,0.0,0.0,0.0
A,R04,training,02,201,0,0.0,0.0,0.0,0.0
A,R04,training,02,202,0,0.0,0.0,0.0,0.0
A,R04,training,02,203,0,0.0,0.0,0.0,0.0
A,R04,training,02,204,0,0.0,0.0,0.0,0.0
A,R04,training,02,205,0,0.0,0.0,0.0,0.0
A,R04,training,02,206,0,0.0,0.0,0.0,0.0
A,R04,training,02,207,0,0.0,0.0,0.0,0.0
A,R04,training,02,208,0,0.0,0.0,0.0,0.0
A,R04,training,02,209,0,0.0,0.0,0.0,0.0
A,R04,training,02,210,0,0.0,0.0,0.0,0.0
A,R04,training,02,211,0,0.0,0.0,0.0,0.0
A,R04,training,02,212,0,0.0,0.0,0.0,0.0
A,R04,training,02,213,0,0.0,0.0,0.0,0.0
A,R04,training,02,214,0,0.0,0.0,0.0,0.0
A,R04,training,02,215,0,0.0,0.0,0.0,0.0
A,R04,training,02,216,0,0.0,0.0,0.0,0.0
A,R04,training,02,217,0,0.0,0.0,0.0,0.0
A,R04,training,02,218,0,0.0,0.0,0.0,0.0
A,R04,training,02,219,0,0.0,0.0,0.0,0.0
A,R04,training,02,220,0,0.0,0.0,0.0,0.0
A,R04,training,02,221,0,0.0,0.0,0.0,0.0
A,R04,training,02,222,0,0.0,0.0,0.0,0.0
A,R04,training,02,223,0,0.0,0.0,0.0,0.0
A,R04,training,02,224,0,0.0,0.0,0.0,0.0
A,R04,training,02,225,0,0.0,0.0,0.0,0.0
A,R04,training,02,226,0,0.0,0.0,0.0,0.0
A,R04,training,02,227,0,0.0,0.0,0.0,0.0
A,R04,training,02,228,0,0.0,0.0,0.0,0.0
A,R04,training,02,229,0,0.0,0.0,0.0,0.0
A,R04,training,02,230,0,0.0,0.0,0.0,0.0
A,R04,training,02,231,0,0.0,0.0,0.0,0.0
A,R04,training,02,232,0,0.0,0.0,0.0,0.0
A,R04,training,02,233,0,0.0,0.0,0.0,0.0
A,R04,training,02,234,0,0.0,0.0,0.0,0.0
A,R04,training,02,235,0,0.0,0.0,0.0,0.0
A,R04,training,02,236,0,0.0,0.0,0.0,0.0
A,R04,training,02,237,0,0.0,0.0,0.0,0.0
A,R04,training,02,238,0,0.0,0.0,0.0,0.0
A,R04,training,02,239,0,0.0,0.0,0.0,0.0
A,R04,training,02,240,0,0.0,0.0,0.0,0.0
A,R04,training,02,241,0,0.0,0.0,0.0,0.0
A,R04,training,02,242,0,0.0,0.0,0.0,0.0
A,R04,training,02,243,0,0.0,0.0,0.0,0.0
A,R04,training,02,244,0,0.0,0.0,0.0,0.0
A,R04,training,02,245,0,0.0,0.0,0.0,0.0
A,R04,training,02,246,0,0.0,0.0,0.0,0.0
A,R04,training,02,247,0,0.0,0.0,0.0,0.0
A,R04,training,02,248,0,0.0,0.0,0.0,0.0
A,R04,training,02,249,0,0.0,0.0,0.0,0.0
A,R04,training,02,250,0,0.0,0.0,0.0,0.0
A,R04,training,02,251,0,0.0,0.0,0.0,0.0
A,R04,training,02,252,0,0.0,0.0,0.0,0.0
A,R04,training,02,253,0,0.0,0.0,0.0,0.0
A,R04,training,02,254,0,0.0,0.0,0.0,0.0
A,R04,training,02,255,0,0.0,0.0,0.0,0.0
A,R04,training,02,256,0,0.0,0.0,0.0,0.0
A,R04,training,02,257,0,0.0,0.0,0.0,0.0
A,R04,training,02,258,0,0.0,0.0,0.0,0.0
A,R04,training,02,259,0,0.0,0.0,0.0,0.0
A,R04,training,02,260,0,0.0,0.0,0.0,0.0
A,R04,training,02,261,0,0.0,0.0,0.0,0.0
A,R04,training,02,262,0,0.0,0.0,0.0,0.0
A,R04,training,02,263,0,0.0,0.0,0.0,0.0
A,R04,training,02,264,0,0.0,0.0,0.0,0.0
A,R04,training,02,265,0,0.0,0.0,0.0,0.0
A,R04,training,02,266,0,0.0,0.0,0.0,0.0
A,R04,training,02,267,0,0.0,0.0,0.0,0.0
A,R04,training,02,268,0,0.0,0.0,0.0,0.0
A,R04,training,02,269,0,0.0,0.0,0.0,0.0
A,R04,training,02,270,0,0.0,0.0,0.0,0.0
A,R04,training,02,271,0,0.0,0.0,0.0,0.0
A,R04,training,02,272,0,0.0,0.0,0.0,0.0
A,R04,training,02,273,0,0.0,0.0,0.0,0.0
A,R04,training,02,274,0,0.0,0.0,0.0,0.0
A,R04,training,02,275,0,0.0,0.0,0.0,0.0
A,R04,training,02,276,0,0.0,0.0,0.0,0.0
A,R04,training,02,277,0,0.0,0.0,0.0,0.0
A,R04,training,02,278,0,0.0,0.0,0.0,0.0
A,R04,training,02,279,0,0.0,0.0,0.0,0.0
A,R04,training,02,280,0,0.0,0.0,0.0,0.0
A,R04,training,02,281,0,0.0,0.0,0.0,0.0
A,R04,training,02,282,0,0.0,0.0,0.0,0.0
A,R04,training,02,283,0,0.0,0.0,0.0,0.0
A,R04,training,02,284,0,0.0,0.0,0.0,0.0
A,R04,training,02,285,0,0.0,0.0,0.0,0.0
A,R04,training,02,286,0,0.0,0.0,0.0,0.0
A,R04,training,02,287,0,0.0,0.0,0.0,0.0
A,R04,training,02,288,0,0.0,0.0,0.0,0.0
A,R04,training,02,289,0,0.0,0.0,0.0,0.0
A,R04,training,02,290,0,0.0,0.0,0.0,0.0
A,R04,training,02,291,0,0.0,0.0,0.0,0.0
A,R04,training,02,292,0,0.0,0.0,0.0,0.0
A,R04,training,02,293,0,0.0,0.0,0.0,0.0
A,R04,training,02,294,0,0.0,0.0,0.0,0.0
A,R04,training,02,295,0,0.0,0.0,0.0,0.0
A,R04,training,02,296,0,0.0,0.0,0.0,0.0
A,R04,training,02,297,0,0.0,0.0,0.0,0.0
A,R04,training,02,298,0,0.0,0.0,0.0,0.0
A,R04,training,02,299,0,0.0,0.0,0.0,0.0
A,R04,training,02,300,0,0.0,0.0,0.0,0.0
A,R04,training,02,301,0,0.0,0.0,0.0,0.0
A,R04,training,02,302,0,0.0,0.0,0.0,0.0
A,R04,training,02,303,0,0.0,0.0,0.0,0.0
A,R04,training,02,304,0,0.0,0.0,0.0,0.0
A,R04,training,02,305,0,0.0,0.0,0.0,0.0
A,R04,training,02,306,0,0.0,0.0,0.0,0.0
A,R04,training,02,307,0,0.0,0.0,0.0,0.0
A,R04,training,02,308,0,0.0,0.0,0.0,0.0
A,R04,training,02,309,0,0.0,0.0,0.0,0.0
A,R04,training,02,310,0,0.0,0.0,0.0,0.0
A,R04,training,02,311,0,0.0,0.0,0.0,0.0
A,R04,training,02,312,0,0.0,0.0,0.0,0.0
A,R04,training,02,313,0,0.0,0.0,0.0,0.0
A,R04,training,02,314,0,0.0,0.0,0.0,0.0
A,R04,training,02,315,0,0.0,0.0,0.0,0.0
A,R04,training,02,316,0,0.0,0.0,0.0,0.0
A,R04,training,02,317,0,0.0,0.0,0.0,0.0
A,R04,training,02,318,0,0.0,0.0,0.0,0.0
A,R04,training,02,319,0,0.0,0.0,0.0,0.0
A,R04,training,02,320,0,0.0,0.0,0.0,0.0
A,R04,training,02,321,0,0.0,0.0,0.0,0.0
A,R04,training,02,322,0,0.0,0.0,0.0,0.0
A,R04,training,02,323,0,0.0,0.0,0.0,0.0
A,R04,training,02,324,0,0.0,0.0,0.0,0.0
A,R04,training,02,325,0,0.0,0.0,0.0,0.0
A,R04,training,02,326,0,0.0,0.0,0.0,0.0
A,R04,training,02,327,0,0.0,0.0,0.0,0.0
A,R04,training,02,328,0,0.0,0.0,0.0,0.0
A,R04,training,02,329,0,0.0,0.0,0.0,0.0
A,R04,training,02,330,0,0.0,0.0,0.0,0.0
A,R04,training,02,331,0,0.0,0.0,0.0,0.0
A,R04,training,02,332,0,0.0,0.0,0.0,0.0
A,R04,training,02,333,0,0.0,0.0,0.0,0.0
A,R04,training,02,334,0,0.0,0.0,0.0,0.0
A,R04,training,02,335,0,0.0,0.0,0.0,0.0
A,R04,training,02,336,0,0.0,0.0,0.0,0.0
A,R04,training,02,337,0,0.0,0.0,0.0,0.0
A,R04,training,02,338,0,0.0,0.0,0.0,0.0
A,R04,training,02,339,0,0.0,0.0,0.0,0.0
A,R04,training,02,340,0,0.0,0.0,0.0,0.0
A,R04,training,02,341,0,0.0,0.0,0.0,0.0
A,R04,training,02,342,0,0.0,0.0,0.0,0.0
A,R04,training,02,343,0,0.0,0.0,0.0,0.0
A,R04,training,02,344,0,0.0,0.0,0.0,0.0
A,R04,training,02,345,0,0.0,0.0,0.0,0.0
A,R04,training,02,346,0,0.0,0.0,0.0,0.0
A,R04,training,02,347,0,0.0,0.0,0.0,0.0
A,R04,training,02,348,0,0.0,0.0,0.0,0.0
A,R04,training,02,349,0,0.0,0.0,0.0,0.0
A,R04,training,02,350,0,0.0,0.0,0.0,0.0
A,R04,training,02,351,0,0.0,0.0,0.0,0.0
A,R04,training,02,352,0,0.0,0.0,0.0,0.0
A,R04,training,02,353,0,0.0,0.0,0.0,0.0
A,R04,training,02,354,0,0.0,0.0,0.0,0.0
A,R04,training,02,355,0,0.0,0.0,0.0,0.0
A,R04,training,02,356,0,0.0,0.0,0.0,0.0
A,R04,training,02,357,0,0.0,0.0,0.0,0.0
A,R04,training,02,358,0,0.0,0.0,0.0,0.0
A,R04,training,02,359,0,0.0,0.0,0.0,0.0
A,R04,training,02,360,0,0.0,0.0,0.0,0.0
A,R04,training,02,361,0,0.0,0.0,0.0,0.0
A,R04,training,02,362,0,0.0,0.0,0.0,0.0
A,R04,training,02,363,0,0.0,0.0,0.0,0.0
A,R04,training,02,364,0,0.0,0.0,0.0,0.0
A,R04,training,02,365,0,0.0,0.0,0.0,0.0
A,R04,training,02,366,0,0.0,0.0,0.0,0.0
A,R04,training,02,367,0,0.0,0.0,0.0,0.0
A,R04,training,02,368,0,0.0,0.0,0.0,0.0
A,R04,training,02,369,0,0.0,0.0,0.0,0.0
A,R04,training,02,370,0,0.0,0.0,0.0,0.0
A,R04,training,02,371,0,0.0,0.0,0.0,0.0
A,R04,training,02,372,0,0.0,0.0,0.0,0.0
A,R04,training,02,373,0,0.0,0.0,0.0,0.0
A,R04,training,02,374,0,0.0,0.0,0.0,0.0
A,R04,training,02,375,0,0.0,0.0,0.0,0.0
A,R04,training,02,376,0,0.0,0.0,0.0,0.0
A,R04,training,02,377,0,0.0,0.0,0.0,0.0
A,R04,training,02,378,0,0.0,0.0,0.0,0.0
A,R04,training,02,379,0,0.0,0.0,0.0,0.0
A,R04,training,02,380,0,0.0,0.0,0.0,0.0
A,R04,training,02,381,0,0.0,0.0,0.0,0.0
A,R04,training,02,382,0,0.0,0.0,0.0,0.0
A,R04,training,02,383,0,0.0,0.0,0.0,0.0
A,R04,training,02,384,0,0.0,0.0,0.0,0.0
A,R04,training,02,385,0,0.0,0.0,0.0,0.0
A,R04,training,02,386,0,0.0,0.0,0.0,0.0
A,R04,training,02,387,0,0.0,0.0,0.0,0.0
A,R04,training,02,388,0,0.0,0.0,0.0,0.0
A,R04,training,02,389,0,0.0,0.0,0.0,0.0
A,R04,training,02,390,0,0.0,0.0,0.0,0.0
A,R04,training,02,391,0,0.0,0.0,0.0,0.0
A,R04,training,02,392,0,0.0,0.0,0.0,0.0
A,R04,training,02,393,0,0.0,0.0,0.0,0.0
A,R04,training,02,394,0,0.0,0.0,0.0,0.0
A,R04,training,02,395,0,0.0,0.0,0.0,0.0
A,R04,training,02,396,0,0.0,0.0,0.0,0.0
A,R04,training,02,397,0,0.0,0.0,0.0,0.0
A,R04,training,02,398,0,0.0,0.0,0.0,0.0
A,R04,training,02,399,0,0.0,0.0,0.0,0.0
A,R04,training,02,400,0,0.0,0.0,0.0,0.0
A,R04,training,02,401,0,0.0,0.0,0.0,0.0
A,R04,training,02,402,0,0.0,0.0,0.0,0.0
A,R04,training,02,403,0,0.0,0.0,0.0,0.0
A,R04,training,02,404,0,0.0,0.0,0.0,0.0
A,R04,training,02,405,0,0.0,0.0,0.0,0.0
A,R04,training,02,406,0,0.0,0.0,0.0,0.0
A,R04,training,02,407,0,0.0,0.0,0.0,0.0
A,R04,training,02,408,0,0.0,0.0,0.0,0.0
B,R04,training,02,0,0,0.0,0.0,0.0,0.0
B,R04,training,02,1,0,0.0,0.0,0.0,0.0
B,R04,training,02,2,0,0.0,0.0,0.0,0.0
B,R04,training,02,3,0,0.0,0.0,0.0,0.0
B,R04,training,02,4,0,0.0,0.0,0.0,0.0
B,R04,training,02,5,0,0.0,0.0,0.0,0.0
B,R04,training,02,6,0,0.0,0.0,0.0,0.0
B,R04,training,02,7,0,0.0,0.0,0.0,0.0
B,R04,training,02,8,0,0.0,0.0,0.0,0.0
B,R04,training,02,9,0,0.0,0.0,0.0,0.0
B,R04,training,02,10,0,0.0,0.0,0.0,0.0
B,R04,training,02,11,0,0.0,0.0,0.0,0.0
B,R04,training,02,12,0,0.0,0.0,0.0,0.0
B,R04,training,02,13,0,0.0,0.0,0.0,0.0
B,R04,training,02,14,0,0.0,0.0,0.0,0.0
B,R04,training,02,15,0,0.0,0.0,0.0,0.0
B,R04,training,02,16,0,0.0,0.0,0.0,0.0
B,R04,training,02,17,0,0.0,0.0,0.0,0.0
B,R04,training,02,18,0,0.0,0.0,0.0,0.0
B,R04,training,02,19,0,0.0,0.0,0.0,0.0
B,R04,training,02,20,0,0.0,0.0,0.0,0.0
B,R04,training,02,21,0,0.0,0.0,0.0,0.0
B,R04,training,02,22,0,0.0,0.0,0.0,0.0
B,R04,training,02,23,0,0.0,0.0,0.0,0.0
B,R04,training,02,24,0,0.0,0.0,0.0,0.0
B,R04,training,02,25,0,0.0,0.0,0.0,0.0
B,R04,training,02,26,0,0.0,0.0,0.0,0.0
B,R04,training,02,27,0,0.0,0.0,0.0,0.0
B,R04,training,02,28,0,0.0,0.0,0.0,0.0
B,R04,training,02,29,0,0.0,0.0,0.0,0.0
B,R04,training,02,30,0,0.0,0.0,0.0,0.0
B,R04,training,02,31,0,0.0,0.0,0.0,0.0
B,R04,training,02,32,0,0.0,0.0,0.0,0.0
B,R04,training,02,33,0,0.0,0.0,0.0,0.0
B,R04,training,02,34,0,0.0,0.0,0.0,0.0
B,R04,training,02,35,0,0.0,0.0,0.0,0.0
B,R04,training,02,36,0,0.0,0.0,0.0,0.0
B,R04,training,02,37,0,0.0,0.0,0.0,0.0
B,R04,training,02,38,0,0.0,0.0,0.0,0.0
B,R04,training,02,39,0,0.0,0.0,0.0,0.0
B,R04,training,02,40,0,0.0,0.0,0.0,0.0
B,R04,training,02,41,0,0.0,0.0,0.0,0.0
B,R04,training,02,42,0,0.0,0.0,0.0,0.0
B,R04,training,02,43,0,0.0,0.0,0.0,0.0
B,R04,training,02,44,0,0.0,0.0,0.0,0.0
B,R04,training,02,45,0,0.0,0.0,0.0,0.0
B,R04,training,02,46,0,0.0,0.0,0.0,0.0
B,R04,training,02,47,0,0.0,0.0,0.0,0.0
B,R04,training,02,48,0,0.0,0.0,0.0,0.0
B,R04,training,02,49,0,0.0,0.0,0.0,0.0
B,R04,training,02,50,0,0.0,0.0,0.0,0.0
B,R04,training,02,51,0,0.0,0.0,0.0,0.0
B,R04,training,02,52,0,0.0,0.0,0.0,0.0
B,R04,training,02,53,0,0.0,0.0,0.0,0.0
B,R04,training,02,54,0,0.0,0.0,0.0,0.0
B,R04,training,02,55,0,0.0,0.0,0.0,0.0
B,R04,training,02,56,0,0.0,0.0,0.0,0.0
B,R04,training,02,57,0,0.0,0.0,0.0,0.0
B,R04,training,02,58,0,0.0,0.0,0.0,0.0
B,R04,training,02,59,0,0.0,0.0,0.0,0.0
B,R04,training,02,60,0,0.0,0.0,0.0,0.0
B,R04,training,02,61,0,0.0,0.0,0.0,0.0
B,R04,training,02,62,0,0.0,0.0,0.0,0.0
B,R04,training,02,63,0,0.0,0.0,0.0,0.0
B,R04,training,02,64,0,0.0,0.0,0.0,0.0
B,R04,training,02,65,0,0.0,0.0,0.0,0.0
B,R04,training,02,66,0,0.0,0.0,0.0,0.0
B,R04,training,02,67,0,0.0,0.0,0.0,0.0
B,R04,training,02,68,0,0.0,0.0,0.0,0.0
B,R04,training,02,69,0,0.0,0.0,0.0,0.0
B,R04,training,02,70,0,0.0,0.0,0.0,0.0
B,R04,training,02,71,0,0.0,0.0,0.0,0.0
B,R04,training,02,72,0,0.0,0.0,0.0,0.0
B,R04,training,02,73,0,0.0,0.0,0.0,0.0
B,R04,training,02,74,0,0.0,0.0,0.0,0.0
B,R04,training,02,75,0,0.0,0.0,0.0,0.0
B,R04,training,02,76,0,0.0,0.0,0.0,0.0
B,R04,training,02,77,0,0.0,0.0,0.0,0.0
B,R04,training,02,78,0,0.0,0.0,0.0,0.0
B,R04,training,02,79,0,0.0,0.0,0.0,0.0
B,R04,training,02,80,0,0.0,0.0,0.0,0.0
B,R04,training,02,81,0,0.0,0.0,0.0,0.0
B,R04,training,02,82,0,0.0,0.0,0.0,0.0
B,R04,training,02,83,0,0.0,0.0,0.0,0.0
B,R04,training,02,84,0,0.0,0.0,0.0,0.0
B,R04,training,02,85,0,0.0,0.0,0.0,0.0
B,R04,training,02,86,0,0.0,0.0,0.0,0.0
B,R04,training,02,87,0,0.0,0.0,0.0,0.0
B,R04,training,02,88,0,0.0,0.0,0.0,0.0
B,R04,training,02,89,0,0.0,0.0,0.0,0.0
B,R04,training,02,90,0,0.0,0.0,0.0,0.0
B,R04,training,02,91,0,0.0,0.0,0.0,0.0
B,R04,training,02,92,0,0.0,0.0,0.0,0.0
B,R04,training,02,93,0,0.0,0.0,0.0,0.0
B,R04,training,02,94,0,0.0,0.0,0.0,0.0
B,R04,training,02,95,0,0.0,0.0,0.0,0.0
B,R04,training,02,96,0,0.0,0.0,0.0,0.0
B,R04,training,02,97,0,0.0,0.0,0.0,0.0
B,R04,training,02,98,0,0.0,0.0,0.0,0.0
B,R04,training,02,99,0,0.0,0.0,0.0,0.0
B,R04,training,02,100,0,0.0,0.0,0.0,0.0
B,R04,training,02,101,0,0.0,0.0,0.0,0.0
B,R04,training,02,102,0,0.0,0.0,0.0,0.0
B,R04,training,02,103,0,0.0,0.0,0.0,0.0
B,R04,training,02,104,0,0.0,0.0,0.0,0.0
B,R04,training,02,105,0,0.0,0.0,0.0,0.0
B,R04,training,02,106,0,0.0,0.0,0.0,0.0
B,R04,training,02,107,0,0.0,0.0,0.0,0.0
B,R04,training,02,108,0,0.0,0.0,0.0,0.0
B,R04,training,02,109,0,0.0,0.0,0.0,0.0
B,R04,training,02,110,0,0.0,0.0,0.0,0.0
B,R04,training,02,111,0,0.0,0.0,0.0,0.0
B,R04,training,02,112,0,0.0,0.0,0.0,0.0
B,R04,training,02,113,0,0.0,0.0,0.0,0.0
B,R04,training,02,114,0,0.0,0.0,0.0,0.0
B,R04,training,02,115,0,0.0,0.0,0.0,0.0
B,R04,training,02,116,0,0.0,0.0,0.0,0.0
B,R04,training,02,117,0,0.0,0.0,0.0,0.0
B,R04,training,02,118,0,0.0,0.0,0.0,0.0
B,R04,training,02,119,0,0.0,0.0,0.0,0.0
B,R04,training,02,120,0,0.0,0.0,0.0,0.0
B,R04,training,02,121,0,0.0,0.0,0.0,0.0
B,R04,training,02,122,0,0.0,0.0,0.0,0.0
B,R04,training,02,123,0,0.0,0.0,0.0,0.0
B,R04,training,02,124,0,0.0,0.0,0.0,0.0
B,R04,training,02,125,0,0.0,0.0,0.0,0.0
B,R04,training,02,126,0,0.0,0.0,0.0,0.0
B,R04,training,02,127,0,0.0,0.0,0.0,0.0
B,R04,training,02,128,0,0.0,0.0,0.0,0.0
B,R04,training,02,129,0,0.0,0.0,0.0,0.0
B,R04,training,02,130,0,0.0,0.0,0.0,0.0
B,R04,training,02,131,0,0.0,0.0,0.0,0.0
B,R04,training,02,132,0,0.0,0.0,0.0,0.0
B,R04,training,02,133,0,0.0,0.0,0.0,0.0
B,R04,training,02,134,0,0.0,0.0,0.0,0.0
B,R04,training,02,135,0,0.0,0.0,0.0,0.0
B,R04,training,02,136,0,0.0,0.0,0.0,0.0
B,R04,training,02,137,0,0.0,0.0,0.0,0.0
B,R04,training,02,138,0,0.0,0.0,0.0,0.0
B,R04,training,02,139,0,0.0,0.0,0.0,0.0
B,R04,training,02,140,0,0.0,0.0,0.0,0.0
B,R04,training,02,141,0,0.0,0.0,0.0,0.0
B,R04,training,02,142,0,0.0,0.0,0.0,0.0
B,R04,training,02,143,0,0.0,0.0,0.0,0.0
B,R04,training,02,144,0,0.0,0.0,0.0,0.0
B,R04,training,02,145,0,0.0,0.0,0.0,0.0
B,R04,training,02,146,0,0.0,0.0,0.0,0.0
B,R04,training,02,147,0,0.0,0.0,0.0,0.0
B,R04,training,02,148,0,0.0,0.0,0.0,0.0
B,R04,training,02,149,0,0.0,0.0,0.0,0.0
B,R04,training,02,150,0,0.0,0.0,0.0,0.0
B,R04,training,02,151,0,0.0,0.0,0.0,0.0
B,R04,training,02,152,0,0.0,0.0,0.0,0.0
B,R04,training,02,153,0,0.0,0.0,0.0,0.0
B,R04,training,02,154,0,0.0,0.0,0.0,0.0
B,R04,training,02,155,0,0.0,0.0,0.0,0.0
B,R04,training,02,156,0,0.0,0.0,0.0,0.0
B,R04,training,02,157,0,0.0,0.0,0.0,0.0
B,R04,training,02,158,0,0.0,0.0,0.0,0.0
B,R04,training,02,159,0,0.0,0.0,0.0,0.0
B,R04,training,02,160,0,0.0,0.0,0.0,0.0
B,R04,training,02,161,0,0.0,0.0,0.0,0.0
B,R04,training,02,162,0,0.0,0.0,0.0,0.0
B,R04,training,02,163,0,0.0,0.0,0.0,0.0
B,R04,training,02,164,0,0.0,0.0,0.0,0.0
B,R04,training,02,165,0,0.0,0.0,0.0,0.0
B,R04,training,02,166,0,0.0,0.0,0.0,0.0
B,R04,training,02,167,0,0.0,0.0,0.0,0.0
B,R04,training,02,168,0,0.0,0.0,0.0,0.0
B,R04,training,02,169,0,0.0,0.0,0.0,0.0
B,R04,training,02,170,0,0.0,0.0,0.0,0.0
B,R04,training,02,171,0,0.0,0.0,0.0,0.0
B,R04,training,02,172,0,0.0,0.0,0.0,0.0
B,R04,training,02,173,0,0.0,0.0,0.0,0.0
B,R04,training,02,174,0,0.0,0.0,0.0,0.0
B,R04,training,02,175,0,0.0,0.0,0.0,0.0
B,R04,training,02,176,0,0.0,0.0,0.0,0.0
B,R04,training,02,177,0,0.0,0.0,0.0,0.0
B,R04,training,02,178,0,0.0,0.0,0.0,0.0
B,R04,training,02,179,0,0.0,0.0,0.0,0.0
B,R04,training,02,180,0,0.0,0.0,0.0,0.0
B,R04,training,02,181,0,0.0,0.0,0.0,0.0
B,R04,training,02,182,0,0.0,0.0,0.0,0.0
B,R04,training,02,183,0,0.0,0.0,0.0,0.0
B,R04,training,02,184,0,0.0,0.0,0.0,0.0
B,R04,training,02,185,0,0.0,0.0,0.0,0.0
B,R04,training,02,186,0,0.0,0.0,0.0,0.0
B,R04,training,02,187,0,0.0,0.0,0.0,0.0
B,R04,training,02,188,0,0.0,0.0,0.0,0.0
B,R04,training,02,189,0,0.0,0.0,0.0,0.0
B,R04,training,02,190,0,0.0,0.0,0.0,0.0
B,R04,training,02,191,0,0.0,0.0,0.0,0.0
B,R04,training,02,192,0,0.0,0.0,0.0,0.0
B,R04,training,02,193,0,0.0,0.0,0.0,0.0
B,R04,training,02,194,0,0.0,0.0,0.0,0.0
B,R04,training,02,195,0,0.0,0.0,0.0,0.0
B,R04,training,02,196,0,0.0,0.0,0.0,0.0
B,R04,training,02,197,0,0.0,0.0,0.0,0.0
B,R04,training,02,198,0,0.0,0.0,0.0,0.0
B,R04,training,02,199,0,0.0,0.0,0.0,0.0
B,R04,training,02,200,0,0.0,0.0,0.0,0.0
B,R04,training,02,201,0,0.0,0.0,0.0,0.0
B,R04,training,02,202,0,0.0,0.0,0.0,0.0
B,R04,training,02,203,0,0.0,0.0,0.0,0.0
B,R04,training,02,204,0,0.0,0.0,0.0,0.0
B,R04,training,02,205,0,0.0,0.0,0.0,0.0
B,R04,training,02,206,0,0.0,0.0,0.0,0.0
B,R04,training,02,207,0,0.0,0.0,0.0,0.0
B,R04,training,02,208,0,0.0,0.0,0.0,0.0
B,R04,training,02,209,0,0.0,0.0,0.0,0.0
B,R04,training,02,210,0,0.0,0.0,0.0,0.0
B,R04,training,02,211,0,0.0,0.0,0.0,0.0
B,R04,training,02,212,0,0.0,0.0,0.0,0.0
B,R04,training,02,213,0,0.0,0.0,0.0,0.0
B,R04,training,02,214,0,0.0,0.0,0.0,0.0
B,R04,training,02,215,0,0.0,0.0,0.0,0.0
B,R04,training,02,216,0,0.0,0.0,0.0,0.0
B,R04,training,02,217,0,0.0,0.0,0.0,0.0
B,R04,training,02,218,0,0.0,0.0,0.0,0.0
B,R04,training,02,219,0,0.0,0.0,0.0,0.0
B,R04,training,02,220,0,0.0,0.0,0.0,0.0
B,R04,training,02,221,0,0.0,0.0,0.0,0.0
B,R04,training,02,222,0,0.0,0.0,0.0,0.0
B,R04,training,02,223,0,0.0,0.0,0.0,0.0
B,R04,training,02,224,0,0.0,0.0,0.0,0.0
B,R04,training,02,225,0,0.0,0.0,0.0,0.0
B,R04,training,02,226,0,0.0,0.0,0.0,0.0
B,R04,training,02,227,0,0.0,0.0,0.0,0.0
B,R04,training,02,228,0,0.0,0.0,0.0,0.0
B,R04,training,02,229,0,0.0,0.0,0.0,0.0
B,R04,training,02,230,0,0.0,0.0,0.0,0.0
B,R04,training,02,231,0,0.0,0.0,0.0,0.0
B,R04,training,02,232,0,0.0,0.0,0.0,0.0
B,R04,training,02,233,0,0.0,0.0,0.0,0.0
B,R04,training,02,234,0,0.0,0.0,0.0,0.0
B,R04,training,02,235,0,0.0,0.0,0.0,0.0
B,R04,training,02,236,0,0.0,0.0,0.0,0.0
B,R04,training,02,237,0,0.0,0.0,0.0,0.0
B,R04,training,02,238,0,0.0,0.0,0.0,0.0
B,R04,training,02,239,0,0.0,0.0,0.0,0.0
B,R04,training,02,240,0,0.0,0.0,0.0,0.0
B,R04,training,02,241,0,0.0,0.0,0.0,0.0
B,R04,training,02,242,0,0.0,0.0,0.0,0.0
B,R04,training,02,243,0,0.0,0.0,0.0,0.0
B,R04,training,02,244,0,0.0,0.0,0.0,0.0
B,R04,training,02,245,0,0.0,0.0,0.0,0.0
B,R04,training,02,246,0,0.0,0.0,0.0,0.0
B,R04,training,02,247,0,0.0,0.0,0.0,0.0
B,R04,training,02,248,0,0.0,0.0,0.0,0.0
B,R04,training,02,249,0,0.0,0.0,0.0,0.0
B,R04,training,02,250,0,0.0,0.0,0.0,0.0
B,R04,training,02,251,0,0.0,0.0,0.0,0.0
B,R04,training,02,252,0,0.0,0.0,0.0,0.0
B,R04,training,02,253,0,0.0,0.0,0.0,0.0
B,R04,training,02,254,0,0.0,0.0,0.0,0.0
B,R04,training,02,255,0,0.0,0.0,0.0,0.0
B,R04,training,02,256,0,0.0,0.0,0.0,0.0
B,R04,training,02,257,0,0.0,0.0,0.0,0.0
B,R04,training,02,258,0,0.0,0.0,0.0,0.0
B,R04,training,02,259,0,0.0,0.0,0.0,0.0
B,R04,training,02,260,0,0.0,0.0,0.0,0.0
B,R04,training,02,261,0,0.0,0.0,0.0,0.0
B,R04,training,02,262,0,0.0,0.0,0.0,0.0
B,R04,training,02,263,0,0.0,0.0,0.0,0.0
B,R04,training,02,264,0,0.0,0.0,0.0,0.0
B,R04,training,02,265,0,0.0,0.0,0.0,0.0
B,R04,training,02,266,0,0.0,0.0,0.0,0.0
B,R04,training,02,267,0,0.0,0.0,0.0,0.0
B,R04,training,02,268,0,0.0,0.0,0.0,0.0
B,R04,training,02,269,0,0.0,0.0,0.0,0.0
B,R04,training,02,270,0,0.0,0.0,0.0,0.0
B,R04,training,02,271,0,0.0,0.0,0.0,0.0
B,R04,training,02,272,0,0.0,0.0,0.0,0.0
B,R04,training,02,273,0,0.0,0.0,0.0,0.0
B,R04,training,02,274,0,0.0,0.0,0.0,0.0
B,R04,training,02,275,0,0.0,0.0,0.0,0.0
B,R04,training,02,276,0,0.0,0.0,0.0,0.0
B,R04,training,02,277,0,0.0,0.0,0.0,0.0
B,R04,training,02,278,0,0.0,0.0,0.0,0.0
B,R04,training,02,279,0,0.0,0.0,0.0,0.0
B,R04,training,02,280,0,0.0,0.0,0.0,0.0
B,R04,training,02,281,0,0.0,0.0,0.0,0.0
B,R04,training,02,282,0,0.0,0.0,0.0,0.0
B,R04,training,02,283,0,0.0,0.0,0.0,0.0
B,R04,training,02,284,0,0.0,0.0,0.0,0.0
B,R04,training,02,285,0,0.0,0.0,0.0,0.0
B,R04,training,02,286,0,0.0,0.0,0.0,0.0
B,R04,training,02,287,0,0.0,0.0,0.0,0.0
B,R04,training,02,288,0,0.0,0.0,0.0,0.0
B,R04,training,02,289,0,0.0,0.0,0.0,0.0
B,R04,training,02,290,0,0.0,0.0,0.0,0.0
B,R04,training,02,291,0,0.0,0.0,0.0,0.0
B,R04,training,02,292,0,0.0,0.0,0.0,0.0
B,R04,training,02,293,0,0.0,0.0,0.0,0.0
B,R04,training,02,294,0,0.0,0.0,0.0,0.0
B,R04,training,02,295,0,0.0,0.0,0.0,0.0
B,R04,training,02,296,0,0.0,0.0,0.0,0.0
B,R04,training,02,297,0,0.0,0.0,0.0,0.0
B,R04,training,02,298,0,0.0,0.0,0.0,0.0
B,R04,training,02,299,0,0.0,0.0,0.0,0.0
B,R04,training,02,300,0,0.0,0.0,0.0,0.0
B,R04,training,02,301,0,0.0,0.0,0.0,0.0
B,R04,training,02,302,0,0.0,0.0,0.0,0.0
B,R04,training,02,303,0,0.0,0.0,0.0,0.0
B,R04,training,02,304,0,0.0,0.0,0.0,0.0
B,R04,training,02,305,0,0.0,0.0,0.0,0.0
B,R04,training,02,306,0,0.0,0.0,0.0,0.0
B,R04,training,02,307,0,0.0,0.0,0.0,0.0
B,R04,training,02,308,0,0.0,0.0,0.0,0.0
B,R04,training,02,309,0,0.0,0.0,0.0,0.0
B,R04,training,02,310,0,0.0,0.0,0.0,0.0
B,R04,training,02,311,0,0.0,0.0,0.0,0.0
B,R04,training,02,312,0,0.0,0.0,0.0,0.0
B,R04,training,02,313,0,0.0,0.0,0.0,0.0
B,R04,training,02,314,0,0.0,0.0,0.0,0.0
B,R04,training,02,315,0,0.0,0.0,0.0,0.0
B,R04,training,02,316,0,0.0,0.0,0.0,0.0
B,R04,training,02,317,0,0.0,0.0,0.0,0.0
B,R04,training,02,318,0,0.0,0.0,0.0,0.0
B,R04,training,02,319,0,0.0,0.0,0.0,0.0
B,R04,training,02,320,0,0.0,0.0,0.0,0.0
B,R04,training,02,321,0,0.0,0.0,0.0,0.0
B,R04,training,02,322,0,0.0,0.0,0.0,0.0
B,R04,training,02,323,0,0.0,0.0,0.0,0.0
B,R04,training,02,324,0,0.0,0.0,0.0,0.0
B,R04,training,02,325,0,0.0,0.0,0.0,0.0
B,R04,training,02,326,0,0.0,0.0,0.0,0.0
B,R04,training,02,327,0,0.0,0.0,0.0,0.0
B,R04,training,02,328,0,0.0,0.0,0.0,0.0
B,R04,training,02,329,0,0.0,0.0,0.0,0.0
B,R04,training,02,330,0,0.0,0.0,0.0,0.0
B,R04,training,02,331,0,0.0,0.0,0.0,0.0
B,R04,training,02,332,0,0.0,0.0,0.0,0.0
B,R04,training,02,333,0,0.0,0.0,0.0,0.0
B,R04,training,02,334,0,0.0,0.0,0.0,0.0
B,R04,training,02,335,0,0.0,0.0,0.0,0.0
B,R04,training,02,336,0,0.0,0.0,0.0,0.0
B,R04,training,02,337,0,0.0,0.0,0.0,0.0
B,R04,training,02,338,0,0.0,0.0,0.0,0.0
B,R04,training,02,339,0,0.0,0.0,0.0,0.0
B,R04,training,02,340,0,0.0,0.0,0.0,0.0
B,R04,training,02,341,0,0.0,0.0,0.0,0.0
B,R04,training,02,342,0,0.0,0.0,0.0,0.0
B,R04,training,02,343,0,0.0,0.0,0.0,0.0
B,R04,training,02,344,0,0.0,0.0,0.0,0.0
B,R04,training,02,345,0,0.0,0.0,0.0,0.0
B,R04,training,02,346,0,0.0,0.0,0.0,0.0
B,R04,training,02,347,0,0.0,0.0,0.0,0.0
B,R04,training,02,348,0,0.0,0.0,0.0,0.0
B,R04,training,02,349,0,0.0,0.0,0.0,0.0
B,R04,training,02,350,0,0.0,0.0,0.0,0.0
B,R04,training,02,351,0,0.0,0.0,0.0,0.0
B,R04,training,02,352,0,0.0,0.0,0.0,0.0
B,R04,training,02,353,0,0.0,0.0,0.0,0.0
B,R04,training,02,354,0,0.0,0.0,0.0,0.0
B,R04,training,02,355,0,0.0,0.0,0.0,0.0
B,R04,training,02,356,0,0.0,0.0,0.0,0.0
B,R04,training,02,357,0,0.0,0.0,0.0,0.0
B,R04,training,02,358,0,0.0,0.0,0.0,0.0
B,R04,training,02,359,0,0.0,0.0,0.0,0.0
B,R04,training,02,360,0,0.0,0.0,0.0,0.0
B,R04,training,02,361,0,0.0,0.0,0.0,0.0
B,R04,training,02,362,0,0.0,0.0,0.0,0.0
B,R04,training,02,363,0,0.0,0.0,0.0,0.0
B,R04,training,02,364,0,0.0,0.0,0.0,0.0
B,R04,training,02,365,0,0.0,0.0,0.0,0.0
B,R04,training,02,366,0,0.0,0.0,0.0,0.0
B,R04,training,02,367,0,0.0,0.0,0.0,0.0
B,R04,training,02,368,0,0.0,0.0,0.0,0.0
B,R04,training,02,369,0,0.0,0.0,0.0,0.0
B,R04,training,02,370,0,0.0,0.0,0.0,0.0
B,R04,training,02,371,0,0.0,0.0,0.0,0.0
B,R04,training,02,372,0,0.0,0.0,0.0,0.0
B,R04,training,02,373,0,0.0,0.0,0.0,0.0
B,R04,training,02,374,0,0.0,0.0,0.0,0.0
B,R04,training,02,375,0,0.0,0.0,0.0,0.0
B,R04,training,02,376,0,0.0,0.0,0.0,0.0
B,R04,training,02,377,0,0.0,0.0,0.0,0.0
B,R04,training,02,378,0,0.0,0.0,0.0,0.0
B,R04,training,02,379,0,0.0,0.0,0.0,0.0
B,R04,training,02,380,0,0.0,0.0,0.0,0.0
B,R04,training,02,381,0,0.0,0.0,0.0,0.0
B,R04,training,02,382,0,0.0,0.0,0.0,0.0
B,R04,training,02,383,0,0.0,0.0,0.0,0.0
B,R04,training,02,384,0,0.0,0.0,0.0,0.0
B,R04,training,02,385,0,0.0,0.0,0.0,0.0
B,R04,training,02,386,0,0.0,0.0,0.0,0.0
B,R04,training,02,387,0,0.0,0.0,0.0,0.0
B,R04,training,02,388,0,0.0,0.0,0.0,0.0
B,R04,training,02,389,0,0.0,0.0,0.0,0.0
B,R04,training,02,390,0,0.0,0.0,0.0,0.0
B,R04,training,02,391,0,0.0,0.0,0.0,0.0
B,R04,training,02,392,0,0.0,0.0,0.0,0.0
B,R04,training,02,393,0,0.0,0.0,0.0,0.0
B,R04,training,02,394,0,0.0,0.0,0.0,0.0
B,R04,training,02,395,0,0.0,0.0,0.0,0.0
B,R04,training,02,396,0,0.0,0.0,0.0,0.0
B,R04,training,02,397,0,0.0,0.0,0.0,0.0
B,R04,training,02,398,0,0.0,0.0,0.0,0.0
B,R04,training,02,399,0,0.0,0.0,0.0,0.0
B,R04,training,02,400,0,0.0,0.0,0.0,0.0
B,R04,training,02,401,0,0.0,0.0,0.0,0.0
B,R04,training,02,402,0,0.0,0.0,0.0,0.0
B,R04,training,02,403,0,0.0,0.0,0.0,0.0
B,R04,training,02,404,0,0.0,0.0,0.0,0.0
B,R04,training,02,405,0,0.0,0.0,0.0,0.0
B,R04,training,02,406,0,0.0,0.0,0.0,0.0
B,R04,training,02,407,0,0.0,0.0,0.0,0.0
B,R04,training,02,408,0,0.0,0.0,0.0,0.0
C,R04,training,02,0,0,0.0,0.0,0.0,0.0
C,R04,training,02,1,0,0.0,0.0,0.0,0.0
C,R04,training,02,2,0,0.0,0.0,0.0,0.0
C,R04,training,02,3,0,0.0,0.0,0.0,0.0
C,R04,training,02,4,0,0.0,0.0,0.0,0.0
C,R04,training,02,5,0,0.0,0.0,0.0,0.0
C,R04,training,02,6,0,0.0,0.0,0.0,0.0
C,R04,training,02,7,0,0.0,0.0,0.0,0.0
C,R04,training,02,8,0,0.0,0.0,0.0,0.0
C,R04,training,02,9,0,0.0,0.0,0.0,0.0
C,R04,training,02,10,0,0.0,0.0,0.0,0.0
C,R04,training,02,11,0,0.0,0.0,0.0,0.0
C,R04,training,02,12,0,0.0,0.0,0.0,0.0
C,R04,training,02,13,0,0.0,0.0,0.0,0.0
C,R04,training,02,14,0,0.0,0.0,0.0,0.0
C,R04,training,02,15,0,0.0,0.0,0.0,0.0
C,R04,training,02,16,0,0.0,0.0,0.0,0.0
C,R04,training,02,17,0,0.0,0.0,0.0,0.0
C,R04,training,02,18,0,0.0,0.0,0.0,0.0
C,R04,training,02,19,0,0.0,0.0,0.0,0.0
C,R04,training,02,20,0,0.0,0.0,0.0,0.0
C,R04,training,02,21,0,0.0,0.0,0.0,0.0
C,R04,training,02,22,0,0.0,0.0,0.0,0.0
C,R04,training,02,23,0,0.0,0.0,0.0,0.0
C,R04,training,02,24,0,0.0,0.0,0.0,0.0
C,R04,training,02,25,0,0.0,0.0,0.0,0.0
C,R04,training,02,26,0,0.0,0.0,0.0,0.0
C,R04,training,02,27,0,0.0,0.0,0.0,0.0
C,R04,training,02,28,0,0.0,0.0,0.0,0.0
C,R04,training,02,29,0,0.0,0.0,0.0,0.0
C,R04,training,02,30,0,0.0,0.0,0.0,0.0
C,R04,training,02,31,0,0.0,0.0,0.0,0.0
C,R04,training,02,32,0,0.0,0.0,0.0,0.0
C,R04,training,02,33,0,0.0,0.0,0.0,0.0
C,R04,training,02,34,0,0.0,0.0,0.0,0.0
C,R04,training,02,35,0,0.0,0.0,0.0,0.0
C,R04,training,02,36,0,0.0,0.0,0.0,0.0
C,R04,training,02,37,0,0.0,0.0,0.0,0.0
C,R04,training,02,38,0,0.0,0.0,0.0,0.0
C,R04,training,02,39,0,0.0,0.0,0.0,0.0
C,R04,training,02,40,0,0.0,0.0,0.0,0.0
C,R04,training,02,41,0,0.0,0.0,0.0,0.0
C,R04,training,02,42,0,0.0,0.0,0.0,0.0
C,R04,training,02,43,0,0.0,0.0,0.0,0.0
C,R04,training,02,44,0,0.0,0.0,0.0,0.0
C,R04,training,02,45,0,0.0,0.0,0.0,0.0
C,R04,training,02,46,0,0.0,0.0,0.0,0.0
C,R04,training,02,47,0,0.0,0.0,0.0,0.0
C,R04,training,02,48,0,0.0,0.0,0.0,0.0
C,R04,training,02,49,0,0.0,0.0,0.0,0.0
C,R04,training,02,50,0,0.0,0.0,0.0,0.0
C,R04,training,02,51,0,0.0,0.0,0.0,0.0
C,R04,training,02,52,0,0.0,0.0,0.0,0.0
C,R04,training,02,53,0,0.0,0.0,0.0,0.0
C,R04,training,02,54,0,0.0,0.0,0.0,0.0
C,R04,training,02,55,0,0.0,0.0,0.0,0.0
C,R04,training,02,56,0,0.0,0.0,0.0,0.0
C,R04,training,02,57,0,0.0,0.0,0.0,0.0
C,R04,training,02,58,0,0.0,0.0,0.0,0.0
C,R04,training,02,59,0,0.0,0.0,0.0,0.0
C,R04,training,02,60,0,0.0,0.0,0.0,0.0
C,R04,training,02,61,0,0.0,0.0,0.0,0.0
C,R04,training,02,62,0,0.0,0.0,0.0,0.0
C,R04,training,02,63,0,0.0,0.0,0.0,0.0
C,R04,training,02,64,0,0.0,0.0,0.0,0.0
C,R04,training,02,65,0,0.0,0.0,0.0,0.0
C,R04,training,02,66,0,0.0,0.0,0.0,0.0
C,R04,training,02,67,0,0.0,0.0,0.0,0.0
C,R04,training,02,68,0,0.0,0.0,0.0,0.0
C,R04,training,02,69,0,0.0,0.0,0.0,0.0
C,R04,training,02,70,0,0.0,0.0,0.0,0.0
C,R04,training,02,71,0,0.0,0.0,0.0,0.0
C,R04,training,02,72,0,0.0,0.0,0.0,0.0
C,R04,training,02,73,0,0.0,0.0,0.0,0.0
C,R04,training,02,74,0,0.0,0.0,0.0,0.0
C,R04,training,02,75,0,0.0,0.0,0.0,0.0
C,R04,training,02,76,0,0.0,0.0,0.0,0.0
C,R04,training,02,77,0,0.0,0.0,0.0,0.0
C,R04,training,02,78,0,0.0,0.0,0.0,0.0
C,R04,training,02,79,0,0.0,0.0,0.0,0.0
C,R04,training,02,80,0,0.0,0.0,0.0,0.0
C,R04,training,02,81,0,0.0,0.0,0.0,0.0
C,R04,training,02,82,0,0.0,0.0,0.0,0.0
C,R04,training,02,83,0,0.0,0.0,0.0,0.0
C,R04,training,02,84,0,0.0,0.0,0.0,0.0
C,R04,training,02,85,0,0.0,0.0,0.0,0.0
C,R04,training,02,86,0,0.0,0.0,0.0,0.0
C,R04,training,02,87,0,0.0,0.0,0.0,0.0
C,R04,training,02,88,0,0.0,0.0,0.0,0.0
C,R04,training,02,89,0,0.0,0.0,0.0,0.0
C,R04,training,02,90,0,0.0,0.0,0.0,0.0
C,R04,training,02,91,0,0.0,0.0,0.0,0.0
C,R04,training,02,92,0,0.0,0.0,0.0,0.0
C,R04,training,02,93,0,0.0,0.0,0.0,0.0
C,R04,training,02,94,0,0.0,0.0,0.0,0.0
C,R04,training,02,95,0,0.0,0.0,0.0,0.0
C,R04,training,02,96,0,0.0,0.0,0.0,0.0
C,R04,training,02,97,0,0.0,0.0,0.0,0.0
C,R04,training,02,98,0,0.0,0.0,0.0,0.0
C,R04,training,02,99,0,0.0,0.0,0.0,0.0
C,R04,training,02,100,0,0.0,0.0,0.0,0.0
C,R04,training,02,101,0,0.0,0.0,0.0,0.0
C,R04,training,02,102,0,0.0,0.0,0.0,0.0
C,R04,training,02,103,0,0.0,0.0,0.0,0.0
C,R04,training,02,104,0,0.0,0.0,0.0,0.0
C,R04,training,02,105,0,0.0,0.0,0.0,0.0
C,R04,training,02,106,0,0.0,0.0,0.0,0.0
C,R04,training,02,107,0,0.0,0.0,0.0,0.0
C,R04,training,02,108,0,0.0,0.0,0.0,0.0
C,R04,training,02,109,0,0.0,0.0,0.0,0.0
C,R04,training,02,110,0,0.0,0.0,0.0,0.0
C,R04,training,02,111,0,0.0,0.0,0.0,0.0
C,R04,training,02,112,0,0.0,0.0,0.0,0.0
C,R04,training,02,113,0,0.0,0.0,0.0,0.0
C,R04,training,02,114,0,0.0,0.0,0.0,0.0
C,R04,training,02,115,0,0.0,0.0,0.0,0.0
C,R04,training,02,116,0,0.0,0.0,0.0,0.0
C,R04,training,02,117,0,0.0,0.0,0.0,0.0
C,R04,training,02,118,0,0.0,0.0,0.0,0.0
C,R04,training,02,119,0,0.0,0.0,0.0,0.0
C,R04,training,02,120,0,0.0,0.0,0.0,0.0
C,R04,training,02,121,0,0.0,0.0,0.0,0.0
C,R04,training,02,122,0,0.0,0.0,0.0,0.0
C,R04,training,02,123,0,0.0,0.0,0.0,0.0
C,R04,training,02,124,0,0.0,0.0,0.0,0.0
C,R04,training,02,125,0,0.0,0.0,0.0,0.0
C,R04,training,02,126,0,0.0,0.0,0.0,0.0
C,R04,training,02,127,0,0.0,0.0,0.0,0.0
C,R04,training,02,128,0,0.0,0.0,0.0,0.0
C,R04,training,02,129,0,0.0,0.0,0.0,0.0
C,R04,training,02,130,0,0.0,0.0,0.0,0.0
C,R04,training,02,131,0,0.0,0.0,0.0,0.0
C,R04,training,02,132,0,0.0,0.0,0.0,0.0
C,R04,training,02,133,0,0.0,0.0,0.0,0.0
C,R04,training,02,134,0,0.0,0.0,0.0,0.0
C,R04,training,02,135,0,0.0,0.0,0.0,0.0
C,R04,training,02,136,0,0.0,0.0,0.0,0.0
C,R04,training,02,137,0,0.0,0.0,0.0,0.0
C,R04,training,02,138,0,0.0,0.0,0.0,0.0
C,R04,training,02,139,0,0.0,0.0,0.0,0.0
C,R04,training,02,140,0,0.0,0.0,0.0,0.0
C,R04,training,02,141,0,0.0,0.0,0.0,0.0
C,R04,training,02,142,0,0.0,0.0,0.0,0.0
C,R04,training,02,143,0,0.0,0.0,0.0,0.0
C,R04,training,02,144,0,0.0,0.0,0.0,0.0
C,R04,training,02,145,0,0.0,0.0,0.0,0.0
C,R04,training,02,146,0,0.0,0.0,0.0,0.0
C,R04,training,02,147,0,0.0,0.0,0.0,0.0
C,R04,training,02,148,0,0.0,0.0,0.0,0.0
C,R04,training,02,149,0,0.0,0.0,0.0,0.0
C,R04,training,02,150,0,0.0,0.0,0.0,0.0
C,R04,training,02,151,0,0.0,0.0,0.0,0.0
C,R04,training,02,152,0,0.0,0.0,0.0,0.0
C,R04,training,02,153,0,0.0,0.0,0.0,0.0
C,R04,training,02,154,0,0.0,0.0,0.0,0.0
C,R04,training,02,155,0,0.0,0.0,0.0,0.0
C,R04,training,02,156,0,0.0,0.0,0.0,0.0
C,R04,training,02,157,0,0.0,0.0,0.0,0.0
C,R04,training,02,158,0,0.0,0.0,0.0,0.0
C,R04,training,02,159,0,0.0,0.0,0.0,0.0
C,R04,training,02,160,0,0.0,0.0,0.0,0.0
C,R04,training,02,161,0,0.0,0.0,0.0,0.0
C,R04,training,02,162,0,0.0,0.0,0.0,0.0
C,R04,training,02,163,0,0.0,0.0,0.0,0.0
C,R04,training,02,164,0,0.0,0.0,0.0,0.0
C,R04,training,02,165,0,0.0,0.0,0.0,0.0
C,R04,training,02,166,0,0.0,0.0,0.0,0.0
C,R04,training,02,167,0,0.0,0.0,0.0,0.0
C,R04,training,02,168,0,0.0,0.0,0.0,0.0
C,R04,training,02,169,0,0.0,0.0,0.0,0.0
C,R04,training,02,170,0,0.0,0.0,0.0,0.0
C,R04,training,02,171,0,0.0,0.0,0.0,0.0
C,R04,training,02,172,0,0.0,0.0,0.0,0.0
C,R04,training,02,173,0,0.0,0.0,0.0,0.0
C,R04,training,02,174,0,0.0,0.0,0.0,0.0
C,R04,training,02,175,0,0.0,0.0,0.0,0.0
C,R04,training,02,176,0,0.0,0.0,0.0,0.0
C,R04,training,02,177,0,0.0,0.0,0.0,0.0
C,R04,training,02,178,0,0.0,0.0,0.0,0.0
C,R04,training,02,179,0,0.0,0.0,0.0,0.0
C,R04,training,02,180,0,0.0,0.0,0.0,0.0
C,R04,training,02,181,0,0.0,0.0,0.0,0.0
C,R04,training,02,182,0,0.0,0.0,0.0,0.0
C,R04,training,02,183,0,0.0,0.0,0.0,0.0
C,R04,training,02,184,0,0.0,0.0,0.0,0.0
C,R04,training,02,185,0,0.0,0.0,0.0,0.0
C,R04,training,02,186,0,0.0,0.0,0.0,0.0
C,R04,training,02,187,0,0.0,0.0,0.0,0.0
C,R04,training,02,188,0,0.0,0.0,0.0,0.0
C,R04,training,02,189,0,0.0,0.0,0.0,0.0
C,R04,training,02,190,0,0.0,0.0,0.0,0.0
C,R04,training,02,191,0,0.0,0.0,0.0,0.0
C,R04,training,02,192,0,0.0,0.0,0.0,0.0
C,R04,training,02,193,0,0.0,0.0,0.0,0.0
C,R04,training,02,194,0,0.0,0.0,0.0,0.0
C,R04,training,02,195,0,0.0,0.0,0.0,0.0
C,R04,training,02,196,0,0.0,0.0,0.0,0.0
C,R04,training,02,197,0,0.0,0.0,0.0,0.0
C,R04,training,02,198,0,0.0,0.0,0.0,0.0
C,R04,training,02,199,0,0.0,0.0,0.0,0.0
C,R04,training,02,200,0,0.0,0.0,0.0,0.0
C,R04,training,02,201,0,0.0,0.0,0.0,0.0
C,R04,training,02,202,0,0.0,0.0,0.0,0.0
C,R04,training,02,203,0,0.0,0.0,0.0,0.0
C,R04,training,02,204,0,0.0,0.0,0.0,0.0
C,R04,training,02,205,0,0.0,0.0,0.0,0.0
C,R04,training,02,206,0,0.0,0.0,0.0,0.0
C,R04,training,02,207,0,0.0,0.0,0.0,0.0
C,R04,training,02,208,0,0.0,0.0,0.0,0.0
C,R04,training,02,209,0,0.0,0.0,0.0,0.0
C,R04,training,02,210,0,0.0,0.0,0.0,0.0
C,R04,training,02,211,0,0.0,0.0,0.0,0.0
C,R04,training,02,212,0,0.0,0.0,0.0,0.0
C,R04,training,02,213,0,0.0,0.0,0.0,0.0
C,R04,training,02,214,0,0.0,0.0,0.0,0.0
C,R04,training,02,215,0,0.0,0.0,0.0,0.0
C,R04,training,02,216,0,0.0,0.0,0.0,0.0
C,R04,training,02,217,0,0.0,0.0,0.0,0.0
C,R04,training,02,218,0,0.0,0.0,0.0,0.0
C,R04,training,02,219,0,0.0,0.0,0.0,0.0
C,R04,training,02,220,0,0.0,0.0,0.0,0.0
C,R04,training,02,221,0,0.0,0.0,0.0,0.0
C,R04,training,02,222,0,0.0,0.0,0.0,0.0
C,R04,training,02,223,0,0.0,0.0,0.0,0.0
C,R04,training,02,224,0,0.0,0.0,0.0,0.0
C,R04,training,02,225,0,0.0,0.0,0.0,0.0
C,R04,training,02,226,0,0.0,0.0,0.0,0.0
C,R04,training,02,227,0,0.0,0.0,0.0,0.0
C,R04,training,02,228,0,0.0,0.0,0.0,0.0
C,R04,training,02,229,0,0.0,0.0,0.0,0.0
C,R04,training,02,230,0,0.0,0.0,0.0,0.0
C,R04,training,02,231,0,0.0,0.0,0.0,0.0
C,R04,training,02,232,0,0.0,0.0,0.0,0.0
C,R04,training,02,233,0,0.0,0.0,0.0,0.0
C,R04,training,02,234,0,0.0,0.0,0.0,0.0
C,R04,training,02,235,0,0.0,0.0,0.0,0.0
C,R04,training,02,236,0,0.0,0.0,0.0,0.0
C,R04,training,02,237,0,0.0,0.0,0.0,0.0
C,R04,training,02,238,0,0.0,0.0,0.0,0.0
C,R04,training,02,239,0,0.0,0.0,0.0,0.0
C,R04,training,02,240,0,0.0,0.0,0.0,0.0
C,R04,training,02,241,0,0.0,0.0,0.0,0.0
C,R04,training,02,242,0,0.0,0.0,0.0,0.0
C,R04,training,02,243,0,0.0,0.0,0.0,0.0
C,R04,training,02,244,0,0.0,0.0,0.0,0.0
C,R04,training,02,245,0,0.0,0.0,0.0,0.0
C,R04,training,02,246,0,0.0,0.0,0.0,0.0
C,R04,training,02,247,0,0.0,0.0,0.0,0.0
C,R04,training,02,248,0,0.0,0.0,0.0,0.0
C,R04,training,02,249,0,0.0,0.0,0.0,0.0
C,R04,training,02,250,0,0.0,0.0,0.0,0.0
C,R04,training,02,251,0,0.0,0.0,0.0,0.0
C,R04,training,02,252,0,0.0,0.0,0.0,0.0
C,R04,training,02,253,0,0.0,0.0,0.0,0.0
C,R04,training,02,254,0,0.0,0.0,0.0,0.0
C,R04,training,02,255,0,0.0,0.0,0.0,0.0
C,R04,training,02,256,0,0.0,0.0,0.0,0.0
C,R04,training,02,257,0,0.0,0.0,0.0,0.0
C,R04,training,02,258,0,0.0,0.0,0.0,0.0
C,R04,training,02,259,0,0.0,0.0,0.0,0.0
C,R04,training,02,260,0,0.0,0.0,0.0,0.0
C,R04,training,02,261,0,0.0,0.0,0.0,0.0
C,R04,training,02,262,0,0.0,0.0,0.0,0.0
C,R04,training,02,263,0,0.0,0.0,0.0,0.0
C,R04,training,02,264,0,0.0,0.0,0.0,0.0
C,R04,training,02,265,0,0.0,0.0,0.0,0.0
C,R04,training,02,266,0,0.0,0.0,0.0,0.0
C,R04,training,02,267,0,0.0,0.0,0.0,0.0
C,R04,training,02,268,0,0.0,0.0,0.0,0.0
C,R04,training,02,269,0,0.0,0.0,0.0,0.0
C,R04,training,02,270,0,0.0,0.0,0.0,0.0
C,R04,training,02,271,0,0.0,0.0,0.0,0.0
C,R04,training,02,272,0,0.0,0.0,0.0,0.0
C,R04,training,02,273,0,0.0,0.0,0.0,0.0
C,R04,training,02,274,0,0.0,0.0,0.0,0.0
C,R04,training,02,275,0,0.0,0.0,0.0,0.0
C,R04,training,02,276,0,0.0,0.0,0.0,0.0
C,R04,training,02,277,0,0.0,0.0,0.0,0.0
C,R04,training,02,278,0,0.0,0.0,0.0,0.0
C,R04,training,02,279,0,0.0,0.0,0.0,0.0
C,R04,training,02,280,0,0.0,0.0,0.0,0.0
C,R04,training,02,281,0,0.0,0.0,0.0,0.0
C,R04,training,02,282,0,0.0,0.0,0.0,0.0
C,R04,training,02,283,0,0.0,0.0,0.0,0.0
C,R04,training,02,284,0,0.0,0.0,0.0,0.0
C,R04,training,02,285,0,0.0,0.0,0.0,0.0
C,R04,training,02,286,0,0.0,0.0,0.0,0.0
C,R04,training,02,287,0,0.0,0.0,0.0,0.0
C,R04,training,02,288,0,0.0,0.0,0.0,0.0
C,R04,training,02,289,0,0.0,0.0,0.0,0.0
C,R04,training,02,290,0,0.0,0.0,0.0,0.0
C,R04,training,02,291,0,0.0,0.0,0.0,0.0
C,R04,training,02,292,0,0.0,0.0,0.0,0.0
C,R04,training,02,293,0,0.0,0.0,0.0,0.0
C,R04,training,02,294,0,0.0,0.0,0.0,0.0
C,R04,training,02,295,0,0.0,0.0,0.0,0.0
C,R04,training,02,296,0,0.0,0.0,0.0,0.0
C,R04,training,02,297,0,0.0,0.0,0.0,0.0
C,R04,training,02,298,0,0.0,0.0,0.0,0.0
C,R04,training,02,299,0,0.0,0.0,0.0,0.0
C,R04,training,02,300,0,0.0,0.0,0.0,0.0
C,R04,training,02,301,0,0.0,0.0,0.0,0.0
C,R04,training,02,302,0,0.0,0.0,0.0,0.0
C,R04,training,02,303,0,0.0,0.0,0.0,0.0
C,R04,training,02,304,0,0.0,0.0,0.0,0.0
C,R04,training,02,305,0,0.0,0.0,0.0,0.0
C,R04,training,02,306,0,0.0,0.0,0.0,0.0
C,R04,training,02,307,0,0.0,0.0,0.0,0.0
C,R04,training,02,308,0,0.0,0.0,0.0,0.0
C,R04,training,02,309,0,0.0,0.0,0.0,0.0
C,R04,training,02,310,0,0.0,0.0,0.0,0.0
C,R04,training,02,311,0,0.0,0.0,0.0,0.0
C,R04,training,02,312,0,0.0,0.0,0.0,0.0
C,R04,training,02,313,0,0.0,0.0,0.0,0.0
C,R04,training,02,314,0,0.0,0.0,0.0,0.0
C,R04,training,02,315,0,0.0,0.0,0.0,0.0
C,R04,training,02,316,0,0.0,0.0,0.0,0.0
C,R04,training,02,317,0,0.0,0.0,0.0,0.0
C,R04,training,02,318,0,0.0,0.0,0.0,0.0
C,R04,training,02,319,0,0.0,0.0,0.0,0.0
C,R04,training,02,320,0,0.0,0.0,0.0,0.0
C,R04,training,02,321,0,0.0,0.0,0.0,0.0
C,R04,training,02,322,0,0.0,0.0,0.0,0.0
C,R04,training,02,323,0,0.0,0.0,0.0,0.0
C,R04,training,02,324,0,0.0,0.0,0.0,0.0
C,R04,training,02,325,0,0.0,0.0,0.0,0.0
C,R04,training,02,326,0,0.0,0.0,0.0,0.0
C,R04,training,02,327,0,0.0,0.0,0.0,0.0
C,R04,training,02,328,0,0.0,0.0,0.0,0.0
C,R04,training,02,329,0,0.0,0.0,0.0,0.0
C,R04,training,02,330,0,0.0,0.0,0.0,0.0
C,R04,training,02,331,0,0.0,0.0,0.0,0.0
C,R04,training,02,332,0,0.0,0.0,0.0,0.0
C,R04,training,02,333,0,0.0,0.0,0.0,0.0
C,R04,training,02,334,0,0.0,0.0,0.0,0.0
C,R04,training,02,335,0,0.0,0.0,0.0,0.0
C,R04,training,02,336,0,0.0,0.0,0.0,0.0
C,R04,training,02,337,0,0.0,0.0,0.0,0.0
C,R04,training,02,338,0,0.0,0.0,0.0,0.0
C,R04,training,02,339,0,0.0,0.0,0.0,0.0
C,R04,training,02,340,0,0.0,0.0,0.0,0.0
C,R04,training,02,341,0,0.0,0.0,0.0,0.0
C,R04,training,02,342,0,0.0,0.0,0.0,0.0
C,R04,training,02,343,0,0.0,0.0,0.0,0.0
C,R04,training,02,344,0,0.0,0.0,0.0,0.0
C,R04,training,02,345,0,0.0,0.0,0.0,0.0
C,R04,training,02,346,0,0.0,0.0,0.0,0.0
C,R04,training,02,347,0,0.0,0.0,0.0,0.0
C,R04,training,02,348,0,0.0,0.0,0.0,0.0
C,R04,training,02,349,0,0.0,0.0,0.0,0.0
C,R04,training,02,350,0,0.0,0.0,0.0,0.0
C,R04,training,02,351,0,0.0,0.0,0.0,0.0
C,R04,training,02,352,0,0.0,0.0,0.0,0.0
C,R04,training,02,353,0,0.0,0.0,0.0,0.0
C,R04,training,02,354,0,0.0,0.0,0.0,0.0
C,R04,training,02,355,0,0.0,0.0,0.0,0.0
C,R04,training,02,356,0,0.0,0.0,0.0,0.0
C,R04,training,02,357,0,0.0,0.0,0.0,0.0
C,R04,training,02,358,0,0.0,0.0,0.0,0.0
C,R04,training,02,359,0,0.0,0.0,0.0,0.0
C,R04,training,02,360,0,0.0,0.0,0.0,0.0
C,R04,training,02,361,0,0.0,0.0,0.0,0.0
C,R04,training,02,362,0,0.0,0.0,0.0,0.0
C,R04,training,02,363,0,0.0,0.0,0.0,0.0
C,R04,training,02,364,0,0.0,0.0,0.0,0.0
C,R04,training,02,365,0,0.0,0.0,0.0,0.0
C,R04,training,02,366,0,0.0,0.0,0.0,0.0
C,R04,training,02,367,0,0.0,0.0,0.0,0.0
C,R04,training,02,368,0,0.0,0.0,0.0,0.0
C,R04,training,02,369,0,0.0,0.0,0.0,0.0
C,R04,training,02,370,0,0.0,0.0,0.0,0.0
C,R04,training,02,371,0,0.0,0.0,0.0,0.0
C,R04,training,02,372,0,0.0,0.0,0.0,0.0
C,R04,training,02,373,0,0.0,0.0,0.0,0.0
C,R04,training,02,374,0,0.0,0.0,0.0,0.0
C,R04,training,02,375,0,0.0,0.0,0.0,0.0
C,R04,training,02,376,0,0.0,0.0,0.0,0.0
C,R04,training,02,377,0,0.0,0.0,0.0,0.0
C,R04,training,02,378,0,0.0,0.0,0.0,0.0
C,R04,training,02,379,0,0.0,0.0,0.0,0.0
C,R04,training,02,380,0,0.0,0.0,0.0,0.0
C,R04,training,02,381,0,0.0,0.0,0.0,0.0
C,R04,training,02,382,0,0.0,0.0,0.0,0.0
C,R04,training,02,383,0,0.0,0.0,0.0,0.0
C,R04,training,02,384,0,0.0,0.0,0.0,0.0
C,R04,training,02,385,0,0.0,0.0,0.0,0.0
C,R04,training,02,386,0,0.0,0.0,0.0,0.0
C,R04,training,02,387,0,0.0,0.0,0.0,0.0
C,R04,training,02,388,0,0.0,0.0,0.0,0.0
C,R04,training,02,389,0,0.0,0.0,0.0,0.0
C,R04,training,02,390,0,0.0,0.0,0.0,0.0
C,R04,training,02,391,0,0.0,0.0,0.0,0.0
C,R04,training,02,392,0,0.0,0.0,0.0,0.0
C,R04,training,02,393,0,0.0,0.0,0.0,0.0
C,R04,training,02,394,0,0.0,0.0,0.0,0.0
C,R04,training,02,395,0,0.0,0.0,0.0,0.0
C,R04,training,02,396,0,0.0,0.0,0.0,0.0
C,R04,training,02,397,0,0.0,0.0,0.0,0.0
C,R04,training,02,398,0,0.0,0.0,0.0,0.0
C,R04,training,02,399,0,0.0,0.0,0.0,0.0
C,R04,training,02,400,0,0.0,0.0,0.0,0.0
C,R04,training,02,401,0,0.0,0.0,0.0,0.0
C,R04,training,02,402,0,0.0,0.0,0.0,0.0
C,R04,training,02,403,0,0.0,0.0,0.0,0.0
C,R04,training,02,404,0,0.0,0.0,0.0,0.0
C,R04,training,02,405,0,0.0,0.0,0.0,0.0
C,R04,training,02,406,0,0.0,0.0,0.0,0.0
C,R04,training,02,407,0,0.0,0.0,0.0,0.0
C,R04,training,02,408,0,0.0,0.0,0.0,0.0
P1,R04,training,02,0,0,0.0,0.0,0.0,0.0
P1,R04,training,02,1,0,0.0,0.0,0.0,0.0
P1,R04,training,02,2,0,0.0,0.0,0.0,0.0
P1,R04,training,02,3,0,0.0,0.0,0.0,0.0
P1,R04,training,02,4,0,0.0,0.0,0.0,0.0
P1,R04,training,02,5,0,0.0,0.0,0.0,0.0
P1,R04,training,02,6,0,0.0,0.0,0.0,0.0
P1,R04,training,02,7,0,0.0,0.0,0.0,0.0
P1,R04,training,02,8,0,0.0,0.0,0.0,0.0
P1,R04,training,02,9,0,0.0,0.0,0.0,0.0
P1,R04,training,02,10,0,0.0,0.0,0.0,0.0
P1,R04,training,02,11,0,0.0,0.0,0.0,0.0
P1,R04,training,02,12,0,0.0,0.0,0.0,0.0
P1,R04,training,02,13,0,0.0,0.0,0.0,0.0
P1,R04,training,02,14,0,0.0,0.0,0.0,0.0
P1,R04,training,02,15,0,0.0,0.0,0.0,0.0
P1,R04,training,02,16,0,0.0,0.0,0.0,0.0
P1,R04,training,02,17,0,0.0,0.0,0.0,0.0
P1,R04,training,02,18,0,0.0,0.0,0.0,0.0
P1,R04,training,02,19,0,0.0,0.0,0.0,0.0
P1,R04,training,02,20,0,0.0,0.0,0.0,0.0
P1,R04,training,02,21,0,0.0,0.0,0.0,0.0
P1,R04,training,02,22,0,0.0,0.0,0.0,0.0
P1,R04,training,02,23,0,0.0,0.0,0.0,0.0
P1,R04,training,02,24,0,0.0,0.0,0.0,0.0
P1,R04,training,02,25,0,0.0,0.0,0.0,0.0
P1,R04,training,02,26,0,0.0,0.0,0.0,0.0
P1,R04,training,02,27,0,0.0,0.0,0.0,0.0
P1,R04,training,02,28,0,0.0,0.0,0.0,0.0
P1,R04,training,02,29,0,0.0,0.0,0.0,0.0
P1,R04,training,02,30,0,0.0,0.0,0.0,0.0
P1,R04,training,02,31,0,0.0,0.0,0.0,0.0
P1,R04,training,02,32,0,0.0,0.0,0.0,0.0
P1,R04,training,02,33,0,0.0,0.0,0.0,0.0
P1,R04,training,02,34,0,0.0,0.0,0.0,0.0
P1,R04,training,02,35,0,0.0,0.0,0.0,0.0
P1,R04,training,02,36,0,0.0,0.0,0.0,0.0
P1,R04,training,02,37,0,0.0,0.0,0.0,0.0
P1,R04,training,02,38,0,0.0,0.0,0.0,0.0
P1,R04,training,02,39,0,0.0,0.0,0.0,0.0
P1,R04,training,02,40,0,0.0,0.0,0.0,0.0
P1,R04,training,02,41,0,0.0,0.0,0.0,0.0
P1,R04,training,02,42,0,0.0,0.0,0.0,0.0
P1,R04,training,02,43,0,0.0,0.0,0.0,0.0
P1,R04,training,02,44,0,0.0,0.0,0.0,0.0
P1,R04,training,02,45,0,0.0,0.0,0.0,0.0
P1,R04,training,02,46,0,0.0,0.0,0.0,0.0
P1,R04,training,02,47,0,0.0,0.0,0.0,0.0
P1,R04,training,02,48,0,0.0,0.0,0.0,0.0
P1,R04,training,02,49,0,0.0,0.0,0.0,0.0
P1,R04,training,02,50,0,0.0,0.0,0.0,0.0
P1,R04,training,02,51,0,0.0,0.0,0.0,0.0
P1,R04,training,02,52,0,0.0,0.0,0.0,0.0
P1,R04,training,02,53,0,0.0,0.0,0.0,0.0
P1,R04,training,02,54,0,0.0,0.0,0.0,0.0
P1,R04,training,02,55,0,0.0,0.0,0.0,0.0
P1,R04,training,02,56,0,0.0,0.0,0.0,0.0
P1,R04,training,02,57,0,0.0,0.0,0.0,0.0
P1,R04,training,02,58,0,0.0,0.0,0.0,0.0
P1,R04,training,02,59,0,0.0,0.0,0.0,0.0
P1,R04,training,02,60,0,0.0,0.0,0.0,0.0
P1,R04,training,02,61,0,0.0,0.0,0.0,0.0
P1,R04,training,02,62,0,0.0,0.0,0.0,0.0
P1,R04,training,02,63,0,0.0,0.0,0.0,0.0
P1,R04,training,02,64,0,0.0,0.0,0.0,0.0
P1,R04,training,02,65,0,0.0,0.0,0.0,0.0
P1,R04,training,02,66,0,0.0,0.0,0.0,0.0
P1,R04,training,02,67,0,0.0,0.0,0.0,0.0
P1,R04,training,02,68,0,0.0,0.0,0.0,0.0
P1,R04,training,02,69,0,0.0,0.0,0.0,0.0
P1,R04,training,02,70,0,0.0,0.0,0.0,0.0
P1,R04,training,02,71,0,0.0,0.0,0.0,0.0
P1,R04,training,02,72,0,0.0,0.0,0.0,0.0
P1,R04,training,02,73,0,0.0,0.0,0.0,0.0
P1,R04,training,02,74,0,0.0,0.0,0.0,0.0
P1,R04,training,02,75,0,0.0,0.0,0.0,0.0
P1,R04,training,02,76,0,0.0,0.0,0.0,0.0
P1,R04,training,02,77,0,0.0,0.0,0.0,0.0
P1,R04,training,02,78,0,0.0,0.0,0.0,0.0
P1,R04,training,02,79,0,0.0,0.0,0.0,0.0
P1,R04,training,02,80,0,0.0,0.0,0.0,0.0
P1,R04,training,02,81,0,0.0,0.0,0.0,0.0
P1,R04,training,02,82,0,0.0,0.0,0.0,0.0
P1,R04,training,02,83,0,0.0,0.0,0.0,0.0
P1,R04,training,02,84,0,0.0,0.0,0.0,0.0
P1,R04,training,02,85,0,0.0,0.0,0.0,0.0
P1,R04,training,02,86,0,0.0,0.0,0.0,0.0
P1,R04,training,02,87,0,0.0,0.0,0.0,0.0
P1,R04,training,02,88,0,0.0,0.0,0.0,0.0
P1,R04,training,02,89,0,0.0,0.0,0.0,0.0
P1,R04,training,02,90,0,0.0,0.0,0.0,0.0
P1,R04,training,02,91,0,0.0,0.0,0.0,0.0
P1,R04,training,02,92,0,0.0,0.0,0.0,0.0
P1,R04,training,02,93,0,0.0,0.0,0.0,0.0
P1,R04,training,02,94,0,0.0,0.0,0.0,0.0
P1,R04,training,02,95,0,0.0,0.0,0.0,0.0
P1,R04,training,02,96,0,0.0,0.0,0.0,0.0
P1,R04,training,02,97,0,0.0,0.0,0.0,0.0
P1,R04,training,02,98,0,0.0,0.0,0.0,0.0
P1,R04,training,02,99,0,0.0,0.0,0.0,0.0
P1,R04,training,02,100,0,0.0,0.0,0.0,0.0
P1,R04,training,02,101,0,0.0,0.0,0.0,0.0
P1,R04,training,02,102,0,0.0,0.0,0.0,0.0
P1,R04,training,02,103,0,0.0,0.0,0.0,0.0
P1,R04,training,02,104,0,0.0,0.0,0.0,0.0
P1,R04,training,02,105,0,0.0,0.0,0.0,0.0
P1,R04,training,02,106,0,0.0,0.0,0.0,0.0
P1,R04,training,02,107,0,0.0,0.0,0.0,0.0
P1,R04,training,02,108,0,0.0,0.0,0.0,0.0
P1,R04,training,02,109,0,0.0,0.0,0.0,0.0
P1,R04,training,02,110,0,0.0,0.0,0.0,0.0
P1,R04,training,02,111,0,0.0,0.0,0.0,0.0
P1,R04,training,02,112,0,0.0,0.0,0.0,0.0
P1,R04,training,02,113,0,0.0,0.0,0.0,0.0
P1,R04,training,02,114,0,0.0,0.0,0.0,0.0
P1,R04,training,02,115,0,0.0,0.0,0.0,0.0
P1,R04,training,02,116,0,0.0,0.0,0.0,0.0
P1,R04,training,02,117,0,0.0,0.0,0.0,0.0
P1,R04,training,02,118,0,0.0,0.0,0.0,0.0
P1,R04,training,02,119,0,0.0,0.0,0.0,0.0
P1,R04,training,02,120,0,0.0,0.0,0.0,0.0
P1,R04,training,02,121,0,0.0,0.0,0.0,0.0
P1,R04,training,02,122,0,0.0,0.0,0.0,0.0
P1,R04,training,02,123,0,0.0,0.0,0.0,0.0
P1,R04,training,02,124,0,0.0,0.0,0.0,0.0
P1,R04,training,02,125,0,0.0,0.0,0.0,0.0
P1,R04,training,02,126,0,0.0,0.0,0.0,0.0
P1,R04,training,02,127,0,0.0,0.0,0.0,0.0
P1,R04,training,02,128,0,0.0,0.0,0.0,0.0
P1,R04,training,02,129,0,0.0,0.0,0.0,0.0
P1,R04,training,02,130,0,0.0,0.0,0.0,0.0
P1,R04,training,02,131,0,0.0,0.0,0.0,0.0
P1,R04,training,02,132,0,0.0,0.0,0.0,0.0
P1,R04,training,02,133,0,0.0,0.0,0.0,0.0
P1,R04,training,02,134,0,0.0,0.0,0.0,0.0
P1,R04,training,02,135,0,0.0,0.0,0.0,0.0
P1,R04,training,02,136,0,0.0,0.0,0.0,0.0
P1,R04,training,02,137,0,0.0,0.0,0.0,0.0
P1,R04,training,02,138,0,0.0,0.0,0.0,0.0
P1,R04,training,02,139,0,0.0,0.0,0.0,0.0
P1,R04,training,02,140,0,0.0,0.0,0.0,0.0
P1,R04,training,02,141,0,0.0,0.0,0.0,0.0
P1,R04,training,02,142,0,0.0,0.0,0.0,0.0
P1,R04,training,02,143,0,0.0,0.0,0.0,0.0
P1,R04,training,02,144,0,0.0,0.0,0.028512534747118998,0.027344651432227043
P1,R04,training,02,145,0,0.0,0.0,0.028512534747118998,0.02738311709365013
P1,R04,training,02,146,0,0.0,0.0,0.028512534747118998,0.027420977952019587
P1,R04,training,02,147,0,0.0,0.0,0.028512534747118998,0.027458231350343736
P1,R04,training,02,148,0,0.0,0.0,0.028512534747118998,0.02749487467180901
P1,R04,training,02,149,0,0.0,0.0,0.028512534747118998,0.027530905340086193
P1,R04,training,02,150,0,0.0,0.0,0.028512534747118998,0.027566320819632277
P1,R04,training,02,151,0,0.0,0.0,0.028512534747118998,0.02760111861598773
P1,R04,training,02,152,0,0.0,0.0,0.028512534747118998,0.027635296276069296
P1,R04,training,02,153,0,0.0,0.0,0.028512534747118998,0.027668851388458114
P1,R04,training,02,154,0,0.0,0.0,0.028512534747118998,0.027701781583683256
P1,R04,training,02,155,0,0.0,0.0,0.028512534747118998,0.027734084534500533
P1,R04,training,02,156,0,0.0,0.0,0.028512534747118998,0.027765757956166554
P1,R04,training,02,157,0,0.0,0.0,0.028512534747118998,0.02779679960670802
P1,R04,training,02,158,0,0.0,0.0,0.028512534747118998,0.027827207287186198
P1,R04,training,02,159,0,0.0,0.0,0.028512534747118998,0.027856978841956467
P1,R04,training,02,160,0,0.0,0.0,0.05895053346534096,0.057655385696950286
P1,R04,training,02,161,0,0.0,0.0,0.05895053346534096,0.057714295864196116
P1,R04,training,02,162,0,0.0,0.0,0.05895053346534096,0.05777187799388114
P1,R04,training,02,163,0,0.0,0.0,0.05895053346534096,0.05782812799235453
P1,R04,training,02,164,0,0.0,0.0,0.05895053346534096,0.05788304185800662
P1,R04,training,02,165,0,0.0,0.0,0.05895053346534096,0.05793661568174333
P1,R04,training,02,166,0,0.0,0.0,0.05895053346534096,0.05798884564744995
P1,R04,training,02,167,0,0.0,0.0,0.05895053346534096,0.058039728032444116
P1,R04,training,02,168,0,0.0,0.0,0.05895053346534096,0.058089259207918
P1,R04,training,02,169,0,0.0,0.0,0.05895053346534096,0.058137435639369656
P1,R04,training,02,170,0,0.0,0.0,0.05895053346534096,0.05818425388702333
P1,R04,training,02,171,0,0.0,0.0,0.05895053346534096,0.058229710606238806
P1,R04,training,02,172,0,0.0,0.0,0.05895053346534096,0.058273802547909585
P1,R04,training,02,173,0,0.0,0.0,0.05895053346534096,0.058316526558849925
P1,R04,training,02,174,0,0.0,0.0,0.05895053346534096,0.0583578795821707
P1,R04,training,02,175,0,0.0,0.0,0.05895053346534096,0.05839785865764389
P1,R04,training,02,176,0,0.0,0.0,0.09116512829420279,0.09037013142808152
P1,R04,training,02,177,0,0.0,0.0,0.09116512829420279,0.09042769513244955
P1,R04,training,02,178,0,0.0,0.0,0.09116512829420279,0.09048312123867222
P1,R04,training,02,179,0,0.0,0.0,0.09116512829420279,0.09053640577206888
P1,R04,training,02,180,0,0.0,0.0,0.09116512829420279,0.0905875449099957
P1,R04,training,02,181,0,0.0,0.0,0.09116512829420279,0.09063653498230263
P1,R04,training,02,182,0,0.0,0.0,0.09116512829420279,0.09068337247177248
P1,R04,training,02,183,0,0.0,0.0,0.09116512829420279,0.09072805401454172
P1,R04,training,02,184,0,0.0,0.0,0.09116512829420279,0.0907705764005031
P1,R04,training,02,185,0,0.0,0.0,0.09116512829420279,0.09081093657369012
P1,R04,training,02,186,0,0.0,0.0,0.09116512829420279,0.09084913163264298
P1,R04,training,02,187,0,0.0,0.0,0.09116512829420279,0.09088515883075628
P1,R04,training,02,188,0,0.0,0.0,0.09116512829420279,0.09091901557660809
P1,R04,training,02,189,0,0.0,0.0,0.09116512829420279,0.09095069943427074
P1,R04,training,02,190,0,0.0,0.0,0.09116512829420279,0.0909802081236029
P1,R04,training,02,191,0,0.0,0.0,0.09116512829420279,0.09100753952052293
P1,R04,training,02,192,0,0.0,0.0,0.12479352171501609,0.124612232721769
P1,R04,training,02,193,0,0.0,0.0,0.12479352171501609,0.12464367720274175
P1,R04,training,02,194,0,0.0,0.0,0.12479352171501609,0.12467213380830594
P1,R04,training,02,195,0,0.0,0.0,0.12479352171501609,0.12469760048859903
P1,R04,training,02,196,0,0.0,0.0,0.12479352171501609,0.1247200754088721
P1,R04,training,02,197,0,0.0,0.0,0.12479352171501609,0.12473955694971017
P1,R04,training,02,198,0,0.0,0.0,0.12479352171501609,0.1247560437072267
P1,R04,training,02,199,0,0.0,0.0,0.12479352171501609,0.12476953449323219
P1,R04,training,02,200,0,0.0,0.0,0.12479352171501609,0.12478002833537687
P1,R04,training,02,201,0,0.0,0.0,0.12479352171501609,0.12478752447726753
P1,R04,training,02,202,0,0.0,0.0,0.12479352171501609,0.12479202237855841
P1,R04,training,02,203,0,0.0,0.0,0.12479352171501609,0.12479352171501609
P1,R04,training,02,204,0,0.0,0.0,0.12479352171501609,0.12479202237855841
P1,R04,training,02,205,0,0.0,0.0,0.12479352171501609,0.12478752447726753
P1,R04,training,02,206,0,0.0,0.0,0.12479352171501609,0.12478002833537687
P1,R04,training,02,207,0,0.0,0.0,0.12479352171501609,0.12476953449323219
P1,R04,training,02,208,0,0.0,0.0,0.13111053273670575,0.1310711576032882
P1,R04,training,02,209,0,0.0,0.0,0.13111053273670575,0.1310538362910006
P1,R04,training,02,210,0,0.0,0.0,0.13111053273670575,0.1310333686003488
P1,R04,training,02,211,0,0.0,0.0,0.13111053273670575,0.13100975600628365
P1,R04,training,02,212,0,0.0,0.0,0.13111053273670575,0.13098300021019443
P1,R04,training,02,213,0,0.0,0.0,0.13111053273670575,0.1309531031397045
P1,R04,training,02,214,0,0.0,0.0,0.13111053273670575,0.13092006694843986
P1,R04,training,02,215,0,0.0,0.0,0.13111053273670575,0.13088389401577058
P1,R04,training,02,216,0,0.0,0.0,0.13111053273670575,0.13084458694652518
P1,R04,training,02,217,0,0.0,0.0,0.13111053273670575,0.13080214857067807
P1,R04,training,02,218,0,0.0,0.0,0.13111053273670575,0.13075658194300988
P1,R04,training,02,219,0,0.0,0.0,0.13111053273670575,0.130707890342741
P1,R04,training,02,220,0,0.0,0.0,0.13111053273670575,0.13065607727313833
P1,R04,training,02,221,0,0.0,0.0,0.13111053273670575,0.13060114646109516
P1,R04,training,02,222,0,0.0,0.0,0.13111053273670575,0.13054310185668436
P1,R04,training,02,223,0,0.0,0.0,0.13111053273670575,0.13048194763268503
P1,R04,training,02,224,0,0.0,0.0,0.13639364196824966,0.1356728791898699
P1,R04,training,02,225,0,0.0,0.0,0.13639364196824966,0.1356028048545514
P1,R04,training,02,226,0,0.0,0.0,0.13639364196824966,0.13552951000478528
P1,R04,training,02,227,0,0.0,0.0,0.13639364196824966,0.13545299990273788
P1,R04,training,02,228,0,0.0,0.0,0.13639364196824966,0.13537328003938073
P1,R04,training,02,229,0,0.0,0.0,0.13639364196824966,0.13529035613383394
P1,R04,training,02,230,0,0.0,0.0,0.13639364196824966,0.13520423413268234
P1,R04,training,02,231,0,0.0,0.0,0.13639364196824966,0.13511492020926466
P1,R04,training,02,232,0,0.0,0.0,0.13639364196824966,0.1350224207629362
P1,R04,training,02,233,0,0.0,0.0,0.13639364196824966,0.1349267424183045
P1,R04,training,02,234,0,0.0,0.0,0.13639364196824966,0.13482789202443876
P1,R04,training,02,235,0,0.0,0.0,0.13639364196824966,0.13472587665405258
P1,R04,training,02,236,0,0.0,0.0,0.13639364196824966,0.13462070360266074
P1,R04,training,02,237,0,0.0,0.0,0.13639364196824966,0.13451238038770952
P1,R04,training,02,238,0,0.0,0.0,0.13639364196824966,0.13440091474768118
P1,R04,training,02,239,0,0.0,0.0,0.13639364196824966,0.13428631464117285
P1,R04,training,02,240,0,0.0,0.0,0.14049527177823354,0.13820330623699123
P1,R04,training,02,241,0,0.0,0.0,0.14049527177823354,0.13807882791939918
P1,R04,training,02,242,0,0.0,0.0,0.14049527177823354,0.137951146819948
P1,R04,training,02,243,0,0.0,0.0,0.14049527177823354,0.13782027203348454
P1,R04,training,02,244,0,0.0,0.0,0.14049527177823354,0.13768621287645094
P1,R04,training,02,245,0,0.0,0.0,0.14049527177823354,0.13754897888577935
P1,R04,training,02,246,0,0.0,0.0,0.14049527177823354,0.13740857981776125
P1,R04,training,02,247,0,0.0,0.0,0.14049527177823354,0.13726502564689155
P1,R04,training,02,248,0,0.0,0.0,0.14049527177823354,0.13711832656468761
P1,R04,training,02,249,0,0.0,0.0,0.14049527177823354,0.13696849297848362
P1,R04,training,02,250,0,0.0,0.0,0.14049527177823354,0.13681553551019998
P1,R04,training,02,251,0,0.0,0.0,0.14049527177823354,0.1366594649950886
P1,R04,training,02,252,0,0.0,0.0,0.14049527177823354,0.13650029248045376
P1,R04,training,02,253,0,0.0,0.0,0.14049527177823354,0.13633802922434904
P1,R04,training,02,254,0,0.0,0.0,0.14049527177823354,0.1361726866942503
P1,R04,training,02,255,0,0.0,0.0,0.14049527177823354,0.1360042765657054
P1,R04,training,02,256,0,0.0,0.4994161082051162,0.1432980752920837,0.138542600697279
P1,R04,training,02,257,0,0.0,0.4994161082051162,0.1432980752920837,0.1383646098557242
P1,R04,training,02,258,0,0.0,0.4994161082051162,0.1432980752920837,0.13818352720343108
P1,R04,training,02,259,0,0.0,0.4994161082051162,0.1432980752920837,0.137999365483512
P1,R04,training,02,260,0,0.0,0.4994161082051162,0.1432980752920837,0.1378121376440622
P1,R04,training,02,261,0,0.0,0.4994161082051162,0.1432980752920837,0.13762185683664302
P1,R04,training,02,262,0,0.0,0.4994161082051162,0.1432980752920837,0.13742853641474254
P1,R04,training,02,263,0,0.0,0.4994161082051162,0.1432980752920837,0.13723218993221423
P1,R04,training,02,264,0,0.0,0.4994161082051162,0.1432980752920837,0.13703283114169368
P1,R04,training,02,265,0,0.0,0.4994161082051162,0.1432980752920837,0.13683047399299372
P1,R04,training,02,266,0,0.0,0.4994161082051162,0.1432980752920837,0.13662513263147813
P1,R04,training,02,267,0,0.0,0.4994161082051162,0.1432980752920837,0.13641682139641437
P1,R04,training,02,268,0,0.0,0.4994161082051162,0.1432980752920837,0.13620555481930524
P1,R04,training,02,269,0,0.0,0.4994161082051162,0.1432980752920837,0.13599134762220036
P1,R04,training,02,270,0,0.0,0.4994161082051162,0.1432980752920837,0.135774214715987
P1,R04,training,02,271,0,0.0,0.4994161082051162,0.1432980752920837,0.13555417119866117
P1,R04,training,02,272,0,0.0,0.4996015983427781,0.1732934072459049,0.16365893480102092
P1,R04,training,02,273,0,0.0,0.4996015983427781,0.1732934072459049,0.16338584744179452
P1,R04,training,02,274,0,0.0,0.4996015983427781,0.1732934072459049,0.16310929633006938
P1,R04,training,02,275,0,0.0,0.4996015983427781,0.1732934072459049,0.16282930060788967
P1,R04,training,02,276,0,0.0,0.4996015983427781,0.1732934072459049,0.1625458796327687
P1,R04,training,02,277,0,0.0,0.4996015983427781,0.1732934072459049,0.16225905297545998
P1,R04,training,02,278,0,0.0,0.4996015983427781,0.1732934072459049,0.16196884041770648
P1,R04,training,02,279,0,0.0,0.4996015983427781,0.1732934072459049,0.16167526194996898
P1,R04,training,02,280,0,0.0,0.4996015983427781,0.1732934072459049,0.16137833776913285
P1,R04,training,02,281,0,0.0,0.4996015983427781,0.1732934072459049,0.1610780882761946
P1,R04,training,02,282,0,0.0,0.4996015983427781,0.1732934072459049,0.16077453407392783
P1,R04,training,02,283,0,0.0,0.4996015983427781,0.1732934072459049,0.16046769596452953
P1,R04,training,02,284,0,0.0,0.4996015983427781,0.1732934072459049,0.1601575949472467
P1,R04,training,02,285,0,0.0,0.4996015983427781,0.1732934072459049,0.15984425221598392
P1,R04,training,02,286,0,0.0,0.4996015983427781,0.1732934072459049,0.15952768915689197
P1,R04,training,02,287,0,0.0,0.4996015983427781,0.1732934072459049,0.15920792734593833
P1,R04,training,02,288,0,1.0,0.5005737267952941,0.20378122533697762,0.18683790784784338
P1,R04,training,02,289,0,1.0,0.5005737267952941,0.20378122533697762,0.1864544437374769
P1,R04,training,02,290,0,1.0,0.5005737267952941,0.20378122533697762,0.1860672955391114
P1,R04,training,02,291,0,1.0,0.5005737267952941,0.20378122533697762,0.18567648948847093
P1,R04,training,02,292,0,1.0,0.5005737267952941,0.20378122533697762,0.18528205202989728
P1,R04,training,02,293,0,1.0,0.5005737267952941,0.20378122533697762,0.1848840098133727
P1,R04,training,02,294,0,1.0,0.5005737267952941,0.20378122533697762,0.18448238969152414
P1,R04,training,02,295,0,1.0,0.5005737267952941,0.20378122533697762,0.18407721871660998
P1,R04,training,02,296,0,1.0,0.5005737267952941,0.20378122533697762,0.1836685241374889
P1,R04,training,02,297,0,1.0,0.5005737267952941,0.20378122533697762,0.18325633339657207
P1,R04,training,02,298,0,1.0,0.5005737267952941,0.20378122533697762,0.1828406741267586
P1,R04,training,02,299,0,1.0,0.5005737267952941,0.20378122533697762,0.1824215741483552
P1,R04,training,02,300,0,1.0,0.5005737267952941,0.20378122533697762,0.18199906146598005
P1,R04,training,02,301,0,1.0,0.5005737267952941,0.20378122533697762,0.1815731642654519
P1,R04,training,02,302,0,1.0,0.5005737267952941,0.20378122533697762,0.1811439109106644
P1,R04,training,02,303,0,1.0,0.5005737267952941,0.20378122533697762,0.1807113299404463
P1,R04,training,02,304,0,0.0,0.4993430432992982,0.20600199698698057,0.18224005994561068
P1,R04,training,02,305,0,0.0,0.4993430432992982,0.20600199698698057,0.18179612426725153
P1,R04,training,02,306,0,0.0,0.4993430432992982,0.20600199698698057,0.18134891228832534
P1,R04,training,02,307,0,0.0,0.4993430432992982,0.20600199698698057,0.1808984535340312
P1,R04,training,02,308,0,0.0,0.4993430432992982,0.20600199698698057,0.1804447776903436
P1,R04,training,02,309,0,0.0,0.4993430432992982,0.20600199698698057,0.17998791460076327
P1,R04,training,02,310,0,0.0,0.4993430432992982,0.20600199698698057,0.1795278942630575
P1,R04,training,02,311,0,0.0,0.4993430432992982,0.20600199698698057,0.17906474682598977
P1,R04,training,02,312,0,0.0,0.4993430432992982,0.20600199698698057,0.17859850258603996
P1,R04,training,02,313,0,0.0,0.4993430432992982,0.20600199698698057,0.17812919198411492
P1,R04,training,02,314,0,0.0,0.4993430432992982,0.20600199698698057,0.1776568456022505
P1,R04,training,02,315,0,0.0,0.4993430432992982,0.20600199698698057,0.17718149416030513
P1,R04,training,02,316,0,0.0,0.4993430432992982,0.20600199698698057,0.1767031685126457
P1,R04,training,02,317,0,0.0,0.4993430432992982,0.20600199698698057,0.17622189964482585
P1,R04,training,02,318,0,0.0,0.4993430432992982,0.20600199698698057,0.175737718670258
P1,R04,training,02,319,0,0.0,0.4993430432992982,0.20600199698698057,0.17525065682687835
P1,R04,training,02,320,0,0.0,0.0,0.20640630527533244,0.1751037383520655
P1,R04,training,02,321,0,0.0,0.0,0.20640630527533244,0.17461004191459245
P1,R04,training,02,322,0,0.0,0.0,0.20640630527533244,0.1741135535670414
P1,R04,training,02,323,0,0.0,0.0,0.20640630527533244,0.17361430507421
P1,R04,training,02,324,0,0.0,0.0,0.20640630527533244,0.17311232830888107
P1,R04,training,02,325,0,0.0,0.0,0.20640630527533244,0.1726076552484536
P1,R04,training,02,326,0,0.0,0.0,0.20640630527533244,0.17210031797157138
P1,R04,training,02,327,0,0.0,0.0,0.20640630527533244,0.171590348654749
P1,R04,training,02,328,0,0.0,0.0,0.20640630527533244,0.17107777956899625
P1,R04,training,02,329,0,0.0,0.0,0.20640630527533244,0.17056264307644073
P1,R04,training,02,330,0,0.0,0.0,0.20640630527533244,0.17004497162695004
P1,R04,training,02,331,0,0.0,0.0,0.20640630527533244,0.1695247977547532
P1,R04,training,02,332,0,0.0,0.0,0.20640630527533244,0.1690021540750625
P1,R04,training,02,333,0,0.0,0.0,0.20640630527533244,0.16847707328069556
P1,R04,training,02,334,0,0.0,0.0,0.20640630527533244,0.1679495881386988
P1,R04,training,02,335,0,0.0,0.0,0.20640630527533244,0.16741973148697226
P1,R04,training,02,336,0,0.0,0.0,0.204988094966528,0.1657408579645618
P1,R04,training,02,337,0,0.0,0.0,0.204988094966528,0.16521002961004766
P1,R04,training,02,338,0,0.0,0.0,0.204988094966528,0.16467694426589194
P1,R04,training,02,339,0,0.0,0.0,0.204988094966528,0.16414163479236166
P1,R04,training,02,340,0,0.0,0.0,0.204988094966528,0.16360413410337046
P1,R04,training,02,341,0,0.0,0.0,0.204988094966528,0.16306447516314604
P1,R04,training,02,342,0,0.0,0.0,0.204988094966528,0.1625226909829021
P1,R04,training,02,343,0,0.0,0.0,0.204988094966528,0.16197881461751565
P1,R04,training,02,344,0,0.0,0.0,0.204988094966528,0.16143287916221039
P1,R04,training,02,345,0,0.0,0.0,0.204988094966528,0.1608849177492458
P1,R04,training,02,346,0,0.0,0.0,0.204988094966528,0.16033496354461335
P1,R04,training,02,347,0,0.0,0.0,0.204988094966528,0.15978304974473956
P1,R04,training,02,348,0,0.0,0.0,0.204988094966528,0.15922920957319678
P1,R04,training,02,349,0,0.0,0.0,0.204988094966528,0.15867347627742198
P1,R04,training,02,350,0,0.0,0.0,0.204988094966528,0.15811588312544392
P1,R04,training,02,351,0,0.0,0.0,0.204988094966528,0.15755646340261947
P1,R04,training,02,352,0,0.0,0.0,0.2017890417075353,0.15454517560014516
P1,R04,training,02,353,0,0.0,0.0,0.2017890417075353,0.15399098842554113
P1,R04,training,02,354,0,0.0,0.0,0.2017890417075353,0.153435101553705
P1,R04,training,02,355,0,0.0,0.0,0.2017890417075353,0.15287754778683255
P1,R04,training,02,356,0,0.0,0.0,0.2017890417075353,0.15231835992825915
P1,R04,training,02,357,0,0.0,0.0,0.2017890417075353,0.15175757077930854
P1,R04,training,02,358,0,0.0,0.0,0.2017890417075353,0.15119521313615314
P1,R04,training,02,359,0,0.0,0.0,0.2017890417075353,0.15063131978668678
P1,R04,training,02,360,0,0.0,0.0,0.2017890417075353,0.15006592350740966
P1,R04,training,02,361,0,0.0,0.0,0.2017890417075353,0.14949905706032648
P1,R04,training,02,362,0,0.0,0.0,0.2017890417075353,0.14893075318985774
P1,R04,training,02,363,0,0.0,0.0,0.2017890417075353,0.1483610446197651
P1,R04,training,02,364,0,0.0,0.0,0.2017890417075353,0.14778996405009032
P1,R04,training,02,365,0,0.0,0.0,0.2017890417075353,0.14721754415410931
P1,R04,training,02,366,0,0.0,0.0,0.2017890417075353,0.14664381757530073
P1,R04,training,02,367,0,0.0,0.0,0.2017890417075353,0.14606881692432988
P1,R04,training,02,368,0,0.0,0.0,0.19689651771014322,0.14196500009949153
P1,R04,training,02,369,0,0.0,0.0,0.19689651771014322,0.14140154971757837
P1,R04,training,02,370,0,0.0,0.0,0.19689651771014322,0.14083695139300415
P1,R04,training,02,371,0,0.0,0.0,0.19689651771014322,0.1402712367885754
P1,R04,training,02,372,0,0.0,0.0,0.19689651771014322,0.13970443752060252
P1,R04,training,02,373,0,0.0,0.0,0.19689651771014322,0.13913658515605404
P1,R04,training,02,374,0,0.0,0.0,0.19689651771014322,0.13856771120972788
P1,R04,training,02,375,0,0.0,0.0,0.19689651771014322,0.13799784714144067
P1,R04,training,02,376,0,0.0,0.0,0.19689651771014322,0.1374270243532348
P1,R04,training,02,377,0,0.0,0.0,0.19689651771014322,0.1368552741866042
P1,R04,training,02,378,0,0.0,0.0,0.19689651771014322,0.1362826279197384
P1,R04,training,02,379,0,0.0,0.0,0.19689651771014322,0.1357091167647862
P1,R04,training,02,380,0,0.0,0.0,0.19689651771014322,0.13513477186513792
P1,R04,training,02,381,0,0.0,0.0,0.19689651771014322,0.13455962429272797
P1,R04,training,02,382,0,0.0,0.0,0.19689651771014322,0.13398370504535706
P1,R04,training,02,383,0,0.0,0.0,0.19689651771014322,0.13340704504403464
P1,R04,training,02,384,0,1.0,0.5004733690246249,0.16398732111281142,0.11062858217216547
P1,R04,training,02,385,0,1.0,0.5004733690246249,0.16398732111281142,0.11014714797010972
P1,R04,training,02,386,0,1.0,0.5004733690246249,0.16398732111281142,0.10966517367643283
P1,R04,training,02,387,0,1.0,0.5004733690246249,0.16398732111281142,0.10918268476640768
P1,R04,training,02,388,0,1.0,0.5004733690246249,0.16398732111281142,0.10869970664054558
P1,R04,training,02,389,0,1.0,0.5004733690246249,0.16398732111281142,0.1082162646224893
P1,R04,training,02,390,0,1.0,0.5004733690246249,0.16398732111281142,0.10773238395692454
P1,R04,training,02,391,0,1.0,0.5004733690246249,0.16398732111281142,0.10724808980750995
P1,R04,training,02,392,0,1.0,0.5004733690246249,0.16398732111281142,0.10676340725482639
P1,R04,training,02,393,0,1.0,0.5004733690246249,0.16398732111281142,0.10627836129434508
P1,R04,training,02,394,0,1.0,0.5004733690246249,0.16398732111281142,0.10579297683441527
P1,R04,training,02,395,0,1.0,0.5004733690246249,0.16398732111281142,0.10530727869427142
P1,R04,training,02,396,0,1.0,0.5004733690246249,0.16398732111281142,0.10482129160206011
P1,R04,training,02,397,0,1.0,0.5004733690246249,0.16398732111281142,0.10433504019288699
P1,R04,training,02,398,0,1.0,0.5004733690246249,0.16398732111281142,0.10384854900688374
P1,R04,training,02,399,0,1.0,0.5004733690246249,0.16398732111281142,0.10336184248729548
P1,R04,training,02,400,0,1.0,0.5003984016572218,0.13182472384971508,0.08269823008772599
P1,R04,training,02,401,0,1.0,0.5003984016572218,0.13182472384971508,0.08230669304482471
P1,R04,training,02,402,0,1.0,0.5003984016572218,0.13182472384971508,0.08191504136665141
P1,R04,training,02,403,0,1.0,0.5003984016572218,0.13182472384971508,0.08152329437585207
P1,R04,training,02,404,0,1.0,0.5003984016572218,0.13182472384971508,0.08113147130975083
P1,R04,training,02,405,0,1.0,0.5003984016572218,0.13182472384971508,0.08073959131891345
P1,R04,training,02,406,0,1.0,0.5003984016572218,0.13182472384971508,0.08034767346572808
P1,R04,training,02,407,0,1.0,0.5003984016572218,0.13182472384971508,0.0799557367230034
P1,R04,training,02,408,0,1.0,0.5003984016572218,0.13182472384971508,0.07956379997258434
P2,R04,training,02,0,0,0.0,0.0,0.0,0.0
P2,R04,training,02,1,0,0.0,0.0,0.0,0.0
P2,R04,training,02,2,0,0.0,0.0,0.0,0.0
P2,R04,training,02,3,0,0.0,0.0,0.0,0.0
P2,R04,training,02,4,0,0.0,0.0,0.0,0.0
P2,R04,training,02,5,0,0.0,0.0,0.0,0.0
P2,R04,training,02,6,0,0.0,0.0,0.0,0.0
P2,R04,training,02,7,0,0.0,0.0,0.0,0.0
P2,R04,training,02,8,0,0.0,0.0,0.0,0.0
P2,R04,training,02,9,0,0.0,0.0,0.0,0.0
P2,R04,training,02,10,0,0.0,0.0,0.0,0.0
P2,R04,training,02,11,0,0.0,0.0,0.0,0.0
P2,R04,training,02,12,0,0.0,0.0,0.0,0.0
P2,R04,training,02,13,0,0.0,0.0,0.0,0.0
P2,R04,training,02,14,0,0.0,0.0,0.0,0.0
P2,R04,training,02,15,0,0.0,0.0,0.0,0.0
P2,R04,training,02,16,0,0.0,0.0,0.0,0.0
P2,R04,training,02,17,0,0.0,0.0,0.0,0.0
P2,R04,training,02,18,0,0.0,0.0,0.0,0.0
P2,R04,training,02,19,0,0.0,0.0,0.0,0.0
P2,R04,training,02,20,0,0.0,0.0,0.0,0.0
P2,R04,training,02,21,0,0.0,0.0,0.0,0.0
P2,R04,training,02,22,0,0.0,0.0,0.0,0.0
P2,R04,training,02,23,0,0.0,0.0,0.0,0.0
P2,R04,training,02,24,0,0.0,0.0,0.0,0.0
P2,R04,training,02,25,0,0.0,0.0,0.0,0.0
P2,R04,training,02,26,0,0.0,0.0,0.0,0.0
P2,R04,training,02,27,0,0.0,0.0,0.0,0.0
P2,R04,training,02,28,0,0.0,0.0,0.0,0.0
P2,R04,training,02,29,0,0.0,0.0,0.0,0.0
P2,R04,training,02,30,0,0.0,0.0,0.0,0.0
P2,R04,training,02,31,0,0.0,0.0,0.0,0.0
P2,R04,training,02,32,0,0.0,0.0,0.0,0.0
P2,R04,training,02,33,0,0.0,0.0,0.0,0.0
P2,R04,training,02,34,0,0.0,0.0,0.0,0.0
P2,R04,training,02,35,0,0.0,0.0,0.0,0.0
P2,R04,training,02,36,0,0.0,0.0,0.0,0.0
P2,R04,training,02,37,0,0.0,0.0,0.0,0.0
P2,R04,training,02,38,0,0.0,0.0,0.0,0.0
P2,R04,training,02,39,0,0.0,0.0,0.0,0.0
P2,R04,training,02,40,0,0.0,0.0,0.0,0.0
P2,R04,training,02,41,0,0.0,0.0,0.0,0.0
P2,R04,training,02,42,0,0.0,0.0,0.0,0.0
P2,R04,training,02,43,0,0.0,0.0,0.0,0.0
P2,R04,training,02,44,0,0.0,0.0,0.0,0.0
P2,R04,training,02,45,0,0.0,0.0,0.0,0.0
P2,R04,training,02,46,0,0.0,0.0,0.0,0.0
P2,R04,training,02,47,0,0.0,0.0,0.0,0.0
P2,R04,training,02,48,0,0.0,0.0,0.0,0.0
P2,R04,training,02,49,0,0.0,0.0,0.0,0.0
P2,R04,training,02,50,0,0.0,0.0,0.0,0.0
P2,R04,training,02,51,0,0.0,0.0,0.0,0.0
P2,R04,training,02,52,0,0.0,0.0,0.0,0.0
P2,R04,training,02,53,0,0.0,0.0,0.0,0.0
P2,R04,training,02,54,0,0.0,0.0,0.0,0.0
P2,R04,training,02,55,0,0.0,0.0,0.0,0.0
P2,R04,training,02,56,0,0.0,0.0,0.0,0.0
P2,R04,training,02,57,0,0.0,0.0,0.0,0.0
P2,R04,training,02,58,0,0.0,0.0,0.0,0.0
P2,R04,training,02,59,0,0.0,0.0,0.0,0.0
P2,R04,training,02,60,0,0.0,0.0,0.0,0.0
P2,R04,training,02,61,0,0.0,0.0,0.0,0.0
P2,R04,training,02,62,0,0.0,0.0,0.0,0.0
P2,R04,training,02,63,0,0.0,0.0,0.0,0.0
P2,R04,training,02,64,0,0.0,0.0,0.0,0.0
P2,R04,training,02,65,0,0.0,0.0,0.0,0.0
P2,R04,training,02,66,0,0.0,0.0,0.0,0.0
P2,R04,training,02,67,0,0.0,0.0,0.0,0.0
P2,R04,training,02,68,0,0.0,0.0,0.0,0.0
P2,R04,training,02,69,0,0.0,0.0,0.0,0.0
P2,R04,training,02,70,0,0.0,0.0,0.0,0.0
P2,R04,training,02,71,0,0.0,0.0,0.0,0.0
P2,R04,training,02,72,0,0.0,0.0,0.0,0.0
P2,R04,training,02,73,0,0.0,0.0,0.0,0.0
P2,R04,training,02,74,0,0.0,0.0,0.0,0.0
P2,R04,training,02,75,0,0.0,0.0,0.0,0.0
P2,R04,training,02,76,0,0.0,0.0,0.0,0.0
P2,R04,training,02,77,0,0.0,0.0,0.0,0.0
P2,R04,training,02,78,0,0.0,0.0,0.0,0.0
P2,R04,training,02,79,0,0.0,0.0,0.0,0.0
P2,R04,training,02,80,0,0.0,0.0,0.0,0.0
P2,R04,training,02,81,0,0.0,0.0,0.0,0.0
P2,R04,training,02,82,0,0.0,0.0,0.0,0.0
P2,R04,training,02,83,0,0.0,0.0,0.0,0.0
P2,R04,training,02,84,0,0.0,0.0,0.0,0.0
P2,R04,training,02,85,0,0.0,0.0,0.0,0.0
P2,R04,training,02,86,0,0.0,0.0,0.0,0.0
P2,R04,training,02,87,0,0.0,0.0,0.0,0.0
P2,R04,training,02,88,0,0.0,0.0,0.0,0.0
P2,R04,training,02,89,0,0.0,0.0,0.0,0.0
P2,R04,training,02,90,0,0.0,0.0,0.0,0.0
P2,R04,training,02,91,0,0.0,0.0,0.0,0.0
P2,R04,training,02,92,0,0.0,0.0,0.0,0.0
P2,R04,training,02,93,0,0.0,0.0,0.0,0.0
P2,R04,training,02,94,0,0.0,0.0,0.0,0.0
P2,R04,training,02,95,0,0.0,0.0,0.0,0.0
P2,R04,training,02,96,0,0.0,0.0,0.0,0.0
P2,R04,training,02,97,0,0.0,0.0,0.0,0.0
P2,R04,training,02,98,0,0.0,0.0,0.0,0.0
P2,R04,training,02,99,0,0.0,0.0,0.0,0.0
P2,R04,training,02,100,0,0.0,0.0,0.0,0.0
P2,R04,training,02,101,0,0.0,0.0,0.0,0.0
P2,R04,training,02,102,0,0.0,0.0,0.0,0.0
P2,R04,training,02,103,0,0.0,0.0,0.0,0.0
P2,R04,training,02,104,0,0.0,0.0,0.0,0.0
P2,R04,training,02,105,0,0.0,0.0,0.0,0.0
P2,R04,training,02,106,0,0.0,0.0,0.0,0.0
P2,R04,training,02,107,0,0.0,0.0,0.0,0.0
P2,R04,training,02,108,0,0.0,0.0,0.0,0.0
P2,R04,training,02,109,0,0.0,0.0,0.0,0.0
P2,R04,training,02,110,0,0.0,0.0,0.0,0.0
P2,R04,training,02,111,0,0.0,0.0,0.0,0.0
P2,R04,training,02,112,0,0.0,0.0,0.0,0.0
P2,R04,training,02,113,0,0.0,0.0,0.0,0.0
P2,R04,training,02,114,0,0.0,0.0,0.0,0.0
P2,R04,training,02,115,0,0.0,0.0,0.0,0.0
P2,R04,training,02,116,0,0.0,0.0,0.0,0.0
P2,R04,training,02,117,0,0.0,0.0,0.0,0.0
P2,R04,training,02,118,0,0.0,0.0,0.0,0.0
P2,R04,training,02,119,0,0.0,0.0,0.0,0.0
P2,R04,training,02,120,0,0.0,0.0,0.0,0.0
P2,R04,training,02,121,0,0.0,0.0,0.0,0.0
P2,R04,training,02,122,0,0.0,0.0,0.0,0.0
P2,R04,training,02,123,0,0.0,0.0,0.0,0.0
P2,R04,training,02,124,0,0.0,0.0,0.0,0.0
P2,R04,training,02,125,0,0.0,0.0,0.0,0.0
P2,R04,training,02,126,0,0.0,0.0,0.0,0.0
P2,R04,training,02,127,0,0.0,0.0,0.0,0.0
P2,R04,training,02,128,0,0.0,0.0,0.0,0.0
P2,R04,training,02,129,0,0.0,0.0,0.0,0.0
P2,R04,training,02,130,0,0.0,0.0,0.0,0.0
P2,R04,training,02,131,0,0.0,0.0,0.0,0.0
P2,R04,training,02,132,0,0.0,0.0,0.0,0.0
P2,R04,training,02,133,0,0.0,0.0,0.0,0.0
P2,R04,training,02,134,0,0.0,0.0,0.0,0.0
P2,R04,training,02,135,0,0.0,0.0,0.0,0.0
P2,R04,training,02,136,0,0.0,0.0,0.0,0.0
P2,R04,training,02,137,0,0.0,0.0,0.0,0.0
P2,R04,training,02,138,0,0.0,0.0,0.0,0.0
P2,R04,training,02,139,0,0.0,0.0,0.0,0.0
P2,R04,training,02,140,0,0.0,0.0,0.0,0.0
P2,R04,training,02,141,0,0.0,0.0,0.0,0.0
P2,R04,training,02,142,0,0.0,0.0,0.0,0.0
P2,R04,training,02,143,0,0.0,0.0,0.0,0.0
P2,R04,training,02,144,0,0.0,0.0,0.0,0.0
P2,R04,training,02,145,0,0.0,0.0,0.0,0.0
P2,R04,training,02,146,0,0.0,0.0,0.0,0.0
P2,R04,training,02,147,0,0.0,0.0,0.0,0.0
P2,R04,training,02,148,0,0.0,0.0,0.0,0.0
P2,R04,training,02,149,0,0.0,0.0,0.0,0.0
P2,R04,training,02,150,0,0.0,0.0,0.0,0.0
P2,R04,training,02,151,0,0.0,0.0,0.0,0.0
P2,R04,training,02,152,0,0.0,0.0,0.0,0.0
P2,R04,training,02,153,0,0.0,0.0,0.0,0.0
P2,R04,training,02,154,0,0.0,0.0,0.0,0.0
P2,R04,training,02,155,0,0.0,0.0,0.0,0.0
P2,R04,training,02,156,0,0.0,0.0,0.0,0.0
P2,R04,training,02,157,0,0.0,0.0,0.0,0.0
P2,R04,training,02,158,0,0.0,0.0,0.0,0.0
P2,R04,training,02,159,0,0.0,0.0,0.0,0.0
P2,R04,training,02,160,0,0.0,0.0,0.0,0.0
P2,R04,training,02,161,0,0.0,0.0,0.0,0.0
P2,R04,training,02,162,0,0.0,0.0,0.0,0.0
P2,R04,training,02,163,0,0.0,0.0,0.0,0.0
P2,R04,training,02,164,0,0.0,0.0,0.0,0.0
P2,R04,training,02,165,0,0.0,0.0,0.0,0.0
P2,R04,training,02,166,0,0.0,0.0,0.0,0.0
P2,R04,training,02,167,0,0.0,0.0,0.0,0.0
P2,R04,training,02,168,0,0.0,0.0,0.0,0.0
P2,R04,training,02,169,0,0.0,0.0,0.0,0.0
P2,R04,training,02,170,0,0.0,0.0,0.0,0.0
P2,R04,training,02,171,0,0.0,0.0,0.0,0.0
P2,R04,training,02,172,0,0.0,0.0,0.0,0.0
P2,R04,training,02,173,0,0.0,0.0,0.0,0.0
P2,R04,training,02,174,0,0.0,0.0,0.0,0.0
P2,R04,training,02,175,0,0.0,0.0,0.0,0.0
P2,R04,training,02,176,0,0.0,0.0,0.0,0.0
P2,R04,training,02,177,0,0.0,0.0,0.0,0.0
P2,R04,training,02,178,0,0.0,0.0,0.0,0.0
P2,R04,training,02,179,0,0.0,0.0,0.0,0.0
P2,R04,training,02,180,0,0.0,0.0,0.0,0.0
P2,R04,training,02,181,0,0.0,0.0,0.0,0.0
P2,R04,training,02,182,0,0.0,0.0,0.0,0.0
P2,R04,training,02,183,0,0.0,0.0,0.0,0.0
P2,R04,training,02,184,0,0.0,0.0,0.0,0.0
P2,R04,training,02,185,0,0.0,0.0,0.0,0.0
P2,R04,training,02,186,0,0.0,0.0,0.0,0.0
P2,R04,training,02,187,0,0.0,0.0,0.0,0.0
P2,R04,training,02,188,0,0.0,0.0,0.0,0.0
P2,R04,training,02,189,0,0.0,0.0,0.0,0.0
P2,R04,training,02,190,0,0.0,0.0,0.0,0.0
P2,R04,training,02,191,0,0.0,0.0,0.0,0.0
P2,R04,training,02,192,0,0.0,0.0,0.0,0.0
P2,R04,training,02,193,0,0.0,0.0,0.0,0.0
P2,R04,training,02,194,0,0.0,0.0,0.0,0.0
P2,R04,training,02,195,0,0.0,0.0,0.0,0.0
P2,R04,training,02,196,0,0.0,0.0,0.0,0.0
P2,R04,training,02,197,0,0.0,0.0,0.0,0.0
P2,R04,training,02,198,0,0.0,0.0,0.0,0.0
P2,R04,training,02,199,0,0.0,0.0,0.0,0.0
P2,R04,training,02,200,0,0.0,0.0,0.0,0.0
P2,R04,training,02,201,0,0.0,0.0,0.0,0.0
P2,R04,training,02,202,0,0.0,0.0,0.0,0.0
P2,R04,training,02,203,0,0.0,0.0,0.0,0.0
P2,R04,training,02,204,0,0.0,0.0,0.0,0.0
P2,R04,training,02,205,0,0.0,0.0,0.0,0.0
P2,R04,training,02,206,0,0.0,0.0,0.0,0.0
P2,R04,training,02,207,0,0.0,0.0,0.0,0.0
P2,R04,training,02,208,0,0.0,0.0,0.0,0.0
P2,R04,training,02,209,0,0.0,0.0,0.0,0.0
P2,R04,training,02,210,0,0.0,0.0,0.0,0.0
P2,R04,training,02,211,0,0.0,0.0,0.0,0.0
P2,R04,training,02,212,0,0.0,0.0,0.0,0.0
P2,R04,training,02,213,0,0.0,0.0,0.0,0.0
P2,R04,training,02,214,0,0.0,0.0,0.0,0.0
P2,R04,training,02,215,0,0.0,0.0,0.0,0.0
P2,R04,training,02,216,0,0.0,0.0,0.0,0.0
P2,R04,training,02,217,0,0.0,0.0,0.0,0.0
P2,R04,training,02,218,0,0.0,0.0,0.0,0.0
P2,R04,training,02,219,0,0.0,0.0,0.0,0.0
P2,R04,training,02,220,0,0.0,0.0,0.0,0.0
P2,R04,training,02,221,0,0.0,0.0,0.0,0.0
P2,R04,training,02,222,0,0.0,0.0,0.0,0.0
P2,R04,training,02,223,0,0.0,0.0,0.0,0.0
P2,R04,training,02,224,0,0.0,0.0,0.0,0.0
P2,R04,training,02,225,0,0.0,0.0,0.0,0.0
P2,R04,training,02,226,0,0.0,0.0,0.0,0.0
P2,R04,training,02,227,0,0.0,0.0,0.0,0.0
P2,R04,training,02,228,0,0.0,0.0,0.0,0.0
P2,R04,training,02,229,0,0.0,0.0,0.0,0.0
P2,R04,training,02,230,0,0.0,0.0,0.0,0.0
P2,R04,training,02,231,0,0.0,0.0,0.0,0.0
P2,R04,training,02,232,0,0.0,0.0,0.0,0.0
P2,R04,training,02,233,0,0.0,0.0,0.0,0.0
P2,R04,training,02,234,0,0.0,0.0,0.0,0.0
P2,R04,training,02,235,0,0.0,0.0,0.0,0.0
P2,R04,training,02,236,0,0.0,0.0,0.0,0.0
P2,R04,training,02,237,0,0.0,0.0,0.0,0.0
P2,R04,training,02,238,0,0.0,0.0,0.0,0.0
P2,R04,training,02,239,0,0.0,0.0,0.0,0.0
P2,R04,training,02,240,0,0.0,0.0,0.0,0.0
P2,R04,training,02,241,0,0.0,0.0,0.0,0.0
P2,R04,training,02,242,0,0.0,0.0,0.0,0.0
P2,R04,training,02,243,0,0.0,0.0,0.0,0.0
P2,R04,training,02,244,0,0.0,0.0,0.0,0.0
P2,R04,training,02,245,0,0.0,0.0,0.0,0.0
P2,R04,training,02,246,0,0.0,0.0,0.0,0.0
P2,R04,training,02,247,0,0.0,0.0,0.0,0.0
P2,R04,training,02,248,0,0.0,0.0,0.0,0.0
P2,R04,training,02,249,0,0.0,0.0,0.0,0.0
P2,R04,training,02,250,0,0.0,0.0,0.0,0.0
P2,R04,training,02,251,0,0.0,0.0,0.0,0.0
P2,R04,training,02,252,0,0.0,0.0,0.0,0.0
P2,R04,training,02,253,0,0.0,0.0,0.0,0.0
P2,R04,training,02,254,0,0.0,0.0,0.0,0.0
P2,R04,training,02,255,0,0.0,0.0,0.0,0.0
P2,R04,training,02,256,0,0.0,0.0,0.0,0.0
P2,R04,training,02,257,0,0.0,0.0,0.0,0.0
P2,R04,training,02,258,0,0.0,0.0,0.0,0.0
P2,R04,training,02,259,0,0.0,0.0,0.0,0.0
P2,R04,training,02,260,0,0.0,0.0,0.0,0.0
P2,R04,training,02,261,0,0.0,0.0,0.0,0.0
P2,R04,training,02,262,0,0.0,0.0,0.0,0.0
P2,R04,training,02,263,0,0.0,0.0,0.0,0.0
P2,R04,training,02,264,0,0.0,0.0,0.0,0.0
P2,R04,training,02,265,0,0.0,0.0,0.0,0.0
P2,R04,training,02,266,0,0.0,0.0,0.0,0.0
P2,R04,training,02,267,0,0.0,0.0,0.0,0.0
P2,R04,training,02,268,0,0.0,0.0,0.0,0.0
P2,R04,training,02,269,0,0.0,0.0,0.0,0.0
P2,R04,training,02,270,0,0.0,0.0,0.0,0.0
P2,R04,training,02,271,0,0.0,0.0,0.0,0.0
P2,R04,training,02,272,0,0.0,0.0,0.0,0.0
P2,R04,training,02,273,0,0.0,0.0,0.0,0.0
P2,R04,training,02,274,0,0.0,0.0,0.0,0.0
P2,R04,training,02,275,0,0.0,0.0,0.0,0.0
P2,R04,training,02,276,0,0.0,0.0,0.0,0.0
P2,R04,training,02,277,0,0.0,0.0,0.0,0.0
P2,R04,training,02,278,0,0.0,0.0,0.0,0.0
P2,R04,training,02,279,0,0.0,0.0,0.0,0.0
P2,R04,training,02,280,0,0.0,0.0,0.0,0.0
P2,R04,training,02,281,0,0.0,0.0,0.0,0.0
P2,R04,training,02,282,0,0.0,0.0,0.0,0.0
P2,R04,training,02,283,0,0.0,0.0,0.0,0.0
P2,R04,training,02,284,0,0.0,0.0,0.0,0.0
P2,R04,training,02,285,0,0.0,0.0,0.0,0.0
P2,R04,training,02,286,0,0.0,0.0,0.0,0.0
P2,R04,training,02,287,0,0.0,0.0,0.0,0.0
P2,R04,training,02,288,0,0.0,0.0,0.0,0.0
P2,R04,training,02,289,0,0.0,0.0,0.0,0.0
P2,R04,training,02,290,0,0.0,0.0,0.0,0.0
P2,R04,training,02,291,0,0.0,0.0,0.0,0.0
P2,R04,training,02,292,0,0.0,0.0,0.0,0.0
P2,R04,training,02,293,0,0.0,0.0,0.0,0.0
P2,R04,training,02,294,0,0.0,0.0,0.0,0.0
P2,R04,training,02,295,0,0.0,0.0,0.0,0.0
P2,R04,training,02,296,0,0.0,0.0,0.0,0.0
P2,R04,training,02,297,0,0.0,0.0,0.0,0.0
P2,R04,training,02,298,0,0.0,0.0,0.0,0.0
P2,R04,training,02,299,0,0.0,0.0,0.0,0.0
P2,R04,training,02,300,0,0.0,0.0,0.0,0.0
P2,R04,training,02,301,0,0.0,0.0,0.0,0.0
P2,R04,training,02,302,0,0.0,0.0,0.0,0.0
P2,R04,training,02,303,0,0.0,0.0,0.0,0.0
P2,R04,training,02,304,0,0.0,0.0,0.0,0.0
P2,R04,training,02,305,0,0.0,0.0,0.0,0.0
P2,R04,training,02,306,0,0.0,0.0,0.0,0.0
P2,R04,training,02,307,0,0.0,0.0,0.0,0.0
P2,R04,training,02,308,0,0.0,0.0,0.0,0.0
P2,R04,training,02,309,0,0.0,0.0,0.0,0.0
P2,R04,training,02,310,0,0.0,0.0,0.0,0.0
P2,R04,training,02,311,0,0.0,0.0,0.0,0.0
P2,R04,training,02,312,0,0.0,0.0,0.0,0.0
P2,R04,training,02,313,0,0.0,0.0,0.0,0.0
P2,R04,training,02,314,0,0.0,0.0,0.0,0.0
P2,R04,training,02,315,0,0.0,0.0,0.0,0.0
P2,R04,training,02,316,0,0.0,0.0,0.0,0.0
P2,R04,training,02,317,0,0.0,0.0,0.0,0.0
P2,R04,training,02,318,0,0.0,0.0,0.0,0.0
P2,R04,training,02,319,0,0.0,0.0,0.0,0.0
P2,R04,training,02,320,0,0.0,0.0,0.0,0.0
P2,R04,training,02,321,0,0.0,0.0,0.0,0.0
P2,R04,training,02,322,0,0.0,0.0,0.0,0.0
P2,R04,training,02,323,0,0.0,0.0,0.0,0.0
P2,R04,training,02,324,0,0.0,0.0,0.0,0.0
P2,R04,training,02,325,0,0.0,0.0,0.0,0.0
P2,R04,training,02,326,0,0.0,0.0,0.0,0.0
P2,R04,training,02,327,0,0.0,0.0,0.0,0.0
P2,R04,training,02,328,0,0.0,0.0,0.0,0.0
P2,R04,training,02,329,0,0.0,0.0,0.0,0.0
P2,R04,training,02,330,0,0.0,0.0,0.0,0.0
P2,R04,training,02,331,0,0.0,0.0,0.0,0.0
P2,R04,training,02,332,0,0.0,0.0,0.0,0.0
P2,R04,training,02,333,0,0.0,0.0,0.0,0.0
P2,R04,training,02,334,0,0.0,0.0,0.0,0.0
P2,R04,training,02,335,0,0.0,0.0,0.0,0.0
P2,R04,training,02,336,0,0.0,0.0,0.0,0.0
P2,R04,training,02,337,0,0.0,0.0,0.0,0.0
P2,R04,training,02,338,0,0.0,0.0,0.0,0.0
P2,R04,training,02,339,0,0.0,0.0,0.0,0.0
P2,R04,training,02,340,0,0.0,0.0,0.0,0.0
P2,R04,training,02,341,0,0.0,0.0,0.0,0.0
P2,R04,training,02,342,0,0.0,0.0,0.0,0.0
P2,R04,training,02,343,0,0.0,0.0,0.0,0.0
P2,R04,training,02,344,0,0.0,0.0,0.0,0.0
P2,R04,training,02,345,0,0.0,0.0,0.0,0.0
P2,R04,training,02,346,0,0.0,0.0,0.0,0.0
P2,R04,training,02,347,0,0.0,0.0,0.0,0.0
P2,R04,training,02,348,0,0.0,0.0,0.0,0.0
P2,R04,training,02,349,0,0.0,0.0,0.0,0.0
P2,R04,training,02,350,0,0.0,0.0,0.0,0.0
P2,R04,training,02,351,0,0.0,0.0,0.0,0.0
P2,R04,training,02,352,0,0.0,0.0,0.0,0.0
P2,R04,training,02,353,0,0.0,0.0,0.0,0.0
P2,R04,training,02,354,0,0.0,0.0,0.0,0.0
P2,R04,training,02,355,0,0.0,0.0,0.0,0.0
P2,R04,training,02,356,0,0.0,0.0,0.0,0.0
P2,R04,training,02,357,0,0.0,0.0,0.0,0.0
P2,R04,training,02,358,0,0.0,0.0,0.0,0.0
P2,R04,training,02,359,0,0.0,0.0,0.0,0.0
P2,R04,training,02,360,0,0.0,0.0,0.0,0.0
P2,R04,training,02,361,0,0.0,0.0,0.0,0.0
P2,R04,training,02,362,0,0.0,0.0,0.0,0.0
P2,R04,training,02,363,0,0.0,0.0,0.0,0.0
P2,R04,training,02,364,0,0.0,0.0,0.0,0.0
P2,R04,training,02,365,0,0.0,0.0,0.0,0.0
P2,R04,training,02,366,0,0.0,0.0,0.0,0.0
P2,R04,training,02,367,0,0.0,0.0,0.0,0.0
P2,R04,training,02,368,0,0.0,0.0,0.0,0.0
P2,R04,training,02,369,0,0.0,0.0,0.0,0.0
P2,R04,training,02,370,0,0.0,0.0,0.0,0.0
P2,R04,training,02,371,0,0.0,0.0,0.0,0.0
P2,R04,training,02,372,0,0.0,0.0,0.0,0.0
P2,R04,training,02,373,0,0.0,0.0,0.0,0.0
P2,R04,training,02,374,0,0.0,0.0,0.0,0.0
P2,R04,training,02,375,0,0.0,0.0,0.0,0.0
P2,R04,training,02,376,0,0.0,0.0,0.0,0.0
P2,R04,training,02,377,0,0.0,0.0,0.0,0.0
P2,R04,training,02,378,0,0.0,0.0,0.0,0.0
P2,R04,training,02,379,0,0.0,0.0,0.0,0.0
P2,R04,training,02,380,0,0.0,0.0,0.0,0.0
P2,R04,training,02,381,0,0.0,0.0,0.0,0.0
P2,R04,training,02,382,0,0.0,0.0,0.0,0.0
P2,R04,training,02,383,0,0.0,0.0,0.0,0.0
P2,R04,training,02,384,0,0.0,0.0,0.0,0.0
P2,R04,training,02,385,0,0.0,0.0,0.0,0.0
P2,R04,training,02,386,0,0.0,0.0,0.0,0.0
P2,R04,training,02,387,0,0.0,0.0,0.0,0.0
P2,R04,training,02,388,0,0.0,0.0,0.0,0.0
P2,R04,training,02,389,0,0.0,0.0,0.0,0.0
P2,R04,training,02,390,0,0.0,0.0,0.0,0.0
P2,R04,training,02,391,0,0.0,0.0,0.0,0.0
P2,R04,training,02,392,0,0.0,0.0,0.0,0.0
P2,R04,training,02,393,0,0.0,0.0,0.0,0.0
P2,R04,training,02,394,0,0.0,0.0,0.0,0.0
P2,R04,training,02,395,0,0.0,0.0,0.0,0.0
P2,R04,training,02,396,0,0.0,0.0,0.0,0.0
P2,R04,training,02,397,0,0.0,0.0,0.0,0.0
P2,R04,training,02,398,0,0.0,0.0,0.0,0.0
P2,R04,training,02,399,0,0.0,0.0,0.0,0.0
P2,R04,training,02,400,0,0.0,0.0,0.0,0.0
P2,R04,training,02,401,0,0.0,0.0,0.0,0.0
P2,R04,training,02,402,0,0.0,0.0,0.0,0.0
P2,R04,training,02,403,0,0.0,0.0,0.0,0.0
P2,R04,training,02,404,0,0.0,0.0,0.0,0.0
P2,R04,training,02,405,0,0.0,0.0,0.0,0.0
P2,R04,training,02,406,0,0.0,0.0,0.0,0.0
P2,R04,training,02,407,0,0.0,0.0,0.0,0.0
P2,R04,training,02,408,0,0.0,0.0,0.0,0.0
P3,R04,training,02,0,0,0.0,0.0,0.0,0.0
P3,R04,training,02,1,0,0.0,0.0,0.0,0.0
P3,R04,training,02,2,0,0.0,0.0,0.0,0.0
P3,R04,training,02,3,0,0.0,0.0,0.0,0.0
P3,R04,training,02,4,0,0.0,0.0,0.0,0.0
P3,R04,training,02,5,0,0.0,0.0,0.0,0.0
P3,R04,training,02,6,0,0.0,0.0,0.0,0.0
P3,R04,training,02,7,0,0.0,0.0,0.0,0.0
P3,R04,training,02,8,0,0.0,0.0,0.0,0.0
P3,R04,training,02,9,0,0.0,0.0,0.0,0.0
P3,R04,training,02,10,0,0.0,0.0,0.0,0.0
P3,R04,training,02,11,0,0.0,0.0,0.0,0.0
P3,R04,training,02,12,0,0.0,0.0,0.0,0.0
P3,R04,training,02,13,0,0.0,0.0,0.0,0.0
P3,R04,training,02,14,0,0.0,0.0,0.0,0.0
P3,R04,training,02,15,0,0.0,0.0,0.0,0.0
P3,R04,training,02,16,0,0.0,0.0,0.0,0.0
P3,R04,training,02,17,0,0.0,0.0,0.0,0.0
P3,R04,training,02,18,0,0.0,0.0,0.0,0.0
P3,R04,training,02,19,0,0.0,0.0,0.0,0.0
P3,R04,training,02,20,0,0.0,0.0,0.0,0.0
P3,R04,training,02,21,0,0.0,0.0,0.0,0.0
P3,R04,training,02,22,0,0.0,0.0,0.0,0.0
P3,R04,training,02,23,0,0.0,0.0,0.0,0.0
P3,R04,training,02,24,0,0.0,0.0,0.0,0.0
P3,R04,training,02,25,0,0.0,0.0,0.0,0.0
P3,R04,training,02,26,0,0.0,0.0,0.0,0.0
P3,R04,training,02,27,0,0.0,0.0,0.0,0.0
P3,R04,training,02,28,0,0.0,0.0,0.0,0.0
P3,R04,training,02,29,0,0.0,0.0,0.0,0.0
P3,R04,training,02,30,0,0.0,0.0,0.0,0.0
P3,R04,training,02,31,0,0.0,0.0,0.0,0.0
P3,R04,training,02,32,0,0.0,0.0,0.0,0.0
P3,R04,training,02,33,0,0.0,0.0,0.0,0.0
P3,R04,training,02,34,0,0.0,0.0,0.0,0.0
P3,R04,training,02,35,0,0.0,0.0,0.0,0.0
P3,R04,training,02,36,0,0.0,0.0,0.0,0.0
P3,R04,training,02,37,0,0.0,0.0,0.0,0.0
P3,R04,training,02,38,0,0.0,0.0,0.0,0.0
P3,R04,training,02,39,0,0.0,0.0,0.0,0.0
P3,R04,training,02,40,0,0.0,0.0,0.0,0.0
P3,R04,training,02,41,0,0.0,0.0,0.0,0.0
P3,R04,training,02,42,0,0.0,0.0,0.0,0.0
P3,R04,training,02,43,0,0.0,0.0,0.0,0.0
P3,R04,training,02,44,0,0.0,0.0,0.0,0.0
P3,R04,training,02,45,0,0.0,0.0,0.0,0.0
P3,R04,training,02,46,0,0.0,0.0,0.0,0.0
P3,R04,training,02,47,0,0.0,0.0,0.0,0.0
P3,R04,training,02,48,0,0.0,0.0,0.0,0.0
P3,R04,training,02,49,0,0.0,0.0,0.0,0.0
P3,R04,training,02,50,0,0.0,0.0,0.0,0.0
P3,R04,training,02,51,0,0.0,0.0,0.0,0.0
P3,R04,training,02,52,0,0.0,0.0,0.0,0.0
P3,R04,training,02,53,0,0.0,0.0,0.0,0.0
P3,R04,training,02,54,0,0.0,0.0,0.0,0.0
P3,R04,training,02,55,0,0.0,0.0,0.0,0.0
P3,R04,training,02,56,0,0.0,0.0,0.0,0.0
P3,R04,training,02,57,0,0.0,0.0,0.0,0.0
P3,R04,training,02,58,0,0.0,0.0,0.0,0.0
P3,R04,training,02,59,0,0.0,0.0,0.0,0.0
P3,R04,training,02,60,0,0.0,0.0,0.0,0.0
P3,R04,training,02,61,0,0.0,0.0,0.0,0.0
P3,R04,training,02,62,0,0.0,0.0,0.0,0.0
P3,R04,training,02,63,0,0.0,0.0,0.0,0.0
P3,R04,training,02,64,0,0.0,0.0,0.0,0.0
P3,R04,training,02,65,0,0.0,0.0,0.0,0.0
P3,R04,training,02,66,0,0.0,0.0,0.0,0.0
P3,R04,training,02,67,0,0.0,0.0,0.0,0.0
P3,R04,training,02,68,0,0.0,0.0,0.0,0.0
P3,R04,training,02,69,0,0.0,0.0,0.0,0.0
P3,R04,training,02,70,0,0.0,0.0,0.0,0.0
P3,R04,training,02,71,0,0.0,0.0,0.0,0.0
P3,R04,training,02,72,0,0.0,0.0,0.0,0.0
P3,R04,training,02,73,0,0.0,0.0,0.0,0.0
P3,R04,training,02,74,0,0.0,0.0,0.0,0.0
P3,R04,training,02,75,0,0.0,0.0,0.0,0.0
P3,R04,training,02,76,0,0.0,0.0,0.0,0.0
P3,R04,training,02,77,0,0.0,0.0,0.0,0.0
P3,R04,training,02,78,0,0.0,0.0,0.0,0.0
P3,R04,training,02,79,0,0.0,0.0,0.0,0.0
P3,R04,training,02,80,0,0.0,0.0,0.0,0.0
P3,R04,training,02,81,0,0.0,0.0,0.0,0.0
P3,R04,training,02,82,0,0.0,0.0,0.0,0.0
P3,R04,training,02,83,0,0.0,0.0,0.0,0.0
P3,R04,training,02,84,0,0.0,0.0,0.0,0.0
P3,R04,training,02,85,0,0.0,0.0,0.0,0.0
P3,R04,training,02,86,0,0.0,0.0,0.0,0.0
P3,R04,training,02,87,0,0.0,0.0,0.0,0.0
P3,R04,training,02,88,0,0.0,0.0,0.0,0.0
P3,R04,training,02,89,0,0.0,0.0,0.0,0.0
P3,R04,training,02,90,0,0.0,0.0,0.0,0.0
P3,R04,training,02,91,0,0.0,0.0,0.0,0.0
P3,R04,training,02,92,0,0.0,0.0,0.0,0.0
P3,R04,training,02,93,0,0.0,0.0,0.0,0.0
P3,R04,training,02,94,0,0.0,0.0,0.0,0.0
P3,R04,training,02,95,0,0.0,0.0,0.0,0.0
P3,R04,training,02,96,0,0.0,0.0,0.0,0.0
P3,R04,training,02,97,0,0.0,0.0,0.0,0.0
P3,R04,training,02,98,0,0.0,0.0,0.0,0.0
P3,R04,training,02,99,0,0.0,0.0,0.0,0.0
P3,R04,training,02,100,0,0.0,0.0,0.0,0.0
P3,R04,training,02,101,0,0.0,0.0,0.0,0.0
P3,R04,training,02,102,0,0.0,0.0,0.0,0.0
P3,R04,training,02,103,0,0.0,0.0,0.0,0.0
P3,R04,training,02,104,0,0.0,0.0,0.0,0.0
P3,R04,training,02,105,0,0.0,0.0,0.0,0.0
P3,R04,training,02,106,0,0.0,0.0,0.0,0.0
P3,R04,training,02,107,0,0.0,0.0,0.0,0.0
P3,R04,training,02,108,0,0.0,0.0,0.0,0.0
P3,R04,training,02,109,0,0.0,0.0,0.0,0.0
P3,R04,training,02,110,0,0.0,0.0,0.0,0.0
P3,R04,training,02,111,0,0.0,0.0,0.0,0.0
P3,R04,training,02,112,0,0.0,0.0,0.0,0.0
P3,R04,training,02,113,0,0.0,0.0,0.0,0.0
P3,R04,training,02,114,0,0.0,0.0,0.0,0.0
P3,R04,training,02,115,0,0.0,0.0,0.0,0.0
P3,R04,training,02,116,0,0.0,0.0,0.0,0.0
P3,R04,training,02,117,0,0.0,0.0,0.0,0.0
P3,R04,training,02,118,0,0.0,0.0,0.0,0.0
P3,R04,training,02,119,0,0.0,0.0,0.0,0.0
P3,R04,training,02,120,0,0.0,0.0,0.0,0.0
P3,R04,training,02,121,0,0.0,0.0,0.0,0.0
P3,R04,training,02,122,0,0.0,0.0,0.0,0.0
P3,R04,training,02,123,0,0.0,0.0,0.0,0.0
P3,R04,training,02,124,0,0.0,0.0,0.0,0.0
P3,R04,training,02,125,0,0.0,0.0,0.0,0.0
P3,R04,training,02,126,0,0.0,0.0,0.0,0.0
P3,R04,training,02,127,0,0.0,0.0,0.0,0.0
P3,R04,training,02,128,0,0.0,0.0,0.0,0.0
P3,R04,training,02,129,0,0.0,0.0,0.0,0.0
P3,R04,training,02,130,0,0.0,0.0,0.0,0.0
P3,R04,training,02,131,0,0.0,0.0,0.0,0.0
P3,R04,training,02,132,0,0.0,0.0,0.0,0.0
P3,R04,training,02,133,0,0.0,0.0,0.0,0.0
P3,R04,training,02,134,0,0.0,0.0,0.0,0.0
P3,R04,training,02,135,0,0.0,0.0,0.0,0.0
P3,R04,training,02,136,0,0.0,0.0,0.0,0.0
P3,R04,training,02,137,0,0.0,0.0,0.0,0.0
P3,R04,training,02,138,0,0.0,0.0,0.0,0.0
P3,R04,training,02,139,0,0.0,0.0,0.0,0.0
P3,R04,training,02,140,0,0.0,0.0,0.0,0.0
P3,R04,training,02,141,0,0.0,0.0,0.0,0.0
P3,R04,training,02,142,0,0.0,0.0,0.0,0.0
P3,R04,training,02,143,0,0.0,0.0,0.0,0.0
P3,R04,training,02,144,0,0.0,0.0,0.0,0.0
P3,R04,training,02,145,0,0.0,0.0,0.0,0.0
P3,R04,training,02,146,0,0.0,0.0,0.0,0.0
P3,R04,training,02,147,0,0.0,0.0,0.0,0.0
P3,R04,training,02,148,0,0.0,0.0,0.0,0.0
P3,R04,training,02,149,0,0.0,0.0,0.0,0.0
P3,R04,training,02,150,0,0.0,0.0,0.0,0.0
P3,R04,training,02,151,0,0.0,0.0,0.0,0.0
P3,R04,training,02,152,0,0.0,0.0,0.0,0.0
P3,R04,training,02,153,0,0.0,0.0,0.0,0.0
P3,R04,training,02,154,0,0.0,0.0,0.0,0.0
P3,R04,training,02,155,0,0.0,0.0,0.0,0.0
P3,R04,training,02,156,0,0.0,0.0,0.0,0.0
P3,R04,training,02,157,0,0.0,0.0,0.0,0.0
P3,R04,training,02,158,0,0.0,0.0,0.0,0.0
P3,R04,training,02,159,0,0.0,0.0,0.0,0.0
P3,R04,training,02,160,0,0.0,0.0,0.0,0.0
P3,R04,training,02,161,0,0.0,0.0,0.0,0.0
P3,R04,training,02,162,0,0.0,0.0,0.0,0.0
P3,R04,training,02,163,0,0.0,0.0,0.0,0.0
P3,R04,training,02,164,0,0.0,0.0,0.0,0.0
P3,R04,training,02,165,0,0.0,0.0,0.0,0.0
P3,R04,training,02,166,0,0.0,0.0,0.0,0.0
P3,R04,training,02,167,0,0.0,0.0,0.0,0.0
P3,R04,training,02,168,0,0.0,0.0,0.0,0.0
P3,R04,training,02,169,0,0.0,0.0,0.0,0.0
P3,R04,training,02,170,0,0.0,0.0,0.0,0.0
P3,R04,training,02,171,0,0.0,0.0,0.0,0.0
P3,R04,training,02,172,0,0.0,0.0,0.0,0.0
P3,R04,training,02,173,0,0.0,0.0,0.0,0.0
P3,R04,training,02,174,0,0.0,0.0,0.0,0.0
P3,R04,training,02,175,0,0.0,0.0,0.0,0.0
P3,R04,training,02,176,0,0.0,0.0,0.0,0.0
P3,R04,training,02,177,0,0.0,0.0,0.0,0.0
P3,R04,training,02,178,0,0.0,0.0,0.0,0.0
P3,R04,training,02,179,0,0.0,0.0,0.0,0.0
P3,R04,training,02,180,0,0.0,0.0,0.0,0.0
P3,R04,training,02,181,0,0.0,0.0,0.0,0.0
P3,R04,training,02,182,0,0.0,0.0,0.0,0.0
P3,R04,training,02,183,0,0.0,0.0,0.0,0.0
P3,R04,training,02,184,0,0.0,0.0,0.0,0.0
P3,R04,training,02,185,0,0.0,0.0,0.0,0.0
P3,R04,training,02,186,0,0.0,0.0,0.0,0.0
P3,R04,training,02,187,0,0.0,0.0,0.0,0.0
P3,R04,training,02,188,0,0.0,0.0,0.0,0.0
P3,R04,training,02,189,0,0.0,0.0,0.0,0.0
P3,R04,training,02,190,0,0.0,0.0,0.0,0.0
P3,R04,training,02,191,0,0.0,0.0,0.0,0.0
P3,R04,training,02,192,0,0.0,0.0,0.0,0.0
P3,R04,training,02,193,0,0.0,0.0,0.0,0.0
P3,R04,training,02,194,0,0.0,0.0,0.0,0.0
P3,R04,training,02,195,0,0.0,0.0,0.0,0.0
P3,R04,training,02,196,0,0.0,0.0,0.0,0.0
P3,R04,training,02,197,0,0.0,0.0,0.0,0.0
P3,R04,training,02,198,0,0.0,0.0,0.0,0.0
P3,R04,training,02,199,0,0.0,0.0,0.0,0.0
P3,R04,training,02,200,0,0.0,0.0,0.0,0.0
P3,R04,training,02,201,0,0.0,0.0,0.0,0.0
P3,R04,training,02,202,0,0.0,0.0,0.0,0.0
P3,R04,training,02,203,0,0.0,0.0,0.0,0.0
P3,R04,training,02,204,0,0.0,0.0,0.0,0.0
P3,R04,training,02,205,0,0.0,0.0,0.0,0.0
P3,R04,training,02,206,0,0.0,0.0,0.0,0.0
P3,R04,training,02,207,0,0.0,0.0,0.0,0.0
P3,R04,training,02,208,0,0.0,0.0,0.0,0.0
P3,R04,training,02,209,0,0.0,0.0,0.0,0.0
P3,R04,training,02,210,0,0.0,0.0,0.0,0.0
P3,R04,training,02,211,0,0.0,0.0,0.0,0.0
P3,R04,training,02,212,0,0.0,0.0,0.0,0.0
P3,R04,training,02,213,0,0.0,0.0,0.0,0.0
P3,R04,training,02,214,0,0.0,0.0,0.0,0.0
P3,R04,training,02,215,0,0.0,0.0,0.0,0.0
P3,R04,training,02,216,0,0.0,0.0,0.0,0.0
P3,R04,training,02,217,0,0.0,0.0,0.0,0.0
P3,R04,training,02,218,0,0.0,0.0,0.0,0.0
P3,R04,training,02,219,0,0.0,0.0,0.0,0.0
P3,R04,training,02,220,0,0.0,0.0,0.0,0.0
P3,R04,training,02,221,0,0.0,0.0,0.0,0.0
P3,R04,training,02,222,0,0.0,0.0,0.0,0.0
P3,R04,training,02,223,0,0.0,0.0,0.0,0.0
P3,R04,training,02,224,0,0.0,0.0,0.0,0.0
P3,R04,training,02,225,0,0.0,0.0,0.0,0.0
P3,R04,training,02,226,0,0.0,0.0,0.0,0.0
P3,R04,training,02,227,0,0.0,0.0,0.0,0.0
P3,R04,training,02,228,0,0.0,0.0,0.0,0.0
P3,R04,training,02,229,0,0.0,0.0,0.0,0.0
P3,R04,training,02,230,0,0.0,0.0,0.0,0.0
P3,R04,training,02,231,0,0.0,0.0,0.0,0.0
P3,R04,training,02,232,0,0.0,0.0,0.0,0.0
P3,R04,training,02,233,0,0.0,0.0,0.0,0.0
P3,R04,training,02,234,0,0.0,0.0,0.0,0.0
P3,R04,training,02,235,0,0.0,0.0,0.0,0.0
P3,R04,training,02,236,0,0.0,0.0,0.0,0.0
P3,R04,training,02,237,0,0.0,0.0,0.0,0.0
P3,R04,training,02,238,0,0.0,0.0,0.0,0.0
P3,R04,training,02,239,0,0.0,0.0,0.0,0.0
P3,R04,training,02,240,0,0.0,0.0,0.0,0.0
P3,R04,training,02,241,0,0.0,0.0,0.0,0.0
P3,R04,training,02,242,0,0.0,0.0,0.0,0.0
P3,R04,training,02,243,0,0.0,0.0,0.0,0.0
P3,R04,training,02,244,0,0.0,0.0,0.0,0.0
P3,R04,training,02,245,0,0.0,0.0,0.0,0.0
P3,R04,training,02,246,0,0.0,0.0,0.0,0.0
P3,R04,training,02,247,0,0.0,0.0,0.0,0.0
P3,R04,training,02,248,0,0.0,0.0,0.0,0.0
P3,R04,training,02,249,0,0.0,0.0,0.0,0.0
P3,R04,training,02,250,0,0.0,0.0,0.0,0.0
P3,R04,training,02,251,0,0.0,0.0,0.0,0.0
P3,R04,training,02,252,0,0.0,0.0,0.0,0.0
P3,R04,training,02,253,0,0.0,0.0,0.0,0.0
P3,R04,training,02,254,0,0.0,0.0,0.0,0.0
P3,R04,training,02,255,0,0.0,0.0,0.0,0.0
P3,R04,training,02,256,0,0.0,0.0,0.0,0.0
P3,R04,training,02,257,0,0.0,0.0,0.0,0.0
P3,R04,training,02,258,0,0.0,0.0,0.0,0.0
P3,R04,training,02,259,0,0.0,0.0,0.0,0.0
P3,R04,training,02,260,0,0.0,0.0,0.0,0.0
P3,R04,training,02,261,0,0.0,0.0,0.0,0.0
P3,R04,training,02,262,0,0.0,0.0,0.0,0.0
P3,R04,training,02,263,0,0.0,0.0,0.0,0.0
P3,R04,training,02,264,0,0.0,0.0,0.0,0.0
P3,R04,training,02,265,0,0.0,0.0,0.0,0.0
P3,R04,training,02,266,0,0.0,0.0,0.0,0.0
P3,R04,training,02,267,0,0.0,0.0,0.0,0.0
P3,R04,training,02,268,0,0.0,0.0,0.0,0.0
P3,R04,training,02,269,0,0.0,0.0,0.0,0.0
P3,R04,training,02,270,0,0.0,0.0,0.0,0.0
P3,R04,training,02,271,0,0.0,0.0,0.0,0.0
P3,R04,training,02,272,0,0.0,0.0,0.0,0.0
P3,R04,training,02,273,0,0.0,0.0,0.0,0.0
P3,R04,training,02,274,0,0.0,0.0,0.0,0.0
P3,R04,training,02,275,0,0.0,0.0,0.0,0.0
P3,R04,training,02,276,0,0.0,0.0,0.0,0.0
P3,R04,training,02,277,0,0.0,0.0,0.0,0.0
P3,R04,training,02,278,0,0.0,0.0,0.0,0.0
P3,R04,training,02,279,0,0.0,0.0,0.0,0.0
P3,R04,training,02,280,0,0.0,0.0,0.0,0.0
P3,R04,training,02,281,0,0.0,0.0,0.0,0.0
P3,R04,training,02,282,0,0.0,0.0,0.0,0.0
P3,R04,training,02,283,0,0.0,0.0,0.0,0.0
P3,R04,training,02,284,0,0.0,0.0,0.0,0.0
P3,R04,training,02,285,0,0.0,0.0,0.0,0.0
P3,R04,training,02,286,0,0.0,0.0,0.0,0.0
P3,R04,training,02,287,0,0.0,0.0,0.0,0.0
P3,R04,training,02,288,0,0.0,0.0,0.0,0.0
P3,R04,training,02,289,0,0.0,0.0,0.0,0.0
P3,R04,training,02,290,0,0.0,0.0,0.0,0.0
P3,R04,training,02,291,0,0.0,0.0,0.0,0.0
P3,R04,training,02,292,0,0.0,0.0,0.0,0.0
P3,R04,training,02,293,0,0.0,0.0,0.0,0.0
P3,R04,training,02,294,0,0.0,0.0,0.0,0.0
P3,R04,training,02,295,0,0.0,0.0,0.0,0.0
P3,R04,training,02,296,0,0.0,0.0,0.0,0.0
P3,R04,training,02,297,0,0.0,0.0,0.0,0.0
P3,R04,training,02,298,0,0.0,0.0,0.0,0.0
P3,R04,training,02,299,0,0.0,0.0,0.0,0.0
P3,R04,training,02,300,0,0.0,0.0,0.0,0.0
P3,R04,training,02,301,0,0.0,0.0,0.0,0.0
P3,R04,training,02,302,0,0.0,0.0,0.0,0.0
P3,R04,training,02,303,0,0.0,0.0,0.0,0.0
P3,R04,training,02,304,0,0.0,0.0,0.0,0.0
P3,R04,training,02,305,0,0.0,0.0,0.0,0.0
P3,R04,training,02,306,0,0.0,0.0,0.0,0.0
P3,R04,training,02,307,0,0.0,0.0,0.0,0.0
P3,R04,training,02,308,0,0.0,0.0,0.0,0.0
P3,R04,training,02,309,0,0.0,0.0,0.0,0.0
P3,R04,training,02,310,0,0.0,0.0,0.0,0.0
P3,R04,training,02,311,0,0.0,0.0,0.0,0.0
P3,R04,training,02,312,0,0.0,0.0,0.0,0.0
P3,R04,training,02,313,0,0.0,0.0,0.0,0.0
P3,R04,training,02,314,0,0.0,0.0,0.0,0.0
P3,R04,training,02,315,0,0.0,0.0,0.0,0.0
P3,R04,training,02,316,0,0.0,0.0,0.0,0.0
P3,R04,training,02,317,0,0.0,0.0,0.0,0.0
P3,R04,training,02,318,0,0.0,0.0,0.0,0.0
P3,R04,training,02,319,0,0.0,0.0,0.0,0.0
P3,R04,training,02,320,0,0.0,0.0,0.0,0.0
P3,R04,training,02,321,0,0.0,0.0,0.0,0.0
P3,R04,training,02,322,0,0.0,0.0,0.0,0.0
P3,R04,training,02,323,0,0.0,0.0,0.0,0.0
P3,R04,training,02,324,0,0.0,0.0,0.0,0.0
P3,R04,training,02,325,0,0.0,0.0,0.0,0.0
P3,R04,training,02,326,0,0.0,0.0,0.0,0.0
P3,R04,training,02,327,0,0.0,0.0,0.0,0.0
P3,R04,training,02,328,0,0.0,0.0,0.0,0.0
P3,R04,training,02,329,0,0.0,0.0,0.0,0.0
P3,R04,training,02,330,0,0.0,0.0,0.0,0.0
P3,R04,training,02,331,0,0.0,0.0,0.0,0.0
P3,R04,training,02,332,0,0.0,0.0,0.0,0.0
P3,R04,training,02,333,0,0.0,0.0,0.0,0.0
P3,R04,training,02,334,0,0.0,0.0,0.0,0.0
P3,R04,training,02,335,0,0.0,0.0,0.0,0.0
P3,R04,training,02,336,0,0.0,0.0,0.0,0.0
P3,R04,training,02,337,0,0.0,0.0,0.0,0.0
P3,R04,training,02,338,0,0.0,0.0,0.0,0.0
P3,R04,training,02,339,0,0.0,0.0,0.0,0.0
P3,R04,training,02,340,0,0.0,0.0,0.0,0.0
P3,R04,training,02,341,0,0.0,0.0,0.0,0.0
P3,R04,training,02,342,0,0.0,0.0,0.0,0.0
P3,R04,training,02,343,0,0.0,0.0,0.0,0.0
P3,R04,training,02,344,0,0.0,0.0,0.0,0.0
P3,R04,training,02,345,0,0.0,0.0,0.0,0.0
P3,R04,training,02,346,0,0.0,0.0,0.0,0.0
P3,R04,training,02,347,0,0.0,0.0,0.0,0.0
P3,R04,training,02,348,0,0.0,0.0,0.0,0.0
P3,R04,training,02,349,0,0.0,0.0,0.0,0.0
P3,R04,training,02,350,0,0.0,0.0,0.0,0.0
P3,R04,training,02,351,0,0.0,0.0,0.0,0.0
P3,R04,training,02,352,0,0.0,0.0,0.0,0.0
P3,R04,training,02,353,0,0.0,0.0,0.0,0.0
P3,R04,training,02,354,0,0.0,0.0,0.0,0.0
P3,R04,training,02,355,0,0.0,0.0,0.0,0.0
P3,R04,training,02,356,0,0.0,0.0,0.0,0.0
P3,R04,training,02,357,0,0.0,0.0,0.0,0.0
P3,R04,training,02,358,0,0.0,0.0,0.0,0.0
P3,R04,training,02,359,0,0.0,0.0,0.0,0.0
P3,R04,training,02,360,0,0.0,0.0,0.0,0.0
P3,R04,training,02,361,0,0.0,0.0,0.0,0.0
P3,R04,training,02,362,0,0.0,0.0,0.0,0.0
P3,R04,training,02,363,0,0.0,0.0,0.0,0.0
P3,R04,training,02,364,0,0.0,0.0,0.0,0.0
P3,R04,training,02,365,0,0.0,0.0,0.0,0.0
P3,R04,training,02,366,0,0.0,0.0,0.0,0.0
P3,R04,training,02,367,0,0.0,0.0,0.0,0.0
P3,R04,training,02,368,0,0.0,0.0,0.0,0.0
P3,R04,training,02,369,0,0.0,0.0,0.0,0.0
P3,R04,training,02,370,0,0.0,0.0,0.0,0.0
P3,R04,training,02,371,0,0.0,0.0,0.0,0.0
P3,R04,training,02,372,0,0.0,0.0,0.0,0.0
P3,R04,training,02,373,0,0.0,0.0,0.0,0.0
P3,R04,training,02,374,0,0.0,0.0,0.0,0.0
P3,R04,training,02,375,0,0.0,0.0,0.0,0.0
P3,R04,training,02,376,0,0.0,0.0,0.0,0.0
P3,R04,training,02,377,0,0.0,0.0,0.0,0.0
P3,R04,training,02,378,0,0.0,0.0,0.0,0.0
P3,R04,training,02,379,0,0.0,0.0,0.0,0.0
P3,R04,training,02,380,0,0.0,0.0,0.0,0.0
P3,R04,training,02,381,0,0.0,0.0,0.0,0.0
P3,R04,training,02,382,0,0.0,0.0,0.0,0.0
P3,R04,training,02,383,0,0.0,0.0,0.0,0.0
P3,R04,training,02,384,0,0.0,0.0,0.0,0.0
P3,R04,training,02,385,0,0.0,0.0,0.0,0.0
P3,R04,training,02,386,0,0.0,0.0,0.0,0.0
P3,R04,training,02,387,0,0.0,0.0,0.0,0.0
P3,R04,training,02,388,0,0.0,0.0,0.0,0.0
P3,R04,training,02,389,0,0.0,0.0,0.0,0.0
P3,R04,training,02,390,0,0.0,0.0,0.0,0.0
P3,R04,training,02,391,0,0.0,0.0,0.0,0.0
P3,R04,training,02,392,0,0.0,0.0,0.0,0.0
P3,R04,training,02,393,0,0.0,0.0,0.0,0.0
P3,R04,training,02,394,0,0.0,0.0,0.0,0.0
P3,R04,training,02,395,0,0.0,0.0,0.0,0.0
P3,R04,training,02,396,0,0.0,0.0,0.0,0.0
P3,R04,training,02,397,0,0.0,0.0,0.0,0.0
P3,R04,training,02,398,0,0.0,0.0,0.0,0.0
P3,R04,training,02,399,0,0.0,0.0,0.0,0.0
P3,R04,training,02,400,0,0.0,0.0,0.0,0.0
P3,R04,training,02,401,0,0.0,0.0,0.0,0.0
P3,R04,training,02,402,0,0.0,0.0,0.0,0.0
P3,R04,training,02,403,0,0.0,0.0,0.0,0.0
P3,R04,training,02,404,0,0.0,0.0,0.0,0.0
P3,R04,training,02,405,0,0.0,0.0,0.0,0.0
P3,R04,training,02,406,0,0.0,0.0,0.0,0.0
P3,R04,training,02,407,0,0.0,0.0,0.0,0.0
P3,R04,training,02,408,0,0.0,0.0,0.0,0.0
A,R04,training,17,0,0,0.0,0.0,0.0,0.0
A,R04,training,17,1,0,0.0,0.0,0.0,0.0
A,R04,training,17,2,0,0.0,0.0,0.0,0.0
A,R04,training,17,3,0,0.0,0.0,0.0,0.0
A,R04,training,17,4,0,0.0,0.0,0.0,0.0
A,R04,training,17,5,0,0.0,0.0,0.0,0.0
A,R04,training,17,6,0,0.0,0.0,0.0,0.0
A,R04,training,17,7,0,0.0,0.0,0.0,0.0
A,R04,training,17,8,0,0.0,0.0,0.0,0.0
A,R04,training,17,9,0,0.0,0.0,0.0,0.0
A,R04,training,17,10,0,0.0,0.0,0.0,0.0
A,R04,training,17,11,0,0.0,0.0,0.0,0.0
A,R04,training,17,12,0,0.0,0.0,0.0,0.0
A,R04,training,17,13,0,0.0,0.0,0.0,0.0
A,R04,training,17,14,0,0.0,0.0,0.0,0.0
A,R04,training,17,15,0,0.0,0.0,0.0,0.0
A,R04,training,17,16,0,0.0,0.0,0.0,0.0
A,R04,training,17,17,0,0.0,0.0,0.0,0.0
A,R04,training,17,18,0,0.0,0.0,0.0,0.0
A,R04,training,17,19,0,0.0,0.0,0.0,0.0
A,R04,training,17,20,0,0.0,0.0,0.0,0.0
A,R04,training,17,21,0,0.0,0.0,0.0,0.0
A,R04,training,17,22,0,0.0,0.0,0.0,0.0
A,R04,training,17,23,0,0.0,0.0,0.0,0.0
A,R04,training,17,24,0,0.0,0.0,0.0,0.0
A,R04,training,17,25,0,0.0,0.0,0.0,0.0
A,R04,training,17,26,0,0.0,0.0,0.0,0.0
A,R04,training,17,27,0,0.0,0.0,0.0,0.0
A,R04,training,17,28,0,0.0,0.0,0.0,0.0
A,R04,training,17,29,0,0.0,0.0,0.0,0.0
A,R04,training,17,30,0,0.0,0.0,0.0,0.0
A,R04,training,17,31,0,0.0,0.0,0.0,0.0
A,R04,training,17,32,0,0.0,0.0,0.0,0.0
A,R04,training,17,33,0,0.0,0.0,0.0,0.0
A,R04,training,17,34,0,0.0,0.0,0.0,0.0
A,R04,training,17,35,0,0.0,0.0,0.0,0.0
A,R04,training,17,36,0,0.0,0.0,0.0,0.0
A,R04,training,17,37,0,0.0,0.0,0.0,0.0
A,R04,training,17,38,0,0.0,0.0,0.0,0.0
A,R04,training,17,39,0,0.0,0.0,0.0,0.0
A,R04,training,17,40,0,0.0,0.0,0.0,0.0
A,R04,training,17,41,0,0.0,0.0,0.0,0.0
A,R04,training,17,42,0,0.0,0.0,0.0,0.0
A,R04,training,17,43,0,0.0,0.0,0.0,0.0
A,R04,training,17,44,0,0.0,0.0,0.0,0.0
A,R04,training,17,45,0,0.0,0.0,0.0,0.0
A,R04,training,17,46,0,0.0,0.0,0.0,0.0
A,R04,training,17,47,0,0.0,0.0,0.0,0.0
A,R04,training,17,48,0,0.0,0.0,0.0,0.0
A,R04,training,17,49,0,0.0,0.0,0.0,0.0
A,R04,training,17,50,0,0.0,0.0,0.0,0.0
A,R04,training,17,51,0,0.0,0.0,0.0,0.0
A,R04,training,17,52,0,0.0,0.0,0.0,0.0
A,R04,training,17,53,0,0.0,0.0,0.0,0.0
A,R04,training,17,54,0,0.0,0.0,0.0,0.0
A,R04,training,17,55,0,0.0,0.0,0.0,0.0
A,R04,training,17,56,0,0.0,0.0,0.0,0.0
A,R04,training,17,57,0,0.0,0.0,0.0,0.0
A,R04,training,17,58,0,0.0,0.0,0.0,0.0
A,R04,training,17,59,0,0.0,0.0,0.0,0.0
A,R04,training,17,60,0,0.0,0.0,0.0,0.0
A,R04,training,17,61,0,0.0,0.0,0.0,0.0
A,R04,training,17,62,0,0.0,0.0,0.0,0.0
A,R04,training,17,63,0,0.0,0.0,0.0,0.0
A,R04,training,17,64,0,0.0,0.0,0.0,0.0
A,R04,training,17,65,0,0.0,0.0,0.0,0.0
A,R04,training,17,66,0,0.0,0.0,0.0,0.0
A,R04,training,17,67,0,0.0,0.0,0.0,0.0
A,R04,training,17,68,0,0.0,0.0,0.0,0.0
A,R04,training,17,69,0,0.0,0.0,0.0,0.0
A,R04,training,17,70,0,0.0,0.0,0.0,0.0
A,R04,training,17,71,0,0.0,0.0,0.0,0.0
A,R04,training,17,72,0,0.0,0.0,0.0,0.0
A,R04,training,17,73,0,0.0,0.0,0.0,0.0
A,R04,training,17,74,0,0.0,0.0,0.0,0.0
A,R04,training,17,75,0,0.0,0.0,0.0,0.0
A,R04,training,17,76,0,0.0,0.0,0.0,0.0
A,R04,training,17,77,0,0.0,0.0,0.0,0.0
A,R04,training,17,78,0,0.0,0.0,0.0,0.0
A,R04,training,17,79,0,0.0,0.0,0.0,0.0
A,R04,training,17,80,0,0.0,0.0,0.0,0.0
A,R04,training,17,81,0,0.0,0.0,0.0,0.0
A,R04,training,17,82,0,0.0,0.0,0.0,0.0
A,R04,training,17,83,0,0.0,0.0,0.0,0.0
A,R04,training,17,84,0,0.0,0.0,0.0,0.0
A,R04,training,17,85,0,0.0,0.0,0.0,0.0
A,R04,training,17,86,0,0.0,0.0,0.0,0.0
A,R04,training,17,87,0,0.0,0.0,0.0,0.0
A,R04,training,17,88,0,0.0,0.0,0.0,0.0
A,R04,training,17,89,0,0.0,0.0,0.0,0.0
A,R04,training,17,90,0,0.0,0.0,0.0,0.0
A,R04,training,17,91,0,0.0,0.0,0.0,0.0
A,R04,training,17,92,0,0.0,0.0,0.0,0.0
A,R04,training,17,93,0,0.0,0.0,0.0,0.0
A,R04,training,17,94,0,0.0,0.0,0.0,0.0
A,R04,training,17,95,0,0.0,0.0,0.0,0.0
A,R04,training,17,96,0,0.0,0.0,0.0,0.0
A,R04,training,17,97,0,0.0,0.0,0.0,0.0
A,R04,training,17,98,0,0.0,0.0,0.0,0.0
A,R04,training,17,99,0,0.0,0.0,0.0,0.0
A,R04,training,17,100,0,0.0,0.0,0.0,0.0
A,R04,training,17,101,0,0.0,0.0,0.0,0.0
A,R04,training,17,102,0,0.0,0.0,0.0,0.0
A,R04,training,17,103,0,0.0,0.0,0.0,0.0
A,R04,training,17,104,0,0.0,0.0,0.0,0.0
A,R04,training,17,105,0,0.0,0.0,0.0,0.0
A,R04,training,17,106,0,0.0,0.0,0.0,0.0
A,R04,training,17,107,0,0.0,0.0,0.0,0.0
A,R04,training,17,108,0,0.0,0.0,0.0,0.0
A,R04,training,17,109,0,0.0,0.0,0.0,0.0
A,R04,training,17,110,0,0.0,0.0,0.0,0.0
A,R04,training,17,111,0,0.0,0.0,0.0,0.0
A,R04,training,17,112,0,0.0,0.0,0.0,0.0
A,R04,training,17,113,0,0.0,0.0,0.0,0.0
A,R04,training,17,114,0,0.0,0.0,0.0,0.0
A,R04,training,17,115,0,0.0,0.0,0.0,0.0
A,R04,training,17,116,0,0.0,0.0,0.0,0.0
A,R04,training,17,117,0,0.0,0.0,0.0,0.0
A,R04,training,17,118,0,0.0,0.0,0.0,0.0
A,R04,training,17,119,0,0.0,0.0,0.0,0.0
A,R04,training,17,120,0,0.0,0.0,0.0,0.0
A,R04,training,17,121,0,0.0,0.0,0.0,0.0
A,R04,training,17,122,0,0.0,0.0,0.0,0.0
A,R04,training,17,123,0,0.0,0.0,0.0,0.0
A,R04,training,17,124,0,0.0,0.0,0.0,0.0
A,R04,training,17,125,0,0.0,0.0,0.0,0.0
A,R04,training,17,126,0,0.0,0.0,0.0,0.0
A,R04,training,17,127,0,0.0,0.0,0.0,0.0
A,R04,training,17,128,0,0.0,0.0,0.0,0.0
A,R04,training,17,129,0,0.0,0.0,0.0,0.0
A,R04,training,17,130,0,0.0,0.0,0.0,0.0
A,R04,training,17,131,0,0.0,0.0,0.0,0.0
A,R04,training,17,132,0,0.0,0.0,0.0,0.0
A,R04,training,17,133,0,0.0,0.0,0.0,0.0
A,R04,training,17,134,0,0.0,0.0,0.0,0.0
A,R04,training,17,135,0,0.0,0.0,0.0,0.0
A,R04,training,17,136,0,0.0,0.0,0.0,0.0
A,R04,training,17,137,0,0.0,0.0,0.0,0.0
A,R04,training,17,138,0,0.0,0.0,0.0,0.0
A,R04,training,17,139,0,0.0,0.0,0.0,0.0
A,R04,training,17,140,0,0.0,0.0,0.0,0.0
A,R04,training,17,141,0,0.0,0.0,0.0,0.0
A,R04,training,17,142,0,0.0,0.0,0.0,0.0
A,R04,training,17,143,0,0.0,0.0,0.0,0.0
A,R04,training,17,144,0,0.0,0.0,0.0,0.0
A,R04,training,17,145,0,0.0,0.0,0.0,0.0
A,R04,training,17,146,0,0.0,0.0,0.0,0.0
A,R04,training,17,147,0,0.0,0.0,0.0,0.0
A,R04,training,17,148,0,0.0,0.0,0.0,0.0
A,R04,training,17,149,0,0.0,0.0,0.0,0.0
A,R04,training,17,150,0,0.0,0.0,0.0,0.0
A,R04,training,17,151,0,0.0,0.0,0.0,0.0
A,R04,training,17,152,0,0.0,0.0,0.0,0.0
A,R04,training,17,153,0,0.0,0.0,0.0,0.0
A,R04,training,17,154,0,0.0,0.0,0.0,0.0
A,R04,training,17,155,0,0.0,0.0,0.0,0.0
A,R04,training,17,156,0,0.0,0.0,0.0,0.0
A,R04,training,17,157,0,0.0,0.0,0.0,0.0
A,R04,training,17,158,0,0.0,0.0,0.0,0.0
A,R04,training,17,159,0,0.0,0.0,0.0,0.0
A,R04,training,17,160,0,0.0,0.0,0.0,0.0
A,R04,training,17,161,0,0.0,0.0,0.0,0.0
A,R04,training,17,162,0,0.0,0.0,0.0,0.0
A,R04,training,17,163,0,0.0,0.0,0.0,0.0
A,R04,training,17,164,0,0.0,0.0,0.0,0.0
A,R04,training,17,165,0,0.0,0.0,0.0,0.0
A,R04,training,17,166,0,0.0,0.0,0.0,0.0
A,R04,training,17,167,0,0.0,0.0,0.0,0.0
A,R04,training,17,168,0,0.0,0.0,0.0,0.0
A,R04,training,17,169,0,0.0,0.0,0.0,0.0
A,R04,training,17,170,0,0.0,0.0,0.0,0.0
A,R04,training,17,171,0,0.0,0.0,0.0,0.0
A,R04,training,17,172,0,0.0,0.0,0.0,0.0
A,R04,training,17,173,0,0.0,0.0,0.0,0.0
A,R04,training,17,174,0,0.0,0.0,0.0,0.0
A,R04,training,17,175,0,0.0,0.0,0.0,0.0
A,R04,training,17,176,0,0.0,0.0,0.0,0.0
A,R04,training,17,177,0,0.0,0.0,0.0,0.0
A,R04,training,17,178,0,0.0,0.0,0.0,0.0
A,R04,training,17,179,0,0.0,0.0,0.0,0.0
A,R04,training,17,180,0,0.0,0.0,0.0,0.0
A,R04,training,17,181,0,0.0,0.0,0.0,0.0
A,R04,training,17,182,0,0.0,0.0,0.0,0.0
A,R04,training,17,183,0,0.0,0.0,0.0,0.0
A,R04,training,17,184,0,0.0,0.0,0.0,0.0
A,R04,training,17,185,0,0.0,0.0,0.0,0.0
A,R04,training,17,186,0,0.0,0.0,0.0,0.0
A,R04,training,17,187,0,0.0,0.0,0.0,0.0
A,R04,training,17,188,0,0.0,0.0,0.0,0.0
A,R04,training,17,189,0,0.0,0.0,0.0,0.0
A,R04,training,17,190,0,0.0,0.0,0.0,0.0
A,R04,training,17,191,0,0.0,0.0,0.0,0.0
A,R04,training,17,192,0,0.0,0.0,0.0,0.0
A,R04,training,17,193,0,0.0,0.0,0.0,0.0
A,R04,training,17,194,0,0.0,0.0,0.0,0.0
A,R04,training,17,195,0,0.0,0.0,0.0,0.0
A,R04,training,17,196,0,0.0,0.0,0.0,0.0
A,R04,training,17,197,0,0.0,0.0,0.0,0.0
A,R04,training,17,198,0,0.0,0.0,0.0,0.0
A,R04,training,17,199,0,0.0,0.0,0.0,0.0
A,R04,training,17,200,0,0.0,0.0,0.0,0.0
A,R04,training,17,201,0,0.0,0.0,0.0,0.0
A,R04,training,17,202,0,0.0,0.0,0.0,0.0
A,R04,training,17,203,0,0.0,0.0,0.0,0.0
A,R04,training,17,204,0,0.0,0.0,0.0,0.0
A,R04,training,17,205,0,0.0,0.0,0.0,0.0
A,R04,training,17,206,0,0.0,0.0,0.0,0.0
A,R04,training,17,207,0,0.0,0.0,0.0,0.0
A,R04,training,17,208,0,0.0,0.0,0.0,0.0
A,R04,training,17,209,0,0.0,0.0,0.0,0.0
A,R04,training,17,210,0,0.0,0.0,0.0,0.0
A,R04,training,17,211,0,0.0,0.0,0.0,0.0
A,R04,training,17,212,0,0.0,0.0,0.0,0.0
A,R04,training,17,213,0,0.0,0.0,0.0,0.0
A,R04,training,17,214,0,0.0,0.0,0.0,0.0
A,R04,training,17,215,0,0.0,0.0,0.0,0.0
A,R04,training,17,216,0,0.0,0.0,0.0,0.0
A,R04,training,17,217,0,0.0,0.0,0.0,0.0
A,R04,training,17,218,0,0.0,0.0,0.0,0.0
A,R04,training,17,219,0,0.0,0.0,0.0,0.0
A,R04,training,17,220,0,0.0,0.0,0.0,0.0
A,R04,training,17,221,0,0.0,0.0,0.0,0.0
A,R04,training,17,222,0,0.0,0.0,0.0,0.0
A,R04,training,17,223,0,0.0,0.0,0.0,0.0
A,R04,training,17,224,0,0.0,0.0,0.0,0.0
A,R04,training,17,225,0,0.0,0.0,0.0,0.0
A,R04,training,17,226,0,0.0,0.0,0.0,0.0
A,R04,training,17,227,0,0.0,0.0,0.0,0.0
A,R04,training,17,228,0,0.0,0.0,0.0,0.0
A,R04,training,17,229,0,0.0,0.0,0.0,0.0
A,R04,training,17,230,0,0.0,0.0,0.0,0.0
A,R04,training,17,231,0,0.0,0.0,0.0,0.0
A,R04,training,17,232,0,0.0,0.0,0.0,0.0
A,R04,training,17,233,0,0.0,0.0,0.0,0.0
A,R04,training,17,234,0,0.0,0.0,0.0,0.0
A,R04,training,17,235,0,0.0,0.0,0.0,0.0
A,R04,training,17,236,0,0.0,0.0,0.0,0.0
A,R04,training,17,237,0,0.0,0.0,0.0,0.0
A,R04,training,17,238,0,0.0,0.0,0.0,0.0
A,R04,training,17,239,0,0.0,0.0,0.0,0.0
A,R04,training,17,240,0,0.0,0.0,0.0,0.0
A,R04,training,17,241,0,0.0,0.0,0.0,0.0
A,R04,training,17,242,0,0.0,0.0,0.0,0.0
A,R04,training,17,243,0,0.0,0.0,0.0,0.0
A,R04,training,17,244,0,0.0,0.0,0.0,0.0
A,R04,training,17,245,0,0.0,0.0,0.0,0.0
A,R04,training,17,246,0,0.0,0.0,0.0,0.0
A,R04,training,17,247,0,0.0,0.0,0.0,0.0
A,R04,training,17,248,0,0.0,0.0,0.0,0.0
A,R04,training,17,249,0,0.0,0.0,0.0,0.0
A,R04,training,17,250,0,0.0,0.0,0.0,0.0
A,R04,training,17,251,0,0.0,0.0,0.0,0.0
A,R04,training,17,252,0,0.0,0.0,0.0,0.0
A,R04,training,17,253,0,0.0,0.0,0.0,0.0
A,R04,training,17,254,0,0.0,0.0,0.0,0.0
A,R04,training,17,255,0,0.0,0.0,0.0,0.0
A,R04,training,17,256,0,0.0,0.0,0.0,0.0
A,R04,training,17,257,0,0.0,0.0,0.0,0.0
A,R04,training,17,258,0,0.0,0.0,0.0,0.0
A,R04,training,17,259,0,0.0,0.0,0.0,0.0
A,R04,training,17,260,0,0.0,0.0,0.0,0.0
A,R04,training,17,261,0,0.0,0.0,0.0,0.0
A,R04,training,17,262,0,0.0,0.0,0.0,0.0
A,R04,training,17,263,0,0.0,0.0,0.0,0.0
A,R04,training,17,264,0,0.0,0.0,0.0,0.0
A,R04,training,17,265,0,0.0,0.0,0.0,0.0
A,R04,training,17,266,0,0.0,0.0,0.0,0.0
A,R04,training,17,267,0,0.0,0.0,0.0,0.0
A,R04,training,17,268,0,0.0,0.0,0.0,0.0
A,R04,training,17,269,0,0.0,0.0,0.0,0.0
A,R04,training,17,270,0,0.0,0.0,0.0,0.0
A,R04,training,17,271,0,0.0,0.0,0.0,0.0
A,R04,training,17,272,0,0.0,0.0,0.0,0.0
A,R04,training,17,273,0,0.0,0.0,0.0,0.0
A,R04,training,17,274,0,0.0,0.0,0.0,0.0
A,R04,training,17,275,0,0.0,0.0,0.0,0.0
A,R04,training,17,276,0,0.0,0.0,0.0,0.0
A,R04,training,17,277,0,0.0,0.0,0.0,0.0
A,R04,training,17,278,0,0.0,0.0,0.0,0.0
A,R04,training,17,279,0,0.0,0.0,0.0,0.0
A,R04,training,17,280,0,0.0,0.0,0.0,0.0
A,R04,training,17,281,0,0.0,0.0,0.0,0.0
A,R04,training,17,282,0,0.0,0.0,0.0,0.0
A,R04,training,17,283,0,0.0,0.0,0.0,0.0
A,R04,training,17,284,0,0.0,0.0,0.0,0.0
A,R04,training,17,285,0,0.0,0.0,0.0,0.0
A,R04,training,17,286,0,0.0,0.0,0.0,0.0
A,R04,training,17,287,0,0.0,0.0,0.0,0.0
A,R04,training,17,288,0,0.0,0.0,0.0,0.0
A,R04,training,17,289,0,0.0,0.0,0.0,0.0
A,R04,training,17,290,0,0.0,0.0,0.0,0.0
A,R04,training,17,291,0,0.0,0.0,0.0,0.0
A,R04,training,17,292,0,0.0,0.0,0.0,0.0
A,R04,training,17,293,0,0.0,0.0,0.0,0.0
A,R04,training,17,294,0,0.0,0.0,0.0,0.0
A,R04,training,17,295,0,0.0,0.0,0.0,0.0
A,R04,training,17,296,0,0.0,0.0,0.0,0.0
A,R04,training,17,297,0,0.0,0.0,0.0,0.0
A,R04,training,17,298,0,0.0,0.0,0.0,0.0
A,R04,training,17,299,0,0.0,0.0,0.0,0.0
A,R04,training,17,300,0,0.0,0.0,0.0,0.0
A,R04,training,17,301,0,0.0,0.0,0.0,0.0
A,R04,training,17,302,0,0.0,0.0,0.0,0.0
A,R04,training,17,303,0,0.0,0.0,0.0,0.0
A,R04,training,17,304,0,0.0,0.0,0.0,0.0
A,R04,training,17,305,0,0.0,0.0,0.0,0.0
A,R04,training,17,306,0,0.0,0.0,0.0,0.0
A,R04,training,17,307,0,0.0,0.0,0.0,0.0
A,R04,training,17,308,0,0.0,0.0,0.0,0.0
A,R04,training,17,309,0,0.0,0.0,0.0,0.0
A,R04,training,17,310,0,0.0,0.0,0.0,0.0
A,R04,training,17,311,0,0.0,0.0,0.0,0.0
A,R04,training,17,312,0,0.0,0.0,0.0,0.0
A,R04,training,17,313,0,0.0,0.0,0.0,0.0
A,R04,training,17,314,0,0.0,0.0,0.0,0.0
A,R04,training,17,315,0,0.0,0.0,0.0,0.0
A,R04,training,17,316,0,0.0,0.0,0.0,0.0
A,R04,training,17,317,0,0.0,0.0,0.0,0.0
A,R04,training,17,318,0,0.0,0.0,0.0,0.0
A,R04,training,17,319,0,0.0,0.0,0.0,0.0
A,R04,training,17,320,0,0.0,0.0,0.0,0.0
A,R04,training,17,321,0,0.0,0.0,0.0,0.0
A,R04,training,17,322,0,0.0,0.0,0.0,0.0
A,R04,training,17,323,0,0.0,0.0,0.0,0.0
A,R04,training,17,324,0,0.0,0.0,0.0,0.0
A,R04,training,17,325,0,0.0,0.0,0.0,0.0
A,R04,training,17,326,0,0.0,0.0,0.0,0.0
A,R04,training,17,327,0,0.0,0.0,0.0,0.0
A,R04,training,17,328,0,0.0,0.0,0.0,0.0
A,R04,training,17,329,0,0.0,0.0,0.0,0.0
A,R04,training,17,330,0,0.0,0.0,0.0,0.0
A,R04,training,17,331,0,0.0,0.0,0.0,0.0
A,R04,training,17,332,0,0.0,0.0,0.0,0.0
A,R04,training,17,333,0,0.0,0.0,0.0,0.0
A,R04,training,17,334,0,0.0,0.0,0.0,0.0
A,R04,training,17,335,0,0.0,0.0,0.0,0.0
A,R04,training,17,336,0,0.0,0.0,0.0,0.0
A,R04,training,17,337,0,0.0,0.0,0.0,0.0
A,R04,training,17,338,0,0.0,0.0,0.0,0.0
A,R04,training,17,339,0,0.0,0.0,0.0,0.0
A,R04,training,17,340,0,0.0,0.0,0.0,0.0
A,R04,training,17,341,0,0.0,0.0,0.0,0.0
A,R04,training,17,342,0,0.0,0.0,0.0,0.0
A,R04,training,17,343,0,0.0,0.0,0.0,0.0
A,R04,training,17,344,0,0.0,0.0,0.0,0.0
A,R04,training,17,345,0,0.0,0.0,0.0,0.0
A,R04,training,17,346,0,0.0,0.0,0.0,0.0
A,R04,training,17,347,0,0.0,0.0,0.0,0.0
A,R04,training,17,348,0,0.0,0.0,0.0,0.0
A,R04,training,17,349,0,0.0,0.0,0.0,0.0
A,R04,training,17,350,0,0.0,0.0,0.0,0.0
A,R04,training,17,351,0,0.0,0.0,0.0,0.0
A,R04,training,17,352,0,0.0,0.0,0.0,0.0
A,R04,training,17,353,0,0.0,0.0,0.0,0.0
A,R04,training,17,354,0,0.0,0.0,0.0,0.0
A,R04,training,17,355,0,0.0,0.0,0.0,0.0
A,R04,training,17,356,0,0.0,0.0,0.0,0.0
A,R04,training,17,357,0,0.0,0.0,0.0,0.0
A,R04,training,17,358,0,0.0,0.0,0.0,0.0
A,R04,training,17,359,0,0.0,0.0,0.0,0.0
A,R04,training,17,360,0,0.0,0.0,0.0,0.0
A,R04,training,17,361,0,0.0,0.0,0.0,0.0
A,R04,training,17,362,0,0.0,0.0,0.0,0.0
A,R04,training,17,363,0,0.0,0.0,0.0,0.0
A,R04,training,17,364,0,0.0,0.0,0.0,0.0
A,R04,training,17,365,0,0.0,0.0,0.0,0.0
A,R04,training,17,366,0,0.0,0.0,0.0,0.0
A,R04,training,17,367,0,0.0,0.0,0.0,0.0
A,R04,training,17,368,0,0.0,0.0,0.0,0.0
A,R04,training,17,369,0,0.0,0.0,0.0,0.0
A,R04,training,17,370,0,0.0,0.0,0.0,0.0
A,R04,training,17,371,0,0.0,0.0,0.0,0.0
B,R04,training,17,0,0,0.0,0.0,0.0,0.0
B,R04,training,17,1,0,0.0,0.0,0.0,0.0
B,R04,training,17,2,0,0.0,0.0,0.0,0.0
B,R04,training,17,3,0,0.0,0.0,0.0,0.0
B,R04,training,17,4,0,0.0,0.0,0.0,0.0
B,R04,training,17,5,0,0.0,0.0,0.0,0.0
B,R04,training,17,6,0,0.0,0.0,0.0,0.0
B,R04,training,17,7,0,0.0,0.0,0.0,0.0
B,R04,training,17,8,0,0.0,0.0,0.0,0.0
B,R04,training,17,9,0,0.0,0.0,0.0,0.0
B,R04,training,17,10,0,0.0,0.0,0.0,0.0
B,R04,training,17,11,0,0.0,0.0,0.0,0.0
B,R04,training,17,12,0,0.0,0.0,0.0,0.0
B,R04,training,17,13,0,0.0,0.0,0.0,0.0
B,R04,training,17,14,0,0.0,0.0,0.0,0.0
B,R04,training,17,15,0,0.0,0.0,0.0,0.0
B,R04,training,17,16,0,0.0,0.0,0.0,0.0
B,R04,training,17,17,0,0.0,0.0,0.0,0.0
B,R04,training,17,18,0,0.0,0.0,0.0,0.0
B,R04,training,17,19,0,0.0,0.0,0.0,0.0
B,R04,training,17,20,0,0.0,0.0,0.0,0.0
B,R04,training,17,21,0,0.0,0.0,0.0,0.0
B,R04,training,17,22,0,0.0,0.0,0.0,0.0
B,R04,training,17,23,0,0.0,0.0,0.0,0.0
B,R04,training,17,24,0,0.0,0.0,0.0,0.0
B,R04,training,17,25,0,0.0,0.0,0.0,0.0
B,R04,training,17,26,0,0.0,0.0,0.0,0.0
B,R04,training,17,27,0,0.0,0.0,0.0,0.0
B,R04,training,17,28,0,0.0,0.0,0.0,0.0
B,R04,training,17,29,0,0.0,0.0,0.0,0.0
B,R04,training,17,30,0,0.0,0.0,0.0,0.0
B,R04,training,17,31,0,0.0,0.0,0.0,0.0
B,R04,training,17,32,0,0.0,0.0,0.0,0.0
B,R04,training,17,33,0,0.0,0.0,0.0,0.0
B,R04,training,17,34,0,0.0,0.0,0.0,0.0
B,R04,training,17,35,0,0.0,0.0,0.0,0.0
B,R04,training,17,36,0,0.0,0.0,0.0,0.0
B,R04,training,17,37,0,0.0,0.0,0.0,0.0
B,R04,training,17,38,0,0.0,0.0,0.0,0.0
B,R04,training,17,39,0,0.0,0.0,0.0,0.0
B,R04,training,17,40,0,0.0,0.0,0.0,0.0
B,R04,training,17,41,0,0.0,0.0,0.0,0.0
B,R04,training,17,42,0,0.0,0.0,0.0,0.0
B,R04,training,17,43,0,0.0,0.0,0.0,0.0
B,R04,training,17,44,0,0.0,0.0,0.0,0.0
B,R04,training,17,45,0,0.0,0.0,0.0,0.0
B,R04,training,17,46,0,0.0,0.0,0.0,0.0
B,R04,training,17,47,0,0.0,0.0,0.0,0.0
B,R04,training,17,48,0,0.0,0.0,0.0,0.0
B,R04,training,17,49,0,0.0,0.0,0.0,0.0
B,R04,training,17,50,0,0.0,0.0,0.0,0.0
B,R04,training,17,51,0,0.0,0.0,0.0,0.0
B,R04,training,17,52,0,0.0,0.0,0.0,0.0
B,R04,training,17,53,0,0.0,0.0,0.0,0.0
B,R04,training,17,54,0,0.0,0.0,0.0,0.0
B,R04,training,17,55,0,0.0,0.0,0.0,0.0
B,R04,training,17,56,0,0.0,0.0,0.0,0.0
B,R04,training,17,57,0,0.0,0.0,0.0,0.0
B,R04,training,17,58,0,0.0,0.0,0.0,0.0
B,R04,training,17,59,0,0.0,0.0,0.0,0.0
B,R04,training,17,60,0,0.0,0.0,0.0,0.0
B,R04,training,17,61,0,0.0,0.0,0.0,0.0
B,R04,training,17,62,0,0.0,0.0,0.0,0.0
B,R04,training,17,63,0,0.0,0.0,0.0,0.0
B,R04,training,17,64,0,0.0,0.0,0.0,0.0
B,R04,training,17,65,0,0.0,0.0,0.0,0.0
B,R04,training,17,66,0,0.0,0.0,0.0,0.0
B,R04,training,17,67,0,0.0,0.0,0.0,0.0
B,R04,training,17,68,0,0.0,0.0,0.0,0.0
B,R04,training,17,69,0,0.0,0.0,0.0,0.0
B,R04,training,17,70,0,0.0,0.0,0.0,0.0
B,R04,training,17,71,0,0.0,0.0,0.0,0.0
B,R04,training,17,72,0,0.0,0.0,0.0,0.0
B,R04,training,17,73,0,0.0,0.0,0.0,0.0
B,R04,training,17,74,0,0.0,0.0,0.0,0.0
B,R04,training,17,75,0,0.0,0.0,0.0,0.0
B,R04,training,17,76,0,0.0,0.0,0.0,0.0
B,R04,training,17,77,0,0.0,0.0,0.0,0.0
B,R04,training,17,78,0,0.0,0.0,0.0,0.0
B,R04,training,17,79,0,0.0,0.0,0.0,0.0
B,R04,training,17,80,0,0.0,0.0,0.0,0.0
B,R04,training,17,81,0,0.0,0.0,0.0,0.0
B,R04,training,17,82,0,0.0,0.0,0.0,0.0
B,R04,training,17,83,0,0.0,0.0,0.0,0.0
B,R04,training,17,84,0,0.0,0.0,0.0,0.0
B,R04,training,17,85,0,0.0,0.0,0.0,0.0
B,R04,training,17,86,0,0.0,0.0,0.0,0.0
B,R04,training,17,87,0,0.0,0.0,0.0,0.0
B,R04,training,17,88,0,0.0,0.0,0.0,0.0
B,R04,training,17,89,0,0.0,0.0,0.0,0.0
B,R04,training,17,90,0,0.0,0.0,0.0,0.0
B,R04,training,17,91,0,0.0,0.0,0.0,0.0
B,R04,training,17,92,0,0.0,0.0,0.0,0.0
B,R04,training,17,93,0,0.0,0.0,0.0,0.0
B,R04,training,17,94,0,0.0,0.0,0.0,0.0
B,R04,training,17,95,0,0.0,0.0,0.0,0.0
B,R04,training,17,96,0,0.0,0.0,0.0,0.0
B,R04,training,17,97,0,0.0,0.0,0.0,0.0
B,R04,training,17,98,0,0.0,0.0,0.0,0.0
B,R04,training,17,99,0,0.0,0.0,0.0,0.0
B,R04,training,17,100,0,0.0,0.0,0.0,0.0
B,R04,training,17,101,0,0.0,0.0,0.0,0.0
B,R04,training,17,102,0,0.0,0.0,0.0,0.0
B,R04,training,17,103,0,0.0,0.0,0.0,0.0
B,R04,training,17,104,0,0.0,0.0,0.0,0.0
B,R04,training,17,105,0,0.0,0.0,0.0,0.0
B,R04,training,17,106,0,0.0,0.0,0.0,0.0
B,R04,training,17,107,0,0.0,0.0,0.0,0.0
B,R04,training,17,108,0,0.0,0.0,0.0,0.0
B,R04,training,17,109,0,0.0,0.0,0.0,0.0
B,R04,training,17,110,0,0.0,0.0,0.0,0.0
B,R04,training,17,111,0,0.0,0.0,0.0,0.0
B,R04,training,17,112,0,0.0,0.0,0.0,0.0
B,R04,training,17,113,0,0.0,0.0,0.0,0.0
B,R04,training,17,114,0,0.0,0.0,0.0,0.0
B,R04,training,17,115,0,0.0,0.0,0.0,0.0
B,R04,training,17,116,0,0.0,0.0,0.0,0.0
B,R04,training,17,117,0,0.0,0.0,0.0,0.0
B,R04,training,17,118,0,0.0,0.0,0.0,0.0
B,R04,training,17,119,0,0.0,0.0,0.0,0.0
B,R04,training,17,120,0,0.0,0.0,0.0,0.0
B,R04,training,17,121,0,0.0,0.0,0.0,0.0
B,R04,training,17,122,0,0.0,0.0,0.0,0.0
B,R04,training,17,123,0,0.0,0.0,0.0,0.0
B,R04,training,17,124,0,0.0,0.0,0.0,0.0
B,R04,training,17,125,0,0.0,0.0,0.0,0.0
B,R04,training,17,126,0,0.0,0.0,0.0,0.0
B,R04,training,17,127,0,0.0,0.0,0.0,0.0
B,R04,training,17,128,0,0.0,0.0,0.0,0.0
B,R04,training,17,129,0,0.0,0.0,0.0,0.0
B,R04,training,17,130,0,0.0,0.0,0.0,0.0
B,R04,training,17,131,0,0.0,0.0,0.0,0.0
B,R04,training,17,132,0,0.0,0.0,0.0,0.0
B,R04,training,17,133,0,0.0,0.0,0.0,0.0
B,R04,training,17,134,0,0.0,0.0,0.0,0.0
B,R04,training,17,135,0,0.0,0.0,0.0,0.0
B,R04,training,17,136,0,0.0,0.0,0.0,0.0
B,R04,training,17,137,0,0.0,0.0,0.0,0.0
B,R04,training,17,138,0,0.0,0.0,0.0,0.0
B,R04,training,17,139,0,0.0,0.0,0.0,0.0
B,R04,training,17,140,0,0.0,0.0,0.0,0.0
B,R04,training,17,141,0,0.0,0.0,0.0,0.0
B,R04,training,17,142,0,0.0,0.0,0.0,0.0
B,R04,training,17,143,0,0.0,0.0,0.0,0.0
B,R04,training,17,144,0,0.0,0.0,0.0,0.0
B,R04,training,17,145,0,0.0,0.0,0.0,0.0
B,R04,training,17,146,0,0.0,0.0,0.0,0.0
B,R04,training,17,147,0,0.0,0.0,0.0,0.0
B,R04,training,17,148,0,0.0,0.0,0.0,0.0
B,R04,training,17,149,0,0.0,0.0,0.0,0.0
B,R04,training,17,150,0,0.0,0.0,0.0,0.0
B,R04,training,17,151,0,0.0,0.0,0.0,0.0
B,R04,training,17,152,0,0.0,0.0,0.0,0.0
B,R04,training,17,153,0,0.0,0.0,0.0,0.0
B,R04,training,17,154,0,0.0,0.0,0.0,0.0
B,R04,training,17,155,0,0.0,0.0,0.0,0.0
B,R04,training,17,156,0,0.0,0.0,0.0,0.0
B,R04,training,17,157,0,0.0,0.0,0.0,0.0
B,R04,training,17,158,0,0.0,0.0,0.0,0.0
B,R04,training,17,159,0,0.0,0.0,0.0,0.0
B,R04,training,17,160,0,0.0,0.0,0.0,0.0
B,R04,training,17,161,0,0.0,0.0,0.0,0.0
B,R04,training,17,162,0,0.0,0.0,0.0,0.0
B,R04,training,17,163,0,0.0,0.0,0.0,0.0
B,R04,training,17,164,0,0.0,0.0,0.0,0.0
B,R04,training,17,165,0,0.0,0.0,0.0,0.0
B,R04,training,17,166,0,0.0,0.0,0.0,0.0
B,R04,training,17,167,0,0.0,0.0,0.0,0.0
B,R04,training,17,168,0,0.0,0.0,0.0,0.0
B,R04,training,17,169,0,0.0,0.0,0.0,0.0
B,R04,training,17,170,0,0.0,0.0,0.0,0.0
B,R04,training,17,171,0,0.0,0.0,0.0,0.0
B,R04,training,17,172,0,0.0,0.0,0.0,0.0
B,R04,training,17,173,0,0.0,0.0,0.0,0.0
B,R04,training,17,174,0,0.0,0.0,0.0,0.0
B,R04,training,17,175,0,0.0,0.0,0.0,0.0
B,R04,training,17,176,0,0.0,0.0,0.0,0.0
B,R04,training,17,177,0,0.0,0.0,0.0,0.0
B,R04,training,17,178,0,0.0,0.0,0.0,0.0
B,R04,training,17,179,0,0.0,0.0,0.0,0.0
B,R04,training,17,180,0,0.0,0.0,0.0,0.0
B,R04,training,17,181,0,0.0,0.0,0.0,0.0
B,R04,training,17,182,0,0.0,0.0,0.0,0.0
B,R04,training,17,183,0,0.0,0.0,0.0,0.0
B,R04,training,17,184,0,0.0,0.0,0.0,0.0
B,R04,training,17,185,0,0.0,0.0,0.0,0.0
B,R04,training,17,186,0,0.0,0.0,0.0,0.0
B,R04,training,17,187,0,0.0,0.0,0.0,0.0
B,R04,training,17,188,0,0.0,0.0,0.0,0.0
B,R04,training,17,189,0,0.0,0.0,0.0,0.0
B,R04,training,17,190,0,0.0,0.0,0.0,0.0
B,R04,training,17,191,0,0.0,0.0,0.0,0.0
B,R04,training,17,192,0,0.0,0.0,0.0,0.0
B,R04,training,17,193,0,0.0,0.0,0.0,0.0
B,R04,training,17,194,0,0.0,0.0,0.0,0.0
B,R04,training,17,195,0,0.0,0.0,0.0,0.0
B,R04,training,17,196,0,0.0,0.0,0.0,0.0
B,R04,training,17,197,0,0.0,0.0,0.0,0.0
B,R04,training,17,198,0,0.0,0.0,0.0,0.0
B,R04,training,17,199,0,0.0,0.0,0.0,0.0
B,R04,training,17,200,0,0.0,0.0,0.0,0.0
B,R04,training,17,201,0,0.0,0.0,0.0,0.0
B,R04,training,17,202,0,0.0,0.0,0.0,0.0
B,R04,training,17,203,0,0.0,0.0,0.0,0.0
B,R04,training,17,204,0,0.0,0.0,0.0,0.0
B,R04,training,17,205,0,0.0,0.0,0.0,0.0
B,R04,training,17,206,0,0.0,0.0,0.0,0.0
B,R04,training,17,207,0,0.0,0.0,0.0,0.0
B,R04,training,17,208,0,0.0,0.0,0.0,0.0
B,R04,training,17,209,0,0.0,0.0,0.0,0.0
B,R04,training,17,210,0,0.0,0.0,0.0,0.0
B,R04,training,17,211,0,0.0,0.0,0.0,0.0
B,R04,training,17,212,0,0.0,0.0,0.0,0.0
B,R04,training,17,213,0,0.0,0.0,0.0,0.0
B,R04,training,17,214,0,0.0,0.0,0.0,0.0
B,R04,training,17,215,0,0.0,0.0,0.0,0.0
B,R04,training,17,216,0,0.0,0.0,0.0,0.0
B,R04,training,17,217,0,0.0,0.0,0.0,0.0
B,R04,training,17,218,0,0.0,0.0,0.0,0.0
B,R04,training,17,219,0,0.0,0.0,0.0,0.0
B,R04,training,17,220,0,0.0,0.0,0.0,0.0
B,R04,training,17,221,0,0.0,0.0,0.0,0.0
B,R04,training,17,222,0,0.0,0.0,0.0,0.0
B,R04,training,17,223,0,0.0,0.0,0.0,0.0
B,R04,training,17,224,0,0.0,0.0,0.0,0.0
B,R04,training,17,225,0,0.0,0.0,0.0,0.0
B,R04,training,17,226,0,0.0,0.0,0.0,0.0
B,R04,training,17,227,0,0.0,0.0,0.0,0.0
B,R04,training,17,228,0,0.0,0.0,0.0,0.0
B,R04,training,17,229,0,0.0,0.0,0.0,0.0
B,R04,training,17,230,0,0.0,0.0,0.0,0.0
B,R04,training,17,231,0,0.0,0.0,0.0,0.0
B,R04,training,17,232,0,0.0,0.0,0.0,0.0
B,R04,training,17,233,0,0.0,0.0,0.0,0.0
B,R04,training,17,234,0,0.0,0.0,0.0,0.0
B,R04,training,17,235,0,0.0,0.0,0.0,0.0
B,R04,training,17,236,0,0.0,0.0,0.0,0.0
B,R04,training,17,237,0,0.0,0.0,0.0,0.0
B,R04,training,17,238,0,0.0,0.0,0.0,0.0
B,R04,training,17,239,0,0.0,0.0,0.0,0.0
B,R04,training,17,240,0,0.0,0.0,0.0,0.0
B,R04,training,17,241,0,0.0,0.0,0.0,0.0
B,R04,training,17,242,0,0.0,0.0,0.0,0.0
B,R04,training,17,243,0,0.0,0.0,0.0,0.0
B,R04,training,17,244,0,0.0,0.0,0.0,0.0
B,R04,training,17,245,0,0.0,0.0,0.0,0.0
B,R04,training,17,246,0,0.0,0.0,0.0,0.0
B,R04,training,17,247,0,0.0,0.0,0.0,0.0
B,R04,training,17,248,0,0.0,0.0,0.0,0.0
B,R04,training,17,249,0,0.0,0.0,0.0,0.0
B,R04,training,17,250,0,0.0,0.0,0.0,0.0
B,R04,training,17,251,0,0.0,0.0,0.0,0.0
B,R04,training,17,252,0,0.0,0.0,0.0,0.0
B,R04,training,17,253,0,0.0,0.0,0.0,0.0
B,R04,training,17,254,0,0.0,0.0,0.0,0.0
B,R04,training,17,255,0,0.0,0.0,0.0,0.0
B,R04,training,17,256,0,0.0,0.0,0.0,0.0
B,R04,training,17,257,0,0.0,0.0,0.0,0.0
B,R04,training,17,258,0,0.0,0.0,0.0,0.0
B,R04,training,17,259,0,0.0,0.0,0.0,0.0
B,R04,training,17,260,0,0.0,0.0,0.0,0.0
B,R04,training,17,261,0,0.0,0.0,0.0,0.0
B,R04,training,17,262,0,0.0,0.0,0.0,0.0
B,R04,training,17,263,0,0.0,0.0,0.0,0.0
B,R04,training,17,264,0,0.0,0.0,0.0,0.0
B,R04,training,17,265,0,0.0,0.0,0.0,0.0
B,R04,training,17,266,0,0.0,0.0,0.0,0.0
B,R04,training,17,267,0,0.0,0.0,0.0,0.0
B,R04,training,17,268,0,0.0,0.0,0.0,0.0
B,R04,training,17,269,0,0.0,0.0,0.0,0.0
B,R04,training,17,270,0,0.0,0.0,0.0,0.0
B,R04,training,17,271,0,0.0,0.0,0.0,0.0
B,R04,training,17,272,0,0.0,0.0,0.0,0.0
B,R04,training,17,273,0,0.0,0.0,0.0,0.0
B,R04,training,17,274,0,0.0,0.0,0.0,0.0
B,R04,training,17,275,0,0.0,0.0,0.0,0.0
B,R04,training,17,276,0,0.0,0.0,0.0,0.0
B,R04,training,17,277,0,0.0,0.0,0.0,0.0
B,R04,training,17,278,0,0.0,0.0,0.0,0.0
B,R04,training,17,279,0,0.0,0.0,0.0,0.0
B,R04,training,17,280,0,0.0,0.0,0.0,0.0
B,R04,training,17,281,0,0.0,0.0,0.0,0.0
B,R04,training,17,282,0,0.0,0.0,0.0,0.0
B,R04,training,17,283,0,0.0,0.0,0.0,0.0
B,R04,training,17,284,0,0.0,0.0,0.0,0.0
B,R04,training,17,285,0,0.0,0.0,0.0,0.0
B,R04,training,17,286,0,0.0,0.0,0.0,0.0
B,R04,training,17,287,0,0.0,0.0,0.0,0.0
B,R04,training,17,288,0,0.0,0.0,0.0,0.0
B,R04,training,17,289,0,0.0,0.0,0.0,0.0
B,R04,training,17,290,0,0.0,0.0,0.0,0.0
B,R04,training,17,291,0,0.0,0.0,0.0,0.0
B,R04,training,17,292,0,0.0,0.0,0.0,0.0
B,R04,training,17,293,0,0.0,0.0,0.0,0.0
B,R04,training,17,294,0,0.0,0.0,0.0,0.0
B,R04,training,17,295,0,0.0,0.0,0.0,0.0
B,R04,training,17,296,0,0.0,0.0,0.0,0.0
B,R04,training,17,297,0,0.0,0.0,0.0,0.0
B,R04,training,17,298,0,0.0,0.0,0.0,0.0
B,R04,training,17,299,0,0.0,0.0,0.0,0.0
B,R04,training,17,300,0,0.0,0.0,0.0,0.0
B,R04,training,17,301,0,0.0,0.0,0.0,0.0
B,R04,training,17,302,0,0.0,0.0,0.0,0.0
B,R04,training,17,303,0,0.0,0.0,0.0,0.0
B,R04,training,17,304,0,0.0,0.0,0.0,0.0
B,R04,training,17,305,0,0.0,0.0,0.0,0.0
B,R04,training,17,306,0,0.0,0.0,0.0,0.0
B,R04,training,17,307,0,0.0,0.0,0.0,0.0
B,R04,training,17,308,0,0.0,0.0,0.0,0.0
B,R04,training,17,309,0,0.0,0.0,0.0,0.0
B,R04,training,17,310,0,0.0,0.0,0.0,0.0
B,R04,training,17,311,0,0.0,0.0,0.0,0.0
B,R04,training,17,312,0,0.0,0.0,0.0,0.0
B,R04,training,17,313,0,0.0,0.0,0.0,0.0
B,R04,training,17,314,0,0.0,0.0,0.0,0.0
B,R04,training,17,315,0,0.0,0.0,0.0,0.0
B,R04,training,17,316,0,0.0,0.0,0.0,0.0
B,R04,training,17,317,0,0.0,0.0,0.0,0.0
B,R04,training,17,318,0,0.0,0.0,0.0,0.0
B,R04,training,17,319,0,0.0,0.0,0.0,0.0
B,R04,training,17,320,0,0.0,0.0,0.0,0.0
B,R04,training,17,321,0,0.0,0.0,0.0,0.0
B,R04,training,17,322,0,0.0,0.0,0.0,0.0
B,R04,training,17,323,0,0.0,0.0,0.0,0.0
B,R04,training,17,324,0,0.0,0.0,0.0,0.0
B,R04,training,17,325,0,0.0,0.0,0.0,0.0
B,R04,training,17,326,0,0.0,0.0,0.0,0.0
B,R04,training,17,327,0,0.0,0.0,0.0,0.0
B,R04,training,17,328,0,0.0,0.0,0.0,0.0
B,R04,training,17,329,0,0.0,0.0,0.0,0.0
B,R04,training,17,330,0,0.0,0.0,0.0,0.0
B,R04,training,17,331,0,0.0,0.0,0.0,0.0
B,R04,training,17,332,0,0.0,0.0,0.0,0.0
B,R04,training,17,333,0,0.0,0.0,0.0,0.0
B,R04,training,17,334,0,0.0,0.0,0.0,0.0
B,R04,training,17,335,0,0.0,0.0,0.0,0.0
B,R04,training,17,336,0,0.0,0.0,0.0,0.0
B,R04,training,17,337,0,0.0,0.0,0.0,0.0
B,R04,training,17,338,0,0.0,0.0,0.0,0.0
B,R04,training,17,339,0,0.0,0.0,0.0,0.0
B,R04,training,17,340,0,0.0,0.0,0.0,0.0
B,R04,training,17,341,0,0.0,0.0,0.0,0.0
B,R04,training,17,342,0,0.0,0.0,0.0,0.0
B,R04,training,17,343,0,0.0,0.0,0.0,0.0
B,R04,training,17,344,0,0.0,0.0,0.0,0.0
B,R04,training,17,345,0,0.0,0.0,0.0,0.0
B,R04,training,17,346,0,0.0,0.0,0.0,0.0
B,R04,training,17,347,0,0.0,0.0,0.0,0.0
B,R04,training,17,348,0,0.0,0.0,0.0,0.0
B,R04,training,17,349,0,0.0,0.0,0.0,0.0
B,R04,training,17,350,0,0.0,0.0,0.0,0.0
B,R04,training,17,351,0,0.0,0.0,0.0,0.0
B,R04,training,17,352,0,0.0,0.0,0.0,0.0
B,R04,training,17,353,0,0.0,0.0,0.0,0.0
B,R04,training,17,354,0,0.0,0.0,0.0,0.0
B,R04,training,17,355,0,0.0,0.0,0.0,0.0
B,R04,training,17,356,0,0.0,0.0,0.0,0.0
B,R04,training,17,357,0,0.0,0.0,0.0,0.0
B,R04,training,17,358,0,0.0,0.0,0.0,0.0
B,R04,training,17,359,0,0.0,0.0,0.0,0.0
B,R04,training,17,360,0,0.0,0.0,0.0,0.0
B,R04,training,17,361,0,0.0,0.0,0.0,0.0
B,R04,training,17,362,0,0.0,0.0,0.0,0.0
B,R04,training,17,363,0,0.0,0.0,0.0,0.0
B,R04,training,17,364,0,0.0,0.0,0.0,0.0
B,R04,training,17,365,0,0.0,0.0,0.0,0.0
B,R04,training,17,366,0,0.0,0.0,0.0,0.0
B,R04,training,17,367,0,0.0,0.0,0.0,0.0
B,R04,training,17,368,0,0.0,0.0,0.0,0.0
B,R04,training,17,369,0,0.0,0.0,0.0,0.0
B,R04,training,17,370,0,0.0,0.0,0.0,0.0
B,R04,training,17,371,0,0.0,0.0,0.0,0.0
C,R04,training,17,0,0,0.0,0.0,0.0,0.0
C,R04,training,17,1,0,0.0,0.0,0.0,0.0
C,R04,training,17,2,0,0.0,0.0,0.0,0.0
C,R04,training,17,3,0,0.0,0.0,0.0,0.0
C,R04,training,17,4,0,0.0,0.0,0.0,0.0
C,R04,training,17,5,0,0.0,0.0,0.0,0.0
C,R04,training,17,6,0,0.0,0.0,0.0,0.0
C,R04,training,17,7,0,0.0,0.0,0.0,0.0
C,R04,training,17,8,0,0.0,0.0,0.0,0.0
C,R04,training,17,9,0,0.0,0.0,0.0,0.0
C,R04,training,17,10,0,0.0,0.0,0.0,0.0
C,R04,training,17,11,0,0.0,0.0,0.0,0.0
C,R04,training,17,12,0,0.0,0.0,0.0,0.0
C,R04,training,17,13,0,0.0,0.0,0.0,0.0
C,R04,training,17,14,0,0.0,0.0,0.0,0.0
C,R04,training,17,15,0,0.0,0.0,0.0,0.0
C,R04,training,17,16,0,0.0,0.0,0.0,0.0
C,R04,training,17,17,0,0.0,0.0,0.0,0.0
C,R04,training,17,18,0,0.0,0.0,0.0,0.0
C,R04,training,17,19,0,0.0,0.0,0.0,0.0
C,R04,training,17,20,0,0.0,0.0,0.0,0.0
C,R04,training,17,21,0,0.0,0.0,0.0,0.0
C,R04,training,17,22,0,0.0,0.0,0.0,0.0
C,R04,training,17,23,0,0.0,0.0,0.0,0.0
C,R04,training,17,24,0,0.0,0.0,0.0,0.0
C,R04,training,17,25,0,0.0,0.0,0.0,0.0
C,R04,training,17,26,0,0.0,0.0,0.0,0.0
C,R04,training,17,27,0,0.0,0.0,0.0,0.0
C,R04,training,17,28,0,0.0,0.0,0.0,0.0
C,R04,training,17,29,0,0.0,0.0,0.0,0.0
C,R04,training,17,30,0,0.0,0.0,0.0,0.0
C,R04,training,17,31,0,0.0,0.0,0.0,0.0
C,R04,training,17,32,0,0.0,0.0,0.0,0.0
C,R04,training,17,33,0,0.0,0.0,0.0,0.0
C,R04,training,17,34,0,0.0,0.0,0.0,0.0
C,R04,training,17,35,0,0.0,0.0,0.0,0.0
C,R04,training,17,36,0,0.0,0.0,0.0,0.0
C,R04,training,17,37,0,0.0,0.0,0.0,0.0
C,R04,training,17,38,0,0.0,0.0,0.0,0.0
C,R04,training,17,39,0,0.0,0.0,0.0,0.0
C,R04,training,17,40,0,0.0,0.0,0.0,0.0
C,R04,training,17,41,0,0.0,0.0,0.0,0.0
C,R04,training,17,42,0,0.0,0.0,0.0,0.0
C,R04,training,17,43,0,0.0,0.0,0.0,0.0
C,R04,training,17,44,0,0.0,0.0,0.0,0.0
C,R04,training,17,45,0,0.0,0.0,0.0,0.0
C,R04,training,17,46,0,0.0,0.0,0.0,0.0
C,R04,training,17,47,0,0.0,0.0,0.0,0.0
C,R04,training,17,48,0,0.0,0.0,0.0,0.0
C,R04,training,17,49,0,0.0,0.0,0.0,0.0
C,R04,training,17,50,0,0.0,0.0,0.0,0.0
C,R04,training,17,51,0,0.0,0.0,0.0,0.0
C,R04,training,17,52,0,0.0,0.0,0.0,0.0
C,R04,training,17,53,0,0.0,0.0,0.0,0.0
C,R04,training,17,54,0,0.0,0.0,0.0,0.0
C,R04,training,17,55,0,0.0,0.0,0.0,0.0
C,R04,training,17,56,0,0.0,0.0,0.0,0.0
C,R04,training,17,57,0,0.0,0.0,0.0,0.0
C,R04,training,17,58,0,0.0,0.0,0.0,0.0
C,R04,training,17,59,0,0.0,0.0,0.0,0.0
C,R04,training,17,60,0,0.0,0.0,0.0,0.0
C,R04,training,17,61,0,0.0,0.0,0.0,0.0
C,R04,training,17,62,0,0.0,0.0,0.0,0.0
C,R04,training,17,63,0,0.0,0.0,0.0,0.0
C,R04,training,17,64,0,0.0,0.0,0.0,0.0
C,R04,training,17,65,0,0.0,0.0,0.0,0.0
C,R04,training,17,66,0,0.0,0.0,0.0,0.0
C,R04,training,17,67,0,0.0,0.0,0.0,0.0
C,R04,training,17,68,0,0.0,0.0,0.0,0.0
C,R04,training,17,69,0,0.0,0.0,0.0,0.0
C,R04,training,17,70,0,0.0,0.0,0.0,0.0
C,R04,training,17,71,0,0.0,0.0,0.0,0.0
C,R04,training,17,72,0,0.0,0.0,0.0,0.0
C,R04,training,17,73,0,0.0,0.0,0.0,0.0
C,R04,training,17,74,0,0.0,0.0,0.0,0.0
C,R04,training,17,75,0,0.0,0.0,0.0,0.0
C,R04,training,17,76,0,0.0,0.0,0.0,0.0
C,R04,training,17,77,0,0.0,0.0,0.0,0.0
C,R04,training,17,78,0,0.0,0.0,0.0,0.0
C,R04,training,17,79,0,0.0,0.0,0.0,0.0
C,R04,training,17,80,0,0.0,0.0,0.0,0.0
C,R04,training,17,81,0,0.0,0.0,0.0,0.0
C,R04,training,17,82,0,0.0,0.0,0.0,0.0
C,R04,training,17,83,0,0.0,0.0,0.0,0.0
C,R04,training,17,84,0,0.0,0.0,0.0,0.0
C,R04,training,17,85,0,0.0,0.0,0.0,0.0
C,R04,training,17,86,0,0.0,0.0,0.0,0.0
C,R04,training,17,87,0,0.0,0.0,0.0,0.0
C,R04,training,17,88,0,0.0,0.0,0.0,0.0
C,R04,training,17,89,0,0.0,0.0,0.0,0.0
C,R04,training,17,90,0,0.0,0.0,0.0,0.0
C,R04,training,17,91,0,0.0,0.0,0.0,0.0
C,R04,training,17,92,0,0.0,0.0,0.0,0.0
C,R04,training,17,93,0,0.0,0.0,0.0,0.0
C,R04,training,17,94,0,0.0,0.0,0.0,0.0
C,R04,training,17,95,0,0.0,0.0,0.0,0.0
C,R04,training,17,96,0,0.0,0.0,0.0,0.0
C,R04,training,17,97,0,0.0,0.0,0.0,0.0
C,R04,training,17,98,0,0.0,0.0,0.0,0.0
C,R04,training,17,99,0,0.0,0.0,0.0,0.0
C,R04,training,17,100,0,0.0,0.0,0.0,0.0
C,R04,training,17,101,0,0.0,0.0,0.0,0.0
C,R04,training,17,102,0,0.0,0.0,0.0,0.0
C,R04,training,17,103,0,0.0,0.0,0.0,0.0
C,R04,training,17,104,0,0.0,0.0,0.0,0.0
C,R04,training,17,105,0,0.0,0.0,0.0,0.0
C,R04,training,17,106,0,0.0,0.0,0.0,0.0
C,R04,training,17,107,0,0.0,0.0,0.0,0.0
C,R04,training,17,108,0,0.0,0.0,0.0,0.0
C,R04,training,17,109,0,0.0,0.0,0.0,0.0
C,R04,training,17,110,0,0.0,0.0,0.0,0.0
C,R04,training,17,111,0,0.0,0.0,0.0,0.0
C,R04,training,17,112,0,0.0,0.0,0.0,0.0
C,R04,training,17,113,0,0.0,0.0,0.0,0.0
C,R04,training,17,114,0,0.0,0.0,0.0,0.0
C,R04,training,17,115,0,0.0,0.0,0.0,0.0
C,R04,training,17,116,0,0.0,0.0,0.0,0.0
C,R04,training,17,117,0,0.0,0.0,0.0,0.0
C,R04,training,17,118,0,0.0,0.0,0.0,0.0
C,R04,training,17,119,0,0.0,0.0,0.0,0.0
C,R04,training,17,120,0,0.0,0.0,0.0,0.0
C,R04,training,17,121,0,0.0,0.0,0.0,0.0
C,R04,training,17,122,0,0.0,0.0,0.0,0.0
C,R04,training,17,123,0,0.0,0.0,0.0,0.0
C,R04,training,17,124,0,0.0,0.0,0.0,0.0
C,R04,training,17,125,0,0.0,0.0,0.0,0.0
C,R04,training,17,126,0,0.0,0.0,0.0,0.0
C,R04,training,17,127,0,0.0,0.0,0.0,0.0
C,R04,training,17,128,0,0.0,0.0,0.0,0.0
C,R04,training,17,129,0,0.0,0.0,0.0,0.0
C,R04,training,17,130,0,0.0,0.0,0.0,0.0
C,R04,training,17,131,0,0.0,0.0,0.0,0.0
C,R04,training,17,132,0,0.0,0.0,0.0,0.0
C,R04,training,17,133,0,0.0,0.0,0.0,0.0
C,R04,training,17,134,0,0.0,0.0,0.0,0.0
C,R04,training,17,135,0,0.0,0.0,0.0,0.0
C,R04,training,17,136,0,0.0,0.0,0.0,0.0
C,R04,training,17,137,0,0.0,0.0,0.0,0.0
C,R04,training,17,138,0,0.0,0.0,0.0,0.0
C,R04,training,17,139,0,0.0,0.0,0.0,0.0
C,R04,training,17,140,0,0.0,0.0,0.0,0.0
C,R04,training,17,141,0,0.0,0.0,0.0,0.0
C,R04,training,17,142,0,0.0,0.0,0.0,0.0
C,R04,training,17,143,0,0.0,0.0,0.0,0.0
C,R04,training,17,144,0,0.0,0.0,0.0,0.0
C,R04,training,17,145,0,0.0,0.0,0.0,0.0
C,R04,training,17,146,0,0.0,0.0,0.0,0.0
C,R04,training,17,147,0,0.0,0.0,0.0,0.0
C,R04,training,17,148,0,0.0,0.0,0.0,0.0
C,R04,training,17,149,0,0.0,0.0,0.0,0.0
C,R04,training,17,150,0,0.0,0.0,0.0,0.0
C,R04,training,17,151,0,0.0,0.0,0.0,0.0
C,R04,training,17,152,0,0.0,0.0,0.0,0.0
C,R04,training,17,153,0,0.0,0.0,0.0,0.0
C,R04,training,17,154,0,0.0,0.0,0.0,0.0
C,R04,training,17,155,0,0.0,0.0,0.0,0.0
C,R04,training,17,156,0,0.0,0.0,0.0,0.0
C,R04,training,17,157,0,0.0,0.0,0.0,0.0
C,R04,training,17,158,0,0.0,0.0,0.0,0.0
C,R04,training,17,159,0,0.0,0.0,0.0,0.0
C,R04,training,17,160,0,0.0,0.0,0.0,0.0
C,R04,training,17,161,0,0.0,0.0,0.0,0.0
C,R04,training,17,162,0,0.0,0.0,0.0,0.0
C,R04,training,17,163,0,0.0,0.0,0.0,0.0
C,R04,training,17,164,0,0.0,0.0,0.0,0.0
C,R04,training,17,165,0,0.0,0.0,0.0,0.0
C,R04,training,17,166,0,0.0,0.0,0.0,0.0
C,R04,training,17,167,0,0.0,0.0,0.0,0.0
C,R04,training,17,168,0,0.0,0.0,0.0,0.0
C,R04,training,17,169,0,0.0,0.0,0.0,0.0
C,R04,training,17,170,0,0.0,0.0,0.0,0.0
C,R04,training,17,171,0,0.0,0.0,0.0,0.0
C,R04,training,17,172,0,0.0,0.0,0.0,0.0
C,R04,training,17,173,0,0.0,0.0,0.0,0.0
C,R04,training,17,174,0,0.0,0.0,0.0,0.0
C,R04,training,17,175,0,0.0,0.0,0.0,0.0
C,R04,training,17,176,0,0.0,0.0,0.0,0.0
C,R04,training,17,177,0,0.0,0.0,0.0,0.0
C,R04,training,17,178,0,0.0,0.0,0.0,0.0
C,R04,training,17,179,0,0.0,0.0,0.0,0.0
C,R04,training,17,180,0,0.0,0.0,0.0,0.0
C,R04,training,17,181,0,0.0,0.0,0.0,0.0
C,R04,training,17,182,0,0.0,0.0,0.0,0.0
C,R04,training,17,183,0,0.0,0.0,0.0,0.0
C,R04,training,17,184,0,0.0,0.0,0.0,0.0
C,R04,training,17,185,0,0.0,0.0,0.0,0.0
C,R04,training,17,186,0,0.0,0.0,0.0,0.0
C,R04,training,17,187,0,0.0,0.0,0.0,0.0
C,R04,training,17,188,0,0.0,0.0,0.0,0.0
C,R04,training,17,189,0,0.0,0.0,0.0,0.0
C,R04,training,17,190,0,0.0,0.0,0.0,0.0
C,R04,training,17,191,0,0.0,0.0,0.0,0.0
C,R04,training,17,192,0,0.0,0.0,0.0,0.0
C,R04,training,17,193,0,0.0,0.0,0.0,0.0
C,R04,training,17,194,0,0.0,0.0,0.0,0.0
C,R04,training,17,195,0,0.0,0.0,0.0,0.0
C,R04,training,17,196,0,0.0,0.0,0.0,0.0
C,R04,training,17,197,0,0.0,0.0,0.0,0.0
C,R04,training,17,198,0,0.0,0.0,0.0,0.0
C,R04,training,17,199,0,0.0,0.0,0.0,0.0
C,R04,training,17,200,0,0.0,0.0,0.0,0.0
C,R04,training,17,201,0,0.0,0.0,0.0,0.0
C,R04,training,17,202,0,0.0,0.0,0.0,0.0
C,R04,training,17,203,0,0.0,0.0,0.0,0.0
C,R04,training,17,204,0,0.0,0.0,0.0,0.0
C,R04,training,17,205,0,0.0,0.0,0.0,0.0
C,R04,training,17,206,0,0.0,0.0,0.0,0.0
C,R04,training,17,207,0,0.0,0.0,0.0,0.0
C,R04,training,17,208,0,0.0,0.0,0.0,0.0
C,R04,training,17,209,0,0.0,0.0,0.0,0.0
C,R04,training,17,210,0,0.0,0.0,0.0,0.0
C,R04,training,17,211,0,0.0,0.0,0.0,0.0
C,R04,training,17,212,0,0.0,0.0,0.0,0.0
C,R04,training,17,213,0,0.0,0.0,0.0,0.0
C,R04,training,17,214,0,0.0,0.0,0.0,0.0
C,R04,training,17,215,0,0.0,0.0,0.0,0.0
C,R04,training,17,216,0,0.0,0.0,0.0,0.0
C,R04,training,17,217,0,0.0,0.0,0.0,0.0
C,R04,training,17,218,0,0.0,0.0,0.0,0.0
C,R04,training,17,219,0,0.0,0.0,0.0,0.0
C,R04,training,17,220,0,0.0,0.0,0.0,0.0
C,R04,training,17,221,0,0.0,0.0,0.0,0.0
C,R04,training,17,222,0,0.0,0.0,0.0,0.0
C,R04,training,17,223,0,0.0,0.0,0.0,0.0
C,R04,training,17,224,0,0.0,0.0,0.0,0.0
C,R04,training,17,225,0,0.0,0.0,0.0,0.0
C,R04,training,17,226,0,0.0,0.0,0.0,0.0
C,R04,training,17,227,0,0.0,0.0,0.0,0.0
C,R04,training,17,228,0,0.0,0.0,0.0,0.0
C,R04,training,17,229,0,0.0,0.0,0.0,0.0
C,R04,training,17,230,0,0.0,0.0,0.0,0.0
C,R04,training,17,231,0,0.0,0.0,0.0,0.0
C,R04,training,17,232,0,0.0,0.0,0.0,0.0
C,R04,training,17,233,0,0.0,0.0,0.0,0.0
C,R04,training,17,234,0,0.0,0.0,0.0,0.0
C,R04,training,17,235,0,0.0,0.0,0.0,0.0
C,R04,training,17,236,0,0.0,0.0,0.0,0.0
C,R04,training,17,237,0,0.0,0.0,0.0,0.0
C,R04,training,17,238,0,0.0,0.0,0.0,0.0
C,R04,training,17,239,0,0.0,0.0,0.0,0.0
C,R04,training,17,240,0,0.0,0.0,0.0,0.0
C,R04,training,17,241,0,0.0,0.0,0.0,0.0
C,R04,training,17,242,0,0.0,0.0,0.0,0.0
C,R04,training,17,243,0,0.0,0.0,0.0,0.0
C,R04,training,17,244,0,0.0,0.0,0.0,0.0
C,R04,training,17,245,0,0.0,0.0,0.0,0.0
C,R04,training,17,246,0,0.0,0.0,0.0,0.0
C,R04,training,17,247,0,0.0,0.0,0.0,0.0
C,R04,training,17,248,0,0.0,0.0,0.0,0.0
C,R04,training,17,249,0,0.0,0.0,0.0,0.0
C,R04,training,17,250,0,0.0,0.0,0.0,0.0
C,R04,training,17,251,0,0.0,0.0,0.0,0.0
C,R04,training,17,252,0,0.0,0.0,0.0,0.0
C,R04,training,17,253,0,0.0,0.0,0.0,0.0
C,R04,training,17,254,0,0.0,0.0,0.0,0.0
C,R04,training,17,255,0,0.0,0.0,0.0,0.0
C,R04,training,17,256,0,0.0,0.0,0.0,0.0
C,R04,training,17,257,0,0.0,0.0,0.0,0.0
C,R04,training,17,258,0,0.0,0.0,0.0,0.0
C,R04,training,17,259,0,0.0,0.0,0.0,0.0
C,R04,training,17,260,0,0.0,0.0,0.0,0.0
C,R04,training,17,261,0,0.0,0.0,0.0,0.0
C,R04,training,17,262,0,0.0,0.0,0.0,0.0
C,R04,training,17,263,0,0.0,0.0,0.0,0.0
C,R04,training,17,264,0,0.0,0.0,0.0,0.0
C,R04,training,17,265,0,0.0,0.0,0.0,0.0
C,R04,training,17,266,0,0.0,0.0,0.0,0.0
C,R04,training,17,267,0,0.0,0.0,0.0,0.0
C,R04,training,17,268,0,0.0,0.0,0.0,0.0
C,R04,training,17,269,0,0.0,0.0,0.0,0.0
C,R04,training,17,270,0,0.0,0.0,0.0,0.0
C,R04,training,17,271,0,0.0,0.0,0.0,0.0
C,R04,training,17,272,0,0.0,0.0,0.0,0.0
C,R04,training,17,273,0,0.0,0.0,0.0,0.0
C,R04,training,17,274,0,0.0,0.0,0.0,0.0
C,R04,training,17,275,0,0.0,0.0,0.0,0.0
C,R04,training,17,276,0,0.0,0.0,0.0,0.0
C,R04,training,17,277,0,0.0,0.0,0.0,0.0
C,R04,training,17,278,0,0.0,0.0,0.0,0.0
C,R04,training,17,279,0,0.0,0.0,0.0,0.0
C,R04,training,17,280,0,0.0,0.0,0.0,0.0
C,R04,training,17,281,0,0.0,0.0,0.0,0.0
C,R04,training,17,282,0,0.0,0.0,0.0,0.0
C,R04,training,17,283,0,0.0,0.0,0.0,0.0
C,R04,training,17,284,0,0.0,0.0,0.0,0.0
C,R04,training,17,285,0,0.0,0.0,0.0,0.0
C,R04,training,17,286,0,0.0,0.0,0.0,0.0
C,R04,training,17,287,0,0.0,0.0,0.0,0.0
C,R04,training,17,288,0,0.0,0.0,0.0,0.0
C,R04,training,17,289,0,0.0,0.0,0.0,0.0
C,R04,training,17,290,0,0.0,0.0,0.0,0.0
C,R04,training,17,291,0,0.0,0.0,0.0,0.0
C,R04,training,17,292,0,0.0,0.0,0.0,0.0
C,R04,training,17,293,0,0.0,0.0,0.0,0.0
C,R04,training,17,294,0,0.0,0.0,0.0,0.0
C,R04,training,17,295,0,0.0,0.0,0.0,0.0
C,R04,training,17,296,0,0.0,0.0,0.0,0.0
C,R04,training,17,297,0,0.0,0.0,0.0,0.0
C,R04,training,17,298,0,0.0,0.0,0.0,0.0
C,R04,training,17,299,0,0.0,0.0,0.0,0.0
C,R04,training,17,300,0,0.0,0.0,0.0,0.0
C,R04,training,17,301,0,0.0,0.0,0.0,0.0
C,R04,training,17,302,0,0.0,0.0,0.0,0.0
C,R04,training,17,303,0,0.0,0.0,0.0,0.0
C,R04,training,17,304,0,0.0,0.0,0.0,0.0
C,R04,training,17,305,0,0.0,0.0,0.0,0.0
C,R04,training,17,306,0,0.0,0.0,0.0,0.0
C,R04,training,17,307,0,0.0,0.0,0.0,0.0
C,R04,training,17,308,0,0.0,0.0,0.0,0.0
C,R04,training,17,309,0,0.0,0.0,0.0,0.0
C,R04,training,17,310,0,0.0,0.0,0.0,0.0
C,R04,training,17,311,0,0.0,0.0,0.0,0.0
C,R04,training,17,312,0,0.0,0.0,0.0,0.0
C,R04,training,17,313,0,0.0,0.0,0.0,0.0
C,R04,training,17,314,0,0.0,0.0,0.0,0.0
C,R04,training,17,315,0,0.0,0.0,0.0,0.0
C,R04,training,17,316,0,0.0,0.0,0.0,0.0
C,R04,training,17,317,0,0.0,0.0,0.0,0.0
C,R04,training,17,318,0,0.0,0.0,0.0,0.0
C,R04,training,17,319,0,0.0,0.0,0.0,0.0
C,R04,training,17,320,0,0.0,0.0,0.0,0.0
C,R04,training,17,321,0,0.0,0.0,0.0,0.0
C,R04,training,17,322,0,0.0,0.0,0.0,0.0
C,R04,training,17,323,0,0.0,0.0,0.0,0.0
C,R04,training,17,324,0,0.0,0.0,0.0,0.0
C,R04,training,17,325,0,0.0,0.0,0.0,0.0
C,R04,training,17,326,0,0.0,0.0,0.0,0.0
C,R04,training,17,327,0,0.0,0.0,0.0,0.0
C,R04,training,17,328,0,0.0,0.0,0.0,0.0
C,R04,training,17,329,0,0.0,0.0,0.0,0.0
C,R04,training,17,330,0,0.0,0.0,0.0,0.0
C,R04,training,17,331,0,0.0,0.0,0.0,0.0
C,R04,training,17,332,0,0.0,0.0,0.0,0.0
C,R04,training,17,333,0,0.0,0.0,0.0,0.0
C,R04,training,17,334,0,0.0,0.0,0.0,0.0
C,R04,training,17,335,0,0.0,0.0,0.0,0.0
C,R04,training,17,336,0,0.0,0.0,0.0,0.0
C,R04,training,17,337,0,0.0,0.0,0.0,0.0
C,R04,training,17,338,0,0.0,0.0,0.0,0.0
C,R04,training,17,339,0,0.0,0.0,0.0,0.0
C,R04,training,17,340,0,0.0,0.0,0.0,0.0
C,R04,training,17,341,0,0.0,0.0,0.0,0.0
C,R04,training,17,342,0,0.0,0.0,0.0,0.0
C,R04,training,17,343,0,0.0,0.0,0.0,0.0
C,R04,training,17,344,0,0.0,0.0,0.0,0.0
C,R04,training,17,345,0,0.0,0.0,0.0,0.0
C,R04,training,17,346,0,0.0,0.0,0.0,0.0
C,R04,training,17,347,0,0.0,0.0,0.0,0.0
C,R04,training,17,348,0,0.0,0.0,0.0,0.0
C,R04,training,17,349,0,0.0,0.0,0.0,0.0
C,R04,training,17,350,0,0.0,0.0,0.0,0.0
C,R04,training,17,351,0,0.0,0.0,0.0,0.0
C,R04,training,17,352,0,0.0,0.0,0.0,0.0
C,R04,training,17,353,0,0.0,0.0,0.0,0.0
C,R04,training,17,354,0,0.0,0.0,0.0,0.0
C,R04,training,17,355,0,0.0,0.0,0.0,0.0
C,R04,training,17,356,0,0.0,0.0,0.0,0.0
C,R04,training,17,357,0,0.0,0.0,0.0,0.0
C,R04,training,17,358,0,0.0,0.0,0.0,0.0
C,R04,training,17,359,0,0.0,0.0,0.0,0.0
C,R04,training,17,360,0,0.0,0.0,0.0,0.0
C,R04,training,17,361,0,0.0,0.0,0.0,0.0
C,R04,training,17,362,0,0.0,0.0,0.0,0.0
C,R04,training,17,363,0,0.0,0.0,0.0,0.0
C,R04,training,17,364,0,0.0,0.0,0.0,0.0
C,R04,training,17,365,0,0.0,0.0,0.0,0.0
C,R04,training,17,366,0,0.0,0.0,0.0,0.0
C,R04,training,17,367,0,0.0,0.0,0.0,0.0
C,R04,training,17,368,0,0.0,0.0,0.0,0.0
C,R04,training,17,369,0,0.0,0.0,0.0,0.0
C,R04,training,17,370,0,0.0,0.0,0.0,0.0
C,R04,training,17,371,0,0.0,0.0,0.0,0.0
P1,R04,training,17,0,0,0.0,0.0,0.0,0.0
P1,R04,training,17,1,0,0.0,0.0,0.0,0.0
P1,R04,training,17,2,0,0.0,0.0,0.0,0.0
P1,R04,training,17,3,0,0.0,0.0,0.0,0.0
P1,R04,training,17,4,0,0.0,0.0,0.0,0.0
P1,R04,training,17,5,0,0.0,0.0,0.0,0.0
P1,R04,training,17,6,0,0.0,0.0,0.0,0.0
P1,R04,training,17,7,0,0.0,0.0,0.0,0.0
P1,R04,training,17,8,0,0.0,0.0,0.0,0.0
P1,R04,training,17,9,0,0.0,0.0,0.0,0.0
P1,R04,training,17,10,0,0.0,0.0,0.0,0.0
P1,R04,training,17,11,0,0.0,0.0,0.0,0.0
P1,R04,training,17,12,0,0.0,0.0,0.0,0.0
P1,R04,training,17,13,0,0.0,0.0,0.0,0.0
P1,R04,training,17,14,0,0.0,0.0,0.0,0.0
P1,R04,training,17,15,0,0.0,0.0,0.0,0.0
P1,R04,training,17,16,0,0.0,0.0,0.0,0.0
P1,R04,training,17,17,0,0.0,0.0,0.0,0.0
P1,R04,training,17,18,0,0.0,0.0,0.0,0.0
P1,R04,training,17,19,0,0.0,0.0,0.0,0.0
P1,R04,training,17,20,0,0.0,0.0,0.0,0.0
P1,R04,training,17,21,0,0.0,0.0,0.0,0.0
P1,R04,training,17,22,0,0.0,0.0,0.0,0.0
P1,R04,training,17,23,0,0.0,0.0,0.0,0.0
P1,R04,training,17,24,0,0.0,0.0,0.0,0.0
P1,R04,training,17,25,0,0.0,0.0,0.0,0.0
P1,R04,training,17,26,0,0.0,0.0,0.0,0.0
P1,R04,training,17,27,0,0.0,0.0,0.0,0.0
P1,R04,training,17,28,0,0.0,0.0,0.0,0.0
P1,R04,training,17,29,0,0.0,0.0,0.0,0.0
P1,R04,training,17,30,0,0.0,0.0,0.0,0.0
P1,R04,training,17,31,0,0.0,0.0,0.0,0.0
P1,R04,training,17,32,0,0.0,0.0,0.0,0.0
P1,R04,training,17,33,0,0.0,0.0,0.0,0.0
P1,R04,training,17,34,0,0.0,0.0,0.0,0.0
P1,R04,training,17,35,0,0.0,0.0,0.0,0.0
P1,R04,training,17,36,0,0.0,0.0,0.0,0.0
P1,R04,training,17,37,0,0.0,0.0,0.0,0.0
P1,R04,training,17,38,0,0.0,0.0,0.0,0.0
P1,R04,training,17,39,0,0.0,0.0,0.0,0.0
P1,R04,training,17,40,0,0.0,0.0,0.0,0.0
P1,R04,training,17,41,0,0.0,0.0,0.0,0.0
P1,R04,training,17,42,0,0.0,0.0,0.0,0.0
P1,R04,training,17,43,0,0.0,0.0,0.0,0.0
P1,R04,training,17,44,0,0.0,0.0,0.0,0.0
P1,R04,training,17,45,0,0.0,0.0,0.0,0.0
P1,R04,training,17,46,0,0.0,0.0,0.0,0.0
P1,R04,training,17,47,0,0.0,0.0,0.0,0.0
P1,R04,training,17,48,0,0.0,0.0,0.028587992665631327,0.02179601401226876
P1,R04,training,17,49,0,0.0,0.0,0.028587992665631327,0.02188218099521593
P1,R04,training,17,50,0,0.0,0.0,0.028587992665631327,0.021968053627831365
P1,R04,training,17,51,0,0.0,0.0,0.028587992665631327,0.022053625781012044
P1,R04,training,17,52,0,0.0,0.0,0.028587992665631327,0.0221388913277981
P1,R04,training,17,53,0,0.0,0.0,0.028587992665631327,0.022223844144090933
P1,R04,training,17,54,0,0.0,0.0,0.028587992665631327,0.022308478109373718
P1,R04,training,17,55,0,0.0,0.0,0.028587992665631327,0.022392787107434108
P1,R04,training,17,56,0,0.0,0.0,0.028587992665631327,0.022476765027089143
P1,R04,training,17,57,0,0.0,0.0,0.028587992665631327,0.022560405762912156
P1,R04,training,17,58,0,0.0,0.0,0.028587992665631327,0.02264370321596155
P1,R04,training,17,59,0,0.0,0.0,0.028587992665631327,0.02272665129451142
P1,R04,training,17,60,0,0.0,0.0,0.028587992665631327,0.022809243914783783
P1,R04,training,17,61,0,0.0,0.0,0.028587992665631327,0.022891475001682385
P1,R04,training,17,62,0,0.0,0.0,0.028587992665631327,0.022973338489527918
P1,R04,training,17,63,0,0.0,0.0,0.028587992665631327,0.023054828322794516
P1,R04,training,17,64,0,0.0,0.0,0.030507934362157582,0.02468972551182207
P1,R04,training,17,65,0,0.0,0.0,0.030507934362157582,0.024775871285727735
P1,R04,training,17,66,0,0.0,0.0,0.030507934362157582,0.024861598997040164
P1,R04,training,17,67,0,0.0,0.0,0.030507934362157582,0.024946902234774537
P1,R04,training,17,68,0,0.0,0.0,0.030507934362157582,0.02503177460272741
P1,R04,training,17,69,0,0.0,0.0,0.030507934362157582,0.02511620972026821
P1,R04,training,17,70,0,0.0,0.0,0.030507934362157582,0.02520020122313121
P1,R04,training,17,71,0,0.0,0.0,0.030507934362157582,0.025283742764207754
P1,R04,training,17,72,0,0.0,0.0,0.030507934362157582,0.025366828014338722
P1,R04,training,17,73,0,0.0,0.0,0.030507934362157582,0.025449450663107002
P1,R04,training,17,74,0,0.0,0.0,0.030507934362157582,0.025531604419629872
P1,R04,training,17,75,0,0.0,0.0,0.030507934362157582,0.025613283013351147
P1,R04,training,17,76,0,0.0,0.0,0.030507934362157582,0.025694480194832958
P1,R04,training,17,77,0,0.0,0.0,0.030507934362157582,0.025775189736547004
P1,R04,training,17,78,0,0.0,0.0,0.030507934362157582,0.025855405433665164
P1,R04,training,17,79,0,0.0,0.0,0.030507934362157582,0.02593512110484932
P1,R04,training,17,80,0,0.0,0.0,0.03223287172347361,0.027485196835142247
P1,R04,training,17,81,0,0.0,0.0,0.03223287172347361,0.027568343594893636
P1,R04,training,17,82,0,0.0,0.0,0.03223287172347361,0.02765094262167096
P1,R04,training,17,83,0,0.0,0.0,0.03223287172347361,0.02773298749223486
P1,R04,training,17,84,0,0.0,0.0,0.03223287172347361,0.027814471812318782
P1,R04,training,17,85,0,0.0,0.0,0.03223287172347361,0.027895389217455314
P1,R04,training,17,86,0,0.0,0.0,0.03223287172347361,0.027975733373800698
P1,R04,training,17,87,0,0.0,0.0,0.03223287172347361,0.02805549797895726
P1,R04,training,17,88,0,0.0,0.0,0.03223287172347361,0.02813467676279371
P1,R04,training,17,89,0,0.0,0.0,0.03223287172347361,0.028213263488263116
P1,R04,training,17,90,0,0.0,0.0,0.03223287172347361,0.02829125195221839
P1,R04,training,17,91,0,0.0,0.0,0.03223287172347361,0.028368635986225202
P1,R04,training,17,92,0,0.0,0.0,0.03223287172347361,0.02844540945737205
P1,R04,training,17,93,0,0.0,0.0,0.03223287172347361,0.028521566269077526
P1,R04,training,17,94,0,0.0,0.0,0.03223287172347361,0.02859710036189441
P1,R04,training,17,95,0,0.0,0.0,0.03223287172347361,0.028672005714310642
P1,R04,training,17,96,0,0.0,0.0,0.033716481827617294,0.030069405923984917
P1,R04,training,17,97,0,0.0,0.0,0.033716481827617294,0.03014642491640162
P1,R04,training,17,98,0,0.0,0.0,0.033716481827617294,0.030222767579246176
P1,R04,training,17,99,0,0.0,0.0,0.033716481827617294,0.030298427780879544
P1,R04,training,17,100,0,0.0,0.0,0.033716481827617294,0.030373399433477166
P1,R04,training,17,101,0,0.0,0.0,0.033716481827617294,0.03044767649384337
P1,R04,training,17,102,0,0.0,0.0,0.033716481827617294,0.030521252964221385
P1,R04,training,17,103,0,0.0,0.0,0.033716481827617294,0.030594122893098756
P1,R04,training,17,104,0,0.0,0.0,0.033716481827617294,0.030666280376007993
P1,R04,training,17,105,0,0.0,0.0,0.033716481827617294,0.030737719556322415
P1,R04,training,17,106,0,0.0,0.0,0.033716481827617294,0.03080843462604687
P1,R04,training,17,107,0,0.0,0.0,0.033716481827617294,0.030878419826603325
P1,R04,training,17,108,0,0.0,0.0,0.033716481827617294,0.03094766944961113
P1,R04,training,17,109,0,0.0,0.0,0.033716481827617294,0.031016177837661772
P1,R04,training,17,110,0,0.0,0.0,0.033716481827617294,0.031083939385088005
P1,R04,training,17,111,0,0.0,0.0,0.033716481827617294,0.031150948538727255
P1,R04,training,17,112,0,0.0,0.0,0.06348025870682808,0.05877469450859753
P1,R04,training,17,113,0,0.0,0.0,0.06348025870682808,0.05889799296390431
P1,R04,training,17,114,0,0.0,0.0,0.06348025870682808,0.059019844078882486
P1,R04,training,17,115,0,0.0,0.0,0.06348025870682808,0.05914023780778574
P1,R04,training,17,116,0,0.0,0.0,0.06348025870682808,0.059259164210735425
P1,R04,training,17,117,0,0.0,0.0,0.06348025870682808,0.05937661345508697
P1,R04,training,17,118,0,0.0,0.0,0.06348025870682808,0.05949257581678343
P1,R04,training,17,119,0,0.0,0.0,0.06348025870682808,0.059607041681696143
P1,R04,training,17,120,0,0.0,0.0,0.06348025870682808,0.05972000154695202
P1,R04,training,17,121,0,0.0,0.0,0.06348025870682808,0.05983144602224738
P1,R04,training,17,122,0,0.0,0.0,0.06348025870682808,0.05994136583114802
P1,R04,training,17,123,0,0.0,0.0,0.06348025870682808,0.06004975181237516
P1,R04,training,17,124,0,0.0,0.0,0.06348025870682808,0.06015659492107726
P1,R04,training,17,125,0,0.0,0.0,0.06348025870682808,0.060261886230087144
P1,R04,training,17,126,0,0.0,0.0,0.06348025870682808,0.06036561693116454
P1,R04,training,17,127,0,0.0,0.0,0.06348025870682808,0.060467778336223424
P1,R04,training,17,128,0,0.0,0.0,0.09481138307592124,0.09046229926170736
P1,R04,training,17,129,0,0.0,0.0,0.09481138307592124,0.0906101572730432
P1,R04,training,17,130,0,0.0,0.0,0.09481138307592124,0.090755633617645
P1,R04,training,17,131,0,0.0,0.0,0.09481138307592124,0.09089871605506213
P1,R04,training,17,132,0,0.0,0.0,0.09481138307592124,0.0910393925331187
P1,R04,training,17,133,0,0.0,0.0,0.09481138307592124,0.0911776511896051
P1,R04,training,17,134,0,0.0,0.0,0.09481138307592124,0.09131348035394447
P1,R04,training,17,135,0,0.0,0.0,0.09481138307592124,0.09144686854883408
P1,R04,training,17,136,0,0.0,0.0,0.09481138307592124,0.0915778044918612
P1,R04,training,17,137,0,0.0,0.0,0.09481138307592124,0.09170627709709321
P1,R04,training,17,138,0,0.0,0.0,0.09481138307592124,0.09183227547664159
P1,R04,training,17,139,0,0.0,0.0,0.09481138307592124,0.09195578894219943
P1,R04,training,17,140,0,0.0,0.0,0.09481138307592124,0.09207680700655224
P1,R04,training,17,141,0,0.0,0.0,0.09481138307592124,0.09219531938506179
P1,R04,training,17,142,0,0.0,0.0,0.09481138307592124,0.09231131599712253
P1,R04,training,17,143,0,0.0,0.0,0.09481138307592124,0.09242478696759047
P1,R04,training,17,144,0,0.0,0.0,0.09899184488501717,0.09661584509738647
P1,R04,training,17,145,0,0.0,0.0,0.09899184488501717,0.09672901520300423
P1,R04,training,17,146,0,0.0,0.0,0.09899184488501717,0.09683951867533619
P1,R04,training,17,147,0,0.0,0.0,0.09899184488501717,0.09694734607623463
P1,R04,training,17,148,0,0.0,0.0,0.09899184488501717,0.09705248818908946
P1,R04,training,17,149,0,0.0,0.0,0.09899184488501717,0.09715493602014094
P1,R04,training,17,150,0,0.0,0.0,0.09899184488501717,0.09725468079976184
P1,R04,training,17,151,0,0.0,0.0,0.09899184488501717,0.0973517139837085
P1,R04,training,17,152,0,0.0,0.0,0.09899184488501717,0.09744602725434057
P1,R04,training,17,153,0,0.0,0.0,0.09899184488501717,0.09753761252180924
P1,R04,training,17,154,0,0.0,0.0,0.09899184488501717,0.09762646192521378
P1,R04,training,17,155,0,0.0,0.0,0.09899184488501717,0.09771256783372581
P1,R04,training,17,156,0,0.0,0.0,0.09899184488501717,0.09779592284768177
P1,R04,training,17,157,0,0.0,0.0,0.09899184488501717,0.09787651979964256
P1,R04,training,17,158,0,0.0,0.0,0.09899184488501717,0.09795435175542072
P1,R04,training,17,159,0,0.0,0.0,0.09899184488501717,0.09802941201507476
P1,R04,training,17,160,0,1.0,0.5007378040953946,0.13089461276738318,0.12971758711815723
P1,R04,training,17,161,0,1.0,0.5007378040953946,0.13089461276738318,0.12980948232187364
P1,R04,training,17,162,0,1.0,0.5007378040953946,0.13089461276738318,0.1298976878696947
P1,R04,training,17,163,0,1.0,0.5007378040953946,0.13089461276738318,0.12998219615366424
P1,R04,training,17,164,0,1.0,0.5007378040953946,0.13089461276738318,0.1300629998814769
P1,R04,training,17,165,0,1.0,0.5007378040953946,0.13089461276738318,0.13014009207752678
P1,R04,training,17,166,0,1.0,0.5007378040953946,0.13089461276738318,0.130213466083911
P1,R04,training,17,167,0,1.0,0.5007378040953946,0.13089461276738318,0.13028311556138816
P1,R04,training,17,168,0,1.0,0.5007378040953946,0.13089461276738318,0.13034903449029106
P1,R04,training,17,169,0,1.0,0.5007378040953946,0.13089461276738318,0.1304112171713938
P1,R04,training,17,170,0,1.0,0.5007378040953946,0.13089461276738318,0.13046965822673304
P1,R04,training,17,171,0,1.0,0.5007378040953946,0.13089461276738318,0.13052435260038306
P1,R04,training,17,172,0,1.0,0.5007378040953946,0.13089461276738318,0.13057529555918507
P1,R04,training,17,173,0,1.0,0.5007378040953946,0.13089461276738318,0.13062248269342946
P1,R04,training,17,174,0,1.0,0.5007378040953946,0.13089461276738318,0.1306659099174923
P1,R04,training,17,175,0,1.0,0.5007378040953946,0.13089461276738318,0.13070557347042483
P1,R04,training,17,176,0,0.0,0.0,0.1353080725705854,0.1351497661014085
P1,R04,training,17,177,0,0.0,0.0,0.1353080725705854,0.1351829755518145
P1,R04,training,17,178,0,0.0,0.0,0.1353080725705854,0.13521228478474
P1,R04,training,17,179,0,0.0,0.0,0.1353080725705854,0.13523769126004234
P1,R04,training,17,180,0,0.0,0.0,0.1353080725705854,0.13525919277552192
P1,R04,training,17,181,0,0.0,0.0,0.1353080725705854,0.13527678746724026
P1,R04,training,17,182,0,0.0,0.0,0.1353080725705854,0.13529047380978945
P1,R04,training,17,183,0,0.0,0.0,0.1353080725705854,0.13530025061651235
P1,R04,training,17,184,0,0.0,0.0,0.1353080725705854,0.1353061170396743
P1,R04,training,17,185,0,0.0,0.0,0.1353080725705854,0.1353080725705854
P1,R04,training,17,186,0,0.0,0.0,0.1353080725705854,0.1353061170396743
P1,R04,training,17,187,0,0.0,0.0,0.1353080725705854,0.13530025061651235
P1,R04,training,17,188,0,0.0,0.0,0.1353080725705854,0.13529047380978945
P1,R04,training,17,189,0,0.0,0.0,0.1353080725705854,0.13527678746724026
P1,R04,training,17,190,0,0.0,0.0,0.1353080725705854,0.13525919277552192
P1,R04,training,17,191,0,0.0,0.0,0.1353080725705854,0.13523769126004234
P1,R04,training,17,192,0,0.0,0.0,0.1385693040302802,0.13847120754152653
P1,R04,training,17,193,0,0.0,0.0,0.1385693040302802,0.13844119188960724
P1,R04,training,17,194,0,0.0,0.0,0.1385693040302802,0.13840718201611957
P1,R04,training,17,195,0,0.0,0.0,0.1385693040302802,0.1383691808681418
P1,R04,training,17,196,0,0.0,0.0,0.1385693040302802,0.13832719173803912
P1,R04,training,17,197,0,0.0,0.0,0.1385693040302802,0.13828121826298823
P1,R04,training,17,198,0,0.0,0.0,0.1385693040302802,0.1382312644244521
P1,R04,training,17,199,0,0.0,0.0,0.1385693040302802,0.13817733454760547
P1,R04,training,17,200,0,0.0,0.0,0.1385693040302802,0.13811943330071055
P1,R04,training,17,201,0,0.0,0.0,0.1385693040302802,0.13805756569444366
P1,R04,training,17,202,0,0.0,0.0,0.1385693040302802,0.1379917370811725
P1,R04,training,17,203,0,0.0,0.0,0.1385693040302802,0.13792195315418437
P1,R04,training,17,204,0,0.0,0.0,0.1385693040302802,0.13784821994686564
P1,R04,training,17,205,0,0.0,0.0,0.1385693040302802,0.13777054383183218
P1,R04,training,17,206,0,0.0,0.0,0.1385693040302802,0.1376889315200117
P1,R04,training,17,207,0,0.0,0.0,0.1385693040302802,0.1376033900596771
P1,R04,training,17,208,0,0.0,0.0,0.14058799190451698,0.1395172398966042
P1,R04,training,17,209,0,0.0,0.0,0.14058799190451698,0.13942250230136768
P1,R04,training,17,210,0,0.0,0.0,0.14058799190451698,0.13932380181337198
P1,R04,training,17,211,0,0.0,0.0,0.14058799190451698,0.13922114694183074
P1,R04,training,17,212,0,0.0,0.0,0.14058799190451698,0.13911454653258642
P1,R04,training,17,213,0,0.0,0.0,0.14058799190451698,0.13900400976684008
P1,R04,training,17,214,0,0.0,0.0,0.14058799190451698,0.13888954615983332
P1,R04,training,17,215,0,0.0,0.0,0.14058799190451698,0.13877116555948332
P1,R04,training,17,216,0,0.0,0.0,0.14058799190451698,0.13864887814497073
P1,R04,training,17,217,0,0.0,0.0,0.14058799190451698,0.13852269442528084
P1,R04,training,17,218,0,0.0,0.0,0.14058799190451698,0.1383926252376986
P1,R04,training,17,219,0,0.0,0.0,0.14058799190451698,0.13825868174625736
P1,R04,training,17,220,0,0.0,0.0,0.14058799190451698,0.13812087544014184
P1,R04,training,17,221,0,0.0,0.0,0.14058799190451698,0.13797921813204594
P1,R04,training,17,222,0,0.0,0.0,0.14058799190451698,0.1378337219564849
P1,R04,training,17,223,0,0.0,0.0,0.14058799190451698,0.13768439936806334
P1,R04,training,17,224,0,1.0,0.5002966360605898,0.14130696417209104,0.1382346031816346
P1,R04,training,17,225,0,1.0,0.5002966360605898,0.14130696417209104,0.13807686382215664
P1,R04,training,17,226,0,1.0,0.5002966360605898,0.14130696417209104,0.13791531794857023
P1,R04,training,17,227,0,1.0,0.5002966360605898,0.14130696417209104,0.13774997934777836
P1,R04,training,17,228,0,1.0,0.5002966360605898,0.14130696417209104,0.13758086211904175
P1,R04,training,17,229,0,1.0,0.5002966360605898,0.14130696417209104,0.13740798067197516
P1,R04,training,17,230,0,1.0,0.5002966360605898,0.14130696417209104,0.13723134972450138
P1,R04,training,17,231,0,1.0,0.5002966360605898,0.14130696417209104,0.13705098430076332
P1,R04,training,17,232,0,1.0,0.5002966360605898,0.14130696417209104,0.13686689972899438
P1,R04,training,17,233,0,1.0,0.5002966360605898,0.14130696417209104,0.13667911163934773
P1,R04,training,17,234,0,1.0,0.5002966360605898,0.14130696417209104,0.13648763596168487
P1,R04,training,17,235,0,1.0,0.5002966360605898,0.14130696417209104,0.1362924889233239
P1,R04,training,17,236,0,1.0,0.5002966360605898,0.14130696417209104,0.13609368704674807
P1,R04,training,17,237,0,1.0,0.5002966360605898,0.14130696417209104,0.1358912471472746
P1,R04,training,17,238,0,1.0,0.5002966360605898,0.14130696417209104,0.1356851863306851
P1,R04,training,17,239,0,1.0,0.5002966360605898,0.14130696417209104,0.13547552199081697
P1,R04,training,17,240,0,0.0,0.4997033639394102,0.14070488031820685,0.1346859433128219
P1,R04,training,17,241,0,0.0,0.4997033639394102,0.14070488031820685,0.13447004907109422
P1,R04,training,17,242,0,0.0,0.4997033639394102,0.14070488031820685,0.13425062031566265
P1,R04,training,17,243,0,0.0,0.4997033639394102,0.14070488031820685,0.13402767548883707
P1,R04,training,17,244,0,0.0,0.4997033639394102,0.14070488031820685,0.13380123330720803
P1,R04,training,17,245,0,0.0,0.4997033639394102,0.14070488031820685,0.13357131275902903
P1,R04,training,17,246,0,0.0,0.4997033639394102,0.14070488031820685,0.1333379331015641
P1,R04,training,17,247,0,0.0,0.4997033639394102,0.14070488031820685,0.13310111385840095
P1,R04,training,17,248,0,0.0,0.4997033639394102,0.14070488031820685,0.13286087481673026
P1,R04,training,17,249,0,0.0,0.4997033639394102,0.14070488031820685,0.13261723602459186
P1,R04,training,17,250,0,0.0,0.4997033639394102,0.14070488031820685,0.13237021778808813
P1,R04,training,17,251,0,0.0,0.4997033639394102,0.14070488031820685,0.13211984066856516
P1,R04,training,17,252,0,0.0,0.4997033639394102,0.14070488031820685,0.13186612547976223
P1,R04,training,17,253,0,0.0,0.4997033639394102,0.14070488031820685,0.13160909328493026
P1,R04,training,17,254,0,0.0,0.4997033639394102,0.14070488031820685,0.1313487653939198
P1,R04,training,17,255,0,0.0,0.4997033639394102,0.14070488031820685,0.13108516336023887
P1,R04,training,17,256,0,0.0,0.0,0.16737210023149965,0.1556117675014401
P1,R04,training,17,257,0,0.0,0.0,0.16737210023149965,0.15529049475547296
P1,R04,training,17,258,0,0.0,0.0,0.16737210023149965,0.15496540595085256
P1,R04,training,17,259,0,0.0,0.0,0.16737210023149965,0.15463652784969703
P1,R04,training,17,260,0,0.0,0.0,0.16737210023149965,0.15430388748595214
P1,R04,training,17,261,0,0.0,0.0,0.16737210023149965,0.15396751216169233
P1,R04,training,17,262,0,0.0,0.0,0.16737210023149965,0.1536274294433905
P1,R04,training,17,263,0,0.0,0.0,0.16737210023149965,0.15328366715815817
P1,R04,training,17,264,0,0.0,0.0,0.16737210023149965,0.15293625338995587
P1,R04,training,17,265,0,0.0,0.0,0.16737210023149965,0.1525852164757751
P1,R04,training,17,266,0,0.0,0.0,0.16737210023149965,0.15223058500179232
P1,R04,training,17,267,0,0.0,0.0,0.16737210023149965,0.1518723877994957
P1,R04,training,17,268,0,0.0,0.0,0.16737210023149965,0.15151065394178534
P1,R04,training,17,269,0,0.0,0.0,0.16737210023149965,0.15114541273904802
P1,R04,training,17,270,0,0.0,0.0,0.16737210023149965,0.1507766937352067
P1,R04,training,17,271,0,0.0,0.0,0.16737210023149965,0.1504045267037458
P1,R04,training,17,272,0,0.0,0.499492982173688,0.1661298180732749,0.14891538521965236
P1,R04,training,17,273,0,0.0,0.499492982173688,0.1661298180732749,0.14853922519339463
P1,R04,training,17,274,0,0.0,0.499492982173688,0.1661298180732749,0.14815973271657595
P1,R04,training,17,275,0,0.0,0.499492982173688,0.1661298180732749,0.1477769382132175
P1,R04,training,17,276,0,0.0,0.499492982173688,0.1661298180732749,0.14739087231513742
P1,R04,training,17,277,0,0.0,0.499492982173688,0.1661298180732749,0.14700156585787688
P1,R04,training,17,278,0,0.0,0.499492982173688,0.1661298180732749,0.14660904987660744
P1,R04,training,17,279,0,0.0,0.499492982173688,0.1661298180732749,0.1462133556020203
P1,R04,training,17,280,0,0.0,0.499492982173688,0.1661298180732749,0.1458145144561982
P1,R04,training,17,281,0,0.0,0.499492982173688,0.1661298180732749,0.14541255804847084
P1,R04,training,17,282,0,0.0,0.499492982173688,0.1661298180732749,0.14500751817125446
P1,R04,training,17,283,0,0.0,0.499492982173688,0.1661298180732749,0.14459942679587653
P1,R04,training,17,284,0,0.0,0.499492982173688,0.1661298180732749,0.144188316068386
P1,R04,training,17,285,0,0.0,0.499492982173688,0.1661298180732749,0.14377421830535025
P1,R04,training,17,286,0,0.0,0.499492982173688,0.1661298180732749,0.14335716598963913
P1,R04,training,17,287,0,0.0,0.499492982173688,0.1661298180732749,0.1429371917661973
P1,R04,training,17,288,0,0.0,0.0,0.1370022266477318,0.11752724797768493
P1,R04,training,17,289,0,0.0,0.0,0.1370022266477318,0.11717617002581918
P1,R04,training,17,290,0,0.0,0.0,0.1370022266477318,0.11682276399603038
P1,R04,training,17,291,0,0.0,0.0,0.1370022266477318,0.11646705730920719
P1,R04,training,17,292,0,0.0,0.0,0.1370022266477318,0.11610907750233786
P1,R04,training,17,293,0,0.0,0.0,0.1370022266477318,0.11574885222497788
P1,R04,training,17,294,0,0.0,0.0,0.1370022266477318,0.11538640923571218
P1,R04,training,17,295,0,0.0,0.0,0.1370022266477318,0.11502177639861237
P1,R04,training,17,296,0,0.0,0.0,0.1370022266477318,0.11465498167968999
P1,R04,training,17,297,0,0.0,0.0,0.1370022266477318,0.11428605314334601
P1,R04,training,17,298,0,0.0,0.0,0.1370022266477318,0.11391501894881764
P1,R04,training,17,299,0,0.0,0.0,0.1370022266477318,0.11354190734662258
P1,R04,training,17,300,0,0.0,0.0,0.1370022266477318,0.11316674667500182
P1,R04,training,17,301,0,0.0,0.0,0.1370022266477318,0.11278956535636118
P1,R04,training,17,302,0,0.0,0.0,0.1370022266477318,0.11241039189371266
P1,R04,training,17,303,0,0.0,0.0,0.1370022266477318,0.11202925486711568
P1,R04,training,17,304,0,0.0,0.0,0.13526463604094352,0.1102301814278813
P1,R04,training,17,305,0,0.0,0.0,0.13526463604094352,0.10985008595725243
P1,R04,training,17,306,0,0.0,0.0,0.13526463604094352,0.10946813690047626
P1,R04,training,17,307,0,0.0,0.0,0.13526463604094352,0.10908436274430423
P1,R04,training,17,308,0,0.0,0.0,0.13526463604094352,0.10869879203401456
P1,R04,training,17,309,0,0.0,0.0,0.13526463604094352,0.1083114533699124
P1,R04,training,17,310,0,0.0,0.0,0.13526463604094352,0.10792237540383459
P1,R04,training,17,311,0,0.0,0.0,0.13526463604094352,0.10753158683565925
P1,R04,training,17,312,0,0.0,0.0,0.13526463604094352,0.10713911640982092
P1,R04,training,17,313,0,0.0,0.0,0.13526463604094352,0.10674499291183187
P1,R04,training,17,314,0,0.0,0.0,0.13526463604094352,0.10634924516481017
P1,R04,training,17,315,0,0.0,0.0,0.13526463604094352,0.10595190202601505
P1,R04,training,17,316,0,0.0,0.0,0.13526463604094352,0.10555299238338997
P1,R04,training,17,317,0,0.0,0.0,0.13526463604094352,0.10515254515211443
P1,R04,training,17,318,0,0.0,0.0,0.13526463604094352,0.1047505892711645
P1,R04,training,17,319,0,0.0,0.0,0.13526463604094352,0.1043471536998831
P1,R04,training,17,320,0,0.0,0.0,0.13237934886104288,0.10172510777550828
P1,R04,training,17,321,0,0.0,0.0,0.13237934886104288,0.1013274665936466
P1,R04,training,17,322,0,0.0,0.0,0.13237934886104288,0.10092846239530075
P1,R04,training,17,323,0,0.0,0.0,0.13237934886104288,0.10052812356846057
P1,R04,training,17,324,0,0.0,0.0,0.13237934886104288,0.1001264785044244
P1,R04,training,17,325,0,0.0,0.0,0.13237934886104288,0.09972355559451011
P1,R04,training,17,326,0,0.0,0.0,0.13237934886104288,0.09931938322677898
P1,R04,training,17,327,0,0.0,0.0,0.13237934886104288,0.0989139897827732
P1,R04,training,17,328,0,0.0,0.0,0.13237934886104288,0.09850740363426759
P1,R04,training,17,329,0,0.0,0.0,0.13237934886104288,0.09809965314003591
P1,R04,training,17,330,0,0.0,0.0,0.13237934886104288,0.09769076664263217
P1,R04,training,17,331,0,0.0,0.0,0.13237934886104288,0.09728077246518772
P1,R04,training,17,332,0,0.0,0.0,0.13237934886104288,0.0968696989082244
P1,R04,training,17,333,0,0.0,0.0,0.13237934886104288,0.09645757424648416
P1,R04,training,17,334,0,0.0,0.0,0.13237934886104288,0.09604442672577593
P1,R04,training,17,335,0,0.0,0.0,0.13237934886104288,0.0956302845598399
P1,R04,training,17,336,0,0.0,0.0,0.12842527122477787,0.09237116588332121
P1,R04,training,17,337,0,0.0,0.0,0.12842527122477787,0.09196754595307119
P1,R04,training,17,338,0,0.0,0.0,0.12842527122477787,0.09156304298317035
P1,R04,training,17,339,0,0.0,0.0,0.12842527122477787,0.09115768419012696
P1,R04,training,17,340,0,0.0,0.0,0.12842527122477787,0.0907514967443994
P1,R04,training,17,341,0,0.0,0.0,0.12842527122477787,0.09034450776746551
P1,R04,training,17,342,0,0.0,0.0,0.12842527122477787,0.08993674432891208
P1,R04,training,17,343,0,0.0,0.0,0.12842527122477787,0.08952823344354496
P1,R04,training,17,344,0,0.0,0.0,0.12842527122477787,0.08911900206851991
P1,R04,training,17,345,0,0.0,0.0,0.12842527122477787,0.08870907710049479
P1,R04,training,17,346,0,0.0,0.0,0.12842527122477787,0.08829848537280353
P1,R04,training,17,347,0,0.0,0.0,0.12842527122477787,0.08788725365265207
P1,R04,training,17,348,0,0.0,0.0,0.12842527122477787,0.08747540863833692
P1,R04,training,17,349,0,0.0,0.0,0.12842527122477787,0.08706297695648636
P1,R04,training,17,350,0,0.0,0.0,0.12842527122477787,0.08664998515932508
P1,R04,training,17,351,0,0.0,0.0,0.12842527122477787,0.08623645972196234
P1,R04,training,17,352,0,0.0,0.0,0.09700738769022658,0.06482687848706267
P1,R04,training,17,353,0,0.0,0.0,0.09700738769022658,0.06451377124186643
P1,R04,training,17,354,0,0.0,0.0,0.09700738769022658,0.06420032053094696
P1,R04,training,17,355,0,0.0,0.0,0.09700738769022658,0.06388654609943942
P1,R04,training,17,356,0,0.0,0.0,0.09700738769022658,0.06357246762426336
P1,R04,training,17,357,0,0.0,0.0,0.09700738769022658,0.06325810471218657
P1,R04,training,17,358,0,0.0,0.0,0.09700738769022658,0.06294347689790872
P1,R04,training,17,359,0,0.0,0.0,0.09700738769022658,0.06262860364216467
P1,R04,training,17,360,0,0.0,0.0,0.09700738769022658,0.06231350432984806
P1,R04,training,17,361,0,0.0,0.0,0.09700738769022658,0.06199819826815497
P1,R04,training,17,362,0,0.0,0.0,0.09700738769022658,0.06168270468474821
P1,R04,training,17,363,0,0.0,0.0,0.09700738769022658,0.06136704272594239
P1,R04,training,17,364,0,0.0,0.0,0.09700738769022658,0.06105123145490981
P1,R04,training,17,365,0,0.0,0.0,0.09700738769022658,0.0607352898499075
P1,R04,training,17,366,0,0.0,0.0,0.09700738769022658,0.06041923680252575
P1,R04,training,17,367,0,0.0,0.0,0.09700738769022658,0.06010309111595793
P1,R04,training,17,368,0,1.0,0.5005070178263121,0.06693988719028597,0.04125589327970037
P1,R04,training,17,369,0,1.0,0.5005070178263121,0.06693988719028597,0.041037647970755875
P1,R04,training,17,370,0,1.0,0.5005070178263121,0.06693988719028597,0.04081937728389272
P1,R04,training,17,371,0,1.0,0.5005070178263121,0.06693988719028597,0.04060109393861341
P2,R04,training,17,0,0,0.0,0.0,0.0,0.0
P2,R04,training,17,1,0,0.0,0.0,0.0,0.0
P2,R04,training,17,2,0,0.0,0.0,0.0,0.0
P2,R04,training,17,3,0,0.0,0.0,0.0,0.0
P2,R04,training,17,4,0,0.0,0.0,0.0,0.0
P2,R04,training,17,5,0,0.0,0.0,0.0,0.0
P2,R04,training,17,6,0,0.0,0.0,0.0,0.0
P2,R04,training,17,7,0,0.0,0.0,0.0,0.0
P2,R04,training,17,8,0,0.0,0.0,0.0,0.0
P2,R04,training,17,9,0,0.0,0.0,0.0,0.0
P2,R04,training,17,10,0,0.0,0.0,0.0,0.0
P2,R04,training,17,11,0,0.0,0.0,0.0,0.0
P2,R04,training,17,12,0,0.0,0.0,0.0,0.0
P2,R04,training,17,13,0,0.0,0.0,0.0,0.0
P2,R04,training,17,14,0,0.0,0.0,0.0,0.0
P2,R04,training,17,15,0,0.0,0.0,0.0,0.0
P2,R04,training,17,16,0,0.0,0.0,0.0,0.0
P2,R04,training,17,17,0,0.0,0.0,0.0,0.0
P2,R04,training,17,18,0,0.0,0.0,0.0,0.0
P2,R04,training,17,19,0,0.0,0.0,0.0,0.0
P2,R04,training,17,20,0,0.0,0.0,0.0,0.0
P2,R04,training,17,21,0,0.0,0.0,0.0,0.0
P2,R04,training,17,22,0,0.0,0.0,0.0,0.0
P2,R04,training,17,23,0,0.0,0.0,0.0,0.0
P2,R04,training,17,24,0,0.0,0.0,0.0,0.0
P2,R04,training,17,25,0,0.0,0.0,0.0,0.0
P2,R04,training,17,26,0,0.0,0.0,0.0,0.0
P2,R04,training,17,27,0,0.0,0.0,0.0,0.0
P2,R04,training,17,28,0,0.0,0.0,0.0,0.0
P2,R04,training,17,29,0,0.0,0.0,0.0,0.0
P2,R04,training,17,30,0,0.0,0.0,0.0,0.0
P2,R04,training,17,31,0,0.0,0.0,0.0,0.0
P2,R04,training,17,32,0,0.0,0.0,0.0,0.0
P2,R04,training,17,33,0,0.0,0.0,0.0,0.0
P2,R04,training,17,34,0,0.0,0.0,0.0,0.0
P2,R04,training,17,35,0,0.0,0.0,0.0,0.0
P2,R04,training,17,36,0,0.0,0.0,0.0,0.0
P2,R04,training,17,37,0,0.0,0.0,0.0,0.0
P2,R04,training,17,38,0,0.0,0.0,0.0,0.0
P2,R04,training,17,39,0,0.0,0.0,0.0,0.0
P2,R04,training,17,40,0,0.0,0.0,0.0,0.0
P2,R04,training,17,41,0,0.0,0.0,0.0,0.0
P2,R04,training,17,42,0,0.0,0.0,0.0,0.0
P2,R04,training,17,43,0,0.0,0.0,0.0,0.0
P2,R04,training,17,44,0,0.0,0.0,0.0,0.0
P2,R04,training,17,45,0,0.0,0.0,0.0,0.0
P2,R04,training,17,46,0,0.0,0.0,0.0,0.0
P2,R04,training,17,47,0,0.0,0.0,0.0,0.0
P2,R04,training,17,48,0,0.0,0.0,0.0,0.0
P2,R04,training,17,49,0,0.0,0.0,0.0,0.0
P2,R04,training,17,50,0,0.0,0.0,0.0,0.0
P2,R04,training,17,51,0,0.0,0.0,0.0,0.0
P2,R04,training,17,52,0,0.0,0.0,0.0,0.0
P2,R04,training,17,53,0,0.0,0.0,0.0,0.0
P2,R04,training,17,54,0,0.0,0.0,0.0,0.0
P2,R04,training,17,55,0,0.0,0.0,0.0,0.0
P2,R04,training,17,56,0,0.0,0.0,0.0,0.0
P2,R04,training,17,57,0,0.0,0.0,0.0,0.0
P2,R04,training,17,58,0,0.0,0.0,0.0,0.0
P2,R04,training,17,59,0,0.0,0.0,0.0,0.0
P2,R04,training,17,60,0,0.0,0.0,0.0,0.0
P2,R04,training,17,61,0,0.0,0.0,0.0,0.0
P2,R04,training,17,62,0,0.0,0.0,0.0,0.0
P2,R04,training,17,63,0,0.0,0.0,0.0,0.0
P2,R04,training,17,64,0,0.0,0.0,0.0,0.0
P2,R04,training,17,65,0,0.0,0.0,0.0,0.0
P2,R04,training,17,66,0,0.0,0.0,0.0,0.0
P2,R04,training,17,67,0,0.0,0.0,0.0,0.0
P2,R04,training,17,68,0,0.0,0.0,0.0,0.0
P2,R04,training,17,69,0,0.0,0.0,0.0,0.0
P2,R04,training,17,70,0,0.0,0.0,0.0,0.0
P2,R04,training,17,71,0,0.0,0.0,0.0,0.0
P2,R04,training,17,72,0,0.0,0.0,0.0,0.0
P2,R04,training,17,73,0,0.0,0.0,0.0,0.0
P2,R04,training,17,74,0,0.0,0.0,0.0,0.0
P2,R04,training,17,75,0,0.0,0.0,0.0,0.0
P2,R04,training,17,76,0,0.0,0.0,0.0,0.0
P2,R04,training,17,77,0,0.0,0.0,0.0,0.0
P2,R04,training,17,78,0,0.0,0.0,0.0,0.0
P2,R04,training,17,79,0,0.0,0.0,0.0,0.0
P2,R04,training,17,80,0,0.0,0.0,0.0,0.0
P2,R04,training,17,81,0,0.0,0.0,0.0,0.0
P2,R04,training,17,82,0,0.0,0.0,0.0,0.0
P2,R04,training,17,83,0,0.0,0.0,0.0,0.0
P2,R04,training,17,84,0,0.0,0.0,0.0,0.0
P2,R04,training,17,85,0,0.0,0.0,0.0,0.0
P2,R04,training,17,86,0,0.0,0.0,0.0,0.0
P2,R04,training,17,87,0,0.0,0.0,0.0,0.0
P2,R04,training,17,88,0,0.0,0.0,0.0,0.0
P2,R04,training,17,89,0,0.0,0.0,0.0,0.0
P2,R04,training,17,90,0,0.0,0.0,0.0,0.0
P2,R04,training,17,91,0,0.0,0.0,0.0,0.0
P2,R04,training,17,92,0,0.0,0.0,0.0,0.0
P2,R04,training,17,93,0,0.0,0.0,0.0,0.0
P2,R04,training,17,94,0,0.0,0.0,0.0,0.0
P2,R04,training,17,95,0,0.0,0.0,0.0,0.0
P2,R04,training,17,96,0,0.0,0.0,0.0,0.0
P2,R04,training,17,97,0,0.0,0.0,0.0,0.0
P2,R04,training,17,98,0,0.0,0.0,0.0,0.0
P2,R04,training,17,99,0,0.0,0.0,0.0,0.0
P2,R04,training,17,100,0,0.0,0.0,0.0,0.0
P2,R04,training,17,101,0,0.0,0.0,0.0,0.0
P2,R04,training,17,102,0,0.0,0.0,0.0,0.0
P2,R04,training,17,103,0,0.0,0.0,0.0,0.0
P2,R04,training,17,104,0,0.0,0.0,0.0,0.0
P2,R04,training,17,105,0,0.0,0.0,0.0,0.0
P2,R04,training,17,106,0,0.0,0.0,0.0,0.0
P2,R04,training,17,107,0,0.0,0.0,0.0,0.0
P2,R04,training,17,108,0,0.0,0.0,0.0,0.0
P2,R04,training,17,109,0,0.0,0.0,0.0,0.0
P2,R04,training,17,110,0,0.0,0.0,0.0,0.0
P2,R04,training,17,111,0,0.0,0.0,0.0,0.0
P2,R04,training,17,112,0,0.0,0.0,0.0,0.0
P2,R04,training,17,113,0,0.0,0.0,0.0,0.0
P2,R04,training,17,114,0,0.0,0.0,0.0,0.0
P2,R04,training,17,115,0,0.0,0.0,0.0,0.0
P2,R04,training,17,116,0,0.0,0.0,0.0,0.0
P2,R04,training,17,117,0,0.0,0.0,0.0,0.0
P2,R04,training,17,118,0,0.0,0.0,0.0,0.0
P2,R04,training,17,119,0,0.0,0.0,0.0,0.0
P2,R04,training,17,120,0,0.0,0.0,0.0,0.0
P2,R04,training,17,121,0,0.0,0.0,0.0,0.0
P2,R04,training,17,122,0,0.0,0.0,0.0,0.0
P2,R04,training,17,123,0,0.0,0.0,0.0,0.0
P2,R04,training,17,124,0,0.0,0.0,0.0,0.0
P2,R04,training,17,125,0,0.0,0.0,0.0,0.0
P2,R04,training,17,126,0,0.0,0.0,0.0,0.0
P2,R04,training,17,127,0,0.0,0.0,0.0,0.0
P2,R04,training,17,128,0,0.0,0.0,0.0,0.0
P2,R04,training,17,129,0,0.0,0.0,0.0,0.0
P2,R04,training,17,130,0,0.0,0.0,0.0,0.0
P2,R04,training,17,131,0,0.0,0.0,0.0,0.0
P2,R04,training,17,132,0,0.0,0.0,0.0,0.0
P2,R04,training,17,133,0,0.0,0.0,0.0,0.0
P2,R04,training,17,134,0,0.0,0.0,0.0,0.0
P2,R04,training,17,135,0,0.0,0.0,0.0,0.0
P2,R04,training,17,136,0,0.0,0.0,0.0,0.0
P2,R04,training,17,137,0,0.0,0.0,0.0,0.0
P2,R04,training,17,138,0,0.0,0.0,0.0,0.0
P2,R04,training,17,139,0,0.0,0.0,0.0,0.0
P2,R04,training,17,140,0,0.0,0.0,0.0,0.0
P2,R04,training,17,141,0,0.0,0.0,0.0,0.0
P2,R04,training,17,142,0,0.0,0.0,0.0,0.0
P2,R04,training,17,143,0,0.0,0.0,0.0,0.0
P2,R04,training,17,144,0,0.0,0.0,0.0,0.0
P2,R04,training,17,145,0,0.0,0.0,0.0,0.0
P2,R04,training,17,146,0,0.0,0.0,0.0,0.0
P2,R04,training,17,147,0,0.0,0.0,0.0,0.0
P2,R04,training,17,148,0,0.0,0.0,0.0,0.0
P2,R04,training,17,149,0,0.0,0.0,0.0,0.0
P2,R04,training,17,150,0,0.0,0.0,0.0,0.0
P2,R04,training,17,151,0,0.0,0.0,0.0,0.0
P2,R04,training,17,152,0,0.0,0.0,0.0,0.0
P2,R04,training,17,153,0,0.0,0.0,0.0,0.0
P2,R04,training,17,154,0,0.0,0.0,0.0,0.0
P2,R04,training,17,155,0,0.0,0.0,0.0,0.0
P2,R04,training,17,156,0,0.0,0.0,0.0,0.0
P2,R04,training,17,157,0,0.0,0.0,0.0,0.0
P2,R04,training,17,158,0,0.0,0.0,0.0,0.0
P2,R04,training,17,159,0,0.0,0.0,0.0,0.0
P2,R04,training,17,160,0,0.0,0.0,0.0,0.0
P2,R04,training,17,161,0,0.0,0.0,0.0,0.0
P2,R04,training,17,162,0,0.0,0.0,0.0,0.0
P2,R04,training,17,163,0,0.0,0.0,0.0,0.0
P2,R04,training,17,164,0,0.0,0.0,0.0,0.0
P2,R04,training,17,165,0,0.0,0.0,0.0,0.0
P2,R04,training,17,166,0,0.0,0.0,0.0,0.0
P2,R04,training,17,167,0,0.0,0.0,0.0,0.0
P2,R04,training,17,168,0,0.0,0.0,0.0,0.0
P2,R04,training,17,169,0,0.0,0.0,0.0,0.0
P2,R04,training,17,170,0,0.0,0.0,0.0,0.0
P2,R04,training,17,171,0,0.0,0.0,0.0,0.0
P2,R04,training,17,172,0,0.0,0.0,0.0,0.0
P2,R04,training,17,173,0,0.0,0.0,0.0,0.0
P2,R04,training,17,174,0,0.0,0.0,0.0,0.0
P2,R04,training,17,175,0,0.0,0.0,0.0,0.0
P2,R04,training,17,176,0,0.0,0.0,0.0,0.0
P2,R04,training,17,177,0,0.0,0.0,0.0,0.0
P2,R04,training,17,178,0,0.0,0.0,0.0,0.0
P2,R04,training,17,179,0,0.0,0.0,0.0,0.0
P2,R04,training,17,180,0,0.0,0.0,0.0,0.0
P2,R04,training,17,181,0,0.0,0.0,0.0,0.0
P2,R04,training,17,182,0,0.0,0.0,0.0,0.0
P2,R04,training,17,183,0,0.0,0.0,0.0,0.0
P2,R04,training,17,184,0,0.0,0.0,0.0,0.0
P2,R04,training,17,185,0,0.0,0.0,0.0,0.0
P2,R04,training,17,186,0,0.0,0.0,0.0,0.0
P2,R04,training,17,187,0,0.0,0.0,0.0,0.0
P2,R04,training,17,188,0,0.0,0.0,0.0,0.0
P2,R04,training,17,189,0,0.0,0.0,0.0,0.0
P2,R04,training,17,190,0,0.0,0.0,0.0,0.0
P2,R04,training,17,191,0,0.0,0.0,0.0,0.0
P2,R04,training,17,192,0,0.0,0.0,0.0,0.0
P2,R04,training,17,193,0,0.0,0.0,0.0,0.0
P2,R04,training,17,194,0,0.0,0.0,0.0,0.0
P2,R04,training,17,195,0,0.0,0.0,0.0,0.0
P2,R04,training,17,196,0,0.0,0.0,0.0,0.0
P2,R04,training,17,197,0,0.0,0.0,0.0,0.0
P2,R04,training,17,198,0,0.0,0.0,0.0,0.0
P2,R04,training,17,199,0,0.0,0.0,0.0,0.0
P2,R04,training,17,200,0,0.0,0.0,0.0,0.0
P2,R04,training,17,201,0,0.0,0.0,0.0,0.0
P2,R04,training,17,202,0,0.0,0.0,0.0,0.0
P2,R04,training,17,203,0,0.0,0.0,0.0,0.0
P2,R04,training,17,204,0,0.0,0.0,0.0,0.0
P2,R04,training,17,205,0,0.0,0.0,0.0,0.0
P2,R04,training,17,206,0,0.0,0.0,0.0,0.0
P2,R04,training,17,207,0,0.0,0.0,0.0,0.0
P2,R04,training,17,208,0,0.0,0.0,0.0,0.0
P2,R04,training,17,209,0,0.0,0.0,0.0,0.0
P2,R04,training,17,210,0,0.0,0.0,0.0,0.0
P2,R04,training,17,211,0,0.0,0.0,0.0,0.0
P2,R04,training,17,212,0,0.0,0.0,0.0,0.0
P2,R04,training,17,213,0,0.0,0.0,0.0,0.0
P2,R04,training,17,214,0,0.0,0.0,0.0,0.0
P2,R04,training,17,215,0,0.0,0.0,0.0,0.0
P2,R04,training,17,216,0,0.0,0.0,0.0,0.0
P2,R04,training,17,217,0,0.0,0.0,0.0,0.0
P2,R04,training,17,218,0,0.0,0.0,0.0,0.0
P2,R04,training,17,219,0,0.0,0.0,0.0,0.0
P2,R04,training,17,220,0,0.0,0.0,0.0,0.0
P2,R04,training,17,221,0,0.0,0.0,0.0,0.0
P2,R04,training,17,222,0,0.0,0.0,0.0,0.0
P2,R04,training,17,223,0,0.0,0.0,0.0,0.0
P2,R04,training,17,224,0,0.0,0.0,0.0,0.0
P2,R04,training,17,225,0,0.0,0.0,0.0,0.0
P2,R04,training,17,226,0,0.0,0.0,0.0,0.0
P2,R04,training,17,227,0,0.0,0.0,0.0,0.0
P2,R04,training,17,228,0,0.0,0.0,0.0,0.0
P2,R04,training,17,229,0,0.0,0.0,0.0,0.0
P2,R04,training,17,230,0,0.0,0.0,0.0,0.0
P2,R04,training,17,231,0,0.0,0.0,0.0,0.0
P2,R04,training,17,232,0,0.0,0.0,0.0,0.0
P2,R04,training,17,233,0,0.0,0.0,0.0,0.0
P2,R04,training,17,234,0,0.0,0.0,0.0,0.0
P2,R04,training,17,235,0,0.0,0.0,0.0,0.0
P2,R04,training,17,236,0,0.0,0.0,0.0,0.0
P2,R04,training,17,237,0,0.0,0.0,0.0,0.0
P2,R04,training,17,238,0,0.0,0.0,0.0,0.0
P2,R04,training,17,239,0,0.0,0.0,0.0,0.0
P2,R04,training,17,240,0,0.0,0.0,0.0,0.0
P2,R04,training,17,241,0,0.0,0.0,0.0,0.0
P2,R04,training,17,242,0,0.0,0.0,0.0,0.0
P2,R04,training,17,243,0,0.0,0.0,0.0,0.0
P2,R04,training,17,244,0,0.0,0.0,0.0,0.0
P2,R04,training,17,245,0,0.0,0.0,0.0,0.0
P2,R04,training,17,246,0,0.0,0.0,0.0,0.0
P2,R04,training,17,247,0,0.0,0.0,0.0,0.0
P2,R04,training,17,248,0,0.0,0.0,0.0,0.0
P2,R04,training,17,249,0,0.0,0.0,0.0,0.0
P2,R04,training,17,250,0,0.0,0.0,0.0,0.0
P2,R04,training,17,251,0,0.0,0.0,0.0,0.0
P2,R04,training,17,252,0,0.0,0.0,0.0,0.0
P2,R04,training,17,253,0,0.0,0.0,0.0,0.0
P2,R04,training,17,254,0,0.0,0.0,0.0,0.0
P2,R04,training,17,255,0,0.0,0.0,0.0,0.0
P2,R04,training,17,256,0,0.0,0.0,0.0,0.0
P2,R04,training,17,257,0,0.0,0.0,0.0,0.0
P2,R04,training,17,258,0,0.0,0.0,0.0,0.0
P2,R04,training,17,259,0,0.0,0.0,0.0,0.0
P2,R04,training,17,260,0,0.0,0.0,0.0,0.0
P2,R04,training,17,261,0,0.0,0.0,0.0,0.0
P2,R04,training,17,262,0,0.0,0.0,0.0,0.0
P2,R04,training,17,263,0,0.0,0.0,0.0,0.0
P2,R04,training,17,264,0,0.0,0.0,0.0,0.0
P2,R04,training,17,265,0,0.0,0.0,0.0,0.0
P2,R04,training,17,266,0,0.0,0.0,0.0,0.0
P2,R04,training,17,267,0,0.0,0.0,0.0,0.0
P2,R04,training,17,268,0,0.0,0.0,0.0,0.0
P2,R04,training,17,269,0,0.0,0.0,0.0,0.0
P2,R04,training,17,270,0,0.0,0.0,0.0,0.0
P2,R04,training,17,271,0,0.0,0.0,0.0,0.0
P2,R04,training,17,272,0,0.0,0.0,0.0,0.0
P2,R04,training,17,273,0,0.0,0.0,0.0,0.0
P2,R04,training,17,274,0,0.0,0.0,0.0,0.0
P2,R04,training,17,275,0,0.0,0.0,0.0,0.0
P2,R04,training,17,276,0,0.0,0.0,0.0,0.0
P2,R04,training,17,277,0,0.0,0.0,0.0,0.0
P2,R04,training,17,278,0,0.0,0.0,0.0,0.0
P2,R04,training,17,279,0,0.0,0.0,0.0,0.0
P2,R04,training,17,280,0,0.0,0.0,0.0,0.0
P2,R04,training,17,281,0,0.0,0.0,0.0,0.0
P2,R04,training,17,282,0,0.0,0.0,0.0,0.0
P2,R04,training,17,283,0,0.0,0.0,0.0,0.0
P2,R04,training,17,284,0,0.0,0.0,0.0,0.0
P2,R04,training,17,285,0,0.0,0.0,0.0,0.0
P2,R04,training,17,286,0,0.0,0.0,0.0,0.0
P2,R04,training,17,287,0,0.0,0.0,0.0,0.0
P2,R04,training,17,288,0,0.0,0.0,0.0,0.0
P2,R04,training,17,289,0,0.0,0.0,0.0,0.0
P2,R04,training,17,290,0,0.0,0.0,0.0,0.0
P2,R04,training,17,291,0,0.0,0.0,0.0,0.0
P2,R04,training,17,292,0,0.0,0.0,0.0,0.0
P2,R04,training,17,293,0,0.0,0.0,0.0,0.0
P2,R04,training,17,294,0,0.0,0.0,0.0,0.0
P2,R04,training,17,295,0,0.0,0.0,0.0,0.0
P2,R04,training,17,296,0,0.0,0.0,0.0,0.0
P2,R04,training,17,297,0,0.0,0.0,0.0,0.0
P2,R04,training,17,298,0,0.0,0.0,0.0,0.0
P2,R04,training,17,299,0,0.0,0.0,0.0,0.0
P2,R04,training,17,300,0,0.0,0.0,0.0,0.0
P2,R04,training,17,301,0,0.0,0.0,0.0,0.0
P2,R04,training,17,302,0,0.0,0.0,0.0,0.0
P2,R04,training,17,303,0,0.0,0.0,0.0,0.0
P2,R04,training,17,304,0,0.0,0.0,0.0,0.0
P2,R04,training,17,305,0,0.0,0.0,0.0,0.0
P2,R04,training,17,306,0,0.0,0.0,0.0,0.0
P2,R04,training,17,307,0,0.0,0.0,0.0,0.0
P2,R04,training,17,308,0,0.0,0.0,0.0,0.0
P2,R04,training,17,309,0,0.0,0.0,0.0,0.0
P2,R04,training,17,310,0,0.0,0.0,0.0,0.0
P2,R04,training,17,311,0,0.0,0.0,0.0,0.0
P2,R04,training,17,312,0,0.0,0.0,0.0,0.0
P2,R04,training,17,313,0,0.0,0.0,0.0,0.0
P2,R04,training,17,314,0,0.0,0.0,0.0,0.0
P2,R04,training,17,315,0,0.0,0.0,0.0,0.0
P2,R04,training,17,316,0,0.0,0.0,0.0,0.0
P2,R04,training,17,317,0,0.0,0.0,0.0,0.0
P2,R04,training,17,318,0,0.0,0.0,0.0,0.0
P2,R04,training,17,319,0,0.0,0.0,0.0,0.0
P2,R04,training,17,320,0,0.0,0.0,0.0,0.0
P2,R04,training,17,321,0,0.0,0.0,0.0,0.0
P2,R04,training,17,322,0,0.0,0.0,0.0,0.0
P2,R04,training,17,323,0,0.0,0.0,0.0,0.0
P2,R04,training,17,324,0,0.0,0.0,0.0,0.0
P2,R04,training,17,325,0,0.0,0.0,0.0,0.0
P2,R04,training,17,326,0,0.0,0.0,0.0,0.0
P2,R04,training,17,327,0,0.0,0.0,0.0,0.0
P2,R04,training,17,328,0,0.0,0.0,0.0,0.0
P2,R04,training,17,329,0,0.0,0.0,0.0,0.0
P2,R04,training,17,330,0,0.0,0.0,0.0,0.0
P2,R04,training,17,331,0,0.0,0.0,0.0,0.0
P2,R04,training,17,332,0,0.0,0.0,0.0,0.0
P2,R04,training,17,333,0,0.0,0.0,0.0,0.0
P2,R04,training,17,334,0,0.0,0.0,0.0,0.0
P2,R04,training,17,335,0,0.0,0.0,0.0,0.0
P2,R04,training,17,336,0,0.0,0.0,0.0,0.0
P2,R04,training,17,337,0,0.0,0.0,0.0,0.0
P2,R04,training,17,338,0,0.0,0.0,0.0,0.0
P2,R04,training,17,339,0,0.0,0.0,0.0,0.0
P2,R04,training,17,340,0,0.0,0.0,0.0,0.0
P2,R04,training,17,341,0,0.0,0.0,0.0,0.0
P2,R04,training,17,342,0,0.0,0.0,0.0,0.0
P2,R04,training,17,343,0,0.0,0.0,0.0,0.0
P2,R04,training,17,344,0,0.0,0.0,0.0,0.0
P2,R04,training,17,345,0,0.0,0.0,0.0,0.0
P2,R04,training,17,346,0,0.0,0.0,0.0,0.0
P2,R04,training,17,347,0,0.0,0.0,0.0,0.0
P2,R04,training,17,348,0,0.0,0.0,0.0,0.0
P2,R04,training,17,349,0,0.0,0.0,0.0,0.0
P2,R04,training,17,350,0,0.0,0.0,0.0,0.0
P2,R04,training,17,351,0,0.0,0.0,0.0,0.0
P2,R04,training,17,352,0,0.0,0.0,0.0,0.0
P2,R04,training,17,353,0,0.0,0.0,0.0,0.0
P2,R04,training,17,354,0,0.0,0.0,0.0,0.0
P2,R04,training,17,355,0,0.0,0.0,0.0,0.0
P2,R04,training,17,356,0,0.0,0.0,0.0,0.0
P2,R04,training,17,357,0,0.0,0.0,0.0,0.0
P2,R04,training,17,358,0,0.0,0.0,0.0,0.0
P2,R04,training,17,359,0,0.0,0.0,0.0,0.0
P2,R04,training,17,360,0,0.0,0.0,0.0,0.0
P2,R04,training,17,361,0,0.0,0.0,0.0,0.0
P2,R04,training,17,362,0,0.0,0.0,0.0,0.0
P2,R04,training,17,363,0,0.0,0.0,0.0,0.0
P2,R04,training,17,364,0,0.0,0.0,0.0,0.0
P2,R04,training,17,365,0,0.0,0.0,0.0,0.0
P2,R04,training,17,366,0,0.0,0.0,0.0,0.0
P2,R04,training,17,367,0,0.0,0.0,0.0,0.0
P2,R04,training,17,368,0,0.0,0.0,0.0,0.0
P2,R04,training,17,369,0,0.0,0.0,0.0,0.0
P2,R04,training,17,370,0,0.0,0.0,0.0,0.0
P2,R04,training,17,371,0,0.0,0.0,0.0,0.0
P3,R04,training,17,0,0,0.0,0.0,0.0,0.0
P3,R04,training,17,1,0,0.0,0.0,0.0,0.0
P3,R04,training,17,2,0,0.0,0.0,0.0,0.0
P3,R04,training,17,3,0,0.0,0.0,0.0,0.0
P3,R04,training,17,4,0,0.0,0.0,0.0,0.0
P3,R04,training,17,5,0,0.0,0.0,0.0,0.0
P3,R04,training,17,6,0,0.0,0.0,0.0,0.0
P3,R04,training,17,7,0,0.0,0.0,0.0,0.0
P3,R04,training,17,8,0,0.0,0.0,0.0,0.0
P3,R04,training,17,9,0,0.0,0.0,0.0,0.0
P3,R04,training,17,10,0,0.0,0.0,0.0,0.0
P3,R04,training,17,11,0,0.0,0.0,0.0,0.0
P3,R04,training,17,12,0,0.0,0.0,0.0,0.0
P3,R04,training,17,13,0,0.0,0.0,0.0,0.0
P3,R04,training,17,14,0,0.0,0.0,0.0,0.0
P3,R04,training,17,15,0,0.0,0.0,0.0,0.0
P3,R04,training,17,16,0,0.0,0.0,0.0,0.0
P3,R04,training,17,17,0,0.0,0.0,0.0,0.0
P3,R04,training,17,18,0,0.0,0.0,0.0,0.0
P3,R04,training,17,19,0,0.0,0.0,0.0,0.0
P3,R04,training,17,20,0,0.0,0.0,0.0,0.0
P3,R04,training,17,21,0,0.0,0.0,0.0,0.0
P3,R04,training,17,22,0,0.0,0.0,0.0,0.0
P3,R04,training,17,23,0,0.0,0.0,0.0,0.0
P3,R04,training,17,24,0,0.0,0.0,0.0,0.0
P3,R04,training,17,25,0,0.0,0.0,0.0,0.0
P3,R04,training,17,26,0,0.0,0.0,0.0,0.0
P3,R04,training,17,27,0,0.0,0.0,0.0,0.0
P3,R04,training,17,28,0,0.0,0.0,0.0,0.0
P3,R04,training,17,29,0,0.0,0.0,0.0,0.0
P3,R04,training,17,30,0,0.0,0.0,0.0,0.0
P3,R04,training,17,31,0,0.0,0.0,0.0,0.0
P3,R04,training,17,32,0,0.0,0.0,0.0,0.0
P3,R04,training,17,33,0,0.0,0.0,0.0,0.0
P3,R04,training,17,34,0,0.0,0.0,0.0,0.0
P3,R04,training,17,35,0,0.0,0.0,0.0,0.0
P3,R04,training,17,36,0,0.0,0.0,0.0,0.0
P3,R04,training,17,37,0,0.0,0.0,0.0,0.0
P3,R04,training,17,38,0,0.0,0.0,0.0,0.0
P3,R04,training,17,39,0,0.0,0.0,0.0,0.0
P3,R04,training,17,40,0,0.0,0.0,0.0,0.0
P3,R04,training,17,41,0,0.0,0.0,0.0,0.0
P3,R04,training,17,42,0,0.0,0.0,0.0,0.0
P3,R04,training,17,43,0,0.0,0.0,0.0,0.0
P3,R04,training,17,44,0,0.0,0.0,0.0,0.0
P3,R04,training,17,45,0,0.0,0.0,0.0,0.0
P3,R04,training,17,46,0,0.0,0.0,0.0,0.0
P3,R04,training,17,47,0,0.0,0.0,0.0,0.0
P3,R04,training,17,48,0,0.0,0.0,0.0,0.0
P3,R04,training,17,49,0,0.0,0.0,0.0,0.0
P3,R04,training,17,50,0,0.0,0.0,0.0,0.0
P3,R04,training,17,51,0,0.0,0.0,0.0,0.0
P3,R04,training,17,52,0,0.0,0.0,0.0,0.0
P3,R04,training,17,53,0,0.0,0.0,0.0,0.0
P3,R04,training,17,54,0,0.0,0.0,0.0,0.0
P3,R04,training,17,55,0,0.0,0.0,0.0,0.0
P3,R04,training,17,56,0,0.0,0.0,0.0,0.0
P3,R04,training,17,57,0,0.0,0.0,0.0,0.0
P3,R04,training,17,58,0,0.0,0.0,0.0,0.0
P3,R04,training,17,59,0,0.0,0.0,0.0,0.0
P3,R04,training,17,60,0,0.0,0.0,0.0,0.0
P3,R04,training,17,61,0,0.0,0.0,0.0,0.0
P3,R04,training,17,62,0,0.0,0.0,0.0,0.0
P3,R04,training,17,63,0,0.0,0.0,0.0,0.0
P3,R04,training,17,64,0,0.0,0.0,0.0,0.0
P3,R04,training,17,65,0,0.0,0.0,0.0,0.0
P3,R04,training,17,66,0,0.0,0.0,0.0,0.0
P3,R04,training,17,67,0,0.0,0.0,0.0,0.0
P3,R04,training,17,68,0,0.0,0.0,0.0,0.0
P3,R04,training,17,69,0,0.0,0.0,0.0,0.0
P3,R04,training,17,70,0,0.0,0.0,0.0,0.0
P3,R04,training,17,71,0,0.0,0.0,0.0,0.0
P3,R04,training,17,72,0,0.0,0.0,0.0,0.0
P3,R04,training,17,73,0,0.0,0.0,0.0,0.0
P3,R04,training,17,74,0,0.0,0.0,0.0,0.0
P3,R04,training,17,75,0,0.0,0.0,0.0,0.0
P3,R04,training,17,76,0,0.0,0.0,0.0,0.0
P3,R04,training,17,77,0,0.0,0.0,0.0,0.0
P3,R04,training,17,78,0,0.0,0.0,0.0,0.0
P3,R04,training,17,79,0,0.0,0.0,0.0,0.0
P3,R04,training,17,80,0,0.0,0.0,0.0,0.0
P3,R04,training,17,81,0,0.0,0.0,0.0,0.0
P3,R04,training,17,82,0,0.0,0.0,0.0,0.0
P3,R04,training,17,83,0,0.0,0.0,0.0,0.0
P3,R04,training,17,84,0,0.0,0.0,0.0,0.0
P3,R04,training,17,85,0,0.0,0.0,0.0,0.0
P3,R04,training,17,86,0,0.0,0.0,0.0,0.0
P3,R04,training,17,87,0,0.0,0.0,0.0,0.0
P3,R04,training,17,88,0,0.0,0.0,0.0,0.0
P3,R04,training,17,89,0,0.0,0.0,0.0,0.0
P3,R04,training,17,90,0,0.0,0.0,0.0,0.0
P3,R04,training,17,91,0,0.0,0.0,0.0,0.0
P3,R04,training,17,92,0,0.0,0.0,0.0,0.0
P3,R04,training,17,93,0,0.0,0.0,0.0,0.0
P3,R04,training,17,94,0,0.0,0.0,0.0,0.0
P3,R04,training,17,95,0,0.0,0.0,0.0,0.0
P3,R04,training,17,96,0,0.0,0.0,0.0,0.0
P3,R04,training,17,97,0,0.0,0.0,0.0,0.0
P3,R04,training,17,98,0,0.0,0.0,0.0,0.0
P3,R04,training,17,99,0,0.0,0.0,0.0,0.0
P3,R04,training,17,100,0,0.0,0.0,0.0,0.0
P3,R04,training,17,101,0,0.0,0.0,0.0,0.0
P3,R04,training,17,102,0,0.0,0.0,0.0,0.0
P3,R04,training,17,103,0,0.0,0.0,0.0,0.0
P3,R04,training,17,104,0,0.0,0.0,0.0,0.0
P3,R04,training,17,105,0,0.0,0.0,0.0,0.0
P3,R04,training,17,106,0,0.0,0.0,0.0,0.0
P3,R04,training,17,107,0,0.0,0.0,0.0,0.0
P3,R04,training,17,108,0,0.0,0.0,0.0,0.0
P3,R04,training,17,109,0,0.0,0.0,0.0,0.0
P3,R04,training,17,110,0,0.0,0.0,0.0,0.0
P3,R04,training,17,111,0,0.0,0.0,0.0,0.0
P3,R04,training,17,112,0,0.0,0.0,0.0,0.0
P3,R04,training,17,113,0,0.0,0.0,0.0,0.0
P3,R04,training,17,114,0,0.0,0.0,0.0,0.0
P3,R04,training,17,115,0,0.0,0.0,0.0,0.0
P3,R04,training,17,116,0,0.0,0.0,0.0,0.0
P3,R04,training,17,117,0,0.0,0.0,0.0,0.0
P3,R04,training,17,118,0,0.0,0.0,0.0,0.0
P3,R04,training,17,119,0,0.0,0.0,0.0,0.0
P3,R04,training,17,120,0,0.0,0.0,0.0,0.0
P3,R04,training,17,121,0,0.0,0.0,0.0,0.0
P3,R04,training,17,122,0,0.0,0.0,0.0,0.0
P3,R04,training,17,123,0,0.0,0.0,0.0,0.0
P3,R04,training,17,124,0,0.0,0.0,0.0,0.0
P3,R04,training,17,125,0,0.0,0.0,0.0,0.0
P3,R04,training,17,126,0,0.0,0.0,0.0,0.0
P3,R04,training,17,127,0,0.0,0.0,0.0,0.0
P3,R04,training,17,128,0,0.0,0.0,0.0,0.0
P3,R04,training,17,129,0,0.0,0.0,0.0,0.0
P3,R04,training,17,130,0,0.0,0.0,0.0,0.0
P3,R04,training,17,131,0,0.0,0.0,0.0,0.0
P3,R04,training,17,132,0,0.0,0.0,0.0,0.0
P3,R04,training,17,133,0,0.0,0.0,0.0,0.0
P3,R04,training,17,134,0,0.0,0.0,0.0,0.0
P3,R04,training,17,135,0,0.0,0.0,0.0,0.0
P3,R04,training,17,136,0,0.0,0.0,0.0,0.0
P3,R04,training,17,137,0,0.0,0.0,0.0,0.0
P3,R04,training,17,138,0,0.0,0.0,0.0,0.0
P3,R04,training,17,139,0,0.0,0.0,0.0,0.0
P3,R04,training,17,140,0,0.0,0.0,0.0,0.0
P3,R04,training,17,141,0,0.0,0.0,0.0,0.0
P3,R04,training,17,142,0,0.0,0.0,0.0,0.0
P3,R04,training,17,143,0,0.0,0.0,0.0,0.0
P3,R04,training,17,144,0,0.0,0.0,0.0,0.0
P3,R04,training,17,145,0,0.0,0.0,0.0,0.0
P3,R04,training,17,146,0,0.0,0.0,0.0,0.0
P3,R04,training,17,147,0,0.0,0.0,0.0,0.0
P3,R04,training,17,148,0,0.0,0.0,0.0,0.0
P3,R04,training,17,149,0,0.0,0.0,0.0,0.0
P3,R04,training,17,150,0,0.0,0.0,0.0,0.0
P3,R04,training,17,151,0,0.0,0.0,0.0,0.0
P3,R04,training,17,152,0,0.0,0.0,0.0,0.0
P3,R04,training,17,153,0,0.0,0.0,0.0,0.0
P3,R04,training,17,154,0,0.0,0.0,0.0,0.0
P3,R04,training,17,155,0,0.0,0.0,0.0,0.0
P3,R04,training,17,156,0,0.0,0.0,0.0,0.0
P3,R04,training,17,157,0,0.0,0.0,0.0,0.0
P3,R04,training,17,158,0,0.0,0.0,0.0,0.0
P3,R04,training,17,159,0,0.0,0.0,0.0,0.0
P3,R04,training,17,160,0,0.0,0.0,0.0,0.0
P3,R04,training,17,161,0,0.0,0.0,0.0,0.0
P3,R04,training,17,162,0,0.0,0.0,0.0,0.0
P3,R04,training,17,163,0,0.0,0.0,0.0,0.0
P3,R04,training,17,164,0,0.0,0.0,0.0,0.0
P3,R04,training,17,165,0,0.0,0.0,0.0,0.0
P3,R04,training,17,166,0,0.0,0.0,0.0,0.0
P3,R04,training,17,167,0,0.0,0.0,0.0,0.0
P3,R04,training,17,168,0,0.0,0.0,0.0,0.0
P3,R04,training,17,169,0,0.0,0.0,0.0,0.0
P3,R04,training,17,170,0,0.0,0.0,0.0,0.0
P3,R04,training,17,171,0,0.0,0.0,0.0,0.0
P3,R04,training,17,172,0,0.0,0.0,0.0,0.0
P3,R04,training,17,173,0,0.0,0.0,0.0,0.0
P3,R04,training,17,174,0,0.0,0.0,0.0,0.0
P3,R04,training,17,175,0,0.0,0.0,0.0,0.0
P3,R04,training,17,176,0,0.0,0.0,0.0,0.0
P3,R04,training,17,177,0,0.0,0.0,0.0,0.0
P3,R04,training,17,178,0,0.0,0.0,0.0,0.0
P3,R04,training,17,179,0,0.0,0.0,0.0,0.0
P3,R04,training,17,180,0,0.0,0.0,0.0,0.0
P3,R04,training,17,181,0,0.0,0.0,0.0,0.0
P3,R04,training,17,182,0,0.0,0.0,0.0,0.0
P3,R04,training,17,183,0,0.0,0.0,0.0,0.0
P3,R04,training,17,184,0,0.0,0.0,0.0,0.0
P3,R04,training,17,185,0,0.0,0.0,0.0,0.0
P3,R04,training,17,186,0,0.0,0.0,0.0,0.0
P3,R04,training,17,187,0,0.0,0.0,0.0,0.0
P3,R04,training,17,188,0,0.0,0.0,0.0,0.0
P3,R04,training,17,189,0,0.0,0.0,0.0,0.0
P3,R04,training,17,190,0,0.0,0.0,0.0,0.0
P3,R04,training,17,191,0,0.0,0.0,0.0,0.0
P3,R04,training,17,192,0,0.0,0.0,0.0,0.0
P3,R04,training,17,193,0,0.0,0.0,0.0,0.0
P3,R04,training,17,194,0,0.0,0.0,0.0,0.0
P3,R04,training,17,195,0,0.0,0.0,0.0,0.0
P3,R04,training,17,196,0,0.0,0.0,0.0,0.0
P3,R04,training,17,197,0,0.0,0.0,0.0,0.0
P3,R04,training,17,198,0,0.0,0.0,0.0,0.0
P3,R04,training,17,199,0,0.0,0.0,0.0,0.0
P3,R04,training,17,200,0,0.0,0.0,0.0,0.0
P3,R04,training,17,201,0,0.0,0.0,0.0,0.0
P3,R04,training,17,202,0,0.0,0.0,0.0,0.0
P3,R04,training,17,203,0,0.0,0.0,0.0,0.0
P3,R04,training,17,204,0,0.0,0.0,0.0,0.0
P3,R04,training,17,205,0,0.0,0.0,0.0,0.0
P3,R04,training,17,206,0,0.0,0.0,0.0,0.0
P3,R04,training,17,207,0,0.0,0.0,0.0,0.0
P3,R04,training,17,208,0,0.0,0.0,0.0,0.0
P3,R04,training,17,209,0,0.0,0.0,0.0,0.0
P3,R04,training,17,210,0,0.0,0.0,0.0,0.0
P3,R04,training,17,211,0,0.0,0.0,0.0,0.0
P3,R04,training,17,212,0,0.0,0.0,0.0,0.0
P3,R04,training,17,213,0,0.0,0.0,0.0,0.0
P3,R04,training,17,214,0,0.0,0.0,0.0,0.0
P3,R04,training,17,215,0,0.0,0.0,0.0,0.0
P3,R04,training,17,216,0,0.0,0.0,0.0,0.0
P3,R04,training,17,217,0,0.0,0.0,0.0,0.0
P3,R04,training,17,218,0,0.0,0.0,0.0,0.0
P3,R04,training,17,219,0,0.0,0.0,0.0,0.0
P3,R04,training,17,220,0,0.0,0.0,0.0,0.0
P3,R04,training,17,221,0,0.0,0.0,0.0,0.0
P3,R04,training,17,222,0,0.0,0.0,0.0,0.0
P3,R04,training,17,223,0,0.0,0.0,0.0,0.0
P3,R04,training,17,224,0,0.0,0.0,0.0,0.0
P3,R04,training,17,225,0,0.0,0.0,0.0,0.0
P3,R04,training,17,226,0,0.0,0.0,0.0,0.0
P3,R04,training,17,227,0,0.0,0.0,0.0,0.0
P3,R04,training,17,228,0,0.0,0.0,0.0,0.0
P3,R04,training,17,229,0,0.0,0.0,0.0,0.0
P3,R04,training,17,230,0,0.0,0.0,0.0,0.0
P3,R04,training,17,231,0,0.0,0.0,0.0,0.0
P3,R04,training,17,232,0,0.0,0.0,0.0,0.0
P3,R04,training,17,233,0,0.0,0.0,0.0,0.0
P3,R04,training,17,234,0,0.0,0.0,0.0,0.0
P3,R04,training,17,235,0,0.0,0.0,0.0,0.0
P3,R04,training,17,236,0,0.0,0.0,0.0,0.0
P3,R04,training,17,237,0,0.0,0.0,0.0,0.0
P3,R04,training,17,238,0,0.0,0.0,0.0,0.0
P3,R04,training,17,239,0,0.0,0.0,0.0,0.0
P3,R04,training,17,240,0,0.0,0.0,0.0,0.0
P3,R04,training,17,241,0,0.0,0.0,0.0,0.0
P3,R04,training,17,242,0,0.0,0.0,0.0,0.0
P3,R04,training,17,243,0,0.0,0.0,0.0,0.0
P3,R04,training,17,244,0,0.0,0.0,0.0,0.0
P3,R04,training,17,245,0,0.0,0.0,0.0,0.0
P3,R04,training,17,246,0,0.0,0.0,0.0,0.0
P3,R04,training,17,247,0,0.0,0.0,0.0,0.0
P3,R04,training,17,248,0,0.0,0.0,0.0,0.0
P3,R04,training,17,249,0,0.0,0.0,0.0,0.0
P3,R04,training,17,250,0,0.0,0.0,0.0,0.0
P3,R04,training,17,251,0,0.0,0.0,0.0,0.0
P3,R04,training,17,252,0,0.0,0.0,0.0,0.0
P3,R04,training,17,253,0,0.0,0.0,0.0,0.0
P3,R04,training,17,254,0,0.0,0.0,0.0,0.0
P3,R04,training,17,255,0,0.0,0.0,0.0,0.0
P3,R04,training,17,256,0,0.0,0.0,0.0,0.0
P3,R04,training,17,257,0,0.0,0.0,0.0,0.0
P3,R04,training,17,258,0,0.0,0.0,0.0,0.0
P3,R04,training,17,259,0,0.0,0.0,0.0,0.0
P3,R04,training,17,260,0,0.0,0.0,0.0,0.0
P3,R04,training,17,261,0,0.0,0.0,0.0,0.0
P3,R04,training,17,262,0,0.0,0.0,0.0,0.0
P3,R04,training,17,263,0,0.0,0.0,0.0,0.0
P3,R04,training,17,264,0,0.0,0.0,0.0,0.0
P3,R04,training,17,265,0,0.0,0.0,0.0,0.0
P3,R04,training,17,266,0,0.0,0.0,0.0,0.0
P3,R04,training,17,267,0,0.0,0.0,0.0,0.0
P3,R04,training,17,268,0,0.0,0.0,0.0,0.0
P3,R04,training,17,269,0,0.0,0.0,0.0,0.0
P3,R04,training,17,270,0,0.0,0.0,0.0,0.0
P3,R04,training,17,271,0,0.0,0.0,0.0,0.0
P3,R04,training,17,272,0,0.0,0.0,0.0,0.0
P3,R04,training,17,273,0,0.0,0.0,0.0,0.0
P3,R04,training,17,274,0,0.0,0.0,0.0,0.0
P3,R04,training,17,275,0,0.0,0.0,0.0,0.0
P3,R04,training,17,276,0,0.0,0.0,0.0,0.0
P3,R04,training,17,277,0,0.0,0.0,0.0,0.0
P3,R04,training,17,278,0,0.0,0.0,0.0,0.0
P3,R04,training,17,279,0,0.0,0.0,0.0,0.0
P3,R04,training,17,280,0,0.0,0.0,0.0,0.0
P3,R04,training,17,281,0,0.0,0.0,0.0,0.0
P3,R04,training,17,282,0,0.0,0.0,0.0,0.0
P3,R04,training,17,283,0,0.0,0.0,0.0,0.0
P3,R04,training,17,284,0,0.0,0.0,0.0,0.0
P3,R04,training,17,285,0,0.0,0.0,0.0,0.0
P3,R04,training,17,286,0,0.0,0.0,0.0,0.0
P3,R04,training,17,287,0,0.0,0.0,0.0,0.0
P3,R04,training,17,288,0,0.0,0.0,0.0,0.0
P3,R04,training,17,289,0,0.0,0.0,0.0,0.0
P3,R04,training,17,290,0,0.0,0.0,0.0,0.0
P3,R04,training,17,291,0,0.0,0.0,0.0,0.0
P3,R04,training,17,292,0,0.0,0.0,0.0,0.0
P3,R04,training,17,293,0,0.0,0.0,0.0,0.0
P3,R04,training,17,294,0,0.0,0.0,0.0,0.0
P3,R04,training,17,295,0,0.0,0.0,0.0,0.0
P3,R04,training,17,296,0,0.0,0.0,0.0,0.0
P3,R04,training,17,297,0,0.0,0.0,0.0,0.0
P3,R04,training,17,298,0,0.0,0.0,0.0,0.0
P3,R04,training,17,299,0,0.0,0.0,0.0,0.0
P3,R04,training,17,300,0,0.0,0.0,0.0,0.0
P3,R04,training,17,301,0,0.0,0.0,0.0,0.0
P3,R04,training,17,302,0,0.0,0.0,0.0,0.0
P3,R04,training,17,303,0,0.0,0.0,0.0,0.0
P3,R04,training,17,304,0,0.0,0.0,0.0,0.0
P3,R04,training,17,305,0,0.0,0.0,0.0,0.0
P3,R04,training,17,306,0,0.0,0.0,0.0,0.0
P3,R04,training,17,307,0,0.0,0.0,0.0,0.0
P3,R04,training,17,308,0,0.0,0.0,0.0,0.0
P3,R04,training,17,309,0,0.0,0.0,0.0,0.0
P3,R04,training,17,310,0,0.0,0.0,0.0,0.0
P3,R04,training,17,311,0,0.0,0.0,0.0,0.0
P3,R04,training,17,312,0,0.0,0.0,0.0,0.0
P3,R04,training,17,313,0,0.0,0.0,0.0,0.0
P3,R04,training,17,314,0,0.0,0.0,0.0,0.0
P3,R04,training,17,315,0,0.0,0.0,0.0,0.0
P3,R04,training,17,316,0,0.0,0.0,0.0,0.0
P3,R04,training,17,317,0,0.0,0.0,0.0,0.0
P3,R04,training,17,318,0,0.0,0.0,0.0,0.0
P3,R04,training,17,319,0,0.0,0.0,0.0,0.0
P3,R04,training,17,320,0,0.0,0.0,0.0,0.0
P3,R04,training,17,321,0,0.0,0.0,0.0,0.0
P3,R04,training,17,322,0,0.0,0.0,0.0,0.0
P3,R04,training,17,323,0,0.0,0.0,0.0,0.0
P3,R04,training,17,324,0,0.0,0.0,0.0,0.0
P3,R04,training,17,325,0,0.0,0.0,0.0,0.0
P3,R04,training,17,326,0,0.0,0.0,0.0,0.0
P3,R04,training,17,327,0,0.0,0.0,0.0,0.0
P3,R04,training,17,328,0,0.0,0.0,0.0,0.0
P3,R04,training,17,329,0,0.0,0.0,0.0,0.0
P3,R04,training,17,330,0,0.0,0.0,0.0,0.0
P3,R04,training,17,331,0,0.0,0.0,0.0,0.0
P3,R04,training,17,332,0,0.0,0.0,0.0,0.0
P3,R04,training,17,333,0,0.0,0.0,0.0,0.0
P3,R04,training,17,334,0,0.0,0.0,0.0,0.0
P3,R04,training,17,335,0,0.0,0.0,0.0,0.0
P3,R04,training,17,336,0,0.0,0.0,0.0,0.0
P3,R04,training,17,337,0,0.0,0.0,0.0,0.0
P3,R04,training,17,338,0,0.0,0.0,0.0,0.0
P3,R04,training,17,339,0,0.0,0.0,0.0,0.0
P3,R04,training,17,340,0,0.0,0.0,0.0,0.0
P3,R04,training,17,341,0,0.0,0.0,0.0,0.0
P3,R04,training,17,342,0,0.0,0.0,0.0,0.0
P3,R04,training,17,343,0,0.0,0.0,0.0,0.0
P3,R04,training,17,344,0,0.0,0.0,0.0,0.0
P3,R04,training,17,345,0,0.0,0.0,0.0,0.0
P3,R04,training,17,346,0,0.0,0.0,0.0,0.0
P3,R04,training,17,347,0,0.0,0.0,0.0,0.0
P3,R04,training,17,348,0,0.0,0.0,0.0,0.0
P3,R04,training,17,349,0,0.0,0.0,0.0,0.0
P3,R04,training,17,350,0,0.0,0.0,0.0,0.0
P3,R04,training,17,351,0,0.0,0.0,0.0,0.0
P3,R04,training,17,352,0,0.0,0.0,0.0,0.0
P3,R04,training,17,353,0,0.0,0.0,0.0,0.0
P3,R04,training,17,354,0,0.0,0.0,0.0,0.0
P3,R04,training,17,355,0,0.0,0.0,0.0,0.0
P3,R04,training,17,356,0,0.0,0.0,0.0,0.0
P3,R04,training,17,357,0,0.0,0.0,0.0,0.0
P3,R04,training,17,358,0,0.0,0.0,0.0,0.0
P3,R04,training,17,359,0,0.0,0.0,0.0,0.0
P3,R04,training,17,360,0,0.0,0.0,0.0,0.0
P3,R04,training,17,361,0,0.0,0.0,0.0,0.0
P3,R04,training,17,362,0,0.0,0.0,0.0,0.0
P3,R04,training,17,363,0,0.0,0.0,0.0,0.0
P3,R04,training,17,364,0,0.0,0.0,0.0,0.0
P3,R04,training,17,365,0,0.0,0.0,0.0,0.0
P3,R04,training,17,366,0,0.0,0.0,0.0,0.0
P3,R04,training,17,367,0,0.0,0.0,0.0,0.0
P3,R04,training,17,368,0,0.0,0.0,0.0,0.0
P3,R04,training,17,369,0,0.0,0.0,0.0,0.0
P3,R04,training,17,370,0,0.0,0.0,0.0,0.0
P3,R04,training,17,371,0,0.0,0.0,0.0,0.0
A,R04,training,18,0,0,0.0,0.0,0.0,0.0
A,R04,training,18,1,0,0.0,0.0,0.0,0.0
A,R04,training,18,2,0,0.0,0.0,0.0,0.0
A,R04,training,18,3,0,0.0,0.0,0.0,0.0
A,R04,training,18,4,0,0.0,0.0,0.0,0.0
A,R04,training,18,5,0,0.0,0.0,0.0,0.0
A,R04,training,18,6,0,0.0,0.0,0.0,0.0
A,R04,training,18,7,0,0.0,0.0,0.0,0.0
A,R04,training,18,8,0,0.0,0.0,0.0,0.0
A,R04,training,18,9,0,0.0,0.0,0.0,0.0
A,R04,training,18,10,0,0.0,0.0,0.0,0.0
A,R04,training,18,11,0,0.0,0.0,0.0,0.0
A,R04,training,18,12,0,0.0,0.0,0.0,0.0
A,R04,training,18,13,0,0.0,0.0,0.0,0.0
A,R04,training,18,14,0,0.0,0.0,0.0,0.0
A,R04,training,18,15,0,0.0,0.0,0.0,0.0
A,R04,training,18,16,0,0.0,0.0,0.0,0.0
A,R04,training,18,17,0,0.0,0.0,0.0,0.0
A,R04,training,18,18,0,0.0,0.0,0.0,0.0
A,R04,training,18,19,0,0.0,0.0,0.0,0.0
A,R04,training,18,20,0,0.0,0.0,0.0,0.0
A,R04,training,18,21,0,0.0,0.0,0.0,0.0
A,R04,training,18,22,0,0.0,0.0,0.0,0.0
A,R04,training,18,23,0,0.0,0.0,0.0,0.0
A,R04,training,18,24,0,0.0,0.0,0.0,0.0
A,R04,training,18,25,0,0.0,0.0,0.0,0.0
A,R04,training,18,26,0,0.0,0.0,0.0,0.0
A,R04,training,18,27,0,0.0,0.0,0.0,0.0
A,R04,training,18,28,0,0.0,0.0,0.0,0.0
A,R04,training,18,29,0,0.0,0.0,0.0,0.0
A,R04,training,18,30,0,0.0,0.0,0.0,0.0
A,R04,training,18,31,0,0.0,0.0,0.0,0.0
A,R04,training,18,32,0,0.0,0.0,0.0,0.0
A,R04,training,18,33,0,0.0,0.0,0.0,0.0
A,R04,training,18,34,0,0.0,0.0,0.0,0.0
A,R04,training,18,35,0,0.0,0.0,0.0,0.0
A,R04,training,18,36,0,0.0,0.0,0.0,0.0
A,R04,training,18,37,0,0.0,0.0,0.0,0.0
A,R04,training,18,38,0,0.0,0.0,0.0,0.0
A,R04,training,18,39,0,0.0,0.0,0.0,0.0
A,R04,training,18,40,0,0.0,0.0,0.0,0.0
A,R04,training,18,41,0,0.0,0.0,0.0,0.0
A,R04,training,18,42,0,0.0,0.0,0.0,0.0
A,R04,training,18,43,0,0.0,0.0,0.0,0.0
A,R04,training,18,44,0,0.0,0.0,0.0,0.0
A,R04,training,18,45,0,0.0,0.0,0.0,0.0
A,R04,training,18,46,0,0.0,0.0,0.0,0.0
A,R04,training,18,47,0,0.0,0.0,0.0,0.0
A,R04,training,18,48,0,0.0,0.0,0.0,0.0
A,R04,training,18,49,0,0.0,0.0,0.0,0.0
A,R04,training,18,50,0,0.0,0.0,0.0,0.0
A,R04,training,18,51,0,0.0,0.0,0.0,0.0
A,R04,training,18,52,0,0.0,0.0,0.0,0.0
A,R04,training,18,53,0,0.0,0.0,0.0,0.0
A,R04,training,18,54,0,0.0,0.0,0.0,0.0
A,R04,training,18,55,0,0.0,0.0,0.0,0.0
A,R04,training,18,56,0,0.0,0.0,0.0,0.0
A,R04,training,18,57,0,0.0,0.0,0.0,0.0
A,R04,training,18,58,0,0.0,0.0,0.0,0.0
A,R04,training,18,59,0,0.0,0.0,0.0,0.0
A,R04,training,18,60,0,0.0,0.0,0.0,0.0
A,R04,training,18,61,0,0.0,0.0,0.0,0.0
A,R04,training,18,62,0,0.0,0.0,0.0,0.0
A,R04,training,18,63,0,0.0,0.0,0.0,0.0
A,R04,training,18,64,0,0.0,0.0,0.0,0.0
A,R04,training,18,65,0,0.0,0.0,0.0,0.0
A,R04,training,18,66,0,0.0,0.0,0.0,0.0
A,R04,training,18,67,0,0.0,0.0,0.0,0.0
A,R04,training,18,68,0,0.0,0.0,0.0,0.0
A,R04,training,18,69,0,0.0,0.0,0.0,0.0
A,R04,training,18,70,0,0.0,0.0,0.0,0.0
A,R04,training,18,71,0,0.0,0.0,0.0,0.0
A,R04,training,18,72,0,0.0,0.0,0.0,0.0
A,R04,training,18,73,0,0.0,0.0,0.0,0.0
A,R04,training,18,74,0,0.0,0.0,0.0,0.0
A,R04,training,18,75,0,0.0,0.0,0.0,0.0
A,R04,training,18,76,0,0.0,0.0,0.0,0.0
A,R04,training,18,77,0,0.0,0.0,0.0,0.0
A,R04,training,18,78,0,0.0,0.0,0.0,0.0
A,R04,training,18,79,0,0.0,0.0,0.0,0.0
A,R04,training,18,80,0,0.0,0.0,0.0,0.0
A,R04,training,18,81,0,0.0,0.0,0.0,0.0
A,R04,training,18,82,0,0.0,0.0,0.0,0.0
A,R04,training,18,83,0,0.0,0.0,0.0,0.0
A,R04,training,18,84,0,0.0,0.0,0.0,0.0
A,R04,training,18,85,0,0.0,0.0,0.0,0.0
A,R04,training,18,86,0,0.0,0.0,0.0,0.0
A,R04,training,18,87,0,0.0,0.0,0.0,0.0
A,R04,training,18,88,0,0.0,0.0,0.0,0.0
A,R04,training,18,89,0,0.0,0.0,0.0,0.0
A,R04,training,18,90,0,0.0,0.0,0.0,0.0
A,R04,training,18,91,0,0.0,0.0,0.0,0.0
A,R04,training,18,92,0,0.0,0.0,0.0,0.0
A,R04,training,18,93,0,0.0,0.0,0.0,0.0
A,R04,training,18,94,0,0.0,0.0,0.0,0.0
A,R04,training,18,95,0,0.0,0.0,0.0,0.0
A,R04,training,18,96,0,0.0,0.0,0.0,0.0
A,R04,training,18,97,0,0.0,0.0,0.0,0.0
A,R04,training,18,98,0,0.0,0.0,0.0,0.0
A,R04,training,18,99,0,0.0,0.0,0.0,0.0
A,R04,training,18,100,0,0.0,0.0,0.0,0.0
A,R04,training,18,101,0,0.0,0.0,0.0,0.0
A,R04,training,18,102,0,0.0,0.0,0.0,0.0
A,R04,training,18,103,0,0.0,0.0,0.0,0.0
A,R04,training,18,104,0,0.0,0.0,0.0,0.0
A,R04,training,18,105,0,0.0,0.0,0.0,0.0
A,R04,training,18,106,0,0.0,0.0,0.0,0.0
A,R04,training,18,107,0,0.0,0.0,0.0,0.0
A,R04,training,18,108,0,0.0,0.0,0.0,0.0
A,R04,training,18,109,0,0.0,0.0,0.0,0.0
A,R04,training,18,110,0,0.0,0.0,0.0,0.0
A,R04,training,18,111,0,0.0,0.0,0.0,0.0
A,R04,training,18,112,0,0.0,0.0,0.0,0.0
A,R04,training,18,113,0,0.0,0.0,0.0,0.0
A,R04,training,18,114,0,0.0,0.0,0.0,0.0
A,R04,training,18,115,0,0.0,0.0,0.0,0.0
A,R04,training,18,116,0,0.0,0.0,0.0,0.0
A,R04,training,18,117,0,0.0,0.0,0.0,0.0
A,R04,training,18,118,0,0.0,0.0,0.0,0.0
A,R04,training,18,119,0,0.0,0.0,0.0,0.0
A,R04,training,18,120,0,0.0,0.0,0.0,0.0
A,R04,training,18,121,0,0.0,0.0,0.0,0.0
A,R04,training,18,122,0,0.0,0.0,0.0,0.0
A,R04,training,18,123,0,0.0,0.0,0.0,0.0
A,R04,training,18,124,0,0.0,0.0,0.0,0.0
A,R04,training,18,125,0,0.0,0.0,0.0,0.0
A,R04,training,18,126,0,0.0,0.0,0.0,0.0
A,R04,training,18,127,0,0.0,0.0,0.0,0.0
A,R04,training,18,128,0,0.0,0.0,0.0,0.0
A,R04,training,18,129,0,0.0,0.0,0.0,0.0
A,R04,training,18,130,0,0.0,0.0,0.0,0.0
A,R04,training,18,131,0,0.0,0.0,0.0,0.0
A,R04,training,18,132,0,0.0,0.0,0.0,0.0
A,R04,training,18,133,0,0.0,0.0,0.0,0.0
A,R04,training,18,134,0,0.0,0.0,0.0,0.0
A,R04,training,18,135,0,0.0,0.0,0.0,0.0
A,R04,training,18,136,0,0.0,0.0,0.0,0.0
A,R04,training,18,137,0,0.0,0.0,0.0,0.0
A,R04,training,18,138,0,0.0,0.0,0.0,0.0
A,R04,training,18,139,0,0.0,0.0,0.0,0.0
A,R04,training,18,140,0,0.0,0.0,0.0,0.0
A,R04,training,18,141,0,0.0,0.0,0.0,0.0
A,R04,training,18,142,0,0.0,0.0,0.0,0.0
A,R04,training,18,143,0,0.0,0.0,0.0,0.0
A,R04,training,18,144,0,0.0,0.0,0.0,0.0
A,R04,training,18,145,0,0.0,0.0,0.0,0.0
A,R04,training,18,146,0,0.0,0.0,0.0,0.0
A,R04,training,18,147,0,0.0,0.0,0.0,0.0
A,R04,training,18,148,0,0.0,0.0,0.0,0.0
A,R04,training,18,149,0,0.0,0.0,0.0,0.0
A,R04,training,18,150,0,0.0,0.0,0.0,0.0
A,R04,training,18,151,0,0.0,0.0,0.0,0.0
A,R04,training,18,152,0,0.0,0.0,0.0,0.0
A,R04,training,18,153,0,0.0,0.0,0.0,0.0
A,R04,training,18,154,0,0.0,0.0,0.0,0.0
A,R04,training,18,155,0,0.0,0.0,0.0,0.0
A,R04,training,18,156,0,0.0,0.0,0.0,0.0
A,R04,training,18,157,0,0.0,0.0,0.0,0.0
A,R04,training,18,158,0,0.0,0.0,0.0,0.0
A,R04,training,18,159,0,0.0,0.0,0.0,0.0
A,R04,training,18,160,0,0.0,0.0,0.0,0.0
A,R04,training,18,161,0,0.0,0.0,0.0,0.0
A,R04,training,18,162,0,0.0,0.0,0.0,0.0
A,R04,training,18,163,0,0.0,0.0,0.0,0.0
A,R04,training,18,164,0,0.0,0.0,0.0,0.0
A,R04,training,18,165,0,0.0,0.0,0.0,0.0
A,R04,training,18,166,0,0.0,0.0,0.0,0.0
A,R04,training,18,167,0,0.0,0.0,0.0,0.0
A,R04,training,18,168,0,0.0,0.0,0.0,0.0
A,R04,training,18,169,0,0.0,0.0,0.0,0.0
A,R04,training,18,170,0,0.0,0.0,0.0,0.0
A,R04,training,18,171,0,0.0,0.0,0.0,0.0
A,R04,training,18,172,0,0.0,0.0,0.0,0.0
A,R04,training,18,173,0,0.0,0.0,0.0,0.0
A,R04,training,18,174,0,0.0,0.0,0.0,0.0
A,R04,training,18,175,0,0.0,0.0,0.0,0.0
A,R04,training,18,176,0,0.0,0.0,0.0,0.0
A,R04,training,18,177,0,0.0,0.0,0.0,0.0
A,R04,training,18,178,0,0.0,0.0,0.0,0.0
A,R04,training,18,179,0,0.0,0.0,0.0,0.0
A,R04,training,18,180,0,0.0,0.0,0.0,0.0
A,R04,training,18,181,0,0.0,0.0,0.0,0.0
A,R04,training,18,182,0,0.0,0.0,0.0,0.0
A,R04,training,18,183,0,0.0,0.0,0.0,0.0
A,R04,training,18,184,0,0.0,0.0,0.0,0.0
A,R04,training,18,185,0,0.0,0.0,0.0,0.0
A,R04,training,18,186,0,0.0,0.0,0.0,0.0
A,R04,training,18,187,0,0.0,0.0,0.0,0.0
A,R04,training,18,188,0,0.0,0.0,0.0,0.0
A,R04,training,18,189,0,0.0,0.0,0.0,0.0
A,R04,training,18,190,0,0.0,0.0,0.0,0.0
A,R04,training,18,191,0,0.0,0.0,0.0,0.0
A,R04,training,18,192,0,0.0,0.0,0.0,0.0
A,R04,training,18,193,0,0.0,0.0,0.0,0.0
A,R04,training,18,194,0,0.0,0.0,0.0,0.0
A,R04,training,18,195,0,0.0,0.0,0.0,0.0
A,R04,training,18,196,0,0.0,0.0,0.0,0.0
A,R04,training,18,197,0,0.0,0.0,0.0,0.0
A,R04,training,18,198,0,0.0,0.0,0.0,0.0
A,R04,training,18,199,0,0.0,0.0,0.0,0.0
A,R04,training,18,200,0,0.0,0.0,0.0,0.0
A,R04,training,18,201,0,0.0,0.0,0.0,0.0
A,R04,training,18,202,0,0.0,0.0,0.0,0.0
A,R04,training,18,203,0,0.0,0.0,0.0,0.0
A,R04,training,18,204,0,0.0,0.0,0.0,0.0
A,R04,training,18,205,0,0.0,0.0,0.0,0.0
A,R04,training,18,206,0,0.0,0.0,0.0,0.0
A,R04,training,18,207,0,0.0,0.0,0.0,0.0
A,R04,training,18,208,0,0.0,0.0,0.0,0.0
A,R04,training,18,209,0,0.0,0.0,0.0,0.0
A,R04,training,18,210,0,0.0,0.0,0.0,0.0
A,R04,training,18,211,0,0.0,0.0,0.0,0.0
A,R04,training,18,212,0,0.0,0.0,0.0,0.0
A,R04,training,18,213,0,0.0,0.0,0.0,0.0
A,R04,training,18,214,0,0.0,0.0,0.0,0.0
A,R04,training,18,215,0,0.0,0.0,0.0,0.0
A,R04,training,18,216,0,0.0,0.0,0.0,0.0
A,R04,training,18,217,0,0.0,0.0,0.0,0.0
A,R04,training,18,218,0,0.0,0.0,0.0,0.0
A,R04,training,18,219,0,0.0,0.0,0.0,0.0
A,R04,training,18,220,0,0.0,0.0,0.0,0.0
A,R04,training,18,221,0,0.0,0.0,0.0,0.0
A,R04,training,18,222,0,0.0,0.0,0.0,0.0
A,R04,training,18,223,0,0.0,0.0,0.0,0.0
A,R04,training,18,224,0,0.0,0.0,0.0,0.0
A,R04,training,18,225,0,0.0,0.0,0.0,0.0
A,R04,training,18,226,0,0.0,0.0,0.0,0.0
A,R04,training,18,227,0,0.0,0.0,0.0,0.0
A,R04,training,18,228,0,0.0,0.0,0.0,0.0
A,R04,training,18,229,0,0.0,0.0,0.0,0.0
A,R04,training,18,230,0,0.0,0.0,0.0,0.0
A,R04,training,18,231,0,0.0,0.0,0.0,0.0
A,R04,training,18,232,0,0.0,0.0,0.0,0.0
A,R04,training,18,233,0,0.0,0.0,0.0,0.0
A,R04,training,18,234,0,0.0,0.0,0.0,0.0
A,R04,training,18,235,0,0.0,0.0,0.0,0.0
A,R04,training,18,236,0,0.0,0.0,0.0,0.0
A,R04,training,18,237,0,0.0,0.0,0.0,0.0
A,R04,training,18,238,0,0.0,0.0,0.0,0.0
A,R04,training,18,239,0,0.0,0.0,0.0,0.0
A,R04,training,18,240,0,0.0,0.0,0.0,0.0
A,R04,training,18,241,0,0.0,0.0,0.0,0.0
A,R04,training,18,242,0,0.0,0.0,0.0,0.0
A,R04,training,18,243,0,0.0,0.0,0.0,0.0
A,R04,training,18,244,0,0.0,0.0,0.0,0.0
A,R04,training,18,245,0,0.0,0.0,0.0,0.0
A,R04,training,18,246,0,0.0,0.0,0.0,0.0
A,R04,training,18,247,0,0.0,0.0,0.0,0.0
A,R04,training,18,248,0,0.0,0.0,0.0,0.0
A,R04,training,18,249,0,0.0,0.0,0.0,0.0
A,R04,training,18,250,0,0.0,0.0,0.0,0.0
A,R04,training,18,251,0,0.0,0.0,0.0,0.0
A,R04,training,18,252,0,0.0,0.0,0.0,0.0
A,R04,training,18,253,0,0.0,0.0,0.0,0.0
A,R04,training,18,254,0,0.0,0.0,0.0,0.0
A,R04,training,18,255,0,0.0,0.0,0.0,0.0
A,R04,training,18,256,0,0.0,0.0,0.0,0.0
A,R04,training,18,257,0,0.0,0.0,0.0,0.0
A,R04,training,18,258,0,0.0,0.0,0.0,0.0
A,R04,training,18,259,0,0.0,0.0,0.0,0.0
A,R04,training,18,260,0,0.0,0.0,0.0,0.0
A,R04,training,18,261,0,0.0,0.0,0.0,0.0
A,R04,training,18,262,0,0.0,0.0,0.0,0.0
A,R04,training,18,263,0,0.0,0.0,0.0,0.0
A,R04,training,18,264,0,0.0,0.0,0.0,0.0
A,R04,training,18,265,0,0.0,0.0,0.0,0.0
A,R04,training,18,266,0,0.0,0.0,0.0,0.0
A,R04,training,18,267,0,0.0,0.0,0.0,0.0
A,R04,training,18,268,0,0.0,0.0,0.0,0.0
A,R04,training,18,269,0,0.0,0.0,0.0,0.0
A,R04,training,18,270,0,0.0,0.0,0.0,0.0
A,R04,training,18,271,0,0.0,0.0,0.0,0.0
A,R04,training,18,272,0,0.0,0.0,0.0,0.0
A,R04,training,18,273,0,0.0,0.0,0.0,0.0
A,R04,training,18,274,0,0.0,0.0,0.0,0.0
A,R04,training,18,275,0,0.0,0.0,0.0,0.0
A,R04,training,18,276,0,0.0,0.0,0.0,0.0
A,R04,training,18,277,0,0.0,0.0,0.0,0.0
A,R04,training,18,278,0,0.0,0.0,0.0,0.0
A,R04,training,18,279,0,0.0,0.0,0.0,0.0
A,R04,training,18,280,0,0.0,0.0,0.0,0.0
A,R04,training,18,281,0,0.0,0.0,0.0,0.0
A,R04,training,18,282,0,0.0,0.0,0.0,0.0
A,R04,training,18,283,0,0.0,0.0,0.0,0.0
A,R04,training,18,284,0,0.0,0.0,0.0,0.0
A,R04,training,18,285,0,0.0,0.0,0.0,0.0
A,R04,training,18,286,0,0.0,0.0,0.0,0.0
A,R04,training,18,287,0,0.0,0.0,0.0,0.0
A,R04,training,18,288,0,0.0,0.0,0.0,0.0
A,R04,training,18,289,0,0.0,0.0,0.0,0.0
A,R04,training,18,290,0,0.0,0.0,0.0,0.0
A,R04,training,18,291,0,0.0,0.0,0.0,0.0
A,R04,training,18,292,0,0.0,0.0,0.0,0.0
A,R04,training,18,293,0,0.0,0.0,0.0,0.0
A,R04,training,18,294,0,0.0,0.0,0.0,0.0
A,R04,training,18,295,0,0.0,0.0,0.0,0.0
A,R04,training,18,296,0,0.0,0.0,0.0,0.0
A,R04,training,18,297,0,0.0,0.0,0.0,0.0
A,R04,training,18,298,0,0.0,0.0,0.0,0.0
A,R04,training,18,299,0,0.0,0.0,0.0,0.0
A,R04,training,18,300,0,0.0,0.0,0.0,0.0
A,R04,training,18,301,0,0.0,0.0,0.0,0.0
A,R04,training,18,302,0,0.0,0.0,0.0,0.0
A,R04,training,18,303,0,0.0,0.0,0.0,0.0
A,R04,training,18,304,0,0.0,0.0,0.0,0.0
A,R04,training,18,305,0,0.0,0.0,0.0,0.0
A,R04,training,18,306,0,0.0,0.0,0.0,0.0
A,R04,training,18,307,0,0.0,0.0,0.0,0.0
A,R04,training,18,308,0,0.0,0.0,0.0,0.0
A,R04,training,18,309,0,0.0,0.0,0.0,0.0
A,R04,training,18,310,0,0.0,0.0,0.0,0.0
A,R04,training,18,311,0,0.0,0.0,0.0,0.0
A,R04,training,18,312,0,0.0,0.0,0.0,0.0
A,R04,training,18,313,0,0.0,0.0,0.0,0.0
A,R04,training,18,314,0,0.0,0.0,0.0,0.0
A,R04,training,18,315,0,0.0,0.0,0.0,0.0
A,R04,training,18,316,0,0.0,0.0,0.0,0.0
A,R04,training,18,317,0,0.0,0.0,0.0,0.0
A,R04,training,18,318,0,0.0,0.0,0.0,0.0
A,R04,training,18,319,0,0.0,0.0,0.0,0.0
A,R04,training,18,320,0,0.0,0.0,0.0,0.0
A,R04,training,18,321,0,0.0,0.0,0.0,0.0
A,R04,training,18,322,0,0.0,0.0,0.0,0.0
A,R04,training,18,323,0,0.0,0.0,0.0,0.0
A,R04,training,18,324,0,0.0,0.0,0.0,0.0
A,R04,training,18,325,0,0.0,0.0,0.0,0.0
A,R04,training,18,326,0,0.0,0.0,0.0,0.0
A,R04,training,18,327,0,0.0,0.0,0.0,0.0
A,R04,training,18,328,0,0.0,0.0,0.0,0.0
A,R04,training,18,329,0,0.0,0.0,0.0,0.0
A,R04,training,18,330,0,0.0,0.0,0.0,0.0
A,R04,training,18,331,0,0.0,0.0,0.0,0.0
A,R04,training,18,332,0,0.0,0.0,0.0,0.0
A,R04,training,18,333,0,0.0,0.0,0.0,0.0
A,R04,training,18,334,0,0.0,0.0,0.0,0.0
A,R04,training,18,335,0,0.0,0.0,0.0,0.0
A,R04,training,18,336,0,0.0,0.0,0.0,0.0
A,R04,training,18,337,0,0.0,0.0,0.0,0.0
A,R04,training,18,338,0,0.0,0.0,0.0,0.0
A,R04,training,18,339,0,0.0,0.0,0.0,0.0
A,R04,training,18,340,0,0.0,0.0,0.0,0.0
A,R04,training,18,341,0,0.0,0.0,0.0,0.0
A,R04,training,18,342,0,0.0,0.0,0.0,0.0
A,R04,training,18,343,0,0.0,0.0,0.0,0.0
A,R04,training,18,344,0,0.0,0.0,0.0,0.0
A,R04,training,18,345,0,0.0,0.0,0.0,0.0
A,R04,training,18,346,0,0.0,0.0,0.0,0.0
A,R04,training,18,347,0,0.0,0.0,0.0,0.0
A,R04,training,18,348,0,0.0,0.0,0.0,0.0
A,R04,training,18,349,0,0.0,0.0,0.0,0.0
A,R04,training,18,350,0,0.0,0.0,0.0,0.0
A,R04,training,18,351,0,0.0,0.0,0.0,0.0
A,R04,training,18,352,0,0.0,0.0,0.0,0.0
A,R04,training,18,353,0,0.0,0.0,0.0,0.0
A,R04,training,18,354,0,0.0,0.0,0.0,0.0
A,R04,training,18,355,0,0.0,0.0,0.0,0.0
A,R04,training,18,356,0,0.0,0.0,0.0,0.0
A,R04,training,18,357,0,0.0,0.0,0.0,0.0
A,R04,training,18,358,0,0.0,0.0,0.0,0.0
A,R04,training,18,359,0,0.0,0.0,0.0,0.0
A,R04,training,18,360,0,0.0,0.0,0.0,0.0
A,R04,training,18,361,0,0.0,0.0,0.0,0.0
A,R04,training,18,362,0,0.0,0.0,0.0,0.0
A,R04,training,18,363,0,0.0,0.0,0.0,0.0
A,R04,training,18,364,0,0.0,0.0,0.0,0.0
A,R04,training,18,365,0,0.0,0.0,0.0,0.0
A,R04,training,18,366,0,0.0,0.0,0.0,0.0
A,R04,training,18,367,0,0.0,0.0,0.0,0.0
A,R04,training,18,368,0,0.0,0.0,0.0,0.0
A,R04,training,18,369,0,0.0,0.0,0.0,0.0
A,R04,training,18,370,0,0.0,0.0,0.0,0.0
A,R04,training,18,371,0,0.0,0.0,0.0,0.0
A,R04,training,18,372,0,0.0,0.0,0.0,0.0
A,R04,training,18,373,0,0.0,0.0,0.0,0.0
A,R04,training,18,374,0,0.0,0.0,0.0,0.0
A,R04,training,18,375,0,0.0,0.0,0.0,0.0
A,R04,training,18,376,0,0.0,0.0,0.0,0.0
A,R04,training,18,377,0,0.0,0.0,0.0,0.0
A,R04,training,18,378,0,0.0,0.0,0.0,0.0
A,R04,training,18,379,0,0.0,0.0,0.0,0.0
A,R04,training,18,380,0,0.0,0.0,0.0,0.0
A,R04,training,18,381,0,0.0,0.0,0.0,0.0
A,R04,training,18,382,0,0.0,0.0,0.0,0.0
A,R04,training,18,383,0,0.0,0.0,0.0,0.0
A,R04,training,18,384,0,0.0,0.0,0.0,0.0
A,R04,training,18,385,0,0.0,0.0,0.0,0.0
A,R04,training,18,386,0,0.0,0.0,0.0,0.0
A,R04,training,18,387,0,0.0,0.0,0.0,0.0
A,R04,training,18,388,0,0.0,0.0,0.0,0.0
A,R04,training,18,389,0,0.0,0.0,0.0,0.0
A,R04,training,18,390,0,0.0,0.0,0.0,0.0
A,R04,training,18,391,0,0.0,0.0,0.0,0.0
A,R04,training,18,392,0,0.0,0.0,0.0,0.0
A,R04,training,18,393,0,0.0,0.0,0.0,0.0
A,R04,training,18,394,0,0.0,0.0,0.0,0.0
A,R04,training,18,395,0,0.0,0.0,0.0,0.0
A,R04,training,18,396,0,0.0,0.0,0.0,0.0
A,R04,training,18,397,0,0.0,0.0,0.0,0.0
A,R04,training,18,398,0,0.0,0.0,0.0,0.0
A,R04,training,18,399,0,0.0,0.0,0.0,0.0
A,R04,training,18,400,0,0.0,0.0,0.0,0.0
A,R04,training,18,401,0,0.0,0.0,0.0,0.0
A,R04,training,18,402,0,0.0,0.0,0.0,0.0
A,R04,training,18,403,0,0.0,0.0,0.0,0.0
A,R04,training,18,404,0,0.0,0.0,0.0,0.0
A,R04,training,18,405,0,0.0,0.0,0.0,0.0
A,R04,training,18,406,0,0.0,0.0,0.0,0.0
A,R04,training,18,407,0,0.0,0.0,0.0,0.0
A,R04,training,18,408,0,0.0,0.0,0.0,0.0
A,R04,training,18,409,0,0.0,0.0,0.0,0.0
A,R04,training,18,410,0,0.0,0.0,0.0,0.0
A,R04,training,18,411,0,0.0,0.0,0.0,0.0
B,R04,training,18,0,0,0.0,0.0,0.0,0.0
B,R04,training,18,1,0,0.0,0.0,0.0,0.0
B,R04,training,18,2,0,0.0,0.0,0.0,0.0
B,R04,training,18,3,0,0.0,0.0,0.0,0.0
B,R04,training,18,4,0,0.0,0.0,0.0,0.0
B,R04,training,18,5,0,0.0,0.0,0.0,0.0
B,R04,training,18,6,0,0.0,0.0,0.0,0.0
B,R04,training,18,7,0,0.0,0.0,0.0,0.0
B,R04,training,18,8,0,0.0,0.0,0.0,0.0
B,R04,training,18,9,0,0.0,0.0,0.0,0.0
B,R04,training,18,10,0,0.0,0.0,0.0,0.0
B,R04,training,18,11,0,0.0,0.0,0.0,0.0
B,R04,training,18,12,0,0.0,0.0,0.0,0.0
B,R04,training,18,13,0,0.0,0.0,0.0,0.0
B,R04,training,18,14,0,0.0,0.0,0.0,0.0
B,R04,training,18,15,0,0.0,0.0,0.0,0.0
B,R04,training,18,16,0,0.0,0.0,0.0,0.0
B,R04,training,18,17,0,0.0,0.0,0.0,0.0
B,R04,training,18,18,0,0.0,0.0,0.0,0.0
B,R04,training,18,19,0,0.0,0.0,0.0,0.0
B,R04,training,18,20,0,0.0,0.0,0.0,0.0
B,R04,training,18,21,0,0.0,0.0,0.0,0.0
B,R04,training,18,22,0,0.0,0.0,0.0,0.0
B,R04,training,18,23,0,0.0,0.0,0.0,0.0
B,R04,training,18,24,0,0.0,0.0,0.0,0.0
B,R04,training,18,25,0,0.0,0.0,0.0,0.0
B,R04,training,18,26,0,0.0,0.0,0.0,0.0
B,R04,training,18,27,0,0.0,0.0,0.0,0.0
B,R04,training,18,28,0,0.0,0.0,0.0,0.0
B,R04,training,18,29,0,0.0,0.0,0.0,0.0
B,R04,training,18,30,0,0.0,0.0,0.0,0.0
B,R04,training,18,31,0,0.0,0.0,0.0,0.0
B,R04,training,18,32,0,0.0,0.0,0.0,0.0
B,R04,training,18,33,0,0.0,0.0,0.0,0.0
B,R04,training,18,34,0,0.0,0.0,0.0,0.0
B,R04,training,18,35,0,0.0,0.0,0.0,0.0
B,R04,training,18,36,0,0.0,0.0,0.0,0.0
B,R04,training,18,37,0,0.0,0.0,0.0,0.0
B,R04,training,18,38,0,0.0,0.0,0.0,0.0
B,R04,training,18,39,0,0.0,0.0,0.0,0.0
B,R04,training,18,40,0,0.0,0.0,0.0,0.0
B,R04,training,18,41,0,0.0,0.0,0.0,0.0
B,R04,training,18,42,0,0.0,0.0,0.0,0.0
B,R04,training,18,43,0,0.0,0.0,0.0,0.0
B,R04,training,18,44,0,0.0,0.0,0.0,0.0
B,R04,training,18,45,0,0.0,0.0,0.0,0.0
B,R04,training,18,46,0,0.0,0.0,0.0,0.0
B,R04,training,18,47,0,0.0,0.0,0.0,0.0
B,R04,training,18,48,0,0.0,0.0,0.0,0.0
B,R04,training,18,49,0,0.0,0.0,0.0,0.0
B,R04,training,18,50,0,0.0,0.0,0.0,0.0
B,R04,training,18,51,0,0.0,0.0,0.0,0.0
B,R04,training,18,52,0,0.0,0.0,0.0,0.0
B,R04,training,18,53,0,0.0,0.0,0.0,0.0
B,R04,training,18,54,0,0.0,0.0,0.0,0.0
B,R04,training,18,55,0,0.0,0.0,0.0,0.0
B,R04,training,18,56,0,0.0,0.0,0.0,0.0
B,R04,training,18,57,0,0.0,0.0,0.0,0.0
B,R04,training,18,58,0,0.0,0.0,0.0,0.0
B,R04,training,18,59,0,0.0,0.0,0.0,0.0
B,R04,training,18,60,0,0.0,0.0,0.0,0.0
B,R04,training,18,61,0,0.0,0.0,0.0,0.0
B,R04,training,18,62,0,0.0,0.0,0.0,0.0
B,R04,training,18,63,0,0.0,0.0,0.0,0.0
B,R04,training,18,64,0,0.0,0.0,0.0,0.0
B,R04,training,18,65,0,0.0,0.0,0.0,0.0
B,R04,training,18,66,0,0.0,0.0,0.0,0.0
B,R04,training,18,67,0,0.0,0.0,0.0,0.0
B,R04,training,18,68,0,0.0,0.0,0.0,0.0
B,R04,training,18,69,0,0.0,0.0,0.0,0.0
B,R04,training,18,70,0,0.0,0.0,0.0,0.0
B,R04,training,18,71,0,0.0,0.0,0.0,0.0
B,R04,training,18,72,0,0.0,0.0,0.0,0.0
B,R04,training,18,73,0,0.0,0.0,0.0,0.0
B,R04,training,18,74,0,0.0,0.0,0.0,0.0
B,R04,training,18,75,0,0.0,0.0,0.0,0.0
B,R04,training,18,76,0,0.0,0.0,0.0,0.0
B,R04,training,18,77,0,0.0,0.0,0.0,0.0
B,R04,training,18,78,0,0.0,0.0,0.0,0.0
B,R04,training,18,79,0,0.0,0.0,0.0,0.0
B,R04,training,18,80,0,0.0,0.0,0.0,0.0
B,R04,training,18,81,0,0.0,0.0,0.0,0.0
B,R04,training,18,82,0,0.0,0.0,0.0,0.0
B,R04,training,18,83,0,0.0,0.0,0.0,0.0
B,R04,training,18,84,0,0.0,0.0,0.0,0.0
B,R04,training,18,85,0,0.0,0.0,0.0,0.0
B,R04,training,18,86,0,0.0,0.0,0.0,0.0
B,R04,training,18,87,0,0.0,0.0,0.0,0.0
B,R04,training,18,88,0,0.0,0.0,0.0,0.0
B,R04,training,18,89,0,0.0,0.0,0.0,0.0
B,R04,training,18,90,0,0.0,0.0,0.0,0.0
B,R04,training,18,91,0,0.0,0.0,0.0,0.0
B,R04,training,18,92,0,0.0,0.0,0.0,0.0
B,R04,training,18,93,0,0.0,0.0,0.0,0.0
B,R04,training,18,94,0,0.0,0.0,0.0,0.0
B,R04,training,18,95,0,0.0,0.0,0.0,0.0
B,R04,training,18,96,0,0.0,0.0,0.0,0.0
B,R04,training,18,97,0,0.0,0.0,0.0,0.0
B,R04,training,18,98,0,0.0,0.0,0.0,0.0
B,R04,training,18,99,0,0.0,0.0,0.0,0.0
B,R04,training,18,100,0,0.0,0.0,0.0,0.0
B,R04,training,18,101,0,0.0,0.0,0.0,0.0
B,R04,training,18,102,0,0.0,0.0,0.0,0.0
B,R04,training,18,103,0,0.0,0.0,0.0,0.0
B,R04,training,18,104,0,0.0,0.0,0.0,0.0
B,R04,training,18,105,0,0.0,0.0,0.0,0.0
B,R04,training,18,106,0,0.0,0.0,0.0,0.0
B,R04,training,18,107,0,0.0,0.0,0.0,0.0
B,R04,training,18,108,0,0.0,0.0,0.0,0.0
B,R04,training,18,109,0,0.0,0.0,0.0,0.0
B,R04,training,18,110,0,0.0,0.0,0.0,0.0
B,R04,training,18,111,0,0.0,0.0,0.0,0.0
B,R04,training,18,112,0,0.0,0.0,0.0,0.0
B,R04,training,18,113,0,0.0,0.0,0.0,0.0
B,R04,training,18,114,0,0.0,0.0,0.0,0.0
B,R04,training,18,115,0,0.0,0.0,0.0,0.0
B,R04,training,18,116,0,0.0,0.0,0.0,0.0
B,R04,training,18,117,0,0.0,0.0,0.0,0.0
B,R04,training,18,118,0,0.0,0.0,0.0,0.0
B,R04,training,18,119,0,0.0,0.0,0.0,0.0
B,R04,training,18,120,0,0.0,0.0,0.0,0.0
B,R04,training,18,121,0,0.0,0.0,0.0,0.0
B,R04,training,18,122,0,0.0,0.0,0.0,0.0
B,R04,training,18,123,0,0.0,0.0,0.0,0.0
B,R04,training,18,124,0,0.0,0.0,0.0,0.0
B,R04,training,18,125,0,0.0,0.0,0.0,0.0
B,R04,training,18,126,0,0.0,0.0,0.0,0.0
B,R04,training,18,127,0,0.0,0.0,0.0,0.0
B,R04,training,18,128,0,0.0,0.0,0.0,0.0
B,R04,training,18,129,0,0.0,0.0,0.0,0.0
B,R04,training,18,130,0,0.0,0.0,0.0,0.0
B,R04,training,18,131,0,0.0,0.0,0.0,0.0
B,R04,training,18,132,0,0.0,0.0,0.0,0.0
B,R04,training,18,133,0,0.0,0.0,0.0,0.0
B,R04,training,18,134,0,0.0,0.0,0.0,0.0
B,R04,training,18,135,0,0.0,0.0,0.0,0.0
B,R04,training,18,136,0,0.0,0.0,0.0,0.0
B,R04,training,18,137,0,0.0,0.0,0.0,0.0
B,R04,training,18,138,0,0.0,0.0,0.0,0.0
B,R04,training,18,139,0,0.0,0.0,0.0,0.0
B,R04,training,18,140,0,0.0,0.0,0.0,0.0
B,R04,training,18,141,0,0.0,0.0,0.0,0.0
B,R04,training,18,142,0,0.0,0.0,0.0,0.0
B,R04,training,18,143,0,0.0,0.0,0.0,0.0
B,R04,training,18,144,0,0.0,0.0,0.0,0.0
B,R04,training,18,145,0,0.0,0.0,0.0,0.0
B,R04,training,18,146,0,0.0,0.0,0.0,0.0
B,R04,training,18,147,0,0.0,0.0,0.0,0.0
B,R04,training,18,148,0,0.0,0.0,0.0,0.0
B,R04,training,18,149,0,0.0,0.0,0.0,0.0
B,R04,training,18,150,0,0.0,0.0,0.0,0.0
B,R04,training,18,151,0,0.0,0.0,0.0,0.0
B,R04,training,18,152,0,0.0,0.0,0.0,0.0
B,R04,training,18,153,0,0.0,0.0,0.0,0.0
B,R04,training,18,154,0,0.0,0.0,0.0,0.0
B,R04,training,18,155,0,0.0,0.0,0.0,0.0
B,R04,training,18,156,0,0.0,0.0,0.0,0.0
B,R04,training,18,157,0,0.0,0.0,0.0,0.0
B,R04,training,18,158,0,0.0,0.0,0.0,0.0
B,R04,training,18,159,0,0.0,0.0,0.0,0.0
B,R04,training,18,160,0,0.0,0.0,0.0,0.0
B,R04,training,18,161,0,0.0,0.0,0.0,0.0
B,R04,training,18,162,0,0.0,0.0,0.0,0.0
B,R04,training,18,163,0,0.0,0.0,0.0,0.0
B,R04,training,18,164,0,0.0,0.0,0.0,0.0
B,R04,training,18,165,0,0.0,0.0,0.0,0.0
B,R04,training,18,166,0,0.0,0.0,0.0,0.0
B,R04,training,18,167,0,0.0,0.0,0.0,0.0
B,R04,training,18,168,0,0.0,0.0,0.0,0.0
B,R04,training,18,169,0,0.0,0.0,0.0,0.0
B,R04,training,18,170,0,0.0,0.0,0.0,0.0
B,R04,training,18,171,0,0.0,0.0,0.0,0.0
B,R04,training,18,172,0,0.0,0.0,0.0,0.0
B,R04,training,18,173,0,0.0,0.0,0.0,0.0
B,R04,training,18,174,0,0.0,0.0,0.0,0.0
B,R04,training,18,175,0,0.0,0.0,0.0,0.0
B,R04,training,18,176,0,0.0,0.0,0.0,0.0
B,R04,training,18,177,0,0.0,0.0,0.0,0.0
B,R04,training,18,178,0,0.0,0.0,0.0,0.0
B,R04,training,18,179,0,0.0,0.0,0.0,0.0
B,R04,training,18,180,0,0.0,0.0,0.0,0.0
B,R04,training,18,181,0,0.0,0.0,0.0,0.0
B,R04,training,18,182,0,0.0,0.0,0.0,0.0
B,R04,training,18,183,0,0.0,0.0,0.0,0.0
B,R04,training,18,184,0,0.0,0.0,0.0,0.0
B,R04,training,18,185,0,0.0,0.0,0.0,0.0
B,R04,training,18,186,0,0.0,0.0,0.0,0.0
B,R04,training,18,187,0,0.0,0.0,0.0,0.0
B,R04,training,18,188,0,0.0,0.0,0.0,0.0
B,R04,training,18,189,0,0.0,0.0,0.0,0.0
B,R04,training,18,190,0,0.0,0.0,0.0,0.0
B,R04,training,18,191,0,0.0,0.0,0.0,0.0
B,R04,training,18,192,0,0.0,0.0,0.0,0.0
B,R04,training,18,193,0,0.0,0.0,0.0,0.0
B,R04,training,18,194,0,0.0,0.0,0.0,0.0
B,R04,training,18,195,0,0.0,0.0,0.0,0.0
B,R04,training,18,196,0,0.0,0.0,0.0,0.0
B,R04,training,18,197,0,0.0,0.0,0.0,0.0
B,R04,training,18,198,0,0.0,0.0,0.0,0.0
B,R04,training,18,199,0,0.0,0.0,0.0,0.0
B,R04,training,18,200,0,0.0,0.0,0.0,0.0
B,R04,training,18,201,0,0.0,0.0,0.0,0.0
B,R04,training,18,202,0,0.0,0.0,0.0,0.0
B,R04,training,18,203,0,0.0,0.0,0.0,0.0
B,R04,training,18,204,0,0.0,0.0,0.0,0.0
B,R04,training,18,205,0,0.0,0.0,0.0,0.0
B,R04,training,18,206,0,0.0,0.0,0.0,0.0
B,R04,training,18,207,0,0.0,0.0,0.0,0.0
B,R04,training,18,208,0,0.0,0.0,0.0,0.0
B,R04,training,18,209,0,0.0,0.0,0.0,0.0
B,R04,training,18,210,0,0.0,0.0,0.0,0.0
B,R04,training,18,211,0,0.0,0.0,0.0,0.0
B,R04,training,18,212,0,0.0,0.0,0.0,0.0
B,R04,training,18,213,0,0.0,0.0,0.0,0.0
B,R04,training,18,214,0,0.0,0.0,0.0,0.0
B,R04,training,18,215,0,0.0,0.0,0.0,0.0
B,R04,training,18,216,0,0.0,0.0,0.0,0.0
B,R04,training,18,217,0,0.0,0.0,0.0,0.0
B,R04,training,18,218,0,0.0,0.0,0.0,0.0
B,R04,training,18,219,0,0.0,0.0,0.0,0.0
B,R04,training,18,220,0,0.0,0.0,0.0,0.0
B,R04,training,18,221,0,0.0,0.0,0.0,0.0
B,R04,training,18,222,0,0.0,0.0,0.0,0.0
B,R04,training,18,223,0,0.0,0.0,0.0,0.0
B,R04,training,18,224,0,0.0,0.0,0.0,0.0
B,R04,training,18,225,0,0.0,0.0,0.0,0.0
B,R04,training,18,226,0,0.0,0.0,0.0,0.0
B,R04,training,18,227,0,0.0,0.0,0.0,0.0
B,R04,training,18,228,0,0.0,0.0,0.0,0.0
B,R04,training,18,229,0,0.0,0.0,0.0,0.0
B,R04,training,18,230,0,0.0,0.0,0.0,0.0
B,R04,training,18,231,0,0.0,0.0,0.0,0.0
B,R04,training,18,232,0,0.0,0.0,0.0,0.0
B,R04,training,18,233,0,0.0,0.0,0.0,0.0
B,R04,training,18,234,0,0.0,0.0,0.0,0.0
B,R04,training,18,235,0,0.0,0.0,0.0,0.0
B,R04,training,18,236,0,0.0,0.0,0.0,0.0
B,R04,training,18,237,0,0.0,0.0,0.0,0.0
B,R04,training,18,238,0,0.0,0.0,0.0,0.0
B,R04,training,18,239,0,0.0,0.0,0.0,0.0
B,R04,training,18,240,0,0.0,0.0,0.0,0.0
B,R04,training,18,241,0,0.0,0.0,0.0,0.0
B,R04,training,18,242,0,0.0,0.0,0.0,0.0
B,R04,training,18,243,0,0.0,0.0,0.0,0.0
B,R04,training,18,244,0,0.0,0.0,0.0,0.0
B,R04,training,18,245,0,0.0,0.0,0.0,0.0
B,R04,training,18,246,0,0.0,0.0,0.0,0.0
B,R04,training,18,247,0,0.0,0.0,0.0,0.0
B,R04,training,18,248,0,0.0,0.0,0.0,0.0
B,R04,training,18,249,0,0.0,0.0,0.0,0.0
B,R04,training,18,250,0,0.0,0.0,0.0,0.0
B,R04,training,18,251,0,0.0,0.0,0.0,0.0
B,R04,training,18,252,0,0.0,0.0,0.0,0.0
B,R04,training,18,253,0,0.0,0.0,0.0,0.0
B,R04,training,18,254,0,0.0,0.0,0.0,0.0
B,R04,training,18,255,0,0.0,0.0,0.0,0.0
B,R04,training,18,256,0,0.0,0.0,0.0,0.0
B,R04,training,18,257,0,0.0,0.0,0.0,0.0
B,R04,training,18,258,0,0.0,0.0,0.0,0.0
B,R04,training,18,259,0,0.0,0.0,0.0,0.0
B,R04,training,18,260,0,0.0,0.0,0.0,0.0
B,R04,training,18,261,0,0.0,0.0,0.0,0.0
B,R04,training,18,262,0,0.0,0.0,0.0,0.0
B,R04,training,18,263,0,0.0,0.0,0.0,0.0
B,R04,training,18,264,0,0.0,0.0,0.0,0.0
B,R04,training,18,265,0,0.0,0.0,0.0,0.0
B,R04,training,18,266,0,0.0,0.0,0.0,0.0
B,R04,training,18,267,0,0.0,0.0,0.0,0.0
B,R04,training,18,268,0,0.0,0.0,0.0,0.0
B,R04,training,18,269,0,0.0,0.0,0.0,0.0
B,R04,training,18,270,0,0.0,0.0,0.0,0.0
B,R04,training,18,271,0,0.0,0.0,0.0,0.0
B,R04,training,18,272,0,0.0,0.0,0.0,0.0
B,R04,training,18,273,0,0.0,0.0,0.0,0.0
B,R04,training,18,274,0,0.0,0.0,0.0,0.0
B,R04,training,18,275,0,0.0,0.0,0.0,0.0
B,R04,training,18,276,0,0.0,0.0,0.0,0.0
B,R04,training,18,277,0,0.0,0.0,0.0,0.0
B,R04,training,18,278,0,0.0,0.0,0.0,0.0
B,R04,training,18,279,0,0.0,0.0,0.0,0.0
B,R04,training,18,280,0,0.0,0.0,0.0,0.0
B,R04,training,18,281,0,0.0,0.0,0.0,0.0
B,R04,training,18,282,0,0.0,0.0,0.0,0.0
B,R04,training,18,283,0,0.0,0.0,0.0,0.0
B,R04,training,18,284,0,0.0,0.0,0.0,0.0
B,R04,training,18,285,0,0.0,0.0,0.0,0.0
B,R04,training,18,286,0,0.0,0.0,0.0,0.0
B,R04,training,18,287,0,0.0,0.0,0.0,0.0
B,R04,training,18,288,0,0.0,0.0,0.0,0.0
B,R04,training,18,289,0,0.0,0.0,0.0,0.0
B,R04,training,18,290,0,0.0,0.0,0.0,0.0
B,R04,training,18,291,0,0.0,0.0,0.0,0.0
B,R04,training,18,292,0,0.0,0.0,0.0,0.0
B,R04,training,18,293,0,0.0,0.0,0.0,0.0
B,R04,training,18,294,0,0.0,0.0,0.0,0.0
B,R04,training,18,295,0,0.0,0.0,0.0,0.0
B,R04,training,18,296,0,0.0,0.0,0.0,0.0
B,R04,training,18,297,0,0.0,0.0,0.0,0.0
B,R04,training,18,298,0,0.0,0.0,0.0,0.0
B,R04,training,18,299,0,0.0,0.0,0.0,0.0
B,R04,training,18,300,0,0.0,0.0,0.0,0.0
B,R04,training,18,301,0,0.0,0.0,0.0,0.0
B,R04,training,18,302,0,0.0,0.0,0.0,0.0
B,R04,training,18,303,0,0.0,0.0,0.0,0.0
B,R04,training,18,304,0,0.0,0.0,0.0,0.0
B,R04,training,18,305,0,0.0,0.0,0.0,0.0
B,R04,training,18,306,0,0.0,0.0,0.0,0.0
B,R04,training,18,307,0,0.0,0.0,0.0,0.0
B,R04,training,18,308,0,0.0,0.0,0.0,0.0
B,R04,training,18,309,0,0.0,0.0,0.0,0.0
B,R04,training,18,310,0,0.0,0.0,0.0,0.0
B,R04,training,18,311,0,0.0,0.0,0.0,0.0
B,R04,training,18,312,0,0.0,0.0,0.0,0.0
B,R04,training,18,313,0,0.0,0.0,0.0,0.0
B,R04,training,18,314,0,0.0,0.0,0.0,0.0
B,R04,training,18,315,0,0.0,0.0,0.0,0.0
B,R04,training,18,316,0,0.0,0.0,0.0,0.0
B,R04,training,18,317,0,0.0,0.0,0.0,0.0
B,R04,training,18,318,0,0.0,0.0,0.0,0.0
B,R04,training,18,319,0,0.0,0.0,0.0,0.0
B,R04,training,18,320,0,0.0,0.0,0.0,0.0
B,R04,training,18,321,0,0.0,0.0,0.0,0.0
B,R04,training,18,322,0,0.0,0.0,0.0,0.0
B,R04,training,18,323,0,0.0,0.0,0.0,0.0
B,R04,training,18,324,0,0.0,0.0,0.0,0.0
B,R04,training,18,325,0,0.0,0.0,0.0,0.0
B,R04,training,18,326,0,0.0,0.0,0.0,0.0
B,R04,training,18,327,0,0.0,0.0,0.0,0.0
B,R04,training,18,328,0,0.0,0.0,0.0,0.0
B,R04,training,18,329,0,0.0,0.0,0.0,0.0
B,R04,training,18,330,0,0.0,0.0,0.0,0.0
B,R04,training,18,331,0,0.0,0.0,0.0,0.0
B,R04,training,18,332,0,0.0,0.0,0.0,0.0
B,R04,training,18,333,0,0.0,0.0,0.0,0.0
B,R04,training,18,334,0,0.0,0.0,0.0,0.0
B,R04,training,18,335,0,0.0,0.0,0.0,0.0
B,R04,training,18,336,0,0.0,0.0,0.0,0.0
B,R04,training,18,337,0,0.0,0.0,0.0,0.0
B,R04,training,18,338,0,0.0,0.0,0.0,0.0
B,R04,training,18,339,0,0.0,0.0,0.0,0.0
B,R04,training,18,340,0,0.0,0.0,0.0,0.0
B,R04,training,18,341,0,0.0,0.0,0.0,0.0
B,R04,training,18,342,0,0.0,0.0,0.0,0.0
B,R04,training,18,343,0,0.0,0.0,0.0,0.0
B,R04,training,18,344,0,0.0,0.0,0.0,0.0
B,R04,training,18,345,0,0.0,0.0,0.0,0.0
B,R04,training,18,346,0,0.0,0.0,0.0,0.0
B,R04,training,18,347,0,0.0,0.0,0.0,0.0
B,R04,training,18,348,0,0.0,0.0,0.0,0.0
B,R04,training,18,349,0,0.0,0.0,0.0,0.0
B,R04,training,18,350,0,0.0,0.0,0.0,0.0
B,R04,training,18,351,0,0.0,0.0,0.0,0.0
B,R04,training,18,352,0,0.0,0.0,0.0,0.0
B,R04,training,18,353,0,0.0,0.0,0.0,0.0
B,R04,training,18,354,0,0.0,0.0,0.0,0.0
B,R04,training,18,355,0,0.0,0.0,0.0,0.0
B,R04,training,18,356,0,0.0,0.0,0.0,0.0
B,R04,training,18,357,0,0.0,0.0,0.0,0.0
B,R04,training,18,358,0,0.0,0.0,0.0,0.0
B,R04,training,18,359,0,0.0,0.0,0.0,0.0
B,R04,training,18,360,0,0.0,0.0,0.0,0.0
B,R04,training,18,361,0,0.0,0.0,0.0,0.0
B,R04,training,18,362,0,0.0,0.0,0.0,0.0
B,R04,training,18,363,0,0.0,0.0,0.0,0.0
B,R04,training,18,364,0,0.0,0.0,0.0,0.0
B,R04,training,18,365,0,0.0,0.0,0.0,0.0
B,R04,training,18,366,0,0.0,0.0,0.0,0.0
B,R04,training,18,367,0,0.0,0.0,0.0,0.0
B,R04,training,18,368,0,0.0,0.0,0.0,0.0
B,R04,training,18,369,0,0.0,0.0,0.0,0.0
B,R04,training,18,370,0,0.0,0.0,0.0,0.0
B,R04,training,18,371,0,0.0,0.0,0.0,0.0
B,R04,training,18,372,0,0.0,0.0,0.0,0.0
B,R04,training,18,373,0,0.0,0.0,0.0,0.0
B,R04,training,18,374,0,0.0,0.0,0.0,0.0
B,R04,training,18,375,0,0.0,0.0,0.0,0.0
B,R04,training,18,376,0,0.0,0.0,0.0,0.0
B,R04,training,18,377,0,0.0,0.0,0.0,0.0
B,R04,training,18,378,0,0.0,0.0,0.0,0.0
B,R04,training,18,379,0,0.0,0.0,0.0,0.0
B,R04,training,18,380,0,0.0,0.0,0.0,0.0
B,R04,training,18,381,0,0.0,0.0,0.0,0.0
B,R04,training,18,382,0,0.0,0.0,0.0,0.0
B,R04,training,18,383,0,0.0,0.0,0.0,0.0
B,R04,training,18,384,0,0.0,0.0,0.0,0.0
B,R04,training,18,385,0,0.0,0.0,0.0,0.0
B,R04,training,18,386,0,0.0,0.0,0.0,0.0
B,R04,training,18,387,0,0.0,0.0,0.0,0.0
B,R04,training,18,388,0,0.0,0.0,0.0,0.0
B,R04,training,18,389,0,0.0,0.0,0.0,0.0
B,R04,training,18,390,0,0.0,0.0,0.0,0.0
B,R04,training,18,391,0,0.0,0.0,0.0,0.0
B,R04,training,18,392,0,0.0,0.0,0.0,0.0
B,R04,training,18,393,0,0.0,0.0,0.0,0.0
B,R04,training,18,394,0,0.0,0.0,0.0,0.0
B,R04,training,18,395,0,0.0,0.0,0.0,0.0
B,R04,training,18,396,0,0.0,0.0,0.0,0.0
B,R04,training,18,397,0,0.0,0.0,0.0,0.0
B,R04,training,18,398,0,0.0,0.0,0.0,0.0
B,R04,training,18,399,0,0.0,0.0,0.0,0.0
B,R04,training,18,400,0,0.0,0.0,0.0,0.0
B,R04,training,18,401,0,0.0,0.0,0.0,0.0
B,R04,training,18,402,0,0.0,0.0,0.0,0.0
B,R04,training,18,403,0,0.0,0.0,0.0,0.0
B,R04,training,18,404,0,0.0,0.0,0.0,0.0
B,R04,training,18,405,0,0.0,0.0,0.0,0.0
B,R04,training,18,406,0,0.0,0.0,0.0,0.0
B,R04,training,18,407,0,0.0,0.0,0.0,0.0
B,R04,training,18,408,0,0.0,0.0,0.0,0.0
B,R04,training,18,409,0,0.0,0.0,0.0,0.0
B,R04,training,18,410,0,0.0,0.0,0.0,0.0
B,R04,training,18,411,0,0.0,0.0,0.0,0.0
C,R04,training,18,0,0,0.0,0.0,0.0,0.0
C,R04,training,18,1,0,0.0,0.0,0.0,0.0
C,R04,training,18,2,0,0.0,0.0,0.0,0.0
C,R04,training,18,3,0,0.0,0.0,0.0,0.0
C,R04,training,18,4,0,0.0,0.0,0.0,0.0
C,R04,training,18,5,0,0.0,0.0,0.0,0.0
C,R04,training,18,6,0,0.0,0.0,0.0,0.0
C,R04,training,18,7,0,0.0,0.0,0.0,0.0
C,R04,training,18,8,0,0.0,0.0,0.0,0.0
C,R04,training,18,9,0,0.0,0.0,0.0,0.0
C,R04,training,18,10,0,0.0,0.0,0.0,0.0
C,R04,training,18,11,0,0.0,0.0,0.0,0.0
C,R04,training,18,12,0,0.0,0.0,0.0,0.0
C,R04,training,18,13,0,0.0,0.0,0.0,0.0
C,R04,training,18,14,0,0.0,0.0,0.0,0.0
C,R04,training,18,15,0,0.0,0.0,0.0,0.0
C,R04,training,18,16,0,0.0,0.0,0.0,0.0
C,R04,training,18,17,0,0.0,0.0,0.0,0.0
C,R04,training,18,18,0,0.0,0.0,0.0,0.0
C,R04,training,18,19,0,0.0,0.0,0.0,0.0
C,R04,training,18,20,0,0.0,0.0,0.0,0.0
C,R04,training,18,21,0,0.0,0.0,0.0,0.0
C,R04,training,18,22,0,0.0,0.0,0.0,0.0
C,R04,training,18,23,0,0.0,0.0,0.0,0.0
C,R04,training,18,24,0,0.0,0.0,0.0,0.0
C,R04,training,18,25,0,0.0,0.0,0.0,0.0
C,R04,training,18,26,0,0.0,0.0,0.0,0.0
C,R04,training,18,27,0,0.0,0.0,0.0,0.0
C,R04,training,18,28,0,0.0,0.0,0.0,0.0
C,R04,training,18,29,0,0.0,0.0,0.0,0.0
C,R04,training,18,30,0,0.0,0.0,0.0,0.0
C,R04,training,18,31,0,0.0,0.0,0.0,0.0
C,R04,training,18,32,0,0.0,0.0,0.0,0.0
C,R04,training,18,33,0,0.0,0.0,0.0,0.0
C,R04,training,18,34,0,0.0,0.0,0.0,0.0
C,R04,training,18,35,0,0.0,0.0,0.0,0.0
C,R04,training,18,36,0,0.0,0.0,0.0,0.0
C,R04,training,18,37,0,0.0,0.0,0.0,0.0
C,R04,training,18,38,0,0.0,0.0,0.0,0.0
C,R04,training,18,39,0,0.0,0.0,0.0,0.0
C,R04,training,18,40,0,0.0,0.0,0.0,0.0
C,R04,training,18,41,0,0.0,0.0,0.0,0.0
C,R04,training,18,42,0,0.0,0.0,0.0,0.0
C,R04,training,18,43,0,0.0,0.0,0.0,0.0
C,R04,training,18,44,0,0.0,0.0,0.0,0.0
C,R04,training,18,45,0,0.0,0.0,0.0,0.0
C,R04,training,18,46,0,0.0,0.0,0.0,0.0
C,R04,training,18,47,0,0.0,0.0,0.0,0.0
C,R04,training,18,48,0,0.0,0.0,0.0,0.0
C,R04,training,18,49,0,0.0,0.0,0.0,0.0
C,R04,training,18,50,0,0.0,0.0,0.0,0.0
C,R04,training,18,51,0,0.0,0.0,0.0,0.0
C,R04,training,18,52,0,0.0,0.0,0.0,0.0
C,R04,training,18,53,0,0.0,0.0,0.0,0.0
C,R04,training,18,54,0,0.0,0.0,0.0,0.0
C,R04,training,18,55,0,0.0,0.0,0.0,0.0
C,R04,training,18,56,0,0.0,0.0,0.0,0.0
C,R04,training,18,57,0,0.0,0.0,0.0,0.0
C,R04,training,18,58,0,0.0,0.0,0.0,0.0
C,R04,training,18,59,0,0.0,0.0,0.0,0.0
C,R04,training,18,60,0,0.0,0.0,0.0,0.0
C,R04,training,18,61,0,0.0,0.0,0.0,0.0
C,R04,training,18,62,0,0.0,0.0,0.0,0.0
C,R04,training,18,63,0,0.0,0.0,0.0,0.0
C,R04,training,18,64,0,0.0,0.0,0.0,0.0
C,R04,training,18,65,0,0.0,0.0,0.0,0.0
C,R04,training,18,66,0,0.0,0.0,0.0,0.0
C,R04,training,18,67,0,0.0,0.0,0.0,0.0
C,R04,training,18,68,0,0.0,0.0,0.0,0.0
C,R04,training,18,69,0,0.0,0.0,0.0,0.0
C,R04,training,18,70,0,0.0,0.0,0.0,0.0
C,R04,training,18,71,0,0.0,0.0,0.0,0.0
C,R04,training,18,72,0,0.0,0.0,0.0,0.0
C,R04,training,18,73,0,0.0,0.0,0.0,0.0
C,R04,training,18,74,0,0.0,0.0,0.0,0.0
C,R04,training,18,75,0,0.0,0.0,0.0,0.0
C,R04,training,18,76,0,0.0,0.0,0.0,0.0
C,R04,training,18,77,0,0.0,0.0,0.0,0.0
C,R04,training,18,78,0,0.0,0.0,0.0,0.0
C,R04,training,18,79,0,0.0,0.0,0.0,0.0
C,R04,training,18,80,0,0.0,0.0,0.0,0.0
C,R04,training,18,81,0,0.0,0.0,0.0,0.0
C,R04,training,18,82,0,0.0,0.0,0.0,0.0
C,R04,training,18,83,0,0.0,0.0,0.0,0.0
C,R04,training,18,84,0,0.0,0.0,0.0,0.0
C,R04,training,18,85,0,0.0,0.0,0.0,0.0
C,R04,training,18,86,0,0.0,0.0,0.0,0.0
C,R04,training,18,87,0,0.0,0.0,0.0,0.0
C,R04,training,18,88,0,0.0,0.0,0.0,0.0
C,R04,training,18,89,0,0.0,0.0,0.0,0.0
C,R04,training,18,90,0,0.0,0.0,0.0,0.0
C,R04,training,18,91,0,0.0,0.0,0.0,0.0
C,R04,training,18,92,0,0.0,0.0,0.0,0.0
C,R04,training,18,93,0,0.0,0.0,0.0,0.0
C,R04,training,18,94,0,0.0,0.0,0.0,0.0
C,R04,training,18,95,0,0.0,0.0,0.0,0.0
C,R04,training,18,96,0,0.0,0.0,0.0,0.0
C,R04,training,18,97,0,0.0,0.0,0.0,0.0
C,R04,training,18,98,0,0.0,0.0,0.0,0.0
C,R04,training,18,99,0,0.0,0.0,0.0,0.0
C,R04,training,18,100,0,0.0,0.0,0.0,0.0
C,R04,training,18,101,0,0.0,0.0,0.0,0.0
C,R04,training,18,102,0,0.0,0.0,0.0,0.0
C,R04,training,18,103,0,0.0,0.0,0.0,0.0
C,R04,training,18,104,0,0.0,0.0,0.0,0.0
C,R04,training,18,105,0,0.0,0.0,0.0,0.0
C,R04,training,18,106,0,0.0,0.0,0.0,0.0
C,R04,training,18,107,0,0.0,0.0,0.0,0.0
C,R04,training,18,108,0,0.0,0.0,0.0,0.0
C,R04,training,18,109,0,0.0,0.0,0.0,0.0
C,R04,training,18,110,0,0.0,0.0,0.0,0.0
C,R04,training,18,111,0,0.0,0.0,0.0,0.0
C,R04,training,18,112,0,0.0,0.0,0.0,0.0
C,R04,training,18,113,0,0.0,0.0,0.0,0.0
C,R04,training,18,114,0,0.0,0.0,0.0,0.0
C,R04,training,18,115,0,0.0,0.0,0.0,0.0
C,R04,training,18,116,0,0.0,0.0,0.0,0.0
C,R04,training,18,117,0,0.0,0.0,0.0,0.0
C,R04,training,18,118,0,0.0,0.0,0.0,0.0
C,R04,training,18,119,0,0.0,0.0,0.0,0.0
C,R04,training,18,120,0,0.0,0.0,0.0,0.0
C,R04,training,18,121,0,0.0,0.0,0.0,0.0
C,R04,training,18,122,0,0.0,0.0,0.0,0.0
C,R04,training,18,123,0,0.0,0.0,0.0,0.0
C,R04,training,18,124,0,0.0,0.0,0.0,0.0
C,R04,training,18,125,0,0.0,0.0,0.0,0.0
C,R04,training,18,126,0,0.0,0.0,0.0,0.0
C,R04,training,18,127,0,0.0,0.0,0.0,0.0
C,R04,training,18,128,0,0.0,0.0,0.0,0.0
C,R04,training,18,129,0,0.0,0.0,0.0,0.0
C,R04,training,18,130,0,0.0,0.0,0.0,0.0
C,R04,training,18,131,0,0.0,0.0,0.0,0.0
C,R04,training,18,132,0,0.0,0.0,0.0,0.0
C,R04,training,18,133,0,0.0,0.0,0.0,0.0
C,R04,training,18,134,0,0.0,0.0,0.0,0.0
C,R04,training,18,135,0,0.0,0.0,0.0,0.0
C,R04,training,18,136,0,0.0,0.0,0.0,0.0
C,R04,training,18,137,0,0.0,0.0,0.0,0.0
C,R04,training,18,138,0,0.0,0.0,0.0,0.0
C,R04,training,18,139,0,0.0,0.0,0.0,0.0
C,R04,training,18,140,0,0.0,0.0,0.0,0.0
C,R04,training,18,141,0,0.0,0.0,0.0,0.0
C,R04,training,18,142,0,0.0,0.0,0.0,0.0
C,R04,training,18,143,0,0.0,0.0,0.0,0.0
C,R04,training,18,144,0,0.0,0.0,0.0,0.0
C,R04,training,18,145,0,0.0,0.0,0.0,0.0
C,R04,training,18,146,0,0.0,0.0,0.0,0.0
C,R04,training,18,147,0,0.0,0.0,0.0,0.0
C,R04,training,18,148,0,0.0,0.0,0.0,0.0
C,R04,training,18,149,0,0.0,0.0,0.0,0.0
C,R04,training,18,150,0,0.0,0.0,0.0,0.0
C,R04,training,18,151,0,0.0,0.0,0.0,0.0
C,R04,training,18,152,0,0.0,0.0,0.0,0.0
C,R04,training,18,153,0,0.0,0.0,0.0,0.0
C,R04,training,18,154,0,0.0,0.0,0.0,0.0
C,R04,training,18,155,0,0.0,0.0,0.0,0.0
C,R04,training,18,156,0,0.0,0.0,0.0,0.0
C,R04,training,18,157,0,0.0,0.0,0.0,0.0
C,R04,training,18,158,0,0.0,0.0,0.0,0.0
C,R04,training,18,159,0,0.0,0.0,0.0,0.0
C,R04,training,18,160,0,0.0,0.0,0.0,0.0
C,R04,training,18,161,0,0.0,0.0,0.0,0.0
C,R04,training,18,162,0,0.0,0.0,0.0,0.0
C,R04,training,18,163,0,0.0,0.0,0.0,0.0
C,R04,training,18,164,0,0.0,0.0,0.0,0.0
C,R04,training,18,165,0,0.0,0.0,0.0,0.0
C,R04,training,18,166,0,0.0,0.0,0.0,0.0
C,R04,training,18,167,0,0.0,0.0,0.0,0.0
C,R04,training,18,168,0,0.0,0.0,0.0,0.0
C,R04,training,18,169,0,0.0,0.0,0.0,0.0
C,R04,training,18,170,0,0.0,0.0,0.0,0.0
C,R04,training,18,171,0,0.0,0.0,0.0,0.0
C,R04,training,18,172,0,0.0,0.0,0.0,0.0
C,R04,training,18,173,0,0.0,0.0,0.0,0.0
C,R04,training,18,174,0,0.0,0.0,0.0,0.0
C,R04,training,18,175,0,0.0,0.0,0.0,0.0
C,R04,training,18,176,0,0.0,0.0,0.0,0.0
C,R04,training,18,177,0,0.0,0.0,0.0,0.0
C,R04,training,18,178,0,0.0,0.0,0.0,0.0
C,R04,training,18,179,0,0.0,0.0,0.0,0.0
C,R04,training,18,180,0,0.0,0.0,0.0,0.0
C,R04,training,18,181,0,0.0,0.0,0.0,0.0
C,R04,training,18,182,0,0.0,0.0,0.0,0.0
C,R04,training,18,183,0,0.0,0.0,0.0,0.0
C,R04,training,18,184,0,0.0,0.0,0.0,0.0
C,R04,training,18,185,0,0.0,0.0,0.0,0.0
C,R04,training,18,186,0,0.0,0.0,0.0,0.0
C,R04,training,18,187,0,0.0,0.0,0.0,0.0
C,R04,training,18,188,0,0.0,0.0,0.0,0.0
C,R04,training,18,189,0,0.0,0.0,0.0,0.0
C,R04,training,18,190,0,0.0,0.0,0.0,0.0
C,R04,training,18,191,0,0.0,0.0,0.0,0.0
C,R04,training,18,192,0,0.0,0.0,0.0,0.0
C,R04,training,18,193,0,0.0,0.0,0.0,0.0
C,R04,training,18,194,0,0.0,0.0,0.0,0.0
C,R04,training,18,195,0,0.0,0.0,0.0,0.0
C,R04,training,18,196,0,0.0,0.0,0.0,0.0
C,R04,training,18,197,0,0.0,0.0,0.0,0.0
C,R04,training,18,198,0,0.0,0.0,0.0,0.0
C,R04,training,18,199,0,0.0,0.0,0.0,0.0
C,R04,training,18,200,0,0.0,0.0,0.0,0.0
C,R04,training,18,201,0,0.0,0.0,0.0,0.0
C,R04,training,18,202,0,0.0,0.0,0.0,0.0
C,R04,training,18,203,0,0.0,0.0,0.0,0.0
C,R04,training,18,204,0,0.0,0.0,0.0,0.0
C,R04,training,18,205,0,0.0,0.0,0.0,0.0
C,R04,training,18,206,0,0.0,0.0,0.0,0.0
C,R04,training,18,207,0,0.0,0.0,0.0,0.0
C,R04,training,18,208,0,0.0,0.0,0.0,0.0
C,R04,training,18,209,0,0.0,0.0,0.0,0.0
C,R04,training,18,210,0,0.0,0.0,0.0,0.0
C,R04,training,18,211,0,0.0,0.0,0.0,0.0
C,R04,training,18,212,0,0.0,0.0,0.0,0.0
C,R04,training,18,213,0,0.0,0.0,0.0,0.0
C,R04,training,18,214,0,0.0,0.0,0.0,0.0
C,R04,training,18,215,0,0.0,0.0,0.0,0.0
C,R04,training,18,216,0,0.0,0.0,0.0,0.0
C,R04,training,18,217,0,0.0,0.0,0.0,0.0
C,R04,training,18,218,0,0.0,0.0,0.0,0.0
C,R04,training,18,219,0,0.0,0.0,0.0,0.0
C,R04,training,18,220,0,0.0,0.0,0.0,0.0
C,R04,training,18,221,0,0.0,0.0,0.0,0.0
C,R04,training,18,222,0,0.0,0.0,0.0,0.0
C,R04,training,18,223,0,0.0,0.0,0.0,0.0
C,R04,training,18,224,0,0.0,0.0,0.0,0.0
C,R04,training,18,225,0,0.0,0.0,0.0,0.0
C,R04,training,18,226,0,0.0,0.0,0.0,0.0
C,R04,training,18,227,0,0.0,0.0,0.0,0.0
C,R04,training,18,228,0,0.0,0.0,0.0,0.0
C,R04,training,18,229,0,0.0,0.0,0.0,0.0
C,R04,training,18,230,0,0.0,0.0,0.0,0.0
C,R04,training,18,231,0,0.0,0.0,0.0,0.0
C,R04,training,18,232,0,0.0,0.0,0.0,0.0
C,R04,training,18,233,0,0.0,0.0,0.0,0.0
C,R04,training,18,234,0,0.0,0.0,0.0,0.0
C,R04,training,18,235,0,0.0,0.0,0.0,0.0
C,R04,training,18,236,0,0.0,0.0,0.0,0.0
C,R04,training,18,237,0,0.0,0.0,0.0,0.0
C,R04,training,18,238,0,0.0,0.0,0.0,0.0
C,R04,training,18,239,0,0.0,0.0,0.0,0.0
C,R04,training,18,240,0,0.0,0.0,0.0,0.0
C,R04,training,18,241,0,0.0,0.0,0.0,0.0
C,R04,training,18,242,0,0.0,0.0,0.0,0.0
C,R04,training,18,243,0,0.0,0.0,0.0,0.0
C,R04,training,18,244,0,0.0,0.0,0.0,0.0
C,R04,training,18,245,0,0.0,0.0,0.0,0.0
C,R04,training,18,246,0,0.0,0.0,0.0,0.0
C,R04,training,18,247,0,0.0,0.0,0.0,0.0
C,R04,training,18,248,0,0.0,0.0,0.0,0.0
C,R04,training,18,249,0,0.0,0.0,0.0,0.0
C,R04,training,18,250,0,0.0,0.0,0.0,0.0
C,R04,training,18,251,0,0.0,0.0,0.0,0.0
C,R04,training,18,252,0,0.0,0.0,0.0,0.0
C,R04,training,18,253,0,0.0,0.0,0.0,0.0
C,R04,training,18,254,0,0.0,0.0,0.0,0.0
C,R04,training,18,255,0,0.0,0.0,0.0,0.0
C,R04,training,18,256,0,0.0,0.0,0.0,0.0
C,R04,training,18,257,0,0.0,0.0,0.0,0.0
C,R04,training,18,258,0,0.0,0.0,0.0,0.0
C,R04,training,18,259,0,0.0,0.0,0.0,0.0
C,R04,training,18,260,0,0.0,0.0,0.0,0.0
C,R04,training,18,261,0,0.0,0.0,0.0,0.0
C,R04,training,18,262,0,0.0,0.0,0.0,0.0
C,R04,training,18,263,0,0.0,0.0,0.0,0.0
C,R04,training,18,264,0,0.0,0.0,0.0,0.0
C,R04,training,18,265,0,0.0,0.0,0.0,0.0
C,R04,training,18,266,0,0.0,0.0,0.0,0.0
C,R04,training,18,267,0,0.0,0.0,0.0,0.0
C,R04,training,18,268,0,0.0,0.0,0.0,0.0
C,R04,training,18,269,0,0.0,0.0,0.0,0.0
C,R04,training,18,270,0,0.0,0.0,0.0,0.0
C,R04,training,18,271,0,0.0,0.0,0.0,0.0
C,R04,training,18,272,0,0.0,0.0,0.0,0.0
C,R04,training,18,273,0,0.0,0.0,0.0,0.0
C,R04,training,18,274,0,0.0,0.0,0.0,0.0
C,R04,training,18,275,0,0.0,0.0,0.0,0.0
C,R04,training,18,276,0,0.0,0.0,0.0,0.0
C,R04,training,18,277,0,0.0,0.0,0.0,0.0
C,R04,training,18,278,0,0.0,0.0,0.0,0.0
C,R04,training,18,279,0,0.0,0.0,0.0,0.0
C,R04,training,18,280,0,0.0,0.0,0.0,0.0
C,R04,training,18,281,0,0.0,0.0,0.0,0.0
C,R04,training,18,282,0,0.0,0.0,0.0,0.0
C,R04,training,18,283,0,0.0,0.0,0.0,0.0
C,R04,training,18,284,0,0.0,0.0,0.0,0.0
C,R04,training,18,285,0,0.0,0.0,0.0,0.0
C,R04,training,18,286,0,0.0,0.0,0.0,0.0
C,R04,training,18,287,0,0.0,0.0,0.0,0.0
C,R04,training,18,288,0,0.0,0.0,0.0,0.0
C,R04,training,18,289,0,0.0,0.0,0.0,0.0
C,R04,training,18,290,0,0.0,0.0,0.0,0.0
C,R04,training,18,291,0,0.0,0.0,0.0,0.0
C,R04,training,18,292,0,0.0,0.0,0.0,0.0
C,R04,training,18,293,0,0.0,0.0,0.0,0.0
C,R04,training,18,294,0,0.0,0.0,0.0,0.0
C,R04,training,18,295,0,0.0,0.0,0.0,0.0
C,R04,training,18,296,0,0.0,0.0,0.0,0.0
C,R04,training,18,297,0,0.0,0.0,0.0,0.0
C,R04,training,18,298,0,0.0,0.0,0.0,0.0
C,R04,training,18,299,0,0.0,0.0,0.0,0.0
C,R04,training,18,300,0,0.0,0.0,0.0,0.0
C,R04,training,18,301,0,0.0,0.0,0.0,0.0
C,R04,training,18,302,0,0.0,0.0,0.0,0.0
C,R04,training,18,303,0,0.0,0.0,0.0,0.0
C,R04,training,18,304,0,0.0,0.0,0.0,0.0
C,R04,training,18,305,0,0.0,0.0,0.0,0.0
C,R04,training,18,306,0,0.0,0.0,0.0,0.0
C,R04,training,18,307,0,0.0,0.0,0.0,0.0
C,R04,training,18,308,0,0.0,0.0,0.0,0.0
C,R04,training,18,309,0,0.0,0.0,0.0,0.0
C,R04,training,18,310,0,0.0,0.0,0.0,0.0
C,R04,training,18,311,0,0.0,0.0,0.0,0.0
C,R04,training,18,312,0,0.0,0.0,0.0,0.0
C,R04,training,18,313,0,0.0,0.0,0.0,0.0
C,R04,training,18,314,0,0.0,0.0,0.0,0.0
C,R04,training,18,315,0,0.0,0.0,0.0,0.0
C,R04,training,18,316,0,0.0,0.0,0.0,0.0
C,R04,training,18,317,0,0.0,0.0,0.0,0.0
C,R04,training,18,318,0,0.0,0.0,0.0,0.0
C,R04,training,18,319,0,0.0,0.0,0.0,0.0
C,R04,training,18,320,0,0.0,0.0,0.0,0.0
C,R04,training,18,321,0,0.0,0.0,0.0,0.0
C,R04,training,18,322,0,0.0,0.0,0.0,0.0
C,R04,training,18,323,0,0.0,0.0,0.0,0.0
C,R04,training,18,324,0,0.0,0.0,0.0,0.0
C,R04,training,18,325,0,0.0,0.0,0.0,0.0
C,R04,training,18,326,0,0.0,0.0,0.0,0.0
C,R04,training,18,327,0,0.0,0.0,0.0,0.0
C,R04,training,18,328,0,0.0,0.0,0.0,0.0
C,R04,training,18,329,0,0.0,0.0,0.0,0.0
C,R04,training,18,330,0,0.0,0.0,0.0,0.0
C,R04,training,18,331,0,0.0,0.0,0.0,0.0
C,R04,training,18,332,0,0.0,0.0,0.0,0.0
C,R04,training,18,333,0,0.0,0.0,0.0,0.0
C,R04,training,18,334,0,0.0,0.0,0.0,0.0
C,R04,training,18,335,0,0.0,0.0,0.0,0.0
C,R04,training,18,336,0,0.0,0.0,0.0,0.0
C,R04,training,18,337,0,0.0,0.0,0.0,0.0
C,R04,training,18,338,0,0.0,0.0,0.0,0.0
C,R04,training,18,339,0,0.0,0.0,0.0,0.0
C,R04,training,18,340,0,0.0,0.0,0.0,0.0
C,R04,training,18,341,0,0.0,0.0,0.0,0.0
C,R04,training,18,342,0,0.0,0.0,0.0,0.0
C,R04,training,18,343,0,0.0,0.0,0.0,0.0
C,R04,training,18,344,0,0.0,0.0,0.0,0.0
C,R04,training,18,345,0,0.0,0.0,0.0,0.0
C,R04,training,18,346,0,0.0,0.0,0.0,0.0
C,R04,training,18,347,0,0.0,0.0,0.0,0.0
C,R04,training,18,348,0,0.0,0.0,0.0,0.0
C,R04,training,18,349,0,0.0,0.0,0.0,0.0
C,R04,training,18,350,0,0.0,0.0,0.0,0.0
C,R04,training,18,351,0,0.0,0.0,0.0,0.0
C,R04,training,18,352,0,0.0,0.0,0.0,0.0
C,R04,training,18,353,0,0.0,0.0,0.0,0.0
C,R04,training,18,354,0,0.0,0.0,0.0,0.0
C,R04,training,18,355,0,0.0,0.0,0.0,0.0
C,R04,training,18,356,0,0.0,0.0,0.0,0.0
C,R04,training,18,357,0,0.0,0.0,0.0,0.0
C,R04,training,18,358,0,0.0,0.0,0.0,0.0
C,R04,training,18,359,0,0.0,0.0,0.0,0.0
C,R04,training,18,360,0,0.0,0.0,0.0,0.0
C,R04,training,18,361,0,0.0,0.0,0.0,0.0
C,R04,training,18,362,0,0.0,0.0,0.0,0.0
C,R04,training,18,363,0,0.0,0.0,0.0,0.0
C,R04,training,18,364,0,0.0,0.0,0.0,0.0
C,R04,training,18,365,0,0.0,0.0,0.0,0.0
C,R04,training,18,366,0,0.0,0.0,0.0,0.0
C,R04,training,18,367,0,0.0,0.0,0.0,0.0
C,R04,training,18,368,0,0.0,0.0,0.0,0.0
C,R04,training,18,369,0,0.0,0.0,0.0,0.0
C,R04,training,18,370,0,0.0,0.0,0.0,0.0
C,R04,training,18,371,0,0.0,0.0,0.0,0.0
C,R04,training,18,372,0,0.0,0.0,0.0,0.0
C,R04,training,18,373,0,0.0,0.0,0.0,0.0
C,R04,training,18,374,0,0.0,0.0,0.0,0.0
C,R04,training,18,375,0,0.0,0.0,0.0,0.0
C,R04,training,18,376,0,0.0,0.0,0.0,0.0
C,R04,training,18,377,0,0.0,0.0,0.0,0.0
C,R04,training,18,378,0,0.0,0.0,0.0,0.0
C,R04,training,18,379,0,0.0,0.0,0.0,0.0
C,R04,training,18,380,0,0.0,0.0,0.0,0.0
C,R04,training,18,381,0,0.0,0.0,0.0,0.0
C,R04,training,18,382,0,0.0,0.0,0.0,0.0
C,R04,training,18,383,0,0.0,0.0,0.0,0.0
C,R04,training,18,384,0,0.0,0.0,0.0,0.0
C,R04,training,18,385,0,0.0,0.0,0.0,0.0
C,R04,training,18,386,0,0.0,0.0,0.0,0.0
C,R04,training,18,387,0,0.0,0.0,0.0,0.0
C,R04,training,18,388,0,0.0,0.0,0.0,0.0
C,R04,training,18,389,0,0.0,0.0,0.0,0.0
C,R04,training,18,390,0,0.0,0.0,0.0,0.0
C,R04,training,18,391,0,0.0,0.0,0.0,0.0
C,R04,training,18,392,0,0.0,0.0,0.0,0.0
C,R04,training,18,393,0,0.0,0.0,0.0,0.0
C,R04,training,18,394,0,0.0,0.0,0.0,0.0
C,R04,training,18,395,0,0.0,0.0,0.0,0.0
C,R04,training,18,396,0,0.0,0.0,0.0,0.0
C,R04,training,18,397,0,0.0,0.0,0.0,0.0
C,R04,training,18,398,0,0.0,0.0,0.0,0.0
C,R04,training,18,399,0,0.0,0.0,0.0,0.0
C,R04,training,18,400,0,0.0,0.0,0.0,0.0
C,R04,training,18,401,0,0.0,0.0,0.0,0.0
C,R04,training,18,402,0,0.0,0.0,0.0,0.0
C,R04,training,18,403,0,0.0,0.0,0.0,0.0
C,R04,training,18,404,0,0.0,0.0,0.0,0.0
C,R04,training,18,405,0,0.0,0.0,0.0,0.0
C,R04,training,18,406,0,0.0,0.0,0.0,0.0
C,R04,training,18,407,0,0.0,0.0,0.0,0.0
C,R04,training,18,408,0,0.0,0.0,0.0,0.0
C,R04,training,18,409,0,0.0,0.0,0.0,0.0
C,R04,training,18,410,0,0.0,0.0,0.0,0.0
C,R04,training,18,411,0,0.0,0.0,0.0,0.0
P1,R04,training,18,0,0,1.0,0.5004516535413227,0.03650375644517452,0.02224812550467228
P1,R04,training,18,1,0,1.0,0.5004516535413227,0.03650375644517452,0.022355598450952346
P1,R04,training,18,2,0,1.0,0.5004516535413227,0.03650375644517452,0.022463061215630655
P1,R04,training,18,3,0,1.0,0.5004516535413227,0.03650375644517452,0.022570508672953293
P1,R04,training,18,4,0,1.0,0.5004516535413227,0.03650375644517452,0.02267793567367253
P1,R04,training,18,5,0,1.0,0.5004516535413227,0.03650375644517452,0.02278533704542097
P1,R04,training,18,6,0,1.0,0.5004516535413227,0.03650375644517452,0.0228927075930902
P1,R04,training,18,7,0,1.0,0.5004516535413227,0.03650375644517452,0.02300004209921395
P1,R04,training,18,8,0,1.0,0.5004516535413227,0.03650375644517452,0.023107335324355657
P1,R04,training,18,9,0,1.0,0.5004516535413227,0.03650375644517452,0.02321458200750049
P1,R04,training,18,10,0,1.0,0.5004516535413227,0.03650375644517452,0.023321776866451725
P1,R04,training,18,11,0,1.0,0.5004516535413227,0.03650375644517452,0.023428914598231498
P1,R04,training,18,12,0,1.0,0.5004516535413227,0.03650375644517452,0.02353598987948582
P1,R04,training,18,13,0,1.0,0.5004516535413227,0.03650375644517452,0.023642997366893924
P1,R04,training,18,14,0,1.0,0.5004516535413227,0.03650375644517452,0.023749931697581775
P1,R04,training,18,15,0,1.0,0.5004516535413227,0.03650375644517452,0.02385678748953986
P1,R04,training,18,16,0,0.0,0.0,0.09341343349202083,0.06132295891772891
P1,R04,training,18,17,0,0.0,0.0,0.09341343349202083,0.061595960357372
P1,R04,training,18,18,0,0.0,0.0,0.09341343349202083,0.061868719214927884
P1,R04,training,18,19,0,0.0,0.0,0.09341343349202083,0.0621412215328163
P1,R04,training,18,20,0,0.0,0.0,0.09341343349202083,0.062413453309991415
P1,R04,training,18,21,0,0.0,0.0,0.09341343349202083,0.06268540050307302
P1,R04,training,18,22,0,0.0,0.0,0.09341343349202083,0.06295704902748761
P1,R04,training,18,23,0,0.0,0.0,0.09341343349202083,0.06322838475861946
P1,R04,training,18,24,0,0.0,0.0,0.09341343349202083,0.06349939353297125
P1,R04,training,18,25,0,0.0,0.0,0.09341343349202083,0.06377006114933445
P1,R04,training,18,26,0,0.0,0.0,0.09341343349202083,0.06404037336996912
P1,R04,training,18,27,0,0.0,0.0,0.09341343349202083,0.06431031592179302
P1,R04,training,18,28,0,0.0,0.0,0.09341343349202083,0.0645798744975801
P1,R04,training,18,29,0,0.0,0.0,0.09341343349202083,0.06484903475716787
P1,R04,training,18,30,0,0.0,0.0,0.09341343349202083,0.06511778232867395
P1,R04,training,18,31,0,0.0,0.0,0.09341343349202083,0.0653861028097213
P1,R04,training,18,32,0,0.0,0.0,0.15379863979998043,0.10809465743850435
P1,R04,training,18,33,0,0.0,0.0,0.15379863979998043,0.10853495053776104
P1,R04,training,18,34,0,0.0,0.0,0.15379863979998043,0.10897446904429875
P1,R04,training,18,35,0,0.0,0.0,0.15379863979998043,0.10941318906524498
P1,R04,training,18,36,0,0.0,0.0,0.15379863979998043,0.1098510866678167
P1,R04,training,18,37,0,0.0,0.0,0.15379863979998043,0.11028813788142007
P1,R04,training,18,38,0,0.0,0.0,0.15379863979998043,0.11072431869976301
P1,R04,training,18,39,0,0.0,0.0,0.15379863979998043,0.11115960508298055
P1,R04,training,18,40,0,0.0,0.0,0.15379863979998043,0.11159397295977237
P1,R04,training,18,41,0,0.0,0.0,0.15379863979998043,0.11202739822955268
P1,R04,training,18,42,0,0.0,0.0,0.15379863979998043,0.1124598567646118
P1,R04,training,18,43,0,0.0,0.0,0.15379863979998043,0.11289132441228955
P1,R04,training,18,44,0,0.0,0.0,0.15379863979998043,0.11332177699715984
P1,R04,training,18,45,0,0.0,0.0,0.15379863979998043,0.11375119032322642
P1,R04,training,18,46,0,0.0,0.0,0.15379863979998043,0.1141795401761295
P1,R04,training,18,47,0,0.0,0.0,0.15379863979998043,0.11460680232536284
P1,R04,training,18,48,0,0.0,0.0,0.1601942225391174,0.11981649785932896
P1,R04,training,18,49,0,0.0,0.0,0.1601942225391174,0.12025918569386403
P1,R04,training,18,50,0,0.0,0.0,0.1601942225391174,0.12070066480153048
P1,R04,training,18,51,0,0.0,0.0,0.1601942225391174,0.1211409099002492
P1,R04,training,18,52,0,0.0,0.0,0.1601942225391174,0.12157989570282471
P1,R04,training,18,53,0,0.0,0.0,0.1601942225391174,0.12201759691931426
P1,R04,training,18,54,0,0.0,0.0,0.1601942225391174,0.12245398825940611
P1,R04,training,18,55,0,0.0,0.0,0.1601942225391174,0.12288904443480617
P1,R04,training,18,56,0,0.0,0.0,0.1601942225391174,0.12332274016163323
P1,R04,training,18,57,0,0.0,0.0,0.1601942225391174,0.12375505016282198
P1,R04,training,18,58,0,0.0,0.0,0.1601942225391174,0.12418594917053383
P1,R04,training,18,59,0,0.0,0.0,0.1601942225391174,0.12461541192857517
P1,R04,training,18,60,0,0.0,0.0,0.1601942225391174,0.12504341319482265
P1,R04,training,18,61,0,0.0,0.0,0.1601942225391174,0.12546992774365515
P1,R04,training,18,62,0,0.0,0.0,0.1601942225391174,0.12589493036839236
P1,R04,training,18,63,0,0.0,0.0,0.1601942225391174,0.12631839588373925
P1,R04,training,18,64,0,0.0,0.0,0.1940047967629513,0.15349009211643108
P1,R04,training,18,65,0,0.0,0.0,0.1940047967629513,0.15399911976754158
P1,R04,training,18,66,0,0.0,0.0,0.1940047967629513,0.15450619456953046
P1,R04,training,18,67,0,0.0,0.0,0.1940047967629513,0.15501128615483262
P1,R04,training,18,68,0,0.0,0.0,0.1940047967629513,0.15551436419668144
P1,R04,training,18,69,0,0.0,0.0,0.1940047967629513,0.15601539841210588
P1,R04,training,18,70,0,0.0,0.0,0.1940047967629513,0.15651435856493123
P1,R04,training,18,71,0,0.0,0.0,0.1940047967629513,0.1570112144687847
P1,R04,training,18,72,0,0.0,0.0,0.1940047967629513,0.15750593599010446
P1,R04,training,18,73,0,0.0,0.0,0.1940047967629513,0.15799849305115216
P1,R04,training,18,74,0,0.0,0.0,0.1940047967629513,0.1584888556330283
P1,R04,training,18,75,0,0.0,0.0,0.1940047967629513,0.15897699377869023
P1,R04,training,18,76,0,0.0,0.0,0.1940047967629513,0.1594628775959721
P1,R04,training,18,77,0,0.0,0.0,0.1940047967629513,0.15994647726060676
P1,R04,training,18,78,0,0.0,0.0,0.1940047967629513,0.16042776301924858
P1,R04,training,18,79,0,0.0,0.0,0.1940047967629513,0.16090670519249725
P1,R04,training,18,80,0,0.0,0.0,0.19980425042022804,0.16620756118149582
P1,R04,training,18,81,0,0.0,0.0,0.19980425042022804,0.16669590187597644
P1,R04,training,18,82,0,0.0,0.0,0.19980425042022804,0.16718173771567119
P1,R04,training,18,83,0,0.0,0.0,0.19980425042022804,0.1676650384697305
P1,R04,training,18,84,0,0.0,0.0,0.19980425042022804,0.1681457739990292
P1,R04,training,18,85,0,0.0,0.0,0.19980425042022804,0.16862391425927675
P1,R04,training,18,86,0,0.0,0.0,0.19980425042022804,0.169099429304125
P1,R04,training,18,87,0,0.0,0.0,0.19980425042022804,0.16957228928827342
P1,R04,training,18,88,0,0.0,0.0,0.19980425042022804,0.1700424644705712
P1,R04,training,18,89,0,0.0,0.0,0.19980425042022804,0.1705099252171157
P1,R04,training,18,90,0,0.0,0.0,0.19980425042022804,0.17097464200434698
P1,R04,training,18,91,0,0.0,0.0,0.19980425042022804,0.17143658542213774
P1,R04,training,18,92,0,0.0,0.0,0.19980425042022804,0.1718957261768784
P1,R04,training,18,93,0,0.0,0.0,0.19980425042022804,0.17235203509455677
P1,R04,training,18,94,0,0.0,0.0,0.19980425042022804,0.17280548312383193
P1,R04,training,18,95,0,0.0,0.0,0.19980425042022804,0.17325604133910186
P1,R04,training,18,96,0,0.0,0.0,0.20396983253736245,0.1773251101448806
P1,R04,training,18,97,0,0.0,0.0,0.20396983253736245,0.17777907355970302
P1,R04,training,18,98,0,0.0,0.0,0.20396983253736245,0.17822999912818027
P1,R04,training,18,99,0,0.0,0.0,0.20396983253736245,0.17867785786627263
P1,R04,training,18,100,0,0.0,0.0,0.20396983253736245,0.1791226209338462
P1,R04,training,18,101,0,0.0,0.0,0.20396983253736245,0.17956425963775619
P1,R04,training,18,102,0,0.0,0.0,0.20396983253736245,0.180002745434921
P1,R04,training,18,103,0,0.0,0.0,0.20396983253736245,0.18043804993538567
P1,R04,training,18,104,0,0.0,0.0,0.20396983253736245,0.18087014490537517
P1,R04,training,18,105,0,0.0,0.0,0.20396983253736245,0.1812990022703366
P1,R04,training,18,106,0,0.0,0.0,0.20396983253736245,0.1817245941179698
P1,R04,training,18,107,0,0.0,0.0,0.20396983253736245,0.18214689270124612
P1,R04,training,18,108,0,0.0,0.0,0.20396983253736245,0.18256587044141498
P1,R04,training,18,109,0,0.0,0.0,0.20396983253736245,0.18298149993099727
P1,R04,training,18,110,0,0.0,0.0,0.20396983253736245,0.18339375393676582
P1,R04,training,18,111,0,0.0,0.0,0.20396983253736245,0.18380260540271182
P1,R04,training,18,112,0,0.0,0.0,0.20638120559813947,0.18638577241387363
P1,R04,training,18,113,0,0.0,0.0,0.20638120559813947,0.18679249047931398
P1,R04,training,18,114,0,0.0,0.0,0.20638120559813947,0.18719568475747858
P1,R04,training,18,115,0,0.0,0.0,0.20638120559813947,0.18759532861947362
P1,R04,training,18,116,0,0.0,0.0,0.20638120559813947,0.18799139563050268
P1,R04,training,18,117,0,0.0,0.0,0.20638120559813947,0.18838385955277537
P1,R04,training,18,118,0,0.0,0.0,0.20638120559813947,0.18877269434839905
P1,R04,training,18,119,0,0.0,0.0,0.20638120559813947,0.18915787418225297
P1,R04,training,18,120,0,0.0,0.0,0.20638120559813947,0.18953937342484448
P1,R04,training,18,121,0,0.0,0.0,0.20638120559813947,0.18991716665514688
P1,R04,training,18,122,0,0.0,0.0,0.20638120559813947,0.19029122866341833
P1,R04,training,18,123,0,0.0,0.0,0.20638120559813947,0.1906615344540016
P1,R04,training,18,124,0,0.0,0.0,0.20638120559813947,0.19102805924810418
P1,R04,training,18,125,0,0.0,0.0,0.20638120559813947,0.19139077848655792
P1,R04,training,18,126,0,0.0,0.0,0.20638120559813947,0.19174966783255867
P1,R04,training,18,127,0,0.0,0.0,0.20638120559813947,0.1921047031743844
P1,R04,training,18,128,0,1.0,1.0,0.1804555016308867,0.16827946503554816
P1,R04,training,18,129,0,1.0,1.0,0.1804555016308867,0.16858309849689387
P1,R04,training,18,130,0,1.0,1.0,0.1804555016308867,0.16888330005181926
P1,R04,training,18,131,0,1.0,1.0,0.1804555016308867,0.16918004942814552
P1,R04,training,18,132,0,1.0,1.0,0.1804555016308867,0.16947332656209724
P1,R04,training,18,133,0,1.0,1.0,0.1804555016308867,0.16976311160056126
P1,R04,training,18,134,0,1.0,1.0,0.1804555016308867,0.17004938490332488
P1,R04,training,18,135,0,1.0,1.0,0.1804555016308867,0.17033212704529266
P1,R04,training,18,136,0,1.0,1.0,0.1804555016308867,0.17061131881868172
P1,R04,training,18,137,0,1.0,1.0,0.1804555016308867,0.17088694123519504
P1,R04,training,18,138,0,1.0,1.0,0.1804555016308867,0.17115897552817252
P1,R04,training,18,139,0,1.0,1.0,0.1804555016308867,0.1714274031547193
P1,R04,training,18,140,0,1.0,1.0,0.1804555016308867,0.17169220579781122
P1,R04,training,18,141,0,1.0,1.0,0.1804555016308867,0.1719533653683769
P1,R04,training,18,142,0,1.0,1.0,0.1804555016308867,0.1722108640073563
P1,R04,training,18,143,0,1.0,1.0,0.1804555016308867,0.17246468408773505
P1,R04,training,18,144,0,1.0,1.0,0.1813399119748816,0.1735612815108978
P1,R04,training,18,145,0,1.0,1.0,0.1813399119748816,0.1738089001888266
P1,R04,training,18,146,0,1.0,1.0,0.1813399119748816,0.1740527705585437
P1,R04,training,18,147,0,1.0,1.0,0.1813399119748816,0.1742928758593288
P1,R04,training,18,148,0,1.0,1.0,0.1813399119748816,0.17452919957349444
P1,R04,training,18,149,0,1.0,1.0,0.1813399119748816,0.17476172542827936
P1,R04,training,18,150,0,1.0,1.0,0.1813399119748816,0.17499043739771533
P1,R04,training,18,151,0,1.0,1.0,0.1813399119748816,0.1752153197044676
P1,R04,training,18,152,0,1.0,1.0,0.1813399119748816,0.17543635682164846
P1,R04,training,18,153,0,1.0,1.0,0.1813399119748816,0.17565353347460336
P1,R04,training,18,154,0,1.0,1.0,0.1813399119748816,0.17586683464267003
P1,R04,training,18,155,0,1.0,1.0,0.1813399119748816,0.17607624556090934
P1,R04,training,18,156,0,1.0,1.0,0.1813399119748816,0.17628175172180863
P1,R04,training,18,157,0,1.0,1.0,0.1813399119748816,0.1764833388769563
P1,R04,training,18,158,0,1.0,1.0,0.1813399119748816,0.17668099303868812
P1,R04,training,18,159,0,1.0,1.0,0.1813399119748816,0.17687470048170462
P1,R04,training,18,160,0,0.0,0.0,0.1804369279926899,0.1761827534811747
P1,R04,training,18,161,0,0.0,0.0,0.1804369279926899,0.17636760230522566
P1,R04,training,18,162,0,0.0,0.0,0.1804369279926899,0.17654848467443268
P1,R04,training,18,163,0,0.0,0.0,0.1804369279926899,0.176725387991585
P1,R04,training,18,164,0,0.0,0.0,0.1804369279926899,0.17689829992813738
P1,R04,training,18,165,0,0.0,0.0,0.1804369279926899,0.17706720842564197
P1,R04,training,18,166,0,0.0,0.0,0.1804369279926899,0.17723210169714976
P1,R04,training,18,167,0,0.0,0.0,0.1804369279926899,0.17739296822858125
P1,R04,training,18,168,0,0.0,0.0,0.1804369279926899,0.1775497967800665
P1,R04,training,18,169,0,0.0,0.0,0.1804369279926899,0.17770257638725384
P1,R04,training,18,170,0,0.0,0.0,0.1804369279926899,0.17785129636258745
P1,R04,training,18,171,0,0.0,0.0,0.1804369279926899,0.17799594629655327
P1,R04,training,18,172,0,0.0,0.0,0.1804369279926899,0.17813651605889338
P1,R04,training,18,173,0,0.0,0.0,0.1804369279926899,0.1782729957997883
P1,R04,training,18,174,0,0.0,0.0,0.1804369279926899,0.1784053759510073
P1,R04,training,18,175,0,0.0,0.0,0.1804369279926899,0.17853364722702633
P1,R04,training,18,176,0,1.0,0.5010045108537635,0.17777337509007177,0.17602051063937452
P1,R04,training,18,177,0,1.0,0.5010045108537635,0.17777337509007177,0.17613876564687894
P1,R04,training,18,178,0,1.0,0.5010045108537635,0.17777337509007177,0.17625294666947253
P1,R04,training,18,179,0,1.0,0.5010045108537635,0.17777337509007177,0.17636304568320715
P1,R04,training,18,180,0,1.0,0.5010045108537635,0.17777337509007177,0.176469054947692
P1,R04,training,18,181,0,1.0,0.5010045108537635,0.17777337509007177,0.1765709670070005
P1,R04,training,18,182,0,1.0,0.5010045108537635,0.17777337509007177,0.1766687746905446
P1,R04,training,18,183,0,1.0,0.5010045108537635,0.17777337509007177,0.17676247111391513
P1,R04,training,18,184,0,1.0,0.5010045108537635,0.17777337509007177,0.1768520496796899
P1,R04,training,18,185,0,1.0,0.5010045108537635,0.17777337509007177,0.17693750407820757
P1,R04,training,18,186,0,1.0,0.5010045108537635,0.17777337509007177,0.1770188282883086
P1,R04,training,18,187,0,1.0,0.5010045108537635,0.17777337509007177,0.17709601657804222
P1,R04,training,18,188,0,1.0,0.5010045108537635,0.17777337509007177,0.1771690635053398
P1,R04,training,18,189,0,1.0,0.5010045108537635,0.17777337509007177,0.17723796391865426
P1,R04,training,18,190,0,1.0,0.5010045108537635,0.17777337509007177,0.1773027129575656
P1,R04,training,18,191,0,1.0,0.5010045108537635,0.17777337509007177,0.1773633060533525
P1,R04,training,18,192,0,0.0,0.0,0.17342743307801373,0.1730824420942099
P1,R04,training,18,193,0,0.0,0.0,0.17342743307801373,0.17313343297939146
P1,R04,training,18,194,0,0.0,0.0,0.17342743307801373,0.17318035786121694
P1,R04,training,18,195,0,0.0,0.0,0.17342743307801373,0.17322321342583138
P1,R04,training,18,196,0,0.0,0.0,0.17342743307801373,0.17326199664623315
P1,R04,training,18,197,0,0.0,0.0,0.17342743307801373,0.17329670478263026
P1,R04,training,18,198,0,0.0,0.0,0.17342743307801373,0.1733273353827631
P1,R04,training,18,199,0,0.0,0.0,0.17342743307801373,0.173353886282193
P1,R04,training,18,200,0,0.0,0.0,0.17342743307801373,0.17337635560455736
P1,R04,training,18,201,0,0.0,0.0,0.17342743307801373,0.17339474176179046
P1,R04,training,18,202,0,0.0,0.0,0.17342743307801373,0.1734090434543106
P1,R04,training,18,203,0,0.0,0.0,0.17342743307801373,0.1734192596711732
P1,R04,training,18,204,0,0.0,0.0,0.17342743307801373,0.17342538969018992
P1,R04,training,18,205,0,0.0,0.0,0.17342743307801373,0.17342743307801373
P1,R04,training,18,206,0,0.0,0.0,0.17342743307801373,0.17342538969018992
P1,R04,training,18,207,0,0.0,0.0,0.17342743307801373,0.1734192596711732
P1,R04,training,18,208,0,0.0,0.0,0.16752482449943076,0.16750706076719532
P1,R04,training,18,209,0,0.0,0.0,0.16752482449943076,0.16749324583326614
P1,R04,training,18,210,0,0.0,0.0,0.16752482449943076,0.16747548544951932
P1,R04,training,18,211,0,0.0,0.0,0.16752482449943076,0.16745378087130522
P1,R04,training,18,212,0,0.0,0.0,0.16752482449943076,0.16742813363263973
P1,R04,training,18,213,0,0.0,0.0,0.16752482449943076,0.16739854554602335
P1,R04,training,18,214,0,0.0,0.0,0.16752482449943076,0.16736501870222803
P1,R04,training,18,215,0,0.0,0.0,0.16752482449943076,0.16732755547005068
P1,R04,training,18,216,0,0.0,0.0,0.16752482449943076,0.1672861584960343
P1,R04,training,18,217,0,0.0,0.0,0.16752482449943076,0.16724083070415643
P1,R04,training,18,218,0,0.0,0.0,0.16752482449943076,0.1671915752954849
P1,R04,training,18,219,0,0.0,0.0,0.16752482449943076,0.1671383957478011
P1,R04,training,18,220,0,0.0,0.0,0.16752482449943076,0.16708129581519066
P1,R04,training,18,221,0,0.0,0.0,0.16752482449943076,0.16702027952760184
P1,R04,training,18,222,0,0.0,0.0,0.16752482449943076,0.1669553511903714
P1,R04,training,18,223,0,0.0,0.0,0.16752482449943076,0.1668865153837184
P1,R04,training,18,224,0,0.0,0.0,0.1602327743902376,0.15955267745562893
P1,R04,training,18,225,0,0.0,0.0,0.1602327743902376,0.1594793773689147
P1,R04,training,18,226,0,0.0,0.0,0.1602327743902376,0.1594023546125464
P1,R04,training,18,227,0,0.0,0.0,0.1602327743902376,0.15932161461358582
P1,R04,training,18,228,0,0.0,0.0,0.1602327743902376,0.15923716305913063
P1,R04,training,18,229,0,0.0,0.0,0.1602327743902376,0.15914900589564646
P1,R04,training,18,230,0,0.0,0.0,0.1602327743902376,0.15905714932826928
P1,R04,training,18,231,0,0.0,0.0,0.1602327743902376,0.15896159982007735
P1,R04,training,18,232,0,0.0,0.0,0.1602327743902376,0.15886236409133345
P1,R04,training,18,233,0,0.0,0.0,0.1602327743902376,0.158759449118697
P1,R04,training,18,234,0,0.0,0.0,0.1602327743902376,0.15865286213440663
P1,R04,training,18,235,0,0.0,0.0,0.1602327743902376,0.15854261062543326
P1,R04,training,18,236,0,0.0,0.0,0.1602327743902376,0.15842870233260345
P1,R04,training,18,237,0,0.0,0.0,0.1602327743902376,0.1583111452496937
P1,R04,training,18,238,0,0.0,0.0,0.1602327743902376,0.15818994762249544
P1,R04,training,18,239,0,0.0,0.0,0.1602327743902376,0.15806511794785122
P1,R04,training,18,240,0,0.0,0.0,0.151752146317013,0.1495775629109538
P1,R04,training,18,241,0,0.0,0.0,0.151752146317013,0.14945248554620283
P1,R04,training,18,242,0,0.0,0.0,0.151752146317013,0.14932399392554582
P1,R04,training,18,243,0,0.0,0.0,0.151752146317013,0.14919209703749506
P1,R04,training,18,244,0,0.0,0.0,0.151752146317013,0.14905680410335526
P1,R04,training,18,245,0,0.0,0.0,0.151752146317013,0.1489181245761492
P1,R04,training,18,246,0,0.0,0.0,0.151752146317013,0.148776068139517
P1,R04,training,18,247,0,0.0,0.0,0.151752146317013,0.14863064470658913
P1,R04,training,18,248,0,0.0,0.0,0.151752146317013,0.14848186441883368
P1,R04,training,18,249,0,0.0,0.0,0.151752146317013,0.1483297376448776
P1,R04,training,18,250,0,0.0,0.0,0.151752146317013,0.1481742749793026
P1,R04,training,18,251,0,0.0,0.0,0.151752146317013,0.14801548724141544
P1,R04,training,18,252,0,0.0,0.0,0.151752146317013,0.14785338547399313
P1,R04,training,18,253,0,0.0,0.0,0.151752146317013,0.14768798094200325
P1,R04,training,18,254,0,0.0,0.0,0.151752146317013,0.14751928513129922
P1,R04,training,18,255,0,0.0,0.0,0.151752146317013,0.14734730974729132
P1,R04,training,18,256,0,0.0,0.0,0.08934178013118341,0.08664532756136446
P1,R04,training,18,257,0,0.0,0.0,0.08934178013118341,0.08654023924488961
P1,R04,training,18,258,0,0.0,0.0,0.08934178013118341,0.08643324157092686
P1,R04,training,18,259,0,0.0,0.0,0.08934178013118341,0.0863243419397925
P1,R04,training,18,260,0,0.0,0.0,0.08934178013118341,0.08621354787693865
P1,R04,training,18,261,0,0.0,0.0,0.08934178013118341,0.08610086703208664
P1,R04,training,18,262,0,0.0,0.0,0.08934178013118341,0.08598630717834696
P1,R04,training,18,263,0,0.0,0.0,0.08934178013118341,0.08586987621132577
P1,R04,training,18,264,0,0.0,0.0,0.08934178013118341,0.08575158214821824
P1,R04,training,18,265,0,0.0,0.0,0.08934178013118341,0.08563143312688866
P1,R04,training,18,266,0,0.0,0.0,0.08934178013118341,0.08550943740493774
P1,R04,training,18,267,0,0.0,0.0,0.08934178013118341,0.08538560335875706
P1,R04,training,18,268,0,0.0,0.0,0.08934178013118341,0.08525993948257078
P1,R04,training,18,269,0,0.0,0.0,0.08934178013118341,0.085132454387465
P1,R04,training,18,270,0,0.0,0.0,0.08934178013118341,0.08500315680040467
P1,R04,training,18,271,0,0.0,0.0,0.08934178013118341,0.08487205556323837
P1,R04,training,18,272,0,0.0,0.0,0.03052418372901528,0.028951669351585715
P1,R04,training,18,273,0,0.0,0.0,0.03052418372901528,0.028905654546470923
P1,R04,training,18,274,0,0.0,0.0,0.03052418372901528,0.02885903280756325
P1,R04,training,18,275,0,0.0,0.0,0.03052418372901528,0.028811807309257365
P1,R04,training,18,276,0,0.0,0.0,0.03052418372901528,0.028763981263437974
P1,R04,training,18,277,0,0.0,0.0,0.03052418372901528,0.02871555791911599
P1,R04,training,18,278,0,0.0,0.0,0.03052418372901528,0.028666540562060902
P1,R04,training,18,279,0,0.0,0.0,0.03052418372901528,0.02861693251442946
P1,R04,training,18,280,0,0.0,0.0,0.03052418372901528,0.028566737134390667
P1,R04,training,18,281,0,0.0,0.0,0.03052418372901528,0.028515957815747218
P1,R04,training,18,282,0,0.0,0.0,0.03052418372901528,0.028464597987553387
P1,R04,training,18,283,0,0.0,0.0,0.03052418372901528,0.028412661113729424
P1,R04,training,18,284,0,0.0,0.0,0.03052418372901528,0.028360150692672555
P1,R04,training,18,285,0,0.0,0.0,0.03052418372901528,0.028307070256864634
P1,R04,training,18,286,0,0.0,0.0,0.03052418372901528,0.02825342337247648
P1,R04,training,18,287,0,0.0,0.0,0.03052418372901528,0.02819921363896901
P1,R04,training,18,288,0,0.0,0.0,0.028603219418614156,0.026373243392597483
P1,R04,training,18,289,0,0.0,0.0,0.028603219418614156,0.02632140060164301
P1,R04,training,18,290,0,0.0,0.0,0.028603219418614156,0.026269040685293614
P1,R04,training,18,291,0,0.0,0.0,0.028603219418614156,0.02621616713747101
P1,R04,training,18,292,0,0.0,0.0,0.028603219418614156,0.026162783481379754
P1,R04,training,18,293,0,0.0,0.0,0.028603219418614156,0.02610889326911657
P1,R04,training,18,294,0,0.0,0.0,0.028603219418614156,0.026054500081277007
P1,R04,training,18,295,0,0.0,0.0,0.028603219418614156,0.025999607526559602
P1,R04,training,18,296,0,0.0,0.0,0.028603219418614156,0.025944219241367566
P1,R04,training,18,297,0,0.0,0.0,0.028603219418614156,0.025888338889407957
P1,R04,training,18,298,0,0.0,0.0,0.028603219418614156,0.025831970161288614
P1,R04,training,18,299,0,0.0,0.0,0.028603219418614156,0.025775116774112664
P1,R04,training,18,300,0,0.0,0.0,0.028603219418614156,0.0257177824710709
P1,R04,training,18,301,0,0.0,0.0,0.028603219418614156,0.02565997102103188
P1,R04,training,18,302,0,0.0,0.0,0.028603219418614156,0.025601686218130002
P1,R04,training,18,303,0,0.0,0.0,0.028603219418614156,0.02554293188135145
P1,R04,training,18,304,0,0.0,0.0,0.0,0.0
P1,R04,training,18,305,0,0.0,0.0,0.0,0.0
P1,R04,training,18,306,0,0.0,0.0,0.0,0.0
P1,R04,training,18,307,0,0.0,0.0,0.0,0.0
P1,R04,training,18,308,0,0.0,0.0,0.0,0.0
P1,R04,training,18,309,0,0.0,0.0,0.0,0.0
P1,R04,training,18,310,0,0.0,0.0,0.0,0.0
P1,R04,training,18,311,0,0.0,0.0,0.0,0.0
P1,R04,training,18,312,0,0.0,0.0,0.0,0.0
P1,R04,training,18,313,0,0.0,0.0,0.0,0.0
P1,R04,training,18,314,0,0.0,0.0,0.0,0.0
P1,R04,training,18,315,0,0.0,0.0,0.0,0.0
P1,R04,training,18,316,0,0.0,0.0,0.0,0.0
P1,R04,training,18,317,0,0.0,0.0,0.0,0.0
P1,R04,training,18,318,0,0.0,0.0,0.0,0.0
P1,R04,training,18,319,0,0.0,0.0,0.0,0.0
P1,R04,training,18,320,0,0.0,0.0,0.0,0.0
P1,R04,training,18,321,0,0.0,0.0,0.0,0.0
P1,R04,training,18,322,0,0.0,0.0,0.0,0.0
P1,R04,training,18,323,0,0.0,0.0,0.0,0.0
P1,R04,training,18,324,0,0.0,0.0,0.0,0.0
P1,R04,training,18,325,0,0.0,0.0,0.0,0.0
P1,R04,training,18,326,0,0.0,0.0,0.0,0.0
P1,R04,training,18,327,0,0.0,0.0,0.0,0.0
P1,R04,training,18,328,0,0.0,0.0,0.0,0.0
P1,R04,training,18,329,0,0.0,0.0,0.0,0.0
P1,R04,training,18,330,0,0.0,0.0,0.0,0.0
P1,R04,training,18,331,0,0.0,0.0,0.0,0.0
P1,R04,training,18,332,0,0.0,0.0,0.0,0.0
P1,R04,training,18,333,0,0.0,0.0,0.0,0.0
P1,R04,training,18,334,0,0.0,0.0,0.0,0.0
P1,R04,training,18,335,0,0.0,0.0,0.0,0.0
P1,R04,training,18,336,0,0.0,0.0,0.0,0.0
P1,R04,training,18,337,0,0.0,0.0,0.0,0.0
P1,R04,training,18,338,0,0.0,0.0,0.0,0.0
P1,R04,training,18,339,0,0.0,0.0,0.0,0.0
P1,R04,training,18,340,0,0.0,0.0,0.0,0.0
P1,R04,training,18,341,0,0.0,0.0,0.0,0.0
P1,R04,training,18,342,0,0.0,0.0,0.0,0.0
P1,R04,training,18,343,0,0.0,0.0,0.0,0.0
P1,R04,training,18,344,0,0.0,0.0,0.0,0.0
P1,R04,training,18,345,0,0.0,0.0,0.0,0.0
P1,R04,training,18,346,0,0.0,0.0,0.0,0.0
P1,R04,training,18,347,0,0.0,0.0,0.0,0.0
P1,R04,training,18,348,0,0.0,0.0,0.0,0.0
P1,R04,training,18,349,0,0.0,0.0,0.0,0.0
P1,R04,training,18,350,0,0.0,0.0,0.0,0.0
P1,R04,training,18,351,0,0.0,0.0,0.0,0.0
P1,R04,training,18,352,0,0.0,0.0,0.0,0.0
P1,R04,training,18,353,0,0.0,0.0,0.0,0.0
P1,R04,training,18,354,0,0.0,0.0,0.0,0.0
P1,R04,training,18,355,0,0.0,0.0,0.0,0.0
P1,R04,training,18,356,0,0.0,0.0,0.0,0.0
P1,R04,training,18,357,0,0.0,0.0,0.0,0.0
P1,R04,training,18,358,0,0.0,0.0,0.0,0.0
P1,R04,training,18,359,0,0.0,0.0,0.0,0.0
P1,R04,training,18,360,0,0.0,0.0,0.0,0.0
P1,R04,training,18,361,0,0.0,0.0,0.0,0.0
P1,R04,training,18,362,0,0.0,0.0,0.0,0.0
P1,R04,training,18,363,0,0.0,0.0,0.0,0.0
P1,R04,training,18,364,0,0.0,0.0,0.0,0.0
P1,R04,training,18,365,0,0.0,0.0,0.0,0.0
P1,R04,training,18,366,0,0.0,0.0,0.0,0.0
P1,R04,training,18,367,0,0.0,0.0,0.0,0.0
P1,R04,training,18,368,0,0.0,0.0,0.0,0.0
P1,R04,training,18,369,0,0.0,0.0,0.0,0.0
P1,R04,training,18,370,0,0.0,0.0,0.0,0.0
P1,R04,training,18,371,0,0.0,0.0,0.0,0.0
P1,R04,training,18,372,0,0.0,0.0,0.0,0.0
P1,R04,training,18,373,0,0.0,0.0,0.0,0.0
P1,R04,training,18,374,0,0.0,0.0,0.0,0.0
P1,R04,training,18,375,0,0.0,0.0,0.0,0.0
P1,R04,training,18,376,0,0.0,0.0,0.0,0.0
P1,R04,training,18,377,0,0.0,0.0,0.0,0.0
P1,R04,training,18,378,0,0.0,0.0,0.0,0.0
P1,R04,training,18,379,0,0.0,0.0,0.0,0.0
P1,R04,training,18,380,0,0.0,0.0,0.0,0.0
P1,R04,training,18,381,0,0.0,0.0,0.0,0.0
P1,R04,training,18,382,0,0.0,0.0,0.0,0.0
P1,R04,training,18,383,0,0.0,0.0,0.0,0.0
P1,R04,training,18,384,0,0.0,0.0,0.0,0.0
P1,R04,training,18,385,0,0.0,0.0,0.0,0.0
P1,R04,training,18,386,0,0.0,0.0,0.0,0.0
P1,R04,training,18,387,0,0.0,0.0,0.0,0.0
P1,R04,training,18,388,0,0.0,0.0,0.0,0.0
P1,R04,training,18,389,0,0.0,0.0,0.0,0.0
P1,R04,training,18,390,0,0.0,0.0,0.0,0.0
P1,R04,training,18,391,0,0.0,0.0,0.0,0.0
P1,R04,training,18,392,0,0.0,0.0,0.0,0.0
P1,R04,training,18,393,0,0.0,0.0,0.0,0.0
P1,R04,training,18,394,0,0.0,0.0,0.0,0.0
P1,R04,training,18,395,0,0.0,0.0,0.0,0.0
P1,R04,training,18,396,0,0.0,0.0,0.0,0.0
P1,R04,training,18,397,0,0.0,0.0,0.0,0.0
P1,R04,training,18,398,0,0.0,0.0,0.0,0.0
P1,R04,training,18,399,0,0.0,0.0,0.0,0.0
P1,R04,training,18,400,0,0.0,0.0,0.0,0.0
P1,R04,training,18,401,0,0.0,0.0,0.0,0.0
P1,R04,training,18,402,0,0.0,0.0,0.0,0.0
P1,R04,training,18,403,0,0.0,0.0,0.0,0.0
P1,R04,training,18,404,0,0.0,0.0,0.0,0.0
P1,R04,training,18,405,0,0.0,0.0,0.0,0.0
P1,R04,training,18,406,0,0.0,0.0,0.0,0.0
P1,R04,training,18,407,0,0.0,0.0,0.0,0.0
P1,R04,training,18,408,0,0.0,0.0,0.0,0.0
P1,R04,training,18,409,0,0.0,0.0,0.0,0.0
P1,R04,training,18,410,0,0.0,0.0,0.0,0.0
P1,R04,training,18,411,0,0.0,0.0,0.0,0.0
P2,R04,training,18,0,0,0.0,0.0,0.0,0.0
P2,R04,training,18,1,0,0.0,0.0,0.0,0.0
P2,R04,training,18,2,0,0.0,0.0,0.0,0.0
P2,R04,training,18,3,0,0.0,0.0,0.0,0.0
P2,R04,training,18,4,0,0.0,0.0,0.0,0.0
P2,R04,training,18,5,0,0.0,0.0,0.0,0.0
P2,R04,training,18,6,0,0.0,0.0,0.0,0.0
P2,R04,training,18,7,0,0.0,0.0,0.0,0.0
P2,R04,training,18,8,0,0.0,0.0,0.0,0.0
P2,R04,training,18,9,0,0.0,0.0,0.0,0.0
P2,R04,training,18,10,0,0.0,0.0,0.0,0.0
P2,R04,training,18,11,0,0.0,0.0,0.0,0.0
P2,R04,training,18,12,0,0.0,0.0,0.0,0.0
P2,R04,training,18,13,0,0.0,0.0,0.0,0.0
P2,R04,training,18,14,0,0.0,0.0,0.0,0.0
P2,R04,training,18,15,0,0.0,0.0,0.0,0.0
P2,R04,training,18,16,0,0.0,0.0,0.0,0.0
P2,R04,training,18,17,0,0.0,0.0,0.0,0.0
P2,R04,training,18,18,0,0.0,0.0,0.0,0.0
P2,R04,training,18,19,0,0.0,0.0,0.0,0.0
P2,R04,training,18,20,0,0.0,0.0,0.0,0.0
P2,R04,training,18,21,0,0.0,0.0,0.0,0.0
P2,R04,training,18,22,0,0.0,0.0,0.0,0.0
P2,R04,training,18,23,0,0.0,0.0,0.0,0.0
P2,R04,training,18,24,0,0.0,0.0,0.0,0.0
P2,R04,training,18,25,0,0.0,0.0,0.0,0.0
P2,R04,training,18,26,0,0.0,0.0,0.0,0.0
P2,R04,training,18,27,0,0.0,0.0,0.0,0.0
P2,R04,training,18,28,0,0.0,0.0,0.0,0.0
P2,R04,training,18,29,0,0.0,0.0,0.0,0.0
P2,R04,training,18,30,0,0.0,0.0,0.0,0.0
P2,R04,training,18,31,0,0.0,0.0,0.0,0.0
P2,R04,training,18,32,0,0.0,0.0,0.0,0.0
P2,R04,training,18,33,0,0.0,0.0,0.0,0.0
P2,R04,training,18,34,0,0.0,0.0,0.0,0.0
P2,R04,training,18,35,0,0.0,0.0,0.0,0.0
P2,R04,training,18,36,0,0.0,0.0,0.0,0.0
P2,R04,training,18,37,0,0.0,0.0,0.0,0.0
P2,R04,training,18,38,0,0.0,0.0,0.0,0.0
P2,R04,training,18,39,0,0.0,0.0,0.0,0.0
P2,R04,training,18,40,0,0.0,0.0,0.0,0.0
P2,R04,training,18,41,0,0.0,0.0,0.0,0.0
P2,R04,training,18,42,0,0.0,0.0,0.0,0.0
P2,R04,training,18,43,0,0.0,0.0,0.0,0.0
P2,R04,training,18,44,0,0.0,0.0,0.0,0.0
P2,R04,training,18,45,0,0.0,0.0,0.0,0.0
P2,R04,training,18,46,0,0.0,0.0,0.0,0.0
P2,R04,training,18,47,0,0.0,0.0,0.0,0.0
P2,R04,training,18,48,0,0.0,0.0,0.0,0.0
P2,R04,training,18,49,0,0.0,0.0,0.0,0.0
P2,R04,training,18,50,0,0.0,0.0,0.0,0.0
P2,R04,training,18,51,0,0.0,0.0,0.0,0.0
P2,R04,training,18,52,0,0.0,0.0,0.0,0.0
P2,R04,training,18,53,0,0.0,0.0,0.0,0.0
P2,R04,training,18,54,0,0.0,0.0,0.0,0.0
P2,R04,training,18,55,0,0.0,0.0,0.0,0.0
P2,R04,training,18,56,0,0.0,0.0,0.0,0.0
P2,R04,training,18,57,0,0.0,0.0,0.0,0.0
P2,R04,training,18,58,0,0.0,0.0,0.0,0.0
P2,R04,training,18,59,0,0.0,0.0,0.0,0.0
P2,R04,training,18,60,0,0.0,0.0,0.0,0.0
P2,R04,training,18,61,0,0.0,0.0,0.0,0.0
P2,R04,training,18,62,0,0.0,0.0,0.0,0.0
P2,R04,training,18,63,0,0.0,0.0,0.0,0.0
P2,R04,training,18,64,0,0.0,0.0,0.0,0.0
P2,R04,training,18,65,0,0.0,0.0,0.0,0.0
P2,R04,training,18,66,0,0.0,0.0,0.0,0.0
P2,R04,training,18,67,0,0.0,0.0,0.0,0.0
P2,R04,training,18,68,0,0.0,0.0,0.0,0.0
P2,R04,training,18,69,0,0.0,0.0,0.0,0.0
P2,R04,training,18,70,0,0.0,0.0,0.0,0.0
P2,R04,training,18,71,0,0.0,0.0,0.0,0.0
P2,R04,training,18,72,0,0.0,0.0,0.0,0.0
P2,R04,training,18,73,0,0.0,0.0,0.0,0.0
P2,R04,training,18,74,0,0.0,0.0,0.0,0.0
P2,R04,training,18,75,0,0.0,0.0,0.0,0.0
P2,R04,training,18,76,0,0.0,0.0,0.0,0.0
P2,R04,training,18,77,0,0.0,0.0,0.0,0.0
P2,R04,training,18,78,0,0.0,0.0,0.0,0.0
P2,R04,training,18,79,0,0.0,0.0,0.0,0.0
P2,R04,training,18,80,0,0.0,0.0,0.0,0.0
P2,R04,training,18,81,0,0.0,0.0,0.0,0.0
P2,R04,training,18,82,0,0.0,0.0,0.0,0.0
P2,R04,training,18,83,0,0.0,0.0,0.0,0.0
P2,R04,training,18,84,0,0.0,0.0,0.0,0.0
P2,R04,training,18,85,0,0.0,0.0,0.0,0.0
P2,R04,training,18,86,0,0.0,0.0,0.0,0.0
P2,R04,training,18,87,0,0.0,0.0,0.0,0.0
P2,R04,training,18,88,0,0.0,0.0,0.0,0.0
P2,R04,training,18,89,0,0.0,0.0,0.0,0.0
P2,R04,training,18,90,0,0.0,0.0,0.0,0.0
P2,R04,training,18,91,0,0.0,0.0,0.0,0.0
P2,R04,training,18,92,0,0.0,0.0,0.0,0.0
P2,R04,training,18,93,0,0.0,0.0,0.0,0.0
P2,R04,training,18,94,0,0.0,0.0,0.0,0.0
P2,R04,training,18,95,0,0.0,0.0,0.0,0.0
P2,R04,training,18,96,0,0.0,0.0,0.0,0.0
P2,R04,training,18,97,0,0.0,0.0,0.0,0.0
P2,R04,training,18,98,0,0.0,0.0,0.0,0.0
P2,R04,training,18,99,0,0.0,0.0,0.0,0.0
P2,R04,training,18,100,0,0.0,0.0,0.0,0.0
P2,R04,training,18,101,0,0.0,0.0,0.0,0.0
P2,R04,training,18,102,0,0.0,0.0,0.0,0.0
P2,R04,training,18,103,0,0.0,0.0,0.0,0.0
P2,R04,training,18,104,0,0.0,0.0,0.0,0.0
P2,R04,training,18,105,0,0.0,0.0,0.0,0.0
P2,R04,training,18,106,0,0.0,0.0,0.0,0.0
P2,R04,training,18,107,0,0.0,0.0,0.0,0.0
P2,R04,training,18,108,0,0.0,0.0,0.0,0.0
P2,R04,training,18,109,0,0.0,0.0,0.0,0.0
P2,R04,training,18,110,0,0.0,0.0,0.0,0.0
P2,R04,training,18,111,0,0.0,0.0,0.0,0.0
P2,R04,training,18,112,0,0.0,0.0,0.0,0.0
P2,R04,training,18,113,0,0.0,0.0,0.0,0.0
P2,R04,training,18,114,0,0.0,0.0,0.0,0.0
P2,R04,training,18,115,0,0.0,0.0,0.0,0.0
P2,R04,training,18,116,0,0.0,0.0,0.0,0.0
P2,R04,training,18,117,0,0.0,0.0,0.0,0.0
P2,R04,training,18,118,0,0.0,0.0,0.0,0.0
P2,R04,training,18,119,0,0.0,0.0,0.0,0.0
P2,R04,training,18,120,0,0.0,0.0,0.0,0.0
P2,R04,training,18,121,0,0.0,0.0,0.0,0.0
P2,R04,training,18,122,0,0.0,0.0,0.0,0.0
P2,R04,training,18,123,0,0.0,0.0,0.0,0.0
P2,R04,training,18,124,0,0.0,0.0,0.0,0.0
P2,R04,training,18,125,0,0.0,0.0,0.0,0.0
P2,R04,training,18,126,0,0.0,0.0,0.0,0.0
P2,R04,training,18,127,0,0.0,0.0,0.0,0.0
P2,R04,training,18,128,0,0.0,0.0,0.0,0.0
P2,R04,training,18,129,0,0.0,0.0,0.0,0.0
P2,R04,training,18,130,0,0.0,0.0,0.0,0.0
P2,R04,training,18,131,0,0.0,0.0,0.0,0.0
P2,R04,training,18,132,0,0.0,0.0,0.0,0.0
P2,R04,training,18,133,0,0.0,0.0,0.0,0.0
P2,R04,training,18,134,0,0.0,0.0,0.0,0.0
P2,R04,training,18,135,0,0.0,0.0,0.0,0.0
P2,R04,training,18,136,0,0.0,0.0,0.0,0.0
P2,R04,training,18,137,0,0.0,0.0,0.0,0.0
P2,R04,training,18,138,0,0.0,0.0,0.0,0.0
P2,R04,training,18,139,0,0.0,0.0,0.0,0.0
P2,R04,training,18,140,0,0.0,0.0,0.0,0.0
P2,R04,training,18,141,0,0.0,0.0,0.0,0.0
P2,R04,training,18,142,0,0.0,0.0,0.0,0.0
P2,R04,training,18,143,0,0.0,0.0,0.0,0.0
P2,R04,training,18,144,0,0.0,0.0,0.0,0.0
P2,R04,training,18,145,0,0.0,0.0,0.0,0.0
P2,R04,training,18,146,0,0.0,0.0,0.0,0.0
P2,R04,training,18,147,0,0.0,0.0,0.0,0.0
P2,R04,training,18,148,0,0.0,0.0,0.0,0.0
P2,R04,training,18,149,0,0.0,0.0,0.0,0.0
P2,R04,training,18,150,0,0.0,0.0,0.0,0.0
P2,R04,training,18,151,0,0.0,0.0,0.0,0.0
P2,R04,training,18,152,0,0.0,0.0,0.0,0.0
P2,R04,training,18,153,0,0.0,0.0,0.0,0.0
P2,R04,training,18,154,0,0.0,0.0,0.0,0.0
P2,R04,training,18,155,0,0.0,0.0,0.0,0.0
P2,R04,training,18,156,0,0.0,0.0,0.0,0.0
P2,R04,training,18,157,0,0.0,0.0,0.0,0.0
P2,R04,training,18,158,0,0.0,0.0,0.0,0.0
P2,R04,training,18,159,0,0.0,0.0,0.0,0.0
P2,R04,training,18,160,0,0.0,0.0,0.0,0.0
P2,R04,training,18,161,0,0.0,0.0,0.0,0.0
P2,R04,training,18,162,0,0.0,0.0,0.0,0.0
P2,R04,training,18,163,0,0.0,0.0,0.0,0.0
P2,R04,training,18,164,0,0.0,0.0,0.0,0.0
P2,R04,training,18,165,0,0.0,0.0,0.0,0.0
P2,R04,training,18,166,0,0.0,0.0,0.0,0.0
P2,R04,training,18,167,0,0.0,0.0,0.0,0.0
P2,R04,training,18,168,0,0.0,0.0,0.0,0.0
P2,R04,training,18,169,0,0.0,0.0,0.0,0.0
P2,R04,training,18,170,0,0.0,0.0,0.0,0.0
P2,R04,training,18,171,0,0.0,0.0,0.0,0.0
P2,R04,training,18,172,0,0.0,0.0,0.0,0.0
P2,R04,training,18,173,0,0.0,0.0,0.0,0.0
P2,R04,training,18,174,0,0.0,0.0,0.0,0.0
P2,R04,training,18,175,0,0.0,0.0,0.0,0.0
P2,R04,training,18,176,0,0.0,0.0,0.0,0.0
P2,R04,training,18,177,0,0.0,0.0,0.0,0.0
P2,R04,training,18,178,0,0.0,0.0,0.0,0.0
P2,R04,training,18,179,0,0.0,0.0,0.0,0.0
P2,R04,training,18,180,0,0.0,0.0,0.0,0.0
P2,R04,training,18,181,0,0.0,0.0,0.0,0.0
P2,R04,training,18,182,0,0.0,0.0,0.0,0.0
P2,R04,training,18,183,0,0.0,0.0,0.0,0.0
P2,R04,training,18,184,0,0.0,0.0,0.0,0.0
P2,R04,training,18,185,0,0.0,0.0,0.0,0.0
P2,R04,training,18,186,0,0.0,0.0,0.0,0.0
P2,R04,training,18,187,0,0.0,0.0,0.0,0.0
P2,R04,training,18,188,0,0.0,0.0,0.0,0.0
P2,R04,training,18,189,0,0.0,0.0,0.0,0.0
P2,R04,training,18,190,0,0.0,0.0,0.0,0.0
P2,R04,training,18,191,0,0.0,0.0,0.0,0.0
P2,R04,training,18,192,0,0.0,0.0,0.0,0.0
P2,R04,training,18,193,0,0.0,0.0,0.0,0.0
P2,R04,training,18,194,0,0.0,0.0,0.0,0.0
P2,R04,training,18,195,0,0.0,0.0,0.0,0.0
P2,R04,training,18,196,0,0.0,0.0,0.0,0.0
P2,R04,training,18,197,0,0.0,0.0,0.0,0.0
P2,R04,training,18,198,0,0.0,0.0,0.0,0.0
P2,R04,training,18,199,0,0.0,0.0,0.0,0.0
P2,R04,training,18,200,0,0.0,0.0,0.0,0.0
P2,R04,training,18,201,0,0.0,0.0,0.0,0.0
P2,R04,training,18,202,0,0.0,0.0,0.0,0.0
P2,R04,training,18,203,0,0.0,0.0,0.0,0.0
P2,R04,training,18,204,0,0.0,0.0,0.0,0.0
P2,R04,training,18,205,0,0.0,0.0,0.0,0.0
P2,R04,training,18,206,0,0.0,0.0,0.0,0.0
P2,R04,training,18,207,0,0.0,0.0,0.0,0.0
P2,R04,training,18,208,0,0.0,0.0,0.0,0.0
P2,R04,training,18,209,0,0.0,0.0,0.0,0.0
P2,R04,training,18,210,0,0.0,0.0,0.0,0.0
P2,R04,training,18,211,0,0.0,0.0,0.0,0.0
P2,R04,training,18,212,0,0.0,0.0,0.0,0.0
P2,R04,training,18,213,0,0.0,0.0,0.0,0.0
P2,R04,training,18,214,0,0.0,0.0,0.0,0.0
P2,R04,training,18,215,0,0.0,0.0,0.0,0.0
P2,R04,training,18,216,0,0.0,0.0,0.0,0.0
P2,R04,training,18,217,0,0.0,0.0,0.0,0.0
P2,R04,training,18,218,0,0.0,0.0,0.0,0.0
P2,R04,training,18,219,0,0.0,0.0,0.0,0.0
P2,R04,training,18,220,0,0.0,0.0,0.0,0.0
P2,R04,training,18,221,0,0.0,0.0,0.0,0.0
P2,R04,training,18,222,0,0.0,0.0,0.0,0.0
P2,R04,training,18,223,0,0.0,0.0,0.0,0.0
P2,R04,training,18,224,0,0.0,0.0,0.0,0.0
P2,R04,training,18,225,0,0.0,0.0,0.0,0.0
P2,R04,training,18,226,0,0.0,0.0,0.0,0.0
P2,R04,training,18,227,0,0.0,0.0,0.0,0.0
P2,R04,training,18,228,0,0.0,0.0,0.0,0.0
P2,R04,training,18,229,0,0.0,0.0,0.0,0.0
P2,R04,training,18,230,0,0.0,0.0,0.0,0.0
P2,R04,training,18,231,0,0.0,0.0,0.0,0.0
P2,R04,training,18,232,0,0.0,0.0,0.0,0.0
P2,R04,training,18,233,0,0.0,0.0,0.0,0.0
P2,R04,training,18,234,0,0.0,0.0,0.0,0.0
P2,R04,training,18,235,0,0.0,0.0,0.0,0.0
P2,R04,training,18,236,0,0.0,0.0,0.0,0.0
P2,R04,training,18,237,0,0.0,0.0,0.0,0.0
P2,R04,training,18,238,0,0.0,0.0,0.0,0.0
P2,R04,training,18,239,0,0.0,0.0,0.0,0.0
P2,R04,training,18,240,0,0.0,0.0,0.0,0.0
P2,R04,training,18,241,0,0.0,0.0,0.0,0.0
P2,R04,training,18,242,0,0.0,0.0,0.0,0.0
P2,R04,training,18,243,0,0.0,0.0,0.0,0.0
P2,R04,training,18,244,0,0.0,0.0,0.0,0.0
P2,R04,training,18,245,0,0.0,0.0,0.0,0.0
P2,R04,training,18,246,0,0.0,0.0,0.0,0.0
P2,R04,training,18,247,0,0.0,0.0,0.0,0.0
P2,R04,training,18,248,0,0.0,0.0,0.0,0.0
P2,R04,training,18,249,0,0.0,0.0,0.0,0.0
P2,R04,training,18,250,0,0.0,0.0,0.0,0.0
P2,R04,training,18,251,0,0.0,0.0,0.0,0.0
P2,R04,training,18,252,0,0.0,0.0,0.0,0.0
P2,R04,training,18,253,0,0.0,0.0,0.0,0.0
P2,R04,training,18,254,0,0.0,0.0,0.0,0.0
P2,R04,training,18,255,0,0.0,0.0,0.0,0.0
P2,R04,training,18,256,0,0.0,0.0,0.0,0.0
P2,R04,training,18,257,0,0.0,0.0,0.0,0.0
P2,R04,training,18,258,0,0.0,0.0,0.0,0.0
P2,R04,training,18,259,0,0.0,0.0,0.0,0.0
P2,R04,training,18,260,0,0.0,0.0,0.0,0.0
P2,R04,training,18,261,0,0.0,0.0,0.0,0.0
P2,R04,training,18,262,0,0.0,0.0,0.0,0.0
P2,R04,training,18,263,0,0.0,0.0,0.0,0.0
P2,R04,training,18,264,0,0.0,0.0,0.0,0.0
P2,R04,training,18,265,0,0.0,0.0,0.0,0.0
P2,R04,training,18,266,0,0.0,0.0,0.0,0.0
P2,R04,training,18,267,0,0.0,0.0,0.0,0.0
P2,R04,training,18,268,0,0.0,0.0,0.0,0.0
P2,R04,training,18,269,0,0.0,0.0,0.0,0.0
P2,R04,training,18,270,0,0.0,0.0,0.0,0.0
P2,R04,training,18,271,0,0.0,0.0,0.0,0.0
P2,R04,training,18,272,0,0.0,0.0,0.0,0.0
P2,R04,training,18,273,0,0.0,0.0,0.0,0.0
P2,R04,training,18,274,0,0.0,0.0,0.0,0.0
P2,R04,training,18,275,0,0.0,0.0,0.0,0.0
P2,R04,training,18,276,0,0.0,0.0,0.0,0.0
P2,R04,training,18,277,0,0.0,0.0,0.0,0.0
P2,R04,training,18,278,0,0.0,0.0,0.0,0.0
P2,R04,training,18,279,0,0.0,0.0,0.0,0.0
P2,R04,training,18,280,0,0.0,0.0,0.0,0.0
P2,R04,training,18,281,0,0.0,0.0,0.0,0.0
P2,R04,training,18,282,0,0.0,0.0,0.0,0.0
P2,R04,training,18,283,0,0.0,0.0,0.0,0.0
P2,R04,training,18,284,0,0.0,0.0,0.0,0.0
P2,R04,training,18,285,0,0.0,0.0,0.0,0.0
P2,R04,training,18,286,0,0.0,0.0,0.0,0.0
P2,R04,training,18,287,0,0.0,0.0,0.0,0.0
P2,R04,training,18,288,0,0.0,0.0,0.0,0.0
P2,R04,training,18,289,0,0.0,0.0,0.0,0.0
P2,R04,training,18,290,0,0.0,0.0,0.0,0.0
P2,R04,training,18,291,0,0.0,0.0,0.0,0.0
P2,R04,training,18,292,0,0.0,0.0,0.0,0.0
P2,R04,training,18,293,0,0.0,0.0,0.0,0.0
P2,R04,training,18,294,0,0.0,0.0,0.0,0.0
P2,R04,training,18,295,0,0.0,0.0,0.0,0.0
P2,R04,training,18,296,0,0.0,0.0,0.0,0.0
P2,R04,training,18,297,0,0.0,0.0,0.0,0.0
P2,R04,training,18,298,0,0.0,0.0,0.0,0.0
P2,R04,training,18,299,0,0.0,0.0,0.0,0.0
P2,R04,training,18,300,0,0.0,0.0,0.0,0.0
P2,R04,training,18,301,0,0.0,0.0,0.0,0.0
P2,R04,training,18,302,0,0.0,0.0,0.0,0.0
P2,R04,training,18,303,0,0.0,0.0,0.0,0.0
P2,R04,training,18,304,0,0.0,0.0,0.0,0.0
P2,R04,training,18,305,0,0.0,0.0,0.0,0.0
P2,R04,training,18,306,0,0.0,0.0,0.0,0.0
P2,R04,training,18,307,0,0.0,0.0,0.0,0.0
P2,R04,training,18,308,0,0.0,0.0,0.0,0.0
P2,R04,training,18,309,0,0.0,0.0,0.0,0.0
P2,R04,training,18,310,0,0.0,0.0,0.0,0.0
P2,R04,training,18,311,0,0.0,0.0,0.0,0.0
P2,R04,training,18,312,0,0.0,0.0,0.0,0.0
P2,R04,training,18,313,0,0.0,0.0,0.0,0.0
P2,R04,training,18,314,0,0.0,0.0,0.0,0.0
P2,R04,training,18,315,0,0.0,0.0,0.0,0.0
P2,R04,training,18,316,0,0.0,0.0,0.0,0.0
P2,R04,training,18,317,0,0.0,0.0,0.0,0.0
P2,R04,training,18,318,0,0.0,0.0,0.0,0.0
P2,R04,training,18,319,0,0.0,0.0,0.0,0.0
P2,R04,training,18,320,0,0.0,0.0,0.0,0.0
P2,R04,training,18,321,0,0.0,0.0,0.0,0.0
P2,R04,training,18,322,0,0.0,0.0,0.0,0.0
P2,R04,training,18,323,0,0.0,0.0,0.0,0.0
P2,R04,training,18,324,0,0.0,0.0,0.0,0.0
P2,R04,training,18,325,0,0.0,0.0,0.0,0.0
P2,R04,training,18,326,0,0.0,0.0,0.0,0.0
P2,R04,training,18,327,0,0.0,0.0,0.0,0.0
P2,R04,training,18,328,0,0.0,0.0,0.0,0.0
P2,R04,training,18,329,0,0.0,0.0,0.0,0.0
P2,R04,training,18,330,0,0.0,0.0,0.0,0.0
P2,R04,training,18,331,0,0.0,0.0,0.0,0.0
P2,R04,training,18,332,0,0.0,0.0,0.0,0.0
P2,R04,training,18,333,0,0.0,0.0,0.0,0.0
P2,R04,training,18,334,0,0.0,0.0,0.0,0.0
P2,R04,training,18,335,0,0.0,0.0,0.0,0.0
P2,R04,training,18,336,0,0.0,0.0,0.0,0.0
P2,R04,training,18,337,0,0.0,0.0,0.0,0.0
P2,R04,training,18,338,0,0.0,0.0,0.0,0.0
P2,R04,training,18,339,0,0.0,0.0,0.0,0.0
P2,R04,training,18,340,0,0.0,0.0,0.0,0.0
P2,R04,training,18,341,0,0.0,0.0,0.0,0.0
P2,R04,training,18,342,0,0.0,0.0,0.0,0.0
P2,R04,training,18,343,0,0.0,0.0,0.0,0.0
P2,R04,training,18,344,0,0.0,0.0,0.0,0.0
P2,R04,training,18,345,0,0.0,0.0,0.0,0.0
P2,R04,training,18,346,0,0.0,0.0,0.0,0.0
P2,R04,training,18,347,0,0.0,0.0,0.0,0.0
P2,R04,training,18,348,0,0.0,0.0,0.0,0.0
P2,R04,training,18,349,0,0.0,0.0,0.0,0.0
P2,R04,training,18,350,0,0.0,0.0,0.0,0.0
P2,R04,training,18,351,0,0.0,0.0,0.0,0.0
P2,R04,training,18,352,0,0.0,0.0,0.0,0.0
P2,R04,training,18,353,0,0.0,0.0,0.0,0.0
P2,R04,training,18,354,0,0.0,0.0,0.0,0.0
P2,R04,training,18,355,0,0.0,0.0,0.0,0.0
P2,R04,training,18,356,0,0.0,0.0,0.0,0.0
P2,R04,training,18,357,0,0.0,0.0,0.0,0.0
P2,R04,training,18,358,0,0.0,0.0,0.0,0.0
P2,R04,training,18,359,0,0.0,0.0,0.0,0.0
P2,R04,training,18,360,0,0.0,0.0,0.0,0.0
P2,R04,training,18,361,0,0.0,0.0,0.0,0.0
P2,R04,training,18,362,0,0.0,0.0,0.0,0.0
P2,R04,training,18,363,0,0.0,0.0,0.0,0.0
P2,R04,training,18,364,0,0.0,0.0,0.0,0.0
P2,R04,training,18,365,0,0.0,0.0,0.0,0.0
P2,R04,training,18,366,0,0.0,0.0,0.0,0.0
P2,R04,training,18,367,0,0.0,0.0,0.0,0.0
P2,R04,training,18,368,0,0.0,0.0,0.0,0.0
P2,R04,training,18,369,0,0.0,0.0,0.0,0.0
P2,R04,training,18,370,0,0.0,0.0,0.0,0.0
P2,R04,training,18,371,0,0.0,0.0,0.0,0.0
P2,R04,training,18,372,0,0.0,0.0,0.0,0.0
P2,R04,training,18,373,0,0.0,0.0,0.0,0.0
P2,R04,training,18,374,0,0.0,0.0,0.0,0.0
P2,R04,training,18,375,0,0.0,0.0,0.0,0.0
P2,R04,training,18,376,0,0.0,0.0,0.0,0.0
P2,R04,training,18,377,0,0.0,0.0,0.0,0.0
P2,R04,training,18,378,0,0.0,0.0,0.0,0.0
P2,R04,training,18,379,0,0.0,0.0,0.0,0.0
P2,R04,training,18,380,0,0.0,0.0,0.0,0.0
P2,R04,training,18,381,0,0.0,0.0,0.0,0.0
P2,R04,training,18,382,0,0.0,0.0,0.0,0.0
P2,R04,training,18,383,0,0.0,0.0,0.0,0.0
P2,R04,training,18,384,0,0.0,0.0,0.0,0.0
P2,R04,training,18,385,0,0.0,0.0,0.0,0.0
P2,R04,training,18,386,0,0.0,0.0,0.0,0.0
P2,R04,training,18,387,0,0.0,0.0,0.0,0.0
P2,R04,training,18,388,0,0.0,0.0,0.0,0.0
P2,R04,training,18,389,0,0.0,0.0,0.0,0.0
P2,R04,training,18,390,0,0.0,0.0,0.0,0.0
P2,R04,training,18,391,0,0.0,0.0,0.0,0.0
P2,R04,training,18,392,0,0.0,0.0,0.0,0.0
P2,R04,training,18,393,0,0.0,0.0,0.0,0.0
P2,R04,training,18,394,0,0.0,0.0,0.0,0.0
P2,R04,training,18,395,0,0.0,0.0,0.0,0.0
P2,R04,training,18,396,0,0.0,0.0,0.0,0.0
P2,R04,training,18,397,0,0.0,0.0,0.0,0.0
P2,R04,training,18,398,0,0.0,0.0,0.0,0.0
P2,R04,training,18,399,0,0.0,0.0,0.0,0.0
P2,R04,training,18,400,0,0.0,0.0,0.0,0.0
P2,R04,training,18,401,0,0.0,0.0,0.0,0.0
P2,R04,training,18,402,0,0.0,0.0,0.0,0.0
P2,R04,training,18,403,0,0.0,0.0,0.0,0.0
P2,R04,training,18,404,0,0.0,0.0,0.0,0.0
P2,R04,training,18,405,0,0.0,0.0,0.0,0.0
P2,R04,training,18,406,0,0.0,0.0,0.0,0.0
P2,R04,training,18,407,0,0.0,0.0,0.0,0.0
P2,R04,training,18,408,0,0.0,0.0,0.0,0.0
P2,R04,training,18,409,0,0.0,0.0,0.0,0.0
P2,R04,training,18,410,0,0.0,0.0,0.0,0.0
P2,R04,training,18,411,0,0.0,0.0,0.0,0.0
P3,R04,training,18,0,0,0.0,0.0,0.0,0.0
P3,R04,training,18,1,0,0.0,0.0,0.0,0.0
P3,R04,training,18,2,0,0.0,0.0,0.0,0.0
P3,R04,training,18,3,0,0.0,0.0,0.0,0.0
P3,R04,training,18,4,0,0.0,0.0,0.0,0.0
P3,R04,training,18,5,0,0.0,0.0,0.0,0.0
P3,R04,training,18,6,0,0.0,0.0,0.0,0.0
P3,R04,training,18,7,0,0.0,0.0,0.0,0.0
P3,R04,training,18,8,0,0.0,0.0,0.0,0.0
P3,R04,training,18,9,0,0.0,0.0,0.0,0.0
P3,R04,training,18,10,0,0.0,0.0,0.0,0.0
P3,R04,training,18,11,0,0.0,0.0,0.0,0.0
P3,R04,training,18,12,0,0.0,0.0,0.0,0.0
P3,R04,training,18,13,0,0.0,0.0,0.0,0.0
P3,R04,training,18,14,0,0.0,0.0,0.0,0.0
P3,R04,training,18,15,0,0.0,0.0,0.0,0.0
P3,R04,training,18,16,0,0.0,0.0,0.0,0.0
P3,R04,training,18,17,0,0.0,0.0,0.0,0.0
P3,R04,training,18,18,0,0.0,0.0,0.0,0.0
P3,R04,training,18,19,0,0.0,0.0,0.0,0.0
P3,R04,training,18,20,0,0.0,0.0,0.0,0.0
P3,R04,training,18,21,0,0.0,0.0,0.0,0.0
P3,R04,training,18,22,0,0.0,0.0,0.0,0.0
P3,R04,training,18,23,0,0.0,0.0,0.0,0.0
P3,R04,training,18,24,0,0.0,0.0,0.0,0.0
P3,R04,training,18,25,0,0.0,0.0,0.0,0.0
P3,R04,training,18,26,0,0.0,0.0,0.0,0.0
P3,R04,training,18,27,0,0.0,0.0,0.0,0.0
P3,R04,training,18,28,0,0.0,0.0,0.0,0.0
P3,R04,training,18,29,0,0.0,0.0,0.0,0.0
P3,R04,training,18,30,0,0.0,0.0,0.0,0.0
P3,R04,training,18,31,0,0.0,0.0,0.0,0.0
P3,R04,training,18,32,0,0.0,0.0,0.0,0.0
P3,R04,training,18,33,0,0.0,0.0,0.0,0.0
P3,R04,training,18,34,0,0.0,0.0,0.0,0.0
P3,R04,training,18,35,0,0.0,0.0,0.0,0.0
P3,R04,training,18,36,0,0.0,0.0,0.0,0.0
P3,R04,training,18,37,0,0.0,0.0,0.0,0.0
P3,R04,training,18,38,0,0.0,0.0,0.0,0.0
P3,R04,training,18,39,0,0.0,0.0,0.0,0.0
P3,R04,training,18,40,0,0.0,0.0,0.0,0.0
P3,R04,training,18,41,0,0.0,0.0,0.0,0.0
P3,R04,training,18,42,0,0.0,0.0,0.0,0.0
P3,R04,training,18,43,0,0.0,0.0,0.0,0.0
P3,R04,training,18,44,0,0.0,0.0,0.0,0.0
P3,R04,training,18,45,0,0.0,0.0,0.0,0.0
P3,R04,training,18,46,0,0.0,0.0,0.0,0.0
P3,R04,training,18,47,0,0.0,0.0,0.0,0.0
P3,R04,training,18,48,0,0.0,0.0,0.0,0.0
P3,R04,training,18,49,0,0.0,0.0,0.0,0.0
P3,R04,training,18,50,0,0.0,0.0,0.0,0.0
P3,R04,training,18,51,0,0.0,0.0,0.0,0.0
P3,R04,training,18,52,0,0.0,0.0,0.0,0.0
P3,R04,training,18,53,0,0.0,0.0,0.0,0.0
P3,R04,training,18,54,0,0.0,0.0,0.0,0.0
P3,R04,training,18,55,0,0.0,0.0,0.0,0.0
P3,R04,training,18,56,0,0.0,0.0,0.0,0.0
P3,R04,training,18,57,0,0.0,0.0,0.0,0.0
P3,R04,training,18,58,0,0.0,0.0,0.0,0.0
P3,R04,training,18,59,0,0.0,0.0,0.0,0.0
P3,R04,training,18,60,0,0.0,0.0,0.0,0.0
P3,R04,training,18,61,0,0.0,0.0,0.0,0.0
P3,R04,training,18,62,0,0.0,0.0,0.0,0.0
P3,R04,training,18,63,0,0.0,0.0,0.0,0.0
P3,R04,training,18,64,0,0.0,0.0,0.0,0.0
P3,R04,training,18,65,0,0.0,0.0,0.0,0.0
P3,R04,training,18,66,0,0.0,0.0,0.0,0.0
P3,R04,training,18,67,0,0.0,0.0,0.0,0.0
P3,R04,training,18,68,0,0.0,0.0,0.0,0.0
P3,R04,training,18,69,0,0.0,0.0,0.0,0.0
P3,R04,training,18,70,0,0.0,0.0,0.0,0.0
P3,R04,training,18,71,0,0.0,0.0,0.0,0.0
P3,R04,training,18,72,0,0.0,0.0,0.0,0.0
P3,R04,training,18,73,0,0.0,0.0,0.0,0.0
P3,R04,training,18,74,0,0.0,0.0,0.0,0.0
P3,R04,training,18,75,0,0.0,0.0,0.0,0.0
P3,R04,training,18,76,0,0.0,0.0,0.0,0.0
P3,R04,training,18,77,0,0.0,0.0,0.0,0.0
P3,R04,training,18,78,0,0.0,0.0,0.0,0.0
P3,R04,training,18,79,0,0.0,0.0,0.0,0.0
P3,R04,training,18,80,0,0.0,0.0,0.0,0.0
P3,R04,training,18,81,0,0.0,0.0,0.0,0.0
P3,R04,training,18,82,0,0.0,0.0,0.0,0.0
P3,R04,training,18,83,0,0.0,0.0,0.0,0.0
P3,R04,training,18,84,0,0.0,0.0,0.0,0.0
P3,R04,training,18,85,0,0.0,0.0,0.0,0.0
P3,R04,training,18,86,0,0.0,0.0,0.0,0.0
P3,R04,training,18,87,0,0.0,0.0,0.0,0.0
P3,R04,training,18,88,0,0.0,0.0,0.0,0.0
P3,R04,training,18,89,0,0.0,0.0,0.0,0.0
P3,R04,training,18,90,0,0.0,0.0,0.0,0.0
P3,R04,training,18,91,0,0.0,0.0,0.0,0.0
P3,R04,training,18,92,0,0.0,0.0,0.0,0.0
P3,R04,training,18,93,0,0.0,0.0,0.0,0.0
P3,R04,training,18,94,0,0.0,0.0,0.0,0.0
P3,R04,training,18,95,0,0.0,0.0,0.0,0.0
P3,R04,training,18,96,0,0.0,0.0,0.0,0.0
P3,R04,training,18,97,0,0.0,0.0,0.0,0.0
P3,R04,training,18,98,0,0.0,0.0,0.0,0.0
P3,R04,training,18,99,0,0.0,0.0,0.0,0.0
P3,R04,training,18,100,0,0.0,0.0,0.0,0.0
P3,R04,training,18,101,0,0.0,0.0,0.0,0.0
P3,R04,training,18,102,0,0.0,0.0,0.0,0.0
P3,R04,training,18,103,0,0.0,0.0,0.0,0.0
P3,R04,training,18,104,0,0.0,0.0,0.0,0.0
P3,R04,training,18,105,0,0.0,0.0,0.0,0.0
P3,R04,training,18,106,0,0.0,0.0,0.0,0.0
P3,R04,training,18,107,0,0.0,0.0,0.0,0.0
P3,R04,training,18,108,0,0.0,0.0,0.0,0.0
P3,R04,training,18,109,0,0.0,0.0,0.0,0.0
P3,R04,training,18,110,0,0.0,0.0,0.0,0.0
P3,R04,training,18,111,0,0.0,0.0,0.0,0.0
P3,R04,training,18,112,0,0.0,0.0,0.0,0.0
P3,R04,training,18,113,0,0.0,0.0,0.0,0.0
P3,R04,training,18,114,0,0.0,0.0,0.0,0.0
P3,R04,training,18,115,0,0.0,0.0,0.0,0.0
P3,R04,training,18,116,0,0.0,0.0,0.0,0.0
P3,R04,training,18,117,0,0.0,0.0,0.0,0.0
P3,R04,training,18,118,0,0.0,0.0,0.0,0.0
P3,R04,training,18,119,0,0.0,0.0,0.0,0.0
P3,R04,training,18,120,0,0.0,0.0,0.0,0.0
P3,R04,training,18,121,0,0.0,0.0,0.0,0.0
P3,R04,training,18,122,0,0.0,0.0,0.0,0.0
P3,R04,training,18,123,0,0.0,0.0,0.0,0.0
P3,R04,training,18,124,0,0.0,0.0,0.0,0.0
P3,R04,training,18,125,0,0.0,0.0,0.0,0.0
P3,R04,training,18,126,0,0.0,0.0,0.0,0.0
P3,R04,training,18,127,0,0.0,0.0,0.0,0.0
P3,R04,training,18,128,0,0.0,0.0,0.0,0.0
P3,R04,training,18,129,0,0.0,0.0,0.0,0.0
P3,R04,training,18,130,0,0.0,0.0,0.0,0.0
P3,R04,training,18,131,0,0.0,0.0,0.0,0.0
P3,R04,training,18,132,0,0.0,0.0,0.0,0.0
P3,R04,training,18,133,0,0.0,0.0,0.0,0.0
P3,R04,training,18,134,0,0.0,0.0,0.0,0.0
P3,R04,training,18,135,0,0.0,0.0,0.0,0.0
P3,R04,training,18,136,0,0.0,0.0,0.0,0.0
P3,R04,training,18,137,0,0.0,0.0,0.0,0.0
P3,R04,training,18,138,0,0.0,0.0,0.0,0.0
P3,R04,training,18,139,0,0.0,0.0,0.0,0.0
P3,R04,training,18,140,0,0.0,0.0,0.0,0.0
P3,R04,training,18,141,0,0.0,0.0,0.0,0.0
P3,R04,training,18,142,0,0.0,0.0,0.0,0.0
P3,R04,training,18,143,0,0.0,0.0,0.0,0.0
P3,R04,training,18,144,0,0.0,0.0,0.0,0.0
P3,R04,training,18,145,0,0.0,0.0,0.0,0.0
P3,R04,training,18,146,0,0.0,0.0,0.0,0.0
P3,R04,training,18,147,0,0.0,0.0,0.0,0.0
P3,R04,training,18,148,0,0.0,0.0,0.0,0.0
P3,R04,training,18,149,0,0.0,0.0,0.0,0.0
P3,R04,training,18,150,0,0.0,0.0,0.0,0.0
P3,R04,training,18,151,0,0.0,0.0,0.0,0.0
P3,R04,training,18,152,0,0.0,0.0,0.0,0.0
P3,R04,training,18,153,0,0.0,0.0,0.0,0.0
P3,R04,training,18,154,0,0.0,0.0,0.0,0.0
P3,R04,training,18,155,0,0.0,0.0,0.0,0.0
P3,R04,training,18,156,0,0.0,0.0,0.0,0.0
P3,R04,training,18,157,0,0.0,0.0,0.0,0.0
P3,R04,training,18,158,0,0.0,0.0,0.0,0.0
P3,R04,training,18,159,0,0.0,0.0,0.0,0.0
P3,R04,training,18,160,0,0.0,0.0,0.0,0.0
P3,R04,training,18,161,0,0.0,0.0,0.0,0.0
P3,R04,training,18,162,0,0.0,0.0,0.0,0.0
P3,R04,training,18,163,0,0.0,0.0,0.0,0.0
P3,R04,training,18,164,0,0.0,0.0,0.0,0.0
P3,R04,training,18,165,0,0.0,0.0,0.0,0.0
P3,R04,training,18,166,0,0.0,0.0,0.0,0.0
P3,R04,training,18,167,0,0.0,0.0,0.0,0.0
P3,R04,training,18,168,0,0.0,0.0,0.0,0.0
P3,R04,training,18,169,0,0.0,0.0,0.0,0.0
P3,R04,training,18,170,0,0.0,0.0,0.0,0.0
P3,R04,training,18,171,0,0.0,0.0,0.0,0.0
P3,R04,training,18,172,0,0.0,0.0,0.0,0.0
P3,R04,training,18,173,0,0.0,0.0,0.0,0.0
P3,R04,training,18,174,0,0.0,0.0,0.0,0.0
P3,R04,training,18,175,0,0.0,0.0,0.0,0.0
P3,R04,training,18,176,0,0.0,0.0,0.0,0.0
P3,R04,training,18,177,0,0.0,0.0,0.0,0.0
P3,R04,training,18,178,0,0.0,0.0,0.0,0.0
P3,R04,training,18,179,0,0.0,0.0,0.0,0.0
P3,R04,training,18,180,0,0.0,0.0,0.0,0.0
P3,R04,training,18,181,0,0.0,0.0,0.0,0.0
P3,R04,training,18,182,0,0.0,0.0,0.0,0.0
P3,R04,training,18,183,0,0.0,0.0,0.0,0.0
P3,R04,training,18,184,0,0.0,0.0,0.0,0.0
P3,R04,training,18,185,0,0.0,0.0,0.0,0.0
P3,R04,training,18,186,0,0.0,0.0,0.0,0.0
P3,R04,training,18,187,0,0.0,0.0,0.0,0.0
P3,R04,training,18,188,0,0.0,0.0,0.0,0.0
P3,R04,training,18,189,0,0.0,0.0,0.0,0.0
P3,R04,training,18,190,0,0.0,0.0,0.0,0.0
P3,R04,training,18,191,0,0.0,0.0,0.0,0.0
P3,R04,training,18,192,0,0.0,0.0,0.0,0.0
P3,R04,training,18,193,0,0.0,0.0,0.0,0.0
P3,R04,training,18,194,0,0.0,0.0,0.0,0.0
P3,R04,training,18,195,0,0.0,0.0,0.0,0.0
P3,R04,training,18,196,0,0.0,0.0,0.0,0.0
P3,R04,training,18,197,0,0.0,0.0,0.0,0.0
P3,R04,training,18,198,0,0.0,0.0,0.0,0.0
P3,R04,training,18,199,0,0.0,0.0,0.0,0.0
P3,R04,training,18,200,0,0.0,0.0,0.0,0.0
P3,R04,training,18,201,0,0.0,0.0,0.0,0.0
P3,R04,training,18,202,0,0.0,0.0,0.0,0.0
P3,R04,training,18,203,0,0.0,0.0,0.0,0.0
P3,R04,training,18,204,0,0.0,0.0,0.0,0.0
P3,R04,training,18,205,0,0.0,0.0,0.0,0.0
P3,R04,training,18,206,0,0.0,0.0,0.0,0.0
P3,R04,training,18,207,0,0.0,0.0,0.0,0.0
P3,R04,training,18,208,0,0.0,0.0,0.0,0.0
P3,R04,training,18,209,0,0.0,0.0,0.0,0.0
P3,R04,training,18,210,0,0.0,0.0,0.0,0.0
P3,R04,training,18,211,0,0.0,0.0,0.0,0.0
P3,R04,training,18,212,0,0.0,0.0,0.0,0.0
P3,R04,training,18,213,0,0.0,0.0,0.0,0.0
P3,R04,training,18,214,0,0.0,0.0,0.0,0.0
P3,R04,training,18,215,0,0.0,0.0,0.0,0.0
P3,R04,training,18,216,0,0.0,0.0,0.0,0.0
P3,R04,training,18,217,0,0.0,0.0,0.0,0.0
P3,R04,training,18,218,0,0.0,0.0,0.0,0.0
P3,R04,training,18,219,0,0.0,0.0,0.0,0.0
P3,R04,training,18,220,0,0.0,0.0,0.0,0.0
P3,R04,training,18,221,0,0.0,0.0,0.0,0.0
P3,R04,training,18,222,0,0.0,0.0,0.0,0.0
P3,R04,training,18,223,0,0.0,0.0,0.0,0.0
P3,R04,training,18,224,0,0.0,0.0,0.0,0.0
P3,R04,training,18,225,0,0.0,0.0,0.0,0.0
P3,R04,training,18,226,0,0.0,0.0,0.0,0.0
P3,R04,training,18,227,0,0.0,0.0,0.0,0.0
P3,R04,training,18,228,0,0.0,0.0,0.0,0.0
P3,R04,training,18,229,0,0.0,0.0,0.0,0.0
P3,R04,training,18,230,0,0.0,0.0,0.0,0.0
P3,R04,training,18,231,0,0.0,0.0,0.0,0.0
P3,R04,training,18,232,0,0.0,0.0,0.0,0.0
P3,R04,training,18,233,0,0.0,0.0,0.0,0.0
P3,R04,training,18,234,0,0.0,0.0,0.0,0.0
P3,R04,training,18,235,0,0.0,0.0,0.0,0.0
P3,R04,training,18,236,0,0.0,0.0,0.0,0.0
P3,R04,training,18,237,0,0.0,0.0,0.0,0.0
P3,R04,training,18,238,0,0.0,0.0,0.0,0.0
P3,R04,training,18,239,0,0.0,0.0,0.0,0.0
P3,R04,training,18,240,0,0.0,0.0,0.0,0.0
P3,R04,training,18,241,0,0.0,0.0,0.0,0.0
P3,R04,training,18,242,0,0.0,0.0,0.0,0.0
P3,R04,training,18,243,0,0.0,0.0,0.0,0.0
P3,R04,training,18,244,0,0.0,0.0,0.0,0.0
P3,R04,training,18,245,0,0.0,0.0,0.0,0.0
P3,R04,training,18,246,0,0.0,0.0,0.0,0.0
P3,R04,training,18,247,0,0.0,0.0,0.0,0.0
P3,R04,training,18,248,0,0.0,0.0,0.0,0.0
P3,R04,training,18,249,0,0.0,0.0,0.0,0.0
P3,R04,training,18,250,0,0.0,0.0,0.0,0.0
P3,R04,training,18,251,0,0.0,0.0,0.0,0.0
P3,R04,training,18,252,0,0.0,0.0,0.0,0.0
P3,R04,training,18,253,0,0.0,0.0,0.0,0.0
P3,R04,training,18,254,0,0.0,0.0,0.0,0.0
P3,R04,training,18,255,0,0.0,0.0,0.0,0.0
P3,R04,training,18,256,0,0.0,0.0,0.0,0.0
P3,R04,training,18,257,0,0.0,0.0,0.0,0.0
P3,R04,training,18,258,0,0.0,0.0,0.0,0.0
P3,R04,training,18,259,0,0.0,0.0,0.0,0.0
P3,R04,training,18,260,0,0.0,0.0,0.0,0.0
P3,R04,training,18,261,0,0.0,0.0,0.0,0.0
P3,R04,training,18,262,0,0.0,0.0,0.0,0.0
P3,R04,training,18,263,0,0.0,0.0,0.0,0.0
P3,R04,training,18,264,0,0.0,0.0,0.0,0.0
P3,R04,training,18,265,0,0.0,0.0,0.0,0.0
P3,R04,training,18,266,0,0.0,0.0,0.0,0.0
P3,R04,training,18,267,0,0.0,0.0,0.0,0.0
P3,R04,training,18,268,0,0.0,0.0,0.0,0.0
P3,R04,training,18,269,0,0.0,0.0,0.0,0.0
P3,R04,training,18,270,0,0.0,0.0,0.0,0.0
P3,R04,training,18,271,0,0.0,0.0,0.0,0.0
P3,R04,training,18,272,0,0.0,0.0,0.028584111525727016,0.02711154384826513
P3,R04,training,18,273,0,0.0,0.0,0.028584111525727016,0.027068453676455377
P3,R04,training,18,274,0,0.0,0.0,0.028584111525727016,0.02702479514667155
P3,R04,training,18,275,0,0.0,0.0,0.028584111525727016,0.026980571231548463
P3,R04,training,18,276,0,0.0,0.0,0.028584111525727016,0.026935784938828162
P3,R04,training,18,277,0,0.0,0.0,0.028584111525727016,0.026890439311019202
P3,R04,training,18,278,0,0.0,0.0,0.028584111525727016,0.026844537425052398
P3,R04,training,18,279,0,0.0,0.0,0.028584111525727016,0.026798082391933105
P3,R04,training,18,280,0,0.0,0.0,0.028584111525727016,0.026751077356390048
P3,R04,training,18,281,0,0.0,0.0,0.028584111525727016,0.02670352549652082
P3,R04,training,18,282,0,0.0,0.0,0.028584111525727016,0.026655430023434047
P3,R04,training,18,283,0,0.0,0.0,0.028584111525727016,0.0266067941808883
P3,R04,training,18,284,0,0.0,0.0,0.028584111525727016,0.02655762124492783
P3,R04,training,18,285,0,0.0,0.0,0.028584111525727016,0.026507914523515145
P3,R04,training,18,286,0,0.0,0.0,0.028584111525727016,0.026457677356160492
P3,R04,training,18,287,0,0.0,0.0,0.028584111525727016,0.026406913113548345
P3,R04,training,18,288,0,0.0,0.0,0.0305037925686838,0.028125643272437686
P3,R04,training,18,289,0,0.0,0.0,0.0305037925686838,0.02807035572881147
P3,R04,training,18,290,0,0.0,0.0,0.0305037925686838,0.028014516698810662
P3,R04,training,18,291,0,0.0,0.0,0.0305037925686838,0.02795812990851455
P3,R04,training,18,292,0,0.0,0.0,0.0305037925686838,0.027901199115230986
P3,R04,training,18,293,0,0.0,0.0,0.0305037925686838,0.02784372810707976
P3,R04,training,18,294,0,0.0,0.0,0.0305037925686838,0.027785720702573125
P3,R04,training,18,295,0,0.0,0.0,0.0305037925686838,0.02772718075019367
P3,R04,training,18,296,0,0.0,0.0,0.0305037925686838,0.027668112127969505
P3,R04,training,18,297,0,0.0,0.0,0.0305037925686838,0.02760851874304684
P3,R04,training,18,298,0,0.0,0.0,0.0305037925686838,0.027548404531260104
P3,R04,training,18,299,0,0.0,0.0,0.0305037925686838,0.02748777345669954
P3,R04,training,18,300,0,0.0,0.0,0.0305037925686838,0.027426629511276463
P3,R04,training,18,301,0,0.0,0.0,0.0305037925686838,0.027364976714286157
P3,R04,training,18,302,0,0.0,0.0,0.0305037925686838,0.027302819111968545
P3,R04,training,18,303,0,0.0,0.0,0.0305037925686838,0.027240160777066664
P3,R04,training,18,304,0,0.0,0.0,0.03222849575045096,0.028713610421828455
P3,R04,training,18,305,0,0.0,0.0,0.03222849575045096,0.028646364276247782
P3,R04,training,18,306,0,0.0,0.0,0.03222849575045096,0.02857860215872152
P3,R04,training,18,307,0,0.0,0.0,0.03222849575045096,0.02851032847956582
P3,R04,training,18,308,0,0.0,0.0,0.03222849575045096,0.02844154767473377
P3,R04,training,18,309,0,0.0,0.0,0.03222849575045096,0.028372264205336548
P3,R04,training,18,310,0,0.0,0.0,0.03222849575045096,0.028302482557162712
P3,R04,training,18,311,0,0.0,0.0,0.03222849575045096,0.0282322072401958
P3,R04,training,18,312,0,0.0,0.0,0.03222849575045096,0.028161442788130233
P3,R04,training,18,313,0,0.0,0.0,0.03222849575045096,0.02809019375788564
P3,R04,training,18,314,0,0.0,0.0,0.03222849575045096,0.028018464729119657
P3,R04,training,18,315,0,0.0,0.0,0.03222849575045096,0.027946260303739277
P3,R04,training,18,316,0,0.0,0.0,0.03222849575045096,0.027873585105410825
P3,R04,training,18,317,0,0.0,0.0,0.03222849575045096,0.027800443779068623
P3,R04,training,18,318,0,0.0,0.0,0.03222849575045096,0.027726840990422434
P3,R04,training,18,319,0,0.0,0.0,0.03222849575045096,0.02765278142546375
P3,R04,training,18,320,0,0.0,0.0,0.033711904437921394,0.02884763852838856
P3,R04,training,18,321,0,0.0,0.0,0.033711904437921394,0.02876922934595681
P3,R04,training,18,322,0,0.0,0.0,0.033711904437921394,0.02869035718991987
P3,R04,training,18,323,0,0.0,0.0,0.033711904437921394,0.02861102704163039
P3,R04,training,18,324,0,0.0,0.0,0.033711904437921394,0.028531243901058552
P3,R04,training,18,325,0,0.0,0.0,0.033711904437921394,0.02845101278626994
P3,R04,training,18,326,0,0.0,0.0,0.033711904437921394,0.028370338732902768
P3,R04,training,18,327,0,0.0,0.0,0.033711904437921394,0.02828922679364449
P3,R04,training,18,328,0,0.0,0.0,0.033711904437921394,0.02820768203770784
P3,R04,training,18,329,0,0.0,0.0,0.033711904437921394,0.028125709550306504
P3,R04,training,18,330,0,0.0,0.0,0.033711904437921394,0.028043314432130317
P3,R04,training,18,331,0,0.0,0.0,0.033711904437921394,0.02796050179882025
P3,R04,training,18,332,0,0.0,0.0,0.033711904437921394,0.027877276780443112
P3,R04,training,18,333,0,0.0,0.0,0.033711904437921394,0.0277936445209661
P3,R04,training,18,334,0,0.0,0.0,0.033711904437921394,0.027709610177731304
P3,R04,training,18,335,0,0.0,0.0,0.033711904437921394,0.027625178920930197
P3,R04,training,18,336,0,0.0,0.0,0.03491271265708089,0.028521335391652396
P3,R04,training,18,337,0,0.0,0.0,0.03491271265708089,0.028433090728610666
P3,R04,training,18,338,0,0.0,0.0,0.03491271265708089,0.028344451151515123
P3,R04,training,18,339,0,0.0,0.0,0.03491271265708089,0.02825542206250649
P3,R04,training,18,340,0,0.0,0.0,0.03491271265708089,0.028166008874314002
P3,R04,training,18,341,0,0.0,0.0,0.03491271265708089,0.02807621700971279
P3,R04,training,18,342,0,0.0,0.0,0.03491271265708089,0.02798605190098173
P3,R04,training,18,343,0,0.0,0.0,0.03491271265708089,0.02789551898936194
P3,R04,training,18,344,0,0.0,0.0,0.03491271265708089,0.02780462372451594
P3,R04,training,18,345,0,0.0,0.0,0.03491271265708089,0.02771337156398758
P3,R04,training,18,346,0,0.0,0.0,0.03491271265708089,0.027621767972662758
P3,R04,training,18,347,0,0.0,0.0,0.03491271265708089,0.027529818422231074
P3,R04,training,18,348,0,0.0,0.0,0.03491271265708089,0.027437528390648447
P3,R04,training,18,349,0,0.0,0.0,0.03491271265708089,0.027344903361600774
P3,R04,training,18,350,0,0.0,0.0,0.03491271265708089,0.027251948823968697
P3,R04,training,18,351,0,0.0,0.0,0.03491271265708089,0.02715867027129358
P3,R04,training,18,352,0,0.0,0.0,0.035796532185829635,0.02775022879133672
P3,R04,training,18,353,0,0.0,0.0,0.035796532185829635,0.027653941360030434
P3,R04,training,18,354,0,0.0,0.0,0.035796532185829635,0.027557338632250846
P3,R04,training,18,355,0,0.0,0.0,0.035796532185829635,0.027460426254275225
P3,R04,training,18,356,0,0.0,0.0,0.035796532185829635,0.027363209874442615
P3,R04,training,18,357,0,0.0,0.0,0.035796532185829635,0.027265695142615128
P3,R04,training,18,358,0,0.0,0.0,0.035796532185829635,0.027167887709640952
P3,R04,training,18,359,0,0.0,0.0,0.035796532185829635,0.027069793226819145
P3,R04,training,18,360,0,0.0,0.0,0.035796532185829635,0.026971417345366303
P3,R04,training,18,361,0,0.0,0.0,0.035796532185829635,0.02687276571588513
P3,R04,training,18,362,0,0.0,0.0,0.035796532185829635,0.02677384398783504
P3,R04,training,18,363,0,0.0,0.0,0.035796532185829635,0.02667465780900481
P3,R04,training,18,364,0,0.0,0.0,0.035796532185829635,0.026575212824987336
P3,R04,training,18,365,0,0.0,0.0,0.035796532185829635,0.02647551467865664
P3,R04,training,18,366,0,0.0,0.0,0.035796532185829635,0.026375569009647097
P3,R04,training,18,367,0,0.0,0.0,0.035796532185829635,0.02627538145383502
P3,R04,training,18,368,0,0.0,0.0,0.036337527489772745,0.026570541468992282
P3,R04,training,18,369,0,0.0,0.0,0.036337527489772745,0.026468365832547545
P3,R04,training,18,370,0,0.0,0.0,0.036337527489772745,0.026365961788689374
P3,R04,training,18,371,0,0.0,0.0,0.036337527489772745,0.026263335037996882
P3,R04,training,18,372,0,0.0,0.0,0.036337527489772745,0.026160491274640707
P3,R04,training,18,373,0,0.0,0.0,0.036337527489772745,0.02605743618587229
P3,R04,training,18,374,0,0.0,0.0,0.036337527489772745,0.025954175451515963
P3,R04,training,18,375,0,0.0,0.0,0.036337527489772745,0.025850714743463864
P3,R04,training,18,376,0,0.0,0.0,0.036337527489772745,0.02574705972517384
P3,R04,training,18,377,0,0.0,0.0,0.036337527489772745,0.025643216051170297
P3,R04,training,18,378,0,0.0,0.0,0.036337527489772745,0.025539189366548087
P3,R04,training,18,379,0,0.0,0.0,0.036337527489772745,0.025434985306479554
P3,R04,training,18,380,0,0.0,0.0,0.036337527489772745,0.025330609495724667
P3,R04,training,18,381,0,0.0,0.0,0.036337527489772745,0.025226067548144437
P3,R04,training,18,382,0,0.0,0.0,0.036337527489772745,0.02512136506621757
P3,R04,training,18,383,0,0.0,0.0,0.036337527489772745,0.025016507640560442
P3,R04,training,18,384,0,1.0,0.5006698233352271,0.036519670104294286,0.02503637026709734
P3,R04,training,18,385,0,1.0,0.5006698233352271,0.036519670104294286,0.024930692606468578
P3,R04,training,18,386,0,1.0,0.5006698233352271,0.036519670104294286,0.024824876005065694
P3,R04,training,18,387,0,1.0,0.5006698233352271,0.036519670104294286,0.02471892602908561
P3,R04,training,18,388,0,1.0,0.5006698233352271,0.036519670104294286,0.024612848230443417
P3,R04,training,18,389,0,1.0,0.5006698233352271,0.036519670104294286,0.02450664814631112
P3,R04,training,18,390,0,1.0,0.5006698233352271,0.036519670104294286,0.024400331298660115
P3,R04,training,18,391,0,1.0,0.5006698233352271,0.036519670104294286,0.024293903193807396
P3,R04,training,18,392,0,1.0,0.5006698233352271,0.036519670104294286,0.024187369321965607
P3,R04,training,18,393,0,1.0,0.5006698233352271,0.036519670104294286,0.02408073515679689
P3,R04,training,18,394,0,1.0,0.5006698233352271,0.036519670104294286,0.023974006154970674
P3,R04,training,18,395,0,1.0,0.5006698233352271,0.036519670104294286,0.02386718775572538
P3,R04,training,18,396,0,1.0,0.5006698233352271,0.036519670104294286,0.02376028538043413
P3,R04,training,18,397,0,1.0,0.5006698233352271,0.036519670104294286,0.023653304432174487
P3,R04,training,18,398,0,1.0,0.5006698233352271,0.036519670104294286,0.023546250295302232
P3,R04,training,18,399,0,1.0,0.5006698233352271,0.036519670104294286,0.023439128335029306
P3,R04,training,18,400,0,0.0,0.0,0.036337527489772745,0.02321557534134441
P3,R04,training,18,401,0,0.0,0.0,0.036337527489772745,0.023108868620907212
P3,R04,training,18,402,0,0.0,0.0,0.036337527489772745,0.0230021103122708
P3,R04,training,18,403,0,0.0,0.0,0.036337527489772745,0.0228953056735781
P3,R04,training,18,404,0,0.0,0.0,0.036337527489772745,0.0227884599418866
P3,R04,training,18,405,0,0.0,0.0,0.036337527489772745,0.022681578332773785
P3,R04,training,18,406,0,0.0,0.0,0.036337527489772745,0.02257466603994689
P3,R04,training,18,407,0,0.0,0.0,0.036337527489772745,0.022467728234857102
P3,R04,training,18,408,0,0.0,0.0,0.036337527489772745,0.022360770066318158
P3,R04,training,18,409,0,0.0,0.0,0.036337527489772745,0.022253796660129402
P3,R04,training,18,410,0,0.0,0.0,0.036337527489772745,0.022146813118703354
P3,R04,training,18,411,0,0.0,0.0,0.036337527489772745,0.022039824520697814
A,R04,training,20,0,0,0.0,0.0,0.0,0.0
A,R04,training,20,1,0,0.0,0.0,0.0,0.0
A,R04,training,20,2,0,0.0,0.0,0.0,0.0
A,R04,training,20,3,0,0.0,0.0,0.0,0.0
A,R04,training,20,4,0,0.0,0.0,0.0,0.0
A,R04,training,20,5,0,0.0,0.0,0.0,0.0
A,R04,training,20,6,0,0.0,0.0,0.0,0.0
A,R04,training,20,7,0,0.0,0.0,0.0,0.0
A,R04,training,20,8,0,0.0,0.0,0.0,0.0
A,R04,training,20,9,0,0.0,0.0,0.0,0.0
A,R04,training,20,10,0,0.0,0.0,0.0,0.0
A,R04,training,20,11,0,0.0,0.0,0.0,0.0
A,R04,training,20,12,0,0.0,0.0,0.0,0.0
A,R04,training,20,13,0,0.0,0.0,0.0,0.0
A,R04,training,20,14,0,0.0,0.0,0.0,0.0
A,R04,training,20,15,0,0.0,0.0,0.0,0.0
A,R04,training,20,16,0,0.0,0.0,0.0,0.0
A,R04,training,20,17,0,0.0,0.0,0.0,0.0
A,R04,training,20,18,0,0.0,0.0,0.0,0.0
A,R04,training,20,19,0,0.0,0.0,0.0,0.0
A,R04,training,20,20,0,0.0,0.0,0.0,0.0
A,R04,training,20,21,0,0.0,0.0,0.0,0.0
A,R04,training,20,22,0,0.0,0.0,0.0,0.0
A,R04,training,20,23,0,0.0,0.0,0.0,0.0
A,R04,training,20,24,0,0.0,0.0,0.0,0.0
A,R04,training,20,25,0,0.0,0.0,0.0,0.0
A,R04,training,20,26,0,0.0,0.0,0.0,0.0
A,R04,training,20,27,0,0.0,0.0,0.0,0.0
A,R04,training,20,28,0,0.0,0.0,0.0,0.0
A,R04,training,20,29,0,0.0,0.0,0.0,0.0
A,R04,training,20,30,0,0.0,0.0,0.0,0.0
A,R04,training,20,31,0,0.0,0.0,0.0,0.0
A,R04,training,20,32,0,0.0,0.0,0.0,0.0
A,R04,training,20,33,0,0.0,0.0,0.0,0.0
A,R04,training,20,34,0,0.0,0.0,0.0,0.0
A,R04,training,20,35,0,0.0,0.0,0.0,0.0
A,R04,training,20,36,0,0.0,0.0,0.0,0.0
A,R04,training,20,37,0,0.0,0.0,0.0,0.0
A,R04,training,20,38,0,0.0,0.0,0.0,0.0
A,R04,training,20,39,0,0.0,0.0,0.0,0.0
A,R04,training,20,40,0,0.0,0.0,0.0,0.0
A,R04,training,20,41,0,0.0,0.0,0.0,0.0
A,R04,training,20,42,0,0.0,0.0,0.0,0.0
A,R04,training,20,43,0,0.0,0.0,0.0,0.0
A,R04,training,20,44,0,0.0,0.0,0.0,0.0
A,R04,training,20,45,0,0.0,0.0,0.0,0.0
A,R04,training,20,46,0,0.0,0.0,0.0,0.0
A,R04,training,20,47,0,0.0,0.0,0.0,0.0
A,R04,training,20,48,0,0.0,0.0,0.0,0.0
A,R04,training,20,49,0,0.0,0.0,0.0,0.0
A,R04,training,20,50,0,0.0,0.0,0.0,0.0
A,R04,training,20,51,0,0.0,0.0,0.0,0.0
A,R04,training,20,52,0,0.0,0.0,0.0,0.0
A,R04,training,20,53,0,0.0,0.0,0.0,0.0
A,R04,training,20,54,0,0.0,0.0,0.0,0.0
A,R04,training,20,55,0,0.0,0.0,0.0,0.0
A,R04,training,20,56,0,0.0,0.0,0.0,0.0
A,R04,training,20,57,0,0.0,0.0,0.0,0.0
A,R04,training,20,58,0,0.0,0.0,0.0,0.0
A,R04,training,20,59,0,0.0,0.0,0.0,0.0
A,R04,training,20,60,0,0.0,0.0,0.0,0.0
A,R04,training,20,61,0,0.0,0.0,0.0,0.0
A,R04,training,20,62,0,0.0,0.0,0.0,0.0
A,R04,training,20,63,0,0.0,0.0,0.0,0.0
A,R04,training,20,64,0,0.0,0.0,0.0,0.0
A,R04,training,20,65,0,0.0,0.0,0.0,0.0
A,R04,training,20,66,0,0.0,0.0,0.0,0.0
A,R04,training,20,67,0,0.0,0.0,0.0,0.0
A,R04,training,20,68,0,0.0,0.0,0.0,0.0
A,R04,training,20,69,0,0.0,0.0,0.0,0.0
A,R04,training,20,70,0,0.0,0.0,0.0,0.0
A,R04,training,20,71,0,0.0,0.0,0.0,0.0
A,R04,training,20,72,0,0.0,0.0,0.0,0.0
A,R04,training,20,73,0,0.0,0.0,0.0,0.0
A,R04,training,20,74,0,0.0,0.0,0.0,0.0
A,R04,training,20,75,0,0.0,0.0,0.0,0.0
A,R04,training,20,76,0,0.0,0.0,0.0,0.0
A,R04,training,20,77,0,0.0,0.0,0.0,0.0
A,R04,training,20,78,0,0.0,0.0,0.0,0.0
A,R04,training,20,79,0,0.0,0.0,0.0,0.0
A,R04,training,20,80,0,0.0,0.0,0.0,0.0
A,R04,training,20,81,0,0.0,0.0,0.0,0.0
A,R04,training,20,82,0,0.0,0.0,0.0,0.0
A,R04,training,20,83,0,0.0,0.0,0.0,0.0
A,R04,training,20,84,0,0.0,0.0,0.0,0.0
A,R04,training,20,85,0,0.0,0.0,0.0,0.0
A,R04,training,20,86,0,0.0,0.0,0.0,0.0
A,R04,training,20,87,0,0.0,0.0,0.0,0.0
A,R04,training,20,88,0,0.0,0.0,0.0,0.0
A,R04,training,20,89,0,0.0,0.0,0.0,0.0
A,R04,training,20,90,0,0.0,0.0,0.0,0.0
A,R04,training,20,91,0,0.0,0.0,0.0,0.0
A,R04,training,20,92,0,0.0,0.0,0.0,0.0
A,R04,training,20,93,0,0.0,0.0,0.0,0.0
A,R04,training,20,94,0,0.0,0.0,0.0,0.0
A,R04,training,20,95,0,0.0,0.0,0.0,0.0
A,R04,training,20,96,0,0.0,0.0,0.0,0.0
A,R04,training,20,97,0,0.0,0.0,0.0,0.0
A,R04,training,20,98,0,0.0,0.0,0.0,0.0
A,R04,training,20,99,0,0.0,0.0,0.0,0.0
A,R04,training,20,100,0,0.0,0.0,0.0,0.0
A,R04,training,20,101,0,0.0,0.0,0.0,0.0
A,R04,training,20,102,0,0.0,0.0,0.0,0.0
A,R04,training,20,103,0,0.0,0.0,0.0,0.0
A,R04,training,20,104,0,0.0,0.0,0.0,0.0
A,R04,training,20,105,0,0.0,0.0,0.0,0.0
A,R04,training,20,106,0,0.0,0.0,0.0,0.0
A,R04,training,20,107,0,0.0,0.0,0.0,0.0
A,R04,training,20,108,0,0.0,0.0,0.0,0.0
A,R04,training,20,109,0,0.0,0.0,0.0,0.0
A,R04,training,20,110,0,0.0,0.0,0.0,0.0
A,R04,training,20,111,0,0.0,0.0,0.0,0.0
A,R04,training,20,112,0,0.0,0.0,0.0,0.0
A,R04,training,20,113,0,0.0,0.0,0.0,0.0
A,R04,training,20,114,0,0.0,0.0,0.0,0.0
A,R04,training,20,115,0,0.0,0.0,0.0,0.0
A,R04,training,20,116,0,0.0,0.0,0.0,0.0
A,R04,training,20,117,0,0.0,0.0,0.0,0.0
A,R04,training,20,118,0,0.0,0.0,0.0,0.0
A,R04,training,20,119,0,0.0,0.0,0.0,0.0
A,R04,training,20,120,0,0.0,0.0,0.0,0.0
A,R04,training,20,121,0,0.0,0.0,0.0,0.0
A,R04,training,20,122,0,0.0,0.0,0.0,0.0
A,R04,training,20,123,0,0.0,0.0,0.0,0.0
A,R04,training,20,124,0,0.0,0.0,0.0,0.0
A,R04,training,20,125,0,0.0,0.0,0.0,0.0
A,R04,training,20,126,0,0.0,0.0,0.0,0.0
A,R04,training,20,127,0,0.0,0.0,0.0,0.0
A,R04,training,20,128,0,0.0,0.0,0.0,0.0
A,R04,training,20,129,0,0.0,0.0,0.0,0.0
A,R04,training,20,130,0,0.0,0.0,0.0,0.0
A,R04,training,20,131,0,0.0,0.0,0.0,0.0
A,R04,training,20,132,0,0.0,0.0,0.0,0.0
A,R04,training,20,133,0,0.0,0.0,0.0,0.0
A,R04,training,20,134,0,0.0,0.0,0.0,0.0
A,R04,training,20,135,0,0.0,0.0,0.0,0.0
A,R04,training,20,136,0,0.0,0.0,0.0,0.0
A,R04,training,20,137,0,0.0,0.0,0.0,0.0
A,R04,training,20,138,0,0.0,0.0,0.0,0.0
A,R04,training,20,139,0,0.0,0.0,0.0,0.0
A,R04,training,20,140,0,0.0,0.0,0.0,0.0
A,R04,training,20,141,0,0.0,0.0,0.0,0.0
A,R04,training,20,142,0,0.0,0.0,0.0,0.0
A,R04,training,20,143,0,0.0,0.0,0.0,0.0
A,R04,training,20,144,0,0.0,0.0,0.0,0.0
A,R04,training,20,145,0,0.0,0.0,0.0,0.0
A,R04,training,20,146,0,0.0,0.0,0.0,0.0
A,R04,training,20,147,0,0.0,0.0,0.0,0.0
A,R04,training,20,148,0,0.0,0.0,0.0,0.0
A,R04,training,20,149,0,0.0,0.0,0.0,0.0
A,R04,training,20,150,0,0.0,0.0,0.0,0.0
A,R04,training,20,151,0,0.0,0.0,0.0,0.0
A,R04,training,20,152,0,0.0,0.0,0.0,0.0
A,R04,training,20,153,0,0.0,0.0,0.0,0.0
A,R04,training,20,154,0,0.0,0.0,0.0,0.0
A,R04,training,20,155,0,0.0,0.0,0.0,0.0
A,R04,training,20,156,0,0.0,0.0,0.0,0.0
A,R04,training,20,157,0,0.0,0.0,0.0,0.0
A,R04,training,20,158,0,0.0,0.0,0.0,0.0
A,R04,training,20,159,0,0.0,0.0,0.0,0.0
A,R04,training,20,160,0,0.0,0.0,0.0,0.0
A,R04,training,20,161,0,0.0,0.0,0.0,0.0
A,R04,training,20,162,0,0.0,0.0,0.0,0.0
A,R04,training,20,163,0,0.0,0.0,0.0,0.0
A,R04,training,20,164,0,0.0,0.0,0.0,0.0
A,R04,training,20,165,0,0.0,0.0,0.0,0.0
A,R04,training,20,166,0,0.0,0.0,0.0,0.0
A,R04,training,20,167,0,0.0,0.0,0.0,0.0
A,R04,training,20,168,0,0.0,0.0,0.0,0.0
A,R04,training,20,169,0,0.0,0.0,0.0,0.0
A,R04,training,20,170,0,0.0,0.0,0.0,0.0
A,R04,training,20,171,0,0.0,0.0,0.0,0.0
A,R04,training,20,172,0,0.0,0.0,0.0,0.0
A,R04,training,20,173,0,0.0,0.0,0.0,0.0
A,R04,training,20,174,0,0.0,0.0,0.0,0.0
A,R04,training,20,175,0,0.0,0.0,0.0,0.0
A,R04,training,20,176,0,0.0,0.0,0.0,0.0
A,R04,training,20,177,0,0.0,0.0,0.0,0.0
A,R04,training,20,178,0,0.0,0.0,0.0,0.0
A,R04,training,20,179,0,0.0,0.0,0.0,0.0
A,R04,training,20,180,0,0.0,0.0,0.0,0.0
A,R04,training,20,181,0,0.0,0.0,0.0,0.0
A,R04,training,20,182,0,0.0,0.0,0.0,0.0
A,R04,training,20,183,0,0.0,0.0,0.0,0.0
A,R04,training,20,184,0,0.0,0.0,0.0,0.0
A,R04,training,20,185,0,0.0,0.0,0.0,0.0
A,R04,training,20,186,0,0.0,0.0,0.0,0.0
A,R04,training,20,187,0,0.0,0.0,0.0,0.0
A,R04,training,20,188,0,0.0,0.0,0.0,0.0
A,R04,training,20,189,0,0.0,0.0,0.0,0.0
A,R04,training,20,190,0,0.0,0.0,0.0,0.0
A,R04,training,20,191,0,0.0,0.0,0.0,0.0
A,R04,training,20,192,0,0.0,0.0,0.0,0.0
A,R04,training,20,193,0,0.0,0.0,0.0,0.0
A,R04,training,20,194,0,0.0,0.0,0.0,0.0
A,R04,training,20,195,0,0.0,0.0,0.0,0.0
A,R04,training,20,196,0,0.0,0.0,0.0,0.0
A,R04,training,20,197,0,0.0,0.0,0.0,0.0
A,R04,training,20,198,0,0.0,0.0,0.0,0.0
A,R04,training,20,199,0,0.0,0.0,0.0,0.0
A,R04,training,20,200,0,0.0,0.0,0.0,0.0
A,R04,training,20,201,0,0.0,0.0,0.0,0.0
A,R04,training,20,202,0,0.0,0.0,0.0,0.0
A,R04,training,20,203,0,0.0,0.0,0.0,0.0
A,R04,training,20,204,0,0.0,0.0,0.0,0.0
A,R04,training,20,205,0,0.0,0.0,0.0,0.0
A,R04,training,20,206,0,0.0,0.0,0.0,0.0
A,R04,training,20,207,0,0.0,0.0,0.0,0.0
A,R04,training,20,208,0,0.0,0.0,0.0,0.0
A,R04,training,20,209,0,0.0,0.0,0.0,0.0
A,R04,training,20,210,0,0.0,0.0,0.0,0.0
A,R04,training,20,211,0,0.0,0.0,0.0,0.0
A,R04,training,20,212,0,0.0,0.0,0.0,0.0
A,R04,training,20,213,0,0.0,0.0,0.0,0.0
A,R04,training,20,214,0,0.0,0.0,0.0,0.0
A,R04,training,20,215,0,0.0,0.0,0.0,0.0
A,R04,training,20,216,0,0.0,0.0,0.0,0.0
A,R04,training,20,217,0,0.0,0.0,0.0,0.0
A,R04,training,20,218,0,0.0,0.0,0.0,0.0
A,R04,training,20,219,0,0.0,0.0,0.0,0.0
A,R04,training,20,220,0,0.0,0.0,0.0,0.0
A,R04,training,20,221,0,0.0,0.0,0.0,0.0
A,R04,training,20,222,0,0.0,0.0,0.0,0.0
A,R04,training,20,223,0,0.0,0.0,0.0,0.0
A,R04,training,20,224,0,0.0,0.0,0.0,0.0
A,R04,training,20,225,0,0.0,0.0,0.0,0.0
A,R04,training,20,226,0,0.0,0.0,0.0,0.0
A,R04,training,20,227,0,0.0,0.0,0.0,0.0
A,R04,training,20,228,0,0.0,0.0,0.0,0.0
A,R04,training,20,229,0,0.0,0.0,0.0,0.0
A,R04,training,20,230,0,0.0,0.0,0.0,0.0
A,R04,training,20,231,0,0.0,0.0,0.0,0.0
A,R04,training,20,232,0,0.0,0.0,0.0,0.0
A,R04,training,20,233,0,0.0,0.0,0.0,0.0
A,R04,training,20,234,0,0.0,0.0,0.0,0.0
A,R04,training,20,235,0,0.0,0.0,0.0,0.0
A,R04,training,20,236,0,0.0,0.0,0.0,0.0
A,R04,training,20,237,0,0.0,0.0,0.0,0.0
A,R04,training,20,238,0,0.0,0.0,0.0,0.0
A,R04,training,20,239,0,0.0,0.0,0.0,0.0
A,R04,training,20,240,0,0.0,0.0,0.0,0.0
A,R04,training,20,241,0,0.0,0.0,0.0,0.0
A,R04,training,20,242,0,0.0,0.0,0.0,0.0
A,R04,training,20,243,0,0.0,0.0,0.0,0.0
A,R04,training,20,244,0,0.0,0.0,0.0,0.0
A,R04,training,20,245,0,0.0,0.0,0.0,0.0
A,R04,training,20,246,0,0.0,0.0,0.0,0.0
A,R04,training,20,247,0,0.0,0.0,0.0,0.0
A,R04,training,20,248,0,0.0,0.0,0.0,0.0
A,R04,training,20,249,0,0.0,0.0,0.0,0.0
A,R04,training,20,250,0,0.0,0.0,0.0,0.0
A,R04,training,20,251,0,0.0,0.0,0.0,0.0
A,R04,training,20,252,0,0.0,0.0,0.0,0.0
A,R04,training,20,253,0,0.0,0.0,0.0,0.0
A,R04,training,20,254,0,0.0,0.0,0.0,0.0
A,R04,training,20,255,0,0.0,0.0,0.0,0.0
A,R04,training,20,256,0,0.0,0.0,0.0,0.0
A,R04,training,20,257,0,0.0,0.0,0.0,0.0
A,R04,training,20,258,0,0.0,0.0,0.0,0.0
A,R04,training,20,259,0,0.0,0.0,0.0,0.0
A,R04,training,20,260,0,0.0,0.0,0.0,0.0
A,R04,training,20,261,0,0.0,0.0,0.0,0.0
A,R04,training,20,262,0,0.0,0.0,0.0,0.0
A,R04,training,20,263,0,0.0,0.0,0.0,0.0
A,R04,training,20,264,0,0.0,0.0,0.0,0.0
A,R04,training,20,265,0,0.0,0.0,0.0,0.0
A,R04,training,20,266,0,0.0,0.0,0.0,0.0
A,R04,training,20,267,0,0.0,0.0,0.0,0.0
A,R04,training,20,268,0,0.0,0.0,0.0,0.0
A,R04,training,20,269,0,0.0,0.0,0.0,0.0
A,R04,training,20,270,0,0.0,0.0,0.0,0.0
A,R04,training,20,271,0,0.0,0.0,0.0,0.0
A,R04,training,20,272,0,0.0,0.0,0.0,0.0
A,R04,training,20,273,0,0.0,0.0,0.0,0.0
A,R04,training,20,274,0,0.0,0.0,0.0,0.0
A,R04,training,20,275,0,0.0,0.0,0.0,0.0
A,R04,training,20,276,0,0.0,0.0,0.0,0.0
A,R04,training,20,277,0,0.0,0.0,0.0,0.0
A,R04,training,20,278,0,0.0,0.0,0.0,0.0
A,R04,training,20,279,0,0.0,0.0,0.0,0.0
A,R04,training,20,280,0,0.0,0.0,0.0,0.0
A,R04,training,20,281,0,0.0,0.0,0.0,0.0
A,R04,training,20,282,0,0.0,0.0,0.0,0.0
A,R04,training,20,283,0,0.0,0.0,0.0,0.0
A,R04,training,20,284,0,0.0,0.0,0.0,0.0
A,R04,training,20,285,0,0.0,0.0,0.0,0.0
A,R04,training,20,286,0,0.0,0.0,0.0,0.0
A,R04,training,20,287,0,0.0,0.0,0.0,0.0
A,R04,training,20,288,0,0.0,0.0,0.0,0.0
A,R04,training,20,289,0,0.0,0.0,0.0,0.0
A,R04,training,20,290,0,0.0,0.0,0.0,0.0
A,R04,training,20,291,0,0.0,0.0,0.0,0.0
A,R04,training,20,292,0,0.0,0.0,0.0,0.0
A,R04,training,20,293,0,0.0,0.0,0.0,0.0
A,R04,training,20,294,0,0.0,0.0,0.0,0.0
A,R04,training,20,295,0,0.0,0.0,0.0,0.0
A,R04,training,20,296,0,0.0,0.0,0.0,0.0
A,R04,training,20,297,0,0.0,0.0,0.0,0.0
A,R04,training,20,298,0,0.0,0.0,0.0,0.0
A,R04,training,20,299,0,0.0,0.0,0.0,0.0
A,R04,training,20,300,0,0.0,0.0,0.0,0.0
A,R04,training,20,301,0,0.0,0.0,0.0,0.0
A,R04,training,20,302,0,0.0,0.0,0.0,0.0
A,R04,training,20,303,0,0.0,0.0,0.0,0.0
A,R04,training,20,304,0,0.0,0.0,0.0,0.0
A,R04,training,20,305,0,0.0,0.0,0.0,0.0
A,R04,training,20,306,0,0.0,0.0,0.0,0.0
A,R04,training,20,307,0,0.0,0.0,0.0,0.0
A,R04,training,20,308,0,0.0,0.0,0.0,0.0
A,R04,training,20,309,0,0.0,0.0,0.0,0.0
A,R04,training,20,310,0,0.0,0.0,0.0,0.0
A,R04,training,20,311,0,0.0,0.0,0.0,0.0
A,R04,training,20,312,0,0.0,0.0,0.0,0.0
A,R04,training,20,313,0,0.0,0.0,0.0,0.0
A,R04,training,20,314,0,0.0,0.0,0.0,0.0
A,R04,training,20,315,0,0.0,0.0,0.0,0.0
A,R04,training,20,316,0,0.0,0.0,0.0,0.0
A,R04,training,20,317,0,0.0,0.0,0.0,0.0
A,R04,training,20,318,0,0.0,0.0,0.0,0.0
A,R04,training,20,319,0,0.0,0.0,0.0,0.0
A,R04,training,20,320,0,0.0,0.0,0.0,0.0
A,R04,training,20,321,0,0.0,0.0,0.0,0.0
A,R04,training,20,322,0,0.0,0.0,0.0,0.0
A,R04,training,20,323,0,0.0,0.0,0.0,0.0
A,R04,training,20,324,0,0.0,0.0,0.0,0.0
A,R04,training,20,325,0,0.0,0.0,0.0,0.0
A,R04,training,20,326,0,0.0,0.0,0.0,0.0
A,R04,training,20,327,0,0.0,0.0,0.0,0.0
A,R04,training,20,328,0,0.0,0.0,0.0,0.0
A,R04,training,20,329,0,0.0,0.0,0.0,0.0
A,R04,training,20,330,0,0.0,0.0,0.0,0.0
A,R04,training,20,331,0,0.0,0.0,0.0,0.0
A,R04,training,20,332,0,0.0,0.0,0.0,0.0
A,R04,training,20,333,0,0.0,0.0,0.0,0.0
A,R04,training,20,334,0,0.0,0.0,0.0,0.0
A,R04,training,20,335,0,0.0,0.0,0.0,0.0
A,R04,training,20,336,0,0.0,0.0,0.0,0.0
A,R04,training,20,337,0,0.0,0.0,0.0,0.0
A,R04,training,20,338,0,0.0,0.0,0.0,0.0
A,R04,training,20,339,0,0.0,0.0,0.0,0.0
A,R04,training,20,340,0,0.0,0.0,0.0,0.0
A,R04,training,20,341,0,0.0,0.0,0.0,0.0
A,R04,training,20,342,0,0.0,0.0,0.0,0.0
A,R04,training,20,343,0,0.0,0.0,0.0,0.0
A,R04,training,20,344,0,0.0,0.0,0.0,0.0
A,R04,training,20,345,0,0.0,0.0,0.0,0.0
A,R04,training,20,346,0,0.0,0.0,0.0,0.0
A,R04,training,20,347,0,0.0,0.0,0.0,0.0
A,R04,training,20,348,0,0.0,0.0,0.0,0.0
A,R04,training,20,349,0,0.0,0.0,0.0,0.0
A,R04,training,20,350,0,0.0,0.0,0.0,0.0
A,R04,training,20,351,0,0.0,0.0,0.0,0.0
A,R04,training,20,352,0,0.0,0.0,0.0,0.0
A,R04,training,20,353,0,0.0,0.0,0.0,0.0
A,R04,training,20,354,0,0.0,0.0,0.0,0.0
A,R04,training,20,355,0,0.0,0.0,0.0,0.0
A,R04,training,20,356,0,0.0,0.0,0.0,0.0
A,R04,training,20,357,0,0.0,0.0,0.0,0.0
A,R04,training,20,358,0,0.0,0.0,0.0,0.0
A,R04,training,20,359,0,0.0,0.0,0.0,0.0
A,R04,training,20,360,0,0.0,0.0,0.0,0.0
A,R04,training,20,361,0,0.0,0.0,0.0,0.0
A,R04,training,20,362,0,0.0,0.0,0.0,0.0
A,R04,training,20,363,0,0.0,0.0,0.0,0.0
A,R04,training,20,364,0,0.0,0.0,0.0,0.0
A,R04,training,20,365,0,0.0,0.0,0.0,0.0
A,R04,training,20,366,0,0.0,0.0,0.0,0.0
A,R04,training,20,367,0,0.0,0.0,0.0,0.0
A,R04,training,20,368,0,0.0,0.0,0.0,0.0
A,R04,training,20,369,0,0.0,0.0,0.0,0.0
A,R04,training,20,370,0,0.0,0.0,0.0,0.0
A,R04,training,20,371,0,0.0,0.0,0.0,0.0
A,R04,training,20,372,0,0.0,0.0,0.0,0.0
A,R04,training,20,373,0,0.0,0.0,0.0,0.0
A,R04,training,20,374,0,0.0,0.0,0.0,0.0
A,R04,training,20,375,0,0.0,0.0,0.0,0.0
A,R04,training,20,376,0,0.0,0.0,0.0,0.0
A,R04,training,20,377,0,0.0,0.0,0.0,0.0
A,R04,training,20,378,0,0.0,0.0,0.0,0.0
A,R04,training,20,379,0,0.0,0.0,0.0,0.0
A,R04,training,20,380,0,0.0,0.0,0.0,0.0
A,R04,training,20,381,0,0.0,0.0,0.0,0.0
A,R04,training,20,382,0,0.0,0.0,0.0,0.0
A,R04,training,20,383,0,0.0,0.0,0.0,0.0
A,R04,training,20,384,0,0.0,0.0,0.0,0.0
A,R04,training,20,385,0,0.0,0.0,0.0,0.0
A,R04,training,20,386,0,0.0,0.0,0.0,0.0
A,R04,training,20,387,0,0.0,0.0,0.0,0.0
A,R04,training,20,388,0,0.0,0.0,0.0,0.0
A,R04,training,20,389,0,0.0,0.0,0.0,0.0
A,R04,training,20,390,0,0.0,0.0,0.0,0.0
A,R04,training,20,391,0,0.0,0.0,0.0,0.0
A,R04,training,20,392,0,0.0,0.0,0.0,0.0
A,R04,training,20,393,0,0.0,0.0,0.0,0.0
A,R04,training,20,394,0,0.0,0.0,0.0,0.0
A,R04,training,20,395,0,0.0,0.0,0.0,0.0
A,R04,training,20,396,0,0.0,0.0,0.0,0.0
A,R04,training,20,397,0,0.0,0.0,0.0,0.0
A,R04,training,20,398,0,0.0,0.0,0.0,0.0
A,R04,training,20,399,0,0.0,0.0,0.0,0.0
A,R04,training,20,400,0,0.0,0.0,0.0,0.0
A,R04,training,20,401,0,0.0,0.0,0.0,0.0
A,R04,training,20,402,0,0.0,0.0,0.0,0.0
A,R04,training,20,403,0,0.0,0.0,0.0,0.0
B,R04,training,20,0,0,0.0,0.0,0.0,0.0
B,R04,training,20,1,0,0.0,0.0,0.0,0.0
B,R04,training,20,2,0,0.0,0.0,0.0,0.0
B,R04,training,20,3,0,0.0,0.0,0.0,0.0
B,R04,training,20,4,0,0.0,0.0,0.0,0.0
B,R04,training,20,5,0,0.0,0.0,0.0,0.0
B,R04,training,20,6,0,0.0,0.0,0.0,0.0
B,R04,training,20,7,0,0.0,0.0,0.0,0.0
B,R04,training,20,8,0,0.0,0.0,0.0,0.0
B,R04,training,20,9,0,0.0,0.0,0.0,0.0
B,R04,training,20,10,0,0.0,0.0,0.0,0.0
B,R04,training,20,11,0,0.0,0.0,0.0,0.0
B,R04,training,20,12,0,0.0,0.0,0.0,0.0
B,R04,training,20,13,0,0.0,0.0,0.0,0.0
B,R04,training,20,14,0,0.0,0.0,0.0,0.0
B,R04,training,20,15,0,0.0,0.0,0.0,0.0
B,R04,training,20,16,0,0.0,0.0,0.0,0.0
B,R04,training,20,17,0,0.0,0.0,0.0,0.0
B,R04,training,20,18,0,0.0,0.0,0.0,0.0
B,R04,training,20,19,0,0.0,0.0,0.0,0.0
B,R04,training,20,20,0,0.0,0.0,0.0,0.0
B,R04,training,20,21,0,0.0,0.0,0.0,0.0
B,R04,training,20,22,0,0.0,0.0,0.0,0.0
B,R04,training,20,23,0,0.0,0.0,0.0,0.0
B,R04,training,20,24,0,0.0,0.0,0.0,0.0
B,R04,training,20,25,0,0.0,0.0,0.0,0.0
B,R04,training,20,26,0,0.0,0.0,0.0,0.0
B,R04,training,20,27,0,0.0,0.0,0.0,0.0
B,R04,training,20,28,0,0.0,0.0,0.0,0.0
B,R04,training,20,29,0,0.0,0.0,0.0,0.0
B,R04,training,20,30,0,0.0,0.0,0.0,0.0
B,R04,training,20,31,0,0.0,0.0,0.0,0.0
B,R04,training,20,32,0,0.0,0.0,0.0,0.0
B,R04,training,20,33,0,0.0,0.0,0.0,0.0
B,R04,training,20,34,0,0.0,0.0,0.0,0.0
B,R04,training,20,35,0,0.0,0.0,0.0,0.0
B,R04,training,20,36,0,0.0,0.0,0.0,0.0
B,R04,training,20,37,0,0.0,0.0,0.0,0.0
B,R04,training,20,38,0,0.0,0.0,0.0,0.0
B,R04,training,20,39,0,0.0,0.0,0.0,0.0
B,R04,training,20,40,0,0.0,0.0,0.0,0.0
B,R04,training,20,41,0,0.0,0.0,0.0,0.0
B,R04,training,20,42,0,0.0,0.0,0.0,0.0
B,R04,training,20,43,0,0.0,0.0,0.0,0.0
B,R04,training,20,44,0,0.0,0.0,0.0,0.0
B,R04,training,20,45,0,0.0,0.0,0.0,0.0
B,R04,training,20,46,0,0.0,0.0,0.0,0.0
B,R04,training,20,47,0,0.0,0.0,0.0,0.0
B,R04,training,20,48,0,0.0,0.0,0.0,0.0
B,R04,training,20,49,0,0.0,0.0,0.0,0.0
B,R04,training,20,50,0,0.0,0.0,0.0,0.0
B,R04,training,20,51,0,0.0,0.0,0.0,0.0
B,R04,training,20,52,0,0.0,0.0,0.0,0.0
B,R04,training,20,53,0,0.0,0.0,0.0,0.0
B,R04,training,20,54,0,0.0,0.0,0.0,0.0
B,R04,training,20,55,0,0.0,0.0,0.0,0.0
B,R04,training,20,56,0,0.0,0.0,0.0,0.0
B,R04,training,20,57,0,0.0,0.0,0.0,0.0
B,R04,training,20,58,0,0.0,0.0,0.0,0.0
B,R04,training,20,59,0,0.0,0.0,0.0,0.0
B,R04,training,20,60,0,0.0,0.0,0.0,0.0
B,R04,training,20,61,0,0.0,0.0,0.0,0.0
B,R04,training,20,62,0,0.0,0.0,0.0,0.0
B,R04,training,20,63,0,0.0,0.0,0.0,0.0
B,R04,training,20,64,0,0.0,0.0,0.0,0.0
B,R04,training,20,65,0,0.0,0.0,0.0,0.0
B,R04,training,20,66,0,0.0,0.0,0.0,0.0
B,R04,training,20,67,0,0.0,0.0,0.0,0.0
B,R04,training,20,68,0,0.0,0.0,0.0,0.0
B,R04,training,20,69,0,0.0,0.0,0.0,0.0
B,R04,training,20,70,0,0.0,0.0,0.0,0.0
B,R04,training,20,71,0,0.0,0.0,0.0,0.0
B,R04,training,20,72,0,0.0,0.0,0.0,0.0
B,R04,training,20,73,0,0.0,0.0,0.0,0.0
B,R04,training,20,74,0,0.0,0.0,0.0,0.0
B,R04,training,20,75,0,0.0,0.0,0.0,0.0
B,R04,training,20,76,0,0.0,0.0,0.0,0.0
B,R04,training,20,77,0,0.0,0.0,0.0,0.0
B,R04,training,20,78,0,0.0,0.0,0.0,0.0
B,R04,training,20,79,0,0.0,0.0,0.0,0.0
B,R04,training,20,80,0,0.0,0.0,0.0,0.0
B,R04,training,20,81,0,0.0,0.0,0.0,0.0
B,R04,training,20,82,0,0.0,0.0,0.0,0.0
B,R04,training,20,83,0,0.0,0.0,0.0,0.0
B,R04,training,20,84,0,0.0,0.0,0.0,0.0
B,R04,training,20,85,0,0.0,0.0,0.0,0.0
B,R04,training,20,86,0,0.0,0.0,0.0,0.0
B,R04,training,20,87,0,0.0,0.0,0.0,0.0
B,R04,training,20,88,0,0.0,0.0,0.0,0.0
B,R04,training,20,89,0,0.0,0.0,0.0,0.0
B,R04,training,20,90,0,0.0,0.0,0.0,0.0
B,R04,training,20,91,0,0.0,0.0,0.0,0.0
B,R04,training,20,92,0,0.0,0.0,0.0,0.0
B,R04,training,20,93,0,0.0,0.0,0.0,0.0
B,R04,training,20,94,0,0.0,0.0,0.0,0.0
B,R04,training,20,95,0,0.0,0.0,0.0,0.0
B,R04,training,20,96,0,0.0,0.0,0.0,0.0
B,R04,training,20,97,0,0.0,0.0,0.0,0.0
B,R04,training,20,98,0,0.0,0.0,0.0,0.0
B,R04,training,20,99,0,0.0,0.0,0.0,0.0
B,R04,training,20,100,0,0.0,0.0,0.0,0.0
B,R04,training,20,101,0,0.0,0.0,0.0,0.0
B,R04,training,20,102,0,0.0,0.0,0.0,0.0
B,R04,training,20,103,0,0.0,0.0,0.0,0.0
B,R04,training,20,104,0,0.0,0.0,0.0,0.0
B,R04,training,20,105,0,0.0,0.0,0.0,0.0
B,R04,training,20,106,0,0.0,0.0,0.0,0.0
B,R04,training,20,107,0,0.0,0.0,0.0,0.0
B,R04,training,20,108,0,0.0,0.0,0.0,0.0
B,R04,training,20,109,0,0.0,0.0,0.0,0.0
B,R04,training,20,110,0,0.0,0.0,0.0,0.0
B,R04,training,20,111,0,0.0,0.0,0.0,0.0
B,R04,training,20,112,0,0.0,0.0,0.0,0.0
B,R04,training,20,113,0,0.0,0.0,0.0,0.0
B,R04,training,20,114,0,0.0,0.0,0.0,0.0
B,R04,training,20,115,0,0.0,0.0,0.0,0.0
B,R04,training,20,116,0,0.0,0.0,0.0,0.0
B,R04,training,20,117,0,0.0,0.0,0.0,0.0
B,R04,training,20,118,0,0.0,0.0,0.0,0.0
B,R04,training,20,119,0,0.0,0.0,0.0,0.0
B,R04,training,20,120,0,0.0,0.0,0.0,0.0
B,R04,training,20,121,0,0.0,0.0,0.0,0.0
B,R04,training,20,122,0,0.0,0.0,0.0,0.0
B,R04,training,20,123,0,0.0,0.0,0.0,0.0
B,R04,training,20,124,0,0.0,0.0,0.0,0.0
B,R04,training,20,125,0,0.0,0.0,0.0,0.0
B,R04,training,20,126,0,0.0,0.0,0.0,0.0
B,R04,training,20,127,0,0.0,0.0,0.0,0.0
B,R04,training,20,128,0,0.0,0.0,0.0,0.0
B,R04,training,20,129,0,0.0,0.0,0.0,0.0
B,R04,training,20,130,0,0.0,0.0,0.0,0.0
B,R04,training,20,131,0,0.0,0.0,0.0,0.0
B,R04,training,20,132,0,0.0,0.0,0.0,0.0
B,R04,training,20,133,0,0.0,0.0,0.0,0.0
B,R04,training,20,134,0,0.0,0.0,0.0,0.0
B,R04,training,20,135,0,0.0,0.0,0.0,0.0
B,R04,training,20,136,0,0.0,0.0,0.0,0.0
B,R04,training,20,137,0,0.0,0.0,0.0,0.0
B,R04,training,20,138,0,0.0,0.0,0.0,0.0
B,R04,training,20,139,0,0.0,0.0,0.0,0.0
B,R04,training,20,140,0,0.0,0.0,0.0,0.0
B,R04,training,20,141,0,0.0,0.0,0.0,0.0
B,R04,training,20,142,0,0.0,0.0,0.0,0.0
B,R04,training,20,143,0,0.0,0.0,0.0,0.0
B,R04,training,20,144,0,0.0,0.0,0.0,0.0
B,R04,training,20,145,0,0.0,0.0,0.0,0.0
B,R04,training,20,146,0,0.0,0.0,0.0,0.0
B,R04,training,20,147,0,0.0,0.0,0.0,0.0
B,R04,training,20,148,0,0.0,0.0,0.0,0.0
B,R04,training,20,149,0,0.0,0.0,0.0,0.0
B,R04,training,20,150,0,0.0,0.0,0.0,0.0
B,R04,training,20,151,0,0.0,0.0,0.0,0.0
B,R04,training,20,152,0,0.0,0.0,0.0,0.0
B,R04,training,20,153,0,0.0,0.0,0.0,0.0
B,R04,training,20,154,0,0.0,0.0,0.0,0.0
B,R04,training,20,155,0,0.0,0.0,0.0,0.0
B,R04,training,20,156,0,0.0,0.0,0.0,0.0
B,R04,training,20,157,0,0.0,0.0,0.0,0.0
B,R04,training,20,158,0,0.0,0.0,0.0,0.0
B,R04,training,20,159,0,0.0,0.0,0.0,0.0
B,R04,training,20,160,0,0.0,0.0,0.0,0.0
B,R04,training,20,161,0,0.0,0.0,0.0,0.0
B,R04,training,20,162,0,0.0,0.0,0.0,0.0
B,R04,training,20,163,0,0.0,0.0,0.0,0.0
B,R04,training,20,164,0,0.0,0.0,0.0,0.0
B,R04,training,20,165,0,0.0,0.0,0.0,0.0
B,R04,training,20,166,0,0.0,0.0,0.0,0.0
B,R04,training,20,167,0,0.0,0.0,0.0,0.0
B,R04,training,20,168,0,0.0,0.0,0.0,0.0
B,R04,training,20,169,0,0.0,0.0,0.0,0.0
B,R04,training,20,170,0,0.0,0.0,0.0,0.0
B,R04,training,20,171,0,0.0,0.0,0.0,0.0
B,R04,training,20,172,0,0.0,0.0,0.0,0.0
B,R04,training,20,173,0,0.0,0.0,0.0,0.0
B,R04,training,20,174,0,0.0,0.0,0.0,0.0
B,R04,training,20,175,0,0.0,0.0,0.0,0.0
B,R04,training,20,176,0,0.0,0.0,0.0,0.0
B,R04,training,20,177,0,0.0,0.0,0.0,0.0
B,R04,training,20,178,0,0.0,0.0,0.0,0.0
B,R04,training,20,179,0,0.0,0.0,0.0,0.0
B,R04,training,20,180,0,0.0,0.0,0.0,0.0
B,R04,training,20,181,0,0.0,0.0,0.0,0.0
B,R04,training,20,182,0,0.0,0.0,0.0,0.0
B,R04,training,20,183,0,0.0,0.0,0.0,0.0
B,R04,training,20,184,0,0.0,0.0,0.0,0.0
B,R04,training,20,185,0,0.0,0.0,0.0,0.0
B,R04,training,20,186,0,0.0,0.0,0.0,0.0
B,R04,training,20,187,0,0.0,0.0,0.0,0.0
B,R04,training,20,188,0,0.0,0.0,0.0,0.0
B,R04,training,20,189,0,0.0,0.0,0.0,0.0
B,R04,training,20,190,0,0.0,0.0,0.0,0.0
B,R04,training,20,191,0,0.0,0.0,0.0,0.0
B,R04,training,20,192,0,0.0,0.0,0.0,0.0
B,R04,training,20,193,0,0.0,0.0,0.0,0.0
B,R04,training,20,194,0,0.0,0.0,0.0,0.0
B,R04,training,20,195,0,0.0,0.0,0.0,0.0
B,R04,training,20,196,0,0.0,0.0,0.0,0.0
B,R04,training,20,197,0,0.0,0.0,0.0,0.0
B,R04,training,20,198,0,0.0,0.0,0.0,0.0
B,R04,training,20,199,0,0.0,0.0,0.0,0.0
B,R04,training,20,200,0,0.0,0.0,0.0,0.0
B,R04,training,20,201,0,0.0,0.0,0.0,0.0
B,R04,training,20,202,0,0.0,0.0,0.0,0.0
B,R04,training,20,203,0,0.0,0.0,0.0,0.0
B,R04,training,20,204,0,0.0,0.0,0.0,0.0
B,R04,training,20,205,0,0.0,0.0,0.0,0.0
B,R04,training,20,206,0,0.0,0.0,0.0,0.0
B,R04,training,20,207,0,0.0,0.0,0.0,0.0
B,R04,training,20,208,0,0.0,0.0,0.0,0.0
B,R04,training,20,209,0,0.0,0.0,0.0,0.0
B,R04,training,20,210,0,0.0,0.0,0.0,0.0
B,R04,training,20,211,0,0.0,0.0,0.0,0.0
B,R04,training,20,212,0,0.0,0.0,0.0,0.0
B,R04,training,20,213,0,0.0,0.0,0.0,0.0
B,R04,training,20,214,0,0.0,0.0,0.0,0.0
B,R04,training,20,215,0,0.0,0.0,0.0,0.0
B,R04,training,20,216,0,0.0,0.0,0.0,0.0
B,R04,training,20,217,0,0.0,0.0,0.0,0.0
B,R04,training,20,218,0,0.0,0.0,0.0,0.0
B,R04,training,20,219,0,0.0,0.0,0.0,0.0
B,R04,training,20,220,0,0.0,0.0,0.0,0.0
B,R04,training,20,221,0,0.0,0.0,0.0,0.0
B,R04,training,20,222,0,0.0,0.0,0.0,0.0
B,R04,training,20,223,0,0.0,0.0,0.0,0.0
B,R04,training,20,224,0,0.0,0.0,0.0,0.0
B,R04,training,20,225,0,0.0,0.0,0.0,0.0
B,R04,training,20,226,0,0.0,0.0,0.0,0.0
B,R04,training,20,227,0,0.0,0.0,0.0,0.0
B,R04,training,20,228,0,0.0,0.0,0.0,0.0
B,R04,training,20,229,0,0.0,0.0,0.0,0.0
B,R04,training,20,230,0,0.0,0.0,0.0,0.0
B,R04,training,20,231,0,0.0,0.0,0.0,0.0
B,R04,training,20,232,0,0.0,0.0,0.0,0.0
B,R04,training,20,233,0,0.0,0.0,0.0,0.0
B,R04,training,20,234,0,0.0,0.0,0.0,0.0
B,R04,training,20,235,0,0.0,0.0,0.0,0.0
B,R04,training,20,236,0,0.0,0.0,0.0,0.0
B,R04,training,20,237,0,0.0,0.0,0.0,0.0
B,R04,training,20,238,0,0.0,0.0,0.0,0.0
B,R04,training,20,239,0,0.0,0.0,0.0,0.0
B,R04,training,20,240,0,0.0,0.0,0.0,0.0
B,R04,training,20,241,0,0.0,0.0,0.0,0.0
B,R04,training,20,242,0,0.0,0.0,0.0,0.0
B,R04,training,20,243,0,0.0,0.0,0.0,0.0
B,R04,training,20,244,0,0.0,0.0,0.0,0.0
B,R04,training,20,245,0,0.0,0.0,0.0,0.0
B,R04,training,20,246,0,0.0,0.0,0.0,0.0
B,R04,training,20,247,0,0.0,0.0,0.0,0.0
B,R04,training,20,248,0,0.0,0.0,0.0,0.0
B,R04,training,20,249,0,0.0,0.0,0.0,0.0
B,R04,training,20,250,0,0.0,0.0,0.0,0.0
B,R04,training,20,251,0,0.0,0.0,0.0,0.0
B,R04,training,20,252,0,0.0,0.0,0.0,0.0
B,R04,training,20,253,0,0.0,0.0,0.0,0.0
B,R04,training,20,254,0,0.0,0.0,0.0,0.0
B,R04,training,20,255,0,0.0,0.0,0.0,0.0
B,R04,training,20,256,0,0.0,0.0,0.0,0.0
B,R04,training,20,257,0,0.0,0.0,0.0,0.0
B,R04,training,20,258,0,0.0,0.0,0.0,0.0
B,R04,training,20,259,0,0.0,0.0,0.0,0.0
B,R04,training,20,260,0,0.0,0.0,0.0,0.0
B,R04,training,20,261,0,0.0,0.0,0.0,0.0
B,R04,training,20,262,0,0.0,0.0,0.0,0.0
B,R04,training,20,263,0,0.0,0.0,0.0,0.0
B,R04,training,20,264,0,0.0,0.0,0.0,0.0
B,R04,training,20,265,0,0.0,0.0,0.0,0.0
B,R04,training,20,266,0,0.0,0.0,0.0,0.0
B,R04,training,20,267,0,0.0,0.0,0.0,0.0
B,R04,training,20,268,0,0.0,0.0,0.0,0.0
B,R04,training,20,269,0,0.0,0.0,0.0,0.0
B,R04,training,20,270,0,0.0,0.0,0.0,0.0
B,R04,training,20,271,0,0.0,0.0,0.0,0.0
B,R04,training,20,272,0,0.0,0.0,0.0,0.0
B,R04,training,20,273,0,0.0,0.0,0.0,0.0
B,R04,training,20,274,0,0.0,0.0,0.0,0.0
B,R04,training,20,275,0,0.0,0.0,0.0,0.0
B,R04,training,20,276,0,0.0,0.0,0.0,0.0
B,R04,training,20,277,0,0.0,0.0,0.0,0.0
B,R04,training,20,278,0,0.0,0.0,0.0,0.0
B,R04,training,20,279,0,0.0,0.0,0.0,0.0
B,R04,training,20,280,0,0.0,0.0,0.0,0.0
B,R04,training,20,281,0,0.0,0.0,0.0,0.0
B,R04,training,20,282,0,0.0,0.0,0.0,0.0
B,R04,training,20,283,0,0.0,0.0,0.0,0.0
B,R04,training,20,284,0,0.0,0.0,0.0,0.0
B,R04,training,20,285,0,0.0,0.0,0.0,0.0
B,R04,training,20,286,0,0.0,0.0,0.0,0.0
B,R04,training,20,287,0,0.0,0.0,0.0,0.0
B,R04,training,20,288,0,0.0,0.0,0.0,0.0
B,R04,training,20,289,0,0.0,0.0,0.0,0.0
B,R04,training,20,290,0,0.0,0.0,0.0,0.0
B,R04,training,20,291,0,0.0,0.0,0.0,0.0
B,R04,training,20,292,0,0.0,0.0,0.0,0.0
B,R04,training,20,293,0,0.0,0.0,0.0,0.0
B,R04,training,20,294,0,0.0,0.0,0.0,0.0
B,R04,training,20,295,0,0.0,0.0,0.0,0.0
B,R04,training,20,296,0,0.0,0.0,0.0,0.0
B,R04,training,20,297,0,0.0,0.0,0.0,0.0
B,R04,training,20,298,0,0.0,0.0,0.0,0.0
B,R04,training,20,299,0,0.0,0.0,0.0,0.0
B,R04,training,20,300,0,0.0,0.0,0.0,0.0
B,R04,training,20,301,0,0.0,0.0,0.0,0.0
B,R04,training,20,302,0,0.0,0.0,0.0,0.0
B,R04,training,20,303,0,0.0,0.0,0.0,0.0
B,R04,training,20,304,0,0.0,0.0,0.0,0.0
B,R04,training,20,305,0,0.0,0.0,0.0,0.0
B,R04,training,20,306,0,0.0,0.0,0.0,0.0
B,R04,training,20,307,0,0.0,0.0,0.0,0.0
B,R04,training,20,308,0,0.0,0.0,0.0,0.0
B,R04,training,20,309,0,0.0,0.0,0.0,0.0
B,R04,training,20,310,0,0.0,0.0,0.0,0.0
B,R04,training,20,311,0,0.0,0.0,0.0,0.0
B,R04,training,20,312,0,0.0,0.0,0.0,0.0
B,R04,training,20,313,0,0.0,0.0,0.0,0.0
B,R04,training,20,314,0,0.0,0.0,0.0,0.0
B,R04,training,20,315,0,0.0,0.0,0.0,0.0
B,R04,training,20,316,0,0.0,0.0,0.0,0.0
B,R04,training,20,317,0,0.0,0.0,0.0,0.0
B,R04,training,20,318,0,0.0,0.0,0.0,0.0
B,R04,training,20,319,0,0.0,0.0,0.0,0.0
B,R04,training,20,320,0,0.0,0.0,0.0,0.0
B,R04,training,20,321,0,0.0,0.0,0.0,0.0
B,R04,training,20,322,0,0.0,0.0,0.0,0.0
B,R04,training,20,323,0,0.0,0.0,0.0,0.0
B,R04,training,20,324,0,0.0,0.0,0.0,0.0
B,R04,training,20,325,0,0.0,0.0,0.0,0.0
B,R04,training,20,326,0,0.0,0.0,0.0,0.0
B,R04,training,20,327,0,0.0,0.0,0.0,0.0
B,R04,training,20,328,0,0.0,0.0,0.0,0.0
B,R04,training,20,329,0,0.0,0.0,0.0,0.0
B,R04,training,20,330,0,0.0,0.0,0.0,0.0
B,R04,training,20,331,0,0.0,0.0,0.0,0.0
B,R04,training,20,332,0,0.0,0.0,0.0,0.0
B,R04,training,20,333,0,0.0,0.0,0.0,0.0
B,R04,training,20,334,0,0.0,0.0,0.0,0.0
B,R04,training,20,335,0,0.0,0.0,0.0,0.0
B,R04,training,20,336,0,0.0,0.0,0.0,0.0
B,R04,training,20,337,0,0.0,0.0,0.0,0.0
B,R04,training,20,338,0,0.0,0.0,0.0,0.0
B,R04,training,20,339,0,0.0,0.0,0.0,0.0
B,R04,training,20,340,0,0.0,0.0,0.0,0.0
B,R04,training,20,341,0,0.0,0.0,0.0,0.0
B,R04,training,20,342,0,0.0,0.0,0.0,0.0
B,R04,training,20,343,0,0.0,0.0,0.0,0.0
B,R04,training,20,344,0,0.0,0.0,0.0,0.0
B,R04,training,20,345,0,0.0,0.0,0.0,0.0
B,R04,training,20,346,0,0.0,0.0,0.0,0.0
B,R04,training,20,347,0,0.0,0.0,0.0,0.0
B,R04,training,20,348,0,0.0,0.0,0.0,0.0
B,R04,training,20,349,0,0.0,0.0,0.0,0.0
B,R04,training,20,350,0,0.0,0.0,0.0,0.0
B,R04,training,20,351,0,0.0,0.0,0.0,0.0
B,R04,training,20,352,0,0.0,0.0,0.0,0.0
B,R04,training,20,353,0,0.0,0.0,0.0,0.0
B,R04,training,20,354,0,0.0,0.0,0.0,0.0
B,R04,training,20,355,0,0.0,0.0,0.0,0.0
B,R04,training,20,356,0,0.0,0.0,0.0,0.0
B,R04,training,20,357,0,0.0,0.0,0.0,0.0
B,R04,training,20,358,0,0.0,0.0,0.0,0.0
B,R04,training,20,359,0,0.0,0.0,0.0,0.0
B,R04,training,20,360,0,0.0,0.0,0.0,0.0
B,R04,training,20,361,0,0.0,0.0,0.0,0.0
B,R04,training,20,362,0,0.0,0.0,0.0,0.0
B,R04,training,20,363,0,0.0,0.0,0.0,0.0
B,R04,training,20,364,0,0.0,0.0,0.0,0.0
B,R04,training,20,365,0,0.0,0.0,0.0,0.0
B,R04,training,20,366,0,0.0,0.0,0.0,0.0
B,R04,training,20,367,0,0.0,0.0,0.0,0.0
B,R04,training,20,368,0,0.0,0.0,0.0,0.0
B,R04,training,20,369,0,0.0,0.0,0.0,0.0
B,R04,training,20,370,0,0.0,0.0,0.0,0.0
B,R04,training,20,371,0,0.0,0.0,0.0,0.0
B,R04,training,20,372,0,0.0,0.0,0.0,0.0
B,R04,training,20,373,0,0.0,0.0,0.0,0.0
B,R04,training,20,374,0,0.0,0.0,0.0,0.0
B,R04,training,20,375,0,0.0,0.0,0.0,0.0
B,R04,training,20,376,0,0.0,0.0,0.0,0.0
B,R04,training,20,377,0,0.0,0.0,0.0,0.0
B,R04,training,20,378,0,0.0,0.0,0.0,0.0
B,R04,training,20,379,0,0.0,0.0,0.0,0.0
B,R04,training,20,380,0,0.0,0.0,0.0,0.0
B,R04,training,20,381,0,0.0,0.0,0.0,0.0
B,R04,training,20,382,0,0.0,0.0,0.0,0.0
B,R04,training,20,383,0,0.0,0.0,0.0,0.0
B,R04,training,20,384,0,0.0,0.0,0.0,0.0
B,R04,training,20,385,0,0.0,0.0,0.0,0.0
B,R04,training,20,386,0,0.0,0.0,0.0,0.0
B,R04,training,20,387,0,0.0,0.0,0.0,0.0
B,R04,training,20,388,0,0.0,0.0,0.0,0.0
B,R04,training,20,389,0,0.0,0.0,0.0,0.0
B,R04,training,20,390,0,0.0,0.0,0.0,0.0
B,R04,training,20,391,0,0.0,0.0,0.0,0.0
B,R04,training,20,392,0,0.0,0.0,0.0,0.0
B,R04,training,20,393,0,0.0,0.0,0.0,0.0
B,R04,training,20,394,0,0.0,0.0,0.0,0.0
B,R04,training,20,395,0,0.0,0.0,0.0,0.0
B,R04,training,20,396,0,0.0,0.0,0.0,0.0
B,R04,training,20,397,0,0.0,0.0,0.0,0.0
B,R04,training,20,398,0,0.0,0.0,0.0,0.0
B,R04,training,20,399,0,0.0,0.0,0.0,0.0
B,R04,training,20,400,0,0.0,0.0,0.0,0.0
B,R04,training,20,401,0,0.0,0.0,0.0,0.0
B,R04,training,20,402,0,0.0,0.0,0.0,0.0
B,R04,training,20,403,0,0.0,0.0,0.0,0.0
C,R04,training,20,0,0,0.0,0.0,0.0,0.0
C,R04,training,20,1,0,0.0,0.0,0.0,0.0
C,R04,training,20,2,0,0.0,0.0,0.0,0.0
C,R04,training,20,3,0,0.0,0.0,0.0,0.0
C,R04,training,20,4,0,0.0,0.0,0.0,0.0
C,R04,training,20,5,0,0.0,0.0,0.0,0.0
C,R04,training,20,6,0,0.0,0.0,0.0,0.0
C,R04,training,20,7,0,0.0,0.0,0.0,0.0
C,R04,training,20,8,0,0.0,0.0,0.0,0.0
C,R04,training,20,9,0,0.0,0.0,0.0,0.0
C,R04,training,20,10,0,0.0,0.0,0.0,0.0
C,R04,training,20,11,0,0.0,0.0,0.0,0.0
C,R04,training,20,12,0,0.0,0.0,0.0,0.0
C,R04,training,20,13,0,0.0,0.0,0.0,0.0
C,R04,training,20,14,0,0.0,0.0,0.0,0.0
C,R04,training,20,15,0,0.0,0.0,0.0,0.0
C,R04,training,20,16,0,0.0,0.0,0.0,0.0
C,R04,training,20,17,0,0.0,0.0,0.0,0.0
C,R04,training,20,18,0,0.0,0.0,0.0,0.0
C,R04,training,20,19,0,0.0,0.0,0.0,0.0
C,R04,training,20,20,0,0.0,0.0,0.0,0.0
C,R04,training,20,21,0,0.0,0.0,0.0,0.0
C,R04,training,20,22,0,0.0,0.0,0.0,0.0
C,R04,training,20,23,0,0.0,0.0,0.0,0.0
C,R04,training,20,24,0,0.0,0.0,0.0,0.0
C,R04,training,20,25,0,0.0,0.0,0.0,0.0
C,R04,training,20,26,0,0.0,0.0,0.0,0.0
C,R04,training,20,27,0,0.0,0.0,0.0,0.0
C,R04,training,20,28,0,0.0,0.0,0.0,0.0
C,R04,training,20,29,0,0.0,0.0,0.0,0.0
C,R04,training,20,30,0,0.0,0.0,0.0,0.0
C,R04,training,20,31,0,0.0,0.0,0.0,0.0
C,R04,training,20,32,0,0.0,0.0,0.0,0.0
C,R04,training,20,33,0,0.0,0.0,0.0,0.0
C,R04,training,20,34,0,0.0,0.0,0.0,0.0
C,R04,training,20,35,0,0.0,0.0,0.0,0.0
C,R04,training,20,36,0,0.0,0.0,0.0,0.0
C,R04,training,20,37,0,0.0,0.0,0.0,0.0
C,R04,training,20,38,0,0.0,0.0,0.0,0.0
C,R04,training,20,39,0,0.0,0.0,0.0,0.0
C,R04,training,20,40,0,0.0,0.0,0.0,0.0
C,R04,training,20,41,0,0.0,0.0,0.0,0.0
C,R04,training,20,42,0,0.0,0.0,0.0,0.0
C,R04,training,20,43,0,0.0,0.0,0.0,0.0
C,R04,training,20,44,0,0.0,0.0,0.0,0.0
C,R04,training,20,45,0,0.0,0.0,0.0,0.0
C,R04,training,20,46,0,0.0,0.0,0.0,0.0
C,R04,training,20,47,0,0.0,0.0,0.0,0.0
C,R04,training,20,48,0,0.0,0.0,0.0,0.0
C,R04,training,20,49,0,0.0,0.0,0.0,0.0
C,R04,training,20,50,0,0.0,0.0,0.0,0.0
C,R04,training,20,51,0,0.0,0.0,0.0,0.0
C,R04,training,20,52,0,0.0,0.0,0.0,0.0
C,R04,training,20,53,0,0.0,0.0,0.0,0.0
C,R04,training,20,54,0,0.0,0.0,0.0,0.0
C,R04,training,20,55,0,0.0,0.0,0.0,0.0
C,R04,training,20,56,0,0.0,0.0,0.0,0.0
C,R04,training,20,57,0,0.0,0.0,0.0,0.0
C,R04,training,20,58,0,0.0,0.0,0.0,0.0
C,R04,training,20,59,0,0.0,0.0,0.0,0.0
C,R04,training,20,60,0,0.0,0.0,0.0,0.0
C,R04,training,20,61,0,0.0,0.0,0.0,0.0
C,R04,training,20,62,0,0.0,0.0,0.0,0.0
C,R04,training,20,63,0,0.0,0.0,0.0,0.0
C,R04,training,20,64,0,0.0,0.0,0.0,0.0
C,R04,training,20,65,0,0.0,0.0,0.0,0.0
C,R04,training,20,66,0,0.0,0.0,0.0,0.0
C,R04,training,20,67,0,0.0,0.0,0.0,0.0
C,R04,training,20,68,0,0.0,0.0,0.0,0.0
C,R04,training,20,69,0,0.0,0.0,0.0,0.0
C,R04,training,20,70,0,0.0,0.0,0.0,0.0
C,R04,training,20,71,0,0.0,0.0,0.0,0.0
C,R04,training,20,72,0,0.0,0.0,0.0,0.0
C,R04,training,20,73,0,0.0,0.0,0.0,0.0
C,R04,training,20,74,0,0.0,0.0,0.0,0.0
C,R04,training,20,75,0,0.0,0.0,0.0,0.0
C,R04,training,20,76,0,0.0,0.0,0.0,0.0
C,R04,training,20,77,0,0.0,0.0,0.0,0.0
C,R04,training,20,78,0,0.0,0.0,0.0,0.0
C,R04,training,20,79,0,0.0,0.0,0.0,0.0
C,R04,training,20,80,0,0.0,0.0,0.0,0.0
C,R04,training,20,81,0,0.0,0.0,0.0,0.0
C,R04,training,20,82,0,0.0,0.0,0.0,0.0
C,R04,training,20,83,0,0.0,0.0,0.0,0.0
C,R04,training,20,84,0,0.0,0.0,0.0,0.0
C,R04,training,20,85,0,0.0,0.0,0.0,0.0
C,R04,training,20,86,0,0.0,0.0,0.0,0.0
C,R04,training,20,87,0,0.0,0.0,0.0,0.0
C,R04,training,20,88,0,0.0,0.0,0.0,0.0
C,R04,training,20,89,0,0.0,0.0,0.0,0.0
C,R04,training,20,90,0,0.0,0.0,0.0,0.0
C,R04,training,20,91,0,0.0,0.0,0.0,0.0
C,R04,training,20,92,0,0.0,0.0,0.0,0.0
C,R04,training,20,93,0,0.0,0.0,0.0,0.0
C,R04,training,20,94,0,0.0,0.0,0.0,0.0
C,R04,training,20,95,0,0.0,0.0,0.0,0.0
C,R04,training,20,96,0,0.0,0.0,0.0,0.0
C,R04,training,20,97,0,0.0,0.0,0.0,0.0
C,R04,training,20,98,0,0.0,0.0,0.0,0.0
C,R04,training,20,99,0,0.0,0.0,0.0,0.0
C,R04,training,20,100,0,0.0,0.0,0.0,0.0
C,R04,training,20,101,0,0.0,0.0,0.0,0.0
C,R04,training,20,102,0,0.0,0.0,0.0,0.0
C,R04,training,20,103,0,0.0,0.0,0.0,0.0
C,R04,training,20,104,0,0.0,0.0,0.0,0.0
C,R04,training,20,105,0,0.0,0.0,0.0,0.0
C,R04,training,20,106,0,0.0,0.0,0.0,0.0
C,R04,training,20,107,0,0.0,0.0,0.0,0.0
C,R04,training,20,108,0,0.0,0.0,0.0,0.0
C,R04,training,20,109,0,0.0,0.0,0.0,0.0
C,R04,training,20,110,0,0.0,0.0,0.0,0.0
C,R04,training,20,111,0,0.0,0.0,0.0,0.0
C,R04,training,20,112,0,0.0,0.0,0.0,0.0
C,R04,training,20,113,0,0.0,0.0,0.0,0.0
C,R04,training,20,114,0,0.0,0.0,0.0,0.0
C,R04,training,20,115,0,0.0,0.0,0.0,0.0
C,R04,training,20,116,0,0.0,0.0,0.0,0.0
C,R04,training,20,117,0,0.0,0.0,0.0,0.0
C,R04,training,20,118,0,0.0,0.0,0.0,0.0
C,R04,training,20,119,0,0.0,0.0,0.0,0.0
C,R04,training,20,120,0,0.0,0.0,0.0,0.0
C,R04,training,20,121,0,0.0,0.0,0.0,0.0
C,R04,training,20,122,0,0.0,0.0,0.0,0.0
C,R04,training,20,123,0,0.0,0.0,0.0,0.0
C,R04,training,20,124,0,0.0,0.0,0.0,0.0
C,R04,training,20,125,0,0.0,0.0,0.0,0.0
C,R04,training,20,126,0,0.0,0.0,0.0,0.0
C,R04,training,20,127,0,0.0,0.0,0.0,0.0
C,R04,training,20,128,0,0.0,0.0,0.0,0.0
C,R04,training,20,129,0,0.0,0.0,0.0,0.0
C,R04,training,20,130,0,0.0,0.0,0.0,0.0
C,R04,training,20,131,0,0.0,0.0,0.0,0.0
C,R04,training,20,132,0,0.0,0.0,0.0,0.0
C,R04,training,20,133,0,0.0,0.0,0.0,0.0
C,R04,training,20,134,0,0.0,0.0,0.0,0.0
C,R04,training,20,135,0,0.0,0.0,0.0,0.0
C,R04,training,20,136,0,0.0,0.0,0.0,0.0
C,R04,training,20,137,0,0.0,0.0,0.0,0.0
C,R04,training,20,138,0,0.0,0.0,0.0,0.0
C,R04,training,20,139,0,0.0,0.0,0.0,0.0
C,R04,training,20,140,0,0.0,0.0,0.0,0.0
C,R04,training,20,141,0,0.0,0.0,0.0,0.0
C,R04,training,20,142,0,0.0,0.0,0.0,0.0
C,R04,training,20,143,0,0.0,0.0,0.0,0.0
C,R04,training,20,144,0,0.0,0.0,0.0,0.0
C,R04,training,20,145,0,0.0,0.0,0.0,0.0
C,R04,training,20,146,0,0.0,0.0,0.0,0.0
C,R04,training,20,147,0,0.0,0.0,0.0,0.0
C,R04,training,20,148,0,0.0,0.0,0.0,0.0
C,R04,training,20,149,0,0.0,0.0,0.0,0.0
C,R04,training,20,150,0,0.0,0.0,0.0,0.0
C,R04,training,20,151,0,0.0,0.0,0.0,0.0
C,R04,training,20,152,0,0.0,0.0,0.0,0.0
C,R04,training,20,153,0,0.0,0.0,0.0,0.0
C,R04,training,20,154,0,0.0,0.0,0.0,0.0
C,R04,training,20,155,0,0.0,0.0,0.0,0.0
C,R04,training,20,156,0,0.0,0.0,0.0,0.0
C,R04,training,20,157,0,0.0,0.0,0.0,0.0
C,R04,training,20,158,0,0.0,0.0,0.0,0.0
C,R04,training,20,159,0,0.0,0.0,0.0,0.0
C,R04,training,20,160,0,0.0,0.0,0.0,0.0
C,R04,training,20,161,0,0.0,0.0,0.0,0.0
C,R04,training,20,162,0,0.0,0.0,0.0,0.0
C,R04,training,20,163,0,0.0,0.0,0.0,0.0
C,R04,training,20,164,0,0.0,0.0,0.0,0.0
C,R04,training,20,165,0,0.0,0.0,0.0,0.0
C,R04,training,20,166,0,0.0,0.0,0.0,0.0
C,R04,training,20,167,0,0.0,0.0,0.0,0.0
C,R04,training,20,168,0,0.0,0.0,0.0,0.0
C,R04,training,20,169,0,0.0,0.0,0.0,0.0
C,R04,training,20,170,0,0.0,0.0,0.0,0.0
C,R04,training,20,171,0,0.0,0.0,0.0,0.0
C,R04,training,20,172,0,0.0,0.0,0.0,0.0
C,R04,training,20,173,0,0.0,0.0,0.0,0.0
C,R04,training,20,174,0,0.0,0.0,0.0,0.0
C,R04,training,20,175,0,0.0,0.0,0.0,0.0
C,R04,training,20,176,0,0.0,0.0,0.0,0.0
C,R04,training,20,177,0,0.0,0.0,0.0,0.0
C,R04,training,20,178,0,0.0,0.0,0.0,0.0
C,R04,training,20,179,0,0.0,0.0,0.0,0.0
C,R04,training,20,180,0,0.0,0.0,0.0,0.0
C,R04,training,20,181,0,0.0,0.0,0.0,0.0
C,R04,training,20,182,0,0.0,0.0,0.0,0.0
C,R04,training,20,183,0,0.0,0.0,0.0,0.0
C,R04,training,20,184,0,0.0,0.0,0.0,0.0
C,R04,training,20,185,0,0.0,0.0,0.0,0.0
C,R04,training,20,186,0,0.0,0.0,0.0,0.0
C,R04,training,20,187,0,0.0,0.0,0.0,0.0
C,R04,training,20,188,0,0.0,0.0,0.0,0.0
C,R04,training,20,189,0,0.0,0.0,0.0,0.0
C,R04,training,20,190,0,0.0,0.0,0.0,0.0
C,R04,training,20,191,0,0.0,0.0,0.0,0.0
C,R04,training,20,192,0,0.0,0.0,0.0,0.0
C,R04,training,20,193,0,0.0,0.0,0.0,0.0
C,R04,training,20,194,0,0.0,0.0,0.0,0.0
C,R04,training,20,195,0,0.0,0.0,0.0,0.0
C,R04,training,20,196,0,0.0,0.0,0.0,0.0
C,R04,training,20,197,0,0.0,0.0,0.0,0.0
C,R04,training,20,198,0,0.0,0.0,0.0,0.0
C,R04,training,20,199,0,0.0,0.0,0.0,0.0
C,R04,training,20,200,0,0.0,0.0,0.0,0.0
C,R04,training,20,201,0,0.0,0.0,0.0,0.0
C,R04,training,20,202,0,0.0,0.0,0.0,0.0
C,R04,training,20,203,0,0.0,0.0,0.0,0.0
C,R04,training,20,204,0,0.0,0.0,0.0,0.0
C,R04,training,20,205,0,0.0,0.0,0.0,0.0
C,R04,training,20,206,0,0.0,0.0,0.0,0.0
C,R04,training,20,207,0,0.0,0.0,0.0,0.0
C,R04,training,20,208,0,0.0,0.0,0.0,0.0
C,R04,training,20,209,0,0.0,0.0,0.0,0.0
C,R04,training,20,210,0,0.0,0.0,0.0,0.0
C,R04,training,20,211,0,0.0,0.0,0.0,0.0
C,R04,training,20,212,0,0.0,0.0,0.0,0.0
C,R04,training,20,213,0,0.0,0.0,0.0,0.0
C,R04,training,20,214,0,0.0,0.0,0.0,0.0
C,R04,training,20,215,0,0.0,0.0,0.0,0.0
C,R04,training,20,216,0,0.0,0.0,0.0,0.0
C,R04,training,20,217,0,0.0,0.0,0.0,0.0
C,R04,training,20,218,0,0.0,0.0,0.0,0.0
C,R04,training,20,219,0,0.0,0.0,0.0,0.0
C,R04,training,20,220,0,0.0,0.0,0.0,0.0
C,R04,training,20,221,0,0.0,0.0,0.0,0.0
C,R04,training,20,222,0,0.0,0.0,0.0,0.0
C,R04,training,20,223,0,0.0,0.0,0.0,0.0
C,R04,training,20,224,0,0.0,0.0,0.0,0.0
C,R04,training,20,225,0,0.0,0.0,0.0,0.0
C,R04,training,20,226,0,0.0,0.0,0.0,0.0
C,R04,training,20,227,0,0.0,0.0,0.0,0.0
C,R04,training,20,228,0,0.0,0.0,0.0,0.0
C,R04,training,20,229,0,0.0,0.0,0.0,0.0
C,R04,training,20,230,0,0.0,0.0,0.0,0.0
C,R04,training,20,231,0,0.0,0.0,0.0,0.0
C,R04,training,20,232,0,0.0,0.0,0.0,0.0
C,R04,training,20,233,0,0.0,0.0,0.0,0.0
C,R04,training,20,234,0,0.0,0.0,0.0,0.0
C,R04,training,20,235,0,0.0,0.0,0.0,0.0
C,R04,training,20,236,0,0.0,0.0,0.0,0.0
C,R04,training,20,237,0,0.0,0.0,0.0,0.0
C,R04,training,20,238,0,0.0,0.0,0.0,0.0
C,R04,training,20,239,0,0.0,0.0,0.0,0.0
C,R04,training,20,240,0,0.0,0.0,0.0,0.0
C,R04,training,20,241,0,0.0,0.0,0.0,0.0
C,R04,training,20,242,0,0.0,0.0,0.0,0.0
C,R04,training,20,243,0,0.0,0.0,0.0,0.0
C,R04,training,20,244,0,0.0,0.0,0.0,0.0
C,R04,training,20,245,0,0.0,0.0,0.0,0.0
C,R04,training,20,246,0,0.0,0.0,0.0,0.0
C,R04,training,20,247,0,0.0,0.0,0.0,0.0
C,R04,training,20,248,0,0.0,0.0,0.0,0.0
C,R04,training,20,249,0,0.0,0.0,0.0,0.0
C,R04,training,20,250,0,0.0,0.0,0.0,0.0
C,R04,training,20,251,0,0.0,0.0,0.0,0.0
C,R04,training,20,252,0,0.0,0.0,0.0,0.0
C,R04,training,20,253,0,0.0,0.0,0.0,0.0
C,R04,training,20,254,0,0.0,0.0,0.0,0.0
C,R04,training,20,255,0,0.0,0.0,0.0,0.0
C,R04,training,20,256,0,0.0,0.0,0.0,0.0
C,R04,training,20,257,0,0.0,0.0,0.0,0.0
C,R04,training,20,258,0,0.0,0.0,0.0,0.0
C,R04,training,20,259,0,0.0,0.0,0.0,0.0
C,R04,training,20,260,0,0.0,0.0,0.0,0.0
C,R04,training,20,261,0,0.0,0.0,0.0,0.0
C,R04,training,20,262,0,0.0,0.0,0.0,0.0
C,R04,training,20,263,0,0.0,0.0,0.0,0.0
C,R04,training,20,264,0,0.0,0.0,0.0,0.0
C,R04,training,20,265,0,0.0,0.0,0.0,0.0
C,R04,training,20,266,0,0.0,0.0,0.0,0.0
C,R04,training,20,267,0,0.0,0.0,0.0,0.0
C,R04,training,20,268,0,0.0,0.0,0.0,0.0
C,R04,training,20,269,0,0.0,0.0,0.0,0.0
C,R04,training,20,270,0,0.0,0.0,0.0,0.0
C,R04,training,20,271,0,0.0,0.0,0.0,0.0
C,R04,training,20,272,0,0.0,0.0,0.0,0.0
C,R04,training,20,273,0,0.0,0.0,0.0,0.0
C,R04,training,20,274,0,0.0,0.0,0.0,0.0
C,R04,training,20,275,0,0.0,0.0,0.0,0.0
C,R04,training,20,276,0,0.0,0.0,0.0,0.0
C,R04,training,20,277,0,0.0,0.0,0.0,0.0
C,R04,training,20,278,0,0.0,0.0,0.0,0.0
C,R04,training,20,279,0,0.0,0.0,0.0,0.0
C,R04,training,20,280,0,0.0,0.0,0.0,0.0
C,R04,training,20,281,0,0.0,0.0,0.0,0.0
C,R04,training,20,282,0,0.0,0.0,0.0,0.0
C,R04,training,20,283,0,0.0,0.0,0.0,0.0
C,R04,training,20,284,0,0.0,0.0,0.0,0.0
C,R04,training,20,285,0,0.0,0.0,0.0,0.0
C,R04,training,20,286,0,0.0,0.0,0.0,0.0
C,R04,training,20,287,0,0.0,0.0,0.0,0.0
C,R04,training,20,288,0,0.0,0.0,0.0,0.0
C,R04,training,20,289,0,0.0,0.0,0.0,0.0
C,R04,training,20,290,0,0.0,0.0,0.0,0.0
C,R04,training,20,291,0,0.0,0.0,0.0,0.0
C,R04,training,20,292,0,0.0,0.0,0.0,0.0
C,R04,training,20,293,0,0.0,0.0,0.0,0.0
C,R04,training,20,294,0,0.0,0.0,0.0,0.0
C,R04,training,20,295,0,0.0,0.0,0.0,0.0
C,R04,training,20,296,0,0.0,0.0,0.0,0.0
C,R04,training,20,297,0,0.0,0.0,0.0,0.0
C,R04,training,20,298,0,0.0,0.0,0.0,0.0
C,R04,training,20,299,0,0.0,0.0,0.0,0.0
C,R04,training,20,300,0,0.0,0.0,0.0,0.0
C,R04,training,20,301,0,0.0,0.0,0.0,0.0
C,R04,training,20,302,0,0.0,0.0,0.0,0.0
C,R04,training,20,303,0,0.0,0.0,0.0,0.0
C,R04,training,20,304,0,0.0,0.0,0.0,0.0
C,R04,training,20,305,0,0.0,0.0,0.0,0.0
C,R04,training,20,306,0,0.0,0.0,0.0,0.0
C,R04,training,20,307,0,0.0,0.0,0.0,0.0
C,R04,training,20,308,0,0.0,0.0,0.0,0.0
C,R04,training,20,309,0,0.0,0.0,0.0,0.0
C,R04,training,20,310,0,0.0,0.0,0.0,0.0
C,R04,training,20,311,0,0.0,0.0,0.0,0.0
C,R04,training,20,312,0,0.0,0.0,0.0,0.0
C,R04,training,20,313,0,0.0,0.0,0.0,0.0
C,R04,training,20,314,0,0.0,0.0,0.0,0.0
C,R04,training,20,315,0,0.0,0.0,0.0,0.0
C,R04,training,20,316,0,0.0,0.0,0.0,0.0
C,R04,training,20,317,0,0.0,0.0,0.0,0.0
C,R04,training,20,318,0,0.0,0.0,0.0,0.0
C,R04,training,20,319,0,0.0,0.0,0.0,0.0
C,R04,training,20,320,0,0.0,0.0,0.0,0.0
C,R04,training,20,321,0,0.0,0.0,0.0,0.0
C,R04,training,20,322,0,0.0,0.0,0.0,0.0
C,R04,training,20,323,0,0.0,0.0,0.0,0.0
C,R04,training,20,324,0,0.0,0.0,0.0,0.0
C,R04,training,20,325,0,0.0,0.0,0.0,0.0
C,R04,training,20,326,0,0.0,0.0,0.0,0.0
C,R04,training,20,327,0,0.0,0.0,0.0,0.0
C,R04,training,20,328,0,0.0,0.0,0.0,0.0
C,R04,training,20,329,0,0.0,0.0,0.0,0.0
C,R04,training,20,330,0,0.0,0.0,0.0,0.0
C,R04,training,20,331,0,0.0,0.0,0.0,0.0
C,R04,training,20,332,0,0.0,0.0,0.0,0.0
C,R04,training,20,333,0,0.0,0.0,0.0,0.0
C,R04,training,20,334,0,0.0,0.0,0.0,0.0
C,R04,training,20,335,0,0.0,0.0,0.0,0.0
C,R04,training,20,336,0,0.0,0.0,0.0,0.0
C,R04,training,20,337,0,0.0,0.0,0.0,0.0
C,R04,training,20,338,0,0.0,0.0,0.0,0.0
C,R04,training,20,339,0,0.0,0.0,0.0,0.0
C,R04,training,20,340,0,0.0,0.0,0.0,0.0
C,R04,training,20,341,0,0.0,0.0,0.0,0.0
C,R04,training,20,342,0,0.0,0.0,0.0,0.0
C,R04,training,20,343,0,0.0,0.0,0.0,0.0
C,R04,training,20,344,0,0.0,0.0,0.0,0.0
C,R04,training,20,345,0,0.0,0.0,0.0,0.0
C,R04,training,20,346,0,0.0,0.0,0.0,0.0
C,R04,training,20,347,0,0.0,0.0,0.0,0.0
C,R04,training,20,348,0,0.0,0.0,0.0,0.0
C,R04,training,20,349,0,0.0,0.0,0.0,0.0
C,R04,training,20,350,0,0.0,0.0,0.0,0.0
C,R04,training,20,351,0,0.0,0.0,0.0,0.0
C,R04,training,20,352,0,0.0,0.0,0.0,0.0
C,R04,training,20,353,0,0.0,0.0,0.0,0.0
C,R04,training,20,354,0,0.0,0.0,0.0,0.0
C,R04,training,20,355,0,0.0,0.0,0.0,0.0
C,R04,training,20,356,0,0.0,0.0,0.0,0.0
C,R04,training,20,357,0,0.0,0.0,0.0,0.0
C,R04,training,20,358,0,0.0,0.0,0.0,0.0
C,R04,training,20,359,0,0.0,0.0,0.0,0.0
C,R04,training,20,360,0,0.0,0.0,0.0,0.0
C,R04,training,20,361,0,0.0,0.0,0.0,0.0
C,R04,training,20,362,0,0.0,0.0,0.0,0.0
C,R04,training,20,363,0,0.0,0.0,0.0,0.0
C,R04,training,20,364,0,0.0,0.0,0.0,0.0
C,R04,training,20,365,0,0.0,0.0,0.0,0.0
C,R04,training,20,366,0,0.0,0.0,0.0,0.0
C,R04,training,20,367,0,0.0,0.0,0.0,0.0
C,R04,training,20,368,0,0.0,0.0,0.0,0.0
C,R04,training,20,369,0,0.0,0.0,0.0,0.0
C,R04,training,20,370,0,0.0,0.0,0.0,0.0
C,R04,training,20,371,0,0.0,0.0,0.0,0.0
C,R04,training,20,372,0,0.0,0.0,0.0,0.0
C,R04,training,20,373,0,0.0,0.0,0.0,0.0
C,R04,training,20,374,0,0.0,0.0,0.0,0.0
C,R04,training,20,375,0,0.0,0.0,0.0,0.0
C,R04,training,20,376,0,0.0,0.0,0.0,0.0
C,R04,training,20,377,0,0.0,0.0,0.0,0.0
C,R04,training,20,378,0,0.0,0.0,0.0,0.0
C,R04,training,20,379,0,0.0,0.0,0.0,0.0
C,R04,training,20,380,0,0.0,0.0,0.0,0.0
C,R04,training,20,381,0,0.0,0.0,0.0,0.0
C,R04,training,20,382,0,0.0,0.0,0.0,0.0
C,R04,training,20,383,0,0.0,0.0,0.0,0.0
C,R04,training,20,384,0,0.0,0.0,0.0,0.0
C,R04,training,20,385,0,0.0,0.0,0.0,0.0
C,R04,training,20,386,0,0.0,0.0,0.0,0.0
C,R04,training,20,387,0,0.0,0.0,0.0,0.0
C,R04,training,20,388,0,0.0,0.0,0.0,0.0
C,R04,training,20,389,0,0.0,0.0,0.0,0.0
C,R04,training,20,390,0,0.0,0.0,0.0,0.0
C,R04,training,20,391,0,0.0,0.0,0.0,0.0
C,R04,training,20,392,0,0.0,0.0,0.0,0.0
C,R04,training,20,393,0,0.0,0.0,0.0,0.0
C,R04,training,20,394,0,0.0,0.0,0.0,0.0
C,R04,training,20,395,0,0.0,0.0,0.0,0.0
C,R04,training,20,396,0,0.0,0.0,0.0,0.0
C,R04,training,20,397,0,0.0,0.0,0.0,0.0
C,R04,training,20,398,0,0.0,0.0,0.0,0.0
C,R04,training,20,399,0,0.0,0.0,0.0,0.0
C,R04,training,20,400,0,0.0,0.0,0.0,0.0
C,R04,training,20,401,0,0.0,0.0,0.0,0.0
C,R04,training,20,402,0,0.0,0.0,0.0,0.0
C,R04,training,20,403,0,0.0,0.0,0.0,0.0
P1,R04,training,20,0,0,0.0,0.0,0.03634541749858163,0.022153740893269387
P1,R04,training,20,1,0,0.0,0.0,0.03634541749858163,0.02226286636917442
P1,R04,training,20,2,0,0.0,0.0,0.03634541749858163,0.022371981092365215
P1,R04,training,20,3,0,0.0,0.0,0.03634541749858163,0.02248107964886331
P1,R04,training,20,4,0,0.0,0.0,0.03634541749858163,0.022590156599413564
P1,R04,training,20,5,0,0.0,0.0,0.03634541749858163,0.02269920647989542
P1,R04,training,20,6,0,0.0,0.0,0.03634541749858163,0.022808223801739195
P1,R04,training,20,7,0,0.0,0.0,0.03634541749858163,0.022917203052347374
P1,R04,training,20,8,0,0.0,0.0,0.03634541749858163,0.0230261386955209
P1,R04,training,20,9,0,0.0,0.0,0.03634541749858163,0.023135025171890422
P1,R04,training,20,10,0,0.0,0.0,0.03634541749858163,0.02324385689935239
P1,R04,training,20,11,0,0.0,0.0,0.03634541749858163,0.02335262827351008
P1,R04,training,20,12,0,0.0,0.0,0.03634541749858163,0.023461333668119366
P1,R04,training,20,13,0,0.0,0.0,0.03634541749858163,0.023569967435539328
P1,R04,training,20,14,0,0.0,0.0,0.03634541749858163,0.023678523907187558
P1,R04,training,20,15,0,0.0,0.0,0.03634541749858163,0.023786997394000153
P1,R04,training,20,16,0,1.0,0.5007785343452862,0.036527599661936916,0.024015158288551545
P1,R04,training,20,17,0,1.0,0.5007785343452862,0.036527599661936916,0.02412399146664326
P1,R04,training,20,18,0,1.0,0.5007785343452862,0.036527599661936916,0.024232723972382547
P1,R04,training,20,19,0,1.0,0.5007785343452862,0.036527599661936916,0.024341350010567933
P1,R04,training,20,20,0,1.0,0.5007785343452862,0.036527599661936916,0.024449863767794282
P1,R04,training,20,21,0,1.0,0.5007785343452862,0.036527599661936916,0.024558259412942384
P1,R04,training,20,22,0,1.0,0.5007785343452862,0.036527599661936916,0.024666531097672823
P1,R04,training,20,23,0,1.0,0.5007785343452862,0.036527599661936916,0.02477467295692426
P1,R04,training,20,24,0,1.0,0.5007785343452862,0.036527599661936916,0.02488267910941586
P1,R04,training,20,25,0,1.0,0.5007785343452862,0.036527599661936916,0.02499054365815401
P1,R04,training,20,26,0,1.0,0.5007785343452862,0.036527599661936916,0.025098260690943147
P1,R04,training,20,27,0,1.0,0.5007785343452862,0.036527599661936916,0.025205824280900666
P1,R04,training,20,28,0,1.0,0.5007785343452862,0.036527599661936916,0.025313228486975852
P1,R04,training,20,29,0,1.0,0.5007785343452862,0.036527599661936916,0.025420467354472818
P1,R04,training,20,30,0,1.0,0.5007785343452862,0.036527599661936916,0.02552753491557732
P1,R04,training,20,31,0,1.0,0.5007785343452862,0.036527599661936916,0.025634425189887445
P1,R04,training,20,32,0,0.0,0.0,0.06488320745704634,0.045723432012851686
P1,R04,training,20,33,0,0.0,0.0,0.06488320745704634,0.045912637185356486
P1,R04,training,20,34,0,0.0,0.0,0.06488320745704634,0.0461014954538395
P1,R04,training,20,35,0,0.0,0.0,0.06488320745704634,0.04628999611556069
P1,R04,training,20,36,0,0.0,0.0,0.06488320745704634,0.0464781284502326
P1,R04,training,20,37,0,0.0,0.0,0.06488320745704634,0.04666588172100162
P1,R04,training,20,38,0,0.0,0.0,0.06488320745704634,0.04685324517543525
P1,R04,training,20,39,0,0.0,0.0,0.06488320745704634,0.04704020804651546
P1,R04,training,20,40,0,0.0,0.0,0.06488320745704634,0.04722675955363758
P1,R04,training,20,41,0,0.0,0.0,0.06488320745704634,0.04741288890361508
P1,R04,training,20,42,0,0.0,0.0,0.06488320745704634,0.047598585291689754
P1,R04,training,20,43,0,0.0,0.0,0.06488320745704634,0.0477838379025474
P1,R04,training,20,44,0,0.0,0.0,0.06488320745704634,0.04796863591133873
P1,R04,training,20,45,0,0.0,0.0,0.06488320745704634,0.048152968484705454
P1,R04,training,20,46,0,0.0,0.0,0.06488320745704634,0.04833682478181143
P1,R04,training,20,47,0,0.0,0.0,0.06488320745704634,0.04852019395537864
P1,R04,training,20,48,0,0.0,0.0,0.09481261515106423,0.07116887641628643
P1,R04,training,20,49,0,0.0,0.0,0.09481261515106423,0.07143535912148528
P1,R04,training,20,50,0,0.0,0.0,0.09481261515106423,0.07170108240817522
P1,R04,training,20,51,0,0.0,0.0,0.09481261515106423,0.0719660304030537
P1,R04,training,20,52,0,0.0,0.0,0.09481261515106423,0.07223018723107477
P1,R04,training,20,53,0,0.0,0.0,0.09481261515106423,0.07249353701700145
P1,R04,training,20,54,0,0.0,0.0,0.09481261515106423,0.07275606388696429
P1,R04,training,20,55,0,0.0,0.0,0.09481261515106423,0.07301775197002516
P1,R04,training,20,56,0,0.0,0.0,0.09481261515106423,0.07327858539974652
P1,R04,training,20,57,0,0.0,0.0,0.09481261515106423,0.07353854831576574
P1,R04,training,20,58,0,0.0,0.0,0.09481261515106423,0.07379762486537436
P1,R04,training,20,59,0,0.0,0.0,0.09481261515106423,0.07405579920510195
P1,R04,training,20,60,0,0.0,0.0,0.09481261515106423,0.07431305550230458
P1,R04,training,20,61,0,0.0,0.0,0.09481261515106423,0.07456937793675732
P1,R04,training,20,62,0,0.0,0.0,0.09481261515106423,0.074824750702251
P1,R04,training,20,63,0,0.0,0.0,0.09481261515106423,0.07507915800819266
P1,R04,training,20,64,0,0.0,0.0,0.12608235855520616,0.10017770168963287
P1,R04,training,20,65,0,0.0,0.0,0.12608235855520616,0.10051338333308282
P1,R04,training,20,66,0,0.0,0.0,0.12608235855520616,0.10084771825358076
P1,R04,training,20,67,0,0.0,0.0,0.12608235855520616,0.10118068555714553
P1,R04,training,20,68,0,0.0,0.0,0.12608235855520616,0.10151226438126956
P1,R04,training,20,69,0,0.0,0.0,0.12608235855520616,0.10184243389707114
P1,R04,training,20,70,0,0.0,0.0,0.12608235855520616,0.10217117331144983
P1,R04,training,20,71,0,0.0,0.0,0.12608235855520616,0.10249846186924441
P1,R04,training,20,72,0,0.0,0.0,0.12608235855520616,0.10282427885539332
P1,R04,training,20,73,0,0.0,0.0,0.12608235855520616,0.10314860359709681
P1,R04,training,20,74,0,0.0,0.0,0.12608235855520616,0.10347141546598126
P1,R04,training,20,75,0,0.0,0.0,0.12608235855520616,0.10379269388026442
P1,R04,training,20,76,0,0.0,0.0,0.12608235855520616,0.10411241830692211
P1,R04,training,20,77,0,0.0,0.0,0.12608235855520616,0.10443056826385544
P1,R04,training,20,78,0,0.0,0.0,0.12608235855520616,0.10474712332205871
P1,R04,training,20,79,0,0.0,0.0,0.12608235855520616,0.10506206310778719
P1,R04,training,20,80,0,0.0,0.0,0.13000016295403954,0.10864973560086026
P1,R04,training,20,81,0,0.0,0.0,0.13000016295403954,0.108971067918356
P1,R04,training,20,82,0,0.0,0.0,0.13000016295403954,0.10929067211514958
P1,R04,training,20,83,0,0.0,0.0,0.13000016295403954,0.10960852743467198
P1,R04,training,20,84,0,0.0,0.0,0.13000016295403954,0.10992461318849933
P1,R04,training,20,85,0,0.0,0.0,0.13000016295403954,0.11023890875858203
P1,R04,training,20,86,0,0.0,0.0,0.13000016295403954,0.11055139359947172
P1,R04,training,20,87,0,0.0,0.0,0.13000016295403954,0.11086204724054585
P1,R04,training,20,88,0,0.0,0.0,0.13000016295403954,0.11117084928822922
P1,R04,training,20,89,0,0.0,0.0,0.13000016295403954,0.1114777794282125
P1,R04,training,20,90,0,0.0,0.0,0.13000016295403954,0.11178281742766714
P1,R04,training,20,91,0,0.0,0.0,0.13000016295403954,0.11208594313745643
P1,R04,training,20,92,0,0.0,0.0,0.13000016295403954,0.11238713649434234
P1,R04,training,20,93,0,0.0,0.0,0.13000016295403954,0.11268637752318798
P1,R04,training,20,94,0,0.0,0.0,0.13000016295403954,0.11298364633915503
P1,R04,training,20,95,0,0.0,0.0,0.13000016295403954,0.11327892314989599
P1,R04,training,20,96,0,0.0,0.0,0.16142912760178285,0.1410295099149557
P1,R04,training,20,97,0,0.0,0.0,0.16142912760178285,0.14139115268417832
P1,R04,training,20,98,0,0.0,0.0,0.16142912760178285,0.14175024884320525
P1,R04,training,20,99,0,0.0,0.0,0.16142912760178285,0.14210677430115728
P1,R04,training,20,100,0,0.0,0.0,0.16142912760178285,0.1424607050955068
P1,R04,training,20,101,0,0.0,0.0,0.16142912760178285,0.14281201739475236
P1,R04,training,20,102,0,0.0,0.0,0.16142912760178285,0.14316068750108427
P1,R04,training,20,103,0,0.0,0.0,0.16142912760178285,0.14350669185304002
P1,R04,training,20,104,0,0.0,0.0,0.16142912760178285,0.14385000702814985
P1,R04,training,20,105,0,0.0,0.0,0.16142912760178285,0.14419060974557127
P1,R04,training,20,106,0,0.0,0.0,0.16142912760178285,0.14452847686871298
P1,R04,training,20,107,0,0.0,0.0,0.16142912760178285,0.144863585407847
P1,R04,training,20,108,0,0.0,0.0,0.16142912760178285,0.14519591252270914
P1,R04,training,20,109,0,0.0,0.0,0.16142912760178285,0.14552543552508712
P1,R04,training,20,110,0,0.0,0.0,0.16142912760178285,0.14585213188139598
P1,R04,training,20,111,0,0.0,0.0,0.16142912760178285,0.14617597921524045
P1,R04,training,20,112,0,0.0,0.0,0.16518056332621164,0.14990138374140244
P1,R04,training,20,113,0,0.0,0.0,0.16518056332621164,0.15022685843776165
P1,R04,training,20,114,0,0.0,0.0,0.16518056332621164,0.1505493502053722
P1,R04,training,20,115,0,0.0,0.0,0.16518056332621164,0.15086883681714283
P1,R04,training,20,116,0,0.0,0.0,0.16518056332621164,0.15118529621971888
P1,R04,training,20,117,0,0.0,0.0,0.16518056332621164,0.1514987065360151
P1,R04,training,20,118,0,0.0,0.0,0.16518056332621164,0.15180904606773224
P1,R04,training,20,119,0,0.0,0.0,0.16518056332621164,0.15211629329785684
P1,R04,training,20,120,0,0.0,0.0,0.16518056332621164,0.15242042689314414
P1,R04,training,20,121,0,0.0,0.0,0.16518056332621164,0.1527214257065832
P1,R04,training,20,122,0,0.0,0.0,0.16518056332621164,0.1530192687798445
P1,R04,training,20,123,0,0.0,0.0,0.16518056332621164,0.15331393534570892
P1,R04,training,20,124,0,0.0,0.0,0.16518056332621164,0.15360540483047827
P1,R04,training,20,125,0,0.0,0.0,0.16518056332621164,0.15389365685636658
P1,R04,training,20,126,0,0.0,0.0,0.16518056332621164,0.15417867124387225
P1,R04,training,20,127,0,0.0,0.0,0.16518056332621164,0.15446042801412999
P1,R04,training,20,128,0,0.0,0.0,0.1676016641832805,0.1570069617782892
P1,R04,training,20,129,0,0.0,0.0,0.1676016641832805,0.1572861776224703
P1,R04,training,20,130,0,0.0,0.0,0.1676016641832805,0.15756202853144824
P1,R04,training,20,131,0,0.0,0.0,0.1676016641832805,0.15783449507127967
P1,R04,training,20,132,0,0.0,0.0,0.1676016641832805,0.1581035580232157
P1,R04,training,20,133,0,0.0,0.0,0.1676016641832805,0.15836919838595975
P1,R04,training,20,134,0,0.0,0.0,0.1676016641832805,0.1586313973779024
P1,R04,training,20,135,0,0.0,0.0,0.1676016641832805,0.15889013643933325
P1,R04,training,20,136,0,0.0,0.0,0.1676016641832805,0.15914539723462912
P1,R04,training,20,137,0,0.0,0.0,0.1676016641832805,0.1593971616544183
P1,R04,training,20,138,0,0.0,0.0,0.1676016641832805,0.15964541181772093
P1,R04,training,20,139,0,0.0,0.0,0.1676016641832805,0.15989013007406436
P1,R04,training,20,140,0,0.0,0.0,0.1676016641832805,0.16013129900557369
P1,R04,training,20,141,0,0.0,0.0,0.1676016641832805,0.1603689014290372
P1,R04,training,20,142,0,0.0,0.0,0.1676016641832805,0.1606029203979459
P1,R04,training,20,143,0,0.0,0.0,0.1676016641832805,0.16083333920450724
P1,R04,training,20,144,0,0.0,0.49985847011625606,0.1420949163566553,0.13654892646523709
P1,R04,training,20,145,0,0.0,0.49985847011625606,0.1420949163566553,0.13673813238080607
P1,R04,training,20,146,0,0.0,0.49985847011625606,0.1420949163566553,0.13692424476672554
P1,R04,training,20,147,0,0.0,0.49985847011625606,0.1420949163566553,0.13710725028407694
P1,R04,training,20,148,0,0.0,0.49985847011625606,0.1420949163566553,0.13728713580452456
P1,R04,training,20,149,0,0.0,0.49985847011625606,0.1420949163566553,0.13746388841188492
P1,R04,training,20,150,0,0.0,0.49985847011625606,0.1420949163566553,0.1376374954036721
P1,R04,training,20,151,0,0.0,0.49985847011625606,0.1420949163566553,0.1378079442926187
P1,R04,training,20,152,0,0.0,0.49985847011625606,0.1420949163566553,0.13797522280817268
P1,R04,training,20,153,0,0.0,0.49985847011625606,0.1420949163566553,0.13813931889796932
P1,R04,training,20,154,0,0.0,0.49985847011625606,0.1420949163566553,0.1383002207292782
P1,R04,training,20,155,0,0.0,0.49985847011625606,0.1420949163566553,0.138457916690425
P1,R04,training,20,156,0,0.0,0.49985847011625606,0.1420949163566553,0.138612395392188
P1,R04,training,20,157,0,0.0,0.49985847011625606,0.1420949163566553,0.1387636456691688
P1,R04,training,20,158,0,0.0,0.49985847011625606,0.1420949163566553,0.1389116565811371
P1,R04,training,20,159,0,0.0,0.49985847011625606,0.1420949163566553,0.13905641741434951
P1,R04,training,20,160,0,1.0,0.5001415298837439,0.1438324493553695,0.14090002625595355
P1,R04,training,20,161,0,1.0,0.5001415298837439,0.1438324493553695,0.14103994596894354
P1,R04,training,20,162,0,1.0,0.5001415298837439,0.1438324493553695,0.1411765447155309
P1,R04,training,20,163,0,1.0,0.5001415298837439,0.1438324493553695,0.14130981258080216
P1,R04,training,20,164,0,1.0,0.5001415298837439,0.1438324493553695,0.14143973988537023
P1,R04,training,20,165,0,1.0,0.5001415298837439,0.1438324493553695,0.14156631718654575
P1,R04,training,20,166,0,1.0,0.5001415298837439,0.1438324493553695,0.14168953527948114
P1,R04,training,20,167,0,1.0,0.5001415298837439,0.1438324493553695,0.14180938519828584
P1,R04,training,20,168,0,1.0,0.5001415298837439,0.1438324493553695,0.14192585821711384
P1,R04,training,20,169,0,1.0,0.5001415298837439,0.1438324493553695,0.1420389458512223
P1,R04,training,20,170,0,1.0,0.5001415298837439,0.1438324493553695,0.14214863985800177
P1,R04,training,20,171,0,1.0,0.5001415298837439,0.1438324493553695,0.14225493223797742
P1,R04,training,20,172,0,1.0,0.5001415298837439,0.1438324493553695,0.14235781523578117
P1,R04,training,20,173,0,1.0,0.5001415298837439,0.1438324493553695,0.14245728134109492
P1,R04,training,20,174,0,1.0,0.5001415298837439,0.1438324493553695,0.1425533232895641
P1,R04,training,20,175,0,1.0,0.5001415298837439,0.1438324493553695,0.14264593406368206
P1,R04,training,20,176,0,0.0,0.4994451212421607,0.1441736519516214,0.14307370634923788
P1,R04,training,20,177,0,0.0,0.4994451212421607,0.1441736519516214,0.14315963808053686
P1,R04,training,20,178,0,0.0,0.4994451212421607,0.1441736519516214,0.14324211088853042
P1,R04,training,20,179,0,0.0,0.4994451212421607,0.1441736519516214,0.1433211187370649
P1,R04,training,20,180,0,0.0,0.4994451212421607,0.1441736519516214,0.1433966558414029
P1,R04,training,20,181,0,0.0,0.4994451212421607,0.1441736519516214,0.1434687166689292
P1,R04,training,20,182,0,0.0,0.4994451212421607,0.1441736519516214,0.14353729593982614
P1,R04,training,20,183,0,0.0,0.4994451212421607,0.1441736519516214,0.14360238862771832
P1,R04,training,20,184,0,0.0,0.4994451212421607,0.1441736519516214,0.1436639899602866
P1,R04,training,20,185,0,0.0,0.4994451212421607,0.1441736519516214,0.14372209541985131
P1,R04,training,20,186,0,0.0,0.4994451212421607,0.1441736519516214,0.14377670074392437
P1,R04,training,20,187,0,0.0,0.4994451212421607,0.1441736519516214,0.1438278019257304
P1,R04,training,20,188,0,0.0,0.4994451212421607,0.1441736519516214,0.14387539521469675
P1,R04,training,20,189,0,0.0,0.4994451212421607,0.1441736519516214,0.14391947711691236
P1,R04,training,20,190,0,0.0,0.4994451212421607,0.1441736519516214,0.14396004439555513
P1,R04,training,20,191,0,0.0,0.4994451212421607,0.1441736519516214,0.1439970940712881
P1,R04,training,20,192,0,0.0,0.0,0.14310876428185837,0.14296679218248534
P1,R04,training,20,193,0,0.0,0.0,0.14310876428185837,0.14299657711325467
P1,R04,training,20,194,0,0.0,0.0,0.14310876428185837,0.1430228630876134
P1,R04,training,20,195,0,0.0,0.0,0.14310876428185837,0.1430456481738705
P1,R04,training,20,196,0,0.0,0.0,0.14310876428185837,0.14306493069741485
P1,R04,training,20,197,0,0.0,0.0,0.14310876428185837,0.14308070924092062
P1,R04,training,20,198,0,0.0,0.0,0.14310876428185837,0.14309298264452056
P1,R04,training,20,199,0,0.0,0.0,0.14310876428185837,0.1431017500059484
P1,R04,training,20,200,0,0.0,0.0,0.14310876428185837,0.14310701068064918
P1,R04,training,20,201,0,0.0,0.0,0.14310876428185837,0.14310876428185837
P1,R04,training,20,202,0,0.0,0.0,0.14310876428185837,0.14310701068064918
P1,R04,training,20,203,0,0.0,0.0,0.14310876428185837,0.1431017500059484
P1,R04,training,20,204,0,0.0,0.0,0.14310876428185837,0.14309298264452056
P1,R04,training,20,205,0,0.0,0.0,0.14310876428185837,0.14308070924092062
P1,R04,training,20,206,0,0.0,0.0,0.14310876428185837,0.14306493069741485
P1,R04,training,20,207,0,0.0,0.0,0.14310876428185837,0.1430456481738705
P1,R04,training,20,208,0,0.0,0.49939807832901845,0.14066902306490237,0.14058458632802476
P1,R04,training,20,209,0,0.0,0.49939807832901845,0.14066902306490237,0.14055874848118213
P1,R04,training,20,210,0,0.0,0.49939807832901845,0.14066902306490237,0.14052947132870022
P1,R04,training,20,211,0,0.0,0.49939807832901845,0.14066902306490237,0.14049675702180298
P1,R04,training,20,212,0,0.0,0.49939807832901845,0.14066902306490237,0.14046060796391563
P1,R04,training,20,213,0,0.0,0.49939807832901845,0.14066902306490237,0.14042102681037036
P1,R04,training,20,214,0,0.0,0.49939807832901845,0.14066902306490237,0.1403780164680812
P1,R04,training,20,215,0,0.0,0.49939807832901845,0.14066902306490237,0.1403315800951884
P1,R04,training,20,216,0,0.0,0.49939807832901845,0.14066902306490237,0.14028172110067166
P1,R04,training,20,217,0,0.0,0.49939807832901845,0.14066902306490237,0.14022844314393326
P1,R04,training,20,218,0,0.0,0.49939807832901845,0.14066902306490237,0.14017175013435026
P1,R04,training,20,219,0,0.0,0.49939807832901845,0.14066902306490237,0.14011164623079664
P1,R04,training,20,220,0,0.0,0.49939807832901845,0.14066902306490237,0.14004813584113449
P1,R04,training,20,221,0,0.0,0.49939807832901845,0.14066902306490237,0.13998122362167562
P1,R04,training,20,222,0,0.0,0.49939807832901845,0.14066902306490237,0.13991091447661233
P1,R04,training,20,223,0,0.0,0.49939807832901845,0.14066902306490237,0.1398372135574184
P1,R04,training,20,224,0,0.0,0.0,0.1369251395854012,0.13604043292529616
P1,R04,training,20,225,0,0.0,0.0,0.1369251395854012,0.1359621065418436
P1,R04,training,20,226,0,0.0,0.0,0.1369251395854012,0.13588049513682157
P1,R04,training,20,227,0,0.0,0.0,0.1369251395854012,0.1357956046809853
P1,R04,training,20,228,0,0.0,0.0,0.1369251395854012,0.13570744138243868
P1,R04,training,20,229,0,0.0,0.0,0.1369251395854012,0.1356160116858776
P1,R04,training,20,230,0,0.0,0.0,0.1369251395854012,0.1355213222718049
P1,R04,training,20,231,0,0.0,0.0,0.1369251395854012,0.13542338005571683
P1,R04,training,20,232,0,0.0,0.0,0.1369251395854012,0.13532219218726116
P1,R04,training,20,233,0,0.0,0.0,0.1369251395854012,0.13521776604936753
P1,R04,training,20,234,0,0.0,0.0,0.1369251395854012,0.13511010925734956
P1,R04,training,20,235,0,0.0,0.0,0.1369251395854012,0.13499922965797936
P1,R04,training,20,236,0,0.0,0.0,0.1369251395854012,0.13488513532853436
P1,R04,training,20,237,0,0.0,0.0,0.1369251395854012,0.13476783457581662
P1,R04,training,20,238,0,0.0,0.0,0.1369251395854012,0.1346473359351449
P1,R04,training,20,239,0,0.0,0.0,0.1369251395854012,0.1345236481693197
P1,R04,training,20,240,0,0.0,0.0,0.1319838958940243,0.12954677796229222
P1,R04,training,20,241,0,0.0,0.0,0.1319838958940243,0.12942143187502442
P1,R04,training,20,242,0,0.0,0.0,0.1319838958940243,0.12929303839416834
P1,R04,training,20,243,0,0.0,0.0,0.1319838958940243,0.12916160683289557
P1,R04,training,20,244,0,0.0,0.0,0.1319838958940243,0.12902714671827553
P1,R04,training,20,245,0,0.0,0.0,0.1319838958940243,0.12888966779012465
P1,R04,training,20,246,0,0.0,0.0,0.1319838958940243,0.12874917999983052
P1,R04,training,20,247,0,0.0,0.0,0.1319838958940243,0.1286056935091516
P1,R04,training,20,248,0,0.0,0.0,0.1319838958940243,0.12845921868899216
P1,R04,training,20,249,0,0.0,0.0,0.1319838958940243,0.12830976611815337
P1,R04,training,20,250,0,0.0,0.0,0.1319838958940243,0.12815734658205977
P1,R04,training,20,251,0,0.0,0.0,0.1319838958940243,0.12800197107146255
P1,R04,training,20,252,0,0.0,0.0,0.1319838958940243,0.12784365078111865
P1,R04,training,20,253,0,0.0,0.0,0.1319838958940243,0.12768239710844678
P1,R04,training,20,254,0,0.0,0.0,0.1319838958940243,0.12751822165216026
P1,R04,training,20,255,0,0.0,0.0,0.1319838958940243,0.1273511362108767
P1,R04,training,20,256,0,0.0,0.0,0.12598308781023362,0.12139870724508409
P1,R04,training,20,257,0,0.0,0.0,0.12598308781023362,0.1212336977313094
P1,R04,training,20,258,0,0.0,0.0,0.12598308781023362,0.12106594545637571
P1,R04,training,20,259,0,0.0,0.0,0.12598308781023362,0.12089546243202419
P1,R04,training,20,260,0,0.0,0.0,0.12598308781023362,0.1207222608538561
P1,R04,training,20,261,0,0.0,0.0,0.12598308781023362,0.12054635309987911
P1,R04,training,20,262,0,0.0,0.0,0.12598308781023362,0.12036775172903356
P1,R04,training,20,263,0,0.0,0.0,0.12598308781023362,0.12018646947969854
P1,R04,training,20,264,0,0.0,0.0,0.12598308781023362,0.12000251926817816
P1,R04,training,20,265,0,0.0,0.0,0.12598308781023362,0.11981591418716858
P1,R04,training,20,266,0,0.0,0.0,0.12598308781023362,0.1196266675042054
P1,R04,training,20,267,0,0.0,0.0,0.12598308781023362,0.11943479266009228
P1,R04,training,20,268,0,0.0,0.0,0.12598308781023362,0.11924030326731076
P1,R04,training,20,269,0,0.0,0.0,0.12598308781023362,0.11904321310841147
P1,R04,training,20,270,0,0.0,0.0,0.12598308781023362,0.11884353613438735
P1,R04,training,20,271,0,0.0,0.0,0.12598308781023362,0.11864128646302866
P1,R04,training,20,272,0,0.0,0.0,0.09260940000516255,0.08706193340620394
P1,R04,training,20,273,0,0.0,0.0,0.09260940000516255,0.08690951017523059
P1,R04,training,20,274,0,0.0,0.0,0.09260940000516255,0.08675522762721682
P1,R04,training,20,275,0,0.0,0.0,0.09260940000516255,0.0865990966181629
P1,R04,training,20,276,0,0.0,0.0,0.09260940000516255,0.08644112812044426
P1,R04,training,20,277,0,0.0,0.0,0.09260940000516255,0.08628133322152742
P1,R04,training,20,278,0,0.0,0.0,0.09260940000516255,0.08611972312267413
P1,R04,training,20,279,0,0.0,0.0,0.09260940000516255,0.08595630913763405
P1,R04,training,20,280,0,0.0,0.0,0.09260940000516255,0.085791102691326
P1,R04,training,20,281,0,0.0,0.0,0.09260940000516255,0.08562411531850812
P1,R04,training,20,282,0,0.0,0.0,0.09260940000516255,0.0854553586624371
P1,R04,training,20,283,0,0.0,0.0,0.09260940000516255,0.08528484447351678
P1,R04,training,20,284,0,0.0,0.0,0.09260940000516255,0.08511258460793626
P1,R04,training,20,285,0,0.0,0.0,0.09260940000516255,0.08493859102629768
P1,R04,training,20,286,0,0.0,0.0,0.09260940000516255,0.08476287579223409
P1,R04,training,20,287,0,0.0,0.0,0.09260940000516255,0.08458545107101745
P1,R04,training,20,288,0,0.0,0.0,0.06066082371303846,0.05528766465631367
P1,R04,training,20,289,0,0.0,0.0,0.06066082371303846,0.055169232948187714
P1,R04,training,20,290,0,0.0,0.0,0.06066082371303846,0.0550497057908677
P1,R04,training,20,291,0,0.0,0.0,0.06066082371303846,0.05492909140988596
P1,R04,training,20,292,0,0.0,0.0,0.06066082371303846,0.05480739809270012
P1,R04,training,20,293,0,0.0,0.0,0.06066082371303846,0.05468463418774592
P1,R04,training,20,294,0,0.0,0.0,0.06066082371303846,0.05456080810348465
P1,R04,training,20,295,0,0.0,0.0,0.06066082371303846,0.054435928307445335
P1,R04,training,20,296,0,0.0,0.0,0.06066082371303846,0.054310003325261896
P1,R04,training,20,297,0,0.0,0.0,0.06066082371303846,0.05418304173970537
P1,R04,training,20,298,0,0.0,0.0,0.06066082371303846,0.05405505218971132
P1,R04,training,20,299,0,0.0,0.0,0.06066082371303846,0.05392604336940275
P1,R04,training,20,300,0,0.0,0.0,0.06066082371303846,0.05379602402710841
P1,R04,training,20,301,0,0.0,0.0,0.06066082371303846,0.0536650029643769
P1,R04,training,20,302,0,0.0,0.0,0.06066082371303846,0.05353298903498662
P1,R04,training,20,303,0,0.0,0.0,0.06066082371303846,0.05339999114395166
P1,R04,training,20,304,0,0.0,0.0,0.03042631027584013,0.026717217128374535
P1,R04,training,20,305,0,0.0,0.0,0.03042631027584013,0.026649534354418348
P1,R04,training,20,306,0,0.0,0.0,0.03042631027584013,0.0265813715930329
P1,R04,training,20,307,0,0.0,0.0,0.03042631027584013,0.026512733408575205
P1,R04,training,20,308,0,0.0,0.0,0.03042631027584013,0.026443624388580812
P1,R04,training,20,309,0,0.0,0.0,0.03042631027584013,0.026374049143254828
P1,R04,training,20,310,0,0.0,0.0,0.03042631027584013,0.026304012304961495
P1,R04,training,20,311,0,0.0,0.0,0.03042631027584013,0.026233518527712364
P1,R04,training,20,312,0,0.0,0.0,0.03042631027584013,0.02616257248665322
P1,R04,training,20,313,0,0.0,0.0,0.03042631027584013,0.026091178877549748
P1,R04,training,20,314,0,0.0,0.0,0.03042631027584013,0.026019342416272077
P1,R04,training,20,315,0,0.0,0.0,0.03042631027584013,0.025947067838278274
P1,R04,training,20,316,0,0.0,0.0,0.03042631027584013,0.025874359898096822
P1,R04,training,20,317,0,0.0,0.0,0.03042631027584013,0.02580122336880826
P1,R04,training,20,318,0,0.0,0.0,0.03042631027584013,0.02572766304152591
P1,R04,training,20,319,0,0.0,0.0,0.03042631027584013,0.02565368372487594
P1,R04,training,20,320,0,0.0,0.0,0.028511505390115332,0.023969520624386176
P1,R04,training,20,321,0,0.0,0.0,0.028511505390115332,0.02389942535240713
P1,R04,training,20,322,0,0.0,0.0,0.028511505390115332,0.023828951070728445
P1,R04,training,20,323,0,0.0,0.0,0.028511505390115332,0.023758102346116233
P1,R04,training,20,324,0,0.0,0.0,0.028511505390115332,0.023686883759303175
P1,R04,training,20,325,0,0.0,0.0,0.028511505390115332,0.023615299904498625
P1,R04,training,20,326,0,0.0,0.0,0.028511505390115332,0.023543355388898547
P1,R04,training,20,327,0,0.0,0.0,0.028511505390115332,0.023471054832195283
P1,R04,training,20,328,0,0.0,0.0,0.028511505390115332,0.023398402866087343
P1,R04,training,20,329,0,0.0,0.0,0.028511505390115332,0.023325404133789182
P1,R04,training,20,330,0,0.0,0.0,0.028511505390115332,0.023252063289541106
P1,R04,training,20,331,0,0.0,0.0,0.028511505390115332,0.02317838499811933
P1,R04,training,20,332,0,0.0,0.0,0.028511505390115332,0.0231043739343463
P1,R04,training,20,333,0,0.0,0.0,0.028511505390115332,0.02303003478260131
P1,R04,training,20,334,0,0.0,0.0,0.028511505390115332,0.022955372236331553
P1,R04,training,20,335,0,0.0,0.0,0.028511505390115332,0.022880390997563553
P1,R04,training,20,336,0,0.0,0.0,0.0,0.0
P1,R04,training,20,337,0,0.0,0.0,0.0,0.0
P1,R04,training,20,338,0,0.0,0.0,0.0,0.0
P1,R04,training,20,339,0,0.0,0.0,0.0,0.0
P1,R04,training,20,340,0,0.0,0.0,0.0,0.0
P1,R04,training,20,341,0,0.0,0.0,0.0,0.0
P1,R04,training,20,342,0,0.0,0.0,0.0,0.0
P1,R04,training,20,343,0,0.0,0.0,0.0,0.0
P1,R04,training,20,344,0,0.0,0.0,0.0,0.0
P1,R04,training,20,345,0,0.0,0.0,0.0,0.0
P1,R04,training,20,346,0,0.0,0.0,0.0,0.0
P1,R04,training,20,347,0,0.0,0.0,0.0,0.0
P1,R04,training,20,348,0,0.0,0.0,0.0,0.0
P1,R04,training,20,349,0,0.0,0.0,0.0,0.0
P1,R04,training,20,350,0,0.0,0.0,0.0,0.0
P1,R04,training,20,351,0,0.0,0.0,0.0,0.0
P1,R04,training,20,352,0,0.0,0.0,0.0,0.0
P1,R04,training,20,353,0,0.0,0.0,0.0,0.0
P1,R04,training,20,354,0,0.0,0.0,0.0,0.0
P1,R04,training,20,355,0,0.0,0.0,0.0,0.0
P1,R04,training,20,356,0,0.0,0.0,0.0,0.0
P1,R04,training,20,357,0,0.0,0.0,0.0,0.0
P1,R04,training,20,358,0,0.0,0.0,0.0,0.0
P1,R04,training,20,359,0,0.0,0.0,0.0,0.0
P1,R04,training,20,360,0,0.0,0.0,0.0,0.0
P1,R04,training,20,361,0,0.0,0.0,0.0,0.0
P1,R04,training,20,362,0,0.0,0.0,0.0,0.0
P1,R04,training,20,363,0,0.0,0.0,0.0,0.0
P1,R04,training,20,364,0,0.0,0.0,0.0,0.0
P1,R04,training,20,365,0,0.0,0.0,0.0,0.0
P1,R04,training,20,366,0,0.0,0.0,0.0,0.0
P1,R04,training,20,367,0,0.0,0.0,0.0,0.0
P1,R04,training,20,368,0,0.0,0.0,0.0,0.0
P1,R04,training,20,369,0,0.0,0.0,0.0,0.0
P1,R04,training,20,370,0,0.0,0.0,0.0,0.0
P1,R04,training,20,371,0,0.0,0.0,0.0,0.0
P1,R04,training,20,372,0,0.0,0.0,0.0,0.0
P1,R04,training,20,373,0,0.0,0.0,0.0,0.0
P1,R04,training,20,374,0,0.0,0.0,0.0,0.0
P1,R04,training,20,375,0,0.0,0.0,0.0,0.0
P1,R04,training,20,376,0,0.0,0.0,0.0,0.0
P1,R04,training,20,377,0,0.0,0.0,0.0,0.0
P1,R04,training,20,378,0,0.0,0.0,0.0,0.0
P1,R04,training,20,379,0,0.0,0.0,0.0,0.0
P1,R04,training,20,380,0,0.0,0.0,0.0,0.0
P1,R04,training,20,381,0,0.0,0.0,0.0,0.0
P1,R04,training,20,382,0,0.0,0.0,0.0,0.0
P1,R04,training,20,383,0,0.0,0.0,0.0,0.0
P1,R04,training,20,384,0,0.0,0.0,0.0,0.0
P1,R04,training,20,385,0,0.0,0.0,0.0,0.0
P1,R04,training,20,386,0,0.0,0.0,0.0,0.0
P1,R04,training,20,387,0,0.0,0.0,0.0,0.0
P1,R04,training,20,388,0,0.0,0.0,0.0,0.0
P1,R04,training,20,389,0,0.0,0.0,0.0,0.0
P1,R04,training,20,390,0,0.0,0.0,0.0,0.0
P1,R04,training,20,391,0,0.0,0.0,0.0,0.0
P1,R04,training,20,392,0,0.0,0.0,0.0,0.0
P1,R04,training,20,393,0,0.0,0.0,0.0,0.0
P1,R04,training,20,394,0,0.0,0.0,0.0,0.0
P1,R04,training,20,395,0,0.0,0.0,0.0,0.0
P1,R04,training,20,396,0,0.0,0.0,0.0,0.0
P1,R04,training,20,397,0,0.0,0.0,0.0,0.0
P1,R04,training,20,398,0,0.0,0.0,0.0,0.0
P1,R04,training,20,399,0,0.0,0.0,0.0,0.0
P1,R04,training,20,400,0,0.0,0.0,0.0,0.0
P1,R04,training,20,401,0,0.0,0.0,0.0,0.0
P1,R04,training,20,402,0,0.0,0.0,0.0,0.0
P1,R04,training,20,403,0,0.0,0.0,0.0,0.0
P2,R04,training,20,0,0,0.0,0.0,0.0,0.0
P2,R04,training,20,1,0,0.0,0.0,0.0,0.0
P2,R04,training,20,2,0,0.0,0.0,0.0,0.0
P2,R04,training,20,3,0,0.0,0.0,0.0,0.0
P2,R04,training,20,4,0,0.0,0.0,0.0,0.0
P2,R04,training,20,5,0,0.0,0.0,0.0,0.0
P2,R04,training,20,6,0,0.0,0.0,0.0,0.0
P2,R04,training,20,7,0,0.0,0.0,0.0,0.0
P2,R04,training,20,8,0,0.0,0.0,0.0,0.0
P2,R04,training,20,9,0,0.0,0.0,0.0,0.0
P2,R04,training,20,10,0,0.0,0.0,0.0,0.0
P2,R04,training,20,11,0,0.0,0.0,0.0,0.0
P2,R04,training,20,12,0,0.0,0.0,0.0,0.0
P2,R04,training,20,13,0,0.0,0.0,0.0,0.0
P2,R04,training,20,14,0,0.0,0.0,0.0,0.0
P2,R04,training,20,15,0,0.0,0.0,0.0,0.0
P2,R04,training,20,16,0,0.0,0.0,0.0,0.0
P2,R04,training,20,17,0,0.0,0.0,0.0,0.0
P2,R04,training,20,18,0,0.0,0.0,0.0,0.0
P2,R04,training,20,19,0,0.0,0.0,0.0,0.0
P2,R04,training,20,20,0,0.0,0.0,0.0,0.0
P2,R04,training,20,21,0,0.0,0.0,0.0,0.0
P2,R04,training,20,22,0,0.0,0.0,0.0,0.0
P2,R04,training,20,23,0,0.0,0.0,0.0,0.0
P2,R04,training,20,24,0,0.0,0.0,0.0,0.0
P2,R04,training,20,25,0,0.0,0.0,0.0,0.0
P2,R04,training,20,26,0,0.0,0.0,0.0,0.0
P2,R04,training,20,27,0,0.0,0.0,0.0,0.0
P2,R04,training,20,28,0,0.0,0.0,0.0,0.0
P2,R04,training,20,29,0,0.0,0.0,0.0,0.0
P2,R04,training,20,30,0,0.0,0.0,0.0,0.0
P2,R04,training,20,31,0,0.0,0.0,0.0,0.0
P2,R04,training,20,32,0,0.0,0.0,0.0,0.0
P2,R04,training,20,33,0,0.0,0.0,0.0,0.0
P2,R04,training,20,34,0,0.0,0.0,0.0,0.0
P2,R04,training,20,35,0,0.0,0.0,0.0,0.0
P2,R04,training,20,36,0,0.0,0.0,0.0,0.0
P2,R04,training,20,37,0,0.0,0.0,0.0,0.0
P2,R04,training,20,38,0,0.0,0.0,0.0,0.0
P2,R04,training,20,39,0,0.0,0.0,0.0,0.0
P2,R04,training,20,40,0,0.0,0.0,0.0,0.0
P2,R04,training,20,41,0,0.0,0.0,0.0,0.0
P2,R04,training,20,42,0,0.0,0.0,0.0,0.0
P2,R04,training,20,43,0,0.0,0.0,0.0,0.0
P2,R04,training,20,44,0,0.0,0.0,0.0,0.0
P2,R04,training,20,45,0,0.0,0.0,0.0,0.0
P2,R04,training,20,46,0,0.0,0.0,0.0,0.0
P2,R04,training,20,47,0,0.0,0.0,0.0,0.0
P2,R04,training,20,48,0,0.0,0.0,0.0,0.0
P2,R04,training,20,49,0,0.0,0.0,0.0,0.0
P2,R04,training,20,50,0,0.0,0.0,0.0,0.0
P2,R04,training,20,51,0,0.0,0.0,0.0,0.0
P2,R04,training,20,52,0,0.0,0.0,0.0,0.0
P2,R04,training,20,53,0,0.0,0.0,0.0,0.0
P2,R04,training,20,54,0,0.0,0.0,0.0,0.0
P2,R04,training,20,55,0,0.0,0.0,0.0,0.0
P2,R04,training,20,56,0,0.0,0.0,0.0,0.0
P2,R04,training,20,57,0,0.0,0.0,0.0,0.0
P2,R04,training,20,58,0,0.0,0.0,0.0,0.0
P2,R04,training,20,59,0,0.0,0.0,0.0,0.0
P2,R04,training,20,60,0,0.0,0.0,0.0,0.0
P2,R04,training,20,61,0,0.0,0.0,0.0,0.0
P2,R04,training,20,62,0,0.0,0.0,0.0,0.0
P2,R04,training,20,63,0,0.0,0.0,0.0,0.0
P2,R04,training,20,64,0,0.0,0.0,0.0,0.0
P2,R04,training,20,65,0,0.0,0.0,0.0,0.0
P2,R04,training,20,66,0,0.0,0.0,0.0,0.0
P2,R04,training,20,67,0,0.0,0.0,0.0,0.0
P2,R04,training,20,68,0,0.0,0.0,0.0,0.0
P2,R04,training,20,69,0,0.0,0.0,0.0,0.0
P2,R04,training,20,70,0,0.0,0.0,0.0,0.0
P2,R04,training,20,71,0,0.0,0.0,0.0,0.0
P2,R04,training,20,72,0,0.0,0.0,0.0,0.0
P2,R04,training,20,73,0,0.0,0.0,0.0,0.0
P2,R04,training,20,74,0,0.0,0.0,0.0,0.0
P2,R04,training,20,75,0,0.0,0.0,0.0,0.0
P2,R04,training,20,76,0,0.0,0.0,0.0,0.0
P2,R04,training,20,77,0,0.0,0.0,0.0,0.0
P2,R04,training,20,78,0,0.0,0.0,0.0,0.0
P2,R04,training,20,79,0,0.0,0.0,0.0,0.0
P2,R04,training,20,80,0,0.0,0.0,0.0,0.0
P2,R04,training,20,81,0,0.0,0.0,0.0,0.0
P2,R04,training,20,82,0,0.0,0.0,0.0,0.0
P2,R04,training,20,83,0,0.0,0.0,0.0,0.0
P2,R04,training,20,84,0,0.0,0.0,0.0,0.0
P2,R04,training,20,85,0,0.0,0.0,0.0,0.0
P2,R04,training,20,86,0,0.0,0.0,0.0,0.0
P2,R04,training,20,87,0,0.0,0.0,0.0,0.0
P2,R04,training,20,88,0,0.0,0.0,0.0,0.0
P2,R04,training,20,89,0,0.0,0.0,0.0,0.0
P2,R04,training,20,90,0,0.0,0.0,0.0,0.0
P2,R04,training,20,91,0,0.0,0.0,0.0,0.0
P2,R04,training,20,92,0,0.0,0.0,0.0,0.0
P2,R04,training,20,93,0,0.0,0.0,0.0,0.0
P2,R04,training,20,94,0,0.0,0.0,0.0,0.0
P2,R04,training,20,95,0,0.0,0.0,0.0,0.0
P2,R04,training,20,96,0,0.0,0.0,0.0,0.0
P2,R04,training,20,97,0,0.0,0.0,0.0,0.0
P2,R04,training,20,98,0,0.0,0.0,0.0,0.0
P2,R04,training,20,99,0,0.0,0.0,0.0,0.0
P2,R04,training,20,100,0,0.0,0.0,0.0,0.0
P2,R04,training,20,101,0,0.0,0.0,0.0,0.0
P2,R04,training,20,102,0,0.0,0.0,0.0,0.0
P2,R04,training,20,103,0,0.0,0.0,0.0,0.0
P2,R04,training,20,104,0,0.0,0.0,0.0,0.0
P2,R04,training,20,105,0,0.0,0.0,0.0,0.0
P2,R04,training,20,106,0,0.0,0.0,0.0,0.0
P2,R04,training,20,107,0,0.0,0.0,0.0,0.0
P2,R04,training,20,108,0,0.0,0.0,0.0,0.0
P2,R04,training,20,109,0,0.0,0.0,0.0,0.0
P2,R04,training,20,110,0,0.0,0.0,0.0,0.0
P2,R04,training,20,111,0,0.0,0.0,0.0,0.0
P2,R04,training,20,112,0,0.0,0.0,0.0,0.0
P2,R04,training,20,113,0,0.0,0.0,0.0,0.0
P2,R04,training,20,114,0,0.0,0.0,0.0,0.0
P2,R04,training,20,115,0,0.0,0.0,0.0,0.0
P2,R04,training,20,116,0,0.0,0.0,0.0,0.0
P2,R04,training,20,117,0,0.0,0.0,0.0,0.0
P2,R04,training,20,118,0,0.0,0.0,0.0,0.0
P2,R04,training,20,119,0,0.0,0.0,0.0,0.0
P2,R04,training,20,120,0,0.0,0.0,0.0,0.0
P2,R04,training,20,121,0,0.0,0.0,0.0,0.0
P2,R04,training,20,122,0,0.0,0.0,0.0,0.0
P2,R04,training,20,123,0,0.0,0.0,0.0,0.0
P2,R04,training,20,124,0,0.0,0.0,0.0,0.0
P2,R04,training,20,125,0,0.0,0.0,0.0,0.0
P2,R04,training,20,126,0,0.0,0.0,0.0,0.0
P2,R04,training,20,127,0,0.0,0.0,0.0,0.0
P2,R04,training,20,128,0,0.0,0.0,0.0,0.0
P2,R04,training,20,129,0,0.0,0.0,0.0,0.0
P2,R04,training,20,130,0,0.0,0.0,0.0,0.0
P2,R04,training,20,131,0,0.0,0.0,0.0,0.0
P2,R04,training,20,132,0,0.0,0.0,0.0,0.0
P2,R04,training,20,133,0,0.0,0.0,0.0,0.0
P2,R04,training,20,134,0,0.0,0.0,0.0,0.0
P2,R04,training,20,135,0,0.0,0.0,0.0,0.0
P2,R04,training,20,136,0,0.0,0.0,0.0,0.0
P2,R04,training,20,137,0,0.0,0.0,0.0,0.0
P2,R04,training,20,138,0,0.0,0.0,0.0,0.0
P2,R04,training,20,139,0,0.0,0.0,0.0,0.0
P2,R04,training,20,140,0,0.0,0.0,0.0,0.0
P2,R04,training,20,141,0,0.0,0.0,0.0,0.0
P2,R04,training,20,142,0,0.0,0.0,0.0,0.0
P2,R04,training,20,143,0,0.0,0.0,0.0,0.0
P2,R04,training,20,144,0,0.0,0.0,0.0,0.0
P2,R04,training,20,145,0,0.0,0.0,0.0,0.0
P2,R04,training,20,146,0,0.0,0.0,0.0,0.0
P2,R04,training,20,147,0,0.0,0.0,0.0,0.0
P2,R04,training,20,148,0,0.0,0.0,0.0,0.0
P2,R04,training,20,149,0,0.0,0.0,0.0,0.0
P2,R04,training,20,150,0,0.0,0.0,0.0,0.0
P2,R04,training,20,151,0,0.0,0.0,0.0,0.0
P2,R04,training,20,152,0,0.0,0.0,0.0,0.0
P2,R04,training,20,153,0,0.0,0.0,0.0,0.0
P2,R04,training,20,154,0,0.0,0.0,0.0,0.0
P2,R04,training,20,155,0,0.0,0.0,0.0,0.0
P2,R04,training,20,156,0,0.0,0.0,0.0,0.0
P2,R04,training,20,157,0,0.0,0.0,0.0,0.0
P2,R04,training,20,158,0,0.0,0.0,0.0,0.0
P2,R04,training,20,159,0,0.0,0.0,0.0,0.0
P2,R04,training,20,160,0,0.0,0.0,0.0,0.0
P2,R04,training,20,161,0,0.0,0.0,0.0,0.0
P2,R04,training,20,162,0,0.0,0.0,0.0,0.0
P2,R04,training,20,163,0,0.0,0.0,0.0,0.0
P2,R04,training,20,164,0,0.0,0.0,0.0,0.0
P2,R04,training,20,165,0,0.0,0.0,0.0,0.0
P2,R04,training,20,166,0,0.0,0.0,0.0,0.0
P2,R04,training,20,167,0,0.0,0.0,0.0,0.0
P2,R04,training,20,168,0,0.0,0.0,0.0,0.0
P2,R04,training,20,169,0,0.0,0.0,0.0,0.0
P2,R04,training,20,170,0,0.0,0.0,0.0,0.0
P2,R04,training,20,171,0,0.0,0.0,0.0,0.0
P2,R04,training,20,172,0,0.0,0.0,0.0,0.0
P2,R04,training,20,173,0,0.0,0.0,0.0,0.0
P2,R04,training,20,174,0,0.0,0.0,0.0,0.0
P2,R04,training,20,175,0,0.0,0.0,0.0,0.0
P2,R04,training,20,176,0,0.0,0.0,0.0,0.0
P2,R04,training,20,177,0,0.0,0.0,0.0,0.0
P2,R04,training,20,178,0,0.0,0.0,0.0,0.0
P2,R04,training,20,179,0,0.0,0.0,0.0,0.0
P2,R04,training,20,180,0,0.0,0.0,0.0,0.0
P2,R04,training,20,181,0,0.0,0.0,0.0,0.0
P2,R04,training,20,182,0,0.0,0.0,0.0,0.0
P2,R04,training,20,183,0,0.0,0.0,0.0,0.0
P2,R04,training,20,184,0,0.0,0.0,0.0,0.0
P2,R04,training,20,185,0,0.0,0.0,0.0,0.0
P2,R04,training,20,186,0,0.0,0.0,0.0,0.0
P2,R04,training,20,187,0,0.0,0.0,0.0,0.0
P2,R04,training,20,188,0,0.0,0.0,0.0,0.0
P2,R04,training,20,189,0,0.0,0.0,0.0,0.0
P2,R04,training,20,190,0,0.0,0.0,0.0,0.0
P2,R04,training,20,191,0,0.0,0.0,0.0,0.0
P2,R04,training,20,192,0,0.0,0.0,0.0,0.0
P2,R04,training,20,193,0,0.0,0.0,0.0,0.0
P2,R04,training,20,194,0,0.0,0.0,0.0,0.0
P2,R04,training,20,195,0,0.0,0.0,0.0,0.0
P2,R04,training,20,196,0,0.0,0.0,0.0,0.0
P2,R04,training,20,197,0,0.0,0.0,0.0,0.0
P2,R04,training,20,198,0,0.0,0.0,0.0,0.0
P2,R04,training,20,199,0,0.0,0.0,0.0,0.0
P2,R04,training,20,200,0,0.0,0.0,0.0,0.0
P2,R04,training,20,201,0,0.0,0.0,0.0,0.0
P2,R04,training,20,202,0,0.0,0.0,0.0,0.0
P2,R04,training,20,203,0,0.0,0.0,0.0,0.0
P2,R04,training,20,204,0,0.0,0.0,0.0,0.0
P2,R04,training,20,205,0,0.0,0.0,0.0,0.0
P2,R04,training,20,206,0,0.0,0.0,0.0,0.0
P2,R04,training,20,207,0,0.0,0.0,0.0,0.0
P2,R04,training,20,208,0,0.0,0.0,0.0,0.0
P2,R04,training,20,209,0,0.0,0.0,0.0,0.0
P2,R04,training,20,210,0,0.0,0.0,0.0,0.0
P2,R04,training,20,211,0,0.0,0.0,0.0,0.0
P2,R04,training,20,212,0,0.0,0.0,0.0,0.0
P2,R04,training,20,213,0,0.0,0.0,0.0,0.0
P2,R04,training,20,214,0,0.0,0.0,0.0,0.0
P2,R04,training,20,215,0,0.0,0.0,0.0,0.0
P2,R04,training,20,216,0,0.0,0.0,0.0,0.0
P2,R04,training,20,217,0,0.0,0.0,0.0,0.0
P2,R04,training,20,218,0,0.0,0.0,0.0,0.0
P2,R04,training,20,219,0,0.0,0.0,0.0,0.0
P2,R04,training,20,220,0,0.0,0.0,0.0,0.0
P2,R04,training,20,221,0,0.0,0.0,0.0,0.0
P2,R04,training,20,222,0,0.0,0.0,0.0,0.0
P2,R04,training,20,223,0,0.0,0.0,0.0,0.0
P2,R04,training,20,224,0,0.0,0.0,0.0,0.0
P2,R04,training,20,225,0,0.0,0.0,0.0,0.0
P2,R04,training,20,226,0,0.0,0.0,0.0,0.0
P2,R04,training,20,227,0,0.0,0.0,0.0,0.0
P2,R04,training,20,228,0,0.0,0.0,0.0,0.0
P2,R04,training,20,229,0,0.0,0.0,0.0,0.0
P2,R04,training,20,230,0,0.0,0.0,0.0,0.0
P2,R04,training,20,231,0,0.0,0.0,0.0,0.0
P2,R04,training,20,232,0,0.0,0.0,0.0,0.0
P2,R04,training,20,233,0,0.0,0.0,0.0,0.0
P2,R04,training,20,234,0,0.0,0.0,0.0,0.0
P2,R04,training,20,235,0,0.0,0.0,0.0,0.0
P2,R04,training,20,236,0,0.0,0.0,0.0,0.0
P2,R04,training,20,237,0,0.0,0.0,0.0,0.0
P2,R04,training,20,238,0,0.0,0.0,0.0,0.0
P2,R04,training,20,239,0,0.0,0.0,0.0,0.0
P2,R04,training,20,240,0,0.0,0.0,0.0,0.0
P2,R04,training,20,241,0,0.0,0.0,0.0,0.0
P2,R04,training,20,242,0,0.0,0.0,0.0,0.0
P2,R04,training,20,243,0,0.0,0.0,0.0,0.0
P2,R04,training,20,244,0,0.0,0.0,0.0,0.0
P2,R04,training,20,245,0,0.0,0.0,0.0,0.0
P2,R04,training,20,246,0,0.0,0.0,0.0,0.0
P2,R04,training,20,247,0,0.0,0.0,0.0,0.0
P2,R04,training,20,248,0,0.0,0.0,0.0,0.0
P2,R04,training,20,249,0,0.0,0.0,0.0,0.0
P2,R04,training,20,250,0,0.0,0.0,0.0,0.0
P2,R04,training,20,251,0,0.0,0.0,0.0,0.0
P2,R04,training,20,252,0,0.0,0.0,0.0,0.0
P2,R04,training,20,253,0,0.0,0.0,0.0,0.0
P2,R04,training,20,254,0,0.0,0.0,0.0,0.0
P2,R04,training,20,255,0,0.0,0.0,0.0,0.0
P2,R04,training,20,256,0,0.0,0.0,0.0,0.0
P2,R04,training,20,257,0,0.0,0.0,0.0,0.0
P2,R04,training,20,258,0,0.0,0.0,0.0,0.0
P2,R04,training,20,259,0,0.0,0.0,0.0,0.0
P2,R04,training,20,260,0,0.0,0.0,0.0,0.0
P2,R04,training,20,261,0,0.0,0.0,0.0,0.0
P2,R04,training,20,262,0,0.0,0.0,0.0,0.0
P2,R04,training,20,263,0,0.0,0.0,0.0,0.0
P2,R04,training,20,264,0,0.0,0.0,0.0,0.0
P2,R04,training,20,265,0,0.0,0.0,0.0,0.0
P2,R04,training,20,266,0,0.0,0.0,0.0,0.0
P2,R04,training,20,267,0,0.0,0.0,0.0,0.0
P2,R04,training,20,268,0,0.0,0.0,0.0,0.0
P2,R04,training,20,269,0,0.0,0.0,0.0,0.0
P2,R04,training,20,270,0,0.0,0.0,0.0,0.0
P2,R04,training,20,271,0,0.0,0.0,0.0,0.0
P2,R04,training,20,272,0,0.0,0.0,0.0,0.0
P2,R04,training,20,273,0,0.0,0.0,0.0,0.0
P2,R04,training,20,274,0,0.0,0.0,0.0,0.0
P2,R04,training,20,275,0,0.0,0.0,0.0,0.0
P2,R04,training,20,276,0,0.0,0.0,0.0,0.0
P2,R04,training,20,277,0,0.0,0.0,0.0,0.0
P2,R04,training,20,278,0,0.0,0.0,0.0,0.0
P2,R04,training,20,279,0,0.0,0.0,0.0,0.0
P2,R04,training,20,280,0,0.0,0.0,0.0,0.0
P2,R04,training,20,281,0,0.0,0.0,0.0,0.0
P2,R04,training,20,282,0,0.0,0.0,0.0,0.0
P2,R04,training,20,283,0,0.0,0.0,0.0,0.0
P2,R04,training,20,284,0,0.0,0.0,0.0,0.0
P2,R04,training,20,285,0,0.0,0.0,0.0,0.0
P2,R04,training,20,286,0,0.0,0.0,0.0,0.0
P2,R04,training,20,287,0,0.0,0.0,0.0,0.0
P2,R04,training,20,288,0,0.0,0.0,0.0,0.0
P2,R04,training,20,289,0,0.0,0.0,0.0,0.0
P2,R04,training,20,290,0,0.0,0.0,0.0,0.0
P2,R04,training,20,291,0,0.0,0.0,0.0,0.0
P2,R04,training,20,292,0,0.0,0.0,0.0,0.0
P2,R04,training,20,293,0,0.0,0.0,0.0,0.0
P2,R04,training,20,294,0,0.0,0.0,0.0,0.0
P2,R04,training,20,295,0,0.0,0.0,0.0,0.0
P2,R04,training,20,296,0,0.0,0.0,0.0,0.0
P2,R04,training,20,297,0,0.0,0.0,0.0,0.0
P2,R04,training,20,298,0,0.0,0.0,0.0,0.0
P2,R04,training,20,299,0,0.0,0.0,0.0,0.0
P2,R04,training,20,300,0,0.0,0.0,0.0,0.0
P2,R04,training,20,301,0,0.0,0.0,0.0,0.0
P2,R04,training,20,302,0,0.0,0.0,0.0,0.0
P2,R04,training,20,303,0,0.0,0.0,0.0,0.0
P2,R04,training,20,304,0,0.0,0.0,0.0,0.0
P2,R04,training,20,305,0,0.0,0.0,0.0,0.0
P2,R04,training,20,306,0,0.0,0.0,0.0,0.0
P2,R04,training,20,307,0,0.0,0.0,0.0,0.0
P2,R04,training,20,308,0,0.0,0.0,0.0,0.0
P2,R04,training,20,309,0,0.0,0.0,0.0,0.0
P2,R04,training,20,310,0,0.0,0.0,0.0,0.0
P2,R04,training,20,311,0,0.0,0.0,0.0,0.0
P2,R04,training,20,312,0,0.0,0.0,0.0,0.0
P2,R04,training,20,313,0,0.0,0.0,0.0,0.0
P2,R04,training,20,314,0,0.0,0.0,0.0,0.0
P2,R04,training,20,315,0,0.0,0.0,0.0,0.0
P2,R04,training,20,316,0,0.0,0.0,0.0,0.0
P2,R04,training,20,317,0,0.0,0.0,0.0,0.0
P2,R04,training,20,318,0,0.0,0.0,0.0,0.0
P2,R04,training,20,319,0,0.0,0.0,0.0,0.0
P2,R04,training,20,320,0,0.0,0.0,0.0,0.0
P2,R04,training,20,321,0,0.0,0.0,0.0,0.0
P2,R04,training,20,322,0,0.0,0.0,0.0,0.0
P2,R04,training,20,323,0,0.0,0.0,0.0,0.0
P2,R04,training,20,324,0,0.0,0.0,0.0,0.0
P2,R04,training,20,325,0,0.0,0.0,0.0,0.0
P2,R04,training,20,326,0,0.0,0.0,0.0,0.0
P2,R04,training,20,327,0,0.0,0.0,0.0,0.0
P2,R04,training,20,328,0,0.0,0.0,0.0,0.0
P2,R04,training,20,329,0,0.0,0.0,0.0,0.0
P2,R04,training,20,330,0,0.0,0.0,0.0,0.0
P2,R04,training,20,331,0,0.0,0.0,0.0,0.0
P2,R04,training,20,332,0,0.0,0.0,0.0,0.0
P2,R04,training,20,333,0,0.0,0.0,0.0,0.0
P2,R04,training,20,334,0,0.0,0.0,0.0,0.0
P2,R04,training,20,335,0,0.0,0.0,0.0,0.0
P2,R04,training,20,336,0,0.0,0.0,0.0,0.0
P2,R04,training,20,337,0,0.0,0.0,0.0,0.0
P2,R04,training,20,338,0,0.0,0.0,0.0,0.0
P2,R04,training,20,339,0,0.0,0.0,0.0,0.0
P2,R04,training,20,340,0,0.0,0.0,0.0,0.0
P2,R04,training,20,341,0,0.0,0.0,0.0,0.0
P2,R04,training,20,342,0,0.0,0.0,0.0,0.0
P2,R04,training,20,343,0,0.0,0.0,0.0,0.0
P2,R04,training,20,344,0,0.0,0.0,0.0,0.0
P2,R04,training,20,345,0,0.0,0.0,0.0,0.0
P2,R04,training,20,346,0,0.0,0.0,0.0,0.0
P2,R04,training,20,347,0,0.0,0.0,0.0,0.0
P2,R04,training,20,348,0,0.0,0.0,0.0,0.0
P2,R04,training,20,349,0,0.0,0.0,0.0,0.0
P2,R04,training,20,350,0,0.0,0.0,0.0,0.0
P2,R04,training,20,351,0,0.0,0.0,0.0,0.0
P2,R04,training,20,352,0,0.0,0.0,0.0,0.0
P2,R04,training,20,353,0,0.0,0.0,0.0,0.0
P2,R04,training,20,354,0,0.0,0.0,0.0,0.0
P2,R04,training,20,355,0,0.0,0.0,0.0,0.0
P2,R04,training,20,356,0,0.0,0.0,0.0,0.0
P2,R04,training,20,357,0,0.0,0.0,0.0,0.0
P2,R04,training,20,358,0,0.0,0.0,0.0,0.0
P2,R04,training,20,359,0,0.0,0.0,0.0,0.0
P2,R04,training,20,360,0,0.0,0.0,0.0,0.0
P2,R04,training,20,361,0,0.0,0.0,0.0,0.0
P2,R04,training,20,362,0,0.0,0.0,0.0,0.0
P2,R04,training,20,363,0,0.0,0.0,0.0,0.0
P2,R04,training,20,364,0,0.0,0.0,0.0,0.0
P2,R04,training,20,365,0,0.0,0.0,0.0,0.0
P2,R04,training,20,366,0,0.0,0.0,0.0,0.0
P2,R04,training,20,367,0,0.0,0.0,0.0,0.0
P2,R04,training,20,368,0,0.0,0.0,0.0,0.0
P2,R04,training,20,369,0,0.0,0.0,0.0,0.0
P2,R04,training,20,370,0,0.0,0.0,0.0,0.0
P2,R04,training,20,371,0,0.0,0.0,0.0,0.0
P2,R04,training,20,372,0,0.0,0.0,0.0,0.0
P2,R04,training,20,373,0,0.0,0.0,0.0,0.0
P2,R04,training,20,374,0,0.0,0.0,0.0,0.0
P2,R04,training,20,375,0,0.0,0.0,0.0,0.0
P2,R04,training,20,376,0,0.0,0.0,0.0,0.0
P2,R04,training,20,377,0,0.0,0.0,0.0,0.0
P2,R04,training,20,378,0,0.0,0.0,0.0,0.0
P2,R04,training,20,379,0,0.0,0.0,0.0,0.0
P2,R04,training,20,380,0,0.0,0.0,0.0,0.0
P2,R04,training,20,381,0,0.0,0.0,0.0,0.0
P2,R04,training,20,382,0,0.0,0.0,0.0,0.0
P2,R04,training,20,383,0,0.0,0.0,0.0,0.0
P2,R04,training,20,384,0,0.0,0.0,0.0,0.0
P2,R04,training,20,385,0,0.0,0.0,0.0,0.0
P2,R04,training,20,386,0,0.0,0.0,0.0,0.0
P2,R04,training,20,387,0,0.0,0.0,0.0,0.0
P2,R04,training,20,388,0,0.0,0.0,0.0,0.0
P2,R04,training,20,389,0,0.0,0.0,0.0,0.0
P2,R04,training,20,390,0,0.0,0.0,0.0,0.0
P2,R04,training,20,391,0,0.0,0.0,0.0,0.0
P2,R04,training,20,392,0,0.0,0.0,0.0,0.0
P2,R04,training,20,393,0,0.0,0.0,0.0,0.0
P2,R04,training,20,394,0,0.0,0.0,0.0,0.0
P2,R04,training,20,395,0,0.0,0.0,0.0,0.0
P2,R04,training,20,396,0,0.0,0.0,0.0,0.0
P2,R04,training,20,397,0,0.0,0.0,0.0,0.0
P2,R04,training,20,398,0,0.0,0.0,0.0,0.0
P2,R04,training,20,399,0,0.0,0.0,0.0,0.0
P2,R04,training,20,400,0,0.0,0.0,0.0,0.0
P2,R04,training,20,401,0,0.0,0.0,0.0,0.0
P2,R04,training,20,402,0,0.0,0.0,0.0,0.0
P2,R04,training,20,403,0,0.0,0.0,0.0,0.0
P3,R04,training,20,0,0,1.0,0.5006340588834771,0.1389564927297469,0.08469860431490209
P3,R04,training,20,1,0,1.0,0.5006340588834771,0.1389564927297469,0.08511581491372983
P3,R04,training,20,2,0,1.0,0.5006340588834771,0.1389564927297469,0.08553298440257563
P3,R04,training,20,3,0,1.0,0.5006340588834771,0.1389564927297469,0.08595009208261384
P3,R04,training,20,4,0,1.0,0.5006340588834771,0.1389564927297469,0.08636711715838055
P3,R04,training,20,5,0,1.0,0.5006340588834771,0.1389564927297469,0.08678403873934597
P3,R04,training,20,6,0,1.0,0.5006340588834771,0.1389564927297469,0.08720083584150588
P3,R04,training,20,7,0,1.0,0.5006340588834771,0.1389564927297469,0.08761748738899243
P3,R04,training,20,8,0,1.0,0.5006340588834771,0.1389564927297469,0.08803397221570389
P3,R04,training,20,9,0,1.0,0.5006340588834771,0.1389564927297469,0.08845026906695343
P3,R04,training,20,10,0,1.0,0.5006340588834771,0.1389564927297469,0.08886635660113638
P3,R04,training,20,11,0,1.0,0.5006340588834771,0.1389564927297469,0.0892822133914164
P3,R04,training,20,12,0,1.0,0.5006340588834771,0.1389564927297469,0.08969781792742976
P3,R04,training,20,13,0,1.0,0.5006340588834771,0.1389564927297469,0.09011314861700805
P3,R04,training,20,14,0,1.0,0.5006340588834771,0.1389564927297469,0.090528183787919
P3,R04,training,20,15,0,1.0,0.5006340588834771,0.1389564927297469,0.09094290168962513
P3,R04,training,20,16,0,0.0,0.49922146565471376,0.14121967538301444,0.09284521537600329
P3,R04,training,20,17,0,0.0,0.49922146565471376,0.14121967538301444,0.09326597628619879
P3,R04,training,20,18,0,0.0,0.49922146565471376,0.14121967538301444,0.09368634798612423
P3,R04,training,20,19,0,0.0,0.49922146565471376,0.14121967538301444,0.09410630807090001
P3,R04,training,20,20,0,0.0,0.49922146565471376,0.14121967538301444,0.09452583406526928
P3,R04,training,20,21,0,0.0,0.49922146565471376,0.14121967538301444,0.09494490342549056
P3,R04,training,20,22,0,0.0,0.49922146565471376,0.14121967538301444,0.09536349354124726
P3,R04,training,20,23,0,0.0,0.49922146565471376,0.14121967538301444,0.09578158173757398
P3,R04,training,20,24,0,0.0,0.49922146565471376,0.14121967538301444,0.09619914527679897
P3,R04,training,20,25,0,0.0,0.49922146565471376,0.14121967538301444,0.09661616136050322
P3,R04,training,20,26,0,0.0,0.49922146565471376,0.14121967538301444,0.09703260713149524
P3,R04,training,20,27,0,0.0,0.49922146565471376,0.14121967538301444,0.09744845967580192
P3,R04,training,20,28,0,0.0,0.49922146565471376,0.14121967538301444,0.09786369602467467
P3,R04,training,20,29,0,0.0,0.49922146565471376,0.14121967538301444,0.09827829315661117
P3,R04,training,20,30,0,0.0,0.49922146565471376,0.14121967538301444,0.09869222799939212
P3,R04,training,20,31,0,0.0,0.49922146565471376,0.14121967538301444,0.09910547743213287
P3,R04,training,20,32,0,0.0,0.4995646647578656,0.14216155751404838,0.10018176604690619
P3,R04,training,20,33,0,0.0,0.4995646647578656,0.14216155751404838,0.10059632172420996
P3,R04,training,20,34,0,0.0,0.4995646647578656,0.14216155751404838,0.10101011732170297
P3,R04,training,20,35,0,0.0,0.4995646647578656,0.14216155751404838,0.10142312938927768
P3,R04,training,20,36,0,0.0,0.4995646647578656,0.14216155751404838,0.10183533443837946
P3,R04,training,20,37,0,0.0,0.4995646647578656,0.14216155751404838,0.10224670894415662
P3,R04,training,20,38,0,0.0,0.4995646647578656,0.14216155751404838,0.1026572293476236
P3,R04,training,20,39,0,0.0,0.4995646647578656,0.14216155751404838,0.10306687205783728
P3,R04,training,20,40,0,0.0,0.4995646647578656,0.14216155751404838,0.10347561345408576
P3,R04,training,20,41,0,0.0,0.4995646647578656,0.14216155751404838,0.10388342988808984
P3,R04,training,20,42,0,0.0,0.4995646647578656,0.14216155751404838,0.10429029768621627
P3,R04,training,20,43,0,0.0,0.4995646647578656,0.14216155751404838,0.10469619315170327
P3,R04,training,20,44,0,0.0,0.4995646647578656,0.14216155751404838,0.10510109256689727
P3,R04,training,20,45,0,0.0,0.4995646647578656,0.14216155751404838,0.10550497219550124
P3,R04,training,20,46,0,0.0,0.4995646647578656,0.14216155751404838,0.10590780828483383
P3,R04,training,20,47,0,0.0,0.4995646647578656,0.14216155751404838,0.10630957706809929
P3,R04,training,20,48,0,0.0,0.0,0.14175687609019094,0.10640649010205458
P3,R04,training,20,49,0,0.0,0.0,0.14175687609019094,0.10680491552003157
P3,R04,training,20,50,0,0.0,0.0,0.14175687609019094,0.10720220551108989
P3,R04,training,20,51,0,0.0,0.0,0.14175687609019094,0.10759833634263055
P3,R04,training,20,52,0,0.0,0.0,0.14175687609019094,0.1079932842794478
P3,R04,training,20,53,0,0.0,0.0,0.14175687609019094,0.10838702558605037
P3,R04,training,20,54,0,0.0,0.0,0.14175687609019094,0.10877953652899158
P3,R04,training,20,55,0,0.0,0.0,0.14175687609019094,0.1091707933792075
P3,R04,training,20,56,0,0.0,0.0,0.14175687609019094,0.10956077241436309
P3,R04,training,20,57,0,0.0,0.0,0.14175687609019094,0.1099494499212061
P3,R04,training,20,58,0,0.0,0.0,0.14175687609019094,0.11033680219792823
P3,R04,training,20,59,0,0.0,0.0,0.14175687609019094,0.1107228055565332
P3,R04,training,20,60,0,0.0,0.0,0.14175687609019094,0.11110743632521171
P3,R04,training,20,61,0,0.0,0.0,0.14175687609019094,0.11149067085072248
P3,R04,training,20,62,0,0.0,0.0,0.14175687609019094,0.11187248550077954
P3,R04,training,20,63,0,0.0,0.0,0.14175687609019094,0.11225285666644509
P3,R04,training,20,64,0,0.0,0.0,0.1400184953287866,0.11125054461871223
P3,R04,training,20,65,0,0.0,0.0,0.1400184953287866,0.11162332982961687
P3,R04,training,20,66,0,0.0,0.0,0.1400184953287866,0.11199461946157195
P3,R04,training,20,67,0,0.0,0.0,0.1400184953287866,0.11236439031114254
P3,R04,training,20,68,0,0.0,0.0,0.1400184953287866,0.11273261920984613
P3,R04,training,20,69,0,0.0,0.0,0.1400184953287866,0.11309928302654282
P3,R04,training,20,70,0,0.0,0.0,0.1400184953287866,0.1134643586698289
P3,R04,training,20,71,0,0.0,0.0,0.1400184953287866,0.11382782309043349
P3,R04,training,20,72,0,0.0,0.0,0.1400184953287866,0.11418965328361752
P3,R04,training,20,73,0,0.0,0.0,0.1400184953287866,0.11454982629157516
P3,R04,training,20,74,0,0.0,0.0,0.1400184953287866,0.1149083192058371
P3,R04,training,20,75,0,0.0,0.0,0.1400184953287866,0.11526510916967529
P3,R04,training,20,76,0,0.0,0.0,0.1400184953287866,0.11562017338050909
P3,R04,training,20,77,0,0.0,0.0,0.1400184953287866,0.115973489092312
P3,R04,training,20,78,0,0.0,0.0,0.1400184953287866,0.11632503361801923
P3,R04,training,20,79,0,0.0,0.0,0.1400184953287866,0.11667478433193504
P3,R04,training,20,80,0,0.0,0.0,0.13699673144147115,0.11449723070393569
P3,R04,training,20,81,0,0.0,0.0,0.13699673144147115,0.11483585702718878
P3,R04,training,20,82,0,0.0,0.0,0.13699673144147115,0.11517266222281901
P3,R04,training,20,83,0,0.0,0.0,0.13699673144147115,0.11550762441714524
P3,R04,training,20,84,0,0.0,0.0,0.13699673144147115,0.11584072180829906
P3,R04,training,20,85,0,0.0,0.0,0.13699673144147115,0.1161719326685738
P3,R04,training,20,86,0,0.0,0.0,0.13699673144147115,0.11650123534677144
P3,R04,training,20,87,0,0.0,0.0,0.13699673144147115,0.11682860827054688
P3,R04,training,20,88,0,0.0,0.0,0.13699673144147115,0.11715402994874902
P3,R04,training,20,89,0,0.0,0.0,0.13699673144147115,0.11747747897375871
P3,R04,training,20,90,0,0.0,0.0,0.13699673144147115,0.1177989340238228
P3,R04,training,20,91,0,0.0,0.0,0.13699673144147115,0.11811837386538429
P3,R04,training,20,92,0,0.0,0.0,0.13699673144147115,0.11843577735540795
P3,R04,training,20,93,0,0.0,0.0,0.13699673144147115,0.11875112344370116
P3,R04,training,20,94,0,0.0,0.0,0.13699673144147115,0.11906439117522977
P3,R04,training,20,95,0,0.0,0.0,0.13699673144147115,0.11937555969242827
P3,R04,training,20,96,0,1.0,0.5004353352421343,0.1327769337424802,0.11599806163795262
P3,R04,training,20,97,0,1.0,0.5004353352421343,0.1327769337424802,0.1162955161229076
P3,R04,training,20,98,0,1.0,0.5004353352421343,0.1327769337424802,0.11659087599768754
P3,R04,training,20,99,0,1.0,0.5004353352421343,0.1327769337424802,0.11688412144732399
P3,R04,training,20,100,0,1.0,0.5004353352421343,0.1327769337424802,0.11717523276241884
P3,R04,training,20,101,0,1.0,0.5004353352421343,0.1327769337424802,0.11746419034134421
P3,R04,training,20,102,0,1.0,0.5004353352421343,0.1327769337424802,0.11775097469243491
P3,R04,training,20,103,0,1.0,0.5004353352421343,0.1327769337424802,0.11803556643617256
P3,R04,training,20,104,0,1.0,0.5004353352421343,0.1327769337424802,0.11831794630736157
P3,R04,training,20,105,0,1.0,0.5004353352421343,0.1327769337424802,0.11859809515729611
P3,R04,training,20,106,0,1.0,0.5004353352421343,0.1327769337424802,0.11887599395591819
P3,R04,training,20,107,0,1.0,0.5004353352421343,0.1327769337424802,0.11915162379396636
P3,R04,training,20,108,0,1.0,0.5004353352421343,0.1327769337424802,0.11942496588511443
P3,R04,training,20,109,0,1.0,0.5004353352421343,0.1327769337424802,0.11969600156810031
P3,R04,training,20,110,0,1.0,0.5004353352421343,0.1327769337424802,0.11996471230884431
P3,R04,training,20,111,0,1.0,0.5004353352421343,0.1327769337424802,0.12023107970255667
P3,R04,training,20,112,0,0.0,0.0,0.1274754843584295,0.11568401943693951
P3,R04,training,20,113,0,0.0,0.0,0.1274754843584295,0.11593519938044694
P3,R04,training,20,114,0,0.0,0.0,0.1274754843584295,0.11618407729592284
P3,R04,training,20,115,0,0.0,0.0,0.1274754843584295,0.11643063602996144
P3,R04,training,20,116,0,0.0,0.0,0.1274754843584295,0.11667485856323549
P3,R04,training,20,117,0,0.0,0.0,0.1274754843584295,0.11691672801245082
P3,R04,training,20,118,0,0.0,0.0,0.1274754843584295,0.11715622763228854
P3,R04,training,20,119,0,0.0,0.0,0.1274754843584295,0.11739334081733424
P3,R04,training,20,120,0,0.0,0.0,0.1274754843584295,0.11762805110399402
P3,R04,training,20,121,0,0.0,0.0,0.1274754843584295,0.11786034217239705
P3,R04,training,20,122,0,0.0,0.0,0.1274754843584295,0.11809019784828433
P3,R04,training,20,123,0,0.0,0.0,0.1274754843584295,0.11831760210488332
P3,R04,training,20,124,0,0.0,0.0,0.1274754843584295,0.11854253906476822
P3,R04,training,20,125,0,0.0,0.0,0.1274754843584295,0.11876499300170537
P3,R04,training,20,126,0,0.0,0.0,0.1274754843584295,0.1189849483424839
P3,R04,training,20,127,0,0.0,0.0,0.1274754843584295,0.11920238966873085
P3,R04,training,20,128,0,0.0,0.0,0.09471764890431356,0.08873020655085177
P3,R04,training,20,129,0,0.0,0.0,0.09471764890431356,0.08888800133425408
P3,R04,training,20,130,0,0.0,0.0,0.09471764890431356,0.08904389447334568
P3,R04,training,20,131,0,0.0,0.0,0.09471764890431356,0.08919787498531544
P3,R04,training,20,132,0,0.0,0.0,0.09471764890431356,0.08934993200896627
P3,R04,training,20,133,0,0.0,0.0,0.09471764890431356,0.08950005480599107
P3,R04,training,20,134,0,0.0,0.0,0.09471764890431356,0.08964823276223578
P3,R04,training,20,135,0,0.0,0.0,0.09471764890431356,0.08979445538894931
P3,R04,training,20,136,0,0.0,0.0,0.09471764890431356,0.08993871232402025
P3,R04,training,20,137,0,0.0,0.0,0.09471764890431356,0.09008099333319992
P3,R04,training,20,138,0,0.0,0.0,0.09471764890431356,0.09022128831131199
P3,R04,training,20,139,0,0.0,0.0,0.09471764890431356,0.09035958728344787
P3,R04,training,20,140,0,0.0,0.0,0.09471764890431356,0.09049588040614831
P3,R04,training,20,141,0,0.0,0.0,0.09471764890431356,0.09063015796857049
P3,R04,training,20,142,0,0.0,0.0,0.09471764890431356,0.0907624103936407
P3,R04,training,20,143,0,0.0,0.0,0.09471764890431356,0.0908926282391924
P3,R04,training,20,144,0,0.0,0.0,0.06341737743049597,0.060942185895233765
P3,R04,training,20,145,0,0.0,0.0,0.06341737743049597,0.06102662904962223
P3,R04,training,20,146,0,0.0,0.0,0.06341737743049597,0.06110969155266577
P3,R04,training,20,147,0,0.0,0.0,0.06341737743049597,0.061191367451165934
P3,R04,training,20,148,0,0.0,0.0,0.06341737743049597,0.06127165088590806
P3,R04,training,20,149,0,0.0,0.0,0.06341737743049597,0.06135053609236163
P3,R04,training,20,150,0,0.0,0.0,0.06341737743049597,0.06142801740136993
P3,R04,training,20,151,0,0.0,0.0,0.06341737743049597,0.061504089239828974
P3,R04,training,20,152,0,0.0,0.0,0.06341737743049597,0.061578746131355444
P3,R04,training,20,153,0,0.0,0.0,0.06341737743049597,0.06165198269694363
P3,R04,training,20,154,0,0.0,0.0,0.06341737743049597,0.06172379365561129
P3,R04,training,20,155,0,0.0,0.0,0.06341737743049597,0.06179417382503418
P3,R04,training,20,156,0,0.0,0.0,0.06341737743049597,0.061863118122169256
P3,R04,training,20,157,0,0.0,0.0,0.06341737743049597,0.061930621563866514
P3,R04,training,20,158,0,0.0,0.0,0.06341737743049597,0.06199667926746912
P3,R04,training,20,159,0,0.0,0.0,0.06341737743049597,0.06206128645140202
P3,R04,training,20,160,0,0.0,0.0,0.03369611550913492,0.03300912680858488
P3,R04,training,20,161,0,0.0,0.0,0.03369611550913492,0.03304190627408134
P3,R04,training,20,162,0,0.0,0.0,0.03369611550913492,0.03307390772552042
P3,R04,training,20,163,0,0.0,0.0,0.03369611550913492,0.03310512884010175
P3,R04,training,20,164,0,0.0,0.0,0.03369611550913492,0.03313556735020247
P3,R04,training,20,165,0,0.0,0.0,0.03369611550913492,0.033165221043651764
P3,R04,training,20,166,0,0.0,0.0,0.03369611550913492,0.033194087763998764
P3,R04,training,20,167,0,0.0,0.0,0.03369611550913492,0.03322216541077391
P3,R04,training,20,168,0,0.0,0.0,0.03369611550913492,0.033249451939743664
P3,R04,training,20,169,0,0.0,0.0,0.03369611550913492,0.03327594536315856
P3,R04,training,20,170,0,0.0,0.0,0.03369611550913492,0.033301643749994544
P3,R04,training,20,171,0,0.0,0.0,0.03369611550913492,0.03332654522618752
P3,R04,training,20,172,0,0.0,0.0,0.03369611550913492,0.03335064797486112
P3,R04,training,20,173,0,0.0,0.0,0.03369611550913492,0.03337395023654767
P3,R04,training,20,174,0,0.0,0.0,0.03369611550913492,0.03339645030940219
P3,R04,training,20,175,0,0.0,0.0,0.03369611550913492,0.03341814654940961
P3,R04,training,20,176,0,0.0,0.0,0.03221340157429026,0.031967635521202103
P3,R04,training,20,177,0,0.0,0.0,0.03221340157429026,0.03198683565472745
P3,R04,training,20,178,0,0.0,0.0,0.03221340157429026,0.03200526294464411
P3,R04,training,20,179,0,0.0,0.0,0.03221340157429026,0.03202291604226569
P3,R04,training,20,180,0,0.0,0.0,0.03221340157429026,0.03203979365508094
P3,R04,training,20,181,0,0.0,0.0,0.03221340157429026,0.032055894546911434
P3,R04,training,20,182,0,0.0,0.0,0.03221340157429026,0.03207121753806252
P3,R04,training,20,183,0,0.0,0.0,0.03221340157429026,0.03208576150546735
P3,R04,training,20,184,0,0.0,0.0,0.03221340157429026,0.03209952538282408
P3,R04,training,20,185,0,0.0,0.0,0.03221340157429026,0.032112508160726146
P3,R04,training,20,186,0,0.0,0.0,0.03221340157429026,0.03212470888678564
P3,R04,training,20,187,0,0.0,0.0,0.03221340157429026,0.03213612666574979
P3,R04,training,20,188,0,0.0,0.0,0.03221340157429026,0.0321467606596104
P3,R04,training,20,189,0,0.0,0.0,0.03221340157429026,0.032156610087706365
P3,R04,training,20,190,0,0.0,0.0,0.03221340157429026,0.0321656742268192
P3,R04,training,20,191,0,0.0,0.0,0.03221340157429026,0.032173952411261565
P3,R04,training,20,192,0,0.0,0.0,0.030489506155127098,0.03045925881689165
P3,R04,training,20,193,0,0.0,0.0,0.030489506155127098,0.03046560453467196
P3,R04,training,20,194,0,0.0,0.0,0.030489506155127098,0.030471204795292098
P3,R04,training,20,195,0,0.0,0.0,0.030489506155127098,0.030476059187202798
P3,R04,training,20,196,0,0.0,0.0,0.030489506155127098,0.03048016735362603
P3,R04,training,20,197,0,0.0,0.0,0.030489506155127098,0.030483528992598676
P3,R04,training,20,198,0,0.0,0.0,0.030489506155127098,0.030486143857009554
P3,R04,training,20,199,0,0.0,0.0,0.030489506155127098,0.03048801175462966
P3,R04,training,20,200,0,0.0,0.0,0.030489506155127098,0.030489132548135733
P3,R04,training,20,201,0,0.0,0.0,0.030489506155127098,0.030489506155127098
P3,R04,training,20,202,0,0.0,0.0,0.030489506155127098,0.030489132548135733
P3,R04,training,20,203,0,0.0,0.0,0.030489506155127098,0.03048801175462966
P3,R04,training,20,204,0,0.0,0.0,0.030489506155127098,0.030486143857009554
P3,R04,training,20,205,0,0.0,0.0,0.030489506155127098,0.030483528992598676
P3,R04,training,20,206,0,0.0,0.0,0.030489506155127098,0.03048016735362603
P3,R04,training,20,207,0,0.0,0.0,0.030489506155127098,0.030476059187202798
P3,R04,training,20,208,0,0.0,0.0,0.028570724192414677,0.028553574583577733
P3,R04,training,20,209,0,0.0,0.0,0.028570724192414677,0.02854832676156417
P3,R04,training,20,210,0,0.0,0.0,0.028570724192414677,0.028542380395900468
P3,R04,training,20,211,0,0.0,0.0,0.028570724192414677,0.02853573592351314
P3,R04,training,20,212,0,0.0,0.0,0.028570724192414677,0.028528393832552297
P3,R04,training,20,213,0,0.0,0.0,0.028570724192414677,0.02852035466233187
P3,R04,training,20,214,0,0.0,0.0,0.028570724192414677,0.028511619003263586
P3,R04,training,20,215,0,0.0,0.0,0.028570724192414677,0.02850218749678469
P3,R04,training,20,216,0,0.0,0.0,0.028570724192414677,0.028492060835279467
P3,R04,training,20,217,0,0.0,0.0,0.028570724192414677,0.028481239761994508
P3,R04,training,20,218,0,0.0,0.0,0.028570724192414677,0.028469725070947808
P3,R04,training,20,219,0,0.0,0.0,0.028570724192414677,0.02845751760683166
P3,R04,training,20,220,0,0.0,0.0,0.028570724192414677,0.028444618264909363
P3,R04,training,20,221,0,0.0,0.0,0.028570724192414677,0.028431027990905827
P3,R04,training,20,222,0,0.0,0.0,0.028570724192414677,0.02841674778089199
P3,R04,training,20,223,0,0.0,0.0,0.028570724192414677,0.02840177868116315
P3,R04,training,20,224,0,0.0,0.0,0.0,0.0
P3,R04,training,20,225,0,0.0,0.0,0.0,0.0
P3,R04,training,20,226,0,0.0,0.0,0.0,0.0
P3,R04,training,20,227,0,0.0,0.0,0.0,0.0
P3,R04,training,20,228,0,0.0,0.0,0.0,0.0
P3,R04,training,20,229,0,0.0,0.0,0.0,0.0
P3,R04,training,20,230,0,0.0,0.0,0.0,0.0
P3,R04,training,20,231,0,0.0,0.0,0.0,0.0
P3,R04,training,20,232,0,0.0,0.0,0.0,0.0
P3,R04,training,20,233,0,0.0,0.0,0.0,0.0
P3,R04,training,20,234,0,0.0,0.0,0.0,0.0
P3,R04,training,20,235,0,0.0,0.0,0.0,0.0
P3,R04,training,20,236,0,0.0,0.0,0.0,0.0
P3,R04,training,20,237,0,0.0,0.0,0.0,0.0
P3,R04,training,20,238,0,0.0,0.0,0.0,0.0
P3,R04,training,20,239,0,0.0,0.0,0.0,0.0
P3,R04,training,20,240,0,0.0,0.0,0.0,0.0
P3,R04,training,20,241,0,0.0,0.0,0.0,0.0
P3,R04,training,20,242,0,0.0,0.0,0.0,0.0
P3,R04,training,20,243,0,0.0,0.0,0.0,0.0
P3,R04,training,20,244,0,0.0,0.0,0.0,0.0
P3,R04,training,20,245,0,0.0,0.0,0.0,0.0
P3,R04,training,20,246,0,0.0,0.0,0.0,0.0
P3,R04,training,20,247,0,0.0,0.0,0.0,0.0
P3,R04,training,20,248,0,0.0,0.0,0.0,0.0
P3,R04,training,20,249,0,0.0,0.0,0.0,0.0
P3,R04,training,20,250,0,0.0,0.0,0.0,0.0
P3,R04,training,20,251,0,0.0,0.0,0.0,0.0
P3,R04,training,20,252,0,0.0,0.0,0.0,0.0
P3,R04,training,20,253,0,0.0,0.0,0.0,0.0
P3,R04,training,20,254,0,0.0,0.0,0.0,0.0
P3,R04,training,20,255,0,0.0,0.0,0.0,0.0
P3,R04,training,20,256,0,0.0,0.0,0.0,0.0
P3,R04,training,20,257,0,0.0,0.0,0.0,0.0
P3,R04,training,20,258,0,0.0,0.0,0.0,0.0
P3,R04,training,20,259,0,0.0,0.0,0.0,0.0
P3,R04,training,20,260,0,0.0,0.0,0.0,0.0
P3,R04,training,20,261,0,0.0,0.0,0.0,0.0
P3,R04,training,20,262,0,0.0,0.0,0.0,0.0
P3,R04,training,20,263,0,0.0,0.0,0.0,0.0
P3,R04,training,20,264,0,0.0,0.0,0.0,0.0
P3,R04,training,20,265,0,0.0,0.0,0.0,0.0
P3,R04,training,20,266,0,0.0,0.0,0.0,0.0
P3,R04,training,20,267,0,0.0,0.0,0.0,0.0
P3,R04,training,20,268,0,0.0,0.0,0.0,0.0
P3,R04,training,20,269,0,0.0,0.0,0.0,0.0
P3,R04,training,20,270,0,0.0,0.0,0.0,0.0
P3,R04,training,20,271,0,0.0,0.0,0.0,0.0
P3,R04,training,20,272,0,0.0,0.0,0.0,0.0
P3,R04,training,20,273,0,0.0,0.0,0.0,0.0
P3,R04,training,20,274,0,0.0,0.0,0.0,0.0
P3,R04,training,20,275,0,0.0,0.0,0.0,0.0
P3,R04,training,20,276,0,0.0,0.0,0.0,0.0
P3,R04,training,20,277,0,0.0,0.0,0.0,0.0
P3,R04,training,20,278,0,0.0,0.0,0.0,0.0
P3,R04,training,20,279,0,0.0,0.0,0.0,0.0
P3,R04,training,20,280,0,0.0,0.0,0.0,0.0
P3,R04,training,20,281,0,0.0,0.0,0.0,0.0
P3,R04,training,20,282,0,0.0,0.0,0.0,0.0
P3,R04,training,20,283,0,0.0,0.0,0.0,0.0
P3,R04,training,20,284,0,0.0,0.0,0.0,0.0
P3,R04,training,20,285,0,0.0,0.0,0.0,0.0
P3,R04,training,20,286,0,0.0,0.0,0.0,0.0
P3,R04,training,20,287,0,0.0,0.0,0.0,0.0
P3,R04,training,20,288,0,0.0,0.0,0.02858455265884784,0.026052616252446842
P3,R04,training,20,289,0,0.0,0.0,0.02858455265884784,0.025996808942387584
P3,R04,training,20,290,0,0.0,0.0,0.02858455265884784,0.025940485435493925
P3,R04,training,20,291,0,0.0,0.0,0.02858455265884784,0.025883649607795697
P3,R04,training,20,292,0,0.0,0.0,0.02858455265884784,0.02582630536450312
P3,R04,training,20,293,0,0.0,0.0,0.02858455265884784,0.02576845663956049
P3,R04,training,20,294,0,0.0,0.0,0.02858455265884784,0.025710107395197287
P3,R04,training,20,295,0,0.0,0.0,0.02858455265884784,0.02565126162147686
P3,R04,training,20,296,0,0.0,0.0,0.02858455265884784,0.025591923335842714
P3,R04,training,20,297,0,0.0,0.0,0.02858455265884784,0.02553209658266245
P3,R04,training,20,298,0,0.0,0.0,0.02858455265884784,0.0254717854327695
P3,R04,training,20,299,0,0.0,0.0,0.02858455265884784,0.02541099398300266
P3,R04,training,20,300,0,0.0,0.0,0.02858455265884784,0.025349726355743545
P3,R04,training,20,301,0,0.0,0.0,0.02858455265884784,0.025287986698451982
P3,R04,training,20,302,0,0.0,0.0,0.02858455265884784,0.02522577918319948
P3,R04,training,20,303,0,0.0,0.0,0.02858455265884784,0.025163108006200818
P3,R04,training,20,304,0,0.0,0.0,0.03050426332787464,0.0267856673807431
P3,R04,training,20,305,0,0.0,0.0,0.03050426332787464,0.026717811201640112
P3,R04,training,20,306,0,0.0,0.0,0.03050426332787464,0.026649473805366735
P3,R04,training,20,307,0,0.0,0.0,0.03050426332787464,0.026580659767973993
P3,R04,training,20,308,0,0.0,0.0,0.03050426332787464,0.026511373688750835
P3,R04,training,20,309,0,0.0,0.0,0.03050426332787464,0.026441620189713834
P3,R04,training,20,310,0,0.0,0.0,0.03050426332787464,0.02637140391509548
P3,R04,training,20,311,0,0.0,0.0,0.03050426332787464,0.026300729530831034
P3,R04,training,20,312,0,0.0,0.0,0.03050426332787464,0.02622960172404413
P3,R04,training,20,313,0,0.0,0.0,0.03050426332787464,0.026158025202531136
P3,R04,training,20,314,0,0.0,0.0,0.03050426332787464,0.026086004694244373
P3,R04,training,20,315,0,0.0,0.0,0.03050426332787464,0.026013544946774284
P3,R04,training,20,316,0,0.0,0.0,0.03050426332787464,0.025940650726830584
P3,R04,training,20,317,0,0.0,0.0,0.03050426332787464,0.025867326819722574
P3,R04,training,20,318,0,0.0,0.0,0.03050426332787464,0.025793578028838547
P3,R04,training,20,319,0,0.0,0.0,0.03050426332787464,0.025719409175124507
P3,R04,training,20,320,0,0.0,0.0,0.03222899312665582,0.027094799270767377
P3,R04,training,20,321,0,0.0,0.0,0.03222899312665582,0.027015564589612767
P3,R04,training,20,322,0,0.0,0.0,0.03222899312665582,0.02693590148137802
P3,R04,training,20,323,0,0.0,0.0,0.03222899312665582,0.026855815108269464
P3,R04,training,20,324,0,0.0,0.0,0.03222899312665582,0.026775310648281044
P3,R04,training,20,325,0,0.0,0.0,0.03222899312665582,0.02669439329464053
P3,R04,training,20,326,0,0.0,0.0,0.03222899312665582,0.026613068255255574
P3,R04,training,20,327,0,0.0,0.0,0.03222899312665582,0.026531340752159554
P3,R04,training,20,328,0,0.0,0.0,0.03222899312665582,0.02644921602095744
P3,R04,training,20,329,0,0.0,0.0,0.03222899312665582,0.026366699310271666
P3,R04,training,20,330,0,0.0,0.0,0.03222899312665582,0.02628379588118813
P3,R04,training,20,331,0,0.0,0.0,0.03222899312665582,0.026200511006702357
P3,R04,training,20,332,0,0.0,0.0,0.03222899312665582,0.026116849971166
P3,R04,training,20,333,0,0.0,0.0,0.03222899312665582,0.02603281806973363
P3,R04,training,20,334,0,0.0,0.0,0.03222899312665582,0.02594842060781003
P3,R04,training,20,335,0,0.0,0.0,0.03222899312665582,0.02586366290049796
P3,R04,training,20,336,0,0.0,0.0,0.033712424707288524,0.026965081772618086
P3,R04,training,20,337,0,0.0,0.0,0.033712424707288524,0.026875685912931907
P3,R04,training,20,338,0,0.0,0.0,0.033712424707288524,0.026785929960869266
P3,R04,training,20,339,0,0.0,0.0,0.033712424707288524,0.026695819510990492
P3,R04,training,20,340,0,0.0,0.0,0.033712424707288524,0.026605360165123097
P3,R04,training,20,341,0,0.0,0.0,0.033712424707288524,0.026514557531789117
P3,R04,training,20,342,0,0.0,0.0,0.033712424707288524,0.02642341722563356
P3,R04,training,20,343,0,0.0,0.0,0.033712424707288524,0.026331944866854078
P3,R04,training,20,344,0,0.0,0.0,0.033712424707288524,0.026240146080631875
P3,R04,training,20,345,0,0.0,0.0,0.033712424707288524,0.026148026496563986
P3,R04,training,20,346,0,0.0,0.0,0.033712424707288524,0.026055591748097007
P3,R04,training,20,347,0,0.0,0.0,0.033712424707288524,0.02596284747196229
P3,R04,training,20,348,0,0.0,0.0,0.033712424707288524,0.025869799307612767
P3,R04,training,20,349,0,0.0,0.0,0.033712424707288524,0.02577645289666143
P3,R04,training,20,350,0,0.0,0.0,0.033712424707288524,0.02568281388232153
P3,R04,training,20,351,0,0.0,0.0,0.033712424707288524,0.02558888790884862
P3,R04,training,20,352,0,0.0,0.0,0.034913251458291376,0.02640279372064335
P3,R04,training,20,353,0,0.0,0.0,0.034913251458291376,0.02630494530762629
P3,R04,training,20,354,0,0.0,0.0,0.034913251458291376,0.02620681725071034
P3,R04,training,20,355,0,0.0,0.0,0.034913251458291376,0.026108415393777437
P3,R04,training,20,356,0,0.0,0.0,0.034913251458291376,0.026009745578930668
P3,R04,training,20,357,0,0.0,0.0,0.034913251458291376,0.02591081364592935
P3,R04,training,20,358,0,0.0,0.0,0.034913251458291376,0.02581162543162649
P3,R04,training,20,359,0,0.0,0.0,0.034913251458291376,0.025712186769408778
P3,R04,training,20,360,0,0.0,0.0,0.034913251458291376,0.025612503488639096
P3,R04,training,20,361,0,0.0,0.0,0.034913251458291376,0.025512581414101714
P3,R04,training,20,362,0,0.0,0.0,0.034913251458291376,0.025412426365450106
P3,R04,training,20,363,0,0.0,0.0,0.034913251458291376,0.025312044156657644
P3,R04,training,20,364,0,0.0,0.0,0.034913251458291376,0.025211440595471053
P3,R04,training,20,365,0,0.0,0.0,0.034913251458291376,0.02511062148286682
P3,R04,training,20,366,0,0.0,0.0,0.034913251458291376,0.025009592612510574
P3,R04,training,20,367,0,0.0,0.0,0.034913251458291376,0.02490835977021954
P3,R04,training,20,368,0,0.0,0.0,0.035797084626857704,0.025434919124155676
P3,R04,training,20,369,0,0.0,0.0,0.035797084626857704,0.02533072305117572
P3,R04,training,20,370,0,0.0,0.0,0.035797084626857704,0.02522633558579837
P3,R04,training,20,371,0,0.0,0.0,0.035797084626857704,0.025121762622674206
P3,R04,training,20,372,0,0.0,0.0,0.035797084626857704,0.025017010045700068
P3,R04,training,20,373,0,0.0,0.0,0.035797084626857704,0.02491208372748806
P3,R04,training,20,374,0,0.0,0.0,0.035797084626857704,0.024806989528838117
P3,R04,training,20,375,0,0.0,0.0,0.035797084626857704,0.024701733298214228
P3,R04,training,20,376,0,0.0,0.0,0.035797084626857704,0.024596320871224393
P3,R04,training,20,377,0,0.0,0.0,0.035797084626857704,0.02449075807010432
P3,R04,training,20,378,0,0.0,0.0,0.035797084626857704,0.02438505070320495
P3,R04,training,20,379,0,0.0,0.0,0.035797084626857704,0.024279204564483937
P3,R04,training,20,380,0,0.0,0.0,0.035797084626857704,0.024173225433000975
P3,R04,training,20,381,0,0.0,0.0,0.035797084626857704,0.024067119072417233
P3,R04,training,20,382,0,0.0,0.0,0.035797084626857704,0.023960891230498764
P3,R04,training,20,383,0,0.0,0.0,0.035797084626857704,0.023854547638624105
P3,R04,training,20,384,0,0.0,0.0,0.036338088279877764,0.02410700049058887
P3,R04,training,20,385,0,0.0,0.0,0.036338088279877764,0.02399883210753019
P3,R04,training,20,386,0,0.0,0.0,0.036338088279877764,0.02389056357442432
P3,R04,training,20,387,0,0.0,0.0,0.036338088279877764,0.02378220063781443
P3,R04,training,20,388,0,0.0,0.0,0.036338088279877764,0.023673749025173687
P3,R04,training,20,389,0,0.0,0.0,0.036338088279877764,0.02356521444443158
P3,R04,training,20,390,0,0.0,0.0,0.036338088279877764,0.023456602583504786
P3,R04,training,20,391,0,0.0,0.0,0.036338088279877764,0.023347919109832613
P3,R04,training,20,392,0,0.0,0.0,0.036338088279877764,0.023239169669917115
P3,R04,training,20,393,0,0.0,0.0,0.036338088279877764,0.023130359888867854
P3,R04,training,20,394,0,0.0,0.0,0.036338088279877764,0.023021495369951406
P3,R04,training,20,395,0,0.0,0.0,0.036338088279877764,0.022912581694145662
P3,R04,training,20,396,0,0.0,0.0,0.036338088279877764,0.022803624419698906
P3,R04,training,20,397,0,0.0,0.0,0.036338088279877764,0.02269462908169379
P3,R04,training,20,398,0,0.0,0.0,0.036338088279877764,0.022585601191616192
P3,R04,training,20,399,0,0.0,0.0,0.036338088279877764,0.022476546236929
P3,R04,training,20,400,0,1.0,0.5006775500767587,0.03652023370537141,0.02247958708899719
P3,R04,training,20,401,0,1.0,0.5006775500767587,0.03652023370537141,0.022369947539753316
P3,R04,training,20,402,0,1.0,0.5006775500767587,0.03652023370537141,0.02226029718607621
P3,R04,training,20,403,0,1.0,0.5006775500767587,0.03652023370537141,0.022150641442178473
A,R04,training,25,0,0,0.0,0.0,0.0,0.0
A,R04,training,25,1,0,0.0,0.0,0.0,0.0
A,R04,training,25,2,0,0.0,0.0,0.0,0.0
A,R04,training,25,3,0,0.0,0.0,0.0,0.0
A,R04,training,25,4,0,0.0,0.0,0.0,0.0
A,R04,training,25,5,0,0.0,0.0,0.0,0.0
A,R04,training,25,6,0,0.0,0.0,0.0,0.0
A,R04,training,25,7,0,0.0,0.0,0.0,0.0
A,R04,training,25,8,0,0.0,0.0,0.0,0.0
A,R04,training,25,9,0,0.0,0.0,0.0,0.0
A,R04,training,25,10,0,0.0,0.0,0.0,0.0
A,R04,training,25,11,0,0.0,0.0,0.0,0.0
A,R04,training,25,12,0,0.0,0.0,0.0,0.0
A,R04,training,25,13,0,0.0,0.0,0.0,0.0
A,R04,training,25,14,0,0.0,0.0,0.0,0.0
A,R04,training,25,15,0,0.0,0.0,0.0,0.0
A,R04,training,25,16,0,0.0,0.0,0.0,0.0
A,R04,training,25,17,0,0.0,0.0,0.0,0.0
A,R04,training,25,18,0,0.0,0.0,0.0,0.0
A,R04,training,25,19,0,0.0,0.0,0.0,0.0
A,R04,training,25,20,0,0.0,0.0,0.0,0.0
A,R04,training,25,21,0,0.0,0.0,0.0,0.0
A,R04,training,25,22,0,0.0,0.0,0.0,0.0
A,R04,training,25,23,0,0.0,0.0,0.0,0.0
A,R04,training,25,24,0,0.0,0.0,0.0,0.0
A,R04,training,25,25,0,0.0,0.0,0.0,0.0
A,R04,training,25,26,0,0.0,0.0,0.0,0.0
A,R04,training,25,27,0,0.0,0.0,0.0,0.0
A,R04,training,25,28,0,0.0,0.0,0.0,0.0
A,R04,training,25,29,0,0.0,0.0,0.0,0.0
A,R04,training,25,30,0,0.0,0.0,0.0,0.0
A,R04,training,25,31,0,0.0,0.0,0.0,0.0
A,R04,training,25,32,0,0.0,0.0,0.0,0.0
A,R04,training,25,33,0,0.0,0.0,0.0,0.0
A,R04,training,25,34,0,0.0,0.0,0.0,0.0
A,R04,training,25,35,0,0.0,0.0,0.0,0.0
A,R04,training,25,36,0,0.0,0.0,0.0,0.0
A,R04,training,25,37,0,0.0,0.0,0.0,0.0
A,R04,training,25,38,0,0.0,0.0,0.0,0.0
A,R04,training,25,39,0,0.0,0.0,0.0,0.0
A,R04,training,25,40,0,0.0,0.0,0.0,0.0
A,R04,training,25,41,0,0.0,0.0,0.0,0.0
A,R04,training,25,42,0,0.0,0.0,0.0,0.0
A,R04,training,25,43,0,0.0,0.0,0.0,0.0
A,R04,training,25,44,0,0.0,0.0,0.0,0.0
A,R04,training,25,45,0,0.0,0.0,0.0,0.0
A,R04,training,25,46,0,0.0,0.0,0.0,0.0
A,R04,training,25,47,0,0.0,0.0,0.0,0.0
A,R04,training,25,48,0,0.0,0.0,0.0,0.0
A,R04,training,25,49,0,0.0,0.0,0.0,0.0
A,R04,training,25,50,0,0.0,0.0,0.0,0.0
A,R04,training,25,51,0,0.0,0.0,0.0,0.0
A,R04,training,25,52,0,0.0,0.0,0.0,0.0
A,R04,training,25,53,0,0.0,0.0,0.0,0.0
A,R04,training,25,54,0,0.0,0.0,0.0,0.0
A,R04,training,25,55,0,0.0,0.0,0.0,0.0
A,R04,training,25,56,0,0.0,0.0,0.0,0.0
A,R04,training,25,57,0,0.0,0.0,0.0,0.0
A,R04,training,25,58,0,0.0,0.0,0.0,0.0
A,R04,training,25,59,0,0.0,0.0,0.0,0.0
A,R04,training,25,60,0,0.0,0.0,0.0,0.0
A,R04,training,25,61,0,0.0,0.0,0.0,0.0
A,R04,training,25,62,0,0.0,0.0,0.0,0.0
A,R04,training,25,63,0,0.0,0.0,0.0,0.0
A,R04,training,25,64,0,0.0,0.0,0.0,0.0
A,R04,training,25,65,0,0.0,0.0,0.0,0.0
A,R04,training,25,66,0,0.0,0.0,0.0,0.0
A,R04,training,25,67,0,0.0,0.0,0.0,0.0
A,R04,training,25,68,0,0.0,0.0,0.0,0.0
A,R04,training,25,69,0,0.0,0.0,0.0,0.0
A,R04,training,25,70,0,0.0,0.0,0.0,0.0
A,R04,training,25,71,0,0.0,0.0,0.0,0.0
A,R04,training,25,72,0,0.0,0.0,0.0,0.0
A,R04,training,25,73,0,0.0,0.0,0.0,0.0
A,R04,training,25,74,0,0.0,0.0,0.0,0.0
A,R04,training,25,75,0,0.0,0.0,0.0,0.0
A,R04,training,25,76,0,0.0,0.0,0.0,0.0
A,R04,training,25,77,0,0.0,0.0,0.0,0.0
A,R04,training,25,78,0,0.0,0.0,0.0,0.0
A,R04,training,25,79,0,0.0,0.0,0.0,0.0
A,R04,training,25,80,0,0.0,0.0,0.0,0.0
A,R04,training,25,81,0,0.0,0.0,0.0,0.0
A,R04,training,25,82,0,0.0,0.0,0.0,0.0
A,R04,training,25,83,0,0.0,0.0,0.0,0.0
A,R04,training,25,84,0,0.0,0.0,0.0,0.0
A,R04,training,25,85,0,0.0,0.0,0.0,0.0
A,R04,training,25,86,0,0.0,0.0,0.0,0.0
A,R04,training,25,87,0,0.0,0.0,0.0,0.0
A,R04,training,25,88,0,0.0,0.0,0.0,0.0
A,R04,training,25,89,0,0.0,0.0,0.0,0.0
A,R04,training,25,90,0,0.0,0.0,0.0,0.0
A,R04,training,25,91,0,0.0,0.0,0.0,0.0
A,R04,training,25,92,0,0.0,0.0,0.0,0.0
A,R04,training,25,93,0,0.0,0.0,0.0,0.0
A,R04,training,25,94,0,0.0,0.0,0.0,0.0
A,R04,training,25,95,0,0.0,0.0,0.0,0.0
A,R04,training,25,96,0,0.0,0.0,0.0,0.0
A,R04,training,25,97,0,0.0,0.0,0.0,0.0
A,R04,training,25,98,0,0.0,0.0,0.0,0.0
A,R04,training,25,99,0,0.0,0.0,0.0,0.0
A,R04,training,25,100,0,0.0,0.0,0.0,0.0
A,R04,training,25,101,0,0.0,0.0,0.0,0.0
A,R04,training,25,102,0,0.0,0.0,0.0,0.0
A,R04,training,25,103,0,0.0,0.0,0.0,0.0
A,R04,training,25,104,0,0.0,0.0,0.0,0.0
A,R04,training,25,105,0,0.0,0.0,0.0,0.0
A,R04,training,25,106,0,0.0,0.0,0.0,0.0
A,R04,training,25,107,0,0.0,0.0,0.0,0.0
A,R04,training,25,108,0,0.0,0.0,0.0,0.0
A,R04,training,25,109,0,0.0,0.0,0.0,0.0
A,R04,training,25,110,0,0.0,0.0,0.0,0.0
A,R04,training,25,111,0,0.0,0.0,0.0,0.0
A,R04,training,25,112,0,0.0,0.0,0.0,0.0
A,R04,training,25,113,0,0.0,0.0,0.0,0.0
A,R04,training,25,114,0,0.0,0.0,0.0,0.0
A,R04,training,25,115,0,0.0,0.0,0.0,0.0
A,R04,training,25,116,0,0.0,0.0,0.0,0.0
A,R04,training,25,117,0,0.0,0.0,0.0,0.0
A,R04,training,25,118,0,0.0,0.0,0.0,0.0
A,R04,training,25,119,0,0.0,0.0,0.0,0.0
A,R04,training,25,120,0,0.0,0.0,0.0,0.0
A,R04,training,25,121,0,0.0,0.0,0.0,0.0
A,R04,training,25,122,0,0.0,0.0,0.0,0.0
A,R04,training,25,123,0,0.0,0.0,0.0,0.0
A,R04,training,25,124,0,0.0,0.0,0.0,0.0
A,R04,training,25,125,0,0.0,0.0,0.0,0.0
A,R04,training,25,126,0,0.0,0.0,0.0,0.0
A,R04,training,25,127,0,0.0,0.0,0.0,0.0
A,R04,training,25,128,0,0.0,0.0,0.0,0.0
A,R04,training,25,129,0,0.0,0.0,0.0,0.0
A,R04,training,25,130,0,0.0,0.0,0.0,0.0
A,R04,training,25,131,0,0.0,0.0,0.0,0.0
A,R04,training,25,132,0,0.0,0.0,0.0,0.0
A,R04,training,25,133,0,0.0,0.0,0.0,0.0
A,R04,training,25,134,0,0.0,0.0,0.0,0.0
A,R04,training,25,135,0,0.0,0.0,0.0,0.0
A,R04,training,25,136,0,0.0,0.0,0.0,0.0
A,R04,training,25,137,0,0.0,0.0,0.0,0.0
A,R04,training,25,138,0,0.0,0.0,0.0,0.0
A,R04,training,25,139,0,0.0,0.0,0.0,0.0
A,R04,training,25,140,0,0.0,0.0,0.0,0.0
A,R04,training,25,141,0,0.0,0.0,0.0,0.0
A,R04,training,25,142,0,0.0,0.0,0.0,0.0
A,R04,training,25,143,0,0.0,0.0,0.0,0.0
A,R04,training,25,144,0,0.0,0.0,0.0,0.0
A,R04,training,25,145,0,0.0,0.0,0.0,0.0
A,R04,training,25,146,0,0.0,0.0,0.0,0.0
A,R04,training,25,147,0,0.0,0.0,0.0,0.0
A,R04,training,25,148,0,0.0,0.0,0.0,0.0
A,R04,training,25,149,0,0.0,0.0,0.0,0.0
A,R04,training,25,150,0,0.0,0.0,0.0,0.0
A,R04,training,25,151,0,0.0,0.0,0.0,0.0
A,R04,training,25,152,0,0.0,0.0,0.0,0.0
A,R04,training,25,153,0,0.0,0.0,0.0,0.0
A,R04,training,25,154,0,0.0,0.0,0.0,0.0
A,R04,training,25,155,0,0.0,0.0,0.0,0.0
A,R04,training,25,156,0,0.0,0.0,0.0,0.0
A,R04,training,25,157,0,0.0,0.0,0.0,0.0
A,R04,training,25,158,0,0.0,0.0,0.0,0.0
A,R04,training,25,159,0,0.0,0.0,0.0,0.0
A,R04,training,25,160,0,0.0,0.0,0.0,0.0
A,R04,training,25,161,0,0.0,0.0,0.0,0.0
A,R04,training,25,162,0,0.0,0.0,0.0,0.0
A,R04,training,25,163,0,0.0,0.0,0.0,0.0
A,R04,training,25,164,0,0.0,0.0,0.0,0.0
A,R04,training,25,165,0,0.0,0.0,0.0,0.0
A,R04,training,25,166,0,0.0,0.0,0.0,0.0
A,R04,training,25,167,0,0.0,0.0,0.0,0.0
A,R04,training,25,168,0,0.0,0.0,0.0,0.0
A,R04,training,25,169,0,0.0,0.0,0.0,0.0
A,R04,training,25,170,0,0.0,0.0,0.0,0.0
A,R04,training,25,171,0,0.0,0.0,0.0,0.0
A,R04,training,25,172,0,0.0,0.0,0.0,0.0
A,R04,training,25,173,0,0.0,0.0,0.0,0.0
A,R04,training,25,174,0,0.0,0.0,0.0,0.0
A,R04,training,25,175,0,0.0,0.0,0.0,0.0
A,R04,training,25,176,0,0.0,0.0,0.0,0.0
A,R04,training,25,177,0,0.0,0.0,0.0,0.0
A,R04,training,25,178,0,0.0,0.0,0.0,0.0
A,R04,training,25,179,0,0.0,0.0,0.0,0.0
A,R04,training,25,180,0,0.0,0.0,0.0,0.0
A,R04,training,25,181,0,0.0,0.0,0.0,0.0
A,R04,training,25,182,0,0.0,0.0,0.0,0.0
A,R04,training,25,183,0,0.0,0.0,0.0,0.0
A,R04,training,25,184,0,0.0,0.0,0.0,0.0
A,R04,training,25,185,0,0.0,0.0,0.0,0.0
A,R04,training,25,186,0,0.0,0.0,0.0,0.0
A,R04,training,25,187,0,0.0,0.0,0.0,0.0
A,R04,training,25,188,0,0.0,0.0,0.0,0.0
A,R04,training,25,189,0,0.0,0.0,0.0,0.0
A,R04,training,25,190,0,0.0,0.0,0.0,0.0
A,R04,training,25,191,0,0.0,0.0,0.0,0.0
A,R04,training,25,192,0,0.0,0.0,0.0,0.0
A,R04,training,25,193,0,0.0,0.0,0.0,0.0
A,R04,training,25,194,0,0.0,0.0,0.0,0.0
A,R04,training,25,195,0,0.0,0.0,0.0,0.0
A,R04,training,25,196,0,0.0,0.0,0.0,0.0
A,R04,training,25,197,0,0.0,0.0,0.0,0.0
A,R04,training,25,198,0,0.0,0.0,0.0,0.0
A,R04,training,25,199,0,0.0,0.0,0.0,0.0
A,R04,training,25,200,0,0.0,0.0,0.0,0.0
A,R04,training,25,201,0,0.0,0.0,0.0,0.0
A,R04,training,25,202,0,0.0,0.0,0.0,0.0
A,R04,training,25,203,0,0.0,0.0,0.0,0.0
A,R04,training,25,204,0,0.0,0.0,0.0,0.0
A,R04,training,25,205,0,0.0,0.0,0.0,0.0
A,R04,training,25,206,0,0.0,0.0,0.0,0.0
A,R04,training,25,207,0,0.0,0.0,0.0,0.0
A,R04,training,25,208,0,0.0,0.0,0.0,0.0
A,R04,training,25,209,0,0.0,0.0,0.0,0.0
A,R04,training,25,210,0,0.0,0.0,0.0,0.0
A,R04,training,25,211,0,0.0,0.0,0.0,0.0
A,R04,training,25,212,0,0.0,0.0,0.0,0.0
A,R04,training,25,213,0,0.0,0.0,0.0,0.0
A,R04,training,25,214,0,0.0,0.0,0.0,0.0
A,R04,training,25,215,0,0.0,0.0,0.0,0.0
A,R04,training,25,216,0,0.0,0.0,0.0,0.0
A,R04,training,25,217,0,0.0,0.0,0.0,0.0
A,R04,training,25,218,0,0.0,0.0,0.0,0.0
A,R04,training,25,219,0,0.0,0.0,0.0,0.0
A,R04,training,25,220,0,0.0,0.0,0.0,0.0
A,R04,training,25,221,0,0.0,0.0,0.0,0.0
A,R04,training,25,222,0,0.0,0.0,0.0,0.0
A,R04,training,25,223,0,0.0,0.0,0.0,0.0
A,R04,training,25,224,0,0.0,0.0,0.0,0.0
A,R04,training,25,225,0,0.0,0.0,0.0,0.0
A,R04,training,25,226,0,0.0,0.0,0.0,0.0
A,R04,training,25,227,0,0.0,0.0,0.0,0.0
A,R04,training,25,228,0,0.0,0.0,0.0,0.0
A,R04,training,25,229,0,0.0,0.0,0.0,0.0
A,R04,training,25,230,0,0.0,0.0,0.0,0.0
A,R04,training,25,231,0,0.0,0.0,0.0,0.0
A,R04,training,25,232,0,0.0,0.0,0.0,0.0
A,R04,training,25,233,0,0.0,0.0,0.0,0.0
A,R04,training,25,234,0,0.0,0.0,0.0,0.0
A,R04,training,25,235,0,0.0,0.0,0.0,0.0
A,R04,training,25,236,0,0.0,0.0,0.0,0.0
A,R04,training,25,237,0,0.0,0.0,0.0,0.0
A,R04,training,25,238,0,0.0,0.0,0.0,0.0
A,R04,training,25,239,0,0.0,0.0,0.0,0.0
A,R04,training,25,240,0,0.0,0.0,0.0,0.0
A,R04,training,25,241,0,0.0,0.0,0.0,0.0
A,R04,training,25,242,0,0.0,0.0,0.0,0.0
A,R04,training,25,243,0,0.0,0.0,0.0,0.0
A,R04,training,25,244,0,0.0,0.0,0.0,0.0
A,R04,training,25,245,0,0.0,0.0,0.0,0.0
A,R04,training,25,246,0,0.0,0.0,0.0,0.0
A,R04,training,25,247,0,0.0,0.0,0.0,0.0
A,R04,training,25,248,0,0.0,0.0,0.0,0.0
A,R04,training,25,249,0,0.0,0.0,0.0,0.0
A,R04,training,25,250,0,0.0,0.0,0.0,0.0
A,R04,training,25,251,0,0.0,0.0,0.0,0.0
A,R04,training,25,252,0,0.0,0.0,0.0,0.0
A,R04,training,25,253,0,0.0,0.0,0.0,0.0
A,R04,training,25,254,0,0.0,0.0,0.0,0.0
A,R04,training,25,255,0,0.0,0.0,0.0,0.0
A,R04,training,25,256,0,0.0,0.0,0.0,0.0
A,R04,training,25,257,0,0.0,0.0,0.0,0.0
A,R04,training,25,258,0,0.0,0.0,0.0,0.0
A,R04,training,25,259,0,0.0,0.0,0.0,0.0
A,R04,training,25,260,0,0.0,0.0,0.0,0.0
A,R04,training,25,261,0,0.0,0.0,0.0,0.0
A,R04,training,25,262,0,0.0,0.0,0.0,0.0
A,R04,training,25,263,0,0.0,0.0,0.0,0.0
A,R04,training,25,264,0,0.0,0.0,0.0,0.0
A,R04,training,25,265,0,0.0,0.0,0.0,0.0
A,R04,training,25,266,0,0.0,0.0,0.0,0.0
A,R04,training,25,267,0,0.0,0.0,0.0,0.0
A,R04,training,25,268,0,0.0,0.0,0.0,0.0
A,R04,training,25,269,0,0.0,0.0,0.0,0.0
A,R04,training,25,270,0,0.0,0.0,0.0,0.0
A,R04,training,25,271,0,0.0,0.0,0.0,0.0
A,R04,training,25,272,0,0.0,0.0,0.0,0.0
A,R04,training,25,273,0,0.0,0.0,0.0,0.0
A,R04,training,25,274,0,0.0,0.0,0.0,0.0
A,R04,training,25,275,0,0.0,0.0,0.0,0.0
A,R04,training,25,276,0,0.0,0.0,0.0,0.0
A,R04,training,25,277,0,0.0,0.0,0.0,0.0
A,R04,training,25,278,0,0.0,0.0,0.0,0.0
A,R04,training,25,279,0,0.0,0.0,0.0,0.0
A,R04,training,25,280,0,0.0,0.0,0.0,0.0
A,R04,training,25,281,0,0.0,0.0,0.0,0.0
A,R04,training,25,282,0,0.0,0.0,0.0,0.0
A,R04,training,25,283,0,0.0,0.0,0.0,0.0
A,R04,training,25,284,0,0.0,0.0,0.0,0.0
A,R04,training,25,285,0,0.0,0.0,0.0,0.0
A,R04,training,25,286,0,0.0,0.0,0.0,0.0
A,R04,training,25,287,0,0.0,0.0,0.0,0.0
A,R04,training,25,288,0,0.0,0.0,0.0,0.0
A,R04,training,25,289,0,0.0,0.0,0.0,0.0
A,R04,training,25,290,0,0.0,0.0,0.0,0.0
A,R04,training,25,291,0,0.0,0.0,0.0,0.0
A,R04,training,25,292,0,0.0,0.0,0.0,0.0
A,R04,training,25,293,0,0.0,0.0,0.0,0.0
A,R04,training,25,294,0,0.0,0.0,0.0,0.0
A,R04,training,25,295,0,0.0,0.0,0.0,0.0
A,R04,training,25,296,0,0.0,0.0,0.0,0.0
A,R04,training,25,297,0,0.0,0.0,0.0,0.0
A,R04,training,25,298,0,0.0,0.0,0.0,0.0
A,R04,training,25,299,0,0.0,0.0,0.0,0.0
A,R04,training,25,300,0,0.0,0.0,0.0,0.0
A,R04,training,25,301,0,0.0,0.0,0.0,0.0
A,R04,training,25,302,0,0.0,0.0,0.0,0.0
A,R04,training,25,303,0,0.0,0.0,0.0,0.0
A,R04,training,25,304,0,0.0,0.0,0.0,0.0
A,R04,training,25,305,0,0.0,0.0,0.0,0.0
A,R04,training,25,306,0,0.0,0.0,0.0,0.0
A,R04,training,25,307,0,0.0,0.0,0.0,0.0
A,R04,training,25,308,0,0.0,0.0,0.0,0.0
A,R04,training,25,309,0,0.0,0.0,0.0,0.0
A,R04,training,25,310,0,0.0,0.0,0.0,0.0
A,R04,training,25,311,0,0.0,0.0,0.0,0.0
A,R04,training,25,312,0,0.0,0.0,0.0,0.0
A,R04,training,25,313,0,0.0,0.0,0.0,0.0
A,R04,training,25,314,0,0.0,0.0,0.0,0.0
A,R04,training,25,315,0,0.0,0.0,0.0,0.0
A,R04,training,25,316,0,0.0,0.0,0.0,0.0
A,R04,training,25,317,0,0.0,0.0,0.0,0.0
A,R04,training,25,318,0,0.0,0.0,0.0,0.0
A,R04,training,25,319,0,0.0,0.0,0.0,0.0
A,R04,training,25,320,0,0.0,0.0,0.0,0.0
A,R04,training,25,321,0,0.0,0.0,0.0,0.0
A,R04,training,25,322,0,0.0,0.0,0.0,0.0
A,R04,training,25,323,0,0.0,0.0,0.0,0.0
A,R04,training,25,324,0,0.0,0.0,0.0,0.0
A,R04,training,25,325,0,0.0,0.0,0.0,0.0
A,R04,training,25,326,0,0.0,0.0,0.0,0.0
A,R04,training,25,327,0,0.0,0.0,0.0,0.0
A,R04,training,25,328,0,0.0,0.0,0.0,0.0
A,R04,training,25,329,0,0.0,0.0,0.0,0.0
A,R04,training,25,330,0,0.0,0.0,0.0,0.0
A,R04,training,25,331,0,0.0,0.0,0.0,0.0
A,R04,training,25,332,0,0.0,0.0,0.0,0.0
A,R04,training,25,333,0,0.0,0.0,0.0,0.0
A,R04,training,25,334,0,0.0,0.0,0.0,0.0
A,R04,training,25,335,0,0.0,0.0,0.0,0.0
A,R04,training,25,336,0,0.0,0.0,0.0,0.0
A,R04,training,25,337,0,0.0,0.0,0.0,0.0
A,R04,training,25,338,0,0.0,0.0,0.0,0.0
A,R04,training,25,339,0,0.0,0.0,0.0,0.0
A,R04,training,25,340,0,0.0,0.0,0.0,0.0
A,R04,training,25,341,0,0.0,0.0,0.0,0.0
A,R04,training,25,342,0,0.0,0.0,0.0,0.0
A,R04,training,25,343,0,0.0,0.0,0.0,0.0
A,R04,training,25,344,0,0.0,0.0,0.0,0.0
A,R04,training,25,345,0,0.0,0.0,0.0,0.0
A,R04,training,25,346,0,0.0,0.0,0.0,0.0
A,R04,training,25,347,0,0.0,0.0,0.0,0.0
A,R04,training,25,348,0,0.0,0.0,0.0,0.0
A,R04,training,25,349,0,0.0,0.0,0.0,0.0
A,R04,training,25,350,0,0.0,0.0,0.0,0.0
A,R04,training,25,351,0,0.0,0.0,0.0,0.0
A,R04,training,25,352,0,0.0,0.0,0.0,0.0
A,R04,training,25,353,0,0.0,0.0,0.0,0.0
A,R04,training,25,354,0,0.0,0.0,0.0,0.0
A,R04,training,25,355,0,0.0,0.0,0.0,0.0
A,R04,training,25,356,0,0.0,0.0,0.0,0.0
A,R04,training,25,357,0,0.0,0.0,0.0,0.0
A,R04,training,25,358,0,0.0,0.0,0.0,0.0
A,R04,training,25,359,0,0.0,0.0,0.0,0.0
A,R04,training,25,360,0,0.0,0.0,0.0,0.0
A,R04,training,25,361,0,0.0,0.0,0.0,0.0
A,R04,training,25,362,0,0.0,0.0,0.0,0.0
A,R04,training,25,363,0,0.0,0.0,0.0,0.0
A,R04,training,25,364,0,0.0,0.0,0.0,0.0
A,R04,training,25,365,0,0.0,0.0,0.0,0.0
A,R04,training,25,366,0,0.0,0.0,0.0,0.0
A,R04,training,25,367,0,0.0,0.0,0.0,0.0
A,R04,training,25,368,0,0.0,0.0,0.0,0.0
A,R04,training,25,369,0,0.0,0.0,0.0,0.0
A,R04,training,25,370,0,0.0,0.0,0.0,0.0
A,R04,training,25,371,0,0.0,0.0,0.0,0.0
A,R04,training,25,372,0,0.0,0.0,0.0,0.0
A,R04,training,25,373,0,0.0,0.0,0.0,0.0
A,R04,training,25,374,0,0.0,0.0,0.0,0.0
A,R04,training,25,375,0,0.0,0.0,0.0,0.0
A,R04,training,25,376,0,0.0,0.0,0.0,0.0
A,R04,training,25,377,0,0.0,0.0,0.0,0.0
A,R04,training,25,378,0,0.0,0.0,0.0,0.0
A,R04,training,25,379,0,0.0,0.0,0.0,0.0
A,R04,training,25,380,0,0.0,0.0,0.0,0.0
A,R04,training,25,381,0,0.0,0.0,0.0,0.0
A,R04,training,25,382,0,0.0,0.0,0.0,0.0
A,R04,training,25,383,0,0.0,0.0,0.0,0.0
A,R04,training,25,384,0,0.0,0.0,0.0,0.0
A,R04,training,25,385,0,0.0,0.0,0.0,0.0
A,R04,training,25,386,0,0.0,0.0,0.0,0.0
A,R04,training,25,387,0,0.0,0.0,0.0,0.0
A,R04,training,25,388,0,0.0,0.0,0.0,0.0
A,R04,training,25,389,0,0.0,0.0,0.0,0.0
A,R04,training,25,390,0,0.0,0.0,0.0,0.0
A,R04,training,25,391,0,0.0,0.0,0.0,0.0
A,R04,training,25,392,0,0.0,0.0,0.0,0.0
A,R04,training,25,393,0,0.0,0.0,0.0,0.0
A,R04,training,25,394,0,0.0,0.0,0.0,0.0
A,R04,training,25,395,0,0.0,0.0,0.0,0.0
A,R04,training,25,396,0,0.0,0.0,0.0,0.0
A,R04,training,25,397,0,0.0,0.0,0.0,0.0
A,R04,training,25,398,0,0.0,0.0,0.0,0.0
A,R04,training,25,399,0,0.0,0.0,0.0,0.0
A,R04,training,25,400,0,0.0,0.0,0.0,0.0
A,R04,training,25,401,0,0.0,0.0,0.0,0.0
A,R04,training,25,402,0,0.0,0.0,0.0,0.0
B,R04,training,25,0,0,0.0,0.0,0.0,0.0
B,R04,training,25,1,0,0.0,0.0,0.0,0.0
B,R04,training,25,2,0,0.0,0.0,0.0,0.0
B,R04,training,25,3,0,0.0,0.0,0.0,0.0
B,R04,training,25,4,0,0.0,0.0,0.0,0.0
B,R04,training,25,5,0,0.0,0.0,0.0,0.0
B,R04,training,25,6,0,0.0,0.0,0.0,0.0
B,R04,training,25,7,0,0.0,0.0,0.0,0.0
B,R04,training,25,8,0,0.0,0.0,0.0,0.0
B,R04,training,25,9,0,0.0,0.0,0.0,0.0
B,R04,training,25,10,0,0.0,0.0,0.0,0.0
B,R04,training,25,11,0,0.0,0.0,0.0,0.0
B,R04,training,25,12,0,0.0,0.0,0.0,0.0
B,R04,training,25,13,0,0.0,0.0,0.0,0.0
B,R04,training,25,14,0,0.0,0.0,0.0,0.0
B,R04,training,25,15,0,0.0,0.0,0.0,0.0
B,R04,training,25,16,0,0.0,0.0,0.0,0.0
B,R04,training,25,17,0,0.0,0.0,0.0,0.0
B,R04,training,25,18,0,0.0,0.0,0.0,0.0
B,R04,training,25,19,0,0.0,0.0,0.0,0.0
B,R04,training,25,20,0,0.0,0.0,0.0,0.0
B,R04,training,25,21,0,0.0,0.0,0.0,0.0
B,R04,training,25,22,0,0.0,0.0,0.0,0.0
B,R04,training,25,23,0,0.0,0.0,0.0,0.0
B,R04,training,25,24,0,0.0,0.0,0.0,0.0
B,R04,training,25,25,0,0.0,0.0,0.0,0.0
B,R04,training,25,26,0,0.0,0.0,0.0,0.0
B,R04,training,25,27,0,0.0,0.0,0.0,0.0
B,R04,training,25,28,0,0.0,0.0,0.0,0.0
B,R04,training,25,29,0,0.0,0.0,0.0,0.0
B,R04,training,25,30,0,0.0,0.0,0.0,0.0
B,R04,training,25,31,0,0.0,0.0,0.0,0.0
B,R04,training,25,32,0,0.0,0.0,0.0,0.0
B,R04,training,25,33,0,0.0,0.0,0.0,0.0
B,R04,training,25,34,0,0.0,0.0,0.0,0.0
B,R04,training,25,35,0,0.0,0.0,0.0,0.0
B,R04,training,25,36,0,0.0,0.0,0.0,0.0
B,R04,training,25,37,0,0.0,0.0,0.0,0.0
B,R04,training,25,38,0,0.0,0.0,0.0,0.0
B,R04,training,25,39,0,0.0,0.0,0.0,0.0
B,R04,training,25,40,0,0.0,0.0,0.0,0.0
B,R04,training,25,41,0,0.0,0.0,0.0,0.0
B,R04,training,25,42,0,0.0,0.0,0.0,0.0
B,R04,training,25,43,0,0.0,0.0,0.0,0.0
B,R04,training,25,44,0,0.0,0.0,0.0,0.0
B,R04,training,25,45,0,0.0,0.0,0.0,0.0
B,R04,training,25,46,0,0.0,0.0,0.0,0.0
B,R04,training,25,47,0,0.0,0.0,0.0,0.0
B,R04,training,25,48,0,0.0,0.0,0.0,0.0
B,R04,training,25,49,0,0.0,0.0,0.0,0.0
B,R04,training,25,50,0,0.0,0.0,0.0,0.0
B,R04,training,25,51,0,0.0,0.0,0.0,0.0
B,R04,training,25,52,0,0.0,0.0,0.0,0.0
B,R04,training,25,53,0,0.0,0.0,0.0,0.0
B,R04,training,25,54,0,0.0,0.0,0.0,0.0
B,R04,training,25,55,0,0.0,0.0,0.0,0.0
B,R04,training,25,56,0,0.0,0.0,0.0,0.0
B,R04,training,25,57,0,0.0,0.0,0.0,0.0
B,R04,training,25,58,0,0.0,0.0,0.0,0.0
B,R04,training,25,59,0,0.0,0.0,0.0,0.0
B,R04,training,25,60,0,0.0,0.0,0.0,0.0
B,R04,training,25,61,0,0.0,0.0,0.0,0.0
B,R04,training,25,62,0,0.0,0.0,0.0,0.0
B,R04,training,25,63,0,0.0,0.0,0.0,0.0
B,R04,training,25,64,0,0.0,0.0,0.0,0.0
B,R04,training,25,65,0,0.0,0.0,0.0,0.0
B,R04,training,25,66,0,0.0,0.0,0.0,0.0
B,R04,training,25,67,0,0.0,0.0,0.0,0.0
B,R04,training,25,68,0,0.0,0.0,0.0,0.0
B,R04,training,25,69,0,0.0,0.0,0.0,0.0
B,R04,training,25,70,0,0.0,0.0,0.0,0.0
B,R04,training,25,71,0,0.0,0.0,0.0,0.0
B,R04,training,25,72,0,0.0,0.0,0.0,0.0
B,R04,training,25,73,0,0.0,0.0,0.0,0.0
B,R04,training,25,74,0,0.0,0.0,0.0,0.0
B,R04,training,25,75,0,0.0,0.0,0.0,0.0
B,R04,training,25,76,0,0.0,0.0,0.0,0.0
B,R04,training,25,77,0,0.0,0.0,0.0,0.0
B,R04,training,25,78,0,0.0,0.0,0.0,0.0
B,R04,training,25,79,0,0.0,0.0,0.0,0.0
B,R04,training,25,80,0,0.0,0.0,0.0,0.0
B,R04,training,25,81,0,0.0,0.0,0.0,0.0
B,R04,training,25,82,0,0.0,0.0,0.0,0.0
B,R04,training,25,83,0,0.0,0.0,0.0,0.0
B,R04,training,25,84,0,0.0,0.0,0.0,0.0
B,R04,training,25,85,0,0.0,0.0,0.0,0.0
B,R04,training,25,86,0,0.0,0.0,0.0,0.0
B,R04,training,25,87,0,0.0,0.0,0.0,0.0
B,R04,training,25,88,0,0.0,0.0,0.0,0.0
B,R04,training,25,89,0,0.0,0.0,0.0,0.0
B,R04,training,25,90,0,0.0,0.0,0.0,0.0
B,R04,training,25,91,0,0.0,0.0,0.0,0.0
B,R04,training,25,92,0,0.0,0.0,0.0,0.0
B,R04,training,25,93,0,0.0,0.0,0.0,0.0
B,R04,training,25,94,0,0.0,0.0,0.0,0.0
B,R04,training,25,95,0,0.0,0.0,0.0,0.0
B,R04,training,25,96,0,0.0,0.0,0.0,0.0
B,R04,training,25,97,0,0.0,0.0,0.0,0.0
B,R04,training,25,98,0,0.0,0.0,0.0,0.0
B,R04,training,25,99,0,0.0,0.0,0.0,0.0
B,R04,training,25,100,0,0.0,0.0,0.0,0.0
B,R04,training,25,101,0,0.0,0.0,0.0,0.0
B,R04,training,25,102,0,0.0,0.0,0.0,0.0
B,R04,training,25,103,0,0.0,0.0,0.0,0.0
B,R04,training,25,104,0,0.0,0.0,0.0,0.0
B,R04,training,25,105,0,0.0,0.0,0.0,0.0
B,R04,training,25,106,0,0.0,0.0,0.0,0.0
B,R04,training,25,107,0,0.0,0.0,0.0,0.0
B,R04,training,25,108,0,0.0,0.0,0.0,0.0
B,R04,training,25,109,0,0.0,0.0,0.0,0.0
B,R04,training,25,110,0,0.0,0.0,0.0,0.0
B,R04,training,25,111,0,0.0,0.0,0.0,0.0
B,R04,training,25,112,0,0.0,0.0,0.0,0.0
B,R04,training,25,113,0,0.0,0.0,0.0,0.0
B,R04,training,25,114,0,0.0,0.0,0.0,0.0
B,R04,training,25,115,0,0.0,0.0,0.0,0.0
B,R04,training,25,116,0,0.0,0.0,0.0,0.0
B,R04,training,25,117,0,0.0,0.0,0.0,0.0
B,R04,training,25,118,0,0.0,0.0,0.0,0.0
B,R04,training,25,119,0,0.0,0.0,0.0,0.0
B,R04,training,25,120,0,0.0,0.0,0.0,0.0
B,R04,training,25,121,0,0.0,0.0,0.0,0.0
B,R04,training,25,122,0,0.0,0.0,0.0,0.0
B,R04,training,25,123,0,0.0,0.0,0.0,0.0
B,R04,training,25,124,0,0.0,0.0,0.0,0.0
B,R04,training,25,125,0,0.0,0.0,0.0,0.0
B,R04,training,25,126,0,0.0,0.0,0.0,0.0
B,R04,training,25,127,0,0.0,0.0,0.0,0.0
B,R04,training,25,128,0,0.0,0.0,0.0,0.0
B,R04,training,25,129,0,0.0,0.0,0.0,0.0
B,R04,training,25,130,0,0.0,0.0,0.0,0.0
B,R04,training,25,131,0,0.0,0.0,0.0,0.0
B,R04,training,25,132,0,0.0,0.0,0.0,0.0
B,R04,training,25,133,0,0.0,0.0,0.0,0.0
B,R04,training,25,134,0,0.0,0.0,0.0,0.0
B,R04,training,25,135,0,0.0,0.0,0.0,0.0
B,R04,training,25,136,0,0.0,0.0,0.0,0.0
B,R04,training,25,137,0,0.0,0.0,0.0,0.0
B,R04,training,25,138,0,0.0,0.0,0.0,0.0
B,R04,training,25,139,0,0.0,0.0,0.0,0.0
B,R04,training,25,140,0,0.0,0.0,0.0,0.0
B,R04,training,25,141,0,0.0,0.0,0.0,0.0
B,R04,training,25,142,0,0.0,0.0,0.0,0.0
B,R04,training,25,143,0,0.0,0.0,0.0,0.0
B,R04,training,25,144,0,0.0,0.0,0.0,0.0
B,R04,training,25,145,0,0.0,0.0,0.0,0.0
B,R04,training,25,146,0,0.0,0.0,0.0,0.0
B,R04,training,25,147,0,0.0,0.0,0.0,0.0
B,R04,training,25,148,0,0.0,0.0,0.0,0.0
B,R04,training,25,149,0,0.0,0.0,0.0,0.0
B,R04,training,25,150,0,0.0,0.0,0.0,0.0
B,R04,training,25,151,0,0.0,0.0,0.0,0.0
B,R04,training,25,152,0,0.0,0.0,0.0,0.0
B,R04,training,25,153,0,0.0,0.0,0.0,0.0
B,R04,training,25,154,0,0.0,0.0,0.0,0.0
B,R04,training,25,155,0,0.0,0.0,0.0,0.0
B,R04,training,25,156,0,0.0,0.0,0.0,0.0
B,R04,training,25,157,0,0.0,0.0,0.0,0.0
B,R04,training,25,158,0,0.0,0.0,0.0,0.0
B,R04,training,25,159,0,0.0,0.0,0.0,0.0
B,R04,training,25,160,0,0.0,0.0,0.0,0.0
B,R04,training,25,161,0,0.0,0.0,0.0,0.0
B,R04,training,25,162,0,0.0,0.0,0.0,0.0
B,R04,training,25,163,0,0.0,0.0,0.0,0.0
B,R04,training,25,164,0,0.0,0.0,0.0,0.0
B,R04,training,25,165,0,0.0,0.0,0.0,0.0
B,R04,training,25,166,0,0.0,0.0,0.0,0.0
B,R04,training,25,167,0,0.0,0.0,0.0,0.0
B,R04,training,25,168,0,0.0,0.0,0.0,0.0
B,R04,training,25,169,0,0.0,0.0,0.0,0.0
B,R04,training,25,170,0,0.0,0.0,0.0,0.0
B,R04,training,25,171,0,0.0,0.0,0.0,0.0
B,R04,training,25,172,0,0.0,0.0,0.0,0.0
B,R04,training,25,173,0,0.0,0.0,0.0,0.0
B,R04,training,25,174,0,0.0,0.0,0.0,0.0
B,R04,training,25,175,0,0.0,0.0,0.0,0.0
B,R04,training,25,176,0,0.0,0.0,0.0,0.0
B,R04,training,25,177,0,0.0,0.0,0.0,0.0
B,R04,training,25,178,0,0.0,0.0,0.0,0.0
B,R04,training,25,179,0,0.0,0.0,0.0,0.0
B,R04,training,25,180,0,0.0,0.0,0.0,0.0
B,R04,training,25,181,0,0.0,0.0,0.0,0.0
B,R04,training,25,182,0,0.0,0.0,0.0,0.0
B,R04,training,25,183,0,0.0,0.0,0.0,0.0
B,R04,training,25,184,0,0.0,0.0,0.0,0.0
B,R04,training,25,185,0,0.0,0.0,0.0,0.0
B,R04,training,25,186,0,0.0,0.0,0.0,0.0
B,R04,training,25,187,0,0.0,0.0,0.0,0.0
B,R04,training,25,188,0,0.0,0.0,0.0,0.0
B,R04,training,25,189,0,0.0,0.0,0.0,0.0
B,R04,training,25,190,0,0.0,0.0,0.0,0.0
B,R04,training,25,191,0,0.0,0.0,0.0,0.0
B,R04,training,25,192,0,0.0,0.0,0.0,0.0
B,R04,training,25,193,0,0.0,0.0,0.0,0.0
B,R04,training,25,194,0,0.0,0.0,0.0,0.0
B,R04,training,25,195,0,0.0,0.0,0.0,0.0
B,R04,training,25,196,0,0.0,0.0,0.0,0.0
B,R04,training,25,197,0,0.0,0.0,0.0,0.0
B,R04,training,25,198,0,0.0,0.0,0.0,0.0
B,R04,training,25,199,0,0.0,0.0,0.0,0.0
B,R04,training,25,200,0,0.0,0.0,0.0,0.0
B,R04,training,25,201,0,0.0,0.0,0.0,0.0
B,R04,training,25,202,0,0.0,0.0,0.0,0.0
B,R04,training,25,203,0,0.0,0.0,0.0,0.0
B,R04,training,25,204,0,0.0,0.0,0.0,0.0
B,R04,training,25,205,0,0.0,0.0,0.0,0.0
B,R04,training,25,206,0,0.0,0.0,0.0,0.0
B,R04,training,25,207,0,0.0,0.0,0.0,0.0
B,R04,training,25,208,0,0.0,0.0,0.0,0.0
B,R04,training,25,209,0,0.0,0.0,0.0,0.0
B,R04,training,25,210,0,0.0,0.0,0.0,0.0
B,R04,training,25,211,0,0.0,0.0,0.0,0.0
B,R04,training,25,212,0,0.0,0.0,0.0,0.0
B,R04,training,25,213,0,0.0,0.0,0.0,0.0
B,R04,training,25,214,0,0.0,0.0,0.0,0.0
B,R04,training,25,215,0,0.0,0.0,0.0,0.0
B,R04,training,25,216,0,0.0,0.0,0.0,0.0
B,R04,training,25,217,0,0.0,0.0,0.0,0.0
B,R04,training,25,218,0,0.0,0.0,0.0,0.0
B,R04,training,25,219,0,0.0,0.0,0.0,0.0
B,R04,training,25,220,0,0.0,0.0,0.0,0.0
B,R04,training,25,221,0,0.0,0.0,0.0,0.0
B,R04,training,25,222,0,0.0,0.0,0.0,0.0
B,R04,training,25,223,0,0.0,0.0,0.0,0.0
B,R04,training,25,224,0,0.0,0.0,0.0,0.0
B,R04,training,25,225,0,0.0,0.0,0.0,0.0
B,R04,training,25,226,0,0.0,0.0,0.0,0.0
B,R04,training,25,227,0,0.0,0.0,0.0,0.0
B,R04,training,25,228,0,0.0,0.0,0.0,0.0
B,R04,training,25,229,0,0.0,0.0,0.0,0.0
B,R04,training,25,230,0,0.0,0.0,0.0,0.0
B,R04,training,25,231,0,0.0,0.0,0.0,0.0
B,R04,training,25,232,0,0.0,0.0,0.0,0.0
B,R04,training,25,233,0,0.0,0.0,0.0,0.0
B,R04,training,25,234,0,0.0,0.0,0.0,0.0
B,R04,training,25,235,0,0.0,0.0,0.0,0.0
B,R04,training,25,236,0,0.0,0.0,0.0,0.0
B,R04,training,25,237,0,0.0,0.0,0.0,0.0
B,R04,training,25,238,0,0.0,0.0,0.0,0.0
B,R04,training,25,239,0,0.0,0.0,0.0,0.0
B,R04,training,25,240,0,0.0,0.0,0.0,0.0
B,R04,training,25,241,0,0.0,0.0,0.0,0.0
B,R04,training,25,242,0,0.0,0.0,0.0,0.0
B,R04,training,25,243,0,0.0,0.0,0.0,0.0
B,R04,training,25,244,0,0.0,0.0,0.0,0.0
B,R04,training,25,245,0,0.0,0.0,0.0,0.0
B,R04,training,25,246,0,0.0,0.0,0.0,0.0
B,R04,training,25,247,0,0.0,0.0,0.0,0.0
B,R04,training,25,248,0,0.0,0.0,0.0,0.0
B,R04,training,25,249,0,0.0,0.0,0.0,0.0
B,R04,training,25,250,0,0.0,0.0,0.0,0.0
B,R04,training,25,251,0,0.0,0.0,0.0,0.0
B,R04,training,25,252,0,0.0,0.0,0.0,0.0
B,R04,training,25,253,0,0.0,0.0,0.0,0.0
B,R04,training,25,254,0,0.0,0.0,0.0,0.0
B,R04,training,25,255,0,0.0,0.0,0.0,0.0
B,R04,training,25,256,0,0.0,0.0,0.0,0.0
B,R04,training,25,257,0,0.0,0.0,0.0,0.0
B,R04,training,25,258,0,0.0,0.0,0.0,0.0
B,R04,training,25,259,0,0.0,0.0,0.0,0.0
B,R04,training,25,260,0,0.0,0.0,0.0,0.0
B,R04,training,25,261,0,0.0,0.0,0.0,0.0
B,R04,training,25,262,0,0.0,0.0,0.0,0.0
B,R04,training,25,263,0,0.0,0.0,0.0,0.0
B,R04,training,25,264,0,0.0,0.0,0.0,0.0
B,R04,training,25,265,0,0.0,0.0,0.0,0.0
B,R04,training,25,266,0,0.0,0.0,0.0,0.0
B,R04,training,25,267,0,0.0,0.0,0.0,0.0
B,R04,training,25,268,0,0.0,0.0,0.0,0.0
B,R04,training,25,269,0,0.0,0.0,0.0,0.0
B,R04,training,25,270,0,0.0,0.0,0.0,0.0
B,R04,training,25,271,0,0.0,0.0,0.0,0.0
B,R04,training,25,272,0,0.0,0.0,0.0,0.0
B,R04,training,25,273,0,0.0,0.0,0.0,0.0
B,R04,training,25,274,0,0.0,0.0,0.0,0.0
B,R04,training,25,275,0,0.0,0.0,0.0,0.0
B,R04,training,25,276,0,0.0,0.0,0.0,0.0
B,R04,training,25,277,0,0.0,0.0,0.0,0.0
B,R04,training,25,278,0,0.0,0.0,0.0,0.0
B,R04,training,25,279,0,0.0,0.0,0.0,0.0
B,R04,training,25,280,0,0.0,0.0,0.0,0.0
B,R04,training,25,281,0,0.0,0.0,0.0,0.0
B,R04,training,25,282,0,0.0,0.0,0.0,0.0
B,R04,training,25,283,0,0.0,0.0,0.0,0.0
B,R04,training,25,284,0,0.0,0.0,0.0,0.0
B,R04,training,25,285,0,0.0,0.0,0.0,0.0
B,R04,training,25,286,0,0.0,0.0,0.0,0.0
B,R04,training,25,287,0,0.0,0.0,0.0,0.0
B,R04,training,25,288,0,0.0,0.0,0.0,0.0
B,R04,training,25,289,0,0.0,0.0,0.0,0.0
B,R04,training,25,290,0,0.0,0.0,0.0,0.0
B,R04,training,25,291,0,0.0,0.0,0.0,0.0
B,R04,training,25,292,0,0.0,0.0,0.0,0.0
B,R04,training,25,293,0,0.0,0.0,0.0,0.0
B,R04,training,25,294,0,0.0,0.0,0.0,0.0
B,R04,training,25,295,0,0.0,0.0,0.0,0.0
B,R04,training,25,296,0,0.0,0.0,0.0,0.0
B,R04,training,25,297,0,0.0,0.0,0.0,0.0
B,R04,training,25,298,0,0.0,0.0,0.0,0.0
B,R04,training,25,299,0,0.0,0.0,0.0,0.0
B,R04,training,25,300,0,0.0,0.0,0.0,0.0
B,R04,training,25,301,0,0.0,0.0,0.0,0.0
B,R04,training,25,302,0,0.0,0.0,0.0,0.0
B,R04,training,25,303,0,0.0,0.0,0.0,0.0
B,R04,training,25,304,0,0.0,0.0,0.0,0.0
B,R04,training,25,305,0,0.0,0.0,0.0,0.0
B,R04,training,25,306,0,0.0,0.0,0.0,0.0
B,R04,training,25,307,0,0.0,0.0,0.0,0.0
B,R04,training,25,308,0,0.0,0.0,0.0,0.0
B,R04,training,25,309,0,0.0,0.0,0.0,0.0
B,R04,training,25,310,0,0.0,0.0,0.0,0.0
B,R04,training,25,311,0,0.0,0.0,0.0,0.0
B,R04,training,25,312,0,0.0,0.0,0.0,0.0
B,R04,training,25,313,0,0.0,0.0,0.0,0.0
B,R04,training,25,314,0,0.0,0.0,0.0,0.0
B,R04,training,25,315,0,0.0,0.0,0.0,0.0
B,R04,training,25,316,0,0.0,0.0,0.0,0.0
B,R04,training,25,317,0,0.0,0.0,0.0,0.0
B,R04,training,25,318,0,0.0,0.0,0.0,0.0
B,R04,training,25,319,0,0.0,0.0,0.0,0.0
B,R04,training,25,320,0,0.0,0.0,0.0,0.0
B,R04,training,25,321,0,0.0,0.0,0.0,0.0
B,R04,training,25,322,0,0.0,0.0,0.0,0.0
B,R04,training,25,323,0,0.0,0.0,0.0,0.0
B,R04,training,25,324,0,0.0,0.0,0.0,0.0
B,R04,training,25,325,0,0.0,0.0,0.0,0.0
B,R04,training,25,326,0,0.0,0.0,0.0,0.0
B,R04,training,25,327,0,0.0,0.0,0.0,0.0
B,R04,training,25,328,0,0.0,0.0,0.0,0.0
B,R04,training,25,329,0,0.0,0.0,0.0,0.0
B,R04,training,25,330,0,0.0,0.0,0.0,0.0
B,R04,training,25,331,0,0.0,0.0,0.0,0.0
B,R04,training,25,332,0,0.0,0.0,0.0,0.0
B,R04,training,25,333,0,0.0,0.0,0.0,0.0
B,R04,training,25,334,0,0.0,0.0,0.0,0.0
B,R04,training,25,335,0,0.0,0.0,0.0,0.0
B,R04,training,25,336,0,0.0,0.0,0.0,0.0
B,R04,training,25,337,0,0.0,0.0,0.0,0.0
B,R04,training,25,338,0,0.0,0.0,0.0,0.0
B,R04,training,25,339,0,0.0,0.0,0.0,0.0
B,R04,training,25,340,0,0.0,0.0,0.0,0.0
B,R04,training,25,341,0,0.0,0.0,0.0,0.0
B,R04,training,25,342,0,0.0,0.0,0.0,0.0
B,R04,training,25,343,0,0.0,0.0,0.0,0.0
B,R04,training,25,344,0,0.0,0.0,0.0,0.0
B,R04,training,25,345,0,0.0,0.0,0.0,0.0
B,R04,training,25,346,0,0.0,0.0,0.0,0.0
B,R04,training,25,347,0,0.0,0.0,0.0,0.0
B,R04,training,25,348,0,0.0,0.0,0.0,0.0
B,R04,training,25,349,0,0.0,0.0,0.0,0.0
B,R04,training,25,350,0,0.0,0.0,0.0,0.0
B,R04,training,25,351,0,0.0,0.0,0.0,0.0
B,R04,training,25,352,0,0.0,0.0,0.0,0.0
B,R04,training,25,353,0,0.0,0.0,0.0,0.0
B,R04,training,25,354,0,0.0,0.0,0.0,0.0
B,R04,training,25,355,0,0.0,0.0,0.0,0.0
B,R04,training,25,356,0,0.0,0.0,0.0,0.0
B,R04,training,25,357,0,0.0,0.0,0.0,0.0
B,R04,training,25,358,0,0.0,0.0,0.0,0.0
B,R04,training,25,359,0,0.0,0.0,0.0,0.0
B,R04,training,25,360,0,0.0,0.0,0.0,0.0
B,R04,training,25,361,0,0.0,0.0,0.0,0.0
B,R04,training,25,362,0,0.0,0.0,0.0,0.0
B,R04,training,25,363,0,0.0,0.0,0.0,0.0
B,R04,training,25,364,0,0.0,0.0,0.0,0.0
B,R04,training,25,365,0,0.0,0.0,0.0,0.0
B,R04,training,25,366,0,0.0,0.0,0.0,0.0
B,R04,training,25,367,0,0.0,0.0,0.0,0.0
B,R04,training,25,368,0,0.0,0.0,0.0,0.0
B,R04,training,25,369,0,0.0,0.0,0.0,0.0
B,R04,training,25,370,0,0.0,0.0,0.0,0.0
B,R04,training,25,371,0,0.0,0.0,0.0,0.0
B,R04,training,25,372,0,0.0,0.0,0.0,0.0
B,R04,training,25,373,0,0.0,0.0,0.0,0.0
B,R04,training,25,374,0,0.0,0.0,0.0,0.0
B,R04,training,25,375,0,0.0,0.0,0.0,0.0
B,R04,training,25,376,0,0.0,0.0,0.0,0.0
B,R04,training,25,377,0,0.0,0.0,0.0,0.0
B,R04,training,25,378,0,0.0,0.0,0.0,0.0
B,R04,training,25,379,0,0.0,0.0,0.0,0.0
B,R04,training,25,380,0,0.0,0.0,0.0,0.0
B,R04,training,25,381,0,0.0,0.0,0.0,0.0
B,R04,training,25,382,0,0.0,0.0,0.0,0.0
B,R04,training,25,383,0,0.0,0.0,0.0,0.0
B,R04,training,25,384,0,0.0,0.0,0.0,0.0
B,R04,training,25,385,0,0.0,0.0,0.0,0.0
B,R04,training,25,386,0,0.0,0.0,0.0,0.0
B,R04,training,25,387,0,0.0,0.0,0.0,0.0
B,R04,training,25,388,0,0.0,0.0,0.0,0.0
B,R04,training,25,389,0,0.0,0.0,0.0,0.0
B,R04,training,25,390,0,0.0,0.0,0.0,0.0
B,R04,training,25,391,0,0.0,0.0,0.0,0.0
B,R04,training,25,392,0,0.0,0.0,0.0,0.0
B,R04,training,25,393,0,0.0,0.0,0.0,0.0
B,R04,training,25,394,0,0.0,0.0,0.0,0.0
B,R04,training,25,395,0,0.0,0.0,0.0,0.0
B,R04,training,25,396,0,0.0,0.0,0.0,0.0
B,R04,training,25,397,0,0.0,0.0,0.0,0.0
B,R04,training,25,398,0,0.0,0.0,0.0,0.0
B,R04,training,25,399,0,0.0,0.0,0.0,0.0
B,R04,training,25,400,0,0.0,0.0,0.0,0.0
B,R04,training,25,401,0,0.0,0.0,0.0,0.0
B,R04,training,25,402,0,0.0,0.0,0.0,0.0
C,R04,training,25,0,0,0.0,0.0,0.0,0.0
C,R04,training,25,1,0,0.0,0.0,0.0,0.0
C,R04,training,25,2,0,0.0,0.0,0.0,0.0
C,R04,training,25,3,0,0.0,0.0,0.0,0.0
C,R04,training,25,4,0,0.0,0.0,0.0,0.0
C,R04,training,25,5,0,0.0,0.0,0.0,0.0
C,R04,training,25,6,0,0.0,0.0,0.0,0.0
C,R04,training,25,7,0,0.0,0.0,0.0,0.0
C,R04,training,25,8,0,0.0,0.0,0.0,0.0
C,R04,training,25,9,0,0.0,0.0,0.0,0.0
C,R04,training,25,10,0,0.0,0.0,0.0,0.0
C,R04,training,25,11,0,0.0,0.0,0.0,0.0
C,R04,training,25,12,0,0.0,0.0,0.0,0.0
C,R04,training,25,13,0,0.0,0.0,0.0,0.0
C,R04,training,25,14,0,0.0,0.0,0.0,0.0
C,R04,training,25,15,0,0.0,0.0,0.0,0.0
C,R04,training,25,16,0,0.0,0.0,0.0,0.0
C,R04,training,25,17,0,0.0,0.0,0.0,0.0
C,R04,training,25,18,0,0.0,0.0,0.0,0.0
C,R04,training,25,19,0,0.0,0.0,0.0,0.0
C,R04,training,25,20,0,0.0,0.0,0.0,0.0
C,R04,training,25,21,0,0.0,0.0,0.0,0.0
C,R04,training,25,22,0,0.0,0.0,0.0,0.0
C,R04,training,25,23,0,0.0,0.0,0.0,0.0
C,R04,training,25,24,0,0.0,0.0,0.0,0.0
C,R04,training,25,25,0,0.0,0.0,0.0,0.0
C,R04,training,25,26,0,0.0,0.0,0.0,0.0
C,R04,training,25,27,0,0.0,0.0,0.0,0.0
C,R04,training,25,28,0,0.0,0.0,0.0,0.0
C,R04,training,25,29,0,0.0,0.0,0.0,0.0
C,R04,training,25,30,0,0.0,0.0,0.0,0.0
C,R04,training,25,31,0,0.0,0.0,0.0,0.0
C,R04,training,25,32,0,0.0,0.0,0.0,0.0
C,R04,training,25,33,0,0.0,0.0,0.0,0.0
C,R04,training,25,34,0,0.0,0.0,0.0,0.0
C,R04,training,25,35,0,0.0,0.0,0.0,0.0
C,R04,training,25,36,0,0.0,0.0,0.0,0.0
C,R04,training,25,37,0,0.0,0.0,0.0,0.0
C,R04,training,25,38,0,0.0,0.0,0.0,0.0
C,R04,training,25,39,0,0.0,0.0,0.0,0.0
C,R04,training,25,40,0,0.0,0.0,0.0,0.0
C,R04,training,25,41,0,0.0,0.0,0.0,0.0
C,R04,training,25,42,0,0.0,0.0,0.0,0.0
C,R04,training,25,43,0,0.0,0.0,0.0,0.0
C,R04,training,25,44,0,0.0,0.0,0.0,0.0
C,R04,training,25,45,0,0.0,0.0,0.0,0.0
C,R04,training,25,46,0,0.0,0.0,0.0,0.0
C,R04,training,25,47,0,0.0,0.0,0.0,0.0
C,R04,training,25,48,0,0.0,0.0,0.0,0.0
C,R04,training,25,49,0,0.0,0.0,0.0,0.0
C,R04,training,25,50,0,0.0,0.0,0.0,0.0
C,R04,training,25,51,0,0.0,0.0,0.0,0.0
C,R04,training,25,52,0,0.0,0.0,0.0,0.0
C,R04,training,25,53,0,0.0,0.0,0.0,0.0
C,R04,training,25,54,0,0.0,0.0,0.0,0.0
C,R04,training,25,55,0,0.0,0.0,0.0,0.0
C,R04,training,25,56,0,0.0,0.0,0.0,0.0
C,R04,training,25,57,0,0.0,0.0,0.0,0.0
C,R04,training,25,58,0,0.0,0.0,0.0,0.0
C,R04,training,25,59,0,0.0,0.0,0.0,0.0
C,R04,training,25,60,0,0.0,0.0,0.0,0.0
C,R04,training,25,61,0,0.0,0.0,0.0,0.0
C,R04,training,25,62,0,0.0,0.0,0.0,0.0
C,R04,training,25,63,0,0.0,0.0,0.0,0.0
C,R04,training,25,64,0,0.0,0.0,0.0,0.0
C,R04,training,25,65,0,0.0,0.0,0.0,0.0
C,R04,training,25,66,0,0.0,0.0,0.0,0.0
C,R04,training,25,67,0,0.0,0.0,0.0,0.0
C,R04,training,25,68,0,0.0,0.0,0.0,0.0
C,R04,training,25,69,0,0.0,0.0,0.0,0.0
C,R04,training,25,70,0,0.0,0.0,0.0,0.0
C,R04,training,25,71,0,0.0,0.0,0.0,0.0
C,R04,training,25,72,0,0.0,0.0,0.0,0.0
C,R04,training,25,73,0,0.0,0.0,0.0,0.0
C,R04,training,25,74,0,0.0,0.0,0.0,0.0
C,R04,training,25,75,0,0.0,0.0,0.0,0.0
C,R04,training,25,76,0,0.0,0.0,0.0,0.0
C,R04,training,25,77,0,0.0,0.0,0.0,0.0
C,R04,training,25,78,0,0.0,0.0,0.0,0.0
C,R04,training,25,79,0,0.0,0.0,0.0,0.0
C,R04,training,25,80,0,0.0,0.0,0.0,0.0
C,R04,training,25,81,0,0.0,0.0,0.0,0.0
C,R04,training,25,82,0,0.0,0.0,0.0,0.0
C,R04,training,25,83,0,0.0,0.0,0.0,0.0
C,R04,training,25,84,0,0.0,0.0,0.0,0.0
C,R04,training,25,85,0,0.0,0.0,0.0,0.0
C,R04,training,25,86,0,0.0,0.0,0.0,0.0
C,R04,training,25,87,0,0.0,0.0,0.0,0.0
C,R04,training,25,88,0,0.0,0.0,0.0,0.0
C,R04,training,25,89,0,0.0,0.0,0.0,0.0
C,R04,training,25,90,0,0.0,0.0,0.0,0.0
C,R04,training,25,91,0,0.0,0.0,0.0,0.0
C,R04,training,25,92,0,0.0,0.0,0.0,0.0
C,R04,training,25,93,0,0.0,0.0,0.0,0.0
C,R04,training,25,94,0,0.0,0.0,0.0,0.0
C,R04,training,25,95,0,0.0,0.0,0.0,0.0
C,R04,training,25,96,0,0.0,0.0,0.0,0.0
C,R04,training,25,97,0,0.0,0.0,0.0,0.0
C,R04,training,25,98,0,0.0,0.0,0.0,0.0
C,R04,training,25,99,0,0.0,0.0,0.0,0.0
C,R04,training,25,100,0,0.0,0.0,0.0,0.0
C,R04,training,25,101,0,0.0,0.0,0.0,0.0
C,R04,training,25,102,0,0.0,0.0,0.0,0.0
C,R04,training,25,103,0,0.0,0.0,0.0,0.0
C,R04,training,25,104,0,0.0,0.0,0.0,0.0
C,R04,training,25,105,0,0.0,0.0,0.0,0.0
C,R04,training,25,106,0,0.0,0.0,0.0,0.0
C,R04,training,25,107,0,0.0,0.0,0.0,0.0
C,R04,training,25,108,0,0.0,0.0,0.0,0.0
C,R04,training,25,109,0,0.0,0.0,0.0,0.0
C,R04,training,25,110,0,0.0,0.0,0.0,0.0
C,R04,training,25,111,0,0.0,0.0,0.0,0.0
C,R04,training,25,112,0,0.0,0.0,0.0,0.0
C,R04,training,25,113,0,0.0,0.0,0.0,0.0
C,R04,training,25,114,0,0.0,0.0,0.0,0.0
C,R04,training,25,115,0,0.0,0.0,0.0,0.0
C,R04,training,25,116,0,0.0,0.0,0.0,0.0
C,R04,training,25,117,0,0.0,0.0,0.0,0.0
C,R04,training,25,118,0,0.0,0.0,0.0,0.0
C,R04,training,25,119,0,0.0,0.0,0.0,0.0
C,R04,training,25,120,0,0.0,0.0,0.0,0.0
C,R04,training,25,121,0,0.0,0.0,0.0,0.0
C,R04,training,25,122,0,0.0,0.0,0.0,0.0
C,R04,training,25,123,0,0.0,0.0,0.0,0.0
C,R04,training,25,124,0,0.0,0.0,0.0,0.0
C,R04,training,25,125,0,0.0,0.0,0.0,0.0
C,R04,training,25,126,0,0.0,0.0,0.0,0.0
C,R04,training,25,127,0,0.0,0.0,0.0,0.0
C,R04,training,25,128,0,0.0,0.0,0.0,0.0
C,R04,training,25,129,0,0.0,0.0,0.0,0.0
C,R04,training,25,130,0,0.0,0.0,0.0,0.0
C,R04,training,25,131,0,0.0,0.0,0.0,0.0
C,R04,training,25,132,0,0.0,0.0,0.0,0.0
C,R04,training,25,133,0,0.0,0.0,0.0,0.0
C,R04,training,25,134,0,0.0,0.0,0.0,0.0
C,R04,training,25,135,0,0.0,0.0,0.0,0.0
C,R04,training,25,136,0,0.0,0.0,0.0,0.0
C,R04,training,25,137,0,0.0,0.0,0.0,0.0
C,R04,training,25,138,0,0.0,0.0,0.0,0.0
C,R04,training,25,139,0,0.0,0.0,0.0,0.0
C,R04,training,25,140,0,0.0,0.0,0.0,0.0
C,R04,training,25,141,0,0.0,0.0,0.0,0.0
C,R04,training,25,142,0,0.0,0.0,0.0,0.0
C,R04,training,25,143,0,0.0,0.0,0.0,0.0
C,R04,training,25,144,0,0.0,0.0,0.0,0.0
C,R04,training,25,145,0,0.0,0.0,0.0,0.0
C,R04,training,25,146,0,0.0,0.0,0.0,0.0
C,R04,training,25,147,0,0.0,0.0,0.0,0.0
C,R04,training,25,148,0,0.0,0.0,0.0,0.0
C,R04,training,25,149,0,0.0,0.0,0.0,0.0
C,R04,training,25,150,0,0.0,0.0,0.0,0.0
C,R04,training,25,151,0,0.0,0.0,0.0,0.0
C,R04,training,25,152,0,0.0,0.0,0.0,0.0
C,R04,training,25,153,0,0.0,0.0,0.0,0.0
C,R04,training,25,154,0,0.0,0.0,0.0,0.0
C,R04,training,25,155,0,0.0,0.0,0.0,0.0
C,R04,training,25,156,0,0.0,0.0,0.0,0.0
C,R04,training,25,157,0,0.0,0.0,0.0,0.0
C,R04,training,25,158,0,0.0,0.0,0.0,0.0
C,R04,training,25,159,0,0.0,0.0,0.0,0.0
C,R04,training,25,160,0,0.0,0.0,0.0,0.0
C,R04,training,25,161,0,0.0,0.0,0.0,0.0
C,R04,training,25,162,0,0.0,0.0,0.0,0.0
C,R04,training,25,163,0,0.0,0.0,0.0,0.0
C,R04,training,25,164,0,0.0,0.0,0.0,0.0
C,R04,training,25,165,0,0.0,0.0,0.0,0.0
C,R04,training,25,166,0,0.0,0.0,0.0,0.0
C,R04,training,25,167,0,0.0,0.0,0.0,0.0
C,R04,training,25,168,0,0.0,0.0,0.0,0.0
C,R04,training,25,169,0,0.0,0.0,0.0,0.0
C,R04,training,25,170,0,0.0,0.0,0.0,0.0
C,R04,training,25,171,0,0.0,0.0,0.0,0.0
C,R04,training,25,172,0,0.0,0.0,0.0,0.0
C,R04,training,25,173,0,0.0,0.0,0.0,0.0
C,R04,training,25,174,0,0.0,0.0,0.0,0.0
C,R04,training,25,175,0,0.0,0.0,0.0,0.0
C,R04,training,25,176,0,0.0,0.0,0.0,0.0
C,R04,training,25,177,0,0.0,0.0,0.0,0.0
C,R04,training,25,178,0,0.0,0.0,0.0,0.0
C,R04,training,25,179,0,0.0,0.0,0.0,0.0
C,R04,training,25,180,0,0.0,0.0,0.0,0.0
C,R04,training,25,181,0,0.0,0.0,0.0,0.0
C,R04,training,25,182,0,0.0,0.0,0.0,0.0
C,R04,training,25,183,0,0.0,0.0,0.0,0.0
C,R04,training,25,184,0,0.0,0.0,0.0,0.0
C,R04,training,25,185,0,0.0,0.0,0.0,0.0
C,R04,training,25,186,0,0.0,0.0,0.0,0.0
C,R04,training,25,187,0,0.0,0.0,0.0,0.0
C,R04,training,25,188,0,0.0,0.0,0.0,0.0
C,R04,training,25,189,0,0.0,0.0,0.0,0.0
C,R04,training,25,190,0,0.0,0.0,0.0,0.0
C,R04,training,25,191,0,0.0,0.0,0.0,0.0
C,R04,training,25,192,0,0.0,0.0,0.0,0.0
C,R04,training,25,193,0,0.0,0.0,0.0,0.0
C,R04,training,25,194,0,0.0,0.0,0.0,0.0
C,R04,training,25,195,0,0.0,0.0,0.0,0.0
C,R04,training,25,196,0,0.0,0.0,0.0,0.0
C,R04,training,25,197,0,0.0,0.0,0.0,0.0
C,R04,training,25,198,0,0.0,0.0,0.0,0.0
C,R04,training,25,199,0,0.0,0.0,0.0,0.0
C,R04,training,25,200,0,0.0,0.0,0.0,0.0
C,R04,training,25,201,0,0.0,0.0,0.0,0.0
C,R04,training,25,202,0,0.0,0.0,0.0,0.0
C,R04,training,25,203,0,0.0,0.0,0.0,0.0
C,R04,training,25,204,0,0.0,0.0,0.0,0.0
C,R04,training,25,205,0,0.0,0.0,0.0,0.0
C,R04,training,25,206,0,0.0,0.0,0.0,0.0
C,R04,training,25,207,0,0.0,0.0,0.0,0.0
C,R04,training,25,208,0,0.0,0.0,0.0,0.0
C,R04,training,25,209,0,0.0,0.0,0.0,0.0
C,R04,training,25,210,0,0.0,0.0,0.0,0.0
C,R04,training,25,211,0,0.0,0.0,0.0,0.0
C,R04,training,25,212,0,0.0,0.0,0.0,0.0
C,R04,training,25,213,0,0.0,0.0,0.0,0.0
C,R04,training,25,214,0,0.0,0.0,0.0,0.0
C,R04,training,25,215,0,0.0,0.0,0.0,0.0
C,R04,training,25,216,0,0.0,0.0,0.0,0.0
C,R04,training,25,217,0,0.0,0.0,0.0,0.0
C,R04,training,25,218,0,0.0,0.0,0.0,0.0
C,R04,training,25,219,0,0.0,0.0,0.0,0.0
C,R04,training,25,220,0,0.0,0.0,0.0,0.0
C,R04,training,25,221,0,0.0,0.0,0.0,0.0
C,R04,training,25,222,0,0.0,0.0,0.0,0.0
C,R04,training,25,223,0,0.0,0.0,0.0,0.0
C,R04,training,25,224,0,0.0,0.0,0.0,0.0
C,R04,training,25,225,0,0.0,0.0,0.0,0.0
C,R04,training,25,226,0,0.0,0.0,0.0,0.0
C,R04,training,25,227,0,0.0,0.0,0.0,0.0
C,R04,training,25,228,0,0.0,0.0,0.0,0.0
C,R04,training,25,229,0,0.0,0.0,0.0,0.0
C,R04,training,25,230,0,0.0,0.0,0.0,0.0
C,R04,training,25,231,0,0.0,0.0,0.0,0.0
C,R04,training,25,232,0,0.0,0.0,0.0,0.0
C,R04,training,25,233,0,0.0,0.0,0.0,0.0
C,R04,training,25,234,0,0.0,0.0,0.0,0.0
C,R04,training,25,235,0,0.0,0.0,0.0,0.0
C,R04,training,25,236,0,0.0,0.0,0.0,0.0
C,R04,training,25,237,0,0.0,0.0,0.0,0.0
C,R04,training,25,238,0,0.0,0.0,0.0,0.0
C,R04,training,25,239,0,0.0,0.0,0.0,0.0
C,R04,training,25,240,0,0.0,0.0,0.0,0.0
C,R04,training,25,241,0,0.0,0.0,0.0,0.0
C,R04,training,25,242,0,0.0,0.0,0.0,0.0
C,R04,training,25,243,0,0.0,0.0,0.0,0.0
C,R04,training,25,244,0,0.0,0.0,0.0,0.0
C,R04,training,25,245,0,0.0,0.0,0.0,0.0
C,R04,training,25,246,0,0.0,0.0,0.0,0.0
C,R04,training,25,247,0,0.0,0.0,0.0,0.0
C,R04,training,25,248,0,0.0,0.0,0.0,0.0
C,R04,training,25,249,0,0.0,0.0,0.0,0.0
C,R04,training,25,250,0,0.0,0.0,0.0,0.0
C,R04,training,25,251,0,0.0,0.0,0.0,0.0
C,R04,training,25,252,0,0.0,0.0,0.0,0.0
C,R04,training,25,253,0,0.0,0.0,0.0,0.0
C,R04,training,25,254,0,0.0,0.0,0.0,0.0
C,R04,training,25,255,0,0.0,0.0,0.0,0.0
C,R04,training,25,256,0,0.0,0.0,0.0,0.0
C,R04,training,25,257,0,0.0,0.0,0.0,0.0
C,R04,training,25,258,0,0.0,0.0,0.0,0.0
C,R04,training,25,259,0,0.0,0.0,0.0,0.0
C,R04,training,25,260,0,0.0,0.0,0.0,0.0
C,R04,training,25,261,0,0.0,0.0,0.0,0.0
C,R04,training,25,262,0,0.0,0.0,0.0,0.0
C,R04,training,25,263,0,0.0,0.0,0.0,0.0
C,R04,training,25,264,0,0.0,0.0,0.0,0.0
C,R04,training,25,265,0,0.0,0.0,0.0,0.0
C,R04,training,25,266,0,0.0,0.0,0.0,0.0
C,R04,training,25,267,0,0.0,0.0,0.0,0.0
C,R04,training,25,268,0,0.0,0.0,0.0,0.0
C,R04,training,25,269,0,0.0,0.0,0.0,0.0
C,R04,training,25,270,0,0.0,0.0,0.0,0.0
C,R04,training,25,271,0,0.0,0.0,0.0,0.0
C,R04,training,25,272,0,0.0,0.0,0.0,0.0
C,R04,training,25,273,0,0.0,0.0,0.0,0.0
C,R04,training,25,274,0,0.0,0.0,0.0,0.0
C,R04,training,25,275,0,0.0,0.0,0.0,0.0
C,R04,training,25,276,0,0.0,0.0,0.0,0.0
C,R04,training,25,277,0,0.0,0.0,0.0,0.0
C,R04,training,25,278,0,0.0,0.0,0.0,0.0
C,R04,training,25,279,0,0.0,0.0,0.0,0.0
C,R04,training,25,280,0,0.0,0.0,0.0,0.0
C,R04,training,25,281,0,0.0,0.0,0.0,0.0
C,R04,training,25,282,0,0.0,0.0,0.0,0.0
C,R04,training,25,283,0,0.0,0.0,0.0,0.0
C,R04,training,25,284,0,0.0,0.0,0.0,0.0
C,R04,training,25,285,0,0.0,0.0,0.0,0.0
C,R04,training,25,286,0,0.0,0.0,0.0,0.0
C,R04,training,25,287,0,0.0,0.0,0.0,0.0
C,R04,training,25,288,0,0.0,0.0,0.0,0.0
C,R04,training,25,289,0,0.0,0.0,0.0,0.0
C,R04,training,25,290,0,0.0,0.0,0.0,0.0
C,R04,training,25,291,0,0.0,0.0,0.0,0.0
C,R04,training,25,292,0,0.0,0.0,0.0,0.0
C,R04,training,25,293,0,0.0,0.0,0.0,0.0
C,R04,training,25,294,0,0.0,0.0,0.0,0.0
C,R04,training,25,295,0,0.0,0.0,0.0,0.0
C,R04,training,25,296,0,0.0,0.0,0.0,0.0
C,R04,training,25,297,0,0.0,0.0,0.0,0.0
C,R04,training,25,298,0,0.0,0.0,0.0,0.0
C,R04,training,25,299,0,0.0,0.0,0.0,0.0
C,R04,training,25,300,0,0.0,0.0,0.0,0.0
C,R04,training,25,301,0,0.0,0.0,0.0,0.0
C,R04,training,25,302,0,0.0,0.0,0.0,0.0
C,R04,training,25,303,0,0.0,0.0,0.0,0.0
C,R04,training,25,304,0,0.0,0.0,0.0,0.0
C,R04,training,25,305,0,0.0,0.0,0.0,0.0
C,R04,training,25,306,0,0.0,0.0,0.0,0.0
C,R04,training,25,307,0,0.0,0.0,0.0,0.0
C,R04,training,25,308,0,0.0,0.0,0.0,0.0
C,R04,training,25,309,0,0.0,0.0,0.0,0.0
C,R04,training,25,310,0,0.0,0.0,0.0,0.0
C,R04,training,25,311,0,0.0,0.0,0.0,0.0
C,R04,training,25,312,0,0.0,0.0,0.0,0.0
C,R04,training,25,313,0,0.0,0.0,0.0,0.0
C,R04,training,25,314,0,0.0,0.0,0.0,0.0
C,R04,training,25,315,0,0.0,0.0,0.0,0.0
C,R04,training,25,316,0,0.0,0.0,0.0,0.0
C,R04,training,25,317,0,0.0,0.0,0.0,0.0
C,R04,training,25,318,0,0.0,0.0,0.0,0.0
C,R04,training,25,319,0,0.0,0.0,0.0,0.0
C,R04,training,25,320,0,0.0,0.0,0.0,0.0
C,R04,training,25,321,0,0.0,0.0,0.0,0.0
C,R04,training,25,322,0,0.0,0.0,0.0,0.0
C,R04,training,25,323,0,0.0,0.0,0.0,0.0
C,R04,training,25,324,0,0.0,0.0,0.0,0.0
C,R04,training,25,325,0,0.0,0.0,0.0,0.0
C,R04,training,25,326,0,0.0,0.0,0.0,0.0
C,R04,training,25,327,0,0.0,0.0,0.0,0.0
C,R04,training,25,328,0,0.0,0.0,0.0,0.0
C,R04,training,25,329,0,0.0,0.0,0.0,0.0
C,R04,training,25,330,0,0.0,0.0,0.0,0.0
C,R04,training,25,331,0,0.0,0.0,0.0,0.0
C,R04,training,25,332,0,0.0,0.0,0.0,0.0
C,R04,training,25,333,0,0.0,0.0,0.0,0.0
C,R04,training,25,334,0,0.0,0.0,0.0,0.0
C,R04,training,25,335,0,0.0,0.0,0.0,0.0
C,R04,training,25,336,0,0.0,0.0,0.0,0.0
C,R04,training,25,337,0,0.0,0.0,0.0,0.0
C,R04,training,25,338,0,0.0,0.0,0.0,0.0
C,R04,training,25,339,0,0.0,0.0,0.0,0.0
C,R04,training,25,340,0,0.0,0.0,0.0,0.0
C,R04,training,25,341,0,0.0,0.0,0.0,0.0
C,R04,training,25,342,0,0.0,0.0,0.0,0.0
C,R04,training,25,343,0,0.0,0.0,0.0,0.0
C,R04,training,25,344,0,0.0,0.0,0.0,0.0
C,R04,training,25,345,0,0.0,0.0,0.0,0.0
C,R04,training,25,346,0,0.0,0.0,0.0,0.0
C,R04,training,25,347,0,0.0,0.0,0.0,0.0
C,R04,training,25,348,0,0.0,0.0,0.0,0.0
C,R04,training,25,349,0,0.0,0.0,0.0,0.0
C,R04,training,25,350,0,0.0,0.0,0.0,0.0
C,R04,training,25,351,0,0.0,0.0,0.0,0.0
C,R04,training,25,352,0,0.0,0.0,0.0,0.0
C,R04,training,25,353,0,0.0,0.0,0.0,0.0
C,R04,training,25,354,0,0.0,0.0,0.0,0.0
C,R04,training,25,355,0,0.0,0.0,0.0,0.0
C,R04,training,25,356,0,0.0,0.0,0.0,0.0
C,R04,training,25,357,0,0.0,0.0,0.0,0.0
C,R04,training,25,358,0,0.0,0.0,0.0,0.0
C,R04,training,25,359,0,0.0,0.0,0.0,0.0
C,R04,training,25,360,0,0.0,0.0,0.0,0.0
C,R04,training,25,361,0,0.0,0.0,0.0,0.0
C,R04,training,25,362,0,0.0,0.0,0.0,0.0
C,R04,training,25,363,0,0.0,0.0,0.0,0.0
C,R04,training,25,364,0,0.0,0.0,0.0,0.0
C,R04,training,25,365,0,0.0,0.0,0.0,0.0
C,R04,training,25,366,0,0.0,0.0,0.0,0.0
C,R04,training,25,367,0,0.0,0.0,0.0,0.0
C,R04,training,25,368,0,0.0,0.0,0.0,0.0
C,R04,training,25,369,0,0.0,0.0,0.0,0.0
C,R04,training,25,370,0,0.0,0.0,0.0,0.0
C,R04,training,25,371,0,0.0,0.0,0.0,0.0
C,R04,training,25,372,0,0.0,0.0,0.0,0.0
C,R04,training,25,373,0,0.0,0.0,0.0,0.0
C,R04,training,25,374,0,0.0,0.0,0.0,0.0
C,R04,training,25,375,0,0.0,0.0,0.0,0.0
C,R04,training,25,376,0,0.0,0.0,0.0,0.0
C,R04,training,25,377,0,0.0,0.0,0.0,0.0
C,R04,training,25,378,0,0.0,0.0,0.0,0.0
C,R04,training,25,379,0,0.0,0.0,0.0,0.0
C,R04,training,25,380,0,0.0,0.0,0.0,0.0
C,R04,training,25,381,0,0.0,0.0,0.0,0.0
C,R04,training,25,382,0,0.0,0.0,0.0,0.0
C,R04,training,25,383,0,0.0,0.0,0.0,0.0
C,R04,training,25,384,0,0.0,0.0,0.0,0.0
C,R04,training,25,385,0,0.0,0.0,0.0,0.0
C,R04,training,25,386,0,0.0,0.0,0.0,0.0
C,R04,training,25,387,0,0.0,0.0,0.0,0.0
C,R04,training,25,388,0,0.0,0.0,0.0,0.0
C,R04,training,25,389,0,0.0,0.0,0.0,0.0
C,R04,training,25,390,0,0.0,0.0,0.0,0.0
C,R04,training,25,391,0,0.0,0.0,0.0,0.0
C,R04,training,25,392,0,0.0,0.0,0.0,0.0
C,R04,training,25,393,0,0.0,0.0,0.0,0.0
C,R04,training,25,394,0,0.0,0.0,0.0,0.0
C,R04,training,25,395,0,0.0,0.0,0.0,0.0
C,R04,training,25,396,0,0.0,0.0,0.0,0.0
C,R04,training,25,397,0,0.0,0.0,0.0,0.0
C,R04,training,25,398,0,0.0,0.0,0.0,0.0
C,R04,training,25,399,0,0.0,0.0,0.0,0.0
C,R04,training,25,400,0,0.0,0.0,0.0,0.0
C,R04,training,25,401,0,0.0,0.0,0.0,0.0
C,R04,training,25,402,0,0.0,0.0,0.0,0.0
P1,R04,training,25,0,0,0.0,0.0,0.0,0.0
P1,R04,training,25,1,0,0.0,0.0,0.0,0.0
P1,R04,training,25,2,0,0.0,0.0,0.0,0.0
P1,R04,training,25,3,0,0.0,0.0,0.0,0.0
P1,R04,training,25,4,0,0.0,0.0,0.0,0.0
P1,R04,training,25,5,0,0.0,0.0,0.0,0.0
P1,R04,training,25,6,0,0.0,0.0,0.0,0.0
P1,R04,training,25,7,0,0.0,0.0,0.0,0.0
P1,R04,training,25,8,0,0.0,0.0,0.0,0.0
P1,R04,training,25,9,0,0.0,0.0,0.0,0.0
P1,R04,training,25,10,0,0.0,0.0,0.0,0.0
P1,R04,training,25,11,0,0.0,0.0,0.0,0.0
P1,R04,training,25,12,0,0.0,0.0,0.0,0.0
P1,R04,training,25,13,0,0.0,0.0,0.0,0.0
P1,R04,training,25,14,0,0.0,0.0,0.0,0.0
P1,R04,training,25,15,0,0.0,0.0,0.0,0.0
P1,R04,training,25,16,0,0.0,0.0,0.0,0.0
P1,R04,training,25,17,0,0.0,0.0,0.0,0.0
P1,R04,training,25,18,0,0.0,0.0,0.0,0.0
P1,R04,training,25,19,0,0.0,0.0,0.0,0.0
P1,R04,training,25,20,0,0.0,0.0,0.0,0.0
P1,R04,training,25,21,0,0.0,0.0,0.0,0.0
P1,R04,training,25,22,0,0.0,0.0,0.0,0.0
P1,R04,training,25,23,0,0.0,0.0,0.0,0.0
P1,R04,training,25,24,0,0.0,0.0,0.0,0.0
P1,R04,training,25,25,0,0.0,0.0,0.0,0.0
P1,R04,training,25,26,0,0.0,0.0,0.0,0.0
P1,R04,training,25,27,0,0.0,0.0,0.0,0.0
P1,R04,training,25,28,0,0.0,0.0,0.0,0.0
P1,R04,training,25,29,0,0.0,0.0,0.0,0.0
P1,R04,training,25,30,0,0.0,0.0,0.0,0.0
P1,R04,training,25,31,0,0.0,0.0,0.0,0.0
P1,R04,training,25,32,0,0.0,0.0,0.0,0.0
P1,R04,training,25,33,0,0.0,0.0,0.0,0.0
P1,R04,training,25,34,0,0.0,0.0,0.0,0.0
P1,R04,training,25,35,0,0.0,0.0,0.0,0.0
P1,R04,training,25,36,0,0.0,0.0,0.0,0.0
P1,R04,training,25,37,0,0.0,0.0,0.0,0.0
P1,R04,training,25,38,0,0.0,0.0,0.0,0.0
P1,R04,training,25,39,0,0.0,0.0,0.0,0.0
P1,R04,training,25,40,0,0.0,0.0,0.0,0.0
P1,R04,training,25,41,0,0.0,0.0,0.0,0.0
P1,R04,training,25,42,0,0.0,0.0,0.0,0.0
P1,R04,training,25,43,0,0.0,0.0,0.0,0.0
P1,R04,training,25,44,0,0.0,0.0,0.0,0.0
P1,R04,training,25,45,0,0.0,0.0,0.0,0.0
P1,R04,training,25,46,0,0.0,0.0,0.0,0.0
P1,R04,training,25,47,0,0.0,0.0,0.0,0.0
P1,R04,training,25,48,0,0.0,0.0,0.0,0.0
P1,R04,training,25,49,0,0.0,0.0,0.0,0.0
P1,R04,training,25,50,0,0.0,0.0,0.0,0.0
P1,R04,training,25,51,0,0.0,0.0,0.0,0.0
P1,R04,training,25,52,0,0.0,0.0,0.0,0.0
P1,R04,training,25,53,0,0.0,0.0,0.0,0.0
P1,R04,training,25,54,0,0.0,0.0,0.0,0.0
P1,R04,training,25,55,0,0.0,0.0,0.0,0.0
P1,R04,training,25,56,0,0.0,0.0,0.0,0.0
P1,R04,training,25,57,0,0.0,0.0,0.0,0.0
P1,R04,training,25,58,0,0.0,0.0,0.0,0.0
P1,R04,training,25,59,0,0.0,0.0,0.0,0.0
P1,R04,training,25,60,0,0.0,0.0,0.0,0.0
P1,R04,training,25,61,0,0.0,0.0,0.0,0.0
P1,R04,training,25,62,0,0.0,0.0,0.0,0.0
P1,R04,training,25,63,0,0.0,0.0,0.0,0.0
P1,R04,training,25,64,0,0.0,0.0,0.0,0.0
P1,R04,training,25,65,0,0.0,0.0,0.0,0.0
P1,R04,training,25,66,0,0.0,0.0,0.0,0.0
P1,R04,training,25,67,0,0.0,0.0,0.0,0.0
P1,R04,training,25,68,0,0.0,0.0,0.0,0.0
P1,R04,training,25,69,0,0.0,0.0,0.0,0.0
P1,R04,training,25,70,0,0.0,0.0,0.0,0.0
P1,R04,training,25,71,0,0.0,0.0,0.0,0.0
P1,R04,training,25,72,0,0.0,0.0,0.0,0.0
P1,R04,training,25,73,0,0.0,0.0,0.0,0.0
P1,R04,training,25,74,0,0.0,0.0,0.0,0.0
P1,R04,training,25,75,0,0.0,0.0,0.0,0.0
P1,R04,training,25,76,0,0.0,0.0,0.0,0.0
P1,R04,training,25,77,0,0.0,0.0,0.0,0.0
P1,R04,training,25,78,0,0.0,0.0,0.0,0.0
P1,R04,training,25,79,0,0.0,0.0,0.0,0.0
P1,R04,training,25,80,0,0.0,0.0,0.0,0.0
P1,R04,training,25,81,0,0.0,0.0,0.0,0.0
P1,R04,training,25,82,0,0.0,0.0,0.0,0.0
P1,R04,training,25,83,0,0.0,0.0,0.0,0.0
P1,R04,training,25,84,0,0.0,0.0,0.0,0.0
P1,R04,training,25,85,0,0.0,0.0,0.0,0.0
P1,R04,training,25,86,0,0.0,0.0,0.0,0.0
P1,R04,training,25,87,0,0.0,0.0,0.0,0.0
P1,R04,training,25,88,0,0.0,0.0,0.0,0.0
P1,R04,training,25,89,0,0.0,0.0,0.0,0.0
P1,R04,training,25,90,0,0.0,0.0,0.0,0.0
P1,R04,training,25,91,0,0.0,0.0,0.0,0.0
P1,R04,training,25,92,0,0.0,0.0,0.0,0.0
P1,R04,training,25,93,0,0.0,0.0,0.0,0.0
P1,R04,training,25,94,0,0.0,0.0,0.0,0.0
P1,R04,training,25,95,0,0.0,0.0,0.0,0.0
P1,R04,training,25,96,0,0.0,0.0,0.0,0.0
P1,R04,training,25,97,0,0.0,0.0,0.0,0.0
P1,R04,training,25,98,0,0.0,0.0,0.0,0.0
P1,R04,training,25,99,0,0.0,0.0,0.0,0.0
P1,R04,training,25,100,0,0.0,0.0,0.0,0.0
P1,R04,training,25,101,0,0.0,0.0,0.0,0.0
P1,R04,training,25,102,0,0.0,0.0,0.0,0.0
P1,R04,training,25,103,0,0.0,0.0,0.0,0.0
P1,R04,training,25,104,0,0.0,0.0,0.0,0.0
P1,R04,training,25,105,0,0.0,0.0,0.0,0.0
P1,R04,training,25,106,0,0.0,0.0,0.0,0.0
P1,R04,training,25,107,0,0.0,0.0,0.0,0.0
P1,R04,training,25,108,0,0.0,0.0,0.0,0.0
P1,R04,training,25,109,0,0.0,0.0,0.0,0.0
P1,R04,training,25,110,0,0.0,0.0,0.0,0.0
P1,R04,training,25,111,0,0.0,0.0,0.0,0.0
P1,R04,training,25,112,0,0.0,0.0,0.0,0.0
P1,R04,training,25,113,0,0.0,0.0,0.0,0.0
P1,R04,training,25,114,0,0.0,0.0,0.0,0.0
P1,R04,training,25,115,0,0.0,0.0,0.0,0.0
P1,R04,training,25,116,0,0.0,0.0,0.0,0.0
P1,R04,training,25,117,0,0.0,0.0,0.0,0.0
P1,R04,training,25,118,0,0.0,0.0,0.0,0.0
P1,R04,training,25,119,0,0.0,0.0,0.0,0.0
P1,R04,training,25,120,0,0.0,0.0,0.0,0.0
P1,R04,training,25,121,0,0.0,0.0,0.0,0.0
P1,R04,training,25,122,0,0.0,0.0,0.0,0.0
P1,R04,training,25,123,0,0.0,0.0,0.0,0.0
P1,R04,training,25,124,0,0.0,0.0,0.0,0.0
P1,R04,training,25,125,0,0.0,0.0,0.0,0.0
P1,R04,training,25,126,0,0.0,0.0,0.0,0.0
P1,R04,training,25,127,0,0.0,0.0,0.0,0.0
P1,R04,training,25,128,0,0.0,0.0,0.0,0.0
P1,R04,training,25,129,0,0.0,0.0,0.0,0.0
P1,R04,training,25,130,0,0.0,0.0,0.0,0.0
P1,R04,training,25,131,0,0.0,0.0,0.0,0.0
P1,R04,training,25,132,0,0.0,0.0,0.0,0.0
P1,R04,training,25,133,0,0.0,0.0,0.0,0.0
P1,R04,training,25,134,0,0.0,0.0,0.0,0.0
P1,R04,training,25,135,0,0.0,0.0,0.0,0.0
P1,R04,training,25,136,0,0.0,0.0,0.0,0.0
P1,R04,training,25,137,0,0.0,0.0,0.0,0.0
P1,R04,training,25,138,0,0.0,0.0,0.0,0.0
P1,R04,training,25,139,0,0.0,0.0,0.0,0.0
P1,R04,training,25,140,0,0.0,0.0,0.0,0.0
P1,R04,training,25,141,0,0.0,0.0,0.0,0.0
P1,R04,training,25,142,0,0.0,0.0,0.0,0.0
P1,R04,training,25,143,0,0.0,0.0,0.0,0.0
P1,R04,training,25,144,0,0.0,0.0,0.0,0.0
P1,R04,training,25,145,0,0.0,0.0,0.0,0.0
P1,R04,training,25,146,0,0.0,0.0,0.0,0.0
P1,R04,training,25,147,0,0.0,0.0,0.0,0.0
P1,R04,training,25,148,0,0.0,0.0,0.0,0.0
P1,R04,training,25,149,0,0.0,0.0,0.0,0.0
P1,R04,training,25,150,0,0.0,0.0,0.0,0.0
P1,R04,training,25,151,0,0.0,0.0,0.0,0.0
P1,R04,training,25,152,0,0.0,0.0,0.0,0.0
P1,R04,training,25,153,0,0.0,0.0,0.0,0.0
P1,R04,training,25,154,0,0.0,0.0,0.0,0.0
P1,R04,training,25,155,0,0.0,0.0,0.0,0.0
P1,R04,training,25,156,0,0.0,0.0,0.0,0.0
P1,R04,training,25,157,0,0.0,0.0,0.0,0.0
P1,R04,training,25,158,0,0.0,0.0,0.0,0.0
P1,R04,training,25,159,0,0.0,0.0,0.0,0.0
P1,R04,training,25,160,0,0.0,0.0,0.0,0.0
P1,R04,training,25,161,0,0.0,0.0,0.0,0.0
P1,R04,training,25,162,0,0.0,0.0,0.0,0.0
P1,R04,training,25,163,0,0.0,0.0,0.0,0.0
P1,R04,training,25,164,0,0.0,0.0,0.0,0.0
P1,R04,training,25,165,0,0.0,0.0,0.0,0.0
P1,R04,training,25,166,0,0.0,0.0,0.0,0.0
P1,R04,training,25,167,0,0.0,0.0,0.0,0.0
P1,R04,training,25,168,0,0.0,0.0,0.0,0.0
P1,R04,training,25,169,0,0.0,0.0,0.0,0.0
P1,R04,training,25,170,0,0.0,0.0,0.0,0.0
P1,R04,training,25,171,0,0.0,0.0,0.0,0.0
P1,R04,training,25,172,0,0.0,0.0,0.0,0.0
P1,R04,training,25,173,0,0.0,0.0,0.0,0.0
P1,R04,training,25,174,0,0.0,0.0,0.0,0.0
P1,R04,training,25,175,0,0.0,0.0,0.0,0.0
P1,R04,training,25,176,0,0.0,0.0,0.0,0.0
P1,R04,training,25,177,0,0.0,0.0,0.0,0.0
P1,R04,training,25,178,0,0.0,0.0,0.0,0.0
P1,R04,training,25,179,0,0.0,0.0,0.0,0.0
P1,R04,training,25,180,0,0.0,0.0,0.0,0.0
P1,R04,training,25,181,0,0.0,0.0,0.0,0.0
P1,R04,training,25,182,0,0.0,0.0,0.0,0.0
P1,R04,training,25,183,0,0.0,0.0,0.0,0.0
P1,R04,training,25,184,0,0.0,0.0,0.0,0.0
P1,R04,training,25,185,0,0.0,0.0,0.0,0.0
P1,R04,training,25,186,0,0.0,0.0,0.0,0.0
P1,R04,training,25,187,0,0.0,0.0,0.0,0.0
P1,R04,training,25,188,0,0.0,0.0,0.0,0.0
P1,R04,training,25,189,0,0.0,0.0,0.0,0.0
P1,R04,training,25,190,0,0.0,0.0,0.0,0.0
P1,R04,training,25,191,0,0.0,0.0,0.0,0.0
P1,R04,training,25,192,0,0.0,0.0,0.0,0.0
P1,R04,training,25,193,0,0.0,0.0,0.0,0.0
P1,R04,training,25,194,0,0.0,0.0,0.0,0.0
P1,R04,training,25,195,0,0.0,0.0,0.0,0.0
P1,R04,training,25,196,0,0.0,0.0,0.0,0.0
P1,R04,training,25,197,0,0.0,0.0,0.0,0.0
P1,R04,training,25,198,0,0.0,0.0,0.0,0.0
P1,R04,training,25,199,0,0.0,0.0,0.0,0.0
P1,R04,training,25,200,0,0.0,0.0,0.0,0.0
P1,R04,training,25,201,0,0.0,0.0,0.0,0.0
P1,R04,training,25,202,0,0.0,0.0,0.0,0.0
P1,R04,training,25,203,0,0.0,0.0,0.0,0.0
P1,R04,training,25,204,0,0.0,0.0,0.0,0.0
P1,R04,training,25,205,0,0.0,0.0,0.0,0.0
P1,R04,training,25,206,0,0.0,0.0,0.0,0.0
P1,R04,training,25,207,0,0.0,0.0,0.0,0.0
P1,R04,training,25,208,0,0.0,0.0,0.0,0.0
P1,R04,training,25,209,0,0.0,0.0,0.0,0.0
P1,R04,training,25,210,0,0.0,0.0,0.0,0.0
P1,R04,training,25,211,0,0.0,0.0,0.0,0.0
P1,R04,training,25,212,0,0.0,0.0,0.0,0.0
P1,R04,training,25,213,0,0.0,0.0,0.0,0.0
P1,R04,training,25,214,0,0.0,0.0,0.0,0.0
P1,R04,training,25,215,0,0.0,0.0,0.0,0.0
P1,R04,training,25,216,0,0.0,0.0,0.0,0.0
P1,R04,training,25,217,0,0.0,0.0,0.0,0.0
P1,R04,training,25,218,0,0.0,0.0,0.0,0.0
P1,R04,training,25,219,0,0.0,0.0,0.0,0.0
P1,R04,training,25,220,0,0.0,0.0,0.0,0.0
P1,R04,training,25,221,0,0.0,0.0,0.0,0.0
P1,R04,training,25,222,0,0.0,0.0,0.0,0.0
P1,R04,training,25,223,0,0.0,0.0,0.0,0.0
P1,R04,training,25,224,0,0.0,0.0,0.0,0.0
P1,R04,training,25,225,0,0.0,0.0,0.0,0.0
P1,R04,training,25,226,0,0.0,0.0,0.0,0.0
P1,R04,training,25,227,0,0.0,0.0,0.0,0.0
P1,R04,training,25,228,0,0.0,0.0,0.0,0.0
P1,R04,training,25,229,0,0.0,0.0,0.0,0.0
P1,R04,training,25,230,0,0.0,0.0,0.0,0.0
P1,R04,training,25,231,0,0.0,0.0,0.0,0.0
P1,R04,training,25,232,0,0.0,0.0,0.0,0.0
P1,R04,training,25,233,0,0.0,0.0,0.0,0.0
P1,R04,training,25,234,0,0.0,0.0,0.0,0.0
P1,R04,training,25,235,0,0.0,0.0,0.0,0.0
P1,R04,training,25,236,0,0.0,0.0,0.0,0.0
P1,R04,training,25,237,0,0.0,0.0,0.0,0.0
P1,R04,training,25,238,0,0.0,0.0,0.0,0.0
P1,R04,training,25,239,0,0.0,0.0,0.0,0.0
P1,R04,training,25,240,0,0.0,0.0,0.0,0.0
P1,R04,training,25,241,0,0.0,0.0,0.0,0.0
P1,R04,training,25,242,0,0.0,0.0,0.0,0.0
P1,R04,training,25,243,0,0.0,0.0,0.0,0.0
P1,R04,training,25,244,0,0.0,0.0,0.0,0.0
P1,R04,training,25,245,0,0.0,0.0,0.0,0.0
P1,R04,training,25,246,0,0.0,0.0,0.0,0.0
P1,R04,training,25,247,0,0.0,0.0,0.0,0.0
P1,R04,training,25,248,0,0.0,0.0,0.0,0.0
P1,R04,training,25,249,0,0.0,0.0,0.0,0.0
P1,R04,training,25,250,0,0.0,0.0,0.0,0.0
P1,R04,training,25,251,0,0.0,0.0,0.0,0.0
P1,R04,training,25,252,0,0.0,0.0,0.0,0.0
P1,R04,training,25,253,0,0.0,0.0,0.0,0.0
P1,R04,training,25,254,0,0.0,0.0,0.0,0.0
P1,R04,training,25,255,0,0.0,0.0,0.0,0.0
P1,R04,training,25,256,0,0.0,0.0,0.0,0.0
P1,R04,training,25,257,0,0.0,0.0,0.0,0.0
P1,R04,training,25,258,0,0.0,0.0,0.0,0.0
P1,R04,training,25,259,0,0.0,0.0,0.0,0.0
P1,R04,training,25,260,0,0.0,0.0,0.0,0.0
P1,R04,training,25,261,0,0.0,0.0,0.0,0.0
P1,R04,training,25,262,0,0.0,0.0,0.0,0.0
P1,R04,training,25,263,0,0.0,0.0,0.0,0.0
P1,R04,training,25,264,0,0.0,0.0,0.0,0.0
P1,R04,training,25,265,0,0.0,0.0,0.0,0.0
P1,R04,training,25,266,0,0.0,0.0,0.0,0.0
P1,R04,training,25,267,0,0.0,0.0,0.0,0.0
P1,R04,training,25,268,0,0.0,0.0,0.0,0.0
P1,R04,training,25,269,0,0.0,0.0,0.0,0.0
P1,R04,training,25,270,0,0.0,0.0,0.0,0.0
P1,R04,training,25,271,0,0.0,0.0,0.0,0.0
P1,R04,training,25,272,0,0.0,0.0,0.0,0.0
P1,R04,training,25,273,0,0.0,0.0,0.0,0.0
P1,R04,training,25,274,0,0.0,0.0,0.0,0.0
P1,R04,training,25,275,0,0.0,0.0,0.0,0.0
P1,R04,training,25,276,0,0.0,0.0,0.0,0.0
P1,R04,training,25,277,0,0.0,0.0,0.0,0.0
P1,R04,training,25,278,0,0.0,0.0,0.0,0.0
P1,R04,training,25,279,0,0.0,0.0,0.0,0.0
P1,R04,training,25,280,0,0.0,0.0,0.0,0.0
P1,R04,training,25,281,0,0.0,0.0,0.0,0.0
P1,R04,training,25,282,0,0.0,0.0,0.0,0.0
P1,R04,training,25,283,0,0.0,0.0,0.0,0.0
P1,R04,training,25,284,0,0.0,0.0,0.0,0.0
P1,R04,training,25,285,0,0.0,0.0,0.0,0.0
P1,R04,training,25,286,0,0.0,0.0,0.0,0.0
P1,R04,training,25,287,0,0.0,0.0,0.0,0.0
P1,R04,training,25,288,0,0.0,0.0,0.0,0.0
P1,R04,training,25,289,0,0.0,0.0,0.0,0.0
P1,R04,training,25,290,0,0.0,0.0,0.0,0.0
P1,R04,training,25,291,0,0.0,0.0,0.0,0.0
P1,R04,training,25,292,0,0.0,0.0,0.0,0.0
P1,R04,training,25,293,0,0.0,0.0,0.0,0.0
P1,R04,training,25,294,0,0.0,0.0,0.0,0.0
P1,R04,training,25,295,0,0.0,0.0,0.0,0.0
P1,R04,training,25,296,0,0.0,0.0,0.0,0.0
P1,R04,training,25,297,0,0.0,0.0,0.0,0.0
P1,R04,training,25,298,0,0.0,0.0,0.0,0.0
P1,R04,training,25,299,0,0.0,0.0,0.0,0.0
P1,R04,training,25,300,0,0.0,0.0,0.0,0.0
P1,R04,training,25,301,0,0.0,0.0,0.0,0.0
P1,R04,training,25,302,0,0.0,0.0,0.0,0.0
P1,R04,training,25,303,0,0.0,0.0,0.0,0.0
P1,R04,training,25,304,0,0.0,0.0,0.0,0.0
P1,R04,training,25,305,0,0.0,0.0,0.0,0.0
P1,R04,training,25,306,0,0.0,0.0,0.0,0.0
P1,R04,training,25,307,0,0.0,0.0,0.0,0.0
P1,R04,training,25,308,0,0.0,0.0,0.0,0.0
P1,R04,training,25,309,0,0.0,0.0,0.0,0.0
P1,R04,training,25,310,0,0.0,0.0,0.0,0.0
P1,R04,training,25,311,0,0.0,0.0,0.0,0.0
P1,R04,training,25,312,0,0.0,0.0,0.0,0.0
P1,R04,training,25,313,0,0.0,0.0,0.0,0.0
P1,R04,training,25,314,0,0.0,0.0,0.0,0.0
P1,R04,training,25,315,0,0.0,0.0,0.0,0.0
P1,R04,training,25,316,0,0.0,0.0,0.0,0.0
P1,R04,training,25,317,0,0.0,0.0,0.0,0.0
P1,R04,training,25,318,0,0.0,0.0,0.0,0.0
P1,R04,training,25,319,0,0.0,0.0,0.0,0.0
P1,R04,training,25,320,0,0.0,0.0,0.0,0.0
P1,R04,training,25,321,0,0.0,0.0,0.0,0.0
P1,R04,training,25,322,0,0.0,0.0,0.0,0.0
P1,R04,training,25,323,0,0.0,0.0,0.0,0.0
P1,R04,training,25,324,0,0.0,0.0,0.0,0.0
P1,R04,training,25,325,0,0.0,0.0,0.0,0.0
P1,R04,training,25,326,0,0.0,0.0,0.0,0.0
P1,R04,training,25,327,0,0.0,0.0,0.0,0.0
P1,R04,training,25,328,0,0.0,0.0,0.0,0.0
P1,R04,training,25,329,0,0.0,0.0,0.0,0.0
P1,R04,training,25,330,0,0.0,0.0,0.0,0.0
P1,R04,training,25,331,0,0.0,0.0,0.0,0.0
P1,R04,training,25,332,0,0.0,0.0,0.0,0.0
P1,R04,training,25,333,0,0.0,0.0,0.0,0.0
P1,R04,training,25,334,0,0.0,0.0,0.0,0.0
P1,R04,training,25,335,0,0.0,0.0,0.0,0.0
P1,R04,training,25,336,0,0.0,0.0,0.0,0.0
P1,R04,training,25,337,0,0.0,0.0,0.0,0.0
P1,R04,training,25,338,0,0.0,0.0,0.0,0.0
P1,R04,training,25,339,0,0.0,0.0,0.0,0.0
P1,R04,training,25,340,0,0.0,0.0,0.0,0.0
P1,R04,training,25,341,0,0.0,0.0,0.0,0.0
P1,R04,training,25,342,0,0.0,0.0,0.0,0.0
P1,R04,training,25,343,0,0.0,0.0,0.0,0.0
P1,R04,training,25,344,0,0.0,0.0,0.0,0.0
P1,R04,training,25,345,0,0.0,0.0,0.0,0.0
P1,R04,training,25,346,0,0.0,0.0,0.0,0.0
P1,R04,training,25,347,0,0.0,0.0,0.0,0.0
P1,R04,training,25,348,0,0.0,0.0,0.0,0.0
P1,R04,training,25,349,0,0.0,0.0,0.0,0.0
P1,R04,training,25,350,0,0.0,0.0,0.0,0.0
P1,R04,training,25,351,0,0.0,0.0,0.0,0.0
P1,R04,training,25,352,0,0.0,0.0,0.0,0.0
P1,R04,training,25,353,0,0.0,0.0,0.0,0.0
P1,R04,training,25,354,0,0.0,0.0,0.0,0.0
P1,R04,training,25,355,0,0.0,0.0,0.0,0.0
P1,R04,training,25,356,0,0.0,0.0,0.0,0.0
P1,R04,training,25,357,0,0.0,0.0,0.0,0.0
P1,R04,training,25,358,0,0.0,0.0,0.0,0.0
P1,R04,training,25,359,0,0.0,0.0,0.0,0.0
P1,R04,training,25,360,0,0.0,0.0,0.0,0.0
P1,R04,training,25,361,0,0.0,0.0,0.0,0.0
P1,R04,training,25,362,0,0.0,0.0,0.0,0.0
P1,R04,training,25,363,0,0.0,0.0,0.0,0.0
P1,R04,training,25,364,0,0.0,0.0,0.0,0.0
P1,R04,training,25,365,0,0.0,0.0,0.0,0.0
P1,R04,training,25,366,0,0.0,0.0,0.0,0.0
P1,R04,training,25,367,0,0.0,0.0,0.0,0.0
P1,R04,training,25,368,0,0.0,0.0,0.0,0.0
P1,R04,training,25,369,0,0.0,0.0,0.0,0.0
P1,R04,training,25,370,0,0.0,0.0,0.0,0.0
P1,R04,training,25,371,0,0.0,0.0,0.0,0.0
P1,R04,training,25,372,0,0.0,0.0,0.0,0.0
P1,R04,training,25,373,0,0.0,0.0,0.0,0.0
P1,R04,training,25,374,0,0.0,0.0,0.0,0.0
P1,R04,training,25,375,0,0.0,0.0,0.0,0.0
P1,R04,training,25,376,0,0.0,0.0,0.0,0.0
P1,R04,training,25,377,0,0.0,0.0,0.0,0.0
P1,R04,training,25,378,0,0.0,0.0,0.0,0.0
P1,R04,training,25,379,0,0.0,0.0,0.0,0.0
P1,R04,training,25,380,0,0.0,0.0,0.0,0.0
P1,R04,training,25,381,0,0.0,0.0,0.0,0.0
P1,R04,training,25,382,0,0.0,0.0,0.0,0.0
P1,R04,training,25,383,0,0.0,0.0,0.0,0.0
P1,R04,training,25,384,0,0.0,0.0,0.0,0.0
P1,R04,training,25,385,0,0.0,0.0,0.0,0.0
P1,R04,training,25,386,0,0.0,0.0,0.0,0.0
P1,R04,training,25,387,0,0.0,0.0,0.0,0.0
P1,R04,training,25,388,0,0.0,0.0,0.0,0.0
P1,R04,training,25,389,0,0.0,0.0,0.0,0.0
P1,R04,training,25,390,0,0.0,0.0,0.0,0.0
P1,R04,training,25,391,0,0.0,0.0,0.0,0.0
P1,R04,training,25,392,0,0.0,0.0,0.0,0.0
P1,R04,training,25,393,0,0.0,0.0,0.0,0.0
P1,R04,training,25,394,0,0.0,0.0,0.0,0.0
P1,R04,training,25,395,0,0.0,0.0,0.0,0.0
P1,R04,training,25,396,0,0.0,0.0,0.0,0.0
P1,R04,training,25,397,0,0.0,0.0,0.0,0.0
P1,R04,training,25,398,0,0.0,0.0,0.0,0.0
P1,R04,training,25,399,0,0.0,0.0,0.0,0.0
P1,R04,training,25,400,0,0.0,0.0,0.0,0.0
P1,R04,training,25,401,0,0.0,0.0,0.0,0.0
P1,R04,training,25,402,0,0.0,0.0,0.0,0.0
P2,R04,training,25,0,0,0.0,0.0,0.03368815576514159,0.02053455471659186
P2,R04,training,25,1,0,0.0,0.0,0.03368815576514159,0.020636205045578223
P2,R04,training,25,2,0,0.0,0.0,0.03368815576514159,0.02073784525824689
P2,R04,training,25,3,0,0.0,0.0,0.03368815576514159,0.02083947026087381
P2,R04,training,25,4,0,0.0,0.0,0.03368815576514159,0.02094107493584231
P2,R04,training,25,5,0,0.0,0.0,0.03368815576514159,0.02104265414203395
P2,R04,training,25,6,0,0.0,0.0,0.03368815576514159,0.021144202715224193
P2,R04,training,25,7,0,0.0,0.0,0.03368815576514159,0.021245715468482793
P2,R04,training,25,8,0,0.0,0.0,0.03368815576514159,0.02134718719257906
P2,R04,training,25,9,0,0.0,0.0,0.03368815576514159,0.021448612656391735
P2,R04,training,25,10,0,0.0,0.0,0.03368815576514159,0.021549986607323598
P2,R04,training,25,11,0,0.0,0.0,0.03368815576514159,0.021651303771720712
P2,R04,training,25,12,0,0.0,0.0,0.03368815576514159,0.021752558855296242
P2,R04,training,25,13,0,0.0,0.0,0.03368815576514159,0.021853746543558848
P2,R04,training,25,14,0,0.0,0.0,0.03368815576514159,0.021954861502245602
P2,R04,training,25,15,0,0.0,0.0,0.03368815576514159,0.022055898377759352
P2,R04,training,25,16,0,0.0,0.0,0.03488811806349229,0.022946072406557834
P2,R04,training,25,17,0,0.0,0.0,0.03488811806349229,0.023050529746538123
P2,R04,training,25,18,0,0.0,0.0,0.03488811806349229,0.023154889473634033
P2,R04,training,25,19,0,0.0,0.0,0.03488811806349229,0.02325914596808381
P2,R04,training,25,20,0,0.0,0.0,0.03488811806349229,0.023363293592435413
P2,R04,training,25,21,0,0.0,0.0,0.03488811806349229,0.023467326692026245
P2,R04,training,25,22,0,0.0,0.0,0.03488811806349229,0.0235712395954672
P2,R04,training,25,23,0,0.0,0.0,0.03488811806349229,0.023675026615130934
P2,R04,training,25,24,0,0.0,0.0,0.03488811806349229,0.023778682047644294
P2,R04,training,25,25,0,0.0,0.0,0.03488811806349229,0.023882200174384912
P2,R04,training,25,26,0,0.0,0.0,0.03488811806349229,0.02398557526198187
P2,R04,training,25,27,0,0.0,0.0,0.03488811806349229,0.02408880156282032
P2,R04,training,25,28,0,0.0,0.0,0.03488811806349229,0.024191873315550165
P2,R04,training,25,29,0,0.0,0.0,0.03488811806349229,0.02429478474559852
P2,R04,training,25,30,0,0.0,0.0,0.03488811806349229,0.024397530065686113
P2,R04,training,25,31,0,0.0,0.0,0.03488811806349229,0.02450010347634742
P2,R04,training,25,32,0,0.0,0.0,0.035771314977140097,0.02522531439805544
P2,R04,training,25,33,0,0.0,0.0,0.035771314977140097,0.025330114058173155
P2,R04,training,25,34,0,0.0,0.0,0.035771314977140097,0.025434719548538924
P2,R04,training,25,35,0,0.0,0.0,0.035771314977140097,0.025539124878302354
P2,R04,training,25,36,0,0.0,0.0,0.035771314977140097,0.02564332404684069
P2,R04,training,25,37,0,0.0,0.0,0.035771314977140097,0.02574731104431405
P2,R04,training,25,38,0,0.0,0.0,0.035771314977140097,0.025851079852224023
P2,R04,training,25,39,0,0.0,0.0,0.035771314977140097,0.02595462444397562
P2,R04,training,25,40,0,0.0,0.0,0.035771314977140097,0.026057938785442537
P2,R04,training,25,41,0,0.0,0.0,0.035771314977140097,0.026161016835535577
P2,R04,training,25,42,0,0.0,0.0,0.035771314977140097,0.026263852546774238
P2,R04,training,25,43,0,0.0,0.0,0.035771314977140097,0.026366439865861326
P2,R04,training,25,44,0,0.0,0.0,0.035771314977140097,0.02646877273426062
P2,R04,training,25,45,0,0.0,0.0,0.035771314977140097,0.026570845088777363
P2,R04,training,25,46,0,0.0,0.0,0.035771314977140097,0.026672650862141656
P2,R04,training,25,47,0,0.0,0.0,0.035771314977140097,0.02677418398359461
P2,R04,training,25,48,0,0.0,0.0,0.03631192917177885,0.027281608616281944
P2,R04,training,25,49,0,0.0,0.0,0.03631192917177885,0.027384104170629756
P2,R04,training,25,50,0,0.0,0.0,0.03631192917177885,0.02748630444968021
P2,R04,training,25,51,0,0.0,0.0,0.03631192917177885,0.027588203282762992
P2,R04,training,25,52,0,0.0,0.0,0.03631192917177885,0.02768979449868032
P2,R04,training,25,53,0,0.0,0.0,0.03631192917177885,0.027791071926317135
P2,R04,training,25,54,0,0.0,0.0,0.03631192917177885,0.027892029395253485
P2,R04,training,25,55,0,0.0,0.0,0.03631192917177885,0.0279926607363791
P2,R04,training,25,56,0,0.0,0.0,0.03631192917177885,0.028092959782510023
P2,R04,training,25,57,0,0.0,0.0,0.03631192917177885,0.028192920369007262
P2,R04,training,25,58,0,0.0,0.0,0.03631192917177885,0.02829253633439734
P2,R04,training,25,59,0,0.0,0.0,0.03631192917177885,0.028391801520994627
P2,R04,training,25,60,0,0.0,0.0,0.03631192917177885,0.028490709775525487
P2,R04,training,25,61,0,0.0,0.0,0.03631192917177885,0.02858925494975402
P2,R04,training,25,62,0,0.0,0.0,0.03631192917177885,0.028687430901109364
P2,R04,training,25,63,0,0.0,0.0,0.03631192917177885,0.028785231493314516
P2,R04,training,25,64,0,1.0,0.5003171217004974,0.03649394347419748,0.029027425485608833
P2,R04,training,25,65,0,1.0,0.5003171217004974,0.03649394347419748,0.029124943351394872
P2,R04,training,25,66,0,1.0,0.5003171217004974,0.03649394347419748,0.029222065519721688
P2,R04,training,25,67,0,1.0,0.5003171217004974,0.03649394347419748,0.02931878585520163
P2,R04,training,25,68,0,1.0,0.5003171217004974,0.03649394347419748,0.029415098231951306
P2,R04,training,25,69,0,1.0,0.5003171217004974,0.03649394347419748,0.029510996534230487
P2,R04,training,25,70,0,1.0,0.5003171217004974,0.03649394347419748,0.029606474657081966
P2,R04,training,25,71,0,1.0,0.5003171217004974,0.03649394347419748,0.029701526506972102
P2,R04,training,25,72,0,1.0,0.5003171217004974,0.03649394347419748,0.029796146002432043
P2,R04,training,25,73,0,1.0,0.5003171217004974,0.03649394347419748,0.029890327074699522
P2,R04,training,25,74,0,1.0,0.5003171217004974,0.03649394347419748,0.029984063668361156
P2,R04,training,25,75,0,1.0,0.5003171217004974,0.03649394347419748,0.030077349741995083
P2,R04,training,25,76,0,1.0,0.5003171217004974,0.03649394347419748,0.030170179268813935
P2,R04,training,25,77,0,1.0,0.5003171217004974,0.03649394347419748,0.03026254623730794
P2,R04,training,25,78,0,1.0,0.5003171217004974,0.03649394347419748,0.030354444651888215
P2,R04,training,25,79,0,1.0,0.5003171217004974,0.03649394347419748,0.03044586853352999
P2,R04,training,25,80,0,0.0,0.0,0.03631192917177885,0.030384508935573536
P2,R04,training,25,81,0,0.0,0.0,0.03631192917177885,0.03047451472782489
P2,R04,training,25,82,0,0.0,0.0,0.03631192917177885,0.03056403061155529
P2,R04,training,25,83,0,0.0,0.0,0.03631192917177885,0.0306530507098836
P2,R04,training,25,84,0,0.0,0.0,0.03631192917177885,0.03074156916560709
P2,R04,training,25,85,0,0.0,0.0,0.03631192917177885,0.030829580141839504
P2,R04,training,25,86,0,0.0,0.0,0.03631192917177885,0.030917077822648433
P2,R04,training,25,87,0,0.0,0.0,0.03631192917177885,0.031004056413691944
P2,R04,training,25,88,0,0.0,0.0,0.03631192917177885,0.031090510142854334
P2,R04,training,25,89,0,0.0,0.0,0.03631192917177885,0.031176433260880966
P2,R04,training,25,90,0,0.0,0.0,0.03631192917177885,0.03126182004201196
P2,R04,training,25,91,0,0.0,0.0,0.03631192917177885,0.031346664784614835
P2,R04,training,25,92,0,0.0,0.0,0.03631192917177885,0.03143096181181586
P2,R04,training,25,93,0,0.0,0.0,0.03631192917177885,0.03151470547213
P2,R04,training,25,94,0,0.0,0.0,0.03631192917177885,0.03159789014008953
P2,R04,training,25,95,0,0.0,0.0,0.03631192917177885,0.031680510216871016
P2,R04,training,25,96,0,0.0,0.0,0.035771314977140097,0.03128967721733022
P2,R04,training,25,97,0,0.0,0.0,0.035771314977140097,0.031369938432063274
P2,R04,training,25,98,0,0.0,0.0,0.035771314977140097,0.03144962707852012
P2,R04,training,25,99,0,0.0,0.0,0.035771314977140097,0.03152873775236648
P2,R04,training,25,100,0,0.0,0.0,0.035771314977140097,0.031607265078577945
P2,R04,training,25,101,0,0.0,0.0,0.035771314977140097,0.03168520371204653
P2,R04,training,25,102,0,0.0,0.0,0.035771314977140097,0.03176254833818506
P2,R04,training,25,103,0,0.0,0.0,0.035771314977140097,0.03183929367352922
P2,R04,training,25,104,0,0.0,0.0,0.035771314977140097,0.03191543446633731
P2,R04,training,25,105,0,0.0,0.0,0.035771314977140097,0.031990965497187385
P2,R04,training,25,106,0,0.0,0.0,0.035771314977140097,0.032065881579572
P2,R04,training,25,107,0,0.0,0.0,0.035771314977140097,0.03214017756049015
P2,R04,training,25,108,0,0.0,0.0,0.035771314977140097,0.03221384832103656
P2,R04,training,25,109,0,0.0,0.0,0.035771314977140097,0.03228688877698801
P2,R04,training,25,110,0,0.0,0.0,0.035771314977140097,0.032359293879386804
P2,R04,training,25,111,0,0.0,0.0,0.035771314977140097,0.03243105861512118
P2,R04,training,25,112,0,0.0,0.0,0.03488811806349229,0.03169969637322656
P2,R04,training,25,113,0,0.0,0.0,0.03488811806349229,0.03176842559405482
P2,R04,training,25,114,0,0.0,0.0,0.03488811806349229,0.03183651580629483
P2,R04,training,25,115,0,0.0,0.0,0.03488811806349229,0.031903962266050766
P2,R04,training,25,116,0,0.0,0.0,0.03488811806349229,0.031970760267170446
P2,R04,training,25,117,0,0.0,0.0,0.03488811806349229,0.03203690514179166
P2,R04,training,25,118,0,0.0,0.0,0.03488811806349229,0.03210239226088501
P2,R04,training,25,119,0,0.0,0.0,0.03488811806349229,0.03216721703479298
P2,R04,training,25,120,0,0.0,0.0,0.03488811806349229,0.032231374913765334
P2,R04,training,25,121,0,0.0,0.0,0.03488811806349229,0.032294861388490546
P2,R04,training,25,122,0,0.0,0.0,0.03488811806349229,0.032357671990623414
P2,R04,training,25,123,0,0.0,0.0,0.03488811806349229,0.03241980229330853
P2,R04,training,25,124,0,0.0,0.0,0.03488811806349229,0.03248124791169968
P2,R04,training,25,125,0,0.0,0.0,0.03488811806349229,0.03254200450347508
P2,R04,training,25,126,0,0.0,0.0,0.03488811806349229,0.032602067769348285
P2,R04,training,25,127,0,0.0,0.0,0.03488811806349229,0.032661433453574716
P2,R04,training,25,128,0,0.0,0.0,0.03368815576514159,0.03159470321627937
P2,R04,training,25,129,0,0.0,0.0,0.03368815576514159,0.031650667707762245
P2,R04,training,25,130,0,0.0,0.0,0.03368815576514159,0.03170594653961062
P2,R04,training,25,131,0,0.0,0.0,0.03368815576514159,0.03176053577543566
P2,R04,training,25,132,0,0.0,0.0,0.03368815576514159,0.031814431523272374
P2,R04,training,25,133,0,0.0,0.0,0.03368815576514159,0.03186762993604173
P2,R04,training,25,134,0,0.0,0.0,0.03368815576514159,0.031920127212008036
P2,R04,training,25,135,0,0.0,0.0,0.03368815576514159,0.031971919595231484
P2,R04,training,25,136,0,0.0,0.0,0.03368815576514159,0.032023003376015734
P2,R04,training,25,137,0,0.0,0.0,0.03368815576514159,0.03207337489135055
P2,R04,training,25,138,0,0.0,0.0,0.03368815576514159,0.032123030525349316
P2,R04,training,25,139,0,0.0,0.0,0.03368815576514159,0.032171966709681456
P2,R04,training,25,140,0,0.0,0.0,0.03368815576514159,0.032220179923999594
P2,R04,training,25,141,0,0.0,0.0,0.03368815576514159,0.032267666696361476
P2,R04,training,25,142,0,0.0,0.0,0.03368815576514159,0.03231442360364649
P2,R04,training,25,143,0,0.0,0.0,0.03368815576514159,0.03236044727196679
P2,R04,training,25,144,0,0.0,0.0,0.032205792079076596,0.030979800461434014
P2,R04,training,25,145,0,0.0,0.0,0.032205792079076596,0.031022387537159475
P2,R04,training,25,146,0,0.0,0.0,0.032205792079076596,0.031064264248245595
P2,R04,training,25,147,0,0.0,0.0,0.032205792079076596,0.03110542756135382
P2,R04,training,25,148,0,0.0,0.0,0.032205792079076596,0.03114587449209698
P2,R04,training,25,149,0,0.0,0.0,0.032205792079076596,0.031185602105399834
P2,R04,training,25,150,0,0.0,0.0,0.032205792079076596,0.031224607515853958
P2,R04,training,25,151,0,0.0,0.0,0.032205792079076596,0.031262887888066956
P2,R04,training,25,152,0,0.0,0.0,0.032205792079076596,0.0313004404370059
P2,R04,training,25,153,0,0.0,0.0,0.032205792079076596,0.03133726242833501
P2,R04,training,25,154,0,0.0,0.0,0.032205792079076596,0.031373351178747365
P2,R04,training,25,155,0,0.0,0.0,0.032205792079076596,0.03140870405629082
P2,R04,training,25,156,0,0.0,0.0,0.032205792079076596,0.03144331848068781
P2,R04,training,25,157,0,0.0,0.0,0.032205792079076596,0.03147719192364922
P2,R04,training,25,158,0,0.0,0.0,0.032205792079076596,0.03151032190918216
P2,R04,training,25,159,0,0.0,0.0,0.032205792079076596,0.0315427060138915
P2,R04,training,25,160,0,0.0,0.0,0.030482303880923944,0.02988464563378199
P2,R04,training,25,161,0,0.0,0.0,0.030482303880923944,0.02991387809707762
P2,R04,training,25,162,0,0.0,0.0,0.030482303880923944,0.02994239801559382
P2,R04,training,25,163,0,0.0,0.0,0.030482303880923944,0.029970203297491994
P2,R04,training,25,164,0,0.0,0.0,0.030482303880923944,0.029997291902055072
P2,R04,training,25,165,0,0.0,0.0,0.030482303880923944,0.030023661839937123
P2,R04,training,25,166,0,0.0,0.0,0.030482303880923944,0.03004931117340682
P2,R04,training,25,167,0,0.0,0.0,0.030482303880923944,0.030074238016584744
P2,R04,training,25,168,0,0.0,0.0,0.030482303880923944,0.030098440535674488
P2,R04,training,25,169,0,0.0,0.0,0.030482303880923944,0.03012191694918747
P2,R04,training,25,170,0,0.0,0.0,0.030482303880923944,0.03014466552816151
P2,R04,training,25,171,0,0.0,0.0,0.030482303880923944,0.03016668459637299
P2,R04,training,25,172,0,0.0,0.0,0.030482303880923944,0.03018797253054276
P2,R04,training,25,173,0,0.0,0.0,0.030482303880923944,0.030208527760535547
P2,R04,training,25,174,0,0.0,0.0,0.030482303880923944,0.030228348769552972
P2,R04,training,25,175,0,0.0,0.0,0.030482303880923944,0.03024743409432009
P2,R04,training,25,176,0,0.0,0.0,0.02856397517559658,0.02836107987066913
P2,R04,training,25,177,0,0.0,0.0,0.02856397517559658,0.028377581423883507
P2,R04,training,25,178,0,0.0,0.0,0.02856397517559658,0.02839338978034845
P2,R04,training,25,179,0,0.0,0.0,0.02856397517559658,0.028408503771122633
P2,R04,training,25,180,0,0.0,0.0,0.02856397517559658,0.028422922278201843
P2,R04,training,25,181,0,0.0,0.0,0.02856397517559658,0.02843664423465683
P2,R04,training,25,182,0,0.0,0.0,0.02856397517559658,0.028449668624764876
P2,R04,training,25,183,0,0.0,0.0,0.02856397517559658,0.028461994484135108
P2,R04,training,25,184,0,0.0,0.0,0.02856397517559658,0.028473620899827513
P2,R04,training,25,185,0,0.0,0.0,0.02856397517559658,0.02848454701046562
P2,R04,training,25,186,0,0.0,0.0,0.02856397517559658,0.028494772006342893
P2,R04,training,25,187,0,0.0,0.0,0.02856397517559658,0.028504295129522694
P2,R04,training,25,188,0,0.0,0.0,0.02856397517559658,0.02851311567393196
P2,R04,training,25,189,0,0.0,0.0,0.02856397517559658,0.028521232985448435
P2,R04,training,25,190,0,0.0,0.0,0.02856397517559658,0.02852864646198152
P2,R04,training,25,191,0,0.0,0.0,0.02856397517559658,0.0285353555535467
P2,R04,training,25,192,0,0.0,0.0,0.0,0.0
P2,R04,training,25,193,0,0.0,0.0,0.0,0.0
P2,R04,training,25,194,0,0.0,0.0,0.0,0.0
P2,R04,training,25,195,0,0.0,0.0,0.0,0.0
P2,R04,training,25,196,0,0.0,0.0,0.0,0.0
P2,R04,training,25,197,0,0.0,0.0,0.0,0.0
P2,R04,training,25,198,0,0.0,0.0,0.0,0.0
P2,R04,training,25,199,0,0.0,0.0,0.0,0.0
P2,R04,training,25,200,0,0.0,0.0,0.0,0.0
P2,R04,training,25,201,0,0.0,0.0,0.0,0.0
P2,R04,training,25,202,0,0.0,0.0,0.0,0.0
P2,R04,training,25,203,0,0.0,0.0,0.0,0.0
P2,R04,training,25,204,0,0.0,0.0,0.0,0.0
P2,R04,training,25,205,0,0.0,0.0,0.0,0.0
P2,R04,training,25,206,0,0.0,0.0,0.0,0.0
P2,R04,training,25,207,0,0.0,0.0,0.0,0.0
P2,R04,training,25,208,0,0.0,0.0,0.0,0.0
P2,R04,training,25,209,0,0.0,0.0,0.0,0.0
P2,R04,training,25,210,0,0.0,0.0,0.0,0.0
P2,R04,training,25,211,0,0.0,0.0,0.0,0.0
P2,R04,training,25,212,0,0.0,0.0,0.0,0.0
P2,R04,training,25,213,0,0.0,0.0,0.0,0.0
P2,R04,training,25,214,0,0.0,0.0,0.0,0.0
P2,R04,training,25,215,0,0.0,0.0,0.0,0.0
P2,R04,training,25,216,0,0.0,0.0,0.0,0.0
P2,R04,training,25,217,0,0.0,0.0,0.0,0.0
P2,R04,training,25,218,0,0.0,0.0,0.0,0.0
P2,R04,training,25,219,0,0.0,0.0,0.0,0.0
P2,R04,training,25,220,0,0.0,0.0,0.0,0.0
P2,R04,training,25,221,0,0.0,0.0,0.0,0.0
P2,R04,training,25,222,0,0.0,0.0,0.0,0.0
P2,R04,training,25,223,0,0.0,0.0,0.0,0.0
P2,R04,training,25,224,0,0.0,0.0,0.0,0.0
P2,R04,training,25,225,0,0.0,0.0,0.0,0.0
P2,R04,training,25,226,0,0.0,0.0,0.0,0.0
P2,R04,training,25,227,0,0.0,0.0,0.0,0.0
P2,R04,training,25,228,0,0.0,0.0,0.0,0.0
P2,R04,training,25,229,0,0.0,0.0,0.0,0.0
P2,R04,training,25,230,0,0.0,0.0,0.0,0.0
P2,R04,training,25,231,0,0.0,0.0,0.0,0.0
P2,R04,training,25,232,0,0.0,0.0,0.0,0.0
P2,R04,training,25,233,0,0.0,0.0,0.0,0.0
P2,R04,training,25,234,0,0.0,0.0,0.0,0.0
P2,R04,training,25,235,0,0.0,0.0,0.0,0.0
P2,R04,training,25,236,0,0.0,0.0,0.0,0.0
P2,R04,training,25,237,0,0.0,0.0,0.0,0.0
P2,R04,training,25,238,0,0.0,0.0,0.0,0.0
P2,R04,training,25,239,0,0.0,0.0,0.0,0.0
P2,R04,training,25,240,0,0.0,0.0,0.0,0.0
P2,R04,training,25,241,0,0.0,0.0,0.0,0.0
P2,R04,training,25,242,0,0.0,0.0,0.0,0.0
P2,R04,training,25,243,0,0.0,0.0,0.0,0.0
P2,R04,training,25,244,0,0.0,0.0,0.0,0.0
P2,R04,training,25,245,0,0.0,0.0,0.0,0.0
P2,R04,training,25,246,0,0.0,0.0,0.0,0.0
P2,R04,training,25,247,0,0.0,0.0,0.0,0.0
P2,R04,training,25,248,0,0.0,0.0,0.0,0.0
P2,R04,training,25,249,0,0.0,0.0,0.0,0.0
P2,R04,training,25,250,0,0.0,0.0,0.0,0.0
P2,R04,training,25,251,0,0.0,0.0,0.0,0.0
P2,R04,training,25,252,0,0.0,0.0,0.0,0.0
P2,R04,training,25,253,0,0.0,0.0,0.0,0.0
P2,R04,training,25,254,0,0.0,0.0,0.0,0.0
P2,R04,training,25,255,0,0.0,0.0,0.0,0.0
P2,R04,training,25,256,0,0.0,0.0,0.0,0.0
P2,R04,training,25,257,0,0.0,0.0,0.0,0.0
P2,R04,training,25,258,0,0.0,0.0,0.0,0.0
P2,R04,training,25,259,0,0.0,0.0,0.0,0.0
P2,R04,training,25,260,0,0.0,0.0,0.0,0.0
P2,R04,training,25,261,0,0.0,0.0,0.0,0.0
P2,R04,training,25,262,0,0.0,0.0,0.0,0.0
P2,R04,training,25,263,0,0.0,0.0,0.0,0.0
P2,R04,training,25,264,0,0.0,0.0,0.0,0.0
P2,R04,training,25,265,0,0.0,0.0,0.0,0.0
P2,R04,training,25,266,0,0.0,0.0,0.0,0.0
P2,R04,training,25,267,0,0.0,0.0,0.0,0.0
P2,R04,training,25,268,0,0.0,0.0,0.0,0.0
P2,R04,training,25,269,0,0.0,0.0,0.0,0.0
P2,R04,training,25,270,0,0.0,0.0,0.0,0.0
P2,R04,training,25,271,0,0.0,0.0,0.0,0.0
P2,R04,training,25,272,0,0.0,0.0,0.0,0.0
P2,R04,training,25,273,0,0.0,0.0,0.0,0.0
P2,R04,training,25,274,0,0.0,0.0,0.0,0.0
P2,R04,training,25,275,0,0.0,0.0,0.0,0.0
P2,R04,training,25,276,0,0.0,0.0,0.0,0.0
P2,R04,training,25,277,0,0.0,0.0,0.0,0.0
P2,R04,training,25,278,0,0.0,0.0,0.0,0.0
P2,R04,training,25,279,0,0.0,0.0,0.0,0.0
P2,R04,training,25,280,0,0.0,0.0,0.0,0.0
P2,R04,training,25,281,0,0.0,0.0,0.0,0.0
P2,R04,training,25,282,0,0.0,0.0,0.0,0.0
P2,R04,training,25,283,0,0.0,0.0,0.0,0.0
P2,R04,training,25,284,0,0.0,0.0,0.0,0.0
P2,R04,training,25,285,0,0.0,0.0,0.0,0.0
P2,R04,training,25,286,0,0.0,0.0,0.0,0.0
P2,R04,training,25,287,0,0.0,0.0,0.0,0.0
P2,R04,training,25,288,0,0.0,0.0,0.0,0.0
P2,R04,training,25,289,0,0.0,0.0,0.0,0.0
P2,R04,training,25,290,0,0.0,0.0,0.0,0.0
P2,R04,training,25,291,0,0.0,0.0,0.0,0.0
P2,R04,training,25,292,0,0.0,0.0,0.0,0.0
P2,R04,training,25,293,0,0.0,0.0,0.0,0.0
P2,R04,training,25,294,0,0.0,0.0,0.0,0.0
P2,R04,training,25,295,0,0.0,0.0,0.0,0.0
P2,R04,training,25,296,0,0.0,0.0,0.0,0.0
P2,R04,training,25,297,0,0.0,0.0,0.0,0.0
P2,R04,training,25,298,0,0.0,0.0,0.0,0.0
P2,R04,training,25,299,0,0.0,0.0,0.0,0.0
P2,R04,training,25,300,0,0.0,0.0,0.0,0.0
P2,R04,training,25,301,0,0.0,0.0,0.0,0.0
P2,R04,training,25,302,0,0.0,0.0,0.0,0.0
P2,R04,training,25,303,0,0.0,0.0,0.0,0.0
P2,R04,training,25,304,0,0.0,0.0,0.0,0.0
P2,R04,training,25,305,0,0.0,0.0,0.0,0.0
P2,R04,training,25,306,0,0.0,0.0,0.0,0.0
P2,R04,training,25,307,0,0.0,0.0,0.0,0.0
P2,R04,training,25,308,0,0.0,0.0,0.0,0.0
P2,R04,training,25,309,0,0.0,0.0,0.0,0.0
P2,R04,training,25,310,0,0.0,0.0,0.0,0.0
P2,R04,training,25,311,0,0.0,0.0,0.0,0.0
P2,R04,training,25,312,0,0.0,0.0,0.0,0.0
P2,R04,training,25,313,0,0.0,0.0,0.0,0.0
P2,R04,training,25,314,0,0.0,0.0,0.0,0.0
P2,R04,training,25,315,0,0.0,0.0,0.0,0.0
P2,R04,training,25,316,0,0.0,0.0,0.0,0.0
P2,R04,training,25,317,0,0.0,0.0,0.0,0.0
P2,R04,training,25,318,0,0.0,0.0,0.0,0.0
P2,R04,training,25,319,0,0.0,0.0,0.0,0.0
P2,R04,training,25,320,0,0.0,0.0,0.0,0.0
P2,R04,training,25,321,0,0.0,0.0,0.0,0.0
P2,R04,training,25,322,0,0.0,0.0,0.0,0.0
P2,R04,training,25,323,0,0.0,0.0,0.0,0.0
P2,R04,training,25,324,0,0.0,0.0,0.0,0.0
P2,R04,training,25,325,0,0.0,0.0,0.0,0.0
P2,R04,training,25,326,0,0.0,0.0,0.0,0.0
P2,R04,training,25,327,0,0.0,0.0,0.0,0.0
P2,R04,training,25,328,0,0.0,0.0,0.0,0.0
P2,R04,training,25,329,0,0.0,0.0,0.0,0.0
P2,R04,training,25,330,0,0.0,0.0,0.0,0.0
P2,R04,training,25,331,0,0.0,0.0,0.0,0.0
P2,R04,training,25,332,0,0.0,0.0,0.0,0.0
P2,R04,training,25,333,0,0.0,0.0,0.0,0.0
P2,R04,training,25,334,0,0.0,0.0,0.0,0.0
P2,R04,training,25,335,0,0.0,0.0,0.0,0.0
P2,R04,training,25,336,0,0.0,0.0,0.0,0.0
P2,R04,training,25,337,0,0.0,0.0,0.0,0.0
P2,R04,training,25,338,0,0.0,0.0,0.0,0.0
P2,R04,training,25,339,0,0.0,0.0,0.0,0.0
P2,R04,training,25,340,0,0.0,0.0,0.0,0.0
P2,R04,training,25,341,0,0.0,0.0,0.0,0.0
P2,R04,training,25,342,0,0.0,0.0,0.0,0.0
P2,R04,training,25,343,0,0.0,0.0,0.0,0.0
P2,R04,training,25,344,0,0.0,0.0,0.0,0.0
P2,R04,training,25,345,0,0.0,0.0,0.0,0.0
P2,R04,training,25,346,0,0.0,0.0,0.0,0.0
P2,R04,training,25,347,0,0.0,0.0,0.0,0.0
P2,R04,training,25,348,0,0.0,0.0,0.0,0.0
P2,R04,training,25,349,0,0.0,0.0,0.0,0.0
P2,R04,training,25,350,0,0.0,0.0,0.0,0.0
P2,R04,training,25,351,0,0.0,0.0,0.0,0.0
P2,R04,training,25,352,0,0.0,0.0,0.0,0.0
P2,R04,training,25,353,0,0.0,0.0,0.0,0.0
P2,R04,training,25,354,0,0.0,0.0,0.0,0.0
P2,R04,training,25,355,0,0.0,0.0,0.0,0.0
P2,R04,training,25,356,0,0.0,0.0,0.0,0.0
P2,R04,training,25,357,0,0.0,0.0,0.0,0.0
P2,R04,training,25,358,0,0.0,0.0,0.0,0.0
P2,R04,training,25,359,0,0.0,0.0,0.0,0.0
P2,R04,training,25,360,0,0.0,0.0,0.0,0.0
P2,R04,training,25,361,0,0.0,0.0,0.0,0.0
P2,R04,training,25,362,0,0.0,0.0,0.0,0.0
P2,R04,training,25,363,0,0.0,0.0,0.0,0.0
P2,R04,training,25,364,0,0.0,0.0,0.0,0.0
P2,R04,training,25,365,0,0.0,0.0,0.0,0.0
P2,R04,training,25,366,0,0.0,0.0,0.0,0.0
P2,R04,training,25,367,0,0.0,0.0,0.0,0.0
P2,R04,training,25,368,0,0.0,0.0,0.0,0.0
P2,R04,training,25,369,0,0.0,0.0,0.0,0.0
P2,R04,training,25,370,0,0.0,0.0,0.0,0.0
P2,R04,training,25,371,0,0.0,0.0,0.0,0.0
P2,R04,training,25,372,0,0.0,0.0,0.0,0.0
P2,R04,training,25,373,0,0.0,0.0,0.0,0.0
P2,R04,training,25,374,0,0.0,0.0,0.0,0.0
P2,R04,training,25,375,0,0.0,0.0,0.0,0.0
P2,R04,training,25,376,0,0.0,0.0,0.0,0.0
P2,R04,training,25,377,0,0.0,0.0,0.0,0.0
P2,R04,training,25,378,0,0.0,0.0,0.0,0.0
P2,R04,training,25,379,0,0.0,0.0,0.0,0.0
P2,R04,training,25,380,0,0.0,0.0,0.0,0.0
P2,R04,training,25,381,0,0.0,0.0,0.0,0.0
P2,R04,training,25,382,0,0.0,0.0,0.0,0.0
P2,R04,training,25,383,0,0.0,0.0,0.0,0.0
P2,R04,training,25,384,0,0.0,0.0,0.0,0.0
P2,R04,training,25,385,0,0.0,0.0,0.0,0.0
P2,R04,training,25,386,0,0.0,0.0,0.0,0.0
P2,R04,training,25,387,0,0.0,0.0,0.0,0.0
P2,R04,training,25,388,0,0.0,0.0,0.0,0.0
P2,R04,training,25,389,0,0.0,0.0,0.0,0.0
P2,R04,training,25,390,0,0.0,0.0,0.0,0.0
P2,R04,training,25,391,0,0.0,0.0,0.0,0.0
P2,R04,training,25,392,0,0.0,0.0,0.0,0.0
P2,R04,training,25,393,0,0.0,0.0,0.0,0.0
P2,R04,training,25,394,0,0.0,0.0,0.0,0.0
P2,R04,training,25,395,0,0.0,0.0,0.0,0.0
P2,R04,training,25,396,0,0.0,0.0,0.0,0.0
P2,R04,training,25,397,0,0.0,0.0,0.0,0.0
P2,R04,training,25,398,0,0.0,0.0,0.0,0.0
P2,R04,training,25,399,0,0.0,0.0,0.0,0.0
P2,R04,training,25,400,0,0.0,0.0,0.0,0.0
P2,R04,training,25,401,0,0.0,0.0,0.0,0.0
P2,R04,training,25,402,0,0.0,0.0,0.0,0.0
P3,R04,training,25,0,0,1.0,0.50046639265226,0.23193008667503523,0.1413725669180272
P3,R04,training,25,1,0,1.0,0.50046639265226,0.23193008667503523,0.1420723906120493
P3,R04,training,25,2,0,1.0,0.50046639265226,0.23193008667503523,0.14277214465908755
P3,R04,training,25,3,0,1.0,0.50046639265226,0.23193008667503523,0.1434717939907972
P3,R04,training,25,4,0,1.0,0.50046639265226,0.23193008667503523,0.14417130337434192
P3,R04,training,25,5,0,1.0,0.50046639265226,0.23193008667503523,0.1448706374150847
P3,R04,training,25,6,0,1.0,0.50046639265226,0.23193008667503523,0.14556976055931184
P3,R04,training,25,7,0,1.0,0.50046639265226,0.23193008667503523,0.1462686370969895
P3,R04,training,25,8,0,1.0,0.50046639265226,0.23193008667503523,0.14696723116455387
P3,R04,training,25,9,0,1.0,0.50046639265226,0.23193008667503523,0.14766550674773288
P3,R04,training,25,10,0,1.0,0.50046639265226,0.23193008667503523,0.1483634276844007
P3,R04,training,25,11,0,1.0,0.50046639265226,0.23193008667503523,0.14906095766746394
P3,R04,training,25,12,0,1.0,0.50046639265226,0.23193008667503523,0.1497580602477797
P3,R04,training,25,13,0,1.0,0.50046639265226,0.23193008667503523,0.15045469883710483
P3,R04,training,25,14,0,1.0,0.50046639265226,0.23193008667503523,0.15115083671107618
P3,R04,training,25,15,0,1.0,0.50046639265226,0.23193008667503523,0.15184643701222197
P3,R04,training,25,16,0,0.0,0.0,0.2680243505350223,0.1762808226830919
P3,R04,training,25,17,0,0.0,0.0,0.2680243505350223,0.17708330536948622
P3,R04,training,25,18,0,0.0,0.0,0.2680243505350223,0.17788503815501477
P3,R04,training,25,19,0,0.0,0.0,0.2680243505350223,0.1786859778664405
P3,R04,training,25,20,0,0.0,0.0,0.2680243505350223,0.17948608119462242
P3,R04,training,25,21,0,0.0,0.0,0.2680243505350223,0.1802853046982013
P3,R04,training,25,22,0,0.0,0.0,0.2680243505350223,0.18108360480731822
P3,R04,training,25,23,0,0.0,0.0,0.2680243505350223,0.18188093782736572
P3,R04,training,25,24,0,0.0,0.0,0.2680243505350223,0.18267725994277073
P3,R04,training,25,25,0,0.0,0.0,0.2680243505350223,0.18347252722080973
P3,R04,training,25,26,0,0.0,0.0,0.2680243505350223,0.18426669561545492
P3,R04,training,25,27,0,0.0,0.0,0.2680243505350223,0.18505972097125106
P3,R04,training,25,28,0,0.0,0.0,0.2680243505350223,0.18585155902722322
P3,R04,training,25,29,0,0.0,0.0,0.2680243505350223,0.18664216542081383
P3,R04,training,25,30,0,0.0,0.0,0.2680243505350223,0.18743149569184978
P3,R04,training,25,31,0,0.0,0.0,0.2680243505350223,0.1882195052865383
P3,R04,training,25,32,0,0.0,0.49989526657410716,0.2754056386217309,0.19421130662012434
P3,R04,training,25,33,0,0.0,0.49989526657410716,0.2754056386217309,0.19501816589662857
P3,R04,training,25,34,0,0.0,0.49989526657410716,0.2754056386217309,0.1958235302478115
P3,R04,training,25,35,0,0.0,0.49989526657410716,0.2754056386217309,0.1966273535497333
P3,R04,training,25,36,0,0.0,0.49989526657410716,0.2754056386217309,0.19742958960321616
P3,R04,training,25,37,0,0.0,0.49989526657410716,0.2754056386217309,0.19823019213811904
P3,R04,training,25,38,0,0.0,0.49989526657410716,0.2754056386217309,0.19902911481763821
P3,R04,training,25,39,0,0.0,0.49989526657410716,0.2754056386217309,0.19982631124263403
P3,R04,training,25,40,0,0.0,0.49989526657410716,0.2754056386217309,0.20062173495598265
P3,R04,training,25,41,0,0.0,0.49989526657410716,0.2754056386217309,0.20141533944695253
P3,R04,training,25,42,0,0.0,0.49989526657410716,0.2754056386217309,0.20220707815560504
P3,R04,training,25,43,0,0.0,0.49989526657410716,0.2754056386217309,0.2029969044772185
P3,R04,training,25,44,0,0.0,0.49989526657410716,0.2754056386217309,0.20378477176673557
P3,R04,training,25,45,0,0.0,0.49989526657410716,0.2754056386217309,0.2045706333432326
P3,R04,training,25,46,0,0.0,0.49989526657410716,0.2754056386217309,0.20535444249441115
P3,R04,training,25,47,0,0.0,0.49989526657410716,0.2754056386217309,0.20613615248111075
P3,R04,training,25,48,0,1.0,0.5001047334258928,0.2803457795278957,0.2106273064734512
P3,R04,training,25,49,0,1.0,0.5001047334258928,0.2803457795278957,0.21141862207516024
P3,R04,training,25,50,0,1.0,0.5001047334258928,0.2803457795278957,0.21220765800775496
P3,R04,training,25,51,0,1.0,0.5001047334258928,0.2803457795278957,0.21299436663065505
P3,R04,training,25,52,0,1.0,0.5001047334258928,0.2803457795278957,0.2137787002992078
P3,R04,training,25,53,0,1.0,0.5001047334258928,0.2803457795278957,0.2145606113693993
P3,R04,training,25,54,0,1.0,0.5001047334258928,0.2803457795278957,0.21534005220258207
P3,R04,training,25,55,0,1.0,0.5001047334258928,0.2803457795278957,0.21611697517022002
P3,R04,training,25,56,0,1.0,0.5001047334258928,0.2803457795278957,0.2168913326586492
P3,R04,training,25,57,0,1.0,0.5001047334258928,0.2803457795278957,0.21766307707385407
P3,R04,training,25,58,0,1.0,0.5001047334258928,0.2803457795278957,0.21843216084625827
P3,R04,training,25,59,0,1.0,0.5001047334258928,0.2803457795278957,0.21919853643552953
P3,R04,training,25,60,0,1.0,0.5001047334258928,0.2803457795278957,0.21996215633539837
P3,R04,training,25,61,0,1.0,0.5001047334258928,0.2803457795278957,0.22072297307848898
P3,R04,training,25,62,0,1.0,0.5001047334258928,0.2803457795278957,0.2214809392411625
P3,R04,training,25,63,0,1.0,0.5001047334258928,0.2803457795278957,0.22223600744837171
P3,R04,training,25,64,0,1.0,0.5003171217004974,0.2827070090514411,0.22486626158398484
P3,R04,training,25,65,0,1.0,0.5003171217004974,0.2827070090514411,0.22562170157048408
P3,R04,training,25,66,0,1.0,0.5003171217004974,0.2827070090514411,0.22637407621422947
P3,R04,training,25,67,0,1.0,0.5003171217004974,0.2827070090514411,0.22712333798631834
P3,R04,training,25,68,0,1.0,0.5003171217004974,0.2827070090514411,0.22786943943147422
P3,R04,training,25,69,0,1.0,0.5003171217004974,0.2827070090514411,0.22861233317299673
P3,R04,training,25,70,0,1.0,0.5003171217004974,0.2827070090514411,0.2293519719177181
P3,R04,training,25,71,0,1.0,0.5003171217004974,0.2827070090514411,0.23008830846096526
P3,R04,training,25,72,0,1.0,0.5003171217004974,0.2827070090514411,0.23082129569152718
P3,R04,training,25,73,0,1.0,0.5003171217004974,0.2827070090514411,0.23155088659662687
P3,R04,training,25,74,0,1.0,0.5003171217004974,0.2827070090514411,0.2322770342668968
P3,R04,training,25,75,0,1.0,0.5003171217004974,0.2827070090514411,0.23299969190135736
P3,R04,training,25,76,0,1.0,0.5003171217004974,0.2827070090514411,0.23371881281239762
P3,R04,training,25,77,0,1.0,0.5003171217004974,0.2827070090514411,0.23443435043075755
P3,R04,training,25,78,0,1.0,0.5003171217004974,0.2827070090514411,0.23514625831051103
P3,R04,training,25,79,0,1.0,0.5003171217004974,0.2827070090514411,0.2358544901340489
P3,R04,training,25,80,0,0.0,0.4992893076299506,0.28242235736569127,0.23632081348222156
P3,R04,training,25,81,0,0.0,0.4992893076299506,0.28242235736569127,0.2370208492171433
P3,R04,training,25,82,0,0.0,0.4992893076299506,0.28242235736569127,0.237717074603165
P3,R04,training,25,83,0,0.0,0.4992893076299506,0.28242235736569127,0.2384094439318193
P3,R04,training,25,84,0,0.0,0.4992893076299506,0.28242235736569127,0.23909791164769123
P3,R04,training,25,85,0,0.0,0.4992893076299506,0.28242235736569127,0.2397824323533808
P3,R04,training,25,86,0,0.0,0.4992893076299506,0.28242235736569127,0.24046296081446
P3,R04,training,25,87,0,0.0,0.4992893076299506,0.28242235736569127,0.24113945196442474
P3,R04,training,25,88,0,0.0,0.4992893076299506,0.28242235736569127,0.2418118609096392
P3,R04,training,25,89,0,0.0,0.4992893076299506,0.28242235736569127,0.24248014293427342
P3,R04,training,25,90,0,0.0,0.4992893076299506,0.28242235736569127,0.24314425350523217
P3,R04,training,25,91,0,0.0,0.4992893076299506,0.28242235736569127,0.24380414827707517
P3,R04,training,25,92,0,0.0,0.4992893076299506,0.28242235736569127,0.24445978309692756
P3,R04,training,25,93,0,0.0,0.4992893076299506,0.28242235736569127,0.24511111400937968
P3,R04,training,25,94,0,0.0,0.4992893076299506,0.28242235736569127,0.24575809726137587
P3,R04,training,25,95,0,0.0,0.4992893076299506,0.28242235736569127,0.24640068930709116
P3,R04,training,25,96,0,0.0,0.4994124416688104,0.2794988023342717,0.24448157170790533
P3,R04,training,25,97,0,0.0,0.4994124416688104,0.2794988023342717,0.24510869188523507
P3,R04,training,25,98,0,0.0,0.4994124416688104,0.2794988023342717,0.24573133830621688
P3,R04,training,25,99,0,0.0,0.4994124416688104,0.2794988023342717,0.2463494687441402
P3,R04,training,25,100,0,0.0,0.4994124416688104,0.2794988023342717,0.24696304120130716
P3,R04,training,25,101,0,0.0,0.4994124416688104,0.2794988023342717,0.24757201391377134
P3,R04,training,25,102,0,0.0,0.4994124416688104,0.2794988023342717,0.24817634535606037
P3,R04,training,25,103,0,0.0,0.4994124416688104,0.2794988023342717,0.2487759942458802
P3,R04,training,25,104,0,0.0,0.4994124416688104,0.2794988023342717,0.24937091954880072
P3,R04,training,25,105,0,0.0,0.4994124416688104,0.2794988023342717,0.2499610804829224
P3,R04,training,25,106,0,0.0,0.4994124416688104,0.2794988023342717,0.25054643652352243
P3,R04,training,25,107,0,0.0,0.4994124416688104,0.2794988023342717,0.25112694740768043
P3,R04,training,25,108,0,0.0,0.4994124416688104,0.2794988023342717,0.2517025731388825
P3,R04,training,25,109,0,0.0,0.4994124416688104,0.2794988023342717,0.25227327399160276
P3,R04,training,25,110,0,0.0,0.4994124416688104,0.2794988023342717,0.2528390105158621
P3,R04,training,25,111,0,0.0,0.4994124416688104,0.2794988023342717,0.25339974354176326
P3,R04,training,25,112,0,1.0,0.5001743098918817,0.2740169944282498,0.24897460816521153
P3,R04,training,25,113,0,1.0,0.5001743098918817,0.2740169944282498,0.24951441872439628
P3,R04,training,25,114,0,1.0,0.5001743098918817,0.2740169944282498,0.25004921040545036
P3,R04,training,25,115,0,1.0,0.5001743098918817,0.2740169944282498,0.25057894594903896
P3,R04,training,25,116,0,1.0,0.5001743098918817,0.2740169944282498,0.25110358839227187
P3,R04,training,25,117,0,1.0,0.5001743098918817,0.2740169944282498,0.2516231010729947
P3,R04,training,25,118,0,1.0,0.5001743098918817,0.2740169944282498,0.25213744763405216
P3,R04,training,25,119,0,1.0,0.5001743098918817,0.2740169944282498,0.2526465920275224
P3,R04,training,25,120,0,1.0,0.5001743098918817,0.2740169944282498,0.2531504985189215
P3,R04,training,25,121,0,1.0,0.5001743098918817,0.2740169944282498,0.25364913169137837
P3,R04,training,25,122,0,1.0,0.5001743098918817,0.2740169944282498,0.2541424564497777
P3,R04,training,25,123,0,1.0,0.5001743098918817,0.2740169944282498,0.25463043802487173
P3,R04,training,25,124,0,1.0,0.5001743098918817,0.2740169944282498,0.2551130419773603
P3,R04,training,25,125,0,1.0,0.5001743098918817,0.2740169944282498,0.25559023420193666
P3,R04,training,25,126,0,1.0,0.5001743098918817,0.2740169944282498,0.25606198093130067
P3,R04,training,25,127,0,1.0,0.5001743098918817,0.2740169944282498,0.25652824874013747
P3,R04,training,25,128,0,0.0,0.4998256901081182,0.23961961939285692,0.2247291544332277
P3,R04,training,25,129,0,0.0,0.4998256901081182,0.23961961939285692,0.22512722282979206
P3,R04,training,25,130,0,0.0,0.4998256901081182,0.23961961939285692,0.2255204142155222
P3,R04,training,25,131,0,0.0,0.4998256901081182,0.23961961939285692,0.22590870059137896
P3,R04,training,25,132,0,0.0,0.4998256901081182,0.23961961939285692,0.2262920542743042
P3,R04,training,25,133,0,0.0,0.4998256901081182,0.23961961939285692,0.2266704479005082
P3,R04,training,25,134,0,0.0,0.4998256901081182,0.23961961939285692,0.22704385442872263
P3,R04,training,25,135,0,0.0,0.4998256901081182,0.23961961939285692,0.22741224714341948
P3,R04,training,25,136,0,0.0,0.4998256901081182,0.23961961939285692,0.22777559965799485
P3,R04,training,25,137,0,0.0,0.4998256901081182,0.23961961939285692,0.22813388591791706
P3,R04,training,25,138,0,0.0,0.4998256901081182,0.23961961939285692,0.22848708020383898
P3,R04,training,25,139,0,0.0,0.4998256901081182,0.23961961939285692,0.22883515713467348
P3,R04,training,25,140,0,0.0,0.4998256901081182,0.23961961939285692,0.22917809167063208
P3,R04,training,25,141,0,0.0,0.4998256901081182,0.23961961939285692,0.2295158591162256
P3,R04,training,25,142,0,0.0,0.4998256901081182,0.23961961939285692,0.2298484351232273
P3,R04,training,25,143,0,0.0,0.4998256901081182,0.23961961939285692,0.2301757956935968
P3,R04,training,25,144,0,0.0,0.0,0.23169639543250142,0.22287630996648386
P3,R04,training,25,145,0,0.0,0.0,0.23169639543250142,0.223182691871744
P3,R04,training,25,146,0,0.0,0.0,0.23169639543250142,0.2234839632389378
P3,R04,training,25,147,0,0.0,0.0,0.23169639543250142,0.223780102245481
P3,R04,training,25,148,0,0.0,0.0,0.23169639543250142,0.22407108742095777
P3,R04,training,25,149,0,0.0,0.0,0.23169639543250142,0.22435689764971434
P3,R04,training,25,150,0,0.0,0.0,0.23169639543250142,0.2246375121734123
P3,R04,training,25,151,0,0.0,0.0,0.23169639543250142,0.22491291059354085
P3,R04,training,25,152,0,0.0,0.0,0.23169639543250142,0.2251830728738876
P3,R04,training,25,153,0,0.0,0.0,0.23169639543250142,0.22544797934296787
P3,R04,training,25,154,0,0.0,0.0,0.23169639543250142,0.22570761069641124
P3,R04,training,25,155,0,0.0,0.0,0.23169639543250142,0.22596194799930605
P3,R04,training,25,156,0,0.0,0.0,0.23169639543250142,0.2262109726885005
P3,R04,training,25,157,0,0.0,0.0,0.23169639543250142,0.22645466657486038
P3,R04,training,25,158,0,0.0,0.0,0.23169639543250142,0.2266930118454833
P3,R04,training,25,159,0,0.0,0.0,0.23169639543250142,0.22692599106586828
P3,R04,training,25,160,0,0.0,0.0,0.19541536320835584,0.19158390729557612
P3,R04,training,25,161,0,0.0,0.0,0.19541536320835584,0.19177131020497254
P3,R04,training,25,162,0,0.0,0.0,0.19541536320835584,0.19195414514610057
P3,R04,training,25,163,0,0.0,0.0,0.19541536320835584,0.19213239870864193
P3,R04,training,25,164,0,0.0,0.0,0.19541536320835584,0.1923060578100071
P3,R04,training,25,165,0,0.0,0.0,0.19541536320835584,0.19247510969693576
P3,R04,training,25,166,0,0.0,0.0,0.19541536320835584,0.1926395419470574
P3,R04,training,25,167,0,0.0,0.0,0.19541536320835584,0.1927993424704129
P3,R04,training,25,168,0,0.0,0.0,0.19541536320835584,0.19295449951093563
P3,R04,training,25,169,0,0.0,0.0,0.19541536320835584,0.1931050016478932
P3,R04,training,25,170,0,0.0,0.0,0.19541536320835584,0.1932508377972883
P3,R04,training,25,171,0,0.0,0.0,0.19541536320835584,0.1933919972132191
P3,R04,training,25,172,0,0.0,0.0,0.19541536320835584,0.19352846948919902
P3,R04,training,25,173,0,0.0,0.0,0.19541536320835584,0.19366024455943529
P3,R04,training,25,174,0,0.0,0.0,0.19541536320835584,0.19378731270006622
P3,R04,training,25,175,0,0.0,0.0,0.19541536320835584,0.19390966453035716
P3,R04,training,25,176,0,0.0,0.0,0.15966360491412288,0.1585294842041825
P3,R04,training,25,177,0,0.0,0.0,0.15966360491412288,0.15862172267787858
P3,R04,training,25,178,0,0.0,0.0,0.15966360491412288,0.15871008640055526
P3,R04,training,25,179,0,0.0,0.0,0.15966360491412288,0.15879456883819953
P3,R04,training,25,180,0,0.0,0.0,0.15966360491412288,0.15887516374152075
P3,R04,training,25,181,0,0.0,0.0,0.15966360491412288,0.15895186514672113
P3,R04,training,25,182,0,0.0,0.0,0.15966360491412288,0.1590246673762314
P3,R04,training,25,183,0,0.0,0.0,0.15966360491412288,0.15909356503941086
P3,R04,training,25,184,0,0.0,0.0,0.15966360491412288,0.15915855303321313
P3,R04,training,25,185,0,0.0,0.0,0.15966360491412288,0.15921962654281557
P3,R04,training,25,186,0,0.0,0.0,0.15966360491412288,0.15927678104221424
P3,R04,training,25,187,0,0.0,0.0,0.15966360491412288,0.1593300122947826
P3,R04,training,25,188,0,0.0,0.0,0.15966360491412288,0.15937931635379507
P3,R04,training,25,189,0,0.0,0.0,0.15966360491412288,0.15942468956291475
P3,R04,training,25,190,0,0.0,0.0,0.15966360491412288,0.15946612855664521
P3,R04,training,25,191,0,0.0,0.0,0.15966360491412288,0.15950363026074663
P3,R04,training,25,192,0,0.0,0.0,0.12478414593669257,0.12468534858752517
P3,R04,training,25,193,0,0.0,0.0,0.12478414593669257,0.12470849719570323
P3,R04,training,25,194,0,0.0,0.0,0.12478414593669257,0.12472856279910995
P3,R04,training,25,195,0,0.0,0.0,0.12478414593669257,0.12474554390829996
P3,R04,training,25,196,0,0.0,0.0,0.12478414593669257,0.12475943926266132
P3,R04,training,25,197,0,0.0,0.0,0.12478414593669257,0.12477024783057154
P3,R04,training,25,198,0,0.0,0.0,0.12478414593669257,0.12477796880952505
P3,R04,training,25,199,0,0.0,0.0,0.12478414593669257,0.12478260162623268
P3,R04,training,25,200,0,0.0,0.0,0.12478414593669257,0.12478414593669257
P3,R04,training,25,201,0,0.0,0.0,0.12478414593669257,0.12478260162623268
P3,R04,training,25,202,0,0.0,0.0,0.12478414593669257,0.12477796880952505
P3,R04,training,25,203,0,0.0,0.0,0.12478414593669257,0.12477024783057154
P3,R04,training,25,204,0,0.0,0.0,0.12478414593669257,0.12475943926266132
P3,R04,training,25,205,0,0.0,0.0,0.12478414593669257,0.12474554390829996
P3,R04,training,25,206,0,0.0,0.0,0.12478414593669257,0.12472856279910995
P3,R04,training,25,207,0,0.0,0.0,0.12478414593669257,0.12470849719570323
P3,R04,training,25,208,0,0.0,0.0,0.09116008660697694,0.09108791097249203
P3,R04,training,25,209,0,0.0,0.0,0.09116008660697694,0.0910687489269556
P3,R04,training,25,210,0,0.0,0.0,0.09116008660697694,0.09104733729344255
P3,R04,training,25,211,0,0.0,0.0,0.09116008660697694,0.09102367766068274
P3,R04,training,25,212,0,0.0,0.0,0.09116008660697694,0.09099777178391634
P3,R04,training,25,213,0,0.0,0.0,0.09116008660697694,0.09096962158467668
P3,R04,training,25,214,0,0.0,0.0,0.09116008660697694,0.09093922915055283
P3,R04,training,25,215,0,0.0,0.0,0.09116008660697694,0.09090659673493148
P3,R04,training,25,216,0,0.0,0.0,0.09116008660697694,0.09087172675671856
P3,R04,training,25,217,0,0.0,0.0,0.09116008660697694,0.09083462180004034
P3,R04,training,25,218,0,0.0,0.0,0.09116008660697694,0.09079528461392433
P3,R04,training,25,219,0,0.0,0.0,0.09116008660697694,0.09075371811195974
P3,R04,training,25,220,0,0.0,0.0,0.09116008660697694,0.09070992537193796
P3,R04,training,25,221,0,0.0,0.0,0.09116008660697694,0.09066390963547258
P3,R04,training,25,222,0,0.0,0.0,0.09116008660697694,0.09061567430759956
P3,R04,training,25,223,0,0.0,0.0,0.09116008660697694,0.09056522295635734
P3,R04,training,25,224,0,0.0,0.0,0.05900818473740771,0.05858903846795778
P3,R04,training,25,225,0,0.0,0.0,0.05900818473740771,0.05855351963691874
P3,R04,training,25,226,0,0.0,0.0,0.05900818473740771,0.058516573926580336
P3,R04,training,25,227,0,0.0,0.0,0.05900818473740771,0.05847820406561606
P3,R04,training,25,228,0,0.0,0.0,0.05900818473740771,0.05843841288665949
P3,R04,training,25,229,0,0.0,0.0,0.05900818473740771,0.058397203325955854
P3,R04,training,25,230,0,0.0,0.0,0.05900818473740771,0.058354578423000875
P3,R04,training,25,231,0,0.0,0.0,0.05900818473740771,0.058310541320167136
P3,R04,training,25,232,0,0.0,0.0,0.05900818473740771,0.05826509526231805
P3,R04,training,25,233,0,0.0,0.0,0.05900818473740771,0.05821824359640929
P3,R04,training,25,234,0,0.0,0.0,0.05900818473740771,0.058169989771078075
P3,R04,training,25,235,0,0.0,0.0,0.05900818473740771,0.05812033733622001
P3,R04,training,25,236,0,0.0,0.0,0.05900818473740771,0.058069289942553955
P3,R04,training,25,237,0,0.0,0.0,0.05900818473740771,0.058016851341174576
P3,R04,training,25,238,0,0.0,0.0,0.05900818473740771,0.057963025383093045
P3,R04,training,25,239,0,0.0,0.0,0.05900818473740771,0.05790781601876567
P3,R04,training,25,240,0,0.0,0.0,0.02853591849075335,0.027976422492931405
P3,R04,training,25,241,0,0.0,0.0,0.02853591849075335,0.02794839156820425
P3,R04,training,25,242,0,0.0,0.0,0.02853591849075335,0.027919697655938006
P3,R04,training,25,243,0,0.0,0.0,0.02853591849075335,0.027890342856514146
P3,R04,training,25,244,0,0.0,0.0,0.02853591849075335,0.027860329317180143
P3,R04,training,25,245,0,0.0,0.0,0.02853591849075335,0.027829659231787693
P3,R04,training,25,246,0,0.0,0.0,0.02853591849075335,0.02779833484052551
P3,R04,training,25,247,0,0.0,0.0,0.02853591849075335,0.027766358429646636
P3,R04,training,25,248,0,0.0,0.0,0.02853591849075335,0.02773373233119035
P3,R04,training,25,249,0,0.0,0.0,0.02853591849075335,0.027700458922698776
P3,R04,training,25,250,0,0.0,0.0,0.02853591849075335,0.027666540626928138
P3,R04,training,25,251,0,0.0,0.0,0.02853591849075335,0.02763197991155482
P3,R04,training,25,252,0,0.0,0.0,0.02853591849075335,0.027596779288876175
P3,R04,training,25,253,0,0.0,0.0,0.02853591849075335,0.027560941315506227
P3,R04,training,25,254,0,0.0,0.0,0.02853591849075335,0.02752446859206625
P3,R04,training,25,255,0,0.0,0.0,0.02853591849075335,0.0274873637628703
P3,R04,training,25,256,0,0.0,0.0,0.0,0.0
P3,R04,training,25,257,0,0.0,0.0,0.0,0.0
P3,R04,training,25,258,0,0.0,0.0,0.0,0.0
P3,R04,training,25,259,0,0.0,0.0,0.0,0.0
P3,R04,training,25,260,0,0.0,0.0,0.0,0.0
P3,R04,training,25,261,0,0.0,0.0,0.0,0.0
P3,R04,training,25,262,0,0.0,0.0,0.0,0.0
P3,R04,training,25,263,0,0.0,0.0,0.0,0.0
P3,R04,training,25,264,0,0.0,0.0,0.0,0.0
P3,R04,training,25,265,0,0.0,0.0,0.0,0.0
P3,R04,training,25,266,0,0.0,0.0,0.0,0.0
P3,R04,training,25,267,0,0.0,0.0,0.0,0.0
P3,R04,training,25,268,0,0.0,0.0,0.0,0.0
P3,R04,training,25,269,0,0.0,0.0,0.0,0.0
P3,R04,training,25,270,0,0.0,0.0,0.0,0.0
P3,R04,training,25,271,0,0.0,0.0,0.0,0.0
P3,R04,training,25,272,0,0.0,0.0,0.0,0.0
P3,R04,training,25,273,0,0.0,0.0,0.0,0.0
P3,R04,training,25,274,0,0.0,0.0,0.0,0.0
P3,R04,training,25,275,0,0.0,0.0,0.0,0.0
P3,R04,training,25,276,0,0.0,0.0,0.0,0.0
P3,R04,training,25,277,0,0.0,0.0,0.0,0.0
P3,R04,training,25,278,0,0.0,0.0,0.0,0.0
P3,R04,training,25,279,0,0.0,0.0,0.0,0.0
P3,R04,training,25,280,0,0.0,0.0,0.0,0.0
P3,R04,training,25,281,0,0.0,0.0,0.0,0.0
P3,R04,training,25,282,0,0.0,0.0,0.0,0.0
P3,R04,training,25,283,0,0.0,0.0,0.0,0.0
P3,R04,training,25,284,0,0.0,0.0,0.0,0.0
P3,R04,training,25,285,0,0.0,0.0,0.0,0.0
P3,R04,training,25,286,0,0.0,0.0,0.0,0.0
P3,R04,training,25,287,0,0.0,0.0,0.0,0.0
P3,R04,training,25,288,0,0.0,0.0,0.0,0.0
P3,R04,training,25,289,0,0.0,0.0,0.0,0.0
P3,R04,training,25,290,0,0.0,0.0,0.0,0.0
P3,R04,training,25,291,0,0.0,0.0,0.0,0.0
P3,R04,training,25,292,0,0.0,0.0,0.0,0.0
P3,R04,training,25,293,0,0.0,0.0,0.0,0.0
P3,R04,training,25,294,0,0.0,0.0,0.0,0.0
P3,R04,training,25,295,0,0.0,0.0,0.0,0.0
P3,R04,training,25,296,0,0.0,0.0,0.0,0.0
P3,R04,training,25,297,0,0.0,0.0,0.0,0.0
P3,R04,training,25,298,0,0.0,0.0,0.0,0.0
P3,R04,training,25,299,0,0.0,0.0,0.0,0.0
P3,R04,training,25,300,0,0.0,0.0,0.0,0.0
P3,R04,training,25,301,0,0.0,0.0,0.0,0.0
P3,R04,training,25,302,0,0.0,0.0,0.0,0.0
P3,R04,training,25,303,0,0.0,0.0,0.0,0.0
P3,R04,training,25,304,0,0.0,0.0,0.0,0.0
P3,R04,training,25,305,0,0.0,0.0,0.0,0.0
P3,R04,training,25,306,0,0.0,0.0,0.0,0.0
P3,R04,training,25,307,0,0.0,0.0,0.0,0.0
P3,R04,training,25,308,0,0.0,0.0,0.0,0.0
P3,R04,training,25,309,0,0.0,0.0,0.0,0.0
P3,R04,training,25,310,0,0.0,0.0,0.0,0.0
P3,R04,training,25,311,0,0.0,0.0,0.0,0.0
P3,R04,training,25,312,0,0.0,0.0,0.0,0.0
P3,R04,training,25,313,0,0.0,0.0,0.0,0.0
P3,R04,training,25,314,0,0.0,0.0,0.0,0.0
P3,R04,training,25,315,0,0.0,0.0,0.0,0.0
P3,R04,training,25,316,0,0.0,0.0,0.0,0.0
P3,R04,training,25,317,0,0.0,0.0,0.0,0.0
P3,R04,training,25,318,0,0.0,0.0,0.0,0.0
P3,R04,training,25,319,0,0.0,0.0,0.0,0.0
P3,R04,training,25,320,0,0.0,0.0,0.0,0.0
P3,R04,training,25,321,0,0.0,0.0,0.0,0.0
P3,R04,training,25,322,0,0.0,0.0,0.0,0.0
P3,R04,training,25,323,0,0.0,0.0,0.0,0.0
P3,R04,training,25,324,0,0.0,0.0,0.0,0.0
P3,R04,training,25,325,0,0.0,0.0,0.0,0.0
P3,R04,training,25,326,0,0.0,0.0,0.0,0.0
P3,R04,training,25,327,0,0.0,0.0,0.0,0.0
P3,R04,training,25,328,0,0.0,0.0,0.0,0.0
P3,R04,training,25,329,0,0.0,0.0,0.0,0.0
P3,R04,training,25,330,0,0.0,0.0,0.0,0.0
P3,R04,training,25,331,0,0.0,0.0,0.0,0.0
P3,R04,training,25,332,0,0.0,0.0,0.0,0.0
P3,R04,training,25,333,0,0.0,0.0,0.0,0.0
P3,R04,training,25,334,0,0.0,0.0,0.0,0.0
P3,R04,training,25,335,0,0.0,0.0,0.0,0.0
P3,R04,training,25,336,0,0.0,0.0,0.0,0.0
P3,R04,training,25,337,0,0.0,0.0,0.0,0.0
P3,R04,training,25,338,0,0.0,0.0,0.0,0.0
P3,R04,training,25,339,0,0.0,0.0,0.0,0.0
P3,R04,training,25,340,0,0.0,0.0,0.0,0.0
P3,R04,training,25,341,0,0.0,0.0,0.0,0.0
P3,R04,training,25,342,0,0.0,0.0,0.0,0.0
P3,R04,training,25,343,0,0.0,0.0,0.0,0.0
P3,R04,training,25,344,0,0.0,0.0,0.0,0.0
P3,R04,training,25,345,0,0.0,0.0,0.0,0.0
P3,R04,training,25,346,0,0.0,0.0,0.0,0.0
P3,R04,training,25,347,0,0.0,0.0,0.0,0.0
P3,R04,training,25,348,0,0.0,0.0,0.0,0.0
P3,R04,training,25,349,0,0.0,0.0,0.0,0.0
P3,R04,training,25,350,0,0.0,0.0,0.0,0.0
P3,R04,training,25,351,0,0.0,0.0,0.0,0.0
P3,R04,training,25,352,0,0.0,0.0,0.0,0.0
P3,R04,training,25,353,0,0.0,0.0,0.0,0.0
P3,R04,training,25,354,0,0.0,0.0,0.0,0.0
P3,R04,training,25,355,0,0.0,0.0,0.0,0.0
P3,R04,training,25,356,0,0.0,0.0,0.0,0.0
P3,R04,training,25,357,0,0.0,0.0,0.0,0.0
P3,R04,training,25,358,0,0.0,0.0,0.0,0.0
P3,R04,training,25,359,0,0.0,0.0,0.0,0.0
P3,R04,training,25,360,0,0.0,0.0,0.0,0.0
P3,R04,training,25,361,0,0.0,0.0,0.0,0.0
P3,R04,training,25,362,0,0.0,0.0,0.0,0.0
P3,R04,training,25,363,0,0.0,0.0,0.0,0.0
P3,R04,training,25,364,0,0.0,0.0,0.0,0.0
P3,R04,training,25,365,0,0.0,0.0,0.0,0.0
P3,R04,training,25,366,0,0.0,0.0,0.0,0.0
P3,R04,training,25,367,0,0.0,0.0,0.0,0.0
P3,R04,training,25,368,0,0.0,0.0,0.0,0.0
P3,R04,training,25,369,0,0.0,0.0,0.0,0.0
P3,R04,training,25,370,0,0.0,0.0,0.0,0.0
P3,R04,training,25,371,0,0.0,0.0,0.0,0.0
P3,R04,training,25,372,0,0.0,0.0,0.0,0.0
P3,R04,training,25,373,0,0.0,0.0,0.0,0.0
P3,R04,training,25,374,0,0.0,0.0,0.0,0.0
P3,R04,training,25,375,0,0.0,0.0,0.0,0.0
P3,R04,training,25,376,0,0.0,0.0,0.0,0.0
P3,R04,training,25,377,0,0.0,0.0,0.0,0.0
P3,R04,training,25,378,0,0.0,0.0,0.0,0.0
P3,R04,training,25,379,0,0.0,0.0,0.0,0.0
P3,R04,training,25,380,0,0.0,0.0,0.0,0.0
P3,R04,training,25,381,0,0.0,0.0,0.0,0.0
P3,R04,training,25,382,0,0.0,0.0,0.0,0.0
P3,R04,training,25,383,0,0.0,0.0,0.0,0.0
P3,R04,training,25,384,0,0.0,0.0,0.0,0.0
P3,R04,training,25,385,0,0.0,0.0,0.0,0.0
P3,R04,training,25,386,0,0.0,0.0,0.0,0.0
P3,R04,training,25,387,0,0.0,0.0,0.0,0.0
P3,R04,training,25,388,0,0.0,0.0,0.0,0.0
P3,R04,training,25,389,0,0.0,0.0,0.0,0.0
P3,R04,training,25,390,0,0.0,0.0,0.0,0.0
P3,R04,training,25,391,0,0.0,0.0,0.0,0.0
P3,R04,training,25,392,0,0.0,0.0,0.0,0.0
P3,R04,training,25,393,0,0.0,0.0,0.0,0.0
P3,R04,training,25,394,0,0.0,0.0,0.0,0.0
P3,R04,training,25,395,0,0.0,0.0,0.0,0.0
P3,R04,training,25,396,0,0.0,0.0,0.0,0.0
P3,R04,training,25,397,0,0.0,0.0,0.0,0.0
P3,R04,training,25,398,0,0.0,0.0,0.0,0.0
P3,R04,training,25,399,0,0.0,0.0,0.0,0.0
P3,R04,training,25,400,0,0.0,0.0,0.0,0.0
P3,R04,training,25,401,0,0.0,0.0,0.0,0.0
P3,R04,training,25,402,0,0.0,0.0,0.0,0.0
A,R01,testing,06,0,0,0.0,0.0,0.0,0.0
A,R01,testing,06,1,0,0.0,0.0,0.0,0.0
A,R01,testing,06,2,0,0.0,0.0,0.0,0.0
A,R01,testing,06,3,0,0.0,0.0,0.0,0.0
A,R01,testing,06,4,0,0.0,0.0,0.0,0.0
A,R01,testing,06,5,0,0.0,0.0,0.0,0.0
A,R01,testing,06,6,0,0.0,0.0,0.0,0.0
A,R01,testing,06,7,0,0.0,0.0,0.0,0.0
A,R01,testing,06,8,0,0.0,0.0,0.0,0.0
A,R01,testing,06,9,0,0.0,0.0,0.0,0.0
A,R01,testing,06,10,1,0.0,0.0,0.0,0.0
A,R01,testing,06,11,1,0.0,0.0,0.0,0.0
A,R01,testing,06,12,1,0.0,0.0,0.0,0.0
A,R01,testing,06,13,1,0.0,0.0,0.0,0.0
A,R01,testing,06,14,1,0.0,0.0,0.0,0.0
A,R01,testing,06,15,1,0.0,0.0,0.0,0.0
A,R01,testing,06,16,1,0.0,0.0,0.0,0.0
A,R01,testing,06,17,1,0.0,0.0,0.0,0.0
A,R01,testing,06,18,1,0.0,0.0,0.0,0.0
A,R01,testing,06,19,1,0.0,0.0,0.0,0.0
A,R01,testing,06,20,1,0.0,0.0,0.0,0.0
A,R01,testing,06,21,1,0.0,0.0,0.0,0.0
A,R01,testing,06,22,1,0.0,0.0,0.0,0.0
A,R01,testing,06,23,1,0.0,0.0,0.0,0.0
A,R01,testing,06,24,1,0.0,0.0,0.0,0.0
A,R01,testing,06,25,1,0.0,0.0,0.0,0.0
A,R01,testing,06,26,1,0.0,0.0,0.0,0.0
A,R01,testing,06,27,1,0.0,0.0,0.0,0.0
A,R01,testing,06,28,1,0.0,0.0,0.0,0.0
A,R01,testing,06,29,1,0.0,0.0,0.0,0.0
A,R01,testing,06,30,1,0.0,0.0,0.0,0.0
A,R01,testing,06,31,1,0.0,0.0,0.0,0.0
A,R01,testing,06,32,1,0.0,0.0,0.0,0.0
A,R01,testing,06,33,1,0.0,0.0,0.0,0.0
A,R01,testing,06,34,1,0.0,0.0,0.0,0.0
A,R01,testing,06,35,1,0.0,0.0,0.0,0.0
A,R01,testing,06,36,1,0.0,0.0,0.0,0.0
A,R01,testing,06,37,1,0.0,0.0,0.0,0.0
A,R01,testing,06,38,1,0.0,0.0,0.0,0.0
A,R01,testing,06,39,1,0.0,0.0,0.0,0.0
A,R01,testing,06,40,1,0.0,0.0,0.0,0.0
A,R01,testing,06,41,1,0.0,0.0,0.0,0.0
A,R01,testing,06,42,1,0.0,0.0,0.0,0.0
A,R01,testing,06,43,1,0.0,0.0,0.0,0.0
A,R01,testing,06,44,1,0.0,0.0,0.0,0.0
A,R01,testing,06,45,1,0.0,0.0,0.0,0.0
A,R01,testing,06,46,1,0.0,0.0,0.0,0.0
A,R01,testing,06,47,1,0.0,0.0,0.0,0.0
A,R01,testing,06,48,1,0.0,0.0,0.0,0.0
A,R01,testing,06,49,1,0.0,0.0,0.0,0.0
A,R01,testing,06,50,1,0.0,0.0,0.0,0.0
A,R01,testing,06,51,1,0.0,0.0,0.0,0.0
A,R01,testing,06,52,1,0.0,0.0,0.0,0.0
A,R01,testing,06,53,1,0.0,0.0,0.0,0.0
A,R01,testing,06,54,1,0.0,0.0,0.0,0.0
A,R01,testing,06,55,1,0.0,0.0,0.0,0.0
A,R01,testing,06,56,1,0.0,0.0,0.0,0.0
A,R01,testing,06,57,1,0.0,0.0,0.0,0.0
A,R01,testing,06,58,1,0.0,0.0,0.0,0.0
A,R01,testing,06,59,1,0.0,0.0,0.0,0.0
A,R01,testing,06,60,1,0.0,0.0,0.0,0.0
A,R01,testing,06,61,1,0.0,0.0,0.0,0.0
A,R01,testing,06,62,1,0.0,0.0,0.0,0.0
A,R01,testing,06,63,1,0.0,0.0,0.0,0.0
A,R01,testing,06,64,1,0.0,0.0,0.0,0.0
A,R01,testing,06,65,1,0.0,0.0,0.0,0.0
A,R01,testing,06,66,1,0.0,0.0,0.0,0.0
A,R01,testing,06,67,1,0.0,0.0,0.0,0.0
A,R01,testing,06,68,1,0.0,0.0,0.0,0.0
A,R01,testing,06,69,1,0.0,0.0,0.0,0.0
A,R01,testing,06,70,1,0.0,0.0,0.0,0.0
A,R01,testing,06,71,1,0.0,0.0,0.0,0.0
A,R01,testing,06,72,1,0.0,0.0,0.0,0.0
A,R01,testing,06,73,1,0.0,0.0,0.0,0.0
A,R01,testing,06,74,1,0.0,0.0,0.0,0.0
A,R01,testing,06,75,1,0.0,0.0,0.0,0.0
A,R01,testing,06,76,1,0.0,0.0,0.0,0.0
A,R01,testing,06,77,1,0.0,0.0,0.0,0.0
A,R01,testing,06,78,1,0.0,0.0,0.0,0.0
A,R01,testing,06,79,1,0.0,0.0,0.0,0.0
A,R01,testing,06,80,1,0.0,0.0,0.0,0.0
A,R01,testing,06,81,1,0.0,0.0,0.0,0.0
A,R01,testing,06,82,1,0.0,0.0,0.0,0.0
A,R01,testing,06,83,1,0.0,0.0,0.0,0.0
A,R01,testing,06,84,1,0.0,0.0,0.0,0.0
A,R01,testing,06,85,1,0.0,0.0,0.0,0.0
A,R01,testing,06,86,1,0.0,0.0,0.0,0.0
A,R01,testing,06,87,1,0.0,0.0,0.0,0.0
A,R01,testing,06,88,1,0.0,0.0,0.0,0.0
A,R01,testing,06,89,1,0.0,0.0,0.0,0.0
A,R01,testing,06,90,1,0.0,0.0,0.0,0.0
A,R01,testing,06,91,1,0.0,0.0,0.0,0.0
A,R01,testing,06,92,1,0.0,0.0,0.0,0.0
A,R01,testing,06,93,1,0.0,0.0,0.0,0.0
A,R01,testing,06,94,1,0.0,0.0,0.0,0.0
A,R01,testing,06,95,1,0.0,0.0,0.0,0.0
A,R01,testing,06,96,1,0.0,0.0,0.0,0.0
A,R01,testing,06,97,1,0.0,0.0,0.0,0.0
A,R01,testing,06,98,1,0.0,0.0,0.0,0.0
A,R01,testing,06,99,1,0.0,0.0,0.0,0.0
A,R01,testing,06,100,1,0.0,0.0,0.0,0.0
A,R01,testing,06,101,1,0.0,0.0,0.0,0.0
A,R01,testing,06,102,1,0.0,0.0,0.0,0.0
A,R01,testing,06,103,1,0.0,0.0,0.0,0.0
A,R01,testing,06,104,1,0.0,0.0,0.0,0.0
A,R01,testing,06,105,1,0.0,0.0,0.0,0.0
A,R01,testing,06,106,1,0.0,0.0,0.0,0.0
A,R01,testing,06,107,1,0.0,0.0,0.0,0.0
A,R01,testing,06,108,1,0.0,0.0,0.0,0.0
A,R01,testing,06,109,1,0.0,0.0,0.0,0.0
A,R01,testing,06,110,1,0.0,0.0,0.0,0.0
A,R01,testing,06,111,1,0.0,0.0,0.0,0.0
A,R01,testing,06,112,1,0.0,0.0,0.0,0.0
A,R01,testing,06,113,1,0.0,0.0,0.0,0.0
A,R01,testing,06,114,1,0.0,0.0,0.0,0.0
A,R01,testing,06,115,1,0.0,0.0,0.0,0.0
A,R01,testing,06,116,1,0.0,0.0,0.0,0.0
A,R01,testing,06,117,1,0.0,0.0,0.0,0.0
A,R01,testing,06,118,1,0.0,0.0,0.0,0.0
A,R01,testing,06,119,1,0.0,0.0,0.0,0.0
A,R01,testing,06,120,1,0.0,0.0,0.0,0.0
A,R01,testing,06,121,1,0.0,0.0,0.0,0.0
A,R01,testing,06,122,1,0.0,0.0,0.0,0.0
A,R01,testing,06,123,1,0.0,0.0,0.0,0.0
A,R01,testing,06,124,1,0.0,0.0,0.0,0.0
A,R01,testing,06,125,1,0.0,0.0,0.0,0.0
A,R01,testing,06,126,1,0.0,0.0,0.0,0.0
A,R01,testing,06,127,1,0.0,0.0,0.0,0.0
A,R01,testing,06,128,1,0.0,0.0,0.0,0.0
A,R01,testing,06,129,1,0.0,0.0,0.0,0.0
A,R01,testing,06,130,1,0.0,0.0,0.0,0.0
A,R01,testing,06,131,1,0.0,0.0,0.0,0.0
A,R01,testing,06,132,1,0.0,0.0,0.0,0.0
A,R01,testing,06,133,1,0.0,0.0,0.0,0.0
A,R01,testing,06,134,1,0.0,0.0,0.0,0.0
A,R01,testing,06,135,1,0.0,0.0,0.0,0.0
A,R01,testing,06,136,1,0.0,0.0,0.0,0.0
A,R01,testing,06,137,1,0.0,0.0,0.0,0.0
A,R01,testing,06,138,1,0.0,0.0,0.0,0.0
A,R01,testing,06,139,1,0.0,0.0,0.0,0.0
A,R01,testing,06,140,1,0.0,0.0,0.0,0.0
A,R01,testing,06,141,1,0.0,0.0,0.0,0.0
A,R01,testing,06,142,1,0.0,0.0,0.0,0.0
A,R01,testing,06,143,1,0.0,0.0,0.0,0.0
A,R01,testing,06,144,1,0.0,0.0,0.0,0.0
A,R01,testing,06,145,1,0.0,0.0,0.0,0.0
A,R01,testing,06,146,1,0.0,0.0,0.0,0.0
A,R01,testing,06,147,1,0.0,0.0,0.0,0.0
A,R01,testing,06,148,1,0.0,0.0,0.0,0.0
A,R01,testing,06,149,1,0.0,0.0,0.0,0.0
A,R01,testing,06,150,1,0.0,0.0,0.0,0.0
A,R01,testing,06,151,1,0.0,0.0,0.0,0.0
A,R01,testing,06,152,1,0.0,0.0,0.0,0.0
A,R01,testing,06,153,1,0.0,0.0,0.0,0.0
A,R01,testing,06,154,1,0.0,0.0,0.0,0.0
A,R01,testing,06,155,1,0.0,0.0,0.0,0.0
A,R01,testing,06,156,1,0.0,0.0,0.0,0.0
A,R01,testing,06,157,1,0.0,0.0,0.0,0.0
A,R01,testing,06,158,1,0.0,0.0,0.0,0.0
A,R01,testing,06,159,1,0.0,0.0,0.0,0.0
A,R01,testing,06,160,1,0.0,0.0,0.0,0.0
A,R01,testing,06,161,1,0.0,0.0,0.0,0.0
A,R01,testing,06,162,1,0.0,0.0,0.0,0.0
A,R01,testing,06,163,1,0.0,0.0,0.0,0.0
A,R01,testing,06,164,1,0.0,0.0,0.0,0.0
A,R01,testing,06,165,1,0.0,0.0,0.0,0.0
A,R01,testing,06,166,1,0.0,0.0,0.0,0.0
A,R01,testing,06,167,1,0.0,0.0,0.0,0.0
A,R01,testing,06,168,1,0.0,0.0,0.0,0.0
A,R01,testing,06,169,1,0.0,0.0,0.0,0.0
A,R01,testing,06,170,1,0.0,0.0,0.0,0.0
A,R01,testing,06,171,1,0.0,0.0,0.0,0.0
A,R01,testing,06,172,1,0.0,0.0,0.0,0.0
A,R01,testing,06,173,1,0.0,0.0,0.0,0.0
A,R01,testing,06,174,1,0.0,0.0,0.0,0.0
A,R01,testing,06,175,1,0.0,0.0,0.0,0.0
A,R01,testing,06,176,1,0.0,0.0,0.0,0.0
A,R01,testing,06,177,1,0.0,0.0,0.0,0.0
A,R01,testing,06,178,1,0.0,0.0,0.0,0.0
A,R01,testing,06,179,1,0.0,0.0,0.0,0.0
A,R01,testing,06,180,1,0.0,0.0,0.0,0.0
A,R01,testing,06,181,1,0.0,0.0,0.0,0.0
A,R01,testing,06,182,1,0.0,0.0,0.0,0.0
A,R01,testing,06,183,1,0.0,0.0,0.0,0.0
A,R01,testing,06,184,1,0.0,0.0,0.0,0.0
A,R01,testing,06,185,1,0.0,0.0,0.0,0.0
A,R01,testing,06,186,1,0.0,0.0,0.0,0.0
A,R01,testing,06,187,1,0.0,0.0,0.0,0.0
A,R01,testing,06,188,1,0.0,0.0,0.0,0.0
A,R01,testing,06,189,1,0.0,0.0,0.0,0.0
A,R01,testing,06,190,1,0.0,0.0,0.0,0.0
A,R01,testing,06,191,1,0.0,0.0,0.0,0.0
A,R01,testing,06,192,1,0.0,0.0,0.0,0.0
A,R01,testing,06,193,1,0.0,0.0,0.0,0.0
A,R01,testing,06,194,1,0.0,0.0,0.0,0.0
A,R01,testing,06,195,1,0.0,0.0,0.0,0.0
A,R01,testing,06,196,1,0.0,0.0,0.0,0.0
A,R01,testing,06,197,1,0.0,0.0,0.0,0.0
A,R01,testing,06,198,1,0.0,0.0,0.0,0.0
A,R01,testing,06,199,1,0.0,0.0,0.0,0.0
A,R01,testing,06,200,1,0.0,0.0,0.0,0.0
A,R01,testing,06,201,1,0.0,0.0,0.0,0.0
A,R01,testing,06,202,1,0.0,0.0,0.0,0.0
A,R01,testing,06,203,1,0.0,0.0,0.0,0.0
A,R01,testing,06,204,1,0.0,0.0,0.0,0.0
A,R01,testing,06,205,1,0.0,0.0,0.0,0.0
A,R01,testing,06,206,1,0.0,0.0,0.0,0.0
A,R01,testing,06,207,1,0.0,0.0,0.0,0.0
A,R01,testing,06,208,1,0.0,0.0,0.0,0.0
A,R01,testing,06,209,1,0.0,0.0,0.0,0.0
A,R01,testing,06,210,1,0.0,0.0,0.0,0.0
A,R01,testing,06,211,1,0.0,0.0,0.0,0.0
A,R01,testing,06,212,1,0.0,0.0,0.0,0.0
A,R01,testing,06,213,1,0.0,0.0,0.0,0.0
A,R01,testing,06,214,1,0.0,0.0,0.0,0.0
A,R01,testing,06,215,1,0.0,0.0,0.0,0.0
A,R01,testing,06,216,1,0.0,0.0,0.0,0.0
A,R01,testing,06,217,1,0.0,0.0,0.0,0.0
A,R01,testing,06,218,1,0.0,0.0,0.0,0.0
A,R01,testing,06,219,1,0.0,0.0,0.0,0.0
A,R01,testing,06,220,1,0.0,0.0,0.0,0.0
A,R01,testing,06,221,1,0.0,0.0,0.0,0.0
A,R01,testing,06,222,1,0.0,0.0,0.0,0.0
A,R01,testing,06,223,1,0.0,0.0,0.0,0.0
A,R01,testing,06,224,1,0.0,0.0,0.0,0.0
A,R01,testing,06,225,1,0.0,0.0,0.0,0.0
A,R01,testing,06,226,1,0.0,0.0,0.0,0.0
A,R01,testing,06,227,1,0.0,0.0,0.0,0.0
A,R01,testing,06,228,1,0.0,0.0,0.0,0.0
A,R01,testing,06,229,1,0.0,0.0,0.0,0.0
A,R01,testing,06,230,0,0.0,0.0,0.0,0.0
A,R01,testing,06,231,0,0.0,0.0,0.0,0.0
A,R01,testing,06,232,0,0.0,0.0,0.0,0.0
B,R01,testing,06,0,0,0.0,0.0,0.0,0.0
B,R01,testing,06,1,0,0.0,0.0,0.0,0.0
B,R01,testing,06,2,0,0.0,0.0,0.0,0.0
B,R01,testing,06,3,0,0.0,0.0,0.0,0.0
B,R01,testing,06,4,0,0.0,0.0,0.0,0.0
B,R01,testing,06,5,0,0.0,0.0,0.0,0.0
B,R01,testing,06,6,0,0.0,0.0,0.0,0.0
B,R01,testing,06,7,0,0.0,0.0,0.0,0.0
B,R01,testing,06,8,0,0.0,0.0,0.0,0.0
B,R01,testing,06,9,0,0.0,0.0,0.0,0.0
B,R01,testing,06,10,1,0.0,0.0,0.0,0.0
B,R01,testing,06,11,1,0.0,0.0,0.0,0.0
B,R01,testing,06,12,1,0.0,0.0,0.0,0.0
B,R01,testing,06,13,1,0.0,0.0,0.0,0.0
B,R01,testing,06,14,1,0.0,0.0,0.0,0.0
B,R01,testing,06,15,1,0.0,0.0,0.0,0.0
B,R01,testing,06,16,1,0.0,0.0,0.0,0.0
B,R01,testing,06,17,1,0.0,0.0,0.0,0.0
B,R01,testing,06,18,1,0.0,0.0,0.0,0.0
B,R01,testing,06,19,1,0.0,0.0,0.0,0.0
B,R01,testing,06,20,1,0.0,0.0,0.0,0.0
B,R01,testing,06,21,1,0.0,0.0,0.0,0.0
B,R01,testing,06,22,1,0.0,0.0,0.0,0.0
B,R01,testing,06,23,1,0.0,0.0,0.0,0.0
B,R01,testing,06,24,1,0.0,0.0,0.0,0.0
B,R01,testing,06,25,1,0.0,0.0,0.0,0.0
B,R01,testing,06,26,1,0.0,0.0,0.0,0.0
B,R01,testing,06,27,1,0.0,0.0,0.0,0.0
B,R01,testing,06,28,1,0.0,0.0,0.0,0.0
B,R01,testing,06,29,1,0.0,0.0,0.0,0.0
B,R01,testing,06,30,1,0.0,0.0,0.0,0.0
B,R01,testing,06,31,1,0.0,0.0,0.0,0.0
B,R01,testing,06,32,1,0.0,0.0,0.0,0.0
B,R01,testing,06,33,1,0.0,0.0,0.0,0.0
B,R01,testing,06,34,1,0.0,0.0,0.0,0.0
B,R01,testing,06,35,1,0.0,0.0,0.0,0.0
B,R01,testing,06,36,1,0.0,0.0,0.0,0.0
B,R01,testing,06,37,1,0.0,0.0,0.0,0.0
B,R01,testing,06,38,1,0.0,0.0,0.0,0.0
B,R01,testing,06,39,1,0.0,0.0,0.0,0.0
B,R01,testing,06,40,1,0.0,0.0,0.0,0.0
B,R01,testing,06,41,1,0.0,0.0,0.0,0.0
B,R01,testing,06,42,1,0.0,0.0,0.0,0.0
B,R01,testing,06,43,1,0.0,0.0,0.0,0.0
B,R01,testing,06,44,1,0.0,0.0,0.0,0.0
B,R01,testing,06,45,1,0.0,0.0,0.0,0.0
B,R01,testing,06,46,1,0.0,0.0,0.0,0.0
B,R01,testing,06,47,1,0.0,0.0,0.0,0.0
B,R01,testing,06,48,1,0.0,0.0,0.0,0.0
B,R01,testing,06,49,1,0.0,0.0,0.0,0.0
B,R01,testing,06,50,1,0.0,0.0,0.0,0.0
B,R01,testing,06,51,1,0.0,0.0,0.0,0.0
B,R01,testing,06,52,1,0.0,0.0,0.0,0.0
B,R01,testing,06,53,1,0.0,0.0,0.0,0.0
B,R01,testing,06,54,1,0.0,0.0,0.0,0.0
B,R01,testing,06,55,1,0.0,0.0,0.0,0.0
B,R01,testing,06,56,1,0.0,0.0,0.0,0.0
B,R01,testing,06,57,1,0.0,0.0,0.0,0.0
B,R01,testing,06,58,1,0.0,0.0,0.0,0.0
B,R01,testing,06,59,1,0.0,0.0,0.0,0.0
B,R01,testing,06,60,1,0.0,0.0,0.0,0.0
B,R01,testing,06,61,1,0.0,0.0,0.0,0.0
B,R01,testing,06,62,1,0.0,0.0,0.0,0.0
B,R01,testing,06,63,1,0.0,0.0,0.0,0.0
B,R01,testing,06,64,1,0.0,0.0,0.0,0.0
B,R01,testing,06,65,1,0.0,0.0,0.0,0.0
B,R01,testing,06,66,1,0.0,0.0,0.0,0.0
B,R01,testing,06,67,1,0.0,0.0,0.0,0.0
B,R01,testing,06,68,1,0.0,0.0,0.0,0.0
B,R01,testing,06,69,1,0.0,0.0,0.0,0.0
B,R01,testing,06,70,1,0.0,0.0,0.0,0.0
B,R01,testing,06,71,1,0.0,0.0,0.0,0.0
B,R01,testing,06,72,1,0.0,0.0,0.0,0.0
B,R01,testing,06,73,1,0.0,0.0,0.0,0.0
B,R01,testing,06,74,1,0.0,0.0,0.0,0.0
B,R01,testing,06,75,1,0.0,0.0,0.0,0.0
B,R01,testing,06,76,1,0.0,0.0,0.0,0.0
B,R01,testing,06,77,1,0.0,0.0,0.0,0.0
B,R01,testing,06,78,1,0.0,0.0,0.0,0.0
B,R01,testing,06,79,1,0.0,0.0,0.0,0.0
B,R01,testing,06,80,1,0.0,0.0,0.0,0.0
B,R01,testing,06,81,1,0.0,0.0,0.0,0.0
B,R01,testing,06,82,1,0.0,0.0,0.0,0.0
B,R01,testing,06,83,1,0.0,0.0,0.0,0.0
B,R01,testing,06,84,1,0.0,0.0,0.0,0.0
B,R01,testing,06,85,1,0.0,0.0,0.0,0.0
B,R01,testing,06,86,1,0.0,0.0,0.0,0.0
B,R01,testing,06,87,1,0.0,0.0,0.0,0.0
B,R01,testing,06,88,1,0.0,0.0,0.0,0.0
B,R01,testing,06,89,1,0.0,0.0,0.0,0.0
B,R01,testing,06,90,1,0.0,0.0,0.0,0.0
B,R01,testing,06,91,1,0.0,0.0,0.0,0.0
B,R01,testing,06,92,1,0.0,0.0,0.0,0.0
B,R01,testing,06,93,1,0.0,0.0,0.0,0.0
B,R01,testing,06,94,1,0.0,0.0,0.0,0.0
B,R01,testing,06,95,1,0.0,0.0,0.0,0.0
B,R01,testing,06,96,1,0.0,0.0,0.0,0.0
B,R01,testing,06,97,1,0.0,0.0,0.0,0.0
B,R01,testing,06,98,1,0.0,0.0,0.0,0.0
B,R01,testing,06,99,1,0.0,0.0,0.0,0.0
B,R01,testing,06,100,1,0.0,0.0,0.0,0.0
B,R01,testing,06,101,1,0.0,0.0,0.0,0.0
B,R01,testing,06,102,1,0.0,0.0,0.0,0.0
B,R01,testing,06,103,1,0.0,0.0,0.0,0.0
B,R01,testing,06,104,1,0.0,0.0,0.0,0.0
B,R01,testing,06,105,1,0.0,0.0,0.0,0.0
B,R01,testing,06,106,1,0.0,0.0,0.0,0.0
B,R01,testing,06,107,1,0.0,0.0,0.0,0.0
B,R01,testing,06,108,1,0.0,0.0,0.0,0.0
B,R01,testing,06,109,1,0.0,0.0,0.0,0.0
B,R01,testing,06,110,1,0.0,0.0,0.0,0.0
B,R01,testing,06,111,1,0.0,0.0,0.0,0.0
B,R01,testing,06,112,1,0.0,0.0,0.0,0.0
B,R01,testing,06,113,1,0.0,0.0,0.0,0.0
B,R01,testing,06,114,1,0.0,0.0,0.0,0.0
B,R01,testing,06,115,1,0.0,0.0,0.0,0.0
B,R01,testing,06,116,1,0.0,0.0,0.0,0.0
B,R01,testing,06,117,1,0.0,0.0,0.0,0.0
B,R01,testing,06,118,1,0.0,0.0,0.0,0.0
B,R01,testing,06,119,1,0.0,0.0,0.0,0.0
B,R01,testing,06,120,1,0.0,0.0,0.0,0.0
B,R01,testing,06,121,1,0.0,0.0,0.0,0.0
B,R01,testing,06,122,1,0.0,0.0,0.0,0.0
B,R01,testing,06,123,1,0.0,0.0,0.0,0.0
B,R01,testing,06,124,1,0.0,0.0,0.0,0.0
B,R01,testing,06,125,1,0.0,0.0,0.0,0.0
B,R01,testing,06,126,1,0.0,0.0,0.0,0.0
B,R01,testing,06,127,1,0.0,0.0,0.0,0.0
B,R01,testing,06,128,1,0.0,0.0,0.0,0.0
B,R01,testing,06,129,1,0.0,0.0,0.0,0.0
B,R01,testing,06,130,1,0.0,0.0,0.0,0.0
B,R01,testing,06,131,1,0.0,0.0,0.0,0.0
B,R01,testing,06,132,1,0.0,0.0,0.0,0.0
B,R01,testing,06,133,1,0.0,0.0,0.0,0.0
B,R01,testing,06,134,1,0.0,0.0,0.0,0.0
B,R01,testing,06,135,1,0.0,0.0,0.0,0.0
B,R01,testing,06,136,1,0.0,0.0,0.0,0.0
B,R01,testing,06,137,1,0.0,0.0,0.0,0.0
B,R01,testing,06,138,1,0.0,0.0,0.0,0.0
B,R01,testing,06,139,1,0.0,0.0,0.0,0.0
B,R01,testing,06,140,1,0.0,0.0,0.0,0.0
B,R01,testing,06,141,1,0.0,0.0,0.0,0.0
B,R01,testing,06,142,1,0.0,0.0,0.0,0.0
B,R01,testing,06,143,1,0.0,0.0,0.0,0.0
B,R01,testing,06,144,1,0.0,0.0,0.0,0.0
B,R01,testing,06,145,1,0.0,0.0,0.0,0.0
B,R01,testing,06,146,1,0.0,0.0,0.0,0.0
B,R01,testing,06,147,1,0.0,0.0,0.0,0.0
B,R01,testing,06,148,1,0.0,0.0,0.0,0.0
B,R01,testing,06,149,1,0.0,0.0,0.0,0.0
B,R01,testing,06,150,1,0.0,0.0,0.0,0.0
B,R01,testing,06,151,1,0.0,0.0,0.0,0.0
B,R01,testing,06,152,1,0.0,0.0,0.0,0.0
B,R01,testing,06,153,1,0.0,0.0,0.0,0.0
B,R01,testing,06,154,1,0.0,0.0,0.0,0.0
B,R01,testing,06,155,1,0.0,0.0,0.0,0.0
B,R01,testing,06,156,1,0.0,0.0,0.0,0.0
B,R01,testing,06,157,1,0.0,0.0,0.0,0.0
B,R01,testing,06,158,1,0.0,0.0,0.0,0.0
B,R01,testing,06,159,1,0.0,0.0,0.0,0.0
B,R01,testing,06,160,1,0.0,0.0,0.0,0.0
B,R01,testing,06,161,1,0.0,0.0,0.0,0.0
B,R01,testing,06,162,1,0.0,0.0,0.0,0.0
B,R01,testing,06,163,1,0.0,0.0,0.0,0.0
B,R01,testing,06,164,1,0.0,0.0,0.0,0.0
B,R01,testing,06,165,1,0.0,0.0,0.0,0.0
B,R01,testing,06,166,1,0.0,0.0,0.0,0.0
B,R01,testing,06,167,1,0.0,0.0,0.0,0.0
B,R01,testing,06,168,1,0.0,0.0,0.0,0.0
B,R01,testing,06,169,1,0.0,0.0,0.0,0.0
B,R01,testing,06,170,1,0.0,0.0,0.0,0.0
B,R01,testing,06,171,1,0.0,0.0,0.0,0.0
B,R01,testing,06,172,1,0.0,0.0,0.0,0.0
B,R01,testing,06,173,1,0.0,0.0,0.0,0.0
B,R01,testing,06,174,1,0.0,0.0,0.0,0.0
B,R01,testing,06,175,1,0.0,0.0,0.0,0.0
B,R01,testing,06,176,1,0.0,0.0,0.0,0.0
B,R01,testing,06,177,1,0.0,0.0,0.0,0.0
B,R01,testing,06,178,1,0.0,0.0,0.0,0.0
B,R01,testing,06,179,1,0.0,0.0,0.0,0.0
B,R01,testing,06,180,1,0.0,0.0,0.0,0.0
B,R01,testing,06,181,1,0.0,0.0,0.0,0.0
B,R01,testing,06,182,1,0.0,0.0,0.0,0.0
B,R01,testing,06,183,1,0.0,0.0,0.0,0.0
B,R01,testing,06,184,1,0.0,0.0,0.0,0.0
B,R01,testing,06,185,1,0.0,0.0,0.0,0.0
B,R01,testing,06,186,1,0.0,0.0,0.0,0.0
B,R01,testing,06,187,1,0.0,0.0,0.0,0.0
B,R01,testing,06,188,1,0.0,0.0,0.0,0.0
B,R01,testing,06,189,1,0.0,0.0,0.0,0.0
B,R01,testing,06,190,1,0.0,0.0,0.0,0.0
B,R01,testing,06,191,1,0.0,0.0,0.0,0.0
B,R01,testing,06,192,1,0.0,0.0,0.0,0.0
B,R01,testing,06,193,1,0.0,0.0,0.0,0.0
B,R01,testing,06,194,1,0.0,0.0,0.0,0.0
B,R01,testing,06,195,1,0.0,0.0,0.0,0.0
B,R01,testing,06,196,1,0.0,0.0,0.0,0.0
B,R01,testing,06,197,1,0.0,0.0,0.0,0.0
B,R01,testing,06,198,1,0.0,0.0,0.0,0.0
B,R01,testing,06,199,1,0.0,0.0,0.0,0.0
B,R01,testing,06,200,1,0.0,0.0,0.0,0.0
B,R01,testing,06,201,1,0.0,0.0,0.0,0.0
B,R01,testing,06,202,1,0.0,0.0,0.0,0.0
B,R01,testing,06,203,1,0.0,0.0,0.0,0.0
B,R01,testing,06,204,1,0.0,0.0,0.0,0.0
B,R01,testing,06,205,1,0.0,0.0,0.0,0.0
B,R01,testing,06,206,1,0.0,0.0,0.0,0.0
B,R01,testing,06,207,1,0.0,0.0,0.0,0.0
B,R01,testing,06,208,1,0.0,0.0,0.0,0.0
B,R01,testing,06,209,1,0.0,0.0,0.0,0.0
B,R01,testing,06,210,1,0.0,0.0,0.0,0.0
B,R01,testing,06,211,1,0.0,0.0,0.0,0.0
B,R01,testing,06,212,1,0.0,0.0,0.0,0.0
B,R01,testing,06,213,1,0.0,0.0,0.0,0.0
B,R01,testing,06,214,1,0.0,0.0,0.0,0.0
B,R01,testing,06,215,1,0.0,0.0,0.0,0.0
B,R01,testing,06,216,1,0.0,0.0,0.0,0.0
B,R01,testing,06,217,1,0.0,0.0,0.0,0.0
B,R01,testing,06,218,1,0.0,0.0,0.0,0.0
B,R01,testing,06,219,1,0.0,0.0,0.0,0.0
B,R01,testing,06,220,1,0.0,0.0,0.0,0.0
B,R01,testing,06,221,1,0.0,0.0,0.0,0.0
B,R01,testing,06,222,1,0.0,0.0,0.0,0.0
B,R01,testing,06,223,1,0.0,0.0,0.0,0.0
B,R01,testing,06,224,1,0.0,0.0,0.0,0.0
B,R01,testing,06,225,1,0.0,0.0,0.0,0.0
B,R01,testing,06,226,1,0.0,0.0,0.0,0.0
B,R01,testing,06,227,1,0.0,0.0,0.0,0.0
B,R01,testing,06,228,1,0.0,0.0,0.0,0.0
B,R01,testing,06,229,1,0.0,0.0,0.0,0.0
B,R01,testing,06,230,0,0.0,0.0,0.0,0.0
B,R01,testing,06,231,0,0.0,0.0,0.0,0.0
B,R01,testing,06,232,0,0.0,0.0,0.0,0.0
C,R01,testing,06,0,0,0.0,0.0,0.0,0.0
C,R01,testing,06,1,0,0.0,0.0,0.0,0.0
C,R01,testing,06,2,0,0.0,0.0,0.0,0.0
C,R01,testing,06,3,0,0.0,0.0,0.0,0.0
C,R01,testing,06,4,0,0.0,0.0,0.0,0.0
C,R01,testing,06,5,0,0.0,0.0,0.0,0.0
C,R01,testing,06,6,0,0.0,0.0,0.0,0.0
C,R01,testing,06,7,0,0.0,0.0,0.0,0.0
C,R01,testing,06,8,0,0.0,0.0,0.0,0.0
C,R01,testing,06,9,0,0.0,0.0,0.0,0.0
C,R01,testing,06,10,1,0.0,0.0,0.0,0.0
C,R01,testing,06,11,1,0.0,0.0,0.0,0.0
C,R01,testing,06,12,1,0.0,0.0,0.0,0.0
C,R01,testing,06,13,1,0.0,0.0,0.0,0.0
C,R01,testing,06,14,1,0.0,0.0,0.0,0.0
C,R01,testing,06,15,1,0.0,0.0,0.0,0.0
C,R01,testing,06,16,1,0.0,0.0,0.0,0.0
C,R01,testing,06,17,1,0.0,0.0,0.0,0.0
C,R01,testing,06,18,1,0.0,0.0,0.0,0.0
C,R01,testing,06,19,1,0.0,0.0,0.0,0.0
C,R01,testing,06,20,1,0.0,0.0,0.0,0.0
C,R01,testing,06,21,1,0.0,0.0,0.0,0.0
C,R01,testing,06,22,1,0.0,0.0,0.0,0.0
C,R01,testing,06,23,1,0.0,0.0,0.0,0.0
C,R01,testing,06,24,1,0.0,0.0,0.0,0.0
C,R01,testing,06,25,1,0.0,0.0,0.0,0.0
C,R01,testing,06,26,1,0.0,0.0,0.0,0.0
C,R01,testing,06,27,1,0.0,0.0,0.0,0.0
C,R01,testing,06,28,1,0.0,0.0,0.0,0.0
C,R01,testing,06,29,1,0.0,0.0,0.0,0.0
C,R01,testing,06,30,1,0.0,0.0,0.0,0.0
C,R01,testing,06,31,1,0.0,0.0,0.0,0.0
C,R01,testing,06,32,1,0.0,0.0,0.0,0.0
C,R01,testing,06,33,1,0.0,0.0,0.0,0.0
C,R01,testing,06,34,1,0.0,0.0,0.0,0.0
C,R01,testing,06,35,1,0.0,0.0,0.0,0.0
C,R01,testing,06,36,1,0.0,0.0,0.0,0.0
C,R01,testing,06,37,1,0.0,0.0,0.0,0.0
C,R01,testing,06,38,1,0.0,0.0,0.0,0.0
C,R01,testing,06,39,1,0.0,0.0,0.0,0.0
C,R01,testing,06,40,1,0.0,0.0,0.0,0.0
C,R01,testing,06,41,1,0.0,0.0,0.0,0.0
C,R01,testing,06,42,1,0.0,0.0,0.0,0.0
C,R01,testing,06,43,1,0.0,0.0,0.0,0.0
C,R01,testing,06,44,1,0.0,0.0,0.0,0.0
C,R01,testing,06,45,1,0.0,0.0,0.0,0.0
C,R01,testing,06,46,1,0.0,0.0,0.0,0.0
C,R01,testing,06,47,1,0.0,0.0,0.0,0.0
C,R01,testing,06,48,1,0.0,0.0,0.0,0.0
C,R01,testing,06,49,1,0.0,0.0,0.0,0.0
C,R01,testing,06,50,1,0.0,0.0,0.0,0.0
C,R01,testing,06,51,1,0.0,0.0,0.0,0.0
C,R01,testing,06,52,1,0.0,0.0,0.0,0.0
C,R01,testing,06,53,1,0.0,0.0,0.0,0.0
C,R01,testing,06,54,1,0.0,0.0,0.0,0.0
C,R01,testing,06,55,1,0.0,0.0,0.0,0.0
C,R01,testing,06,56,1,0.0,0.0,0.0,0.0
C,R01,testing,06,57,1,0.0,0.0,0.0,0.0
C,R01,testing,06,58,1,0.0,0.0,0.0,0.0
C,R01,testing,06,59,1,0.0,0.0,0.0,0.0
C,R01,testing,06,60,1,0.0,0.0,0.0,0.0
C,R01,testing,06,61,1,0.0,0.0,0.0,0.0
C,R01,testing,06,62,1,0.0,0.0,0.0,0.0
C,R01,testing,06,63,1,0.0,0.0,0.0,0.0
C,R01,testing,06,64,1,0.0,0.0,0.0,0.0
C,R01,testing,06,65,1,0.0,0.0,0.0,0.0
C,R01,testing,06,66,1,0.0,0.0,0.0,0.0
C,R01,testing,06,67,1,0.0,0.0,0.0,0.0
C,R01,testing,06,68,1,0.0,0.0,0.0,0.0
C,R01,testing,06,69,1,0.0,0.0,0.0,0.0
C,R01,testing,06,70,1,0.0,0.0,0.0,0.0
C,R01,testing,06,71,1,0.0,0.0,0.0,0.0
C,R01,testing,06,72,1,0.0,0.0,0.0,0.0
C,R01,testing,06,73,1,0.0,0.0,0.0,0.0
C,R01,testing,06,74,1,0.0,0.0,0.0,0.0
C,R01,testing,06,75,1,0.0,0.0,0.0,0.0
C,R01,testing,06,76,1,0.0,0.0,0.0,0.0
C,R01,testing,06,77,1,0.0,0.0,0.0,0.0
C,R01,testing,06,78,1,0.0,0.0,0.0,0.0
C,R01,testing,06,79,1,0.0,0.0,0.0,0.0
C,R01,testing,06,80,1,0.0,0.0,0.0,0.0
C,R01,testing,06,81,1,0.0,0.0,0.0,0.0
C,R01,testing,06,82,1,0.0,0.0,0.0,0.0
C,R01,testing,06,83,1,0.0,0.0,0.0,0.0
C,R01,testing,06,84,1,0.0,0.0,0.0,0.0
C,R01,testing,06,85,1,0.0,0.0,0.0,0.0
C,R01,testing,06,86,1,0.0,0.0,0.0,0.0
C,R01,testing,06,87,1,0.0,0.0,0.0,0.0
C,R01,testing,06,88,1,0.0,0.0,0.0,0.0
C,R01,testing,06,89,1,0.0,0.0,0.0,0.0
C,R01,testing,06,90,1,0.0,0.0,0.0,0.0
C,R01,testing,06,91,1,0.0,0.0,0.0,0.0
C,R01,testing,06,92,1,0.0,0.0,0.0,0.0
C,R01,testing,06,93,1,0.0,0.0,0.0,0.0
C,R01,testing,06,94,1,0.0,0.0,0.0,0.0
C,R01,testing,06,95,1,0.0,0.0,0.0,0.0
C,R01,testing,06,96,1,0.0,0.0,0.0,0.0
C,R01,testing,06,97,1,0.0,0.0,0.0,0.0
C,R01,testing,06,98,1,0.0,0.0,0.0,0.0
C,R01,testing,06,99,1,0.0,0.0,0.0,0.0
C,R01,testing,06,100,1,0.0,0.0,0.0,0.0
C,R01,testing,06,101,1,0.0,0.0,0.0,0.0
C,R01,testing,06,102,1,0.0,0.0,0.0,0.0
C,R01,testing,06,103,1,0.0,0.0,0.0,0.0
C,R01,testing,06,104,1,0.0,0.0,0.0,0.0
C,R01,testing,06,105,1,0.0,0.0,0.0,0.0
C,R01,testing,06,106,1,0.0,0.0,0.0,0.0
C,R01,testing,06,107,1,0.0,0.0,0.0,0.0
C,R01,testing,06,108,1,0.0,0.0,0.0,0.0
C,R01,testing,06,109,1,0.0,0.0,0.0,0.0
C,R01,testing,06,110,1,0.0,0.0,0.0,0.0
C,R01,testing,06,111,1,0.0,0.0,0.0,0.0
C,R01,testing,06,112,1,0.0,0.0,0.0,0.0
C,R01,testing,06,113,1,0.0,0.0,0.0,0.0
C,R01,testing,06,114,1,0.0,0.0,0.0,0.0
C,R01,testing,06,115,1,0.0,0.0,0.0,0.0
C,R01,testing,06,116,1,0.0,0.0,0.0,0.0
C,R01,testing,06,117,1,0.0,0.0,0.0,0.0
C,R01,testing,06,118,1,0.0,0.0,0.0,0.0
C,R01,testing,06,119,1,0.0,0.0,0.0,0.0
C,R01,testing,06,120,1,0.0,0.0,0.0,0.0
C,R01,testing,06,121,1,0.0,0.0,0.0,0.0
C,R01,testing,06,122,1,0.0,0.0,0.0,0.0
C,R01,testing,06,123,1,0.0,0.0,0.0,0.0
C,R01,testing,06,124,1,0.0,0.0,0.0,0.0
C,R01,testing,06,125,1,0.0,0.0,0.0,0.0
C,R01,testing,06,126,1,0.0,0.0,0.0,0.0
C,R01,testing,06,127,1,0.0,0.0,0.0,0.0
C,R01,testing,06,128,1,0.0,0.0,0.0,0.0
C,R01,testing,06,129,1,0.0,0.0,0.0,0.0
C,R01,testing,06,130,1,0.0,0.0,0.0,0.0
C,R01,testing,06,131,1,0.0,0.0,0.0,0.0
C,R01,testing,06,132,1,0.0,0.0,0.0,0.0
C,R01,testing,06,133,1,0.0,0.0,0.0,0.0
C,R01,testing,06,134,1,0.0,0.0,0.0,0.0
C,R01,testing,06,135,1,0.0,0.0,0.0,0.0
C,R01,testing,06,136,1,0.0,0.0,0.0,0.0
C,R01,testing,06,137,1,0.0,0.0,0.0,0.0
C,R01,testing,06,138,1,0.0,0.0,0.0,0.0
C,R01,testing,06,139,1,0.0,0.0,0.0,0.0
C,R01,testing,06,140,1,0.0,0.0,0.0,0.0
C,R01,testing,06,141,1,0.0,0.0,0.0,0.0
C,R01,testing,06,142,1,0.0,0.0,0.0,0.0
C,R01,testing,06,143,1,0.0,0.0,0.0,0.0
C,R01,testing,06,144,1,0.0,0.0,0.0,0.0
C,R01,testing,06,145,1,0.0,0.0,0.0,0.0
C,R01,testing,06,146,1,0.0,0.0,0.0,0.0
C,R01,testing,06,147,1,0.0,0.0,0.0,0.0
C,R01,testing,06,148,1,0.0,0.0,0.0,0.0
C,R01,testing,06,149,1,0.0,0.0,0.0,0.0
C,R01,testing,06,150,1,0.0,0.0,0.0,0.0
C,R01,testing,06,151,1,0.0,0.0,0.0,0.0
C,R01,testing,06,152,1,0.0,0.0,0.0,0.0
C,R01,testing,06,153,1,0.0,0.0,0.0,0.0
C,R01,testing,06,154,1,0.0,0.0,0.0,0.0
C,R01,testing,06,155,1,0.0,0.0,0.0,0.0
C,R01,testing,06,156,1,0.0,0.0,0.0,0.0
C,R01,testing,06,157,1,0.0,0.0,0.0,0.0
C,R01,testing,06,158,1,0.0,0.0,0.0,0.0
C,R01,testing,06,159,1,0.0,0.0,0.0,0.0
C,R01,testing,06,160,1,0.0,0.0,0.0,0.0
C,R01,testing,06,161,1,0.0,0.0,0.0,0.0
C,R01,testing,06,162,1,0.0,0.0,0.0,0.0
C,R01,testing,06,163,1,0.0,0.0,0.0,0.0
C,R01,testing,06,164,1,0.0,0.0,0.0,0.0
C,R01,testing,06,165,1,0.0,0.0,0.0,0.0
C,R01,testing,06,166,1,0.0,0.0,0.0,0.0
C,R01,testing,06,167,1,0.0,0.0,0.0,0.0
C,R01,testing,06,168,1,0.0,0.0,0.0,0.0
C,R01,testing,06,169,1,0.0,0.0,0.0,0.0
C,R01,testing,06,170,1,0.0,0.0,0.0,0.0
C,R01,testing,06,171,1,0.0,0.0,0.0,0.0
C,R01,testing,06,172,1,0.0,0.0,0.0,0.0
C,R01,testing,06,173,1,0.0,0.0,0.0,0.0
C,R01,testing,06,174,1,0.0,0.0,0.0,0.0
C,R01,testing,06,175,1,0.0,0.0,0.0,0.0
C,R01,testing,06,176,1,0.0,0.0,0.0,0.0
C,R01,testing,06,177,1,0.0,0.0,0.0,0.0
C,R01,testing,06,178,1,0.0,0.0,0.0,0.0
C,R01,testing,06,179,1,0.0,0.0,0.0,0.0
C,R01,testing,06,180,1,0.0,0.0,0.0,0.0
C,R01,testing,06,181,1,0.0,0.0,0.0,0.0
C,R01,testing,06,182,1,0.0,0.0,0.0,0.0
C,R01,testing,06,183,1,0.0,0.0,0.0,0.0
C,R01,testing,06,184,1,0.0,0.0,0.0,0.0
C,R01,testing,06,185,1,0.0,0.0,0.0,0.0
C,R01,testing,06,186,1,0.0,0.0,0.0,0.0
C,R01,testing,06,187,1,0.0,0.0,0.0,0.0
C,R01,testing,06,188,1,0.0,0.0,0.0,0.0
C,R01,testing,06,189,1,0.0,0.0,0.0,0.0
C,R01,testing,06,190,1,0.0,0.0,0.0,0.0
C,R01,testing,06,191,1,0.0,0.0,0.0,0.0
C,R01,testing,06,192,1,0.0,0.0,0.0,0.0
C,R01,testing,06,193,1,0.0,0.0,0.0,0.0
C,R01,testing,06,194,1,0.0,0.0,0.0,0.0
C,R01,testing,06,195,1,0.0,0.0,0.0,0.0
C,R01,testing,06,196,1,0.0,0.0,0.0,0.0
C,R01,testing,06,197,1,0.0,0.0,0.0,0.0
C,R01,testing,06,198,1,0.0,0.0,0.0,0.0
C,R01,testing,06,199,1,0.0,0.0,0.0,0.0
C,R01,testing,06,200,1,0.0,0.0,0.0,0.0
C,R01,testing,06,201,1,0.0,0.0,0.0,0.0
C,R01,testing,06,202,1,0.0,0.0,0.0,0.0
C,R01,testing,06,203,1,0.0,0.0,0.0,0.0
C,R01,testing,06,204,1,0.0,0.0,0.0,0.0
C,R01,testing,06,205,1,0.0,0.0,0.0,0.0
C,R01,testing,06,206,1,0.0,0.0,0.0,0.0
C,R01,testing,06,207,1,0.0,0.0,0.0,0.0
C,R01,testing,06,208,1,0.0,0.0,0.0,0.0
C,R01,testing,06,209,1,0.0,0.0,0.0,0.0
C,R01,testing,06,210,1,0.0,0.0,0.0,0.0
C,R01,testing,06,211,1,0.0,0.0,0.0,0.0
C,R01,testing,06,212,1,0.0,0.0,0.0,0.0
C,R01,testing,06,213,1,0.0,0.0,0.0,0.0
C,R01,testing,06,214,1,0.0,0.0,0.0,0.0
C,R01,testing,06,215,1,0.0,0.0,0.0,0.0
C,R01,testing,06,216,1,0.0,0.0,0.0,0.0
C,R01,testing,06,217,1,0.0,0.0,0.0,0.0
C,R01,testing,06,218,1,0.0,0.0,0.0,0.0
C,R01,testing,06,219,1,0.0,0.0,0.0,0.0
C,R01,testing,06,220,1,0.0,0.0,0.0,0.0
C,R01,testing,06,221,1,0.0,0.0,0.0,0.0
C,R01,testing,06,222,1,0.0,0.0,0.0,0.0
C,R01,testing,06,223,1,0.0,0.0,0.0,0.0
C,R01,testing,06,224,1,0.0,0.0,0.0,0.0
C,R01,testing,06,225,1,0.0,0.0,0.0,0.0
C,R01,testing,06,226,1,0.0,0.0,0.0,0.0
C,R01,testing,06,227,1,0.0,0.0,0.0,0.0
C,R01,testing,06,228,1,0.0,0.0,0.0,0.0
C,R01,testing,06,229,1,0.0,0.0,0.0,0.0
C,R01,testing,06,230,0,0.0,0.0,0.0,0.0
C,R01,testing,06,231,0,0.0,0.0,0.0,0.0
C,R01,testing,06,232,0,0.0,0.0,0.0,0.0
P1,R01,testing,06,0,0,0.0,0.0,0.0,0.0
P1,R01,testing,06,1,0,0.0,0.0,0.0,0.0
P1,R01,testing,06,2,0,0.0,0.0,0.0,0.0
P1,R01,testing,06,3,0,0.0,0.0,0.0,0.0
P1,R01,testing,06,4,0,0.0,0.0,0.0,0.0
P1,R01,testing,06,5,0,0.0,0.0,0.0,0.0
P1,R01,testing,06,6,0,0.0,0.0,0.0,0.0
P1,R01,testing,06,7,0,0.0,0.0,0.0,0.0
P1,R01,testing,06,8,0,0.0,0.0,0.0,0.0
P1,R01,testing,06,9,0,0.0,0.0,0.0,0.0
P1,R01,testing,06,10,1,0.0,0.0,0.0,0.0
P1,R01,testing,06,11,1,0.0,0.0,0.0,0.0
P1,R01,testing,06,12,1,0.0,0.0,0.0,0.0
P1,R01,testing,06,13,1,0.0,0.0,0.0,0.0
P1,R01,testing,06,14,1,0.0,0.0,0.0,0.0
P1,R01,testing,06,15,1,0.0,0.0,0.0,0.0
P1,R01,testing,06,16,1,0.0,0.0,0.0,0.0
P1,R01,testing,06,17,1,0.0,0.0,0.0,0.0
P1,R01,testing,06,18,1,0.0,0.0,0.0,0.0
P1,R01,testing,06,19,1,0.0,0.0,0.0,0.0
P1,R01,testing,06,20,1,0.0,0.0,0.0,0.0
P1,R01,testing,06,21,1,0.0,0.0,0.0,0.0
P1,R01,testing,06,22,1,0.0,0.0,0.0,0.0
P1,R01,testing,06,23,1,0.0,0.0,0.0,0.0
P1,R01,testing,06,24,1,0.0,0.0,0.0,0.0
P1,R01,testing,06,25,1,0.0,0.0,0.0,0.0
P1,R01,testing,06,26,1,0.0,0.0,0.0,0.0
P1,R01,testing,06,27,1,0.0,0.0,0.0,0.0
P1,R01,testing,06,28,1,0.0,0.0,0.0,0.0
P1,R01,testing,06,29,1,0.0,0.0,0.0,0.0
P1,R01,testing,06,30,1,0.0,0.0,0.0,0.0
P1,R01,testing,06,31,1,0.0,0.0,0.0,0.0
P1,R01,testing,06,32,1,0.0,0.0,0.0,0.0
P1,R01,testing,06,33,1,0.0,0.0,0.0,0.0
P1,R01,testing,06,34,1,0.0,0.0,0.0,0.0
P1,R01,testing,06,35,1,0.0,0.0,0.0,0.0
P1,R01,testing,06,36,1,0.0,0.0,0.0,0.0
P1,R01,testing,06,37,1,0.0,0.0,0.0,0.0
P1,R01,testing,06,38,1,0.0,0.0,0.0,0.0
P1,R01,testing,06,39,1,0.0,0.0,0.0,0.0
P1,R01,testing,06,40,1,0.0,0.0,0.0,0.0
P1,R01,testing,06,41,1,0.0,0.0,0.0,0.0
P1,R01,testing,06,42,1,0.0,0.0,0.0,0.0
P1,R01,testing,06,43,1,0.0,0.0,0.0,0.0
P1,R01,testing,06,44,1,0.0,0.0,0.0,0.0
P1,R01,testing,06,45,1,0.0,0.0,0.0,0.0
P1,R01,testing,06,46,1,0.0,0.0,0.0,0.0
P1,R01,testing,06,47,1,0.0,0.0,0.0,0.0
P1,R01,testing,06,48,1,0.0,0.0,0.0,0.0
P1,R01,testing,06,49,1,0.0,0.0,0.0,0.0
P1,R01,testing,06,50,1,0.0,0.0,0.0,0.0
P1,R01,testing,06,51,1,0.0,0.0,0.0,0.0
P1,R01,testing,06,52,1,0.0,0.0,0.0,0.0
P1,R01,testing,06,53,1,0.0,0.0,0.0,0.0
P1,R01,testing,06,54,1,0.0,0.0,0.0,0.0
P1,R01,testing,06,55,1,0.0,0.0,0.0,0.0
P1,R01,testing,06,56,1,0.0,0.0,0.0,0.0
P1,R01,testing,06,57,1,0.0,0.0,0.0,0.0
P1,R01,testing,06,58,1,0.0,0.0,0.0,0.0
P1,R01,testing,06,59,1,0.0,0.0,0.0,0.0
P1,R01,testing,06,60,1,0.0,0.0,0.0,0.0
P1,R01,testing,06,61,1,0.0,0.0,0.0,0.0
P1,R01,testing,06,62,1,0.0,0.0,0.0,0.0
P1,R01,testing,06,63,1,0.0,0.0,0.0,0.0
P1,R01,testing,06,64,1,0.0,0.0,0.0,0.0
P1,R01,testing,06,65,1,0.0,0.0,0.0,0.0
P1,R01,testing,06,66,1,0.0,0.0,0.0,0.0
P1,R01,testing,06,67,1,0.0,0.0,0.0,0.0
P1,R01,testing,06,68,1,0.0,0.0,0.0,0.0
P1,R01,testing,06,69,1,0.0,0.0,0.0,0.0
P1,R01,testing,06,70,1,0.0,0.0,0.0,0.0
P1,R01,testing,06,71,1,0.0,0.0,0.0,0.0
P1,R01,testing,06,72,1,0.0,0.0,0.0,0.0
P1,R01,testing,06,73,1,0.0,0.0,0.0,0.0
P1,R01,testing,06,74,1,0.0,0.0,0.0,0.0
P1,R01,testing,06,75,1,0.0,0.0,0.0,0.0
P1,R01,testing,06,76,1,0.0,0.0,0.0,0.0
P1,R01,testing,06,77,1,0.0,0.0,0.0,0.0
P1,R01,testing,06,78,1,0.0,0.0,0.0,0.0
P1,R01,testing,06,79,1,0.0,0.0,0.0,0.0
P1,R01,testing,06,80,1,0.0,0.0,0.0,0.0
P1,R01,testing,06,81,1,0.0,0.0,0.0,0.0
P1,R01,testing,06,82,1,0.0,0.0,0.0,0.0
P1,R01,testing,06,83,1,0.0,0.0,0.0,0.0
P1,R01,testing,06,84,1,0.0,0.0,0.0,0.0
P1,R01,testing,06,85,1,0.0,0.0,0.0,0.0
P1,R01,testing,06,86,1,0.0,0.0,0.0,0.0
P1,R01,testing,06,87,1,0.0,0.0,0.0,0.0
P1,R01,testing,06,88,1,0.0,0.0,0.0,0.0
P1,R01,testing,06,89,1,0.0,0.0,0.0,0.0
P1,R01,testing,06,90,1,0.0,0.0,0.0,0.0
P1,R01,testing,06,91,1,0.0,0.0,0.0,0.0
P1,R01,testing,06,92,1,0.0,0.0,0.0,0.0
P1,R01,testing,06,93,1,0.0,0.0,0.0,0.0
P1,R01,testing,06,94,1,0.0,0.0,0.0,0.0
P1,R01,testing,06,95,1,0.0,0.0,0.0,0.0
P1,R01,testing,06,96,1,0.0,0.0,0.0,0.0
P1,R01,testing,06,97,1,0.0,0.0,0.0,0.0
P1,R01,testing,06,98,1,0.0,0.0,0.0,0.0
P1,R01,testing,06,99,1,0.0,0.0,0.0,0.0
P1,R01,testing,06,100,1,0.0,0.0,0.0,0.0
P1,R01,testing,06,101,1,0.0,0.0,0.0,0.0
P1,R01,testing,06,102,1,0.0,0.0,0.0,0.0
P1,R01,testing,06,103,1,0.0,0.0,0.0,0.0
P1,R01,testing,06,104,1,0.0,0.0,0.0,0.0
P1,R01,testing,06,105,1,0.0,0.0,0.0,0.0
P1,R01,testing,06,106,1,0.0,0.0,0.0,0.0
P1,R01,testing,06,107,1,0.0,0.0,0.0,0.0
P1,R01,testing,06,108,1,0.0,0.0,0.0,0.0
P1,R01,testing,06,109,1,0.0,0.0,0.0,0.0
P1,R01,testing,06,110,1,0.0,0.0,0.0,0.0
P1,R01,testing,06,111,1,0.0,0.0,0.0,0.0
P1,R01,testing,06,112,1,0.0,0.0,0.0,0.0
P1,R01,testing,06,113,1,0.0,0.0,0.0,0.0
P1,R01,testing,06,114,1,0.0,0.0,0.0,0.0
P1,R01,testing,06,115,1,0.0,0.0,0.0,0.0
P1,R01,testing,06,116,1,0.0,0.0,0.0,0.0
P1,R01,testing,06,117,1,0.0,0.0,0.0,0.0
P1,R01,testing,06,118,1,0.0,0.0,0.0,0.0
P1,R01,testing,06,119,1,0.0,0.0,0.0,0.0
P1,R01,testing,06,120,1,0.0,0.0,0.0,0.0
P1,R01,testing,06,121,1,0.0,0.0,0.0,0.0
P1,R01,testing,06,122,1,0.0,0.0,0.0,0.0
P1,R01,testing,06,123,1,0.0,0.0,0.0,0.0
P1,R01,testing,06,124,1,0.0,0.0,0.0,0.0
P1,R01,testing,06,125,1,0.0,0.0,0.0,0.0
P1,R01,testing,06,126,1,0.0,0.0,0.0,0.0
P1,R01,testing,06,127,1,0.0,0.0,0.0,0.0
P1,R01,testing,06,128,1,0.0,0.0,0.0,0.0
P1,R01,testing,06,129,1,0.0,0.0,0.0,0.0
P1,R01,testing,06,130,1,0.0,0.0,0.0,0.0
P1,R01,testing,06,131,1,0.0,0.0,0.0,0.0
P1,R01,testing,06,132,1,0.0,0.0,0.0,0.0
P1,R01,testing,06,133,1,0.0,0.0,0.0,0.0
P1,R01,testing,06,134,1,0.0,0.0,0.0,0.0
P1,R01,testing,06,135,1,0.0,0.0,0.0,0.0
P1,R01,testing,06,136,1,0.0,0.0,0.0,0.0
P1,R01,testing,06,137,1,0.0,0.0,0.0,0.0
P1,R01,testing,06,138,1,0.0,0.0,0.0,0.0
P1,R01,testing,06,139,1,0.0,0.0,0.0,0.0
P1,R01,testing,06,140,1,0.0,0.0,0.0,0.0
P1,R01,testing,06,141,1,0.0,0.0,0.0,0.0
P1,R01,testing,06,142,1,0.0,0.0,0.0,0.0
P1,R01,testing,06,143,1,0.0,0.0,0.0,0.0
P1,R01,testing,06,144,1,0.0,0.0,0.0,0.0
P1,R01,testing,06,145,1,0.0,0.0,0.0,0.0
P1,R01,testing,06,146,1,0.0,0.0,0.0,0.0
P1,R01,testing,06,147,1,0.0,0.0,0.0,0.0
P1,R01,testing,06,148,1,0.0,0.0,0.0,0.0
P1,R01,testing,06,149,1,0.0,0.0,0.0,0.0
P1,R01,testing,06,150,1,0.0,0.0,0.0,0.0
P1,R01,testing,06,151,1,0.0,0.0,0.0,0.0
P1,R01,testing,06,152,1,0.0,0.0,0.0,0.0
P1,R01,testing,06,153,1,0.0,0.0,0.0,0.0
P1,R01,testing,06,154,1,0.0,0.0,0.0,0.0
P1,R01,testing,06,155,1,0.0,0.0,0.0,0.0
P1,R01,testing,06,156,1,0.0,0.0,0.0,0.0
P1,R01,testing,06,157,1,0.0,0.0,0.0,0.0
P1,R01,testing,06,158,1,0.0,0.0,0.0,0.0
P1,R01,testing,06,159,1,0.0,0.0,0.0,0.0
P1,R01,testing,06,160,1,0.0,0.0,0.0,0.0
P1,R01,testing,06,161,1,0.0,0.0,0.0,0.0
P1,R01,testing,06,162,1,0.0,0.0,0.0,0.0
P1,R01,testing,06,163,1,0.0,0.0,0.0,0.0
P1,R01,testing,06,164,1,0.0,0.0,0.0,0.0
P1,R01,testing,06,165,1,0.0,0.0,0.0,0.0
P1,R01,testing,06,166,1,0.0,0.0,0.0,0.0
P1,R01,testing,06,167,1,0.0,0.0,0.0,0.0
P1,R01,testing,06,168,1,0.0,0.0,0.0,0.0
P1,R01,testing,06,169,1,0.0,0.0,0.0,0.0
P1,R01,testing,06,170,1,0.0,0.0,0.0,0.0
P1,R01,testing,06,171,1,0.0,0.0,0.0,0.0
P1,R01,testing,06,172,1,0.0,0.0,0.0,0.0
P1,R01,testing,06,173,1,0.0,0.0,0.0,0.0
P1,R01,testing,06,174,1,0.0,0.0,0.0,0.0
P1,R01,testing,06,175,1,0.0,0.0,0.0,0.0
P1,R01,testing,06,176,1,0.0,0.0,0.0,0.0
P1,R01,testing,06,177,1,0.0,0.0,0.0,0.0
P1,R01,testing,06,178,1,0.0,0.0,0.0,0.0
P1,R01,testing,06,179,1,0.0,0.0,0.0,0.0
P1,R01,testing,06,180,1,0.0,0.0,0.0,0.0
P1,R01,testing,06,181,1,0.0,0.0,0.0,0.0
P1,R01,testing,06,182,1,0.0,0.0,0.0,0.0
P1,R01,testing,06,183,1,0.0,0.0,0.0,0.0
P1,R01,testing,06,184,1,0.0,0.0,0.0,0.0
P1,R01,testing,06,185,1,0.0,0.0,0.0,0.0
P1,R01,testing,06,186,1,0.0,0.0,0.0,0.0
P1,R01,testing,06,187,1,0.0,0.0,0.0,0.0
P1,R01,testing,06,188,1,0.0,0.0,0.0,0.0
P1,R01,testing,06,189,1,0.0,0.0,0.0,0.0
P1,R01,testing,06,190,1,0.0,0.0,0.0,0.0
P1,R01,testing,06,191,1,0.0,0.0,0.0,0.0
P1,R01,testing,06,192,1,0.0,0.0,0.0,0.0
P1,R01,testing,06,193,1,0.0,0.0,0.0,0.0
P1,R01,testing,06,194,1,0.0,0.0,0.0,0.0
P1,R01,testing,06,195,1,0.0,0.0,0.0,0.0
P1,R01,testing,06,196,1,0.0,0.0,0.0,0.0
P1,R01,testing,06,197,1,0.0,0.0,0.0,0.0
P1,R01,testing,06,198,1,0.0,0.0,0.0,0.0
P1,R01,testing,06,199,1,0.0,0.0,0.0,0.0
P1,R01,testing,06,200,1,0.0,0.0,0.0,0.0
P1,R01,testing,06,201,1,0.0,0.0,0.0,0.0
P1,R01,testing,06,202,1,0.0,0.0,0.0,0.0
P1,R01,testing,06,203,1,0.0,0.0,0.0,0.0
P1,R01,testing,06,204,1,0.0,0.0,0.0,0.0
P1,R01,testing,06,205,1,0.0,0.0,0.0,0.0
P1,R01,testing,06,206,1,0.0,0.0,0.0,0.0
P1,R01,testing,06,207,1,0.0,0.0,0.0,0.0
P1,R01,testing,06,208,1,0.0,0.0,0.0,0.0
P1,R01,testing,06,209,1,0.0,0.0,0.0,0.0
P1,R01,testing,06,210,1,0.0,0.0,0.0,0.0
P1,R01,testing,06,211,1,0.0,0.0,0.0,0.0
P1,R01,testing,06,212,1,0.0,0.0,0.0,0.0
P1,R01,testing,06,213,1,0.0,0.0,0.0,0.0
P1,R01,testing,06,214,1,0.0,0.0,0.0,0.0
P1,R01,testing,06,215,1,0.0,0.0,0.0,0.0
P1,R01,testing,06,216,1,0.0,0.0,0.0,0.0
P1,R01,testing,06,217,1,0.0,0.0,0.0,0.0
P1,R01,testing,06,218,1,0.0,0.0,0.0,0.0
P1,R01,testing,06,219,1,0.0,0.0,0.0,0.0
P1,R01,testing,06,220,1,0.0,0.0,0.0,0.0
P1,R01,testing,06,221,1,0.0,0.0,0.0,0.0
P1,R01,testing,06,222,1,0.0,0.0,0.0,0.0
P1,R01,testing,06,223,1,0.0,0.0,0.0,0.0
P1,R01,testing,06,224,1,0.0,0.0,0.0,0.0
P1,R01,testing,06,225,1,0.0,0.0,0.0,0.0
P1,R01,testing,06,226,1,0.0,0.0,0.0,0.0
P1,R01,testing,06,227,1,0.0,0.0,0.0,0.0
P1,R01,testing,06,228,1,0.0,0.0,0.0,0.0
P1,R01,testing,06,229,1,0.0,0.0,0.0,0.0
P1,R01,testing,06,230,0,0.0,0.0,0.0,0.0
P1,R01,testing,06,231,0,0.0,0.0,0.0,0.0
P1,R01,testing,06,232,0,0.0,0.0,0.0,0.0
P2,R01,testing,06,0,0,0.0,0.0,0.0,0.0
P2,R01,testing,06,1,0,0.0,0.0,0.0,0.0
P2,R01,testing,06,2,0,0.0,0.0,0.0,0.0
P2,R01,testing,06,3,0,0.0,0.0,0.0,0.0
P2,R01,testing,06,4,0,0.0,0.0,0.0,0.0
P2,R01,testing,06,5,0,0.0,0.0,0.0,0.0
P2,R01,testing,06,6,0,0.0,0.0,0.0,0.0
P2,R01,testing,06,7,0,0.0,0.0,0.0,0.0
P2,R01,testing,06,8,0,0.0,0.0,0.0,0.0
P2,R01,testing,06,9,0,0.0,0.0,0.0,0.0
P2,R01,testing,06,10,1,0.0,0.0,0.0,0.0
P2,R01,testing,06,11,1,0.0,0.0,0.0,0.0
P2,R01,testing,06,12,1,0.0,0.0,0.0,0.0
P2,R01,testing,06,13,1,0.0,0.0,0.0,0.0
P2,R01,testing,06,14,1,0.0,0.0,0.0,0.0
P2,R01,testing,06,15,1,0.0,0.0,0.0,0.0
P2,R01,testing,06,16,1,0.0,0.0,0.0,0.0
P2,R01,testing,06,17,1,0.0,0.0,0.0,0.0
P2,R01,testing,06,18,1,0.0,0.0,0.0,0.0
P2,R01,testing,06,19,1,0.0,0.0,0.0,0.0
P2,R01,testing,06,20,1,0.0,0.0,0.0,0.0
P2,R01,testing,06,21,1,0.0,0.0,0.0,0.0
P2,R01,testing,06,22,1,0.0,0.0,0.0,0.0
P2,R01,testing,06,23,1,0.0,0.0,0.0,0.0
P2,R01,testing,06,24,1,0.0,0.0,0.0,0.0
P2,R01,testing,06,25,1,0.0,0.0,0.0,0.0
P2,R01,testing,06,26,1,0.0,0.0,0.0,0.0
P2,R01,testing,06,27,1,0.0,0.0,0.0,0.0
P2,R01,testing,06,28,1,0.0,0.0,0.0,0.0
P2,R01,testing,06,29,1,0.0,0.0,0.0,0.0
P2,R01,testing,06,30,1,0.0,0.0,0.0,0.0
P2,R01,testing,06,31,1,0.0,0.0,0.0,0.0
P2,R01,testing,06,32,1,0.0,0.0,0.0,0.0
P2,R01,testing,06,33,1,0.0,0.0,0.0,0.0
P2,R01,testing,06,34,1,0.0,0.0,0.0,0.0
P2,R01,testing,06,35,1,0.0,0.0,0.0,0.0
P2,R01,testing,06,36,1,0.0,0.0,0.0,0.0
P2,R01,testing,06,37,1,0.0,0.0,0.0,0.0
P2,R01,testing,06,38,1,0.0,0.0,0.0,0.0
P2,R01,testing,06,39,1,0.0,0.0,0.0,0.0
P2,R01,testing,06,40,1,0.0,0.0,0.0,0.0
P2,R01,testing,06,41,1,0.0,0.0,0.0,0.0
P2,R01,testing,06,42,1,0.0,0.0,0.0,0.0
P2,R01,testing,06,43,1,0.0,0.0,0.0,0.0
P2,R01,testing,06,44,1,0.0,0.0,0.0,0.0
P2,R01,testing,06,45,1,0.0,0.0,0.0,0.0
P2,R01,testing,06,46,1,0.0,0.0,0.0,0.0
P2,R01,testing,06,47,1,0.0,0.0,0.0,0.0
P2,R01,testing,06,48,1,0.0,0.0,0.0,0.0
P2,R01,testing,06,49,1,0.0,0.0,0.0,0.0
P2,R01,testing,06,50,1,0.0,0.0,0.0,0.0
P2,R01,testing,06,51,1,0.0,0.0,0.0,0.0
P2,R01,testing,06,52,1,0.0,0.0,0.0,0.0
P2,R01,testing,06,53,1,0.0,0.0,0.0,0.0
P2,R01,testing,06,54,1,0.0,0.0,0.0,0.0
P2,R01,testing,06,55,1,0.0,0.0,0.0,0.0
P2,R01,testing,06,56,1,0.0,0.0,0.0,0.0
P2,R01,testing,06,57,1,0.0,0.0,0.0,0.0
P2,R01,testing,06,58,1,0.0,0.0,0.0,0.0
P2,R01,testing,06,59,1,0.0,0.0,0.0,0.0
P2,R01,testing,06,60,1,0.0,0.0,0.0,0.0
P2,R01,testing,06,61,1,0.0,0.0,0.0,0.0
P2,R01,testing,06,62,1,0.0,0.0,0.0,0.0
P2,R01,testing,06,63,1,0.0,0.0,0.0,0.0
P2,R01,testing,06,64,1,0.0,0.0,0.0,0.0
P2,R01,testing,06,65,1,0.0,0.0,0.0,0.0
P2,R01,testing,06,66,1,0.0,0.0,0.0,0.0
P2,R01,testing,06,67,1,0.0,0.0,0.0,0.0
P2,R01,testing,06,68,1,0.0,0.0,0.0,0.0
P2,R01,testing,06,69,1,0.0,0.0,0.0,0.0
P2,R01,testing,06,70,1,0.0,0.0,0.0,0.0
P2,R01,testing,06,71,1,0.0,0.0,0.0,0.0
P2,R01,testing,06,72,1,0.0,0.0,0.0,0.0
P2,R01,testing,06,73,1,0.0,0.0,0.0,0.0
P2,R01,testing,06,74,1,0.0,0.0,0.0,0.0
P2,R01,testing,06,75,1,0.0,0.0,0.0,0.0
P2,R01,testing,06,76,1,0.0,0.0,0.0,0.0
P2,R01,testing,06,77,1,0.0,0.0,0.0,0.0
P2,R01,testing,06,78,1,0.0,0.0,0.0,0.0
P2,R01,testing,06,79,1,0.0,0.0,0.0,0.0
P2,R01,testing,06,80,1,0.0,0.0,0.0,0.0
P2,R01,testing,06,81,1,0.0,0.0,0.0,0.0
P2,R01,testing,06,82,1,0.0,0.0,0.0,0.0
P2,R01,testing,06,83,1,0.0,0.0,0.0,0.0
P2,R01,testing,06,84,1,0.0,0.0,0.0,0.0
P2,R01,testing,06,85,1,0.0,0.0,0.0,0.0
P2,R01,testing,06,86,1,0.0,0.0,0.0,0.0
P2,R01,testing,06,87,1,0.0,0.0,0.0,0.0
P2,R01,testing,06,88,1,0.0,0.0,0.0,0.0
P2,R01,testing,06,89,1,0.0,0.0,0.0,0.0
P2,R01,testing,06,90,1,0.0,0.0,0.0,0.0
P2,R01,testing,06,91,1,0.0,0.0,0.0,0.0
P2,R01,testing,06,92,1,0.0,0.0,0.0,0.0
P2,R01,testing,06,93,1,0.0,0.0,0.0,0.0
P2,R01,testing,06,94,1,0.0,0.0,0.0,0.0
P2,R01,testing,06,95,1,0.0,0.0,0.0,0.0
P2,R01,testing,06,96,1,0.0,0.0,0.0,0.0
P2,R01,testing,06,97,1,0.0,0.0,0.0,0.0
P2,R01,testing,06,98,1,0.0,0.0,0.0,0.0
P2,R01,testing,06,99,1,0.0,0.0,0.0,0.0
P2,R01,testing,06,100,1,0.0,0.0,0.0,0.0
P2,R01,testing,06,101,1,0.0,0.0,0.0,0.0
P2,R01,testing,06,102,1,0.0,0.0,0.0,0.0
P2,R01,testing,06,103,1,0.0,0.0,0.0,0.0
P2,R01,testing,06,104,1,0.0,0.0,0.0,0.0
P2,R01,testing,06,105,1,0.0,0.0,0.0,0.0
P2,R01,testing,06,106,1,0.0,0.0,0.0,0.0
P2,R01,testing,06,107,1,0.0,0.0,0.0,0.0
P2,R01,testing,06,108,1,0.0,0.0,0.0,0.0
P2,R01,testing,06,109,1,0.0,0.0,0.0,0.0
P2,R01,testing,06,110,1,0.0,0.0,0.0,0.0
P2,R01,testing,06,111,1,0.0,0.0,0.0,0.0
P2,R01,testing,06,112,1,0.0,0.0,0.0,0.0
P2,R01,testing,06,113,1,0.0,0.0,0.0,0.0
P2,R01,testing,06,114,1,0.0,0.0,0.0,0.0
P2,R01,testing,06,115,1,0.0,0.0,0.0,0.0
P2,R01,testing,06,116,1,0.0,0.0,0.0,0.0
P2,R01,testing,06,117,1,0.0,0.0,0.0,0.0
P2,R01,testing,06,118,1,0.0,0.0,0.0,0.0
P2,R01,testing,06,119,1,0.0,0.0,0.0,0.0
P2,R01,testing,06,120,1,0.0,0.0,0.0,0.0
P2,R01,testing,06,121,1,0.0,0.0,0.0,0.0
P2,R01,testing,06,122,1,0.0,0.0,0.0,0.0
P2,R01,testing,06,123,1,0.0,0.0,0.0,0.0
P2,R01,testing,06,124,1,0.0,0.0,0.0,0.0
P2,R01,testing,06,125,1,0.0,0.0,0.0,0.0
P2,R01,testing,06,126,1,0.0,0.0,0.0,0.0
P2,R01,testing,06,127,1,0.0,0.0,0.0,0.0
P2,R01,testing,06,128,1,0.0,0.0,0.0,0.0
P2,R01,testing,06,129,1,0.0,0.0,0.0,0.0
P2,R01,testing,06,130,1,0.0,0.0,0.0,0.0
P2,R01,testing,06,131,1,0.0,0.0,0.0,0.0
P2,R01,testing,06,132,1,0.0,0.0,0.0,0.0
P2,R01,testing,06,133,1,0.0,0.0,0.0,0.0
P2,R01,testing,06,134,1,0.0,0.0,0.0,0.0
P2,R01,testing,06,135,1,0.0,0.0,0.0,0.0
P2,R01,testing,06,136,1,0.0,0.0,0.0,0.0
P2,R01,testing,06,137,1,0.0,0.0,0.0,0.0
P2,R01,testing,06,138,1,0.0,0.0,0.0,0.0
P2,R01,testing,06,139,1,0.0,0.0,0.0,0.0
P2,R01,testing,06,140,1,0.0,0.0,0.0,0.0
P2,R01,testing,06,141,1,0.0,0.0,0.0,0.0
P2,R01,testing,06,142,1,0.0,0.0,0.0,0.0
P2,R01,testing,06,143,1,0.0,0.0,0.0,0.0
P2,R01,testing,06,144,1,0.0,0.0,0.0,0.0
P2,R01,testing,06,145,1,0.0,0.0,0.0,0.0
P2,R01,testing,06,146,1,0.0,0.0,0.0,0.0
P2,R01,testing,06,147,1,0.0,0.0,0.0,0.0
P2,R01,testing,06,148,1,0.0,0.0,0.0,0.0
P2,R01,testing,06,149,1,0.0,0.0,0.0,0.0
P2,R01,testing,06,150,1,0.0,0.0,0.0,0.0
P2,R01,testing,06,151,1,0.0,0.0,0.0,0.0
P2,R01,testing,06,152,1,0.0,0.0,0.0,0.0
P2,R01,testing,06,153,1,0.0,0.0,0.0,0.0
P2,R01,testing,06,154,1,0.0,0.0,0.0,0.0
P2,R01,testing,06,155,1,0.0,0.0,0.0,0.0
P2,R01,testing,06,156,1,0.0,0.0,0.0,0.0
P2,R01,testing,06,157,1,0.0,0.0,0.0,0.0
P2,R01,testing,06,158,1,0.0,0.0,0.0,0.0
P2,R01,testing,06,159,1,0.0,0.0,0.0,0.0
P2,R01,testing,06,160,1,0.0,0.0,0.0,0.0
P2,R01,testing,06,161,1,0.0,0.0,0.0,0.0
P2,R01,testing,06,162,1,0.0,0.0,0.0,0.0
P2,R01,testing,06,163,1,0.0,0.0,0.0,0.0
P2,R01,testing,06,164,1,0.0,0.0,0.0,0.0
P2,R01,testing,06,165,1,0.0,0.0,0.0,0.0
P2,R01,testing,06,166,1,0.0,0.0,0.0,0.0
P2,R01,testing,06,167,1,0.0,0.0,0.0,0.0
P2,R01,testing,06,168,1,0.0,0.0,0.0,0.0
P2,R01,testing,06,169,1,0.0,0.0,0.0,0.0
P2,R01,testing,06,170,1,0.0,0.0,0.0,0.0
P2,R01,testing,06,171,1,0.0,0.0,0.0,0.0
P2,R01,testing,06,172,1,0.0,0.0,0.0,0.0
P2,R01,testing,06,173,1,0.0,0.0,0.0,0.0
P2,R01,testing,06,174,1,0.0,0.0,0.0,0.0
P2,R01,testing,06,175,1,0.0,0.0,0.0,0.0
P2,R01,testing,06,176,1,0.0,0.0,0.0,0.0
P2,R01,testing,06,177,1,0.0,0.0,0.0,0.0
P2,R01,testing,06,178,1,0.0,0.0,0.0,0.0
P2,R01,testing,06,179,1,0.0,0.0,0.0,0.0
P2,R01,testing,06,180,1,0.0,0.0,0.0,0.0
P2,R01,testing,06,181,1,0.0,0.0,0.0,0.0
P2,R01,testing,06,182,1,0.0,0.0,0.0,0.0
P2,R01,testing,06,183,1,0.0,0.0,0.0,0.0
P2,R01,testing,06,184,1,0.0,0.0,0.0,0.0
P2,R01,testing,06,185,1,0.0,0.0,0.0,0.0
P2,R01,testing,06,186,1,0.0,0.0,0.0,0.0
P2,R01,testing,06,187,1,0.0,0.0,0.0,0.0
P2,R01,testing,06,188,1,0.0,0.0,0.0,0.0
P2,R01,testing,06,189,1,0.0,0.0,0.0,0.0
P2,R01,testing,06,190,1,0.0,0.0,0.0,0.0
P2,R01,testing,06,191,1,0.0,0.0,0.0,0.0
P2,R01,testing,06,192,1,0.0,0.0,0.0,0.0
P2,R01,testing,06,193,1,0.0,0.0,0.0,0.0
P2,R01,testing,06,194,1,0.0,0.0,0.0,0.0
P2,R01,testing,06,195,1,0.0,0.0,0.0,0.0
P2,R01,testing,06,196,1,0.0,0.0,0.0,0.0
P2,R01,testing,06,197,1,0.0,0.0,0.0,0.0
P2,R01,testing,06,198,1,0.0,0.0,0.0,0.0
P2,R01,testing,06,199,1,0.0,0.0,0.0,0.0
P2,R01,testing,06,200,1,0.0,0.0,0.0,0.0
P2,R01,testing,06,201,1,0.0,0.0,0.0,0.0
P2,R01,testing,06,202,1,0.0,0.0,0.0,0.0
P2,R01,testing,06,203,1,0.0,0.0,0.0,0.0
P2,R01,testing,06,204,1,0.0,0.0,0.0,0.0
P2,R01,testing,06,205,1,0.0,0.0,0.0,0.0
P2,R01,testing,06,206,1,0.0,0.0,0.0,0.0
P2,R01,testing,06,207,1,0.0,0.0,0.0,0.0
P2,R01,testing,06,208,1,0.0,0.0,0.0,0.0
P2,R01,testing,06,209,1,0.0,0.0,0.0,0.0
P2,R01,testing,06,210,1,0.0,0.0,0.0,0.0
P2,R01,testing,06,211,1,0.0,0.0,0.0,0.0
P2,R01,testing,06,212,1,0.0,0.0,0.0,0.0
P2,R01,testing,06,213,1,0.0,0.0,0.0,0.0
P2,R01,testing,06,214,1,0.0,0.0,0.0,0.0
P2,R01,testing,06,215,1,0.0,0.0,0.0,0.0
P2,R01,testing,06,216,1,0.0,0.0,0.0,0.0
P2,R01,testing,06,217,1,0.0,0.0,0.0,0.0
P2,R01,testing,06,218,1,0.0,0.0,0.0,0.0
P2,R01,testing,06,219,1,0.0,0.0,0.0,0.0
P2,R01,testing,06,220,1,0.0,0.0,0.0,0.0
P2,R01,testing,06,221,1,0.0,0.0,0.0,0.0
P2,R01,testing,06,222,1,0.0,0.0,0.0,0.0
P2,R01,testing,06,223,1,0.0,0.0,0.0,0.0
P2,R01,testing,06,224,1,0.0,0.0,0.0,0.0
P2,R01,testing,06,225,1,0.0,0.0,0.0,0.0
P2,R01,testing,06,226,1,0.0,0.0,0.0,0.0
P2,R01,testing,06,227,1,0.0,0.0,0.0,0.0
P2,R01,testing,06,228,1,0.0,0.0,0.0,0.0
P2,R01,testing,06,229,1,0.0,0.0,0.0,0.0
P2,R01,testing,06,230,0,0.0,0.0,0.0,0.0
P2,R01,testing,06,231,0,0.0,0.0,0.0,0.0
P2,R01,testing,06,232,0,0.0,0.0,0.0,0.0
P3,R01,testing,06,0,0,0.0,0.0,0.0,0.0
P3,R01,testing,06,1,0,0.0,0.0,0.0,0.0
P3,R01,testing,06,2,0,0.0,0.0,0.0,0.0
P3,R01,testing,06,3,0,0.0,0.0,0.0,0.0
P3,R01,testing,06,4,0,0.0,0.0,0.0,0.0
P3,R01,testing,06,5,0,0.0,0.0,0.0,0.0
P3,R01,testing,06,6,0,0.0,0.0,0.0,0.0
P3,R01,testing,06,7,0,0.0,0.0,0.0,0.0
P3,R01,testing,06,8,0,0.0,0.0,0.0,0.0
P3,R01,testing,06,9,0,0.0,0.0,0.0,0.0
P3,R01,testing,06,10,1,0.0,0.0,0.0,0.0
P3,R01,testing,06,11,1,0.0,0.0,0.0,0.0
P3,R01,testing,06,12,1,0.0,0.0,0.0,0.0
P3,R01,testing,06,13,1,0.0,0.0,0.0,0.0
P3,R01,testing,06,14,1,0.0,0.0,0.0,0.0
P3,R01,testing,06,15,1,0.0,0.0,0.0,0.0
P3,R01,testing,06,16,1,0.0,0.0,0.0,0.0
P3,R01,testing,06,17,1,0.0,0.0,0.0,0.0
P3,R01,testing,06,18,1,0.0,0.0,0.0,0.0
P3,R01,testing,06,19,1,0.0,0.0,0.0,0.0
P3,R01,testing,06,20,1,0.0,0.0,0.0,0.0
P3,R01,testing,06,21,1,0.0,0.0,0.0,0.0
P3,R01,testing,06,22,1,0.0,0.0,0.0,0.0
P3,R01,testing,06,23,1,0.0,0.0,0.0,0.0
P3,R01,testing,06,24,1,0.0,0.0,0.0,0.0
P3,R01,testing,06,25,1,0.0,0.0,0.0,0.0
P3,R01,testing,06,26,1,0.0,0.0,0.0,0.0
P3,R01,testing,06,27,1,0.0,0.0,0.0,0.0
P3,R01,testing,06,28,1,0.0,0.0,0.0,0.0
P3,R01,testing,06,29,1,0.0,0.0,0.0,0.0
P3,R01,testing,06,30,1,0.0,0.0,0.0,0.0
P3,R01,testing,06,31,1,0.0,0.0,0.0,0.0
P3,R01,testing,06,32,1,0.0,0.0,0.0,0.0
P3,R01,testing,06,33,1,0.0,0.0,0.0,0.0
P3,R01,testing,06,34,1,0.0,0.0,0.0,0.0
P3,R01,testing,06,35,1,0.0,0.0,0.0,0.0
P3,R01,testing,06,36,1,0.0,0.0,0.0,0.0
P3,R01,testing,06,37,1,0.0,0.0,0.0,0.0
P3,R01,testing,06,38,1,0.0,0.0,0.0,0.0
P3,R01,testing,06,39,1,0.0,0.0,0.0,0.0
P3,R01,testing,06,40,1,0.0,0.0,0.0,0.0
P3,R01,testing,06,41,1,0.0,0.0,0.0,0.0
P3,R01,testing,06,42,1,0.0,0.0,0.0,0.0
P3,R01,testing,06,43,1,0.0,0.0,0.0,0.0
P3,R01,testing,06,44,1,0.0,0.0,0.0,0.0
P3,R01,testing,06,45,1,0.0,0.0,0.0,0.0
P3,R01,testing,06,46,1,0.0,0.0,0.0,0.0
P3,R01,testing,06,47,1,0.0,0.0,0.0,0.0
P3,R01,testing,06,48,1,0.0,0.0,0.0,0.0
P3,R01,testing,06,49,1,0.0,0.0,0.0,0.0
P3,R01,testing,06,50,1,0.0,0.0,0.0,0.0
P3,R01,testing,06,51,1,0.0,0.0,0.0,0.0
P3,R01,testing,06,52,1,0.0,0.0,0.0,0.0
P3,R01,testing,06,53,1,0.0,0.0,0.0,0.0
P3,R01,testing,06,54,1,0.0,0.0,0.0,0.0
P3,R01,testing,06,55,1,0.0,0.0,0.0,0.0
P3,R01,testing,06,56,1,0.0,0.0,0.0,0.0
P3,R01,testing,06,57,1,0.0,0.0,0.0,0.0
P3,R01,testing,06,58,1,0.0,0.0,0.0,0.0
P3,R01,testing,06,59,1,0.0,0.0,0.0,0.0
P3,R01,testing,06,60,1,0.0,0.0,0.0,0.0
P3,R01,testing,06,61,1,0.0,0.0,0.0,0.0
P3,R01,testing,06,62,1,0.0,0.0,0.0,0.0
P3,R01,testing,06,63,1,0.0,0.0,0.0,0.0
P3,R01,testing,06,64,1,0.0,0.0,0.0,0.0
P3,R01,testing,06,65,1,0.0,0.0,0.0,0.0
P3,R01,testing,06,66,1,0.0,0.0,0.0,0.0
P3,R01,testing,06,67,1,0.0,0.0,0.0,0.0
P3,R01,testing,06,68,1,0.0,0.0,0.0,0.0
P3,R01,testing,06,69,1,0.0,0.0,0.0,0.0
P3,R01,testing,06,70,1,0.0,0.0,0.0,0.0
P3,R01,testing,06,71,1,0.0,0.0,0.0,0.0
P3,R01,testing,06,72,1,0.0,0.0,0.0,0.0
P3,R01,testing,06,73,1,0.0,0.0,0.0,0.0
P3,R01,testing,06,74,1,0.0,0.0,0.0,0.0
P3,R01,testing,06,75,1,0.0,0.0,0.0,0.0
P3,R01,testing,06,76,1,0.0,0.0,0.0,0.0
P3,R01,testing,06,77,1,0.0,0.0,0.0,0.0
P3,R01,testing,06,78,1,0.0,0.0,0.0,0.0
P3,R01,testing,06,79,1,0.0,0.0,0.0,0.0
P3,R01,testing,06,80,1,0.0,0.0,0.0,0.0
P3,R01,testing,06,81,1,0.0,0.0,0.0,0.0
P3,R01,testing,06,82,1,0.0,0.0,0.0,0.0
P3,R01,testing,06,83,1,0.0,0.0,0.0,0.0
P3,R01,testing,06,84,1,0.0,0.0,0.0,0.0
P3,R01,testing,06,85,1,0.0,0.0,0.0,0.0
P3,R01,testing,06,86,1,0.0,0.0,0.0,0.0
P3,R01,testing,06,87,1,0.0,0.0,0.0,0.0
P3,R01,testing,06,88,1,0.0,0.0,0.0,0.0
P3,R01,testing,06,89,1,0.0,0.0,0.0,0.0
P3,R01,testing,06,90,1,0.0,0.0,0.0,0.0
P3,R01,testing,06,91,1,0.0,0.0,0.0,0.0
P3,R01,testing,06,92,1,0.0,0.0,0.0,0.0
P3,R01,testing,06,93,1,0.0,0.0,0.0,0.0
P3,R01,testing,06,94,1,0.0,0.0,0.0,0.0
P3,R01,testing,06,95,1,0.0,0.0,0.0,0.0
P3,R01,testing,06,96,1,0.0,0.0,0.0,0.0
P3,R01,testing,06,97,1,0.0,0.0,0.0,0.0
P3,R01,testing,06,98,1,0.0,0.0,0.0,0.0
P3,R01,testing,06,99,1,0.0,0.0,0.0,0.0
P3,R01,testing,06,100,1,0.0,0.0,0.0,0.0
P3,R01,testing,06,101,1,0.0,0.0,0.0,0.0
P3,R01,testing,06,102,1,0.0,0.0,0.0,0.0
P3,R01,testing,06,103,1,0.0,0.0,0.0,0.0
P3,R01,testing,06,104,1,0.0,0.0,0.0,0.0
P3,R01,testing,06,105,1,0.0,0.0,0.0,0.0
P3,R01,testing,06,106,1,0.0,0.0,0.0,0.0
P3,R01,testing,06,107,1,0.0,0.0,0.0,0.0
P3,R01,testing,06,108,1,0.0,0.0,0.0,0.0
P3,R01,testing,06,109,1,0.0,0.0,0.0,0.0
P3,R01,testing,06,110,1,0.0,0.0,0.0,0.0
P3,R01,testing,06,111,1,0.0,0.0,0.0,0.0
P3,R01,testing,06,112,1,0.0,0.0,0.0,0.0
P3,R01,testing,06,113,1,0.0,0.0,0.0,0.0
P3,R01,testing,06,114,1,0.0,0.0,0.0,0.0
P3,R01,testing,06,115,1,0.0,0.0,0.0,0.0
P3,R01,testing,06,116,1,0.0,0.0,0.0,0.0
P3,R01,testing,06,117,1,0.0,0.0,0.0,0.0
P3,R01,testing,06,118,1,0.0,0.0,0.0,0.0
P3,R01,testing,06,119,1,0.0,0.0,0.0,0.0
P3,R01,testing,06,120,1,0.0,0.0,0.0,0.0
P3,R01,testing,06,121,1,0.0,0.0,0.0,0.0
P3,R01,testing,06,122,1,0.0,0.0,0.0,0.0
P3,R01,testing,06,123,1,0.0,0.0,0.0,0.0
P3,R01,testing,06,124,1,0.0,0.0,0.0,0.0
P3,R01,testing,06,125,1,0.0,0.0,0.0,0.0
P3,R01,testing,06,126,1,0.0,0.0,0.0,0.0
P3,R01,testing,06,127,1,0.0,0.0,0.0,0.0
P3,R01,testing,06,128,1,0.0,0.0,0.0,0.0
P3,R01,testing,06,129,1,0.0,0.0,0.0,0.0
P3,R01,testing,06,130,1,0.0,0.0,0.0,0.0
P3,R01,testing,06,131,1,0.0,0.0,0.0,0.0
P3,R01,testing,06,132,1,0.0,0.0,0.0,0.0
P3,R01,testing,06,133,1,0.0,0.0,0.0,0.0
P3,R01,testing,06,134,1,0.0,0.0,0.0,0.0
P3,R01,testing,06,135,1,0.0,0.0,0.0,0.0
P3,R01,testing,06,136,1,0.0,0.0,0.0,0.0
P3,R01,testing,06,137,1,0.0,0.0,0.0,0.0
P3,R01,testing,06,138,1,0.0,0.0,0.0,0.0
P3,R01,testing,06,139,1,0.0,0.0,0.0,0.0
P3,R01,testing,06,140,1,0.0,0.0,0.0,0.0
P3,R01,testing,06,141,1,0.0,0.0,0.0,0.0
P3,R01,testing,06,142,1,0.0,0.0,0.0,0.0
P3,R01,testing,06,143,1,0.0,0.0,0.0,0.0
P3,R01,testing,06,144,1,0.0,0.0,0.0,0.0
P3,R01,testing,06,145,1,0.0,0.0,0.0,0.0
P3,R01,testing,06,146,1,0.0,0.0,0.0,0.0
P3,R01,testing,06,147,1,0.0,0.0,0.0,0.0
P3,R01,testing,06,148,1,0.0,0.0,0.0,0.0
P3,R01,testing,06,149,1,0.0,0.0,0.0,0.0
P3,R01,testing,06,150,1,0.0,0.0,0.0,0.0
P3,R01,testing,06,151,1,0.0,0.0,0.0,0.0
P3,R01,testing,06,152,1,0.0,0.0,0.0,0.0
P3,R01,testing,06,153,1,0.0,0.0,0.0,0.0
P3,R01,testing,06,154,1,0.0,0.0,0.0,0.0
P3,R01,testing,06,155,1,0.0,0.0,0.0,0.0
P3,R01,testing,06,156,1,0.0,0.0,0.0,0.0
P3,R01,testing,06,157,1,0.0,0.0,0.0,0.0
P3,R01,testing,06,158,1,0.0,0.0,0.0,0.0
P3,R01,testing,06,159,1,0.0,0.0,0.0,0.0
P3,R01,testing,06,160,1,0.0,0.0,0.0,0.0
P3,R01,testing,06,161,1,0.0,0.0,0.0,0.0
P3,R01,testing,06,162,1,0.0,0.0,0.0,0.0
P3,R01,testing,06,163,1,0.0,0.0,0.0,0.0
P3,R01,testing,06,164,1,0.0,0.0,0.0,0.0
P3,R01,testing,06,165,1,0.0,0.0,0.0,0.0
P3,R01,testing,06,166,1,0.0,0.0,0.0,0.0
P3,R01,testing,06,167,1,0.0,0.0,0.0,0.0
P3,R01,testing,06,168,1,0.0,0.0,0.0,0.0
P3,R01,testing,06,169,1,0.0,0.0,0.0,0.0
P3,R01,testing,06,170,1,0.0,0.0,0.0,0.0
P3,R01,testing,06,171,1,0.0,0.0,0.0,0.0
P3,R01,testing,06,172,1,0.0,0.0,0.0,0.0
P3,R01,testing,06,173,1,0.0,0.0,0.0,0.0
P3,R01,testing,06,174,1,0.0,0.0,0.0,0.0
P3,R01,testing,06,175,1,0.0,0.0,0.0,0.0
P3,R01,testing,06,176,1,0.0,0.0,0.0,0.0
P3,R01,testing,06,177,1,0.0,0.0,0.0,0.0
P3,R01,testing,06,178,1,0.0,0.0,0.0,0.0
P3,R01,testing,06,179,1,0.0,0.0,0.0,0.0
P3,R01,testing,06,180,1,0.0,0.0,0.0,0.0
P3,R01,testing,06,181,1,0.0,0.0,0.0,0.0
P3,R01,testing,06,182,1,0.0,0.0,0.0,0.0
P3,R01,testing,06,183,1,0.0,0.0,0.0,0.0
P3,R01,testing,06,184,1,0.0,0.0,0.0,0.0
P3,R01,testing,06,185,1,0.0,0.0,0.0,0.0
P3,R01,testing,06,186,1,0.0,0.0,0.0,0.0
P3,R01,testing,06,187,1,0.0,0.0,0.0,0.0
P3,R01,testing,06,188,1,0.0,0.0,0.0,0.0
P3,R01,testing,06,189,1,0.0,0.0,0.0,0.0
P3,R01,testing,06,190,1,0.0,0.0,0.0,0.0
P3,R01,testing,06,191,1,0.0,0.0,0.0,0.0
P3,R01,testing,06,192,1,0.0,0.0,0.0,0.0
P3,R01,testing,06,193,1,0.0,0.0,0.0,0.0
P3,R01,testing,06,194,1,0.0,0.0,0.0,0.0
P3,R01,testing,06,195,1,0.0,0.0,0.0,0.0
P3,R01,testing,06,196,1,0.0,0.0,0.0,0.0
P3,R01,testing,06,197,1,0.0,0.0,0.0,0.0
P3,R01,testing,06,198,1,0.0,0.0,0.0,0.0
P3,R01,testing,06,199,1,0.0,0.0,0.0,0.0
P3,R01,testing,06,200,1,0.0,0.0,0.0,0.0
P3,R01,testing,06,201,1,0.0,0.0,0.0,0.0
P3,R01,testing,06,202,1,0.0,0.0,0.0,0.0
P3,R01,testing,06,203,1,0.0,0.0,0.0,0.0
P3,R01,testing,06,204,1,0.0,0.0,0.0,0.0
P3,R01,testing,06,205,1,0.0,0.0,0.0,0.0
P3,R01,testing,06,206,1,0.0,0.0,0.0,0.0
P3,R01,testing,06,207,1,0.0,0.0,0.0,0.0
P3,R01,testing,06,208,1,0.0,0.0,0.0,0.0
P3,R01,testing,06,209,1,0.0,0.0,0.0,0.0
P3,R01,testing,06,210,1,0.0,0.0,0.0,0.0
P3,R01,testing,06,211,1,0.0,0.0,0.0,0.0
P3,R01,testing,06,212,1,0.0,0.0,0.0,0.0
P3,R01,testing,06,213,1,0.0,0.0,0.0,0.0
P3,R01,testing,06,214,1,0.0,0.0,0.0,0.0
P3,R01,testing,06,215,1,0.0,0.0,0.0,0.0
P3,R01,testing,06,216,1,0.0,0.0,0.0,0.0
P3,R01,testing,06,217,1,0.0,0.0,0.0,0.0
P3,R01,testing,06,218,1,0.0,0.0,0.0,0.0
P3,R01,testing,06,219,1,0.0,0.0,0.0,0.0
P3,R01,testing,06,220,1,0.0,0.0,0.0,0.0
P3,R01,testing,06,221,1,0.0,0.0,0.0,0.0
P3,R01,testing,06,222,1,0.0,0.0,0.0,0.0
P3,R01,testing,06,223,1,0.0,0.0,0.0,0.0
P3,R01,testing,06,224,1,0.0,0.0,0.0,0.0
P3,R01,testing,06,225,1,0.0,0.0,0.0,0.0
P3,R01,testing,06,226,1,0.0,0.0,0.0,0.0
P3,R01,testing,06,227,1,0.0,0.0,0.0,0.0
P3,R01,testing,06,228,1,0.0,0.0,0.0,0.0
P3,R01,testing,06,229,1,0.0,0.0,0.0,0.0
P3,R01,testing,06,230,0,0.0,0.0,0.0,0.0
P3,R01,testing,06,231,0,0.0,0.0,0.0,0.0
P3,R01,testing,06,232,0,0.0,0.0,0.0,0.0
A,R01,testing,08,0,0,0.0,0.0,0.0,0.0
A,R01,testing,08,1,0,0.0,0.0,0.0,0.0
A,R01,testing,08,2,0,0.0,0.0,0.0,0.0
A,R01,testing,08,3,0,0.0,0.0,0.0,0.0
A,R01,testing,08,4,0,0.0,0.0,0.0,0.0
A,R01,testing,08,5,0,0.0,0.0,0.0,0.0
A,R01,testing,08,6,0,0.0,0.0,0.0,0.0
A,R01,testing,08,7,0,0.0,0.0,0.0,0.0
A,R01,testing,08,8,0,0.0,0.0,0.0,0.0
A,R01,testing,08,9,0,0.0,0.0,0.0,0.0
A,R01,testing,08,10,0,0.0,0.0,0.0,0.0
A,R01,testing,08,11,0,0.0,0.0,0.0,0.0
A,R01,testing,08,12,0,0.0,0.0,0.0,0.0
A,R01,testing,08,13,0,0.0,0.0,0.0,0.0
A,R01,testing,08,14,0,0.0,0.0,0.0,0.0
A,R01,testing,08,15,0,0.0,0.0,0.0,0.0
A,R01,testing,08,16,0,0.0,0.0,0.0,0.0
A,R01,testing,08,17,0,0.0,0.0,0.0,0.0
A,R01,testing,08,18,0,0.0,0.0,0.0,0.0
A,R01,testing,08,19,0,0.0,0.0,0.0,0.0
A,R01,testing,08,20,0,0.0,0.0,0.0,0.0
A,R01,testing,08,21,0,0.0,0.0,0.0,0.0
A,R01,testing,08,22,0,0.0,0.0,0.0,0.0
A,R01,testing,08,23,0,0.0,0.0,0.0,0.0
A,R01,testing,08,24,0,0.0,0.0,0.0,0.0
A,R01,testing,08,25,0,0.0,0.0,0.0,0.0
A,R01,testing,08,26,0,0.0,0.0,0.0,0.0
A,R01,testing,08,27,0,0.0,0.0,0.0,0.0
A,R01,testing,08,28,0,0.0,0.0,0.0,0.0
A,R01,testing,08,29,0,0.0,0.0,0.0,0.0
A,R01,testing,08,30,1,0.0,0.0,0.0,0.0
A,R01,testing,08,31,1,0.0,0.0,0.0,0.0
A,R01,testing,08,32,1,0.0,0.0,0.0,0.0
A,R01,testing,08,33,1,0.0,0.0,0.0,0.0
A,R01,testing,08,34,1,0.0,0.0,0.0,0.0
A,R01,testing,08,35,1,0.0,0.0,0.0,0.0
A,R01,testing,08,36,1,0.0,0.0,0.0,0.0
A,R01,testing,08,37,1,0.0,0.0,0.0,0.0
A,R01,testing,08,38,1,0.0,0.0,0.0,0.0
A,R01,testing,08,39,1,0.0,0.0,0.0,0.0
A,R01,testing,08,40,1,0.0,0.0,0.0,0.0
A,R01,testing,08,41,1,0.0,0.0,0.0,0.0
A,R01,testing,08,42,1,0.0,0.0,0.0,0.0
A,R01,testing,08,43,1,0.0,0.0,0.0,0.0
A,R01,testing,08,44,1,0.0,0.0,0.0,0.0
A,R01,testing,08,45,1,0.0,0.0,0.0,0.0
A,R01,testing,08,46,1,0.0,0.0,0.0,0.0
A,R01,testing,08,47,1,0.0,0.0,0.0,0.0
A,R01,testing,08,48,1,0.0,0.0,0.0,0.0
A,R01,testing,08,49,1,0.0,0.0,0.0,0.0
A,R01,testing,08,50,1,0.0,0.0,0.0,0.0
A,R01,testing,08,51,1,0.0,0.0,0.0,0.0
A,R01,testing,08,52,1,0.0,0.0,0.0,0.0
A,R01,testing,08,53,1,0.0,0.0,0.0,0.0
A,R01,testing,08,54,1,0.0,0.0,0.0,0.0
A,R01,testing,08,55,1,0.0,0.0,0.0,0.0
A,R01,testing,08,56,1,0.0,0.0,0.0,0.0
A,R01,testing,08,57,1,0.0,0.0,0.0,0.0
A,R01,testing,08,58,1,0.0,0.0,0.0,0.0
A,R01,testing,08,59,1,0.0,0.0,0.0,0.0
A,R01,testing,08,60,1,0.0,0.0,0.0,0.0
A,R01,testing,08,61,1,0.0,0.0,0.0,0.0
A,R01,testing,08,62,1,0.0,0.0,0.0,0.0
A,R01,testing,08,63,1,0.0,0.0,0.0,0.0
A,R01,testing,08,64,1,0.0,0.0,0.0,0.0
A,R01,testing,08,65,1,0.0,0.0,0.0,0.0
A,R01,testing,08,66,1,0.0,0.0,0.0,0.0
A,R01,testing,08,67,1,0.0,0.0,0.0,0.0
A,R01,testing,08,68,1,0.0,0.0,0.0,0.0
A,R01,testing,08,69,1,0.0,0.0,0.0,0.0
A,R01,testing,08,70,1,0.0,0.0,0.0,0.0
A,R01,testing,08,71,1,0.0,0.0,0.0,0.0
A,R01,testing,08,72,1,0.0,0.0,0.0,0.0
A,R01,testing,08,73,1,0.0,0.0,0.0,0.0
A,R01,testing,08,74,1,0.0,0.0,0.0,0.0
A,R01,testing,08,75,1,0.0,0.0,0.0,0.0
A,R01,testing,08,76,1,0.0,0.0,0.0,0.0
A,R01,testing,08,77,1,0.0,0.0,0.0,0.0
A,R01,testing,08,78,1,0.0,0.0,0.0,0.0
A,R01,testing,08,79,1,0.0,0.0,0.0,0.0
A,R01,testing,08,80,1,0.0,0.0,0.0,0.0
A,R01,testing,08,81,1,0.0,0.0,0.0,0.0
A,R01,testing,08,82,1,0.0,0.0,0.0,0.0
A,R01,testing,08,83,1,0.0,0.0,0.0,0.0
A,R01,testing,08,84,1,0.0,0.0,0.0,0.0
A,R01,testing,08,85,1,0.0,0.0,0.0,0.0
A,R01,testing,08,86,1,0.0,0.0,0.0,0.0
A,R01,testing,08,87,1,0.0,0.0,0.0,0.0
A,R01,testing,08,88,1,0.0,0.0,0.0,0.0
A,R01,testing,08,89,1,0.0,0.0,0.0,0.0
A,R01,testing,08,90,1,0.0,0.0,0.0,0.0
A,R01,testing,08,91,1,0.0,0.0,0.0,0.0
A,R01,testing,08,92,1,0.0,0.0,0.0,0.0
A,R01,testing,08,93,1,0.0,0.0,0.0,0.0
A,R01,testing,08,94,1,0.0,0.0,0.0,0.0
A,R01,testing,08,95,1,0.0,0.0,0.0,0.0
A,R01,testing,08,96,1,0.0,0.0,0.0,0.0
A,R01,testing,08,97,1,0.0,0.0,0.0,0.0
A,R01,testing,08,98,1,0.0,0.0,0.0,0.0
A,R01,testing,08,99,1,0.0,0.0,0.0,0.0
A,R01,testing,08,100,1,0.0,0.0,0.0,0.0
A,R01,testing,08,101,1,0.0,0.0,0.0,0.0
A,R01,testing,08,102,1,0.0,0.0,0.0,0.0
A,R01,testing,08,103,1,0.0,0.0,0.0,0.0
A,R01,testing,08,104,1,0.0,0.0,0.0,0.0
A,R01,testing,08,105,1,0.0,0.0,0.0,0.0
A,R01,testing,08,106,1,0.0,0.0,0.0,0.0
A,R01,testing,08,107,1,0.0,0.0,0.0,0.0
A,R01,testing,08,108,1,0.0,0.0,0.0,0.0
A,R01,testing,08,109,1,0.0,0.0,0.0,0.0
A,R01,testing,08,110,1,0.0,0.0,0.0,0.0
A,R01,testing,08,111,1,0.0,0.0,0.0,0.0
A,R01,testing,08,112,1,0.0,0.0,0.0,0.0
A,R01,testing,08,113,1,0.0,0.0,0.0,0.0
A,R01,testing,08,114,1,0.0,0.0,0.0,0.0
A,R01,testing,08,115,1,0.0,0.0,0.0,0.0
A,R01,testing,08,116,1,0.0,0.0,0.0,0.0
A,R01,testing,08,117,1,0.0,0.0,0.0,0.0
A,R01,testing,08,118,1,0.0,0.0,0.0,0.0
A,R01,testing,08,119,1,0.0,0.0,0.0,0.0
A,R01,testing,08,120,1,0.0,0.0,0.0,0.0
A,R01,testing,08,121,1,0.0,0.0,0.0,0.0
A,R01,testing,08,122,1,0.0,0.0,0.0,0.0
A,R01,testing,08,123,1,0.0,0.0,0.0,0.0
A,R01,testing,08,124,1,0.0,0.0,0.0,0.0
A,R01,testing,08,125,1,0.0,0.0,0.0,0.0
A,R01,testing,08,126,1,0.0,0.0,0.0,0.0
A,R01,testing,08,127,1,0.0,0.0,0.0,0.0
A,R01,testing,08,128,1,0.0,0.0,0.0,0.0
A,R01,testing,08,129,1,0.0,0.0,0.0,0.0
A,R01,testing,08,130,1,0.0,0.0,0.0,0.0
A,R01,testing,08,131,1,0.0,0.0,0.0,0.0
A,R01,testing,08,132,1,0.0,0.0,0.0,0.0
A,R01,testing,08,133,1,0.0,0.0,0.0,0.0
A,R01,testing,08,134,1,0.0,0.0,0.0,0.0
A,R01,testing,08,135,1,0.0,0.0,0.0,0.0
A,R01,testing,08,136,1,0.0,0.0,0.0,0.0
A,R01,testing,08,137,1,0.0,0.0,0.0,0.0
A,R01,testing,08,138,1,0.0,0.0,0.0,0.0
A,R01,testing,08,139,1,0.0,0.0,0.0,0.0
A,R01,testing,08,140,1,0.0,0.0,0.0,0.0
A,R01,testing,08,141,1,0.0,0.0,0.0,0.0
A,R01,testing,08,142,1,0.0,0.0,0.0,0.0
A,R01,testing,08,143,1,0.0,0.0,0.0,0.0
A,R01,testing,08,144,1,0.0,0.0,0.0,0.0
A,R01,testing,08,145,1,0.0,0.0,0.0,0.0
A,R01,testing,08,146,1,0.0,0.0,0.0,0.0
A,R01,testing,08,147,1,0.0,0.0,0.0,0.0
A,R01,testing,08,148,1,0.0,0.0,0.0,0.0
A,R01,testing,08,149,1,0.0,0.0,0.0,0.0
A,R01,testing,08,150,1,0.0,0.0,0.0,0.0
A,R01,testing,08,151,1,0.0,0.0,0.0,0.0
A,R01,testing,08,152,1,0.0,0.0,0.0,0.0
A,R01,testing,08,153,1,0.0,0.0,0.0,0.0
A,R01,testing,08,154,1,0.0,0.0,0.0,0.0
A,R01,testing,08,155,1,0.0,0.0,0.0,0.0
A,R01,testing,08,156,1,0.0,0.0,0.0,0.0
A,R01,testing,08,157,1,0.0,0.0,0.0,0.0
A,R01,testing,08,158,1,0.0,0.0,0.0,0.0
A,R01,testing,08,159,1,0.0,0.0,0.0,0.0
A,R01,testing,08,160,1,0.0,0.0,0.0,0.0
A,R01,testing,08,161,1,0.0,0.0,0.0,0.0
A,R01,testing,08,162,1,0.0,0.0,0.0,0.0
A,R01,testing,08,163,1,0.0,0.0,0.0,0.0
A,R01,testing,08,164,1,0.0,0.0,0.0,0.0
A,R01,testing,08,165,1,0.0,0.0,0.0,0.0
A,R01,testing,08,166,1,0.0,0.0,0.0,0.0
A,R01,testing,08,167,1,0.0,0.0,0.0,0.0
A,R01,testing,08,168,1,0.0,0.0,0.0,0.0
A,R01,testing,08,169,1,0.0,0.0,0.0,0.0
A,R01,testing,08,170,1,0.0,0.0,0.0,0.0
A,R01,testing,08,171,1,0.0,0.0,0.0,0.0
A,R01,testing,08,172,1,0.0,0.0,0.0,0.0
A,R01,testing,08,173,1,0.0,0.0,0.0,0.0
A,R01,testing,08,174,1,0.0,0.0,0.0,0.0
A,R01,testing,08,175,1,0.0,0.0,0.0,0.0
A,R01,testing,08,176,1,0.0,0.0,0.0,0.0
A,R01,testing,08,177,1,0.0,0.0,0.0,0.0
A,R01,testing,08,178,1,0.0,0.0,0.0,0.0
A,R01,testing,08,179,1,0.0,0.0,0.0,0.0
A,R01,testing,08,180,1,0.0,0.0,0.0,0.0
A,R01,testing,08,181,1,0.0,0.0,0.0,0.0
A,R01,testing,08,182,1,0.0,0.0,0.0,0.0
A,R01,testing,08,183,1,0.0,0.0,0.0,0.0
A,R01,testing,08,184,1,0.0,0.0,0.0,0.0
A,R01,testing,08,185,1,0.0,0.0,0.0,0.0
A,R01,testing,08,186,1,0.0,0.0,0.0,0.0
A,R01,testing,08,187,1,0.0,0.0,0.0,0.0
A,R01,testing,08,188,1,0.0,0.0,0.0,0.0
A,R01,testing,08,189,1,0.0,0.0,0.0,0.0
A,R01,testing,08,190,1,0.0,0.0,0.0,0.0
A,R01,testing,08,191,1,0.0,0.0,0.0,0.0
A,R01,testing,08,192,1,0.0,0.0,0.0,0.0
A,R01,testing,08,193,1,0.0,0.0,0.0,0.0
A,R01,testing,08,194,1,0.0,0.0,0.0,0.0
A,R01,testing,08,195,1,0.0,0.0,0.0,0.0
A,R01,testing,08,196,1,0.0,0.0,0.0,0.0
A,R01,testing,08,197,1,0.0,0.0,0.0,0.0
A,R01,testing,08,198,1,0.0,0.0,0.0,0.0
A,R01,testing,08,199,1,0.0,0.0,0.0,0.0
A,R01,testing,08,200,1,0.0,0.0,0.0,0.0
A,R01,testing,08,201,1,0.0,0.0,0.0,0.0
A,R01,testing,08,202,1,0.0,0.0,0.0,0.0
A,R01,testing,08,203,1,0.0,0.0,0.0,0.0
A,R01,testing,08,204,1,0.0,0.0,0.0,0.0
A,R01,testing,08,205,1,0.0,0.0,0.0,0.0
A,R01,testing,08,206,1,0.0,0.0,0.0,0.0
A,R01,testing,08,207,1,0.0,0.0,0.0,0.0
A,R01,testing,08,208,1,0.0,0.0,0.0,0.0
A,R01,testing,08,209,1,0.0,0.0,0.0,0.0
A,R01,testing,08,210,1,0.0,0.0,0.0,0.0
A,R01,testing,08,211,1,0.0,0.0,0.0,0.0
A,R01,testing,08,212,1,0.0,0.0,0.0,0.0
A,R01,testing,08,213,1,0.0,0.0,0.0,0.0
A,R01,testing,08,214,1,0.0,0.0,0.0,0.0
A,R01,testing,08,215,1,0.0,0.0,0.0,0.0
A,R01,testing,08,216,1,0.0,0.0,0.0,0.0
A,R01,testing,08,217,1,0.0,0.0,0.0,0.0
A,R01,testing,08,218,1,0.0,0.0,0.0,0.0
A,R01,testing,08,219,1,0.0,0.0,0.0,0.0
A,R01,testing,08,220,1,0.0,0.0,0.0,0.0
A,R01,testing,08,221,1,0.0,0.0,0.0,0.0
A,R01,testing,08,222,1,0.0,0.0,0.0,0.0
A,R01,testing,08,223,1,0.0,0.0,0.0,0.0
A,R01,testing,08,224,0,0.0,0.0,0.0,0.0
A,R01,testing,08,225,0,0.0,0.0,0.0,0.0
A,R01,testing,08,226,0,0.0,0.0,0.0,0.0
A,R01,testing,08,227,0,0.0,0.0,0.0,0.0
A,R01,testing,08,228,0,0.0,0.0,0.0,0.0
A,R01,testing,08,229,0,0.0,0.0,0.0,0.0
A,R01,testing,08,230,0,0.0,0.0,0.0,0.0
A,R01,testing,08,231,0,0.0,0.0,0.0,0.0
A,R01,testing,08,232,0,0.0,0.0,0.0,0.0
A,R01,testing,08,233,0,0.0,0.0,0.0,0.0
A,R01,testing,08,234,0,0.0,0.0,0.0,0.0
B,R01,testing,08,0,0,0.0,0.0,0.0,0.0
B,R01,testing,08,1,0,0.0,0.0,0.0,0.0
B,R01,testing,08,2,0,0.0,0.0,0.0,0.0
B,R01,testing,08,3,0,0.0,0.0,0.0,0.0
B,R01,testing,08,4,0,0.0,0.0,0.0,0.0
B,R01,testing,08,5,0,0.0,0.0,0.0,0.0
B,R01,testing,08,6,0,0.0,0.0,0.0,0.0
B,R01,testing,08,7,0,0.0,0.0,0.0,0.0
B,R01,testing,08,8,0,0.0,0.0,0.0,0.0
B,R01,testing,08,9,0,0.0,0.0,0.0,0.0
B,R01,testing,08,10,0,0.0,0.0,0.0,0.0
B,R01,testing,08,11,0,0.0,0.0,0.0,0.0
B,R01,testing,08,12,0,0.0,0.0,0.0,0.0
B,R01,testing,08,13,0,0.0,0.0,0.0,0.0
B,R01,testing,08,14,0,0.0,0.0,0.0,0.0
B,R01,testing,08,15,0,0.0,0.0,0.0,0.0
B,R01,testing,08,16,0,0.0,0.0,0.0,0.0
B,R01,testing,08,17,0,0.0,0.0,0.0,0.0
B,R01,testing,08,18,0,0.0,0.0,0.0,0.0
B,R01,testing,08,19,0,0.0,0.0,0.0,0.0
B,R01,testing,08,20,0,0.0,0.0,0.0,0.0
B,R01,testing,08,21,0,0.0,0.0,0.0,0.0
B,R01,testing,08,22,0,0.0,0.0,0.0,0.0
B,R01,testing,08,23,0,0.0,0.0,0.0,0.0
B,R01,testing,08,24,0,0.0,0.0,0.0,0.0
B,R01,testing,08,25,0,0.0,0.0,0.0,0.0
B,R01,testing,08,26,0,0.0,0.0,0.0,0.0
B,R01,testing,08,27,0,0.0,0.0,0.0,0.0
B,R01,testing,08,28,0,0.0,0.0,0.0,0.0
B,R01,testing,08,29,0,0.0,0.0,0.0,0.0
B,R01,testing,08,30,1,0.0,0.0,0.0,0.0
B,R01,testing,08,31,1,0.0,0.0,0.0,0.0
B,R01,testing,08,32,1,0.0,0.0,0.0,0.0
B,R01,testing,08,33,1,0.0,0.0,0.0,0.0
B,R01,testing,08,34,1,0.0,0.0,0.0,0.0
B,R01,testing,08,35,1,0.0,0.0,0.0,0.0
B,R01,testing,08,36,1,0.0,0.0,0.0,0.0
B,R01,testing,08,37,1,0.0,0.0,0.0,0.0
B,R01,testing,08,38,1,0.0,0.0,0.0,0.0
B,R01,testing,08,39,1,0.0,0.0,0.0,0.0
B,R01,testing,08,40,1,0.0,0.0,0.0,0.0
B,R01,testing,08,41,1,0.0,0.0,0.0,0.0
B,R01,testing,08,42,1,0.0,0.0,0.0,0.0
B,R01,testing,08,43,1,0.0,0.0,0.0,0.0
B,R01,testing,08,44,1,0.0,0.0,0.0,0.0
B,R01,testing,08,45,1,0.0,0.0,0.0,0.0
B,R01,testing,08,46,1,0.0,0.0,0.0,0.0
B,R01,testing,08,47,1,0.0,0.0,0.0,0.0
B,R01,testing,08,48,1,0.0,0.0,0.0,0.0
B,R01,testing,08,49,1,0.0,0.0,0.0,0.0
B,R01,testing,08,50,1,0.0,0.0,0.0,0.0
B,R01,testing,08,51,1,0.0,0.0,0.0,0.0
B,R01,testing,08,52,1,0.0,0.0,0.0,0.0
B,R01,testing,08,53,1,0.0,0.0,0.0,0.0
B,R01,testing,08,54,1,0.0,0.0,0.0,0.0
B,R01,testing,08,55,1,0.0,0.0,0.0,0.0
B,R01,testing,08,56,1,0.0,0.0,0.0,0.0
B,R01,testing,08,57,1,0.0,0.0,0.0,0.0
B,R01,testing,08,58,1,0.0,0.0,0.0,0.0
B,R01,testing,08,59,1,0.0,0.0,0.0,0.0
B,R01,testing,08,60,1,0.0,0.0,0.0,0.0
B,R01,testing,08,61,1,0.0,0.0,0.0,0.0
B,R01,testing,08,62,1,0.0,0.0,0.0,0.0
B,R01,testing,08,63,1,0.0,0.0,0.0,0.0
B,R01,testing,08,64,1,0.0,0.0,0.0,0.0
B,R01,testing,08,65,1,0.0,0.0,0.0,0.0
B,R01,testing,08,66,1,0.0,0.0,0.0,0.0
B,R01,testing,08,67,1,0.0,0.0,0.0,0.0
B,R01,testing,08,68,1,0.0,0.0,0.0,0.0
B,R01,testing,08,69,1,0.0,0.0,0.0,0.0
B,R01,testing,08,70,1,0.0,0.0,0.0,0.0
B,R01,testing,08,71,1,0.0,0.0,0.0,0.0
B,R01,testing,08,72,1,0.0,0.0,0.0,0.0
B,R01,testing,08,73,1,0.0,0.0,0.0,0.0
B,R01,testing,08,74,1,0.0,0.0,0.0,0.0
B,R01,testing,08,75,1,0.0,0.0,0.0,0.0
B,R01,testing,08,76,1,0.0,0.0,0.0,0.0
B,R01,testing,08,77,1,0.0,0.0,0.0,0.0
B,R01,testing,08,78,1,0.0,0.0,0.0,0.0
B,R01,testing,08,79,1,0.0,0.0,0.0,0.0
B,R01,testing,08,80,1,0.0,0.0,0.0,0.0
B,R01,testing,08,81,1,0.0,0.0,0.0,0.0
B,R01,testing,08,82,1,0.0,0.0,0.0,0.0
B,R01,testing,08,83,1,0.0,0.0,0.0,0.0
B,R01,testing,08,84,1,0.0,0.0,0.0,0.0
B,R01,testing,08,85,1,0.0,0.0,0.0,0.0
B,R01,testing,08,86,1,0.0,0.0,0.0,0.0
B,R01,testing,08,87,1,0.0,0.0,0.0,0.0
B,R01,testing,08,88,1,0.0,0.0,0.0,0.0
B,R01,testing,08,89,1,0.0,0.0,0.0,0.0
B,R01,testing,08,90,1,0.0,0.0,0.0,0.0
B,R01,testing,08,91,1,0.0,0.0,0.0,0.0
B,R01,testing,08,92,1,0.0,0.0,0.0,0.0
B,R01,testing,08,93,1,0.0,0.0,0.0,0.0
B,R01,testing,08,94,1,0.0,0.0,0.0,0.0
B,R01,testing,08,95,1,0.0,0.0,0.0,0.0
B,R01,testing,08,96,1,0.0,0.0,0.0,0.0
B,R01,testing,08,97,1,0.0,0.0,0.0,0.0
B,R01,testing,08,98,1,0.0,0.0,0.0,0.0
B,R01,testing,08,99,1,0.0,0.0,0.0,0.0
B,R01,testing,08,100,1,0.0,0.0,0.0,0.0
B,R01,testing,08,101,1,0.0,0.0,0.0,0.0
B,R01,testing,08,102,1,0.0,0.0,0.0,0.0
B,R01,testing,08,103,1,0.0,0.0,0.0,0.0
B,R01,testing,08,104,1,0.0,0.0,0.0,0.0
B,R01,testing,08,105,1,0.0,0.0,0.0,0.0
B,R01,testing,08,106,1,0.0,0.0,0.0,0.0
B,R01,testing,08,107,1,0.0,0.0,0.0,0.0
B,R01,testing,08,108,1,0.0,0.0,0.0,0.0
B,R01,testing,08,109,1,0.0,0.0,0.0,0.0
B,R01,testing,08,110,1,0.0,0.0,0.0,0.0
B,R01,testing,08,111,1,0.0,0.0,0.0,0.0
B,R01,testing,08,112,1,0.0,0.0,0.0,0.0
B,R01,testing,08,113,1,0.0,0.0,0.0,0.0
B,R01,testing,08,114,1,0.0,0.0,0.0,0.0
B,R01,testing,08,115,1,0.0,0.0,0.0,0.0
B,R01,testing,08,116,1,0.0,0.0,0.0,0.0
B,R01,testing,08,117,1,0.0,0.0,0.0,0.0
B,R01,testing,08,118,1,0.0,0.0,0.0,0.0
B,R01,testing,08,119,1,0.0,0.0,0.0,0.0
B,R01,testing,08,120,1,0.0,0.0,0.0,0.0
B,R01,testing,08,121,1,0.0,0.0,0.0,0.0
B,R01,testing,08,122,1,0.0,0.0,0.0,0.0
B,R01,testing,08,123,1,0.0,0.0,0.0,0.0
B,R01,testing,08,124,1,0.0,0.0,0.0,0.0
B,R01,testing,08,125,1,0.0,0.0,0.0,0.0
B,R01,testing,08,126,1,0.0,0.0,0.0,0.0
B,R01,testing,08,127,1,0.0,0.0,0.0,0.0
B,R01,testing,08,128,1,0.0,0.0,0.0,0.0
B,R01,testing,08,129,1,0.0,0.0,0.0,0.0
B,R01,testing,08,130,1,0.0,0.0,0.0,0.0
B,R01,testing,08,131,1,0.0,0.0,0.0,0.0
B,R01,testing,08,132,1,0.0,0.0,0.0,0.0
B,R01,testing,08,133,1,0.0,0.0,0.0,0.0
B,R01,testing,08,134,1,0.0,0.0,0.0,0.0
B,R01,testing,08,135,1,0.0,0.0,0.0,0.0
B,R01,testing,08,136,1,0.0,0.0,0.0,0.0
B,R01,testing,08,137,1,0.0,0.0,0.0,0.0
B,R01,testing,08,138,1,0.0,0.0,0.0,0.0
B,R01,testing,08,139,1,0.0,0.0,0.0,0.0
B,R01,testing,08,140,1,0.0,0.0,0.0,0.0
B,R01,testing,08,141,1,0.0,0.0,0.0,0.0
B,R01,testing,08,142,1,0.0,0.0,0.0,0.0
B,R01,testing,08,143,1,0.0,0.0,0.0,0.0
B,R01,testing,08,144,1,0.0,0.0,0.0,0.0
B,R01,testing,08,145,1,0.0,0.0,0.0,0.0
B,R01,testing,08,146,1,0.0,0.0,0.0,0.0
B,R01,testing,08,147,1,0.0,0.0,0.0,0.0
B,R01,testing,08,148,1,0.0,0.0,0.0,0.0
B,R01,testing,08,149,1,0.0,0.0,0.0,0.0
B,R01,testing,08,150,1,0.0,0.0,0.0,0.0
B,R01,testing,08,151,1,0.0,0.0,0.0,0.0
B,R01,testing,08,152,1,0.0,0.0,0.0,0.0
B,R01,testing,08,153,1,0.0,0.0,0.0,0.0
B,R01,testing,08,154,1,0.0,0.0,0.0,0.0
B,R01,testing,08,155,1,0.0,0.0,0.0,0.0
B,R01,testing,08,156,1,0.0,0.0,0.0,0.0
B,R01,testing,08,157,1,0.0,0.0,0.0,0.0
B,R01,testing,08,158,1,0.0,0.0,0.0,0.0
B,R01,testing,08,159,1,0.0,0.0,0.0,0.0
B,R01,testing,08,160,1,0.0,0.0,0.0,0.0
B,R01,testing,08,161,1,0.0,0.0,0.0,0.0
B,R01,testing,08,162,1,0.0,0.0,0.0,0.0
B,R01,testing,08,163,1,0.0,0.0,0.0,0.0
B,R01,testing,08,164,1,0.0,0.0,0.0,0.0
B,R01,testing,08,165,1,0.0,0.0,0.0,0.0
B,R01,testing,08,166,1,0.0,0.0,0.0,0.0
B,R01,testing,08,167,1,0.0,0.0,0.0,0.0
B,R01,testing,08,168,1,0.0,0.0,0.0,0.0
B,R01,testing,08,169,1,0.0,0.0,0.0,0.0
B,R01,testing,08,170,1,0.0,0.0,0.0,0.0
B,R01,testing,08,171,1,0.0,0.0,0.0,0.0
B,R01,testing,08,172,1,0.0,0.0,0.0,0.0
B,R01,testing,08,173,1,0.0,0.0,0.0,0.0
B,R01,testing,08,174,1,0.0,0.0,0.0,0.0
B,R01,testing,08,175,1,0.0,0.0,0.0,0.0
B,R01,testing,08,176,1,0.0,0.0,0.0,0.0
B,R01,testing,08,177,1,0.0,0.0,0.0,0.0
B,R01,testing,08,178,1,0.0,0.0,0.0,0.0
B,R01,testing,08,179,1,0.0,0.0,0.0,0.0
B,R01,testing,08,180,1,0.0,0.0,0.0,0.0
B,R01,testing,08,181,1,0.0,0.0,0.0,0.0
B,R01,testing,08,182,1,0.0,0.0,0.0,0.0
B,R01,testing,08,183,1,0.0,0.0,0.0,0.0
B,R01,testing,08,184,1,0.0,0.0,0.0,0.0
B,R01,testing,08,185,1,0.0,0.0,0.0,0.0
B,R01,testing,08,186,1,0.0,0.0,0.0,0.0
B,R01,testing,08,187,1,0.0,0.0,0.0,0.0
B,R01,testing,08,188,1,0.0,0.0,0.0,0.0
B,R01,testing,08,189,1,0.0,0.0,0.0,0.0
B,R01,testing,08,190,1,0.0,0.0,0.0,0.0
B,R01,testing,08,191,1,0.0,0.0,0.0,0.0
B,R01,testing,08,192,1,0.0,0.0,0.0,0.0
B,R01,testing,08,193,1,0.0,0.0,0.0,0.0
B,R01,testing,08,194,1,0.0,0.0,0.0,0.0
B,R01,testing,08,195,1,0.0,0.0,0.0,0.0
B,R01,testing,08,196,1,0.0,0.0,0.0,0.0
B,R01,testing,08,197,1,0.0,0.0,0.0,0.0
B,R01,testing,08,198,1,0.0,0.0,0.0,0.0
B,R01,testing,08,199,1,0.0,0.0,0.0,0.0
B,R01,testing,08,200,1,0.0,0.0,0.0,0.0
B,R01,testing,08,201,1,0.0,0.0,0.0,0.0
B,R01,testing,08,202,1,0.0,0.0,0.0,0.0
B,R01,testing,08,203,1,0.0,0.0,0.0,0.0
B,R01,testing,08,204,1,0.0,0.0,0.0,0.0
B,R01,testing,08,205,1,0.0,0.0,0.0,0.0
B,R01,testing,08,206,1,0.0,0.0,0.0,0.0
B,R01,testing,08,207,1,0.0,0.0,0.0,0.0
B,R01,testing,08,208,1,0.0,0.0,0.0,0.0
B,R01,testing,08,209,1,0.0,0.0,0.0,0.0
B,R01,testing,08,210,1,0.0,0.0,0.0,0.0
B,R01,testing,08,211,1,0.0,0.0,0.0,0.0
B,R01,testing,08,212,1,0.0,0.0,0.0,0.0
B,R01,testing,08,213,1,0.0,0.0,0.0,0.0
B,R01,testing,08,214,1,0.0,0.0,0.0,0.0
B,R01,testing,08,215,1,0.0,0.0,0.0,0.0
B,R01,testing,08,216,1,0.0,0.0,0.0,0.0
B,R01,testing,08,217,1,0.0,0.0,0.0,0.0
B,R01,testing,08,218,1,0.0,0.0,0.0,0.0
B,R01,testing,08,219,1,0.0,0.0,0.0,0.0
B,R01,testing,08,220,1,0.0,0.0,0.0,0.0
B,R01,testing,08,221,1,0.0,0.0,0.0,0.0
B,R01,testing,08,222,1,0.0,0.0,0.0,0.0
B,R01,testing,08,223,1,0.0,0.0,0.0,0.0
B,R01,testing,08,224,0,0.0,0.0,0.0,0.0
B,R01,testing,08,225,0,0.0,0.0,0.0,0.0
B,R01,testing,08,226,0,0.0,0.0,0.0,0.0
B,R01,testing,08,227,0,0.0,0.0,0.0,0.0
B,R01,testing,08,228,0,0.0,0.0,0.0,0.0
B,R01,testing,08,229,0,0.0,0.0,0.0,0.0
B,R01,testing,08,230,0,0.0,0.0,0.0,0.0
B,R01,testing,08,231,0,0.0,0.0,0.0,0.0
B,R01,testing,08,232,0,0.0,0.0,0.0,0.0
B,R01,testing,08,233,0,0.0,0.0,0.0,0.0
B,R01,testing,08,234,0,0.0,0.0,0.0,0.0
C,R01,testing,08,0,0,0.0,0.0,0.0,0.0
C,R01,testing,08,1,0,0.0,0.0,0.0,0.0
C,R01,testing,08,2,0,0.0,0.0,0.0,0.0
C,R01,testing,08,3,0,0.0,0.0,0.0,0.0
C,R01,testing,08,4,0,0.0,0.0,0.0,0.0
C,R01,testing,08,5,0,0.0,0.0,0.0,0.0
C,R01,testing,08,6,0,0.0,0.0,0.0,0.0
C,R01,testing,08,7,0,0.0,0.0,0.0,0.0
C,R01,testing,08,8,0,0.0,0.0,0.0,0.0
C,R01,testing,08,9,0,0.0,0.0,0.0,0.0
C,R01,testing,08,10,0,0.0,0.0,0.0,0.0
C,R01,testing,08,11,0,0.0,0.0,0.0,0.0
C,R01,testing,08,12,0,0.0,0.0,0.0,0.0
C,R01,testing,08,13,0,0.0,0.0,0.0,0.0
C,R01,testing,08,14,0,0.0,0.0,0.0,0.0
C,R01,testing,08,15,0,0.0,0.0,0.0,0.0
C,R01,testing,08,16,0,0.0,0.0,0.0,0.0
C,R01,testing,08,17,0,0.0,0.0,0.0,0.0
C,R01,testing,08,18,0,0.0,0.0,0.0,0.0
C,R01,testing,08,19,0,0.0,0.0,0.0,0.0
C,R01,testing,08,20,0,0.0,0.0,0.0,0.0
C,R01,testing,08,21,0,0.0,0.0,0.0,0.0
C,R01,testing,08,22,0,0.0,0.0,0.0,0.0
C,R01,testing,08,23,0,0.0,0.0,0.0,0.0
C,R01,testing,08,24,0,0.0,0.0,0.0,0.0
C,R01,testing,08,25,0,0.0,0.0,0.0,0.0
C,R01,testing,08,26,0,0.0,0.0,0.0,0.0
C,R01,testing,08,27,0,0.0,0.0,0.0,0.0
C,R01,testing,08,28,0,0.0,0.0,0.0,0.0
C,R01,testing,08,29,0,0.0,0.0,0.0,0.0
C,R01,testing,08,30,1,0.0,0.0,0.0,0.0
C,R01,testing,08,31,1,0.0,0.0,0.0,0.0
C,R01,testing,08,32,1,0.0,0.0,0.0,0.0
C,R01,testing,08,33,1,0.0,0.0,0.0,0.0
C,R01,testing,08,34,1,0.0,0.0,0.0,0.0
C,R01,testing,08,35,1,0.0,0.0,0.0,0.0
C,R01,testing,08,36,1,0.0,0.0,0.0,0.0
C,R01,testing,08,37,1,0.0,0.0,0.0,0.0
C,R01,testing,08,38,1,0.0,0.0,0.0,0.0
C,R01,testing,08,39,1,0.0,0.0,0.0,0.0
C,R01,testing,08,40,1,0.0,0.0,0.0,0.0
C,R01,testing,08,41,1,0.0,0.0,0.0,0.0
C,R01,testing,08,42,1,0.0,0.0,0.0,0.0
C,R01,testing,08,43,1,0.0,0.0,0.0,0.0
C,R01,testing,08,44,1,0.0,0.0,0.0,0.0
C,R01,testing,08,45,1,0.0,0.0,0.0,0.0
C,R01,testing,08,46,1,0.0,0.0,0.0,0.0
C,R01,testing,08,47,1,0.0,0.0,0.0,0.0
C,R01,testing,08,48,1,0.0,0.0,0.0,0.0
C,R01,testing,08,49,1,0.0,0.0,0.0,0.0
C,R01,testing,08,50,1,0.0,0.0,0.0,0.0
C,R01,testing,08,51,1,0.0,0.0,0.0,0.0
C,R01,testing,08,52,1,0.0,0.0,0.0,0.0
C,R01,testing,08,53,1,0.0,0.0,0.0,0.0
C,R01,testing,08,54,1,0.0,0.0,0.0,0.0
C,R01,testing,08,55,1,0.0,0.0,0.0,0.0
C,R01,testing,08,56,1,0.0,0.0,0.0,0.0
C,R01,testing,08,57,1,0.0,0.0,0.0,0.0
C,R01,testing,08,58,1,0.0,0.0,0.0,0.0
C,R01,testing,08,59,1,0.0,0.0,0.0,0.0
C,R01,testing,08,60,1,0.0,0.0,0.0,0.0
C,R01,testing,08,61,1,0.0,0.0,0.0,0.0
C,R01,testing,08,62,1,0.0,0.0,0.0,0.0
C,R01,testing,08,63,1,0.0,0.0,0.0,0.0
C,R01,testing,08,64,1,0.0,0.0,0.0,0.0
C,R01,testing,08,65,1,0.0,0.0,0.0,0.0
C,R01,testing,08,66,1,0.0,0.0,0.0,0.0
C,R01,testing,08,67,1,0.0,0.0,0.0,0.0
C,R01,testing,08,68,1,0.0,0.0,0.0,0.0
C,R01,testing,08,69,1,0.0,0.0,0.0,0.0
C,R01,testing,08,70,1,0.0,0.0,0.0,0.0
C,R01,testing,08,71,1,0.0,0.0,0.0,0.0
C,R01,testing,08,72,1,0.0,0.0,0.0,0.0
C,R01,testing,08,73,1,0.0,0.0,0.0,0.0
C,R01,testing,08,74,1,0.0,0.0,0.0,0.0
C,R01,testing,08,75,1,0.0,0.0,0.0,0.0
C,R01,testing,08,76,1,0.0,0.0,0.0,0.0
C,R01,testing,08,77,1,0.0,0.0,0.0,0.0
C,R01,testing,08,78,1,0.0,0.0,0.0,0.0
C,R01,testing,08,79,1,0.0,0.0,0.0,0.0
C,R01,testing,08,80,1,0.0,0.0,0.0,0.0
C,R01,testing,08,81,1,0.0,0.0,0.0,0.0
C,R01,testing,08,82,1,0.0,0.0,0.0,0.0
C,R01,testing,08,83,1,0.0,0.0,0.0,0.0
C,R01,testing,08,84,1,0.0,0.0,0.0,0.0
C,R01,testing,08,85,1,0.0,0.0,0.0,0.0
C,R01,testing,08,86,1,0.0,0.0,0.0,0.0
C,R01,testing,08,87,1,0.0,0.0,0.0,0.0
C,R01,testing,08,88,1,0.0,0.0,0.0,0.0
C,R01,testing,08,89,1,0.0,0.0,0.0,0.0
C,R01,testing,08,90,1,0.0,0.0,0.0,0.0
C,R01,testing,08,91,1,0.0,0.0,0.0,0.0
C,R01,testing,08,92,1,0.0,0.0,0.0,0.0
C,R01,testing,08,93,1,0.0,0.0,0.0,0.0
C,R01,testing,08,94,1,0.0,0.0,0.0,0.0
C,R01,testing,08,95,1,0.0,0.0,0.0,0.0
C,R01,testing,08,96,1,0.0,0.0,0.0,0.0
C,R01,testing,08,97,1,0.0,0.0,0.0,0.0
C,R01,testing,08,98,1,0.0,0.0,0.0,0.0
C,R01,testing,08,99,1,0.0,0.0,0.0,0.0
C,R01,testing,08,100,1,0.0,0.0,0.0,0.0
C,R01,testing,08,101,1,0.0,0.0,0.0,0.0
C,R01,testing,08,102,1,0.0,0.0,0.0,0.0
C,R01,testing,08,103,1,0.0,0.0,0.0,0.0
C,R01,testing,08,104,1,0.0,0.0,0.0,0.0
C,R01,testing,08,105,1,0.0,0.0,0.0,0.0
C,R01,testing,08,106,1,0.0,0.0,0.0,0.0
C,R01,testing,08,107,1,0.0,0.0,0.0,0.0
C,R01,testing,08,108,1,0.0,0.0,0.0,0.0
C,R01,testing,08,109,1,0.0,0.0,0.0,0.0
C,R01,testing,08,110,1,0.0,0.0,0.0,0.0
C,R01,testing,08,111,1,0.0,0.0,0.0,0.0
C,R01,testing,08,112,1,0.0,0.0,0.0,0.0
C,R01,testing,08,113,1,0.0,0.0,0.0,0.0
C,R01,testing,08,114,1,0.0,0.0,0.0,0.0
C,R01,testing,08,115,1,0.0,0.0,0.0,0.0
C,R01,testing,08,116,1,0.0,0.0,0.0,0.0
C,R01,testing,08,117,1,0.0,0.0,0.0,0.0
C,R01,testing,08,118,1,0.0,0.0,0.0,0.0
C,R01,testing,08,119,1,0.0,0.0,0.0,0.0
C,R01,testing,08,120,1,0.0,0.0,0.0,0.0
C,R01,testing,08,121,1,0.0,0.0,0.0,0.0
C,R01,testing,08,122,1,0.0,0.0,0.0,0.0
C,R01,testing,08,123,1,0.0,0.0,0.0,0.0
C,R01,testing,08,124,1,0.0,0.0,0.0,0.0
C,R01,testing,08,125,1,0.0,0.0,0.0,0.0
C,R01,testing,08,126,1,0.0,0.0,0.0,0.0
C,R01,testing,08,127,1,0.0,0.0,0.0,0.0
C,R01,testing,08,128,1,0.0,0.0,0.0,0.0
C,R01,testing,08,129,1,0.0,0.0,0.0,0.0
C,R01,testing,08,130,1,0.0,0.0,0.0,0.0
C,R01,testing,08,131,1,0.0,0.0,0.0,0.0
C,R01,testing,08,132,1,0.0,0.0,0.0,0.0
C,R01,testing,08,133,1,0.0,0.0,0.0,0.0
C,R01,testing,08,134,1,0.0,0.0,0.0,0.0
C,R01,testing,08,135,1,0.0,0.0,0.0,0.0
C,R01,testing,08,136,1,0.0,0.0,0.0,0.0
C,R01,testing,08,137,1,0.0,0.0,0.0,0.0
C,R01,testing,08,138,1,0.0,0.0,0.0,0.0
C,R01,testing,08,139,1,0.0,0.0,0.0,0.0
C,R01,testing,08,140,1,0.0,0.0,0.0,0.0
C,R01,testing,08,141,1,0.0,0.0,0.0,0.0
C,R01,testing,08,142,1,0.0,0.0,0.0,0.0
C,R01,testing,08,143,1,0.0,0.0,0.0,0.0
C,R01,testing,08,144,1,0.0,0.0,0.0,0.0
C,R01,testing,08,145,1,0.0,0.0,0.0,0.0
C,R01,testing,08,146,1,0.0,0.0,0.0,0.0
C,R01,testing,08,147,1,0.0,0.0,0.0,0.0
C,R01,testing,08,148,1,0.0,0.0,0.0,0.0
C,R01,testing,08,149,1,0.0,0.0,0.0,0.0
C,R01,testing,08,150,1,0.0,0.0,0.0,0.0
C,R01,testing,08,151,1,0.0,0.0,0.0,0.0
C,R01,testing,08,152,1,0.0,0.0,0.0,0.0
C,R01,testing,08,153,1,0.0,0.0,0.0,0.0
C,R01,testing,08,154,1,0.0,0.0,0.0,0.0
C,R01,testing,08,155,1,0.0,0.0,0.0,0.0
C,R01,testing,08,156,1,0.0,0.0,0.0,0.0
C,R01,testing,08,157,1,0.0,0.0,0.0,0.0
C,R01,testing,08,158,1,0.0,0.0,0.0,0.0
C,R01,testing,08,159,1,0.0,0.0,0.0,0.0
C,R01,testing,08,160,1,0.0,0.0,0.0,0.0
C,R01,testing,08,161,1,0.0,0.0,0.0,0.0
C,R01,testing,08,162,1,0.0,0.0,0.0,0.0
C,R01,testing,08,163,1,0.0,0.0,0.0,0.0
C,R01,testing,08,164,1,0.0,0.0,0.0,0.0
C,R01,testing,08,165,1,0.0,0.0,0.0,0.0
C,R01,testing,08,166,1,0.0,0.0,0.0,0.0
C,R01,testing,08,167,1,0.0,0.0,0.0,0.0
C,R01,testing,08,168,1,0.0,0.0,0.0,0.0
C,R01,testing,08,169,1,0.0,0.0,0.0,0.0
C,R01,testing,08,170,1,0.0,0.0,0.0,0.0
C,R01,testing,08,171,1,0.0,0.0,0.0,0.0
C,R01,testing,08,172,1,0.0,0.0,0.0,0.0
C,R01,testing,08,173,1,0.0,0.0,0.0,0.0
C,R01,testing,08,174,1,0.0,0.0,0.0,0.0
C,R01,testing,08,175,1,0.0,0.0,0.0,0.0
C,R01,testing,08,176,1,0.0,0.0,0.0,0.0
C,R01,testing,08,177,1,0.0,0.0,0.0,0.0
C,R01,testing,08,178,1,0.0,0.0,0.0,0.0
C,R01,testing,08,179,1,0.0,0.0,0.0,0.0
C,R01,testing,08,180,1,0.0,0.0,0.0,0.0
C,R01,testing,08,181,1,0.0,0.0,0.0,0.0
C,R01,testing,08,182,1,0.0,0.0,0.0,0.0
C,R01,testing,08,183,1,0.0,0.0,0.0,0.0
C,R01,testing,08,184,1,0.0,0.0,0.0,0.0
C,R01,testing,08,185,1,0.0,0.0,0.0,0.0
C,R01,testing,08,186,1,0.0,0.0,0.0,0.0
C,R01,testing,08,187,1,0.0,0.0,0.0,0.0
C,R01,testing,08,188,1,0.0,0.0,0.0,0.0
C,R01,testing,08,189,1,0.0,0.0,0.0,0.0
C,R01,testing,08,190,1,0.0,0.0,0.0,0.0
C,R01,testing,08,191,1,0.0,0.0,0.0,0.0
C,R01,testing,08,192,1,0.0,0.0,0.0,0.0
C,R01,testing,08,193,1,0.0,0.0,0.0,0.0
C,R01,testing,08,194,1,0.0,0.0,0.0,0.0
C,R01,testing,08,195,1,0.0,0.0,0.0,0.0
C,R01,testing,08,196,1,0.0,0.0,0.0,0.0
C,R01,testing,08,197,1,0.0,0.0,0.0,0.0
C,R01,testing,08,198,1,0.0,0.0,0.0,0.0
C,R01,testing,08,199,1,0.0,0.0,0.0,0.0
C,R01,testing,08,200,1,0.0,0.0,0.0,0.0
C,R01,testing,08,201,1,0.0,0.0,0.0,0.0
C,R01,testing,08,202,1,0.0,0.0,0.0,0.0
C,R01,testing,08,203,1,0.0,0.0,0.0,0.0
C,R01,testing,08,204,1,0.0,0.0,0.0,0.0
C,R01,testing,08,205,1,0.0,0.0,0.0,0.0
C,R01,testing,08,206,1,0.0,0.0,0.0,0.0
C,R01,testing,08,207,1,0.0,0.0,0.0,0.0
C,R01,testing,08,208,1,0.0,0.0,0.0,0.0
C,R01,testing,08,209,1,0.0,0.0,0.0,0.0
C,R01,testing,08,210,1,0.0,0.0,0.0,0.0
C,R01,testing,08,211,1,0.0,0.0,0.0,0.0
C,R01,testing,08,212,1,0.0,0.0,0.0,0.0
C,R01,testing,08,213,1,0.0,0.0,0.0,0.0
C,R01,testing,08,214,1,0.0,0.0,0.0,0.0
C,R01,testing,08,215,1,0.0,0.0,0.0,0.0
C,R01,testing,08,216,1,0.0,0.0,0.0,0.0
C,R01,testing,08,217,1,0.0,0.0,0.0,0.0
C,R01,testing,08,218,1,0.0,0.0,0.0,0.0
C,R01,testing,08,219,1,0.0,0.0,0.0,0.0
C,R01,testing,08,220,1,0.0,0.0,0.0,0.0
C,R01,testing,08,221,1,0.0,0.0,0.0,0.0
C,R01,testing,08,222,1,0.0,0.0,0.0,0.0
C,R01,testing,08,223,1,0.0,0.0,0.0,0.0
C,R01,testing,08,224,0,0.0,0.0,0.0,0.0
C,R01,testing,08,225,0,0.0,0.0,0.0,0.0
C,R01,testing,08,226,0,0.0,0.0,0.0,0.0
C,R01,testing,08,227,0,0.0,0.0,0.0,0.0
C,R01,testing,08,228,0,0.0,0.0,0.0,0.0
C,R01,testing,08,229,0,0.0,0.0,0.0,0.0
C,R01,testing,08,230,0,0.0,0.0,0.0,0.0
C,R01,testing,08,231,0,0.0,0.0,0.0,0.0
C,R01,testing,08,232,0,0.0,0.0,0.0,0.0
C,R01,testing,08,233,0,0.0,0.0,0.0,0.0
C,R01,testing,08,234,0,0.0,0.0,0.0,0.0
P1,R01,testing,08,0,0,0.0,0.0,0.0,0.0
P1,R01,testing,08,1,0,0.0,0.0,0.0,0.0
P1,R01,testing,08,2,0,0.0,0.0,0.0,0.0
P1,R01,testing,08,3,0,0.0,0.0,0.0,0.0
P1,R01,testing,08,4,0,0.0,0.0,0.0,0.0
P1,R01,testing,08,5,0,0.0,0.0,0.0,0.0
P1,R01,testing,08,6,0,0.0,0.0,0.0,0.0
P1,R01,testing,08,7,0,0.0,0.0,0.0,0.0
P1,R01,testing,08,8,0,0.0,0.0,0.0,0.0
P1,R01,testing,08,9,0,0.0,0.0,0.0,0.0
P1,R01,testing,08,10,0,0.0,0.0,0.0,0.0
P1,R01,testing,08,11,0,0.0,0.0,0.0,0.0
P1,R01,testing,08,12,0,0.0,0.0,0.0,0.0
P1,R01,testing,08,13,0,0.0,0.0,0.0,0.0
P1,R01,testing,08,14,0,0.0,0.0,0.0,0.0
P1,R01,testing,08,15,0,0.0,0.0,0.0,0.0
P1,R01,testing,08,16,0,0.0,0.0,0.0,0.0
P1,R01,testing,08,17,0,0.0,0.0,0.0,0.0
P1,R01,testing,08,18,0,0.0,0.0,0.0,0.0
P1,R01,testing,08,19,0,0.0,0.0,0.0,0.0
P1,R01,testing,08,20,0,0.0,0.0,0.0,0.0
P1,R01,testing,08,21,0,0.0,0.0,0.0,0.0
P1,R01,testing,08,22,0,0.0,0.0,0.0,0.0
P1,R01,testing,08,23,0,0.0,0.0,0.0,0.0
P1,R01,testing,08,24,0,0.0,0.0,0.0,0.0
P1,R01,testing,08,25,0,0.0,0.0,0.0,0.0
P1,R01,testing,08,26,0,0.0,0.0,0.0,0.0
P1,R01,testing,08,27,0,0.0,0.0,0.0,0.0
P1,R01,testing,08,28,0,0.0,0.0,0.0,0.0
P1,R01,testing,08,29,0,0.0,0.0,0.0,0.0
P1,R01,testing,08,30,1,0.0,0.0,0.0,0.0
P1,R01,testing,08,31,1,0.0,0.0,0.0,0.0
P1,R01,testing,08,32,1,0.0,0.0,0.0,0.0
P1,R01,testing,08,33,1,0.0,0.0,0.0,0.0
P1,R01,testing,08,34,1,0.0,0.0,0.0,0.0
P1,R01,testing,08,35,1,0.0,0.0,0.0,0.0
P1,R01,testing,08,36,1,0.0,0.0,0.0,0.0
P1,R01,testing,08,37,1,0.0,0.0,0.0,0.0
P1,R01,testing,08,38,1,0.0,0.0,0.0,0.0
P1,R01,testing,08,39,1,0.0,0.0,0.0,0.0
P1,R01,testing,08,40,1,0.0,0.0,0.0,0.0
P1,R01,testing,08,41,1,0.0,0.0,0.0,0.0
P1,R01,testing,08,42,1,0.0,0.0,0.0,0.0
P1,R01,testing,08,43,1,0.0,0.0,0.0,0.0
P1,R01,testing,08,44,1,0.0,0.0,0.0,0.0
P1,R01,testing,08,45,1,0.0,0.0,0.0,0.0
P1,R01,testing,08,46,1,0.0,0.0,0.0,0.0
P1,R01,testing,08,47,1,0.0,0.0,0.0,0.0
P1,R01,testing,08,48,1,0.0,0.0,0.0,0.0
P1,R01,testing,08,49,1,0.0,0.0,0.0,0.0
P1,R01,testing,08,50,1,0.0,0.0,0.0,0.0
P1,R01,testing,08,51,1,0.0,0.0,0.0,0.0
P1,R01,testing,08,52,1,0.0,0.0,0.0,0.0
P1,R01,testing,08,53,1,0.0,0.0,0.0,0.0
P1,R01,testing,08,54,1,0.0,0.0,0.0,0.0
P1,R01,testing,08,55,1,0.0,0.0,0.0,0.0
P1,R01,testing,08,56,1,0.0,0.0,0.0,0.0
P1,R01,testing,08,57,1,0.0,0.0,0.0,0.0
P1,R01,testing,08,58,1,0.0,0.0,0.0,0.0
P1,R01,testing,08,59,1,0.0,0.0,0.0,0.0
P1,R01,testing,08,60,1,0.0,0.0,0.0,0.0
P1,R01,testing,08,61,1,0.0,0.0,0.0,0.0
P1,R01,testing,08,62,1,0.0,0.0,0.0,0.0
P1,R01,testing,08,63,1,0.0,0.0,0.0,0.0
P1,R01,testing,08,64,1,0.0,0.0,0.0,0.0
P1,R01,testing,08,65,1,0.0,0.0,0.0,0.0
P1,R01,testing,08,66,1,0.0,0.0,0.0,0.0
P1,R01,testing,08,67,1,0.0,0.0,0.0,0.0
P1,R01,testing,08,68,1,0.0,0.0,0.0,0.0
P1,R01,testing,08,69,1,0.0,0.0,0.0,0.0
P1,R01,testing,08,70,1,0.0,0.0,0.0,0.0
P1,R01,testing,08,71,1,0.0,0.0,0.0,0.0
P1,R01,testing,08,72,1,0.0,0.0,0.0,0.0
P1,R01,testing,08,73,1,0.0,0.0,0.0,0.0
P1,R01,testing,08,74,1,0.0,0.0,0.0,0.0
P1,R01,testing,08,75,1,0.0,0.0,0.0,0.0
P1,R01,testing,08,76,1,0.0,0.0,0.0,0.0
P1,R01,testing,08,77,1,0.0,0.0,0.0,0.0
P1,R01,testing,08,78,1,0.0,0.0,0.0,0.0
P1,R01,testing,08,79,1,0.0,0.0,0.0,0.0
P1,R01,testing,08,80,1,0.0,0.0,0.0,0.0
P1,R01,testing,08,81,1,0.0,0.0,0.0,0.0
P1,R01,testing,08,82,1,0.0,0.0,0.0,0.0
P1,R01,testing,08,83,1,0.0,0.0,0.0,0.0
P1,R01,testing,08,84,1,0.0,0.0,0.0,0.0
P1,R01,testing,08,85,1,0.0,0.0,0.0,0.0
P1,R01,testing,08,86,1,0.0,0.0,0.0,0.0
P1,R01,testing,08,87,1,0.0,0.0,0.0,0.0
P1,R01,testing,08,88,1,0.0,0.0,0.0,0.0
P1,R01,testing,08,89,1,0.0,0.0,0.0,0.0
P1,R01,testing,08,90,1,0.0,0.0,0.0,0.0
P1,R01,testing,08,91,1,0.0,0.0,0.0,0.0
P1,R01,testing,08,92,1,0.0,0.0,0.0,0.0
P1,R01,testing,08,93,1,0.0,0.0,0.0,0.0
P1,R01,testing,08,94,1,0.0,0.0,0.0,0.0
P1,R01,testing,08,95,1,0.0,0.0,0.0,0.0
P1,R01,testing,08,96,1,0.0,0.0,0.0,0.0
P1,R01,testing,08,97,1,0.0,0.0,0.0,0.0
P1,R01,testing,08,98,1,0.0,0.0,0.0,0.0
P1,R01,testing,08,99,1,0.0,0.0,0.0,0.0
P1,R01,testing,08,100,1,0.0,0.0,0.0,0.0
P1,R01,testing,08,101,1,0.0,0.0,0.0,0.0
P1,R01,testing,08,102,1,0.0,0.0,0.0,0.0
P1,R01,testing,08,103,1,0.0,0.0,0.0,0.0
P1,R01,testing,08,104,1,0.0,0.0,0.0,0.0
P1,R01,testing,08,105,1,0.0,0.0,0.0,0.0
P1,R01,testing,08,106,1,0.0,0.0,0.0,0.0
P1,R01,testing,08,107,1,0.0,0.0,0.0,0.0
P1,R01,testing,08,108,1,0.0,0.0,0.0,0.0
P1,R01,testing,08,109,1,0.0,0.0,0.0,0.0
P1,R01,testing,08,110,1,0.0,0.0,0.0,0.0
P1,R01,testing,08,111,1,0.0,0.0,0.0,0.0
P1,R01,testing,08,112,1,0.0,0.0,0.0,0.0
P1,R01,testing,08,113,1,0.0,0.0,0.0,0.0
P1,R01,testing,08,114,1,0.0,0.0,0.0,0.0
P1,R01,testing,08,115,1,0.0,0.0,0.0,0.0
P1,R01,testing,08,116,1,0.0,0.0,0.0,0.0
P1,R01,testing,08,117,1,0.0,0.0,0.0,0.0
P1,R01,testing,08,118,1,0.0,0.0,0.0,0.0
P1,R01,testing,08,119,1,0.0,0.0,0.0,0.0
P1,R01,testing,08,120,1,0.0,0.0,0.0,0.0
P1,R01,testing,08,121,1,0.0,0.0,0.0,0.0
P1,R01,testing,08,122,1,0.0,0.0,0.0,0.0
P1,R01,testing,08,123,1,0.0,0.0,0.0,0.0
P1,R01,testing,08,124,1,0.0,0.0,0.0,0.0
P1,R01,testing,08,125,1,0.0,0.0,0.0,0.0
P1,R01,testing,08,126,1,0.0,0.0,0.0,0.0
P1,R01,testing,08,127,1,0.0,0.0,0.0,0.0
P1,R01,testing,08,128,1,0.0,0.0,0.0,0.0
P1,R01,testing,08,129,1,0.0,0.0,0.0,0.0
P1,R01,testing,08,130,1,0.0,0.0,0.0,0.0
P1,R01,testing,08,131,1,0.0,0.0,0.0,0.0
P1,R01,testing,08,132,1,0.0,0.0,0.0,0.0
P1,R01,testing,08,133,1,0.0,0.0,0.0,0.0
P1,R01,testing,08,134,1,0.0,0.0,0.0,0.0
P1,R01,testing,08,135,1,0.0,0.0,0.0,0.0
P1,R01,testing,08,136,1,0.0,0.0,0.0,0.0
P1,R01,testing,08,137,1,0.0,0.0,0.0,0.0
P1,R01,testing,08,138,1,0.0,0.0,0.0,0.0
P1,R01,testing,08,139,1,0.0,0.0,0.0,0.0
P1,R01,testing,08,140,1,0.0,0.0,0.0,0.0
P1,R01,testing,08,141,1,0.0,0.0,0.0,0.0
P1,R01,testing,08,142,1,0.0,0.0,0.0,0.0
P1,R01,testing,08,143,1,0.0,0.0,0.0,0.0
P1,R01,testing,08,144,1,0.0,0.0,0.0,0.0
P1,R01,testing,08,145,1,0.0,0.0,0.0,0.0
P1,R01,testing,08,146,1,0.0,0.0,0.0,0.0
P1,R01,testing,08,147,1,0.0,0.0,0.0,0.0
P1,R01,testing,08,148,1,0.0,0.0,0.0,0.0
P1,R01,testing,08,149,1,0.0,0.0,0.0,0.0
P1,R01,testing,08,150,1,0.0,0.0,0.0,0.0
P1,R01,testing,08,151,1,0.0,0.0,0.0,0.0
P1,R01,testing,08,152,1,0.0,0.0,0.0,0.0
P1,R01,testing,08,153,1,0.0,0.0,0.0,0.0
P1,R01,testing,08,154,1,0.0,0.0,0.0,0.0
P1,R01,testing,08,155,1,0.0,0.0,0.0,0.0
P1,R01,testing,08,156,1,0.0,0.0,0.0,0.0
P1,R01,testing,08,157,1,0.0,0.0,0.0,0.0
P1,R01,testing,08,158,1,0.0,0.0,0.0,0.0
P1,R01,testing,08,159,1,0.0,0.0,0.0,0.0
P1,R01,testing,08,160,1,0.0,0.0,0.0,0.0
P1,R01,testing,08,161,1,0.0,0.0,0.0,0.0
P1,R01,testing,08,162,1,0.0,0.0,0.0,0.0
P1,R01,testing,08,163,1,0.0,0.0,0.0,0.0
P1,R01,testing,08,164,1,0.0,0.0,0.0,0.0
P1,R01,testing,08,165,1,0.0,0.0,0.0,0.0
P1,R01,testing,08,166,1,0.0,0.0,0.0,0.0
P1,R01,testing,08,167,1,0.0,0.0,0.0,0.0
P1,R01,testing,08,168,1,0.0,0.0,0.0,0.0
P1,R01,testing,08,169,1,0.0,0.0,0.0,0.0
P1,R01,testing,08,170,1,0.0,0.0,0.0,0.0
P1,R01,testing,08,171,1,0.0,0.0,0.0,0.0
P1,R01,testing,08,172,1,0.0,0.0,0.0,0.0
P1,R01,testing,08,173,1,0.0,0.0,0.0,0.0
P1,R01,testing,08,174,1,0.0,0.0,0.0,0.0
P1,R01,testing,08,175,1,0.0,0.0,0.0,0.0
P1,R01,testing,08,176,1,0.0,0.0,0.0,0.0
P1,R01,testing,08,177,1,0.0,0.0,0.0,0.0
P1,R01,testing,08,178,1,0.0,0.0,0.0,0.0
P1,R01,testing,08,179,1,0.0,0.0,0.0,0.0
P1,R01,testing,08,180,1,0.0,0.0,0.0,0.0
P1,R01,testing,08,181,1,0.0,0.0,0.0,0.0
P1,R01,testing,08,182,1,0.0,0.0,0.0,0.0
P1,R01,testing,08,183,1,0.0,0.0,0.0,0.0
P1,R01,testing,08,184,1,0.0,0.0,0.0,0.0
P1,R01,testing,08,185,1,0.0,0.0,0.0,0.0
P1,R01,testing,08,186,1,0.0,0.0,0.0,0.0
P1,R01,testing,08,187,1,0.0,0.0,0.0,0.0
P1,R01,testing,08,188,1,0.0,0.0,0.0,0.0
P1,R01,testing,08,189,1,0.0,0.0,0.0,0.0
P1,R01,testing,08,190,1,0.0,0.0,0.0,0.0
P1,R01,testing,08,191,1,0.0,0.0,0.0,0.0
P1,R01,testing,08,192,1,0.0,0.0,0.0,0.0
P1,R01,testing,08,193,1,0.0,0.0,0.0,0.0
P1,R01,testing,08,194,1,0.0,0.0,0.0,0.0
P1,R01,testing,08,195,1,0.0,0.0,0.0,0.0
P1,R01,testing,08,196,1,0.0,0.0,0.0,0.0
P1,R01,testing,08,197,1,0.0,0.0,0.0,0.0
P1,R01,testing,08,198,1,0.0,0.0,0.0,0.0
P1,R01,testing,08,199,1,0.0,0.0,0.0,0.0
P1,R01,testing,08,200,1,0.0,0.0,0.0,0.0
P1,R01,testing,08,201,1,0.0,0.0,0.0,0.0
P1,R01,testing,08,202,1,0.0,0.0,0.0,0.0
P1,R01,testing,08,203,1,0.0,0.0,0.0,0.0
P1,R01,testing,08,204,1,0.0,0.0,0.0,0.0
P1,R01,testing,08,205,1,0.0,0.0,0.0,0.0
P1,R01,testing,08,206,1,0.0,0.0,0.0,0.0
P1,R01,testing,08,207,1,0.0,0.0,0.0,0.0
P1,R01,testing,08,208,1,0.0,0.0,0.0,0.0
P1,R01,testing,08,209,1,0.0,0.0,0.0,0.0
P1,R01,testing,08,210,1,0.0,0.0,0.0,0.0
P1,R01,testing,08,211,1,0.0,0.0,0.0,0.0
P1,R01,testing,08,212,1,0.0,0.0,0.0,0.0
P1,R01,testing,08,213,1,0.0,0.0,0.0,0.0
P1,R01,testing,08,214,1,0.0,0.0,0.0,0.0
P1,R01,testing,08,215,1,0.0,0.0,0.0,0.0
P1,R01,testing,08,216,1,0.0,0.0,0.0,0.0
P1,R01,testing,08,217,1,0.0,0.0,0.0,0.0
P1,R01,testing,08,218,1,0.0,0.0,0.0,0.0
P1,R01,testing,08,219,1,0.0,0.0,0.0,0.0
P1,R01,testing,08,220,1,0.0,0.0,0.0,0.0
P1,R01,testing,08,221,1,0.0,0.0,0.0,0.0
P1,R01,testing,08,222,1,0.0,0.0,0.0,0.0
P1,R01,testing,08,223,1,0.0,0.0,0.0,0.0
P1,R01,testing,08,224,0,0.0,0.0,0.0,0.0
P1,R01,testing,08,225,0,0.0,0.0,0.0,0.0
P1,R01,testing,08,226,0,0.0,0.0,0.0,0.0
P1,R01,testing,08,227,0,0.0,0.0,0.0,0.0
P1,R01,testing,08,228,0,0.0,0.0,0.0,0.0
P1,R01,testing,08,229,0,0.0,0.0,0.0,0.0
P1,R01,testing,08,230,0,0.0,0.0,0.0,0.0
P1,R01,testing,08,231,0,0.0,0.0,0.0,0.0
P1,R01,testing,08,232,0,0.0,0.0,0.0,0.0
P1,R01,testing,08,233,0,0.0,0.0,0.0,0.0
P1,R01,testing,08,234,0,0.0,0.0,0.0,0.0
P2,R01,testing,08,0,0,0.0,0.0,0.0,0.0
P2,R01,testing,08,1,0,0.0,0.0,0.0,0.0
P2,R01,testing,08,2,0,0.0,0.0,0.0,0.0
P2,R01,testing,08,3,0,0.0,0.0,0.0,0.0
P2,R01,testing,08,4,0,0.0,0.0,0.0,0.0
P2,R01,testing,08,5,0,0.0,0.0,0.0,0.0
P2,R01,testing,08,6,0,0.0,0.0,0.0,0.0
P2,R01,testing,08,7,0,0.0,0.0,0.0,0.0
P2,R01,testing,08,8,0,0.0,0.0,0.0,0.0
P2,R01,testing,08,9,0,0.0,0.0,0.0,0.0
P2,R01,testing,08,10,0,0.0,0.0,0.0,0.0
P2,R01,testing,08,11,0,0.0,0.0,0.0,0.0
P2,R01,testing,08,12,0,0.0,0.0,0.0,0.0
P2,R01,testing,08,13,0,0.0,0.0,0.0,0.0
P2,R01,testing,08,14,0,0.0,0.0,0.0,0.0
P2,R01,testing,08,15,0,0.0,0.0,0.0,0.0
P2,R01,testing,08,16,0,0.0,0.0,0.0,0.0
P2,R01,testing,08,17,0,0.0,0.0,0.0,0.0
P2,R01,testing,08,18,0,0.0,0.0,0.0,0.0
P2,R01,testing,08,19,0,0.0,0.0,0.0,0.0
P2,R01,testing,08,20,0,0.0,0.0,0.0,0.0
P2,R01,testing,08,21,0,0.0,0.0,0.0,0.0
P2,R01,testing,08,22,0,0.0,0.0,0.0,0.0
P2,R01,testing,08,23,0,0.0,0.0,0.0,0.0
P2,R01,testing,08,24,0,0.0,0.0,0.0,0.0
P2,R01,testing,08,25,0,0.0,0.0,0.0,0.0
P2,R01,testing,08,26,0,0.0,0.0,0.0,0.0
P2,R01,testing,08,27,0,0.0,0.0,0.0,0.0
P2,R01,testing,08,28,0,0.0,0.0,0.0,0.0
P2,R01,testing,08,29,0,0.0,0.0,0.0,0.0
P2,R01,testing,08,30,1,0.0,0.0,0.0,0.0
P2,R01,testing,08,31,1,0.0,0.0,0.0,0.0
P2,R01,testing,08,32,1,0.0,0.0,0.0,0.0
P2,R01,testing,08,33,1,0.0,0.0,0.0,0.0
P2,R01,testing,08,34,1,0.0,0.0,0.0,0.0
P2,R01,testing,08,35,1,0.0,0.0,0.0,0.0
P2,R01,testing,08,36,1,0.0,0.0,0.0,0.0
P2,R01,testing,08,37,1,0.0,0.0,0.0,0.0
P2,R01,testing,08,38,1,0.0,0.0,0.0,0.0
P2,R01,testing,08,39,1,0.0,0.0,0.0,0.0
P2,R01,testing,08,40,1,0.0,0.0,0.0,0.0
P2,R01,testing,08,41,1,0.0,0.0,0.0,0.0
P2,R01,testing,08,42,1,0.0,0.0,0.0,0.0
P2,R01,testing,08,43,1,0.0,0.0,0.0,0.0
P2,R01,testing,08,44,1,0.0,0.0,0.0,0.0
P2,R01,testing,08,45,1,0.0,0.0,0.0,0.0
P2,R01,testing,08,46,1,0.0,0.0,0.0,0.0
P2,R01,testing,08,47,1,0.0,0.0,0.0,0.0
P2,R01,testing,08,48,1,0.0,0.0,0.0,0.0
P2,R01,testing,08,49,1,0.0,0.0,0.0,0.0
P2,R01,testing,08,50,1,0.0,0.0,0.0,0.0
P2,R01,testing,08,51,1,0.0,0.0,0.0,0.0
P2,R01,testing,08,52,1,0.0,0.0,0.0,0.0
P2,R01,testing,08,53,1,0.0,0.0,0.0,0.0
P2,R01,testing,08,54,1,0.0,0.0,0.0,0.0
P2,R01,testing,08,55,1,0.0,0.0,0.0,0.0
P2,R01,testing,08,56,1,0.0,0.0,0.0,0.0
P2,R01,testing,08,57,1,0.0,0.0,0.0,0.0
P2,R01,testing,08,58,1,0.0,0.0,0.0,0.0
P2,R01,testing,08,59,1,0.0,0.0,0.0,0.0
P2,R01,testing,08,60,1,0.0,0.0,0.0,0.0
P2,R01,testing,08,61,1,0.0,0.0,0.0,0.0
P2,R01,testing,08,62,1,0.0,0.0,0.0,0.0
P2,R01,testing,08,63,1,0.0,0.0,0.0,0.0
P2,R01,testing,08,64,1,0.0,0.0,0.0,0.0
P2,R01,testing,08,65,1,0.0,0.0,0.0,0.0
P2,R01,testing,08,66,1,0.0,0.0,0.0,0.0
P2,R01,testing,08,67,1,0.0,0.0,0.0,0.0
P2,R01,testing,08,68,1,0.0,0.0,0.0,0.0
P2,R01,testing,08,69,1,0.0,0.0,0.0,0.0
P2,R01,testing,08,70,1,0.0,0.0,0.0,0.0
P2,R01,testing,08,71,1,0.0,0.0,0.0,0.0
P2,R01,testing,08,72,1,0.0,0.0,0.0,0.0
P2,R01,testing,08,73,1,0.0,0.0,0.0,0.0
P2,R01,testing,08,74,1,0.0,0.0,0.0,0.0
P2,R01,testing,08,75,1,0.0,0.0,0.0,0.0
P2,R01,testing,08,76,1,0.0,0.0,0.0,0.0
P2,R01,testing,08,77,1,0.0,0.0,0.0,0.0
P2,R01,testing,08,78,1,0.0,0.0,0.0,0.0
P2,R01,testing,08,79,1,0.0,0.0,0.0,0.0
P2,R01,testing,08,80,1,0.0,0.0,0.0,0.0
P2,R01,testing,08,81,1,0.0,0.0,0.0,0.0
P2,R01,testing,08,82,1,0.0,0.0,0.0,0.0
P2,R01,testing,08,83,1,0.0,0.0,0.0,0.0
P2,R01,testing,08,84,1,0.0,0.0,0.0,0.0
P2,R01,testing,08,85,1,0.0,0.0,0.0,0.0
P2,R01,testing,08,86,1,0.0,0.0,0.0,0.0
P2,R01,testing,08,87,1,0.0,0.0,0.0,0.0
P2,R01,testing,08,88,1,0.0,0.0,0.0,0.0
P2,R01,testing,08,89,1,0.0,0.0,0.0,0.0
P2,R01,testing,08,90,1,0.0,0.0,0.0,0.0
P2,R01,testing,08,91,1,0.0,0.0,0.0,0.0
P2,R01,testing,08,92,1,0.0,0.0,0.0,0.0
P2,R01,testing,08,93,1,0.0,0.0,0.0,0.0
P2,R01,testing,08,94,1,0.0,0.0,0.0,0.0
P2,R01,testing,08,95,1,0.0,0.0,0.0,0.0
P2,R01,testing,08,96,1,0.0,0.0,0.0,0.0
P2,R01,testing,08,97,1,0.0,0.0,0.0,0.0
P2,R01,testing,08,98,1,0.0,0.0,0.0,0.0
P2,R01,testing,08,99,1,0.0,0.0,0.0,0.0
P2,R01,testing,08,100,1,0.0,0.0,0.0,0.0
P2,R01,testing,08,101,1,0.0,0.0,0.0,0.0
P2,R01,testing,08,102,1,0.0,0.0,0.0,0.0
P2,R01,testing,08,103,1,0.0,0.0,0.0,0.0
P2,R01,testing,08,104,1,0.0,0.0,0.0,0.0
P2,R01,testing,08,105,1,0.0,0.0,0.0,0.0
P2,R01,testing,08,106,1,0.0,0.0,0.0,0.0
P2,R01,testing,08,107,1,0.0,0.0,0.0,0.0
P2,R01,testing,08,108,1,0.0,0.0,0.0,0.0
P2,R01,testing,08,109,1,0.0,0.0,0.0,0.0
P2,R01,testing,08,110,1,0.0,0.0,0.0,0.0
P2,R01,testing,08,111,1,0.0,0.0,0.0,0.0
P2,R01,testing,08,112,1,0.0,0.0,0.0,0.0
P2,R01,testing,08,113,1,0.0,0.0,0.0,0.0
P2,R01,testing,08,114,1,0.0,0.0,0.0,0.0
P2,R01,testing,08,115,1,0.0,0.0,0.0,0.0
P2,R01,testing,08,116,1,0.0,0.0,0.0,0.0
P2,R01,testing,08,117,1,0.0,0.0,0.0,0.0
P2,R01,testing,08,118,1,0.0,0.0,0.0,0.0
P2,R01,testing,08,119,1,0.0,0.0,0.0,0.0
P2,R01,testing,08,120,1,0.0,0.0,0.0,0.0
P2,R01,testing,08,121,1,0.0,0.0,0.0,0.0
P2,R01,testing,08,122,1,0.0,0.0,0.0,0.0
P2,R01,testing,08,123,1,0.0,0.0,0.0,0.0
P2,R01,testing,08,124,1,0.0,0.0,0.0,0.0
P2,R01,testing,08,125,1,0.0,0.0,0.0,0.0
P2,R01,testing,08,126,1,0.0,0.0,0.0,0.0
P2,R01,testing,08,127,1,0.0,0.0,0.0,0.0
P2,R01,testing,08,128,1,0.0,0.0,0.0,0.0
P2,R01,testing,08,129,1,0.0,0.0,0.0,0.0
P2,R01,testing,08,130,1,0.0,0.0,0.0,0.0
P2,R01,testing,08,131,1,0.0,0.0,0.0,0.0
P2,R01,testing,08,132,1,0.0,0.0,0.0,0.0
P2,R01,testing,08,133,1,0.0,0.0,0.0,0.0
P2,R01,testing,08,134,1,0.0,0.0,0.0,0.0
P2,R01,testing,08,135,1,0.0,0.0,0.0,0.0
P2,R01,testing,08,136,1,0.0,0.0,0.0,0.0
P2,R01,testing,08,137,1,0.0,0.0,0.0,0.0
P2,R01,testing,08,138,1,0.0,0.0,0.0,0.0
P2,R01,testing,08,139,1,0.0,0.0,0.0,0.0
P2,R01,testing,08,140,1,0.0,0.0,0.0,0.0
P2,R01,testing,08,141,1,0.0,0.0,0.0,0.0
P2,R01,testing,08,142,1,0.0,0.0,0.0,0.0
P2,R01,testing,08,143,1,0.0,0.0,0.0,0.0
P2,R01,testing,08,144,1,0.0,0.0,0.0,0.0
P2,R01,testing,08,145,1,0.0,0.0,0.0,0.0
P2,R01,testing,08,146,1,0.0,0.0,0.0,0.0
P2,R01,testing,08,147,1,0.0,0.0,0.0,0.0
P2,R01,testing,08,148,1,0.0,0.0,0.0,0.0
P2,R01,testing,08,149,1,0.0,0.0,0.0,0.0
P2,R01,testing,08,150,1,0.0,0.0,0.0,0.0
P2,R01,testing,08,151,1,0.0,0.0,0.0,0.0
P2,R01,testing,08,152,1,0.0,0.0,0.0,0.0
P2,R01,testing,08,153,1,0.0,0.0,0.0,0.0
P2,R01,testing,08,154,1,0.0,0.0,0.0,0.0
P2,R01,testing,08,155,1,0.0,0.0,0.0,0.0
P2,R01,testing,08,156,1,0.0,0.0,0.0,0.0
P2,R01,testing,08,157,1,0.0,0.0,0.0,0.0
P2,R01,testing,08,158,1,0.0,0.0,0.0,0.0
P2,R01,testing,08,159,1,0.0,0.0,0.0,0.0
P2,R01,testing,08,160,1,0.0,0.0,0.0,0.0
P2,R01,testing,08,161,1,0.0,0.0,0.0,0.0
P2,R01,testing,08,162,1,0.0,0.0,0.0,0.0
P2,R01,testing,08,163,1,0.0,0.0,0.0,0.0
P2,R01,testing,08,164,1,0.0,0.0,0.0,0.0
P2,R01,testing,08,165,1,0.0,0.0,0.0,0.0
P2,R01,testing,08,166,1,0.0,0.0,0.0,0.0
P2,R01,testing,08,167,1,0.0,0.0,0.0,0.0
P2,R01,testing,08,168,1,0.0,0.0,0.0,0.0
P2,R01,testing,08,169,1,0.0,0.0,0.0,0.0
P2,R01,testing,08,170,1,0.0,0.0,0.0,0.0
P2,R01,testing,08,171,1,0.0,0.0,0.0,0.0
P2,R01,testing,08,172,1,0.0,0.0,0.0,0.0
P2,R01,testing,08,173,1,0.0,0.0,0.0,0.0
P2,R01,testing,08,174,1,0.0,0.0,0.0,0.0
P2,R01,testing,08,175,1,0.0,0.0,0.0,0.0
P2,R01,testing,08,176,1,0.0,0.0,0.0,0.0
P2,R01,testing,08,177,1,0.0,0.0,0.0,0.0
P2,R01,testing,08,178,1,0.0,0.0,0.0,0.0
P2,R01,testing,08,179,1,0.0,0.0,0.0,0.0
P2,R01,testing,08,180,1,0.0,0.0,0.0,0.0
P2,R01,testing,08,181,1,0.0,0.0,0.0,0.0
P2,R01,testing,08,182,1,0.0,0.0,0.0,0.0
P2,R01,testing,08,183,1,0.0,0.0,0.0,0.0
P2,R01,testing,08,184,1,0.0,0.0,0.0,0.0
P2,R01,testing,08,185,1,0.0,0.0,0.0,0.0
P2,R01,testing,08,186,1,0.0,0.0,0.0,0.0
P2,R01,testing,08,187,1,0.0,0.0,0.0,0.0
P2,R01,testing,08,188,1,0.0,0.0,0.0,0.0
P2,R01,testing,08,189,1,0.0,0.0,0.0,0.0
P2,R01,testing,08,190,1,0.0,0.0,0.0,0.0
P2,R01,testing,08,191,1,0.0,0.0,0.0,0.0
P2,R01,testing,08,192,1,0.0,0.0,0.0,0.0
P2,R01,testing,08,193,1,0.0,0.0,0.0,0.0
P2,R01,testing,08,194,1,0.0,0.0,0.0,0.0
P2,R01,testing,08,195,1,0.0,0.0,0.0,0.0
P2,R01,testing,08,196,1,0.0,0.0,0.0,0.0
P2,R01,testing,08,197,1,0.0,0.0,0.0,0.0
P2,R01,testing,08,198,1,0.0,0.0,0.0,0.0
P2,R01,testing,08,199,1,0.0,0.0,0.0,0.0
P2,R01,testing,08,200,1,0.0,0.0,0.0,0.0
P2,R01,testing,08,201,1,0.0,0.0,0.0,0.0
P2,R01,testing,08,202,1,0.0,0.0,0.0,0.0
P2,R01,testing,08,203,1,0.0,0.0,0.0,0.0
P2,R01,testing,08,204,1,0.0,0.0,0.0,0.0
P2,R01,testing,08,205,1,0.0,0.0,0.0,0.0
P2,R01,testing,08,206,1,0.0,0.0,0.0,0.0
P2,R01,testing,08,207,1,0.0,0.0,0.0,0.0
P2,R01,testing,08,208,1,0.0,0.0,0.0,0.0
P2,R01,testing,08,209,1,0.0,0.0,0.0,0.0
P2,R01,testing,08,210,1,0.0,0.0,0.0,0.0
P2,R01,testing,08,211,1,0.0,0.0,0.0,0.0
P2,R01,testing,08,212,1,0.0,0.0,0.0,0.0
P2,R01,testing,08,213,1,0.0,0.0,0.0,0.0
P2,R01,testing,08,214,1,0.0,0.0,0.0,0.0
P2,R01,testing,08,215,1,0.0,0.0,0.0,0.0
P2,R01,testing,08,216,1,0.0,0.0,0.0,0.0
P2,R01,testing,08,217,1,0.0,0.0,0.0,0.0
P2,R01,testing,08,218,1,0.0,0.0,0.0,0.0
P2,R01,testing,08,219,1,0.0,0.0,0.0,0.0
P2,R01,testing,08,220,1,0.0,0.0,0.0,0.0
P2,R01,testing,08,221,1,0.0,0.0,0.0,0.0
P2,R01,testing,08,222,1,0.0,0.0,0.0,0.0
P2,R01,testing,08,223,1,0.0,0.0,0.0,0.0
P2,R01,testing,08,224,0,0.0,0.0,0.0,0.0
P2,R01,testing,08,225,0,0.0,0.0,0.0,0.0
P2,R01,testing,08,226,0,0.0,0.0,0.0,0.0
P2,R01,testing,08,227,0,0.0,0.0,0.0,0.0
P2,R01,testing,08,228,0,0.0,0.0,0.0,0.0
P2,R01,testing,08,229,0,0.0,0.0,0.0,0.0
P2,R01,testing,08,230,0,0.0,0.0,0.0,0.0
P2,R01,testing,08,231,0,0.0,0.0,0.0,0.0
P2,R01,testing,08,232,0,0.0,0.0,0.0,0.0
P2,R01,testing,08,233,0,0.0,0.0,0.0,0.0
P2,R01,testing,08,234,0,0.0,0.0,0.0,0.0
P3,R01,testing,08,0,0,0.0,0.0,0.0,0.0
P3,R01,testing,08,1,0,0.0,0.0,0.0,0.0
P3,R01,testing,08,2,0,0.0,0.0,0.0,0.0
P3,R01,testing,08,3,0,0.0,0.0,0.0,0.0
P3,R01,testing,08,4,0,0.0,0.0,0.0,0.0
P3,R01,testing,08,5,0,0.0,0.0,0.0,0.0
P3,R01,testing,08,6,0,0.0,0.0,0.0,0.0
P3,R01,testing,08,7,0,0.0,0.0,0.0,0.0
P3,R01,testing,08,8,0,0.0,0.0,0.0,0.0
P3,R01,testing,08,9,0,0.0,0.0,0.0,0.0
P3,R01,testing,08,10,0,0.0,0.0,0.0,0.0
P3,R01,testing,08,11,0,0.0,0.0,0.0,0.0
P3,R01,testing,08,12,0,0.0,0.0,0.0,0.0
P3,R01,testing,08,13,0,0.0,0.0,0.0,0.0
P3,R01,testing,08,14,0,0.0,0.0,0.0,0.0
P3,R01,testing,08,15,0,0.0,0.0,0.0,0.0
P3,R01,testing,08,16,0,0.0,0.0,0.0,0.0
P3,R01,testing,08,17,0,0.0,0.0,0.0,0.0
P3,R01,testing,08,18,0,0.0,0.0,0.0,0.0
P3,R01,testing,08,19,0,0.0,0.0,0.0,0.0
P3,R01,testing,08,20,0,0.0,0.0,0.0,0.0
P3,R01,testing,08,21,0,0.0,0.0,0.0,0.0
P3,R01,testing,08,22,0,0.0,0.0,0.0,0.0
P3,R01,testing,08,23,0,0.0,0.0,0.0,0.0
P3,R01,testing,08,24,0,0.0,0.0,0.0,0.0
P3,R01,testing,08,25,0,0.0,0.0,0.0,0.0
P3,R01,testing,08,26,0,0.0,0.0,0.0,0.0
P3,R01,testing,08,27,0,0.0,0.0,0.0,0.0
P3,R01,testing,08,28,0,0.0,0.0,0.0,0.0
P3,R01,testing,08,29,0,0.0,0.0,0.0,0.0
P3,R01,testing,08,30,1,0.0,0.0,0.0,0.0
P3,R01,testing,08,31,1,0.0,0.0,0.0,0.0
P3,R01,testing,08,32,1,0.0,0.0,0.0,0.0
P3,R01,testing,08,33,1,0.0,0.0,0.0,0.0
P3,R01,testing,08,34,1,0.0,0.0,0.0,0.0
P3,R01,testing,08,35,1,0.0,0.0,0.0,0.0
P3,R01,testing,08,36,1,0.0,0.0,0.0,0.0
P3,R01,testing,08,37,1,0.0,0.0,0.0,0.0
P3,R01,testing,08,38,1,0.0,0.0,0.0,0.0
P3,R01,testing,08,39,1,0.0,0.0,0.0,0.0
P3,R01,testing,08,40,1,0.0,0.0,0.0,0.0
P3,R01,testing,08,41,1,0.0,0.0,0.0,0.0
P3,R01,testing,08,42,1,0.0,0.0,0.0,0.0
P3,R01,testing,08,43,1,0.0,0.0,0.0,0.0
P3,R01,testing,08,44,1,0.0,0.0,0.0,0.0
P3,R01,testing,08,45,1,0.0,0.0,0.0,0.0
P3,R01,testing,08,46,1,0.0,0.0,0.0,0.0
P3,R01,testing,08,47,1,0.0,0.0,0.0,0.0
P3,R01,testing,08,48,1,0.0,0.0,0.0,0.0
P3,R01,testing,08,49,1,0.0,0.0,0.0,0.0
P3,R01,testing,08,50,1,0.0,0.0,0.0,0.0
P3,R01,testing,08,51,1,0.0,0.0,0.0,0.0
P3,R01,testing,08,52,1,0.0,0.0,0.0,0.0
P3,R01,testing,08,53,1,0.0,0.0,0.0,0.0
P3,R01,testing,08,54,1,0.0,0.0,0.0,0.0
P3,R01,testing,08,55,1,0.0,0.0,0.0,0.0
P3,R01,testing,08,56,1,0.0,0.0,0.0,0.0
P3,R01,testing,08,57,1,0.0,0.0,0.0,0.0
P3,R01,testing,08,58,1,0.0,0.0,0.0,0.0
P3,R01,testing,08,59,1,0.0,0.0,0.0,0.0
P3,R01,testing,08,60,1,0.0,0.0,0.0,0.0
P3,R01,testing,08,61,1,0.0,0.0,0.0,0.0
P3,R01,testing,08,62,1,0.0,0.0,0.0,0.0
P3,R01,testing,08,63,1,0.0,0.0,0.0,0.0
P3,R01,testing,08,64,1,0.0,0.0,0.0,0.0
P3,R01,testing,08,65,1,0.0,0.0,0.0,0.0
P3,R01,testing,08,66,1,0.0,0.0,0.0,0.0
P3,R01,testing,08,67,1,0.0,0.0,0.0,0.0
P3,R01,testing,08,68,1,0.0,0.0,0.0,0.0
P3,R01,testing,08,69,1,0.0,0.0,0.0,0.0
P3,R01,testing,08,70,1,0.0,0.0,0.0,0.0
P3,R01,testing,08,71,1,0.0,0.0,0.0,0.0
P3,R01,testing,08,72,1,0.0,0.0,0.0,0.0
P3,R01,testing,08,73,1,0.0,0.0,0.0,0.0
P3,R01,testing,08,74,1,0.0,0.0,0.0,0.0
P3,R01,testing,08,75,1,0.0,0.0,0.0,0.0
P3,R01,testing,08,76,1,0.0,0.0,0.0,0.0
P3,R01,testing,08,77,1,0.0,0.0,0.0,0.0
P3,R01,testing,08,78,1,0.0,0.0,0.0,0.0
P3,R01,testing,08,79,1,0.0,0.0,0.0,0.0
P3,R01,testing,08,80,1,0.0,0.0,0.0,0.0
P3,R01,testing,08,81,1,0.0,0.0,0.0,0.0
P3,R01,testing,08,82,1,0.0,0.0,0.0,0.0
P3,R01,testing,08,83,1,0.0,0.0,0.0,0.0
P3,R01,testing,08,84,1,0.0,0.0,0.0,0.0
P3,R01,testing,08,85,1,0.0,0.0,0.0,0.0
P3,R01,testing,08,86,1,0.0,0.0,0.0,0.0
P3,R01,testing,08,87,1,0.0,0.0,0.0,0.0
P3,R01,testing,08,88,1,0.0,0.0,0.0,0.0
P3,R01,testing,08,89,1,0.0,0.0,0.0,0.0
P3,R01,testing,08,90,1,0.0,0.0,0.0,0.0
P3,R01,testing,08,91,1,0.0,0.0,0.0,0.0
P3,R01,testing,08,92,1,0.0,0.0,0.0,0.0
P3,R01,testing,08,93,1,0.0,0.0,0.0,0.0
P3,R01,testing,08,94,1,0.0,0.0,0.0,0.0
P3,R01,testing,08,95,1,0.0,0.0,0.0,0.0
P3,R01,testing,08,96,1,0.0,0.0,0.0,0.0
P3,R01,testing,08,97,1,0.0,0.0,0.0,0.0
P3,R01,testing,08,98,1,0.0,0.0,0.0,0.0
P3,R01,testing,08,99,1,0.0,0.0,0.0,0.0
P3,R01,testing,08,100,1,0.0,0.0,0.0,0.0
P3,R01,testing,08,101,1,0.0,0.0,0.0,0.0
P3,R01,testing,08,102,1,0.0,0.0,0.0,0.0
P3,R01,testing,08,103,1,0.0,0.0,0.0,0.0
P3,R01,testing,08,104,1,0.0,0.0,0.0,0.0
P3,R01,testing,08,105,1,0.0,0.0,0.0,0.0
P3,R01,testing,08,106,1,0.0,0.0,0.0,0.0
P3,R01,testing,08,107,1,0.0,0.0,0.0,0.0
P3,R01,testing,08,108,1,0.0,0.0,0.0,0.0
P3,R01,testing,08,109,1,0.0,0.0,0.0,0.0
P3,R01,testing,08,110,1,0.0,0.0,0.0,0.0
P3,R01,testing,08,111,1,0.0,0.0,0.0,0.0
P3,R01,testing,08,112,1,0.0,0.0,0.0,0.0
P3,R01,testing,08,113,1,0.0,0.0,0.0,0.0
P3,R01,testing,08,114,1,0.0,0.0,0.0,0.0
P3,R01,testing,08,115,1,0.0,0.0,0.0,0.0
P3,R01,testing,08,116,1,0.0,0.0,0.0,0.0
P3,R01,testing,08,117,1,0.0,0.0,0.0,0.0
P3,R01,testing,08,118,1,0.0,0.0,0.0,0.0
P3,R01,testing,08,119,1,0.0,0.0,0.0,0.0
P3,R01,testing,08,120,1,0.0,0.0,0.0,0.0
P3,R01,testing,08,121,1,0.0,0.0,0.0,0.0
P3,R01,testing,08,122,1,0.0,0.0,0.0,0.0
P3,R01,testing,08,123,1,0.0,0.0,0.0,0.0
P3,R01,testing,08,124,1,0.0,0.0,0.0,0.0
P3,R01,testing,08,125,1,0.0,0.0,0.0,0.0
P3,R01,testing,08,126,1,0.0,0.0,0.0,0.0
P3,R01,testing,08,127,1,0.0,0.0,0.0,0.0
P3,R01,testing,08,128,1,0.0,0.0,0.0,0.0
P3,R01,testing,08,129,1,0.0,0.0,0.0,0.0
P3,R01,testing,08,130,1,0.0,0.0,0.0,0.0
P3,R01,testing,08,131,1,0.0,0.0,0.0,0.0
P3,R01,testing,08,132,1,0.0,0.0,0.0,0.0
P3,R01,testing,08,133,1,0.0,0.0,0.0,0.0
P3,R01,testing,08,134,1,0.0,0.0,0.0,0.0
P3,R01,testing,08,135,1,0.0,0.0,0.0,0.0
P3,R01,testing,08,136,1,0.0,0.0,0.0,0.0
P3,R01,testing,08,137,1,0.0,0.0,0.0,0.0
P3,R01,testing,08,138,1,0.0,0.0,0.0,0.0
P3,R01,testing,08,139,1,0.0,0.0,0.0,0.0
P3,R01,testing,08,140,1,0.0,0.0,0.0,0.0
P3,R01,testing,08,141,1,0.0,0.0,0.0,0.0
P3,R01,testing,08,142,1,0.0,0.0,0.0,0.0
P3,R01,testing,08,143,1,0.0,0.0,0.0,0.0
P3,R01,testing,08,144,1,0.0,0.0,0.0,0.0
P3,R01,testing,08,145,1,0.0,0.0,0.0,0.0
P3,R01,testing,08,146,1,0.0,0.0,0.0,0.0
P3,R01,testing,08,147,1,0.0,0.0,0.0,0.0
P3,R01,testing,08,148,1,0.0,0.0,0.0,0.0
P3,R01,testing,08,149,1,0.0,0.0,0.0,0.0
P3,R01,testing,08,150,1,0.0,0.0,0.0,0.0
P3,R01,testing,08,151,1,0.0,0.0,0.0,0.0
P3,R01,testing,08,152,1,0.0,0.0,0.0,0.0
P3,R01,testing,08,153,1,0.0,0.0,0.0,0.0
P3,R01,testing,08,154,1,0.0,0.0,0.0,0.0
P3,R01,testing,08,155,1,0.0,0.0,0.0,0.0
P3,R01,testing,08,156,1,0.0,0.0,0.0,0.0
P3,R01,testing,08,157,1,0.0,0.0,0.0,0.0
P3,R01,testing,08,158,1,0.0,0.0,0.0,0.0
P3,R01,testing,08,159,1,0.0,0.0,0.0,0.0
P3,R01,testing,08,160,1,0.0,0.0,0.0,0.0
P3,R01,testing,08,161,1,0.0,0.0,0.0,0.0
P3,R01,testing,08,162,1,0.0,0.0,0.0,0.0
P3,R01,testing,08,163,1,0.0,0.0,0.0,0.0
P3,R01,testing,08,164,1,0.0,0.0,0.0,0.0
P3,R01,testing,08,165,1,0.0,0.0,0.0,0.0
P3,R01,testing,08,166,1,0.0,0.0,0.0,0.0
P3,R01,testing,08,167,1,0.0,0.0,0.0,0.0
P3,R01,testing,08,168,1,0.0,0.0,0.0,0.0
P3,R01,testing,08,169,1,0.0,0.0,0.0,0.0
P3,R01,testing,08,170,1,0.0,0.0,0.0,0.0
P3,R01,testing,08,171,1,0.0,0.0,0.0,0.0
P3,R01,testing,08,172,1,0.0,0.0,0.0,0.0
P3,R01,testing,08,173,1,0.0,0.0,0.0,0.0
P3,R01,testing,08,174,1,0.0,0.0,0.0,0.0
P3,R01,testing,08,175,1,0.0,0.0,0.0,0.0
P3,R01,testing,08,176,1,0.0,0.0,0.0,0.0
P3,R01,testing,08,177,1,0.0,0.0,0.0,0.0
P3,R01,testing,08,178,1,0.0,0.0,0.0,0.0
P3,R01,testing,08,179,1,0.0,0.0,0.0,0.0
P3,R01,testing,08,180,1,0.0,0.0,0.0,0.0
P3,R01,testing,08,181,1,0.0,0.0,0.0,0.0
P3,R01,testing,08,182,1,0.0,0.0,0.0,0.0
P3,R01,testing,08,183,1,0.0,0.0,0.0,0.0
P3,R01,testing,08,184,1,0.0,0.0,0.0,0.0
P3,R01,testing,08,185,1,0.0,0.0,0.0,0.0
P3,R01,testing,08,186,1,0.0,0.0,0.0,0.0
P3,R01,testing,08,187,1,0.0,0.0,0.0,0.0
P3,R01,testing,08,188,1,0.0,0.0,0.0,0.0
P3,R01,testing,08,189,1,0.0,0.0,0.0,0.0
P3,R01,testing,08,190,1,0.0,0.0,0.0,0.0
P3,R01,testing,08,191,1,0.0,0.0,0.0,0.0
P3,R01,testing,08,192,1,0.0,0.0,0.0,0.0
P3,R01,testing,08,193,1,0.0,0.0,0.0,0.0
P3,R01,testing,08,194,1,0.0,0.0,0.0,0.0
P3,R01,testing,08,195,1,0.0,0.0,0.0,0.0
P3,R01,testing,08,196,1,0.0,0.0,0.0,0.0
P3,R01,testing,08,197,1,0.0,0.0,0.0,0.0
P3,R01,testing,08,198,1,0.0,0.0,0.0,0.0
P3,R01,testing,08,199,1,0.0,0.0,0.0,0.0
P3,R01,testing,08,200,1,0.0,0.0,0.0,0.0
P3,R01,testing,08,201,1,0.0,0.0,0.0,0.0
P3,R01,testing,08,202,1,0.0,0.0,0.0,0.0
P3,R01,testing,08,203,1,0.0,0.0,0.0,0.0
P3,R01,testing,08,204,1,0.0,0.0,0.0,0.0
P3,R01,testing,08,205,1,0.0,0.0,0.0,0.0
P3,R01,testing,08,206,1,0.0,0.0,0.0,0.0
P3,R01,testing,08,207,1,0.0,0.0,0.0,0.0
P3,R01,testing,08,208,1,0.0,0.0,0.0,0.0
P3,R01,testing,08,209,1,0.0,0.0,0.0,0.0
P3,R01,testing,08,210,1,0.0,0.0,0.0,0.0
P3,R01,testing,08,211,1,0.0,0.0,0.0,0.0
P3,R01,testing,08,212,1,0.0,0.0,0.0,0.0
P3,R01,testing,08,213,1,0.0,0.0,0.0,0.0
P3,R01,testing,08,214,1,0.0,0.0,0.0,0.0
P3,R01,testing,08,215,1,0.0,0.0,0.0,0.0
P3,R01,testing,08,216,1,0.0,0.0,0.0,0.0
P3,R01,testing,08,217,1,0.0,0.0,0.0,0.0
P3,R01,testing,08,218,1,0.0,0.0,0.0,0.0
P3,R01,testing,08,219,1,0.0,0.0,0.0,0.0
P3,R01,testing,08,220,1,0.0,0.0,0.0,0.0
P3,R01,testing,08,221,1,0.0,0.0,0.0,0.0
P3,R01,testing,08,222,1,0.0,0.0,0.0,0.0
P3,R01,testing,08,223,1,0.0,0.0,0.0,0.0
P3,R01,testing,08,224,0,0.0,0.0,0.0,0.0
P3,R01,testing,08,225,0,0.0,0.0,0.0,0.0
P3,R01,testing,08,226,0,0.0,0.0,0.0,0.0
P3,R01,testing,08,227,0,0.0,0.0,0.0,0.0
P3,R01,testing,08,228,0,0.0,0.0,0.0,0.0
P3,R01,testing,08,229,0,0.0,0.0,0.0,0.0
P3,R01,testing,08,230,0,0.0,0.0,0.0,0.0
P3,R01,testing,08,231,0,0.0,0.0,0.0,0.0
P3,R01,testing,08,232,0,0.0,0.0,0.0,0.0
P3,R01,testing,08,233,0,0.0,0.0,0.0,0.0
P3,R01,testing,08,234,0,0.0,0.0,0.0,0.0
A,R01,testing,09,0,0,0.0,0.0,0.0,0.0
A,R01,testing,09,1,0,0.0,0.0,0.0,0.0
A,R01,testing,09,2,0,0.0,0.0,0.0,0.0
A,R01,testing,09,3,0,0.0,0.0,0.0,0.0
A,R01,testing,09,4,0,0.0,0.0,0.0,0.0
A,R01,testing,09,5,0,0.0,0.0,0.0,0.0
A,R01,testing,09,6,0,0.0,0.0,0.0,0.0
A,R01,testing,09,7,0,0.0,0.0,0.0,0.0
A,R01,testing,09,8,0,0.0,0.0,0.0,0.0
A,R01,testing,09,9,0,0.0,0.0,0.0,0.0
A,R01,testing,09,10,0,0.0,0.0,0.0,0.0
A,R01,testing,09,11,0,0.0,0.0,0.0,0.0
A,R01,testing,09,12,0,0.0,0.0,0.0,0.0
A,R01,testing,09,13,0,0.0,0.0,0.0,0.0
A,R01,testing,09,14,0,0.0,0.0,0.0,0.0
A,R01,testing,09,15,0,0.0,0.0,0.0,0.0
A,R01,testing,09,16,0,0.0,0.0,0.0,0.0
A,R01,testing,09,17,0,0.0,0.0,0.0,0.0
A,R01,testing,09,18,0,0.0,0.0,0.0,0.0
A,R01,testing,09,19,0,0.0,0.0,0.0,0.0
A,R01,testing,09,20,0,0.0,0.0,0.0,0.0
A,R01,testing,09,21,0,0.0,0.0,0.0,0.0
A,R01,testing,09,22,0,0.0,0.0,0.0,0.0
A,R01,testing,09,23,0,0.0,0.0,0.0,0.0
A,R01,testing,09,24,0,0.0,0.0,0.0,0.0
A,R01,testing,09,25,0,0.0,0.0,0.0,0.0
A,R01,testing,09,26,0,0.0,0.0,0.0,0.0
A,R01,testing,09,27,0,0.0,0.0,0.0,0.0
A,R01,testing,09,28,0,0.0,0.0,0.0,0.0
A,R01,testing,09,29,0,0.0,0.0,0.0,0.0
A,R01,testing,09,30,0,0.0,0.0,0.0,0.0
A,R01,testing,09,31,0,0.0,0.0,0.0,0.0
A,R01,testing,09,32,0,0.0,0.0,0.0,0.0
A,R01,testing,09,33,0,0.0,0.0,0.0,0.0
A,R01,testing,09,34,0,0.0,0.0,0.0,0.0
A,R01,testing,09,35,0,0.0,0.0,0.0,0.0
A,R01,testing,09,36,0,0.0,0.0,0.0,0.0
A,R01,testing,09,37,0,0.0,0.0,0.0,0.0
A,R01,testing,09,38,0,0.0,0.0,0.0,0.0
A,R01,testing,09,39,0,0.0,0.0,0.0,0.0
A,R01,testing,09,40,0,0.0,0.0,0.0,0.0
A,R01,testing,09,41,0,0.0,0.0,0.0,0.0
A,R01,testing,09,42,0,0.0,0.0,0.0,0.0
A,R01,testing,09,43,0,0.0,0.0,0.0,0.0
A,R01,testing,09,44,0,0.0,0.0,0.0,0.0
A,R01,testing,09,45,0,0.0,0.0,0.0,0.0
A,R01,testing,09,46,0,0.0,0.0,0.0,0.0
A,R01,testing,09,47,0,0.0,0.0,0.0,0.0
A,R01,testing,09,48,0,0.0,0.0,0.0,0.0
A,R01,testing,09,49,0,0.0,0.0,0.0,0.0
A,R01,testing,09,50,0,0.0,0.0,0.0,0.0
A,R01,testing,09,51,0,0.0,0.0,0.0,0.0
A,R01,testing,09,52,0,0.0,0.0,0.0,0.0
A,R01,testing,09,53,0,0.0,0.0,0.0,0.0
A,R01,testing,09,54,0,0.0,0.0,0.0,0.0
A,R01,testing,09,55,0,0.0,0.0,0.0,0.0
A,R01,testing,09,56,0,0.0,0.0,0.0,0.0
A,R01,testing,09,57,0,0.0,0.0,0.0,0.0
A,R01,testing,09,58,0,0.0,0.0,0.0,0.0
A,R01,testing,09,59,0,0.0,0.0,0.0,0.0
A,R01,testing,09,60,0,0.0,0.0,0.0,0.0
A,R01,testing,09,61,0,0.0,0.0,0.0,0.0
A,R01,testing,09,62,0,0.0,0.0,0.0,0.0
A,R01,testing,09,63,0,0.0,0.0,0.0,0.0
A,R01,testing,09,64,0,0.0,0.0,0.0,0.0
A,R01,testing,09,65,0,0.0,0.0,0.0,0.0
A,R01,testing,09,66,0,0.0,0.0,0.0,0.0
A,R01,testing,09,67,0,0.0,0.0,0.0,0.0
A,R01,testing,09,68,0,0.0,0.0,0.0,0.0
A,R01,testing,09,69,0,0.0,0.0,0.0,0.0
A,R01,testing,09,70,0,0.0,0.0,0.0,0.0
A,R01,testing,09,71,0,0.0,0.0,0.0,0.0
A,R01,testing,09,72,0,0.0,0.0,0.0,0.0
A,R01,testing,09,73,0,0.0,0.0,0.0,0.0
A,R01,testing,09,74,0,0.0,0.0,0.0,0.0
A,R01,testing,09,75,0,0.0,0.0,0.0,0.0
A,R01,testing,09,76,0,0.0,0.0,0.0,0.0
A,R01,testing,09,77,0,0.0,0.0,0.0,0.0
A,R01,testing,09,78,0,0.0,0.0,0.0,0.0
A,R01,testing,09,79,0,0.0,0.0,0.0,0.0
A,R01,testing,09,80,0,0.0,0.0,0.0,0.0
A,R01,testing,09,81,0,0.0,0.0,0.0,0.0
A,R01,testing,09,82,0,0.0,0.0,0.0,0.0
A,R01,testing,09,83,0,0.0,0.0,0.0,0.0
A,R01,testing,09,84,0,0.0,0.0,0.0,0.0
A,R01,testing,09,85,0,0.0,0.0,0.0,0.0
A,R01,testing,09,86,0,0.0,0.0,0.0,0.0
A,R01,testing,09,87,0,0.0,0.0,0.0,0.0
A,R01,testing,09,88,0,0.0,0.0,0.0,0.0
A,R01,testing,09,89,0,0.0,0.0,0.0,0.0
A,R01,testing,09,90,0,0.0,0.0,0.0,0.0
A,R01,testing,09,91,0,0.0,0.0,0.0,0.0
A,R01,testing,09,92,0,0.0,0.0,0.0,0.0
A,R01,testing,09,93,0,0.0,0.0,0.0,0.0
A,R01,testing,09,94,0,0.0,0.0,0.0,0.0
A,R01,testing,09,95,0,0.0,0.0,0.0,0.0
A,R01,testing,09,96,0,0.0,0.0,0.0,0.0
A,R01,testing,09,97,0,0.0,0.0,0.0,0.0
A,R01,testing,09,98,0,0.0,0.0,0.0,0.0
A,R01,testing,09,99,0,0.0,0.0,0.0,0.0
A,R01,testing,09,100,0,0.0,0.0,0.0,0.0
A,R01,testing,09,101,0,0.0,0.0,0.0,0.0
A,R01,testing,09,102,0,0.0,0.0,0.0,0.0
A,R01,testing,09,103,0,0.0,0.0,0.0,0.0
A,R01,testing,09,104,0,0.0,0.0,0.0,0.0
A,R01,testing,09,105,0,0.0,0.0,0.0,0.0
A,R01,testing,09,106,0,0.0,0.0,0.0,0.0
A,R01,testing,09,107,0,0.0,0.0,0.0,0.0
A,R01,testing,09,108,0,0.0,0.0,0.0,0.0
A,R01,testing,09,109,0,0.0,0.0,0.0,0.0
A,R01,testing,09,110,0,0.0,0.0,0.0,0.0
A,R01,testing,09,111,0,0.0,0.0,0.0,0.0
A,R01,testing,09,112,0,0.0,0.0,0.0,0.0
A,R01,testing,09,113,0,0.0,0.0,0.0,0.0
A,R01,testing,09,114,0,0.0,0.0,0.0,0.0
A,R01,testing,09,115,0,0.0,0.0,0.0,0.0
A,R01,testing,09,116,0,0.0,0.0,0.0,0.0
A,R01,testing,09,117,0,0.0,0.0,0.0,0.0
A,R01,testing,09,118,0,0.0,0.0,0.0,0.0
A,R01,testing,09,119,0,0.0,0.0,0.0,0.0
A,R01,testing,09,120,0,0.0,0.0,0.0,0.0
A,R01,testing,09,121,0,0.0,0.0,0.0,0.0
A,R01,testing,09,122,0,0.0,0.0,0.0,0.0
A,R01,testing,09,123,0,0.0,0.0,0.0,0.0
A,R01,testing,09,124,0,0.0,0.0,0.0,0.0
A,R01,testing,09,125,0,0.0,0.0,0.0,0.0
A,R01,testing,09,126,0,0.0,0.0,0.0,0.0
A,R01,testing,09,127,0,0.0,0.0,0.0,0.0
A,R01,testing,09,128,0,0.0,0.0,0.0,0.0
A,R01,testing,09,129,0,0.0,0.0,0.0,0.0
A,R01,testing,09,130,0,0.0,0.0,0.0,0.0
A,R01,testing,09,131,0,0.0,0.0,0.0,0.0
A,R01,testing,09,132,0,0.0,0.0,0.0,0.0
A,R01,testing,09,133,0,0.0,0.0,0.0,0.0
A,R01,testing,09,134,0,0.0,0.0,0.0,0.0
A,R01,testing,09,135,0,0.0,0.0,0.0,0.0
A,R01,testing,09,136,0,0.0,0.0,0.0,0.0
A,R01,testing,09,137,0,0.0,0.0,0.0,0.0
A,R01,testing,09,138,0,0.0,0.0,0.0,0.0
A,R01,testing,09,139,0,0.0,0.0,0.0,0.0
A,R01,testing,09,140,0,0.0,0.0,0.0,0.0
A,R01,testing,09,141,0,0.0,0.0,0.0,0.0
A,R01,testing,09,142,0,0.0,0.0,0.0,0.0
A,R01,testing,09,143,0,0.0,0.0,0.0,0.0
A,R01,testing,09,144,0,0.0,0.0,0.0,0.0
A,R01,testing,09,145,0,0.0,0.0,0.0,0.0
A,R01,testing,09,146,0,0.0,0.0,0.0,0.0
A,R01,testing,09,147,0,0.0,0.0,0.0,0.0
A,R01,testing,09,148,0,0.0,0.0,0.0,0.0
A,R01,testing,09,149,0,0.0,0.0,0.0,0.0
A,R01,testing,09,150,0,0.0,0.0,0.0,0.0
A,R01,testing,09,151,0,0.0,0.0,0.0,0.0
A,R01,testing,09,152,0,0.0,0.0,0.0,0.0
A,R01,testing,09,153,0,0.0,0.0,0.0,0.0
A,R01,testing,09,154,0,0.0,0.0,0.0,0.0
A,R01,testing,09,155,0,0.0,0.0,0.0,0.0
A,R01,testing,09,156,0,0.0,0.0,0.0,0.0
A,R01,testing,09,157,0,0.0,0.0,0.0,0.0
A,R01,testing,09,158,0,0.0,0.0,0.0,0.0
A,R01,testing,09,159,0,0.0,0.0,0.0,0.0
A,R01,testing,09,160,0,0.0,0.0,0.0,0.0
A,R01,testing,09,161,0,0.0,0.0,0.0,0.0
A,R01,testing,09,162,0,0.0,0.0,0.0,0.0
A,R01,testing,09,163,0,0.0,0.0,0.0,0.0
A,R01,testing,09,164,0,0.0,0.0,0.0,0.0
A,R01,testing,09,165,0,0.0,0.0,0.0,0.0
A,R01,testing,09,166,0,0.0,0.0,0.0,0.0
A,R01,testing,09,167,0,0.0,0.0,0.0,0.0
A,R01,testing,09,168,0,0.0,0.0,0.0,0.0
A,R01,testing,09,169,0,0.0,0.0,0.0,0.0
A,R01,testing,09,170,0,0.0,0.0,0.0,0.0
A,R01,testing,09,171,0,0.0,0.0,0.0,0.0
A,R01,testing,09,172,0,0.0,0.0,0.0,0.0
A,R01,testing,09,173,0,0.0,0.0,0.0,0.0
A,R01,testing,09,174,0,0.0,0.0,0.0,0.0
A,R01,testing,09,175,0,0.0,0.0,0.0,0.0
A,R01,testing,09,176,0,0.0,0.0,0.0,0.0
A,R01,testing,09,177,0,0.0,0.0,0.0,0.0
A,R01,testing,09,178,0,0.0,0.0,0.0,0.0
A,R01,testing,09,179,0,0.0,0.0,0.0,0.0
A,R01,testing,09,180,0,0.0,0.0,0.0,0.0
A,R01,testing,09,181,0,0.0,0.0,0.0,0.0
A,R01,testing,09,182,0,0.0,0.0,0.0,0.0
A,R01,testing,09,183,0,0.0,0.0,0.0,0.0
A,R01,testing,09,184,0,0.0,0.0,0.0,0.0
A,R01,testing,09,185,0,0.0,0.0,0.0,0.0
A,R01,testing,09,186,0,0.0,0.0,0.0,0.0
A,R01,testing,09,187,0,0.0,0.0,0.0,0.0
A,R01,testing,09,188,0,0.0,0.0,0.0,0.0
A,R01,testing,09,189,0,0.0,0.0,0.0,0.0
A,R01,testing,09,190,0,0.0,0.0,0.0,0.0
A,R01,testing,09,191,0,0.0,0.0,0.0,0.0
A,R01,testing,09,192,0,0.0,0.0,0.0,0.0
A,R01,testing,09,193,0,0.0,0.0,0.0,0.0
A,R01,testing,09,194,0,0.0,0.0,0.0,0.0
A,R01,testing,09,195,0,0.0,0.0,0.0,0.0
A,R01,testing,09,196,0,0.0,0.0,0.0,0.0
A,R01,testing,09,197,0,0.0,0.0,0.0,0.0
A,R01,testing,09,198,0,0.0,0.0,0.0,0.0
A,R01,testing,09,199,0,0.0,0.0,0.0,0.0
A,R01,testing,09,200,0,0.0,0.0,0.0,0.0
A,R01,testing,09,201,0,0.0,0.0,0.0,0.0
A,R01,testing,09,202,0,0.0,0.0,0.0,0.0
A,R01,testing,09,203,0,0.0,0.0,0.0,0.0
A,R01,testing,09,204,0,0.0,0.0,0.0,0.0
A,R01,testing,09,205,0,0.0,0.0,0.0,0.0
A,R01,testing,09,206,0,0.0,0.0,0.0,0.0
A,R01,testing,09,207,0,0.0,0.0,0.0,0.0
A,R01,testing,09,208,0,0.0,0.0,0.0,0.0
A,R01,testing,09,209,0,0.0,0.0,0.0,0.0
A,R01,testing,09,210,0,0.0,0.0,0.0,0.0
A,R01,testing,09,211,0,0.0,0.0,0.0,0.0
A,R01,testing,09,212,0,0.0,0.0,0.0,0.0
A,R01,testing,09,213,0,0.0,0.0,0.0,0.0
A,R01,testing,09,214,0,0.0,0.0,0.0,0.0
A,R01,testing,09,215,0,0.0,0.0,0.0,0.0
A,R01,testing,09,216,0,0.0,0.0,0.0,0.0
A,R01,testing,09,217,0,0.0,0.0,0.0,0.0
A,R01,testing,09,218,0,0.0,0.0,0.0,0.0
A,R01,testing,09,219,0,0.0,0.0,0.0,0.0
A,R01,testing,09,220,0,0.0,0.0,0.0,0.0
A,R01,testing,09,221,0,0.0,0.0,0.0,0.0
A,R01,testing,09,222,0,0.0,0.0,0.0,0.0
A,R01,testing,09,223,0,0.0,0.0,0.0,0.0
A,R01,testing,09,224,0,0.0,0.0,0.0,0.0
A,R01,testing,09,225,0,0.0,0.0,0.0,0.0
A,R01,testing,09,226,0,0.0,0.0,0.0,0.0
A,R01,testing,09,227,0,0.0,0.0,0.0,0.0
A,R01,testing,09,228,0,0.0,0.0,0.0,0.0
B,R01,testing,09,0,0,0.0,0.0,0.0,0.0
B,R01,testing,09,1,0,0.0,0.0,0.0,0.0
B,R01,testing,09,2,0,0.0,0.0,0.0,0.0
B,R01,testing,09,3,0,0.0,0.0,0.0,0.0
B,R01,testing,09,4,0,0.0,0.0,0.0,0.0
B,R01,testing,09,5,0,0.0,0.0,0.0,0.0
B,R01,testing,09,6,0,0.0,0.0,0.0,0.0
B,R01,testing,09,7,0,0.0,0.0,0.0,0.0
B,R01,testing,09,8,0,0.0,0.0,0.0,0.0
B,R01,testing,09,9,0,0.0,0.0,0.0,0.0
B,R01,testing,09,10,0,0.0,0.0,0.0,0.0
B,R01,testing,09,11,0,0.0,0.0,0.0,0.0
B,R01,testing,09,12,0,0.0,0.0,0.0,0.0
B,R01,testing,09,13,0,0.0,0.0,0.0,0.0
B,R01,testing,09,14,0,0.0,0.0,0.0,0.0
B,R01,testing,09,15,0,0.0,0.0,0.0,0.0
B,R01,testing,09,16,0,0.0,0.0,0.0,0.0
B,R01,testing,09,17,0,0.0,0.0,0.0,0.0
B,R01,testing,09,18,0,0.0,0.0,0.0,0.0
B,R01,testing,09,19,0,0.0,0.0,0.0,0.0
B,R01,testing,09,20,0,0.0,0.0,0.0,0.0
B,R01,testing,09,21,0,0.0,0.0,0.0,0.0
B,R01,testing,09,22,0,0.0,0.0,0.0,0.0
B,R01,testing,09,23,0,0.0,0.0,0.0,0.0
B,R01,testing,09,24,0,0.0,0.0,0.0,0.0
B,R01,testing,09,25,0,0.0,0.0,0.0,0.0
B,R01,testing,09,26,0,0.0,0.0,0.0,0.0
B,R01,testing,09,27,0,0.0,0.0,0.0,0.0
B,R01,testing,09,28,0,0.0,0.0,0.0,0.0
B,R01,testing,09,29,0,0.0,0.0,0.0,0.0
B,R01,testing,09,30,0,0.0,0.0,0.0,0.0
B,R01,testing,09,31,0,0.0,0.0,0.0,0.0
B,R01,testing,09,32,0,0.0,0.0,0.0,0.0
B,R01,testing,09,33,0,0.0,0.0,0.0,0.0
B,R01,testing,09,34,0,0.0,0.0,0.0,0.0
B,R01,testing,09,35,0,0.0,0.0,0.0,0.0
B,R01,testing,09,36,0,0.0,0.0,0.0,0.0
B,R01,testing,09,37,0,0.0,0.0,0.0,0.0
B,R01,testing,09,38,0,0.0,0.0,0.0,0.0
B,R01,testing,09,39,0,0.0,0.0,0.0,0.0
B,R01,testing,09,40,0,0.0,0.0,0.0,0.0
B,R01,testing,09,41,0,0.0,0.0,0.0,0.0
B,R01,testing,09,42,0,0.0,0.0,0.0,0.0
B,R01,testing,09,43,0,0.0,0.0,0.0,0.0
B,R01,testing,09,44,0,0.0,0.0,0.0,0.0
B,R01,testing,09,45,0,0.0,0.0,0.0,0.0
B,R01,testing,09,46,0,0.0,0.0,0.0,0.0
B,R01,testing,09,47,0,0.0,0.0,0.0,0.0
B,R01,testing,09,48,0,0.0,0.0,0.0,0.0
B,R01,testing,09,49,0,0.0,0.0,0.0,0.0
B,R01,testing,09,50,0,0.0,0.0,0.0,0.0
B,R01,testing,09,51,0,0.0,0.0,0.0,0.0
B,R01,testing,09,52,0,0.0,0.0,0.0,0.0
B,R01,testing,09,53,0,0.0,0.0,0.0,0.0
B,R01,testing,09,54,0,0.0,0.0,0.0,0.0
B,R01,testing,09,55,0,0.0,0.0,0.0,0.0
B,R01,testing,09,56,0,0.0,0.0,0.0,0.0
B,R01,testing,09,57,0,0.0,0.0,0.0,0.0
B,R01,testing,09,58,0,0.0,0.0,0.0,0.0
B,R01,testing,09,59,0,0.0,0.0,0.0,0.0
B,R01,testing,09,60,0,0.0,0.0,0.0,0.0
B,R01,testing,09,61,0,0.0,0.0,0.0,0.0
B,R01,testing,09,62,0,0.0,0.0,0.0,0.0
B,R01,testing,09,63,0,0.0,0.0,0.0,0.0
B,R01,testing,09,64,0,0.0,0.0,0.0,0.0
B,R01,testing,09,65,0,0.0,0.0,0.0,0.0
B,R01,testing,09,66,0,0.0,0.0,0.0,0.0
B,R01,testing,09,67,0,0.0,0.0,0.0,0.0
B,R01,testing,09,68,0,0.0,0.0,0.0,0.0
B,R01,testing,09,69,0,0.0,0.0,0.0,0.0
B,R01,testing,09,70,0,0.0,0.0,0.0,0.0
B,R01,testing,09,71,0,0.0,0.0,0.0,0.0
B,R01,testing,09,72,0,0.0,0.0,0.0,0.0
B,R01,testing,09,73,0,0.0,0.0,0.0,0.0
B,R01,testing,09,74,0,0.0,0.0,0.0,0.0
B,R01,testing,09,75,0,0.0,0.0,0.0,0.0
B,R01,testing,09,76,0,0.0,0.0,0.0,0.0
B,R01,testing,09,77,0,0.0,0.0,0.0,0.0
B,R01,testing,09,78,0,0.0,0.0,0.0,0.0
B,R01,testing,09,79,0,0.0,0.0,0.0,0.0
B,R01,testing,09,80,0,0.0,0.0,0.0,0.0
B,R01,testing,09,81,0,0.0,0.0,0.0,0.0
B,R01,testing,09,82,0,0.0,0.0,0.0,0.0
B,R01,testing,09,83,0,0.0,0.0,0.0,0.0
B,R01,testing,09,84,0,0.0,0.0,0.0,0.0
B,R01,testing,09,85,0,0.0,0.0,0.0,0.0
B,R01,testing,09,86,0,0.0,0.0,0.0,0.0
B,R01,testing,09,87,0,0.0,0.0,0.0,0.0
B,R01,testing,09,88,0,0.0,0.0,0.0,0.0
B,R01,testing,09,89,0,0.0,0.0,0.0,0.0
B,R01,testing,09,90,0,0.0,0.0,0.0,0.0
B,R01,testing,09,91,0,0.0,0.0,0.0,0.0
B,R01,testing,09,92,0,0.0,0.0,0.0,0.0
B,R01,testing,09,93,0,0.0,0.0,0.0,0.0
B,R01,testing,09,94,0,0.0,0.0,0.0,0.0
B,R01,testing,09,95,0,0.0,0.0,0.0,0.0
B,R01,testing,09,96,0,0.0,0.0,0.0,0.0
B,R01,testing,09,97,0,0.0,0.0,0.0,0.0
B,R01,testing,09,98,0,0.0,0.0,0.0,0.0
B,R01,testing,09,99,0,0.0,0.0,0.0,0.0
B,R01,testing,09,100,0,0.0,0.0,0.0,0.0
B,R01,testing,09,101,0,0.0,0.0,0.0,0.0
B,R01,testing,09,102,0,0.0,0.0,0.0,0.0
B,R01,testing,09,103,0,0.0,0.0,0.0,0.0
B,R01,testing,09,104,0,0.0,0.0,0.0,0.0
B,R01,testing,09,105,0,0.0,0.0,0.0,0.0
B,R01,testing,09,106,0,0.0,0.0,0.0,0.0
B,R01,testing,09,107,0,0.0,0.0,0.0,0.0
B,R01,testing,09,108,0,0.0,0.0,0.0,0.0
B,R01,testing,09,109,0,0.0,0.0,0.0,0.0
B,R01,testing,09,110,0,0.0,0.0,0.0,0.0
B,R01,testing,09,111,0,0.0,0.0,0.0,0.0
B,R01,testing,09,112,0,0.0,0.0,0.0,0.0
B,R01,testing,09,113,0,0.0,0.0,0.0,0.0
B,R01,testing,09,114,0,0.0,0.0,0.0,0.0
B,R01,testing,09,115,0,0.0,0.0,0.0,0.0
B,R01,testing,09,116,0,0.0,0.0,0.0,0.0
B,R01,testing,09,117,0,0.0,0.0,0.0,0.0
B,R01,testing,09,118,0,0.0,0.0,0.0,0.0
B,R01,testing,09,119,0,0.0,0.0,0.0,0.0
B,R01,testing,09,120,0,0.0,0.0,0.0,0.0
B,R01,testing,09,121,0,0.0,0.0,0.0,0.0
B,R01,testing,09,122,0,0.0,0.0,0.0,0.0
B,R01,testing,09,123,0,0.0,0.0,0.0,0.0
B,R01,testing,09,124,0,0.0,0.0,0.0,0.0
B,R01,testing,09,125,0,0.0,0.0,0.0,0.0
B,R01,testing,09,126,0,0.0,0.0,0.0,0.0
B,R01,testing,09,127,0,0.0,0.0,0.0,0.0
B,R01,testing,09,128,0,0.0,0.0,0.0,0.0
B,R01,testing,09,129,0,0.0,0.0,0.0,0.0
B,R01,testing,09,130,0,0.0,0.0,0.0,0.0
B,R01,testing,09,131,0,0.0,0.0,0.0,0.0
B,R01,testing,09,132,0,0.0,0.0,0.0,0.0
B,R01,testing,09,133,0,0.0,0.0,0.0,0.0
B,R01,testing,09,134,0,0.0,0.0,0.0,0.0
B,R01,testing,09,135,0,0.0,0.0,0.0,0.0
B,R01,testing,09,136,0,0.0,0.0,0.0,0.0
B,R01,testing,09,137,0,0.0,0.0,0.0,0.0
B,R01,testing,09,138,0,0.0,0.0,0.0,0.0
B,R01,testing,09,139,0,0.0,0.0,0.0,0.0
B,R01,testing,09,140,0,0.0,0.0,0.0,0.0
B,R01,testing,09,141,0,0.0,0.0,0.0,0.0
B,R01,testing,09,142,0,0.0,0.0,0.0,0.0
B,R01,testing,09,143,0,0.0,0.0,0.0,0.0
B,R01,testing,09,144,0,0.0,0.0,0.0,0.0
B,R01,testing,09,145,0,0.0,0.0,0.0,0.0
B,R01,testing,09,146,0,0.0,0.0,0.0,0.0
B,R01,testing,09,147,0,0.0,0.0,0.0,0.0
B,R01,testing,09,148,0,0.0,0.0,0.0,0.0
B,R01,testing,09,149,0,0.0,0.0,0.0,0.0
B,R01,testing,09,150,0,0.0,0.0,0.0,0.0
B,R01,testing,09,151,0,0.0,0.0,0.0,0.0
B,R01,testing,09,152,0,0.0,0.0,0.0,0.0
B,R01,testing,09,153,0,0.0,0.0,0.0,0.0
B,R01,testing,09,154,0,0.0,0.0,0.0,0.0
B,R01,testing,09,155,0,0.0,0.0,0.0,0.0
B,R01,testing,09,156,0,0.0,0.0,0.0,0.0
B,R01,testing,09,157,0,0.0,0.0,0.0,0.0
B,R01,testing,09,158,0,0.0,0.0,0.0,0.0
B,R01,testing,09,159,0,0.0,0.0,0.0,0.0
B,R01,testing,09,160,0,0.0,0.0,0.0,0.0
B,R01,testing,09,161,0,0.0,0.0,0.0,0.0
B,R01,testing,09,162,0,0.0,0.0,0.0,0.0
B,R01,testing,09,163,0,0.0,0.0,0.0,0.0
B,R01,testing,09,164,0,0.0,0.0,0.0,0.0
B,R01,testing,09,165,0,0.0,0.0,0.0,0.0
B,R01,testing,09,166,0,0.0,0.0,0.0,0.0
B,R01,testing,09,167,0,0.0,0.0,0.0,0.0
B,R01,testing,09,168,0,0.0,0.0,0.0,0.0
B,R01,testing,09,169,0,0.0,0.0,0.0,0.0
B,R01,testing,09,170,0,0.0,0.0,0.0,0.0
B,R01,testing,09,171,0,0.0,0.0,0.0,0.0
B,R01,testing,09,172,0,0.0,0.0,0.0,0.0
B,R01,testing,09,173,0,0.0,0.0,0.0,0.0
B,R01,testing,09,174,0,0.0,0.0,0.0,0.0
B,R01,testing,09,175,0,0.0,0.0,0.0,0.0
B,R01,testing,09,176,0,0.0,0.0,0.0,0.0
B,R01,testing,09,177,0,0.0,0.0,0.0,0.0
B,R01,testing,09,178,0,0.0,0.0,0.0,0.0
B,R01,testing,09,179,0,0.0,0.0,0.0,0.0
B,R01,testing,09,180,0,0.0,0.0,0.0,0.0
B,R01,testing,09,181,0,0.0,0.0,0.0,0.0
B,R01,testing,09,182,0,0.0,0.0,0.0,0.0
B,R01,testing,09,183,0,0.0,0.0,0.0,0.0
B,R01,testing,09,184,0,0.0,0.0,0.0,0.0
B,R01,testing,09,185,0,0.0,0.0,0.0,0.0
B,R01,testing,09,186,0,0.0,0.0,0.0,0.0
B,R01,testing,09,187,0,0.0,0.0,0.0,0.0
B,R01,testing,09,188,0,0.0,0.0,0.0,0.0
B,R01,testing,09,189,0,0.0,0.0,0.0,0.0
B,R01,testing,09,190,0,0.0,0.0,0.0,0.0
B,R01,testing,09,191,0,0.0,0.0,0.0,0.0
B,R01,testing,09,192,0,0.0,0.0,0.0,0.0
B,R01,testing,09,193,0,0.0,0.0,0.0,0.0
B,R01,testing,09,194,0,0.0,0.0,0.0,0.0
B,R01,testing,09,195,0,0.0,0.0,0.0,0.0
B,R01,testing,09,196,0,0.0,0.0,0.0,0.0
B,R01,testing,09,197,0,0.0,0.0,0.0,0.0
B,R01,testing,09,198,0,0.0,0.0,0.0,0.0
B,R01,testing,09,199,0,0.0,0.0,0.0,0.0
B,R01,testing,09,200,0,0.0,0.0,0.0,0.0
B,R01,testing,09,201,0,0.0,0.0,0.0,0.0
B,R01,testing,09,202,0,0.0,0.0,0.0,0.0
B,R01,testing,09,203,0,0.0,0.0,0.0,0.0
B,R01,testing,09,204,0,0.0,0.0,0.0,0.0
B,R01,testing,09,205,0,0.0,0.0,0.0,0.0
B,R01,testing,09,206,0,0.0,0.0,0.0,0.0
B,R01,testing,09,207,0,0.0,0.0,0.0,0.0
B,R01,testing,09,208,0,0.0,0.0,0.0,0.0
B,R01,testing,09,209,0,0.0,0.0,0.0,0.0
B,R01,testing,09,210,0,0.0,0.0,0.0,0.0
B,R01,testing,09,211,0,0.0,0.0,0.0,0.0
B,R01,testing,09,212,0,0.0,0.0,0.0,0.0
B,R01,testing,09,213,0,0.0,0.0,0.0,0.0
B,R01,testing,09,214,0,0.0,0.0,0.0,0.0
B,R01,testing,09,215,0,0.0,0.0,0.0,0.0
B,R01,testing,09,216,0,0.0,0.0,0.0,0.0
B,R01,testing,09,217,0,0.0,0.0,0.0,0.0
B,R01,testing,09,218,0,0.0,0.0,0.0,0.0
B,R01,testing,09,219,0,0.0,0.0,0.0,0.0
B,R01,testing,09,220,0,0.0,0.0,0.0,0.0
B,R01,testing,09,221,0,0.0,0.0,0.0,0.0
B,R01,testing,09,222,0,0.0,0.0,0.0,0.0
B,R01,testing,09,223,0,0.0,0.0,0.0,0.0
B,R01,testing,09,224,0,0.0,0.0,0.0,0.0
B,R01,testing,09,225,0,0.0,0.0,0.0,0.0
B,R01,testing,09,226,0,0.0,0.0,0.0,0.0
B,R01,testing,09,227,0,0.0,0.0,0.0,0.0
B,R01,testing,09,228,0,0.0,0.0,0.0,0.0
C,R01,testing,09,0,0,0.0,0.0,0.0,0.0
C,R01,testing,09,1,0,0.0,0.0,0.0,0.0
C,R01,testing,09,2,0,0.0,0.0,0.0,0.0
C,R01,testing,09,3,0,0.0,0.0,0.0,0.0
C,R01,testing,09,4,0,0.0,0.0,0.0,0.0
C,R01,testing,09,5,0,0.0,0.0,0.0,0.0
C,R01,testing,09,6,0,0.0,0.0,0.0,0.0
C,R01,testing,09,7,0,0.0,0.0,0.0,0.0
C,R01,testing,09,8,0,0.0,0.0,0.0,0.0
C,R01,testing,09,9,0,0.0,0.0,0.0,0.0
C,R01,testing,09,10,0,0.0,0.0,0.0,0.0
C,R01,testing,09,11,0,0.0,0.0,0.0,0.0
C,R01,testing,09,12,0,0.0,0.0,0.0,0.0
C,R01,testing,09,13,0,0.0,0.0,0.0,0.0
C,R01,testing,09,14,0,0.0,0.0,0.0,0.0
C,R01,testing,09,15,0,0.0,0.0,0.0,0.0
C,R01,testing,09,16,0,0.0,0.0,0.0,0.0
C,R01,testing,09,17,0,0.0,0.0,0.0,0.0
C,R01,testing,09,18,0,0.0,0.0,0.0,0.0
C,R01,testing,09,19,0,0.0,0.0,0.0,0.0
C,R01,testing,09,20,0,0.0,0.0,0.0,0.0
C,R01,testing,09,21,0,0.0,0.0,0.0,0.0
C,R01,testing,09,22,0,0.0,0.0,0.0,0.0
C,R01,testing,09,23,0,0.0,0.0,0.0,0.0
C,R01,testing,09,24,0,0.0,0.0,0.0,0.0
C,R01,testing,09,25,0,0.0,0.0,0.0,0.0
C,R01,testing,09,26,0,0.0,0.0,0.0,0.0
C,R01,testing,09,27,0,0.0,0.0,0.0,0.0
C,R01,testing,09,28,0,0.0,0.0,0.0,0.0
C,R01,testing,09,29,0,0.0,0.0,0.0,0.0
C,R01,testing,09,30,0,0.0,0.0,0.0,0.0
C,R01,testing,09,31,0,0.0,0.0,0.0,0.0
C,R01,testing,09,32,0,0.0,0.0,0.0,0.0
C,R01,testing,09,33,0,0.0,0.0,0.0,0.0
C,R01,testing,09,34,0,0.0,0.0,0.0,0.0
C,R01,testing,09,35,0,0.0,0.0,0.0,0.0
C,R01,testing,09,36,0,0.0,0.0,0.0,0.0
C,R01,testing,09,37,0,0.0,0.0,0.0,0.0
C,R01,testing,09,38,0,0.0,0.0,0.0,0.0
C,R01,testing,09,39,0,0.0,0.0,0.0,0.0
C,R01,testing,09,40,0,0.0,0.0,0.0,0.0
C,R01,testing,09,41,0,0.0,0.0,0.0,0.0
C,R01,testing,09,42,0,0.0,0.0,0.0,0.0
C,R01,testing,09,43,0,0.0,0.0,0.0,0.0
C,R01,testing,09,44,0,0.0,0.0,0.0,0.0
C,R01,testing,09,45,0,0.0,0.0,0.0,0.0
C,R01,testing,09,46,0,0.0,0.0,0.0,0.0
C,R01,testing,09,47,0,0.0,0.0,0.0,0.0
C,R01,testing,09,48,0,0.0,0.0,0.0,0.0
C,R01,testing,09,49,0,0.0,0.0,0.0,0.0
C,R01,testing,09,50,0,0.0,0.0,0.0,0.0
C,R01,testing,09,51,0,0.0,0.0,0.0,0.0
C,R01,testing,09,52,0,0.0,0.0,0.0,0.0
C,R01,testing,09,53,0,0.0,0.0,0.0,0.0
C,R01,testing,09,54,0,0.0,0.0,0.0,0.0
C,R01,testing,09,55,0,0.0,0.0,0.0,0.0
C,R01,testing,09,56,0,0.0,0.0,0.0,0.0
C,R01,testing,09,57,0,0.0,0.0,0.0,0.0
C,R01,testing,09,58,0,0.0,0.0,0.0,0.0
C,R01,testing,09,59,0,0.0,0.0,0.0,0.0
C,R01,testing,09,60,0,0.0,0.0,0.0,0.0
C,R01,testing,09,61,0,0.0,0.0,0.0,0.0
C,R01,testing,09,62,0,0.0,0.0,0.0,0.0
C,R01,testing,09,63,0,0.0,0.0,0.0,0.0
C,R01,testing,09,64,0,0.0,0.0,0.0,0.0
C,R01,testing,09,65,0,0.0,0.0,0.0,0.0
C,R01,testing,09,66,0,0.0,0.0,0.0,0.0
C,R01,testing,09,67,0,0.0,0.0,0.0,0.0
C,R01,testing,09,68,0,0.0,0.0,0.0,0.0
C,R01,testing,09,69,0,0.0,0.0,0.0,0.0
C,R01,testing,09,70,0,0.0,0.0,0.0,0.0
C,R01,testing,09,71,0,0.0,0.0,0.0,0.0
C,R01,testing,09,72,0,0.0,0.0,0.0,0.0
C,R01,testing,09,73,0,0.0,0.0,0.0,0.0
C,R01,testing,09,74,0,0.0,0.0,0.0,0.0
C,R01,testing,09,75,0,0.0,0.0,0.0,0.0
C,R01,testing,09,76,0,0.0,0.0,0.0,0.0
C,R01,testing,09,77,0,0.0,0.0,0.0,0.0
C,R01,testing,09,78,0,0.0,0.0,0.0,0.0
C,R01,testing,09,79,0,0.0,0.0,0.0,0.0
C,R01,testing,09,80,0,0.0,0.0,0.0,0.0
C,R01,testing,09,81,0,0.0,0.0,0.0,0.0
C,R01,testing,09,82,0,0.0,0.0,0.0,0.0
C,R01,testing,09,83,0,0.0,0.0,0.0,0.0
C,R01,testing,09,84,0,0.0,0.0,0.0,0.0
C,R01,testing,09,85,0,0.0,0.0,0.0,0.0
C,R01,testing,09,86,0,0.0,0.0,0.0,0.0
C,R01,testing,09,87,0,0.0,0.0,0.0,0.0
C,R01,testing,09,88,0,0.0,0.0,0.0,0.0
C,R01,testing,09,89,0,0.0,0.0,0.0,0.0
C,R01,testing,09,90,0,0.0,0.0,0.0,0.0
C,R01,testing,09,91,0,0.0,0.0,0.0,0.0
C,R01,testing,09,92,0,0.0,0.0,0.0,0.0
C,R01,testing,09,93,0,0.0,0.0,0.0,0.0
C,R01,testing,09,94,0,0.0,0.0,0.0,0.0
C,R01,testing,09,95,0,0.0,0.0,0.0,0.0
C,R01,testing,09,96,0,0.0,0.0,0.0,0.0
C,R01,testing,09,97,0,0.0,0.0,0.0,0.0
C,R01,testing,09,98,0,0.0,0.0,0.0,0.0
C,R01,testing,09,99,0,0.0,0.0,0.0,0.0
C,R01,testing,09,100,0,0.0,0.0,0.0,0.0
C,R01,testing,09,101,0,0.0,0.0,0.0,0.0
C,R01,testing,09,102,0,0.0,0.0,0.0,0.0
C,R01,testing,09,103,0,0.0,0.0,0.0,0.0
C,R01,testing,09,104,0,0.0,0.0,0.0,0.0
C,R01,testing,09,105,0,0.0,0.0,0.0,0.0
C,R01,testing,09,106,0,0.0,0.0,0.0,0.0
C,R01,testing,09,107,0,0.0,0.0,0.0,0.0
C,R01,testing,09,108,0,0.0,0.0,0.0,0.0
C,R01,testing,09,109,0,0.0,0.0,0.0,0.0
C,R01,testing,09,110,0,0.0,0.0,0.0,0.0
C,R01,testing,09,111,0,0.0,0.0,0.0,0.0
C,R01,testing,09,112,0,0.0,0.0,0.0,0.0
C,R01,testing,09,113,0,0.0,0.0,0.0,0.0
C,R01,testing,09,114,0,0.0,0.0,0.0,0.0
C,R01,testing,09,115,0,0.0,0.0,0.0,0.0
C,R01,testing,09,116,0,0.0,0.0,0.0,0.0
C,R01,testing,09,117,0,0.0,0.0,0.0,0.0
C,R01,testing,09,118,0,0.0,0.0,0.0,0.0
C,R01,testing,09,119,0,0.0,0.0,0.0,0.0
C,R01,testing,09,120,0,0.0,0.0,0.0,0.0
C,R01,testing,09,121,0,0.0,0.0,0.0,0.0
C,R01,testing,09,122,0,0.0,0.0,0.0,0.0
C,R01,testing,09,123,0,0.0,0.0,0.0,0.0
C,R01,testing,09,124,0,0.0,0.0,0.0,0.0
C,R01,testing,09,125,0,0.0,0.0,0.0,0.0
C,R01,testing,09,126,0,0.0,0.0,0.0,0.0
C,R01,testing,09,127,0,0.0,0.0,0.0,0.0
C,R01,testing,09,128,0,0.0,0.0,0.0,0.0
C,R01,testing,09,129,0,0.0,0.0,0.0,0.0
C,R01,testing,09,130,0,0.0,0.0,0.0,0.0
C,R01,testing,09,131,0,0.0,0.0,0.0,0.0
C,R01,testing,09,132,0,0.0,0.0,0.0,0.0
C,R01,testing,09,133,0,0.0,0.0,0.0,0.0
C,R01,testing,09,134,0,0.0,0.0,0.0,0.0
C,R01,testing,09,135,0,0.0,0.0,0.0,0.0
C,R01,testing,09,136,0,0.0,0.0,0.0,0.0
C,R01,testing,09,137,0,0.0,0.0,0.0,0.0
C,R01,testing,09,138,0,0.0,0.0,0.0,0.0
C,R01,testing,09,139,0,0.0,0.0,0.0,0.0
C,R01,testing,09,140,0,0.0,0.0,0.0,0.0
C,R01,testing,09,141,0,0.0,0.0,0.0,0.0
C,R01,testing,09,142,0,0.0,0.0,0.0,0.0
C,R01,testing,09,143,0,0.0,0.0,0.0,0.0
C,R01,testing,09,144,0,0.0,0.0,0.0,0.0
C,R01,testing,09,145,0,0.0,0.0,0.0,0.0
C,R01,testing,09,146,0,0.0,0.0,0.0,0.0
C,R01,testing,09,147,0,0.0,0.0,0.0,0.0
C,R01,testing,09,148,0,0.0,0.0,0.0,0.0
C,R01,testing,09,149,0,0.0,0.0,0.0,0.0
C,R01,testing,09,150,0,0.0,0.0,0.0,0.0
C,R01,testing,09,151,0,0.0,0.0,0.0,0.0
C,R01,testing,09,152,0,0.0,0.0,0.0,0.0
C,R01,testing,09,153,0,0.0,0.0,0.0,0.0
C,R01,testing,09,154,0,0.0,0.0,0.0,0.0
C,R01,testing,09,155,0,0.0,0.0,0.0,0.0
C,R01,testing,09,156,0,0.0,0.0,0.0,0.0
C,R01,testing,09,157,0,0.0,0.0,0.0,0.0
C,R01,testing,09,158,0,0.0,0.0,0.0,0.0
C,R01,testing,09,159,0,0.0,0.0,0.0,0.0
C,R01,testing,09,160,0,0.0,0.0,0.0,0.0
C,R01,testing,09,161,0,0.0,0.0,0.0,0.0
C,R01,testing,09,162,0,0.0,0.0,0.0,0.0
C,R01,testing,09,163,0,0.0,0.0,0.0,0.0
C,R01,testing,09,164,0,0.0,0.0,0.0,0.0
C,R01,testing,09,165,0,0.0,0.0,0.0,0.0
C,R01,testing,09,166,0,0.0,0.0,0.0,0.0
C,R01,testing,09,167,0,0.0,0.0,0.0,0.0
C,R01,testing,09,168,0,0.0,0.0,0.0,0.0
C,R01,testing,09,169,0,0.0,0.0,0.0,0.0
C,R01,testing,09,170,0,0.0,0.0,0.0,0.0
C,R01,testing,09,171,0,0.0,0.0,0.0,0.0
C,R01,testing,09,172,0,0.0,0.0,0.0,0.0
C,R01,testing,09,173,0,0.0,0.0,0.0,0.0
C,R01,testing,09,174,0,0.0,0.0,0.0,0.0
C,R01,testing,09,175,0,0.0,0.0,0.0,0.0
C,R01,testing,09,176,0,0.0,0.0,0.0,0.0
C,R01,testing,09,177,0,0.0,0.0,0.0,0.0
C,R01,testing,09,178,0,0.0,0.0,0.0,0.0
C,R01,testing,09,179,0,0.0,0.0,0.0,0.0
C,R01,testing,09,180,0,0.0,0.0,0.0,0.0
C,R01,testing,09,181,0,0.0,0.0,0.0,0.0
C,R01,testing,09,182,0,0.0,0.0,0.0,0.0
C,R01,testing,09,183,0,0.0,0.0,0.0,0.0
C,R01,testing,09,184,0,0.0,0.0,0.0,0.0
C,R01,testing,09,185,0,0.0,0.0,0.0,0.0
C,R01,testing,09,186,0,0.0,0.0,0.0,0.0
C,R01,testing,09,187,0,0.0,0.0,0.0,0.0
C,R01,testing,09,188,0,0.0,0.0,0.0,0.0
C,R01,testing,09,189,0,0.0,0.0,0.0,0.0
C,R01,testing,09,190,0,0.0,0.0,0.0,0.0
C,R01,testing,09,191,0,0.0,0.0,0.0,0.0
C,R01,testing,09,192,0,0.0,0.0,0.0,0.0
C,R01,testing,09,193,0,0.0,0.0,0.0,0.0
C,R01,testing,09,194,0,0.0,0.0,0.0,0.0
C,R01,testing,09,195,0,0.0,0.0,0.0,0.0
C,R01,testing,09,196,0,0.0,0.0,0.0,0.0
C,R01,testing,09,197,0,0.0,0.0,0.0,0.0
C,R01,testing,09,198,0,0.0,0.0,0.0,0.0
C,R01,testing,09,199,0,0.0,0.0,0.0,0.0
C,R01,testing,09,200,0,0.0,0.0,0.0,0.0
C,R01,testing,09,201,0,0.0,0.0,0.0,0.0
C,R01,testing,09,202,0,0.0,0.0,0.0,0.0
C,R01,testing,09,203,0,0.0,0.0,0.0,0.0
C,R01,testing,09,204,0,0.0,0.0,0.0,0.0
C,R01,testing,09,205,0,0.0,0.0,0.0,0.0
C,R01,testing,09,206,0,0.0,0.0,0.0,0.0
C,R01,testing,09,207,0,0.0,0.0,0.0,0.0
C,R01,testing,09,208,0,0.0,0.0,0.0,0.0
C,R01,testing,09,209,0,0.0,0.0,0.0,0.0
C,R01,testing,09,210,0,0.0,0.0,0.0,0.0
C,R01,testing,09,211,0,0.0,0.0,0.0,0.0
C,R01,testing,09,212,0,0.0,0.0,0.0,0.0
C,R01,testing,09,213,0,0.0,0.0,0.0,0.0
C,R01,testing,09,214,0,0.0,0.0,0.0,0.0
C,R01,testing,09,215,0,0.0,0.0,0.0,0.0
C,R01,testing,09,216,0,0.0,0.0,0.0,0.0
C,R01,testing,09,217,0,0.0,0.0,0.0,0.0
C,R01,testing,09,218,0,0.0,0.0,0.0,0.0
C,R01,testing,09,219,0,0.0,0.0,0.0,0.0
C,R01,testing,09,220,0,0.0,0.0,0.0,0.0
C,R01,testing,09,221,0,0.0,0.0,0.0,0.0
C,R01,testing,09,222,0,0.0,0.0,0.0,0.0
C,R01,testing,09,223,0,0.0,0.0,0.0,0.0
C,R01,testing,09,224,0,0.0,0.0,0.0,0.0
C,R01,testing,09,225,0,0.0,0.0,0.0,0.0
C,R01,testing,09,226,0,0.0,0.0,0.0,0.0
C,R01,testing,09,227,0,0.0,0.0,0.0,0.0
C,R01,testing,09,228,0,0.0,0.0,0.0,0.0
P1,R01,testing,09,0,0,0.0,0.0,0.0,0.0
P1,R01,testing,09,1,0,0.0,0.0,0.0,0.0
P1,R01,testing,09,2,0,0.0,0.0,0.0,0.0
P1,R01,testing,09,3,0,0.0,0.0,0.0,0.0
P1,R01,testing,09,4,0,0.0,0.0,0.0,0.0
P1,R01,testing,09,5,0,0.0,0.0,0.0,0.0
P1,R01,testing,09,6,0,0.0,0.0,0.0,0.0
P1,R01,testing,09,7,0,0.0,0.0,0.0,0.0
P1,R01,testing,09,8,0,0.0,0.0,0.0,0.0
P1,R01,testing,09,9,0,0.0,0.0,0.0,0.0
P1,R01,testing,09,10,0,0.0,0.0,0.0,0.0
P1,R01,testing,09,11,0,0.0,0.0,0.0,0.0
P1,R01,testing,09,12,0,0.0,0.0,0.0,0.0
P1,R01,testing,09,13,0,0.0,0.0,0.0,0.0
P1,R01,testing,09,14,0,0.0,0.0,0.0,0.0
P1,R01,testing,09,15,0,0.0,0.0,0.0,0.0
P1,R01,testing,09,16,0,0.0,0.0,0.0,0.0
P1,R01,testing,09,17,0,0.0,0.0,0.0,0.0
P1,R01,testing,09,18,0,0.0,0.0,0.0,0.0
P1,R01,testing,09,19,0,0.0,0.0,0.0,0.0
P1,R01,testing,09,20,0,0.0,0.0,0.0,0.0
P1,R01,testing,09,21,0,0.0,0.0,0.0,0.0
P1,R01,testing,09,22,0,0.0,0.0,0.0,0.0
P1,R01,testing,09,23,0,0.0,0.0,0.0,0.0
P1,R01,testing,09,24,0,0.0,0.0,0.0,0.0
P1,R01,testing,09,25,0,0.0,0.0,0.0,0.0
P1,R01,testing,09,26,0,0.0,0.0,0.0,0.0
P1,R01,testing,09,27,0,0.0,0.0,0.0,0.0
P1,R01,testing,09,28,0,0.0,0.0,0.0,0.0
P1,R01,testing,09,29,0,0.0,0.0,0.0,0.0
P1,R01,testing,09,30,0,0.0,0.0,0.0,0.0
P1,R01,testing,09,31,0,0.0,0.0,0.0,0.0
P1,R01,testing,09,32,0,0.0,0.0,0.0,0.0
P1,R01,testing,09,33,0,0.0,0.0,0.0,0.0
P1,R01,testing,09,34,0,0.0,0.0,0.0,0.0
P1,R01,testing,09,35,0,0.0,0.0,0.0,0.0
P1,R01,testing,09,36,0,0.0,0.0,0.0,0.0
P1,R01,testing,09,37,0,0.0,0.0,0.0,0.0
P1,R01,testing,09,38,0,0.0,0.0,0.0,0.0
P1,R01,testing,09,39,0,0.0,0.0,0.0,0.0
P1,R01,testing,09,40,0,0.0,0.0,0.0,0.0
P1,R01,testing,09,41,0,0.0,0.0,0.0,0.0
P1,R01,testing,09,42,0,0.0,0.0,0.0,0.0
P1,R01,testing,09,43,0,0.0,0.0,0.0,0.0
P1,R01,testing,09,44,0,0.0,0.0,0.0,0.0
P1,R01,testing,09,45,0,0.0,0.0,0.0,0.0
P1,R01,testing,09,46,0,0.0,0.0,0.0,0.0
P1,R01,testing,09,47,0,0.0,0.0,0.0,0.0
P1,R01,testing,09,48,0,0.0,0.0,0.0,0.0
P1,R01,testing,09,49,0,0.0,0.0,0.0,0.0
P1,R01,testing,09,50,0,0.0,0.0,0.0,0.0
P1,R01,testing,09,51,0,0.0,0.0,0.0,0.0
P1,R01,testing,09,52,0,0.0,0.0,0.0,0.0
P1,R01,testing,09,53,0,0.0,0.0,0.0,0.0
P1,R01,testing,09,54,0,0.0,0.0,0.0,0.0
P1,R01,testing,09,55,0,0.0,0.0,0.0,0.0
P1,R01,testing,09,56,0,0.0,0.0,0.0,0.0
P1,R01,testing,09,57,0,0.0,0.0,0.0,0.0
P1,R01,testing,09,58,0,0.0,0.0,0.0,0.0
P1,R01,testing,09,59,0,0.0,0.0,0.0,0.0
P1,R01,testing,09,60,0,0.0,0.0,0.0,0.0
P1,R01,testing,09,61,0,0.0,0.0,0.0,0.0
P1,R01,testing,09,62,0,0.0,0.0,0.0,0.0
P1,R01,testing,09,63,0,0.0,0.0,0.0,0.0
P1,R01,testing,09,64,0,0.0,0.0,0.0,0.0
P1,R01,testing,09,65,0,0.0,0.0,0.0,0.0
P1,R01,testing,09,66,0,0.0,0.0,0.0,0.0
P1,R01,testing,09,67,0,0.0,0.0,0.0,0.0
P1,R01,testing,09,68,0,0.0,0.0,0.0,0.0
P1,R01,testing,09,69,0,0.0,0.0,0.0,0.0
P1,R01,testing,09,70,0,0.0,0.0,0.0,0.0
P1,R01,testing,09,71,0,0.0,0.0,0.0,0.0
P1,R01,testing,09,72,0,0.0,0.0,0.0,0.0
P1,R01,testing,09,73,0,0.0,0.0,0.0,0.0
P1,R01,testing,09,74,0,0.0,0.0,0.0,0.0
P1,R01,testing,09,75,0,0.0,0.0,0.0,0.0
P1,R01,testing,09,76,0,0.0,0.0,0.0,0.0
P1,R01,testing,09,77,0,0.0,0.0,0.0,0.0
P1,R01,testing,09,78,0,0.0,0.0,0.0,0.0
P1,R01,testing,09,79,0,0.0,0.0,0.0,0.0
P1,R01,testing,09,80,0,0.0,0.0,0.0,0.0
P1,R01,testing,09,81,0,0.0,0.0,0.0,0.0
P1,R01,testing,09,82,0,0.0,0.0,0.0,0.0
P1,R01,testing,09,83,0,0.0,0.0,0.0,0.0
P1,R01,testing,09,84,0,0.0,0.0,0.0,0.0
P1,R01,testing,09,85,0,0.0,0.0,0.0,0.0
P1,R01,testing,09,86,0,0.0,0.0,0.0,0.0
P1,R01,testing,09,87,0,0.0,0.0,0.0,0.0
P1,R01,testing,09,88,0,0.0,0.0,0.0,0.0
P1,R01,testing,09,89,0,0.0,0.0,0.0,0.0
P1,R01,testing,09,90,0,0.0,0.0,0.0,0.0
P1,R01,testing,09,91,0,0.0,0.0,0.0,0.0
P1,R01,testing,09,92,0,0.0,0.0,0.0,0.0
P1,R01,testing,09,93,0,0.0,0.0,0.0,0.0
P1,R01,testing,09,94,0,0.0,0.0,0.0,0.0
P1,R01,testing,09,95,0,0.0,0.0,0.0,0.0
P1,R01,testing,09,96,0,0.0,0.0,0.0,0.0
P1,R01,testing,09,97,0,0.0,0.0,0.0,0.0
P1,R01,testing,09,98,0,0.0,0.0,0.0,0.0
P1,R01,testing,09,99,0,0.0,0.0,0.0,0.0
P1,R01,testing,09,100,0,0.0,0.0,0.0,0.0
P1,R01,testing,09,101,0,0.0,0.0,0.0,0.0
P1,R01,testing,09,102,0,0.0,0.0,0.0,0.0
P1,R01,testing,09,103,0,0.0,0.0,0.0,0.0
P1,R01,testing,09,104,0,0.0,0.0,0.0,0.0
P1,R01,testing,09,105,0,0.0,0.0,0.0,0.0
P1,R01,testing,09,106,0,0.0,0.0,0.0,0.0
P1,R01,testing,09,107,0,0.0,0.0,0.0,0.0
P1,R01,testing,09,108,0,0.0,0.0,0.0,0.0
P1,R01,testing,09,109,0,0.0,0.0,0.0,0.0
P1,R01,testing,09,110,0,0.0,0.0,0.0,0.0
P1,R01,testing,09,111,0,0.0,0.0,0.0,0.0
P1,R01,testing,09,112,0,0.0,0.0,0.0,0.0
P1,R01,testing,09,113,0,0.0,0.0,0.0,0.0
P1,R01,testing,09,114,0,0.0,0.0,0.0,0.0
P1,R01,testing,09,115,0,0.0,0.0,0.0,0.0
P1,R01,testing,09,116,0,0.0,0.0,0.0,0.0
P1,R01,testing,09,117,0,0.0,0.0,0.0,0.0
P1,R01,testing,09,118,0,0.0,0.0,0.0,0.0
P1,R01,testing,09,119,0,0.0,0.0,0.0,0.0
P1,R01,testing,09,120,0,0.0,0.0,0.0,0.0
P1,R01,testing,09,121,0,0.0,0.0,0.0,0.0
P1,R01,testing,09,122,0,0.0,0.0,0.0,0.0
P1,R01,testing,09,123,0,0.0,0.0,0.0,0.0
P1,R01,testing,09,124,0,0.0,0.0,0.0,0.0
P1,R01,testing,09,125,0,0.0,0.0,0.0,0.0
P1,R01,testing,09,126,0,0.0,0.0,0.0,0.0
P1,R01,testing,09,127,0,0.0,0.0,0.0,0.0
P1,R01,testing,09,128,0,0.0,0.0,0.0,0.0
P1,R01,testing,09,129,0,0.0,0.0,0.0,0.0
P1,R01,testing,09,130,0,0.0,0.0,0.0,0.0
P1,R01,testing,09,131,0,0.0,0.0,0.0,0.0
P1,R01,testing,09,132,0,0.0,0.0,0.0,0.0
P1,R01,testing,09,133,0,0.0,0.0,0.0,0.0
P1,R01,testing,09,134,0,0.0,0.0,0.0,0.0
P1,R01,testing,09,135,0,0.0,0.0,0.0,0.0
P1,R01,testing,09,136,0,0.0,0.0,0.0,0.0
P1,R01,testing,09,137,0,0.0,0.0,0.0,0.0
P1,R01,testing,09,138,0,0.0,0.0,0.0,0.0
P1,R01,testing,09,139,0,0.0,0.0,0.0,0.0
P1,R01,testing,09,140,0,0.0,0.0,0.0,0.0
P1,R01,testing,09,141,0,0.0,0.0,0.0,0.0
P1,R01,testing,09,142,0,0.0,0.0,0.0,0.0
P1,R01,testing,09,143,0,0.0,0.0,0.0,0.0
P1,R01,testing,09,144,0,0.0,0.0,0.0,0.0
P1,R01,testing,09,145,0,0.0,0.0,0.0,0.0
P1,R01,testing,09,146,0,0.0,0.0,0.0,0.0
P1,R01,testing,09,147,0,0.0,0.0,0.0,0.0
P1,R01,testing,09,148,0,0.0,0.0,0.0,0.0
P1,R01,testing,09,149,0,0.0,0.0,0.0,0.0
P1,R01,testing,09,150,0,0.0,0.0,0.0,0.0
P1,R01,testing,09,151,0,0.0,0.0,0.0,0.0
P1,R01,testing,09,152,0,0.0,0.0,0.0,0.0
P1,R01,testing,09,153,0,0.0,0.0,0.0,0.0
P1,R01,testing,09,154,0,0.0,0.0,0.0,0.0
P1,R01,testing,09,155,0,0.0,0.0,0.0,0.0
P1,R01,testing,09,156,0,0.0,0.0,0.0,0.0
P1,R01,testing,09,157,0,0.0,0.0,0.0,0.0
P1,R01,testing,09,158,0,0.0,0.0,0.0,0.0
P1,R01,testing,09,159,0,0.0,0.0,0.0,0.0
P1,R01,testing,09,160,0,0.0,0.0,0.0,0.0
P1,R01,testing,09,161,0,0.0,0.0,0.0,0.0
P1,R01,testing,09,162,0,0.0,0.0,0.0,0.0
P1,R01,testing,09,163,0,0.0,0.0,0.0,0.0
P1,R01,testing,09,164,0,0.0,0.0,0.0,0.0
P1,R01,testing,09,165,0,0.0,0.0,0.0,0.0
P1,R01,testing,09,166,0,0.0,0.0,0.0,0.0
P1,R01,testing,09,167,0,0.0,0.0,0.0,0.0
P1,R01,testing,09,168,0,0.0,0.0,0.0,0.0
P1,R01,testing,09,169,0,0.0,0.0,0.0,0.0
P1,R01,testing,09,170,0,0.0,0.0,0.0,0.0
P1,R01,testing,09,171,0,0.0,0.0,0.0,0.0
P1,R01,testing,09,172,0,0.0,0.0,0.0,0.0
P1,R01,testing,09,173,0,0.0,0.0,0.0,0.0
P1,R01,testing,09,174,0,0.0,0.0,0.0,0.0
P1,R01,testing,09,175,0,0.0,0.0,0.0,0.0
P1,R01,testing,09,176,0,0.0,0.0,0.0,0.0
P1,R01,testing,09,177,0,0.0,0.0,0.0,0.0
P1,R01,testing,09,178,0,0.0,0.0,0.0,0.0
P1,R01,testing,09,179,0,0.0,0.0,0.0,0.0
P1,R01,testing,09,180,0,0.0,0.0,0.0,0.0
P1,R01,testing,09,181,0,0.0,0.0,0.0,0.0
P1,R01,testing,09,182,0,0.0,0.0,0.0,0.0
P1,R01,testing,09,183,0,0.0,0.0,0.0,0.0
P1,R01,testing,09,184,0,0.0,0.0,0.0,0.0
P1,R01,testing,09,185,0,0.0,0.0,0.0,0.0
P1,R01,testing,09,186,0,0.0,0.0,0.0,0.0
P1,R01,testing,09,187,0,0.0,0.0,0.0,0.0
P1,R01,testing,09,188,0,0.0,0.0,0.0,0.0
P1,R01,testing,09,189,0,0.0,0.0,0.0,0.0
P1,R01,testing,09,190,0,0.0,0.0,0.0,0.0
P1,R01,testing,09,191,0,0.0,0.0,0.0,0.0
P1,R01,testing,09,192,0,0.0,0.0,0.0,0.0
P1,R01,testing,09,193,0,0.0,0.0,0.0,0.0
P1,R01,testing,09,194,0,0.0,0.0,0.0,0.0
P1,R01,testing,09,195,0,0.0,0.0,0.0,0.0
P1,R01,testing,09,196,0,0.0,0.0,0.0,0.0
P1,R01,testing,09,197,0,0.0,0.0,0.0,0.0
P1,R01,testing,09,198,0,0.0,0.0,0.0,0.0
P1,R01,testing,09,199,0,0.0,0.0,0.0,0.0
P1,R01,testing,09,200,0,0.0,0.0,0.0,0.0
P1,R01,testing,09,201,0,0.0,0.0,0.0,0.0
P1,R01,testing,09,202,0,0.0,0.0,0.0,0.0
P1,R01,testing,09,203,0,0.0,0.0,0.0,0.0
P1,R01,testing,09,204,0,0.0,0.0,0.0,0.0
P1,R01,testing,09,205,0,0.0,0.0,0.0,0.0
P1,R01,testing,09,206,0,0.0,0.0,0.0,0.0
P1,R01,testing,09,207,0,0.0,0.0,0.0,0.0
P1,R01,testing,09,208,0,0.0,0.0,0.0,0.0
P1,R01,testing,09,209,0,0.0,0.0,0.0,0.0
P1,R01,testing,09,210,0,0.0,0.0,0.0,0.0
P1,R01,testing,09,211,0,0.0,0.0,0.0,0.0
P1,R01,testing,09,212,0,0.0,0.0,0.0,0.0
P1,R01,testing,09,213,0,0.0,0.0,0.0,0.0
P1,R01,testing,09,214,0,0.0,0.0,0.0,0.0
P1,R01,testing,09,215,0,0.0,0.0,0.0,0.0
P1,R01,testing,09,216,0,0.0,0.0,0.0,0.0
P1,R01,testing,09,217,0,0.0,0.0,0.0,0.0
P1,R01,testing,09,218,0,0.0,0.0,0.0,0.0
P1,R01,testing,09,219,0,0.0,0.0,0.0,0.0
P1,R01,testing,09,220,0,0.0,0.0,0.0,0.0
P1,R01,testing,09,221,0,0.0,0.0,0.0,0.0
P1,R01,testing,09,222,0,0.0,0.0,0.0,0.0
P1,R01,testing,09,223,0,0.0,0.0,0.0,0.0
P1,R01,testing,09,224,0,0.0,0.0,0.0,0.0
P1,R01,testing,09,225,0,0.0,0.0,0.0,0.0
P1,R01,testing,09,226,0,0.0,0.0,0.0,0.0
P1,R01,testing,09,227,0,0.0,0.0,0.0,0.0
P1,R01,testing,09,228,0,0.0,0.0,0.0,0.0
P2,R01,testing,09,0,0,0.0,0.0,0.0,0.0
P2,R01,testing,09,1,0,0.0,0.0,0.0,0.0
P2,R01,testing,09,2,0,0.0,0.0,0.0,0.0
P2,R01,testing,09,3,0,0.0,0.0,0.0,0.0
P2,R01,testing,09,4,0,0.0,0.0,0.0,0.0
P2,R01,testing,09,5,0,0.0,0.0,0.0,0.0
P2,R01,testing,09,6,0,0.0,0.0,0.0,0.0
P2,R01,testing,09,7,0,0.0,0.0,0.0,0.0
P2,R01,testing,09,8,0,0.0,0.0,0.0,0.0
P2,R01,testing,09,9,0,0.0,0.0,0.0,0.0
P2,R01,testing,09,10,0,0.0,0.0,0.0,0.0
P2,R01,testing,09,11,0,0.0,0.0,0.0,0.0
P2,R01,testing,09,12,0,0.0,0.0,0.0,0.0
P2,R01,testing,09,13,0,0.0,0.0,0.0,0.0
P2,R01,testing,09,14,0,0.0,0.0,0.0,0.0
P2,R01,testing,09,15,0,0.0,0.0,0.0,0.0
P2,R01,testing,09,16,0,0.0,0.0,0.0,0.0
P2,R01,testing,09,17,0,0.0,0.0,0.0,0.0
P2,R01,testing,09,18,0,0.0,0.0,0.0,0.0
P2,R01,testing,09,19,0,0.0,0.0,0.0,0.0
P2,R01,testing,09,20,0,0.0,0.0,0.0,0.0
P2,R01,testing,09,21,0,0.0,0.0,0.0,0.0
P2,R01,testing,09,22,0,0.0,0.0,0.0,0.0
P2,R01,testing,09,23,0,0.0,0.0,0.0,0.0
P2,R01,testing,09,24,0,0.0,0.0,0.0,0.0
P2,R01,testing,09,25,0,0.0,0.0,0.0,0.0
P2,R01,testing,09,26,0,0.0,0.0,0.0,0.0
P2,R01,testing,09,27,0,0.0,0.0,0.0,0.0
P2,R01,testing,09,28,0,0.0,0.0,0.0,0.0
P2,R01,testing,09,29,0,0.0,0.0,0.0,0.0
P2,R01,testing,09,30,0,0.0,0.0,0.0,0.0
P2,R01,testing,09,31,0,0.0,0.0,0.0,0.0
P2,R01,testing,09,32,0,0.0,0.0,0.0,0.0
P2,R01,testing,09,33,0,0.0,0.0,0.0,0.0
P2,R01,testing,09,34,0,0.0,0.0,0.0,0.0
P2,R01,testing,09,35,0,0.0,0.0,0.0,0.0
P2,R01,testing,09,36,0,0.0,0.0,0.0,0.0
P2,R01,testing,09,37,0,0.0,0.0,0.0,0.0
P2,R01,testing,09,38,0,0.0,0.0,0.0,0.0
P2,R01,testing,09,39,0,0.0,0.0,0.0,0.0
P2,R01,testing,09,40,0,0.0,0.0,0.0,0.0
P2,R01,testing,09,41,0,0.0,0.0,0.0,0.0
P2,R01,testing,09,42,0,0.0,0.0,0.0,0.0
P2,R01,testing,09,43,0,0.0,0.0,0.0,0.0
P2,R01,testing,09,44,0,0.0,0.0,0.0,0.0
P2,R01,testing,09,45,0,0.0,0.0,0.0,0.0
P2,R01,testing,09,46,0,0.0,0.0,0.0,0.0
P2,R01,testing,09,47,0,0.0,0.0,0.0,0.0
P2,R01,testing,09,48,0,0.0,0.0,0.0,0.0
P2,R01,testing,09,49,0,0.0,0.0,0.0,0.0
P2,R01,testing,09,50,0,0.0,0.0,0.0,0.0
P2,R01,testing,09,51,0,0.0,0.0,0.0,0.0
P2,R01,testing,09,52,0,0.0,0.0,0.0,0.0
P2,R01,testing,09,53,0,0.0,0.0,0.0,0.0
P2,R01,testing,09,54,0,0.0,0.0,0.0,0.0
P2,R01,testing,09,55,0,0.0,0.0,0.0,0.0
P2,R01,testing,09,56,0,0.0,0.0,0.0,0.0
P2,R01,testing,09,57,0,0.0,0.0,0.0,0.0
P2,R01,testing,09,58,0,0.0,0.0,0.0,0.0
P2,R01,testing,09,59,0,0.0,0.0,0.0,0.0
P2,R01,testing,09,60,0,0.0,0.0,0.0,0.0
P2,R01,testing,09,61,0,0.0,0.0,0.0,0.0
P2,R01,testing,09,62,0,0.0,0.0,0.0,0.0
P2,R01,testing,09,63,0,0.0,0.0,0.0,0.0
P2,R01,testing,09,64,0,0.0,0.0,0.0,0.0
P2,R01,testing,09,65,0,0.0,0.0,0.0,0.0
P2,R01,testing,09,66,0,0.0,0.0,0.0,0.0
P2,R01,testing,09,67,0,0.0,0.0,0.0,0.0
P2,R01,testing,09,68,0,0.0,0.0,0.0,0.0
P2,R01,testing,09,69,0,0.0,0.0,0.0,0.0
P2,R01,testing,09,70,0,0.0,0.0,0.0,0.0
P2,R01,testing,09,71,0,0.0,0.0,0.0,0.0
P2,R01,testing,09,72,0,0.0,0.0,0.0,0.0
P2,R01,testing,09,73,0,0.0,0.0,0.0,0.0
P2,R01,testing,09,74,0,0.0,0.0,0.0,0.0
P2,R01,testing,09,75,0,0.0,0.0,0.0,0.0
P2,R01,testing,09,76,0,0.0,0.0,0.0,0.0
P2,R01,testing,09,77,0,0.0,0.0,0.0,0.0
P2,R01,testing,09,78,0,0.0,0.0,0.0,0.0
P2,R01,testing,09,79,0,0.0,0.0,0.0,0.0
P2,R01,testing,09,80,0,0.0,0.0,0.0,0.0
P2,R01,testing,09,81,0,0.0,0.0,0.0,0.0
P2,R01,testing,09,82,0,0.0,0.0,0.0,0.0
P2,R01,testing,09,83,0,0.0,0.0,0.0,0.0
P2,R01,testing,09,84,0,0.0,0.0,0.0,0.0
P2,R01,testing,09,85,0,0.0,0.0,0.0,0.0
P2,R01,testing,09,86,0,0.0,0.0,0.0,0.0
P2,R01,testing,09,87,0,0.0,0.0,0.0,0.0
P2,R01,testing,09,88,0,0.0,0.0,0.0,0.0
P2,R01,testing,09,89,0,0.0,0.0,0.0,0.0
P2,R01,testing,09,90,0,0.0,0.0,0.0,0.0
P2,R01,testing,09,91,0,0.0,0.0,0.0,0.0
P2,R01,testing,09,92,0,0.0,0.0,0.0,0.0
P2,R01,testing,09,93,0,0.0,0.0,0.0,0.0
P2,R01,testing,09,94,0,0.0,0.0,0.0,0.0
P2,R01,testing,09,95,0,0.0,0.0,0.0,0.0
P2,R01,testing,09,96,0,0.0,0.0,0.0,0.0
P2,R01,testing,09,97,0,0.0,0.0,0.0,0.0
P2,R01,testing,09,98,0,0.0,0.0,0.0,0.0
P2,R01,testing,09,99,0,0.0,0.0,0.0,0.0
P2,R01,testing,09,100,0,0.0,0.0,0.0,0.0
P2,R01,testing,09,101,0,0.0,0.0,0.0,0.0
P2,R01,testing,09,102,0,0.0,0.0,0.0,0.0
P2,R01,testing,09,103,0,0.0,0.0,0.0,0.0
P2,R01,testing,09,104,0,0.0,0.0,0.0,0.0
P2,R01,testing,09,105,0,0.0,0.0,0.0,0.0
P2,R01,testing,09,106,0,0.0,0.0,0.0,0.0
P2,R01,testing,09,107,0,0.0,0.0,0.0,0.0
P2,R01,testing,09,108,0,0.0,0.0,0.0,0.0
P2,R01,testing,09,109,0,0.0,0.0,0.0,0.0
P2,R01,testing,09,110,0,0.0,0.0,0.0,0.0
P2,R01,testing,09,111,0,0.0,0.0,0.0,0.0
P2,R01,testing,09,112,0,0.0,0.0,0.0,0.0
P2,R01,testing,09,113,0,0.0,0.0,0.0,0.0
P2,R01,testing,09,114,0,0.0,0.0,0.0,0.0
P2,R01,testing,09,115,0,0.0,0.0,0.0,0.0
P2,R01,testing,09,116,0,0.0,0.0,0.0,0.0
P2,R01,testing,09,117,0,0.0,0.0,0.0,0.0
P2,R01,testing,09,118,0,0.0,0.0,0.0,0.0
P2,R01,testing,09,119,0,0.0,0.0,0.0,0.0
P2,R01,testing,09,120,0,0.0,0.0,0.0,0.0
P2,R01,testing,09,121,0,0.0,0.0,0.0,0.0
P2,R01,testing,09,122,0,0.0,0.0,0.0,0.0
P2,R01,testing,09,123,0,0.0,0.0,0.0,0.0
P2,R01,testing,09,124,0,0.0,0.0,0.0,0.0
P2,R01,testing,09,125,0,0.0,0.0,0.0,0.0
P2,R01,testing,09,126,0,0.0,0.0,0.0,0.0
P2,R01,testing,09,127,0,0.0,0.0,0.0,0.0
P2,R01,testing,09,128,0,0.0,0.0,0.0,0.0
P2,R01,testing,09,129,0,0.0,0.0,0.0,0.0
P2,R01,testing,09,130,0,0.0,0.0,0.0,0.0
P2,R01,testing,09,131,0,0.0,0.0,0.0,0.0
P2,R01,testing,09,132,0,0.0,0.0,0.0,0.0
P2,R01,testing,09,133,0,0.0,0.0,0.0,0.0
P2,R01,testing,09,134,0,0.0,0.0,0.0,0.0
P2,R01,testing,09,135,0,0.0,0.0,0.0,0.0
P2,R01,testing,09,136,0,0.0,0.0,0.0,0.0
P2,R01,testing,09,137,0,0.0,0.0,0.0,0.0
P2,R01,testing,09,138,0,0.0,0.0,0.0,0.0
P2,R01,testing,09,139,0,0.0,0.0,0.0,0.0
P2,R01,testing,09,140,0,0.0,0.0,0.0,0.0
P2,R01,testing,09,141,0,0.0,0.0,0.0,0.0
P2,R01,testing,09,142,0,0.0,0.0,0.0,0.0
P2,R01,testing,09,143,0,0.0,0.0,0.0,0.0
P2,R01,testing,09,144,0,0.0,0.0,0.0,0.0
P2,R01,testing,09,145,0,0.0,0.0,0.0,0.0
P2,R01,testing,09,146,0,0.0,0.0,0.0,0.0
P2,R01,testing,09,147,0,0.0,0.0,0.0,0.0
P2,R01,testing,09,148,0,0.0,0.0,0.0,0.0
P2,R01,testing,09,149,0,0.0,0.0,0.0,0.0
P2,R01,testing,09,150,0,0.0,0.0,0.0,0.0
P2,R01,testing,09,151,0,0.0,0.0,0.0,0.0
P2,R01,testing,09,152,0,0.0,0.0,0.0,0.0
P2,R01,testing,09,153,0,0.0,0.0,0.0,0.0
P2,R01,testing,09,154,0,0.0,0.0,0.0,0.0
P2,R01,testing,09,155,0,0.0,0.0,0.0,0.0
P2,R01,testing,09,156,0,0.0,0.0,0.0,0.0
P2,R01,testing,09,157,0,0.0,0.0,0.0,0.0
P2,R01,testing,09,158,0,0.0,0.0,0.0,0.0
P2,R01,testing,09,159,0,0.0,0.0,0.0,0.0
P2,R01,testing,09,160,0,0.0,0.0,0.0,0.0
P2,R01,testing,09,161,0,0.0,0.0,0.0,0.0
P2,R01,testing,09,162,0,0.0,0.0,0.0,0.0
P2,R01,testing,09,163,0,0.0,0.0,0.0,0.0
P2,R01,testing,09,164,0,0.0,0.0,0.0,0.0
P2,R01,testing,09,165,0,0.0,0.0,0.0,0.0
P2,R01,testing,09,166,0,0.0,0.0,0.0,0.0
P2,R01,testing,09,167,0,0.0,0.0,0.0,0.0
P2,R01,testing,09,168,0,0.0,0.0,0.0,0.0
P2,R01,testing,09,169,0,0.0,0.0,0.0,0.0
P2,R01,testing,09,170,0,0.0,0.0,0.0,0.0
P2,R01,testing,09,171,0,0.0,0.0,0.0,0.0
P2,R01,testing,09,172,0,0.0,0.0,0.0,0.0
P2,R01,testing,09,173,0,0.0,0.0,0.0,0.0
P2,R01,testing,09,174,0,0.0,0.0,0.0,0.0
P2,R01,testing,09,175,0,0.0,0.0,0.0,0.0
P2,R01,testing,09,176,0,0.0,0.0,0.0,0.0
P2,R01,testing,09,177,0,0.0,0.0,0.0,0.0
P2,R01,testing,09,178,0,0.0,0.0,0.0,0.0
P2,R01,testing,09,179,0,0.0,0.0,0.0,0.0
P2,R01,testing,09,180,0,0.0,0.0,0.0,0.0
P2,R01,testing,09,181,0,0.0,0.0,0.0,0.0
P2,R01,testing,09,182,0,0.0,0.0,0.0,0.0
P2,R01,testing,09,183,0,0.0,0.0,0.0,0.0
P2,R01,testing,09,184,0,0.0,0.0,0.0,0.0
P2,R01,testing,09,185,0,0.0,0.0,0.0,0.0
P2,R01,testing,09,186,0,0.0,0.0,0.0,0.0
P2,R01,testing,09,187,0,0.0,0.0,0.0,0.0
P2,R01,testing,09,188,0,0.0,0.0,0.0,0.0
P2,R01,testing,09,189,0,0.0,0.0,0.0,0.0
P2,R01,testing,09,190,0,0.0,0.0,0.0,0.0
P2,R01,testing,09,191,0,0.0,0.0,0.0,0.0
P2,R01,testing,09,192,0,0.0,0.0,0.0,0.0
P2,R01,testing,09,193,0,0.0,0.0,0.0,0.0
P2,R01,testing,09,194,0,0.0,0.0,0.0,0.0
P2,R01,testing,09,195,0,0.0,0.0,0.0,0.0
P2,R01,testing,09,196,0,0.0,0.0,0.0,0.0
P2,R01,testing,09,197,0,0.0,0.0,0.0,0.0
P2,R01,testing,09,198,0,0.0,0.0,0.0,0.0
P2,R01,testing,09,199,0,0.0,0.0,0.0,0.0
P2,R01,testing,09,200,0,0.0,0.0,0.0,0.0
P2,R01,testing,09,201,0,0.0,0.0,0.0,0.0
P2,R01,testing,09,202,0,0.0,0.0,0.0,0.0
P2,R01,testing,09,203,0,0.0,0.0,0.0,0.0
P2,R01,testing,09,204,0,0.0,0.0,0.0,0.0
P2,R01,testing,09,205,0,0.0,0.0,0.0,0.0
P2,R01,testing,09,206,0,0.0,0.0,0.0,0.0
P2,R01,testing,09,207,0,0.0,0.0,0.0,0.0
P2,R01,testing,09,208,0,0.0,0.0,0.0,0.0
P2,R01,testing,09,209,0,0.0,0.0,0.0,0.0
P2,R01,testing,09,210,0,0.0,0.0,0.0,0.0
P2,R01,testing,09,211,0,0.0,0.0,0.0,0.0
P2,R01,testing,09,212,0,0.0,0.0,0.0,0.0
P2,R01,testing,09,213,0,0.0,0.0,0.0,0.0
P2,R01,testing,09,214,0,0.0,0.0,0.0,0.0
P2,R01,testing,09,215,0,0.0,0.0,0.0,0.0
P2,R01,testing,09,216,0,0.0,0.0,0.0,0.0
P2,R01,testing,09,217,0,0.0,0.0,0.0,0.0
P2,R01,testing,09,218,0,0.0,0.0,0.0,0.0
P2,R01,testing,09,219,0,0.0,0.0,0.0,0.0
P2,R01,testing,09,220,0,0.0,0.0,0.0,0.0
P2,R01,testing,09,221,0,0.0,0.0,0.0,0.0
P2,R01,testing,09,222,0,0.0,0.0,0.0,0.0
P2,R01,testing,09,223,0,0.0,0.0,0.0,0.0
P2,R01,testing,09,224,0,0.0,0.0,0.0,0.0
P2,R01,testing,09,225,0,0.0,0.0,0.0,0.0
P2,R01,testing,09,226,0,0.0,0.0,0.0,0.0
P2,R01,testing,09,227,0,0.0,0.0,0.0,0.0
P2,R01,testing,09,228,0,0.0,0.0,0.0,0.0
P3,R01,testing,09,0,0,1.0,1.0,0.14443890747875987,0.08837508526165466
P3,R01,testing,09,1,0,1.0,1.0,0.14443890747875987,0.08914342581981895
P3,R01,testing,09,2,0,1.0,1.0,0.14443890747875987,0.08991152773029977
P3,R01,testing,09,3,0,1.0,1.0,0.14443890747875987,0.09067927022620845
P3,R01,testing,09,4,0,1.0,1.0,0.14443890747875987,0.0914465315880968
P3,R01,testing,09,5,0,1.0,1.0,0.14443890747875987,0.09221318917344497
P3,R01,testing,09,6,0,1.0,1.0,0.14443890747875987,0.0929791194467561
P3,R01,testing,09,7,0,1.0,1.0,0.14443890747875987,0.09374419801024993
P3,R01,testing,09,8,0,1.0,1.0,0.14443890747875987,0.09450829963514515
P3,R01,testing,09,9,0,1.0,1.0,0.14443890747875987,0.09527129829352175
P3,R01,testing,09,10,0,1.0,1.0,0.14443890747875987,0.09603306719075279
P3,R01,testing,09,11,0,1.0,1.0,0.14443890747875987,0.09679347879849548
P3,R01,testing,09,12,0,1.0,1.0,0.14443890747875987,0.09755240488823066
P3,R01,testing,09,13,0,1.0,1.0,0.14443890747875987,0.09830971656533972
P3,R01,testing,09,14,0,1.0,1.0,0.14443890747875987,0.09906528430370701
P3,R01,testing,09,15,0,1.0,1.0,0.14443890747875987,0.09981897798083644
P3,R01,testing,09,16,0,0.0,0.0,0.1451556526722909,0.10106972595080695
P3,R01,testing,09,17,0,0.0,0.0,0.1451556526722909,0.1018229984170405
P3,R01,testing,09,18,0,0.0,0.0,0.1451556526722909,0.10257399198218718
P3,R01,testing,09,19,0,0.0,0.0,0.1451556526722909,0.10332257384348285
P3,R01,testing,09,20,0,0.0,0.0,0.1451556526722909,0.10406861078257784
P3,R01,testing,09,21,0,0.0,0.0,0.1451556526722909,0.10481196920365411
P3,R01,testing,09,22,0,0.0,0.0,0.1451556526722909,0.10555251517196469
P3,R01,testing,09,23,0,0.0,0.0,0.1451556526722909,0.10629011445278093
P3,R01,testing,09,24,0,0.0,0.0,0.1451556526722909,0.107024632550732
P3,R01,testing,09,25,0,0.0,0.0,0.1451556526722909,0.10775593474952172
P3,R01,testing,09,26,0,0.0,0.0,0.1451556526722909,0.10848388615200642
P3,R01,testing,09,27,0,0.0,0.0,0.1451556526722909,0.1092083517206181
P3,R01,testing,09,28,0,0.0,0.0,0.1451556526722909,0.10992919631811657
P3,R01,testing,09,29,0,0.0,0.0,0.1451556526722909,0.11064628474865341
P3,R01,testing,09,30,0,0.0,0.0,0.1451556526722909,0.11135948179913172
P3,R01,testing,09,31,0,0.0,0.0,0.1451556526722909,0.11206865228084338
P3,R01,testing,09,32,0,1.0,1.0,0.14443890747875987,0.11221681069701575
P3,R01,testing,09,33,0,1.0,1.0,0.14443890747875987,0.11291406282740692
P3,R01,testing,09,34,0,1.0,1.0,0.14443890747875987,0.11360690527148178
P3,R01,testing,09,35,0,1.0,1.0,0.14443890747875987,0.1142952040243755
P3,R01,testing,09,36,0,1.0,1.0,0.14443890747875987,0.1149788253161842
P3,R01,testing,09,37,0,1.0,1.0,0.14443890747875987,0.1156576356546833
P3,R01,testing,09,38,0,1.0,1.0,0.14443890747875987,0.11633150186819587
P3,R01,testing,09,39,0,1.0,1.0,0.14443890747875987,0.117000291148592
P3,R01,testing,09,40,0,1.0,1.0,0.14443890747875987,0.1176638710944002
P3,R01,testing,09,41,0,1.0,1.0,0.14443890747875987,0.1183221097540113
P3,R01,testing,09,42,0,1.0,1.0,0.14443890747875987,0.1189748756689555
P3,R01,testing,09,43,0,1.0,1.0,0.14443890747875987,0.119622037917233
P3,R01,testing,09,44,0,1.0,1.0,0.14443890747875987,0.12026346615667836
P3,R01,testing,09,45,0,1.0,1.0,0.14443890747875987,0.12089903066833874
P3,R01,testing,09,46,0,1.0,1.0,0.14443890747875987,0.12152860239984598
P3,R01,testing,09,47,0,1.0,1.0,0.14443890747875987,0.12215205300876243
P3,R01,testing,09,48,0,0.0,0.0,0.14230983539654538,0.12095959989161209
P3,R01,testing,09,49,0,0.0,0.0,0.14230983539654538,0.12156142252306579
P3,R01,testing,09,50,0,0.0,0.0,0.14230983539654538,0.12215683953024245
P3,R01,testing,09,51,0,0.0,0.0,0.14230983539654538,0.12274572768622773
P3,R01,testing,09,52,0,0.0,0.0,0.14230983539654538,0.12332796467602089
P3,R01,testing,09,53,0,0.0,0.0,0.14230983539654538,0.12390342913866625
P3,R01,testing,09,54,0,0.0,0.0,0.14230983539654538,0.12447200070921839
P3,R01,testing,09,55,0,0.0,0.0,0.14230983539654538,0.12503356006052027
P3,R01,testing,09,56,0,0.0,0.0,0.14230983539654538,0.1255879889447749
P3,R01,testing,09,57,0,0.0,0.0,0.14230983539654538,0.12613517023488993
P3,R01,testing,09,58,0,0.0,0.0,0.14230983539654538,0.1266749879655748
P3,R01,testing,09,59,0,0.0,0.0,0.14230983539654538,0.1272073273741709
P3,R01,testing,09,60,0,0.0,0.0,0.14230983539654538,0.1277320749411942
P3,R01,testing,09,61,0,0.0,0.0,0.14230983539654538,0.12824911843057063
P3,R01,testing,09,62,0,0.0,0.0,0.14230983539654538,0.12875834692954416
P3,R01,testing,09,63,0,0.0,0.0,0.14230983539654538,0.1292596508882379
P3,R01,testing,09,64,0,0.0,0.0,0.13883088890941836,0.12658094552433705
P3,R01,testing,09,65,0,0.0,0.0,0.13883088890941836,0.12705421772889608
P3,R01,testing,09,66,0,0.0,0.0,0.13883088890941836,0.12751944686118835
P3,R01,testing,09,67,0,0.0,0.0,0.13883088890941836,0.1279765317461693
P3,R01,testing,09,68,0,0.0,0.0,0.13883088890941836,0.12842537272557883
P3,R01,testing,09,69,0,0.0,0.0,0.13883088890941836,0.12886587169410482
P3,R01,testing,09,70,0,0.0,0.0,0.13883088890941836,0.12929793213507607
P3,R01,testing,09,71,0,0.0,0.0,0.13883088890941836,0.12972145915566713
P3,R01,testing,09,72,0,0.0,0.0,0.13883088890941836,0.13013635952159647
P3,R01,testing,09,73,0,0.0,0.0,0.13883088890941836,0.1305425416913007
P3,R01,testing,09,74,0,0.0,0.0,0.13883088890941836,0.13093991584956716
P3,R01,testing,09,75,0,0.0,0.0,0.13883088890941836,0.13132839394060755
P3,R01,testing,09,76,0,0.0,0.0,0.13883088890941836,0.13170788970055552
P3,R01,testing,09,77,0,0.0,0.0,0.13883088890941836,0.13207831868937175
P3,R01,testing,09,78,0,0.0,0.0,0.13883088890941836,0.1324395983221395
P3,R01,testing,09,79,0,0.0,0.0,0.13883088890941836,0.13279164789973494
P3,R01,testing,09,80,0,0.0,0.0,0.13410276649043607,0.1286002702405247
P3,R01,testing,09,81,0,0.0,0.0,0.13410276649043607,0.12892227232854053
P3,R01,testing,09,82,0,0.0,0.0,0.13410276649043607,0.1292351360705904
P3,R01,testing,09,83,0,0.0,0.0,0.13410276649043607,0.1295387910858136
P3,R01,testing,09,84,0,0.0,0.0,0.13410276649043607,0.1298331689534559
P3,R01,testing,09,85,0,0.0,0.0,0.13410276649043607,0.13011820323855766
P3,R01,testing,09,86,0,0.0,0.0,0.13410276649043607,0.13039382951693623
P3,R01,testing,09,87,0,0.0,0.0,0.13410276649043607,0.13065998539944973
P3,R01,testing,09,88,0,0.0,0.0,0.13410276649043607,0.1309166105555296
P3,R01,testing,09,89,0,0.0,0.0,0.13410276649043607,0.13116364673596925
P3,R01,testing,09,90,0,0.0,0.0,0.13410276649043607,0.13140103779495663
P3,R01,testing,09,91,0,0.0,0.0,0.13410276649043607,0.1316287297113397
P3,R01,testing,09,92,0,0.0,0.0,0.13410276649043607,0.1318466706091126
P3,R01,testing,09,93,0,0.0,0.0,0.13410276649043607,0.1320548107771124
P3,R01,testing,09,94,0,0.0,0.0,0.13410276649043607,0.13225310268791562
P3,R01,testing,09,95,0,0.0,0.0,0.13410276649043607,0.13244150101592456
P3,R01,testing,09,96,0,0.0,0.0,0.12825957150528944,0.1268413771638627
P3,R01,testing,09,97,0,0.0,0.0,0.12825957150528944,0.1270025199670343
P3,R01,testing,09,98,0,0.0,0.0,0.12825957150528944,0.12715408302025552
P3,R01,testing,09,99,0,0.0,0.0,0.12825957150528944,0.12729603155359573
P3,R01,testing,09,100,0,0.0,0.0,0.12825957150528944,0.12742833297757036
P3,R01,testing,09,101,0,0.0,0.0,0.12825957150528944,0.12755095689561044
P3,R01,testing,09,102,0,0.0,0.0,0.12825957150528944,0.1276638751157019
P3,R01,testing,09,103,0,0.0,0.0,0.12825957150528944,0.1277670616611875
P3,R01,testing,09,104,0,0.0,0.0,0.12825957150528944,0.12786049278072661
P3,R01,testing,09,105,0,0.0,0.0,0.12825957150528944,0.12794414695740647
P3,R01,testing,09,106,0,0.0,0.0,0.12825957150528944,0.1280180049170009
P3,R01,testing,09,107,0,0.0,0.0,0.12825957150528944,0.12808204963537154
P3,R01,testing,09,108,0,0.0,0.0,0.12825957150528944,0.12813626634500755
P3,R01,testing,09,109,0,0.0,0.0,0.12825957150528944,0.12818064254070088
P3,R01,testing,09,110,0,0.0,0.0,0.12825957150528944,0.1282151679843533
P3,R01,testing,09,111,0,0.0,0.0,0.12825957150528944,0.128239834708913
P3,R01,testing,09,112,0,0.0,0.0,0.12146249772169804,0.12145782473919514
P3,R01,testing,09,113,0,0.0,0.0,0.12146249772169804,0.12146249772169804
P3,R01,testing,09,114,0,0.0,0.0,0.12146249772169804,0.12145782473919514
P3,R01,testing,09,115,0,0.0,0.0,0.12146249772169804,0.12144380687035049
P3,R01,testing,09,116,0,0.0,0.0,0.12146249772169804,0.12142044735074137
P3,R01,testing,09,117,0,0.0,0.0,0.12146249772169804,0.1213877515716135
P3,R01,testing,09,118,0,0.0,0.0,0.12146249772169804,0.12134572707780737
P3,R01,testing,09,119,0,0.0,0.0,0.12146249772169804,0.1212943835648566
P3,R01,testing,09,120,0,0.0,0.0,0.12146249772169804,0.12123373287525986
P3,R01,testing,09,121,0,0.0,0.0,0.12146249772169804,0.12116378899392856
P3,R01,testing,09,122,0,0.0,0.0,0.12146249772169804,0.12108456804281251
P3,R01,testing,09,123,0,0.0,0.0,0.12146249772169804,0.12099608827470658
P3,R01,testing,09,124,0,0.0,0.0,0.12146249772169804,0.12089837006624181
P3,R01,testing,09,125,0,0.0,0.0,0.12146249772169804,0.12079143591006437
P3,R01,testing,09,126,0,0.0,0.0,0.12146249772169804,0.12067531040620709
P3,R01,testing,09,127,0,0.0,0.0,0.12146249772169804,0.12055002025265757
P3,R01,testing,09,128,0,0.0,0.0,0.06092596587004558,0.06040083583165209
P3,R01,testing,09,129,0,0.0,0.0,0.06092596587004558,0.06032884022696278
P3,R01,testing,09,130,0,0.0,0.0,0.06092596587004558,0.060252294041668285
P3,R01,testing,09,131,0,0.0,0.0,0.06092596587004558,0.060171214821651726
P3,R01,testing,09,132,0,0.0,0.0,0.06092596587004558,0.0600856211355359
P3,R01,testing,09,133,0,0.0,0.0,0.06092596587004558,0.05999553256759599
P3,R01,testing,09,134,0,0.0,0.0,0.06092596587004558,0.059900969710291734
P3,R01,testing,09,135,0,0.0,0.0,0.06092596587004558,0.059801954156422865
P3,R01,testing,09,136,0,0.0,0.0,0.06092596587004558,0.059698508490912086
P3,R01,testing,09,137,0,0.0,0.0,0.06092596587004558,0.05959065628221994
P3,R01,testing,09,138,0,0.0,0.0,0.06092596587004558,0.05947842207339618
P3,R01,testing,09,139,0,0.0,0.0,0.06092596587004558,0.05936183137277233
P3,R01,testing,09,140,0,0.0,0.0,0.06092596587004558,0.05924091064430036
P3,R01,testing,09,141,0,0.0,0.0,0.06092596587004558,0.059115687297542796
P3,R01,testing,09,142,0,0.0,0.0,0.06092596587004558,0.05898618967731926
P3,R01,testing,09,143,0,0.0,0.0,0.06092596587004558,0.05885244705301516
P3,R01,testing,09,144,0,0.0,0.0,0.05709174029166187,0.05501943784005331
P3,R01,testing,09,145,0,0.0,0.0,0.05709174029166187,0.05488624196367247
P3,R01,testing,09,146,0,0.0,0.0,0.05709174029166187,0.05474915560771214
P3,R01,testing,09,147,0,0.0,0.0,0.05709174029166187,0.054608209558752986
P3,R01,testing,09,148,0,0.0,0.0,0.05709174029166187,0.05446343541510414
P3,R01,testing,09,149,0,0.0,0.0,0.05709174029166187,0.054314865575001044
P3,R01,testing,09,150,0,0.0,0.0,0.05709174029166187,0.05416253322452682
P3,R01,testing,09,151,0,0.0,0.0,0.05709174029166187,0.05400647232526344
P3,R01,testing,09,152,0,0.0,0.0,0.05709174029166187,0.0538467176016792
P3,R01,testing,09,153,0,0.0,0.0,0.05709174029166187,0.05368330452825886
P3,R01,testing,09,154,0,0.0,0.0,0.05709174029166187,0.05351626931638329
P3,R01,testing,09,155,0,0.0,0.0,0.05709174029166187,0.05334564890096545
P3,R01,testing,09,156,0,0.0,0.0,0.05709174029166187,0.05317148092684939
P3,R01,testing,09,157,0,0.0,0.0,0.05709174029166187,0.05299380373497946
P3,R01,testing,09,158,0,0.0,0.0,0.05709174029166187,0.05281265634834679
P3,R01,testing,09,159,0,0.0,0.0,0.05709174029166187,0.05262807845772028
P3,R01,testing,09,160,0,0.0,0.0,0.0,0.0
P3,R01,testing,09,161,0,0.0,0.0,0.0,0.0
P3,R01,testing,09,162,0,0.0,0.0,0.0,0.0
P3,R01,testing,09,163,0,0.0,0.0,0.0,0.0
P3,R01,testing,09,164,0,0.0,0.0,0.0,0.0
P3,R01,testing,09,165,0,0.0,0.0,0.0,0.0
P3,R01,testing,09,166,0,0.0,0.0,0.0,0.0
P3,R01,testing,09,167,0,0.0,0.0,0.0,0.0
P3,R01,testing,09,168,0,0.0,0.0,0.0,0.0
P3,R01,testing,09,169,0,0.0,0.0,0.0,0.0
P3,R01,testing,09,170,0,0.0,0.0,0.0,0.0
P3,R01,testing,09,171,0,0.0,0.0,0.0,0.0
P3,R01,testing,09,172,0,0.0,0.0,0.0,0.0
P3,R01,testing,09,173,0,0.0,0.0,0.0,0.0
P3,R01,testing,09,174,0,0.0,0.0,0.0,0.0
P3,R01,testing,09,175,0,0.0,0.0,0.0,0.0
P3,R01,testing,09,176,0,0.0,0.0,0.0,0.0
P3,R01,testing,09,177,0,0.0,0.0,0.0,0.0
P3,R01,testing,09,178,0,0.0,0.0,0.0,0.0
P3,R01,testing,09,179,0,0.0,0.0,0.0,0.0
P3,R01,testing,09,180,0,0.0,0.0,0.0,0.0
P3,R01,testing,09,181,0,0.0,0.0,0.0,0.0
P3,R01,testing,09,182,0,0.0,0.0,0.0,0.0
P3,R01,testing,09,183,0,0.0,0.0,0.0,0.0
P3,R01,testing,09,184,0,0.0,0.0,0.0,0.0
P3,R01,testing,09,185,0,0.0,0.0,0.0,0.0
P3,R01,testing,09,186,0,0.0,0.0,0.0,0.0
P3,R01,testing,09,187,0,0.0,0.0,0.0,0.0
P3,R01,testing,09,188,0,0.0,0.0,0.0,0.0
P3,R01,testing,09,189,0,0.0,0.0,0.0,0.0
P3,R01,testing,09,190,0,0.0,0.0,0.0,0.0
P3,R01,testing,09,191,0,0.0,0.0,0.0,0.0
P3,R01,testing,09,192,0,0.0,0.0,0.0,0.0
P3,R01,testing,09,193,0,0.0,0.0,0.0,0.0
P3,R01,testing,09,194,0,0.0,0.0,0.0,0.0
P3,R01,testing,09,195,0,0.0,0.0,0.0,0.0
P3,R01,testing,09,196,0,0.0,0.0,0.0,0.0
P3,R01,testing,09,197,0,0.0,0.0,0.0,0.0
P3,R01,testing,09,198,0,0.0,0.0,0.0,0.0
P3,R01,testing,09,199,0,0.0,0.0,0.0,0.0
P3,R01,testing,09,200,0,0.0,0.0,0.0,0.0
P3,R01,testing,09,201,0,0.0,0.0,0.0,0.0
P3,R01,testing,09,202,0,0.0,0.0,0.0,0.0
P3,R01,testing,09,203,0,0.0,0.0,0.0,0.0
P3,R01,testing,09,204,0,0.0,0.0,0.0,0.0
P3,R01,testing,09,205,0,0.0,0.0,0.0,0.0
P3,R01,testing,09,206,0,0.0,0.0,0.0,0.0
P3,R01,testing,09,207,0,0.0,0.0,0.0,0.0
P3,R01,testing,09,208,0,0.0,0.0,0.0,0.0
P3,R01,testing,09,209,0,0.0,0.0,0.0,0.0
P3,R01,testing,09,210,0,0.0,0.0,0.0,0.0
P3,R01,testing,09,211,0,0.0,0.0,0.0,0.0
P3,R01,testing,09,212,0,0.0,0.0,0.0,0.0
P3,R01,testing,09,213,0,0.0,0.0,0.0,0.0
P3,R01,testing,09,214,0,0.0,0.0,0.0,0.0
P3,R01,testing,09,215,0,0.0,0.0,0.0,0.0
P3,R01,testing,09,216,0,0.0,0.0,0.0,0.0
P3,R01,testing,09,217,0,0.0,0.0,0.0,0.0
P3,R01,testing,09,218,0,0.0,0.0,0.0,0.0
P3,R01,testing,09,219,0,0.0,0.0,0.0,0.0
P3,R01,testing,09,220,0,0.0,0.0,0.0,0.0
P3,R01,testing,09,221,0,0.0,0.0,0.0,0.0
P3,R01,testing,09,222,0,0.0,0.0,0.0,0.0
P3,R01,testing,09,223,0,0.0,0.0,0.0,0.0
P3,R01,testing,09,224,0,0.0,0.0,0.0,0.0
P3,R01,testing,09,225,0,0.0,0.0,0.0,0.0
P3,R01,testing,09,226,0,0.0,0.0,0.0,0.0
P3,R01,testing,09,227,0,0.0,0.0,0.0,0.0
P3,R01,testing,09,228,0,0.0,0.0,0.0,0.0
A,R01,testing,10,0,0,0.0,0.0,0.0,0.0
A,R01,testing,10,1,0,0.0,0.0,0.0,0.0
A,R01,testing,10,2,0,0.0,0.0,0.0,0.0
A,R01,testing,10,3,0,0.0,0.0,0.0,0.0
A,R01,testing,10,4,0,0.0,0.0,0.0,0.0
A,R01,testing,10,5,0,0.0,0.0,0.0,0.0
A,R01,testing,10,6,0,0.0,0.0,0.0,0.0
A,R01,testing,10,7,0,0.0,0.0,0.0,0.0
A,R01,testing,10,8,0,0.0,0.0,0.0,0.0
A,R01,testing,10,9,0,0.0,0.0,0.0,0.0
A,R01,testing,10,10,0,0.0,0.0,0.0,0.0
A,R01,testing,10,11,0,0.0,0.0,0.0,0.0
A,R01,testing,10,12,0,0.0,0.0,0.0,0.0
A,R01,testing,10,13,0,0.0,0.0,0.0,0.0
A,R01,testing,10,14,0,0.0,0.0,0.0,0.0
A,R01,testing,10,15,0,0.0,0.0,0.0,0.0
A,R01,testing,10,16,0,0.0,0.0,0.0,0.0
A,R01,testing,10,17,0,0.0,0.0,0.0,0.0
A,R01,testing,10,18,0,0.0,0.0,0.0,0.0
A,R01,testing,10,19,0,0.0,0.0,0.0,0.0
A,R01,testing,10,20,0,0.0,0.0,0.0,0.0
A,R01,testing,10,21,0,0.0,0.0,0.0,0.0
A,R01,testing,10,22,0,0.0,0.0,0.0,0.0
A,R01,testing,10,23,0,0.0,0.0,0.0,0.0
A,R01,testing,10,24,0,0.0,0.0,0.0,0.0
A,R01,testing,10,25,0,0.0,0.0,0.0,0.0
A,R01,testing,10,26,0,0.0,0.0,0.0,0.0
A,R01,testing,10,27,0,0.0,0.0,0.0,0.0
A,R01,testing,10,28,0,0.0,0.0,0.0,0.0
A,R01,testing,10,29,0,0.0,0.0,0.0,0.0
A,R01,testing,10,30,0,0.0,0.0,0.0,0.0
A,R01,testing,10,31,0,0.0,0.0,0.0,0.0
A,R01,testing,10,32,0,0.0,0.0,0.0,0.0
A,R01,testing,10,33,0,0.0,0.0,0.0,0.0
A,R01,testing,10,34,0,0.0,0.0,0.0,0.0
A,R01,testing,10,35,0,0.0,0.0,0.0,0.0
A,R01,testing,10,36,0,0.0,0.0,0.0,0.0
A,R01,testing,10,37,0,0.0,0.0,0.0,0.0
A,R01,testing,10,38,0,0.0,0.0,0.0,0.0
A,R01,testing,10,39,0,0.0,0.0,0.0,0.0
A,R01,testing,10,40,0,0.0,0.0,0.0,0.0
A,R01,testing,10,41,0,0.0,0.0,0.0,0.0
A,R01,testing,10,42,0,0.0,0.0,0.0,0.0
A,R01,testing,10,43,0,0.0,0.0,0.0,0.0
A,R01,testing,10,44,0,0.0,0.0,0.0,0.0
A,R01,testing,10,45,0,0.0,0.0,0.0,0.0
A,R01,testing,10,46,0,0.0,0.0,0.0,0.0
A,R01,testing,10,47,0,0.0,0.0,0.0,0.0
A,R01,testing,10,48,0,0.0,0.0,0.0,0.0
A,R01,testing,10,49,0,0.0,0.0,0.0,0.0
A,R01,testing,10,50,0,0.0,0.0,0.0,0.0
A,R01,testing,10,51,0,0.0,0.0,0.0,0.0
A,R01,testing,10,52,0,0.0,0.0,0.0,0.0
A,R01,testing,10,53,0,0.0,0.0,0.0,0.0
A,R01,testing,10,54,0,0.0,0.0,0.0,0.0
A,R01,testing,10,55,0,0.0,0.0,0.0,0.0
A,R01,testing,10,56,0,0.0,0.0,0.0,0.0
A,R01,testing,10,57,0,0.0,0.0,0.0,0.0
A,R01,testing,10,58,0,0.0,0.0,0.0,0.0
A,R01,testing,10,59,0,0.0,0.0,0.0,0.0
A,R01,testing,10,60,0,0.0,0.0,0.0,0.0
A,R01,testing,10,61,0,0.0,0.0,0.0,0.0
A,R01,testing,10,62,0,0.0,0.0,0.0,0.0
A,R01,testing,10,63,0,0.0,0.0,0.0,0.0
A,R01,testing,10,64,0,0.0,0.0,0.0,0.0
A,R01,testing,10,65,0,0.0,0.0,0.0,0.0
A,R01,testing,10,66,0,0.0,0.0,0.0,0.0
A,R01,testing,10,67,0,0.0,0.0,0.0,0.0
A,R01,testing,10,68,0,0.0,0.0,0.0,0.0
A,R01,testing,10,69,0,0.0,0.0,0.0,0.0
A,R01,testing,10,70,0,0.0,0.0,0.0,0.0
A,R01,testing,10,71,0,0.0,0.0,0.0,0.0
A,R01,testing,10,72,0,0.0,0.0,0.0,0.0
A,R01,testing,10,73,0,0.0,0.0,0.0,0.0
A,R01,testing,10,74,0,0.0,0.0,0.0,0.0
A,R01,testing,10,75,0,0.0,0.0,0.0,0.0
A,R01,testing,10,76,0,0.0,0.0,0.0,0.0
A,R01,testing,10,77,0,0.0,0.0,0.0,0.0
A,R01,testing,10,78,0,0.0,0.0,0.0,0.0
A,R01,testing,10,79,0,0.0,0.0,0.0,0.0
A,R01,testing,10,80,0,0.0,0.0,0.0,0.0
A,R01,testing,10,81,0,0.0,0.0,0.0,0.0
A,R01,testing,10,82,0,0.0,0.0,0.0,0.0
A,R01,testing,10,83,0,0.0,0.0,0.0,0.0
A,R01,testing,10,84,0,0.0,0.0,0.0,0.0
A,R01,testing,10,85,0,0.0,0.0,0.0,0.0
A,R01,testing,10,86,0,0.0,0.0,0.0,0.0
A,R01,testing,10,87,0,0.0,0.0,0.0,0.0
A,R01,testing,10,88,0,0.0,0.0,0.0,0.0
A,R01,testing,10,89,0,0.0,0.0,0.0,0.0
A,R01,testing,10,90,0,0.0,0.0,0.0,0.0
A,R01,testing,10,91,0,0.0,0.0,0.0,0.0
A,R01,testing,10,92,0,0.0,0.0,0.0,0.0
A,R01,testing,10,93,0,0.0,0.0,0.0,0.0
A,R01,testing,10,94,0,0.0,0.0,0.0,0.0
A,R01,testing,10,95,0,0.0,0.0,0.0,0.0
A,R01,testing,10,96,0,0.0,0.0,0.0,0.0
A,R01,testing,10,97,0,0.0,0.0,0.0,0.0
A,R01,testing,10,98,0,0.0,0.0,0.0,0.0
A,R01,testing,10,99,0,0.0,0.0,0.0,0.0
A,R01,testing,10,100,0,0.0,0.0,0.0,0.0
A,R01,testing,10,101,0,0.0,0.0,0.0,0.0
A,R01,testing,10,102,0,0.0,0.0,0.0,0.0
A,R01,testing,10,103,0,0.0,0.0,0.0,0.0
A,R01,testing,10,104,0,0.0,0.0,0.0,0.0
A,R01,testing,10,105,0,0.0,0.0,0.0,0.0
A,R01,testing,10,106,0,0.0,0.0,0.0,0.0
A,R01,testing,10,107,0,0.0,0.0,0.0,0.0
A,R01,testing,10,108,0,0.0,0.0,0.0,0.0
A,R01,testing,10,109,0,0.0,0.0,0.0,0.0
A,R01,testing,10,110,0,0.0,0.0,0.0,0.0
A,R01,testing,10,111,0,0.0,0.0,0.0,0.0
A,R01,testing,10,112,0,0.0,0.0,0.0,0.0
A,R01,testing,10,113,0,0.0,0.0,0.0,0.0
A,R01,testing,10,114,0,0.0,0.0,0.0,0.0
A,R01,testing,10,115,0,0.0,0.0,0.0,0.0
A,R01,testing,10,116,0,0.0,0.0,0.0,0.0
A,R01,testing,10,117,0,0.0,0.0,0.0,0.0
A,R01,testing,10,118,0,0.0,0.0,0.0,0.0
A,R01,testing,10,119,0,0.0,0.0,0.0,0.0
A,R01,testing,10,120,0,0.0,0.0,0.0,0.0
A,R01,testing,10,121,0,0.0,0.0,0.0,0.0
A,R01,testing,10,122,0,0.0,0.0,0.0,0.0
A,R01,testing,10,123,0,0.0,0.0,0.0,0.0
A,R01,testing,10,124,0,0.0,0.0,0.0,0.0
A,R01,testing,10,125,0,0.0,0.0,0.0,0.0
A,R01,testing,10,126,0,0.0,0.0,0.0,0.0
A,R01,testing,10,127,0,0.0,0.0,0.0,0.0
A,R01,testing,10,128,0,0.0,0.0,0.0,0.0
A,R01,testing,10,129,0,0.0,0.0,0.0,0.0
A,R01,testing,10,130,0,0.0,0.0,0.0,0.0
A,R01,testing,10,131,0,0.0,0.0,0.0,0.0
A,R01,testing,10,132,0,0.0,0.0,0.0,0.0
A,R01,testing,10,133,0,0.0,0.0,0.0,0.0
A,R01,testing,10,134,0,0.0,0.0,0.0,0.0
A,R01,testing,10,135,0,0.0,0.0,0.0,0.0
A,R01,testing,10,136,0,0.0,0.0,0.0,0.0
A,R01,testing,10,137,0,0.0,0.0,0.0,0.0
A,R01,testing,10,138,0,0.0,0.0,0.0,0.0
A,R01,testing,10,139,0,0.0,0.0,0.0,0.0
A,R01,testing,10,140,0,0.0,0.0,0.0,0.0
A,R01,testing,10,141,0,0.0,0.0,0.0,0.0
A,R01,testing,10,142,0,0.0,0.0,0.0,0.0
A,R01,testing,10,143,0,0.0,0.0,0.0,0.0
A,R01,testing,10,144,0,0.0,0.0,0.0,0.0
A,R01,testing,10,145,0,0.0,0.0,0.0,0.0
A,R01,testing,10,146,0,0.0,0.0,0.0,0.0
A,R01,testing,10,147,0,0.0,0.0,0.0,0.0
A,R01,testing,10,148,0,0.0,0.0,0.0,0.0
A,R01,testing,10,149,0,0.0,0.0,0.0,0.0
A,R01,testing,10,150,0,0.0,0.0,0.0,0.0
A,R01,testing,10,151,0,0.0,0.0,0.0,0.0
A,R01,testing,10,152,0,0.0,0.0,0.0,0.0
A,R01,testing,10,153,0,0.0,0.0,0.0,0.0
A,R01,testing,10,154,0,0.0,0.0,0.0,0.0
A,R01,testing,10,155,0,0.0,0.0,0.0,0.0
A,R01,testing,10,156,0,0.0,0.0,0.0,0.0
A,R01,testing,10,157,0,0.0,0.0,0.0,0.0
A,R01,testing,10,158,0,0.0,0.0,0.0,0.0
A,R01,testing,10,159,0,0.0,0.0,0.0,0.0
A,R01,testing,10,160,0,0.0,0.0,0.0,0.0
A,R01,testing,10,161,0,0.0,0.0,0.0,0.0
A,R01,testing,10,162,0,0.0,0.0,0.0,0.0
A,R01,testing,10,163,0,0.0,0.0,0.0,0.0
A,R01,testing,10,164,0,0.0,0.0,0.0,0.0
A,R01,testing,10,165,0,0.0,0.0,0.0,0.0
A,R01,testing,10,166,0,0.0,0.0,0.0,0.0
A,R01,testing,10,167,0,0.0,0.0,0.0,0.0
A,R01,testing,10,168,0,0.0,0.0,0.0,0.0
A,R01,testing,10,169,0,0.0,0.0,0.0,0.0
A,R01,testing,10,170,0,0.0,0.0,0.0,0.0
A,R01,testing,10,171,0,0.0,0.0,0.0,0.0
A,R01,testing,10,172,0,0.0,0.0,0.0,0.0
A,R01,testing,10,173,0,0.0,0.0,0.0,0.0
A,R01,testing,10,174,0,0.0,0.0,0.0,0.0
A,R01,testing,10,175,0,0.0,0.0,0.0,0.0
A,R01,testing,10,176,0,0.0,0.0,0.0,0.0
A,R01,testing,10,177,0,0.0,0.0,0.0,0.0
A,R01,testing,10,178,0,0.0,0.0,0.0,0.0
A,R01,testing,10,179,0,0.0,0.0,0.0,0.0
A,R01,testing,10,180,0,0.0,0.0,0.0,0.0
A,R01,testing,10,181,0,0.0,0.0,0.0,0.0
A,R01,testing,10,182,0,0.0,0.0,0.0,0.0
A,R01,testing,10,183,0,0.0,0.0,0.0,0.0
A,R01,testing,10,184,0,0.0,0.0,0.0,0.0
A,R01,testing,10,185,0,0.0,0.0,0.0,0.0
A,R01,testing,10,186,0,0.0,0.0,0.0,0.0
A,R01,testing,10,187,0,0.0,0.0,0.0,0.0
A,R01,testing,10,188,0,0.0,0.0,0.0,0.0
A,R01,testing,10,189,0,0.0,0.0,0.0,0.0
A,R01,testing,10,190,0,0.0,0.0,0.0,0.0
A,R01,testing,10,191,0,0.0,0.0,0.0,0.0
A,R01,testing,10,192,0,0.0,0.0,0.0,0.0
A,R01,testing,10,193,0,0.0,0.0,0.0,0.0
A,R01,testing,10,194,0,0.0,0.0,0.0,0.0
A,R01,testing,10,195,0,0.0,0.0,0.0,0.0
A,R01,testing,10,196,0,0.0,0.0,0.0,0.0
A,R01,testing,10,197,0,0.0,0.0,0.0,0.0
A,R01,testing,10,198,0,0.0,0.0,0.0,0.0
A,R01,testing,10,199,0,0.0,0.0,0.0,0.0
A,R01,testing,10,200,0,0.0,0.0,0.0,0.0
A,R01,testing,10,201,0,0.0,0.0,0.0,0.0
A,R01,testing,10,202,0,0.0,0.0,0.0,0.0
A,R01,testing,10,203,0,0.0,0.0,0.0,0.0
A,R01,testing,10,204,0,0.0,0.0,0.0,0.0
A,R01,testing,10,205,0,0.0,0.0,0.0,0.0
A,R01,testing,10,206,0,0.0,0.0,0.0,0.0
A,R01,testing,10,207,0,0.0,0.0,0.0,0.0
A,R01,testing,10,208,0,0.0,0.0,0.0,0.0
A,R01,testing,10,209,0,0.0,0.0,0.0,0.0
A,R01,testing,10,210,0,0.0,0.0,0.0,0.0
A,R01,testing,10,211,0,0.0,0.0,0.0,0.0
A,R01,testing,10,212,0,0.0,0.0,0.0,0.0
A,R01,testing,10,213,0,0.0,0.0,0.0,0.0
A,R01,testing,10,214,0,0.0,0.0,0.0,0.0
A,R01,testing,10,215,0,0.0,0.0,0.0,0.0
A,R01,testing,10,216,0,0.0,0.0,0.0,0.0
A,R01,testing,10,217,0,0.0,0.0,0.0,0.0
A,R01,testing,10,218,0,0.0,0.0,0.0,0.0
A,R01,testing,10,219,0,0.0,0.0,0.0,0.0
A,R01,testing,10,220,0,0.0,0.0,0.0,0.0
A,R01,testing,10,221,0,0.0,0.0,0.0,0.0
A,R01,testing,10,222,0,0.0,0.0,0.0,0.0
A,R01,testing,10,223,0,0.0,0.0,0.0,0.0
A,R01,testing,10,224,0,0.0,0.0,0.0,0.0
A,R01,testing,10,225,0,0.0,0.0,0.0,0.0
A,R01,testing,10,226,0,0.0,0.0,0.0,0.0
A,R01,testing,10,227,0,0.0,0.0,0.0,0.0
A,R01,testing,10,228,0,0.0,0.0,0.0,0.0
A,R01,testing,10,229,0,0.0,0.0,0.0,0.0
A,R01,testing,10,230,0,0.0,0.0,0.0,0.0
B,R01,testing,10,0,0,0.0,0.0,0.0,0.0
B,R01,testing,10,1,0,0.0,0.0,0.0,0.0
B,R01,testing,10,2,0,0.0,0.0,0.0,0.0
B,R01,testing,10,3,0,0.0,0.0,0.0,0.0
B,R01,testing,10,4,0,0.0,0.0,0.0,0.0
B,R01,testing,10,5,0,0.0,0.0,0.0,0.0
B,R01,testing,10,6,0,0.0,0.0,0.0,0.0
B,R01,testing,10,7,0,0.0,0.0,0.0,0.0
B,R01,testing,10,8,0,0.0,0.0,0.0,0.0
B,R01,testing,10,9,0,0.0,0.0,0.0,0.0
B,R01,testing,10,10,0,0.0,0.0,0.0,0.0
B,R01,testing,10,11,0,0.0,0.0,0.0,0.0
B,R01,testing,10,12,0,0.0,0.0,0.0,0.0
B,R01,testing,10,13,0,0.0,0.0,0.0,0.0
B,R01,testing,10,14,0,0.0,0.0,0.0,0.0
B,R01,testing,10,15,0,0.0,0.0,0.0,0.0
B,R01,testing,10,16,0,0.0,0.0,0.0,0.0
B,R01,testing,10,17,0,0.0,0.0,0.0,0.0
B,R01,testing,10,18,0,0.0,0.0,0.0,0.0
B,R01,testing,10,19,0,0.0,0.0,0.0,0.0
B,R01,testing,10,20,0,0.0,0.0,0.0,0.0
B,R01,testing,10,21,0,0.0,0.0,0.0,0.0
B,R01,testing,10,22,0,0.0,0.0,0.0,0.0
B,R01,testing,10,23,0,0.0,0.0,0.0,0.0
B,R01,testing,10,24,0,0.0,0.0,0.0,0.0
B,R01,testing,10,25,0,0.0,0.0,0.0,0.0
B,R01,testing,10,26,0,0.0,0.0,0.0,0.0
B,R01,testing,10,27,0,0.0,0.0,0.0,0.0
B,R01,testing,10,28,0,0.0,0.0,0.0,0.0
B,R01,testing,10,29,0,0.0,0.0,0.0,0.0
B,R01,testing,10,30,0,0.0,0.0,0.0,0.0
B,R01,testing,10,31,0,0.0,0.0,0.0,0.0
B,R01,testing,10,32,0,0.0,0.0,0.0,0.0
B,R01,testing,10,33,0,0.0,0.0,0.0,0.0
B,R01,testing,10,34,0,0.0,0.0,0.0,0.0
B,R01,testing,10,35,0,0.0,0.0,0.0,0.0
B,R01,testing,10,36,0,0.0,0.0,0.0,0.0
B,R01,testing,10,37,0,0.0,0.0,0.0,0.0
B,R01,testing,10,38,0,0.0,0.0,0.0,0.0
B,R01,testing,10,39,0,0.0,0.0,0.0,0.0
B,R01,testing,10,40,0,0.0,0.0,0.0,0.0
B,R01,testing,10,41,0,0.0,0.0,0.0,0.0
B,R01,testing,10,42,0,0.0,0.0,0.0,0.0
B,R01,testing,10,43,0,0.0,0.0,0.0,0.0
B,R01,testing,10,44,0,0.0,0.0,0.0,0.0
B,R01,testing,10,45,0,0.0,0.0,0.0,0.0
B,R01,testing,10,46,0,0.0,0.0,0.0,0.0
B,R01,testing,10,47,0,0.0,0.0,0.0,0.0
B,R01,testing,10,48,0,0.0,0.0,0.0,0.0
B,R01,testing,10,49,0,0.0,0.0,0.0,0.0
B,R01,testing,10,50,0,0.0,0.0,0.0,0.0
B,R01,testing,10,51,0,0.0,0.0,0.0,0.0
B,R01,testing,10,52,0,0.0,0.0,0.0,0.0
B,R01,testing,10,53,0,0.0,0.0,0.0,0.0
B,R01,testing,10,54,0,0.0,0.0,0.0,0.0
B,R01,testing,10,55,0,0.0,0.0,0.0,0.0
B,R01,testing,10,56,0,0.0,0.0,0.0,0.0
B,R01,testing,10,57,0,0.0,0.0,0.0,0.0
B,R01,testing,10,58,0,0.0,0.0,0.0,0.0
B,R01,testing,10,59,0,0.0,0.0,0.0,0.0
B,R01,testing,10,60,0,0.0,0.0,0.0,0.0
B,R01,testing,10,61,0,0.0,0.0,0.0,0.0
B,R01,testing,10,62,0,0.0,0.0,0.0,0.0
B,R01,testing,10,63,0,0.0,0.0,0.0,0.0
B,R01,testing,10,64,0,0.0,0.0,0.0,0.0
B,R01,testing,10,65,0,0.0,0.0,0.0,0.0
B,R01,testing,10,66,0,0.0,0.0,0.0,0.0
B,R01,testing,10,67,0,0.0,0.0,0.0,0.0
B,R01,testing,10,68,0,0.0,0.0,0.0,0.0
B,R01,testing,10,69,0,0.0,0.0,0.0,0.0
B,R01,testing,10,70,0,0.0,0.0,0.0,0.0
B,R01,testing,10,71,0,0.0,0.0,0.0,0.0
B,R01,testing,10,72,0,0.0,0.0,0.0,0.0
B,R01,testing,10,73,0,0.0,0.0,0.0,0.0
B,R01,testing,10,74,0,0.0,0.0,0.0,0.0
B,R01,testing,10,75,0,0.0,0.0,0.0,0.0
B,R01,testing,10,76,0,0.0,0.0,0.0,0.0
B,R01,testing,10,77,0,0.0,0.0,0.0,0.0
B,R01,testing,10,78,0,0.0,0.0,0.0,0.0
B,R01,testing,10,79,0,0.0,0.0,0.0,0.0
B,R01,testing,10,80,0,0.0,0.0,0.0,0.0
B,R01,testing,10,81,0,0.0,0.0,0.0,0.0
B,R01,testing,10,82,0,0.0,0.0,0.0,0.0
B,R01,testing,10,83,0,0.0,0.0,0.0,0.0
B,R01,testing,10,84,0,0.0,0.0,0.0,0.0
B,R01,testing,10,85,0,0.0,0.0,0.0,0.0
B,R01,testing,10,86,0,0.0,0.0,0.0,0.0
B,R01,testing,10,87,0,0.0,0.0,0.0,0.0
B,R01,testing,10,88,0,0.0,0.0,0.0,0.0
B,R01,testing,10,89,0,0.0,0.0,0.0,0.0
B,R01,testing,10,90,0,0.0,0.0,0.0,0.0
B,R01,testing,10,91,0,0.0,0.0,0.0,0.0
B,R01,testing,10,92,0,0.0,0.0,0.0,0.0
B,R01,testing,10,93,0,0.0,0.0,0.0,0.0
B,R01,testing,10,94,0,0.0,0.0,0.0,0.0
B,R01,testing,10,95,0,0.0,0.0,0.0,0.0
B,R01,testing,10,96,0,0.0,0.0,0.0,0.0
B,R01,testing,10,97,0,0.0,0.0,0.0,0.0
B,R01,testing,10,98,0,0.0,0.0,0.0,0.0
B,R01,testing,10,99,0,0.0,0.0,0.0,0.0
B,R01,testing,10,100,0,0.0,0.0,0.0,0.0
B,R01,testing,10,101,0,0.0,0.0,0.0,0.0
B,R01,testing,10,102,0,0.0,0.0,0.0,0.0
B,R01,testing,10,103,0,0.0,0.0,0.0,0.0
B,R01,testing,10,104,0,0.0,0.0,0.0,0.0
B,R01,testing,10,105,0,0.0,0.0,0.0,0.0
B,R01,testing,10,106,0,0.0,0.0,0.0,0.0
B,R01,testing,10,107,0,0.0,0.0,0.0,0.0
B,R01,testing,10,108,0,0.0,0.0,0.0,0.0
B,R01,testing,10,109,0,0.0,0.0,0.0,0.0
B,R01,testing,10,110,0,0.0,0.0,0.0,0.0
B,R01,testing,10,111,0,0.0,0.0,0.0,0.0
B,R01,testing,10,112,0,0.0,0.0,0.0,0.0
B,R01,testing,10,113,0,0.0,0.0,0.0,0.0
B,R01,testing,10,114,0,0.0,0.0,0.0,0.0
B,R01,testing,10,115,0,0.0,0.0,0.0,0.0
B,R01,testing,10,116,0,0.0,0.0,0.0,0.0
B,R01,testing,10,117,0,0.0,0.0,0.0,0.0
B,R01,testing,10,118,0,0.0,0.0,0.0,0.0
B,R01,testing,10,119,0,0.0,0.0,0.0,0.0
B,R01,testing,10,120,0,0.0,0.0,0.0,0.0
B,R01,testing,10,121,0,0.0,0.0,0.0,0.0
B,R01,testing,10,122,0,0.0,0.0,0.0,0.0
B,R01,testing,10,123,0,0.0,0.0,0.0,0.0
B,R01,testing,10,124,0,0.0,0.0,0.0,0.0
B,R01,testing,10,125,0,0.0,0.0,0.0,0.0
B,R01,testing,10,126,0,0.0,0.0,0.0,0.0
B,R01,testing,10,127,0,0.0,0.0,0.0,0.0
B,R01,testing,10,128,0,0.0,0.0,0.0,0.0
B,R01,testing,10,129,0,0.0,0.0,0.0,0.0
B,R01,testing,10,130,0,0.0,0.0,0.0,0.0
B,R01,testing,10,131,0,0.0,0.0,0.0,0.0
B,R01,testing,10,132,0,0.0,0.0,0.0,0.0
B,R01,testing,10,133,0,0.0,0.0,0.0,0.0
B,R01,testing,10,134,0,0.0,0.0,0.0,0.0
B,R01,testing,10,135,0,0.0,0.0,0.0,0.0
B,R01,testing,10,136,0,0.0,0.0,0.0,0.0
B,R01,testing,10,137,0,0.0,0.0,0.0,0.0
B,R01,testing,10,138,0,0.0,0.0,0.0,0.0
B,R01,testing,10,139,0,0.0,0.0,0.0,0.0
B,R01,testing,10,140,0,0.0,0.0,0.0,0.0
B,R01,testing,10,141,0,0.0,0.0,0.0,0.0
B,R01,testing,10,142,0,0.0,0.0,0.0,0.0
B,R01,testing,10,143,0,0.0,0.0,0.0,0.0
B,R01,testing,10,144,0,0.0,0.0,0.0,0.0
B,R01,testing,10,145,0,0.0,0.0,0.0,0.0
B,R01,testing,10,146,0,0.0,0.0,0.0,0.0
B,R01,testing,10,147,0,0.0,0.0,0.0,0.0
B,R01,testing,10,148,0,0.0,0.0,0.0,0.0
B,R01,testing,10,149,0,0.0,0.0,0.0,0.0
B,R01,testing,10,150,0,0.0,0.0,0.0,0.0
B,R01,testing,10,151,0,0.0,0.0,0.0,0.0
B,R01,testing,10,152,0,0.0,0.0,0.0,0.0
B,R01,testing,10,153,0,0.0,0.0,0.0,0.0
B,R01,testing,10,154,0,0.0,0.0,0.0,0.0
B,R01,testing,10,155,0,0.0,0.0,0.0,0.0
B,R01,testing,10,156,0,0.0,0.0,0.0,0.0
B,R01,testing,10,157,0,0.0,0.0,0.0,0.0
B,R01,testing,10,158,0,0.0,0.0,0.0,0.0
B,R01,testing,10,159,0,0.0,0.0,0.0,0.0
B,R01,testing,10,160,0,0.0,0.0,0.0,0.0
B,R01,testing,10,161,0,0.0,0.0,0.0,0.0
B,R01,testing,10,162,0,0.0,0.0,0.0,0.0
B,R01,testing,10,163,0,0.0,0.0,0.0,0.0
B,R01,testing,10,164,0,0.0,0.0,0.0,0.0
B,R01,testing,10,165,0,0.0,0.0,0.0,0.0
B,R01,testing,10,166,0,0.0,0.0,0.0,0.0
B,R01,testing,10,167,0,0.0,0.0,0.0,0.0
B,R01,testing,10,168,0,0.0,0.0,0.0,0.0
B,R01,testing,10,169,0,0.0,0.0,0.0,0.0
B,R01,testing,10,170,0,0.0,0.0,0.0,0.0
B,R01,testing,10,171,0,0.0,0.0,0.0,0.0
B,R01,testing,10,172,0,0.0,0.0,0.0,0.0
B,R01,testing,10,173,0,0.0,0.0,0.0,0.0
B,R01,testing,10,174,0,0.0,0.0,0.0,0.0
B,R01,testing,10,175,0,0.0,0.0,0.0,0.0
B,R01,testing,10,176,0,0.0,0.0,0.0,0.0
B,R01,testing,10,177,0,0.0,0.0,0.0,0.0
B,R01,testing,10,178,0,0.0,0.0,0.0,0.0
B,R01,testing,10,179,0,0.0,0.0,0.0,0.0
B,R01,testing,10,180,0,0.0,0.0,0.0,0.0
B,R01,testing,10,181,0,0.0,0.0,0.0,0.0
B,R01,testing,10,182,0,0.0,0.0,0.0,0.0
B,R01,testing,10,183,0,0.0,0.0,0.0,0.0
B,R01,testing,10,184,0,0.0,0.0,0.0,0.0
B,R01,testing,10,185,0,0.0,0.0,0.0,0.0
B,R01,testing,10,186,0,0.0,0.0,0.0,0.0
B,R01,testing,10,187,0,0.0,0.0,0.0,0.0
B,R01,testing,10,188,0,0.0,0.0,0.0,0.0
B,R01,testing,10,189,0,0.0,0.0,0.0,0.0
B,R01,testing,10,190,0,0.0,0.0,0.0,0.0
B,R01,testing,10,191,0,0.0,0.0,0.0,0.0
B,R01,testing,10,192,0,0.0,0.0,0.0,0.0
B,R01,testing,10,193,0,0.0,0.0,0.0,0.0
B,R01,testing,10,194,0,0.0,0.0,0.0,0.0
B,R01,testing,10,195,0,0.0,0.0,0.0,0.0
B,R01,testing,10,196,0,0.0,0.0,0.0,0.0
B,R01,testing,10,197,0,0.0,0.0,0.0,0.0
B,R01,testing,10,198,0,0.0,0.0,0.0,0.0
B,R01,testing,10,199,0,0.0,0.0,0.0,0.0
B,R01,testing,10,200,0,0.0,0.0,0.0,0.0
B,R01,testing,10,201,0,0.0,0.0,0.0,0.0
B,R01,testing,10,202,0,0.0,0.0,0.0,0.0
B,R01,testing,10,203,0,0.0,0.0,0.0,0.0
B,R01,testing,10,204,0,0.0,0.0,0.0,0.0
B,R01,testing,10,205,0,0.0,0.0,0.0,0.0
B,R01,testing,10,206,0,0.0,0.0,0.0,0.0
B,R01,testing,10,207,0,0.0,0.0,0.0,0.0
B,R01,testing,10,208,0,0.0,0.0,0.0,0.0
B,R01,testing,10,209,0,0.0,0.0,0.0,0.0
B,R01,testing,10,210,0,0.0,0.0,0.0,0.0
B,R01,testing,10,211,0,0.0,0.0,0.0,0.0
B,R01,testing,10,212,0,0.0,0.0,0.0,0.0
B,R01,testing,10,213,0,0.0,0.0,0.0,0.0
B,R01,testing,10,214,0,0.0,0.0,0.0,0.0
B,R01,testing,10,215,0,0.0,0.0,0.0,0.0
B,R01,testing,10,216,0,0.0,0.0,0.0,0.0
B,R01,testing,10,217,0,0.0,0.0,0.0,0.0
B,R01,testing,10,218,0,0.0,0.0,0.0,0.0
B,R01,testing,10,219,0,0.0,0.0,0.0,0.0
B,R01,testing,10,220,0,0.0,0.0,0.0,0.0
B,R01,testing,10,221,0,0.0,0.0,0.0,0.0
B,R01,testing,10,222,0,0.0,0.0,0.0,0.0
B,R01,testing,10,223,0,0.0,0.0,0.0,0.0
B,R01,testing,10,224,0,0.0,0.0,0.0,0.0
B,R01,testing,10,225,0,0.0,0.0,0.0,0.0
B,R01,testing,10,226,0,0.0,0.0,0.0,0.0
B,R01,testing,10,227,0,0.0,0.0,0.0,0.0
B,R01,testing,10,228,0,0.0,0.0,0.0,0.0
B,R01,testing,10,229,0,0.0,0.0,0.0,0.0
B,R01,testing,10,230,0,0.0,0.0,0.0,0.0
C,R01,testing,10,0,0,0.0,0.0,0.0,0.0
C,R01,testing,10,1,0,0.0,0.0,0.0,0.0
C,R01,testing,10,2,0,0.0,0.0,0.0,0.0
C,R01,testing,10,3,0,0.0,0.0,0.0,0.0
C,R01,testing,10,4,0,0.0,0.0,0.0,0.0
C,R01,testing,10,5,0,0.0,0.0,0.0,0.0
C,R01,testing,10,6,0,0.0,0.0,0.0,0.0
C,R01,testing,10,7,0,0.0,0.0,0.0,0.0
C,R01,testing,10,8,0,0.0,0.0,0.0,0.0
C,R01,testing,10,9,0,0.0,0.0,0.0,0.0
C,R01,testing,10,10,0,0.0,0.0,0.0,0.0
C,R01,testing,10,11,0,0.0,0.0,0.0,0.0
C,R01,testing,10,12,0,0.0,0.0,0.0,0.0
C,R01,testing,10,13,0,0.0,0.0,0.0,0.0
C,R01,testing,10,14,0,0.0,0.0,0.0,0.0
C,R01,testing,10,15,0,0.0,0.0,0.0,0.0
C,R01,testing,10,16,0,0.0,0.0,0.0,0.0
C,R01,testing,10,17,0,0.0,0.0,0.0,0.0
C,R01,testing,10,18,0,0.0,0.0,0.0,0.0
C,R01,testing,10,19,0,0.0,0.0,0.0,0.0
C,R01,testing,10,20,0,0.0,0.0,0.0,0.0
C,R01,testing,10,21,0,0.0,0.0,0.0,0.0
C,R01,testing,10,22,0,0.0,0.0,0.0,0.0
C,R01,testing,10,23,0,0.0,0.0,0.0,0.0
C,R01,testing,10,24,0,0.0,0.0,0.0,0.0
C,R01,testing,10,25,0,0.0,0.0,0.0,0.0
C,R01,testing,10,26,0,0.0,0.0,0.0,0.0
C,R01,testing,10,27,0,0.0,0.0,0.0,0.0
C,R01,testing,10,28,0,0.0,0.0,0.0,0.0
C,R01,testing,10,29,0,0.0,0.0,0.0,0.0
C,R01,testing,10,30,0,0.0,0.0,0.0,0.0
C,R01,testing,10,31,0,0.0,0.0,0.0,0.0
C,R01,testing,10,32,0,0.0,0.0,0.0,0.0
C,R01,testing,10,33,0,0.0,0.0,0.0,0.0
C,R01,testing,10,34,0,0.0,0.0,0.0,0.0
C,R01,testing,10,35,0,0.0,0.0,0.0,0.0
C,R01,testing,10,36,0,0.0,0.0,0.0,0.0
C,R01,testing,10,37,0,0.0,0.0,0.0,0.0
C,R01,testing,10,38,0,0.0,0.0,0.0,0.0
C,R01,testing,10,39,0,0.0,0.0,0.0,0.0
C,R01,testing,10,40,0,0.0,0.0,0.0,0.0
C,R01,testing,10,41,0,0.0,0.0,0.0,0.0
C,R01,testing,10,42,0,0.0,0.0,0.0,0.0
C,R01,testing,10,43,0,0.0,0.0,0.0,0.0
C,R01,testing,10,44,0,0.0,0.0,0.0,0.0
C,R01,testing,10,45,0,0.0,0.0,0.0,0.0
C,R01,testing,10,46,0,0.0,0.0,0.0,0.0
C,R01,testing,10,47,0,0.0,0.0,0.0,0.0
C,R01,testing,10,48,0,0.0,0.0,0.0,0.0
C,R01,testing,10,49,0,0.0,0.0,0.0,0.0
C,R01,testing,10,50,0,0.0,0.0,0.0,0.0
C,R01,testing,10,51,0,0.0,0.0,0.0,0.0
C,R01,testing,10,52,0,0.0,0.0,0.0,0.0
C,R01,testing,10,53,0,0.0,0.0,0.0,0.0
C,R01,testing,10,54,0,0.0,0.0,0.0,0.0
C,R01,testing,10,55,0,0.0,0.0,0.0,0.0
C,R01,testing,10,56,0,0.0,0.0,0.0,0.0
C,R01,testing,10,57,0,0.0,0.0,0.0,0.0
C,R01,testing,10,58,0,0.0,0.0,0.0,0.0
C,R01,testing,10,59,0,0.0,0.0,0.0,0.0
C,R01,testing,10,60,0,0.0,0.0,0.0,0.0
C,R01,testing,10,61,0,0.0,0.0,0.0,0.0
C,R01,testing,10,62,0,0.0,0.0,0.0,0.0
C,R01,testing,10,63,0,0.0,0.0,0.0,0.0
C,R01,testing,10,64,0,0.0,0.0,0.0,0.0
C,R01,testing,10,65,0,0.0,0.0,0.0,0.0
C,R01,testing,10,66,0,0.0,0.0,0.0,0.0
C,R01,testing,10,67,0,0.0,0.0,0.0,0.0
C,R01,testing,10,68,0,0.0,0.0,0.0,0.0
C,R01,testing,10,69,0,0.0,0.0,0.0,0.0
C,R01,testing,10,70,0,0.0,0.0,0.0,0.0
C,R01,testing,10,71,0,0.0,0.0,0.0,0.0
C,R01,testing,10,72,0,0.0,0.0,0.0,0.0
C,R01,testing,10,73,0,0.0,0.0,0.0,0.0
C,R01,testing,10,74,0,0.0,0.0,0.0,0.0
C,R01,testing,10,75,0,0.0,0.0,0.0,0.0
C,R01,testing,10,76,0,0.0,0.0,0.0,0.0
C,R01,testing,10,77,0,0.0,0.0,0.0,0.0
C,R01,testing,10,78,0,0.0,0.0,0.0,0.0
C,R01,testing,10,79,0,0.0,0.0,0.0,0.0
C,R01,testing,10,80,0,0.0,0.0,0.0,0.0
C,R01,testing,10,81,0,0.0,0.0,0.0,0.0
C,R01,testing,10,82,0,0.0,0.0,0.0,0.0
C,R01,testing,10,83,0,0.0,0.0,0.0,0.0
C,R01,testing,10,84,0,0.0,0.0,0.0,0.0
C,R01,testing,10,85,0,0.0,0.0,0.0,0.0
C,R01,testing,10,86,0,0.0,0.0,0.0,0.0
C,R01,testing,10,87,0,0.0,0.0,0.0,0.0
C,R01,testing,10,88,0,0.0,0.0,0.0,0.0
C,R01,testing,10,89,0,0.0,0.0,0.0,0.0
C,R01,testing,10,90,0,0.0,0.0,0.0,0.0
C,R01,testing,10,91,0,0.0,0.0,0.0,0.0
C,R01,testing,10,92,0,0.0,0.0,0.0,0.0
C,R01,testing,10,93,0,0.0,0.0,0.0,0.0
C,R01,testing,10,94,0,0.0,0.0,0.0,0.0
C,R01,testing,10,95,0,0.0,0.0,0.0,0.0
C,R01,testing,10,96,0,0.0,0.0,0.0,0.0
C,R01,testing,10,97,0,0.0,0.0,0.0,0.0
C,R01,testing,10,98,0,0.0,0.0,0.0,0.0
C,R01,testing,10,99,0,0.0,0.0,0.0,0.0
C,R01,testing,10,100,0,0.0,0.0,0.0,0.0
C,R01,testing,10,101,0,0.0,0.0,0.0,0.0
C,R01,testing,10,102,0,0.0,0.0,0.0,0.0
C,R01,testing,10,103,0,0.0,0.0,0.0,0.0
C,R01,testing,10,104,0,0.0,0.0,0.0,0.0
C,R01,testing,10,105,0,0.0,0.0,0.0,0.0
C,R01,testing,10,106,0,0.0,0.0,0.0,0.0
C,R01,testing,10,107,0,0.0,0.0,0.0,0.0
C,R01,testing,10,108,0,0.0,0.0,0.0,0.0
C,R01,testing,10,109,0,0.0,0.0,0.0,0.0
C,R01,testing,10,110,0,0.0,0.0,0.0,0.0
C,R01,testing,10,111,0,0.0,0.0,0.0,0.0
C,R01,testing,10,112,0,0.0,0.0,0.0,0.0
C,R01,testing,10,113,0,0.0,0.0,0.0,0.0
C,R01,testing,10,114,0,0.0,0.0,0.0,0.0
C,R01,testing,10,115,0,0.0,0.0,0.0,0.0
C,R01,testing,10,116,0,0.0,0.0,0.0,0.0
C,R01,testing,10,117,0,0.0,0.0,0.0,0.0
C,R01,testing,10,118,0,0.0,0.0,0.0,0.0
C,R01,testing,10,119,0,0.0,0.0,0.0,0.0
C,R01,testing,10,120,0,0.0,0.0,0.0,0.0
C,R01,testing,10,121,0,0.0,0.0,0.0,0.0
C,R01,testing,10,122,0,0.0,0.0,0.0,0.0
C,R01,testing,10,123,0,0.0,0.0,0.0,0.0
C,R01,testing,10,124,0,0.0,0.0,0.0,0.0
C,R01,testing,10,125,0,0.0,0.0,0.0,0.0
C,R01,testing,10,126,0,0.0,0.0,0.0,0.0
C,R01,testing,10,127,0,0.0,0.0,0.0,0.0
C,R01,testing,10,128,0,0.0,0.0,0.0,0.0
C,R01,testing,10,129,0,0.0,0.0,0.0,0.0
C,R01,testing,10,130,0,0.0,0.0,0.0,0.0
C,R01,testing,10,131,0,0.0,0.0,0.0,0.0
C,R01,testing,10,132,0,0.0,0.0,0.0,0.0
C,R01,testing,10,133,0,0.0,0.0,0.0,0.0
C,R01,testing,10,134,0,0.0,0.0,0.0,0.0
C,R01,testing,10,135,0,0.0,0.0,0.0,0.0
C,R01,testing,10,136,0,0.0,0.0,0.0,0.0
C,R01,testing,10,137,0,0.0,0.0,0.0,0.0
C,R01,testing,10,138,0,0.0,0.0,0.0,0.0
C,R01,testing,10,139,0,0.0,0.0,0.0,0.0
C,R01,testing,10,140,0,0.0,0.0,0.0,0.0
C,R01,testing,10,141,0,0.0,0.0,0.0,0.0
C,R01,testing,10,142,0,0.0,0.0,0.0,0.0
C,R01,testing,10,143,0,0.0,0.0,0.0,0.0
C,R01,testing,10,144,0,0.0,0.0,0.0,0.0
C,R01,testing,10,145,0,0.0,0.0,0.0,0.0
C,R01,testing,10,146,0,0.0,0.0,0.0,0.0
C,R01,testing,10,147,0,0.0,0.0,0.0,0.0
C,R01,testing,10,148,0,0.0,0.0,0.0,0.0
C,R01,testing,10,149,0,0.0,0.0,0.0,0.0
C,R01,testing,10,150,0,0.0,0.0,0.0,0.0
C,R01,testing,10,151,0,0.0,0.0,0.0,0.0
C,R01,testing,10,152,0,0.0,0.0,0.0,0.0
C,R01,testing,10,153,0,0.0,0.0,0.0,0.0
C,R01,testing,10,154,0,0.0,0.0,0.0,0.0
C,R01,testing,10,155,0,0.0,0.0,0.0,0.0
C,R01,testing,10,156,0,0.0,0.0,0.0,0.0
C,R01,testing,10,157,0,0.0,0.0,0.0,0.0
C,R01,testing,10,158,0,0.0,0.0,0.0,0.0
C,R01,testing,10,159,0,0.0,0.0,0.0,0.0
C,R01,testing,10,160,0,0.0,0.0,0.0,0.0
C,R01,testing,10,161,0,0.0,0.0,0.0,0.0
C,R01,testing,10,162,0,0.0,0.0,0.0,0.0
C,R01,testing,10,163,0,0.0,0.0,0.0,0.0
C,R01,testing,10,164,0,0.0,0.0,0.0,0.0
C,R01,testing,10,165,0,0.0,0.0,0.0,0.0
C,R01,testing,10,166,0,0.0,0.0,0.0,0.0
C,R01,testing,10,167,0,0.0,0.0,0.0,0.0
C,R01,testing,10,168,0,0.0,0.0,0.0,0.0
C,R01,testing,10,169,0,0.0,0.0,0.0,0.0
C,R01,testing,10,170,0,0.0,0.0,0.0,0.0
C,R01,testing,10,171,0,0.0,0.0,0.0,0.0
C,R01,testing,10,172,0,0.0,0.0,0.0,0.0
C,R01,testing,10,173,0,0.0,0.0,0.0,0.0
C,R01,testing,10,174,0,0.0,0.0,0.0,0.0
C,R01,testing,10,175,0,0.0,0.0,0.0,0.0
C,R01,testing,10,176,0,0.0,0.0,0.0,0.0
C,R01,testing,10,177,0,0.0,0.0,0.0,0.0
C,R01,testing,10,178,0,0.0,0.0,0.0,0.0
C,R01,testing,10,179,0,0.0,0.0,0.0,0.0
C,R01,testing,10,180,0,0.0,0.0,0.0,0.0
C,R01,testing,10,181,0,0.0,0.0,0.0,0.0
C,R01,testing,10,182,0,0.0,0.0,0.0,0.0
C,R01,testing,10,183,0,0.0,0.0,0.0,0.0
C,R01,testing,10,184,0,0.0,0.0,0.0,0.0
C,R01,testing,10,185,0,0.0,0.0,0.0,0.0
C,R01,testing,10,186,0,0.0,0.0,0.0,0.0
C,R01,testing,10,187,0,0.0,0.0,0.0,0.0
C,R01,testing,10,188,0,0.0,0.0,0.0,0.0
C,R01,testing,10,189,0,0.0,0.0,0.0,0.0
C,R01,testing,10,190,0,0.0,0.0,0.0,0.0
C,R01,testing,10,191,0,0.0,0.0,0.0,0.0
C,R01,testing,10,192,0,0.0,0.0,0.0,0.0
C,R01,testing,10,193,0,0.0,0.0,0.0,0.0
C,R01,testing,10,194,0,0.0,0.0,0.0,0.0
C,R01,testing,10,195,0,0.0,0.0,0.0,0.0
C,R01,testing,10,196,0,0.0,0.0,0.0,0.0
C,R01,testing,10,197,0,0.0,0.0,0.0,0.0
C,R01,testing,10,198,0,0.0,0.0,0.0,0.0
C,R01,testing,10,199,0,0.0,0.0,0.0,0.0
C,R01,testing,10,200,0,0.0,0.0,0.0,0.0
C,R01,testing,10,201,0,0.0,0.0,0.0,0.0
C,R01,testing,10,202,0,0.0,0.0,0.0,0.0
C,R01,testing,10,203,0,0.0,0.0,0.0,0.0
C,R01,testing,10,204,0,0.0,0.0,0.0,0.0
C,R01,testing,10,205,0,0.0,0.0,0.0,0.0
C,R01,testing,10,206,0,0.0,0.0,0.0,0.0
C,R01,testing,10,207,0,0.0,0.0,0.0,0.0
C,R01,testing,10,208,0,0.0,0.0,0.0,0.0
C,R01,testing,10,209,0,0.0,0.0,0.0,0.0
C,R01,testing,10,210,0,0.0,0.0,0.0,0.0
C,R01,testing,10,211,0,0.0,0.0,0.0,0.0
C,R01,testing,10,212,0,0.0,0.0,0.0,0.0
C,R01,testing,10,213,0,0.0,0.0,0.0,0.0
C,R01,testing,10,214,0,0.0,0.0,0.0,0.0
C,R01,testing,10,215,0,0.0,0.0,0.0,0.0
C,R01,testing,10,216,0,0.0,0.0,0.0,0.0
C,R01,testing,10,217,0,0.0,0.0,0.0,0.0
C,R01,testing,10,218,0,0.0,0.0,0.0,0.0
C,R01,testing,10,219,0,0.0,0.0,0.0,0.0
C,R01,testing,10,220,0,0.0,0.0,0.0,0.0
C,R01,testing,10,221,0,0.0,0.0,0.0,0.0
C,R01,testing,10,222,0,0.0,0.0,0.0,0.0
C,R01,testing,10,223,0,0.0,0.0,0.0,0.0
C,R01,testing,10,224,0,0.0,0.0,0.0,0.0
C,R01,testing,10,225,0,0.0,0.0,0.0,0.0
C,R01,testing,10,226,0,0.0,0.0,0.0,0.0
C,R01,testing,10,227,0,0.0,0.0,0.0,0.0
C,R01,testing,10,228,0,0.0,0.0,0.0,0.0
C,R01,testing,10,229,0,0.0,0.0,0.0,0.0
C,R01,testing,10,230,0,0.0,0.0,0.0,0.0
P1,R01,testing,10,0,0,0.0,0.0,0.0,0.0
P1,R01,testing,10,1,0,0.0,0.0,0.0,0.0
P1,R01,testing,10,2,0,0.0,0.0,0.0,0.0
P1,R01,testing,10,3,0,0.0,0.0,0.0,0.0
P1,R01,testing,10,4,0,0.0,0.0,0.0,0.0
P1,R01,testing,10,5,0,0.0,0.0,0.0,0.0
P1,R01,testing,10,6,0,0.0,0.0,0.0,0.0
P1,R01,testing,10,7,0,0.0,0.0,0.0,0.0
P1,R01,testing,10,8,0,0.0,0.0,0.0,0.0
P1,R01,testing,10,9,0,0.0,0.0,0.0,0.0
P1,R01,testing,10,10,0,0.0,0.0,0.0,0.0
P1,R01,testing,10,11,0,0.0,0.0,0.0,0.0
P1,R01,testing,10,12,0,0.0,0.0,0.0,0.0
P1,R01,testing,10,13,0,0.0,0.0,0.0,0.0
P1,R01,testing,10,14,0,0.0,0.0,0.0,0.0
P1,R01,testing,10,15,0,0.0,0.0,0.0,0.0
P1,R01,testing,10,16,0,0.0,0.0,0.0,0.0
P1,R01,testing,10,17,0,0.0,0.0,0.0,0.0
P1,R01,testing,10,18,0,0.0,0.0,0.0,0.0
P1,R01,testing,10,19,0,0.0,0.0,0.0,0.0
P1,R01,testing,10,20,0,0.0,0.0,0.0,0.0
P1,R01,testing,10,21,0,0.0,0.0,0.0,0.0
P1,R01,testing,10,22,0,0.0,0.0,0.0,0.0
P1,R01,testing,10,23,0,0.0,0.0,0.0,0.0
P1,R01,testing,10,24,0,0.0,0.0,0.0,0.0
P1,R01,testing,10,25,0,0.0,0.0,0.0,0.0
P1,R01,testing,10,26,0,0.0,0.0,0.0,0.0
P1,R01,testing,10,27,0,0.0,0.0,0.0,0.0
P1,R01,testing,10,28,0,0.0,0.0,0.0,0.0
P1,R01,testing,10,29,0,0.0,0.0,0.0,0.0
P1,R01,testing,10,30,0,0.0,0.0,0.0,0.0
P1,R01,testing,10,31,0,0.0,0.0,0.0,0.0
P1,R01,testing,10,32,0,0.0,0.0,0.0,0.0
P1,R01,testing,10,33,0,0.0,0.0,0.0,0.0
P1,R01,testing,10,34,0,0.0,0.0,0.0,0.0
P1,R01,testing,10,35,0,0.0,0.0,0.0,0.0
P1,R01,testing,10,36,0,0.0,0.0,0.0,0.0
P1,R01,testing,10,37,0,0.0,0.0,0.0,0.0
P1,R01,testing,10,38,0,0.0,0.0,0.0,0.0
P1,R01,testing,10,39,0,0.0,0.0,0.0,0.0
P1,R01,testing,10,40,0,0.0,0.0,0.0,0.0
P1,R01,testing,10,41,0,0.0,0.0,0.0,0.0
P1,R01,testing,10,42,0,0.0,0.0,0.0,0.0
P1,R01,testing,10,43,0,0.0,0.0,0.0,0.0
P1,R01,testing,10,44,0,0.0,0.0,0.0,0.0
P1,R01,testing,10,45,0,0.0,0.0,0.0,0.0
P1,R01,testing,10,46,0,0.0,0.0,0.0,0.0
P1,R01,testing,10,47,0,0.0,0.0,0.0,0.0
P1,R01,testing,10,48,0,0.0,0.0,0.0,0.0
P1,R01,testing,10,49,0,0.0,0.0,0.0,0.0
P1,R01,testing,10,50,0,0.0,0.0,0.0,0.0
P1,R01,testing,10,51,0,0.0,0.0,0.0,0.0
P1,R01,testing,10,52,0,0.0,0.0,0.0,0.0
P1,R01,testing,10,53,0,0.0,0.0,0.0,0.0
P1,R01,testing,10,54,0,0.0,0.0,0.0,0.0
P1,R01,testing,10,55,0,0.0,0.0,0.0,0.0
P1,R01,testing,10,56,0,0.0,0.0,0.0,0.0
P1,R01,testing,10,57,0,0.0,0.0,0.0,0.0
P1,R01,testing,10,58,0,0.0,0.0,0.0,0.0
P1,R01,testing,10,59,0,0.0,0.0,0.0,0.0
P1,R01,testing,10,60,0,0.0,0.0,0.0,0.0
P1,R01,testing,10,61,0,0.0,0.0,0.0,0.0
P1,R01,testing,10,62,0,0.0,0.0,0.0,0.0
P1,R01,testing,10,63,0,0.0,0.0,0.0,0.0
P1,R01,testing,10,64,0,0.0,0.0,0.0,0.0
P1,R01,testing,10,65,0,0.0,0.0,0.0,0.0
P1,R01,testing,10,66,0,0.0,0.0,0.0,0.0
P1,R01,testing,10,67,0,0.0,0.0,0.0,0.0
P1,R01,testing,10,68,0,0.0,0.0,0.0,0.0
P1,R01,testing,10,69,0,0.0,0.0,0.0,0.0
P1,R01,testing,10,70,0,0.0,0.0,0.0,0.0
P1,R01,testing,10,71,0,0.0,0.0,0.0,0.0
P1,R01,testing,10,72,0,0.0,0.0,0.0,0.0
P1,R01,testing,10,73,0,0.0,0.0,0.0,0.0
P1,R01,testing,10,74,0,0.0,0.0,0.0,0.0
P1,R01,testing,10,75,0,0.0,0.0,0.0,0.0
P1,R01,testing,10,76,0,0.0,0.0,0.0,0.0
P1,R01,testing,10,77,0,0.0,0.0,0.0,0.0
P1,R01,testing,10,78,0,0.0,0.0,0.0,0.0
P1,R01,testing,10,79,0,0.0,0.0,0.0,0.0
P1,R01,testing,10,80,0,0.0,0.0,0.0,0.0
P1,R01,testing,10,81,0,0.0,0.0,0.0,0.0
P1,R01,testing,10,82,0,0.0,0.0,0.0,0.0
P1,R01,testing,10,83,0,0.0,0.0,0.0,0.0
P1,R01,testing,10,84,0,0.0,0.0,0.0,0.0
P1,R01,testing,10,85,0,0.0,0.0,0.0,0.0
P1,R01,testing,10,86,0,0.0,0.0,0.0,0.0
P1,R01,testing,10,87,0,0.0,0.0,0.0,0.0
P1,R01,testing,10,88,0,0.0,0.0,0.0,0.0
P1,R01,testing,10,89,0,0.0,0.0,0.0,0.0
P1,R01,testing,10,90,0,0.0,0.0,0.0,0.0
P1,R01,testing,10,91,0,0.0,0.0,0.0,0.0
P1,R01,testing,10,92,0,0.0,0.0,0.0,0.0
P1,R01,testing,10,93,0,0.0,0.0,0.0,0.0
P1,R01,testing,10,94,0,0.0,0.0,0.0,0.0
P1,R01,testing,10,95,0,0.0,0.0,0.0,0.0
P1,R01,testing,10,96,0,0.0,0.0,0.0,0.0
P1,R01,testing,10,97,0,0.0,0.0,0.0,0.0
P1,R01,testing,10,98,0,0.0,0.0,0.0,0.0
P1,R01,testing,10,99,0,0.0,0.0,0.0,0.0
P1,R01,testing,10,100,0,0.0,0.0,0.0,0.0
P1,R01,testing,10,101,0,0.0,0.0,0.0,0.0
P1,R01,testing,10,102,0,0.0,0.0,0.0,0.0
P1,R01,testing,10,103,0,0.0,0.0,0.0,0.0
P1,R01,testing,10,104,0,0.0,0.0,0.0,0.0
P1,R01,testing,10,105,0,0.0,0.0,0.0,0.0
P1,R01,testing,10,106,0,0.0,0.0,0.0,0.0
P1,R01,testing,10,107,0,0.0,0.0,0.0,0.0
P1,R01,testing,10,108,0,0.0,0.0,0.0,0.0
P1,R01,testing,10,109,0,0.0,0.0,0.0,0.0
P1,R01,testing,10,110,0,0.0,0.0,0.0,0.0
P1,R01,testing,10,111,0,0.0,0.0,0.0,0.0
P1,R01,testing,10,112,0,0.0,0.0,0.0,0.0
P1,R01,testing,10,113,0,0.0,0.0,0.0,0.0
P1,R01,testing,10,114,0,0.0,0.0,0.0,0.0
P1,R01,testing,10,115,0,0.0,0.0,0.0,0.0
P1,R01,testing,10,116,0,0.0,0.0,0.0,0.0
P1,R01,testing,10,117,0,0.0,0.0,0.0,0.0
P1,R01,testing,10,118,0,0.0,0.0,0.0,0.0
P1,R01,testing,10,119,0,0.0,0.0,0.0,0.0
P1,R01,testing,10,120,0,0.0,0.0,0.0,0.0
P1,R01,testing,10,121,0,0.0,0.0,0.0,0.0
P1,R01,testing,10,122,0,0.0,0.0,0.0,0.0
P1,R01,testing,10,123,0,0.0,0.0,0.0,0.0
P1,R01,testing,10,124,0,0.0,0.0,0.0,0.0
P1,R01,testing,10,125,0,0.0,0.0,0.0,0.0
P1,R01,testing,10,126,0,0.0,0.0,0.0,0.0
P1,R01,testing,10,127,0,0.0,0.0,0.0,0.0
P1,R01,testing,10,128,0,0.0,0.0,0.0,0.0
P1,R01,testing,10,129,0,0.0,0.0,0.0,0.0
P1,R01,testing,10,130,0,0.0,0.0,0.0,0.0
P1,R01,testing,10,131,0,0.0,0.0,0.0,0.0
P1,R01,testing,10,132,0,0.0,0.0,0.0,0.0
P1,R01,testing,10,133,0,0.0,0.0,0.0,0.0
P1,R01,testing,10,134,0,0.0,0.0,0.0,0.0
P1,R01,testing,10,135,0,0.0,0.0,0.0,0.0
P1,R01,testing,10,136,0,0.0,0.0,0.0,0.0
P1,R01,testing,10,137,0,0.0,0.0,0.0,0.0
P1,R01,testing,10,138,0,0.0,0.0,0.0,0.0
P1,R01,testing,10,139,0,0.0,0.0,0.0,0.0
P1,R01,testing,10,140,0,0.0,0.0,0.0,0.0
P1,R01,testing,10,141,0,0.0,0.0,0.0,0.0
P1,R01,testing,10,142,0,0.0,0.0,0.0,0.0
P1,R01,testing,10,143,0,0.0,0.0,0.0,0.0
P1,R01,testing,10,144,0,0.0,0.0,0.0,0.0
P1,R01,testing,10,145,0,0.0,0.0,0.0,0.0
P1,R01,testing,10,146,0,0.0,0.0,0.0,0.0
P1,R01,testing,10,147,0,0.0,0.0,0.0,0.0
P1,R01,testing,10,148,0,0.0,0.0,0.0,0.0
P1,R01,testing,10,149,0,0.0,0.0,0.0,0.0
P1,R01,testing,10,150,0,0.0,0.0,0.0,0.0
P1,R01,testing,10,151,0,0.0,0.0,0.0,0.0
P1,R01,testing,10,152,0,0.0,0.0,0.0,0.0
P1,R01,testing,10,153,0,0.0,0.0,0.0,0.0
P1,R01,testing,10,154,0,0.0,0.0,0.0,0.0
P1,R01,testing,10,155,0,0.0,0.0,0.0,0.0
P1,R01,testing,10,156,0,0.0,0.0,0.0,0.0
P1,R01,testing,10,157,0,0.0,0.0,0.0,0.0
P1,R01,testing,10,158,0,0.0,0.0,0.0,0.0
P1,R01,testing,10,159,0,0.0,0.0,0.0,0.0
P1,R01,testing,10,160,0,0.0,0.0,0.0,0.0
P1,R01,testing,10,161,0,0.0,0.0,0.0,0.0
P1,R01,testing,10,162,0,0.0,0.0,0.0,0.0
P1,R01,testing,10,163,0,0.0,0.0,0.0,0.0
P1,R01,testing,10,164,0,0.0,0.0,0.0,0.0
P1,R01,testing,10,165,0,0.0,0.0,0.0,0.0
P1,R01,testing,10,166,0,0.0,0.0,0.0,0.0
P1,R01,testing,10,167,0,0.0,0.0,0.0,0.0
P1,R01,testing,10,168,0,0.0,0.0,0.0,0.0
P1,R01,testing,10,169,0,0.0,0.0,0.0,0.0
P1,R01,testing,10,170,0,0.0,0.0,0.0,0.0
P1,R01,testing,10,171,0,0.0,0.0,0.0,0.0
P1,R01,testing,10,172,0,0.0,0.0,0.0,0.0
P1,R01,testing,10,173,0,0.0,0.0,0.0,0.0
P1,R01,testing,10,174,0,0.0,0.0,0.0,0.0
P1,R01,testing,10,175,0,0.0,0.0,0.0,0.0
P1,R01,testing,10,176,0,0.0,0.0,0.0,0.0
P1,R01,testing,10,177,0,0.0,0.0,0.0,0.0
P1,R01,testing,10,178,0,0.0,0.0,0.0,0.0
P1,R01,testing,10,179,0,0.0,0.0,0.0,0.0
P1,R01,testing,10,180,0,0.0,0.0,0.0,0.0
P1,R01,testing,10,181,0,0.0,0.0,0.0,0.0
P1,R01,testing,10,182,0,0.0,0.0,0.0,0.0
P1,R01,testing,10,183,0,0.0,0.0,0.0,0.0
P1,R01,testing,10,184,0,0.0,0.0,0.0,0.0
P1,R01,testing,10,185,0,0.0,0.0,0.0,0.0
P1,R01,testing,10,186,0,0.0,0.0,0.0,0.0
P1,R01,testing,10,187,0,0.0,0.0,0.0,0.0
P1,R01,testing,10,188,0,0.0,0.0,0.0,0.0
P1,R01,testing,10,189,0,0.0,0.0,0.0,0.0
P1,R01,testing,10,190,0,0.0,0.0,0.0,0.0
P1,R01,testing,10,191,0,0.0,0.0,0.0,0.0
P1,R01,testing,10,192,0,0.0,0.0,0.0,0.0
P1,R01,testing,10,193,0,0.0,0.0,0.0,0.0
P1,R01,testing,10,194,0,0.0,0.0,0.0,0.0
P1,R01,testing,10,195,0,0.0,0.0,0.0,0.0
P1,R01,testing,10,196,0,0.0,0.0,0.0,0.0
P1,R01,testing,10,197,0,0.0,0.0,0.0,0.0
P1,R01,testing,10,198,0,0.0,0.0,0.0,0.0
P1,R01,testing,10,199,0,0.0,0.0,0.0,0.0
P1,R01,testing,10,200,0,0.0,0.0,0.0,0.0
P1,R01,testing,10,201,0,0.0,0.0,0.0,0.0
P1,R01,testing,10,202,0,0.0,0.0,0.0,0.0
P1,R01,testing,10,203,0,0.0,0.0,0.0,0.0
P1,R01,testing,10,204,0,0.0,0.0,0.0,0.0
P1,R01,testing,10,205,0,0.0,0.0,0.0,0.0
P1,R01,testing,10,206,0,0.0,0.0,0.0,0.0
P1,R01,testing,10,207,0,0.0,0.0,0.0,0.0
P1,R01,testing,10,208,0,0.0,0.0,0.0,0.0
P1,R01,testing,10,209,0,0.0,0.0,0.0,0.0
P1,R01,testing,10,210,0,0.0,0.0,0.0,0.0
P1,R01,testing,10,211,0,0.0,0.0,0.0,0.0
P1,R01,testing,10,212,0,0.0,0.0,0.0,0.0
P1,R01,testing,10,213,0,0.0,0.0,0.0,0.0
P1,R01,testing,10,214,0,0.0,0.0,0.0,0.0
P1,R01,testing,10,215,0,0.0,0.0,0.0,0.0
P1,R01,testing,10,216,0,0.0,0.0,0.0,0.0
P1,R01,testing,10,217,0,0.0,0.0,0.0,0.0
P1,R01,testing,10,218,0,0.0,0.0,0.0,0.0
P1,R01,testing,10,219,0,0.0,0.0,0.0,0.0
P1,R01,testing,10,220,0,0.0,0.0,0.0,0.0
P1,R01,testing,10,221,0,0.0,0.0,0.0,0.0
P1,R01,testing,10,222,0,0.0,0.0,0.0,0.0
P1,R01,testing,10,223,0,0.0,0.0,0.0,0.0
P1,R01,testing,10,224,0,0.0,0.0,0.0,0.0
P1,R01,testing,10,225,0,0.0,0.0,0.0,0.0
P1,R01,testing,10,226,0,0.0,0.0,0.0,0.0
P1,R01,testing,10,227,0,0.0,0.0,0.0,0.0
P1,R01,testing,10,228,0,0.0,0.0,0.0,0.0
P1,R01,testing,10,229,0,0.0,0.0,0.0,0.0
P1,R01,testing,10,230,0,0.0,0.0,0.0,0.0
P2,R01,testing,10,0,0,0.0,0.0,0.0,0.0
P2,R01,testing,10,1,0,0.0,0.0,0.0,0.0
P2,R01,testing,10,2,0,0.0,0.0,0.0,0.0
P2,R01,testing,10,3,0,0.0,0.0,0.0,0.0
P2,R01,testing,10,4,0,0.0,0.0,0.0,0.0
P2,R01,testing,10,5,0,0.0,0.0,0.0,0.0
P2,R01,testing,10,6,0,0.0,0.0,0.0,0.0
P2,R01,testing,10,7,0,0.0,0.0,0.0,0.0
P2,R01,testing,10,8,0,0.0,0.0,0.0,0.0
P2,R01,testing,10,9,0,0.0,0.0,0.0,0.0
P2,R01,testing,10,10,0,0.0,0.0,0.0,0.0
P2,R01,testing,10,11,0,0.0,0.0,0.0,0.0
P2,R01,testing,10,12,0,0.0,0.0,0.0,0.0
P2,R01,testing,10,13,0,0.0,0.0,0.0,0.0
P2,R01,testing,10,14,0,0.0,0.0,0.0,0.0
P2,R01,testing,10,15,0,0.0,0.0,0.0,0.0
P2,R01,testing,10,16,0,0.0,0.0,0.0,0.0
P2,R01,testing,10,17,0,0.0,0.0,0.0,0.0
P2,R01,testing,10,18,0,0.0,0.0,0.0,0.0
P2,R01,testing,10,19,0,0.0,0.0,0.0,0.0
P2,R01,testing,10,20,0,0.0,0.0,0.0,0.0
P2,R01,testing,10,21,0,0.0,0.0,0.0,0.0
P2,R01,testing,10,22,0,0.0,0.0,0.0,0.0
P2,R01,testing,10,23,0,0.0,0.0,0.0,0.0
P2,R01,testing,10,24,0,0.0,0.0,0.0,0.0
P2,R01,testing,10,25,0,0.0,0.0,0.0,0.0
P2,R01,testing,10,26,0,0.0,0.0,0.0,0.0
P2,R01,testing,10,27,0,0.0,0.0,0.0,0.0
P2,R01,testing,10,28,0,0.0,0.0,0.0,0.0
P2,R01,testing,10,29,0,0.0,0.0,0.0,0.0
P2,R01,testing,10,30,0,0.0,0.0,0.0,0.0
P2,R01,testing,10,31,0,0.0,0.0,0.0,0.0
P2,R01,testing,10,32,0,0.0,0.0,0.0,0.0
P2,R01,testing,10,33,0,0.0,0.0,0.0,0.0
P2,R01,testing,10,34,0,0.0,0.0,0.0,0.0
P2,R01,testing,10,35,0,0.0,0.0,0.0,0.0
P2,R01,testing,10,36,0,0.0,0.0,0.0,0.0
P2,R01,testing,10,37,0,0.0,0.0,0.0,0.0
P2,R01,testing,10,38,0,0.0,0.0,0.0,0.0
P2,R01,testing,10,39,0,0.0,0.0,0.0,0.0
P2,R01,testing,10,40,0,0.0,0.0,0.0,0.0
P2,R01,testing,10,41,0,0.0,0.0,0.0,0.0
P2,R01,testing,10,42,0,0.0,0.0,0.0,0.0
P2,R01,testing,10,43,0,0.0,0.0,0.0,0.0
P2,R01,testing,10,44,0,0.0,0.0,0.0,0.0
P2,R01,testing,10,45,0,0.0,0.0,0.0,0.0
P2,R01,testing,10,46,0,0.0,0.0,0.0,0.0
P2,R01,testing,10,47,0,0.0,0.0,0.0,0.0
P2,R01,testing,10,48,0,0.0,0.0,0.0,0.0
P2,R01,testing,10,49,0,0.0,0.0,0.0,0.0
P2,R01,testing,10,50,0,0.0,0.0,0.0,0.0
P2,R01,testing,10,51,0,0.0,0.0,0.0,0.0
P2,R01,testing,10,52,0,0.0,0.0,0.0,0.0
P2,R01,testing,10,53,0,0.0,0.0,0.0,0.0
P2,R01,testing,10,54,0,0.0,0.0,0.0,0.0
P2,R01,testing,10,55,0,0.0,0.0,0.0,0.0
P2,R01,testing,10,56,0,0.0,0.0,0.0,0.0
P2,R01,testing,10,57,0,0.0,0.0,0.0,0.0
P2,R01,testing,10,58,0,0.0,0.0,0.0,0.0
P2,R01,testing,10,59,0,0.0,0.0,0.0,0.0
P2,R01,testing,10,60,0,0.0,0.0,0.0,0.0
P2,R01,testing,10,61,0,0.0,0.0,0.0,0.0
P2,R01,testing,10,62,0,0.0,0.0,0.0,0.0
P2,R01,testing,10,63,0,0.0,0.0,0.0,0.0
P2,R01,testing,10,64,0,0.0,0.0,0.0,0.0
P2,R01,testing,10,65,0,0.0,0.0,0.0,0.0
P2,R01,testing,10,66,0,0.0,0.0,0.0,0.0
P2,R01,testing,10,67,0,0.0,0.0,0.0,0.0
P2,R01,testing,10,68,0,0.0,0.0,0.0,0.0
P2,R01,testing,10,69,0,0.0,0.0,0.0,0.0
P2,R01,testing,10,70,0,0.0,0.0,0.0,0.0
P2,R01,testing,10,71,0,0.0,0.0,0.0,0.0
P2,R01,testing,10,72,0,0.0,0.0,0.0,0.0
P2,R01,testing,10,73,0,0.0,0.0,0.0,0.0
P2,R01,testing,10,74,0,0.0,0.0,0.0,0.0
P2,R01,testing,10,75,0,0.0,0.0,0.0,0.0
P2,R01,testing,10,76,0,0.0,0.0,0.0,0.0
P2,R01,testing,10,77,0,0.0,0.0,0.0,0.0
P2,R01,testing,10,78,0,0.0,0.0,0.0,0.0
P2,R01,testing,10,79,0,0.0,0.0,0.0,0.0
P2,R01,testing,10,80,0,0.0,0.0,0.0,0.0
P2,R01,testing,10,81,0,0.0,0.0,0.0,0.0
P2,R01,testing,10,82,0,0.0,0.0,0.0,0.0
P2,R01,testing,10,83,0,0.0,0.0,0.0,0.0
P2,R01,testing,10,84,0,0.0,0.0,0.0,0.0
P2,R01,testing,10,85,0,0.0,0.0,0.0,0.0
P2,R01,testing,10,86,0,0.0,0.0,0.0,0.0
P2,R01,testing,10,87,0,0.0,0.0,0.0,0.0
P2,R01,testing,10,88,0,0.0,0.0,0.0,0.0
P2,R01,testing,10,89,0,0.0,0.0,0.0,0.0
P2,R01,testing,10,90,0,0.0,0.0,0.0,0.0
P2,R01,testing,10,91,0,0.0,0.0,0.0,0.0
P2,R01,testing,10,92,0,0.0,0.0,0.0,0.0
P2,R01,testing,10,93,0,0.0,0.0,0.0,0.0
P2,R01,testing,10,94,0,0.0,0.0,0.0,0.0
P2,R01,testing,10,95,0,0.0,0.0,0.0,0.0
P2,R01,testing,10,96,0,0.0,0.0,0.0,0.0
P2,R01,testing,10,97,0,0.0,0.0,0.0,0.0
P2,R01,testing,10,98,0,0.0,0.0,0.0,0.0
P2,R01,testing,10,99,0,0.0,0.0,0.0,0.0
P2,R01,testing,10,100,0,0.0,0.0,0.0,0.0
P2,R01,testing,10,101,0,0.0,0.0,0.0,0.0
P2,R01,testing,10,102,0,0.0,0.0,0.0,0.0
P2,R01,testing,10,103,0,0.0,0.0,0.0,0.0
P2,R01,testing,10,104,0,0.0,0.0,0.0,0.0
P2,R01,testing,10,105,0,0.0,0.0,0.0,0.0
P2,R01,testing,10,106,0,0.0,0.0,0.0,0.0
P2,R01,testing,10,107,0,0.0,0.0,0.0,0.0
P2,R01,testing,10,108,0,0.0,0.0,0.0,0.0
P2,R01,testing,10,109,0,0.0,0.0,0.0,0.0
P2,R01,testing,10,110,0,0.0,0.0,0.0,0.0
P2,R01,testing,10,111,0,0.0,0.0,0.0,0.0
P2,R01,testing,10,112,0,0.0,0.0,0.0,0.0
P2,R01,testing,10,113,0,0.0,0.0,0.0,0.0
P2,R01,testing,10,114,0,0.0,0.0,0.0,0.0
P2,R01,testing,10,115,0,0.0,0.0,0.0,0.0
P2,R01,testing,10,116,0,0.0,0.0,0.0,0.0
P2,R01,testing,10,117,0,0.0,0.0,0.0,0.0
P2,R01,testing,10,118,0,0.0,0.0,0.0,0.0
P2,R01,testing,10,119,0,0.0,0.0,0.0,0.0
P2,R01,testing,10,120,0,0.0,0.0,0.0,0.0
P2,R01,testing,10,121,0,0.0,0.0,0.0,0.0
P2,R01,testing,10,122,0,0.0,0.0,0.0,0.0
P2,R01,testing,10,123,0,0.0,0.0,0.0,0.0
P2,R01,testing,10,124,0,0.0,0.0,0.0,0.0
P2,R01,testing,10,125,0,0.0,0.0,0.0,0.0
P2,R01,testing,10,126,0,0.0,0.0,0.0,0.0
P2,R01,testing,10,127,0,0.0,0.0,0.0,0.0
P2,R01,testing,10,128,0,0.0,0.0,0.0,0.0
P2,R01,testing,10,129,0,0.0,0.0,0.0,0.0
P2,R01,testing,10,130,0,0.0,0.0,0.0,0.0
P2,R01,testing,10,131,0,0.0,0.0,0.0,0.0
P2,R01,testing,10,132,0,0.0,0.0,0.0,0.0
P2,R01,testing,10,133,0,0.0,0.0,0.0,0.0
P2,R01,testing,10,134,0,0.0,0.0,0.0,0.0
P2,R01,testing,10,135,0,0.0,0.0,0.0,0.0
P2,R01,testing,10,136,0,0.0,0.0,0.0,0.0
P2,R01,testing,10,137,0,0.0,0.0,0.0,0.0
P2,R01,testing,10,138,0,0.0,0.0,0.0,0.0
P2,R01,testing,10,139,0,0.0,0.0,0.0,0.0
P2,R01,testing,10,140,0,0.0,0.0,0.0,0.0
P2,R01,testing,10,141,0,0.0,0.0,0.0,0.0
P2,R01,testing,10,142,0,0.0,0.0,0.0,0.0
P2,R01,testing,10,143,0,0.0,0.0,0.0,0.0
P2,R01,testing,10,144,0,0.0,0.0,0.0,0.0
P2,R01,testing,10,145,0,0.0,0.0,0.0,0.0
P2,R01,testing,10,146,0,0.0,0.0,0.0,0.0
P2,R01,testing,10,147,0,0.0,0.0,0.0,0.0
P2,R01,testing,10,148,0,0.0,0.0,0.0,0.0
P2,R01,testing,10,149,0,0.0,0.0,0.0,0.0
P2,R01,testing,10,150,0,0.0,0.0,0.0,0.0
P2,R01,testing,10,151,0,0.0,0.0,0.0,0.0
P2,R01,testing,10,152,0,0.0,0.0,0.0,0.0
P2,R01,testing,10,153,0,0.0,0.0,0.0,0.0
P2,R01,testing,10,154,0,0.0,0.0,0.0,0.0
P2,R01,testing,10,155,0,0.0,0.0,0.0,0.0
P2,R01,testing,10,156,0,0.0,0.0,0.0,0.0
P2,R01,testing,10,157,0,0.0,0.0,0.0,0.0
P2,R01,testing,10,158,0,0.0,0.0,0.0,0.0
P2,R01,testing,10,159,0,0.0,0.0,0.0,0.0
P2,R01,testing,10,160,0,0.0,0.0,0.0,0.0
P2,R01,testing,10,161,0,0.0,0.0,0.0,0.0
P2,R01,testing,10,162,0,0.0,0.0,0.0,0.0
P2,R01,testing,10,163,0,0.0,0.0,0.0,0.0
P2,R01,testing,10,164,0,0.0,0.0,0.0,0.0
P2,R01,testing,10,165,0,0.0,0.0,0.0,0.0
P2,R01,testing,10,166,0,0.0,0.0,0.0,0.0
P2,R01,testing,10,167,0,0.0,0.0,0.0,0.0
P2,R01,testing,10,168,0,0.0,0.0,0.0,0.0
P2,R01,testing,10,169,0,0.0,0.0,0.0,0.0
P2,R01,testing,10,170,0,0.0,0.0,0.0,0.0
P2,R01,testing,10,171,0,0.0,0.0,0.0,0.0
P2,R01,testing,10,172,0,0.0,0.0,0.0,0.0
P2,R01,testing,10,173,0,0.0,0.0,0.0,0.0
P2,R01,testing,10,174,0,0.0,0.0,0.0,0.0
P2,R01,testing,10,175,0,0.0,0.0,0.0,0.0
P2,R01,testing,10,176,0,0.0,0.0,0.0,0.0
P2,R01,testing,10,177,0,0.0,0.0,0.0,0.0
P2,R01,testing,10,178,0,0.0,0.0,0.0,0.0
P2,R01,testing,10,179,0,0.0,0.0,0.0,0.0
P2,R01,testing,10,180,0,0.0,0.0,0.0,0.0
P2,R01,testing,10,181,0,0.0,0.0,0.0,0.0
P2,R01,testing,10,182,0,0.0,0.0,0.0,0.0
P2,R01,testing,10,183,0,0.0,0.0,0.0,0.0
P2,R01,testing,10,184,0,0.0,0.0,0.0,0.0
P2,R01,testing,10,185,0,0.0,0.0,0.0,0.0
P2,R01,testing,10,186,0,0.0,0.0,0.0,0.0
P2,R01,testing,10,187,0,0.0,0.0,0.0,0.0
P2,R01,testing,10,188,0,0.0,0.0,0.0,0.0
P2,R01,testing,10,189,0,0.0,0.0,0.0,0.0
P2,R01,testing,10,190,0,0.0,0.0,0.0,0.0
P2,R01,testing,10,191,0,0.0,0.0,0.0,0.0
P2,R01,testing,10,192,0,0.0,0.0,0.0,0.0
P2,R01,testing,10,193,0,0.0,0.0,0.0,0.0
P2,R01,testing,10,194,0,0.0,0.0,0.0,0.0
P2,R01,testing,10,195,0,0.0,0.0,0.0,0.0
P2,R01,testing,10,196,0,0.0,0.0,0.0,0.0
P2,R01,testing,10,197,0,0.0,0.0,0.0,0.0
P2,R01,testing,10,198,0,0.0,0.0,0.0,0.0
P2,R01,testing,10,199,0,0.0,0.0,0.0,0.0
P2,R01,testing,10,200,0,0.0,0.0,0.0,0.0
P2,R01,testing,10,201,0,0.0,0.0,0.0,0.0
P2,R01,testing,10,202,0,0.0,0.0,0.0,0.0
P2,R01,testing,10,203,0,0.0,0.0,0.0,0.0
P2,R01,testing,10,204,0,0.0,0.0,0.0,0.0
P2,R01,testing,10,205,0,0.0,0.0,0.0,0.0
P2,R01,testing,10,206,0,0.0,0.0,0.0,0.0
P2,R01,testing,10,207,0,0.0,0.0,0.0,0.0
P2,R01,testing,10,208,0,0.0,0.0,0.0,0.0
P2,R01,testing,10,209,0,0.0,0.0,0.0,0.0
P2,R01,testing,10,210,0,0.0,0.0,0.0,0.0
P2,R01,testing,10,211,0,0.0,0.0,0.0,0.0
P2,R01,testing,10,212,0,0.0,0.0,0.0,0.0
P2,R01,testing,10,213,0,0.0,0.0,0.0,0.0
P2,R01,testing,10,214,0,0.0,0.0,0.0,0.0
P2,R01,testing,10,215,0,0.0,0.0,0.0,0.0
P2,R01,testing,10,216,0,0.0,0.0,0.0,0.0
P2,R01,testing,10,217,0,0.0,0.0,0.0,0.0
P2,R01,testing,10,218,0,0.0,0.0,0.0,0.0
P2,R01,testing,10,219,0,0.0,0.0,0.0,0.0
P2,R01,testing,10,220,0,0.0,0.0,0.0,0.0
P2,R01,testing,10,221,0,0.0,0.0,0.0,0.0
P2,R01,testing,10,222,0,0.0,0.0,0.0,0.0
P2,R01,testing,10,223,0,0.0,0.0,0.0,0.0
P2,R01,testing,10,224,0,0.0,0.0,0.0,0.0
P2,R01,testing,10,225,0,0.0,0.0,0.0,0.0
P2,R01,testing,10,226,0,0.0,0.0,0.0,0.0
P2,R01,testing,10,227,0,0.0,0.0,0.0,0.0
P2,R01,testing,10,228,0,0.0,0.0,0.0,0.0
P2,R01,testing,10,229,0,0.0,0.0,0.0,0.0
P2,R01,testing,10,230,0,0.0,0.0,0.0,0.0
P3,R01,testing,10,0,0,1.0,1.0,0.4667388030418928,0.2855529962392968
P3,R01,testing,10,1,0,1.0,1.0,0.4667388030418928,0.28801422421466755
P3,R01,testing,10,2,0,1.0,1.0,0.4667388030418928,0.2904747010254904
P3,R01,testing,10,3,0,1.0,1.0,0.4667388030418928,0.29293404658459304
P3,R01,testing,10,4,0,1.0,1.0,0.4667388030418928,0.29539187783000503
P3,R01,testing,10,5,0,1.0,1.0,0.4667388030418928,0.29784780881611506
P3,R01,testing,10,6,0,1.0,1.0,0.4667388030418928,0.30030145080669135
P3,R01,testing,10,7,0,1.0,1.0,0.4667388030418928,0.3027524123697382
P3,R01,testing,10,8,0,1.0,1.0,0.4667388030418928,0.30520029947416066
P3,R01,testing,10,9,0,1.0,1.0,0.4667388030418928,0.3076447155882087
P3,R01,testing,10,10,0,1.0,1.0,0.4667388030418928,0.3100852617796702
P3,R01,testing,10,11,0,1.0,1.0,0.4667388030418928,0.31252153681778144
P3,R01,testing,10,12,0,1.0,1.0,0.4667388030418928,0.3149531372768219
P3,R01,testing,10,13,0,1.0,1.0,0.4667388030418928,0.31737965764136034
P3,R01,testing,10,14,0,1.0,1.0,0.4667388030418928,0.319800690413117
P3,R01,testing,10,15,0,1.0,1.0,0.4667388030418928,0.32221582621940503
P3,R01,testing,10,16,0,1.0,1.0,0.5375513551642637,0.3738759698118308
P3,R01,testing,10,17,0,1.0,1.0,0.5375513551642637,0.376642518817688
P3,R01,testing,10,18,0,1.0,1.0,0.5375513551642637,0.3794008500611127
P3,R01,testing,10,19,0,1.0,1.0,0.5375513551642637,0.3821504847089802
P3,R01,testing,10,20,0,1.0,1.0,0.5375513551642637,0.3848909424195987
P3,R01,testing,10,21,0,1.0,1.0,0.5375513551642637,0.38762174147757755
P3,R01,testing,10,22,0,1.0,1.0,0.5375513551642637,0.3903423989301877
P3,R01,testing,10,23,0,1.0,1.0,0.5375513551642637,0.3930524307251655
P3,R01,testing,10,24,0,1.0,1.0,0.5375513551642637,0.3957513518499052
P3,R01,testing,10,25,0,1.0,1.0,0.5375513551642637,0.3984386764719877
P3,R01,testing,10,26,0,1.0,1.0,0.5375513551642637,0.40111391808099084
P3,R01,testing,10,27,0,1.0,1.0,0.5375513551642637,0.4037765896315248
P3,R01,testing,10,28,0,1.0,1.0,0.5375513551642637,0.40642620368743615
P3,R01,testing,10,29,0,1.0,1.0,0.5375513551642637,0.4090622725671235
P3,R01,testing,10,30,0,1.0,1.0,0.5375513551642637,0.4116843084899042
P3,R01,testing,10,31,0,1.0,1.0,0.5375513551642637,0.4142918237233751
P3,R01,testing,10,32,0,1.0,1.0,0.6079680953764672,0.47149424908397336
P3,R01,testing,10,33,0,1.0,1.0,0.6079680953764672,0.47440883727161215
P3,R01,testing,10,34,0,1.0,1.0,0.6079680953764672,0.47730534976719813
P3,R01,testing,10,35,0,1.0,1.0,0.6079680953764672,0.48018323685271413
P3,R01,testing,10,36,0,1.0,1.0,0.6079680953764672,0.48304194971246517
P3,R01,testing,10,37,0,1.0,1.0,0.6079680953764672,0.48588094060500264
P3,R01,testing,10,38,0,1.0,1.0,0.6079680953764672,0.4886996630356713
P3,R01,testing,10,39,0,1.0,1.0,0.6079680953764672,0.49149757192970445
P3,R01,testing,10,40,0,1.0,1.0,0.6079680953764672,0.49427412380579067
P3,R01,testing,10,41,0,1.0,1.0,0.6079680953764672,0.4970287769500373
P3,R01,testing,10,42,0,1.0,1.0,0.6079680953764672,0.4997609915902533
P3,R01,testing,10,43,0,1.0,1.0,0.6079680953764672,0.5024702300704736
P3,R01,testing,10,44,0,1.0,1.0,0.6079680953764672,0.5051559570256471
P3,R01,testing,10,45,0,1.0,1.0,0.6079680953764672,0.5078176395564101
P3,R01,testing,10,46,0,1.0,1.0,0.6079680953764672,0.510454747403866
P3,R01,testing,10,47,0,1.0,1.0,0.6079680953764672,0.5130667531242908
P3,R01,testing,10,48,0,0.0,0.0,0.6773363065684272,0.5744883501849719
P3,R01,testing,10,49,0,0.0,0.0,0.6773363065684272,0.5773406998468984
P3,R01,testing,10,50,0,0.0,0.0,0.6773363065684272,0.5801633411571534
P3,R01,testing,10,51,0,0.0,0.0,0.6773363065684272,0.5829557009786698
P3,R01,testing,10,52,0,0.0,0.0,0.6773363065684272,0.5857172102796084
P3,R01,testing,10,53,0,0.0,0.0,0.6773363065684272,0.5884473043256283
P3,R01,testing,10,54,0,0.0,0.0,0.6773363065684272,0.5911454228714463
P3,R01,testing,10,55,0,0.0,0.0,0.6773363065684272,0.5938110103515959
P3,R01,testing,10,56,0,0.0,0.0,0.6773363065684272,0.5964435160702944
P3,R01,testing,10,57,0,0.0,0.0,0.6773363065684272,0.5990423943903294
P3,R01,testing,10,58,0,0.0,0.0,0.6773363065684272,0.6016071049208709
P3,R01,testing,10,59,0,0.0,0.0,0.6773363065684272,0.604137112704124
P3,R01,testing,10,60,0,0.0,0.0,0.6773363065684272,0.6066318884007268
P3,R01,testing,10,61,0,0.0,0.0,0.6773363065684272,0.609090908473808
P3,R01,testing,10,62,0,0.0,0.0,0.6773363065684272,0.6115136553716132
P3,R01,testing,10,63,0,0.0,0.0,0.6773363065684272,0.6138996177086102
P3,R01,testing,10,64,0,1.0,1.0,0.6879419697804491,0.6258974436943616
P3,R01,testing,10,65,0,1.0,1.0,0.6879419697804491,0.6282445119108954
P3,R01,testing,10,66,0,1.0,1.0,0.6879419697804491,0.630552700810445
P3,R01,testing,10,67,0,1.0,1.0,0.6879419697804491,0.6328215178567519
P3,R01,testing,10,68,0,1.0,1.0,0.6879419697804491,0.6350504776697535
P3,R01,testing,10,69,0,1.0,1.0,0.6879419697804491,0.637239102198395
P3,R01,testing,10,70,0,1.0,1.0,0.6879419697804491,0.6393869208912785
P3,R01,testing,10,71,0,1.0,1.0,0.6879419697804491,0.6414934708650691
P3,R01,testing,10,72,0,1.0,1.0,0.6879419697804491,0.6435582970705693
P3,R01,testing,10,73,0,1.0,1.0,0.6879419697804491,0.6455809524563805
P3,R01,testing,10,74,0,1.0,1.0,0.6879419697804491,0.6475609981300696
P3,R01,testing,10,75,0,1.0,1.0,0.6879419697804491,0.6494980035167592
P3,R01,testing,10,76,0,1.0,1.0,0.6879419697804491,0.6513915465150594
P3,R01,testing,10,77,0,1.0,1.0,0.6879419697804491,0.6532412136502649
P3,R01,testing,10,78,0,1.0,1.0,0.6879419697804491,0.6550466002247386
P3,R01,testing,10,79,0,1.0,1.0,0.6879419697804491,0.6568073104654043
P3,R01,testing,10,80,0,1.0,1.0,0.6924673044024107,0.6628547717901017
P3,R01,testing,10,81,0,1.0,1.0,0.6924673044024107,0.6645359652083349
P3,R01,testing,10,82,0,1.0,1.0,0.6924673044024107,0.6661710486179495
P3,R01,testing,10,83,0,1.0,1.0,0.6924673044024107,0.6677596609993401
P3,R01,testing,10,84,0,1.0,1.0,0.6924673044024107,0.6693014510122464
P3,R01,testing,10,85,0,1.0,1.0,0.6924673044024107,0.6707960771252196
P3,R01,testing,10,86,0,1.0,1.0,0.6924673044024107,0.6722432077416829
P3,R01,testing,10,87,0,1.0,1.0,0.6924673044024107,0.6736425213225156
P3,R01,testing,10,88,0,1.0,1.0,0.6924673044024107,0.6749937065051016
P3,R01,testing,10,89,0,1.0,1.0,0.6924673044024107,0.6762964622187786
P3,R01,testing,10,90,0,1.0,1.0,0.6924673044024107,0.677550497796628
P3,R01,testing,10,91,0,1.0,1.0,0.6924673044024107,0.678755533083548
P3,R01,testing,10,92,0,1.0,1.0,0.6924673044024107,0.6799112985405538
P3,R01,testing,10,93,0,1.0,1.0,0.6924673044024107,0.6810175353452498
P3,R01,testing,10,94,0,1.0,1.0,0.6924673044024107,0.6820739954884223
P3,R01,testing,10,95,0,1.0,1.0,0.6924673044024107,0.6830804418667011
P3,R01,testing,10,96,0,1.0,1.0,0.7478795273478565,0.7387742381771806
P3,R01,testing,10,97,0,1.0,1.0,0.7478795273478565,0.7397524693153906
P3,R01,testing,10,98,0,1.0,1.0,0.7478795273478565,0.7406759878929082
P3,R01,testing,10,99,0,1.0,1.0,0.7478795273478565,0.7415445858612755
P3,R01,testing,10,100,0,1.0,1.0,0.7478795273478565,0.7423580673855339
P3,R01,testing,10,101,0,1.0,1.0,0.7478795273478565,0.7431162489178105
P3,R01,testing,10,102,0,1.0,1.0,0.7478795273478565,0.7438189592663389
P3,R01,testing,10,103,0,1.0,1.0,0.7478795273478565,0.7444660396598808
P3,R01,testing,10,104,0,1.0,1.0,0.7478795273478565,0.7450573438075119
P3,R01,testing,10,105,0,1.0,1.0,0.7478795273478565,0.7455927379537423
P3,R01,testing,10,106,0,1.0,1.0,0.7478795273478565,0.7460721009289418
P3,R01,testing,10,107,0,1.0,1.0,0.7478795273478565,0.7464953241950445
P3,R01,testing,10,108,0,1.0,1.0,0.7478795273478565,0.7468623118865049
P3,R01,testing,10,109,0,1.0,1.0,0.7478795273478565,0.7471729808464896
P3,R01,testing,10,110,0,1.0,1.0,0.7478795273478565,0.7474272606582809
P3,R01,testing,10,111,0,1.0,1.0,0.7478795273478565,0.7476250936718769
P3,R01,testing,10,112,0,1.0,1.0,0.8009620312994762,0.8008409119845249
P3,R01,testing,10,113,0,1.0,1.0,0.8009620312994762,0.8009317497535241
P3,R01,testing,10,114,0,1.0,1.0,0.8009620312994762,0.8009620312994762
P3,R01,testing,10,115,0,1.0,1.0,0.8009620312994762,0.8009317497535241
P3,R01,testing,10,116,0,1.0,1.0,0.8009620312994762,0.8008409119845249
P3,R01,testing,10,117,0,1.0,1.0,0.8009620312994762,0.8006895385964519
P3,R01,testing,10,118,0,1.0,1.0,0.8009620312994762,0.8004776639206068
P3,R01,testing,10,119,0,1.0,1.0,0.8009620312994762,0.8002053360026425
P3,R01,testing,10,120,0,1.0,1.0,0.8009620312994762,0.7998726165844048
P3,R01,testing,10,121,0,1.0,1.0,0.8009620312994762,0.7994795810806032
P3,R01,testing,10,122,0,1.0,1.0,0.8009620312994762,0.7990263185503227
P3,R01,testing,10,123,0,1.0,1.0,0.8009620312994762,0.7985129316633901
P3,R01,testing,10,124,0,1.0,1.0,0.8009620312994762,0.797939536661616
P3,R01,testing,10,125,0,1.0,1.0,0.8009620312994762,0.7973062633149288
P3,R01,testing,10,126,0,1.0,1.0,0.8009620312994762,0.7966132548724283
P3,R01,testing,10,127,0,1.0,1.0,0.8009620312994762,0.7958606680083801
P3,R01,testing,10,128,0,1.0,1.0,0.7414718875826583,0.735997734071606
P3,R01,testing,10,129,0,1.0,1.0,0.7414718875826583,0.7351912222481783
P3,R01,testing,10,130,0,1.0,1.0,0.7414718875826583,0.7343300662041834
P3,R01,testing,10,131,0,1.0,1.0,0.7414718875826583,0.7334144600967157
P3,R01,testing,10,132,0,1.0,1.0,0.7414718875826583,0.7324446101917279
P3,R01,testing,10,133,0,1.0,1.0,0.7414718875826583,0.731420734786588
P3,R01,testing,10,134,0,1.0,1.0,0.7414718875826583,0.7303430641281919
P3,R01,testing,10,135,0,1.0,1.0,0.7414718875826583,0.7292118403266725
P3,R01,testing,10,136,0,1.0,1.0,0.7414718875826583,0.7280273172647509
P3,R01,testing,10,137,0,1.0,1.0,0.7414718875826583,0.7267897605027772
P3,R01,testing,10,138,0,1.0,1.0,0.7414718875826583,0.7254994471795115
P3,R01,testing,10,139,0,1.0,1.0,0.7414718875826583,0.7241566659086959
P3,R01,testing,10,140,0,1.0,1.0,0.7414718875826583,0.7227617166714712
P3,R01,testing,10,141,0,1.0,1.0,0.7414718875826583,0.7213149107046964
P3,R01,testing,10,142,0,1.0,1.0,0.7414718875826583,0.7198165703852276
P3,R01,testing,10,143,0,1.0,1.0,0.7414718875826583,0.7182670291102159
P3,R01,testing,10,144,0,1.0,1.0,0.6798270356336725,0.6570840507475476
P3,R01,testing,10,145,0,1.0,1.0,0.6798270356336725,0.6555704045040645
P3,R01,testing,10,146,0,1.0,1.0,0.6798270356336725,0.6540107905856228
P3,R01,testing,10,147,0,1.0,1.0,0.6798270356336725,0.6524055539191331
P3,R01,testing,10,148,0,1.0,1.0,0.6798270356336725,0.6507550489341639
P3,R01,testing,10,149,0,1.0,1.0,0.6798270356336725,0.6490596394325566
P3,R01,testing,10,150,0,1.0,1.0,0.6798270356336725,0.6473196984548262
P3,R01,testing,10,151,0,1.0,1.0,0.6798270356336725,0.6455356081434166
P3,R01,testing,10,152,0,1.0,1.0,0.6798270356336725,0.6437077596028818
P3,R01,testing,10,153,0,1.0,1.0,0.6798270356336725,0.641836552757063
P3,R01,testing,10,154,0,1.0,1.0,0.6798270356336725,0.6399223962033352
P3,R01,testing,10,155,0,1.0,1.0,0.6798270356336725,0.6379657070639984
P3,R01,testing,10,156,0,1.0,1.0,0.6798270356336725,0.6359669108348872
P3,R01,testing,10,157,0,1.0,1.0,0.6798270356336725,0.6339264412312782
P3,R01,testing,10,158,0,1.0,1.0,0.6798270356336725,0.6318447400311706
P3,R01,testing,10,159,0,1.0,1.0,0.6798270356336725,0.6297222569160214
P3,R01,testing,10,160,0,1.0,1.0,0.6164446865062746,0.5690501667571273
P3,R01,testing,10,161,0,1.0,1.0,0.6164446865062746,0.5670528610343795
P3,R01,testing,10,162,0,1.0,1.0,0.6164446865062746,0.5650198404101296
P3,R01,testing,10,163,0,1.0,1.0,0.6164446865062746,0.562951539819261
P3,R01,testing,10,164,0,1.0,1.0,0.6164446865062746,0.5608484006091157
P3,R01,testing,10,165,0,1.0,1.0,0.6164446865062746,0.5587108703827838
P3,R01,testing,10,166,0,1.0,1.0,0.6164446865062746,0.5565394028406149
P3,R01,testing,10,167,0,1.0,1.0,0.6164446865062746,0.5543344576200228
P3,R01,testing,10,168,0,1.0,1.0,0.6164446865062746,0.5520965001336702
P3,R01,testing,10,169,0,1.0,1.0,0.6164446865062746,0.5498260014061073
P3,R01,testing,10,170,0,1.0,1.0,0.6164446865062746,0.5475234379089469
P3,R01,testing,10,171,0,1.0,1.0,0.6164446865062746,0.5451892913946564
P3,R01,testing,10,172,0,1.0,1.0,0.6164446865062746,0.5428240487290472
P3,R01,testing,10,173,0,1.0,1.0,0.6164446865062746,0.5404282017225422
P3,R01,testing,10,174,0,1.0,1.0,0.6164446865062746,0.538002246960305
P3,R01,testing,10,175,0,1.0,1.0,0.6164446865062746,0.5355466856313104
P3,R01,testing,10,176,0,0.0,0.0,0.6047584802322817,0.5229565379850243
P3,R01,testing,10,177,0,0.0,0.0,0.6047584802322817,0.520490929465611
P3,R01,testing,10,178,0,0.0,0.0,0.6047584802322817,0.5179977761154276
P3,R01,testing,10,179,0,0.0,0.0,0.6047584802322817,0.515477585993509
P3,R01,testing,10,180,0,0.0,0.0,0.6047584802322817,0.5129308708242352
P3,R01,testing,10,181,0,0.0,0.0,0.6047584802322817,0.51035814582511
P3,R01,testing,10,182,0,0.0,0.0,0.6047584802322817,0.5077599295340659
P3,R01,testing,10,183,0,0.0,0.0,0.6047584802322817,0.5051367436363775
P3,R01,testing,10,184,0,0.0,0.0,0.6047584802322817,0.5024891127912616
P3,R01,testing,10,185,0,0.0,0.0,0.6047584802322817,0.49981756445824616
P3,R01,testing,10,186,0,0.0,0.0,0.6047584802322817,0.4971226287233861
P3,R01,testing,10,187,0,0.0,0.0,0.6047584802322817,0.494404838125407
P3,R01,testing,10,188,0,0.0,0.0,0.6047584802322817,0.4916647274818541
P3,R01,testing,10,189,0,0.0,0.0,0.6047584802322817,0.48890283371532633
P3,R01,testing,10,190,0,0.0,0.0,0.6047584802322817,0.4861196956798739
P3,R01,testing,10,191,0,0.0,0.0,0.6047584802322817,0.4833158539876346
P3,R01,testing,10,192,0,0.0,0.0,0.5350264711718818,0.42508847379995157
P3,R01,testing,10,193,0,0.0,0.0,0.5350264711718818,0.4225727380811238
P3,R01,testing,10,194,0,0.0,0.0,0.5350264711718818,0.42004012858482886
P3,R01,testing,10,195,0,0.0,0.0,0.5350264711718818,0.41749112828201035
P3,R01,testing,10,196,0,0.0,0.0,0.5350264711718818,0.4149262209376767
P3,R01,testing,10,197,0,0.0,0.0,0.5350264711718818,0.4123458909602177
P3,R01,testing,10,198,0,0.0,0.0,0.5350264711718818,0.40975062325139655
P3,R01,testing,10,199,0,0.0,0.0,0.5350264711718818,0.4071409030570858
P3,R01,testing,10,200,0,0.0,0.0,0.5350264711718818,0.40451721581880484
P3,R01,testing,10,201,0,0.0,0.0,0.5350264711718818,0.4018800470261255
P3,R01,testing,10,202,0,0.0,0.0,0.5350264711718818,0.39922988207000404
P3,R01,testing,10,203,0,0.0,0.0,0.5350264711718818,0.3965672060971014
P3,R01,testing,10,204,0,0.0,0.0,0.5350264711718818,0.3938925038651504
P3,R01,testing,10,205,0,0.0,0.0,0.5350264711718818,0.3912062595994291
P3,R01,testing,10,206,0,0.0,0.0,0.5350264711718818,0.3885089568503969
P3,R01,testing,10,207,0,0.0,0.0,0.5350264711718818,0.3858010783525505
P3,R01,testing,10,208,0,1.0,1.0,0.4649735288281182,0.3329246554613065
P3,R01,testing,10,209,0,1.0,1.0,0.4649735288281182,0.3305542023314448
P3,R01,testing,10,210,0,1.0,1.0,0.4649735288281182,0.3281758112941525
P3,R01,testing,10,211,0,1.0,1.0,0.4649735288281182,0.3257898978374929
P3,R01,testing,10,212,0,1.0,1.0,0.4649735288281182,0.32339687614464224
P3,R01,testing,10,213,0,1.0,1.0,0.4649735288281182,0.32099715897856684
P3,R01,testing,10,214,0,1.0,1.0,0.4649735288281182,0.3185911575680775
P3,R01,testing,10,215,0,1.0,1.0,0.4649735288281182,0.3161792814953029
P3,R01,testing,10,216,0,1.0,1.0,0.4649735288281182,0.3137619385846226
P3,R01,testing,10,217,0,1.0,1.0,0.4649735288281182,0.31133953479309845
P3,R01,testing,10,218,0,1.0,1.0,0.4649735288281182,0.30891247410244327
P3,R01,testing,10,219,0,1.0,1.0,0.4649735288281182,0.30648115841256257
P3,R01,testing,10,220,0,1.0,1.0,0.4649735288281182,0.3040459874367069
P3,R01,testing,10,221,0,1.0,1.0,0.4649735288281182,0.3016073585982686
P3,R01,testing,10,222,0,1.0,1.0,0.4649735288281182,0.29916566692925667
P3,R01,testing,10,223,0,1.0,1.0,0.4649735288281182,0.2967213049704831
P3,R01,testing,10,224,0,1.0,1.0,0.39524151976771826,0.25014233648384315
P3,R01,testing,10,225,0,1.0,1.0,0.39524151976771826,0.24806100758974214
P3,R01,testing,10,226,0,1.0,1.0,0.39524151976771826,0.24597839635176785
P3,R01,testing,10,227,0,1.0,1.0,0.39524151976771826,0.24389482715262506
P3,R01,testing,10,228,0,1.0,1.0,0.39524151976771826,0.24181062185591432
P3,R01,testing,10,229,0,1.0,1.0,0.39524151976771826,0.239726099730538
P3,R01,testing,10,230,0,1.0,1.0,0.39524151976771826,0.237641577376726
A,R02,testing,02,0,0,0.0,0.0,0.0,0.0
A,R02,testing,02,1,0,0.0,0.0,0.0,0.0
A,R02,testing,02,2,0,0.0,0.0,0.0,0.0
A,R02,testing,02,3,0,0.0,0.0,0.0,0.0
A,R02,testing,02,4,0,0.0,0.0,0.0,0.0
A,R02,testing,02,5,0,0.0,0.0,0.0,0.0
A,R02,testing,02,6,0,0.0,0.0,0.0,0.0
A,R02,testing,02,7,0,0.0,0.0,0.0,0.0
A,R02,testing,02,8,0,0.0,0.0,0.0,0.0
A,R02,testing,02,9,0,0.0,0.0,0.0,0.0
A,R02,testing,02,10,0,0.0,0.0,0.0,0.0
A,R02,testing,02,11,0,0.0,0.0,0.0,0.0
A,R02,testing,02,12,0,0.0,0.0,0.0,0.0
A,R02,testing,02,13,0,0.0,0.0,0.0,0.0
A,R02,testing,02,14,0,0.0,0.0,0.0,0.0
A,R02,testing,02,15,0,0.0,0.0,0.0,0.0
A,R02,testing,02,16,0,0.0,0.0,0.0,0.0
A,R02,testing,02,17,0,0.0,0.0,0.0,0.0
A,R02,testing,02,18,0,0.0,0.0,0.0,0.0
A,R02,testing,02,19,0,0.0,0.0,0.0,0.0
A,R02,testing,02,20,0,0.0,0.0,0.0,0.0
A,R02,testing,02,21,0,0.0,0.0,0.0,0.0
A,R02,testing,02,22,0,0.0,0.0,0.0,0.0
A,R02,testing,02,23,0,0.0,0.0,0.0,0.0
A,R02,testing,02,24,0,0.0,0.0,0.0,0.0
A,R02,testing,02,25,0,0.0,0.0,0.0,0.0
A,R02,testing,02,26,0,0.0,0.0,0.0,0.0
A,R02,testing,02,27,0,0.0,0.0,0.0,0.0
A,R02,testing,02,28,0,0.0,0.0,0.0,0.0
A,R02,testing,02,29,0,0.0,0.0,0.0,0.0
A,R02,testing,02,30,0,0.0,0.0,0.0,0.0
A,R02,testing,02,31,0,0.0,0.0,0.0,0.0
A,R02,testing,02,32,0,0.0,0.0,0.0,0.0
A,R02,testing,02,33,0,0.0,0.0,0.0,0.0
A,R02,testing,02,34,0,0.0,0.0,0.0,0.0
A,R02,testing,02,35,0,0.0,0.0,0.0,0.0
A,R02,testing,02,36,0,0.0,0.0,0.0,0.0
A,R02,testing,02,37,0,0.0,0.0,0.0,0.0
A,R02,testing,02,38,0,0.0,0.0,0.0,0.0
A,R02,testing,02,39,0,0.0,0.0,0.0,0.0
A,R02,testing,02,40,0,0.0,0.0,0.0,0.0
A,R02,testing,02,41,0,0.0,0.0,0.0,0.0
A,R02,testing,02,42,0,0.0,0.0,0.0,0.0
A,R02,testing,02,43,0,0.0,0.0,0.0,0.0
A,R02,testing,02,44,0,0.0,0.0,0.0,0.0
A,R02,testing,02,45,0,0.0,0.0,0.0,0.0
A,R02,testing,02,46,0,0.0,0.0,0.0,0.0
A,R02,testing,02,47,0,0.0,0.0,0.0,0.0
A,R02,testing,02,48,0,0.0,0.0,0.0,0.0
A,R02,testing,02,49,0,0.0,0.0,0.0,0.0
A,R02,testing,02,50,0,0.0,0.0,0.0,0.0
A,R02,testing,02,51,0,0.0,0.0,0.0,0.0
A,R02,testing,02,52,0,0.0,0.0,0.0,0.0
A,R02,testing,02,53,0,0.0,0.0,0.0,0.0
A,R02,testing,02,54,0,0.0,0.0,0.0,0.0
A,R02,testing,02,55,0,0.0,0.0,0.0,0.0
A,R02,testing,02,56,0,0.0,0.0,0.0,0.0
A,R02,testing,02,57,0,0.0,0.0,0.0,0.0
A,R02,testing,02,58,0,0.0,0.0,0.0,0.0
A,R02,testing,02,59,0,0.0,0.0,0.0,0.0
A,R02,testing,02,60,0,0.0,0.0,0.0,0.0
A,R02,testing,02,61,0,0.0,0.0,0.0,0.0
A,R02,testing,02,62,0,0.0,0.0,0.0,0.0
A,R02,testing,02,63,0,0.0,0.0,0.0,0.0
A,R02,testing,02,64,0,0.0,0.0,0.0,0.0
A,R02,testing,02,65,0,0.0,0.0,0.0,0.0
A,R02,testing,02,66,0,0.0,0.0,0.0,0.0
A,R02,testing,02,67,0,0.0,0.0,0.0,0.0
A,R02,testing,02,68,0,0.0,0.0,0.0,0.0
A,R02,testing,02,69,0,0.0,0.0,0.0,0.0
A,R02,testing,02,70,0,0.0,0.0,0.0,0.0
A,R02,testing,02,71,0,0.0,0.0,0.0,0.0
A,R02,testing,02,72,0,0.0,0.0,0.0,0.0
A,R02,testing,02,73,0,0.0,0.0,0.0,0.0
A,R02,testing,02,74,0,0.0,0.0,0.0,0.0
A,R02,testing,02,75,0,0.0,0.0,0.0,0.0
A,R02,testing,02,76,0,0.0,0.0,0.0,0.0
A,R02,testing,02,77,0,0.0,0.0,0.0,0.0
A,R02,testing,02,78,0,0.0,0.0,0.0,0.0
A,R02,testing,02,79,0,0.0,0.0,0.0,0.0
A,R02,testing,02,80,0,0.0,0.0,0.0,0.0
A,R02,testing,02,81,0,0.0,0.0,0.0,0.0
A,R02,testing,02,82,0,0.0,0.0,0.0,0.0
A,R02,testing,02,83,0,0.0,0.0,0.0,0.0
A,R02,testing,02,84,0,0.0,0.0,0.0,0.0
A,R02,testing,02,85,0,0.0,0.0,0.0,0.0
A,R02,testing,02,86,0,0.0,0.0,0.0,0.0
A,R02,testing,02,87,0,0.0,0.0,0.0,0.0
A,R02,testing,02,88,0,0.0,0.0,0.0,0.0
A,R02,testing,02,89,0,0.0,0.0,0.0,0.0
A,R02,testing,02,90,0,0.0,0.0,0.0,0.0
A,R02,testing,02,91,0,0.0,0.0,0.0,0.0
A,R02,testing,02,92,0,0.0,0.0,0.0,0.0
A,R02,testing,02,93,0,0.0,0.0,0.0,0.0
A,R02,testing,02,94,0,0.0,0.0,0.0,0.0
A,R02,testing,02,95,0,0.0,0.0,0.0,0.0
A,R02,testing,02,96,0,0.0,0.0,0.0,0.0
A,R02,testing,02,97,0,0.0,0.0,0.0,0.0
A,R02,testing,02,98,0,0.0,0.0,0.0,0.0
A,R02,testing,02,99,0,0.0,0.0,0.0,0.0
A,R02,testing,02,100,0,0.0,0.0,0.0,0.0
A,R02,testing,02,101,0,0.0,0.0,0.0,0.0
A,R02,testing,02,102,0,0.0,0.0,0.0,0.0
A,R02,testing,02,103,0,0.0,0.0,0.0,0.0
A,R02,testing,02,104,0,0.0,0.0,0.0,0.0
A,R02,testing,02,105,0,0.0,0.0,0.0,0.0
A,R02,testing,02,106,0,0.0,0.0,0.0,0.0
A,R02,testing,02,107,0,0.0,0.0,0.0,0.0
A,R02,testing,02,108,0,0.0,0.0,0.0,0.0
A,R02,testing,02,109,0,0.0,0.0,0.0,0.0
A,R02,testing,02,110,0,0.0,0.0,0.0,0.0
A,R02,testing,02,111,0,0.0,0.0,0.0,0.0
A,R02,testing,02,112,0,0.0,0.0,0.0,0.0
A,R02,testing,02,113,0,0.0,0.0,0.0,0.0
A,R02,testing,02,114,0,0.0,0.0,0.0,0.0
A,R02,testing,02,115,0,0.0,0.0,0.0,0.0
A,R02,testing,02,116,0,0.0,0.0,0.0,0.0
A,R02,testing,02,117,0,0.0,0.0,0.0,0.0
A,R02,testing,02,118,0,0.0,0.0,0.0,0.0
A,R02,testing,02,119,0,0.0,0.0,0.0,0.0
A,R02,testing,02,120,0,0.0,0.0,0.0,0.0
A,R02,testing,02,121,0,0.0,0.0,0.0,0.0
A,R02,testing,02,122,0,0.0,0.0,0.0,0.0
A,R02,testing,02,123,0,0.0,0.0,0.0,0.0
A,R02,testing,02,124,0,0.0,0.0,0.0,0.0
A,R02,testing,02,125,0,0.0,0.0,0.0,0.0
A,R02,testing,02,126,0,0.0,0.0,0.0,0.0
A,R02,testing,02,127,0,0.0,0.0,0.0,0.0
A,R02,testing,02,128,0,0.0,0.0,0.0,0.0
A,R02,testing,02,129,0,0.0,0.0,0.0,0.0
A,R02,testing,02,130,0,0.0,0.0,0.0,0.0
A,R02,testing,02,131,0,0.0,0.0,0.0,0.0
A,R02,testing,02,132,0,0.0,0.0,0.0,0.0
A,R02,testing,02,133,0,0.0,0.0,0.0,0.0
A,R02,testing,02,134,0,0.0,0.0,0.0,0.0
A,R02,testing,02,135,0,0.0,0.0,0.0,0.0
A,R02,testing,02,136,0,0.0,0.0,0.0,0.0
A,R02,testing,02,137,0,0.0,0.0,0.0,0.0
A,R02,testing,02,138,0,0.0,0.0,0.0,0.0
A,R02,testing,02,139,0,0.0,0.0,0.0,0.0
A,R02,testing,02,140,0,0.0,0.0,0.0,0.0
A,R02,testing,02,141,0,0.0,0.0,0.0,0.0
A,R02,testing,02,142,0,0.0,0.0,0.0,0.0
A,R02,testing,02,143,0,0.0,0.0,0.0,0.0
A,R02,testing,02,144,0,0.0,0.0,0.0,0.0
A,R02,testing,02,145,0,0.0,0.0,0.0,0.0
A,R02,testing,02,146,0,0.0,0.0,0.0,0.0
A,R02,testing,02,147,0,0.0,0.0,0.0,0.0
A,R02,testing,02,148,0,0.0,0.0,0.0,0.0
A,R02,testing,02,149,0,0.0,0.0,0.0,0.0
A,R02,testing,02,150,0,0.0,0.0,0.0,0.0
A,R02,testing,02,151,0,0.0,0.0,0.0,0.0
A,R02,testing,02,152,0,0.0,0.0,0.0,0.0
A,R02,testing,02,153,0,0.0,0.0,0.0,0.0
A,R02,testing,02,154,0,0.0,0.0,0.0,0.0
A,R02,testing,02,155,0,0.0,0.0,0.0,0.0
A,R02,testing,02,156,0,0.0,0.0,0.0,0.0
A,R02,testing,02,157,0,0.0,0.0,0.0,0.0
A,R02,testing,02,158,0,0.0,0.0,0.0,0.0
A,R02,testing,02,159,0,0.0,0.0,0.0,0.0
A,R02,testing,02,160,0,0.0,0.0,0.0,0.0
A,R02,testing,02,161,0,0.0,0.0,0.0,0.0
A,R02,testing,02,162,0,0.0,0.0,0.0,0.0
A,R02,testing,02,163,0,0.0,0.0,0.0,0.0
A,R02,testing,02,164,0,0.0,0.0,0.0,0.0
A,R02,testing,02,165,0,0.0,0.0,0.0,0.0
A,R02,testing,02,166,0,0.0,0.0,0.0,0.0
A,R02,testing,02,167,0,0.0,0.0,0.0,0.0
A,R02,testing,02,168,0,0.0,0.0,0.0,0.0
A,R02,testing,02,169,0,0.0,0.0,0.0,0.0
A,R02,testing,02,170,0,0.0,0.0,0.0,0.0
A,R02,testing,02,171,0,0.0,0.0,0.0,0.0
A,R02,testing,02,172,0,0.0,0.0,0.0,0.0
A,R02,testing,02,173,0,0.0,0.0,0.0,0.0
A,R02,testing,02,174,0,0.0,0.0,0.0,0.0
A,R02,testing,02,175,0,0.0,0.0,0.0,0.0
A,R02,testing,02,176,0,0.0,0.0,0.0,0.0
A,R02,testing,02,177,0,0.0,0.0,0.0,0.0
A,R02,testing,02,178,0,0.0,0.0,0.0,0.0
A,R02,testing,02,179,0,0.0,0.0,0.0,0.0
A,R02,testing,02,180,0,0.0,0.0,0.0,0.0
A,R02,testing,02,181,0,0.0,0.0,0.0,0.0
A,R02,testing,02,182,0,0.0,0.0,0.0,0.0
A,R02,testing,02,183,0,0.0,0.0,0.0,0.0
A,R02,testing,02,184,0,0.0,0.0,0.0,0.0
A,R02,testing,02,185,0,0.0,0.0,0.0,0.0
A,R02,testing,02,186,0,0.0,0.0,0.0,0.0
A,R02,testing,02,187,0,0.0,0.0,0.0,0.0
A,R02,testing,02,188,0,0.0,0.0,0.0,0.0
A,R02,testing,02,189,0,0.0,0.0,0.0,0.0
A,R02,testing,02,190,0,0.0,0.0,0.0,0.0
A,R02,testing,02,191,0,0.0,0.0,0.0,0.0
A,R02,testing,02,192,0,0.0,0.0,0.0,0.0
A,R02,testing,02,193,0,0.0,0.0,0.0,0.0
A,R02,testing,02,194,0,0.0,0.0,0.0,0.0
A,R02,testing,02,195,0,0.0,0.0,0.0,0.0
A,R02,testing,02,196,0,0.0,0.0,0.0,0.0
A,R02,testing,02,197,0,0.0,0.0,0.0,0.0
A,R02,testing,02,198,0,0.0,0.0,0.0,0.0
A,R02,testing,02,199,0,0.0,0.0,0.0,0.0
A,R02,testing,02,200,0,0.0,0.0,0.0,0.0
A,R02,testing,02,201,0,0.0,0.0,0.0,0.0
A,R02,testing,02,202,0,0.0,0.0,0.0,0.0
A,R02,testing,02,203,0,0.0,0.0,0.0,0.0
A,R02,testing,02,204,0,0.0,0.0,0.0,0.0
A,R02,testing,02,205,0,0.0,0.0,0.0,0.0
A,R02,testing,02,206,0,0.0,0.0,0.0,0.0
A,R02,testing,02,207,0,0.0,0.0,0.0,0.0
A,R02,testing,02,208,0,0.0,0.0,0.0,0.0
A,R02,testing,02,209,0,0.0,0.0,0.0,0.0
A,R02,testing,02,210,0,0.0,0.0,0.0,0.0
A,R02,testing,02,211,0,0.0,0.0,0.0,0.0
A,R02,testing,02,212,0,0.0,0.0,0.0,0.0
A,R02,testing,02,213,0,0.0,0.0,0.0,0.0
A,R02,testing,02,214,0,0.0,0.0,0.0,0.0
A,R02,testing,02,215,0,0.0,0.0,0.0,0.0
A,R02,testing,02,216,0,0.0,0.0,0.0,0.0
A,R02,testing,02,217,0,0.0,0.0,0.0,0.0
A,R02,testing,02,218,0,0.0,0.0,0.0,0.0
A,R02,testing,02,219,0,0.0,0.0,0.0,0.0
A,R02,testing,02,220,0,0.0,0.0,0.0,0.0
A,R02,testing,02,221,0,0.0,0.0,0.0,0.0
A,R02,testing,02,222,0,0.0,0.0,0.0,0.0
A,R02,testing,02,223,0,0.0,0.0,0.0,0.0
A,R02,testing,02,224,0,0.0,0.0,0.0,0.0
A,R02,testing,02,225,0,0.0,0.0,0.0,0.0
A,R02,testing,02,226,0,0.0,0.0,0.0,0.0
A,R02,testing,02,227,0,0.0,0.0,0.0,0.0
A,R02,testing,02,228,0,0.0,0.0,0.0,0.0
A,R02,testing,02,229,0,0.0,0.0,0.0,0.0
A,R02,testing,02,230,0,0.0,0.0,0.0,0.0
A,R02,testing,02,231,0,0.0,0.0,0.0,0.0
A,R02,testing,02,232,0,0.0,0.0,0.0,0.0
A,R02,testing,02,233,0,0.0,0.0,0.0,0.0
A,R02,testing,02,234,0,0.0,0.0,0.0,0.0
A,R02,testing,02,235,0,0.0,0.0,0.0,0.0
A,R02,testing,02,236,0,0.0,0.0,0.0,0.0
A,R02,testing,02,237,0,0.0,0.0,0.0,0.0
A,R02,testing,02,238,0,0.0,0.0,0.0,0.0
A,R02,testing,02,239,0,0.0,0.0,0.0,0.0
A,R02,testing,02,240,0,0.0,0.0,0.0,0.0
A,R02,testing,02,241,0,0.0,0.0,0.0,0.0
A,R02,testing,02,242,0,0.0,0.0,0.0,0.0
A,R02,testing,02,243,0,0.0,0.0,0.0,0.0
A,R02,testing,02,244,0,0.0,0.0,0.0,0.0
A,R02,testing,02,245,0,0.0,0.0,0.0,0.0
A,R02,testing,02,246,0,0.0,0.0,0.0,0.0
A,R02,testing,02,247,0,0.0,0.0,0.0,0.0
A,R02,testing,02,248,0,0.0,0.0,0.0,0.0
A,R02,testing,02,249,0,0.0,0.0,0.0,0.0
A,R02,testing,02,250,0,0.0,0.0,0.0,0.0
A,R02,testing,02,251,0,0.0,0.0,0.0,0.0
A,R02,testing,02,252,0,0.0,0.0,0.0,0.0
A,R02,testing,02,253,0,0.0,0.0,0.0,0.0
A,R02,testing,02,254,0,0.0,0.0,0.0,0.0
A,R02,testing,02,255,0,0.0,0.0,0.0,0.0
A,R02,testing,02,256,0,0.0,0.0,0.0,0.0
A,R02,testing,02,257,0,0.0,0.0,0.0,0.0
A,R02,testing,02,258,0,0.0,0.0,0.0,0.0
A,R02,testing,02,259,0,0.0,0.0,0.0,0.0
A,R02,testing,02,260,0,0.0,0.0,0.0,0.0
A,R02,testing,02,261,0,0.0,0.0,0.0,0.0
A,R02,testing,02,262,0,0.0,0.0,0.0,0.0
A,R02,testing,02,263,0,0.0,0.0,0.0,0.0
A,R02,testing,02,264,0,0.0,0.0,0.0,0.0
A,R02,testing,02,265,0,0.0,0.0,0.0,0.0
A,R02,testing,02,266,0,0.0,0.0,0.0,0.0
A,R02,testing,02,267,0,0.0,0.0,0.0,0.0
A,R02,testing,02,268,0,0.0,0.0,0.0,0.0
A,R02,testing,02,269,0,0.0,0.0,0.0,0.0
A,R02,testing,02,270,0,0.0,0.0,0.0,0.0
A,R02,testing,02,271,0,0.0,0.0,0.0,0.0
A,R02,testing,02,272,0,0.0,0.0,0.0,0.0
A,R02,testing,02,273,0,0.0,0.0,0.0,0.0
A,R02,testing,02,274,0,0.0,0.0,0.0,0.0
A,R02,testing,02,275,0,0.0,0.0,0.0,0.0
A,R02,testing,02,276,0,0.0,0.0,0.0,0.0
A,R02,testing,02,277,0,0.0,0.0,0.0,0.0
A,R02,testing,02,278,0,0.0,0.0,0.0,0.0
A,R02,testing,02,279,0,0.0,0.0,0.0,0.0
A,R02,testing,02,280,0,0.0,0.0,0.0,0.0
A,R02,testing,02,281,0,0.0,0.0,0.0,0.0
A,R02,testing,02,282,0,0.0,0.0,0.0,0.0
A,R02,testing,02,283,0,0.0,0.0,0.0,0.0
A,R02,testing,02,284,0,0.0,0.0,0.0,0.0
A,R02,testing,02,285,0,0.0,0.0,0.0,0.0
A,R02,testing,02,286,0,0.0,0.0,0.0,0.0
A,R02,testing,02,287,0,0.0,0.0,0.0,0.0
A,R02,testing,02,288,0,0.0,0.0,0.0,0.0
A,R02,testing,02,289,0,0.0,0.0,0.0,0.0
A,R02,testing,02,290,0,0.0,0.0,0.0,0.0
A,R02,testing,02,291,0,0.0,0.0,0.0,0.0
A,R02,testing,02,292,0,0.0,0.0,0.0,0.0
A,R02,testing,02,293,0,0.0,0.0,0.0,0.0
A,R02,testing,02,294,0,0.0,0.0,0.0,0.0
A,R02,testing,02,295,0,0.0,0.0,0.0,0.0
A,R02,testing,02,296,0,0.0,0.0,0.0,0.0
A,R02,testing,02,297,0,0.0,0.0,0.0,0.0
A,R02,testing,02,298,0,0.0,0.0,0.0,0.0
A,R02,testing,02,299,0,0.0,0.0,0.0,0.0
A,R02,testing,02,300,0,0.0,0.0,0.0,0.0
A,R02,testing,02,301,0,0.0,0.0,0.0,0.0
A,R02,testing,02,302,0,0.0,0.0,0.0,0.0
A,R02,testing,02,303,0,0.0,0.0,0.0,0.0
A,R02,testing,02,304,0,0.0,0.0,0.0,0.0
A,R02,testing,02,305,0,0.0,0.0,0.0,0.0
A,R02,testing,02,306,0,0.0,0.0,0.0,0.0
A,R02,testing,02,307,0,0.0,0.0,0.0,0.0
A,R02,testing,02,308,0,0.0,0.0,0.0,0.0
A,R02,testing,02,309,0,0.0,0.0,0.0,0.0
A,R02,testing,02,310,0,0.0,0.0,0.0,0.0
A,R02,testing,02,311,0,0.0,0.0,0.0,0.0
A,R02,testing,02,312,0,0.0,0.0,0.0,0.0
A,R02,testing,02,313,0,0.0,0.0,0.0,0.0
A,R02,testing,02,314,0,0.0,0.0,0.0,0.0
A,R02,testing,02,315,0,0.0,0.0,0.0,0.0
A,R02,testing,02,316,0,0.0,0.0,0.0,0.0
A,R02,testing,02,317,0,0.0,0.0,0.0,0.0
A,R02,testing,02,318,0,0.0,0.0,0.0,0.0
A,R02,testing,02,319,0,0.0,0.0,0.0,0.0
A,R02,testing,02,320,0,0.0,0.0,0.0,0.0
A,R02,testing,02,321,0,0.0,0.0,0.0,0.0
A,R02,testing,02,322,0,0.0,0.0,0.0,0.0
A,R02,testing,02,323,0,0.0,0.0,0.0,0.0
A,R02,testing,02,324,0,0.0,0.0,0.0,0.0
A,R02,testing,02,325,0,0.0,0.0,0.0,0.0
A,R02,testing,02,326,0,0.0,0.0,0.0,0.0
A,R02,testing,02,327,0,0.0,0.0,0.0,0.0
A,R02,testing,02,328,0,0.0,0.0,0.0,0.0
A,R02,testing,02,329,0,0.0,0.0,0.0,0.0
A,R02,testing,02,330,0,0.0,0.0,0.0,0.0
A,R02,testing,02,331,0,0.0,0.0,0.0,0.0
A,R02,testing,02,332,0,0.0,0.0,0.0,0.0
A,R02,testing,02,333,0,0.0,0.0,0.0,0.0
A,R02,testing,02,334,0,0.0,0.0,0.0,0.0
A,R02,testing,02,335,0,0.0,0.0,0.0,0.0
A,R02,testing,02,336,0,0.0,0.0,0.0,0.0
A,R02,testing,02,337,0,0.0,0.0,0.0,0.0
A,R02,testing,02,338,0,0.0,0.0,0.0,0.0
A,R02,testing,02,339,0,0.0,0.0,0.0,0.0
A,R02,testing,02,340,0,0.0,0.0,0.0,0.0
A,R02,testing,02,341,0,0.0,0.0,0.0,0.0
A,R02,testing,02,342,0,0.0,0.0,0.0,0.0
A,R02,testing,02,343,0,0.0,0.0,0.0,0.0
A,R02,testing,02,344,0,0.0,0.0,0.0,0.0
A,R02,testing,02,345,0,0.0,0.0,0.0,0.0
A,R02,testing,02,346,0,0.0,0.0,0.0,0.0
A,R02,testing,02,347,0,0.0,0.0,0.0,0.0
A,R02,testing,02,348,0,0.0,0.0,0.0,0.0
A,R02,testing,02,349,0,0.0,0.0,0.0,0.0
A,R02,testing,02,350,0,0.0,0.0,0.0,0.0
A,R02,testing,02,351,0,0.0,0.0,0.0,0.0
A,R02,testing,02,352,0,0.0,0.0,0.0,0.0
A,R02,testing,02,353,0,0.0,0.0,0.0,0.0
A,R02,testing,02,354,0,0.0,0.0,0.0,0.0
A,R02,testing,02,355,0,0.0,0.0,0.0,0.0
A,R02,testing,02,356,0,0.0,0.0,0.0,0.0
A,R02,testing,02,357,0,0.0,0.0,0.0,0.0
A,R02,testing,02,358,0,0.0,0.0,0.0,0.0
A,R02,testing,02,359,0,0.0,0.0,0.0,0.0
A,R02,testing,02,360,0,0.0,0.0,0.0,0.0
A,R02,testing,02,361,0,0.0,0.0,0.0,0.0
A,R02,testing,02,362,0,0.0,0.0,0.0,0.0
A,R02,testing,02,363,0,0.0,0.0,0.0,0.0
A,R02,testing,02,364,0,0.0,0.0,0.0,0.0
A,R02,testing,02,365,0,0.0,0.0,0.0,0.0
A,R02,testing,02,366,0,0.0,0.0,0.0,0.0
A,R02,testing,02,367,0,0.0,0.0,0.0,0.0
A,R02,testing,02,368,0,0.0,0.0,0.0,0.0
A,R02,testing,02,369,0,0.0,0.0,0.0,0.0
A,R02,testing,02,370,0,0.0,0.0,0.0,0.0
A,R02,testing,02,371,0,0.0,0.0,0.0,0.0
A,R02,testing,02,372,0,0.0,0.0,0.0,0.0
A,R02,testing,02,373,0,0.0,0.0,0.0,0.0
A,R02,testing,02,374,0,0.0,0.0,0.0,0.0
A,R02,testing,02,375,0,0.0,0.0,0.0,0.0
A,R02,testing,02,376,0,0.0,0.0,0.0,0.0
A,R02,testing,02,377,0,0.0,0.0,0.0,0.0
A,R02,testing,02,378,0,0.0,0.0,0.0,0.0
A,R02,testing,02,379,0,0.0,0.0,0.0,0.0
A,R02,testing,02,380,0,0.0,0.0,0.0,0.0
A,R02,testing,02,381,0,0.0,0.0,0.0,0.0
A,R02,testing,02,382,0,0.0,0.0,0.0,0.0
A,R02,testing,02,383,0,0.0,0.0,0.0,0.0
A,R02,testing,02,384,0,0.0,0.0,0.0,0.0
A,R02,testing,02,385,0,0.0,0.0,0.0,0.0
A,R02,testing,02,386,0,0.0,0.0,0.0,0.0
A,R02,testing,02,387,0,0.0,0.0,0.0,0.0
A,R02,testing,02,388,0,0.0,0.0,0.0,0.0
A,R02,testing,02,389,0,0.0,0.0,0.0,0.0
A,R02,testing,02,390,0,0.0,0.0,0.0,0.0
A,R02,testing,02,391,0,0.0,0.0,0.0,0.0
A,R02,testing,02,392,0,0.0,0.0,0.0,0.0
A,R02,testing,02,393,0,0.0,0.0,0.0,0.0
A,R02,testing,02,394,0,0.0,0.0,0.0,0.0
A,R02,testing,02,395,0,0.0,0.0,0.0,0.0
A,R02,testing,02,396,0,0.0,0.0,0.0,0.0
A,R02,testing,02,397,0,0.0,0.0,0.0,0.0
A,R02,testing,02,398,0,0.0,0.0,0.0,0.0
A,R02,testing,02,399,0,0.0,0.0,0.0,0.0
A,R02,testing,02,400,0,0.0,0.0,0.0,0.0
A,R02,testing,02,401,0,0.0,0.0,0.0,0.0
A,R02,testing,02,402,0,0.0,0.0,0.0,0.0
A,R02,testing,02,403,0,0.0,0.0,0.0,0.0
A,R02,testing,02,404,0,0.0,0.0,0.0,0.0
A,R02,testing,02,405,0,0.0,0.0,0.0,0.0
A,R02,testing,02,406,0,0.0,0.0,0.0,0.0
A,R02,testing,02,407,0,0.0,0.0,0.0,0.0
A,R02,testing,02,408,0,0.0,0.0,0.0,0.0
A,R02,testing,02,409,0,0.0,0.0,0.0,0.0
A,R02,testing,02,410,0,0.0,0.0,0.0,0.0
A,R02,testing,02,411,0,0.0,0.0,0.0,0.0
A,R02,testing,02,412,0,0.0,0.0,0.0,0.0
A,R02,testing,02,413,0,0.0,0.0,0.0,0.0
A,R02,testing,02,414,0,0.0,0.0,0.0,0.0
A,R02,testing,02,415,0,0.0,0.0,0.0,0.0
A,R02,testing,02,416,0,0.0,0.0,0.0,0.0
A,R02,testing,02,417,0,0.0,0.0,0.0,0.0
A,R02,testing,02,418,0,0.0,0.0,0.0,0.0
A,R02,testing,02,419,0,0.0,0.0,0.0,0.0
A,R02,testing,02,420,0,0.0,0.0,0.0,0.0
A,R02,testing,02,421,0,0.0,0.0,0.0,0.0
A,R02,testing,02,422,0,0.0,0.0,0.0,0.0
A,R02,testing,02,423,0,0.0,0.0,0.0,0.0
A,R02,testing,02,424,0,0.0,0.0,0.0,0.0
A,R02,testing,02,425,0,0.0,0.0,0.0,0.0
A,R02,testing,02,426,0,0.0,0.0,0.0,0.0
A,R02,testing,02,427,0,0.0,0.0,0.0,0.0
A,R02,testing,02,428,0,0.0,0.0,0.0,0.0
A,R02,testing,02,429,0,0.0,0.0,0.0,0.0
A,R02,testing,02,430,0,0.0,0.0,0.0,0.0
A,R02,testing,02,431,0,0.0,0.0,0.0,0.0
A,R02,testing,02,432,0,0.0,0.0,0.0,0.0
A,R02,testing,02,433,0,0.0,0.0,0.0,0.0
A,R02,testing,02,434,0,0.0,0.0,0.0,0.0
A,R02,testing,02,435,0,0.0,0.0,0.0,0.0
A,R02,testing,02,436,0,0.0,0.0,0.0,0.0
A,R02,testing,02,437,0,0.0,0.0,0.0,0.0
A,R02,testing,02,438,0,0.0,0.0,0.0,0.0
A,R02,testing,02,439,0,0.0,0.0,0.0,0.0
A,R02,testing,02,440,0,0.0,0.0,0.0,0.0
A,R02,testing,02,441,0,0.0,0.0,0.0,0.0
A,R02,testing,02,442,0,0.0,0.0,0.0,0.0
A,R02,testing,02,443,0,0.0,0.0,0.0,0.0
A,R02,testing,02,444,0,0.0,0.0,0.0,0.0
A,R02,testing,02,445,0,0.0,0.0,0.0,0.0
A,R02,testing,02,446,0,0.0,0.0,0.0,0.0
A,R02,testing,02,447,0,0.0,0.0,0.0,0.0
A,R02,testing,02,448,0,0.0,0.0,0.0,0.0
A,R02,testing,02,449,0,0.0,0.0,0.0,0.0
A,R02,testing,02,450,0,0.0,0.0,0.0,0.0
A,R02,testing,02,451,0,0.0,0.0,0.0,0.0
A,R02,testing,02,452,0,0.0,0.0,0.0,0.0
A,R02,testing,02,453,0,0.0,0.0,0.0,0.0
A,R02,testing,02,454,0,0.0,0.0,0.0,0.0
A,R02,testing,02,455,0,0.0,0.0,0.0,0.0
A,R02,testing,02,456,0,0.0,0.0,0.0,0.0
A,R02,testing,02,457,0,0.0,0.0,0.0,0.0
A,R02,testing,02,458,0,0.0,0.0,0.0,0.0
A,R02,testing,02,459,0,0.0,0.0,0.0,0.0
A,R02,testing,02,460,0,0.0,0.0,0.0,0.0
A,R02,testing,02,461,0,0.0,0.0,0.0,0.0
A,R02,testing,02,462,0,0.0,0.0,0.0,0.0
A,R02,testing,02,463,0,0.0,0.0,0.0,0.0
A,R02,testing,02,464,0,0.0,0.0,0.0,0.0
A,R02,testing,02,465,0,0.0,0.0,0.0,0.0
A,R02,testing,02,466,0,0.0,0.0,0.0,0.0
A,R02,testing,02,467,0,0.0,0.0,0.0,0.0
A,R02,testing,02,468,0,0.0,0.0,0.0,0.0
A,R02,testing,02,469,0,0.0,0.0,0.0,0.0
A,R02,testing,02,470,0,0.0,0.0,0.0,0.0
A,R02,testing,02,471,0,0.0,0.0,0.0,0.0
A,R02,testing,02,472,0,0.0,0.0,0.0,0.0
A,R02,testing,02,473,0,0.0,0.0,0.0,0.0
A,R02,testing,02,474,0,0.0,0.0,0.0,0.0
A,R02,testing,02,475,0,0.0,0.0,0.0,0.0
A,R02,testing,02,476,0,0.0,0.0,0.0,0.0
A,R02,testing,02,477,0,0.0,0.0,0.0,0.0
A,R02,testing,02,478,0,0.0,0.0,0.0,0.0
A,R02,testing,02,479,0,0.0,0.0,0.0,0.0
A,R02,testing,02,480,0,0.0,0.0,0.0,0.0
A,R02,testing,02,481,0,0.0,0.0,0.0,0.0
A,R02,testing,02,482,0,0.0,0.0,0.0,0.0
A,R02,testing,02,483,0,0.0,0.0,0.0,0.0
A,R02,testing,02,484,0,0.0,0.0,0.0,0.0
A,R02,testing,02,485,0,0.0,0.0,0.0,0.0
A,R02,testing,02,486,0,0.0,0.0,0.0,0.0
A,R02,testing,02,487,0,0.0,0.0,0.0,0.0
A,R02,testing,02,488,0,0.0,0.0,0.0,0.0
A,R02,testing,02,489,0,0.0,0.0,0.0,0.0
A,R02,testing,02,490,0,0.0,0.0,0.0,0.0
A,R02,testing,02,491,0,0.0,0.0,0.0,0.0
A,R02,testing,02,492,0,0.0,0.0,0.0,0.0
A,R02,testing,02,493,0,0.0,0.0,0.0,0.0
A,R02,testing,02,494,0,0.0,0.0,0.0,0.0
A,R02,testing,02,495,0,0.0,0.0,0.0,0.0
A,R02,testing,02,496,0,0.0,0.0,0.0,0.0
A,R02,testing,02,497,0,0.0,0.0,0.0,0.0
A,R02,testing,02,498,0,0.0,0.0,0.0,0.0
A,R02,testing,02,499,0,0.0,0.0,0.0,0.0
A,R02,testing,02,500,0,0.0,0.0,0.0,0.0
A,R02,testing,02,501,0,0.0,0.0,0.0,0.0
A,R02,testing,02,502,0,0.0,0.0,0.0,0.0
A,R02,testing,02,503,0,0.0,0.0,0.0,0.0
A,R02,testing,02,504,0,0.0,0.0,0.0,0.0
A,R02,testing,02,505,0,0.0,0.0,0.0,0.0
A,R02,testing,02,506,0,0.0,0.0,0.0,0.0
A,R02,testing,02,507,0,0.0,0.0,0.0,0.0
A,R02,testing,02,508,0,0.0,0.0,0.0,0.0
A,R02,testing,02,509,0,0.0,0.0,0.0,0.0
A,R02,testing,02,510,0,0.0,0.0,0.0,0.0
A,R02,testing,02,511,0,0.0,0.0,0.0,0.0
A,R02,testing,02,512,0,0.0,0.0,0.0,0.0
A,R02,testing,02,513,0,0.0,0.0,0.0,0.0
A,R02,testing,02,514,0,0.0,0.0,0.0,0.0
A,R02,testing,02,515,0,0.0,0.0,0.0,0.0
A,R02,testing,02,516,0,0.0,0.0,0.0,0.0
A,R02,testing,02,517,0,0.0,0.0,0.0,0.0
A,R02,testing,02,518,0,0.0,0.0,0.0,0.0
A,R02,testing,02,519,0,0.0,0.0,0.0,0.0
A,R02,testing,02,520,0,0.0,0.0,0.0,0.0
A,R02,testing,02,521,0,0.0,0.0,0.0,0.0
A,R02,testing,02,522,0,0.0,0.0,0.0,0.0
A,R02,testing,02,523,0,0.0,0.0,0.0,0.0
A,R02,testing,02,524,0,0.0,0.0,0.0,0.0
A,R02,testing,02,525,0,0.0,0.0,0.0,0.0
A,R02,testing,02,526,0,0.0,0.0,0.0,0.0
A,R02,testing,02,527,0,0.0,0.0,0.0,0.0
A,R02,testing,02,528,0,0.0,0.0,0.0,0.0
A,R02,testing,02,529,0,0.0,0.0,0.0,0.0
A,R02,testing,02,530,0,0.0,0.0,0.0,0.0
A,R02,testing,02,531,0,0.0,0.0,0.0,0.0
A,R02,testing,02,532,0,0.0,0.0,0.0,0.0
A,R02,testing,02,533,0,0.0,0.0,0.0,0.0
A,R02,testing,02,534,0,0.0,0.0,0.0,0.0
A,R02,testing,02,535,0,0.0,0.0,0.0,0.0
A,R02,testing,02,536,0,0.0,0.0,0.0,0.0
A,R02,testing,02,537,0,0.0,0.0,0.0,0.0
A,R02,testing,02,538,0,0.0,0.0,0.0,0.0
A,R02,testing,02,539,0,0.0,0.0,0.0,0.0
A,R02,testing,02,540,0,0.0,0.0,0.0,0.0
A,R02,testing,02,541,0,0.0,0.0,0.0,0.0
A,R02,testing,02,542,0,0.0,0.0,0.0,0.0
A,R02,testing,02,543,0,0.0,0.0,0.0,0.0
A,R02,testing,02,544,0,0.0,0.0,0.0,0.0
A,R02,testing,02,545,0,0.0,0.0,0.0,0.0
A,R02,testing,02,546,0,0.0,0.0,0.0,0.0
A,R02,testing,02,547,0,0.0,0.0,0.0,0.0
A,R02,testing,02,548,0,0.0,0.0,0.0,0.0
A,R02,testing,02,549,0,0.0,0.0,0.0,0.0
A,R02,testing,02,550,0,0.0,0.0,0.0,0.0
A,R02,testing,02,551,0,0.0,0.0,0.0,0.0
A,R02,testing,02,552,0,0.0,0.0,0.0,0.0
A,R02,testing,02,553,0,0.0,0.0,0.0,0.0
A,R02,testing,02,554,0,0.0,0.0,0.0,0.0
A,R02,testing,02,555,0,0.0,0.0,0.0,0.0
A,R02,testing,02,556,0,0.0,0.0,0.0,0.0
A,R02,testing,02,557,0,0.0,0.0,0.0,0.0
A,R02,testing,02,558,0,0.0,0.0,0.0,0.0
A,R02,testing,02,559,0,0.0,0.0,0.0,0.0
A,R02,testing,02,560,0,0.0,0.0,0.0,0.0
A,R02,testing,02,561,0,0.0,0.0,0.0,0.0
A,R02,testing,02,562,0,0.0,0.0,0.0,0.0
A,R02,testing,02,563,0,0.0,0.0,0.0,0.0
A,R02,testing,02,564,0,0.0,0.0,0.0,0.0
A,R02,testing,02,565,0,0.0,0.0,0.0,0.0
A,R02,testing,02,566,0,0.0,0.0,0.0,0.0
A,R02,testing,02,567,0,0.0,0.0,0.0,0.0
A,R02,testing,02,568,0,0.0,0.0,0.0,0.0
A,R02,testing,02,569,0,0.0,0.0,0.0,0.0
A,R02,testing,02,570,0,0.0,0.0,0.0,0.0
A,R02,testing,02,571,0,0.0,0.0,0.0,0.0
A,R02,testing,02,572,0,0.0,0.0,0.0,0.0
A,R02,testing,02,573,0,0.0,0.0,0.0,0.0
A,R02,testing,02,574,0,0.0,0.0,0.0,0.0
A,R02,testing,02,575,0,0.0,0.0,0.0,0.0
A,R02,testing,02,576,0,0.0,0.0,0.0,0.0
A,R02,testing,02,577,0,0.0,0.0,0.0,0.0
A,R02,testing,02,578,0,0.0,0.0,0.0,0.0
A,R02,testing,02,579,0,0.0,0.0,0.0,0.0
A,R02,testing,02,580,0,0.0,0.0,0.0,0.0
A,R02,testing,02,581,0,0.0,0.0,0.0,0.0
A,R02,testing,02,582,0,0.0,0.0,0.0,0.0
A,R02,testing,02,583,0,0.0,0.0,0.0,0.0
A,R02,testing,02,584,0,0.0,0.0,0.0,0.0
A,R02,testing,02,585,0,0.0,0.0,0.0,0.0
A,R02,testing,02,586,0,0.0,0.0,0.0,0.0
A,R02,testing,02,587,0,0.0,0.0,0.0,0.0
A,R02,testing,02,588,0,0.0,0.0,0.0,0.0
A,R02,testing,02,589,0,0.0,0.0,0.0,0.0
A,R02,testing,02,590,0,0.0,0.0,0.0,0.0
A,R02,testing,02,591,0,0.0,0.0,0.0,0.0
A,R02,testing,02,592,0,0.0,0.0,0.0,0.0
A,R02,testing,02,593,0,0.0,0.0,0.0,0.0
A,R02,testing,02,594,0,0.0,0.0,0.0,0.0
B,R02,testing,02,0,0,0.0,0.0,0.0,0.0
B,R02,testing,02,1,0,0.0,0.0,0.0,0.0
B,R02,testing,02,2,0,0.0,0.0,0.0,0.0
B,R02,testing,02,3,0,0.0,0.0,0.0,0.0
B,R02,testing,02,4,0,0.0,0.0,0.0,0.0
B,R02,testing,02,5,0,0.0,0.0,0.0,0.0
B,R02,testing,02,6,0,0.0,0.0,0.0,0.0
B,R02,testing,02,7,0,0.0,0.0,0.0,0.0
B,R02,testing,02,8,0,0.0,0.0,0.0,0.0
B,R02,testing,02,9,0,0.0,0.0,0.0,0.0
B,R02,testing,02,10,0,0.0,0.0,0.0,0.0
B,R02,testing,02,11,0,0.0,0.0,0.0,0.0
B,R02,testing,02,12,0,0.0,0.0,0.0,0.0
B,R02,testing,02,13,0,0.0,0.0,0.0,0.0
B,R02,testing,02,14,0,0.0,0.0,0.0,0.0
B,R02,testing,02,15,0,0.0,0.0,0.0,0.0
B,R02,testing,02,16,0,0.0,0.0,0.0,0.0
B,R02,testing,02,17,0,0.0,0.0,0.0,0.0
B,R02,testing,02,18,0,0.0,0.0,0.0,0.0
B,R02,testing,02,19,0,0.0,0.0,0.0,0.0
B,R02,testing,02,20,0,0.0,0.0,0.0,0.0
B,R02,testing,02,21,0,0.0,0.0,0.0,0.0
B,R02,testing,02,22,0,0.0,0.0,0.0,0.0
B,R02,testing,02,23,0,0.0,0.0,0.0,0.0
B,R02,testing,02,24,0,0.0,0.0,0.0,0.0
B,R02,testing,02,25,0,0.0,0.0,0.0,0.0
B,R02,testing,02,26,0,0.0,0.0,0.0,0.0
B,R02,testing,02,27,0,0.0,0.0,0.0,0.0
B,R02,testing,02,28,0,0.0,0.0,0.0,0.0
B,R02,testing,02,29,0,0.0,0.0,0.0,0.0
B,R02,testing,02,30,0,0.0,0.0,0.0,0.0
B,R02,testing,02,31,0,0.0,0.0,0.0,0.0
B,R02,testing,02,32,0,0.0,0.0,0.0,0.0
B,R02,testing,02,33,0,0.0,0.0,0.0,0.0
B,R02,testing,02,34,0,0.0,0.0,0.0,0.0
B,R02,testing,02,35,0,0.0,0.0,0.0,0.0
B,R02,testing,02,36,0,0.0,0.0,0.0,0.0
B,R02,testing,02,37,0,0.0,0.0,0.0,0.0
B,R02,testing,02,38,0,0.0,0.0,0.0,0.0
B,R02,testing,02,39,0,0.0,0.0,0.0,0.0
B,R02,testing,02,40,0,0.0,0.0,0.0,0.0
B,R02,testing,02,41,0,0.0,0.0,0.0,0.0
B,R02,testing,02,42,0,0.0,0.0,0.0,0.0
B,R02,testing,02,43,0,0.0,0.0,0.0,0.0
B,R02,testing,02,44,0,0.0,0.0,0.0,0.0
B,R02,testing,02,45,0,0.0,0.0,0.0,0.0
B,R02,testing,02,46,0,0.0,0.0,0.0,0.0
B,R02,testing,02,47,0,0.0,0.0,0.0,0.0
B,R02,testing,02,48,0,0.0,0.0,0.0,0.0
B,R02,testing,02,49,0,0.0,0.0,0.0,0.0
B,R02,testing,02,50,0,0.0,0.0,0.0,0.0
B,R02,testing,02,51,0,0.0,0.0,0.0,0.0
B,R02,testing,02,52,0,0.0,0.0,0.0,0.0
B,R02,testing,02,53,0,0.0,0.0,0.0,0.0
B,R02,testing,02,54,0,0.0,0.0,0.0,0.0
B,R02,testing,02,55,0,0.0,0.0,0.0,0.0
B,R02,testing,02,56,0,0.0,0.0,0.0,0.0
B,R02,testing,02,57,0,0.0,0.0,0.0,0.0
B,R02,testing,02,58,0,0.0,0.0,0.0,0.0
B,R02,testing,02,59,0,0.0,0.0,0.0,0.0
B,R02,testing,02,60,0,0.0,0.0,0.0,0.0
B,R02,testing,02,61,0,0.0,0.0,0.0,0.0
B,R02,testing,02,62,0,0.0,0.0,0.0,0.0
B,R02,testing,02,63,0,0.0,0.0,0.0,0.0
B,R02,testing,02,64,0,0.0,0.0,0.0,0.0
B,R02,testing,02,65,0,0.0,0.0,0.0,0.0
B,R02,testing,02,66,0,0.0,0.0,0.0,0.0
B,R02,testing,02,67,0,0.0,0.0,0.0,0.0
B,R02,testing,02,68,0,0.0,0.0,0.0,0.0
B,R02,testing,02,69,0,0.0,0.0,0.0,0.0
B,R02,testing,02,70,0,0.0,0.0,0.0,0.0
B,R02,testing,02,71,0,0.0,0.0,0.0,0.0
B,R02,testing,02,72,0,0.0,0.0,0.0,0.0
B,R02,testing,02,73,0,0.0,0.0,0.0,0.0
B,R02,testing,02,74,0,0.0,0.0,0.0,0.0
B,R02,testing,02,75,0,0.0,0.0,0.0,0.0
B,R02,testing,02,76,0,0.0,0.0,0.0,0.0
B,R02,testing,02,77,0,0.0,0.0,0.0,0.0
B,R02,testing,02,78,0,0.0,0.0,0.0,0.0
B,R02,testing,02,79,0,0.0,0.0,0.0,0.0
B,R02,testing,02,80,0,0.0,0.0,0.0,0.0
B,R02,testing,02,81,0,0.0,0.0,0.0,0.0
B,R02,testing,02,82,0,0.0,0.0,0.0,0.0
B,R02,testing,02,83,0,0.0,0.0,0.0,0.0
B,R02,testing,02,84,0,0.0,0.0,0.0,0.0
B,R02,testing,02,85,0,0.0,0.0,0.0,0.0
B,R02,testing,02,86,0,0.0,0.0,0.0,0.0
B,R02,testing,02,87,0,0.0,0.0,0.0,0.0
B,R02,testing,02,88,0,0.0,0.0,0.0,0.0
B,R02,testing,02,89,0,0.0,0.0,0.0,0.0
B,R02,testing,02,90,0,0.0,0.0,0.0,0.0
B,R02,testing,02,91,0,0.0,0.0,0.0,0.0
B,R02,testing,02,92,0,0.0,0.0,0.0,0.0
B,R02,testing,02,93,0,0.0,0.0,0.0,0.0
B,R02,testing,02,94,0,0.0,0.0,0.0,0.0
B,R02,testing,02,95,0,0.0,0.0,0.0,0.0
B,R02,testing,02,96,0,0.0,0.0,0.0,0.0
B,R02,testing,02,97,0,0.0,0.0,0.0,0.0
B,R02,testing,02,98,0,0.0,0.0,0.0,0.0
B,R02,testing,02,99,0,0.0,0.0,0.0,0.0
B,R02,testing,02,100,0,0.0,0.0,0.0,0.0
B,R02,testing,02,101,0,0.0,0.0,0.0,0.0
B,R02,testing,02,102,0,0.0,0.0,0.0,0.0
B,R02,testing,02,103,0,0.0,0.0,0.0,0.0
B,R02,testing,02,104,0,0.0,0.0,0.0,0.0
B,R02,testing,02,105,0,0.0,0.0,0.0,0.0
B,R02,testing,02,106,0,0.0,0.0,0.0,0.0
B,R02,testing,02,107,0,0.0,0.0,0.0,0.0
B,R02,testing,02,108,0,0.0,0.0,0.0,0.0
B,R02,testing,02,109,0,0.0,0.0,0.0,0.0
B,R02,testing,02,110,0,0.0,0.0,0.0,0.0
B,R02,testing,02,111,0,0.0,0.0,0.0,0.0
B,R02,testing,02,112,0,0.0,0.0,0.0,0.0
B,R02,testing,02,113,0,0.0,0.0,0.0,0.0
B,R02,testing,02,114,0,0.0,0.0,0.0,0.0
B,R02,testing,02,115,0,0.0,0.0,0.0,0.0
B,R02,testing,02,116,0,0.0,0.0,0.0,0.0
B,R02,testing,02,117,0,0.0,0.0,0.0,0.0
B,R02,testing,02,118,0,0.0,0.0,0.0,0.0
B,R02,testing,02,119,0,0.0,0.0,0.0,0.0
B,R02,testing,02,120,0,0.0,0.0,0.0,0.0
B,R02,testing,02,121,0,0.0,0.0,0.0,0.0
B,R02,testing,02,122,0,0.0,0.0,0.0,0.0
B,R02,testing,02,123,0,0.0,0.0,0.0,0.0
B,R02,testing,02,124,0,0.0,0.0,0.0,0.0
B,R02,testing,02,125,0,0.0,0.0,0.0,0.0
B,R02,testing,02,126,0,0.0,0.0,0.0,0.0
B,R02,testing,02,127,0,0.0,0.0,0.0,0.0
B,R02,testing,02,128,0,0.0,0.0,0.0,0.0
B,R02,testing,02,129,0,0.0,0.0,0.0,0.0
B,R02,testing,02,130,0,0.0,0.0,0.0,0.0
B,R02,testing,02,131,0,0.0,0.0,0.0,0.0
B,R02,testing,02,132,0,0.0,0.0,0.0,0.0
B,R02,testing,02,133,0,0.0,0.0,0.0,0.0
B,R02,testing,02,134,0,0.0,0.0,0.0,0.0
B,R02,testing,02,135,0,0.0,0.0,0.0,0.0
B,R02,testing,02,136,0,0.0,0.0,0.0,0.0
B,R02,testing,02,137,0,0.0,0.0,0.0,0.0
B,R02,testing,02,138,0,0.0,0.0,0.0,0.0
B,R02,testing,02,139,0,0.0,0.0,0.0,0.0
B,R02,testing,02,140,0,0.0,0.0,0.0,0.0
B,R02,testing,02,141,0,0.0,0.0,0.0,0.0
B,R02,testing,02,142,0,0.0,0.0,0.0,0.0
B,R02,testing,02,143,0,0.0,0.0,0.0,0.0
B,R02,testing,02,144,0,0.0,0.0,0.0,0.0
B,R02,testing,02,145,0,0.0,0.0,0.0,0.0
B,R02,testing,02,146,0,0.0,0.0,0.0,0.0
B,R02,testing,02,147,0,0.0,0.0,0.0,0.0
B,R02,testing,02,148,0,0.0,0.0,0.0,0.0
B,R02,testing,02,149,0,0.0,0.0,0.0,0.0
B,R02,testing,02,150,0,0.0,0.0,0.0,0.0
B,R02,testing,02,151,0,0.0,0.0,0.0,0.0
B,R02,testing,02,152,0,0.0,0.0,0.0,0.0
B,R02,testing,02,153,0,0.0,0.0,0.0,0.0
B,R02,testing,02,154,0,0.0,0.0,0.0,0.0
B,R02,testing,02,155,0,0.0,0.0,0.0,0.0
B,R02,testing,02,156,0,0.0,0.0,0.0,0.0
B,R02,testing,02,157,0,0.0,0.0,0.0,0.0
B,R02,testing,02,158,0,0.0,0.0,0.0,0.0
B,R02,testing,02,159,0,0.0,0.0,0.0,0.0
B,R02,testing,02,160,0,0.0,0.0,0.0,0.0
B,R02,testing,02,161,0,0.0,0.0,0.0,0.0
B,R02,testing,02,162,0,0.0,0.0,0.0,0.0
B,R02,testing,02,163,0,0.0,0.0,0.0,0.0
B,R02,testing,02,164,0,0.0,0.0,0.0,0.0
B,R02,testing,02,165,0,0.0,0.0,0.0,0.0
B,R02,testing,02,166,0,0.0,0.0,0.0,0.0
B,R02,testing,02,167,0,0.0,0.0,0.0,0.0
B,R02,testing,02,168,0,0.0,0.0,0.0,0.0
B,R02,testing,02,169,0,0.0,0.0,0.0,0.0
B,R02,testing,02,170,0,0.0,0.0,0.0,0.0
B,R02,testing,02,171,0,0.0,0.0,0.0,0.0
B,R02,testing,02,172,0,0.0,0.0,0.0,0.0
B,R02,testing,02,173,0,0.0,0.0,0.0,0.0
B,R02,testing,02,174,0,0.0,0.0,0.0,0.0
B,R02,testing,02,175,0,0.0,0.0,0.0,0.0
B,R02,testing,02,176,0,0.0,0.0,0.0,0.0
B,R02,testing,02,177,0,0.0,0.0,0.0,0.0
B,R02,testing,02,178,0,0.0,0.0,0.0,0.0
B,R02,testing,02,179,0,0.0,0.0,0.0,0.0
B,R02,testing,02,180,0,0.0,0.0,0.0,0.0
B,R02,testing,02,181,0,0.0,0.0,0.0,0.0
B,R02,testing,02,182,0,0.0,0.0,0.0,0.0
B,R02,testing,02,183,0,0.0,0.0,0.0,0.0
B,R02,testing,02,184,0,0.0,0.0,0.0,0.0
B,R02,testing,02,185,0,0.0,0.0,0.0,0.0
B,R02,testing,02,186,0,0.0,0.0,0.0,0.0
B,R02,testing,02,187,0,0.0,0.0,0.0,0.0
B,R02,testing,02,188,0,0.0,0.0,0.0,0.0
B,R02,testing,02,189,0,0.0,0.0,0.0,0.0
B,R02,testing,02,190,0,0.0,0.0,0.0,0.0
B,R02,testing,02,191,0,0.0,0.0,0.0,0.0
B,R02,testing,02,192,0,0.0,0.0,0.0,0.0
B,R02,testing,02,193,0,0.0,0.0,0.0,0.0
B,R02,testing,02,194,0,0.0,0.0,0.0,0.0
B,R02,testing,02,195,0,0.0,0.0,0.0,0.0
B,R02,testing,02,196,0,0.0,0.0,0.0,0.0
B,R02,testing,02,197,0,0.0,0.0,0.0,0.0
B,R02,testing,02,198,0,0.0,0.0,0.0,0.0
B,R02,testing,02,199,0,0.0,0.0,0.0,0.0
B,R02,testing,02,200,0,0.0,0.0,0.0,0.0
B,R02,testing,02,201,0,0.0,0.0,0.0,0.0
B,R02,testing,02,202,0,0.0,0.0,0.0,0.0
B,R02,testing,02,203,0,0.0,0.0,0.0,0.0
B,R02,testing,02,204,0,0.0,0.0,0.0,0.0
B,R02,testing,02,205,0,0.0,0.0,0.0,0.0
B,R02,testing,02,206,0,0.0,0.0,0.0,0.0
B,R02,testing,02,207,0,0.0,0.0,0.0,0.0
B,R02,testing,02,208,0,0.0,0.0,0.0,0.0
B,R02,testing,02,209,0,0.0,0.0,0.0,0.0
B,R02,testing,02,210,0,0.0,0.0,0.0,0.0
B,R02,testing,02,211,0,0.0,0.0,0.0,0.0
B,R02,testing,02,212,0,0.0,0.0,0.0,0.0
B,R02,testing,02,213,0,0.0,0.0,0.0,0.0
B,R02,testing,02,214,0,0.0,0.0,0.0,0.0
B,R02,testing,02,215,0,0.0,0.0,0.0,0.0
B,R02,testing,02,216,0,0.0,0.0,0.0,0.0
B,R02,testing,02,217,0,0.0,0.0,0.0,0.0
B,R02,testing,02,218,0,0.0,0.0,0.0,0.0
B,R02,testing,02,219,0,0.0,0.0,0.0,0.0
B,R02,testing,02,220,0,0.0,0.0,0.0,0.0
B,R02,testing,02,221,0,0.0,0.0,0.0,0.0
B,R02,testing,02,222,0,0.0,0.0,0.0,0.0
B,R02,testing,02,223,0,0.0,0.0,0.0,0.0
B,R02,testing,02,224,0,0.0,0.0,0.0,0.0
B,R02,testing,02,225,0,0.0,0.0,0.0,0.0
B,R02,testing,02,226,0,0.0,0.0,0.0,0.0
B,R02,testing,02,227,0,0.0,0.0,0.0,0.0
B,R02,testing,02,228,0,0.0,0.0,0.0,0.0
B,R02,testing,02,229,0,0.0,0.0,0.0,0.0
B,R02,testing,02,230,0,0.0,0.0,0.0,0.0
B,R02,testing,02,231,0,0.0,0.0,0.0,0.0
B,R02,testing,02,232,0,0.0,0.0,0.0,0.0
B,R02,testing,02,233,0,0.0,0.0,0.0,0.0
B,R02,testing,02,234,0,0.0,0.0,0.0,0.0
B,R02,testing,02,235,0,0.0,0.0,0.0,0.0
B,R02,testing,02,236,0,0.0,0.0,0.0,0.0
B,R02,testing,02,237,0,0.0,0.0,0.0,0.0
B,R02,testing,02,238,0,0.0,0.0,0.0,0.0
B,R02,testing,02,239,0,0.0,0.0,0.0,0.0
B,R02,testing,02,240,0,0.0,0.0,0.0,0.0
B,R02,testing,02,241,0,0.0,0.0,0.0,0.0
B,R02,testing,02,242,0,0.0,0.0,0.0,0.0
B,R02,testing,02,243,0,0.0,0.0,0.0,0.0
B,R02,testing,02,244,0,0.0,0.0,0.0,0.0
B,R02,testing,02,245,0,0.0,0.0,0.0,0.0
B,R02,testing,02,246,0,0.0,0.0,0.0,0.0
B,R02,testing,02,247,0,0.0,0.0,0.0,0.0
B,R02,testing,02,248,0,0.0,0.0,0.0,0.0
B,R02,testing,02,249,0,0.0,0.0,0.0,0.0
B,R02,testing,02,250,0,0.0,0.0,0.0,0.0
B,R02,testing,02,251,0,0.0,0.0,0.0,0.0
B,R02,testing,02,252,0,0.0,0.0,0.0,0.0
B,R02,testing,02,253,0,0.0,0.0,0.0,0.0
B,R02,testing,02,254,0,0.0,0.0,0.0,0.0
B,R02,testing,02,255,0,0.0,0.0,0.0,0.0
B,R02,testing,02,256,0,0.0,0.0,0.0,0.0
B,R02,testing,02,257,0,0.0,0.0,0.0,0.0
B,R02,testing,02,258,0,0.0,0.0,0.0,0.0
B,R02,testing,02,259,0,0.0,0.0,0.0,0.0
B,R02,testing,02,260,0,0.0,0.0,0.0,0.0
B,R02,testing,02,261,0,0.0,0.0,0.0,0.0
B,R02,testing,02,262,0,0.0,0.0,0.0,0.0
B,R02,testing,02,263,0,0.0,0.0,0.0,0.0
B,R02,testing,02,264,0,0.0,0.0,0.0,0.0
B,R02,testing,02,265,0,0.0,0.0,0.0,0.0
B,R02,testing,02,266,0,0.0,0.0,0.0,0.0
B,R02,testing,02,267,0,0.0,0.0,0.0,0.0
B,R02,testing,02,268,0,0.0,0.0,0.0,0.0
B,R02,testing,02,269,0,0.0,0.0,0.0,0.0
B,R02,testing,02,270,0,0.0,0.0,0.0,0.0
B,R02,testing,02,271,0,0.0,0.0,0.0,0.0
B,R02,testing,02,272,0,0.0,0.0,0.0,0.0
B,R02,testing,02,273,0,0.0,0.0,0.0,0.0
B,R02,testing,02,274,0,0.0,0.0,0.0,0.0
B,R02,testing,02,275,0,0.0,0.0,0.0,0.0
B,R02,testing,02,276,0,0.0,0.0,0.0,0.0
B,R02,testing,02,277,0,0.0,0.0,0.0,0.0
B,R02,testing,02,278,0,0.0,0.0,0.0,0.0
B,R02,testing,02,279,0,0.0,0.0,0.0,0.0
B,R02,testing,02,280,0,0.0,0.0,0.0,0.0
B,R02,testing,02,281,0,0.0,0.0,0.0,0.0
B,R02,testing,02,282,0,0.0,0.0,0.0,0.0
B,R02,testing,02,283,0,0.0,0.0,0.0,0.0
B,R02,testing,02,284,0,0.0,0.0,0.0,0.0
B,R02,testing,02,285,0,0.0,0.0,0.0,0.0
B,R02,testing,02,286,0,0.0,0.0,0.0,0.0
B,R02,testing,02,287,0,0.0,0.0,0.0,0.0
B,R02,testing,02,288,0,0.0,0.0,0.0,0.0
B,R02,testing,02,289,0,0.0,0.0,0.0,0.0
B,R02,testing,02,290,0,0.0,0.0,0.0,0.0
B,R02,testing,02,291,0,0.0,0.0,0.0,0.0
B,R02,testing,02,292,0,0.0,0.0,0.0,0.0
B,R02,testing,02,293,0,0.0,0.0,0.0,0.0
B,R02,testing,02,294,0,0.0,0.0,0.0,0.0
B,R02,testing,02,295,0,0.0,0.0,0.0,0.0
B,R02,testing,02,296,0,0.0,0.0,0.0,0.0
B,R02,testing,02,297,0,0.0,0.0,0.0,0.0
B,R02,testing,02,298,0,0.0,0.0,0.0,0.0
B,R02,testing,02,299,0,0.0,0.0,0.0,0.0
B,R02,testing,02,300,0,0.0,0.0,0.0,0.0
B,R02,testing,02,301,0,0.0,0.0,0.0,0.0
B,R02,testing,02,302,0,0.0,0.0,0.0,0.0
B,R02,testing,02,303,0,0.0,0.0,0.0,0.0
B,R02,testing,02,304,0,0.0,0.0,0.0,0.0
B,R02,testing,02,305,0,0.0,0.0,0.0,0.0
B,R02,testing,02,306,0,0.0,0.0,0.0,0.0
B,R02,testing,02,307,0,0.0,0.0,0.0,0.0
B,R02,testing,02,308,0,0.0,0.0,0.0,0.0
B,R02,testing,02,309,0,0.0,0.0,0.0,0.0
B,R02,testing,02,310,0,0.0,0.0,0.0,0.0
B,R02,testing,02,311,0,0.0,0.0,0.0,0.0
B,R02,testing,02,312,0,0.0,0.0,0.0,0.0
B,R02,testing,02,313,0,0.0,0.0,0.0,0.0
B,R02,testing,02,314,0,0.0,0.0,0.0,0.0
B,R02,testing,02,315,0,0.0,0.0,0.0,0.0
B,R02,testing,02,316,0,0.0,0.0,0.0,0.0
B,R02,testing,02,317,0,0.0,0.0,0.0,0.0
B,R02,testing,02,318,0,0.0,0.0,0.0,0.0
B,R02,testing,02,319,0,0.0,0.0,0.0,0.0
B,R02,testing,02,320,0,0.0,0.0,0.0,0.0
B,R02,testing,02,321,0,0.0,0.0,0.0,0.0
B,R02,testing,02,322,0,0.0,0.0,0.0,0.0
B,R02,testing,02,323,0,0.0,0.0,0.0,0.0
B,R02,testing,02,324,0,0.0,0.0,0.0,0.0
B,R02,testing,02,325,0,0.0,0.0,0.0,0.0
B,R02,testing,02,326,0,0.0,0.0,0.0,0.0
B,R02,testing,02,327,0,0.0,0.0,0.0,0.0
B,R02,testing,02,328,0,0.0,0.0,0.0,0.0
B,R02,testing,02,329,0,0.0,0.0,0.0,0.0
B,R02,testing,02,330,0,0.0,0.0,0.0,0.0
B,R02,testing,02,331,0,0.0,0.0,0.0,0.0
B,R02,testing,02,332,0,0.0,0.0,0.0,0.0
B,R02,testing,02,333,0,0.0,0.0,0.0,0.0
B,R02,testing,02,334,0,0.0,0.0,0.0,0.0
B,R02,testing,02,335,0,0.0,0.0,0.0,0.0
B,R02,testing,02,336,0,0.0,0.0,0.0,0.0
B,R02,testing,02,337,0,0.0,0.0,0.0,0.0
B,R02,testing,02,338,0,0.0,0.0,0.0,0.0
B,R02,testing,02,339,0,0.0,0.0,0.0,0.0
B,R02,testing,02,340,0,0.0,0.0,0.0,0.0
B,R02,testing,02,341,0,0.0,0.0,0.0,0.0
B,R02,testing,02,342,0,0.0,0.0,0.0,0.0
B,R02,testing,02,343,0,0.0,0.0,0.0,0.0
B,R02,testing,02,344,0,0.0,0.0,0.0,0.0
B,R02,testing,02,345,0,0.0,0.0,0.0,0.0
B,R02,testing,02,346,0,0.0,0.0,0.0,0.0
B,R02,testing,02,347,0,0.0,0.0,0.0,0.0
B,R02,testing,02,348,0,0.0,0.0,0.0,0.0
B,R02,testing,02,349,0,0.0,0.0,0.0,0.0
B,R02,testing,02,350,0,0.0,0.0,0.0,0.0
B,R02,testing,02,351,0,0.0,0.0,0.0,0.0
B,R02,testing,02,352,0,0.0,0.0,0.0,0.0
B,R02,testing,02,353,0,0.0,0.0,0.0,0.0
B,R02,testing,02,354,0,0.0,0.0,0.0,0.0
B,R02,testing,02,355,0,0.0,0.0,0.0,0.0
B,R02,testing,02,356,0,0.0,0.0,0.0,0.0
B,R02,testing,02,357,0,0.0,0.0,0.0,0.0
B,R02,testing,02,358,0,0.0,0.0,0.0,0.0
B,R02,testing,02,359,0,0.0,0.0,0.0,0.0
B,R02,testing,02,360,0,0.0,0.0,0.0,0.0
B,R02,testing,02,361,0,0.0,0.0,0.0,0.0
B,R02,testing,02,362,0,0.0,0.0,0.0,0.0
B,R02,testing,02,363,0,0.0,0.0,0.0,0.0
B,R02,testing,02,364,0,0.0,0.0,0.0,0.0
B,R02,testing,02,365,0,0.0,0.0,0.0,0.0
B,R02,testing,02,366,0,0.0,0.0,0.0,0.0
B,R02,testing,02,367,0,0.0,0.0,0.0,0.0
B,R02,testing,02,368,0,0.0,0.0,0.0,0.0
B,R02,testing,02,369,0,0.0,0.0,0.0,0.0
B,R02,testing,02,370,0,0.0,0.0,0.0,0.0
B,R02,testing,02,371,0,0.0,0.0,0.0,0.0
B,R02,testing,02,372,0,0.0,0.0,0.0,0.0
B,R02,testing,02,373,0,0.0,0.0,0.0,0.0
B,R02,testing,02,374,0,0.0,0.0,0.0,0.0
B,R02,testing,02,375,0,0.0,0.0,0.0,0.0
B,R02,testing,02,376,0,0.0,0.0,0.0,0.0
B,R02,testing,02,377,0,0.0,0.0,0.0,0.0
B,R02,testing,02,378,0,0.0,0.0,0.0,0.0
B,R02,testing,02,379,0,0.0,0.0,0.0,0.0
B,R02,testing,02,380,0,0.0,0.0,0.0,0.0
B,R02,testing,02,381,0,0.0,0.0,0.0,0.0
B,R02,testing,02,382,0,0.0,0.0,0.0,0.0
B,R02,testing,02,383,0,0.0,0.0,0.0,0.0
B,R02,testing,02,384,0,0.0,0.0,0.0,0.0
B,R02,testing,02,385,0,0.0,0.0,0.0,0.0
B,R02,testing,02,386,0,0.0,0.0,0.0,0.0
B,R02,testing,02,387,0,0.0,0.0,0.0,0.0
B,R02,testing,02,388,0,0.0,0.0,0.0,0.0
B,R02,testing,02,389,0,0.0,0.0,0.0,0.0
B,R02,testing,02,390,0,0.0,0.0,0.0,0.0
B,R02,testing,02,391,0,0.0,0.0,0.0,0.0
B,R02,testing,02,392,0,0.0,0.0,0.0,0.0
B,R02,testing,02,393,0,0.0,0.0,0.0,0.0
B,R02,testing,02,394,0,0.0,0.0,0.0,0.0
B,R02,testing,02,395,0,0.0,0.0,0.0,0.0
B,R02,testing,02,396,0,0.0,0.0,0.0,0.0
B,R02,testing,02,397,0,0.0,0.0,0.0,0.0
B,R02,testing,02,398,0,0.0,0.0,0.0,0.0
B,R02,testing,02,399,0,0.0,0.0,0.0,0.0
B,R02,testing,02,400,0,0.0,0.0,0.0,0.0
B,R02,testing,02,401,0,0.0,0.0,0.0,0.0
B,R02,testing,02,402,0,0.0,0.0,0.0,0.0
B,R02,testing,02,403,0,0.0,0.0,0.0,0.0
B,R02,testing,02,404,0,0.0,0.0,0.0,0.0
B,R02,testing,02,405,0,0.0,0.0,0.0,0.0
B,R02,testing,02,406,0,0.0,0.0,0.0,0.0
B,R02,testing,02,407,0,0.0,0.0,0.0,0.0
B,R02,testing,02,408,0,0.0,0.0,0.0,0.0
B,R02,testing,02,409,0,0.0,0.0,0.0,0.0
B,R02,testing,02,410,0,0.0,0.0,0.0,0.0
B,R02,testing,02,411,0,0.0,0.0,0.0,0.0
B,R02,testing,02,412,0,0.0,0.0,0.0,0.0
B,R02,testing,02,413,0,0.0,0.0,0.0,0.0
B,R02,testing,02,414,0,0.0,0.0,0.0,0.0
B,R02,testing,02,415,0,0.0,0.0,0.0,0.0
B,R02,testing,02,416,0,0.0,0.0,0.0,0.0
B,R02,testing,02,417,0,0.0,0.0,0.0,0.0
B,R02,testing,02,418,0,0.0,0.0,0.0,0.0
B,R02,testing,02,419,0,0.0,0.0,0.0,0.0
B,R02,testing,02,420,0,0.0,0.0,0.0,0.0
B,R02,testing,02,421,0,0.0,0.0,0.0,0.0
B,R02,testing,02,422,0,0.0,0.0,0.0,0.0
B,R02,testing,02,423,0,0.0,0.0,0.0,0.0
B,R02,testing,02,424,0,0.0,0.0,0.0,0.0
B,R02,testing,02,425,0,0.0,0.0,0.0,0.0
B,R02,testing,02,426,0,0.0,0.0,0.0,0.0
B,R02,testing,02,427,0,0.0,0.0,0.0,0.0
B,R02,testing,02,428,0,0.0,0.0,0.0,0.0
B,R02,testing,02,429,0,0.0,0.0,0.0,0.0
B,R02,testing,02,430,0,0.0,0.0,0.0,0.0
B,R02,testing,02,431,0,0.0,0.0,0.0,0.0
B,R02,testing,02,432,0,0.0,0.0,0.0,0.0
B,R02,testing,02,433,0,0.0,0.0,0.0,0.0
B,R02,testing,02,434,0,0.0,0.0,0.0,0.0
B,R02,testing,02,435,0,0.0,0.0,0.0,0.0
B,R02,testing,02,436,0,0.0,0.0,0.0,0.0
B,R02,testing,02,437,0,0.0,0.0,0.0,0.0
B,R02,testing,02,438,0,0.0,0.0,0.0,0.0
B,R02,testing,02,439,0,0.0,0.0,0.0,0.0
B,R02,testing,02,440,0,0.0,0.0,0.0,0.0
B,R02,testing,02,441,0,0.0,0.0,0.0,0.0
B,R02,testing,02,442,0,0.0,0.0,0.0,0.0
B,R02,testing,02,443,0,0.0,0.0,0.0,0.0
B,R02,testing,02,444,0,0.0,0.0,0.0,0.0
B,R02,testing,02,445,0,0.0,0.0,0.0,0.0
B,R02,testing,02,446,0,0.0,0.0,0.0,0.0
B,R02,testing,02,447,0,0.0,0.0,0.0,0.0
B,R02,testing,02,448,0,0.0,0.0,0.0,0.0
B,R02,testing,02,449,0,0.0,0.0,0.0,0.0
B,R02,testing,02,450,0,0.0,0.0,0.0,0.0
B,R02,testing,02,451,0,0.0,0.0,0.0,0.0
B,R02,testing,02,452,0,0.0,0.0,0.0,0.0
B,R02,testing,02,453,0,0.0,0.0,0.0,0.0
B,R02,testing,02,454,0,0.0,0.0,0.0,0.0
B,R02,testing,02,455,0,0.0,0.0,0.0,0.0
B,R02,testing,02,456,0,0.0,0.0,0.0,0.0
B,R02,testing,02,457,0,0.0,0.0,0.0,0.0
B,R02,testing,02,458,0,0.0,0.0,0.0,0.0
B,R02,testing,02,459,0,0.0,0.0,0.0,0.0
B,R02,testing,02,460,0,0.0,0.0,0.0,0.0
B,R02,testing,02,461,0,0.0,0.0,0.0,0.0
B,R02,testing,02,462,0,0.0,0.0,0.0,0.0
B,R02,testing,02,463,0,0.0,0.0,0.0,0.0
B,R02,testing,02,464,0,0.0,0.0,0.0,0.0
B,R02,testing,02,465,0,0.0,0.0,0.0,0.0
B,R02,testing,02,466,0,0.0,0.0,0.0,0.0
B,R02,testing,02,467,0,0.0,0.0,0.0,0.0
B,R02,testing,02,468,0,0.0,0.0,0.0,0.0
B,R02,testing,02,469,0,0.0,0.0,0.0,0.0
B,R02,testing,02,470,0,0.0,0.0,0.0,0.0
B,R02,testing,02,471,0,0.0,0.0,0.0,0.0
B,R02,testing,02,472,0,0.0,0.0,0.0,0.0
B,R02,testing,02,473,0,0.0,0.0,0.0,0.0
B,R02,testing,02,474,0,0.0,0.0,0.0,0.0
B,R02,testing,02,475,0,0.0,0.0,0.0,0.0
B,R02,testing,02,476,0,0.0,0.0,0.0,0.0
B,R02,testing,02,477,0,0.0,0.0,0.0,0.0
B,R02,testing,02,478,0,0.0,0.0,0.0,0.0
B,R02,testing,02,479,0,0.0,0.0,0.0,0.0
B,R02,testing,02,480,0,0.0,0.0,0.0,0.0
B,R02,testing,02,481,0,0.0,0.0,0.0,0.0
B,R02,testing,02,482,0,0.0,0.0,0.0,0.0
B,R02,testing,02,483,0,0.0,0.0,0.0,0.0
B,R02,testing,02,484,0,0.0,0.0,0.0,0.0
B,R02,testing,02,485,0,0.0,0.0,0.0,0.0
B,R02,testing,02,486,0,0.0,0.0,0.0,0.0
B,R02,testing,02,487,0,0.0,0.0,0.0,0.0
B,R02,testing,02,488,0,0.0,0.0,0.0,0.0
B,R02,testing,02,489,0,0.0,0.0,0.0,0.0
B,R02,testing,02,490,0,0.0,0.0,0.0,0.0
B,R02,testing,02,491,0,0.0,0.0,0.0,0.0
B,R02,testing,02,492,0,0.0,0.0,0.0,0.0
B,R02,testing,02,493,0,0.0,0.0,0.0,0.0
B,R02,testing,02,494,0,0.0,0.0,0.0,0.0
B,R02,testing,02,495,0,0.0,0.0,0.0,0.0
B,R02,testing,02,496,0,0.0,0.0,0.0,0.0
B,R02,testing,02,497,0,0.0,0.0,0.0,0.0
B,R02,testing,02,498,0,0.0,0.0,0.0,0.0
B,R02,testing,02,499,0,0.0,0.0,0.0,0.0
B,R02,testing,02,500,0,0.0,0.0,0.0,0.0
B,R02,testing,02,501,0,0.0,0.0,0.0,0.0
B,R02,testing,02,502,0,0.0,0.0,0.0,0.0
B,R02,testing,02,503,0,0.0,0.0,0.0,0.0
B,R02,testing,02,504,0,0.0,0.0,0.0,0.0
B,R02,testing,02,505,0,0.0,0.0,0.0,0.0
B,R02,testing,02,506,0,0.0,0.0,0.0,0.0
B,R02,testing,02,507,0,0.0,0.0,0.0,0.0
B,R02,testing,02,508,0,0.0,0.0,0.0,0.0
B,R02,testing,02,509,0,0.0,0.0,0.0,0.0
B,R02,testing,02,510,0,0.0,0.0,0.0,0.0
B,R02,testing,02,511,0,0.0,0.0,0.0,0.0
B,R02,testing,02,512,0,0.0,0.0,0.0,0.0
B,R02,testing,02,513,0,0.0,0.0,0.0,0.0
B,R02,testing,02,514,0,0.0,0.0,0.0,0.0
B,R02,testing,02,515,0,0.0,0.0,0.0,0.0
B,R02,testing,02,516,0,0.0,0.0,0.0,0.0
B,R02,testing,02,517,0,0.0,0.0,0.0,0.0
B,R02,testing,02,518,0,0.0,0.0,0.0,0.0
B,R02,testing,02,519,0,0.0,0.0,0.0,0.0
B,R02,testing,02,520,0,0.0,0.0,0.0,0.0
B,R02,testing,02,521,0,0.0,0.0,0.0,0.0
B,R02,testing,02,522,0,0.0,0.0,0.0,0.0
B,R02,testing,02,523,0,0.0,0.0,0.0,0.0
B,R02,testing,02,524,0,0.0,0.0,0.0,0.0
B,R02,testing,02,525,0,0.0,0.0,0.0,0.0
B,R02,testing,02,526,0,0.0,0.0,0.0,0.0
B,R02,testing,02,527,0,0.0,0.0,0.0,0.0
B,R02,testing,02,528,0,0.0,0.0,0.0,0.0
B,R02,testing,02,529,0,0.0,0.0,0.0,0.0
B,R02,testing,02,530,0,0.0,0.0,0.0,0.0
B,R02,testing,02,531,0,0.0,0.0,0.0,0.0
B,R02,testing,02,532,0,0.0,0.0,0.0,0.0
B,R02,testing,02,533,0,0.0,0.0,0.0,0.0
B,R02,testing,02,534,0,0.0,0.0,0.0,0.0
B,R02,testing,02,535,0,0.0,0.0,0.0,0.0
B,R02,testing,02,536,0,0.0,0.0,0.0,0.0
B,R02,testing,02,537,0,0.0,0.0,0.0,0.0
B,R02,testing,02,538,0,0.0,0.0,0.0,0.0
B,R02,testing,02,539,0,0.0,0.0,0.0,0.0
B,R02,testing,02,540,0,0.0,0.0,0.0,0.0
B,R02,testing,02,541,0,0.0,0.0,0.0,0.0
B,R02,testing,02,542,0,0.0,0.0,0.0,0.0
B,R02,testing,02,543,0,0.0,0.0,0.0,0.0
B,R02,testing,02,544,0,0.0,0.0,0.0,0.0
B,R02,testing,02,545,0,0.0,0.0,0.0,0.0
B,R02,testing,02,546,0,0.0,0.0,0.0,0.0
B,R02,testing,02,547,0,0.0,0.0,0.0,0.0
B,R02,testing,02,548,0,0.0,0.0,0.0,0.0
B,R02,testing,02,549,0,0.0,0.0,0.0,0.0
B,R02,testing,02,550,0,0.0,0.0,0.0,0.0
B,R02,testing,02,551,0,0.0,0.0,0.0,0.0
B,R02,testing,02,552,0,0.0,0.0,0.0,0.0
B,R02,testing,02,553,0,0.0,0.0,0.0,0.0
B,R02,testing,02,554,0,0.0,0.0,0.0,0.0
B,R02,testing,02,555,0,0.0,0.0,0.0,0.0
B,R02,testing,02,556,0,0.0,0.0,0.0,0.0
B,R02,testing,02,557,0,0.0,0.0,0.0,0.0
B,R02,testing,02,558,0,0.0,0.0,0.0,0.0
B,R02,testing,02,559,0,0.0,0.0,0.0,0.0
B,R02,testing,02,560,0,0.0,0.0,0.0,0.0
B,R02,testing,02,561,0,0.0,0.0,0.0,0.0
B,R02,testing,02,562,0,0.0,0.0,0.0,0.0
B,R02,testing,02,563,0,0.0,0.0,0.0,0.0
B,R02,testing,02,564,0,0.0,0.0,0.0,0.0
B,R02,testing,02,565,0,0.0,0.0,0.0,0.0
B,R02,testing,02,566,0,0.0,0.0,0.0,0.0
B,R02,testing,02,567,0,0.0,0.0,0.0,0.0
B,R02,testing,02,568,0,0.0,0.0,0.0,0.0
B,R02,testing,02,569,0,0.0,0.0,0.0,0.0
B,R02,testing,02,570,0,0.0,0.0,0.0,0.0
B,R02,testing,02,571,0,0.0,0.0,0.0,0.0
B,R02,testing,02,572,0,0.0,0.0,0.0,0.0
B,R02,testing,02,573,0,0.0,0.0,0.0,0.0
B,R02,testing,02,574,0,0.0,0.0,0.0,0.0
B,R02,testing,02,575,0,0.0,0.0,0.0,0.0
B,R02,testing,02,576,0,0.0,0.0,0.0,0.0
B,R02,testing,02,577,0,0.0,0.0,0.0,0.0
B,R02,testing,02,578,0,0.0,0.0,0.0,0.0
B,R02,testing,02,579,0,0.0,0.0,0.0,0.0
B,R02,testing,02,580,0,0.0,0.0,0.0,0.0
B,R02,testing,02,581,0,0.0,0.0,0.0,0.0
B,R02,testing,02,582,0,0.0,0.0,0.0,0.0
B,R02,testing,02,583,0,0.0,0.0,0.0,0.0
B,R02,testing,02,584,0,0.0,0.0,0.0,0.0
B,R02,testing,02,585,0,0.0,0.0,0.0,0.0
B,R02,testing,02,586,0,0.0,0.0,0.0,0.0
B,R02,testing,02,587,0,0.0,0.0,0.0,0.0
B,R02,testing,02,588,0,0.0,0.0,0.0,0.0
B,R02,testing,02,589,0,0.0,0.0,0.0,0.0
B,R02,testing,02,590,0,0.0,0.0,0.0,0.0
B,R02,testing,02,591,0,0.0,0.0,0.0,0.0
B,R02,testing,02,592,0,0.0,0.0,0.0,0.0
B,R02,testing,02,593,0,0.0,0.0,0.0,0.0
B,R02,testing,02,594,0,0.0,0.0,0.0,0.0
C,R02,testing,02,0,0,0.0,0.0,0.0,0.0
C,R02,testing,02,1,0,0.0,0.0,0.0,0.0
C,R02,testing,02,2,0,0.0,0.0,0.0,0.0
C,R02,testing,02,3,0,0.0,0.0,0.0,0.0
C,R02,testing,02,4,0,0.0,0.0,0.0,0.0
C,R02,testing,02,5,0,0.0,0.0,0.0,0.0
C,R02,testing,02,6,0,0.0,0.0,0.0,0.0
C,R02,testing,02,7,0,0.0,0.0,0.0,0.0
C,R02,testing,02,8,0,0.0,0.0,0.0,0.0
C,R02,testing,02,9,0,0.0,0.0,0.0,0.0
C,R02,testing,02,10,0,0.0,0.0,0.0,0.0
C,R02,testing,02,11,0,0.0,0.0,0.0,0.0
C,R02,testing,02,12,0,0.0,0.0,0.0,0.0
C,R02,testing,02,13,0,0.0,0.0,0.0,0.0
C,R02,testing,02,14,0,0.0,0.0,0.0,0.0
C,R02,testing,02,15,0,0.0,0.0,0.0,0.0
C,R02,testing,02,16,0,0.0,0.0,0.0,0.0
C,R02,testing,02,17,0,0.0,0.0,0.0,0.0
C,R02,testing,02,18,0,0.0,0.0,0.0,0.0
C,R02,testing,02,19,0,0.0,0.0,0.0,0.0
C,R02,testing,02,20,0,0.0,0.0,0.0,0.0
C,R02,testing,02,21,0,0.0,0.0,0.0,0.0
C,R02,testing,02,22,0,0.0,0.0,0.0,0.0
C,R02,testing,02,23,0,0.0,0.0,0.0,0.0
C,R02,testing,02,24,0,0.0,0.0,0.0,0.0
C,R02,testing,02,25,0,0.0,0.0,0.0,0.0
C,R02,testing,02,26,0,0.0,0.0,0.0,0.0
C,R02,testing,02,27,0,0.0,0.0,0.0,0.0
C,R02,testing,02,28,0,0.0,0.0,0.0,0.0
C,R02,testing,02,29,0,0.0,0.0,0.0,0.0
C,R02,testing,02,30,0,0.0,0.0,0.0,0.0
C,R02,testing,02,31,0,0.0,0.0,0.0,0.0
C,R02,testing,02,32,0,0.0,0.0,0.0,0.0
C,R02,testing,02,33,0,0.0,0.0,0.0,0.0
C,R02,testing,02,34,0,0.0,0.0,0.0,0.0
C,R02,testing,02,35,0,0.0,0.0,0.0,0.0
C,R02,testing,02,36,0,0.0,0.0,0.0,0.0
C,R02,testing,02,37,0,0.0,0.0,0.0,0.0
C,R02,testing,02,38,0,0.0,0.0,0.0,0.0
C,R02,testing,02,39,0,0.0,0.0,0.0,0.0
C,R02,testing,02,40,0,0.0,0.0,0.0,0.0
C,R02,testing,02,41,0,0.0,0.0,0.0,0.0
C,R02,testing,02,42,0,0.0,0.0,0.0,0.0
C,R02,testing,02,43,0,0.0,0.0,0.0,0.0
C,R02,testing,02,44,0,0.0,0.0,0.0,0.0
C,R02,testing,02,45,0,0.0,0.0,0.0,0.0
C,R02,testing,02,46,0,0.0,0.0,0.0,0.0
C,R02,testing,02,47,0,0.0,0.0,0.0,0.0
C,R02,testing,02,48,0,0.0,0.0,0.0,0.0
C,R02,testing,02,49,0,0.0,0.0,0.0,0.0
C,R02,testing,02,50,0,0.0,0.0,0.0,0.0
C,R02,testing,02,51,0,0.0,0.0,0.0,0.0
C,R02,testing,02,52,0,0.0,0.0,0.0,0.0
C,R02,testing,02,53,0,0.0,0.0,0.0,0.0
C,R02,testing,02,54,0,0.0,0.0,0.0,0.0
C,R02,testing,02,55,0,0.0,0.0,0.0,0.0
C,R02,testing,02,56,0,0.0,0.0,0.0,0.0
C,R02,testing,02,57,0,0.0,0.0,0.0,0.0
C,R02,testing,02,58,0,0.0,0.0,0.0,0.0
C,R02,testing,02,59,0,0.0,0.0,0.0,0.0
C,R02,testing,02,60,0,0.0,0.0,0.0,0.0
C,R02,testing,02,61,0,0.0,0.0,0.0,0.0
C,R02,testing,02,62,0,0.0,0.0,0.0,0.0
C,R02,testing,02,63,0,0.0,0.0,0.0,0.0
C,R02,testing,02,64,0,0.0,0.0,0.0,0.0
C,R02,testing,02,65,0,0.0,0.0,0.0,0.0
C,R02,testing,02,66,0,0.0,0.0,0.0,0.0
C,R02,testing,02,67,0,0.0,0.0,0.0,0.0
C,R02,testing,02,68,0,0.0,0.0,0.0,0.0
C,R02,testing,02,69,0,0.0,0.0,0.0,0.0
C,R02,testing,02,70,0,0.0,0.0,0.0,0.0
C,R02,testing,02,71,0,0.0,0.0,0.0,0.0
C,R02,testing,02,72,0,0.0,0.0,0.0,0.0
C,R02,testing,02,73,0,0.0,0.0,0.0,0.0
C,R02,testing,02,74,0,0.0,0.0,0.0,0.0
C,R02,testing,02,75,0,0.0,0.0,0.0,0.0
C,R02,testing,02,76,0,0.0,0.0,0.0,0.0
C,R02,testing,02,77,0,0.0,0.0,0.0,0.0
C,R02,testing,02,78,0,0.0,0.0,0.0,0.0
C,R02,testing,02,79,0,0.0,0.0,0.0,0.0
C,R02,testing,02,80,0,0.0,0.0,0.0,0.0
C,R02,testing,02,81,0,0.0,0.0,0.0,0.0
C,R02,testing,02,82,0,0.0,0.0,0.0,0.0
C,R02,testing,02,83,0,0.0,0.0,0.0,0.0
C,R02,testing,02,84,0,0.0,0.0,0.0,0.0
C,R02,testing,02,85,0,0.0,0.0,0.0,0.0
C,R02,testing,02,86,0,0.0,0.0,0.0,0.0
C,R02,testing,02,87,0,0.0,0.0,0.0,0.0
C,R02,testing,02,88,0,0.0,0.0,0.0,0.0
C,R02,testing,02,89,0,0.0,0.0,0.0,0.0
C,R02,testing,02,90,0,0.0,0.0,0.0,0.0
C,R02,testing,02,91,0,0.0,0.0,0.0,0.0
C,R02,testing,02,92,0,0.0,0.0,0.0,0.0
C,R02,testing,02,93,0,0.0,0.0,0.0,0.0
C,R02,testing,02,94,0,0.0,0.0,0.0,0.0
C,R02,testing,02,95,0,0.0,0.0,0.0,0.0
C,R02,testing,02,96,0,0.0,0.0,0.0,0.0
C,R02,testing,02,97,0,0.0,0.0,0.0,0.0
C,R02,testing,02,98,0,0.0,0.0,0.0,0.0
C,R02,testing,02,99,0,0.0,0.0,0.0,0.0
C,R02,testing,02,100,0,0.0,0.0,0.0,0.0
C,R02,testing,02,101,0,0.0,0.0,0.0,0.0
C,R02,testing,02,102,0,0.0,0.0,0.0,0.0
C,R02,testing,02,103,0,0.0,0.0,0.0,0.0
C,R02,testing,02,104,0,0.0,0.0,0.0,0.0
C,R02,testing,02,105,0,0.0,0.0,0.0,0.0
C,R02,testing,02,106,0,0.0,0.0,0.0,0.0
C,R02,testing,02,107,0,0.0,0.0,0.0,0.0
C,R02,testing,02,108,0,0.0,0.0,0.0,0.0
C,R02,testing,02,109,0,0.0,0.0,0.0,0.0
C,R02,testing,02,110,0,0.0,0.0,0.0,0.0
C,R02,testing,02,111,0,0.0,0.0,0.0,0.0
C,R02,testing,02,112,0,0.0,0.0,0.0,0.0
C,R02,testing,02,113,0,0.0,0.0,0.0,0.0
C,R02,testing,02,114,0,0.0,0.0,0.0,0.0
C,R02,testing,02,115,0,0.0,0.0,0.0,0.0
C,R02,testing,02,116,0,0.0,0.0,0.0,0.0
C,R02,testing,02,117,0,0.0,0.0,0.0,0.0
C,R02,testing,02,118,0,0.0,0.0,0.0,0.0
C,R02,testing,02,119,0,0.0,0.0,0.0,0.0
C,R02,testing,02,120,0,0.0,0.0,0.0,0.0
C,R02,testing,02,121,0,0.0,0.0,0.0,0.0
C,R02,testing,02,122,0,0.0,0.0,0.0,0.0
C,R02,testing,02,123,0,0.0,0.0,0.0,0.0
C,R02,testing,02,124,0,0.0,0.0,0.0,0.0
C,R02,testing,02,125,0,0.0,0.0,0.0,0.0
C,R02,testing,02,126,0,0.0,0.0,0.0,0.0
C,R02,testing,02,127,0,0.0,0.0,0.0,0.0
C,R02,testing,02,128,0,0.0,0.0,0.0,0.0
C,R02,testing,02,129,0,0.0,0.0,0.0,0.0
C,R02,testing,02,130,0,0.0,0.0,0.0,0.0
C,R02,testing,02,131,0,0.0,0.0,0.0,0.0
C,R02,testing,02,132,0,0.0,0.0,0.0,0.0
C,R02,testing,02,133,0,0.0,0.0,0.0,0.0
C,R02,testing,02,134,0,0.0,0.0,0.0,0.0
C,R02,testing,02,135,0,0.0,0.0,0.0,0.0
C,R02,testing,02,136,0,0.0,0.0,0.0,0.0
C,R02,testing,02,137,0,0.0,0.0,0.0,0.0
C,R02,testing,02,138,0,0.0,0.0,0.0,0.0
C,R02,testing,02,139,0,0.0,0.0,0.0,0.0
C,R02,testing,02,140,0,0.0,0.0,0.0,0.0
C,R02,testing,02,141,0,0.0,0.0,0.0,0.0
C,R02,testing,02,142,0,0.0,0.0,0.0,0.0
C,R02,testing,02,143,0,0.0,0.0,0.0,0.0
C,R02,testing,02,144,0,0.0,0.0,0.0,0.0
C,R02,testing,02,145,0,0.0,0.0,0.0,0.0
C,R02,testing,02,146,0,0.0,0.0,0.0,0.0
C,R02,testing,02,147,0,0.0,0.0,0.0,0.0
C,R02,testing,02,148,0,0.0,0.0,0.0,0.0
C,R02,testing,02,149,0,0.0,0.0,0.0,0.0
C,R02,testing,02,150,0,0.0,0.0,0.0,0.0
C,R02,testing,02,151,0,0.0,0.0,0.0,0.0
C,R02,testing,02,152,0,0.0,0.0,0.0,0.0
C,R02,testing,02,153,0,0.0,0.0,0.0,0.0
C,R02,testing,02,154,0,0.0,0.0,0.0,0.0
C,R02,testing,02,155,0,0.0,0.0,0.0,0.0
C,R02,testing,02,156,0,0.0,0.0,0.0,0.0
C,R02,testing,02,157,0,0.0,0.0,0.0,0.0
C,R02,testing,02,158,0,0.0,0.0,0.0,0.0
C,R02,testing,02,159,0,0.0,0.0,0.0,0.0
C,R02,testing,02,160,0,0.0,0.0,0.0,0.0
C,R02,testing,02,161,0,0.0,0.0,0.0,0.0
C,R02,testing,02,162,0,0.0,0.0,0.0,0.0
C,R02,testing,02,163,0,0.0,0.0,0.0,0.0
C,R02,testing,02,164,0,0.0,0.0,0.0,0.0
C,R02,testing,02,165,0,0.0,0.0,0.0,0.0
C,R02,testing,02,166,0,0.0,0.0,0.0,0.0
C,R02,testing,02,167,0,0.0,0.0,0.0,0.0
C,R02,testing,02,168,0,0.0,0.0,0.0,0.0
C,R02,testing,02,169,0,0.0,0.0,0.0,0.0
C,R02,testing,02,170,0,0.0,0.0,0.0,0.0
C,R02,testing,02,171,0,0.0,0.0,0.0,0.0
C,R02,testing,02,172,0,0.0,0.0,0.0,0.0
C,R02,testing,02,173,0,0.0,0.0,0.0,0.0
C,R02,testing,02,174,0,0.0,0.0,0.0,0.0
C,R02,testing,02,175,0,0.0,0.0,0.0,0.0
C,R02,testing,02,176,0,0.0,0.0,0.0,0.0
C,R02,testing,02,177,0,0.0,0.0,0.0,0.0
C,R02,testing,02,178,0,0.0,0.0,0.0,0.0
C,R02,testing,02,179,0,0.0,0.0,0.0,0.0
C,R02,testing,02,180,0,0.0,0.0,0.0,0.0
C,R02,testing,02,181,0,0.0,0.0,0.0,0.0
C,R02,testing,02,182,0,0.0,0.0,0.0,0.0
C,R02,testing,02,183,0,0.0,0.0,0.0,0.0
C,R02,testing,02,184,0,0.0,0.0,0.0,0.0
C,R02,testing,02,185,0,0.0,0.0,0.0,0.0
C,R02,testing,02,186,0,0.0,0.0,0.0,0.0
C,R02,testing,02,187,0,0.0,0.0,0.0,0.0
C,R02,testing,02,188,0,0.0,0.0,0.0,0.0
C,R02,testing,02,189,0,0.0,0.0,0.0,0.0
C,R02,testing,02,190,0,0.0,0.0,0.0,0.0
C,R02,testing,02,191,0,0.0,0.0,0.0,0.0
C,R02,testing,02,192,0,0.0,0.0,0.0,0.0
C,R02,testing,02,193,0,0.0,0.0,0.0,0.0
C,R02,testing,02,194,0,0.0,0.0,0.0,0.0
C,R02,testing,02,195,0,0.0,0.0,0.0,0.0
C,R02,testing,02,196,0,0.0,0.0,0.0,0.0
C,R02,testing,02,197,0,0.0,0.0,0.0,0.0
C,R02,testing,02,198,0,0.0,0.0,0.0,0.0
C,R02,testing,02,199,0,0.0,0.0,0.0,0.0
C,R02,testing,02,200,0,0.0,0.0,0.0,0.0
C,R02,testing,02,201,0,0.0,0.0,0.0,0.0
C,R02,testing,02,202,0,0.0,0.0,0.0,0.0
C,R02,testing,02,203,0,0.0,0.0,0.0,0.0
C,R02,testing,02,204,0,0.0,0.0,0.0,0.0
C,R02,testing,02,205,0,0.0,0.0,0.0,0.0
C,R02,testing,02,206,0,0.0,0.0,0.0,0.0
C,R02,testing,02,207,0,0.0,0.0,0.0,0.0
C,R02,testing,02,208,0,0.0,0.0,0.0,0.0
C,R02,testing,02,209,0,0.0,0.0,0.0,0.0
C,R02,testing,02,210,0,0.0,0.0,0.0,0.0
C,R02,testing,02,211,0,0.0,0.0,0.0,0.0
C,R02,testing,02,212,0,0.0,0.0,0.0,0.0
C,R02,testing,02,213,0,0.0,0.0,0.0,0.0
C,R02,testing,02,214,0,0.0,0.0,0.0,0.0
C,R02,testing,02,215,0,0.0,0.0,0.0,0.0
C,R02,testing,02,216,0,0.0,0.0,0.0,0.0
C,R02,testing,02,217,0,0.0,0.0,0.0,0.0
C,R02,testing,02,218,0,0.0,0.0,0.0,0.0
C,R02,testing,02,219,0,0.0,0.0,0.0,0.0
C,R02,testing,02,220,0,0.0,0.0,0.0,0.0
C,R02,testing,02,221,0,0.0,0.0,0.0,0.0
C,R02,testing,02,222,0,0.0,0.0,0.0,0.0
C,R02,testing,02,223,0,0.0,0.0,0.0,0.0
C,R02,testing,02,224,0,0.0,0.0,0.0,0.0
C,R02,testing,02,225,0,0.0,0.0,0.0,0.0
C,R02,testing,02,226,0,0.0,0.0,0.0,0.0
C,R02,testing,02,227,0,0.0,0.0,0.0,0.0
C,R02,testing,02,228,0,0.0,0.0,0.0,0.0
C,R02,testing,02,229,0,0.0,0.0,0.0,0.0
C,R02,testing,02,230,0,0.0,0.0,0.0,0.0
C,R02,testing,02,231,0,0.0,0.0,0.0,0.0
C,R02,testing,02,232,0,0.0,0.0,0.0,0.0
C,R02,testing,02,233,0,0.0,0.0,0.0,0.0
C,R02,testing,02,234,0,0.0,0.0,0.0,0.0
C,R02,testing,02,235,0,0.0,0.0,0.0,0.0
C,R02,testing,02,236,0,0.0,0.0,0.0,0.0
C,R02,testing,02,237,0,0.0,0.0,0.0,0.0
C,R02,testing,02,238,0,0.0,0.0,0.0,0.0
C,R02,testing,02,239,0,0.0,0.0,0.0,0.0
C,R02,testing,02,240,0,0.0,0.0,0.0,0.0
C,R02,testing,02,241,0,0.0,0.0,0.0,0.0
C,R02,testing,02,242,0,0.0,0.0,0.0,0.0
C,R02,testing,02,243,0,0.0,0.0,0.0,0.0
C,R02,testing,02,244,0,0.0,0.0,0.0,0.0
C,R02,testing,02,245,0,0.0,0.0,0.0,0.0
C,R02,testing,02,246,0,0.0,0.0,0.0,0.0
C,R02,testing,02,247,0,0.0,0.0,0.0,0.0
C,R02,testing,02,248,0,0.0,0.0,0.0,0.0
C,R02,testing,02,249,0,0.0,0.0,0.0,0.0
C,R02,testing,02,250,0,0.0,0.0,0.0,0.0
C,R02,testing,02,251,0,0.0,0.0,0.0,0.0
C,R02,testing,02,252,0,0.0,0.0,0.0,0.0
C,R02,testing,02,253,0,0.0,0.0,0.0,0.0
C,R02,testing,02,254,0,0.0,0.0,0.0,0.0
C,R02,testing,02,255,0,0.0,0.0,0.0,0.0
C,R02,testing,02,256,0,0.0,0.0,0.0,0.0
C,R02,testing,02,257,0,0.0,0.0,0.0,0.0
C,R02,testing,02,258,0,0.0,0.0,0.0,0.0
C,R02,testing,02,259,0,0.0,0.0,0.0,0.0
C,R02,testing,02,260,0,0.0,0.0,0.0,0.0
C,R02,testing,02,261,0,0.0,0.0,0.0,0.0
C,R02,testing,02,262,0,0.0,0.0,0.0,0.0
C,R02,testing,02,263,0,0.0,0.0,0.0,0.0
C,R02,testing,02,264,0,0.0,0.0,0.0,0.0
C,R02,testing,02,265,0,0.0,0.0,0.0,0.0
C,R02,testing,02,266,0,0.0,0.0,0.0,0.0
C,R02,testing,02,267,0,0.0,0.0,0.0,0.0
C,R02,testing,02,268,0,0.0,0.0,0.0,0.0
C,R02,testing,02,269,0,0.0,0.0,0.0,0.0
C,R02,testing,02,270,0,0.0,0.0,0.0,0.0
C,R02,testing,02,271,0,0.0,0.0,0.0,0.0
C,R02,testing,02,272,0,0.0,0.0,0.0,0.0
C,R02,testing,02,273,0,0.0,0.0,0.0,0.0
C,R02,testing,02,274,0,0.0,0.0,0.0,0.0
C,R02,testing,02,275,0,0.0,0.0,0.0,0.0
C,R02,testing,02,276,0,0.0,0.0,0.0,0.0
C,R02,testing,02,277,0,0.0,0.0,0.0,0.0
C,R02,testing,02,278,0,0.0,0.0,0.0,0.0
C,R02,testing,02,279,0,0.0,0.0,0.0,0.0
C,R02,testing,02,280,0,0.0,0.0,0.0,0.0
C,R02,testing,02,281,0,0.0,0.0,0.0,0.0
C,R02,testing,02,282,0,0.0,0.0,0.0,0.0
C,R02,testing,02,283,0,0.0,0.0,0.0,0.0
C,R02,testing,02,284,0,0.0,0.0,0.0,0.0
C,R02,testing,02,285,0,0.0,0.0,0.0,0.0
C,R02,testing,02,286,0,0.0,0.0,0.0,0.0
C,R02,testing,02,287,0,0.0,0.0,0.0,0.0
C,R02,testing,02,288,0,0.0,0.0,0.0,0.0
C,R02,testing,02,289,0,0.0,0.0,0.0,0.0
C,R02,testing,02,290,0,0.0,0.0,0.0,0.0
C,R02,testing,02,291,0,0.0,0.0,0.0,0.0
C,R02,testing,02,292,0,0.0,0.0,0.0,0.0
C,R02,testing,02,293,0,0.0,0.0,0.0,0.0
C,R02,testing,02,294,0,0.0,0.0,0.0,0.0
C,R02,testing,02,295,0,0.0,0.0,0.0,0.0
C,R02,testing,02,296,0,0.0,0.0,0.0,0.0
C,R02,testing,02,297,0,0.0,0.0,0.0,0.0
C,R02,testing,02,298,0,0.0,0.0,0.0,0.0
C,R02,testing,02,299,0,0.0,0.0,0.0,0.0
C,R02,testing,02,300,0,0.0,0.0,0.0,0.0
C,R02,testing,02,301,0,0.0,0.0,0.0,0.0
C,R02,testing,02,302,0,0.0,0.0,0.0,0.0
C,R02,testing,02,303,0,0.0,0.0,0.0,0.0
C,R02,testing,02,304,0,0.0,0.0,0.0,0.0
C,R02,testing,02,305,0,0.0,0.0,0.0,0.0
C,R02,testing,02,306,0,0.0,0.0,0.0,0.0
C,R02,testing,02,307,0,0.0,0.0,0.0,0.0
C,R02,testing,02,308,0,0.0,0.0,0.0,0.0
C,R02,testing,02,309,0,0.0,0.0,0.0,0.0
C,R02,testing,02,310,0,0.0,0.0,0.0,0.0
C,R02,testing,02,311,0,0.0,0.0,0.0,0.0
C,R02,testing,02,312,0,0.0,0.0,0.0,0.0
C,R02,testing,02,313,0,0.0,0.0,0.0,0.0
C,R02,testing,02,314,0,0.0,0.0,0.0,0.0
C,R02,testing,02,315,0,0.0,0.0,0.0,0.0
C,R02,testing,02,316,0,0.0,0.0,0.0,0.0
C,R02,testing,02,317,0,0.0,0.0,0.0,0.0
C,R02,testing,02,318,0,0.0,0.0,0.0,0.0
C,R02,testing,02,319,0,0.0,0.0,0.0,0.0
C,R02,testing,02,320,0,0.0,0.0,0.0,0.0
C,R02,testing,02,321,0,0.0,0.0,0.0,0.0
C,R02,testing,02,322,0,0.0,0.0,0.0,0.0
C,R02,testing,02,323,0,0.0,0.0,0.0,0.0
C,R02,testing,02,324,0,0.0,0.0,0.0,0.0
C,R02,testing,02,325,0,0.0,0.0,0.0,0.0
C,R02,testing,02,326,0,0.0,0.0,0.0,0.0
C,R02,testing,02,327,0,0.0,0.0,0.0,0.0
C,R02,testing,02,328,0,0.0,0.0,0.0,0.0
C,R02,testing,02,329,0,0.0,0.0,0.0,0.0
C,R02,testing,02,330,0,0.0,0.0,0.0,0.0
C,R02,testing,02,331,0,0.0,0.0,0.0,0.0
C,R02,testing,02,332,0,0.0,0.0,0.0,0.0
C,R02,testing,02,333,0,0.0,0.0,0.0,0.0
C,R02,testing,02,334,0,0.0,0.0,0.0,0.0
C,R02,testing,02,335,0,0.0,0.0,0.0,0.0
C,R02,testing,02,336,0,0.0,0.0,0.0,0.0
C,R02,testing,02,337,0,0.0,0.0,0.0,0.0
C,R02,testing,02,338,0,0.0,0.0,0.0,0.0
C,R02,testing,02,339,0,0.0,0.0,0.0,0.0
C,R02,testing,02,340,0,0.0,0.0,0.0,0.0
C,R02,testing,02,341,0,0.0,0.0,0.0,0.0
C,R02,testing,02,342,0,0.0,0.0,0.0,0.0
C,R02,testing,02,343,0,0.0,0.0,0.0,0.0
C,R02,testing,02,344,0,0.0,0.0,0.0,0.0
C,R02,testing,02,345,0,0.0,0.0,0.0,0.0
C,R02,testing,02,346,0,0.0,0.0,0.0,0.0
C,R02,testing,02,347,0,0.0,0.0,0.0,0.0
C,R02,testing,02,348,0,0.0,0.0,0.0,0.0
C,R02,testing,02,349,0,0.0,0.0,0.0,0.0
C,R02,testing,02,350,0,0.0,0.0,0.0,0.0
C,R02,testing,02,351,0,0.0,0.0,0.0,0.0
C,R02,testing,02,352,0,0.0,0.0,0.0,0.0
C,R02,testing,02,353,0,0.0,0.0,0.0,0.0
C,R02,testing,02,354,0,0.0,0.0,0.0,0.0
C,R02,testing,02,355,0,0.0,0.0,0.0,0.0
C,R02,testing,02,356,0,0.0,0.0,0.0,0.0
C,R02,testing,02,357,0,0.0,0.0,0.0,0.0
C,R02,testing,02,358,0,0.0,0.0,0.0,0.0
C,R02,testing,02,359,0,0.0,0.0,0.0,0.0
C,R02,testing,02,360,0,0.0,0.0,0.0,0.0
C,R02,testing,02,361,0,0.0,0.0,0.0,0.0
C,R02,testing,02,362,0,0.0,0.0,0.0,0.0
C,R02,testing,02,363,0,0.0,0.0,0.0,0.0
C,R02,testing,02,364,0,0.0,0.0,0.0,0.0
C,R02,testing,02,365,0,0.0,0.0,0.0,0.0
C,R02,testing,02,366,0,0.0,0.0,0.0,0.0
C,R02,testing,02,367,0,0.0,0.0,0.0,0.0
C,R02,testing,02,368,0,0.0,0.0,0.0,0.0
C,R02,testing,02,369,0,0.0,0.0,0.0,0.0
C,R02,testing,02,370,0,0.0,0.0,0.0,0.0
C,R02,testing,02,371,0,0.0,0.0,0.0,0.0
C,R02,testing,02,372,0,0.0,0.0,0.0,0.0
C,R02,testing,02,373,0,0.0,0.0,0.0,0.0
C,R02,testing,02,374,0,0.0,0.0,0.0,0.0
C,R02,testing,02,375,0,0.0,0.0,0.0,0.0
C,R02,testing,02,376,0,0.0,0.0,0.0,0.0
C,R02,testing,02,377,0,0.0,0.0,0.0,0.0
C,R02,testing,02,378,0,0.0,0.0,0.0,0.0
C,R02,testing,02,379,0,0.0,0.0,0.0,0.0
C,R02,testing,02,380,0,0.0,0.0,0.0,0.0
C,R02,testing,02,381,0,0.0,0.0,0.0,0.0
C,R02,testing,02,382,0,0.0,0.0,0.0,0.0
C,R02,testing,02,383,0,0.0,0.0,0.0,0.0
C,R02,testing,02,384,0,0.0,0.0,0.0,0.0
C,R02,testing,02,385,0,0.0,0.0,0.0,0.0
C,R02,testing,02,386,0,0.0,0.0,0.0,0.0
C,R02,testing,02,387,0,0.0,0.0,0.0,0.0
C,R02,testing,02,388,0,0.0,0.0,0.0,0.0
C,R02,testing,02,389,0,0.0,0.0,0.0,0.0
C,R02,testing,02,390,0,0.0,0.0,0.0,0.0
C,R02,testing,02,391,0,0.0,0.0,0.0,0.0
C,R02,testing,02,392,0,0.0,0.0,0.0,0.0
C,R02,testing,02,393,0,0.0,0.0,0.0,0.0
C,R02,testing,02,394,0,0.0,0.0,0.0,0.0
C,R02,testing,02,395,0,0.0,0.0,0.0,0.0
C,R02,testing,02,396,0,0.0,0.0,0.0,0.0
C,R02,testing,02,397,0,0.0,0.0,0.0,0.0
C,R02,testing,02,398,0,0.0,0.0,0.0,0.0
C,R02,testing,02,399,0,0.0,0.0,0.0,0.0
C,R02,testing,02,400,0,0.0,0.0,0.0,0.0
C,R02,testing,02,401,0,0.0,0.0,0.0,0.0
C,R02,testing,02,402,0,0.0,0.0,0.0,0.0
C,R02,testing,02,403,0,0.0,0.0,0.0,0.0
C,R02,testing,02,404,0,0.0,0.0,0.0,0.0
C,R02,testing,02,405,0,0.0,0.0,0.0,0.0
C,R02,testing,02,406,0,0.0,0.0,0.0,0.0
C,R02,testing,02,407,0,0.0,0.0,0.0,0.0
C,R02,testing,02,408,0,0.0,0.0,0.0,0.0
C,R02,testing,02,409,0,0.0,0.0,0.0,0.0
C,R02,testing,02,410,0,0.0,0.0,0.0,0.0
C,R02,testing,02,411,0,0.0,0.0,0.0,0.0
C,R02,testing,02,412,0,0.0,0.0,0.0,0.0
C,R02,testing,02,413,0,0.0,0.0,0.0,0.0
C,R02,testing,02,414,0,0.0,0.0,0.0,0.0
C,R02,testing,02,415,0,0.0,0.0,0.0,0.0
C,R02,testing,02,416,0,0.0,0.0,0.0,0.0
C,R02,testing,02,417,0,0.0,0.0,0.0,0.0
C,R02,testing,02,418,0,0.0,0.0,0.0,0.0
C,R02,testing,02,419,0,0.0,0.0,0.0,0.0
C,R02,testing,02,420,0,0.0,0.0,0.0,0.0
C,R02,testing,02,421,0,0.0,0.0,0.0,0.0
C,R02,testing,02,422,0,0.0,0.0,0.0,0.0
C,R02,testing,02,423,0,0.0,0.0,0.0,0.0
C,R02,testing,02,424,0,0.0,0.0,0.0,0.0
C,R02,testing,02,425,0,0.0,0.0,0.0,0.0
C,R02,testing,02,426,0,0.0,0.0,0.0,0.0
C,R02,testing,02,427,0,0.0,0.0,0.0,0.0
C,R02,testing,02,428,0,0.0,0.0,0.0,0.0
C,R02,testing,02,429,0,0.0,0.0,0.0,0.0
C,R02,testing,02,430,0,0.0,0.0,0.0,0.0
C,R02,testing,02,431,0,0.0,0.0,0.0,0.0
C,R02,testing,02,432,0,0.0,0.0,0.0,0.0
C,R02,testing,02,433,0,0.0,0.0,0.0,0.0
C,R02,testing,02,434,0,0.0,0.0,0.0,0.0
C,R02,testing,02,435,0,0.0,0.0,0.0,0.0
C,R02,testing,02,436,0,0.0,0.0,0.0,0.0
C,R02,testing,02,437,0,0.0,0.0,0.0,0.0
C,R02,testing,02,438,0,0.0,0.0,0.0,0.0
C,R02,testing,02,439,0,0.0,0.0,0.0,0.0
C,R02,testing,02,440,0,0.0,0.0,0.0,0.0
C,R02,testing,02,441,0,0.0,0.0,0.0,0.0
C,R02,testing,02,442,0,0.0,0.0,0.0,0.0
C,R02,testing,02,443,0,0.0,0.0,0.0,0.0
C,R02,testing,02,444,0,0.0,0.0,0.0,0.0
C,R02,testing,02,445,0,0.0,0.0,0.0,0.0
C,R02,testing,02,446,0,0.0,0.0,0.0,0.0
C,R02,testing,02,447,0,0.0,0.0,0.0,0.0
C,R02,testing,02,448,0,0.0,0.0,0.0,0.0
C,R02,testing,02,449,0,0.0,0.0,0.0,0.0
C,R02,testing,02,450,0,0.0,0.0,0.0,0.0
C,R02,testing,02,451,0,0.0,0.0,0.0,0.0
C,R02,testing,02,452,0,0.0,0.0,0.0,0.0
C,R02,testing,02,453,0,0.0,0.0,0.0,0.0
C,R02,testing,02,454,0,0.0,0.0,0.0,0.0
C,R02,testing,02,455,0,0.0,0.0,0.0,0.0
C,R02,testing,02,456,0,0.0,0.0,0.0,0.0
C,R02,testing,02,457,0,0.0,0.0,0.0,0.0
C,R02,testing,02,458,0,0.0,0.0,0.0,0.0
C,R02,testing,02,459,0,0.0,0.0,0.0,0.0
C,R02,testing,02,460,0,0.0,0.0,0.0,0.0
C,R02,testing,02,461,0,0.0,0.0,0.0,0.0
C,R02,testing,02,462,0,0.0,0.0,0.0,0.0
C,R02,testing,02,463,0,0.0,0.0,0.0,0.0
C,R02,testing,02,464,0,0.0,0.0,0.0,0.0
C,R02,testing,02,465,0,0.0,0.0,0.0,0.0
C,R02,testing,02,466,0,0.0,0.0,0.0,0.0
C,R02,testing,02,467,0,0.0,0.0,0.0,0.0
C,R02,testing,02,468,0,0.0,0.0,0.0,0.0
C,R02,testing,02,469,0,0.0,0.0,0.0,0.0
C,R02,testing,02,470,0,0.0,0.0,0.0,0.0
C,R02,testing,02,471,0,0.0,0.0,0.0,0.0
C,R02,testing,02,472,0,0.0,0.0,0.0,0.0
C,R02,testing,02,473,0,0.0,0.0,0.0,0.0
C,R02,testing,02,474,0,0.0,0.0,0.0,0.0
C,R02,testing,02,475,0,0.0,0.0,0.0,0.0
C,R02,testing,02,476,0,0.0,0.0,0.0,0.0
C,R02,testing,02,477,0,0.0,0.0,0.0,0.0
C,R02,testing,02,478,0,0.0,0.0,0.0,0.0
C,R02,testing,02,479,0,0.0,0.0,0.0,0.0
C,R02,testing,02,480,0,0.0,0.0,0.0,0.0
C,R02,testing,02,481,0,0.0,0.0,0.0,0.0
C,R02,testing,02,482,0,0.0,0.0,0.0,0.0
C,R02,testing,02,483,0,0.0,0.0,0.0,0.0
C,R02,testing,02,484,0,0.0,0.0,0.0,0.0
C,R02,testing,02,485,0,0.0,0.0,0.0,0.0
C,R02,testing,02,486,0,0.0,0.0,0.0,0.0
C,R02,testing,02,487,0,0.0,0.0,0.0,0.0
C,R02,testing,02,488,0,0.0,0.0,0.0,0.0
C,R02,testing,02,489,0,0.0,0.0,0.0,0.0
C,R02,testing,02,490,0,0.0,0.0,0.0,0.0
C,R02,testing,02,491,0,0.0,0.0,0.0,0.0
C,R02,testing,02,492,0,0.0,0.0,0.0,0.0
C,R02,testing,02,493,0,0.0,0.0,0.0,0.0
C,R02,testing,02,494,0,0.0,0.0,0.0,0.0
C,R02,testing,02,495,0,0.0,0.0,0.0,0.0
C,R02,testing,02,496,0,0.0,0.0,0.0,0.0
C,R02,testing,02,497,0,0.0,0.0,0.0,0.0
C,R02,testing,02,498,0,0.0,0.0,0.0,0.0
C,R02,testing,02,499,0,0.0,0.0,0.0,0.0
C,R02,testing,02,500,0,0.0,0.0,0.0,0.0
C,R02,testing,02,501,0,0.0,0.0,0.0,0.0
C,R02,testing,02,502,0,0.0,0.0,0.0,0.0
C,R02,testing,02,503,0,0.0,0.0,0.0,0.0
C,R02,testing,02,504,0,0.0,0.0,0.0,0.0
C,R02,testing,02,505,0,0.0,0.0,0.0,0.0
C,R02,testing,02,506,0,0.0,0.0,0.0,0.0
C,R02,testing,02,507,0,0.0,0.0,0.0,0.0
C,R02,testing,02,508,0,0.0,0.0,0.0,0.0
C,R02,testing,02,509,0,0.0,0.0,0.0,0.0
C,R02,testing,02,510,0,0.0,0.0,0.0,0.0
C,R02,testing,02,511,0,0.0,0.0,0.0,0.0
C,R02,testing,02,512,0,0.0,0.0,0.0,0.0
C,R02,testing,02,513,0,0.0,0.0,0.0,0.0
C,R02,testing,02,514,0,0.0,0.0,0.0,0.0
C,R02,testing,02,515,0,0.0,0.0,0.0,0.0
C,R02,testing,02,516,0,0.0,0.0,0.0,0.0
C,R02,testing,02,517,0,0.0,0.0,0.0,0.0
C,R02,testing,02,518,0,0.0,0.0,0.0,0.0
C,R02,testing,02,519,0,0.0,0.0,0.0,0.0
C,R02,testing,02,520,0,0.0,0.0,0.0,0.0
C,R02,testing,02,521,0,0.0,0.0,0.0,0.0
C,R02,testing,02,522,0,0.0,0.0,0.0,0.0
C,R02,testing,02,523,0,0.0,0.0,0.0,0.0
C,R02,testing,02,524,0,0.0,0.0,0.0,0.0
C,R02,testing,02,525,0,0.0,0.0,0.0,0.0
C,R02,testing,02,526,0,0.0,0.0,0.0,0.0
C,R02,testing,02,527,0,0.0,0.0,0.0,0.0
C,R02,testing,02,528,0,0.0,0.0,0.0,0.0
C,R02,testing,02,529,0,0.0,0.0,0.0,0.0
C,R02,testing,02,530,0,0.0,0.0,0.0,0.0
C,R02,testing,02,531,0,0.0,0.0,0.0,0.0
C,R02,testing,02,532,0,0.0,0.0,0.0,0.0
C,R02,testing,02,533,0,0.0,0.0,0.0,0.0
C,R02,testing,02,534,0,0.0,0.0,0.0,0.0
C,R02,testing,02,535,0,0.0,0.0,0.0,0.0
C,R02,testing,02,536,0,0.0,0.0,0.0,0.0
C,R02,testing,02,537,0,0.0,0.0,0.0,0.0
C,R02,testing,02,538,0,0.0,0.0,0.0,0.0
C,R02,testing,02,539,0,0.0,0.0,0.0,0.0
C,R02,testing,02,540,0,0.0,0.0,0.0,0.0
C,R02,testing,02,541,0,0.0,0.0,0.0,0.0
C,R02,testing,02,542,0,0.0,0.0,0.0,0.0
C,R02,testing,02,543,0,0.0,0.0,0.0,0.0
C,R02,testing,02,544,0,0.0,0.0,0.0,0.0
C,R02,testing,02,545,0,0.0,0.0,0.0,0.0
C,R02,testing,02,546,0,0.0,0.0,0.0,0.0
C,R02,testing,02,547,0,0.0,0.0,0.0,0.0
C,R02,testing,02,548,0,0.0,0.0,0.0,0.0
C,R02,testing,02,549,0,0.0,0.0,0.0,0.0
C,R02,testing,02,550,0,0.0,0.0,0.0,0.0
C,R02,testing,02,551,0,0.0,0.0,0.0,0.0
C,R02,testing,02,552,0,0.0,0.0,0.0,0.0
C,R02,testing,02,553,0,0.0,0.0,0.0,0.0
C,R02,testing,02,554,0,0.0,0.0,0.0,0.0
C,R02,testing,02,555,0,0.0,0.0,0.0,0.0
C,R02,testing,02,556,0,0.0,0.0,0.0,0.0
C,R02,testing,02,557,0,0.0,0.0,0.0,0.0
C,R02,testing,02,558,0,0.0,0.0,0.0,0.0
C,R02,testing,02,559,0,0.0,0.0,0.0,0.0
C,R02,testing,02,560,0,0.0,0.0,0.0,0.0
C,R02,testing,02,561,0,0.0,0.0,0.0,0.0
C,R02,testing,02,562,0,0.0,0.0,0.0,0.0
C,R02,testing,02,563,0,0.0,0.0,0.0,0.0
C,R02,testing,02,564,0,0.0,0.0,0.0,0.0
C,R02,testing,02,565,0,0.0,0.0,0.0,0.0
C,R02,testing,02,566,0,0.0,0.0,0.0,0.0
C,R02,testing,02,567,0,0.0,0.0,0.0,0.0
C,R02,testing,02,568,0,0.0,0.0,0.0,0.0
C,R02,testing,02,569,0,0.0,0.0,0.0,0.0
C,R02,testing,02,570,0,0.0,0.0,0.0,0.0
C,R02,testing,02,571,0,0.0,0.0,0.0,0.0
C,R02,testing,02,572,0,0.0,0.0,0.0,0.0
C,R02,testing,02,573,0,0.0,0.0,0.0,0.0
C,R02,testing,02,574,0,0.0,0.0,0.0,0.0
C,R02,testing,02,575,0,0.0,0.0,0.0,0.0
C,R02,testing,02,576,0,0.0,0.0,0.0,0.0
C,R02,testing,02,577,0,0.0,0.0,0.0,0.0
C,R02,testing,02,578,0,0.0,0.0,0.0,0.0
C,R02,testing,02,579,0,0.0,0.0,0.0,0.0
C,R02,testing,02,580,0,0.0,0.0,0.0,0.0
C,R02,testing,02,581,0,0.0,0.0,0.0,0.0
C,R02,testing,02,582,0,0.0,0.0,0.0,0.0
C,R02,testing,02,583,0,0.0,0.0,0.0,0.0
C,R02,testing,02,584,0,0.0,0.0,0.0,0.0
C,R02,testing,02,585,0,0.0,0.0,0.0,0.0
C,R02,testing,02,586,0,0.0,0.0,0.0,0.0
C,R02,testing,02,587,0,0.0,0.0,0.0,0.0
C,R02,testing,02,588,0,0.0,0.0,0.0,0.0
C,R02,testing,02,589,0,0.0,0.0,0.0,0.0
C,R02,testing,02,590,0,0.0,0.0,0.0,0.0
C,R02,testing,02,591,0,0.0,0.0,0.0,0.0
C,R02,testing,02,592,0,0.0,0.0,0.0,0.0
C,R02,testing,02,593,0,0.0,0.0,0.0,0.0
C,R02,testing,02,594,0,0.0,0.0,0.0,0.0
P1,R02,testing,02,0,0,0.0,0.0,0.0,0.0
P1,R02,testing,02,1,0,0.0,0.0,0.0,0.0
P1,R02,testing,02,2,0,0.0,0.0,0.0,0.0
P1,R02,testing,02,3,0,0.0,0.0,0.0,0.0
P1,R02,testing,02,4,0,0.0,0.0,0.0,0.0
P1,R02,testing,02,5,0,0.0,0.0,0.0,0.0
P1,R02,testing,02,6,0,0.0,0.0,0.0,0.0
P1,R02,testing,02,7,0,0.0,0.0,0.0,0.0
P1,R02,testing,02,8,0,0.0,0.0,0.0,0.0
P1,R02,testing,02,9,0,0.0,0.0,0.0,0.0
P1,R02,testing,02,10,0,0.0,0.0,0.0,0.0
P1,R02,testing,02,11,0,0.0,0.0,0.0,0.0
P1,R02,testing,02,12,0,0.0,0.0,0.0,0.0
P1,R02,testing,02,13,0,0.0,0.0,0.0,0.0
P1,R02,testing,02,14,0,0.0,0.0,0.0,0.0
P1,R02,testing,02,15,0,0.0,0.0,0.0,0.0
P1,R02,testing,02,16,0,0.0,0.0,0.0,0.0
P1,R02,testing,02,17,0,0.0,0.0,0.0,0.0
P1,R02,testing,02,18,0,0.0,0.0,0.0,0.0
P1,R02,testing,02,19,0,0.0,0.0,0.0,0.0
P1,R02,testing,02,20,0,0.0,0.0,0.0,0.0
P1,R02,testing,02,21,0,0.0,0.0,0.0,0.0
P1,R02,testing,02,22,0,0.0,0.0,0.0,0.0
P1,R02,testing,02,23,0,0.0,0.0,0.0,0.0
P1,R02,testing,02,24,0,0.0,0.0,0.0,0.0
P1,R02,testing,02,25,0,0.0,0.0,0.0,0.0
P1,R02,testing,02,26,0,0.0,0.0,0.0,0.0
P1,R02,testing,02,27,0,0.0,0.0,0.0,0.0
P1,R02,testing,02,28,0,0.0,0.0,0.0,0.0
P1,R02,testing,02,29,0,0.0,0.0,0.0,0.0
P1,R02,testing,02,30,0,0.0,0.0,0.0,0.0
P1,R02,testing,02,31,0,0.0,0.0,0.0,0.0
P1,R02,testing,02,32,0,0.0,0.0,0.0,0.0
P1,R02,testing,02,33,0,0.0,0.0,0.0,0.0
P1,R02,testing,02,34,0,0.0,0.0,0.0,0.0
P1,R02,testing,02,35,0,0.0,0.0,0.0,0.0
P1,R02,testing,02,36,0,0.0,0.0,0.0,0.0
P1,R02,testing,02,37,0,0.0,0.0,0.0,0.0
P1,R02,testing,02,38,0,0.0,0.0,0.0,0.0
P1,R02,testing,02,39,0,0.0,0.0,0.0,0.0
P1,R02,testing,02,40,0,0.0,0.0,0.0,0.0
P1,R02,testing,02,41,0,0.0,0.0,0.0,0.0
P1,R02,testing,02,42,0,0.0,0.0,0.0,0.0
P1,R02,testing,02,43,0,0.0,0.0,0.0,0.0
P1,R02,testing,02,44,0,0.0,0.0,0.0,0.0
P1,R02,testing,02,45,0,0.0,0.0,0.0,0.0
P1,R02,testing,02,46,0,0.0,0.0,0.0,0.0
P1,R02,testing,02,47,0,0.0,0.0,0.0,0.0
P1,R02,testing,02,48,0,0.0,0.0,0.0,0.0
P1,R02,testing,02,49,0,0.0,0.0,0.0,0.0
P1,R02,testing,02,50,0,0.0,0.0,0.0,0.0
P1,R02,testing,02,51,0,0.0,0.0,0.0,0.0
P1,R02,testing,02,52,0,0.0,0.0,0.0,0.0
P1,R02,testing,02,53,0,0.0,0.0,0.0,0.0
P1,R02,testing,02,54,0,0.0,0.0,0.0,0.0
P1,R02,testing,02,55,0,0.0,0.0,0.0,0.0
P1,R02,testing,02,56,0,0.0,0.0,0.0,0.0
P1,R02,testing,02,57,0,0.0,0.0,0.0,0.0
P1,R02,testing,02,58,0,0.0,0.0,0.0,0.0
P1,R02,testing,02,59,0,0.0,0.0,0.0,0.0
P1,R02,testing,02,60,0,0.0,0.0,0.0,0.0
P1,R02,testing,02,61,0,0.0,0.0,0.0,0.0
P1,R02,testing,02,62,0,0.0,0.0,0.0,0.0
P1,R02,testing,02,63,0,0.0,0.0,0.0,0.0
P1,R02,testing,02,64,0,0.0,0.0,0.01897978506902213,0.013989133987167493
P1,R02,testing,02,65,0,0.0,0.0,0.01897978506902213,0.014025895971278315
P1,R02,testing,02,66,0,0.0,0.0,0.01897978506902213,0.014062595137556503
P1,R02,testing,02,67,0,0.0,0.0,0.01897978506902213,0.014099230488457756
P1,R02,testing,02,68,0,0.0,0.0,0.01897978506902213,0.014135801026006528
P1,R02,testing,02,69,0,0.0,0.0,0.01897978506902213,0.014172305751840223
P1,R02,testing,02,70,0,0.0,0.0,0.01897978506902213,0.014208743667253524
P1,R02,testing,02,71,0,0.0,0.0,0.01897978506902213,0.014245113773242852
P1,R02,testing,02,72,0,0.0,0.0,0.01897978506902213,0.014281415070550956
P1,R02,testing,02,73,0,0.0,0.0,0.01897978506902213,0.014317646559711643
P1,R02,testing,02,74,0,0.0,0.0,0.01897978506902213,0.014353807241094614
P1,R02,testing,02,75,0,0.0,0.0,0.01897978506902213,0.014389896114950446
P1,R02,testing,02,76,0,0.0,0.0,0.01897978506902213,0.014425912181455676
P1,R02,testing,02,77,0,0.0,0.0,0.01897978506902213,0.014461854440758008
P1,R02,testing,02,78,0,0.0,0.0,0.01897978506902213,0.014497721893021651
P1,R02,testing,02,79,0,0.0,0.0,0.01897978506902213,0.014533513538472737
P1,R02,testing,02,80,0,0.0,0.0,0.03927932783529166,0.030151526777767466
P1,R02,testing,02,81,0,0.0,0.0,0.03927932783529166,0.030225278861703404
P1,R02,testing,02,82,0,0.0,0.0,0.03927932783529166,0.03029886785530611
P1,R02,testing,02,83,0,0.0,0.0,0.03927932783529166,0.03037229169096612
P1,R02,testing,02,84,0,0.0,0.0,0.03927932783529166,0.03044554830167558
P1,R02,testing,02,85,0,0.0,0.0,0.03927932783529166,0.030518635621123558
P1,R02,testing,02,86,0,0.0,0.0,0.03927932783529166,0.03059155158379153
P1,R02,testing,02,87,0,0.0,0.0,0.03927932783529166,0.030664294125049063
P1,R02,testing,02,88,0,0.0,0.0,0.03927932783529166,0.03073686118124967
P1,R02,testing,02,89,0,0.0,0.0,0.03927932783529166,0.03080925068982683
P1,R02,testing,02,90,0,0.0,0.0,0.03927932783529166,0.03088146058939021
P1,R02,testing,02,91,0,0.0,0.0,0.03927932783529166,0.030953488819822
P1,R02,testing,02,92,0,0.0,0.0,0.03927932783529166,0.031025333322373422
P1,R02,testing,02,93,0,0.0,0.0,0.03927932783529166,0.031096992039761413
P1,R02,testing,02,94,0,0.0,0.0,0.03927932783529166,0.031168462916265394
P1,R02,testing,02,95,0,0.0,0.0,0.03927932783529166,0.031239743897824235
P1,R02,testing,02,96,0,0.0,0.0,0.0607807612805452,0.048450326592226846
P1,R02,testing,02,97,0,0.0,0.0,0.0607807612805452,0.04856002944442779
P1,R02,testing,02,98,0,0.0,0.0,0.0607807612805452,0.04866942893509025
P1,R02,testing,02,99,0,0.0,0.0,0.0607807612805452,0.048778521897538785
P1,R02,testing,02,100,0,0.0,0.0,0.0607807612805452,0.04888730516841857
P1,R02,testing,02,101,0,0.0,0.0,0.0607807612805452,0.04899577558784643
P1,R02,testing,02,102,0,0.0,0.0,0.0607807612805452,0.049103929999562035
P1,R02,testing,02,103,0,0.0,0.0,0.0607807612805452,0.04921176525107922
P1,R02,testing,02,104,0,0.0,0.0,0.0607807612805452,0.04931927819383744
P1,R02,testing,02,105,0,0.0,0.0,0.0607807612805452,0.04942646568335333
P1,R02,testing,02,106,0,0.0,0.0,0.0607807612805452,0.0495333245793723
P1,R02,testing,02,107,0,0.0,0.0,0.0607807612805452,0.049639851746020376
P1,R02,testing,02,108,0,0.0,0.0,0.0607807612805452,0.04974604405195595
P1,R02,testing,02,109,0,0.0,0.0,0.0607807612805452,0.049851898370521695
P1,R02,testing,02,110,0,0.0,0.0,0.0607807612805452,0.04995741157989653
P1,R02,testing,02,111,0,0.0,0.0,0.0607807612805452,0.050062580563247625
P1,R02,testing,02,112,0,0.0,0.0,0.06419495741038438,0.052985421379045
P1,R02,testing,02,113,0,0.0,0.0,0.06419495741038438,0.05309576096990873
P1,R02,testing,02,114,0,0.0,0.0,0.06419495741038438,0.05320572715625475
P1,R02,testing,02,115,0,0.0,0.0,0.06419495741038438,0.0533153166688504
P1,R02,testing,02,116,0,0.0,0.0,0.06419495741038438,0.053424526244534594
P1,R02,testing,02,117,0,0.0,0.0,0.06419495741038438,0.05353335262637845
P1,R02,testing,02,118,0,0.0,0.0,0.06419495741038438,0.05364179256384591
P1,R02,testing,02,119,0,0.0,0.0,0.06419495741038438,0.05374984281295428
P1,R02,testing,02,120,0,0.0,0.0,0.06419495741038438,0.05385750013643479
P1,R02,testing,02,121,0,0.0,0.0,0.06419495741038438,0.05396476130389304
P1,R02,testing,02,122,0,0.0,0.0,0.06419495741038438,0.054071623091969445
P1,R02,testing,02,123,0,0.0,0.0,0.06419495741038438,0.054178082284499475
P1,R02,testing,02,124,0,0.0,0.0,0.06419495741038438,0.054284135672674
P1,R02,testing,02,125,0,0.0,0.0,0.06419495741038438,0.054389780055199316
P1,R02,testing,02,126,0,0.0,0.0,0.06419495741038438,0.05449501223845725
P1,R02,testing,02,127,0,0.0,0.0,0.06419495741038438,0.054599829036665
P1,R02,testing,02,128,0,0.0,0.0,0.06713076931559799,0.0572060019934365
P1,R02,testing,02,129,0,0.0,0.0,0.06713076931559799,0.057314733627694764
P1,R02,testing,02,130,0,0.0,0.0,0.06713076931559799,0.05742302093660248
P1,R02,testing,02,131,0,0.0,0.0,0.06713076931559799,0.057530860623126276
P1,R02,testing,02,132,0,0.0,0.0,0.06713076931559799,0.05763824939926022
P1,R02,testing,02,133,0,0.0,0.0,0.06713076931559799,0.057745183986191995
P1,R02,testing,02,134,0,0.0,0.0,0.06713076931559799,0.05785166111446892
P1,R02,testing,02,135,0,0.0,0.0,0.06713076931559799,0.05795767752416367
P1,R02,testing,02,136,0,0.0,0.0,0.06713076931559799,0.05806322996503982
P1,R02,testing,02,137,0,0.0,0.0,0.06713076931559799,0.05816831519671715
P1,R02,testing,02,138,0,0.0,0.0,0.06713076931559799,0.058272929988836604
P1,R02,testing,02,139,0,0.0,0.0,0.06713076931559799,0.05837707112122512
P1,R02,testing,02,140,0,0.0,0.0,0.06713076931559799,0.058480735384060054
P1,R02,testing,02,141,0,0.0,0.0,0.06713076931559799,0.05858391957803338
P1,R02,testing,02,142,0,0.0,0.0,0.06713076931559799,0.05868662051451556
P1,R02,testing,02,143,0,0.0,0.0,0.06713076931559799,0.05878883501571912
P1,R02,testing,02,144,0,0.0,0.0,0.0695069568970039,0.06097507374597656
P1,R02,testing,02,145,0,0.0,0.0,0.0695069568970039,0.06107988914084447
P1,R02,testing,02,146,0,0.0,0.0,0.0695069568970039,0.06118419108061005
P1,R02,testing,02,147,0,0.0,0.0,0.0695069568970039,0.06128797632159344
P1,R02,testing,02,148,0,0.0,0.0,0.0695069568970039,0.061391241632182014
P1,R02,testing,02,149,0,0.0,0.0,0.0695069568970039,0.06149398379299753
P1,R02,testing,02,150,0,0.0,0.0,0.0695069568970039,0.061596199597062876
P1,R02,testing,02,151,0,0.0,0.0,0.0695069568970039,0.06169788584996834
P1,R02,testing,02,152,0,0.0,0.0,0.0695069568970039,0.061799039370037494
P1,R02,testing,02,153,0,0.0,0.0,0.0695069568970039,0.06189965698849259
P1,R02,testing,02,154,0,0.0,0.0,0.0695069568970039,0.061999735549619565
P1,R02,testing,02,155,0,0.0,0.0,0.0695069568970039,0.06209927191093247
P1,R02,testing,02,156,0,0.0,0.0,0.0695069568970039,0.06219826294333751
P1,R02,testing,02,157,0,0.0,0.0,0.0695069568970039,0.06229670553129654
P1,R02,testing,02,158,0,0.0,0.0,0.0695069568970039,0.062394596572990055
P1,R02,testing,02,159,0,0.0,0.0,0.0695069568970039,0.0624919329804797
P1,R02,testing,02,160,0,0.0,0.0,0.07125590768338702,0.06416358391421961
P1,R02,testing,02,161,0,0.0,0.0,0.07125590768338702,0.06426222290458389
P1,R02,testing,02,162,0,0.0,0.0,0.07125590768338702,0.06436028389503133
P1,R02,testing,02,163,0,0.0,0.0,0.07125590768338702,0.06445776377850043
P1,R02,testing,02,164,0,0.0,0.0,0.07125590768338702,0.06455465946298446
P1,R02,testing,02,165,0,0.0,0.0,0.07125590768338702,0.06465096787169466
P1,R02,testing,02,166,0,0.0,0.0,0.07125590768338702,0.06474668594322279
P1,R02,testing,02,167,0,0.0,0.0,0.07125590768338702,0.06484181063170284
P1,R02,testing,02,168,0,0.0,0.0,0.07125590768338702,0.06493633890697251
P1,R02,testing,02,169,0,0.0,0.0,0.07125590768338702,0.06503026775473353
P1,R02,testing,02,170,0,0.0,0.0,0.07125590768338702,0.06512359417671178
P1,R02,testing,02,171,0,0.0,0.0,0.07125590768338702,0.0652163151908164
P1,R02,testing,02,172,0,0.0,0.0,0.07125590768338702,0.0653084278312984
P1,R02,testing,02,173,0,0.0,0.0,0.07125590768338702,0.06539992914890848
P1,R02,testing,02,174,0,0.0,0.0,0.07125590768338702,0.06549081621105418
P1,R02,testing,02,175,0,0.0,0.0,0.07125590768338702,0.06558108610195632
P1,R02,testing,02,176,0,0.0,0.33244362445532405,0.07232683080547703,0.0666577180809281
P1,R02,testing,02,177,0,0.0,0.33244362445532405,0.07232683080547703,0.06674808295744793
P1,R02,testing,02,178,0,0.0,0.33244362445532405,0.07232683080547703,0.06683781261226937
P1,R02,testing,02,179,0,0.0,0.33244362445532405,0.07232683080547703,0.06692690415562756
P1,R02,testing,02,180,0,0.0,0.33244362445532405,0.07232683080547703,0.06701535471560592
P1,R02,testing,02,181,0,0.0,0.33244362445532405,0.07232683080547703,0.06710316143829033
P1,R02,testing,02,182,0,0.0,0.33244362445532405,0.07232683080547703,0.06719032148792242
P1,R02,testing,02,183,0,0.0,0.33244362445532405,0.07232683080547703,0.06727683204705198
P1,R02,testing,02,184,0,0.0,0.33244362445532405,0.07232683080547703,0.06736269031668864
P1,R02,testing,02,185,0,0.0,0.33244362445532405,0.07232683080547703,0.06744789351645261
P1,R02,testing,02,186,0,0.0,0.33244362445532405,0.07232683080547703,0.06753243888472461
P1,R02,testing,02,187,0,0.0,0.33244362445532405,0.07232683080547703,0.06761632367879493
P1,R02,testing,02,188,0,0.0,0.33244362445532405,0.07232683080547703,0.06769954517501149
P1,R02,testing,02,189,0,0.0,0.33244362445532405,0.07232683080547703,0.06778210066892723
P1,R02,testing,02,190,0,0.0,0.33244362445532405,0.07232683080547703,0.06786398747544635
P1,R02,testing,02,191,0,0.0,0.33244362445532405,0.07232683080547703,0.06794520292896979
P1,R02,testing,02,192,0,0.0,0.3332334733679659,0.07268820692204926,0.06836563041281116
P1,R02,testing,02,193,0,0.0,0.3332334733679659,0.07268820692204926,0.06844589428147135
P1,R02,testing,02,194,0,0.0,0.3332334733679659,0.07268820692204926,0.06852547552502583
P1,R02,testing,02,195,0,0.0,0.3332334733679659,0.07268820692204926,0.06860437154437639
P1,R02,testing,02,196,0,0.0,0.3332334733679659,0.07268820692204926,0.06868257976073551
P1,R02,testing,02,197,0,0.0,0.3332334733679659,0.07268820692204926,0.06876009761576679
P1,R02,testing,02,198,0,0.0,0.3332334733679659,0.07268820692204926,0.06883692257172434
P1,R02,testing,02,199,0,0.0,0.3332334733679659,0.07268820692204926,0.0689130521115911
P1,R02,testing,02,200,0,0.0,0.3332334733679659,0.07268820692204926,0.06898848373921627
P1,R02,testing,02,201,0,0.0,0.3332334733679659,0.07268820692204926,0.06906321497945166
P1,R02,testing,02,202,0,0.0,0.3332334733679659,0.07268820692204926,0.06913724337828683
P1,R02,testing,02,203,0,0.0,0.3332334733679659,0.07268820692204926,0.06921056650298354
P1,R02,testing,02,204,0,0.0,0.3332334733679659,0.07268820692204926,0.06928318194220874
P1,R02,testing,02,205,0,0.0,0.3332334733679659,0.07268820692204926,0.06935508730616684
P1,R02,testing,02,206,0,0.0,0.3332334733679659,0.07268820692204926,0.06942628022673056
P1,R02,testing,02,207,0,0.0,0.3332334733679659,0.07268820692204926,0.069496758357571
P1,R02,testing,02,208,0,1.0,0.33417342068976047,0.0914246577007729,0.08749830943070146
P1,R02,testing,02,209,0,1.0,0.33417342068976047,0.0914246577007729,0.0875851475154013
P1,R02,testing,02,210,0,1.0,0.33417342068976047,0.0914246577007729,0.08767107787557707
P1,R02,testing,02,211,0,1.0,0.33417342068976047,0.0914246577007729,0.08775609767137421
P1,R02,testing,02,212,0,1.0,0.33417342068976047,0.0914246577007729,0.08784020409115134
P1,R02,testing,02,213,0,1.0,0.33417342068976047,0.0914246577007729,0.08792339435163522
P1,R02,testing,02,214,0,1.0,0.33417342068976047,0.0914246577007729,0.08800566569807429
P1,R02,testing,02,215,0,1.0,0.33417342068976047,0.0914246577007729,0.0880870154043905
P1,R02,testing,02,216,0,1.0,0.33417342068976047,0.0914246577007729,0.08816744077333
P1,R02,testing,02,217,0,1.0,0.33417342068976047,0.0914246577007729,0.08824693913661201
P1,R02,testing,02,218,0,1.0,0.33417342068976047,0.0914246577007729,0.0883255078550764
P1,R02,testing,02,219,0,1.0,0.33417342068976047,0.0914246577007729,0.08840314431882963
P1,R02,testing,02,220,0,1.0,0.33417342068976047,0.0914246577007729,0.08847984594738928
P1,R02,testing,02,221,0,1.0,0.33417342068976047,0.0914246577007729,0.08855561018982684
P1,R02,testing,02,222,0,1.0,0.33417342068976047,0.0914246577007729,0.08863043452490928
P1,R02,testing,02,223,0,1.0,0.33417342068976047,0.0914246577007729,0.08870431646123861
P1,R02,testing,02,224,0,0.0,0.0,0.1106614354099602,0.10745698759251163
P1,R02,testing,02,225,0,0.0,0.0,0.1106614354099602,0.1075441248386948
P1,R02,testing,02,226,0,0.0,0.0,0.1106614354099602,0.107630112566305
P1,R02,testing,02,227,0,0.0,0.0,0.1106614354099602,0.10771494790583137
P1,R02,testing,02,228,0,0.0,0.0,0.1106614354099602,0.10779862802469312
P1,R02,testing,02,229,0,0.0,0.0,0.1106614354099602,0.1078811501273972
P1,R02,testing,02,230,0,0.0,0.0,0.1106614354099602,0.10796251145569391
P1,R02,testing,02,231,0,0.0,0.0,0.1106614354099602,0.10804270928873057
P1,R02,testing,02,232,0,0.0,0.0,0.1106614354099602,0.10812174094320302
P1,R02,testing,02,233,0,0.0,0.0,0.1106614354099602,0.10819960377350545
P1,R02,testing,02,234,0,0.0,0.0,0.1106614354099602,0.10827629517187781
P1,R02,testing,02,235,0,0.0,0.0,0.1106614354099602,0.10835181256855138
P1,R02,testing,02,236,0,0.0,0.0,0.1106614354099602,0.10842615343189241
P1,R02,testing,02,237,0,0.0,0.0,0.1106614354099602,0.10849931526854335
P1,R02,testing,02,238,0,0.0,0.0,0.1106614354099602,0.1085712956235624
P1,R02,testing,02,239,0,0.0,0.0,0.1106614354099602,0.10864209208056068
P1,R02,testing,02,240,0,0.0,0.0,0.13040855485566155,0.12811089911625315
P1,R02,testing,02,241,0,0.0,0.0,0.13040855485566155,0.12819153025571098
P1,R02,testing,02,242,0,0.0,0.0,0.13040855485566155,0.12827075796639506
P1,R02,testing,02,243,0,0.0,0.0,0.13040855485566155,0.1283485795840196
P1,R02,testing,02,244,0,0.0,0.0,0.13040855485566155,0.12842499249050288
P1,R02,testing,02,245,0,0.0,0.0,0.13040855485566155,0.1284999941141143
P1,R02,testing,02,246,0,0.0,0.0,0.13040855485566155,0.1285735819296185
P1,R02,testing,02,247,0,0.0,0.0,0.13040855485566155,0.12864575345841706
P1,R02,testing,02,248,0,0.0,0.0,0.13040855485566155,0.12871650626868758
P1,R02,testing,02,249,0,0.0,0.0,0.13040855485566155,0.1287858379755204
P1,R02,testing,02,250,0,0.0,0.0,0.13040855485566155,0.12885374624105247
P1,R02,testing,02,251,0,0.0,0.0,0.13040855485566155,0.1289202287745987
P1,R02,testing,02,252,0,0.0,0.0,0.13040855485566155,0.12898528333278078
P1,R02,testing,02,253,0,0.0,0.0,0.13040855485566155,0.12904890771965347
P1,R02,testing,02,254,0,0.0,0.0,0.13040855485566155,0.12911109978682786
P1,R02,testing,02,255,0,0.0,0.0,0.13040855485566155,0.12917185743359258
P1,R02,testing,02,256,0,0.0,0.0,0.15045789980981839,0.14909951072368163
P1,R02,testing,02,257,0,0.0,0.0,0.15045789980981839,0.14916629245246546
P1,R02,testing,02,258,0,0.0,0.0,0.15045789980981839,0.14923141228972805
P1,R02,testing,02,259,0,0.0,0.0,0.15045789980981839,0.1492948680331528
P1,R02,testing,02,260,0,0.0,0.0,0.15045789980981839,0.14935665753608185
P1,R02,testing,02,261,0,0.0,0.0,0.15045789980981839,0.14941677870763742
P1,R02,testing,02,262,0,0.0,0.0,0.15045789980981839,0.1494752295128396
P1,R02,testing,02,263,0,0.0,0.0,0.15045789980981839,0.1495320079727211
P1,R02,testing,02,264,0,0.0,0.0,0.15045789980981839,0.14958711216443896
P1,R02,testing,02,265,0,0.0,0.0,0.15045789980981839,0.14964054022138318
P1,R02,testing,02,266,0,0.0,0.0,0.15045789980981839,0.14969229033328196
P1,R02,testing,02,267,0,0.0,0.0,0.15045789980981839,0.14974236074630395
P1,R02,testing,02,268,0,0.0,0.0,0.15045789980981839,0.14979074976315745
P1,R02,testing,02,269,0,0.0,0.0,0.15045789980981839,0.14983745574318605
P1,R02,testing,02,270,0,0.0,0.0,0.15045789980981839,0.1498824771024616
P1,R02,testing,02,271,0,0.0,0.0,0.15045789980981839,0.14992581231387356
P1,R02,testing,02,272,0,0.0,0.0,0.15173989953756623,0.15124528076617397
P1,R02,testing,02,273,0,0.0,0.0,0.15173989953756623,0.15128557980131374
P1,R02,testing,02,274,0,0.0,0.0,0.15173989953756623,0.1513241740458049
P1,R02,testing,02,275,0,0.0,0.0,0.15173989953756623,0.15136106218957052
P1,R02,testing,02,276,0,0.0,0.0,0.15173989953756623,0.15139624298023838
P1,R02,testing,02,277,0,0.0,0.0,0.15173989953756623,0.15142971522321202
P1,R02,testing,02,278,0,0.0,0.0,0.15173989953756623,0.15146147778173807
P1,R02,testing,02,279,0,0.0,0.0,0.15173989953756623,0.1514915295769709
P1,R02,testing,02,280,0,0.0,0.0,0.15173989953756623,0.15151986958803354
P1,R02,testing,02,281,0,0.0,0.0,0.15173989953756623,0.15154649685207539
P1,R02,testing,02,282,0,0.0,0.0,0.15173989953756623,0.15157141046432693
P1,R02,testing,02,283,0,0.0,0.0,0.15173989953756623,0.1515946095781508
P1,R02,testing,02,284,0,0.0,0.0,0.15173989953756623,0.15161609340508994
P1,R02,testing,02,285,0,0.0,0.0,0.15173989953756623,0.15163586121491202
P1,R02,testing,02,286,0,0.0,0.0,0.15173989953756623,0.15165391233565095
P1,R02,testing,02,287,0,0.0,0.0,0.15173989953756623,0.15167024615364494
P1,R02,testing,02,288,0,0.0,0.0,0.15185281638624837,0.1517977380062985
P1,R02,testing,02,289,0,0.0,0.0,0.15185281638624837,0.15181064520892376
P1,R02,testing,02,290,0,0.0,0.0,0.15185281638624837,0.15182183233893978
P1,R02,testing,02,291,0,0.0,0.0,0.15185281638624837,0.15183129901593367
P1,R02,testing,02,292,0,0.0,0.0,0.15185281638624837,0.15183904491798114
P1,R02,testing,02,293,0,0.0,0.0,0.15185281638624837,0.1518450697816646
P1,R02,testing,02,294,0,0.0,0.0,0.15185281638624837,0.15184937340208832
P1,R02,testing,02,295,0,0.0,0.0,0.15185281638624837,0.15185195563288983
P1,R02,testing,02,296,0,0.0,0.0,0.15185281638624837,0.15185281638624837
P1,R02,testing,02,297,0,0.0,0.0,0.15185281638624837,0.15185195563288983
P1,R02,testing,02,298,0,0.0,0.0,0.15185281638624837,0.15184937340208832
P1,R02,testing,02,299,0,0.0,0.0,0.15185281638624837,0.1518450697816646
P1,R02,testing,02,300,0,0.0,0.0,0.15185281638624837,0.15183904491798114
P1,R02,testing,02,301,0,0.0,0.0,0.15185281638624837,0.15183129901593367
P1,R02,testing,02,302,0,0.0,0.0,0.15185281638624837,0.15182183233893978
P1,R02,testing,02,303,0,0.0,0.0,0.15185281638624837,0.15181064520892376
P1,R02,testing,02,304,0,0.0,0.0,0.1331809034735077,0.1331325975640215
P1,R02,testing,02,305,0,0.0,0.0,0.1331809034735077,0.13311976925219285
P1,R02,testing,02,306,0,0.0,0.0,0.1331809034735077,0.13310543318999535
P1,R02,testing,02,307,0,0.0,0.0,0.1331809034735077,0.13308958986483138
P1,R02,testing,02,308,0,0.0,0.0,0.1331809034735077,0.13307223981530703
P1,R02,testing,02,309,0,0.0,0.0,0.1331809034735077,0.1330533836312016
P1,R02,testing,02,310,0,0.0,0.0,0.1331809034735077,0.13303302195343414
P1,R02,testing,02,311,0,0.0,0.0,0.1331809034735077,0.1330111554740272
P1,R02,testing,02,312,0,0.0,0.0,0.1331809034735077,0.13298778493606764
P1,R02,testing,02,313,0,0.0,0.0,0.1331809034735077,0.1329629111336645
P1,R02,testing,02,314,0,0.0,0.0,0.1331809034735077,0.13293653491190408
P1,R02,testing,02,315,0,0.0,0.0,0.1331809034735077,0.13290865716680195
P1,R02,testing,02,316,0,0.0,0.0,0.1331809034735077,0.13287927884525239
P1,R02,testing,02,317,0,0.0,0.0,0.1331809034735077,0.13284840094497474
P1,R02,testing,02,318,0,0.0,0.0,0.1331809034735077,0.13281602451445687
P1,R02,testing,02,319,0,0.0,0.0,0.1331809034735077,0.13278215065289592
P1,R02,testing,02,320,0,1.0,0.33446744454174665,0.11474426808995608,0.11437024208176759
P1,R02,testing,02,321,0,1.0,0.33446744454174665,0.11474426808995608,0.11433848022265777
P1,R02,testing,02,322,0,1.0,0.33446744454174665,0.11474426808995608,0.11430543132909836
P1,R02,testing,02,323,0,1.0,0.33446744454174665,0.11474426808995608,0.11427109652231841
P1,R02,testing,02,324,0,1.0,0.33446744454174665,0.11474426808995608,0.11423547696694392
P1,R02,testing,02,325,0,1.0,0.33446744454174665,0.11474426808995608,0.11419857387093192
P1,R02,testing,02,326,0,1.0,0.33446744454174665,0.11474426808995608,0.11416038848550228
P1,R02,testing,02,327,0,1.0,0.33446744454174665,0.11474426808995608,0.11412092210506693
P1,R02,testing,02,328,0,1.0,0.33446744454174665,0.11474426808995608,0.11408017606715677
P1,R02,testing,02,329,0,1.0,0.33446744454174665,0.11474426808995608,0.11403815175234613
P1,R02,testing,02,330,0,1.0,0.33446744454174665,0.11474426808995608,0.11399485058417476
P1,R02,testing,02,331,0,1.0,0.33446744454174665,0.11474426808995608,0.11395027402906752
P1,R02,testing,02,332,0,1.0,0.33446744454174665,0.11474426808995608,0.1139044235962516
P1,R02,testing,02,333,0,1.0,0.33446744454174665,0.11474426808995608,0.1138573008376713
P1,R02,testing,02,334,0,1.0,0.33446744454174665,0.11474426808995608,0.11380890734790054
P1,R02,testing,02,335,0,1.0,0.33446744454174665,0.11474426808995608,0.11375924476405297
P1,R02,testing,02,336,0,0.0,0.3331979868645223,0.09661369297574933,0.0957414291313416
P1,R02,testing,02,337,0,0.0,0.3331979868645223,0.09661369297574933,0.09569748080568183
P1,R02,testing,02,338,0,0.0,0.3331979868645223,0.09661369297574933,0.09565246826308482
P1,R02,testing,02,339,0,0.0,0.3331979868645223,0.09661369297574933,0.09560639302446136
P1,R02,testing,02,340,0,0.0,0.3331979868645223,0.09661369297574933,0.0955592566461318
P1,R02,testing,02,341,0,0.0,0.3331979868645223,0.09661369297574933,0.09551106071973851
P1,R02,testing,02,342,0,0.0,0.3331979868645223,0.09661369297574933,0.09546180687215625
P1,R02,testing,02,343,0,0.0,0.3331979868645223,0.09661369297574933,0.09541149676540066
P1,R02,testing,02,344,0,0.0,0.3331979868645223,0.09661369297574933,0.09536013209653485
P1,R02,testing,02,345,0,0.0,0.3331979868645223,0.09661369297574933,0.09530771459757388
P1,R02,testing,02,346,0,0.0,0.3331979868645223,0.09661369297574933,0.09525424603538751
P1,R02,testing,02,347,0,0.0,0.3331979868645223,0.09661369297574933,0.09519972821160098
P1,R02,testing,02,348,0,0.0,0.3331979868645223,0.09661369297574933,0.09514416296249367
P1,R02,testing,02,349,0,0.0,0.3331979868645223,0.09661369297574933,0.09508755215889622
P1,R02,testing,02,350,0,0.0,0.3331979868645223,0.09661369297574933,0.09502989770608541
P1,R02,testing,02,351,0,0.0,0.3331979868645223,0.09661369297574933,0.09497120154367739
P1,R02,testing,02,352,0,1.0,0.3339198215161793,0.11572440496657939,0.11368546784657695
P1,R02,testing,02,353,0,1.0,0.3339198215161793,0.11572440496657939,0.11361267286810928
P1,R02,testing,02,354,0,1.0,0.3339198215161793,0.11572440496657939,0.1135386373395666
P1,R02,testing,02,355,0,1.0,0.3339198215161793,0.11572440496657939,0.11346336374743395
P1,R02,testing,02,356,0,1.0,0.3339198215161793,0.11572440496657939,0.11338685461865455
P1,R02,testing,02,357,0,1.0,0.3339198215161793,0.11572440496657939,0.11330911252048848
P1,R02,testing,02,358,0,1.0,0.3339198215161793,0.11572440496657939,0.11323014006036901
P1,R02,testing,02,359,0,1.0,0.3339198215161793,0.11572440496657939,0.113149939885757
P1,R02,testing,02,360,0,1.0,0.3339198215161793,0.11572440496657939,0.11306851468399289
P1,R02,testing,02,361,0,1.0,0.3339198215161793,0.11572440496657939,0.11298586718214666
P1,R02,testing,02,362,0,1.0,0.3339198215161793,0.11572440496657939,0.11290200014686565
P1,R02,testing,02,363,0,1.0,0.3339198215161793,0.11572440496657939,0.11281691638422017
P1,R02,testing,02,364,0,1.0,0.3339198215161793,0.11572440496657939,0.11273061873954711
P1,R02,testing,02,365,0,1.0,0.3339198215161793,0.11572440496657939,0.11264311009729126
P1,R02,testing,02,366,0,1.0,0.3339198215161793,0.11572440496657939,0.11255439338084477
P1,R02,testing,02,367,0,1.0,0.3339198215161793,0.11572440496657939,0.11246447155238436
P1,R02,testing,02,368,0,0.0,0.3328741264146243,0.1160571177775251,0.11269642598472654
P1,R02,testing,02,369,0,0.0,0.3328741264146243,0.1160571177775251,0.11260383754031594
P1,R02,testing,02,370,0,0.0,0.3328741264146243,0.1160571177775251,0.11251004966293314
P1,R02,testing,02,371,0,0.0,0.3328741264146243,0.1160571177775251,0.11241506547718198
P1,R02,testing,02,372,0,0.0,0.3328741264146243,0.1160571177775251,0.11231888814571545
P1,R02,testing,02,373,0,0.0,0.3328741264146243,0.1160571177775251,0.11222152086906007
P1,R02,testing,02,374,0,0.0,0.3328741264146243,0.1160571177775251,0.1121229668854386
P1,R02,testing,02,375,0,0.0,0.3328741264146243,0.1160571177775251,0.11202322947059047
P1,R02,testing,02,376,0,0.0,0.3328741264146243,0.1160571177775251,0.11192231193759036
P1,R02,testing,02,377,0,0.0,0.3328741264146243,0.1160571177775251,0.11182021763666489
P1,R02,testing,02,378,0,0.0,0.3328741264146243,0.1160571177775251,0.11171694995500718
P1,R02,testing,02,379,0,0.0,0.3328741264146243,0.1160571177775251,0.11161251231658972
P1,R02,testing,02,380,0,0.0,0.3328741264146243,0.1160571177775251,0.11150690818197517
P1,R02,testing,02,381,0,0.0,0.3328741264146243,0.1160571177775251,0.11140014104812528
P1,R02,testing,02,382,0,0.0,0.3328741264146243,0.1160571177775251,0.11129221444820794
P1,R02,testing,02,383,0,0.0,0.3328741264146243,0.1160571177775251,0.11118313195140248
P1,R02,testing,02,384,0,0.0,0.0,0.11533801732799887,0.1103846793970937
P1,R02,testing,02,385,0,0.0,0.0,0.11533801732799887,0.11027398609902722
P1,R02,testing,02,386,0,0.0,0.0,0.11533801732799887,0.11016215492007357
P1,R02,testing,02,387,0,0.0,0.0,0.11533801732799887,0.11004918954847738
P1,R02,testing,02,388,0,0.0,0.0,0.11533801732799887,0.10993509370727624
P1,R02,testing,02,389,0,0.0,0.0,0.11533801732799887,0.1098198711540962
P1,R02,testing,02,390,0,0.0,0.0,0.11533801732799887,0.10970352568094564
P1,R02,testing,02,391,0,0.0,0.0,0.11533801732799887,0.1095860611140074
P1,R02,testing,02,392,0,0.0,0.0,0.11533801732799887,0.1094674813134291
P1,R02,testing,02,393,0,0.0,0.0,0.11533801732799887,0.10934779017311191
P1,R02,testing,02,394,0,0.0,0.0,0.11533801732799887,0.10922699162049743
P1,R02,testing,02,395,0,0.0,0.0,0.11533801732799887,0.10910508961635311
P1,R02,testing,02,396,0,0.0,0.0,0.11533801732799887,0.10898208815455594
P1,R02,testing,02,397,0,0.0,0.0,0.11533801732799887,0.1088579912618744
P1,R02,testing,02,398,0,0.0,0.0,0.11533801732799887,0.10873280299774891
P1,R02,testing,02,399,0,0.0,0.0,0.11533801732799887,0.10860652745407079
P1,R02,testing,02,400,0,0.0,0.0,0.11359060332273818,0.10683566886521877
P1,R02,testing,02,401,0,0.0,0.0,0.11359060332273818,0.10670917704585926
P1,R02,testing,02,402,0,0.0,0.0,0.11359060332273818,0.10658162669888402
P1,R02,testing,02,403,0,0.0,0.0,0.11359060332273818,0.10645302197981793
P1,R02,testing,02,404,0,0.0,0.0,0.11359060332273818,0.10632336707503279
P1,R02,testing,02,405,0,0.0,0.0,0.11359060332273818,0.10619266620152037
P1,R02,testing,02,406,0,0.0,0.0,0.11359060332273818,0.10606092360666403
P1,R02,testing,02,407,0,0.0,0.0,0.11359060332273818,0.10592814356800882
P1,R02,testing,02,408,0,0.0,0.0,0.11359060332273818,0.10579433039303025
P1,R02,testing,02,409,0,0.0,0.0,0.11359060332273818,0.10565948841890169
P1,R02,testing,02,410,0,0.0,0.0,0.11359060332273818,0.1055236220122601
P1,R02,testing,02,411,0,0.0,0.0,0.11359060332273818,0.1053867355689708
P1,R02,testing,02,412,0,0.0,0.0,0.11359060332273818,0.10524883351389058
P1,R02,testing,02,413,0,0.0,0.0,0.11359060332273818,0.10510992030062954
P1,R02,testing,02,414,0,0.0,0.0,0.11359060332273818,0.10497000041131173
P1,R02,testing,02,415,0,0.0,0.0,0.11359060332273818,0.10482907835633434
P1,R02,testing,02,416,0,0.0,0.0,0.11086562449426453,0.10217576879982833
P1,R02,testing,02,417,0,0.0,0.0,0.11086562449426453,0.10203628445814669
P1,R02,testing,02,418,0,0.0,0.0,0.11086562449426453,0.10189583536201895
P1,R02,testing,02,419,0,0.0,0.0,0.11086562449426453,0.1017544260216453
P1,R02,testing,02,420,0,0.0,0.0,0.11086562449426453,0.10161206097362761
P1,R02,testing,02,421,0,0.0,0.0,0.11086562449426453,0.10146874478072712
P1,R02,testing,02,422,0,0.0,0.0,0.11086562449426453,0.1013244820316211
P1,R02,testing,02,423,0,0.0,0.0,0.11086562449426453,0.10117927734065839
P1,R02,testing,02,424,0,0.0,0.0,0.11086562449426453,0.1010331353476138
P1,R02,testing,02,425,0,0.0,0.0,0.11086562449426453,0.10088606071744133
P1,R02,testing,02,426,0,0.0,0.0,0.11086562449426453,0.10073805814002663
P1,R02,testing,02,427,0,0.0,0.0,0.11086562449426453,0.10058913232993798
P1,R02,testing,02,428,0,0.0,0.0,0.11086562449426453,0.10043928802617655
P1,R02,testing,02,429,0,0.0,0.0,0.11086562449426453,0.1002885299919255
P1,R02,testing,02,430,0,0.0,0.0,0.11086562449426453,0.10013686301429821
P1,R02,testing,02,431,0,0.0,0.0,0.11086562449426453,0.0999842919040853
P1,R02,testing,02,432,0,0.0,0.0,0.10723863058789043,0.09656483365766368
P1,R02,testing,02,433,0,0.0,0.0,0.10723863058789043,0.09641551888895512
P1,R02,testing,02,434,0,0.0,0.0,0.10723863058789043,0.09626534366173288
P1,R02,testing,02,435,0,0.0,0.0,0.10723863058789043,0.09611431271854845
P1,R02,testing,02,436,0,0.0,0.0,0.10723863058789043,0.0959624308236196
P1,R02,testing,02,437,0,0.0,0.0,0.10723863058789043,0.09580970276258065
P1,R02,testing,02,438,0,0.0,0.0,0.10723863058789043,0.09565613334223162
P1,R02,testing,02,439,0,0.0,0.0,0.10723863058789043,0.0955017273902869
P1,R02,testing,02,440,0,0.0,0.0,0.10723863058789043,0.09534648975512285
P1,R02,testing,02,441,0,0.0,0.0,0.10723863058789043,0.09519042530552488
P1,R02,testing,02,442,0,0.0,0.0,0.10723863058789043,0.09503353893043362
P1,R02,testing,02,443,0,0.0,0.0,0.10723863058789043,0.09487583553869039
P1,R02,testing,02,444,0,0.0,0.0,0.10723863058789043,0.09471732005878206
P1,R02,testing,02,445,0,0.0,0.0,0.10723863058789043,0.09455799743858503
P1,R02,testing,02,446,0,0.0,0.0,0.10723863058789043,0.09439787264510882
P1,R02,testing,02,447,0,0.0,0.0,0.10723863058789043,0.09423695066423868
P1,R02,testing,02,448,0,0.0,0.0,0.08509093141953403,0.07464613687674722
P1,R02,testing,02,449,0,0.0,0.0,0.08509093141953403,0.07451719650402602
P1,R02,testing,02,450,0,0.0,0.0,0.08509093141953403,0.07438763554113724
P1,R02,testing,02,451,0,0.0,0.0,0.08509093141953403,0.07425745800210379
P1,R02,testing,02,452,0,0.0,0.0,0.08509093141953403,0.07412666791489822
P1,R02,testing,02,453,0,0.0,0.0,0.08509093141953403,0.07399526932123583
P1,R02,testing,02,454,0,0.0,0.0,0.08509093141953403,0.07386326627636733
P1,R02,testing,02,455,0,0.0,0.0,0.08509093141953403,0.07373066284887111
P1,R02,testing,02,456,0,0.0,0.0,0.08509093141953403,0.0735974631204452
P1,R02,testing,02,457,0,0.0,0.0,0.08509093141953403,0.07346367118569866
P1,R02,testing,02,458,0,0.0,0.0,0.08509093141953403,0.0733292911519429
P1,R02,testing,02,459,0,0.0,0.0,0.08509093141953403,0.07319432713898236
P1,R02,testing,02,460,0,0.0,0.0,0.08509093141953403,0.07305878327890516
P1,R02,testing,02,461,0,0.0,0.0,0.08509093141953403,0.07292266371587316
P1,R02,testing,02,462,0,0.0,0.0,0.08509093141953403,0.07278597260591194
P1,R02,testing,02,463,0,0.0,0.0,0.08509093141953403,0.07264871411670032
P1,R02,testing,02,464,0,1.0,0.33476245320483766,0.0637628584526708,0.05433601081796574
P1,R02,testing,02,465,0,1.0,0.33476245320483766,0.0637628584526708,0.05423231529150802
P1,R02,testing,02,466,0,1.0,0.33476245320483766,0.0637628584526708,0.054128204019576534
P1,R02,testing,02,467,0,1.0,0.33476245320483766,0.0637628584526708,0.05402368015856911
P1,R02,testing,02,468,0,1.0,0.33476245320483766,0.0637628584526708,0.05391874687282489
P1,R02,testing,02,469,0,1.0,0.33476245320483766,0.0637628584526708,0.05381340733446569
P1,R02,testing,02,470,0,1.0,0.33476245320483766,0.0637628584526708,0.05370766472323717
P1,R02,testing,02,471,0,1.0,0.33476245320483766,0.0637628584526708,0.053601522226349826
P1,R02,testing,02,472,0,1.0,0.33476245320483766,0.0637628584526708,0.05349498303832004
P1,R02,testing,02,473,0,1.0,0.33476245320483766,0.0637628584526708,0.053388050360810846
P1,R02,testing,02,474,0,1.0,0.33476245320483766,0.0637628584526708,0.053280727402472715
P1,R02,testing,02,475,0,1.0,0.33476245320483766,0.0637628584526708,0.05317301737878422
P1,R02,testing,02,476,0,1.0,0.33476245320483766,0.0637628584526708,0.05306492351189268
P1,R02,testing,02,477,0,1.0,0.33476245320483766,0.0637628584526708,0.052956449030454655
P1,R02,testing,02,478,0,1.0,0.33476245320483766,0.0637628584526708,0.052847597169476505
P1,R02,testing,02,479,0,1.0,0.33476245320483766,0.0637628584526708,0.05273837117015484
P1,R02,testing,02,480,0,0.0,0.0,0.04330069436764028,0.03573965354330972
P1,R02,testing,02,481,0,0.0,0.0,0.04330069436764028,0.03566497777510413
P1,R02,testing,02,482,0,0.0,0.0,0.04330069436764028,0.035590054560766256
P1,R02,testing,02,483,0,0.0,0.0,0.04330069436764028,0.035514886117090465
P1,R02,testing,02,484,0,0.0,0.0,0.04330069436764028,0.03543947466453307
P1,R02,testing,02,485,0,0.0,0.0,0.04330069436764028,0.03536382242710407
P1,R02,testing,02,486,0,0.0,0.0,0.04330069436764028,0.03528793163225883
P1,R02,testing,02,487,0,0.0,0.0,0.04330069436764028,0.035211804510789854
P1,R02,testing,02,488,0,0.0,0.0,0.04330069436764028,0.03513544329671853
P1,R02,testing,02,489,0,0.0,0.0,0.04330069436764028,0.03505885022718701
P1,R02,testing,02,490,0,0.0,0.0,0.04330069436764028,0.034982027542350094
P1,R02,testing,02,491,0,0.0,0.0,0.04330069436764028,0.03490497748526717
P1,R02,testing,02,492,0,0.0,0.0,0.04330069436764028,0.03482770230179429
P1,R02,testing,02,493,0,0.0,0.0,0.04330069436764028,0.034750204240476236
P1,R02,testing,02,494,0,0.0,0.0,0.04330069436764028,0.03467248555243874
P1,R02,testing,02,495,0,0.0,0.0,0.04330069436764028,0.034594548491280755
P1,R02,testing,02,496,0,0.0,0.0,0.023934605946343862,0.01907905479505394
P1,R02,testing,02,497,0,0.0,0.0,0.023934605946343862,0.01903573714892648
P1,R02,testing,02,498,0,0.0,0.0,0.023934605946343862,0.01899230254097612
P1,R02,testing,02,499,0,0.0,0.0,0.023934605946343862,0.0189487522217615
P1,R02,testing,02,500,0,0.0,0.0,0.023934605946343862,0.018905087442911573
P1,R02,testing,02,501,0,0.0,0.0,0.023934605946343862,0.018861309457066447
P1,R02,testing,02,502,0,0.0,0.0,0.023934605946343862,0.018817419517818342
P1,R02,testing,02,503,0,0.0,0.0,0.023934605946343862,0.018773418879652594
P1,R02,testing,02,504,0,0.0,0.0,0.023934605946343862,0.01872930879788874
P1,R02,testing,02,505,0,0.0,0.0,0.023934605946343862,0.01868509052862174
P1,R02,testing,02,506,0,0.0,0.0,0.023934605946343862,0.018640765328663243
P1,R02,testing,02,507,0,0.0,0.0,0.023934605946343862,0.01859633445548297
P1,R02,testing,02,508,0,0.0,0.0,0.023934605946343862,0.018551799167150204
P1,R02,testing,02,509,0,0.0,0.0,0.023934605946343862,0.018507160722275384
P1,R02,testing,02,510,0,0.0,0.0,0.023934605946343862,0.018462420379951796
P1,R02,testing,02,511,0,0.0,0.0,0.023934605946343862,0.018417579399697386
P1,R02,testing,02,512,0,0.0,0.0,0.023343658419961444,0.017919016967192922
P1,R02,testing,02,513,0,0.0,0.0,0.023343658419961444,0.01787509049497747
P1,R02,testing,02,514,0,0.0,0.0,0.023343658419961444,0.01783106955677084
P1,R02,testing,02,515,0,0.0,0.0,0.023343658419961444,0.01778695538208488
P1,R02,testing,02,516,0,0.0,0.0,0.023343658419961444,0.01774274920056364
P1,R02,testing,02,517,0,0.0,0.0,0.023343658419961444,0.017698452241927322
P1,R02,testing,02,518,0,0.0,0.0,0.023343658419961444,0.01765406573591643
P1,R02,testing,02,519,0,0.0,0.0,0.023343658419961444,0.017609590912236003
P1,R02,testing,02,520,0,0.0,0.0,0.023343658419961444,0.017565029000500026
P1,R02,testing,02,521,0,0.0,0.0,0.023343658419961444,0.017520381230175956
P1,R02,testing,02,522,0,0.0,0.0,0.023343658419961444,0.017475648830529433
P1,R02,testing,02,523,0,0.0,0.0,0.023343658419961444,0.017430833030569092
P1,R02,testing,02,524,0,0.0,0.0,0.023343658419961444,0.017385935058991588
P1,R02,testing,02,525,0,0.0,0.0,0.023343658419961444,0.017340956144126726
P1,R02,testing,02,526,0,0.0,0.0,0.023343658419961444,0.0172958975138828
P1,R02,testing,02,527,0,0.0,0.0,0.023343658419961444,0.017250760395692052
P1,R02,testing,02,528,0,0.0,0.0,0.02254076300558131,0.016613768423159037
P1,R02,testing,02,529,0,0.0,0.0,0.02254076300558131,0.016570035754131438
P1,R02,testing,02,530,0,0.0,0.0,0.02254076300558131,0.01652623084908097
P1,R02,testing,02,531,0,0.0,0.0,0.02254076300558131,0.016482354890861053
P1,R02,testing,02,532,0,0.0,0.0,0.02254076300558131,0.01643840906160471
P1,R02,testing,02,533,0,0.0,0.0,0.02254076300558131,0.016394394542672962
P1,R02,testing,02,534,0,0.0,0.0,0.02254076300558131,0.01635031251460339
P1,R02,testing,02,535,0,0.0,0.0,0.02254076300558131,0.01630616415705886
P1,R02,testing,02,536,0,0.0,0.0,0.02254076300558131,0.016261950648776467
P1,R02,testing,02,537,0,0.0,0.0,0.02254076300558131,0.016217673167516655
P1,R02,testing,02,538,0,0.0,0.0,0.02254076300558131,0.016173332890012517
P1,R02,testing,02,539,0,0.0,0.0,0.02254076300558131,0.01612893099191933
P1,R02,testing,02,540,0,0.0,0.0,0.02254076300558131,0.016084468647764236
P1,R02,testing,02,541,0,0.0,0.0,0.02254076300558131,0.016039947030896166
P1,R02,testing,02,542,0,0.0,0.0,0.02254076300558131,0.015995367313435947
P1,R02,testing,02,543,0,0.0,0.0,0.02254076300558131,0.015950730666226636
P1,R02,testing,02,544,0,0.0,0.0,0.021548912671932437,0.01520613252133849
P1,R02,testing,02,545,0,0.0,0.0,0.021548912671932437,0.015163354502461927
P1,R02,testing,02,546,0,0.0,0.0,0.021548912671932437,0.015120525409056406
P1,R02,testing,02,547,0,0.0,0.0,0.021548912671932437,0.01507764635508785
P1,R02,testing,02,548,0,0.0,0.0,0.021548912671932437,0.015034718453066242
P1,R02,testing,02,549,0,0.0,0.0,0.021548912671932437,0.014991742813999356
P1,R02,testing,02,550,0,0.0,0.0,0.021548912671932437,0.01494872054734675
P1,R02,testing,02,551,0,0.0,0.0,0.021548912671932437,0.014905652760973925
P1,R02,testing,02,552,0,0.0,0.0,0.021548912671932437,0.01486254056110676
P1,R02,testing,02,553,0,0.0,0.0,0.021548912671932437,0.014819385052286124
P1,R02,testing,02,554,0,0.0,0.0,0.021548912671932437,0.01477618733732275
P1,R02,testing,02,555,0,0.0,0.0,0.021548912671932437,0.014732948517252313
P1,R02,testing,02,556,0,0.0,0.0,0.021548912671932437,0.014689669691290758
P1,R02,testing,02,557,0,0.0,0.0,0.021548912671932437,0.014646351956789838
P1,R02,testing,02,558,0,0.0,0.0,0.021548912671932437,0.014602996409192923
P1,R02,testing,02,559,0,0.0,0.0,0.021548912671932437,0.014559604141991003
P1,R02,testing,02,560,0,0.0,0.0,0.020395725798530672,0.013739345222556796
P1,R02,testing,02,561,0,0.0,0.0,0.020395725798530672,0.013698208674313274
P1,R02,testing,02,562,0,0.0,0.0,0.020395725798530672,0.013657040464927836
P1,R02,testing,02,563,0,0.0,0.0,0.020395725798530672,0.013615841621570292
P1,R02,testing,02,564,0,0.0,0.0,0.020395725798530672,0.01357461316935793
P1,R02,testing,02,565,0,0.0,0.0,0.020395725798530672,0.013533356131315264
P1,R02,testing,02,566,0,0.0,0.0,0.020395725798530672,0.013492071528334084
P1,R02,testing,02,567,0,0.0,0.0,0.020395725798530672,0.013450760379133685
P1,R02,testing,02,568,0,0.0,0.0,0.020395725798530672,0.013409423700221397
P1,R02,testing,02,569,0,0.0,0.0,0.020395725798530672,0.013368062505853297
P1,R02,testing,02,570,0,0.0,0.0,0.020395725798530672,0.013326677807995247
P1,R02,testing,02,571,0,0.0,0.0,0.020395725798530672,0.013285270616284109
P1,R02,testing,02,572,0,0.0,0.0,0.020395725798530672,0.013243841937989253
P1,R02,testing,02,573,0,0.0,0.0,0.020395725798530672,0.013202392777974314
P1,R02,testing,02,574,0,0.0,0.0,0.020395725798530672,0.013160924138659187
P1,R02,testing,02,575,0,0.0,0.0,0.020395725798530672,0.013119437019982298
P1,R02,testing,02,576,0,0.0,0.0,0.0191121710377702,0.012254904958433708
P1,R02,testing,02,577,0,0.0,0.0,0.0191121710377702,0.012215996898107723
P1,R02,testing,02,578,0,0.0,0.0,0.0191121710377702,0.012177074318100566
P1,R02,testing,02,579,0,0.0,0.0,0.0191121710377702,0.012138138145772023
P1,R02,testing,02,580,0,0.0,0.0,0.0191121710377702,0.012099189305983441
P1,R02,testing,02,581,0,0.0,0.0,0.0191121710377702,0.012060228721063831
P1,R02,testing,02,582,0,0.0,0.0,0.0191121710377702,0.01202125731077624
P1,R02,testing,02,583,0,0.0,0.0,0.0191121710377702,0.01198227599228438
P1,R02,testing,02,584,0,0.0,0.0,0.0191121710377702,0.011943285680119493
P1,R02,testing,02,585,0,0.0,0.0,0.0191121710377702,0.011904287286147498
P1,R02,testing,02,586,0,0.0,0.0,0.0191121710377702,0.011865281719536365
P1,R02,testing,02,587,0,0.0,0.0,0.0191121710377702,0.011826269886723775
P1,R02,testing,02,588,0,0.0,0.0,0.0191121710377702,0.011787252691385029
P1,R02,testing,02,589,0,0.0,0.0,0.0191121710377702,0.011748231034401218
P1,R02,testing,02,590,0,0.0,0.0,0.0191121710377702,0.011709205813827651
P1,R02,testing,02,591,0,0.0,0.0,0.0191121710377702,0.011670177924862567
P1,R02,testing,02,592,0,0.0,0.0,0.0,0.0
P1,R02,testing,02,593,0,0.0,0.0,0.0,0.0
P1,R02,testing,02,594,0,0.0,0.0,0.0,0.0
P2,R02,testing,02,0,0,0.0,0.0,0.0,0.0
P2,R02,testing,02,1,0,0.0,0.0,0.0,0.0
P2,R02,testing,02,2,0,0.0,0.0,0.0,0.0
P2,R02,testing,02,3,0,0.0,0.0,0.0,0.0
P2,R02,testing,02,4,0,0.0,0.0,0.0,0.0
P2,R02,testing,02,5,0,0.0,0.0,0.0,0.0
P2,R02,testing,02,6,0,0.0,0.0,0.0,0.0
P2,R02,testing,02,7,0,0.0,0.0,0.0,0.0
P2,R02,testing,02,8,0,0.0,0.0,0.0,0.0
P2,R02,testing,02,9,0,0.0,0.0,0.0,0.0
P2,R02,testing,02,10,0,0.0,0.0,0.0,0.0
P2,R02,testing,02,11,0,0.0,0.0,0.0,0.0
P2,R02,testing,02,12,0,0.0,0.0,0.0,0.0
P2,R02,testing,02,13,0,0.0,0.0,0.0,0.0
P2,R02,testing,02,14,0,0.0,0.0,0.0,0.0
P2,R02,testing,02,15,0,0.0,0.0,0.0,0.0
P2,R02,testing,02,16,0,0.0,0.0,0.0,0.0
P2,R02,testing,02,17,0,0.0,0.0,0.0,0.0
P2,R02,testing,02,18,0,0.0,0.0,0.0,0.0
P2,R02,testing,02,19,0,0.0,0.0,0.0,0.0
P2,R02,testing,02,20,0,0.0,0.0,0.0,0.0
P2,R02,testing,02,21,0,0.0,0.0,0.0,0.0
P2,R02,testing,02,22,0,0.0,0.0,0.0,0.0
P2,R02,testing,02,23,0,0.0,0.0,0.0,0.0
P2,R02,testing,02,24,0,0.0,0.0,0.0,0.0
P2,R02,testing,02,25,0,0.0,0.0,0.0,0.0
P2,R02,testing,02,26,0,0.0,0.0,0.0,0.0
P2,R02,testing,02,27,0,0.0,0.0,0.0,0.0
P2,R02,testing,02,28,0,0.0,0.0,0.0,0.0
P2,R02,testing,02,29,0,0.0,0.0,0.0,0.0
P2,R02,testing,02,30,0,0.0,0.0,0.0,0.0
P2,R02,testing,02,31,0,0.0,0.0,0.0,0.0
P2,R02,testing,02,32,0,0.0,0.0,0.0,0.0
P2,R02,testing,02,33,0,0.0,0.0,0.0,0.0
P2,R02,testing,02,34,0,0.0,0.0,0.0,0.0
P2,R02,testing,02,35,0,0.0,0.0,0.0,0.0
P2,R02,testing,02,36,0,0.0,0.0,0.0,0.0
P2,R02,testing,02,37,0,0.0,0.0,0.0,0.0
P2,R02,testing,02,38,0,0.0,0.0,0.0,0.0
P2,R02,testing,02,39,0,0.0,0.0,0.0,0.0
P2,R02,testing,02,40,0,0.0,0.0,0.0,0.0
P2,R02,testing,02,41,0,0.0,0.0,0.0,0.0
P2,R02,testing,02,42,0,0.0,0.0,0.0,0.0
P2,R02,testing,02,43,0,0.0,0.0,0.0,0.0
P2,R02,testing,02,44,0,0.0,0.0,0.0,0.0
P2,R02,testing,02,45,0,0.0,0.0,0.0,0.0
P2,R02,testing,02,46,0,0.0,0.0,0.0,0.0
P2,R02,testing,02,47,0,0.0,0.0,0.0,0.0
P2,R02,testing,02,48,0,0.0,0.0,0.0,0.0
P2,R02,testing,02,49,0,0.0,0.0,0.0,0.0
P2,R02,testing,02,50,0,0.0,0.0,0.0,0.0
P2,R02,testing,02,51,0,0.0,0.0,0.0,0.0
P2,R02,testing,02,52,0,0.0,0.0,0.0,0.0
P2,R02,testing,02,53,0,0.0,0.0,0.0,0.0
P2,R02,testing,02,54,0,0.0,0.0,0.0,0.0
P2,R02,testing,02,55,0,0.0,0.0,0.0,0.0
P2,R02,testing,02,56,0,0.0,0.0,0.0,0.0
P2,R02,testing,02,57,0,0.0,0.0,0.0,0.0
P2,R02,testing,02,58,0,0.0,0.0,0.0,0.0
P2,R02,testing,02,59,0,0.0,0.0,0.0,0.0
P2,R02,testing,02,60,0,0.0,0.0,0.0,0.0
P2,R02,testing,02,61,0,0.0,0.0,0.0,0.0
P2,R02,testing,02,62,0,0.0,0.0,0.0,0.0
P2,R02,testing,02,63,0,0.0,0.0,0.0,0.0
P2,R02,testing,02,64,0,0.0,0.0,0.01897978506902213,0.013989133987167493
P2,R02,testing,02,65,0,0.0,0.0,0.01897978506902213,0.014025895971278315
P2,R02,testing,02,66,0,0.0,0.0,0.01897978506902213,0.014062595137556503
P2,R02,testing,02,67,0,0.0,0.0,0.01897978506902213,0.014099230488457756
P2,R02,testing,02,68,0,0.0,0.0,0.01897978506902213,0.014135801026006528
P2,R02,testing,02,69,0,0.0,0.0,0.01897978506902213,0.014172305751840223
P2,R02,testing,02,70,0,0.0,0.0,0.01897978506902213,0.014208743667253524
P2,R02,testing,02,71,0,0.0,0.0,0.01897978506902213,0.014245113773242852
P2,R02,testing,02,72,0,0.0,0.0,0.01897978506902213,0.014281415070550956
P2,R02,testing,02,73,0,0.0,0.0,0.01897978506902213,0.014317646559711643
P2,R02,testing,02,74,0,0.0,0.0,0.01897978506902213,0.014353807241094614
P2,R02,testing,02,75,0,0.0,0.0,0.01897978506902213,0.014389896114950446
P2,R02,testing,02,76,0,0.0,0.0,0.01897978506902213,0.014425912181455676
P2,R02,testing,02,77,0,0.0,0.0,0.01897978506902213,0.014461854440758008
P2,R02,testing,02,78,0,0.0,0.0,0.01897978506902213,0.014497721893021651
P2,R02,testing,02,79,0,0.0,0.0,0.01897978506902213,0.014533513538472737
P2,R02,testing,02,80,0,0.0,0.0,0.05827204257411901,0.04473068020502467
P2,R02,testing,02,81,0,0.0,0.0,0.05827204257411901,0.04484009359908952
P2,R02,testing,02,82,0,0.0,0.0,0.05827204257411901,0.04494926504382974
P2,R02,testing,02,83,0,0.0,0.0,0.05827204257411901,0.04505819147188564
P2,R02,testing,02,84,0,0.0,0.0,0.05827204257411901,0.04516686981679006
P2,R02,testing,02,85,0,0.0,0.0,0.05827204257411901,0.04527529701310969
P2,R02,testing,02,86,0,0.0,0.0,0.05827204257411901,0.04538346999658686
P2,R02,testing,02,87,0,0.0,0.0,0.05827204257411901,0.04549138570428133
P2,R02,testing,02,88,0,0.0,0.0,0.05827204257411901,0.04559904107471261
P2,R02,testing,02,89,0,0.0,0.0,0.05827204257411901,0.045706433048002384
P2,R02,testing,02,90,0,0.0,0.0,0.05827204257411901,0.045813558566017216
P2,R02,testing,02,91,0,0.0,0.0,0.05827204257411901,0.045920414572511524
P2,R02,testing,02,92,0,0.0,0.0,0.05827204257411901,0.04602699801327069
P2,R02,testing,02,93,0,0.0,0.0,0.05827204257411901,0.046133305836254565
P2,R02,testing,02,94,0,0.0,0.0,0.05827204257411901,0.04623933499174097
P2,R02,testing,02,95,0,0.0,0.0,0.05827204257411901,0.04634508243246957
P2,R02,testing,02,96,0,0.0,0.0,0.1000329432807402,0.07973952069410625
P2,R02,testing,02,97,0,0.0,0.0,0.1000329432807402,0.07992006958755135
P2,R02,testing,02,98,0,0.0,0.0,0.1000329432807402,0.08010011920874427
P2,R02,testing,02,99,0,0.0,0.0,0.1000329432807402,0.08027966434597235
P2,R02,testing,02,100,0,0.0,0.0,0.1000329432807402,0.08045869979298795
P2,R02,testing,02,101,0,0.0,0.0,0.1000329432807402,0.08063722034925709
P2,R02,testing,02,102,0,0.0,0.0,0.1000329432807402,0.08081522082020828
P2,R02,testing,02,103,0,0.0,0.0,0.1000329432807402,0.08099269601748153
P2,R02,testing,02,104,0,0.0,0.0,0.1000329432807402,0.08116964075917762
P2,R02,testing,02,105,0,0.0,0.0,0.1000329432807402,0.0813460498701076
P2,R02,testing,02,106,0,0.0,0.0,0.1000329432807402,0.08152191818204219
P2,R02,testing,02,107,0,0.0,0.0,0.1000329432807402,0.08169724053396173
P2,R02,testing,02,108,0,0.0,0.0,0.1000329432807402,0.08187201177230592
P2,R02,testing,02,109,0,0.0,0.0,0.1000329432807402,0.08204622675122389
P2,R02,testing,02,110,0,0.0,0.0,0.1000329432807402,0.08221988033282422
P2,R02,testing,02,111,0,0.0,0.0,0.1000329432807402,0.08239296738742517
P2,R02,testing,02,112,0,0.0,0.0,0.1248785888114306,0.10307265424439396
P2,R02,testing,02,113,0,0.0,0.0,0.1248785888114306,0.10328729808797511
P2,R02,testing,02,114,0,0.0,0.0,0.1248785888114306,0.10350121554694432
P2,R02,testing,02,115,0,0.0,0.0,0.1248785888114306,0.10371440026165625
P2,R02,testing,02,116,0,0.0,0.0,0.1248785888114306,0.10392684588427661
P2,R02,testing,02,117,0,0.0,0.0,0.1248785888114306,0.10413854607909466
P2,R02,testing,02,118,0,0.0,0.0,0.1248785888114306,0.1043494945228356
P2,R02,testing,02,119,0,0.0,0.0,0.1248785888114306,0.1045596849049729
P2,R02,testing,02,120,0,0.0,0.0,0.1248785888114306,0.10476911092804067
P2,R02,testing,02,121,0,0.0,0.0,0.1248785888114306,0.10497776630794575
P2,R02,testing,02,122,0,0.0,0.0,0.1248785888114306,0.10518564477427975
P2,R02,testing,02,123,0,0.0,0.0,0.1248785888114306,0.10539274007063092
P2,R02,testing,02,124,0,0.0,0.0,0.1248785888114306,0.10559904595489596
P2,R02,testing,02,125,0,0.0,0.0,0.1248785888114306,0.10580455619959132
P2,R02,testing,02,126,0,0.0,0.0,0.1248785888114306,0.1060092645921647
P2,R02,testing,02,127,0,0.0,0.0,0.1248785888114306,0.10621316493530596
P2,R02,testing,02,128,0,0.0,0.0,0.15029157828143916,0.12807212570953003
P2,R02,testing,02,129,0,0.0,0.0,0.15029157828143916,0.12831555281588375
P2,R02,testing,02,130,0,0.0,0.0,0.15029157828143916,0.12855798517185868
P2,R02,testing,02,131,0,0.0,0.0,0.15029157828143916,0.12879941539609524
P2,R02,testing,02,132,0,0.0,0.0,0.15029157828143916,0.1290398361274443
P2,R02,testing,02,133,0,0.0,0.0,0.15029157828143916,0.12927924002533941
P2,R02,testing,02,134,0,0.0,0.0,0.15029157828143916,0.12951761977016824
P2,R02,testing,02,135,0,0.0,0.0,0.15029157828143916,0.12975496806364373
P2,R02,testing,02,136,0,0.0,0.0,0.15029157828143916,0.12999127762917478
P2,R02,testing,02,137,0,0.0,0.0,0.15029157828143916,0.1302265412122362
P2,R02,testing,02,138,0,0.0,0.0,0.15029157828143916,0.13046075158073803
P2,R02,testing,02,139,0,0.0,0.0,0.15029157828143916,0.13069390152539462
P2,R02,testing,02,140,0,0.0,0.0,0.15029157828143916,0.13092598386009274
P2,R02,testing,02,141,0,0.0,0.0,0.15029157828143916,0.13115699142225912
P2,R02,testing,02,142,0,0.0,0.0,0.15029157828143916,0.13138691707322736
P2,R02,testing,02,143,0,0.0,0.0,0.15029157828143916,0.1316157536986042
P2,R02,testing,02,144,0,0.0,0.0,0.17589974319519422,0.15430829217740694
P2,R02,testing,02,145,0,0.0,0.0,0.17589974319519422,0.1545735462161859
P2,R02,testing,02,146,0,0.0,0.0,0.17589974319519422,0.15483750086531137
P2,R02,testing,02,147,0,0.0,0.0,0.17589974319519422,0.15510014791607324
P2,R02,testing,02,148,0,0.0,0.0,0.17589974319519422,0.15536147919029974
P2,R02,testing,02,149,0,0.0,0.0,0.17589974319519422,0.15562148654078048
P2,R02,testing,02,150,0,0.0,0.0,0.17589974319519422,0.15588016185168824
P2,R02,testing,02,151,0,0.0,0.0,0.17589974319519422,0.15613749703899987
P2,R02,testing,02,152,0,0.0,0.0,0.17589974319519422,0.1563934840509161
P2,R02,testing,02,153,0,0.0,0.0,0.17589974319519422,0.15664811486828004
P2,R02,testing,02,154,0,0.0,0.0,0.17589974319519422,0.15690138150499475
P2,R02,testing,02,155,0,0.0,0.0,0.17589974319519422,0.15715327600843948
P2,R02,testing,02,156,0,0.0,0.0,0.17589974319519422,0.15740379045988462
P2,R02,testing,02,157,0,0.0,0.0,0.17589974319519422,0.15765291697490558
P2,R02,testing,02,158,0,0.0,0.0,0.17589974319519422,0.15790064770379528
P2,R02,testing,02,159,0,0.0,0.0,0.17589974319519422,0.1581469748319753
P2,R02,testing,02,160,0,0.0,0.0,0.1824480780406783,0.16428844913978233
P2,R02,testing,02,161,0,0.0,0.0,0.1824480780406783,0.1645410105735907
P2,R02,testing,02,162,0,0.0,0.0,0.1824480780406783,0.1647920920602991
P2,R02,testing,02,163,0,0.0,0.0,0.1824480780406783,0.16504168564439306
P2,R02,testing,02,164,0,0.0,0.0,0.1824480780406783,0.16528978340890543
P2,R02,testing,02,165,0,0.0,0.0,0.1824480780406783,0.16553637747583402
P2,R02,testing,02,166,0,0.0,0.0,0.1824480780406783,0.1657814600065578
P2,R02,testing,02,167,0,0.0,0.0,0.1824480780406783,0.1660250232022513
P2,R02,testing,02,168,0,0.0,0.0,0.1824480780406783,0.16626705930429747
P2,R02,testing,02,169,0,0.0,0.0,0.1824480780406783,0.16650756059469882
P2,R02,testing,02,170,0,0.0,0.0,0.1824480780406783,0.1667465193964869
P2,R02,testing,02,171,0,0.0,0.0,0.1824480780406783,0.16698392807412998
P2,R02,testing,02,172,0,0.0,0.0,0.1824480780406783,0.16721977903393906
P2,R02,testing,02,173,0,0.0,0.0,0.1824480780406783,0.1674540647244719
P2,R02,testing,02,174,0,0.0,0.0,0.1824480780406783,0.16768677763693565
P2,R02,testing,02,175,0,0.0,0.0,0.1824480780406783,0.167917910305587
P2,R02,testing,02,176,0,0.0,0.33244362445532405,0.1874013976244933,0.17271252440773932
P2,R02,testing,02,177,0,0.0,0.33244362445532405,0.1874013976244933,0.17294666302500467
P2,R02,testing,02,178,0,0.0,0.33244362445532405,0.1874013976244933,0.17317915576019902
P2,R02,testing,02,179,0,0.0,0.33244362445532405,0.1874013976244933,0.17340999512583843
P2,R02,testing,02,180,0,0.0,0.33244362445532405,0.1874013976244933,0.17363917368068477
P2,R02,testing,02,181,0,0.0,0.33244362445532405,0.1874013976244933,0.1738666840301447
P2,R02,testing,02,182,0,0.0,0.33244362445532405,0.1874013976244933,0.17409251882666724
P2,R02,testing,02,183,0,0.0,0.33244362445532405,0.1874013976244933,0.17431667077013838
P2,R02,testing,02,184,0,0.0,0.33244362445532405,0.1874013976244933,0.17453913260827428
P2,R02,testing,02,185,0,0.0,0.33244362445532405,0.1874013976244933,0.17475989713701176
P2,R02,testing,02,186,0,0.0,0.33244362445532405,0.1874013976244933,0.17497895720089682
P2,R02,testing,02,187,0,0.0,0.33244362445532405,0.1874013976244933,0.17519630569347072
P2,R02,testing,02,188,0,0.0,0.33244362445532405,0.1874013976244933,0.17541193555765391
P2,R02,testing,02,189,0,0.0,0.33244362445532405,0.1874013976244933,0.17562583978612756
P2,R02,testing,02,190,0,0.0,0.33244362445532405,0.1874013976244933,0.1758380114217127
P2,R02,testing,02,191,0,0.0,0.33244362445532405,0.1874013976244933,0.1760484435577472
P2,R02,testing,02,192,0,0.0,0.6659035696340838,0.19061912561831199,0.17928350751051023
P2,R02,testing,02,193,0,0.0,0.6659035696340838,0.19061912561831199,0.17949399321528428
P2,R02,testing,02,194,0,0.0,0.6659035696340838,0.19061912561831199,0.17970268878922024
P2,R02,testing,02,195,0,0.0,0.6659035696340838,0.19061912561831199,0.17990958741638677
P2,R02,testing,02,196,0,0.0,0.6659035696340838,0.19061912561831199,0.1801146823341157
P2,R02,testing,02,197,0,0.0,0.6659035696340838,0.19061912561831199,0.1803179668333704
P2,R02,testing,02,198,0,0.0,0.6659035696340838,0.19061912561831199,0.18051943425911113
P2,R02,testing,02,199,0,0.0,0.6659035696340838,0.19061912561831199,0.1807190780106579
P2,R02,testing,02,200,0,0.0,0.6659035696340838,0.19061912561831199,0.18091689154205093
P2,R02,testing,02,201,0,0.0,0.6659035696340838,0.19061912561831199,0.181112868362408
P2,R02,testing,02,202,0,0.0,0.6659035696340838,0.19061912561831199,0.18130700203627917
P2,R02,testing,02,203,0,0.0,0.6659035696340838,0.19061912561831199,0.181499286183999
P2,R02,testing,02,204,0,0.0,0.6659035696340838,0.19061912561831199,0.18168971448203558
P2,R02,testing,02,205,0,0.0,0.6659035696340838,0.19061912561831199,0.18187828066333728
P2,R02,testing,02,206,0,0.0,0.6659035696340838,0.19061912561831199,0.18206497851767595
P2,R02,testing,02,207,0,0.0,0.6659035696340838,0.19061912561831199,0.1822498018919879
P2,R02,testing,02,208,0,1.0,0.6666897351709513,0.19200868951394184,0.18376263199651374
P2,R02,testing,02,209,0,1.0,0.6666897351709513,0.19200868951394184,0.18394500803447153
P2,R02,testing,02,210,0,1.0,0.6666897351709513,0.19200868951394184,0.18412547768305162
P2,R02,testing,02,211,0,1.0,0.6666897351709513,0.19200868951394184,0.18430403497803413
P2,R02,testing,02,212,0,1.0,0.6666897351709513,0.19200868951394184,0.1844806740144522
P2,R02,testing,02,213,0,1.0,0.6666897351709513,0.19200868951394184,0.18465538894691727
P2,R02,testing,02,214,0,1.0,0.6666897351709513,0.19200868951394184,0.18482817398994159
P2,R02,testing,02,215,0,1.0,0.6666897351709513,0.19200868951394184,0.1849990234182571
P2,R02,testing,02,216,0,1.0,0.6666897351709513,0.19200868951394184,0.1851679315671319
P2,R02,testing,02,217,0,1.0,0.6666897351709513,0.19200868951394184,0.18533489283268284
P2,R02,testing,02,218,0,1.0,0.6666897351709513,0.19200868951394184,0.18549990167218555
P2,R02,testing,02,219,0,1.0,0.6666897351709513,0.19200868951394184,0.18566295260438095
P2,R02,testing,02,220,0,1.0,0.6666897351709513,0.19200868951394184,0.18582404020977866
P2,R02,testing,02,221,0,1.0,0.6666897351709513,0.19200868951394184,0.1859831591309571
P2,R02,testing,02,222,0,1.0,0.6666897351709513,0.19200868951394184,0.1861403040728605
P2,R02,testing,02,223,0,1.0,0.6666897351709513,0.19200868951394184,0.18629546980309247
P2,R02,testing,02,224,0,0.0,0.332982102238268,0.19152994436261675,0.18598376913079256
P2,R02,testing,02,225,0,0.0,0.332982102238268,0.19152994436261675,0.1861345840181248
P2,R02,testing,02,226,0,0.0,0.332982102238268,0.19152994436261675,0.18628340934850332
P2,R02,testing,02,227,0,0.0,0.332982102238268,0.19152994436261675,0.18643024015545312
P2,R02,testing,02,228,0,0.0,0.332982102238268,0.19152994436261675,0.1865750715364168
P2,R02,testing,02,229,0,0.0,0.332982102238268,0.19152994436261675,0.18671789865302746
P2,R02,testing,02,230,0,0.0,0.332982102238268,0.19152994436261675,0.18685871673137794
P2,R02,testing,02,231,0,0.0,0.332982102238268,0.19152994436261675,0.18699752106228698
P2,R02,testing,02,232,0,0.0,0.332982102238268,0.19152994436261675,0.1871343070015613
P2,R02,testing,02,233,0,0.0,0.332982102238268,0.19152994436261675,0.1872690699702549
P2,R02,testing,02,234,0,0.0,0.332982102238268,0.19152994436261675,0.18740180545492424
P2,R02,testing,02,235,0,0.0,0.332982102238268,0.19152994436261675,0.18753250900788032
P2,R02,testing,02,236,0,0.0,0.332982102238268,0.19152994436261675,0.18766117624743694
P2,R02,testing,02,237,0,0.0,0.332982102238268,0.19152994436261675,0.18778780285815558
P2,R02,testing,02,238,0,0.0,0.332982102238268,0.19152994436261675,0.18791238459108653
P2,R02,testing,02,239,0,0.0,0.332982102238268,0.19152994436261675,0.18803491726400656
P2,R02,testing,02,240,0,1.0,0.33401239097806407,0.1891970988441772,0.18586365342320857
P2,R02,testing,02,241,0,1.0,0.33401239097806407,0.1891970988441772,0.18598063330753292
P2,R02,testing,02,242,0,1.0,0.33401239097806407,0.1891970988441772,0.18609557709343783
P2,R02,testing,02,243,0,1.0,0.33401239097806407,0.1891970988441772,0.18620848091556985
P2,R02,testing,02,244,0,1.0,0.33401239097806407,0.1891970988441772,0.1863193409756088
P2,R02,testing,02,245,0,1.0,0.33401239097806407,0.1891970988441772,0.1864281535424806
P2,R02,testing,02,246,0,1.0,0.33401239097806407,0.1891970988441772,0.18653491495256666
P2,R02,testing,02,247,0,1.0,0.33401239097806407,0.1891970988441772,0.18663962160990938
P2,R02,testing,02,248,0,1.0,0.33401239097806407,0.1891970988441772,0.18674226998641408
P2,R02,testing,02,249,0,1.0,0.33401239097806407,0.1891970988441772,0.18684285662204703
P2,R02,testing,02,250,0,1.0,0.33401239097806407,0.1891970988441772,0.1869413781250299
P2,R02,testing,02,251,0,1.0,0.33401239097806407,0.1891970988441772,0.18703783117203035
P2,R02,testing,02,252,0,1.0,0.33401239097806407,0.1891970988441772,0.18713221250834888
P2,R02,testing,02,253,0,1.0,0.33401239097806407,0.1891970988441772,0.1872245189481018
P2,R02,testing,02,254,0,1.0,0.33401239097806407,0.1891970988441772,0.18731474737440054
P2,R02,testing,02,255,0,1.0,0.33401239097806407,0.1891970988441772,0.18740289473952707
P2,R02,testing,02,256,0,0.0,0.3331685456228619,0.18507801475833194,0.18340706258068384
P2,R02,testing,02,257,0,0.0,0.3331685456228619,0.18507801475833194,0.18348921067527416
P2,R02,testing,02,258,0,0.0,0.3331685456228619,0.18507801475833194,0.18356931447984132
P2,R02,testing,02,259,0,0.0,0.3331685456228619,0.18507801475833194,0.1836473712853192
P2,R02,testing,02,260,0,0.0,0.3331685456228619,0.18507801475833194,0.18372337845110756
P2,R02,testing,02,261,0,0.0,0.3331685456228619,0.18507801475833194,0.18379733340522109
P2,R02,testing,02,262,0,0.0,0.3331685456228619,0.18507801475833194,0.18386923364443428
P2,R02,testing,02,263,0,0.0,0.3331685456228619,0.18507801475833194,0.1839390767344228
P2,R02,testing,02,264,0,0.0,0.3331685456228619,0.18507801475833194,0.1840068603099007
P2,R02,testing,02,265,0,0.0,0.3331685456228619,0.18507801475833194,0.18407258207475408
P2,R02,testing,02,266,0,0.0,0.3331685456228619,0.18507801475833194,0.18413623980217056
P2,R02,testing,02,267,0,0.0,0.3331685456228619,0.18507801475833194,0.18419783133476508
P2,R02,testing,02,268,0,0.0,0.3331685456228619,0.18507801475833194,0.1842573545847019
P2,R02,testing,02,269,0,0.0,0.3331685456228619,0.18507801475833194,0.18431480753381235
P2,R02,testing,02,270,0,0.0,0.3331685456228619,0.18507801475833194,0.18437018823370893
P2,R02,testing,02,271,0,0.0,0.3331685456228619,0.18507801475833194,0.18442349480589554
P2,R02,testing,02,272,0,0.0,0.0,0.17929092812901123,0.1787065026821564
P2,R02,testing,02,273,0,0.0,0.0,0.17929092812901123,0.1787541187108669
P2,R02,testing,02,274,0,0.0,0.0,0.17929092812901123,0.17879972041441586
P2,R02,testing,02,275,0,0.0,0.0,0.17929092812901123,0.17884330624485895
P2,R02,testing,02,276,0,0.0,0.0,0.17929092812901123,0.17888487472243392
P2,R02,testing,02,277,0,0.0,0.0,0.17929092812901123,0.1789244244356444
P2,R02,testing,02,278,0,0.0,0.0,0.17929092812901123,0.17896195404133972
P2,R02,testing,02,279,0,0.0,0.0,0.17929092812901123,0.1789974622647909
P2,R02,testing,02,280,0,0.0,0.0,0.17929092812901123,0.1790309478997629
P2,R02,testing,02,281,0,0.0,0.0,0.17929092812901123,0.17906240980858285
P2,R02,testing,02,282,0,0.0,0.0,0.17929092812901123,0.1790918469222045
P2,R02,testing,02,283,0,0.0,0.0,0.17929092812901123,0.1791192582402687
P2,R02,testing,02,284,0,0.0,0.0,0.17929092812901123,0.17914464283116022
P2,R02,testing,02,285,0,0.0,0.0,0.17929092812901123,0.1791679998320603
P2,R02,testing,02,286,0,0.0,0.0,0.17929092812901123,0.1791893284489957
P2,R02,testing,02,287,0,0.0,0.0,0.17929092812901123,0.17920862795688358
P2,R02,testing,02,288,0,0.0,0.0,0.1719988129631909,0.17193642744939697
P2,R02,testing,02,289,0,0.0,0.0,0.1719988129631909,0.17195104702368638
P2,R02,testing,02,290,0,0.0,0.0,0.1719988129631909,0.17196371832691945
P2,R02,testing,02,291,0,0.0,0.0,0.1719988129631909,0.1719744409282146
P2,R02,testing,02,292,0,0.0,0.0,0.1719988129631909,0.17198321446293852
P2,R02,testing,02,293,0,0.0,0.0,0.1719988129631909,0.1719900386327266
P2,R02,testing,02,294,0,0.0,0.0,0.1719988129631909,0.17199491320550003
P2,R02,testing,02,295,0,0.0,0.0,0.1719988129631909,0.17199783801547872
P2,R02,testing,02,296,0,0.0,0.0,0.1719988129631909,0.1719988129631909
P2,R02,testing,02,297,0,0.0,0.0,0.1719988129631909,0.17199783801547872
P2,R02,testing,02,298,0,0.0,0.0,0.1719988129631909,0.17199491320550003
P2,R02,testing,02,299,0,0.0,0.0,0.1719988129631909,0.1719900386327266
P2,R02,testing,02,300,0,0.0,0.0,0.1719988129631909,0.17198321446293852
P2,R02,testing,02,301,0,0.0,0.0,0.1719988129631909,0.1719744409282146
P2,R02,testing,02,302,0,0.0,0.0,0.1719988129631909,0.17196371832691945
P2,R02,testing,02,303,0,0.0,0.0,0.1719988129631909,0.17195104702368638
P2,R02,testing,02,304,0,0.0,0.0,0.14579339049291337,0.14574050992114101
P2,R02,testing,02,305,0,0.0,0.0,0.14579339049291337,0.14572646674357562
P2,R02,testing,02,306,0,0.0,0.0,0.14579339049291337,0.14571077302878935
P2,R02,testing,02,307,0,0.0,0.0,0.14579339049291337,0.14569342931034254
P2,R02,testing,02,308,0,0.0,0.0,0.14579339049291337,0.1456744361778483
P2,R02,testing,02,309,0,0.0,0.0,0.14579339049291337,0.14565379427693917
P2,R02,testing,02,310,0,0.0,0.0,0.14579339049291337,0.14563150430923044
P2,R02,testing,02,311,0,0.0,0.0,0.14579339049291337,0.14560756703228056
P2,R02,testing,02,312,0,0.0,0.0,0.14579339049291337,0.14558198325954813
P2,R02,testing,02,313,0,0.0,0.0,0.14579339049291337,0.14555475386034583
P2,R02,testing,02,314,0,0.0,0.0,0.14579339049291337,0.14552587975979123
P2,R02,testing,02,315,0,0.0,0.0,0.14579339049291337,0.14549536193875431
P2,R02,testing,02,316,0,0.0,0.0,0.14579339049291337,0.1454632014338021
P2,R02,testing,02,317,0,0.0,0.0,0.14579339049291337,0.14542939933713983
P2,R02,testing,02,318,0,0.0,0.0,0.14579339049291337,0.1453939567965492
P2,R02,testing,02,319,0,0.0,0.0,0.14579339049291337,0.14535687501532338
P2,R02,testing,02,320,0,0.0,0.0,0.10228380347111442,0.1019503942006431
P2,R02,testing,02,321,0,0.0,0.0,0.10228380347111442,0.10192208146825879
P2,R02,testing,02,322,0,0.0,0.0,0.10228380347111442,0.10189262146480904
P2,R02,testing,02,323,0,0.0,0.0,0.10228380347111442,0.1018620151897649
P2,R02,testing,02,324,0,0.0,0.0,0.10228380347111442,0.10183026368128173
P2,R02,testing,02,325,0,0.0,0.0,0.10228380347111442,0.10179736801614046
P2,R02,testing,02,326,0,0.0,0.0,0.10228380347111442,0.1017633293096868
P2,R02,testing,02,327,0,0.0,0.0,0.10228380347111442,0.10172814871576816
P2,R02,testing,02,328,0,0.0,0.0,0.10228380347111442,0.10169182742666845
P2,R02,testing,02,329,0,0.0,0.0,0.10228380347111442,0.10165436667304083
P2,R02,testing,02,330,0,0.0,0.0,0.10228380347111442,0.10161576772383808
P2,R02,testing,02,331,0,0.0,0.0,0.10228380347111442,0.10157603188624109
P2,R02,testing,02,332,0,0.0,0.0,0.10228380347111442,0.101535160505585
P2,R02,testing,02,333,0,0.0,0.0,0.10228380347111442,0.10149315496528329
P2,R02,testing,02,334,0,0.0,0.0,0.10228380347111442,0.10145001668674973
P2,R02,testing,02,335,0,0.0,0.0,0.10228380347111442,0.10140574712931832
P2,R02,testing,02,336,0,0.0,0.0,0.060806866869267825,0.0602578801798232
P2,R02,testing,02,337,0,0.0,0.0,0.060806866869267825,0.060230219918578534
P2,R02,testing,02,338,0,0.0,0.0,0.060806866869267825,0.060201889858927146
P2,R02,testing,02,339,0,0.0,0.0,0.060806866869267825,0.06017289095810209
P2,R02,testing,02,340,0,0.0,0.0,0.060806866869267825,0.06014322419562253
P2,R02,testing,02,341,0,0.0,0.0,0.060806866869267825,0.06011289057323865
P2,R02,testing,02,342,0,0.0,0.0,0.060806866869267825,0.060081891114875274
P2,R02,testing,02,343,0,0.0,0.0,0.060806866869267825,0.06005022686657423
P2,R02,testing,02,344,0,0.0,0.0,0.060806866869267825,0.060017898896435544
P2,R02,testing,02,345,0,0.0,0.0,0.060806866869267825,0.0599849082945574
P2,R02,testing,02,346,0,0.0,0.0,0.060806866869267825,0.05995125617297487
P2,R02,testing,02,347,0,0.0,0.0,0.060806866869267825,0.05991694366559745
P2,R02,testing,02,348,0,0.0,0.0,0.060806866869267825,0.05988197192814536
P2,R02,testing,02,349,0,0.0,0.0,0.060806866869267825,0.05984634213808468
P2,R02,testing,02,350,0,0.0,0.0,0.060806866869267825,0.05981005549456131
P2,R02,testing,02,351,0,0.0,0.0,0.060806866869267825,0.05977311321833368
P2,R02,testing,02,352,0,0.0,0.0,0.03936796411950787,0.038674343759953024
P2,R02,testing,02,353,0,0.0,0.0,0.03936796411950787,0.03864957983827874
P2,R02,testing,02,354,0,0.0,0.0,0.03936796411950787,0.03862439389731773
P2,R02,testing,02,355,0,0.0,0.0,0.03936796411950787,0.038598786782940424
P2,R02,testing,02,356,0,0.0,0.0,0.03936796411950787,0.038572759354780634
P2,R02,testing,02,357,0,0.0,0.0,0.03936796411950787,0.03854631248618743
P2,R02,testing,02,358,0,0.0,0.0,0.03936796411950787,0.038519447064176315
P2,R02,testing,02,359,0,0.0,0.0,0.03936796411950787,0.03849216398937964
P2,R02,testing,02,360,0,0.0,0.0,0.03936796411950787,0.03846446417599629
P2,R02,testing,02,361,0,0.0,0.0,0.03936796411950787,0.03843634855174064
P2,R02,testing,02,362,0,0.0,0.0,0.03936796411950787,0.03840781805779076
P2,R02,testing,02,363,0,0.0,0.0,0.03936796411950787,0.038378873648735934
P2,R02,testing,02,364,0,0.0,0.0,0.03936796411950787,0.038349516292523395
P2,R02,testing,02,365,0,0.0,0.0,0.03936796411950787,0.03831974697040444
P2,R02,testing,02,366,0,0.0,0.0,0.03936796411950787,0.03828956667687971
P2,R02,testing,02,367,0,0.0,0.0,0.03936796411950787,0.03825897641964388
P2,R02,testing,02,368,0,0.0,0.0,0.019021172080051132,0.018470371766180025
P2,R02,testing,02,369,0,0.0,0.0,0.019021172080051132,0.01845519699045335
P2,R02,testing,02,370,0,0.0,0.0,0.019021172080051132,0.01843982563375517
P2,R02,testing,02,371,0,0.0,0.0,0.019021172080051132,0.018424258208192185
P2,R02,testing,02,372,0,0.0,0.0,0.019021172080051132,0.01840849523210715
P2,R02,testing,02,373,0,0.0,0.0,0.019021172080051132,0.018392537230050108
P2,R02,testing,02,374,0,0.0,0.0,0.019021172080051132,0.018376384732749322
P2,R02,testing,02,375,0,0.0,0.0,0.019021172080051132,0.018360038277081846
P2,R02,testing,02,376,0,0.0,0.0,0.019021172080051132,0.018343498406043785
P2,R02,testing,02,377,0,0.0,0.0,0.019021172080051132,0.018326765668720265
P2,R02,testing,02,378,0,0.0,0.0,0.019021172080051132,0.018309840620255036
P2,R02,testing,02,379,0,0.0,0.0,0.019021172080051132,0.018292723821819797
P2,R02,testing,02,380,0,0.0,0.0,0.019021172080051132,0.01827541584058319
P2,R02,testing,02,381,0,0.0,0.0,0.019021172080051132,0.018257917249679477
P2,R02,testing,02,382,0,0.0,0.0,0.019021172080051132,0.018240228628176938
P2,R02,testing,02,383,0,0.0,0.0,0.019021172080051132,0.018222350561045927
P2,R02,testing,02,384,0,0.0,0.0,0.0,0.0
P2,R02,testing,02,385,0,0.0,0.0,0.0,0.0
P2,R02,testing,02,386,0,0.0,0.0,0.0,0.0
P2,R02,testing,02,387,0,0.0,0.0,0.0,0.0
P2,R02,testing,02,388,0,0.0,0.0,0.0,0.0
P2,R02,testing,02,389,0,0.0,0.0,0.0,0.0
P2,R02,testing,02,390,0,0.0,0.0,0.0,0.0
P2,R02,testing,02,391,0,0.0,0.0,0.0,0.0
P2,R02,testing,02,392,0,0.0,0.0,0.0,0.0
P2,R02,testing,02,393,0,0.0,0.0,0.0,0.0
P2,R02,testing,02,394,0,0.0,0.0,0.0,0.0
P2,R02,testing,02,395,0,0.0,0.0,0.0,0.0
P2,R02,testing,02,396,0,0.0,0.0,0.0,0.0
P2,R02,testing,02,397,0,0.0,0.0,0.0,0.0
P2,R02,testing,02,398,0,0.0,0.0,0.0,0.0
P2,R02,testing,02,399,0,0.0,0.0,0.0,0.0
P2,R02,testing,02,400,0,0.0,0.0,0.0,0.0
P2,R02,testing,02,401,0,0.0,0.0,0.0,0.0
P2,R02,testing,02,402,0,0.0,0.0,0.0,0.0
P2,R02,testing,02,403,0,0.0,0.0,0.0,0.0
P2,R02,testing,02,404,0,0.0,0.0,0.0,0.0
P2,R02,testing,02,405,0,0.0,0.0,0.0,0.0
P2,R02,testing,02,406,0,0.0,0.0,0.0,0.0
P2,R02,testing,02,407,0,0.0,0.0,0.0,0.0
P2,R02,testing,02,408,0,0.0,0.0,0.0,0.0
P2,R02,testing,02,409,0,0.0,0.0,0.0,0.0
P2,R02,testing,02,410,0,0.0,0.0,0.0,0.0
P2,R02,testing,02,411,0,0.0,0.0,0.0,0.0
P2,R02,testing,02,412,0,0.0,0.0,0.0,0.0
P2,R02,testing,02,413,0,0.0,0.0,0.0,0.0
P2,R02,testing,02,414,0,0.0,0.0,0.0,0.0
P2,R02,testing,02,415,0,0.0,0.0,0.0,0.0
P2,R02,testing,02,416,0,0.0,0.0,0.0,0.0
P2,R02,testing,02,417,0,0.0,0.0,0.0,0.0
P2,R02,testing,02,418,0,0.0,0.0,0.0,0.0
P2,R02,testing,02,419,0,0.0,0.0,0.0,0.0
P2,R02,testing,02,420,0,0.0,0.0,0.0,0.0
P2,R02,testing,02,421,0,0.0,0.0,0.0,0.0
P2,R02,testing,02,422,0,0.0,0.0,0.0,0.0
P2,R02,testing,02,423,0,0.0,0.0,0.0,0.0
P2,R02,testing,02,424,0,0.0,0.0,0.0,0.0
P2,R02,testing,02,425,0,0.0,0.0,0.0,0.0
P2,R02,testing,02,426,0,0.0,0.0,0.0,0.0
P2,R02,testing,02,427,0,0.0,0.0,0.0,0.0
P2,R02,testing,02,428,0,0.0,0.0,0.0,0.0
P2,R02,testing,02,429,0,0.0,0.0,0.0,0.0
P2,R02,testing,02,430,0,0.0,0.0,0.0,0.0
P2,R02,testing,02,431,0,0.0,0.0,0.0,0.0
P2,R02,testing,02,432,0,0.0,0.0,0.0,0.0
P2,R02,testing,02,433,0,0.0,0.0,0.0,0.0
P2,R02,testing,02,434,0,0.0,0.0,0.0,0.0
P2,R02,testing,02,435,0,0.0,0.0,0.0,0.0
P2,R02,testing,02,436,0,0.0,0.0,0.0,0.0
P2,R02,testing,02,437,0,0.0,0.0,0.0,0.0
P2,R02,testing,02,438,0,0.0,0.0,0.0,0.0
P2,R02,testing,02,439,0,0.0,0.0,0.0,0.0
P2,R02,testing,02,440,0,0.0,0.0,0.0,0.0
P2,R02,testing,02,441,0,0.0,0.0,0.0,0.0
P2,R02,testing,02,442,0,0.0,0.0,0.0,0.0
P2,R02,testing,02,443,0,0.0,0.0,0.0,0.0
P2,R02,testing,02,444,0,0.0,0.0,0.0,0.0
P2,R02,testing,02,445,0,0.0,0.0,0.0,0.0
P2,R02,testing,02,446,0,0.0,0.0,0.0,0.0
P2,R02,testing,02,447,0,0.0,0.0,0.0,0.0
P2,R02,testing,02,448,0,0.0,0.0,0.0,0.0
P2,R02,testing,02,449,0,0.0,0.0,0.0,0.0
P2,R02,testing,02,450,0,0.0,0.0,0.0,0.0
P2,R02,testing,02,451,0,0.0,0.0,0.0,0.0
P2,R02,testing,02,452,0,0.0,0.0,0.0,0.0
P2,R02,testing,02,453,0,0.0,0.0,0.0,0.0
P2,R02,testing,02,454,0,0.0,0.0,0.0,0.0
P2,R02,testing,02,455,0,0.0,0.0,0.0,0.0
P2,R02,testing,02,456,0,0.0,0.0,0.0,0.0
P2,R02,testing,02,457,0,0.0,0.0,0.0,0.0
P2,R02,testing,02,458,0,0.0,0.0,0.0,0.0
P2,R02,testing,02,459,0,0.0,0.0,0.0,0.0
P2,R02,testing,02,460,0,0.0,0.0,0.0,0.0
P2,R02,testing,02,461,0,0.0,0.0,0.0,0.0
P2,R02,testing,02,462,0,0.0,0.0,0.0,0.0
P2,R02,testing,02,463,0,0.0,0.0,0.0,0.0
P2,R02,testing,02,464,0,0.0,0.0,0.0,0.0
P2,R02,testing,02,465,0,0.0,0.0,0.0,0.0
P2,R02,testing,02,466,0,0.0,0.0,0.0,0.0
P2,R02,testing,02,467,0,0.0,0.0,0.0,0.0
P2,R02,testing,02,468,0,0.0,0.0,0.0,0.0
P2,R02,testing,02,469,0,0.0,0.0,0.0,0.0
P2,R02,testing,02,470,0,0.0,0.0,0.0,0.0
P2,R02,testing,02,471,0,0.0,0.0,0.0,0.0
P2,R02,testing,02,472,0,0.0,0.0,0.0,0.0
P2,R02,testing,02,473,0,0.0,0.0,0.0,0.0
P2,R02,testing,02,474,0,0.0,0.0,0.0,0.0
P2,R02,testing,02,475,0,0.0,0.0,0.0,0.0
P2,R02,testing,02,476,0,0.0,0.0,0.0,0.0
P2,R02,testing,02,477,0,0.0,0.0,0.0,0.0
P2,R02,testing,02,478,0,0.0,0.0,0.0,0.0
P2,R02,testing,02,479,0,0.0,0.0,0.0,0.0
P2,R02,testing,02,480,0,0.0,0.0,0.0,0.0
P2,R02,testing,02,481,0,0.0,0.0,0.0,0.0
P2,R02,testing,02,482,0,0.0,0.0,0.0,0.0
P2,R02,testing,02,483,0,0.0,0.0,0.0,0.0
P2,R02,testing,02,484,0,0.0,0.0,0.0,0.0
P2,R02,testing,02,485,0,0.0,0.0,0.0,0.0
P2,R02,testing,02,486,0,0.0,0.0,0.0,0.0
P2,R02,testing,02,487,0,0.0,0.0,0.0,0.0
P2,R02,testing,02,488,0,0.0,0.0,0.0,0.0
P2,R02,testing,02,489,0,0.0,0.0,0.0,0.0
P2,R02,testing,02,490,0,0.0,0.0,0.0,0.0
P2,R02,testing,02,491,0,0.0,0.0,0.0,0.0
P2,R02,testing,02,492,0,0.0,0.0,0.0,0.0
P2,R02,testing,02,493,0,0.0,0.0,0.0,0.0
P2,R02,testing,02,494,0,0.0,0.0,0.0,0.0
P2,R02,testing,02,495,0,0.0,0.0,0.0,0.0
P2,R02,testing,02,496,0,0.0,0.0,0.0,0.0
P2,R02,testing,02,497,0,0.0,0.0,0.0,0.0
P2,R02,testing,02,498,0,0.0,0.0,0.0,0.0
P2,R02,testing,02,499,0,0.0,0.0,0.0,0.0
P2,R02,testing,02,500,0,0.0,0.0,0.0,0.0
P2,R02,testing,02,501,0,0.0,0.0,0.0,0.0
P2,R02,testing,02,502,0,0.0,0.0,0.0,0.0
P2,R02,testing,02,503,0,0.0,0.0,0.0,0.0
P2,R02,testing,02,504,0,0.0,0.0,0.0,0.0
P2,R02,testing,02,505,0,0.0,0.0,0.0,0.0
P2,R02,testing,02,506,0,0.0,0.0,0.0,0.0
P2,R02,testing,02,507,0,0.0,0.0,0.0,0.0
P2,R02,testing,02,508,0,0.0,0.0,0.0,0.0
P2,R02,testing,02,509,0,0.0,0.0,0.0,0.0
P2,R02,testing,02,510,0,0.0,0.0,0.0,0.0
P2,R02,testing,02,511,0,0.0,0.0,0.0,0.0
P2,R02,testing,02,512,0,0.0,0.0,0.0,0.0
P2,R02,testing,02,513,0,0.0,0.0,0.0,0.0
P2,R02,testing,02,514,0,0.0,0.0,0.0,0.0
P2,R02,testing,02,515,0,0.0,0.0,0.0,0.0
P2,R02,testing,02,516,0,0.0,0.0,0.0,0.0
P2,R02,testing,02,517,0,0.0,0.0,0.0,0.0
P2,R02,testing,02,518,0,0.0,0.0,0.0,0.0
P2,R02,testing,02,519,0,0.0,0.0,0.0,0.0
P2,R02,testing,02,520,0,0.0,0.0,0.0,0.0
P2,R02,testing,02,521,0,0.0,0.0,0.0,0.0
P2,R02,testing,02,522,0,0.0,0.0,0.0,0.0
P2,R02,testing,02,523,0,0.0,0.0,0.0,0.0
P2,R02,testing,02,524,0,0.0,0.0,0.0,0.0
P2,R02,testing,02,525,0,0.0,0.0,0.0,0.0
P2,R02,testing,02,526,0,0.0,0.0,0.0,0.0
P2,R02,testing,02,527,0,0.0,0.0,0.0,0.0
P2,R02,testing,02,528,0,0.0,0.0,0.0,0.0
P2,R02,testing,02,529,0,0.0,0.0,0.0,0.0
P2,R02,testing,02,530,0,0.0,0.0,0.0,0.0
P2,R02,testing,02,531,0,0.0,0.0,0.0,0.0
P2,R02,testing,02,532,0,0.0,0.0,0.0,0.0
P2,R02,testing,02,533,0,0.0,0.0,0.0,0.0
P2,R02,testing,02,534,0,0.0,0.0,0.0,0.0
P2,R02,testing,02,535,0,0.0,0.0,0.0,0.0
P2,R02,testing,02,536,0,0.0,0.0,0.0,0.0
P2,R02,testing,02,537,0,0.0,0.0,0.0,0.0
P2,R02,testing,02,538,0,0.0,0.0,0.0,0.0
P2,R02,testing,02,539,0,0.0,0.0,0.0,0.0
P2,R02,testing,02,540,0,0.0,0.0,0.0,0.0
P2,R02,testing,02,541,0,0.0,0.0,0.0,0.0
P2,R02,testing,02,542,0,0.0,0.0,0.0,0.0
P2,R02,testing,02,543,0,0.0,0.0,0.0,0.0
P2,R02,testing,02,544,0,0.0,0.0,0.0,0.0
P2,R02,testing,02,545,0,0.0,0.0,0.0,0.0
P2,R02,testing,02,546,0,0.0,0.0,0.0,0.0
P2,R02,testing,02,547,0,0.0,0.0,0.0,0.0
P2,R02,testing,02,548,0,0.0,0.0,0.0,0.0
P2,R02,testing,02,549,0,0.0,0.0,0.0,0.0
P2,R02,testing,02,550,0,0.0,0.0,0.0,0.0
P2,R02,testing,02,551,0,0.0,0.0,0.0,0.0
P2,R02,testing,02,552,0,0.0,0.0,0.0,0.0
P2,R02,testing,02,553,0,0.0,0.0,0.0,0.0
P2,R02,testing,02,554,0,0.0,0.0,0.0,0.0
P2,R02,testing,02,555,0,0.0,0.0,0.0,0.0
P2,R02,testing,02,556,0,0.0,0.0,0.0,0.0
P2,R02,testing,02,557,0,0.0,0.0,0.0,0.0
P2,R02,testing,02,558,0,0.0,0.0,0.0,0.0
P2,R02,testing,02,559,0,0.0,0.0,0.0,0.0
P2,R02,testing,02,560,0,0.0,0.0,0.0,0.0
P2,R02,testing,02,561,0,0.0,0.0,0.0,0.0
P2,R02,testing,02,562,0,0.0,0.0,0.0,0.0
P2,R02,testing,02,563,0,0.0,0.0,0.0,0.0
P2,R02,testing,02,564,0,0.0,0.0,0.0,0.0
P2,R02,testing,02,565,0,0.0,0.0,0.0,0.0
P2,R02,testing,02,566,0,0.0,0.0,0.0,0.0
P2,R02,testing,02,567,0,0.0,0.0,0.0,0.0
P2,R02,testing,02,568,0,0.0,0.0,0.0,0.0
P2,R02,testing,02,569,0,0.0,0.0,0.0,0.0
P2,R02,testing,02,570,0,0.0,0.0,0.0,0.0
P2,R02,testing,02,571,0,0.0,0.0,0.0,0.0
P2,R02,testing,02,572,0,0.0,0.0,0.0,0.0
P2,R02,testing,02,573,0,0.0,0.0,0.0,0.0
P2,R02,testing,02,574,0,0.0,0.0,0.0,0.0
P2,R02,testing,02,575,0,0.0,0.0,0.0,0.0
P2,R02,testing,02,576,0,0.0,0.0,0.0,0.0
P2,R02,testing,02,577,0,0.0,0.0,0.0,0.0
P2,R02,testing,02,578,0,0.0,0.0,0.0,0.0
P2,R02,testing,02,579,0,0.0,0.0,0.0,0.0
P2,R02,testing,02,580,0,0.0,0.0,0.0,0.0
P2,R02,testing,02,581,0,0.0,0.0,0.0,0.0
P2,R02,testing,02,582,0,0.0,0.0,0.0,0.0
P2,R02,testing,02,583,0,0.0,0.0,0.0,0.0
P2,R02,testing,02,584,0,0.0,0.0,0.0,0.0
P2,R02,testing,02,585,0,0.0,0.0,0.0,0.0
P2,R02,testing,02,586,0,0.0,0.0,0.0,0.0
P2,R02,testing,02,587,0,0.0,0.0,0.0,0.0
P2,R02,testing,02,588,0,0.0,0.0,0.0,0.0
P2,R02,testing,02,589,0,0.0,0.0,0.0,0.0
P2,R02,testing,02,590,0,0.0,0.0,0.0,0.0
P2,R02,testing,02,591,0,0.0,0.0,0.0,0.0
P2,R02,testing,02,592,0,0.0,0.0,0.0,0.0
P2,R02,testing,02,593,0,0.0,0.0,0.0,0.0
P2,R02,testing,02,594,0,0.0,0.0,0.0,0.0
P3,R02,testing,02,0,0,0.0,0.0,0.0,0.0
P3,R02,testing,02,1,0,0.0,0.0,0.0,0.0
P3,R02,testing,02,2,0,0.0,0.0,0.0,0.0
P3,R02,testing,02,3,0,0.0,0.0,0.0,0.0
P3,R02,testing,02,4,0,0.0,0.0,0.0,0.0
P3,R02,testing,02,5,0,0.0,0.0,0.0,0.0
P3,R02,testing,02,6,0,0.0,0.0,0.0,0.0
P3,R02,testing,02,7,0,0.0,0.0,0.0,0.0
P3,R02,testing,02,8,0,0.0,0.0,0.0,0.0
P3,R02,testing,02,9,0,0.0,0.0,0.0,0.0
P3,R02,testing,02,10,0,0.0,0.0,0.0,0.0
P3,R02,testing,02,11,0,0.0,0.0,0.0,0.0
P3,R02,testing,02,12,0,0.0,0.0,0.0,0.0
P3,R02,testing,02,13,0,0.0,0.0,0.0,0.0
P3,R02,testing,02,14,0,0.0,0.0,0.0,0.0
P3,R02,testing,02,15,0,0.0,0.0,0.0,0.0
P3,R02,testing,02,16,0,0.0,0.0,0.0,0.0
P3,R02,testing,02,17,0,0.0,0.0,0.0,0.0
P3,R02,testing,02,18,0,0.0,0.0,0.0,0.0
P3,R02,testing,02,19,0,0.0,0.0,0.0,0.0
P3,R02,testing,02,20,0,0.0,0.0,0.0,0.0
P3,R02,testing,02,21,0,0.0,0.0,0.0,0.0
P3,R02,testing,02,22,0,0.0,0.0,0.0,0.0
P3,R02,testing,02,23,0,0.0,0.0,0.0,0.0
P3,R02,testing,02,24,0,0.0,0.0,0.0,0.0
P3,R02,testing,02,25,0,0.0,0.0,0.0,0.0
P3,R02,testing,02,26,0,0.0,0.0,0.0,0.0
P3,R02,testing,02,27,0,0.0,0.0,0.0,0.0
P3,R02,testing,02,28,0,0.0,0.0,0.0,0.0
P3,R02,testing,02,29,0,0.0,0.0,0.0,0.0
P3,R02,testing,02,30,0,0.0,0.0,0.0,0.0
P3,R02,testing,02,31,0,0.0,0.0,0.0,0.0
P3,R02,testing,02,32,0,0.0,0.0,0.019013811114062272,0.012808434349093307
P3,R02,testing,02,33,0,0.0,0.0,0.019013811114062272,0.012846753210518723
P3,R02,testing,02,34,0,0.0,0.0,0.019013811114062272,0.012885040635269525
P3,R02,testing,02,35,0,0.0,0.0,0.019013811114062272,0.012923295660258708
P3,R02,testing,02,36,0,0.0,0.0,0.019013811114062272,0.012961517320637998
P3,R02,testing,02,37,0,0.0,0.0,0.019013811114062272,0.012999704649836432
P3,R02,testing,02,38,0,0.0,0.0,0.019013811114062272,0.013037856679599169
P3,R02,testing,02,39,0,0.0,0.0,0.019013811114062272,0.013075972440026494
P3,R02,testing,02,40,0,0.0,0.0,0.019013811114062272,0.013114050959613033
P3,R02,testing,02,41,0,0.0,0.0,0.019013811114062272,0.01315209126528719
P3,R02,testing,02,42,0,0.0,0.0,0.019013811114062272,0.013190092382450759
P3,R02,testing,02,43,0,0.0,0.0,0.019013811114062272,0.013228053335018773
P3,R02,testing,02,44,0,0.0,0.0,0.019013811114062272,0.013265973145459518
P3,R02,testing,02,45,0,0.0,0.0,0.019013811114062272,0.013303850834834768
P3,R02,testing,02,46,0,0.0,0.0,0.019013811114062272,0.01334168542284021
P3,R02,testing,02,47,0,0.0,0.0,0.019013811114062272,0.013379475927846052
P3,R02,testing,02,48,0,0.0,0.0,0.020290760118308014,0.014318308863888133
P3,R02,testing,02,49,0,0.0,0.0,0.020290760118308014,0.01435854010709418
P3,R02,testing,02,50,0,0.0,0.0,0.020290760118308014,0.014398721156013664
P3,R02,testing,02,51,0,0.0,0.0,0.020290760118308014,0.014438850957871003
P3,R02,testing,02,52,0,0.0,0.0,0.020290760118308014,0.014478928458695865
P3,R02,testing,02,53,0,0.0,0.0,0.020290760118308014,0.014518952603367689
P3,R02,testing,02,54,0,0.0,0.0,0.020290760118308014,0.014558922335660395
P3,R02,testing,02,55,0,0.0,0.0,0.020290760118308014,0.014598836598287302
P3,R02,testing,02,56,0,0.0,0.0,0.020290760118308014,0.014638694332946208
P3,R02,testing,02,57,0,0.0,0.0,0.020290760118308014,0.014678494480364674
P3,R02,testing,02,58,0,0.0,0.0,0.020290760118308014,0.014718235980345466
P3,R02,testing,02,59,0,0.0,0.0,0.020290760118308014,0.014757917771812186
P3,R02,testing,02,60,0,0.0,0.0,0.020290760118308014,0.014797538792855069
P3,R02,testing,02,61,0,0.0,0.0,0.020290760118308014,0.01483709798077696
P3,R02,testing,02,62,0,0.0,0.0,0.020290760118308014,0.014876594272139452
P3,R02,testing,02,63,0,0.0,0.0,0.020290760118308014,0.01491602660280919
P3,R02,testing,02,64,0,0.0,0.0,0.040417797236652286,0.029790115059444545
P3,R02,testing,02,65,0,0.0,0.0,0.040417797236652286,0.029868400372708357
P3,R02,testing,02,66,0,0.0,0.0,0.040417797236652286,0.029946551914255947
P3,R02,testing,02,67,0,0.0,0.0,0.040417797236652286,0.03002456755979859
P3,R02,testing,02,68,0,0.0,0.0,0.040417797236652286,0.030102445184129235
P3,R02,testing,02,69,0,0.0,0.0,0.040417797236652286,0.03018018266121658
P3,R02,testing,02,70,0,0.0,0.0,0.040417797236652286,0.03025777786429951
P3,R02,testing,02,71,0,0.0,0.0,0.040417797236652286,0.030335228665981737
P3,R02,testing,02,72,0,0.0,0.0,0.040417797236652286,0.0304125329383268
P3,R02,testing,02,73,0,0.0,0.0,0.040417797236652286,0.030489688552953267
P3,R02,testing,02,74,0,0.0,0.0,0.040417797236652286,0.030566693381130248
P3,R02,testing,02,75,0,0.0,0.0,0.040417797236652286,0.030643545293873184
P3,R02,testing,02,76,0,0.0,0.0,0.040417797236652286,0.030720242162039835
P3,R02,testing,02,77,0,0.0,0.0,0.040417797236652286,0.030796781856426567
P3,R02,testing,02,78,0,0.0,0.0,0.040417797236652286,0.030873162247864894
P3,R02,testing,02,79,0,0.0,0.0,0.040417797236652286,0.030949381207318195
P3,R02,testing,02,80,0,0.0,0.0,0.08069680056252221,0.06194433248053015
P3,R02,testing,02,81,0,0.0,0.0,0.08069680056252221,0.06209585129555176
P3,R02,testing,02,82,0,0.0,0.0,0.08069680056252221,0.062247035052189745
P3,R02,testing,02,83,0,0.0,0.0,0.08069680056252221,0.06239787950267618
P3,R02,testing,02,84,0,0.0,0.0,0.08069680056252221,0.06254838040047912
P3,R02,testing,02,85,0,0.0,0.0,0.08069680056252221,0.06269853350049841
P3,R02,testing,02,86,0,0.0,0.0,0.08069680056252221,0.06284833455926182
P3,R02,testing,02,87,0,0.0,0.0,0.08069680056252221,0.06299777933512166
P3,R02,testing,02,88,0,0.0,0.0,0.08069680056252221,0.06314686358845169
P3,R02,testing,02,89,0,0.0,0.0,0.08069680056252221,0.06329558308184438
P3,R02,testing,02,90,0,0.0,0.0,0.08069680056252221,0.06344393358030861
P3,R02,testing,02,91,0,0.0,0.0,0.08069680056252221,0.06359191085146759
P3,R02,testing,02,92,0,0.0,0.0,0.08069680056252221,0.0637395106657571
P3,R02,testing,02,93,0,0.0,0.0,0.08069680056252221,0.06388672879662413
P3,R02,testing,02,94,0,0.0,0.0,0.08069680056252221,0.0640335610207257
P3,R02,testing,02,95,0,0.0,0.0,0.08069680056252221,0.06418000311812805
P3,R02,testing,02,96,0,0.0,0.0,0.12325646461859235,0.09825174676259806
P3,R02,testing,02,97,0,0.0,0.0,0.12325646461859235,0.09847421165833131
P3,R02,testing,02,98,0,0.0,0.0,0.12325646461859235,0.09869606137139908
P3,R02,testing,02,99,0,0.0,0.0,0.12325646461859235,0.09891728948014407
P3,R02,testing,02,100,0,0.0,0.0,0.12325646461859235,0.09913788956964278
P3,R02,testing,02,101,0,0.0,0.0,0.12325646461859235,0.09935785523201189
P3,R02,testing,02,102,0,0.0,0.0,0.12325646461859235,0.09957718006671475
P3,R02,testing,02,103,0,0.0,0.0,0.12325646461859235,0.09979585768086828
P3,R02,testing,02,104,0,0.0,0.0,0.12325646461859235,0.10001388168955014
P3,R02,testing,02,105,0,0.0,0.0,0.12325646461859235,0.10023124571610602
P3,R02,testing,02,106,0,0.0,0.0,0.12325646461859235,0.10044794339245709
P3,R02,testing,02,107,0,0.0,0.0,0.12325646461859235,0.10066396835940795
P3,R02,testing,02,108,0,0.0,0.0,0.12325646461859235,0.10087931426695428
P3,R02,testing,02,109,0,0.0,0.0,0.12325646461859235,0.10109397477459092
P3,R02,testing,02,110,0,0.0,0.0,0.12325646461859235,0.10130794355162014
P3,R02,testing,02,111,0,0.0,0.0,0.12325646461859235,0.10152121427745978
P3,R02,testing,02,112,0,0.0,0.0,0.14869001639095214,0.12272619986281465
P3,R02,testing,02,113,0,0.0,0.0,0.14869001639095214,0.12298177126960314
P3,R02,testing,02,114,0,0.0,0.0,0.14869001639095214,0.12323647778721498
P3,R02,testing,02,115,0,0.0,0.0,0.14869001639095214,0.12349031184336917
P3,R02,testing,02,116,0,0.0,0.0,0.14869001639095214,0.12374326587984782
P3,R02,testing,02,117,0,0.0,0.0,0.14869001639095214,0.12399533235286823
P3,R02,testing,02,118,0,0.0,0.0,0.14869001639095214,0.12424650373345493
P3,R02,testing,02,119,0,0.0,0.0,0.14869001639095214,0.12449677250781152
P3,R02,testing,02,120,0,0.0,0.0,0.14869001639095214,0.12474613117769255
P3,R02,testing,02,121,0,0.0,0.0,0.14869001639095214,0.1249945722607752
P3,R02,testing,02,122,0,0.0,0.0,0.14869001639095214,0.1252420882910308
P3,R02,testing,02,123,0,0.0,0.0,0.14869001639095214,0.12548867181909618
P3,R02,testing,02,124,0,0.0,0.0,0.14869001639095214,0.12573431541264476
P3,R02,testing,02,125,0,0.0,0.0,0.14869001639095214,0.12597901165675757
P3,R02,testing,02,126,0,0.0,0.0,0.14869001639095214,0.1262227531542937
P3,R02,testing,02,127,0,0.0,0.0,0.14869001639095214,0.12646553252626097
P3,R02,testing,02,128,0,0.0,0.0,0.1744628695045625,0.14866987764937922
P3,R02,testing,02,129,0,0.0,0.0,0.1744628695045625,0.14895245496991366
P3,R02,testing,02,130,0,0.0,0.0,0.1744628695045625,0.14923387755504972
P3,R02,testing,02,131,0,0.0,0.0,0.1744628695045625,0.14951413683628878
P3,R02,testing,02,132,0,0.0,0.0,0.1744628695045625,0.14979322426859318
P3,R02,testing,02,133,0,0.0,0.0,0.1744628695045625,0.1500711313308182
P3,R02,testing,02,134,0,0.0,0.0,0.1744628695045625,0.1503478495261433
P3,R02,testing,02,135,0,0.0,0.0,0.1744628695045625,0.15062337038250298
P3,R02,testing,02,136,0,0.0,0.0,0.1744628695045625,0.15089768545301693
P3,R02,testing,02,137,0,0.0,0.0,0.1744628695045625,0.15117078631641964
P3,R02,testing,02,138,0,0.0,0.0,0.1744628695045625,0.15144266457748914
P3,R02,testing,02,139,0,0.0,0.0,0.1744628695045625,0.15171331186747536
P3,R02,testing,02,140,0,0.0,0.0,0.1744628695045625,0.15198271984452733
P3,R02,testing,02,141,0,0.0,0.0,0.1744628695045625,0.1522508801941201
P3,R02,testing,02,142,0,0.0,0.0,0.1744628695045625,0.15251778462948046
P3,R02,testing,02,143,0,0.0,0.0,0.1744628695045625,0.15278342489201213
P3,R02,testing,02,144,0,0.0,0.33303961338237925,0.20019219351977213,0.17561887770924825
P3,R02,testing,02,145,0,0.0,0.33303961338237925,0.20019219351977213,0.17592076438002197
P3,R02,testing,02,146,0,0.0,0.33303961338237925,0.20019219351977213,0.1762211722102911
P3,R02,testing,02,147,0,0.0,0.33303961338237925,0.20019219351977213,0.17652009185769027
P3,R02,testing,02,148,0,0.0,0.33303961338237925,0.20019219351977213,0.1768175140146099
P3,R02,testing,02,149,0,0.0,0.33303961338237925,0.20019219351977213,0.17711342940867755
P3,R02,testing,02,150,0,0.0,0.33303961338237925,0.20019219351977213,0.17740782880323816
P3,R02,testing,02,151,0,0.0,0.33303961338237925,0.20019219351977213,0.17770070299783305
P3,R02,testing,02,152,0,0.0,0.33303961338237925,0.20019219351977213,0.17799204282867756
P3,R02,testing,02,153,0,0.0,0.33303961338237925,0.20019219351977213,0.17828183916913753
P3,R02,testing,02,154,0,0.0,0.33303961338237925,0.20019219351977213,0.17857008293020452
P3,R02,testing,02,155,0,0.0,0.33303961338237925,0.20019219351977213,0.17885676506096926
P3,R02,testing,02,156,0,0.0,0.33303961338237925,0.20019219351977213,0.17914187654909436
P3,R02,testing,02,157,0,0.0,0.33303961338237925,0.20019219351977213,0.179425408421285
P3,R02,testing,02,158,0,0.0,0.33303961338237925,0.20019219351977213,0.17970735174375846
P3,R02,testing,02,159,0,0.0,0.33303961338237925,0.20019219351977213,0.1799876976227121
P3,R02,testing,02,160,0,0.0,0.0,0.20661936926380167,0.1860538960077268
P3,R02,testing,02,161,0,0.0,0.0,0.20661936926380167,0.18633991756911703
P3,R02,testing,02,162,0,0.0,0.0,0.20661936926380167,0.1866242631153932
P3,R02,testing,02,163,0,0.0,0.0,0.20661936926380167,0.18690692363706934
P3,R02,testing,02,164,0,0.0,0.0,0.20661936926380167,0.18718789016831378
P3,R02,testing,02,165,0,0.0,0.0,0.20661936926380167,0.187467153787422
P3,R02,testing,02,166,0,0.0,0.0,0.20661936926380167,0.18774470561728798
P3,R02,testing,02,167,0,0.0,0.0,0.20661936926380167,0.1880205368258735
P3,R02,testing,02,168,0,0.0,0.0,0.20661936926380167,0.18829463862667573
P3,R02,testing,02,169,0,0.0,0.0,0.20661936926380167,0.18856700227919268
P3,R02,testing,02,170,0,0.0,0.0,0.20661936926380167,0.18883761908938718
P3,R02,testing,02,171,0,0.0,0.0,0.20661936926380167,0.18910648041014844
P3,R02,testing,02,172,0,0.0,0.0,0.20661936926380167,0.18937357764175172
P3,R02,testing,02,173,0,0.0,0.0,0.20661936926380167,0.1896389022323163
P3,R02,testing,02,174,0,0.0,0.0,0.20661936926380167,0.18990244567826084
P3,R02,testing,02,175,0,0.0,0.0,0.20661936926380167,0.1901641995247571
P3,R02,testing,02,176,0,0.0,0.33244362445532405,0.21121282520401477,0.19465756760988093
P3,R02,testing,02,177,0,0.0,0.33244362445532405,0.21121282520401477,0.19492145613722833
P3,R02,testing,02,178,0,0.0,0.33244362445532405,0.21121282520401477,0.1951834896549196
P3,R02,testing,02,179,0,0.0,0.33244362445532405,0.21121282520401477,0.19544365972410288
P3,R02,testing,02,180,0,0.0,0.33244362445532405,0.21121282520401477,0.19570195795804807
P3,R02,testing,02,181,0,0.0,0.33244362445532405,0.21121282520401477,0.19595837602259675
P3,R02,testing,02,182,0,0.0,0.33244362445532405,0.21121282520401477,0.19621290563660992
P3,R02,testing,02,183,0,0.0,0.33244362445532405,0.21121282520401477,0.1964655385724132
P3,R02,testing,02,184,0,0.0,0.33244362445532405,0.21121282520401477,0.19671626665623948
P3,R02,testing,02,185,0,0.0,0.33244362445532405,0.21121282520401477,0.1969650817686695
P3,R02,testing,02,186,0,0.0,0.33244362445532405,0.21121282520401477,0.19721197584506933
P3,R02,testing,02,187,0,0.0,0.33244362445532405,0.21121282520401477,0.19745694087602578
P3,R02,testing,02,188,0,0.0,0.33244362445532405,0.21121282520401477,0.19769996890777905
P3,R02,testing,02,189,0,0.0,0.33244362445532405,0.21121282520401477,0.1979410520426526
P3,R02,testing,02,190,0,0.0,0.33244362445532405,0.21121282520401477,0.1981801824394808
P3,R02,testing,02,191,0,0.0,0.33244362445532405,0.21121282520401477,0.19841735231403326
P3,R02,testing,02,192,0,0.0,0.6659035696340838,0.21384264695616415,0.2011259871079265
P3,R02,testing,02,193,0,0.0,0.6659035696340838,0.21384264695616415,0.20136211672036344
P3,R02,testing,02,194,0,0.0,0.6659035696340838,0.21384264695616415,0.20159623810662908
P3,R02,testing,02,195,0,0.0,0.6659035696340838,0.21384264695616415,0.2018283436203931
P3,R02,testing,02,196,0,0.0,0.6659035696340838,0.21384264695616415,0.20205842567507754
P3,R02,testing,02,197,0,0.0,0.6659035696340838,0.21384264695616415,0.20228647674426997
P3,R02,testing,02,198,0,0.0,0.6659035696340838,0.21384264695616415,0.20251248936213342
P3,R02,testing,02,199,0,0.0,0.6659035696340838,0.21384264695616415,0.20273645612381352
P3,R02,testing,02,200,0,0.0,0.6659035696340838,0.21384264695616415,0.2029583696858426
P3,R02,testing,02,201,0,0.0,0.6659035696340838,0.21384264695616415,0.20317822276654093
P3,R02,testing,02,202,0,0.0,0.6659035696340838,0.21384264695616415,0.20339600814641443
P3,R02,testing,02,203,0,0.0,0.6659035696340838,0.21384264695616415,0.2036117186685498
P3,R02,testing,02,204,0,0.0,0.6659035696340838,0.21384264695616415,0.2038253472390063
P3,R02,testing,02,205,0,0.0,0.6659035696340838,0.21384264695616415,0.20403688682720433
P3,R02,testing,02,206,0,0.0,0.6659035696340838,0.21384264695616415,0.20424633046631094
P3,R02,testing,02,207,0,0.0,0.6659035696340838,0.21384264695616415,0.20445367125362196
P3,R02,testing,02,208,0,1.0,0.6666897351709513,0.25253096434240885,0.24168570071308812
P3,R02,testing,02,209,0,1.0,0.6666897351709513,0.25253096434240885,0.24192556275711863
P3,R02,testing,02,210,0,1.0,0.6666897351709513,0.25253096434240885,0.24216291750656163
P3,R02,testing,02,211,0,1.0,0.6666897351709513,0.25253096434240885,0.24239775711723993
P3,R02,testing,02,212,0,1.0,0.6666897351709513,0.25253096434240885,0.24263007382290616
P3,R02,testing,02,213,0,1.0,0.6666897351709513,0.25253096434240885,0.24285985993567072
P3,R02,testing,02,214,0,1.0,0.6666897351709513,0.25253096434240885,0.24308710784642584
P3,R02,testing,02,215,0,1.0,0.6666897351709513,0.25253096434240885,0.2433118100252652
P3,R02,testing,02,216,0,1.0,0.6666897351709513,0.25253096434240885,0.24353395902189975
P3,R02,testing,02,217,0,1.0,0.6666897351709513,0.25253096434240885,0.24375354746606936
P3,R02,testing,02,218,0,1.0,0.6666897351709513,0.25253096434240885,0.24397056806795006
P3,R02,testing,02,219,0,1.0,0.6666897351709513,0.25253096434240885,0.24418501361855752
P3,R02,testing,02,220,0,1.0,0.6666897351709513,0.25253096434240885,0.2443968769901459
P3,R02,testing,02,221,0,1.0,0.6666897351709513,0.25253096434240885,0.24460615113660267
P3,R02,testing,02,222,0,1.0,0.6666897351709513,0.25253096434240885,0.24481282909383917
P3,R02,testing,02,223,0,1.0,0.6666897351709513,0.25253096434240885,0.2450169039801767
P3,R02,testing,02,224,0,0.0,0.332982102238268,0.29171115516338336,0.2832640103109268
P3,R02,testing,02,225,0,0.0,0.332982102238268,0.29171115516338336,0.28349371008526714
P3,R02,testing,02,226,0,0.0,0.332982102238268,0.29171115516338336,0.2837203796495839
P3,R02,testing,02,227,0,0.0,0.332982102238268,0.29171115516338336,0.28394401143964915
P3,R02,testing,02,228,0,0.0,0.332982102238268,0.29171115516338336,0.28416459798858495
P3,R02,testing,02,229,0,0.0,0.332982102238268,0.29171115516338336,0.2843821319272795
P3,R02,testing,02,230,0,0.0,0.332982102238268,0.29171115516338336,0.2845966059847968
P3,R02,testing,02,231,0,0.0,0.332982102238268,0.29171115516338336,0.284808012988782
P3,R02,testing,02,232,0,0.0,0.332982102238268,0.29171115516338336,0.2850163458658609
P3,R02,testing,02,233,0,0.0,0.332982102238268,0.29171115516338336,0.2852215976420344
P3,R02,testing,02,234,0,0.0,0.332982102238268,0.29171115516338336,0.2854237614430679
P3,R02,testing,02,235,0,0.0,0.332982102238268,0.29171115516338336,0.28562283049487414
P3,R02,testing,02,236,0,0.0,0.332982102238268,0.29171115516338336,0.28581879812389244
P3,R02,testing,02,237,0,0.0,0.332982102238268,0.29171115516338336,0.2860116577574609
P3,R02,testing,02,238,0,0.0,0.332982102238268,0.29171115516338336,0.28620140292418395
P3,R02,testing,02,239,0,0.0,0.332982102238268,0.29171115516338336,0.2863880272542944
P3,R02,testing,02,240,0,1.0,0.33401239097806407,0.3311744147363139,0.3253394846919904
P3,R02,testing,02,241,0,1.0,0.33401239097806407,0.3311744147363139,0.32554424863902615
P3,R02,testing,02,242,0,1.0,0.33401239097806407,0.3311744147363139,0.3257454485583546
P3,R02,testing,02,243,0,1.0,0.33401239097806407,0.3311744147363139,0.32594307768398334
P3,R02,testing,02,244,0,1.0,0.33401239097806407,0.3311744147363139,0.3261371293672561
P3,R02,testing,02,245,0,1.0,0.33401239097806407,0.3311744147363139,0.3263275970772256
P3,R02,testing,02,246,0,1.0,0.33401239097806407,0.3311744147363139,0.32651447440102
P3,R02,testing,02,247,0,1.0,0.33401239097806407,0.3311744147363139,0.3266977550442028
P3,R02,testing,02,248,0,1.0,0.33401239097806407,0.3311744147363139,0.3268774328311258
P3,R02,testing,02,249,0,1.0,0.33401239097806407,0.3311744147363139,0.3270535017052763
P3,R02,testing,02,250,0,1.0,0.33401239097806407,0.3311744147363139,0.32722595572961716
P3,R02,testing,02,251,0,1.0,0.33401239097806407,0.3311744147363139,0.3273947890869205
P3,R02,testing,02,252,0,1.0,0.33401239097806407,0.3311744147363139,0.3275599960800946
P3,R02,testing,02,253,0,1.0,0.33401239097806407,0.3311744147363139,0.32772157113250466
P3,R02,testing,02,254,0,1.0,0.33401239097806407,0.3311744147363139,0.3278795087882859
P3,R02,testing,02,255,0,1.0,0.33401239097806407,0.3311744147363139,0.32803380371265134
P3,R02,testing,02,256,0,0.0,0.3331685456228619,0.37063977304517026,0.3672935012759301
P3,R02,testing,02,257,0,0.0,0.3331685456228619,0.37063977304517026,0.3674580121778587
P3,R02,testing,02,258,0,0.0,0.3331685456228619,0.37063977304517026,0.3676184291565236
P3,R02,testing,02,259,0,0.0,0.3331685456228619,0.37063977304517026,0.36777474678671174
P3,R02,testing,02,260,0,0.0,0.3331685456228619,0.37063977304517026,0.3679269597803209
P3,R02,testing,02,261,0,0.0,0.3331685456228619,0.37063977304517026,0.36807506298665793
P3,R02,testing,02,262,0,0.0,0.3331685456228619,0.37063977304517026,0.36821905139272915
P3,R02,testing,02,263,0,0.0,0.3331685456228619,0.37063977304517026,0.3683589201235231
P3,R02,testing,02,264,0,0.0,0.3331685456228619,0.37063977304517026,0.3684946644422858
P3,R02,testing,02,265,0,0.0,0.3331685456228619,0.37063977304517026,0.36862627975078793
P3,R02,testing,02,266,0,0.0,0.3331685456228619,0.37063977304517026,0.3687537615895845
P3,R02,testing,02,267,0,0.0,0.3331685456228619,0.37063977304517026,0.36887710563826664
P3,R02,testing,02,268,0,0.0,0.3331685456228619,0.37063977304517026,0.36899630771570574
P3,R02,testing,02,269,0,0.0,0.3331685456228619,0.37063977304517026,0.36911136378028947
P3,R02,testing,02,270,0,0.0,0.3331685456228619,0.37063977304517026,0.36922226993015045
P3,R02,testing,02,271,0,0.0,0.3331685456228619,0.37063977304517026,0.36932902240338644
P3,R02,testing,02,272,0,0.0,0.0,0.39233509780116227,0.3910562231963954
P3,R02,testing,02,273,0,0.0,0.0,0.39233509780116227,0.3911604194291663
P3,R02,testing,02,274,0,0.0,0.0,0.39233509780116227,0.3912602077955297
P3,R02,testing,02,275,0,0.0,0.0,0.39233509780116227,0.3913555849081816
P3,R02,testing,02,276,0,0.0,0.0,0.39233509780116227,0.39144654752901814
P3,R02,testing,02,277,0,0.0,0.0,0.39233509780116227,0.3915330925693187
P3,R02,testing,02,278,0,0.0,0.0,0.39233509780116227,0.3916152170899208
P3,R02,testing,02,279,0,0.0,0.0,0.39233509780116227,0.3916929183013867
P3,R02,testing,02,280,0,0.0,0.0,0.39233509780116227,0.3917661935641608
P3,R02,testing,02,281,0,0.0,0.0,0.39233509780116227,0.39183504038871964
P3,R02,testing,02,282,0,0.0,0.0,0.39233509780116227,0.3918994564357124
P3,R02,testing,02,283,0,0.0,0.0,0.39233509780116227,0.3919594395160936
P3,R02,testing,02,284,0,0.0,0.0,0.39233509780116227,0.39201498759124714
P3,R02,testing,02,285,0,0.0,0.0,0.39233509780116227,0.3920660987731017
P3,R02,testing,02,286,0,0.0,0.0,0.39233509780116227,0.39211277132423766
P3,R02,testing,02,287,0,0.0,0.0,0.39233509780116227,0.39215500365798556
P3,R02,testing,02,288,0,0.0,0.0,0.4327249530526975,0.43256799982690153
P3,R02,testing,02,289,0,0.0,0.0,0.4327249530526975,0.4326047806307284
P3,R02,testing,02,290,0,0.0,0.0,0.4327249530526975,0.4326366598571147
P3,R02,testing,02,291,0,0.0,0.0,0.4327249530526975,0.432663636422023
P3,R02,testing,02,292,0,0.0,0.0,0.4327249530526975,0.43268570940808676
P3,R02,testing,02,293,0,0.0,0.0,0.4327249530526975,0.43270287806466234
P3,R02,testing,02,294,0,0.0,0.0,0.4327249530526975,0.43271514180787185
P3,R02,testing,02,295,0,0.0,0.0,0.4327249530526975,0.43272250022063596
P3,R02,testing,02,296,0,0.0,0.0,0.4327249530526975,0.4327249530526975
P3,R02,testing,02,297,0,0.0,0.0,0.4327249530526975,0.43272250022063596
P3,R02,testing,02,298,0,0.0,0.0,0.4327249530526975,0.43271514180787185
P3,R02,testing,02,299,0,0.0,0.0,0.4327249530526975,0.43270287806466234
P3,R02,testing,02,300,0,0.0,0.0,0.4327249530526975,0.43268570940808676
P3,R02,testing,02,301,0,0.0,0.0,0.4327249530526975,0.432663636422023
P3,R02,testing,02,302,0,0.0,0.0,0.4327249530526975,0.4326366598571147
P3,R02,testing,02,303,0,0.0,0.0,0.4327249530526975,0.4326047806307284
P3,R02,testing,02,304,0,0.0,0.0,0.435864206721471,0.43570611486018285
P3,R02,testing,02,305,0,0.0,0.0,0.435864206721471,0.4356641313489366
P3,R02,testing,02,306,0,0.0,0.0,0.435864206721471,0.43561721338837134
P3,R02,testing,02,307,0,0.0,0.0,0.435864206721471,0.43556536257362
P3,R02,testing,02,308,0,0.0,0.0,0.435864206721471,0.4355085806673911
P3,R02,testing,02,309,0,0.0,0.0,0.435864206721471,0.43544686959986895
P3,R02,testing,02,310,0,0.0,0.0,0.435864206721471,0.43538023146860416
P3,R02,testing,02,311,0,0.0,0.0,0.435864206721471,0.4353086685383948
P3,R02,testing,02,312,0,0.0,0.0,0.435864206721471,0.4352321832411583
P3,R02,testing,02,313,0,0.0,0.0,0.435864206721471,0.4351507781757936
P3,R02,testing,02,314,0,0.0,0.0,0.435864206721471,0.43506445610803407
P3,R02,testing,02,315,0,0.0,0.0,0.435864206721471,0.4349732199702905
P3,R02,testing,02,316,0,0.0,0.0,0.435864206721471,0.4348770728614855
P3,R02,testing,02,317,0,0.0,0.0,0.435864206721471,0.4347760180468783
P3,R02,testing,02,318,0,0.0,0.0,0.435864206721471,0.43467005895787914
P3,R02,testing,02,319,0,0.0,0.0,0.435864206721471,0.43455919919185565
P3,R02,testing,02,320,0,1.0,0.6673034776210502,0.4397217869618595,0.4382884483957717
P3,R02,testing,02,321,0,1.0,0.6673034776210502,0.4397217869618595,0.4381667309306862
P3,R02,testing,02,322,0,1.0,0.6673034776210502,0.4397217869618595,0.43804008130561156
P3,R02,testing,02,323,0,1.0,0.6673034776210502,0.4397217869618595,0.43790850381731
P3,R02,testing,02,324,0,1.0,0.6673034776210502,0.4397217869618595,0.43777200292884927
P3,R02,testing,02,325,0,1.0,0.6673034776210502,0.4397217869618595,0.43763058326934956
P3,R02,testing,02,326,0,1.0,0.6673034776210502,0.4397217869618595,0.43748424963372273
P3,R02,testing,02,327,0,1.0,0.6673034776210502,0.4397217869618595,0.4373330069824005
P3,R02,testing,02,328,0,1.0,0.6673034776210502,0.4397217869618595,0.43717686044105497
P3,R02,testing,02,329,0,1.0,0.6673034776210502,0.4397217869618595,0.43701581530030864
P3,R02,testing,02,330,0,1.0,0.6673034776210502,0.4397217869618595,0.4368498770154357
P3,R02,testing,02,331,0,1.0,0.6673034776210502,0.4397217869618595,0.43667905120605416
P3,R02,testing,02,332,0,1.0,0.6673034776210502,0.4397217869618595,0.43650334365580873
P3,R02,testing,02,333,0,1.0,0.6673034776210502,0.4397217869618595,0.43632276031204414
P3,R02,testing,02,334,0,1.0,0.6673034776210502,0.4397217869618595,0.43613730728547
P3,R02,testing,02,335,0,1.0,0.6673034776210502,0.4397217869618595,0.4359469908498161
P3,R02,testing,02,336,0,1.0,0.667120839828317,0.44549694104003934,0.4414748313111316
P3,R02,testing,02,337,0,1.0,0.667120839828317,0.44549694104003934,0.4412721804855372
P3,R02,testing,02,338,0,1.0,0.667120839828317,0.44549694104003934,0.44106462243224515
P3,R02,testing,02,339,0,1.0,0.667120839828317,0.44549694104003934,0.44085216416435147
P3,R02,testing,02,340,0,1.0,0.667120839828317,0.44549694104003934,0.4406348128582297
P3,R02,testing,02,341,0,1.0,0.667120839828317,0.44549694104003934,0.44041257585312743
P3,R02,testing,02,342,0,1.0,0.667120839828317,0.44549694104003934,0.44018546065075276
P3,R02,testing,02,343,0,1.0,0.667120839828317,0.44549694104003934,0.4399534749148526
P3,R02,testing,02,344,0,1.0,0.667120839828317,0.44549694104003934,0.43971662647078164
P3,R02,testing,02,345,0,1.0,0.667120839828317,0.44549694104003934,0.4394749233050622
P3,R02,testing,02,346,0,1.0,0.667120839828317,0.44549694104003934,0.4392283735649357
P3,R02,testing,02,347,0,1.0,0.667120839828317,0.44549694104003934,0.4389769855579049
P3,R02,testing,02,348,0,1.0,0.667120839828317,0.44549694104003934,0.438720767751267
P3,R02,testing,02,349,0,1.0,0.667120839828317,0.44549694104003934,0.438459728771639
P3,R02,testing,02,350,0,1.0,0.667120839828317,0.44549694104003934,0.4381938774044731
P3,R02,testing,02,351,0,1.0,0.667120839828317,0.44549694104003934,0.43792322259356414
P3,R02,testing,02,352,0,1.0,0.667114783513629,0.4707809573669972,0.46248631312455696
P3,R02,testing,02,353,0,1.0,0.667114783513629,0.4707809573669972,0.4621901742965853
P3,R02,testing,02,354,0,1.0,0.667114783513629,0.4707809573669972,0.4618889887599947
P3,R02,testing,02,355,0,1.0,0.667114783513629,0.4707809573669972,0.4615827666301086
P3,R02,testing,02,356,0,1.0,0.667114783513629,0.4707809573669972,0.46127151818683965
P3,R02,testing,02,357,0,1.0,0.667114783513629,0.4707809573669972,0.4609552538741139
P3,R02,testing,02,358,0,1.0,0.667114783513629,0.4707809573669972,0.4606339842992874
P3,R02,testing,02,359,0,1.0,0.667114783513629,0.4707809573669972,0.46030772023255273
P3,R02,testing,02,360,0,1.0,0.667114783513629,0.4707809573669972,0.45997647260633784
P3,R02,testing,02,361,0,1.0,0.667114783513629,0.4707809573669972,0.4596402525146952
P3,R02,testing,02,362,0,1.0,0.667114783513629,0.4707809573669972,0.4592990712126826
P3,R02,testing,02,363,0,1.0,0.667114783513629,0.4707809573669972,0.4589529401157356
P3,R02,testing,02,364,0,1.0,0.667114783513629,0.4707809573669972,0.45860187079903064
P3,R02,testing,02,365,0,1.0,0.667114783513629,0.4707809573669972,0.45824587499684016
P3,R02,testing,02,366,0,1.0,0.667114783513629,0.4707809573669972,0.45788496460187905
P3,R02,testing,02,367,0,1.0,0.667114783513629,0.4707809573669972,0.4575191516646424
P3,R02,testing,02,368,0,0.0,0.6660913030234362,0.4580643780434175,0.4448001058872292
P3,R02,testing,02,369,0,0.0,0.6660913030234362,0.4580643780434175,0.4444346697208387
P3,R02,testing,02,370,0,0.0,0.6660913030234362,0.4580643780434175,0.4440644995275403
P3,R02,testing,02,371,0,0.0,0.6660913030234362,0.4580643780434175,0.44368960763979354
P3,R02,testing,02,372,0,0.0,0.6660913030234362,0.4580643780434175,0.44331000654023367
P3,R02,testing,02,373,0,0.0,0.6660913030234362,0.4580643780434175,0.4429257088609787
P3,R02,testing,02,374,0,0.0,0.6660913030234362,0.4580643780434175,0.44253672738292915
P3,R02,testing,02,375,0,0.0,0.6660913030234362,0.4580643780434175,0.4421430750350599
P3,R02,testing,02,376,0,0.0,0.6660913030234362,0.4580643780434175,0.44174476489370357
P3,R02,testing,02,377,0,0.0,0.6660913030234362,0.4580643780434175,0.4413418101818275
P3,R02,testing,02,378,0,0.0,0.6660913030234362,0.4580643780434175,0.4409342242683017
P3,R02,testing,02,379,0,0.0,0.6660913030234362,0.4580643780434175,0.44052202066716006
P3,R02,testing,02,380,0,0.0,0.6660913030234362,0.4580643780434175,0.4401052130368538
P3,R02,testing,02,381,0,0.0,0.6660913030234362,0.4580643780434175,0.4396838151794972
P3,R02,testing,02,382,0,0.0,0.6660913030234362,0.4580643780434175,0.4392578410401063
P3,R02,testing,02,383,0,0.0,0.6660913030234362,0.4580643780434175,0.43882730470582987
P3,R02,testing,02,384,0,1.0,0.6667718638148377,0.44272804320670245,0.42371452398472065
P3,R02,testing,02,385,0,1.0,0.6667718638148377,0.44272804320670245,0.4232896248197757
P3,R02,testing,02,386,0,1.0,0.6667718638148377,0.44272804320670245,0.42286035786882015
P3,R02,testing,02,387,0,1.0,0.6667718638148377,0.44272804320670245,0.422426737289279
P3,R02,testing,02,388,0,1.0,0.6667718638148377,0.44272804320670245,0.42198877737213075
P3,R02,testing,02,389,0,1.0,0.6667718638148377,0.44272804320670245,0.4215464925411231
P3,R02,testing,02,390,0,1.0,0.6667718638148377,0.44272804320670245,0.42109989735198067
P3,R02,testing,02,391,0,1.0,0.6667718638148377,0.44272804320670245,0.4206490064916081
P3,R02,testing,02,392,0,1.0,0.6667718638148377,0.44272804320670245,0.4201938347772845
P3,R02,testing,02,393,0,1.0,0.6667718638148377,0.44272804320670245,0.4197343971558529
P3,R02,testing,02,394,0,1.0,0.6667718638148377,0.44272804320670245,0.41927070870290234
P3,R02,testing,02,395,0,1.0,0.6667718638148377,0.44272804320670245,0.41880278462194376
P3,R02,testing,02,396,0,1.0,0.6667718638148377,0.44272804320670245,0.4183306402435801
P3,R02,testing,02,397,0,1.0,0.6667718638148377,0.44272804320670245,0.4178542910246691
P3,R02,testing,02,398,0,1.0,0.6667718638148377,0.44272804320670245,0.41737375254748077
P3,R02,testing,02,399,0,1.0,0.6667718638148377,0.44272804320670245,0.41688904051884845
P3,R02,testing,02,400,0,1.0,0.6669320714479633,0.44236799477616107,0.41606153347207625
P3,R02,testing,02,401,0,1.0,0.6669320714479633,0.44236799477616107,0.4155689228964755
P3,R02,testing,02,402,0,1.0,0.6669320714479633,0.44236799477616107,0.4150721899839464
P3,R02,testing,02,403,0,1.0,0.6669320714479633,0.44236799477616107,0.4145713509177925
P3,R02,testing,02,404,0,1.0,0.6669320714479633,0.44236799477616107,0.4140664220014478
P3,R02,testing,02,405,0,1.0,0.6669320714479633,0.44236799477616107,0.41355741965759274
P3,R02,testing,02,406,0,1.0,0.6669320714479633,0.44236799477616107,0.41304436042726517
P3,R02,testing,02,407,0,1.0,0.6669320714479633,0.44236799477616107,0.41252726096896475
P3,R02,testing,02,408,0,1.0,0.6669320714479633,0.44236799477616107,0.4120061380577525
P3,R02,testing,02,409,0,1.0,0.6669320714479633,0.44236799477616107,0.41148100858434494
P3,R02,testing,02,410,0,1.0,0.6669320714479633,0.44236799477616107,0.410951889554202
P3,R02,testing,02,411,0,1.0,0.6669320714479633,0.44236799477616107,0.4104187980866104
P3,R02,testing,02,412,0,1.0,0.6669320714479633,0.44236799477616107,0.40988175141376176
P3,R02,testing,02,413,0,1.0,0.6669320714479633,0.44236799477616107,0.40934076687982457
P3,R02,testing,02,414,0,1.0,0.6669320714479633,0.44236799477616107,0.4087958619400122
P3,R02,testing,02,415,0,1.0,0.6669320714479633,0.44236799477616107,0.4082470541596454
P3,R02,testing,02,416,0,0.0,0.3331196208625308,0.4379737282722474,0.40364452556400005
P3,R02,testing,02,417,0,0.0,0.3331196208625308,0.4379737282722474,0.4030934938313004
P3,R02,testing,02,418,0,0.0,0.3331196208625308,0.4379737282722474,0.40253865084417845
P3,R02,testing,02,419,0,0.0,0.3331196208625308,0.4379737282722474,0.4019800144201427
P3,R02,testing,02,420,0,0.0,0.3331196208625308,0.4379737282722474,0.4014176024810011
P3,R02,testing,02,421,0,0.0,0.3331196208625308,0.4379737282722474,0.400851433051904
P3,R02,testing,02,422,0,0.0,0.3331196208625308,0.4379737282722474,0.4002815242603828
P3,R02,testing,02,423,0,0.0,0.3331196208625308,0.4379737282722474,0.3997078943353843
P3,R02,testing,02,424,0,0.0,0.3331196208625308,0.4379737282722474,0.3991305616063002
P3,R02,testing,02,425,0,0.0,0.3331196208625308,0.4379737282722474,0.3985495445019928
P3,R02,testing,02,426,0,0.0,0.3331196208625308,0.4379737282722474,0.39796486154981614
P3,R02,testing,02,427,0,0.0,0.3331196208625308,0.4379737282722474,0.397376531374633
P3,R02,testing,02,428,0,0.0,0.3331196208625308,0.4379737282722474,0.39678457269782835
P3,R02,testing,02,429,0,0.0,0.3331196208625308,0.4379737282722474,0.3961890043363175
P3,R02,testing,02,430,0,0.0,0.3331196208625308,0.4379737282722474,0.39558984520155205
P3,R02,testing,02,431,0,0.0,0.3331196208625308,0.4379737282722474,0.3949871142985205
P3,R02,testing,02,432,0,1.0,0.6669636087558882,0.42966556407371853,0.3868996041421854
P3,R02,testing,02,433,0,1.0,0.6669636087558882,0.42966556407371853,0.38630135504137175
P3,R02,testing,02,434,0,1.0,0.6669636087558882,0.42966556407371853,0.38569965840126536
P3,R02,testing,02,435,0,1.0,0.6669636087558882,0.42966556407371853,0.38509453322351755
P3,R02,testing,02,436,0,1.0,0.6669636087558882,0.42966556407371853,0.3844859985965885
P3,R02,testing,02,437,0,1.0,0.6669636087558882,0.42966556407371853,0.38387407369474624
P3,R02,testing,02,438,0,1.0,0.6669636087558882,0.42966556407371853,0.38325877777706235
P3,R02,testing,02,439,0,1.0,0.6669636087558882,0.42966556407371853,0.3826401301864043
P3,R02,testing,02,440,0,1.0,0.6669636087558882,0.42966556407371853,0.3820181503484245
P3,R02,testing,02,441,0,1.0,0.6669636087558882,0.42966556407371853,0.38139285777054693
P3,R02,testing,02,442,0,1.0,0.6669636087558882,0.42966556407371853,0.3807642720409499
P3,R02,testing,02,443,0,1.0,0.6669636087558882,0.42966556407371853,0.38013241282754684
P3,R02,testing,02,444,0,1.0,0.6669636087558882,0.42966556407371853,0.3794972998769631
P3,R02,testing,02,445,0,1.0,0.6669636087558882,0.42966556407371853,0.37885895301351125
P3,R02,testing,02,446,0,1.0,0.6669636087558882,0.42966556407371853,0.3782173921381627
P3,R02,testing,02,447,0,1.0,0.6669636087558882,0.42966556407371853,0.3775726372275173
P3,R02,testing,02,448,0,1.0,0.6669170334767771,0.3823232940179044,0.3353936366699327
P3,R02,testing,02,449,0,1.0,0.6669170334767771,0.3823232940179044,0.334814292817324
P3,R02,testing,02,450,0,1.0,0.6669170334767771,0.3823232940179044,0.33423216058206207
P3,R02,testing,02,451,0,1.0,0.6669170334767771,0.3823232940179044,0.3336472579996115
P3,R02,testing,02,452,0,1.0,0.6669170334767771,0.3823232940179044,0.3330596031681138
P3,R02,testing,02,453,0,1.0,0.6669170334767771,0.3823232940179044,0.3324692142474586
P3,R02,testing,02,454,0,1.0,0.6669170334767771,0.3823232940179044,0.3318761094583514
P3,R02,testing,02,455,0,1.0,0.6669170334767771,0.3823232940179044,0.3312803070813806
P3,R02,testing,02,456,0,1.0,0.6669170334767771,0.3823232940179044,0.33068182545608255
P3,R02,testing,02,457,0,1.0,0.6669170334767771,0.3823232940179044,0.33008068298000454
P3,R02,testing,02,458,0,1.0,0.6669170334767771,0.3823232940179044,0.3294768981077667
P3,R02,testing,02,459,0,1.0,0.6669170334767771,0.3823232940179044,0.32887048935012203
P3,R02,testing,02,460,0,1.0,0.6669170334767771,0.3823232940179044,0.32826147527301536
P3,R02,testing,02,461,0,1.0,0.6669170334767771,0.3823232940179044,0.32764987449664024
P3,R02,testing,02,462,0,1.0,0.6669170334767771,0.3823232940179044,0.32703570569449514
P3,R02,testing,02,463,0,1.0,0.6669170334767771,0.3823232940179044,0.3264189875924383
P3,R02,testing,02,464,0,1.0,0.6674517140401017,0.33450013817608254,0.2850468684686979
P3,R02,testing,02,465,0,1.0,0.6674517140401017,0.33450013817608254,0.28450288143972724
P3,R02,testing,02,466,0,1.0,0.6674517140401017,0.33450013817608254,0.2839567134088097
P3,R02,testing,02,467,0,1.0,0.6674517140401017,0.33450013817608254,0.2834083809344173
P3,R02,testing,02,468,0,1.0,0.6674517140401017,0.33450013817608254,0.2828579006166824
P3,R02,testing,02,469,0,1.0,0.6674517140401017,0.33450013817608254,0.2823052890965651
P3,R02,testing,02,470,0,1.0,0.6674517140401017,0.33450013817608254,0.2817505630550201
P3,R02,testing,02,471,0,1.0,0.6674517140401017,0.33450013817608254,0.281193739212163
P3,R02,testing,02,472,0,1.0,0.6674517140401017,0.33450013817608254,0.28063483432643577
P3,R02,testing,02,473,0,1.0,0.6674517140401017,0.33450013817608254,0.2800738651937719
P3,R02,testing,02,474,0,1.0,0.6674517140401017,0.33450013817608254,0.27951084864676096
P3,R02,testing,02,475,0,1.0,0.6674517140401017,0.33450013817608254,0.27894580155381277
P3,R02,testing,02,476,0,1.0,0.6674517140401017,0.33450013817608254,0.27837874081832137
P3,R02,testing,02,477,0,1.0,0.6674517140401017,0.33450013817608254,0.2778096833778283
P3,R02,testing,02,478,0,1.0,0.6674517140401017,0.33450013817608254,0.2772386462031862
P3,R02,testing,02,479,0,1.0,0.6674517140401017,0.33450013817608254,0.27666564629772183
P3,R02,testing,02,480,0,0.0,0.0,0.2866467623355951,0.2365933416264499
P3,R02,testing,02,481,0,0.0,0.0,0.2866467623355951,0.2360989946536435
P3,R02,testing,02,482,0,0.0,0.0,0.2866467623355951,0.2356030096093534
P3,R02,testing,02,483,0,0.0,0.0,0.2866467623355951,0.23510540116856188
P3,R02,testing,02,484,0,0.0,0.0,0.2866467623355951,0.2346061840304932
P3,R02,testing,02,485,0,0.0,0.0,0.2866467623355951,0.2341053729178965
P3,R02,testing,02,486,0,0.0,0.0,0.2866467623355951,0.23360298257632917
P3,R02,testing,02,487,0,0.0,0.0,0.2866467623355951,0.23309902777343994
P3,R02,testing,02,488,0,0.0,0.0,0.2866467623355951,0.23259352329825259
P3,R02,testing,02,489,0,0.0,0.0,0.2866467623355951,0.23208648396045015
P3,R02,testing,02,490,0,0.0,0.0,0.2866467623355951,0.23157792458965892
P3,R02,testing,02,491,0,0.0,0.0,0.2866467623355951,0.23106786003473348
P3,R02,testing,02,492,0,0.0,0.0,0.2866467623355951,0.230556305163042
P3,R02,testing,02,493,0,0.0,0.0,0.2866467623355951,0.23004327485975185
P3,R02,testing,02,494,0,0.0,0.0,0.2866467623355951,0.22952878402711593
P3,R02,testing,02,495,0,0.0,0.0,0.2866467623355951,0.2290128475837599
P3,R02,testing,02,496,0,0.0,0.0,0.2392793225116332,0.19073734975027637
P3,R02,testing,02,497,0,0.0,0.0,0.2392793225116332,0.19030429407175742
P3,R02,testing,02,498,0,0.0,0.0,0.2392793225116332,0.18987006910113458
P3,R02,testing,02,499,0,0.0,0.0,0.2392793225116332,0.1894346873405073
P3,R02,testing,02,500,0,0.0,0.0,0.2392793225116332,0.18899816130267513
P3,R02,testing,02,501,0,0.0,0.0,0.2392793225116332,0.18856050351054654
P3,R02,testing,02,502,0,0.0,0.0,0.2392793225116332,0.1881217264965482
P3,R02,testing,02,503,0,0.0,0.0,0.2392793225116332,0.18768184280203565
P3,R02,testing,02,504,0,0.0,0.0,0.2392793225116332,0.18724086497670406
P3,R02,testing,02,505,0,0.0,0.0,0.2392793225116332,0.1867988055780006
P3,R02,testing,02,506,0,0.0,0.0,0.2392793225116332,0.18635567717053744
P3,R02,testing,02,507,0,0.0,0.0,0.2392793225116332,0.18591149232550552
P3,R02,testing,02,508,0,0.0,0.0,0.2392793225116332,0.1854662636200899
P3,R02,testing,02,509,0,0.0,0.0,0.2392793225116332,0.18502000363688548
P3,R02,testing,02,510,0,0.0,0.0,0.2392793225116332,0.1845727249633144
P3,R02,testing,02,511,0,0.0,0.0,0.2392793225116332,0.18412444019104424
P3,R02,testing,02,512,0,0.0,0.0,0.19275357743486296,0.14796115340639693
P3,R02,testing,02,513,0,0.0,0.0,0.19275357743486296,0.1475984431357402
P3,R02,testing,02,514,0,0.0,0.0,0.19275357743486296,0.14723495283920163
P3,R02,testing,02,515,0,0.0,0.0,0.19275357743486296,0.14687069266912334
P3,R02,testing,02,516,0,0.0,0.0,0.19275357743486296,0.14650567277893906
P3,R02,testing,02,517,0,0.0,0.0,0.19275357743486296,0.14613990332271135
P3,R02,testing,02,518,0,0.0,0.0,0.19275357743486296,0.14577339445467044
P3,R02,testing,02,519,0,0.0,0.0,0.19275357743486296,0.14540615632875373
P3,R02,testing,02,520,0,0.0,0.0,0.19275357743486296,0.14503819909814664
P3,R02,testing,02,521,0,0.0,0.0,0.19275357743486296,0.14466953291482487
P3,R02,testing,02,522,0,0.0,0.0,0.19275357743486296,0.1443001679290975
P3,R02,testing,02,523,0,0.0,0.0,0.19275357743486296,0.1439301142891516
P3,R02,testing,02,524,0,0.0,0.0,0.19275357743486296,0.14355938214059802
P3,R02,testing,02,525,0,0.0,0.0,0.19275357743486296,0.1431879816260186
P3,R02,testing,02,526,0,0.0,0.0,0.19275357743486296,0.14281592288451453
P3,R02,testing,02,527,0,0.0,0.0,0.19275357743486296,0.14244321605125626
P3,R02,testing,02,528,0,0.0,0.0,0.14752566602560085,0.10873444040979237
P3,R02,testing,02,529,0,0.0,0.0,0.14752566602560085,0.10844821712960545
P3,R02,testing,02,530,0,0.0,0.0,0.14752566602560085,0.10816152107627494
P3,R02,testing,02,531,0,0.0,0.0,0.14752566602560085,0.1078743599913861
P3,R02,testing,02,532,0,0.0,0.0,0.14752566602560085,0.10758674161180931
P3,R02,testing,02,533,0,0.0,0.0,0.14752566602560085,0.10729867366936235
P3,R02,testing,02,534,0,0.0,0.0,0.14752566602560085,0.10701016389047366
P3,R02,testing,02,535,0,0.0,0.0,0.14752566602560085,0.10672121999584683
P3,R02,testing,02,536,0,0.0,0.0,0.14752566602560085,0.10643184970012644
P3,R02,testing,02,537,0,0.0,0.0,0.14752566602560085,0.10614206071156501
P3,R02,testing,02,538,0,0.0,0.0,0.14752566602560085,0.10585186073169131
P3,R02,testing,02,539,0,0.0,0.0,0.14752566602560085,0.10556125745497985
P3,R02,testing,02,540,0,0.0,0.0,0.14752566602560085,0.10527025856852176
P3,R02,testing,02,541,0,0.0,0.0,0.14752566602560085,0.10497887175169696
P3,R02,testing,02,542,0,0.0,0.0,0.14752566602560085,0.10468710467584762
P3,R02,testing,02,543,0,0.0,0.0,0.14752566602560085,0.10439496500395304
P3,R02,testing,02,544,0,0.0,0.0,0.12167504993557617,0.08586080244646185
P3,R02,testing,02,545,0,0.0,0.0,0.12167504993557617,0.08561925812066716
P3,R02,testing,02,546,0,0.0,0.0,0.12167504993557617,0.0853774254046434
P3,R02,testing,02,547,0,0.0,0.0,0.12167504993557617,0.08513531058835339
P3,R02,testing,02,548,0,0.0,0.0,0.12167504993557617,0.08489291995353904
P3,R02,testing,02,549,0,0.0,0.0,0.12167504993557617,0.0846502597734601
P3,R02,testing,02,550,0,0.0,0.0,0.12167504993557617,0.08440733631263435
P3,R02,testing,02,551,0,0.0,0.0,0.12167504993557617,0.08416415582657885
P3,R02,testing,02,552,0,0.0,0.0,0.12167504993557617,0.08392072456155254
P3,R02,testing,02,553,0,0.0,0.0,0.12167504993557617,0.08367704875430007
P3,R02,testing,02,554,0,0.0,0.0,0.12167504993557617,0.08343313463179693
P3,R02,testing,02,555,0,0.0,0.0,0.12167504993557617,0.0831889884109958
P3,R02,testing,02,556,0,0.0,0.0,0.12167504993557617,0.08294461629857436
P3,R02,testing,02,557,0,0.0,0.0,0.12167504993557617,0.08270002449068418
P3,R02,testing,02,558,0,0.0,0.0,0.12167504993557617,0.08245521917270125
P3,R02,testing,02,559,0,0.0,0.0,0.12167504993557617,0.0822102065189775
P3,R02,testing,02,560,0,0.0,0.0,0.07874059442085238,0.05304269239858861
P3,R02,testing,02,561,0,0.0,0.0,0.07874059442085238,0.05288387891516011
P3,R02,testing,02,562,0,0.0,0.0,0.07874059442085238,0.052724943199399264
P3,R02,testing,02,563,0,0.0,0.0,0.07874059442085238,0.052565889216840904
P3,R02,testing,02,564,0,0.0,0.0,0.07874059442085238,0.05240672092509582
P3,R02,testing,02,565,0,0.0,0.0,0.07874059442085238,0.052247442273695384
P3,R02,testing,02,566,0,0.0,0.0,0.07874059442085238,0.05208805720393723
P3,R02,testing,02,567,0,0.0,0.0,0.07874059442085238,0.051928569648731805
P3,R02,testing,02,568,0,0.0,0.0,0.07874059442085238,0.05176898353244993
P3,R02,testing,02,569,0,0.0,0.0,0.07874059442085238,0.05160930277077117
P3,R02,testing,02,570,0,0.0,0.0,0.07874059442085238,0.05144953127053336
P3,R02,testing,02,571,0,0.0,0.0,0.07874059442085238,0.05128967292958291
P3,R02,testing,02,572,0,0.0,0.0,0.07874059442085238,0.05112973163662622
P3,R02,testing,02,573,0,0.0,0.0,0.07874059442085238,0.05096971127108196
P3,R02,testing,02,574,0,0.0,0.0,0.07874059442085238,0.050809615702934435
P3,R02,testing,02,575,0,0.0,0.0,0.07874059442085238,0.050649448792587856
P3,R02,testing,02,576,0,0.0,0.0,0.03810597991520205,0.0244339149794082
P3,R02,testing,02,577,0,0.0,0.0,0.03810597991520205,0.024356339817361388
P3,R02,testing,02,578,0,0.0,0.0,0.03810597991520205,0.024278735705872984
P3,R02,testing,02,579,0,0.0,0.0,0.03810597991520205,0.0242011044939194
P3,R02,testing,02,580,0,0.0,0.0,0.03810597991520205,0.024123448025495636
P3,R02,testing,02,581,0,0.0,0.0,0.03810597991520205,0.024045768139547712
P3,R02,testing,02,582,0,0.0,0.0,0.03810597991520205,0.02396806666990561
P3,R02,testing,02,583,0,0.0,0.0,0.03810597991520205,0.023890345445216725
P3,R02,testing,02,584,0,0.0,0.0,0.03810597991520205,0.023812606288879833
P3,R02,testing,02,585,0,0.0,0.0,0.03810597991520205,0.02373485101897956
P3,R02,testing,02,586,0,0.0,0.0,0.03810597991520205,0.02365708144822135
P3,R02,testing,02,587,0,0.0,0.0,0.03810597991520205,0.023579299383866967
P3,R02,testing,02,588,0,0.0,0.0,0.03810597991520205,0.023501506627670535
P3,R02,testing,02,589,0,0.0,0.0,0.03810597991520205,0.023423704975815054
P3,R02,testing,02,590,0,0.0,0.0,0.03810597991520205,0.023345896218849464
P3,R02,testing,02,591,0,0.0,0.0,0.03810597991520205,0.023268082141626255
P3,R02,testing,02,592,0,0.0,0.0,0.0,0.0
P3,R02,testing,02,593,0,0.0,0.0,0.0,0.0
P3,R02,testing,02,594,0,0.0,0.0,0.0,0.0
A,R02,testing,05,0,0,0.0,0.0,0.0,0.0
A,R02,testing,05,1,0,0.0,0.0,0.0,0.0
A,R02,testing,05,2,0,0.0,0.0,0.0,0.0
A,R02,testing,05,3,0,0.0,0.0,0.0,0.0
A,R02,testing,05,4,0,0.0,0.0,0.0,0.0
A,R02,testing,05,5,0,0.0,0.0,0.0,0.0
A,R02,testing,05,6,0,0.0,0.0,0.0,0.0
A,R02,testing,05,7,0,0.0,0.0,0.0,0.0
A,R02,testing,05,8,0,0.0,0.0,0.0,0.0
A,R02,testing,05,9,0,0.0,0.0,0.0,0.0
A,R02,testing,05,10,0,0.0,0.0,0.0,0.0
A,R02,testing,05,11,1,0.0,0.0,0.0,0.0
A,R02,testing,05,12,1,0.0,0.0,0.0,0.0
A,R02,testing,05,13,1,0.0,0.0,0.0,0.0
A,R02,testing,05,14,1,0.0,0.0,0.0,0.0
A,R02,testing,05,15,1,0.0,0.0,0.0,0.0
A,R02,testing,05,16,1,0.0,0.0,0.0,0.0
A,R02,testing,05,17,1,0.0,0.0,0.0,0.0
A,R02,testing,05,18,1,0.0,0.0,0.0,0.0
A,R02,testing,05,19,1,0.0,0.0,0.0,0.0
A,R02,testing,05,20,1,0.0,0.0,0.0,0.0
A,R02,testing,05,21,1,0.0,0.0,0.0,0.0
A,R02,testing,05,22,1,0.0,0.0,0.0,0.0
A,R02,testing,05,23,1,0.0,0.0,0.0,0.0
A,R02,testing,05,24,1,0.0,0.0,0.0,0.0
A,R02,testing,05,25,1,0.0,0.0,0.0,0.0
A,R02,testing,05,26,1,0.0,0.0,0.0,0.0
A,R02,testing,05,27,1,0.0,0.0,0.0,0.0
A,R02,testing,05,28,1,0.0,0.0,0.0,0.0
A,R02,testing,05,29,1,0.0,0.0,0.0,0.0
A,R02,testing,05,30,1,0.0,0.0,0.0,0.0
A,R02,testing,05,31,1,0.0,0.0,0.0,0.0
A,R02,testing,05,32,1,0.0,0.0,0.0,0.0
A,R02,testing,05,33,1,0.0,0.0,0.0,0.0
A,R02,testing,05,34,1,0.0,0.0,0.0,0.0
A,R02,testing,05,35,1,0.0,0.0,0.0,0.0
A,R02,testing,05,36,1,0.0,0.0,0.0,0.0
A,R02,testing,05,37,1,0.0,0.0,0.0,0.0
A,R02,testing,05,38,1,0.0,0.0,0.0,0.0
A,R02,testing,05,39,1,0.0,0.0,0.0,0.0
A,R02,testing,05,40,1,0.0,0.0,0.0,0.0
A,R02,testing,05,41,1,0.0,0.0,0.0,0.0
A,R02,testing,05,42,1,0.0,0.0,0.0,0.0
A,R02,testing,05,43,1,0.0,0.0,0.0,0.0
A,R02,testing,05,44,1,0.0,0.0,0.0,0.0
A,R02,testing,05,45,1,0.0,0.0,0.0,0.0
A,R02,testing,05,46,1,0.0,0.0,0.0,0.0
A,R02,testing,05,47,1,0.0,0.0,0.0,0.0
A,R02,testing,05,48,1,0.0,0.0,0.0,0.0
A,R02,testing,05,49,1,0.0,0.0,0.0,0.0
A,R02,testing,05,50,1,0.0,0.0,0.0,0.0
A,R02,testing,05,51,1,0.0,0.0,0.0,0.0
A,R02,testing,05,52,1,0.0,0.0,0.0,0.0
A,R02,testing,05,53,1,0.0,0.0,0.0,0.0
A,R02,testing,05,54,1,0.0,0.0,0.0,0.0
A,R02,testing,05,55,1,0.0,0.0,0.0,0.0
A,R02,testing,05,56,1,0.0,0.0,0.0,0.0
A,R02,testing,05,57,1,0.0,0.0,0.0,0.0
A,R02,testing,05,58,1,0.0,0.0,0.0,0.0
A,R02,testing,05,59,1,0.0,0.0,0.0,0.0
A,R02,testing,05,60,1,0.0,0.0,0.0,0.0
A,R02,testing,05,61,1,0.0,0.0,0.0,0.0
A,R02,testing,05,62,1,0.0,0.0,0.0,0.0
A,R02,testing,05,63,1,0.0,0.0,0.0,0.0
A,R02,testing,05,64,1,0.0,0.0,0.0,0.0
A,R02,testing,05,65,1,0.0,0.0,0.0,0.0
A,R02,testing,05,66,1,0.0,0.0,0.0,0.0
A,R02,testing,05,67,1,0.0,0.0,0.0,0.0
A,R02,testing,05,68,1,0.0,0.0,0.0,0.0
A,R02,testing,05,69,1,0.0,0.0,0.0,0.0
A,R02,testing,05,70,1,0.0,0.0,0.0,0.0
A,R02,testing,05,71,1,0.0,0.0,0.0,0.0
A,R02,testing,05,72,1,0.0,0.0,0.0,0.0
A,R02,testing,05,73,1,0.0,0.0,0.0,0.0
A,R02,testing,05,74,1,0.0,0.0,0.0,0.0
A,R02,testing,05,75,1,0.0,0.0,0.0,0.0
A,R02,testing,05,76,1,0.0,0.0,0.0,0.0
A,R02,testing,05,77,1,0.0,0.0,0.0,0.0
A,R02,testing,05,78,1,0.0,0.0,0.0,0.0
A,R02,testing,05,79,1,0.0,0.0,0.0,0.0
A,R02,testing,05,80,1,0.0,0.0,0.0,0.0
A,R02,testing,05,81,1,0.0,0.0,0.0,0.0
A,R02,testing,05,82,1,0.0,0.0,0.0,0.0
A,R02,testing,05,83,1,0.0,0.0,0.0,0.0
A,R02,testing,05,84,1,0.0,0.0,0.0,0.0
A,R02,testing,05,85,1,0.0,0.0,0.0,0.0
A,R02,testing,05,86,1,0.0,0.0,0.0,0.0
A,R02,testing,05,87,1,0.0,0.0,0.0,0.0
A,R02,testing,05,88,1,0.0,0.0,0.0,0.0
A,R02,testing,05,89,1,0.0,0.0,0.0,0.0
A,R02,testing,05,90,1,0.0,0.0,0.0,0.0
A,R02,testing,05,91,1,0.0,0.0,0.0,0.0
A,R02,testing,05,92,1,0.0,0.0,0.0,0.0
A,R02,testing,05,93,1,0.0,0.0,0.0,0.0
A,R02,testing,05,94,1,0.0,0.0,0.0,0.0
A,R02,testing,05,95,1,0.0,0.0,0.0,0.0
A,R02,testing,05,96,1,0.0,0.0,0.0,0.0
A,R02,testing,05,97,1,0.0,0.0,0.0,0.0
A,R02,testing,05,98,1,0.0,0.0,0.0,0.0
A,R02,testing,05,99,1,0.0,0.0,0.0,0.0
A,R02,testing,05,100,1,0.0,0.0,0.0,0.0
A,R02,testing,05,101,1,0.0,0.0,0.0,0.0
A,R02,testing,05,102,1,0.0,0.0,0.0,0.0
A,R02,testing,05,103,1,0.0,0.0,0.0,0.0
A,R02,testing,05,104,1,0.0,0.0,0.0,0.0
A,R02,testing,05,105,1,0.0,0.0,0.0,0.0
A,R02,testing,05,106,1,0.0,0.0,0.0,0.0
A,R02,testing,05,107,1,0.0,0.0,0.0,0.0
A,R02,testing,05,108,1,0.0,0.0,0.0,0.0
A,R02,testing,05,109,1,0.0,0.0,0.0,0.0
A,R02,testing,05,110,1,0.0,0.0,0.0,0.0
A,R02,testing,05,111,1,0.0,0.0,0.0,0.0
A,R02,testing,05,112,1,0.0,0.0,0.0,0.0
A,R02,testing,05,113,1,0.0,0.0,0.0,0.0
A,R02,testing,05,114,1,0.0,0.0,0.0,0.0
A,R02,testing,05,115,1,0.0,0.0,0.0,0.0
A,R02,testing,05,116,1,0.0,0.0,0.0,0.0
A,R02,testing,05,117,1,0.0,0.0,0.0,0.0
A,R02,testing,05,118,1,0.0,0.0,0.0,0.0
A,R02,testing,05,119,1,0.0,0.0,0.0,0.0
A,R02,testing,05,120,1,0.0,0.0,0.0,0.0
A,R02,testing,05,121,1,0.0,0.0,0.0,0.0
A,R02,testing,05,122,1,0.0,0.0,0.0,0.0
A,R02,testing,05,123,1,0.0,0.0,0.0,0.0
A,R02,testing,05,124,1,0.0,0.0,0.0,0.0
A,R02,testing,05,125,1,0.0,0.0,0.0,0.0
A,R02,testing,05,126,1,0.0,0.0,0.0,0.0
A,R02,testing,05,127,1,0.0,0.0,0.0,0.0
A,R02,testing,05,128,1,0.0,0.0,0.0,0.0
A,R02,testing,05,129,1,0.0,0.0,0.0,0.0
A,R02,testing,05,130,1,0.0,0.0,0.0,0.0
A,R02,testing,05,131,1,0.0,0.0,0.0,0.0
A,R02,testing,05,132,1,0.0,0.0,0.0,0.0
A,R02,testing,05,133,1,0.0,0.0,0.0,0.0
A,R02,testing,05,134,1,0.0,0.0,0.0,0.0
A,R02,testing,05,135,1,0.0,0.0,0.0,0.0
A,R02,testing,05,136,1,0.0,0.0,0.0,0.0
A,R02,testing,05,137,1,0.0,0.0,0.0,0.0
A,R02,testing,05,138,1,0.0,0.0,0.0,0.0
A,R02,testing,05,139,1,0.0,0.0,0.0,0.0
A,R02,testing,05,140,1,0.0,0.0,0.0,0.0
A,R02,testing,05,141,1,0.0,0.0,0.0,0.0
A,R02,testing,05,142,1,0.0,0.0,0.0,0.0
A,R02,testing,05,143,1,0.0,0.0,0.0,0.0
A,R02,testing,05,144,1,0.0,0.0,0.0,0.0
A,R02,testing,05,145,1,0.0,0.0,0.0,0.0
A,R02,testing,05,146,1,0.0,0.0,0.0,0.0
A,R02,testing,05,147,1,0.0,0.0,0.0,0.0
A,R02,testing,05,148,1,0.0,0.0,0.0,0.0
A,R02,testing,05,149,1,0.0,0.0,0.0,0.0
A,R02,testing,05,150,1,0.0,0.0,0.0,0.0
A,R02,testing,05,151,1,0.0,0.0,0.0,0.0
A,R02,testing,05,152,1,0.0,0.0,0.0,0.0
A,R02,testing,05,153,1,0.0,0.0,0.0,0.0
A,R02,testing,05,154,1,0.0,0.0,0.0,0.0
A,R02,testing,05,155,1,0.0,0.0,0.0,0.0
A,R02,testing,05,156,1,0.0,0.0,0.0,0.0
A,R02,testing,05,157,1,0.0,0.0,0.0,0.0
A,R02,testing,05,158,1,0.0,0.0,0.0,0.0
A,R02,testing,05,159,1,0.0,0.0,0.0,0.0
A,R02,testing,05,160,1,0.0,0.0,0.0,0.0
A,R02,testing,05,161,1,0.0,0.0,0.0,0.0
A,R02,testing,05,162,1,0.0,0.0,0.0,0.0
A,R02,testing,05,163,1,0.0,0.0,0.0,0.0
A,R02,testing,05,164,1,0.0,0.0,0.0,0.0
A,R02,testing,05,165,1,0.0,0.0,0.0,0.0
A,R02,testing,05,166,1,0.0,0.0,0.0,0.0
A,R02,testing,05,167,1,0.0,0.0,0.0,0.0
A,R02,testing,05,168,1,0.0,0.0,0.0,0.0
A,R02,testing,05,169,1,0.0,0.0,0.0,0.0
A,R02,testing,05,170,1,0.0,0.0,0.0,0.0
A,R02,testing,05,171,1,0.0,0.0,0.0,0.0
A,R02,testing,05,172,1,0.0,0.0,0.0,0.0
A,R02,testing,05,173,1,0.0,0.0,0.0,0.0
A,R02,testing,05,174,1,0.0,0.0,0.0,0.0
A,R02,testing,05,175,1,0.0,0.0,0.0,0.0
A,R02,testing,05,176,1,0.0,0.0,0.0,0.0
A,R02,testing,05,177,1,0.0,0.0,0.0,0.0
A,R02,testing,05,178,1,0.0,0.0,0.0,0.0
A,R02,testing,05,179,1,0.0,0.0,0.0,0.0
A,R02,testing,05,180,1,0.0,0.0,0.0,0.0
A,R02,testing,05,181,1,0.0,0.0,0.0,0.0
A,R02,testing,05,182,1,0.0,0.0,0.0,0.0
A,R02,testing,05,183,1,0.0,0.0,0.0,0.0
A,R02,testing,05,184,1,0.0,0.0,0.0,0.0
A,R02,testing,05,185,1,0.0,0.0,0.0,0.0
A,R02,testing,05,186,1,0.0,0.0,0.0,0.0
A,R02,testing,05,187,1,0.0,0.0,0.0,0.0
A,R02,testing,05,188,1,0.0,0.0,0.0,0.0
A,R02,testing,05,189,1,0.0,0.0,0.0,0.0
A,R02,testing,05,190,1,0.0,0.0,0.0,0.0
A,R02,testing,05,191,1,0.0,0.0,0.0,0.0
A,R02,testing,05,192,1,0.0,0.0,0.0,0.0
A,R02,testing,05,193,1,0.0,0.0,0.0,0.0
A,R02,testing,05,194,1,0.0,0.0,0.0,0.0
A,R02,testing,05,195,1,0.0,0.0,0.0,0.0
A,R02,testing,05,196,1,0.0,0.0,0.0,0.0
A,R02,testing,05,197,1,0.0,0.0,0.0,0.0
A,R02,testing,05,198,1,0.0,0.0,0.0,0.0
A,R02,testing,05,199,1,0.0,0.0,0.0,0.0
A,R02,testing,05,200,1,0.0,0.0,0.0,0.0
A,R02,testing,05,201,1,0.0,0.0,0.0,0.0
A,R02,testing,05,202,1,0.0,0.0,0.0,0.0
A,R02,testing,05,203,1,0.0,0.0,0.0,0.0
A,R02,testing,05,204,1,0.0,0.0,0.0,0.0
A,R02,testing,05,205,1,0.0,0.0,0.0,0.0
A,R02,testing,05,206,1,0.0,0.0,0.0,0.0
A,R02,testing,05,207,1,0.0,0.0,0.0,0.0
A,R02,testing,05,208,1,0.0,0.0,0.0,0.0
A,R02,testing,05,209,1,0.0,0.0,0.0,0.0
A,R02,testing,05,210,1,0.0,0.0,0.0,0.0
A,R02,testing,05,211,1,0.0,0.0,0.0,0.0
A,R02,testing,05,212,1,0.0,0.0,0.0,0.0
A,R02,testing,05,213,1,0.0,0.0,0.0,0.0
A,R02,testing,05,214,1,0.0,0.0,0.0,0.0
A,R02,testing,05,215,1,0.0,0.0,0.0,0.0
A,R02,testing,05,216,1,0.0,0.0,0.0,0.0
A,R02,testing,05,217,1,0.0,0.0,0.0,0.0
A,R02,testing,05,218,1,0.0,0.0,0.0,0.0
A,R02,testing,05,219,1,0.0,0.0,0.0,0.0
A,R02,testing,05,220,1,0.0,0.0,0.0,0.0
A,R02,testing,05,221,1,0.0,0.0,0.0,0.0
A,R02,testing,05,222,1,0.0,0.0,0.0,0.0
A,R02,testing,05,223,1,0.0,0.0,0.0,0.0
A,R02,testing,05,224,1,0.0,0.0,0.0,0.0
A,R02,testing,05,225,1,0.0,0.0,0.0,0.0
A,R02,testing,05,226,1,0.0,0.0,0.0,0.0
A,R02,testing,05,227,1,0.0,0.0,0.0,0.0
A,R02,testing,05,228,1,0.0,0.0,0.0,0.0
A,R02,testing,05,229,1,0.0,0.0,0.0,0.0
A,R02,testing,05,230,1,0.0,0.0,0.0,0.0
A,R02,testing,05,231,1,0.0,0.0,0.0,0.0
A,R02,testing,05,232,1,0.0,0.0,0.0,0.0
A,R02,testing,05,233,1,0.0,0.0,0.0,0.0
A,R02,testing,05,234,1,0.0,0.0,0.0,0.0
A,R02,testing,05,235,1,0.0,0.0,0.0,0.0
A,R02,testing,05,236,1,0.0,0.0,0.0,0.0
A,R02,testing,05,237,1,0.0,0.0,0.0,0.0
A,R02,testing,05,238,1,0.0,0.0,0.0,0.0
A,R02,testing,05,239,1,0.0,0.0,0.0,0.0
A,R02,testing,05,240,1,0.0,0.0,0.0,0.0
A,R02,testing,05,241,1,0.0,0.0,0.0,0.0
A,R02,testing,05,242,1,0.0,0.0,0.0,0.0
A,R02,testing,05,243,1,0.0,0.0,0.0,0.0
A,R02,testing,05,244,1,0.0,0.0,0.0,0.0
A,R02,testing,05,245,1,0.0,0.0,0.0,0.0
A,R02,testing,05,246,1,0.0,0.0,0.0,0.0
A,R02,testing,05,247,1,0.0,0.0,0.0,0.0
A,R02,testing,05,248,1,0.0,0.0,0.0,0.0
A,R02,testing,05,249,1,0.0,0.0,0.0,0.0
A,R02,testing,05,250,1,0.0,0.0,0.0,0.0
A,R02,testing,05,251,1,0.0,0.0,0.0,0.0
A,R02,testing,05,252,1,0.0,0.0,0.0,0.0
A,R02,testing,05,253,1,0.0,0.0,0.0,0.0
A,R02,testing,05,254,1,0.0,0.0,0.0,0.0
A,R02,testing,05,255,1,0.0,0.0,0.0,0.0
A,R02,testing,05,256,1,0.0,0.0,0.0,0.0
A,R02,testing,05,257,1,0.0,0.0,0.0,0.0
A,R02,testing,05,258,1,0.0,0.0,0.0,0.0
A,R02,testing,05,259,1,0.0,0.0,0.0,0.0
A,R02,testing,05,260,1,0.0,0.0,0.0,0.0
A,R02,testing,05,261,1,0.0,0.0,0.0,0.0
A,R02,testing,05,262,1,0.0,0.0,0.0,0.0
A,R02,testing,05,263,1,0.0,0.0,0.0,0.0
A,R02,testing,05,264,1,0.0,0.0,0.0,0.0
A,R02,testing,05,265,1,0.0,0.0,0.0,0.0
A,R02,testing,05,266,1,0.0,0.0,0.0,0.0
A,R02,testing,05,267,1,0.0,0.0,0.0,0.0
A,R02,testing,05,268,1,0.0,0.0,0.0,0.0
A,R02,testing,05,269,1,0.0,0.0,0.0,0.0
A,R02,testing,05,270,1,0.0,0.0,0.0,0.0
A,R02,testing,05,271,1,0.0,0.0,0.0,0.0
A,R02,testing,05,272,1,0.0,0.0,0.0,0.0
A,R02,testing,05,273,1,0.0,0.0,0.0,0.0
A,R02,testing,05,274,1,0.0,0.0,0.0,0.0
A,R02,testing,05,275,1,0.0,0.0,0.0,0.0
A,R02,testing,05,276,1,0.0,0.0,0.0,0.0
A,R02,testing,05,277,1,0.0,0.0,0.0,0.0
A,R02,testing,05,278,1,0.0,0.0,0.0,0.0
A,R02,testing,05,279,1,0.0,0.0,0.0,0.0
A,R02,testing,05,280,1,0.0,0.0,0.0,0.0
A,R02,testing,05,281,1,0.0,0.0,0.0,0.0
A,R02,testing,05,282,1,0.0,0.0,0.0,0.0
A,R02,testing,05,283,1,0.0,0.0,0.0,0.0
A,R02,testing,05,284,1,0.0,0.0,0.0,0.0
A,R02,testing,05,285,1,0.0,0.0,0.0,0.0
A,R02,testing,05,286,1,0.0,0.0,0.0,0.0
A,R02,testing,05,287,1,0.0,0.0,0.0,0.0
A,R02,testing,05,288,1,0.0,0.0,0.0,0.0
A,R02,testing,05,289,1,0.0,0.0,0.0,0.0
A,R02,testing,05,290,1,0.0,0.0,0.0,0.0
A,R02,testing,05,291,1,0.0,0.0,0.0,0.0
A,R02,testing,05,292,1,0.0,0.0,0.0,0.0
A,R02,testing,05,293,1,0.0,0.0,0.0,0.0
A,R02,testing,05,294,1,0.0,0.0,0.0,0.0
A,R02,testing,05,295,1,0.0,0.0,0.0,0.0
A,R02,testing,05,296,1,0.0,0.0,0.0,0.0
A,R02,testing,05,297,1,0.0,0.0,0.0,0.0
A,R02,testing,05,298,1,0.0,0.0,0.0,0.0
A,R02,testing,05,299,1,0.0,0.0,0.0,0.0
A,R02,testing,05,300,1,0.0,0.0,0.0,0.0
A,R02,testing,05,301,1,0.0,0.0,0.0,0.0
A,R02,testing,05,302,1,0.0,0.0,0.0,0.0
A,R02,testing,05,303,1,0.0,0.0,0.0,0.0
A,R02,testing,05,304,1,0.0,0.0,0.0,0.0
A,R02,testing,05,305,1,0.0,0.0,0.0,0.0
A,R02,testing,05,306,1,0.0,0.0,0.0,0.0
A,R02,testing,05,307,1,0.0,0.0,0.0,0.0
A,R02,testing,05,308,1,0.0,0.0,0.0,0.0
A,R02,testing,05,309,1,0.0,0.0,0.0,0.0
A,R02,testing,05,310,1,0.0,0.0,0.0,0.0
A,R02,testing,05,311,1,0.0,0.0,0.0,0.0
A,R02,testing,05,312,1,0.0,0.0,0.0,0.0
A,R02,testing,05,313,1,0.0,0.0,0.0,0.0
A,R02,testing,05,314,1,0.0,0.0,0.0,0.0
A,R02,testing,05,315,0,0.0,0.0,0.0,0.0
A,R02,testing,05,316,0,0.0,0.0,0.0,0.0
A,R02,testing,05,317,0,0.0,0.0,0.0,0.0
A,R02,testing,05,318,0,0.0,0.0,0.0,0.0
A,R02,testing,05,319,0,0.0,0.0,0.0,0.0
A,R02,testing,05,320,0,0.0,0.0,0.0,0.0
A,R02,testing,05,321,0,0.0,0.0,0.0,0.0
A,R02,testing,05,322,0,0.0,0.0,0.0,0.0
A,R02,testing,05,323,0,0.0,0.0,0.0,0.0
A,R02,testing,05,324,0,0.0,0.0,0.0,0.0
A,R02,testing,05,325,0,0.0,0.0,0.0,0.0
A,R02,testing,05,326,0,0.0,0.0,0.0,0.0
A,R02,testing,05,327,0,0.0,0.0,0.0,0.0
A,R02,testing,05,328,0,0.0,0.0,0.0,0.0
A,R02,testing,05,329,0,0.0,0.0,0.0,0.0
A,R02,testing,05,330,0,0.0,0.0,0.0,0.0
A,R02,testing,05,331,0,0.0,0.0,0.0,0.0
A,R02,testing,05,332,0,0.0,0.0,0.0,0.0
A,R02,testing,05,333,0,0.0,0.0,0.0,0.0
A,R02,testing,05,334,0,0.0,0.0,0.0,0.0
A,R02,testing,05,335,0,0.0,0.0,0.0,0.0
A,R02,testing,05,336,0,0.0,0.0,0.0,0.0
A,R02,testing,05,337,0,0.0,0.0,0.0,0.0
A,R02,testing,05,338,0,0.0,0.0,0.0,0.0
A,R02,testing,05,339,0,0.0,0.0,0.0,0.0
A,R02,testing,05,340,0,0.0,0.0,0.0,0.0
A,R02,testing,05,341,0,0.0,0.0,0.0,0.0
A,R02,testing,05,342,0,0.0,0.0,0.0,0.0
A,R02,testing,05,343,0,0.0,0.0,0.0,0.0
A,R02,testing,05,344,0,0.0,0.0,0.0,0.0
A,R02,testing,05,345,0,0.0,0.0,0.0,0.0
A,R02,testing,05,346,0,0.0,0.0,0.0,0.0
A,R02,testing,05,347,0,0.0,0.0,0.0,0.0
A,R02,testing,05,348,0,0.0,0.0,0.0,0.0
A,R02,testing,05,349,0,0.0,0.0,0.0,0.0
A,R02,testing,05,350,0,0.0,0.0,0.0,0.0
A,R02,testing,05,351,0,0.0,0.0,0.0,0.0
A,R02,testing,05,352,0,0.0,0.0,0.0,0.0
A,R02,testing,05,353,0,0.0,0.0,0.0,0.0
A,R02,testing,05,354,0,0.0,0.0,0.0,0.0
A,R02,testing,05,355,0,0.0,0.0,0.0,0.0
A,R02,testing,05,356,0,0.0,0.0,0.0,0.0
A,R02,testing,05,357,0,0.0,0.0,0.0,0.0
A,R02,testing,05,358,0,0.0,0.0,0.0,0.0
A,R02,testing,05,359,0,0.0,0.0,0.0,0.0
A,R02,testing,05,360,0,0.0,0.0,0.0,0.0
A,R02,testing,05,361,0,0.0,0.0,0.0,0.0
A,R02,testing,05,362,0,0.0,0.0,0.0,0.0
A,R02,testing,05,363,0,0.0,0.0,0.0,0.0
A,R02,testing,05,364,0,0.0,0.0,0.0,0.0
A,R02,testing,05,365,0,0.0,0.0,0.0,0.0
A,R02,testing,05,366,0,0.0,0.0,0.0,0.0
A,R02,testing,05,367,0,0.0,0.0,0.0,0.0
A,R02,testing,05,368,0,0.0,0.0,0.0,0.0
A,R02,testing,05,369,0,0.0,0.0,0.0,0.0
A,R02,testing,05,370,0,0.0,0.0,0.0,0.0
A,R02,testing,05,371,0,0.0,0.0,0.0,0.0
A,R02,testing,05,372,0,0.0,0.0,0.0,0.0
A,R02,testing,05,373,0,0.0,0.0,0.0,0.0
A,R02,testing,05,374,0,0.0,0.0,0.0,0.0
A,R02,testing,05,375,0,0.0,0.0,0.0,0.0
A,R02,testing,05,376,0,0.0,0.0,0.0,0.0
A,R02,testing,05,377,0,0.0,0.0,0.0,0.0
A,R02,testing,05,378,0,0.0,0.0,0.0,0.0
A,R02,testing,05,379,0,0.0,0.0,0.0,0.0
A,R02,testing,05,380,0,0.0,0.0,0.0,0.0
A,R02,testing,05,381,0,0.0,0.0,0.0,0.0
A,R02,testing,05,382,0,0.0,0.0,0.0,0.0
A,R02,testing,05,383,0,0.0,0.0,0.0,0.0
A,R02,testing,05,384,0,0.0,0.0,0.0,0.0
A,R02,testing,05,385,0,0.0,0.0,0.0,0.0
A,R02,testing,05,386,0,0.0,0.0,0.0,0.0
A,R02,testing,05,387,0,0.0,0.0,0.0,0.0
A,R02,testing,05,388,0,0.0,0.0,0.0,0.0
A,R02,testing,05,389,0,0.0,0.0,0.0,0.0
A,R02,testing,05,390,0,0.0,0.0,0.0,0.0
A,R02,testing,05,391,0,0.0,0.0,0.0,0.0
A,R02,testing,05,392,0,0.0,0.0,0.0,0.0
A,R02,testing,05,393,0,0.0,0.0,0.0,0.0
A,R02,testing,05,394,0,0.0,0.0,0.0,0.0
A,R02,testing,05,395,0,0.0,0.0,0.0,0.0
A,R02,testing,05,396,0,0.0,0.0,0.0,0.0
A,R02,testing,05,397,0,0.0,0.0,0.0,0.0
A,R02,testing,05,398,0,0.0,0.0,0.0,0.0
A,R02,testing,05,399,0,0.0,0.0,0.0,0.0
A,R02,testing,05,400,0,0.0,0.0,0.0,0.0
A,R02,testing,05,401,0,0.0,0.0,0.0,0.0
A,R02,testing,05,402,0,0.0,0.0,0.0,0.0
A,R02,testing,05,403,0,0.0,0.0,0.0,0.0
A,R02,testing,05,404,0,0.0,0.0,0.0,0.0
A,R02,testing,05,405,0,0.0,0.0,0.0,0.0
A,R02,testing,05,406,0,0.0,0.0,0.0,0.0
A,R02,testing,05,407,0,0.0,0.0,0.0,0.0
A,R02,testing,05,408,0,0.0,0.0,0.0,0.0
A,R02,testing,05,409,0,0.0,0.0,0.0,0.0
A,R02,testing,05,410,0,0.0,0.0,0.0,0.0
A,R02,testing,05,411,0,0.0,0.0,0.0,0.0
A,R02,testing,05,412,0,0.0,0.0,0.0,0.0
A,R02,testing,05,413,0,0.0,0.0,0.0,0.0
A,R02,testing,05,414,0,0.0,0.0,0.0,0.0
A,R02,testing,05,415,0,0.0,0.0,0.0,0.0
A,R02,testing,05,416,0,0.0,0.0,0.0,0.0
A,R02,testing,05,417,0,0.0,0.0,0.0,0.0
A,R02,testing,05,418,0,0.0,0.0,0.0,0.0
A,R02,testing,05,419,0,0.0,0.0,0.0,0.0
A,R02,testing,05,420,0,0.0,0.0,0.0,0.0
A,R02,testing,05,421,0,0.0,0.0,0.0,0.0
A,R02,testing,05,422,0,0.0,0.0,0.0,0.0
A,R02,testing,05,423,0,0.0,0.0,0.0,0.0
A,R02,testing,05,424,0,0.0,0.0,0.0,0.0
A,R02,testing,05,425,0,0.0,0.0,0.0,0.0
A,R02,testing,05,426,0,0.0,0.0,0.0,0.0
A,R02,testing,05,427,0,0.0,0.0,0.0,0.0
A,R02,testing,05,428,0,0.0,0.0,0.0,0.0
A,R02,testing,05,429,0,0.0,0.0,0.0,0.0
A,R02,testing,05,430,0,0.0,0.0,0.0,0.0
A,R02,testing,05,431,0,0.0,0.0,0.0,0.0
A,R02,testing,05,432,0,0.0,0.0,0.0,0.0
A,R02,testing,05,433,0,0.0,0.0,0.0,0.0
A,R02,testing,05,434,0,0.0,0.0,0.0,0.0
A,R02,testing,05,435,0,0.0,0.0,0.0,0.0
A,R02,testing,05,436,0,0.0,0.0,0.0,0.0
A,R02,testing,05,437,0,0.0,0.0,0.0,0.0
A,R02,testing,05,438,0,0.0,0.0,0.0,0.0
A,R02,testing,05,439,0,0.0,0.0,0.0,0.0
A,R02,testing,05,440,0,0.0,0.0,0.0,0.0
A,R02,testing,05,441,0,0.0,0.0,0.0,0.0
A,R02,testing,05,442,0,0.0,0.0,0.0,0.0
A,R02,testing,05,443,0,0.0,0.0,0.0,0.0
A,R02,testing,05,444,0,0.0,0.0,0.0,0.0
A,R02,testing,05,445,0,0.0,0.0,0.0,0.0
A,R02,testing,05,446,0,0.0,0.0,0.0,0.0
A,R02,testing,05,447,0,0.0,0.0,0.0,0.0
A,R02,testing,05,448,0,0.0,0.0,0.0,0.0
A,R02,testing,05,449,0,0.0,0.0,0.0,0.0
A,R02,testing,05,450,0,0.0,0.0,0.0,0.0
A,R02,testing,05,451,0,0.0,0.0,0.0,0.0
A,R02,testing,05,452,0,0.0,0.0,0.0,0.0
A,R02,testing,05,453,0,0.0,0.0,0.0,0.0
A,R02,testing,05,454,0,0.0,0.0,0.0,0.0
A,R02,testing,05,455,0,0.0,0.0,0.0,0.0
A,R02,testing,05,456,0,0.0,0.0,0.0,0.0
A,R02,testing,05,457,0,0.0,0.0,0.0,0.0
A,R02,testing,05,458,0,0.0,0.0,0.0,0.0
A,R02,testing,05,459,0,0.0,0.0,0.0,0.0
A,R02,testing,05,460,0,0.0,0.0,0.0,0.0
A,R02,testing,05,461,0,0.0,0.0,0.0,0.0
A,R02,testing,05,462,0,0.0,0.0,0.0,0.0
A,R02,testing,05,463,0,0.0,0.0,0.0,0.0
A,R02,testing,05,464,0,0.0,0.0,0.0,0.0
A,R02,testing,05,465,0,0.0,0.0,0.0,0.0
A,R02,testing,05,466,0,0.0,0.0,0.0,0.0
A,R02,testing,05,467,0,0.0,0.0,0.0,0.0
A,R02,testing,05,468,0,0.0,0.0,0.0,0.0
A,R02,testing,05,469,0,0.0,0.0,0.0,0.0
A,R02,testing,05,470,0,0.0,0.0,0.0,0.0
A,R02,testing,05,471,0,0.0,0.0,0.0,0.0
A,R02,testing,05,472,0,0.0,0.0,0.0,0.0
A,R02,testing,05,473,0,0.0,0.0,0.0,0.0
A,R02,testing,05,474,0,0.0,0.0,0.0,0.0
A,R02,testing,05,475,0,0.0,0.0,0.0,0.0
A,R02,testing,05,476,0,0.0,0.0,0.0,0.0
A,R02,testing,05,477,0,0.0,0.0,0.0,0.0
A,R02,testing,05,478,0,0.0,0.0,0.0,0.0
A,R02,testing,05,479,0,0.0,0.0,0.0,0.0
A,R02,testing,05,480,0,0.0,0.0,0.0,0.0
A,R02,testing,05,481,0,0.0,0.0,0.0,0.0
A,R02,testing,05,482,0,0.0,0.0,0.0,0.0
A,R02,testing,05,483,0,0.0,0.0,0.0,0.0
A,R02,testing,05,484,0,0.0,0.0,0.0,0.0
A,R02,testing,05,485,0,0.0,0.0,0.0,0.0
A,R02,testing,05,486,0,0.0,0.0,0.0,0.0
A,R02,testing,05,487,0,0.0,0.0,0.0,0.0
A,R02,testing,05,488,0,0.0,0.0,0.0,0.0
A,R02,testing,05,489,0,0.0,0.0,0.0,0.0
A,R02,testing,05,490,0,0.0,0.0,0.0,0.0
A,R02,testing,05,491,0,0.0,0.0,0.0,0.0
A,R02,testing,05,492,0,0.0,0.0,0.0,0.0
A,R02,testing,05,493,0,0.0,0.0,0.0,0.0
A,R02,testing,05,494,0,0.0,0.0,0.0,0.0
A,R02,testing,05,495,0,0.0,0.0,0.0,0.0
A,R02,testing,05,496,0,0.0,0.0,0.0,0.0
A,R02,testing,05,497,0,0.0,0.0,0.0,0.0
A,R02,testing,05,498,0,0.0,0.0,0.0,0.0
A,R02,testing,05,499,0,0.0,0.0,0.0,0.0
A,R02,testing,05,500,0,0.0,0.0,0.0,0.0
A,R02,testing,05,501,0,0.0,0.0,0.0,0.0
A,R02,testing,05,502,0,0.0,0.0,0.0,0.0
A,R02,testing,05,503,0,0.0,0.0,0.0,0.0
A,R02,testing,05,504,0,0.0,0.0,0.0,0.0
A,R02,testing,05,505,0,0.0,0.0,0.0,0.0
A,R02,testing,05,506,0,0.0,0.0,0.0,0.0
A,R02,testing,05,507,0,0.0,0.0,0.0,0.0
A,R02,testing,05,508,0,0.0,0.0,0.0,0.0
A,R02,testing,05,509,0,0.0,0.0,0.0,0.0
A,R02,testing,05,510,0,0.0,0.0,0.0,0.0
A,R02,testing,05,511,0,0.0,0.0,0.0,0.0
A,R02,testing,05,512,0,0.0,0.0,0.0,0.0
A,R02,testing,05,513,0,0.0,0.0,0.0,0.0
A,R02,testing,05,514,0,0.0,0.0,0.0,0.0
A,R02,testing,05,515,0,0.0,0.0,0.0,0.0
A,R02,testing,05,516,0,0.0,0.0,0.0,0.0
A,R02,testing,05,517,0,0.0,0.0,0.0,0.0
A,R02,testing,05,518,0,0.0,0.0,0.0,0.0
A,R02,testing,05,519,0,0.0,0.0,0.0,0.0
A,R02,testing,05,520,0,0.0,0.0,0.0,0.0
A,R02,testing,05,521,0,0.0,0.0,0.0,0.0
A,R02,testing,05,522,0,0.0,0.0,0.0,0.0
A,R02,testing,05,523,0,0.0,0.0,0.0,0.0
A,R02,testing,05,524,0,0.0,0.0,0.0,0.0
A,R02,testing,05,525,0,0.0,0.0,0.0,0.0
A,R02,testing,05,526,0,0.0,0.0,0.0,0.0
A,R02,testing,05,527,0,0.0,0.0,0.0,0.0
A,R02,testing,05,528,0,0.0,0.0,0.0,0.0
A,R02,testing,05,529,0,0.0,0.0,0.0,0.0
A,R02,testing,05,530,0,0.0,0.0,0.0,0.0
A,R02,testing,05,531,0,0.0,0.0,0.0,0.0
A,R02,testing,05,532,0,0.0,0.0,0.0,0.0
A,R02,testing,05,533,0,0.0,0.0,0.0,0.0
A,R02,testing,05,534,0,0.0,0.0,0.0,0.0
A,R02,testing,05,535,0,0.0,0.0,0.0,0.0
A,R02,testing,05,536,0,0.0,0.0,0.0,0.0
A,R02,testing,05,537,0,0.0,0.0,0.0,0.0
A,R02,testing,05,538,0,0.0,0.0,0.0,0.0
A,R02,testing,05,539,0,0.0,0.0,0.0,0.0
A,R02,testing,05,540,0,0.0,0.0,0.0,0.0
A,R02,testing,05,541,0,0.0,0.0,0.0,0.0
A,R02,testing,05,542,0,0.0,0.0,0.0,0.0
A,R02,testing,05,543,0,0.0,0.0,0.0,0.0
A,R02,testing,05,544,0,0.0,0.0,0.0,0.0
A,R02,testing,05,545,0,0.0,0.0,0.0,0.0
A,R02,testing,05,546,0,0.0,0.0,0.0,0.0
A,R02,testing,05,547,0,0.0,0.0,0.0,0.0
A,R02,testing,05,548,0,0.0,0.0,0.0,0.0
A,R02,testing,05,549,0,0.0,0.0,0.0,0.0
A,R02,testing,05,550,0,0.0,0.0,0.0,0.0
A,R02,testing,05,551,0,0.0,0.0,0.0,0.0
A,R02,testing,05,552,0,0.0,0.0,0.0,0.0
A,R02,testing,05,553,0,0.0,0.0,0.0,0.0
A,R02,testing,05,554,0,0.0,0.0,0.0,0.0
A,R02,testing,05,555,0,0.0,0.0,0.0,0.0
A,R02,testing,05,556,0,0.0,0.0,0.0,0.0
A,R02,testing,05,557,0,0.0,0.0,0.0,0.0
A,R02,testing,05,558,0,0.0,0.0,0.0,0.0
A,R02,testing,05,559,0,0.0,0.0,0.0,0.0
A,R02,testing,05,560,0,0.0,0.0,0.0,0.0
A,R02,testing,05,561,0,0.0,0.0,0.0,0.0
A,R02,testing,05,562,0,0.0,0.0,0.0,0.0
A,R02,testing,05,563,0,0.0,0.0,0.0,0.0
A,R02,testing,05,564,0,0.0,0.0,0.0,0.0
A,R02,testing,05,565,0,0.0,0.0,0.0,0.0
A,R02,testing,05,566,0,0.0,0.0,0.0,0.0
A,R02,testing,05,567,0,0.0,0.0,0.0,0.0
A,R02,testing,05,568,0,0.0,0.0,0.0,0.0
A,R02,testing,05,569,0,0.0,0.0,0.0,0.0
A,R02,testing,05,570,0,0.0,0.0,0.0,0.0
A,R02,testing,05,571,0,0.0,0.0,0.0,0.0
A,R02,testing,05,572,0,0.0,0.0,0.0,0.0
A,R02,testing,05,573,0,0.0,0.0,0.0,0.0
A,R02,testing,05,574,0,0.0,0.0,0.0,0.0
A,R02,testing,05,575,0,0.0,0.0,0.0,0.0
A,R02,testing,05,576,0,0.0,0.0,0.0,0.0
A,R02,testing,05,577,0,0.0,0.0,0.0,0.0
A,R02,testing,05,578,0,0.0,0.0,0.0,0.0
A,R02,testing,05,579,0,0.0,0.0,0.0,0.0
A,R02,testing,05,580,0,0.0,0.0,0.0,0.0
A,R02,testing,05,581,0,0.0,0.0,0.0,0.0
A,R02,testing,05,582,0,0.0,0.0,0.0,0.0
B,R02,testing,05,0,0,0.0,0.0,0.0,0.0
B,R02,testing,05,1,0,0.0,0.0,0.0,0.0
B,R02,testing,05,2,0,0.0,0.0,0.0,0.0
B,R02,testing,05,3,0,0.0,0.0,0.0,0.0
B,R02,testing,05,4,0,0.0,0.0,0.0,0.0
B,R02,testing,05,5,0,0.0,0.0,0.0,0.0
B,R02,testing,05,6,0,0.0,0.0,0.0,0.0
B,R02,testing,05,7,0,0.0,0.0,0.0,0.0
B,R02,testing,05,8,0,0.0,0.0,0.0,0.0
B,R02,testing,05,9,0,0.0,0.0,0.0,0.0
B,R02,testing,05,10,0,0.0,0.0,0.0,0.0
B,R02,testing,05,11,1,0.0,0.0,0.0,0.0
B,R02,testing,05,12,1,0.0,0.0,0.0,0.0
B,R02,testing,05,13,1,0.0,0.0,0.0,0.0
B,R02,testing,05,14,1,0.0,0.0,0.0,0.0
B,R02,testing,05,15,1,0.0,0.0,0.0,0.0
B,R02,testing,05,16,1,0.0,0.0,0.0,0.0
B,R02,testing,05,17,1,0.0,0.0,0.0,0.0
B,R02,testing,05,18,1,0.0,0.0,0.0,0.0
B,R02,testing,05,19,1,0.0,0.0,0.0,0.0
B,R02,testing,05,20,1,0.0,0.0,0.0,0.0
B,R02,testing,05,21,1,0.0,0.0,0.0,0.0
B,R02,testing,05,22,1,0.0,0.0,0.0,0.0
B,R02,testing,05,23,1,0.0,0.0,0.0,0.0
B,R02,testing,05,24,1,0.0,0.0,0.0,0.0
B,R02,testing,05,25,1,0.0,0.0,0.0,0.0
B,R02,testing,05,26,1,0.0,0.0,0.0,0.0
B,R02,testing,05,27,1,0.0,0.0,0.0,0.0
B,R02,testing,05,28,1,0.0,0.0,0.0,0.0
B,R02,testing,05,29,1,0.0,0.0,0.0,0.0
B,R02,testing,05,30,1,0.0,0.0,0.0,0.0
B,R02,testing,05,31,1,0.0,0.0,0.0,0.0
B,R02,testing,05,32,1,0.0,0.0,0.0,0.0
B,R02,testing,05,33,1,0.0,0.0,0.0,0.0
B,R02,testing,05,34,1,0.0,0.0,0.0,0.0
B,R02,testing,05,35,1,0.0,0.0,0.0,0.0
B,R02,testing,05,36,1,0.0,0.0,0.0,0.0
B,R02,testing,05,37,1,0.0,0.0,0.0,0.0
B,R02,testing,05,38,1,0.0,0.0,0.0,0.0
B,R02,testing,05,39,1,0.0,0.0,0.0,0.0
B,R02,testing,05,40,1,0.0,0.0,0.0,0.0
B,R02,testing,05,41,1,0.0,0.0,0.0,0.0
B,R02,testing,05,42,1,0.0,0.0,0.0,0.0
B,R02,testing,05,43,1,0.0,0.0,0.0,0.0
B,R02,testing,05,44,1,0.0,0.0,0.0,0.0
B,R02,testing,05,45,1,0.0,0.0,0.0,0.0
B,R02,testing,05,46,1,0.0,0.0,0.0,0.0
B,R02,testing,05,47,1,0.0,0.0,0.0,0.0
B,R02,testing,05,48,1,0.0,0.0,0.0,0.0
B,R02,testing,05,49,1,0.0,0.0,0.0,0.0
B,R02,testing,05,50,1,0.0,0.0,0.0,0.0
B,R02,testing,05,51,1,0.0,0.0,0.0,0.0
B,R02,testing,05,52,1,0.0,0.0,0.0,0.0
B,R02,testing,05,53,1,0.0,0.0,0.0,0.0
B,R02,testing,05,54,1,0.0,0.0,0.0,0.0
B,R02,testing,05,55,1,0.0,0.0,0.0,0.0
B,R02,testing,05,56,1,0.0,0.0,0.0,0.0
B,R02,testing,05,57,1,0.0,0.0,0.0,0.0
B,R02,testing,05,58,1,0.0,0.0,0.0,0.0
B,R02,testing,05,59,1,0.0,0.0,0.0,0.0
B,R02,testing,05,60,1,0.0,0.0,0.0,0.0
B,R02,testing,05,61,1,0.0,0.0,0.0,0.0
B,R02,testing,05,62,1,0.0,0.0,0.0,0.0
B,R02,testing,05,63,1,0.0,0.0,0.0,0.0
B,R02,testing,05,64,1,0.0,0.0,0.0,0.0
B,R02,testing,05,65,1,0.0,0.0,0.0,0.0
B,R02,testing,05,66,1,0.0,0.0,0.0,0.0
B,R02,testing,05,67,1,0.0,0.0,0.0,0.0
B,R02,testing,05,68,1,0.0,0.0,0.0,0.0
B,R02,testing,05,69,1,0.0,0.0,0.0,0.0
B,R02,testing,05,70,1,0.0,0.0,0.0,0.0
B,R02,testing,05,71,1,0.0,0.0,0.0,0.0
B,R02,testing,05,72,1,0.0,0.0,0.0,0.0
B,R02,testing,05,73,1,0.0,0.0,0.0,0.0
B,R02,testing,05,74,1,0.0,0.0,0.0,0.0
B,R02,testing,05,75,1,0.0,0.0,0.0,0.0
B,R02,testing,05,76,1,0.0,0.0,0.0,0.0
B,R02,testing,05,77,1,0.0,0.0,0.0,0.0
B,R02,testing,05,78,1,0.0,0.0,0.0,0.0
B,R02,testing,05,79,1,0.0,0.0,0.0,0.0
B,R02,testing,05,80,1,0.0,0.0,0.0,0.0
B,R02,testing,05,81,1,0.0,0.0,0.0,0.0
B,R02,testing,05,82,1,0.0,0.0,0.0,0.0
B,R02,testing,05,83,1,0.0,0.0,0.0,0.0
B,R02,testing,05,84,1,0.0,0.0,0.0,0.0
B,R02,testing,05,85,1,0.0,0.0,0.0,0.0
B,R02,testing,05,86,1,0.0,0.0,0.0,0.0
B,R02,testing,05,87,1,0.0,0.0,0.0,0.0
B,R02,testing,05,88,1,0.0,0.0,0.0,0.0
B,R02,testing,05,89,1,0.0,0.0,0.0,0.0
B,R02,testing,05,90,1,0.0,0.0,0.0,0.0
B,R02,testing,05,91,1,0.0,0.0,0.0,0.0
B,R02,testing,05,92,1,0.0,0.0,0.0,0.0
B,R02,testing,05,93,1,0.0,0.0,0.0,0.0
B,R02,testing,05,94,1,0.0,0.0,0.0,0.0
B,R02,testing,05,95,1,0.0,0.0,0.0,0.0
B,R02,testing,05,96,1,0.0,0.0,0.0,0.0
B,R02,testing,05,97,1,0.0,0.0,0.0,0.0
B,R02,testing,05,98,1,0.0,0.0,0.0,0.0
B,R02,testing,05,99,1,0.0,0.0,0.0,0.0
B,R02,testing,05,100,1,0.0,0.0,0.0,0.0
B,R02,testing,05,101,1,0.0,0.0,0.0,0.0
B,R02,testing,05,102,1,0.0,0.0,0.0,0.0
B,R02,testing,05,103,1,0.0,0.0,0.0,0.0
B,R02,testing,05,104,1,0.0,0.0,0.0,0.0
B,R02,testing,05,105,1,0.0,0.0,0.0,0.0
B,R02,testing,05,106,1,0.0,0.0,0.0,0.0
B,R02,testing,05,107,1,0.0,0.0,0.0,0.0
B,R02,testing,05,108,1,0.0,0.0,0.0,0.0
B,R02,testing,05,109,1,0.0,0.0,0.0,0.0
B,R02,testing,05,110,1,0.0,0.0,0.0,0.0
B,R02,testing,05,111,1,0.0,0.0,0.0,0.0
B,R02,testing,05,112,1,0.0,0.0,0.0,0.0
B,R02,testing,05,113,1,0.0,0.0,0.0,0.0
B,R02,testing,05,114,1,0.0,0.0,0.0,0.0
B,R02,testing,05,115,1,0.0,0.0,0.0,0.0
B,R02,testing,05,116,1,0.0,0.0,0.0,0.0
B,R02,testing,05,117,1,0.0,0.0,0.0,0.0
B,R02,testing,05,118,1,0.0,0.0,0.0,0.0
B,R02,testing,05,119,1,0.0,0.0,0.0,0.0
B,R02,testing,05,120,1,0.0,0.0,0.0,0.0
B,R02,testing,05,121,1,0.0,0.0,0.0,0.0
B,R02,testing,05,122,1,0.0,0.0,0.0,0.0
B,R02,testing,05,123,1,0.0,0.0,0.0,0.0
B,R02,testing,05,124,1,0.0,0.0,0.0,0.0
B,R02,testing,05,125,1,0.0,0.0,0.0,0.0
B,R02,testing,05,126,1,0.0,0.0,0.0,0.0
B,R02,testing,05,127,1,0.0,0.0,0.0,0.0
B,R02,testing,05,128,1,0.0,0.0,0.0,0.0
B,R02,testing,05,129,1,0.0,0.0,0.0,0.0
B,R02,testing,05,130,1,0.0,0.0,0.0,0.0
B,R02,testing,05,131,1,0.0,0.0,0.0,0.0
B,R02,testing,05,132,1,0.0,0.0,0.0,0.0
B,R02,testing,05,133,1,0.0,0.0,0.0,0.0
B,R02,testing,05,134,1,0.0,0.0,0.0,0.0
B,R02,testing,05,135,1,0.0,0.0,0.0,0.0
B,R02,testing,05,136,1,0.0,0.0,0.0,0.0
B,R02,testing,05,137,1,0.0,0.0,0.0,0.0
B,R02,testing,05,138,1,0.0,0.0,0.0,0.0
B,R02,testing,05,139,1,0.0,0.0,0.0,0.0
B,R02,testing,05,140,1,0.0,0.0,0.0,0.0
B,R02,testing,05,141,1,0.0,0.0,0.0,0.0
B,R02,testing,05,142,1,0.0,0.0,0.0,0.0
B,R02,testing,05,143,1,0.0,0.0,0.0,0.0
B,R02,testing,05,144,1,0.0,0.0,0.0,0.0
B,R02,testing,05,145,1,0.0,0.0,0.0,0.0
B,R02,testing,05,146,1,0.0,0.0,0.0,0.0
B,R02,testing,05,147,1,0.0,0.0,0.0,0.0
B,R02,testing,05,148,1,0.0,0.0,0.0,0.0
B,R02,testing,05,149,1,0.0,0.0,0.0,0.0
B,R02,testing,05,150,1,0.0,0.0,0.0,0.0
B,R02,testing,05,151,1,0.0,0.0,0.0,0.0
B,R02,testing,05,152,1,0.0,0.0,0.0,0.0
B,R02,testing,05,153,1,0.0,0.0,0.0,0.0
B,R02,testing,05,154,1,0.0,0.0,0.0,0.0
B,R02,testing,05,155,1,0.0,0.0,0.0,0.0
B,R02,testing,05,156,1,0.0,0.0,0.0,0.0
B,R02,testing,05,157,1,0.0,0.0,0.0,0.0
B,R02,testing,05,158,1,0.0,0.0,0.0,0.0
B,R02,testing,05,159,1,0.0,0.0,0.0,0.0
B,R02,testing,05,160,1,0.0,0.0,0.0,0.0
B,R02,testing,05,161,1,0.0,0.0,0.0,0.0
B,R02,testing,05,162,1,0.0,0.0,0.0,0.0
B,R02,testing,05,163,1,0.0,0.0,0.0,0.0
B,R02,testing,05,164,1,0.0,0.0,0.0,0.0
B,R02,testing,05,165,1,0.0,0.0,0.0,0.0
B,R02,testing,05,166,1,0.0,0.0,0.0,0.0
B,R02,testing,05,167,1,0.0,0.0,0.0,0.0
B,R02,testing,05,168,1,0.0,0.0,0.0,0.0
B,R02,testing,05,169,1,0.0,0.0,0.0,0.0
B,R02,testing,05,170,1,0.0,0.0,0.0,0.0
B,R02,testing,05,171,1,0.0,0.0,0.0,0.0
B,R02,testing,05,172,1,0.0,0.0,0.0,0.0
B,R02,testing,05,173,1,0.0,0.0,0.0,0.0
B,R02,testing,05,174,1,0.0,0.0,0.0,0.0
B,R02,testing,05,175,1,0.0,0.0,0.0,0.0
B,R02,testing,05,176,1,0.0,0.0,0.0,0.0
B,R02,testing,05,177,1,0.0,0.0,0.0,0.0
B,R02,testing,05,178,1,0.0,0.0,0.0,0.0
B,R02,testing,05,179,1,0.0,0.0,0.0,0.0
B,R02,testing,05,180,1,0.0,0.0,0.0,0.0
B,R02,testing,05,181,1,0.0,0.0,0.0,0.0
B,R02,testing,05,182,1,0.0,0.0,0.0,0.0
B,R02,testing,05,183,1,0.0,0.0,0.0,0.0
B,R02,testing,05,184,1,0.0,0.0,0.0,0.0
B,R02,testing,05,185,1,0.0,0.0,0.0,0.0
B,R02,testing,05,186,1,0.0,0.0,0.0,0.0
B,R02,testing,05,187,1,0.0,0.0,0.0,0.0
B,R02,testing,05,188,1,0.0,0.0,0.0,0.0
B,R02,testing,05,189,1,0.0,0.0,0.0,0.0
B,R02,testing,05,190,1,0.0,0.0,0.0,0.0
B,R02,testing,05,191,1,0.0,0.0,0.0,0.0
B,R02,testing,05,192,1,0.0,0.0,0.0,0.0
B,R02,testing,05,193,1,0.0,0.0,0.0,0.0
B,R02,testing,05,194,1,0.0,0.0,0.0,0.0
B,R02,testing,05,195,1,0.0,0.0,0.0,0.0
B,R02,testing,05,196,1,0.0,0.0,0.0,0.0
B,R02,testing,05,197,1,0.0,0.0,0.0,0.0
B,R02,testing,05,198,1,0.0,0.0,0.0,0.0
B,R02,testing,05,199,1,0.0,0.0,0.0,0.0
B,R02,testing,05,200,1,0.0,0.0,0.0,0.0
B,R02,testing,05,201,1,0.0,0.0,0.0,0.0
B,R02,testing,05,202,1,0.0,0.0,0.0,0.0
B,R02,testing,05,203,1,0.0,0.0,0.0,0.0
B,R02,testing,05,204,1,0.0,0.0,0.0,0.0
B,R02,testing,05,205,1,0.0,0.0,0.0,0.0
B,R02,testing,05,206,1,0.0,0.0,0.0,0.0
B,R02,testing,05,207,1,0.0,0.0,0.0,0.0
B,R02,testing,05,208,1,0.0,0.0,0.0,0.0
B,R02,testing,05,209,1,0.0,0.0,0.0,0.0
B,R02,testing,05,210,1,0.0,0.0,0.0,0.0
B,R02,testing,05,211,1,0.0,0.0,0.0,0.0
B,R02,testing,05,212,1,0.0,0.0,0.0,0.0
B,R02,testing,05,213,1,0.0,0.0,0.0,0.0
B,R02,testing,05,214,1,0.0,0.0,0.0,0.0
B,R02,testing,05,215,1,0.0,0.0,0.0,0.0
B,R02,testing,05,216,1,0.0,0.0,0.0,0.0
B,R02,testing,05,217,1,0.0,0.0,0.0,0.0
B,R02,testing,05,218,1,0.0,0.0,0.0,0.0
B,R02,testing,05,219,1,0.0,0.0,0.0,0.0
B,R02,testing,05,220,1,0.0,0.0,0.0,0.0
B,R02,testing,05,221,1,0.0,0.0,0.0,0.0
B,R02,testing,05,222,1,0.0,0.0,0.0,0.0
B,R02,testing,05,223,1,0.0,0.0,0.0,0.0
B,R02,testing,05,224,1,0.0,0.0,0.0,0.0
B,R02,testing,05,225,1,0.0,0.0,0.0,0.0
B,R02,testing,05,226,1,0.0,0.0,0.0,0.0
B,R02,testing,05,227,1,0.0,0.0,0.0,0.0
B,R02,testing,05,228,1,0.0,0.0,0.0,0.0
B,R02,testing,05,229,1,0.0,0.0,0.0,0.0
B,R02,testing,05,230,1,0.0,0.0,0.0,0.0
B,R02,testing,05,231,1,0.0,0.0,0.0,0.0
B,R02,testing,05,232,1,0.0,0.0,0.0,0.0
B,R02,testing,05,233,1,0.0,0.0,0.0,0.0
B,R02,testing,05,234,1,0.0,0.0,0.0,0.0
B,R02,testing,05,235,1,0.0,0.0,0.0,0.0
B,R02,testing,05,236,1,0.0,0.0,0.0,0.0
B,R02,testing,05,237,1,0.0,0.0,0.0,0.0
B,R02,testing,05,238,1,0.0,0.0,0.0,0.0
B,R02,testing,05,239,1,0.0,0.0,0.0,0.0
B,R02,testing,05,240,1,0.0,0.0,0.0,0.0
B,R02,testing,05,241,1,0.0,0.0,0.0,0.0
B,R02,testing,05,242,1,0.0,0.0,0.0,0.0
B,R02,testing,05,243,1,0.0,0.0,0.0,0.0
B,R02,testing,05,244,1,0.0,0.0,0.0,0.0
B,R02,testing,05,245,1,0.0,0.0,0.0,0.0
B,R02,testing,05,246,1,0.0,0.0,0.0,0.0
B,R02,testing,05,247,1,0.0,0.0,0.0,0.0
B,R02,testing,05,248,1,0.0,0.0,0.0,0.0
B,R02,testing,05,249,1,0.0,0.0,0.0,0.0
B,R02,testing,05,250,1,0.0,0.0,0.0,0.0
B,R02,testing,05,251,1,0.0,0.0,0.0,0.0
B,R02,testing,05,252,1,0.0,0.0,0.0,0.0
B,R02,testing,05,253,1,0.0,0.0,0.0,0.0
B,R02,testing,05,254,1,0.0,0.0,0.0,0.0
B,R02,testing,05,255,1,0.0,0.0,0.0,0.0
B,R02,testing,05,256,1,0.0,0.0,0.0,0.0
B,R02,testing,05,257,1,0.0,0.0,0.0,0.0
B,R02,testing,05,258,1,0.0,0.0,0.0,0.0
B,R02,testing,05,259,1,0.0,0.0,0.0,0.0
B,R02,testing,05,260,1,0.0,0.0,0.0,0.0
B,R02,testing,05,261,1,0.0,0.0,0.0,0.0
B,R02,testing,05,262,1,0.0,0.0,0.0,0.0
B,R02,testing,05,263,1,0.0,0.0,0.0,0.0
B,R02,testing,05,264,1,0.0,0.0,0.0,0.0
B,R02,testing,05,265,1,0.0,0.0,0.0,0.0
B,R02,testing,05,266,1,0.0,0.0,0.0,0.0
B,R02,testing,05,267,1,0.0,0.0,0.0,0.0
B,R02,testing,05,268,1,0.0,0.0,0.0,0.0
B,R02,testing,05,269,1,0.0,0.0,0.0,0.0
B,R02,testing,05,270,1,0.0,0.0,0.0,0.0
B,R02,testing,05,271,1,0.0,0.0,0.0,0.0
B,R02,testing,05,272,1,0.0,0.0,0.0,0.0
B,R02,testing,05,273,1,0.0,0.0,0.0,0.0
B,R02,testing,05,274,1,0.0,0.0,0.0,0.0
B,R02,testing,05,275,1,0.0,0.0,0.0,0.0
B,R02,testing,05,276,1,0.0,0.0,0.0,0.0
B,R02,testing,05,277,1,0.0,0.0,0.0,0.0
B,R02,testing,05,278,1,0.0,0.0,0.0,0.0
B,R02,testing,05,279,1,0.0,0.0,0.0,0.0
B,R02,testing,05,280,1,0.0,0.0,0.0,0.0
B,R02,testing,05,281,1,0.0,0.0,0.0,0.0
B,R02,testing,05,282,1,0.0,0.0,0.0,0.0
B,R02,testing,05,283,1,0.0,0.0,0.0,0.0
B,R02,testing,05,284,1,0.0,0.0,0.0,0.0
B,R02,testing,05,285,1,0.0,0.0,0.0,0.0
B,R02,testing,05,286,1,0.0,0.0,0.0,0.0
B,R02,testing,05,287,1,0.0,0.0,0.0,0.0
B,R02,testing,05,288,1,0.0,0.0,0.0,0.0
B,R02,testing,05,289,1,0.0,0.0,0.0,0.0
B,R02,testing,05,290,1,0.0,0.0,0.0,0.0
B,R02,testing,05,291,1,0.0,0.0,0.0,0.0
B,R02,testing,05,292,1,0.0,0.0,0.0,0.0
B,R02,testing,05,293,1,0.0,0.0,0.0,0.0
B,R02,testing,05,294,1,0.0,0.0,0.0,0.0
B,R02,testing,05,295,1,0.0,0.0,0.0,0.0
B,R02,testing,05,296,1,0.0,0.0,0.0,0.0
B,R02,testing,05,297,1,0.0,0.0,0.0,0.0
B,R02,testing,05,298,1,0.0,0.0,0.0,0.0
B,R02,testing,05,299,1,0.0,0.0,0.0,0.0
B,R02,testing,05,300,1,0.0,0.0,0.0,0.0
B,R02,testing,05,301,1,0.0,0.0,0.0,0.0
B,R02,testing,05,302,1,0.0,0.0,0.0,0.0
B,R02,testing,05,303,1,0.0,0.0,0.0,0.0
B,R02,testing,05,304,1,0.0,0.0,0.0,0.0
B,R02,testing,05,305,1,0.0,0.0,0.0,0.0
B,R02,testing,05,306,1,0.0,0.0,0.0,0.0
B,R02,testing,05,307,1,0.0,0.0,0.0,0.0
B,R02,testing,05,308,1,0.0,0.0,0.0,0.0
B,R02,testing,05,309,1,0.0,0.0,0.0,0.0
B,R02,testing,05,310,1,0.0,0.0,0.0,0.0
B,R02,testing,05,311,1,0.0,0.0,0.0,0.0
B,R02,testing,05,312,1,0.0,0.0,0.0,0.0
B,R02,testing,05,313,1,0.0,0.0,0.0,0.0
B,R02,testing,05,314,1,0.0,0.0,0.0,0.0
B,R02,testing,05,315,0,0.0,0.0,0.0,0.0
B,R02,testing,05,316,0,0.0,0.0,0.0,0.0
B,R02,testing,05,317,0,0.0,0.0,0.0,0.0
B,R02,testing,05,318,0,0.0,0.0,0.0,0.0
B,R02,testing,05,319,0,0.0,0.0,0.0,0.0
B,R02,testing,05,320,0,0.0,0.0,0.0,0.0
B,R02,testing,05,321,0,0.0,0.0,0.0,0.0
B,R02,testing,05,322,0,0.0,0.0,0.0,0.0
B,R02,testing,05,323,0,0.0,0.0,0.0,0.0
B,R02,testing,05,324,0,0.0,0.0,0.0,0.0
B,R02,testing,05,325,0,0.0,0.0,0.0,0.0
B,R02,testing,05,326,0,0.0,0.0,0.0,0.0
B,R02,testing,05,327,0,0.0,0.0,0.0,0.0
B,R02,testing,05,328,0,0.0,0.0,0.0,0.0
B,R02,testing,05,329,0,0.0,0.0,0.0,0.0
B,R02,testing,05,330,0,0.0,0.0,0.0,0.0
B,R02,testing,05,331,0,0.0,0.0,0.0,0.0
B,R02,testing,05,332,0,0.0,0.0,0.0,0.0
B,R02,testing,05,333,0,0.0,0.0,0.0,0.0
B,R02,testing,05,334,0,0.0,0.0,0.0,0.0
B,R02,testing,05,335,0,0.0,0.0,0.0,0.0
B,R02,testing,05,336,0,0.0,0.0,0.0,0.0
B,R02,testing,05,337,0,0.0,0.0,0.0,0.0
B,R02,testing,05,338,0,0.0,0.0,0.0,0.0
B,R02,testing,05,339,0,0.0,0.0,0.0,0.0
B,R02,testing,05,340,0,0.0,0.0,0.0,0.0
B,R02,testing,05,341,0,0.0,0.0,0.0,0.0
B,R02,testing,05,342,0,0.0,0.0,0.0,0.0
B,R02,testing,05,343,0,0.0,0.0,0.0,0.0
B,R02,testing,05,344,0,0.0,0.0,0.0,0.0
B,R02,testing,05,345,0,0.0,0.0,0.0,0.0
B,R02,testing,05,346,0,0.0,0.0,0.0,0.0
B,R02,testing,05,347,0,0.0,0.0,0.0,0.0
B,R02,testing,05,348,0,0.0,0.0,0.0,0.0
B,R02,testing,05,349,0,0.0,0.0,0.0,0.0
B,R02,testing,05,350,0,0.0,0.0,0.0,0.0
B,R02,testing,05,351,0,0.0,0.0,0.0,0.0
B,R02,testing,05,352,0,0.0,0.0,0.0,0.0
B,R02,testing,05,353,0,0.0,0.0,0.0,0.0
B,R02,testing,05,354,0,0.0,0.0,0.0,0.0
B,R02,testing,05,355,0,0.0,0.0,0.0,0.0
B,R02,testing,05,356,0,0.0,0.0,0.0,0.0
B,R02,testing,05,357,0,0.0,0.0,0.0,0.0
B,R02,testing,05,358,0,0.0,0.0,0.0,0.0
B,R02,testing,05,359,0,0.0,0.0,0.0,0.0
B,R02,testing,05,360,0,0.0,0.0,0.0,0.0
B,R02,testing,05,361,0,0.0,0.0,0.0,0.0
B,R02,testing,05,362,0,0.0,0.0,0.0,0.0
B,R02,testing,05,363,0,0.0,0.0,0.0,0.0
B,R02,testing,05,364,0,0.0,0.0,0.0,0.0
B,R02,testing,05,365,0,0.0,0.0,0.0,0.0
B,R02,testing,05,366,0,0.0,0.0,0.0,0.0
B,R02,testing,05,367,0,0.0,0.0,0.0,0.0
B,R02,testing,05,368,0,0.0,0.0,0.0,0.0
B,R02,testing,05,369,0,0.0,0.0,0.0,0.0
B,R02,testing,05,370,0,0.0,0.0,0.0,0.0
B,R02,testing,05,371,0,0.0,0.0,0.0,0.0
B,R02,testing,05,372,0,0.0,0.0,0.0,0.0
B,R02,testing,05,373,0,0.0,0.0,0.0,0.0
B,R02,testing,05,374,0,0.0,0.0,0.0,0.0
B,R02,testing,05,375,0,0.0,0.0,0.0,0.0
B,R02,testing,05,376,0,0.0,0.0,0.0,0.0
B,R02,testing,05,377,0,0.0,0.0,0.0,0.0
B,R02,testing,05,378,0,0.0,0.0,0.0,0.0
B,R02,testing,05,379,0,0.0,0.0,0.0,0.0
B,R02,testing,05,380,0,0.0,0.0,0.0,0.0
B,R02,testing,05,381,0,0.0,0.0,0.0,0.0
B,R02,testing,05,382,0,0.0,0.0,0.0,0.0
B,R02,testing,05,383,0,0.0,0.0,0.0,0.0
B,R02,testing,05,384,0,0.0,0.0,0.0,0.0
B,R02,testing,05,385,0,0.0,0.0,0.0,0.0
B,R02,testing,05,386,0,0.0,0.0,0.0,0.0
B,R02,testing,05,387,0,0.0,0.0,0.0,0.0
B,R02,testing,05,388,0,0.0,0.0,0.0,0.0
B,R02,testing,05,389,0,0.0,0.0,0.0,0.0
B,R02,testing,05,390,0,0.0,0.0,0.0,0.0
B,R02,testing,05,391,0,0.0,0.0,0.0,0.0
B,R02,testing,05,392,0,0.0,0.0,0.0,0.0
B,R02,testing,05,393,0,0.0,0.0,0.0,0.0
B,R02,testing,05,394,0,0.0,0.0,0.0,0.0
B,R02,testing,05,395,0,0.0,0.0,0.0,0.0
B,R02,testing,05,396,0,0.0,0.0,0.0,0.0
B,R02,testing,05,397,0,0.0,0.0,0.0,0.0
B,R02,testing,05,398,0,0.0,0.0,0.0,0.0
B,R02,testing,05,399,0,0.0,0.0,0.0,0.0
B,R02,testing,05,400,0,0.0,0.0,0.0,0.0
B,R02,testing,05,401,0,0.0,0.0,0.0,0.0
B,R02,testing,05,402,0,0.0,0.0,0.0,0.0
B,R02,testing,05,403,0,0.0,0.0,0.0,0.0
B,R02,testing,05,404,0,0.0,0.0,0.0,0.0
B,R02,testing,05,405,0,0.0,0.0,0.0,0.0
B,R02,testing,05,406,0,0.0,0.0,0.0,0.0
B,R02,testing,05,407,0,0.0,0.0,0.0,0.0
B,R02,testing,05,408,0,0.0,0.0,0.0,0.0
B,R02,testing,05,409,0,0.0,0.0,0.0,0.0
B,R02,testing,05,410,0,0.0,0.0,0.0,0.0
B,R02,testing,05,411,0,0.0,0.0,0.0,0.0
B,R02,testing,05,412,0,0.0,0.0,0.0,0.0
B,R02,testing,05,413,0,0.0,0.0,0.0,0.0
B,R02,testing,05,414,0,0.0,0.0,0.0,0.0
B,R02,testing,05,415,0,0.0,0.0,0.0,0.0
B,R02,testing,05,416,0,0.0,0.0,0.0,0.0
B,R02,testing,05,417,0,0.0,0.0,0.0,0.0
B,R02,testing,05,418,0,0.0,0.0,0.0,0.0
B,R02,testing,05,419,0,0.0,0.0,0.0,0.0
B,R02,testing,05,420,0,0.0,0.0,0.0,0.0
B,R02,testing,05,421,0,0.0,0.0,0.0,0.0
B,R02,testing,05,422,0,0.0,0.0,0.0,0.0
B,R02,testing,05,423,0,0.0,0.0,0.0,0.0
B,R02,testing,05,424,0,0.0,0.0,0.0,0.0
B,R02,testing,05,425,0,0.0,0.0,0.0,0.0
B,R02,testing,05,426,0,0.0,0.0,0.0,0.0
B,R02,testing,05,427,0,0.0,0.0,0.0,0.0
B,R02,testing,05,428,0,0.0,0.0,0.0,0.0
B,R02,testing,05,429,0,0.0,0.0,0.0,0.0
B,R02,testing,05,430,0,0.0,0.0,0.0,0.0
B,R02,testing,05,431,0,0.0,0.0,0.0,0.0
B,R02,testing,05,432,0,0.0,0.0,0.0,0.0
B,R02,testing,05,433,0,0.0,0.0,0.0,0.0
B,R02,testing,05,434,0,0.0,0.0,0.0,0.0
B,R02,testing,05,435,0,0.0,0.0,0.0,0.0
B,R02,testing,05,436,0,0.0,0.0,0.0,0.0
B,R02,testing,05,437,0,0.0,0.0,0.0,0.0
B,R02,testing,05,438,0,0.0,0.0,0.0,0.0
B,R02,testing,05,439,0,0.0,0.0,0.0,0.0
B,R02,testing,05,440,0,0.0,0.0,0.0,0.0
B,R02,testing,05,441,0,0.0,0.0,0.0,0.0
B,R02,testing,05,442,0,0.0,0.0,0.0,0.0
B,R02,testing,05,443,0,0.0,0.0,0.0,0.0
B,R02,testing,05,444,0,0.0,0.0,0.0,0.0
B,R02,testing,05,445,0,0.0,0.0,0.0,0.0
B,R02,testing,05,446,0,0.0,0.0,0.0,0.0
B,R02,testing,05,447,0,0.0,0.0,0.0,0.0
B,R02,testing,05,448,0,0.0,0.0,0.0,0.0
B,R02,testing,05,449,0,0.0,0.0,0.0,0.0
B,R02,testing,05,450,0,0.0,0.0,0.0,0.0
B,R02,testing,05,451,0,0.0,0.0,0.0,0.0
B,R02,testing,05,452,0,0.0,0.0,0.0,0.0
B,R02,testing,05,453,0,0.0,0.0,0.0,0.0
B,R02,testing,05,454,0,0.0,0.0,0.0,0.0
B,R02,testing,05,455,0,0.0,0.0,0.0,0.0
B,R02,testing,05,456,0,0.0,0.0,0.0,0.0
B,R02,testing,05,457,0,0.0,0.0,0.0,0.0
B,R02,testing,05,458,0,0.0,0.0,0.0,0.0
B,R02,testing,05,459,0,0.0,0.0,0.0,0.0
B,R02,testing,05,460,0,0.0,0.0,0.0,0.0
B,R02,testing,05,461,0,0.0,0.0,0.0,0.0
B,R02,testing,05,462,0,0.0,0.0,0.0,0.0
B,R02,testing,05,463,0,0.0,0.0,0.0,0.0
B,R02,testing,05,464,0,0.0,0.0,0.0,0.0
B,R02,testing,05,465,0,0.0,0.0,0.0,0.0
B,R02,testing,05,466,0,0.0,0.0,0.0,0.0
B,R02,testing,05,467,0,0.0,0.0,0.0,0.0
B,R02,testing,05,468,0,0.0,0.0,0.0,0.0
B,R02,testing,05,469,0,0.0,0.0,0.0,0.0
B,R02,testing,05,470,0,0.0,0.0,0.0,0.0
B,R02,testing,05,471,0,0.0,0.0,0.0,0.0
B,R02,testing,05,472,0,0.0,0.0,0.0,0.0
B,R02,testing,05,473,0,0.0,0.0,0.0,0.0
B,R02,testing,05,474,0,0.0,0.0,0.0,0.0
B,R02,testing,05,475,0,0.0,0.0,0.0,0.0
B,R02,testing,05,476,0,0.0,0.0,0.0,0.0
B,R02,testing,05,477,0,0.0,0.0,0.0,0.0
B,R02,testing,05,478,0,0.0,0.0,0.0,0.0
B,R02,testing,05,479,0,0.0,0.0,0.0,0.0
B,R02,testing,05,480,0,0.0,0.0,0.0,0.0
B,R02,testing,05,481,0,0.0,0.0,0.0,0.0
B,R02,testing,05,482,0,0.0,0.0,0.0,0.0
B,R02,testing,05,483,0,0.0,0.0,0.0,0.0
B,R02,testing,05,484,0,0.0,0.0,0.0,0.0
B,R02,testing,05,485,0,0.0,0.0,0.0,0.0
B,R02,testing,05,486,0,0.0,0.0,0.0,0.0
B,R02,testing,05,487,0,0.0,0.0,0.0,0.0
B,R02,testing,05,488,0,0.0,0.0,0.0,0.0
B,R02,testing,05,489,0,0.0,0.0,0.0,0.0
B,R02,testing,05,490,0,0.0,0.0,0.0,0.0
B,R02,testing,05,491,0,0.0,0.0,0.0,0.0
B,R02,testing,05,492,0,0.0,0.0,0.0,0.0
B,R02,testing,05,493,0,0.0,0.0,0.0,0.0
B,R02,testing,05,494,0,0.0,0.0,0.0,0.0
B,R02,testing,05,495,0,0.0,0.0,0.0,0.0
B,R02,testing,05,496,0,0.0,0.0,0.0,0.0
B,R02,testing,05,497,0,0.0,0.0,0.0,0.0
B,R02,testing,05,498,0,0.0,0.0,0.0,0.0
B,R02,testing,05,499,0,0.0,0.0,0.0,0.0
B,R02,testing,05,500,0,0.0,0.0,0.0,0.0
B,R02,testing,05,501,0,0.0,0.0,0.0,0.0
B,R02,testing,05,502,0,0.0,0.0,0.0,0.0
B,R02,testing,05,503,0,0.0,0.0,0.0,0.0
B,R02,testing,05,504,0,0.0,0.0,0.0,0.0
B,R02,testing,05,505,0,0.0,0.0,0.0,0.0
B,R02,testing,05,506,0,0.0,0.0,0.0,0.0
B,R02,testing,05,507,0,0.0,0.0,0.0,0.0
B,R02,testing,05,508,0,0.0,0.0,0.0,0.0
B,R02,testing,05,509,0,0.0,0.0,0.0,0.0
B,R02,testing,05,510,0,0.0,0.0,0.0,0.0
B,R02,testing,05,511,0,0.0,0.0,0.0,0.0
B,R02,testing,05,512,0,0.0,0.0,0.0,0.0
B,R02,testing,05,513,0,0.0,0.0,0.0,0.0
B,R02,testing,05,514,0,0.0,0.0,0.0,0.0
B,R02,testing,05,515,0,0.0,0.0,0.0,0.0
B,R02,testing,05,516,0,0.0,0.0,0.0,0.0
B,R02,testing,05,517,0,0.0,0.0,0.0,0.0
B,R02,testing,05,518,0,0.0,0.0,0.0,0.0
B,R02,testing,05,519,0,0.0,0.0,0.0,0.0
B,R02,testing,05,520,0,0.0,0.0,0.0,0.0
B,R02,testing,05,521,0,0.0,0.0,0.0,0.0
B,R02,testing,05,522,0,0.0,0.0,0.0,0.0
B,R02,testing,05,523,0,0.0,0.0,0.0,0.0
B,R02,testing,05,524,0,0.0,0.0,0.0,0.0
B,R02,testing,05,525,0,0.0,0.0,0.0,0.0
B,R02,testing,05,526,0,0.0,0.0,0.0,0.0
B,R02,testing,05,527,0,0.0,0.0,0.0,0.0
B,R02,testing,05,528,0,0.0,0.0,0.0,0.0
B,R02,testing,05,529,0,0.0,0.0,0.0,0.0
B,R02,testing,05,530,0,0.0,0.0,0.0,0.0
B,R02,testing,05,531,0,0.0,0.0,0.0,0.0
B,R02,testing,05,532,0,0.0,0.0,0.0,0.0
B,R02,testing,05,533,0,0.0,0.0,0.0,0.0
B,R02,testing,05,534,0,0.0,0.0,0.0,0.0
B,R02,testing,05,535,0,0.0,0.0,0.0,0.0
B,R02,testing,05,536,0,0.0,0.0,0.0,0.0
B,R02,testing,05,537,0,0.0,0.0,0.0,0.0
B,R02,testing,05,538,0,0.0,0.0,0.0,0.0
B,R02,testing,05,539,0,0.0,0.0,0.0,0.0
B,R02,testing,05,540,0,0.0,0.0,0.0,0.0
B,R02,testing,05,541,0,0.0,0.0,0.0,0.0
B,R02,testing,05,542,0,0.0,0.0,0.0,0.0
B,R02,testing,05,543,0,0.0,0.0,0.0,0.0
B,R02,testing,05,544,0,0.0,0.0,0.0,0.0
B,R02,testing,05,545,0,0.0,0.0,0.0,0.0
B,R02,testing,05,546,0,0.0,0.0,0.0,0.0
B,R02,testing,05,547,0,0.0,0.0,0.0,0.0
B,R02,testing,05,548,0,0.0,0.0,0.0,0.0
B,R02,testing,05,549,0,0.0,0.0,0.0,0.0
B,R02,testing,05,550,0,0.0,0.0,0.0,0.0
B,R02,testing,05,551,0,0.0,0.0,0.0,0.0
B,R02,testing,05,552,0,0.0,0.0,0.0,0.0
B,R02,testing,05,553,0,0.0,0.0,0.0,0.0
B,R02,testing,05,554,0,0.0,0.0,0.0,0.0
B,R02,testing,05,555,0,0.0,0.0,0.0,0.0
B,R02,testing,05,556,0,0.0,0.0,0.0,0.0
B,R02,testing,05,557,0,0.0,0.0,0.0,0.0
B,R02,testing,05,558,0,0.0,0.0,0.0,0.0
B,R02,testing,05,559,0,0.0,0.0,0.0,0.0
B,R02,testing,05,560,0,0.0,0.0,0.0,0.0
B,R02,testing,05,561,0,0.0,0.0,0.0,0.0
B,R02,testing,05,562,0,0.0,0.0,0.0,0.0
B,R02,testing,05,563,0,0.0,0.0,0.0,0.0
B,R02,testing,05,564,0,0.0,0.0,0.0,0.0
B,R02,testing,05,565,0,0.0,0.0,0.0,0.0
B,R02,testing,05,566,0,0.0,0.0,0.0,0.0
B,R02,testing,05,567,0,0.0,0.0,0.0,0.0
B,R02,testing,05,568,0,0.0,0.0,0.0,0.0
B,R02,testing,05,569,0,0.0,0.0,0.0,0.0
B,R02,testing,05,570,0,0.0,0.0,0.0,0.0
B,R02,testing,05,571,0,0.0,0.0,0.0,0.0
B,R02,testing,05,572,0,0.0,0.0,0.0,0.0
B,R02,testing,05,573,0,0.0,0.0,0.0,0.0
B,R02,testing,05,574,0,0.0,0.0,0.0,0.0
B,R02,testing,05,575,0,0.0,0.0,0.0,0.0
B,R02,testing,05,576,0,0.0,0.0,0.0,0.0
B,R02,testing,05,577,0,0.0,0.0,0.0,0.0
B,R02,testing,05,578,0,0.0,0.0,0.0,0.0
B,R02,testing,05,579,0,0.0,0.0,0.0,0.0
B,R02,testing,05,580,0,0.0,0.0,0.0,0.0
B,R02,testing,05,581,0,0.0,0.0,0.0,0.0
B,R02,testing,05,582,0,0.0,0.0,0.0,0.0
C,R02,testing,05,0,0,0.0,0.0,0.0,0.0
C,R02,testing,05,1,0,0.0,0.0,0.0,0.0
C,R02,testing,05,2,0,0.0,0.0,0.0,0.0
C,R02,testing,05,3,0,0.0,0.0,0.0,0.0
C,R02,testing,05,4,0,0.0,0.0,0.0,0.0
C,R02,testing,05,5,0,0.0,0.0,0.0,0.0
C,R02,testing,05,6,0,0.0,0.0,0.0,0.0
C,R02,testing,05,7,0,0.0,0.0,0.0,0.0
C,R02,testing,05,8,0,0.0,0.0,0.0,0.0
C,R02,testing,05,9,0,0.0,0.0,0.0,0.0
C,R02,testing,05,10,0,0.0,0.0,0.0,0.0
C,R02,testing,05,11,1,0.0,0.0,0.0,0.0
C,R02,testing,05,12,1,0.0,0.0,0.0,0.0
C,R02,testing,05,13,1,0.0,0.0,0.0,0.0
C,R02,testing,05,14,1,0.0,0.0,0.0,0.0
C,R02,testing,05,15,1,0.0,0.0,0.0,0.0
C,R02,testing,05,16,1,0.0,0.0,0.0,0.0
C,R02,testing,05,17,1,0.0,0.0,0.0,0.0
C,R02,testing,05,18,1,0.0,0.0,0.0,0.0
C,R02,testing,05,19,1,0.0,0.0,0.0,0.0
C,R02,testing,05,20,1,0.0,0.0,0.0,0.0
C,R02,testing,05,21,1,0.0,0.0,0.0,0.0
C,R02,testing,05,22,1,0.0,0.0,0.0,0.0
C,R02,testing,05,23,1,0.0,0.0,0.0,0.0
C,R02,testing,05,24,1,0.0,0.0,0.0,0.0
C,R02,testing,05,25,1,0.0,0.0,0.0,0.0
C,R02,testing,05,26,1,0.0,0.0,0.0,0.0
C,R02,testing,05,27,1,0.0,0.0,0.0,0.0
C,R02,testing,05,28,1,0.0,0.0,0.0,0.0
C,R02,testing,05,29,1,0.0,0.0,0.0,0.0
C,R02,testing,05,30,1,0.0,0.0,0.0,0.0
C,R02,testing,05,31,1,0.0,0.0,0.0,0.0
C,R02,testing,05,32,1,0.0,0.0,0.0,0.0
C,R02,testing,05,33,1,0.0,0.0,0.0,0.0
C,R02,testing,05,34,1,0.0,0.0,0.0,0.0
C,R02,testing,05,35,1,0.0,0.0,0.0,0.0
C,R02,testing,05,36,1,0.0,0.0,0.0,0.0
C,R02,testing,05,37,1,0.0,0.0,0.0,0.0
C,R02,testing,05,38,1,0.0,0.0,0.0,0.0
C,R02,testing,05,39,1,0.0,0.0,0.0,0.0
C,R02,testing,05,40,1,0.0,0.0,0.0,0.0
C,R02,testing,05,41,1,0.0,0.0,0.0,0.0
C,R02,testing,05,42,1,0.0,0.0,0.0,0.0
C,R02,testing,05,43,1,0.0,0.0,0.0,0.0
C,R02,testing,05,44,1,0.0,0.0,0.0,0.0
C,R02,testing,05,45,1,0.0,0.0,0.0,0.0
C,R02,testing,05,46,1,0.0,0.0,0.0,0.0
C,R02,testing,05,47,1,0.0,0.0,0.0,0.0
C,R02,testing,05,48,1,0.0,0.0,0.0,0.0
C,R02,testing,05,49,1,0.0,0.0,0.0,0.0
C,R02,testing,05,50,1,0.0,0.0,0.0,0.0
C,R02,testing,05,51,1,0.0,0.0,0.0,0.0
C,R02,testing,05,52,1,0.0,0.0,0.0,0.0
C,R02,testing,05,53,1,0.0,0.0,0.0,0.0
C,R02,testing,05,54,1,0.0,0.0,0.0,0.0
C,R02,testing,05,55,1,0.0,0.0,0.0,0.0
C,R02,testing,05,56,1,0.0,0.0,0.0,0.0
C,R02,testing,05,57,1,0.0,0.0,0.0,0.0
C,R02,testing,05,58,1,0.0,0.0,0.0,0.0
C,R02,testing,05,59,1,0.0,0.0,0.0,0.0
C,R02,testing,05,60,1,0.0,0.0,0.0,0.0
C,R02,testing,05,61,1,0.0,0.0,0.0,0.0
C,R02,testing,05,62,1,0.0,0.0,0.0,0.0
C,R02,testing,05,63,1,0.0,0.0,0.0,0.0
C,R02,testing,05,64,1,0.0,0.0,0.0,0.0
C,R02,testing,05,65,1,0.0,0.0,0.0,0.0
C,R02,testing,05,66,1,0.0,0.0,0.0,0.0
C,R02,testing,05,67,1,0.0,0.0,0.0,0.0
C,R02,testing,05,68,1,0.0,0.0,0.0,0.0
C,R02,testing,05,69,1,0.0,0.0,0.0,0.0
C,R02,testing,05,70,1,0.0,0.0,0.0,0.0
C,R02,testing,05,71,1,0.0,0.0,0.0,0.0
C,R02,testing,05,72,1,0.0,0.0,0.0,0.0
C,R02,testing,05,73,1,0.0,0.0,0.0,0.0
C,R02,testing,05,74,1,0.0,0.0,0.0,0.0
C,R02,testing,05,75,1,0.0,0.0,0.0,0.0
C,R02,testing,05,76,1,0.0,0.0,0.0,0.0
C,R02,testing,05,77,1,0.0,0.0,0.0,0.0
C,R02,testing,05,78,1,0.0,0.0,0.0,0.0
C,R02,testing,05,79,1,0.0,0.0,0.0,0.0
C,R02,testing,05,80,1,0.0,0.0,0.0,0.0
C,R02,testing,05,81,1,0.0,0.0,0.0,0.0
C,R02,testing,05,82,1,0.0,0.0,0.0,0.0
C,R02,testing,05,83,1,0.0,0.0,0.0,0.0
C,R02,testing,05,84,1,0.0,0.0,0.0,0.0
C,R02,testing,05,85,1,0.0,0.0,0.0,0.0
C,R02,testing,05,86,1,0.0,0.0,0.0,0.0
C,R02,testing,05,87,1,0.0,0.0,0.0,0.0
C,R02,testing,05,88,1,0.0,0.0,0.0,0.0
C,R02,testing,05,89,1,0.0,0.0,0.0,0.0
C,R02,testing,05,90,1,0.0,0.0,0.0,0.0
C,R02,testing,05,91,1,0.0,0.0,0.0,0.0
C,R02,testing,05,92,1,0.0,0.0,0.0,0.0
C,R02,testing,05,93,1,0.0,0.0,0.0,0.0
C,R02,testing,05,94,1,0.0,0.0,0.0,0.0
C,R02,testing,05,95,1,0.0,0.0,0.0,0.0
C,R02,testing,05,96,1,0.0,0.0,0.0,0.0
C,R02,testing,05,97,1,0.0,0.0,0.0,0.0
C,R02,testing,05,98,1,0.0,0.0,0.0,0.0
C,R02,testing,05,99,1,0.0,0.0,0.0,0.0
C,R02,testing,05,100,1,0.0,0.0,0.0,0.0
C,R02,testing,05,101,1,0.0,0.0,0.0,0.0
C,R02,testing,05,102,1,0.0,0.0,0.0,0.0
C,R02,testing,05,103,1,0.0,0.0,0.0,0.0
C,R02,testing,05,104,1,0.0,0.0,0.0,0.0
C,R02,testing,05,105,1,0.0,0.0,0.0,0.0
C,R02,testing,05,106,1,0.0,0.0,0.0,0.0
C,R02,testing,05,107,1,0.0,0.0,0.0,0.0
C,R02,testing,05,108,1,0.0,0.0,0.0,0.0
C,R02,testing,05,109,1,0.0,0.0,0.0,0.0
C,R02,testing,05,110,1,0.0,0.0,0.0,0.0
C,R02,testing,05,111,1,0.0,0.0,0.0,0.0
C,R02,testing,05,112,1,0.0,0.0,0.0,0.0
C,R02,testing,05,113,1,0.0,0.0,0.0,0.0
C,R02,testing,05,114,1,0.0,0.0,0.0,0.0
C,R02,testing,05,115,1,0.0,0.0,0.0,0.0
C,R02,testing,05,116,1,0.0,0.0,0.0,0.0
C,R02,testing,05,117,1,0.0,0.0,0.0,0.0
C,R02,testing,05,118,1,0.0,0.0,0.0,0.0
C,R02,testing,05,119,1,0.0,0.0,0.0,0.0
C,R02,testing,05,120,1,0.0,0.0,0.0,0.0
C,R02,testing,05,121,1,0.0,0.0,0.0,0.0
C,R02,testing,05,122,1,0.0,0.0,0.0,0.0
C,R02,testing,05,123,1,0.0,0.0,0.0,0.0
C,R02,testing,05,124,1,0.0,0.0,0.0,0.0
C,R02,testing,05,125,1,0.0,0.0,0.0,0.0
C,R02,testing,05,126,1,0.0,0.0,0.0,0.0
C,R02,testing,05,127,1,0.0,0.0,0.0,0.0
C,R02,testing,05,128,1,0.0,0.0,0.0,0.0
C,R02,testing,05,129,1,0.0,0.0,0.0,0.0
C,R02,testing,05,130,1,0.0,0.0,0.0,0.0
C,R02,testing,05,131,1,0.0,0.0,0.0,0.0
C,R02,testing,05,132,1,0.0,0.0,0.0,0.0
C,R02,testing,05,133,1,0.0,0.0,0.0,0.0
C,R02,testing,05,134,1,0.0,0.0,0.0,0.0
C,R02,testing,05,135,1,0.0,0.0,0.0,0.0
C,R02,testing,05,136,1,0.0,0.0,0.0,0.0
C,R02,testing,05,137,1,0.0,0.0,0.0,0.0
C,R02,testing,05,138,1,0.0,0.0,0.0,0.0
C,R02,testing,05,139,1,0.0,0.0,0.0,0.0
C,R02,testing,05,140,1,0.0,0.0,0.0,0.0
C,R02,testing,05,141,1,0.0,0.0,0.0,0.0
C,R02,testing,05,142,1,0.0,0.0,0.0,0.0
C,R02,testing,05,143,1,0.0,0.0,0.0,0.0
C,R02,testing,05,144,1,0.0,0.0,0.0,0.0
C,R02,testing,05,145,1,0.0,0.0,0.0,0.0
C,R02,testing,05,146,1,0.0,0.0,0.0,0.0
C,R02,testing,05,147,1,0.0,0.0,0.0,0.0
C,R02,testing,05,148,1,0.0,0.0,0.0,0.0
C,R02,testing,05,149,1,0.0,0.0,0.0,0.0
C,R02,testing,05,150,1,0.0,0.0,0.0,0.0
C,R02,testing,05,151,1,0.0,0.0,0.0,0.0
C,R02,testing,05,152,1,0.0,0.0,0.0,0.0
C,R02,testing,05,153,1,0.0,0.0,0.0,0.0
C,R02,testing,05,154,1,0.0,0.0,0.0,0.0
C,R02,testing,05,155,1,0.0,0.0,0.0,0.0
C,R02,testing,05,156,1,0.0,0.0,0.0,0.0
C,R02,testing,05,157,1,0.0,0.0,0.0,0.0
C,R02,testing,05,158,1,0.0,0.0,0.0,0.0
C,R02,testing,05,159,1,0.0,0.0,0.0,0.0
C,R02,testing,05,160,1,0.0,0.0,0.0,0.0
C,R02,testing,05,161,1,0.0,0.0,0.0,0.0
C,R02,testing,05,162,1,0.0,0.0,0.0,0.0
C,R02,testing,05,163,1,0.0,0.0,0.0,0.0
C,R02,testing,05,164,1,0.0,0.0,0.0,0.0
C,R02,testing,05,165,1,0.0,0.0,0.0,0.0
C,R02,testing,05,166,1,0.0,0.0,0.0,0.0
C,R02,testing,05,167,1,0.0,0.0,0.0,0.0
C,R02,testing,05,168,1,0.0,0.0,0.0,0.0
C,R02,testing,05,169,1,0.0,0.0,0.0,0.0
C,R02,testing,05,170,1,0.0,0.0,0.0,0.0
C,R02,testing,05,171,1,0.0,0.0,0.0,0.0
C,R02,testing,05,172,1,0.0,0.0,0.0,0.0
C,R02,testing,05,173,1,0.0,0.0,0.0,0.0
C,R02,testing,05,174,1,0.0,0.0,0.0,0.0
C,R02,testing,05,175,1,0.0,0.0,0.0,0.0
C,R02,testing,05,176,1,0.0,0.0,0.0,0.0
C,R02,testing,05,177,1,0.0,0.0,0.0,0.0
C,R02,testing,05,178,1,0.0,0.0,0.0,0.0
C,R02,testing,05,179,1,0.0,0.0,0.0,0.0
C,R02,testing,05,180,1,0.0,0.0,0.0,0.0
C,R02,testing,05,181,1,0.0,0.0,0.0,0.0
C,R02,testing,05,182,1,0.0,0.0,0.0,0.0
C,R02,testing,05,183,1,0.0,0.0,0.0,0.0
C,R02,testing,05,184,1,0.0,0.0,0.0,0.0
C,R02,testing,05,185,1,0.0,0.0,0.0,0.0
C,R02,testing,05,186,1,0.0,0.0,0.0,0.0
C,R02,testing,05,187,1,0.0,0.0,0.0,0.0
C,R02,testing,05,188,1,0.0,0.0,0.0,0.0
C,R02,testing,05,189,1,0.0,0.0,0.0,0.0
C,R02,testing,05,190,1,0.0,0.0,0.0,0.0
C,R02,testing,05,191,1,0.0,0.0,0.0,0.0
C,R02,testing,05,192,1,0.0,0.0,0.0,0.0
C,R02,testing,05,193,1,0.0,0.0,0.0,0.0
C,R02,testing,05,194,1,0.0,0.0,0.0,0.0
C,R02,testing,05,195,1,0.0,0.0,0.0,0.0
C,R02,testing,05,196,1,0.0,0.0,0.0,0.0
C,R02,testing,05,197,1,0.0,0.0,0.0,0.0
C,R02,testing,05,198,1,0.0,0.0,0.0,0.0
C,R02,testing,05,199,1,0.0,0.0,0.0,0.0
C,R02,testing,05,200,1,0.0,0.0,0.0,0.0
C,R02,testing,05,201,1,0.0,0.0,0.0,0.0
C,R02,testing,05,202,1,0.0,0.0,0.0,0.0
C,R02,testing,05,203,1,0.0,0.0,0.0,0.0
C,R02,testing,05,204,1,0.0,0.0,0.0,0.0
C,R02,testing,05,205,1,0.0,0.0,0.0,0.0
C,R02,testing,05,206,1,0.0,0.0,0.0,0.0
C,R02,testing,05,207,1,0.0,0.0,0.0,0.0
C,R02,testing,05,208,1,0.0,0.0,0.0,0.0
C,R02,testing,05,209,1,0.0,0.0,0.0,0.0
C,R02,testing,05,210,1,0.0,0.0,0.0,0.0
C,R02,testing,05,211,1,0.0,0.0,0.0,0.0
C,R02,testing,05,212,1,0.0,0.0,0.0,0.0
C,R02,testing,05,213,1,0.0,0.0,0.0,0.0
C,R02,testing,05,214,1,0.0,0.0,0.0,0.0
C,R02,testing,05,215,1,0.0,0.0,0.0,0.0
C,R02,testing,05,216,1,0.0,0.0,0.0,0.0
C,R02,testing,05,217,1,0.0,0.0,0.0,0.0
C,R02,testing,05,218,1,0.0,0.0,0.0,0.0
C,R02,testing,05,219,1,0.0,0.0,0.0,0.0
C,R02,testing,05,220,1,0.0,0.0,0.0,0.0
C,R02,testing,05,221,1,0.0,0.0,0.0,0.0
C,R02,testing,05,222,1,0.0,0.0,0.0,0.0
C,R02,testing,05,223,1,0.0,0.0,0.0,0.0
C,R02,testing,05,224,1,0.0,0.0,0.0,0.0
C,R02,testing,05,225,1,0.0,0.0,0.0,0.0
C,R02,testing,05,226,1,0.0,0.0,0.0,0.0
C,R02,testing,05,227,1,0.0,0.0,0.0,0.0
C,R02,testing,05,228,1,0.0,0.0,0.0,0.0
C,R02,testing,05,229,1,0.0,0.0,0.0,0.0
C,R02,testing,05,230,1,0.0,0.0,0.0,0.0
C,R02,testing,05,231,1,0.0,0.0,0.0,0.0
C,R02,testing,05,232,1,0.0,0.0,0.0,0.0
C,R02,testing,05,233,1,0.0,0.0,0.0,0.0
C,R02,testing,05,234,1,0.0,0.0,0.0,0.0
C,R02,testing,05,235,1,0.0,0.0,0.0,0.0
C,R02,testing,05,236,1,0.0,0.0,0.0,0.0
C,R02,testing,05,237,1,0.0,0.0,0.0,0.0
C,R02,testing,05,238,1,0.0,0.0,0.0,0.0
C,R02,testing,05,239,1,0.0,0.0,0.0,0.0
C,R02,testing,05,240,1,0.0,0.0,0.0,0.0
C,R02,testing,05,241,1,0.0,0.0,0.0,0.0
C,R02,testing,05,242,1,0.0,0.0,0.0,0.0
C,R02,testing,05,243,1,0.0,0.0,0.0,0.0
C,R02,testing,05,244,1,0.0,0.0,0.0,0.0
C,R02,testing,05,245,1,0.0,0.0,0.0,0.0
C,R02,testing,05,246,1,0.0,0.0,0.0,0.0
C,R02,testing,05,247,1,0.0,0.0,0.0,0.0
C,R02,testing,05,248,1,0.0,0.0,0.0,0.0
C,R02,testing,05,249,1,0.0,0.0,0.0,0.0
C,R02,testing,05,250,1,0.0,0.0,0.0,0.0
C,R02,testing,05,251,1,0.0,0.0,0.0,0.0
C,R02,testing,05,252,1,0.0,0.0,0.0,0.0
C,R02,testing,05,253,1,0.0,0.0,0.0,0.0
C,R02,testing,05,254,1,0.0,0.0,0.0,0.0
C,R02,testing,05,255,1,0.0,0.0,0.0,0.0
C,R02,testing,05,256,1,0.0,0.0,0.0,0.0
C,R02,testing,05,257,1,0.0,0.0,0.0,0.0
C,R02,testing,05,258,1,0.0,0.0,0.0,0.0
C,R02,testing,05,259,1,0.0,0.0,0.0,0.0
C,R02,testing,05,260,1,0.0,0.0,0.0,0.0
C,R02,testing,05,261,1,0.0,0.0,0.0,0.0
C,R02,testing,05,262,1,0.0,0.0,0.0,0.0
C,R02,testing,05,263,1,0.0,0.0,0.0,0.0
C,R02,testing,05,264,1,0.0,0.0,0.0,0.0
C,R02,testing,05,265,1,0.0,0.0,0.0,0.0
C,R02,testing,05,266,1,0.0,0.0,0.0,0.0
C,R02,testing,05,267,1,0.0,0.0,0.0,0.0
C,R02,testing,05,268,1,0.0,0.0,0.0,0.0
C,R02,testing,05,269,1,0.0,0.0,0.0,0.0
C,R02,testing,05,270,1,0.0,0.0,0.0,0.0
C,R02,testing,05,271,1,0.0,0.0,0.0,0.0
C,R02,testing,05,272,1,0.0,0.0,0.0,0.0
C,R02,testing,05,273,1,0.0,0.0,0.0,0.0
C,R02,testing,05,274,1,0.0,0.0,0.0,0.0
C,R02,testing,05,275,1,0.0,0.0,0.0,0.0
C,R02,testing,05,276,1,0.0,0.0,0.0,0.0
C,R02,testing,05,277,1,0.0,0.0,0.0,0.0
C,R02,testing,05,278,1,0.0,0.0,0.0,0.0
C,R02,testing,05,279,1,0.0,0.0,0.0,0.0
C,R02,testing,05,280,1,0.0,0.0,0.0,0.0
C,R02,testing,05,281,1,0.0,0.0,0.0,0.0
C,R02,testing,05,282,1,0.0,0.0,0.0,0.0
C,R02,testing,05,283,1,0.0,0.0,0.0,0.0
C,R02,testing,05,284,1,0.0,0.0,0.0,0.0
C,R02,testing,05,285,1,0.0,0.0,0.0,0.0
C,R02,testing,05,286,1,0.0,0.0,0.0,0.0
C,R02,testing,05,287,1,0.0,0.0,0.0,0.0
C,R02,testing,05,288,1,0.0,0.0,0.0,0.0
C,R02,testing,05,289,1,0.0,0.0,0.0,0.0
C,R02,testing,05,290,1,0.0,0.0,0.0,0.0
C,R02,testing,05,291,1,0.0,0.0,0.0,0.0
C,R02,testing,05,292,1,0.0,0.0,0.0,0.0
C,R02,testing,05,293,1,0.0,0.0,0.0,0.0
C,R02,testing,05,294,1,0.0,0.0,0.0,0.0
C,R02,testing,05,295,1,0.0,0.0,0.0,0.0
C,R02,testing,05,296,1,0.0,0.0,0.0,0.0
C,R02,testing,05,297,1,0.0,0.0,0.0,0.0
C,R02,testing,05,298,1,0.0,0.0,0.0,0.0
C,R02,testing,05,299,1,0.0,0.0,0.0,0.0
C,R02,testing,05,300,1,0.0,0.0,0.0,0.0
C,R02,testing,05,301,1,0.0,0.0,0.0,0.0
C,R02,testing,05,302,1,0.0,0.0,0.0,0.0
C,R02,testing,05,303,1,0.0,0.0,0.0,0.0
C,R02,testing,05,304,1,0.0,0.0,0.0,0.0
C,R02,testing,05,305,1,0.0,0.0,0.0,0.0
C,R02,testing,05,306,1,0.0,0.0,0.0,0.0
C,R02,testing,05,307,1,0.0,0.0,0.0,0.0
C,R02,testing,05,308,1,0.0,0.0,0.0,0.0
C,R02,testing,05,309,1,0.0,0.0,0.0,0.0
C,R02,testing,05,310,1,0.0,0.0,0.0,0.0
C,R02,testing,05,311,1,0.0,0.0,0.0,0.0
C,R02,testing,05,312,1,0.0,0.0,0.0,0.0
C,R02,testing,05,313,1,0.0,0.0,0.0,0.0
C,R02,testing,05,314,1,0.0,0.0,0.0,0.0
C,R02,testing,05,315,0,0.0,0.0,0.0,0.0
C,R02,testing,05,316,0,0.0,0.0,0.0,0.0
C,R02,testing,05,317,0,0.0,0.0,0.0,0.0
C,R02,testing,05,318,0,0.0,0.0,0.0,0.0
C,R02,testing,05,319,0,0.0,0.0,0.0,0.0
C,R02,testing,05,320,0,0.0,0.0,0.0,0.0
C,R02,testing,05,321,0,0.0,0.0,0.0,0.0
C,R02,testing,05,322,0,0.0,0.0,0.0,0.0
C,R02,testing,05,323,0,0.0,0.0,0.0,0.0
C,R02,testing,05,324,0,0.0,0.0,0.0,0.0
C,R02,testing,05,325,0,0.0,0.0,0.0,0.0
C,R02,testing,05,326,0,0.0,0.0,0.0,0.0
C,R02,testing,05,327,0,0.0,0.0,0.0,0.0
C,R02,testing,05,328,0,0.0,0.0,0.0,0.0
C,R02,testing,05,329,0,0.0,0.0,0.0,0.0
C,R02,testing,05,330,0,0.0,0.0,0.0,0.0
C,R02,testing,05,331,0,0.0,0.0,0.0,0.0
C,R02,testing,05,332,0,0.0,0.0,0.0,0.0
C,R02,testing,05,333,0,0.0,0.0,0.0,0.0
C,R02,testing,05,334,0,0.0,0.0,0.0,0.0
C,R02,testing,05,335,0,0.0,0.0,0.0,0.0
C,R02,testing,05,336,0,0.0,0.0,0.0,0.0
C,R02,testing,05,337,0,0.0,0.0,0.0,0.0
C,R02,testing,05,338,0,0.0,0.0,0.0,0.0
C,R02,testing,05,339,0,0.0,0.0,0.0,0.0
C,R02,testing,05,340,0,0.0,0.0,0.0,0.0
C,R02,testing,05,341,0,0.0,0.0,0.0,0.0
C,R02,testing,05,342,0,0.0,0.0,0.0,0.0
C,R02,testing,05,343,0,0.0,0.0,0.0,0.0
C,R02,testing,05,344,0,0.0,0.0,0.0,0.0
C,R02,testing,05,345,0,0.0,0.0,0.0,0.0
C,R02,testing,05,346,0,0.0,0.0,0.0,0.0
C,R02,testing,05,347,0,0.0,0.0,0.0,0.0
C,R02,testing,05,348,0,0.0,0.0,0.0,0.0
C,R02,testing,05,349,0,0.0,0.0,0.0,0.0
C,R02,testing,05,350,0,0.0,0.0,0.0,0.0
C,R02,testing,05,351,0,0.0,0.0,0.0,0.0
C,R02,testing,05,352,0,0.0,0.0,0.0,0.0
C,R02,testing,05,353,0,0.0,0.0,0.0,0.0
C,R02,testing,05,354,0,0.0,0.0,0.0,0.0
C,R02,testing,05,355,0,0.0,0.0,0.0,0.0
C,R02,testing,05,356,0,0.0,0.0,0.0,0.0
C,R02,testing,05,357,0,0.0,0.0,0.0,0.0
C,R02,testing,05,358,0,0.0,0.0,0.0,0.0
C,R02,testing,05,359,0,0.0,0.0,0.0,0.0
C,R02,testing,05,360,0,0.0,0.0,0.0,0.0
C,R02,testing,05,361,0,0.0,0.0,0.0,0.0
C,R02,testing,05,362,0,0.0,0.0,0.0,0.0
C,R02,testing,05,363,0,0.0,0.0,0.0,0.0
C,R02,testing,05,364,0,0.0,0.0,0.0,0.0
C,R02,testing,05,365,0,0.0,0.0,0.0,0.0
C,R02,testing,05,366,0,0.0,0.0,0.0,0.0
C,R02,testing,05,367,0,0.0,0.0,0.0,0.0
C,R02,testing,05,368,0,0.0,0.0,0.0,0.0
C,R02,testing,05,369,0,0.0,0.0,0.0,0.0
C,R02,testing,05,370,0,0.0,0.0,0.0,0.0
C,R02,testing,05,371,0,0.0,0.0,0.0,0.0
C,R02,testing,05,372,0,0.0,0.0,0.0,0.0
C,R02,testing,05,373,0,0.0,0.0,0.0,0.0
C,R02,testing,05,374,0,0.0,0.0,0.0,0.0
C,R02,testing,05,375,0,0.0,0.0,0.0,0.0
C,R02,testing,05,376,0,0.0,0.0,0.0,0.0
C,R02,testing,05,377,0,0.0,0.0,0.0,0.0
C,R02,testing,05,378,0,0.0,0.0,0.0,0.0
C,R02,testing,05,379,0,0.0,0.0,0.0,0.0
C,R02,testing,05,380,0,0.0,0.0,0.0,0.0
C,R02,testing,05,381,0,0.0,0.0,0.0,0.0
C,R02,testing,05,382,0,0.0,0.0,0.0,0.0
C,R02,testing,05,383,0,0.0,0.0,0.0,0.0
C,R02,testing,05,384,0,0.0,0.0,0.0,0.0
C,R02,testing,05,385,0,0.0,0.0,0.0,0.0
C,R02,testing,05,386,0,0.0,0.0,0.0,0.0
C,R02,testing,05,387,0,0.0,0.0,0.0,0.0
C,R02,testing,05,388,0,0.0,0.0,0.0,0.0
C,R02,testing,05,389,0,0.0,0.0,0.0,0.0
C,R02,testing,05,390,0,0.0,0.0,0.0,0.0
C,R02,testing,05,391,0,0.0,0.0,0.0,0.0
C,R02,testing,05,392,0,0.0,0.0,0.0,0.0
C,R02,testing,05,393,0,0.0,0.0,0.0,0.0
C,R02,testing,05,394,0,0.0,0.0,0.0,0.0
C,R02,testing,05,395,0,0.0,0.0,0.0,0.0
C,R02,testing,05,396,0,0.0,0.0,0.0,0.0
C,R02,testing,05,397,0,0.0,0.0,0.0,0.0
C,R02,testing,05,398,0,0.0,0.0,0.0,0.0
C,R02,testing,05,399,0,0.0,0.0,0.0,0.0
C,R02,testing,05,400,0,0.0,0.0,0.0,0.0
C,R02,testing,05,401,0,0.0,0.0,0.0,0.0
C,R02,testing,05,402,0,0.0,0.0,0.0,0.0
C,R02,testing,05,403,0,0.0,0.0,0.0,0.0
C,R02,testing,05,404,0,0.0,0.0,0.0,0.0
C,R02,testing,05,405,0,0.0,0.0,0.0,0.0
C,R02,testing,05,406,0,0.0,0.0,0.0,0.0
C,R02,testing,05,407,0,0.0,0.0,0.0,0.0
C,R02,testing,05,408,0,0.0,0.0,0.0,0.0
C,R02,testing,05,409,0,0.0,0.0,0.0,0.0
C,R02,testing,05,410,0,0.0,0.0,0.0,0.0
C,R02,testing,05,411,0,0.0,0.0,0.0,0.0
C,R02,testing,05,412,0,0.0,0.0,0.0,0.0
C,R02,testing,05,413,0,0.0,0.0,0.0,0.0
C,R02,testing,05,414,0,0.0,0.0,0.0,0.0
C,R02,testing,05,415,0,0.0,0.0,0.0,0.0
C,R02,testing,05,416,0,0.0,0.0,0.0,0.0
C,R02,testing,05,417,0,0.0,0.0,0.0,0.0
C,R02,testing,05,418,0,0.0,0.0,0.0,0.0
C,R02,testing,05,419,0,0.0,0.0,0.0,0.0
C,R02,testing,05,420,0,0.0,0.0,0.0,0.0
C,R02,testing,05,421,0,0.0,0.0,0.0,0.0
C,R02,testing,05,422,0,0.0,0.0,0.0,0.0
C,R02,testing,05,423,0,0.0,0.0,0.0,0.0
C,R02,testing,05,424,0,0.0,0.0,0.0,0.0
C,R02,testing,05,425,0,0.0,0.0,0.0,0.0
C,R02,testing,05,426,0,0.0,0.0,0.0,0.0
C,R02,testing,05,427,0,0.0,0.0,0.0,0.0
C,R02,testing,05,428,0,0.0,0.0,0.0,0.0
C,R02,testing,05,429,0,0.0,0.0,0.0,0.0
C,R02,testing,05,430,0,0.0,0.0,0.0,0.0
C,R02,testing,05,431,0,0.0,0.0,0.0,0.0
C,R02,testing,05,432,0,0.0,0.0,0.0,0.0
C,R02,testing,05,433,0,0.0,0.0,0.0,0.0
C,R02,testing,05,434,0,0.0,0.0,0.0,0.0
C,R02,testing,05,435,0,0.0,0.0,0.0,0.0
C,R02,testing,05,436,0,0.0,0.0,0.0,0.0
C,R02,testing,05,437,0,0.0,0.0,0.0,0.0
C,R02,testing,05,438,0,0.0,0.0,0.0,0.0
C,R02,testing,05,439,0,0.0,0.0,0.0,0.0
C,R02,testing,05,440,0,0.0,0.0,0.0,0.0
C,R02,testing,05,441,0,0.0,0.0,0.0,0.0
C,R02,testing,05,442,0,0.0,0.0,0.0,0.0
C,R02,testing,05,443,0,0.0,0.0,0.0,0.0
C,R02,testing,05,444,0,0.0,0.0,0.0,0.0
C,R02,testing,05,445,0,0.0,0.0,0.0,0.0
C,R02,testing,05,446,0,0.0,0.0,0.0,0.0
C,R02,testing,05,447,0,0.0,0.0,0.0,0.0
C,R02,testing,05,448,0,0.0,0.0,0.0,0.0
C,R02,testing,05,449,0,0.0,0.0,0.0,0.0
C,R02,testing,05,450,0,0.0,0.0,0.0,0.0
C,R02,testing,05,451,0,0.0,0.0,0.0,0.0
C,R02,testing,05,452,0,0.0,0.0,0.0,0.0
C,R02,testing,05,453,0,0.0,0.0,0.0,0.0
C,R02,testing,05,454,0,0.0,0.0,0.0,0.0
C,R02,testing,05,455,0,0.0,0.0,0.0,0.0
C,R02,testing,05,456,0,0.0,0.0,0.0,0.0
C,R02,testing,05,457,0,0.0,0.0,0.0,0.0
C,R02,testing,05,458,0,0.0,0.0,0.0,0.0
C,R02,testing,05,459,0,0.0,0.0,0.0,0.0
C,R02,testing,05,460,0,0.0,0.0,0.0,0.0
C,R02,testing,05,461,0,0.0,0.0,0.0,0.0
C,R02,testing,05,462,0,0.0,0.0,0.0,0.0
C,R02,testing,05,463,0,0.0,0.0,0.0,0.0
C,R02,testing,05,464,0,0.0,0.0,0.0,0.0
C,R02,testing,05,465,0,0.0,0.0,0.0,0.0
C,R02,testing,05,466,0,0.0,0.0,0.0,0.0
C,R02,testing,05,467,0,0.0,0.0,0.0,0.0
C,R02,testing,05,468,0,0.0,0.0,0.0,0.0
C,R02,testing,05,469,0,0.0,0.0,0.0,0.0
C,R02,testing,05,470,0,0.0,0.0,0.0,0.0
C,R02,testing,05,471,0,0.0,0.0,0.0,0.0
C,R02,testing,05,472,0,0.0,0.0,0.0,0.0
C,R02,testing,05,473,0,0.0,0.0,0.0,0.0
C,R02,testing,05,474,0,0.0,0.0,0.0,0.0
C,R02,testing,05,475,0,0.0,0.0,0.0,0.0
C,R02,testing,05,476,0,0.0,0.0,0.0,0.0
C,R02,testing,05,477,0,0.0,0.0,0.0,0.0
C,R02,testing,05,478,0,0.0,0.0,0.0,0.0
C,R02,testing,05,479,0,0.0,0.0,0.0,0.0
C,R02,testing,05,480,0,0.0,0.0,0.0,0.0
C,R02,testing,05,481,0,0.0,0.0,0.0,0.0
C,R02,testing,05,482,0,0.0,0.0,0.0,0.0
C,R02,testing,05,483,0,0.0,0.0,0.0,0.0
C,R02,testing,05,484,0,0.0,0.0,0.0,0.0
C,R02,testing,05,485,0,0.0,0.0,0.0,0.0
C,R02,testing,05,486,0,0.0,0.0,0.0,0.0
C,R02,testing,05,487,0,0.0,0.0,0.0,0.0
C,R02,testing,05,488,0,0.0,0.0,0.0,0.0
C,R02,testing,05,489,0,0.0,0.0,0.0,0.0
C,R02,testing,05,490,0,0.0,0.0,0.0,0.0
C,R02,testing,05,491,0,0.0,0.0,0.0,0.0
C,R02,testing,05,492,0,0.0,0.0,0.0,0.0
C,R02,testing,05,493,0,0.0,0.0,0.0,0.0
C,R02,testing,05,494,0,0.0,0.0,0.0,0.0
C,R02,testing,05,495,0,0.0,0.0,0.0,0.0
C,R02,testing,05,496,0,0.0,0.0,0.0,0.0
C,R02,testing,05,497,0,0.0,0.0,0.0,0.0
C,R02,testing,05,498,0,0.0,0.0,0.0,0.0
C,R02,testing,05,499,0,0.0,0.0,0.0,0.0
C,R02,testing,05,500,0,0.0,0.0,0.0,0.0
C,R02,testing,05,501,0,0.0,0.0,0.0,0.0
C,R02,testing,05,502,0,0.0,0.0,0.0,0.0
C,R02,testing,05,503,0,0.0,0.0,0.0,0.0
C,R02,testing,05,504,0,0.0,0.0,0.0,0.0
C,R02,testing,05,505,0,0.0,0.0,0.0,0.0
C,R02,testing,05,506,0,0.0,0.0,0.0,0.0
C,R02,testing,05,507,0,0.0,0.0,0.0,0.0
C,R02,testing,05,508,0,0.0,0.0,0.0,0.0
C,R02,testing,05,509,0,0.0,0.0,0.0,0.0
C,R02,testing,05,510,0,0.0,0.0,0.0,0.0
C,R02,testing,05,511,0,0.0,0.0,0.0,0.0
C,R02,testing,05,512,0,0.0,0.0,0.0,0.0
C,R02,testing,05,513,0,0.0,0.0,0.0,0.0
C,R02,testing,05,514,0,0.0,0.0,0.0,0.0
C,R02,testing,05,515,0,0.0,0.0,0.0,0.0
C,R02,testing,05,516,0,0.0,0.0,0.0,0.0
C,R02,testing,05,517,0,0.0,0.0,0.0,0.0
C,R02,testing,05,518,0,0.0,0.0,0.0,0.0
C,R02,testing,05,519,0,0.0,0.0,0.0,0.0
C,R02,testing,05,520,0,0.0,0.0,0.0,0.0
C,R02,testing,05,521,0,0.0,0.0,0.0,0.0
C,R02,testing,05,522,0,0.0,0.0,0.0,0.0
C,R02,testing,05,523,0,0.0,0.0,0.0,0.0
C,R02,testing,05,524,0,0.0,0.0,0.0,0.0
C,R02,testing,05,525,0,0.0,0.0,0.0,0.0
C,R02,testing,05,526,0,0.0,0.0,0.0,0.0
C,R02,testing,05,527,0,0.0,0.0,0.0,0.0
C,R02,testing,05,528,0,0.0,0.0,0.0,0.0
C,R02,testing,05,529,0,0.0,0.0,0.0,0.0
C,R02,testing,05,530,0,0.0,0.0,0.0,0.0
C,R02,testing,05,531,0,0.0,0.0,0.0,0.0
C,R02,testing,05,532,0,0.0,0.0,0.0,0.0
C,R02,testing,05,533,0,0.0,0.0,0.0,0.0
C,R02,testing,05,534,0,0.0,0.0,0.0,0.0
C,R02,testing,05,535,0,0.0,0.0,0.0,0.0
C,R02,testing,05,536,0,0.0,0.0,0.0,0.0
C,R02,testing,05,537,0,0.0,0.0,0.0,0.0
C,R02,testing,05,538,0,0.0,0.0,0.0,0.0
C,R02,testing,05,539,0,0.0,0.0,0.0,0.0
C,R02,testing,05,540,0,0.0,0.0,0.0,0.0
C,R02,testing,05,541,0,0.0,0.0,0.0,0.0
C,R02,testing,05,542,0,0.0,0.0,0.0,0.0
C,R02,testing,05,543,0,0.0,0.0,0.0,0.0
C,R02,testing,05,544,0,0.0,0.0,0.0,0.0
C,R02,testing,05,545,0,0.0,0.0,0.0,0.0
C,R02,testing,05,546,0,0.0,0.0,0.0,0.0
C,R02,testing,05,547,0,0.0,0.0,0.0,0.0
C,R02,testing,05,548,0,0.0,0.0,0.0,0.0
C,R02,testing,05,549,0,0.0,0.0,0.0,0.0
C,R02,testing,05,550,0,0.0,0.0,0.0,0.0
C,R02,testing,05,551,0,0.0,0.0,0.0,0.0
C,R02,testing,05,552,0,0.0,0.0,0.0,0.0
C,R02,testing,05,553,0,0.0,0.0,0.0,0.0
C,R02,testing,05,554,0,0.0,0.0,0.0,0.0
C,R02,testing,05,555,0,0.0,0.0,0.0,0.0
C,R02,testing,05,556,0,0.0,0.0,0.0,0.0
C,R02,testing,05,557,0,0.0,0.0,0.0,0.0
C,R02,testing,05,558,0,0.0,0.0,0.0,0.0
C,R02,testing,05,559,0,0.0,0.0,0.0,0.0
C,R02,testing,05,560,0,0.0,0.0,0.0,0.0
C,R02,testing,05,561,0,0.0,0.0,0.0,0.0
C,R02,testing,05,562,0,0.0,0.0,0.0,0.0
C,R02,testing,05,563,0,0.0,0.0,0.0,0.0
C,R02,testing,05,564,0,0.0,0.0,0.0,0.0
C,R02,testing,05,565,0,0.0,0.0,0.0,0.0
C,R02,testing,05,566,0,0.0,0.0,0.0,0.0
C,R02,testing,05,567,0,0.0,0.0,0.0,0.0
C,R02,testing,05,568,0,0.0,0.0,0.0,0.0
C,R02,testing,05,569,0,0.0,0.0,0.0,0.0
C,R02,testing,05,570,0,0.0,0.0,0.0,0.0
C,R02,testing,05,571,0,0.0,0.0,0.0,0.0
C,R02,testing,05,572,0,0.0,0.0,0.0,0.0
C,R02,testing,05,573,0,0.0,0.0,0.0,0.0
C,R02,testing,05,574,0,0.0,0.0,0.0,0.0
C,R02,testing,05,575,0,0.0,0.0,0.0,0.0
C,R02,testing,05,576,0,0.0,0.0,0.0,0.0
C,R02,testing,05,577,0,0.0,0.0,0.0,0.0
C,R02,testing,05,578,0,0.0,0.0,0.0,0.0
C,R02,testing,05,579,0,0.0,0.0,0.0,0.0
C,R02,testing,05,580,0,0.0,0.0,0.0,0.0
C,R02,testing,05,581,0,0.0,0.0,0.0,0.0
C,R02,testing,05,582,0,0.0,0.0,0.0,0.0
P1,R02,testing,05,0,0,0.0,0.0,0.0,0.0
P1,R02,testing,05,1,0,0.0,0.0,0.0,0.0
P1,R02,testing,05,2,0,0.0,0.0,0.0,0.0
P1,R02,testing,05,3,0,0.0,0.0,0.0,0.0
P1,R02,testing,05,4,0,0.0,0.0,0.0,0.0
P1,R02,testing,05,5,0,0.0,0.0,0.0,0.0
P1,R02,testing,05,6,0,0.0,0.0,0.0,0.0
P1,R02,testing,05,7,0,0.0,0.0,0.0,0.0
P1,R02,testing,05,8,0,0.0,0.0,0.0,0.0
P1,R02,testing,05,9,0,0.0,0.0,0.0,0.0
P1,R02,testing,05,10,0,0.0,0.0,0.0,0.0
P1,R02,testing,05,11,1,0.0,0.0,0.0,0.0
P1,R02,testing,05,12,1,0.0,0.0,0.0,0.0
P1,R02,testing,05,13,1,0.0,0.0,0.0,0.0
P1,R02,testing,05,14,1,0.0,0.0,0.0,0.0
P1,R02,testing,05,15,1,0.0,0.0,0.0,0.0
P1,R02,testing,05,16,1,0.0,0.0,0.0,0.0
P1,R02,testing,05,17,1,0.0,0.0,0.0,0.0
P1,R02,testing,05,18,1,0.0,0.0,0.0,0.0
P1,R02,testing,05,19,1,0.0,0.0,0.0,0.0
P1,R02,testing,05,20,1,0.0,0.0,0.0,0.0
P1,R02,testing,05,21,1,0.0,0.0,0.0,0.0
P1,R02,testing,05,22,1,0.0,0.0,0.0,0.0
P1,R02,testing,05,23,1,0.0,0.0,0.0,0.0
P1,R02,testing,05,24,1,0.0,0.0,0.0,0.0
P1,R02,testing,05,25,1,0.0,0.0,0.0,0.0
P1,R02,testing,05,26,1,0.0,0.0,0.0,0.0
P1,R02,testing,05,27,1,0.0,0.0,0.0,0.0
P1,R02,testing,05,28,1,0.0,0.0,0.0,0.0
P1,R02,testing,05,29,1,0.0,0.0,0.0,0.0
P1,R02,testing,05,30,1,0.0,0.0,0.0,0.0
P1,R02,testing,05,31,1,0.0,0.0,0.0,0.0
P1,R02,testing,05,32,1,0.0,0.0,0.0,0.0
P1,R02,testing,05,33,1,0.0,0.0,0.0,0.0
P1,R02,testing,05,34,1,0.0,0.0,0.0,0.0
P1,R02,testing,05,35,1,0.0,0.0,0.0,0.0
P1,R02,testing,05,36,1,0.0,0.0,0.0,0.0
P1,R02,testing,05,37,1,0.0,0.0,0.0,0.0
P1,R02,testing,05,38,1,0.0,0.0,0.0,0.0
P1,R02,testing,05,39,1,0.0,0.0,0.0,0.0
P1,R02,testing,05,40,1,0.0,0.0,0.0,0.0
P1,R02,testing,05,41,1,0.0,0.0,0.0,0.0
P1,R02,testing,05,42,1,0.0,0.0,0.0,0.0
P1,R02,testing,05,43,1,0.0,0.0,0.0,0.0
P1,R02,testing,05,44,1,0.0,0.0,0.0,0.0
P1,R02,testing,05,45,1,0.0,0.0,0.0,0.0
P1,R02,testing,05,46,1,0.0,0.0,0.0,0.0
P1,R02,testing,05,47,1,0.0,0.0,0.0,0.0
P1,R02,testing,05,48,1,0.0,0.0,0.0,0.0
P1,R02,testing,05,49,1,0.0,0.0,0.0,0.0
P1,R02,testing,05,50,1,0.0,0.0,0.0,0.0
P1,R02,testing,05,51,1,0.0,0.0,0.0,0.0
P1,R02,testing,05,52,1,0.0,0.0,0.0,0.0
P1,R02,testing,05,53,1,0.0,0.0,0.0,0.0
P1,R02,testing,05,54,1,0.0,0.0,0.0,0.0
P1,R02,testing,05,55,1,0.0,0.0,0.0,0.0
P1,R02,testing,05,56,1,0.0,0.0,0.0,0.0
P1,R02,testing,05,57,1,0.0,0.0,0.0,0.0
P1,R02,testing,05,58,1,0.0,0.0,0.0,0.0
P1,R02,testing,05,59,1,0.0,0.0,0.0,0.0
P1,R02,testing,05,60,1,0.0,0.0,0.0,0.0
P1,R02,testing,05,61,1,0.0,0.0,0.0,0.0
P1,R02,testing,05,62,1,0.0,0.0,0.0,0.0
P1,R02,testing,05,63,1,0.0,0.0,0.0,0.0
P1,R02,testing,05,64,1,0.0,0.0,0.0,0.0
P1,R02,testing,05,65,1,0.0,0.0,0.0,0.0
P1,R02,testing,05,66,1,0.0,0.0,0.0,0.0
P1,R02,testing,05,67,1,0.0,0.0,0.0,0.0
P1,R02,testing,05,68,1,0.0,0.0,0.0,0.0
P1,R02,testing,05,69,1,0.0,0.0,0.0,0.0
P1,R02,testing,05,70,1,0.0,0.0,0.0,0.0
P1,R02,testing,05,71,1,0.0,0.0,0.0,0.0
P1,R02,testing,05,72,1,0.0,0.0,0.0,0.0
P1,R02,testing,05,73,1,0.0,0.0,0.0,0.0
P1,R02,testing,05,74,1,0.0,0.0,0.0,0.0
P1,R02,testing,05,75,1,0.0,0.0,0.0,0.0
P1,R02,testing,05,76,1,0.0,0.0,0.0,0.0
P1,R02,testing,05,77,1,0.0,0.0,0.0,0.0
P1,R02,testing,05,78,1,0.0,0.0,0.0,0.0
P1,R02,testing,05,79,1,0.0,0.0,0.0,0.0
P1,R02,testing,05,80,1,0.0,0.0,0.0,0.0
P1,R02,testing,05,81,1,0.0,0.0,0.0,0.0
P1,R02,testing,05,82,1,0.0,0.0,0.0,0.0
P1,R02,testing,05,83,1,0.0,0.0,0.0,0.0
P1,R02,testing,05,84,1,0.0,0.0,0.0,0.0
P1,R02,testing,05,85,1,0.0,0.0,0.0,0.0
P1,R02,testing,05,86,1,0.0,0.0,0.0,0.0
P1,R02,testing,05,87,1,0.0,0.0,0.0,0.0
P1,R02,testing,05,88,1,0.0,0.0,0.0,0.0
P1,R02,testing,05,89,1,0.0,0.0,0.0,0.0
P1,R02,testing,05,90,1,0.0,0.0,0.0,0.0
P1,R02,testing,05,91,1,0.0,0.0,0.0,0.0
P1,R02,testing,05,92,1,0.0,0.0,0.0,0.0
P1,R02,testing,05,93,1,0.0,0.0,0.0,0.0
P1,R02,testing,05,94,1,0.0,0.0,0.0,0.0
P1,R02,testing,05,95,1,0.0,0.0,0.0,0.0
P1,R02,testing,05,96,1,0.0,0.0,0.0,0.0
P1,R02,testing,05,97,1,0.0,0.0,0.0,0.0
P1,R02,testing,05,98,1,0.0,0.0,0.0,0.0
P1,R02,testing,05,99,1,0.0,0.0,0.0,0.0
P1,R02,testing,05,100,1,0.0,0.0,0.0,0.0
P1,R02,testing,05,101,1,0.0,0.0,0.0,0.0
P1,R02,testing,05,102,1,0.0,0.0,0.0,0.0
P1,R02,testing,05,103,1,0.0,0.0,0.0,0.0
P1,R02,testing,05,104,1,0.0,0.0,0.0,0.0
P1,R02,testing,05,105,1,0.0,0.0,0.0,0.0
P1,R02,testing,05,106,1,0.0,0.0,0.0,0.0
P1,R02,testing,05,107,1,0.0,0.0,0.0,0.0
P1,R02,testing,05,108,1,0.0,0.0,0.0,0.0
P1,R02,testing,05,109,1,0.0,0.0,0.0,0.0
P1,R02,testing,05,110,1,0.0,0.0,0.0,0.0
P1,R02,testing,05,111,1,0.0,0.0,0.0,0.0
P1,R02,testing,05,112,1,0.0,0.0,0.0,0.0
P1,R02,testing,05,113,1,0.0,0.0,0.0,0.0
P1,R02,testing,05,114,1,0.0,0.0,0.0,0.0
P1,R02,testing,05,115,1,0.0,0.0,0.0,0.0
P1,R02,testing,05,116,1,0.0,0.0,0.0,0.0
P1,R02,testing,05,117,1,0.0,0.0,0.0,0.0
P1,R02,testing,05,118,1,0.0,0.0,0.0,0.0
P1,R02,testing,05,119,1,0.0,0.0,0.0,0.0
P1,R02,testing,05,120,1,0.0,0.0,0.0,0.0
P1,R02,testing,05,121,1,0.0,0.0,0.0,0.0
P1,R02,testing,05,122,1,0.0,0.0,0.0,0.0
P1,R02,testing,05,123,1,0.0,0.0,0.0,0.0
P1,R02,testing,05,124,1,0.0,0.0,0.0,0.0
P1,R02,testing,05,125,1,0.0,0.0,0.0,0.0
P1,R02,testing,05,126,1,0.0,0.0,0.0,0.0
P1,R02,testing,05,127,1,0.0,0.0,0.0,0.0
P1,R02,testing,05,128,1,0.0,0.0,0.0,0.0
P1,R02,testing,05,129,1,0.0,0.0,0.0,0.0
P1,R02,testing,05,130,1,0.0,0.0,0.0,0.0
P1,R02,testing,05,131,1,0.0,0.0,0.0,0.0
P1,R02,testing,05,132,1,0.0,0.0,0.0,0.0
P1,R02,testing,05,133,1,0.0,0.0,0.0,0.0
P1,R02,testing,05,134,1,0.0,0.0,0.0,0.0
P1,R02,testing,05,135,1,0.0,0.0,0.0,0.0
P1,R02,testing,05,136,1,0.0,0.0,0.0,0.0
P1,R02,testing,05,137,1,0.0,0.0,0.0,0.0
P1,R02,testing,05,138,1,0.0,0.0,0.0,0.0
P1,R02,testing,05,139,1,0.0,0.0,0.0,0.0
P1,R02,testing,05,140,1,0.0,0.0,0.0,0.0
P1,R02,testing,05,141,1,0.0,0.0,0.0,0.0
P1,R02,testing,05,142,1,0.0,0.0,0.0,0.0
P1,R02,testing,05,143,1,0.0,0.0,0.0,0.0
P1,R02,testing,05,144,1,0.0,0.0,0.0,0.0
P1,R02,testing,05,145,1,0.0,0.0,0.0,0.0
P1,R02,testing,05,146,1,0.0,0.0,0.0,0.0
P1,R02,testing,05,147,1,0.0,0.0,0.0,0.0
P1,R02,testing,05,148,1,0.0,0.0,0.0,0.0
P1,R02,testing,05,149,1,0.0,0.0,0.0,0.0
P1,R02,testing,05,150,1,0.0,0.0,0.0,0.0
P1,R02,testing,05,151,1,0.0,0.0,0.0,0.0
P1,R02,testing,05,152,1,0.0,0.0,0.0,0.0
P1,R02,testing,05,153,1,0.0,0.0,0.0,0.0
P1,R02,testing,05,154,1,0.0,0.0,0.0,0.0
P1,R02,testing,05,155,1,0.0,0.0,0.0,0.0
P1,R02,testing,05,156,1,0.0,0.0,0.0,0.0
P1,R02,testing,05,157,1,0.0,0.0,0.0,0.0
P1,R02,testing,05,158,1,0.0,0.0,0.0,0.0
P1,R02,testing,05,159,1,0.0,0.0,0.0,0.0
P1,R02,testing,05,160,1,0.0,0.0,0.0,0.0
P1,R02,testing,05,161,1,0.0,0.0,0.0,0.0
P1,R02,testing,05,162,1,0.0,0.0,0.0,0.0
P1,R02,testing,05,163,1,0.0,0.0,0.0,0.0
P1,R02,testing,05,164,1,0.0,0.0,0.0,0.0
P1,R02,testing,05,165,1,0.0,0.0,0.0,0.0
P1,R02,testing,05,166,1,0.0,0.0,0.0,0.0
P1,R02,testing,05,167,1,0.0,0.0,0.0,0.0
P1,R02,testing,05,168,1,0.0,0.0,0.0,0.0
P1,R02,testing,05,169,1,0.0,0.0,0.0,0.0
P1,R02,testing,05,170,1,0.0,0.0,0.0,0.0
P1,R02,testing,05,171,1,0.0,0.0,0.0,0.0
P1,R02,testing,05,172,1,0.0,0.0,0.0,0.0
P1,R02,testing,05,173,1,0.0,0.0,0.0,0.0
P1,R02,testing,05,174,1,0.0,0.0,0.0,0.0
P1,R02,testing,05,175,1,0.0,0.0,0.0,0.0
P1,R02,testing,05,176,1,0.0,0.0,0.0,0.0
P1,R02,testing,05,177,1,0.0,0.0,0.0,0.0
P1,R02,testing,05,178,1,0.0,0.0,0.0,0.0
P1,R02,testing,05,179,1,0.0,0.0,0.0,0.0
P1,R02,testing,05,180,1,0.0,0.0,0.0,0.0
P1,R02,testing,05,181,1,0.0,0.0,0.0,0.0
P1,R02,testing,05,182,1,0.0,0.0,0.0,0.0
P1,R02,testing,05,183,1,0.0,0.0,0.0,0.0
P1,R02,testing,05,184,1,0.0,0.0,0.0,0.0
P1,R02,testing,05,185,1,0.0,0.0,0.0,0.0
P1,R02,testing,05,186,1,0.0,0.0,0.0,0.0
P1,R02,testing,05,187,1,0.0,0.0,0.0,0.0
P1,R02,testing,05,188,1,0.0,0.0,0.0,0.0
P1,R02,testing,05,189,1,0.0,0.0,0.0,0.0
P1,R02,testing,05,190,1,0.0,0.0,0.0,0.0
P1,R02,testing,05,191,1,0.0,0.0,0.0,0.0
P1,R02,testing,05,192,1,0.0,0.0,0.0,0.0
P1,R02,testing,05,193,1,0.0,0.0,0.0,0.0
P1,R02,testing,05,194,1,0.0,0.0,0.0,0.0
P1,R02,testing,05,195,1,0.0,0.0,0.0,0.0
P1,R02,testing,05,196,1,0.0,0.0,0.0,0.0
P1,R02,testing,05,197,1,0.0,0.0,0.0,0.0
P1,R02,testing,05,198,1,0.0,0.0,0.0,0.0
P1,R02,testing,05,199,1,0.0,0.0,0.0,0.0
P1,R02,testing,05,200,1,0.0,0.0,0.0,0.0
P1,R02,testing,05,201,1,0.0,0.0,0.0,0.0
P1,R02,testing,05,202,1,0.0,0.0,0.0,0.0
P1,R02,testing,05,203,1,0.0,0.0,0.0,0.0
P1,R02,testing,05,204,1,0.0,0.0,0.0,0.0
P1,R02,testing,05,205,1,0.0,0.0,0.0,0.0
P1,R02,testing,05,206,1,0.0,0.0,0.0,0.0
P1,R02,testing,05,207,1,0.0,0.0,0.0,0.0
P1,R02,testing,05,208,1,0.0,0.0,0.0,0.0
P1,R02,testing,05,209,1,0.0,0.0,0.0,0.0
P1,R02,testing,05,210,1,0.0,0.0,0.0,0.0
P1,R02,testing,05,211,1,0.0,0.0,0.0,0.0
P1,R02,testing,05,212,1,0.0,0.0,0.0,0.0
P1,R02,testing,05,213,1,0.0,0.0,0.0,0.0
P1,R02,testing,05,214,1,0.0,0.0,0.0,0.0
P1,R02,testing,05,215,1,0.0,0.0,0.0,0.0
P1,R02,testing,05,216,1,0.0,0.0,0.0,0.0
P1,R02,testing,05,217,1,0.0,0.0,0.0,0.0
P1,R02,testing,05,218,1,0.0,0.0,0.0,0.0
P1,R02,testing,05,219,1,0.0,0.0,0.0,0.0
P1,R02,testing,05,220,1,0.0,0.0,0.0,0.0
P1,R02,testing,05,221,1,0.0,0.0,0.0,0.0
P1,R02,testing,05,222,1,0.0,0.0,0.0,0.0
P1,R02,testing,05,223,1,0.0,0.0,0.0,0.0
P1,R02,testing,05,224,1,0.0,0.0,0.019021445798715914,0.018538451112188208
P1,R02,testing,05,225,1,0.0,0.0,0.019021445798715914,0.01855279598626753
P1,R02,testing,05,226,1,0.0,0.0,0.019021445798715914,0.01856693270161463
P1,R02,testing,05,227,1,0.0,0.0,0.019021445798715914,0.018580860765611475
P1,R02,testing,05,228,1,0.0,0.0,0.019021445798715914,0.018594579692662223
P1,R02,testing,05,229,1,0.0,0.0,0.019021445798715914,0.018608089004221447
P1,R02,testing,05,230,1,0.0,0.0,0.019021445798715914,0.018621388228821957
P1,R02,testing,05,231,1,0.0,0.0,0.019021445798715914,0.018634476902102213
P1,R02,testing,05,232,1,0.0,0.0,0.019021445798715914,0.018647354566833346
P1,R02,testing,05,233,1,0.0,0.0,0.019021445798715914,0.018660020772945783
P1,R02,testing,05,234,1,0.0,0.0,0.019021445798715914,0.018672475077555463
P1,R02,testing,05,235,1,0.0,0.0,0.019021445798715914,0.018684717044989627
P1,R02,testing,05,236,1,0.0,0.0,0.019021445798715914,0.018696746246812238
P1,R02,testing,05,237,1,0.0,0.0,0.019021445798715914,0.018708562261848957
P1,R02,testing,05,238,1,0.0,0.0,0.019021445798715914,0.01872016467621173
P1,R02,testing,05,239,1,0.0,0.0,0.019021445798715914,0.018731553083322933
P1,R02,testing,05,240,1,0.0,0.0,0.03935863080585829,0.038781914024722586
P1,R02,testing,05,241,1,0.0,0.0,0.03935863080585829,0.03880459049207786
P1,R02,testing,05,242,1,0.0,0.0,0.03935863080585829,0.038826821709168104
P1,R02,testing,05,243,1,0.0,0.0,0.03935863080585829,0.0388486068957034
P1,R02,testing,05,244,1,0.0,0.0,0.03935863080585829,0.03886994528675732
P1,R02,testing,05,245,1,0.0,0.0,0.03935863080585829,0.03889083613281174
P1,R02,testing,05,246,1,0.0,0.0,0.03935863080585829,0.03891127869980066
P1,R02,testing,05,247,1,0.0,0.0,0.03935863080585829,0.038931272269153216
P1,R02,testing,05,248,1,0.0,0.0,0.03935863080585829,0.03895081613783579
P1,R02,testing,05,249,1,0.0,0.0,0.03935863080585829,0.038969909618393195
P1,R02,testing,05,250,1,0.0,0.0,0.03935863080585829,0.03898855203898896
P1,R02,testing,05,251,1,0.0,0.0,0.03935863080585829,0.03900674274344478
P1,R02,testing,05,252,1,0.0,0.0,0.03935863080585829,0.039024481091278936
P1,R02,testing,05,253,1,0.0,0.0,0.03935863080585829,0.039041766457743945
P1,R02,testing,05,254,1,0.0,0.0,0.03935863080585829,0.0390585982338632
P1,R02,testing,05,255,1,0.0,0.0,0.03935863080585829,0.039074975826466726
P1,R02,testing,05,256,1,0.0,0.0,0.0608038637527393,0.06039025309877223
P1,R02,testing,05,257,1,0.0,0.0,0.0608038637527393,0.060414148349157364
P1,R02,testing,05,258,1,0.0,0.0,0.0608038637527393,0.060437339344196525
P1,R02,testing,05,259,1,0.0,0.0,0.0608038637527393,0.060459825265721426
P1,R02,testing,05,260,1,0.0,0.0,0.0608038637527393,0.06048160532023775
P1,R02,testing,05,261,1,0.0,0.0,0.0608038637527393,0.060502678738971895
P1,R02,testing,05,262,1,0.0,0.0,0.0608038637527393,0.06052304477791613
P1,R02,testing,05,263,1,0.0,0.0,0.0608038637527393,0.060542702717872404
P1,R02,testing,05,264,1,0.0,0.0,0.0608038637527393,0.06056165186449468
P1,R02,testing,05,265,1,0.0,0.0,0.0608038637527393,0.0605798915483298
P1,R02,testing,05,266,1,0.0,0.0,0.0608038637527393,0.06059742112485691
P1,R02,testing,05,267,1,0.0,0.0,0.0608038637527393,0.0606142399745254
P1,R02,testing,05,268,1,0.0,0.0,0.0608038637527393,0.06063034750279142
P1,R02,testing,05,269,1,0.0,0.0,0.0608038637527393,0.06064574314015291
P1,R02,testing,05,270,1,0.0,0.0,0.0608038637527393,0.06066042634218314
P1,R02,testing,05,271,1,0.0,0.0,0.0608038637527393,0.06067439658956279
P1,R02,testing,05,272,1,0.0,0.0,0.06421822400197333,0.06409548799859328
P1,R02,testing,05,273,1,0.0,0.0,0.06421822400197333,0.06410873520810978
P1,R02,testing,05,274,1,0.0,0.0,0.06421822400197333,0.06412122794193013
P1,R02,testing,05,275,1,0.0,0.0,0.06421822400197333,0.06413296575795024
P1,R02,testing,05,276,1,0.0,0.0,0.06421822400197333,0.06414394824072936
P1,R02,testing,05,277,1,0.0,0.0,0.06421822400197333,0.06415417500151455
P1,R02,testing,05,278,1,0.0,0.0,0.06421822400197333,0.06416364567826367
P1,R02,testing,05,279,1,0.0,0.0,0.06421822400197333,0.0641723599356667
P1,R02,testing,05,280,1,0.0,0.0,0.06421822400197333,0.06418031746516555
P1,R02,testing,05,281,1,0.0,0.0,0.06421822400197333,0.06418751798497221
P1,R02,testing,05,282,1,0.0,0.0,0.06421822400197333,0.0641939612400855
P1,R02,testing,05,283,1,0.0,0.0,0.06421822400197333,0.064199647002306
P1,R02,testing,05,284,1,0.0,0.0,0.06421822400197333,0.06420457507024958
P1,R02,testing,05,285,1,0.0,0.0,0.06421822400197333,0.0642087452693593
P1,R02,testing,05,286,1,0.0,0.0,0.06421822400197333,0.06421215745191566
P1,R02,testing,05,287,1,0.0,0.0,0.06421822400197333,0.06421481149704536
P1,R02,testing,05,288,1,0.0,0.0,0.06715391046542579,0.06715232443981321
P1,R02,testing,05,289,1,0.0,0.0,0.06715391046542579,0.06715351395551088
P1,R02,testing,05,290,1,0.0,0.0,0.06715391046542579,0.06715391046542579
P1,R02,testing,05,291,1,0.0,0.0,0.06715391046542579,0.06715351395551088
P1,R02,testing,05,292,1,0.0,0.0,0.06715391046542579,0.06715232443981321
P1,R02,testing,05,293,1,0.0,0.0,0.06715391046542579,0.06715034196047324
P1,R02,testing,05,294,1,0.0,0.0,0.06715391046542579,0.06714756658772225
P1,R02,testing,05,295,1,0.0,0.0,0.06715391046542579,0.06714399841987828
P1,R02,testing,05,296,1,0.0,0.0,0.06715391046542579,0.06713963758334023
P1,R02,testing,05,297,1,0.0,0.0,0.06715391046542579,0.06713448423258046
P1,R02,testing,05,298,1,0.0,0.0,0.06715391046542579,0.06712853855013569
P1,R02,testing,05,299,1,0.0,0.0,0.06715391046542579,0.06712180074659614
P1,R02,testing,05,300,1,0.0,0.0,0.06715391046542579,0.0671142710605932
P1,R02,testing,05,301,1,0.0,0.0,0.06715391046542579,0.06710594975878524
P1,R02,testing,05,302,1,0.0,0.0,0.06715391046542579,0.06709683713584198
P1,R02,testing,05,303,1,0.0,0.0,0.06715391046542579,0.06708693351442702
P1,R02,testing,05,304,1,0.0,0.0,0.06952968150154805,0.06944926242888078
P1,R02,testing,05,305,1,0.0,0.0,0.06952968150154805,0.06943737159039068
P1,R02,testing,05,306,1,0.0,0.0,0.06952968150154805,0.06942466294542135
P1,R02,testing,05,307,1,0.0,0.0,0.06952968150154805,0.06941113694377443
P1,R02,testing,05,308,1,0.0,0.0,0.06952968150154805,0.06939679406412025
P1,R02,testing,05,309,1,0.0,0.0,0.06952968150154805,0.06938163481396949
P1,R02,testing,05,310,1,0.0,0.0,0.06952968150154805,0.06936565972964334
P1,R02,testing,05,311,1,0.0,0.0,0.06952968150154805,0.06934886937624185
P1,R02,testing,05,312,1,0.0,0.0,0.06952968150154805,0.0693312643476106
P1,R02,testing,05,313,1,0.0,0.0,0.06952968150154805,0.0693128452663057
P1,R02,testing,05,314,1,0.0,0.0,0.06952968150154805,0.0692936127835571
P1,R02,testing,05,315,0,0.0,0.0,0.06952968150154805,0.06927356757923024
P1,R02,testing,05,316,0,0.0,0.0,0.06952968150154805,0.06925271036178593
P1,R02,testing,05,317,0,0.0,0.0,0.06952968150154805,0.0692310418682387
P1,R02,testing,05,318,0,0.0,0.0,0.06952968150154805,0.06920856286411332
P1,R02,testing,05,319,0,0.0,0.0,0.06952968150154805,0.0691852741433998
P1,R02,testing,05,320,0,0.0,0.0,0.07127793329239931,0.07090016264367596
P1,R02,testing,05,321,0,0.0,0.0,0.07127793329239931,0.07087463075841234
P1,R02,testing,05,322,0,0.0,0.0,0.07127793329239931,0.07084827141353604
P1,R02,testing,05,323,0,0.0,0.0,0.07127793329239931,0.07082108553922865
P1,R02,testing,05,324,0,0.0,0.0,0.07127793329239931,0.07079307409459608
P1,R02,testing,05,325,0,0.0,0.0,0.07127793329239931,0.0707642380676122
P1,R02,testing,05,326,0,0.0,0.0,0.07127793329239931,0.07073457847506076
P1,R02,testing,05,327,0,0.0,0.0,0.07127793329239931,0.07070409636247563
P1,R02,testing,05,328,0,0.0,0.0,0.07127793329239931,0.07067279280407937
P1,R02,testing,05,329,0,0.0,0.0,0.07127793329239931,0.07064066890272018
P1,R02,testing,05,330,0,0.0,0.0,0.07127793329239931,0.07060772578980705
P1,R02,testing,05,331,0,0.0,0.0,0.07127793329239931,0.07057396462524347
P1,R02,testing,05,332,0,0.0,0.0,0.07127793329239931,0.07053938659735923
P1,R02,testing,05,333,0,0.0,0.0,0.07127793329239931,0.07050399292284085
P1,R02,testing,05,334,0,0.0,0.0,0.07127793329239931,0.0704677848466601
P1,R02,testing,05,335,0,0.0,0.0,0.07127793329239931,0.0704307636420011
P1,R02,testing,05,336,0,0.0,0.3331733399882707,0.07234789356540264,0.07144960601832649
P1,R02,testing,05,337,0,0.0,0.3331733399882707,0.07234789356540264,0.07141038240680297
P1,R02,testing,05,338,0,0.0,0.3331733399882707,0.07234789356540264,0.07137033750878474
P1,R02,testing,05,339,0,0.0,0.3331733399882707,0.07234789356540264,0.07132947273033734
P1,R02,testing,05,340,0,0.0,0.3331733399882707,0.07234789356540264,0.07128778950576707
P1,R02,testing,05,341,0,0.0,0.3331733399882707,0.07234789356540264,0.07124528929753711
P1,R02,testing,05,342,0,0.0,0.3331733399882707,0.07234789356540264,0.07120197359618193
P1,R02,testing,05,343,0,0.0,0.3331733399882707,0.07234789356540264,0.07115784392022029
P1,R02,testing,05,344,0,0.0,0.3331733399882707,0.07234789356540264,0.07111290181606637
P1,R02,testing,05,345,0,0.0,0.3331733399882707,0.07234789356540264,0.07106714885793962
P1,R02,testing,05,346,0,0.0,0.3331733399882707,0.07234789356540264,0.07102058664777272
P1,R02,testing,05,347,0,0.0,0.3331733399882707,0.07234789356540264,0.0709732168151182
P1,R02,testing,05,348,0,0.0,0.3331733399882707,0.07234789356540264,0.07092504101705337
P1,R02,testing,05,349,0,0.0,0.3331733399882707,0.07234789356540264,0.07087606093808367
P1,R02,testing,05,350,0,0.0,0.3331733399882707,0.07234789356540264,0.07082627829004456
P1,R02,testing,05,351,0,0.0,0.3331733399882707,0.07234789356540264,0.07077569481200185
P1,R02,testing,05,352,0,1.0,0.333843795399375,0.07270807070614445,0.07107640656507776
P1,R02,testing,05,353,0,1.0,0.333843795399375,0.07270807070614445,0.07102396698038091
P1,R02,testing,05,354,0,1.0,0.333843795399375,0.07270807070614445,0.07097072798516475
P1,R02,testing,05,355,0,1.0,0.333843795399375,0.07270807070614445,0.07091669143558349
P1,R02,testing,05,356,0,1.0,0.333843795399375,0.07270807070614445,0.07086185921463316
P1,R02,testing,05,357,0,1.0,0.333843795399375,0.07270807070614445,0.07080623323204233
P1,R02,testing,05,358,0,1.0,0.333843795399375,0.07270807070614445,0.07074981542416116
P1,R02,testing,05,359,0,1.0,0.333843795399375,0.07270807070614445,0.07069260775384921
P1,R02,testing,05,360,0,1.0,0.333843795399375,0.07270807070614445,0.07063461221036152
P1,R02,testing,05,361,0,1.0,0.333843795399375,0.07270807070614445,0.07057583080923338
P1,R02,testing,05,362,0,1.0,0.333843795399375,0.07270807070614445,0.07051626559216363
P1,R02,testing,05,363,0,1.0,0.333843795399375,0.07270807070614445,0.07045591862689644
P1,R02,testing,05,364,0,1.0,0.333843795399375,0.07270807070614445,0.07039479200710176
P1,R02,testing,05,365,0,1.0,0.333843795399375,0.07270807070614445,0.07033288785225421
P1,R02,testing,05,366,0,1.0,0.333843795399375,0.07270807070614445,0.07027020830751067
P1,R02,testing,05,367,0,1.0,0.333843795399375,0.07270807070614445,0.07020675554358638
P1,R02,testing,05,368,0,0.0,0.3331040133058972,0.07234779343403772,0.06979496703988633
P1,R02,testing,05,369,0,0.0,0.3331040133058972,0.07234779343403772,0.06973029649747814
P1,R02,testing,05,370,0,0.0,0.3331040133058972,0.07234779343403772,0.06966486319849793
P1,R02,testing,05,371,0,0.0,0.3331040133058972,0.07234779343403772,0.06959866940337153
P1,R02,testing,05,372,0,0.0,0.3331040133058972,0.07234779343403772,0.06953171739731948
P1,R02,testing,05,373,0,0.0,0.3331040133058972,0.07234779343403772,0.0694640094902257
P1,R02,testing,05,374,0,0.0,0.3331040133058972,0.07234779343403772,0.06939554801650466
P1,R02,testing,05,375,0,0.0,0.3331040133058972,0.07234779343403772,0.06932633533496725
P1,R02,testing,05,376,0,0.0,0.3331040133058972,0.07234779343403772,0.06925637382868545
P1,R02,testing,05,377,0,0.0,0.3331040133058972,0.07234779343403772,0.06918566590485553
P1,R02,testing,05,378,0,0.0,0.3331040133058972,0.07234779343403772,0.06911421399466014
P1,R02,testing,05,379,0,0.0,0.3331040133058972,0.07234779343403772,0.06904202055312897
P1,R02,testing,05,380,0,0.0,0.3331040133058972,0.07234779343403772,0.06896908805899825
P1,R02,testing,05,381,0,0.0,0.3331040133058972,0.07234779343403772,0.068895419014569
P1,R02,testing,05,382,0,0.0,0.3331040133058972,0.07234779343403772,0.06882101594556393
P1,R02,testing,05,383,0,0.0,0.3331040133058972,0.07234779343403772,0.06874588140098323
P1,R02,testing,05,384,0,0.0,0.0,0.07127773600132896,0.06765435652602414
P1,R02,testing,05,385,0,0.0,0.0,0.07127773600132896,0.06757889956770641
P1,R02,testing,05,386,0,0.0,0.0,0.07127773600132896,0.06750272962273397
P1,R02,testing,05,387,0,0.0,0.0,0.07127773600132896,0.06742584929269377
P1,R02,testing,05,388,0,0.0,0.0,0.07127773600132896,0.06734826120137752
P1,R02,testing,05,389,0,0.0,0.0,0.07127773600132896,0.06726996799463253
P1,R02,testing,05,390,0,0.0,0.0,0.07127773600132896,0.06719097234021149
P1,R02,testing,05,391,0,0.0,0.0,0.07127773600132896,0.067111276927621
P1,R02,testing,05,392,0,0.0,0.0,0.07127773600132896,0.06703088446796908
P1,R02,testing,05,393,0,0.0,0.0,0.07127773600132896,0.06694979769381158
P1,R02,testing,05,394,0,0.0,0.0,0.07127773600132896,0.06686801935899746
P1,R02,testing,05,395,0,0.0,0.0,0.07127773600132896,0.06678555223851305
P1,R02,testing,05,396,0,0.0,0.0,0.07127773600132896,0.06670239912832522
P1,R02,testing,05,397,0,0.0,0.0,0.07127773600132896,0.06661856284522355
P1,R02,testing,05,398,0,0.0,0.0,0.07127773600132896,0.06653404622666138
P1,R02,testing,05,399,0,0.0,0.0,0.07127773600132896,0.06644885213059597
P1,R02,testing,05,400,0,0.0,0.0,0.06952939284759088,0.0647351922867895
P1,R02,testing,05,401,0,0.0,0.0,0.06952939284759088,0.06465077460565147
P1,R02,testing,05,402,0,0.0,0.0,0.06952939284759088,0.06456570454658324
P1,R02,testing,05,403,0,0.0,0.0,0.06952939284759088,0.06447998497586473
P1,R02,testing,05,404,0,0.0,0.0,0.06952939284759088,0.06439361877898227
P1,R02,testing,05,405,0,0.0,0.0,0.06952939284759088,0.064306608860467
P1,R02,testing,05,406,0,0.0,0.0,0.06952939284759088,0.06421895814373221
P1,R02,testing,05,407,0,0.0,0.0,0.06952939284759088,0.06413066957090982
P1,R02,testing,05,408,0,0.0,0.0,0.06952939284759088,0.06404174610268598
P1,R02,testing,05,409,0,0.0,0.0,0.06952939284759088,0.06395219071813586
P1,R02,testing,05,410,0,0.0,0.0,0.06952939284759088,0.0638620064145575
P1,R02,testing,05,411,0,0.0,0.0,0.06952939284759088,0.0637711962073048
P1,R02,testing,05,412,0,0.0,0.0,0.06952939284759088,0.06367976312961983
P1,R02,testing,05,413,0,0.0,0.0,0.06952939284759088,0.06358771023246412
P1,R02,testing,05,414,0,0.0,0.0,0.06952939284759088,0.0634950405843493
P1,R02,testing,05,415,0,0.0,0.0,0.06952939284759088,0.06340175727116684
P1,R02,testing,05,416,0,0.0,0.0,0.06715353878763688,0.061144602102967474
P1,R02,testing,05,417,0,0.0,0.0,0.06715353878763688,0.06105332994316064
P1,R02,testing,05,418,0,0.0,0.0,0.06715353878763688,0.06096147412792388
P1,R02,testing,05,419,0,0.0,0.0,0.06715353878763688,0.06086903770318743
P1,R02,testing,05,420,0,0.0,0.0,0.06715353878763688,0.0607760237308346
P1,R02,testing,05,421,0,0.0,0.0,0.06715353878763688,0.06068243528853297
P1,R02,testing,05,422,0,0.0,0.0,0.06715353878763688,0.060588275469565044
P1,R02,testing,05,423,0,0.0,0.0,0.06715353878763688,0.06049354738265822
P1,R02,testing,05,424,0,0.0,0.0,0.06715353878763688,0.06039825415181406
P1,R02,testing,05,425,0,0.0,0.0,0.06715353878763688,0.060302398916136965
P1,R02,testing,05,426,0,0.0,0.0,0.06715353878763688,0.06020598482966229
P1,R02,testing,05,427,0,0.0,0.0,0.06715353878763688,0.06010901506118364
P1,R02,testing,05,428,0,0.0,0.0,0.06715353878763688,0.0600114927940799
P1,R02,testing,05,429,0,0.0,0.0,0.06715353878763688,0.059913421226141336
P1,R02,testing,05,430,0,0.0,0.0,0.06715353878763688,0.05981480356939535
P1,R02,testing,05,431,0,0.0,0.0,0.06715353878763688,0.059715643049931634
P1,R02,testing,05,432,0,0.0,0.0,0.06421777978156656,0.05700970585073111
P1,R02,testing,05,433,0,0.0,0.0,0.06421777978156656,0.05691385139060454
P1,R02,testing,05,434,0,0.0,0.0,0.06421777978156656,0.05681748713432053
P1,R02,testing,05,435,0,0.0,0.0,0.06421777978156656,0.056720616219041044
P1,R02,testing,05,436,0,0.0,0.0,0.06421777978156656,0.056623241794531966
P1,R02,testing,05,437,0,0.0,0.0,0.06421777978156656,0.05652536702299287
P1,R02,testing,05,438,0,0.0,0.0,0.06421777978156656,0.05642699507888653
P1,R02,testing,05,439,0,0.0,0.0,0.06421777978156656,0.056328129148767794
P1,R02,testing,05,440,0,0.0,0.0,0.06421777978156656,0.056228772431112246
P1,R02,testing,05,441,0,0.0,0.0,0.06421777978156656,0.05612892813614432
P1,R02,testing,05,442,0,0.0,0.0,0.06421777978156656,0.05602859948566509
P1,R02,testing,05,443,0,0.0,0.0,0.06421777978156656,0.055927789712879664
P1,R02,testing,05,444,0,0.0,0.0,0.06421777978156656,0.05582650206222419
P1,R02,testing,05,445,0,0.0,0.0,0.06421777978156656,0.05572473978919259
P1,R02,testing,05,446,0,0.0,0.0,0.06421777978156656,0.05562250616016283
P1,R02,testing,05,447,0,0.0,0.0,0.06421777978156656,0.05551980445222297
P1,R02,testing,05,448,0,0.0,0.0,0.06080335912263016,0.05247016870228283
P1,R02,testing,05,449,0,0.0,0.0,0.06080335912263016,0.05237205054768097
P1,R02,testing,05,450,0,0.0,0.0,0.06080335912263016,0.05227349856937651
P1,R02,testing,05,451,0,0.0,0.0,0.06080335912263016,0.05217451590912615
P1,R02,testing,05,452,0,0.0,0.0,0.06080335912263016,0.05207510571799929
P1,R02,testing,05,453,0,0.0,0.0,0.06080335912263016,0.051975271156211776
P1,R02,testing,05,454,0,0.0,0.0,0.06080335912263016,0.05187501539295928
P1,R02,testing,05,455,0,0.0,0.0,0.06080335912263016,0.05177434160625054
P1,R02,testing,05,456,0,0.0,0.0,0.06080335912263016,0.051673252982740406
P1,R02,testing,05,457,0,0.0,0.0,0.06080335912263016,0.051571752717562674
P1,R02,testing,05,458,0,0.0,0.0,0.06080335912263016,0.05146984401416275
P1,R02,testing,05,459,0,0.0,0.0,0.06080335912263016,0.05136753008413016
P1,R02,testing,05,460,0,0.0,0.0,0.06080335912263016,0.051264814147030914
P1,R02,testing,05,461,0,0.0,0.0,0.06080335912263016,0.051161699430239696
P1,R02,testing,05,462,0,0.0,0.0,0.06080335912263016,0.051058189168771986
P1,R02,testing,05,463,0,0.0,0.0,0.06080335912263016,0.05095428660511601
P1,R02,testing,05,464,0,0.0,0.0,0.039354407010774126,0.03291218492155094
P1,R02,testing,05,465,0,0.0,0.0,0.039354407010774126,0.032844433443390254
P1,R02,testing,05,466,0,0.0,0.0,0.039354407010774126,0.03277643437524005
P1,R02,testing,05,467,0,0.0,0.0,0.039354407010774126,0.032708189834028546
P1,R02,testing,05,468,0,0.0,0.0,0.039354407010774126,0.03263970194097608
P1,R02,testing,05,469,0,0.0,0.0,0.039354407010774126,0.032570972821486036
P1,R02,testing,05,470,0,0.0,0.0,0.039354407010774126,0.0325020046050358
P1,R02,testing,05,471,0,0.0,0.0,0.039354407010774126,0.03243279942506771
P1,R02,testing,05,472,0,0.0,0.0,0.039354407010774126,0.032363359418879974
P1,R02,testing,05,473,0,0.0,0.0,0.039354407010774126,0.03229368672751765
P1,R02,testing,05,474,0,0.0,0.0,0.039354407010774126,0.032223783495663544
P1,R02,testing,05,475,0,0.0,0.0,0.039354407010774126,0.032153651871529215
P1,R02,testing,05,476,0,0.0,0.0,0.039354407010774126,0.03208329400674599
P1,R02,testing,05,477,0,0.0,0.0,0.039354407010774126,0.03201271205625596
P1,R02,testing,05,478,0,0.0,0.0,0.039354407010774126,0.03194190817820307
P1,R02,testing,05,479,0,0.0,0.0,0.039354407010774126,0.031870884533824265
P1,R02,testing,05,480,0,0.0,0.0,0.019017487817770563,0.01536674987024673
P1,R02,testing,05,481,0,0.0,0.0,0.019017487817770563,0.01533221939010512
P1,R02,testing,05,482,0,0.0,0.0,0.019017487817770563,0.015297585852450885
P1,R02,testing,05,483,0,0.0,0.0,0.019017487817770563,0.015262850307125781
P1,R02,testing,05,484,0,0.0,0.0,0.019017487817770563,0.015228013805203637
P1,R02,testing,05,485,0,0.0,0.0,0.019017487817770563,0.015193077398937962
P1,R02,testing,05,486,0,0.0,0.0,0.019017487817770563,0.015158042141709627
P1,R02,testing,05,487,0,0.0,0.0,0.019017487817770563,0.015122909087974553
P1,R02,testing,05,488,0,0.0,0.0,0.019017487817770563,0.015087679293211507
P1,R02,testing,05,489,0,0.0,0.0,0.019017487817770563,0.015052353813869905
P1,R02,testing,05,490,0,0.0,0.0,0.019017487817770563,0.01501693370731773
P1,R02,testing,05,491,0,0.0,0.0,0.019017487817770563,0.01498142003178948
P1,R02,testing,05,492,0,0.0,0.0,0.019017487817770563,0.014945813846334212
P1,R02,testing,05,493,0,0.0,0.0,0.019017487817770563,0.014910116210763642
P1,R02,testing,05,494,0,0.0,0.0,0.019017487817770563,0.014874328185600336
P1,R02,testing,05,495,0,0.0,0.0,0.019017487817770563,0.01483845083202597
P1,R02,testing,05,496,0,0.0,0.0,0.0,0.0
P1,R02,testing,05,497,0,0.0,0.0,0.0,0.0
P1,R02,testing,05,498,0,0.0,0.0,0.0,0.0
P1,R02,testing,05,499,0,0.0,0.0,0.0,0.0
P1,R02,testing,05,500,0,0.0,0.0,0.0,0.0
P1,R02,testing,05,501,0,0.0,0.0,0.0,0.0
P1,R02,testing,05,502,0,0.0,0.0,0.0,0.0
P1,R02,testing,05,503,0,0.0,0.0,0.0,0.0
P1,R02,testing,05,504,0,0.0,0.0,0.0,0.0
P1,R02,testing,05,505,0,0.0,0.0,0.0,0.0
P1,R02,testing,05,506,0,0.0,0.0,0.0,0.0
P1,R02,testing,05,507,0,0.0,0.0,0.0,0.0
P1,R02,testing,05,508,0,0.0,0.0,0.0,0.0
P1,R02,testing,05,509,0,0.0,0.0,0.0,0.0
P1,R02,testing,05,510,0,0.0,0.0,0.0,0.0
P1,R02,testing,05,511,0,0.0,0.0,0.0,0.0
P1,R02,testing,05,512,0,0.0,0.0,0.0,0.0
P1,R02,testing,05,513,0,0.0,0.0,0.0,0.0
P1,R02,testing,05,514,0,0.0,0.0,0.0,0.0
P1,R02,testing,05,515,0,0.0,0.0,0.0,0.0
P1,R02,testing,05,516,0,0.0,0.0,0.0,0.0
P1,R02,testing,05,517,0,0.0,0.0,0.0,0.0
P1,R02,testing,05,518,0,0.0,0.0,0.0,0.0
P1,R02,testing,05,519,0,0.0,0.0,0.0,0.0
P1,R02,testing,05,520,0,0.0,0.0,0.0,0.0
P1,R02,testing,05,521,0,0.0,0.0,0.0,0.0
P1,R02,testing,05,522,0,0.0,0.0,0.0,0.0
P1,R02,testing,05,523,0,0.0,0.0,0.0,0.0
P1,R02,testing,05,524,0,0.0,0.0,0.0,0.0
P1,R02,testing,05,525,0,0.0,0.0,0.0,0.0
P1,R02,testing,05,526,0,0.0,0.0,0.0,0.0
P1,R02,testing,05,527,0,0.0,0.0,0.0,0.0
P1,R02,testing,05,528,0,0.0,0.0,0.0,0.0
P1,R02,testing,05,529,0,0.0,0.0,0.0,0.0
P1,R02,testing,05,530,0,0.0,0.0,0.0,0.0
P1,R02,testing,05,531,0,0.0,0.0,0.0,0.0
P1,R02,testing,05,532,0,0.0,0.0,0.0,0.0
P1,R02,testing,05,533,0,0.0,0.0,0.0,0.0
P1,R02,testing,05,534,0,0.0,0.0,0.0,0.0
P1,R02,testing,05,535,0,0.0,0.0,0.0,0.0
P1,R02,testing,05,536,0,0.0,0.0,0.0,0.0
P1,R02,testing,05,537,0,0.0,0.0,0.0,0.0
P1,R02,testing,05,538,0,0.0,0.0,0.0,0.0
P1,R02,testing,05,539,0,0.0,0.0,0.0,0.0
P1,R02,testing,05,540,0,0.0,0.0,0.0,0.0
P1,R02,testing,05,541,0,0.0,0.0,0.0,0.0
P1,R02,testing,05,542,0,0.0,0.0,0.0,0.0
P1,R02,testing,05,543,0,0.0,0.0,0.0,0.0
P1,R02,testing,05,544,0,0.0,0.0,0.0,0.0
P1,R02,testing,05,545,0,0.0,0.0,0.0,0.0
P1,R02,testing,05,546,0,0.0,0.0,0.0,0.0
P1,R02,testing,05,547,0,0.0,0.0,0.0,0.0
P1,R02,testing,05,548,0,0.0,0.0,0.0,0.0
P1,R02,testing,05,549,0,0.0,0.0,0.0,0.0
P1,R02,testing,05,550,0,0.0,0.0,0.0,0.0
P1,R02,testing,05,551,0,0.0,0.0,0.0,0.0
P1,R02,testing,05,552,0,0.0,0.0,0.0,0.0
P1,R02,testing,05,553,0,0.0,0.0,0.0,0.0
P1,R02,testing,05,554,0,0.0,0.0,0.0,0.0
P1,R02,testing,05,555,0,0.0,0.0,0.0,0.0
P1,R02,testing,05,556,0,0.0,0.0,0.0,0.0
P1,R02,testing,05,557,0,0.0,0.0,0.0,0.0
P1,R02,testing,05,558,0,0.0,0.0,0.0,0.0
P1,R02,testing,05,559,0,0.0,0.0,0.0,0.0
P1,R02,testing,05,560,0,0.0,0.0,0.0,0.0
P1,R02,testing,05,561,0,0.0,0.0,0.0,0.0
P1,R02,testing,05,562,0,0.0,0.0,0.0,0.0
P1,R02,testing,05,563,0,0.0,0.0,0.0,0.0
P1,R02,testing,05,564,0,0.0,0.0,0.0,0.0
P1,R02,testing,05,565,0,0.0,0.0,0.0,0.0
P1,R02,testing,05,566,0,0.0,0.0,0.0,0.0
P1,R02,testing,05,567,0,0.0,0.0,0.0,0.0
P1,R02,testing,05,568,0,0.0,0.0,0.0,0.0
P1,R02,testing,05,569,0,0.0,0.0,0.0,0.0
P1,R02,testing,05,570,0,0.0,0.0,0.0,0.0
P1,R02,testing,05,571,0,0.0,0.0,0.0,0.0
P1,R02,testing,05,572,0,0.0,0.0,0.0,0.0
P1,R02,testing,05,573,0,0.0,0.0,0.0,0.0
P1,R02,testing,05,574,0,0.0,0.0,0.0,0.0
P1,R02,testing,05,575,0,0.0,0.0,0.0,0.0
P1,R02,testing,05,576,0,0.0,0.0,0.0,0.0
P1,R02,testing,05,577,0,0.0,0.0,0.0,0.0
P1,R02,testing,05,578,0,0.0,0.0,0.0,0.0
P1,R02,testing,05,579,0,0.0,0.0,0.0,0.0
P1,R02,testing,05,580,0,0.0,0.0,0.0,0.0
P1,R02,testing,05,581,0,0.0,0.0,0.0,0.0
P1,R02,testing,05,582,0,0.0,0.0,0.0,0.0
P2,R02,testing,05,0,0,0.0,0.0,0.0,0.0
P2,R02,testing,05,1,0,0.0,0.0,0.0,0.0
P2,R02,testing,05,2,0,0.0,0.0,0.0,0.0
P2,R02,testing,05,3,0,0.0,0.0,0.0,0.0
P2,R02,testing,05,4,0,0.0,0.0,0.0,0.0
P2,R02,testing,05,5,0,0.0,0.0,0.0,0.0
P2,R02,testing,05,6,0,0.0,0.0,0.0,0.0
P2,R02,testing,05,7,0,0.0,0.0,0.0,0.0
P2,R02,testing,05,8,0,0.0,0.0,0.0,0.0
P2,R02,testing,05,9,0,0.0,0.0,0.0,0.0
P2,R02,testing,05,10,0,0.0,0.0,0.0,0.0
P2,R02,testing,05,11,1,0.0,0.0,0.0,0.0
P2,R02,testing,05,12,1,0.0,0.0,0.0,0.0
P2,R02,testing,05,13,1,0.0,0.0,0.0,0.0
P2,R02,testing,05,14,1,0.0,0.0,0.0,0.0
P2,R02,testing,05,15,1,0.0,0.0,0.0,0.0
P2,R02,testing,05,16,1,0.0,0.0,0.0,0.0
P2,R02,testing,05,17,1,0.0,0.0,0.0,0.0
P2,R02,testing,05,18,1,0.0,0.0,0.0,0.0
P2,R02,testing,05,19,1,0.0,0.0,0.0,0.0
P2,R02,testing,05,20,1,0.0,0.0,0.0,0.0
P2,R02,testing,05,21,1,0.0,0.0,0.0,0.0
P2,R02,testing,05,22,1,0.0,0.0,0.0,0.0
P2,R02,testing,05,23,1,0.0,0.0,0.0,0.0
P2,R02,testing,05,24,1,0.0,0.0,0.0,0.0
P2,R02,testing,05,25,1,0.0,0.0,0.0,0.0
P2,R02,testing,05,26,1,0.0,0.0,0.0,0.0
P2,R02,testing,05,27,1,0.0,0.0,0.0,0.0
P2,R02,testing,05,28,1,0.0,0.0,0.0,0.0
P2,R02,testing,05,29,1,0.0,0.0,0.0,0.0
P2,R02,testing,05,30,1,0.0,0.0,0.0,0.0
P2,R02,testing,05,31,1,0.0,0.0,0.0,0.0
P2,R02,testing,05,32,1,0.0,0.0,0.0,0.0
P2,R02,testing,05,33,1,0.0,0.0,0.0,0.0
P2,R02,testing,05,34,1,0.0,0.0,0.0,0.0
P2,R02,testing,05,35,1,0.0,0.0,0.0,0.0
P2,R02,testing,05,36,1,0.0,0.0,0.0,0.0
P2,R02,testing,05,37,1,0.0,0.0,0.0,0.0
P2,R02,testing,05,38,1,0.0,0.0,0.0,0.0
P2,R02,testing,05,39,1,0.0,0.0,0.0,0.0
P2,R02,testing,05,40,1,0.0,0.0,0.0,0.0
P2,R02,testing,05,41,1,0.0,0.0,0.0,0.0
P2,R02,testing,05,42,1,0.0,0.0,0.0,0.0
P2,R02,testing,05,43,1,0.0,0.0,0.0,0.0
P2,R02,testing,05,44,1,0.0,0.0,0.0,0.0
P2,R02,testing,05,45,1,0.0,0.0,0.0,0.0
P2,R02,testing,05,46,1,0.0,0.0,0.0,0.0
P2,R02,testing,05,47,1,0.0,0.0,0.0,0.0
P2,R02,testing,05,48,1,0.0,0.0,0.0,0.0
P2,R02,testing,05,49,1,0.0,0.0,0.0,0.0
P2,R02,testing,05,50,1,0.0,0.0,0.0,0.0
P2,R02,testing,05,51,1,0.0,0.0,0.0,0.0
P2,R02,testing,05,52,1,0.0,0.0,0.0,0.0
P2,R02,testing,05,53,1,0.0,0.0,0.0,0.0
P2,R02,testing,05,54,1,0.0,0.0,0.0,0.0
P2,R02,testing,05,55,1,0.0,0.0,0.0,0.0
P2,R02,testing,05,56,1,0.0,0.0,0.0,0.0
P2,R02,testing,05,57,1,0.0,0.0,0.0,0.0
P2,R02,testing,05,58,1,0.0,0.0,0.0,0.0
P2,R02,testing,05,59,1,0.0,0.0,0.0,0.0
P2,R02,testing,05,60,1,0.0,0.0,0.0,0.0
P2,R02,testing,05,61,1,0.0,0.0,0.0,0.0
P2,R02,testing,05,62,1,0.0,0.0,0.0,0.0
P2,R02,testing,05,63,1,0.0,0.0,0.0,0.0
P2,R02,testing,05,64,1,0.0,0.0,0.0,0.0
P2,R02,testing,05,65,1,0.0,0.0,0.0,0.0
P2,R02,testing,05,66,1,0.0,0.0,0.0,0.0
P2,R02,testing,05,67,1,0.0,0.0,0.0,0.0
P2,R02,testing,05,68,1,0.0,0.0,0.0,0.0
P2,R02,testing,05,69,1,0.0,0.0,0.0,0.0
P2,R02,testing,05,70,1,0.0,0.0,0.0,0.0
P2,R02,testing,05,71,1,0.0,0.0,0.0,0.0
P2,R02,testing,05,72,1,0.0,0.0,0.0,0.0
P2,R02,testing,05,73,1,0.0,0.0,0.0,0.0
P2,R02,testing,05,74,1,0.0,0.0,0.0,0.0
P2,R02,testing,05,75,1,0.0,0.0,0.0,0.0
P2,R02,testing,05,76,1,0.0,0.0,0.0,0.0
P2,R02,testing,05,77,1,0.0,0.0,0.0,0.0
P2,R02,testing,05,78,1,0.0,0.0,0.0,0.0
P2,R02,testing,05,79,1,0.0,0.0,0.0,0.0
P2,R02,testing,05,80,1,0.0,0.0,0.0,0.0
P2,R02,testing,05,81,1,0.0,0.0,0.0,0.0
P2,R02,testing,05,82,1,0.0,0.0,0.0,0.0
P2,R02,testing,05,83,1,0.0,0.0,0.0,0.0
P2,R02,testing,05,84,1,0.0,0.0,0.0,0.0
P2,R02,testing,05,85,1,0.0,0.0,0.0,0.0
P2,R02,testing,05,86,1,0.0,0.0,0.0,0.0
P2,R02,testing,05,87,1,0.0,0.0,0.0,0.0
P2,R02,testing,05,88,1,0.0,0.0,0.0,0.0
P2,R02,testing,05,89,1,0.0,0.0,0.0,0.0
P2,R02,testing,05,90,1,0.0,0.0,0.0,0.0
P2,R02,testing,05,91,1,0.0,0.0,0.0,0.0
P2,R02,testing,05,92,1,0.0,0.0,0.0,0.0
P2,R02,testing,05,93,1,0.0,0.0,0.0,0.0
P2,R02,testing,05,94,1,0.0,0.0,0.0,0.0
P2,R02,testing,05,95,1,0.0,0.0,0.0,0.0
P2,R02,testing,05,96,1,0.0,0.0,0.0,0.0
P2,R02,testing,05,97,1,0.0,0.0,0.0,0.0
P2,R02,testing,05,98,1,0.0,0.0,0.0,0.0
P2,R02,testing,05,99,1,0.0,0.0,0.0,0.0
P2,R02,testing,05,100,1,0.0,0.0,0.0,0.0
P2,R02,testing,05,101,1,0.0,0.0,0.0,0.0
P2,R02,testing,05,102,1,0.0,0.0,0.0,0.0
P2,R02,testing,05,103,1,0.0,0.0,0.0,0.0
P2,R02,testing,05,104,1,0.0,0.0,0.0,0.0
P2,R02,testing,05,105,1,0.0,0.0,0.0,0.0
P2,R02,testing,05,106,1,0.0,0.0,0.0,0.0
P2,R02,testing,05,107,1,0.0,0.0,0.0,0.0
P2,R02,testing,05,108,1,0.0,0.0,0.0,0.0
P2,R02,testing,05,109,1,0.0,0.0,0.0,0.0
P2,R02,testing,05,110,1,0.0,0.0,0.0,0.0
P2,R02,testing,05,111,1,0.0,0.0,0.0,0.0
P2,R02,testing,05,112,1,0.0,0.0,0.0,0.0
P2,R02,testing,05,113,1,0.0,0.0,0.0,0.0
P2,R02,testing,05,114,1,0.0,0.0,0.0,0.0
P2,R02,testing,05,115,1,0.0,0.0,0.0,0.0
P2,R02,testing,05,116,1,0.0,0.0,0.0,0.0
P2,R02,testing,05,117,1,0.0,0.0,0.0,0.0
P2,R02,testing,05,118,1,0.0,0.0,0.0,0.0
P2,R02,testing,05,119,1,0.0,0.0,0.0,0.0
P2,R02,testing,05,120,1,0.0,0.0,0.0,0.0
P2,R02,testing,05,121,1,0.0,0.0,0.0,0.0
P2,R02,testing,05,122,1,0.0,0.0,0.0,0.0
P2,R02,testing,05,123,1,0.0,0.0,0.0,0.0
P2,R02,testing,05,124,1,0.0,0.0,0.0,0.0
P2,R02,testing,05,125,1,0.0,0.0,0.0,0.0
P2,R02,testing,05,126,1,0.0,0.0,0.0,0.0
P2,R02,testing,05,127,1,0.0,0.0,0.0,0.0
P2,R02,testing,05,128,1,0.0,0.0,0.0,0.0
P2,R02,testing,05,129,1,0.0,0.0,0.0,0.0
P2,R02,testing,05,130,1,0.0,0.0,0.0,0.0
P2,R02,testing,05,131,1,0.0,0.0,0.0,0.0
P2,R02,testing,05,132,1,0.0,0.0,0.0,0.0
P2,R02,testing,05,133,1,0.0,0.0,0.0,0.0
P2,R02,testing,05,134,1,0.0,0.0,0.0,0.0
P2,R02,testing,05,135,1,0.0,0.0,0.0,0.0
P2,R02,testing,05,136,1,0.0,0.0,0.0,0.0
P2,R02,testing,05,137,1,0.0,0.0,0.0,0.0
P2,R02,testing,05,138,1,0.0,0.0,0.0,0.0
P2,R02,testing,05,139,1,0.0,0.0,0.0,0.0
P2,R02,testing,05,140,1,0.0,0.0,0.0,0.0
P2,R02,testing,05,141,1,0.0,0.0,0.0,0.0
P2,R02,testing,05,142,1,0.0,0.0,0.0,0.0
P2,R02,testing,05,143,1,0.0,0.0,0.0,0.0
P2,R02,testing,05,144,1,0.0,0.0,0.0190217055731944,0.016772156210927605
P2,R02,testing,05,145,1,0.0,0.0,0.0190217055731944,0.016800999120783276
P2,R02,testing,05,146,1,0.0,0.0,0.0190217055731944,0.016829692888075135
P2,R02,testing,05,147,1,0.0,0.0,0.0190217055731944,0.016858236579822956
P2,R02,testing,05,148,1,0.0,0.0,0.0190217055731944,0.016886629266779852
P2,R02,testing,05,149,1,0.0,0.0,0.0190217055731944,0.016914870023482555
P2,R02,testing,05,150,1,0.0,0.0,0.0190217055731944,0.016942957928301517
P2,R02,testing,05,151,1,0.0,0.0,0.0190217055731944,0.01697089206349092
P2,R02,testing,05,152,1,0.0,0.0,0.0190217055731944,0.016998671515238477
P2,R02,testing,05,153,1,0.0,0.0,0.0190217055731944,0.017026295373715156
P2,R02,testing,05,154,1,0.0,0.0,0.0190217055731944,0.017053762733124683
P2,R02,testing,05,155,1,0.0,0.0,0.0190217055731944,0.017081072691752915
P2,R02,testing,05,156,1,0.0,0.0,0.0190217055731944,0.017108224352017087
P2,R02,testing,05,157,1,0.0,0.0,0.0190217055731944,0.017135216820514814
P2,R02,testing,05,158,1,0.0,0.0,0.0190217055731944,0.017162049208073
P2,R02,testing,05,159,1,0.0,0.0,0.0190217055731944,0.01718872062979654
P2,R02,testing,05,160,1,0.0,0.0,0.03935665365891165,0.03561898538667354
P2,R02,testing,05,161,1,0.0,0.0,0.03935665365891165,0.03567349805661498
P2,R02,testing,05,162,1,0.0,0.0,0.03935665365891165,0.035727672243403924
P2,R02,testing,05,163,1,0.0,0.0,0.03935665365891165,0.0357815061525634
P2,R02,testing,05,164,1,0.0,0.0,0.03935665365891165,0.03583499799896598
P2,R02,testing,05,165,1,0.0,0.0,0.03935665365891165,0.03588814600693232
P2,R02,testing,05,166,1,0.0,0.0,0.03935665365891165,0.03594094841032918
P2,R02,testing,05,167,1,0.0,0.0,0.03935665365891165,0.03599340345266708
P2,R02,testing,05,168,1,0.0,0.0,0.03935665365891165,0.0360455093871975
P2,R02,testing,05,169,1,0.0,0.0,0.03935665365891165,0.03609726447700971
P2,R02,testing,05,170,1,0.0,0.0,0.03935665365891165,0.03614866699512708
P2,R02,testing,05,171,1,0.0,0.0,0.03935665365891165,0.03619971522460298
P2,R02,testing,05,172,1,0.0,0.0,0.03935665365891165,0.03625040745861624
P2,R02,testing,05,173,1,0.0,0.0,0.03935665365891165,0.03630074200056609
P2,R02,testing,05,174,1,0.0,0.0,0.03935665365891165,0.03635071716416672
P2,R02,testing,05,175,1,0.0,0.0,0.03935665365891165,0.03640033127354127
P2,R02,testing,05,176,1,0.0,0.0,0.04178426306111935,0.03869787720448443
P2,R02,testing,05,177,1,0.0,0.0,0.04178426306111935,0.03874977968403053
P2,R02,testing,05,178,1,0.0,0.0,0.04178426306111935,0.0388012935682412
P2,R02,testing,05,179,1,0.0,0.0,0.04178426306111935,0.03885241712305956
P2,R02,testing,05,180,1,0.0,0.0,0.04178426306111935,0.03890314862597105
P2,R02,testing,05,181,1,0.0,0.0,0.04178426306111935,0.0389534863661
P2,R02,testing,05,182,1,0.0,0.0,0.04178426306111935,0.03900342864430571
P2,R02,testing,05,183,1,0.0,0.0,0.04178426306111935,0.03905297377327799
P2,R02,testing,05,184,1,0.0,0.0,0.04178426306111935,0.03910212007763201
P2,R02,testing,05,185,1,0.0,0.0,0.04178426306111935,0.039150865894002684
P2,R02,testing,05,186,1,0.0,0.0,0.04178426306111935,0.039199209571138406
P2,R02,testing,05,187,1,0.0,0.0,0.04178426306111935,0.0392471494699942
P2,R02,testing,05,188,1,0.0,0.0,0.04178426306111935,0.03929468396382424
P2,R02,testing,05,189,1,0.0,0.0,0.04178426306111935,0.03934181143827382
P2,R02,testing,05,190,1,0.0,0.0,0.04178426306111935,0.0393885302914706
P2,R02,testing,05,191,1,0.0,0.0,0.04178426306111935,0.03943483893411538
P2,R02,testing,05,192,1,0.0,0.0,0.043921304839955135,0.04149996445750568
P2,R02,testing,05,193,1,0.0,0.0,0.043921304839955135,0.0415477742000961
P2,R02,testing,05,194,1,0.0,0.0,0.043921304839955135,0.041595147820546526
P2,R02,testing,05,195,1,0.0,0.0,0.043921304839955135,0.04164208370207781
P2,R02,testing,05,196,1,0.0,0.0,0.043921304839955135,0.041688580241593415
P2,R02,testing,05,197,1,0.0,0.0,0.043921304839955135,0.041734635849770566
P2,R02,testing,05,198,1,0.0,0.0,0.043921304839955135,0.04178024895115076
P2,R02,testing,05,199,1,0.0,0.0,0.043921304839955135,0.04182541798422956
P2,R02,testing,05,200,1,0.0,0.0,0.043921304839955135,0.0418701414015456
P2,R02,testing,05,201,1,0.0,0.0,0.043921304839955135,0.04191441766976896
P2,R02,testing,05,202,1,0.0,0.0,0.043921304839955135,0.041958245269788676
P2,R02,testing,05,203,1,0.0,0.0,0.043921304839955135,0.042001622696799634
P2,R02,testing,05,204,1,0.0,0.0,0.043921304839955135,0.04204454846038862
P2,R02,testing,05,205,1,0.0,0.0,0.043921304839955135,0.04208702108461961
P2,R02,testing,05,206,1,0.0,0.0,0.043921304839955135,0.042129039108118375
P2,R02,testing,05,207,1,0.0,0.0,0.043921304839955135,0.0421706010841562
P2,R02,testing,05,208,1,0.0,0.0,0.045709411329540116,0.043930211553185154
P2,R02,testing,05,209,1,0.0,0.0,0.045709411329540116,0.0439725119004205
P2,R02,testing,05,210,1,0.0,0.0,0.045709411329540116,0.044014333209202436
P2,R02,testing,05,211,1,0.0,0.0,0.045709411329540116,0.04405567403572621
P2,R02,testing,05,212,1,0.0,0.0,0.045709411329540116,0.04409653295185246
P2,R02,testing,05,213,1,0.0,0.0,0.045709411329540116,0.044136908545189375
P2,R02,testing,05,214,1,0.0,0.0,0.045709411329540116,0.04417679941917411
P2,R02,testing,05,215,1,0.0,0.0,0.045709411329540116,0.04421620419315319
P2,R02,testing,05,216,1,0.0,0.0,0.045709411329540116,0.044255121502462226
P2,R02,testing,05,217,1,0.0,0.0,0.045709411329540116,0.0442935499985046
P2,R02,testing,05,218,1,0.0,0.0,0.045709411329540116,0.044331488348829357
P2,R02,testing,05,219,1,0.0,0.0,0.045709411329540116,0.04436893523720822
P2,R02,testing,05,220,1,0.0,0.0,0.045709411329540116,0.044405889363711606
P2,R02,testing,05,221,1,0.0,0.0,0.045709411329540116,0.04444234944478395
P2,R02,testing,05,222,1,0.0,0.0,0.045709411329540116,0.044478314213317854
P2,R02,testing,05,223,1,0.0,0.0,0.045709411329540116,0.04451378241872759
P2,R02,testing,05,224,1,0.0,0.0,0.06610373028421491,0.06442521694591274
P2,R02,testing,05,225,1,0.0,0.0,0.06610373028421491,0.06447506855536109
P2,R02,testing,05,226,1,0.0,0.0,0.06610373028421491,0.0645241967671857
P2,R02,testing,05,227,1,0.0,0.0,0.06610373028421491,0.06457259986942994
P2,R02,testing,05,228,1,0.0,0.0,0.06610373028421491,0.06462027617454091
P2,R02,testing,05,229,1,0.0,0.0,0.06610373028421491,0.06466722401946744
P2,R02,testing,05,230,1,0.0,0.0,0.06610373028421491,0.06471344176575677
P2,R02,testing,05,231,1,0.0,0.0,0.06610373028421491,0.06475892779964987
P2,R02,testing,05,232,1,0.0,0.0,0.06610373028421491,0.06480368053217532
P2,R02,testing,05,233,1,0.0,0.0,0.06610373028421491,0.06484769839924186
P2,R02,testing,05,234,1,0.0,0.0,0.06610373028421491,0.06489097986172938
P2,R02,testing,05,235,1,0.0,0.0,0.06610373028421491,0.06493352340557874
P2,R02,testing,05,236,1,0.0,0.0,0.06610373028421491,0.06497532754188
P2,R02,testing,05,237,1,0.0,0.0,0.06610373028421491,0.06501639080695916
P2,R02,testing,05,238,1,0.0,0.0,0.06610373028421491,0.0650567117624637
P2,R02,testing,05,239,1,0.0,0.0,0.06610373028421491,0.06509628899544653
P2,R02,testing,05,240,1,0.0,0.0,0.06832939510123673,0.06732817356499697
P2,R02,testing,05,241,1,0.0,0.0,0.06832939510123673,0.06736754153247179
P2,R02,testing,05,242,1,0.0,0.0,0.06832939510123673,0.06740613651367512
P2,R02,testing,05,243,1,0.0,0.0,0.06832939510123673,0.06744395715396789
P2,R02,testing,05,244,1,0.0,0.0,0.06832939510123673,0.06748100212538319
P2,R02,testing,05,245,1,0.0,0.0,0.06832939510123673,0.06751727012670398
P2,R02,testing,05,246,1,0.0,0.0,0.06832939510123673,0.06755275988353926
P2,R02,testing,05,247,1,0.0,0.0,0.06832939510123673,0.06758747014839867
P2,R02,testing,05,248,1,0.0,0.0,0.06832939510123673,0.06762139970076561
P2,R02,testing,05,249,1,0.0,0.0,0.06832939510123673,0.06765454734716875
P2,R02,testing,05,250,1,0.0,0.0,0.06832939510123673,0.06768691192125201
P2,R02,testing,05,251,1,0.0,0.0,0.06832939510123673,0.06771849228384293
P2,R02,testing,05,252,1,0.0,0.0,0.06832939510123673,0.06774928732301952
P2,R02,testing,05,253,1,0.0,0.0,0.06832939510123673,0.06777929595417549
P2,R02,testing,05,254,1,0.0,0.0,0.06832939510123673,0.06780851712008396
P2,R02,testing,05,255,1,0.0,0.0,0.06832939510123673,0.06783694979095947
P2,R02,testing,05,256,1,0.0,0.33317789011193416,0.06995804930921788,0.06948216845660113
P2,R02,testing,05,257,1,0.0,0.33317789011193416,0.06995804930921788,0.06950966120133027
P2,R02,testing,05,258,1,0.0,0.33317789011193416,0.06995804930921788,0.0695363436631731
P2,R02,testing,05,259,1,0.0,0.33317789011193416,0.06995804930921788,0.0695622149007839
P2,R02,testing,05,260,1,0.0,0.33317789011193416,0.06995804930921788,0.06958727400120567
P2,R02,testing,05,261,1,0.0,0.33317789011193416,0.06995804930921788,0.06961152007992383
P2,R02,testing,05,262,1,0.0,0.33317789011193416,0.06995804930921788,0.06963495228091829
P2,R02,testing,05,263,1,0.0,0.33317789011193416,0.06995804930921788,0.0696575697767138
P2,R02,testing,05,264,1,0.0,0.33317789011193416,0.06995804930921788,0.06967937176842867
P2,R02,testing,05,265,1,0.0,0.33317789011193416,0.06995804930921788,0.06970035748582173
P2,R02,testing,05,266,1,0.0,0.33317789011193416,0.06995804930921788,0.06972052618733782
P2,R02,testing,05,267,1,0.0,0.33317789011193416,0.06995804930921788,0.06973987716015127
P2,R02,testing,05,268,1,0.0,0.33317789011193416,0.06995804930921788,0.0697584097202081
P2,R02,testing,05,269,1,0.0,0.33317789011193416,0.06995804930921788,0.06977612321226613
P2,R02,testing,05,270,1,0.0,0.33317789011193416,0.06995804930921788,0.06979301700993373
P2,R02,testing,05,271,1,0.0,0.33317789011193416,0.06995804930921788,0.06980909051570669
P2,R02,testing,05,272,1,1.0,0.33380430864324967,0.07094459539994691,0.0708090037320656
P2,R02,testing,05,273,1,1.0,0.33380430864324967,0.07094459539994691,0.0708236384862017
P2,R02,testing,05,274,1,1.0,0.33380430864324967,0.07094459539994691,0.07083743973904072
P2,R02,testing,05,275,1,1.0,0.33380430864324967,0.07094459539994691,0.0708504070021715
P2,R02,testing,05,276,1,1.0,0.33380430864324967,0.07094459539994691,0.07086253981663905
P2,R02,testing,05,277,1,1.0,0.33380430864324967,0.07094459539994691,0.0708738377529715
P2,R02,testing,05,278,1,1.0,0.33380430864324967,0.07094459539994691,0.07088430041120555
P2,R02,testing,05,279,1,1.0,0.33380430864324967,0.07094459539994691,0.07089392742091
P2,R02,testing,05,280,1,1.0,0.33380430864324967,0.07094459539994691,0.0709027184412076
P2,R02,testing,05,281,1,1.0,0.33380430864324967,0.07094459539994691,0.07091067316079527
P2,R02,testing,05,282,1,1.0,0.33380430864324967,0.07094459539994691,0.07091779129796233
P2,R02,testing,05,283,1,1.0,0.33380430864324967,0.07094459539994691,0.07092407260060722
P2,R02,testing,05,284,1,1.0,0.33380430864324967,0.07094459539994691,0.07092951684625236
P2,R02,testing,05,285,1,1.0,0.33380430864324967,0.07094459539994691,0.07093412384205727
P2,R02,testing,05,286,1,1.0,0.33380430864324967,0.07094459539994691,0.07093789342482998
P2,R02,testing,05,287,1,1.0,0.33380430864324967,0.07094459539994691,0.07094082546103662
P2,R02,testing,05,288,1,0.0,0.0,0.07126156224087227,0.07125987920168478
P2,R02,testing,05,289,1,0.0,0.0,0.07126156224087227,0.07126114147734881
P2,R02,testing,05,290,1,0.0,0.0,0.07126156224087227,0.07126156224087227
P2,R02,testing,05,291,1,0.0,0.0,0.07126156224087227,0.07126114147734881
P2,R02,testing,05,292,1,0.0,0.0,0.07126156224087227,0.07125987920168478
P2,R02,testing,05,293,1,0.0,0.0,0.07126156224087227,0.07125777545859822
P2,R02,testing,05,294,1,0.0,0.0,0.07126156224087227,0.07125483032261634
P2,R02,testing,05,295,1,0.0,0.0,0.07126156224087227,0.07125104389807103
P2,R02,testing,05,296,1,0.0,0.0,0.07126156224087227,0.07124641631909276
P2,R02,testing,05,297,1,0.0,0.0,0.07126156224087227,0.0712409477496026
P2,R02,testing,05,298,1,0.0,0.0,0.07126156224087227,0.07123463838330261
P2,R02,testing,05,299,1,0.0,0.0,0.07126156224087227,0.07122748844366437
P2,R02,testing,05,300,1,0.0,0.0,0.07126156224087227,0.07121949818391576
P2,R02,testing,05,301,1,0.0,0.0,0.07126156224087227,0.0712106678870261
P2,R02,testing,05,302,1,0.0,0.0,0.07126156224087227,0.07120099786568931
P2,R02,testing,05,303,1,0.0,0.0,0.07126156224087227,0.07119048846230563
P2,R02,testing,05,304,1,0.0,0.0,0.07090037343757202,0.07081836900204924
P2,R02,testing,05,305,1,0.0,0.0,0.07090037343757202,0.07080624375034052
P2,R02,testing,05,306,1,0.0,0.0,0.07090037343757202,0.07079328457010624
P2,R02,testing,05,307,1,0.0,0.0,0.07090037343757202,0.07077949192001533
P2,R02,testing,05,308,1,0.0,0.0,0.07090037343757202,0.0707648662881745
P2,R02,testing,05,309,1,0.0,0.0,0.07090037343757202,0.07074940819209938
P2,R02,testing,05,310,1,0.0,0.0,0.07090037343757202,0.0707331181786841
P2,R02,testing,05,311,1,0.0,0.0,0.07090037343757202,0.07071599682416894
P2,R02,testing,05,312,1,0.0,0.0,0.07090037343757202,0.0706980447341064
P2,R02,testing,05,313,1,0.0,0.0,0.07090037343757202,0.07067926254332554
P2,R02,testing,05,314,1,0.0,0.0,0.07090037343757202,0.0706596509158945
P2,R02,testing,05,315,0,0.0,0.0,0.07090037343757202,0.07063921054508142
P2,R02,testing,05,316,0,0.0,0.0,0.07090037343757202,0.07061794215331356
P2,R02,testing,05,317,0,0.0,0.0,0.07090037343757202,0.07059584649213475
P2,R02,testing,05,318,0,0.0,0.0,0.07090037343757202,0.07057292434216117
P2,R02,testing,05,319,0,0.0,0.0,0.07090037343757202,0.07054917651303534
P2,R02,testing,05,320,0,0.0,0.0,0.06987172999802627,0.06950141217945965
P2,R02,testing,05,321,0,0.0,0.0,0.06987172999802627,0.06947638399877207
P2,R02,testing,05,322,0,0.0,0.0,0.06987172999802627,0.06945054468296916
P2,R02,testing,05,323,0,0.0,0.0,0.06987172999802627,0.06942389514388145
P2,R02,testing,05,324,0,0.0,0.0,0.06987172999802627,0.0693964363216932
P2,R02,testing,05,325,0,0.0,0.0,0.06987172999802627,0.06936816918488709
P2,R02,testing,05,326,0,0.0,0.0,0.06987172999802627,0.06933909473018728
P2,R02,testing,05,327,0,0.0,0.0,0.06987172999802627,0.06930921398250088
P2,R02,testing,05,328,0,0.0,0.0,0.06987172999802627,0.06927852799485773
P2,R02,testing,05,329,0,0.0,0.0,0.06987172999802627,0.0692470378483485
P2,R02,testing,05,330,0,0.0,0.0,0.06987172999802627,0.06921474465206126
P2,R02,testing,05,331,0,0.0,0.0,0.06987172999802627,0.06918164954301638
P2,R02,testing,05,332,0,0.0,0.0,0.06987172999802627,0.06914775368609975
P2,R02,testing,05,333,0,0.0,0.0,0.06987172999802627,0.06911305827399455
P2,R02,testing,05,334,0,0.0,0.0,0.06987172999802627,0.0690775645271112
P2,R02,testing,05,335,0,0.0,0.0,0.06987172999802627,0.06904127369351584
P2,R02,testing,05,336,0,0.0,0.33289528611994823,0.06820508368261555,0.06735823418500034
P2,R02,testing,05,337,0,0.0,0.33289528611994823,0.06820508368261555,0.06732125660936605
P2,R02,testing,05,338,0,0.0,0.33289528611994823,0.06820508368261555,0.06728350477602586
P2,R02,testing,05,339,0,0.0,0.33289528611994823,0.06820508368261555,0.06724498001053068
P2,R02,testing,05,340,0,0.0,0.33289528611994823,0.06820508368261555,0.06720568366505511
P2,R02,testing,05,341,0,0.0,0.33289528611994823,0.06820508368261555,0.06716561711831823
P2,R02,testing,05,342,0,0.0,0.33289528611994823,0.06820508368261555,0.06712478177550302
P2,R02,testing,05,343,0,0.0,0.33289528611994823,0.06820508368261555,0.06708317906817429
P2,R02,testing,05,344,0,0.0,0.33289528611994823,0.06820508368261555,0.06704081045419497
P2,R02,testing,05,345,0,0.0,0.33289528611994823,0.06820508368261555,0.06699767741764096
P2,R02,testing,05,346,0,0.0,0.33289528611994823,0.06820508368261555,0.06695378146871453
P2,R02,testing,05,347,0,0.0,0.33289528611994823,0.06820508368261555,0.06690912414365624
P2,R02,testing,05,348,0,0.0,0.33289528611994823,0.06820508368261555,0.06686370700465524
P2,R02,testing,05,349,0,0.0,0.33289528611994823,0.06820508368261555,0.06681753163975829
P2,R02,testing,05,350,0,0.0,0.33289528611994823,0.06820508368261555,0.0667705996627771
P2,R02,testing,05,351,0,0.0,0.33289528611994823,0.06820508368261555,0.06672291271319448
P2,R02,testing,05,352,0,0.0,0.0,0.0659472372065241,0.06446729500606063
P2,R02,testing,05,353,0,0.0,0.0,0.0659472372065241,0.06441973156919004
P2,R02,testing,05,354,0,0.0,0.0,0.0659472372065241,0.06437144305579588
P2,R02,testing,05,355,0,0.0,0.0,0.0659472372065241,0.06432243114943599
P2,R02,testing,05,356,0,0.0,0.0,0.0659472372065241,0.06427269755801411
P2,R02,testing,05,357,0,0.0,0.0,0.0659472372065241,0.06422224401368078
P2,R02,testing,05,358,0,0.0,0.0,0.0659472372065241,0.06417107227273268
P2,R02,testing,05,359,0,0.0,0.0,0.0659472372065241,0.06411918411551087
P2,R02,testing,05,360,0,0.0,0.0,0.0659472372065241,0.0640665813462975
P2,R02,testing,05,361,0,0.0,0.0,0.0659472372065241,0.0640132657932113
P2,R02,testing,05,362,0,0.0,0.0,0.0659472372065241,0.06395923930810164
P2,R02,testing,05,363,0,0.0,0.0,0.0659472372065241,0.06390450376644145
P2,R02,testing,05,364,0,0.0,0.0,0.0659472372065241,0.06384906106721862
P2,R02,testing,05,365,0,0.0,0.0,0.0659472372065241,0.0637929131328263
P2,R02,testing,05,366,0,0.0,0.0,0.0659472372065241,0.06373606190895179
P2,R02,testing,05,367,0,0.0,0.0,0.0659472372065241,0.06367850936446416
P2,R02,testing,05,368,0,0.0,0.0,0.0631601640612225,0.06093152755109277
P2,R02,testing,05,369,0,0.0,0.0,0.0631601640612225,0.06087506968452143
P2,R02,testing,05,370,0,0.0,0.0,0.0631601640612225,0.060817945925765414
P2,R02,testing,05,371,0,0.0,0.0,0.0631601640612225,0.060760158248193315
P2,R02,testing,05,372,0,0.0,0.0,0.0631601640612225,0.060701708646819764
P2,R02,testing,05,373,0,0.0,0.0,0.0631601640612225,0.06064259913819067
P2,R02,testing,05,374,0,0.0,0.0,0.0631601640612225,0.0605828317602673
P2,R02,testing,05,375,0,0.0,0.0,0.0631601640612225,0.06052240857230918
P2,R02,testing,05,376,0,0.0,0.0,0.0631601640612225,0.06046133165475595
P2,R02,testing,05,377,0,0.0,0.0,0.0631601640612225,0.06039960310910794
P2,R02,testing,05,378,0,0.0,0.0,0.0631601640612225,0.06033722505780575
P2,R02,testing,05,379,0,0.0,0.0,0.0631601640612225,0.06027419964410864
P2,R02,testing,05,380,0,0.0,0.0,0.0631601640612225,0.06021052903197187
P2,R02,testing,05,381,0,0.0,0.0,0.0631601640612225,0.060146215405922895
P2,R02,testing,05,382,0,0.0,0.0,0.0631601640612225,0.060081260970936516
P2,R02,testing,05,383,0,0.0,0.0,0.0631601640612225,0.06001566795230895
P2,R02,testing,05,384,0,0.0,0.0,0.0422709260051788,0.04012209785375662
P2,R02,testing,05,385,0,0.0,0.0,0.0422709260051788,0.040077348459618106
P2,R02,testing,05,386,0,0.0,0.0,0.0422709260051788,0.04003217623209831
P2,R02,testing,05,387,0,0.0,0.0,0.0422709260051788,0.03998658271405612
P2,R02,testing,05,388,0,0.0,0.0,0.0422709260051788,0.03994056946151887
P2,R02,testing,05,389,0,0.0,0.0,0.0422709260051788,0.03989413804359387
P2,R02,testing,05,390,0,0.0,0.0,0.0422709260051788,0.03984729004237929
P2,R02,testing,05,391,0,0.0,0.0,0.0422709260051788,0.03980002705287438
P2,R02,testing,05,392,0,0.0,0.0,0.0422709260051788,0.03975235068288898
P2,R02,testing,05,393,0,0.0,0.0,0.0422709260051788,0.0397042625529525
P2,R02,testing,05,394,0,0.0,0.0,0.0422709260051788,0.03965576429622209
P2,R02,testing,05,395,0,0.0,0.0,0.0422709260051788,0.03960685755839036
P2,R02,testing,05,396,0,0.0,0.0,0.0422709260051788,0.039557543997592294
P2,R02,testing,05,397,0,0.0,0.0,0.0422709260051788,0.039507825284311696
P2,R02,testing,05,398,0,0.0,0.0,0.0422709260051788,0.03945770310128694
P2,R02,testing,05,399,0,0.0,0.0,0.0422709260051788,0.039407179143416106
P2,R02,testing,05,400,0,0.0,0.0,0.022415039913432258,0.020869474900964503
P2,R02,testing,05,401,0,0.0,0.0,0.022415039913432258,0.02084226014164313
P2,R02,testing,05,402,0,0.0,0.0,0.022415039913432258,0.020814835067277354
P2,R02,testing,05,403,0,0.0,0.0,0.022415039913432258,0.02078720060190485
P2,R02,testing,05,404,0,0.0,0.0,0.022415039913432258,0.020759357675755114
P2,R02,testing,05,405,0,0.0,0.0,0.022415039913432258,0.02073130722519733
P2,R02,testing,05,406,0,0.0,0.0,0.022415039913432258,0.020703050192687956
P2,R02,testing,05,407,0,0.0,0.0,0.022415039913432258,0.020674587526718014
P2,R02,testing,05,408,0,0.0,0.0,0.022415039913432258,0.02064592018176007
P2,R02,testing,05,409,0,0.0,0.0,0.022415039913432258,0.020617049118214992
P2,R02,testing,05,410,0,0.0,0.0,0.022415039913432258,0.020587975302358362
P2,R02,testing,05,411,0,0.0,0.0,0.022415039913432258,0.020558699706286668
P2,R02,testing,05,412,0,0.0,0.0,0.022415039913432258,0.020529223307863213
P2,R02,testing,05,413,0,0.0,0.0,0.022415039913432258,0.020499547090663744
P2,R02,testing,05,414,0,0.0,0.0,0.022415039913432258,0.020469672043921843
P2,R02,testing,05,415,0,0.0,0.0,0.022415039913432258,0.020439599162474065
P2,R02,testing,05,416,0,0.0,0.0,0.021428721712429672,0.019511267556951924
P2,R02,testing,05,417,0,0.0,0.0,0.021428721712429672,0.01948214257340075
P2,R02,testing,05,418,0,0.0,0.0,0.021428721712429672,0.019452831345163
P2,R02,testing,05,419,0,0.0,0.0,0.021428721712429672,0.019423334844196265
P2,R02,testing,05,420,0,0.0,0.0,0.021428721712429672,0.019393654047548756
P2,R02,testing,05,421,0,0.0,0.0,0.021428721712429672,0.019363789937305458
P2,R02,testing,05,422,0,0.0,0.0,0.021428721712429672,0.01933374350053409
P2,R02,testing,05,423,0,0.0,0.0,0.021428721712429672,0.019303515729230832
P2,R02,testing,05,424,0,0.0,0.0,0.021428721712429672,0.01927310762026586
P2,R02,testing,05,425,0,0.0,0.0,0.021428721712429672,0.019242520175328678
P2,R02,testing,05,426,0,0.0,0.0,0.021428721712429672,0.019211754400873252
P2,R02,testing,05,427,0,0.0,0.0,0.021428721712429672,0.01918081130806293
P2,R02,testing,05,428,0,0.0,0.0,0.021428721712429672,0.019149691912715202
P2,R02,testing,05,429,0,0.0,0.0,0.021428721712429672,0.019118397235246262
P2,R02,testing,05,430,0,0.0,0.0,0.021428721712429672,0.019086928300615362
P2,R02,testing,05,431,0,0.0,0.0,0.021428721712429672,0.019055286138269047
P2,R02,testing,05,432,0,0.0,0.0,0.020281966840443026,0.018005433504255798
P2,R02,testing,05,433,0,0.0,0.0,0.020281966840443026,0.017975159692417263
P2,R02,testing,05,434,0,0.0,0.0,0.020281966840443026,0.017944724871138726
P2,R02,testing,05,435,0,0.0,0.0,0.020281966840443026,0.017914130031233256
P2,R02,testing,05,436,0,0.0,0.0,0.020281966840443026,0.017883376167494615
P2,R02,testing,05,437,0,0.0,0.0,0.020281966840443026,0.01785246427864352
P2,R02,testing,05,438,0,0.0,0.0,0.020281966840443026,0.01782139536727378
P2,R02,testing,05,439,0,0.0,0.0,0.020281966840443026,0.01779017043979827
P2,R02,testing,05,440,0,0.0,0.0,0.020281966840443026,0.017758790506394787
P2,R02,testing,05,441,0,0.0,0.0,0.020281966840443026,0.01772725658095179
P2,R02,testing,05,442,0,0.0,0.0,0.020281966840443026,0.01769556968101399
P2,R02,testing,05,443,0,0.0,0.0,0.020281966840443026,0.017663730827727854
P2,R02,testing,05,444,0,0.0,0.0,0.020281966840443026,0.017631741045786964
P2,R02,testing,05,445,0,0.0,0.0,0.020281966840443026,0.017599601363377272
P2,R02,testing,05,446,0,0.0,0.0,0.020281966840443026,0.017567312812122263
P2,R02,testing,05,447,0,0.0,0.0,0.020281966840443026,0.017534876427028008
P2,R02,testing,05,448,0,0.0,0.0,0.019005571219478556,0.01640082953571783
P2,R02,testing,05,449,0,0.0,0.0,0.019005571219478556,0.016370160316087245
P2,R02,testing,05,450,0,0.0,0.0,0.019005571219478556,0.016339355494289352
P2,R02,testing,05,451,0,0.0,0.0,0.019005571219478556,0.01630841605235675
P2,R02,testing,05,452,0,0.0,0.0,0.019005571219478556,0.016277342975232954
P2,R02,testing,05,453,0,0.0,0.0,0.019005571219478556,0.01624613725072041
P2,R02,testing,05,454,0,0.0,0.0,0.019005571219478556,0.016214799869428437
P2,R02,testing,05,455,0,0.0,0.0,0.019005571219478556,0.016183331824721096
P2,R02,testing,05,456,0,0.0,0.0,0.019005571219478556,0.01615173411266499
P2,R02,testing,05,457,0,0.0,0.0,0.019005571219478556,0.01612000773197703
P2,R02,testing,05,458,0,0.0,0.0,0.019005571219478556,0.01608815368397212
P2,R02,testing,05,459,0,0.0,0.0,0.019005571219478556,0.016056172972510812
P2,R02,testing,05,460,0,0.0,0.0,0.019005571219478556,0.016024066603946896
P2,R02,testing,05,461,0,0.0,0.0,0.019005571219478556,0.015991835587074964
P2,R02,testing,05,462,0,0.0,0.0,0.019005571219478556,0.015959480933077905
P2,R02,testing,05,463,0,0.0,0.0,0.019005571219478556,0.01592700365547442
P2,R02,testing,05,464,0,0.0,0.0,0.0,0.0
P2,R02,testing,05,465,0,0.0,0.0,0.0,0.0
P2,R02,testing,05,466,0,0.0,0.0,0.0,0.0
P2,R02,testing,05,467,0,0.0,0.0,0.0,0.0
P2,R02,testing,05,468,0,0.0,0.0,0.0,0.0
P2,R02,testing,05,469,0,0.0,0.0,0.0,0.0
P2,R02,testing,05,470,0,0.0,0.0,0.0,0.0
P2,R02,testing,05,471,0,0.0,0.0,0.0,0.0
P2,R02,testing,05,472,0,0.0,0.0,0.0,0.0
P2,R02,testing,05,473,0,0.0,0.0,0.0,0.0
P2,R02,testing,05,474,0,0.0,0.0,0.0,0.0
P2,R02,testing,05,475,0,0.0,0.0,0.0,0.0
P2,R02,testing,05,476,0,0.0,0.0,0.0,0.0
P2,R02,testing,05,477,0,0.0,0.0,0.0,0.0
P2,R02,testing,05,478,0,0.0,0.0,0.0,0.0
P2,R02,testing,05,479,0,0.0,0.0,0.0,0.0
P2,R02,testing,05,480,0,0.0,0.0,0.0,0.0
P2,R02,testing,05,481,0,0.0,0.0,0.0,0.0
P2,R02,testing,05,482,0,0.0,0.0,0.0,0.0
P2,R02,testing,05,483,0,0.0,0.0,0.0,0.0
P2,R02,testing,05,484,0,0.0,0.0,0.0,0.0
P2,R02,testing,05,485,0,0.0,0.0,0.0,0.0
P2,R02,testing,05,486,0,0.0,0.0,0.0,0.0
P2,R02,testing,05,487,0,0.0,0.0,0.0,0.0
P2,R02,testing,05,488,0,0.0,0.0,0.0,0.0
P2,R02,testing,05,489,0,0.0,0.0,0.0,0.0
P2,R02,testing,05,490,0,0.0,0.0,0.0,0.0
P2,R02,testing,05,491,0,0.0,0.0,0.0,0.0
P2,R02,testing,05,492,0,0.0,0.0,0.0,0.0
P2,R02,testing,05,493,0,0.0,0.0,0.0,0.0
P2,R02,testing,05,494,0,0.0,0.0,0.0,0.0
P2,R02,testing,05,495,0,0.0,0.0,0.0,0.0
P2,R02,testing,05,496,0,0.0,0.0,0.0,0.0
P2,R02,testing,05,497,0,0.0,0.0,0.0,0.0
P2,R02,testing,05,498,0,0.0,0.0,0.0,0.0
P2,R02,testing,05,499,0,0.0,0.0,0.0,0.0
P2,R02,testing,05,500,0,0.0,0.0,0.0,0.0
P2,R02,testing,05,501,0,0.0,0.0,0.0,0.0
P2,R02,testing,05,502,0,0.0,0.0,0.0,0.0
P2,R02,testing,05,503,0,0.0,0.0,0.0,0.0
P2,R02,testing,05,504,0,0.0,0.0,0.0,0.0
P2,R02,testing,05,505,0,0.0,0.0,0.0,0.0
P2,R02,testing,05,506,0,0.0,0.0,0.0,0.0
P2,R02,testing,05,507,0,0.0,0.0,0.0,0.0
P2,R02,testing,05,508,0,0.0,0.0,0.0,0.0
P2,R02,testing,05,509,0,0.0,0.0,0.0,0.0
P2,R02,testing,05,510,0,0.0,0.0,0.0,0.0
P2,R02,testing,05,511,0,0.0,0.0,0.0,0.0
P2,R02,testing,05,512,0,0.0,0.0,0.0,0.0
P2,R02,testing,05,513,0,0.0,0.0,0.0,0.0
P2,R02,testing,05,514,0,0.0,0.0,0.0,0.0
P2,R02,testing,05,515,0,0.0,0.0,0.0,0.0
P2,R02,testing,05,516,0,0.0,0.0,0.0,0.0
P2,R02,testing,05,517,0,0.0,0.0,0.0,0.0
P2,R02,testing,05,518,0,0.0,0.0,0.0,0.0
P2,R02,testing,05,519,0,0.0,0.0,0.0,0.0
P2,R02,testing,05,520,0,0.0,0.0,0.0,0.0
P2,R02,testing,05,521,0,0.0,0.0,0.0,0.0
P2,R02,testing,05,522,0,0.0,0.0,0.0,0.0
P2,R02,testing,05,523,0,0.0,0.0,0.0,0.0
P2,R02,testing,05,524,0,0.0,0.0,0.0,0.0
P2,R02,testing,05,525,0,0.0,0.0,0.0,0.0
P2,R02,testing,05,526,0,0.0,0.0,0.0,0.0
P2,R02,testing,05,527,0,0.0,0.0,0.0,0.0
P2,R02,testing,05,528,0,0.0,0.0,0.0,0.0
P2,R02,testing,05,529,0,0.0,0.0,0.0,0.0
P2,R02,testing,05,530,0,0.0,0.0,0.0,0.0
P2,R02,testing,05,531,0,0.0,0.0,0.0,0.0
P2,R02,testing,05,532,0,0.0,0.0,0.0,0.0
P2,R02,testing,05,533,0,0.0,0.0,0.0,0.0
P2,R02,testing,05,534,0,0.0,0.0,0.0,0.0
P2,R02,testing,05,535,0,0.0,0.0,0.0,0.0
P2,R02,testing,05,536,0,0.0,0.0,0.0,0.0
P2,R02,testing,05,537,0,0.0,0.0,0.0,0.0
P2,R02,testing,05,538,0,0.0,0.0,0.0,0.0
P2,R02,testing,05,539,0,0.0,0.0,0.0,0.0
P2,R02,testing,05,540,0,0.0,0.0,0.0,0.0
P2,R02,testing,05,541,0,0.0,0.0,0.0,0.0
P2,R02,testing,05,542,0,0.0,0.0,0.0,0.0
P2,R02,testing,05,543,0,0.0,0.0,0.0,0.0
P2,R02,testing,05,544,0,0.0,0.0,0.0,0.0
P2,R02,testing,05,545,0,0.0,0.0,0.0,0.0
P2,R02,testing,05,546,0,0.0,0.0,0.0,0.0
P2,R02,testing,05,547,0,0.0,0.0,0.0,0.0
P2,R02,testing,05,548,0,0.0,0.0,0.0,0.0
P2,R02,testing,05,549,0,0.0,0.0,0.0,0.0
P2,R02,testing,05,550,0,0.0,0.0,0.0,0.0
P2,R02,testing,05,551,0,0.0,0.0,0.0,0.0
P2,R02,testing,05,552,0,0.0,0.0,0.0,0.0
P2,R02,testing,05,553,0,0.0,0.0,0.0,0.0
P2,R02,testing,05,554,0,0.0,0.0,0.0,0.0
P2,R02,testing,05,555,0,0.0,0.0,0.0,0.0
P2,R02,testing,05,556,0,0.0,0.0,0.0,0.0
P2,R02,testing,05,557,0,0.0,0.0,0.0,0.0
P2,R02,testing,05,558,0,0.0,0.0,0.0,0.0
P2,R02,testing,05,559,0,0.0,0.0,0.0,0.0
P2,R02,testing,05,560,0,0.0,0.0,0.0,0.0
P2,R02,testing,05,561,0,0.0,0.0,0.0,0.0
P2,R02,testing,05,562,0,0.0,0.0,0.0,0.0
P2,R02,testing,05,563,0,0.0,0.0,0.0,0.0
P2,R02,testing,05,564,0,0.0,0.0,0.0,0.0
P2,R02,testing,05,565,0,0.0,0.0,0.0,0.0
P2,R02,testing,05,566,0,0.0,0.0,0.0,0.0
P2,R02,testing,05,567,0,0.0,0.0,0.0,0.0
P2,R02,testing,05,568,0,0.0,0.0,0.0,0.0
P2,R02,testing,05,569,0,0.0,0.0,0.0,0.0
P2,R02,testing,05,570,0,0.0,0.0,0.0,0.0
P2,R02,testing,05,571,0,0.0,0.0,0.0,0.0
P2,R02,testing,05,572,0,0.0,0.0,0.0,0.0
P2,R02,testing,05,573,0,0.0,0.0,0.0,0.0
P2,R02,testing,05,574,0,0.0,0.0,0.0,0.0
P2,R02,testing,05,575,0,0.0,0.0,0.0,0.0
P2,R02,testing,05,576,0,0.0,0.0,0.0,0.0
P2,R02,testing,05,577,0,0.0,0.0,0.0,0.0
P2,R02,testing,05,578,0,0.0,0.0,0.0,0.0
P2,R02,testing,05,579,0,0.0,0.0,0.0,0.0
P2,R02,testing,05,580,0,0.0,0.0,0.0,0.0
P2,R02,testing,05,581,0,0.0,0.0,0.0,0.0
P2,R02,testing,05,582,0,0.0,0.0,0.0,0.0
P3,R02,testing,05,0,0,0.0,0.0,0.0,0.0
P3,R02,testing,05,1,0,0.0,0.0,0.0,0.0
P3,R02,testing,05,2,0,0.0,0.0,0.0,0.0
P3,R02,testing,05,3,0,0.0,0.0,0.0,0.0
P3,R02,testing,05,4,0,0.0,0.0,0.0,0.0
P3,R02,testing,05,5,0,0.0,0.0,0.0,0.0
P3,R02,testing,05,6,0,0.0,0.0,0.0,0.0
P3,R02,testing,05,7,0,0.0,0.0,0.0,0.0
P3,R02,testing,05,8,0,0.0,0.0,0.0,0.0
P3,R02,testing,05,9,0,0.0,0.0,0.0,0.0
P3,R02,testing,05,10,0,0.0,0.0,0.0,0.0
P3,R02,testing,05,11,1,0.0,0.0,0.0,0.0
P3,R02,testing,05,12,1,0.0,0.0,0.0,0.0
P3,R02,testing,05,13,1,0.0,0.0,0.0,0.0
P3,R02,testing,05,14,1,0.0,0.0,0.0,0.0
P3,R02,testing,05,15,1,0.0,0.0,0.0,0.0
P3,R02,testing,05,16,1,0.0,0.0,0.0,0.0
P3,R02,testing,05,17,1,0.0,0.0,0.0,0.0
P3,R02,testing,05,18,1,0.0,0.0,0.0,0.0
P3,R02,testing,05,19,1,0.0,0.0,0.0,0.0
P3,R02,testing,05,20,1,0.0,0.0,0.0,0.0
P3,R02,testing,05,21,1,0.0,0.0,0.0,0.0
P3,R02,testing,05,22,1,0.0,0.0,0.0,0.0
P3,R02,testing,05,23,1,0.0,0.0,0.0,0.0
P3,R02,testing,05,24,1,0.0,0.0,0.0,0.0
P3,R02,testing,05,25,1,0.0,0.0,0.0,0.0
P3,R02,testing,05,26,1,0.0,0.0,0.0,0.0
P3,R02,testing,05,27,1,0.0,0.0,0.0,0.0
P3,R02,testing,05,28,1,0.0,0.0,0.0,0.0
P3,R02,testing,05,29,1,0.0,0.0,0.0,0.0
P3,R02,testing,05,30,1,0.0,0.0,0.0,0.0
P3,R02,testing,05,31,1,0.0,0.0,0.0,0.0
P3,R02,testing,05,32,1,0.0,0.0,0.0,0.0
P3,R02,testing,05,33,1,0.0,0.0,0.0,0.0
P3,R02,testing,05,34,1,0.0,0.0,0.0,0.0
P3,R02,testing,05,35,1,0.0,0.0,0.0,0.0
P3,R02,testing,05,36,1,0.0,0.0,0.0,0.0
P3,R02,testing,05,37,1,0.0,0.0,0.0,0.0
P3,R02,testing,05,38,1,0.0,0.0,0.0,0.0
P3,R02,testing,05,39,1,0.0,0.0,0.0,0.0
P3,R02,testing,05,40,1,0.0,0.0,0.0,0.0
P3,R02,testing,05,41,1,0.0,0.0,0.0,0.0
P3,R02,testing,05,42,1,0.0,0.0,0.0,0.0
P3,R02,testing,05,43,1,0.0,0.0,0.0,0.0
P3,R02,testing,05,44,1,0.0,0.0,0.0,0.0
P3,R02,testing,05,45,1,0.0,0.0,0.0,0.0
P3,R02,testing,05,46,1,0.0,0.0,0.0,0.0
P3,R02,testing,05,47,1,0.0,0.0,0.0,0.0
P3,R02,testing,05,48,1,0.0,0.0,0.0,0.0
P3,R02,testing,05,49,1,0.0,0.0,0.0,0.0
P3,R02,testing,05,50,1,0.0,0.0,0.0,0.0
P3,R02,testing,05,51,1,0.0,0.0,0.0,0.0
P3,R02,testing,05,52,1,0.0,0.0,0.0,0.0
P3,R02,testing,05,53,1,0.0,0.0,0.0,0.0
P3,R02,testing,05,54,1,0.0,0.0,0.0,0.0
P3,R02,testing,05,55,1,0.0,0.0,0.0,0.0
P3,R02,testing,05,56,1,0.0,0.0,0.0,0.0
P3,R02,testing,05,57,1,0.0,0.0,0.0,0.0
P3,R02,testing,05,58,1,0.0,0.0,0.0,0.0
P3,R02,testing,05,59,1,0.0,0.0,0.0,0.0
P3,R02,testing,05,60,1,0.0,0.0,0.0,0.0
P3,R02,testing,05,61,1,0.0,0.0,0.0,0.0
P3,R02,testing,05,62,1,0.0,0.0,0.0,0.0
P3,R02,testing,05,63,1,0.0,0.0,0.0,0.0
P3,R02,testing,05,64,1,0.0,0.0,0.019024801404011207,0.01407168466412496
P3,R02,testing,05,65,1,0.0,0.0,0.019024801404011207,0.01410920658297898
P3,R02,testing,05,66,1,0.0,0.0,0.019024801404011207,0.014146661494162896
P3,R02,testing,05,67,1,0.0,0.0,0.019024801404011207,0.014184048334014383
P3,R02,testing,05,68,1,0.0,0.0,0.019024801404011207,0.014221366038468523
P3,R02,testing,05,69,1,0.0,0.0,0.019024801404011207,0.014258613543107063
P3,R02,testing,05,70,1,0.0,0.0,0.019024801404011207,0.014295789783207846
P3,R02,testing,05,71,1,0.0,0.0,0.019024801404011207,0.01433289369379435
P3,R02,testing,05,72,1,0.0,0.0,0.019024801404011207,0.01436992420968541
P3,R02,testing,05,73,1,0.0,0.0,0.019024801404011207,0.014406880265545072
P3,R02,testing,05,74,1,0.0,0.0,0.019024801404011207,0.014443760795932561
P3,R02,testing,05,75,1,0.0,0.0,0.019024801404011207,0.014480564735352417
P3,R02,testing,05,76,1,0.0,0.0,0.019024801404011207,0.014517291018304753
P3,R02,testing,05,77,1,0.0,0.0,0.019024801404011207,0.014553938579335624
P3,R02,testing,05,78,1,0.0,0.0,0.019024801404011207,0.014590506353087536
P3,R02,testing,05,79,1,0.0,0.0,0.019024801404011207,0.014626993274350094
P3,R02,testing,05,80,1,0.0,0.0,0.03936793494451403,0.03034290330917464
P3,R02,testing,05,81,1,0.0,0.0,0.03936793494451403,0.030418064302916235
P3,R02,testing,05,82,1,0.0,0.0,0.03936793494451403,0.03049305137914204
P3,R02,testing,05,83,1,0.0,0.0,0.03936793494451403,0.030567862335886972
P3,R02,testing,05,84,1,0.0,0.0,0.03936793494451403,0.0306424949720177
P3,R02,testing,05,85,1,0.0,0.0,0.03936793494451403,0.030716947087338794
P3,R02,testing,05,86,1,0.0,0.0,0.03936793494451403,0.030791216482699054
P3,R02,testing,05,87,1,0.0,0.0,0.03936793494451403,0.03086530096009807
P3,R02,testing,05,88,1,0.0,0.0,0.03936793494451403,0.030939198322792946
P3,R02,testing,05,89,1,0.0,0.0,0.03936793494451403,0.031012906375405207
P3,R02,testing,05,90,1,0.0,0.0,0.03936793494451403,0.031086422924027905
P3,R02,testing,05,91,1,0.0,0.0,0.03936793494451403,0.03115974577633287
P3,R02,testing,05,92,1,0.0,0.0,0.03936793494451403,0.031232872741678127
P3,R02,testing,05,93,1,0.0,0.0,0.03936793494451403,0.031305801631215484
P3,R02,testing,05,94,1,0.0,0.0,0.03936793494451403,0.03137853025799825
P3,R02,testing,05,95,1,0.0,0.0,0.03936793494451403,0.031451056437089085
P3,R02,testing,05,96,1,0.0,0.0,0.06080769138347351,0.04869099287576934
P3,R02,testing,05,97,1,0.0,0.0,0.06080769138347351,0.048802381260926196
P3,R02,testing,05,98,1,0.0,0.0,0.06080769138347351,0.04891344684121761
P3,R02,testing,05,99,1,0.0,0.0,0.06080769138347351,0.04902418625587514
P3,R02,testing,05,100,1,0.0,0.0,0.06080769138347351,0.04913459614806985
P3,R02,testing,05,101,1,0.0,0.0,0.06080769138347351,0.04924467316508
P3,R02,testing,05,102,1,0.0,0.0,0.06080769138347351,0.04935441395845883
P3,R02,testing,05,103,1,0.0,0.0,0.06080769138347351,0.04946381518420249
P3,R02,testing,05,104,1,0.0,0.0,0.06080769138347351,0.049572873502918016
P3,R02,testing,05,105,1,0.0,0.0,0.06080769138347351,0.04968158557999155
P3,R02,testing,05,106,1,0.0,0.0,0.06080769138347351,0.049789948085756514
P3,R02,testing,05,107,1,0.0,0.0,0.06080769138347351,0.04989795769566191
P3,R02,testing,05,108,1,0.0,0.0,0.06080769138347351,0.05000561109044071
P3,R02,testing,05,109,1,0.0,0.0,0.06080769138347351,0.05011290495627825
P3,R02,testing,05,110,1,0.0,0.0,0.06080769138347351,0.05021983598498072
P3,R02,testing,05,111,1,0.0,0.0,0.06080769138347351,0.05032640087414361
P3,R02,testing,05,112,1,0.0,0.0,0.06422216389194871,0.05326448666508541
P3,R02,testing,05,113,1,0.0,0.0,0.06422216389194871,0.05337625154801264
P3,R02,testing,05,114,1,0.0,0.0,0.06422216389194871,0.053487619306881826
P3,R02,testing,05,115,1,0.0,0.0,0.06422216389194871,0.05359858648008932
P3,R02,testing,05,116,1,0.0,0.0,0.06422216389194871,0.05370914961303567
P3,R02,testing,05,117,1,0.0,0.0,0.06422216389194871,0.05381930525830353
P3,R02,testing,05,118,1,0.0,0.0,0.06422216389194871,0.053929049975835495
P3,R02,testing,05,119,1,0.0,0.0,0.06422216389194871,0.05403838033311182
P3,R02,testing,05,120,1,0.0,0.0,0.06422216389194871,0.054147292905328125
P3,R02,testing,05,121,1,0.0,0.0,0.06422216389194871,0.05425578427557297
P3,R02,testing,05,122,1,0.0,0.0,0.06422216389194871,0.05436385103500528
P3,R02,testing,05,123,1,0.0,0.0,0.06422216389194871,0.05447148978303178
P3,R02,testing,05,124,1,0.0,0.0,0.06422216389194871,0.054578697127484144
P3,R02,testing,05,125,1,0.0,0.0,0.06422216389194871,0.05468546968479608
P3,R02,testing,05,126,1,0.0,0.0,0.06422216389194871,0.05479180408018026
P3,R02,testing,05,127,1,0.0,0.0,0.06422216389194871,0.05489769694780504
P3,R02,testing,05,128,1,0.0,0.0,0.0671579224857457,0.05751747870036311
P3,R02,testing,05,129,1,0.0,0.0,0.0671579224857457,0.057627278257596885
P3,R02,testing,05,130,1,0.0,0.0,0.0671579224857457,0.05773660560267201
P3,R02,testing,05,131,1,0.0,0.0,0.0671579224857457,0.05784545725520061
P3,R02,testing,05,132,1,0.0,0.0,0.0671579224857457,0.057953829745080745
P3,R02,testing,05,133,1,0.0,0.0,0.0671579224857457,0.058061719612680016
P3,R02,testing,05,134,1,0.0,0.0,0.0671579224857457,0.05816912340901865
P3,R02,testing,05,135,1,0.0,0.0,0.0671579224857457,0.05827603769595244
P3,R02,testing,05,136,1,0.0,0.0,0.0671579224857457,0.05838245904635533
P3,R02,testing,05,137,1,0.0,0.0,0.0671579224857457,0.0584883840443017
P3,R02,testing,05,138,1,0.0,0.0,0.0671579224857457,0.058593809285248336
P3,R02,testing,05,139,1,0.0,0.0,0.0671579224857457,0.05869873137621601
P3,R02,testing,05,140,1,0.0,0.0,0.0671579224857457,0.05880314693597076
P3,R02,testing,05,141,1,0.0,0.0,0.0671579224857457,0.0589070525952048
P3,R02,testing,05,142,1,0.0,0.0,0.0671579224857457,0.05901044499671695
P3,R02,testing,05,143,1,0.0,0.0,0.0671579224857457,0.059113320795592866
P3,R02,testing,05,144,1,0.0,0.0,0.08855542861397517,0.07808266594833076
P3,R02,testing,05,145,1,0.0,0.0,0.08855542861397517,0.07821694393065545
P3,R02,testing,05,146,1,0.0,0.0,0.08855542861397517,0.0783505275807284
P3,R02,testing,05,147,1,0.0,0.0,0.08855542861397517,0.07848341255506612
P3,R02,testing,05,148,1,0.0,0.0,0.08855542861397517,0.07861559452756567
P3,R02,testing,05,149,1,0.0,0.0,0.08855542861397517,0.0787470691897387
P3,R02,testing,05,150,1,0.0,0.0,0.08855542861397517,0.0788778322509448
P3,R02,testing,05,151,1,0.0,0.0,0.08855542861397517,0.07900787943862411
P3,R02,testing,05,152,1,0.0,0.0,0.08855542861397517,0.07913720649852946
P3,R02,testing,05,153,1,0.0,0.0,0.08855542861397517,0.07926580919495756
P3,R02,testing,05,154,1,0.0,0.0,0.08855542861397517,0.07939368331097964
P3,R02,testing,05,155,1,0.0,0.0,0.08855542861397517,0.07952082464867131
P3,R02,testing,05,156,1,0.0,0.0,0.08855542861397517,0.07964722902934174
P3,R02,testing,05,157,1,0.0,0.0,0.08855542861397517,0.07977289229376183
P3,R02,testing,05,158,1,0.0,0.0,0.08855542861397517,0.07989781030239193
P3,R02,testing,05,159,1,0.0,0.0,0.08855542861397517,0.08002197893560853
P3,R02,testing,05,160,1,0.0,0.0,0.11063861424173732,0.10013135816962215
P3,R02,testing,05,161,1,0.0,0.0,0.11063861424173732,0.10028460306470921
P3,R02,testing,05,162,1,0.0,0.0,0.11063861424173732,0.10043689642292884
P3,R02,testing,05,163,1,0.0,0.0,0.11063861424173732,0.10058823319968425
P3,R02,testing,05,164,1,0.0,0.0,0.11063861424173732,0.10073860837666208
P3,R02,testing,05,165,1,0.0,0.0,0.11063861424173732,0.10088801696210906
P3,R02,testing,05,166,1,0.0,0.0,0.11063861424173732,0.10103645399110782
P3,R02,testing,05,167,1,0.0,0.0,0.11063861424173732,0.10118391452585128
P3,R02,testing,05,168,1,0.0,0.0,0.11063861424173732,0.10133039365591602
P3,R02,testing,05,169,1,0.0,0.0,0.11063861424173732,0.10147588649853434
P3,R02,testing,05,170,1,0.0,0.0,0.11063861424173732,0.10162038819886511
P3,R02,testing,05,171,1,0.0,0.0,0.11063861424173732,0.10176389393026332
P3,R02,testing,05,172,1,0.0,0.0,0.11063861424173732,0.10190639889454843
P3,R02,testing,05,173,1,0.0,0.0,0.11063861424173732,0.10204789832227132
P3,R02,testing,05,174,1,0.0,0.0,0.11063861424173732,0.10218838747298004
P3,R02,testing,05,175,1,0.0,0.0,0.11063861424173732,0.10232786163548407
P3,R02,testing,05,176,1,0.0,0.3332321156584141,0.1331463067716936,0.1233114826542446
P3,R02,testing,05,177,1,0.0,0.3332321156584141,0.1331463067716936,0.12347687084007304
P3,R02,testing,05,178,1,0.0,0.3332321156584141,0.1331463067716936,0.12364102075986659
P3,R02,testing,05,179,1,0.0,0.3332321156584141,0.1331463067716936,0.1238039268880218
P3,R02,testing,05,180,1,0.0,0.3332321156584141,0.1331463067716936,0.12396558373571495
P3,R02,testing,05,181,1,0.0,0.3332321156584141,0.1331463067716936,0.12412598585120994
P3,R02,testing,05,182,1,0.0,0.3332321156584141,0.1331463067716936,0.12428512782016435
P3,R02,testing,05,183,1,0.0,0.3332321156584141,0.1331463067716936,0.12444300426593381
P3,R02,testing,05,184,1,0.0,0.3332321156584141,0.1331463067716936,0.12459960984987443
P3,R02,testing,05,185,1,0.0,0.3332321156584141,0.1331463067716936,0.12475493927164341
P3,R02,testing,05,186,1,0.0,0.3332321156584141,0.1331463067716936,0.12490898726949776
P3,R02,testing,05,187,1,0.0,0.3332321156584141,0.1331463067716936,0.12506174862059113
P3,R02,testing,05,188,1,0.0,0.3332321156584141,0.1331463067716936,0.12521321814126865
P3,R02,testing,05,189,1,0.0,0.3332321156584141,0.1331463067716936,0.12536339068736
P3,R02,testing,05,190,1,0.0,0.3332321156584141,0.1331463067716936,0.12551226115447012
P3,R02,testing,05,191,1,0.0,0.3332321156584141,0.1331463067716936,0.12565982447826843
P3,R02,testing,05,192,1,1.0,0.3339440406214221,0.15597919819536132,0.14738021114821553
P3,R02,testing,05,193,1,1.0,0.3339440406214221,0.15597919819536132,0.1475499994853871
P3,R02,testing,05,194,1,1.0,0.3339440406214221,0.15597919819536132,0.147718239007423
P3,R02,testing,05,195,1,1.0,0.3339440406214221,0.15597919819536132,0.14788492397260153
P3,R02,testing,05,196,1,1.0,0.3339440406214221,0.15597919819536132,0.14805004868779226
P3,R02,testing,05,197,1,1.0,0.3339440406214221,0.15597919819536132,0.14821360750878013
P3,R02,testing,05,198,1,1.0,0.3339440406214221,0.15597919819536132,0.14837559484058668
P3,R02,testing,05,199,1,1.0,0.3339440406214221,0.15597919819536132,0.148536005137789
P3,R02,testing,05,200,1,1.0,0.3339440406214221,0.15597919819536132,0.14869483290483582
P3,R02,testing,05,201,1,1.0,0.3339440406214221,0.15597919819536132,0.1488520726963613
P3,R02,testing,05,202,1,1.0,0.3339440406214221,0.15597919819536132,0.14900771911749594
P3,R02,testing,05,203,1,1.0,0.3339440406214221,0.15597919819536132,0.149161766824175
P3,R02,testing,05,204,1,1.0,0.3339440406214221,0.15597919819536132,0.1493142105234442
P3,R02,testing,05,205,1,1.0,0.3339440406214221,0.15597919819536132,0.14946504497376265
P3,R02,testing,05,206,1,1.0,0.3339440406214221,0.15597919819536132,0.14961426498530314
P3,R02,testing,05,207,1,1.0,0.3339440406214221,0.15597919819536132,0.1497618654202496
P3,R02,testing,05,208,1,0.0,0.3329978098407814,0.1788518419077224,0.17189018679410153
P3,R02,testing,05,209,1,0.0,0.3329978098407814,0.1788518419077224,0.17205569964575118
P3,R02,testing,05,210,1,0.0,0.3329978098407814,0.1788518419077224,0.1722193381151402
P3,R02,testing,05,211,1,0.0,0.3329978098407814,0.1788518419077224,0.17238109655294767
P3,R02,testing,05,212,1,0.0,0.3329978098407814,0.1788518419077224,0.17254096937114802
P3,R02,testing,05,213,1,0.0,0.3329978098407814,0.1788518419077224,0.17269895104333285
P3,R02,testing,05,214,1,0.0,0.3329978098407814,0.1788518419077224,0.17285503610502928
P3,R02,testing,05,215,1,0.0,0.3329978098407814,0.1788518419077224,0.17300921915401468
P3,R02,testing,05,216,1,0.0,0.3329978098407814,0.1788518419077224,0.1731614948506285
P3,R02,testing,05,217,1,0.0,0.3329978098407814,0.1788518419077224,0.17331185791808024
P3,R02,testing,05,218,1,0.0,0.3329978098407814,0.1788518419077224,0.1734603031427541
P3,R02,testing,05,219,1,0.0,0.3329978098407814,0.1788518419077224,0.1736068253745104
P3,R02,testing,05,220,1,0.0,0.3329978098407814,0.1788518419077224,0.17375141952698314
P3,R02,testing,05,221,1,0.0,0.3329978098407814,0.1788518419077224,0.1738940805778744
P3,R02,testing,05,222,1,0.0,0.3329978098407814,0.1788518419077224,0.17403480356924483
P3,R02,testing,05,223,1,0.0,0.3329978098407814,0.1788518419077224,0.17417358360780097
P3,R02,testing,05,224,1,0.0,0.0,0.22061114163695864,0.21500935876897836
P3,R02,testing,05,225,1,0.0,0.0,0.22061114163695864,0.2151757309302097
P3,R02,testing,05,226,1,0.0,0.0,0.22061114163695864,0.21533968886194227
P3,R02,testing,05,227,1,0.0,0.0,0.22061114163695864,0.21550122685078135
P3,R02,testing,05,228,1,0.0,0.0,0.22061114163695864,0.2156603392647759
P3,R02,testing,05,229,1,0.0,0.0,0.22061114163695864,0.21581702055374558
P3,R02,testing,05,230,1,0.0,0.0,0.22061114163695864,0.21597126524960372
P3,R02,testing,05,231,1,0.0,0.0,0.22061114163695864,0.21612306796667505
P3,R02,testing,05,232,1,0.0,0.0,0.22061114163695864,0.21627242340200925
P3,R02,testing,05,233,1,0.0,0.0,0.22061114163695864,0.21641932633568967
P3,R02,testing,05,234,1,0.0,0.0,0.22061114163695864,0.21656377163113724
P3,R02,testing,05,235,1,0.0,0.0,0.22061114163695864,0.21670575423540991
P3,R02,testing,05,236,1,0.0,0.0,0.22061114163695864,0.21684526917949723
P3,R02,testing,05,237,1,0.0,0.0,0.22061114163695864,0.21698231157861006
P3,R02,testing,05,238,1,0.0,0.0,0.22061114163695864,0.21711687663246568
P3,R02,testing,05,239,1,0.0,0.0,0.22061114163695864,0.21724895962556806
P3,R02,testing,05,240,1,0.0,0.0,0.24436065108356203,0.24078006697167365
P3,R02,testing,05,241,1,0.0,0.0,0.24436065108356203,0.24092085531247093
P3,R02,testing,05,242,1,0.0,0.0,0.24436065108356203,0.24105887928767855
P3,R02,testing,05,243,1,0.0,0.0,0.24436065108356203,0.24119413405281503
P3,R02,testing,05,244,1,0.0,0.0,0.24436065108356203,0.24132661485878448
P3,R02,testing,05,245,1,0.0,0.0,0.24436065108356203,0.24145631705215406
P3,R02,testing,05,246,1,0.0,0.0,0.24436065108356203,0.2415832360754268
P3,R02,testing,05,247,1,0.0,0.0,0.24436065108356203,0.24170736746730814
P3,R02,testing,05,248,1,0.0,0.0,0.24436065108356203,0.2418287068629676
P3,R02,testing,05,249,1,0.0,0.0,0.24436065108356203,0.2419472499942943
P3,R02,testing,05,250,1,0.0,0.0,0.24436065108356203,0.24206299269014733
P3,R02,testing,05,251,1,0.0,0.0,0.24436065108356203,0.24217593087660047
P3,R02,testing,05,252,1,0.0,0.0,0.24436065108356203,0.2422860605771808
P3,R02,testing,05,253,1,0.0,0.0,0.24436065108356203,0.24239337791310245
P3,R02,testing,05,254,1,0.0,0.0,0.24436065108356203,0.242497879103494
P3,R02,testing,05,255,1,0.0,0.0,0.24436065108356203,0.24259956046562065
P3,R02,testing,05,256,1,0.0,0.33317789011193416,0.2864464720721418,0.28449795588701726
P3,R02,testing,05,257,1,0.0,0.33317789011193416,0.2864464720721418,0.2846105262032711
P3,R02,testing,05,258,1,0.0,0.33317789011193416,0.2864464720721418,0.28471977877872956
P3,R02,testing,05,259,1,0.0,0.33317789011193416,0.2864464720721418,0.2848257097590089
P3,R02,testing,05,260,1,0.0,0.33317789011193416,0.2864464720721418,0.2849283154059643
P3,R02,testing,05,261,1,0.0,0.33317789011193416,0.2864464720721418,0.2850275920979101
P3,R02,testing,05,262,1,0.0,0.33317789011193416,0.2864464720721418,0.28512353632983234
P3,R02,testing,05,263,1,0.0,0.33317789011193416,0.2864464720721418,0.28521614471359524
P3,R02,testing,05,264,1,0.0,0.33317789011193416,0.2864464720721418,0.2853054139781407
P3,R02,testing,05,265,1,0.0,0.33317789011193416,0.2864464720721418,0.2853913409696807
P3,R02,testing,05,266,1,0.0,0.33317789011193416,0.2864464720721418,0.28547392265188315
P3,R02,testing,05,267,1,0.0,0.33317789011193416,0.2864464720721418,0.2855531561060505
P3,R02,testing,05,268,1,0.0,0.33317789011193416,0.2864464720721418,0.2856290385312919
P3,R02,testing,05,269,1,0.0,0.33317789011193416,0.2864464720721418,0.28570156724468804
P3,R02,testing,05,270,1,0.0,0.33317789011193416,0.2864464720721418,0.2857707396814494
P3,R02,testing,05,271,1,0.0,0.33317789011193416,0.2864464720721418,0.28583655339506714
P3,R02,testing,05,272,1,1.0,0.33380430864324967,0.3099996916292528,0.3094072099187893
P3,R02,testing,05,273,1,1.0,0.33380430864324967,0.3099996916292528,0.30947115797915503
P3,R02,testing,05,274,1,1.0,0.33380430864324967,0.3099996916292528,0.30953146397004944
P3,R02,testing,05,275,1,1.0,0.33380430864324967,0.3099996916292528,0.3095881257573097
P3,R02,testing,05,276,1,1.0,0.33380430864324967,0.3099996916292528,0.3096411413354849
P3,R02,testing,05,277,1,1.0,0.33380430864324967,0.3099996916292528,0.3096905088279537
P3,R02,testing,05,278,1,1.0,0.33380430864324967,0.3099996916292528,0.3097362264870353
P3,R02,testing,05,279,1,1.0,0.33380430864324967,0.3099996916292528,0.30977829269409257
P3,R02,testing,05,280,1,1.0,0.33380430864324967,0.3099996916292528,0.3098167059596275
P3,R02,testing,05,281,1,1.0,0.33380430864324967,0.3099996916292528,0.3098514649233691
P3,R02,testing,05,282,1,1.0,0.33380430864324967,0.3099996916292528,0.3098825683543539
P3,R02,testing,05,283,1,1.0,0.33380430864324967,0.3099996916292528,0.3099100151509981
P3,R02,testing,05,284,1,1.0,0.33380430864324967,0.3099996916292528,0.3099338043411631
P3,R02,testing,05,285,1,1.0,0.33380430864324967,0.3099996916292528,0.3099539350822126
P3,R02,testing,05,286,1,1.0,0.33380430864324967,0.3099996916292528,0.30997040666106257
P3,R02,testing,05,287,1,1.0,0.33380430864324967,0.3099996916292528,0.3099832184942231
P3,R02,testing,05,288,1,0.0,0.33297602304859736,0.31333501702347394,0.3133276167491061
P3,R02,testing,05,289,1,0.0,0.33297602304859736,0.31333501702347394,0.31333316693849633
P3,R02,testing,05,290,1,0.0,0.33297602304859736,0.31333501702347394,0.31333501702347394
P3,R02,testing,05,291,1,0.0,0.33297602304859736,0.31333501702347394,0.31333316693849633
P3,R02,testing,05,292,1,0.0,0.33297602304859736,0.31333501702347394,0.3133276167491061
P3,R02,testing,05,293,1,0.0,0.33297602304859736,0.31333501702347394,0.31331836665192736
P3,R02,testing,05,294,1,0.0,0.33297602304859736,0.31333501702347394,0.3133054169746539
P3,R02,testing,05,295,1,0.0,0.33297602304859736,0.31333501702347394,0.3132887681760302
P3,R02,testing,05,296,1,0.0,0.33297602304859736,0.31333501702347394,0.31326842084582385
P3,R02,testing,05,297,1,0.0,0.33297602304859736,0.31333501702347394,0.31324437570479113
P3,R02,testing,05,298,1,0.0,0.33297602304859736,0.31333501702347394,0.31321663360463436
P3,R02,testing,05,299,1,0.0,0.33297602304859736,0.31333501702347394,0.31318519552795154
P3,R02,testing,05,300,1,0.0,0.33297602304859736,0.31333501702347394,0.31315006258817835
P3,R02,testing,05,301,1,0.0,0.33297602304859736,0.31333501702347394,0.31311123602952257
P3,R02,testing,05,302,1,0.0,0.33297602304859736,0.31333501702347394,0.31306871722689045
P3,R02,testing,05,303,1,0.0,0.33297602304859736,0.31333501702347394,0.3130225076858057
P3,R02,testing,05,304,1,1.0,0.3338323003125387,0.29639445386719565,0.296051639595521
P3,R02,testing,05,305,1,1.0,0.3338323003125387,0.29639445386719565,0.29600095076013183
P3,R02,testing,05,306,1,1.0,0.3338323003125387,0.29639445386719565,0.2959467757401442
P3,R02,testing,05,307,1,1.0,0.3338323003125387,0.29639445386719565,0.29588911645299426
P3,R02,testing,05,308,1,1.0,0.3338323003125387,0.29639445386719565,0.2958279749391806
P3,R02,testing,05,309,1,1.0,0.3338323003125387,0.29639445386719565,0.29576335336214415
P3,R02,testing,05,310,1,1.0,0.3338323003125387,0.29639445386719565,0.2956952540081406
P3,R02,testing,05,311,1,1.0,0.3338323003125387,0.29639445386719565,0.29562367928610533
P3,R02,testing,05,312,1,1.0,0.3338323003125387,0.29639445386719565,0.29554863172751183
P3,R02,testing,05,313,1,1.0,0.3338323003125387,0.29639445386719565,0.295470113986222
P3,R02,testing,05,314,1,1.0,0.3338323003125387,0.29639445386719565,0.29538812883833016
P3,R02,testing,05,315,0,1.0,0.3338323003125387,0.29639445386719565,0.29530267918199904
P3,R02,testing,05,316,0,1.0,0.3338323003125387,0.29639445386719565,0.29521376803728944
P3,R02,testing,05,317,0,1.0,0.3338323003125387,0.29639445386719565,0.2951213985459821
P3,R02,testing,05,318,0,1.0,0.3338323003125387,0.29639445386719565,0.29502557397139284
P3,R02,testing,05,319,0,1.0,0.3338323003125387,0.29639445386719565,0.29492629769817996
P3,R02,testing,05,320,0,0.0,0.33311178945212916,0.2781998022965094,0.2767253527027322
P3,R02,testing,05,321,0,0.0,0.33311178945212916,0.2781998022965094,0.2766257010278799
P3,R02,testing,05,322,0,0.0,0.33311178945212916,0.2781998022965094,0.27652281975460885
P3,R02,testing,05,323,0,0.0,0.33311178945212916,0.2781998022965094,0.2764167125134442
P3,R02,testing,05,324,0,0.0,0.33311178945212916,0.2781998022965094,0.2763073830478036
P3,R02,testing,05,325,0,0.0,0.33311178945212916,0.2781998022965094,0.2761948352137773
P3,R02,testing,05,326,0,0.0,0.33311178945212916,0.2781998022965094,0.2760790729799011
P3,R02,testing,05,327,0,0.0,0.33311178945212916,0.2781998022965094,0.2759601004269235
P3,R02,testing,05,328,0,0.0,0.33311178945212916,0.2781998022965094,0.2758379217475658
P3,R02,testing,05,329,0,0.0,0.33311178945212916,0.2781998022965094,0.2757125412462757
P3,R02,testing,05,330,0,0.0,0.33311178945212916,0.2781998022965094,0.2755839633389749
P3,R02,testing,05,331,0,0.0,0.33311178945212916,0.2781998022965094,0.2754521925527996
P3,R02,testing,05,332,0,0.0,0.33311178945212916,0.2781998022965094,0.2753172335258349
P3,R02,testing,05,333,0,0.0,0.33311178945212916,0.2781998022965094,0.2751790910068428
P3,R02,testing,05,334,0,0.0,0.33311178945212916,0.2781998022965094,0.2750377698549837
P3,R02,testing,05,335,0,0.0,0.33311178945212916,0.2781998022965094,0.27489327503953126
P3,R02,testing,05,336,0,0.0,0.6660686261082189,0.25891070803963107,0.2556960150696634
P3,R02,testing,05,337,0,0.0,0.6660686261082189,0.25891070803963107,0.2555556459098862
P3,R02,testing,05,338,0,0.0,0.6660686261082189,0.25891070803963107,0.25541233762006155
P3,R02,testing,05,339,0,0.0,0.6660686261082189,0.25891070803963107,0.25526609523206256
P3,R02,testing,05,340,0,0.0,0.6660686261082189,0.25891070803963107,0.25511692387882745
P3,R02,testing,05,341,0,0.0,0.6660686261082189,0.25891070803963107,0.25496482879405896
P3,R02,testing,05,342,0,0.0,0.6660686261082189,0.25891070803963107,0.25480981531191843
P3,R02,testing,05,343,0,0.0,0.6660686261082189,0.25891070803963107,0.25465188886671436
P3,R02,testing,05,344,0,0.0,0.6660686261082189,0.25891070803963107,0.2544910549925842
P3,R02,testing,05,345,0,0.0,0.6660686261082189,0.25891070803963107,0.2543273193231718
P3,R02,testing,05,346,0,0.0,0.6660686261082189,0.25891070803963107,0.25416068759129834
P3,R02,testing,05,347,0,0.0,0.6660686261082189,0.25891070803963107,0.2539911656286276
P3,R02,testing,05,348,0,0.0,0.6660686261082189,0.25891070803963107,0.25381875936532616
P3,R02,testing,05,349,0,0.0,0.6660686261082189,0.25891070803963107,0.25364347482971744
P3,R02,testing,05,350,0,0.0,0.6660686261082189,0.25891070803963107,0.25346531814793044
P3,R02,testing,05,351,0,0.0,0.6660686261082189,0.25891070803963107,0.2532842955435431
P3,R02,testing,05,352,0,1.0,0.333843795399375,0.25621446126399844,0.2504646738634113
P3,R02,testing,05,353,0,1.0,0.333843795399375,0.25621446126399844,0.25027988309931154
P3,R02,testing,05,354,0,1.0,0.333843795399375,0.25621446126399844,0.25009227530907496
P3,R02,testing,05,355,0,1.0,0.333843795399375,0.25621446126399844,0.24990185703356485
P3,R02,testing,05,356,0,1.0,0.333843795399375,0.25621446126399844,0.24970863490823195
P3,R02,testing,05,357,0,1.0,0.333843795399375,0.25621446126399844,0.24951261566272903
P3,R02,testing,05,358,0,1.0,0.333843795399375,0.25621446126399844,0.24931380612052031
P3,R02,testing,05,359,0,1.0,0.333843795399375,0.25621446126399844,0.2491122131984858
P3,R02,testing,05,360,0,1.0,0.333843795399375,0.25621446126399844,0.24890784390652002
P3,R02,testing,05,361,0,1.0,0.333843795399375,0.25621446126399844,0.248700705347126
P3,R02,testing,05,362,0,1.0,0.333843795399375,0.25621446126399844,0.24849080471500387
P3,R02,testing,05,363,0,1.0,0.333843795399375,0.25621446126399844,0.24827814929663444
P3,R02,testing,05,364,0,1.0,0.333843795399375,0.25621446126399844,0.24806274646985776
P3,R02,testing,05,365,0,1.0,0.333843795399375,0.25621446126399844,0.2478446037034464
P3,R02,testing,05,366,0,1.0,0.333843795399375,0.25621446126399844,0.24762372855667428
P3,R02,testing,05,367,0,1.0,0.333843795399375,0.25621446126399844,0.2474001286788797
P3,R02,testing,05,368,0,0.0,0.6661223571657124,0.2511738090359925,0.24231102139878236
P3,R02,testing,05,369,0,0.0,0.6661223571657124,0.2511738090359925,0.24208650112389798
P3,R02,testing,05,370,0,0.0,0.6661223571657124,0.2511738090359925,0.241859332745119
P3,R02,testing,05,371,0,0.0,0.6661223571657124,0.2511738090359925,0.24162952411008984
P3,R02,testing,05,372,0,0.0,0.6661223571657124,0.2511738090359925,0.2413970831525363
P3,R02,testing,05,373,0,0.0,0.6661223571657124,0.2511738090359925,0.24116201789180922
P3,R02,testing,05,374,0,0.0,0.6661223571657124,0.2511738090359925,0.24092433643242359
P3,R02,testing,05,375,0,0.0,0.6661223571657124,0.2511738090359925,0.24068404696359277
P3,R02,testing,05,376,0,0.0,0.6661223571657124,0.2511738090359925,0.24044115775875868
P3,R02,testing,05,377,0,0.0,0.6661223571657124,0.2511738090359925,0.24019567717511683
P3,R02,testing,05,378,0,0.0,0.6661223571657124,0.2511738090359925,0.23994761365313758
P3,R02,testing,05,379,0,0.0,0.6661223571657124,0.2511738090359925,0.2396969757160824
P3,R02,testing,05,380,0,0.0,0.6661223571657124,0.2511738090359925,0.23944377196951608
P3,R02,testing,05,381,0,0.0,0.6661223571657124,0.2511738090359925,0.23918801110081442
P3,R02,testing,05,382,0,0.0,0.6661223571657124,0.2511738090359925,0.23892970187866777
P3,R02,testing,05,383,0,0.0,0.6661223571657124,0.2511738090359925,0.23866885315258016
P3,R02,testing,05,384,0,1.0,0.33390841646320957,0.22627977347127565,0.21477691812164504
P3,R02,testing,05,385,0,1.0,0.33390841646320957,0.22627977347127565,0.21453737090265582
P3,R02,testing,05,386,0,1.0,0.33390841646320957,0.22627977347127565,0.21429556022150062
P3,R02,testing,05,387,0,1.0,0.33390841646320957,0.22627977347127565,0.21405149433723109
P3,R02,testing,05,388,0,1.0,0.33390841646320957,0.22627977347127565,0.21380518157939063
P3,R02,testing,05,389,0,1.0,0.33390841646320957,0.22627977347127565,0.21355663034754083
P3,R02,testing,05,390,0,1.0,0.33390841646320957,0.22627977347127565,0.21330584911078443
P3,R02,testing,05,391,0,1.0,0.33390841646320957,0.22627977347127565,0.21305284640728472
P3,R02,testing,05,392,0,1.0,0.33390841646320957,0.22627977347127565,0.2127976308437812
P3,R02,testing,05,393,0,1.0,0.33390841646320957,0.22627977347127565,0.2125402110951021
P3,R02,testing,05,394,0,1.0,0.33390841646320957,0.22627977347127565,0.2122805959036733
P3,R02,testing,05,395,0,1.0,0.33390841646320957,0.22627977347127565,0.2120187940790237
P3,R02,testing,05,396,0,1.0,0.33390841646320957,0.22627977347127565,0.21175481449728753
P3,R02,testing,05,397,0,1.0,0.33390841646320957,0.22627977347127565,0.2114886661007031
P3,R02,testing,05,398,0,1.0,0.33390841646320957,0.22627977347127565,0.21122035789710855
P3,R02,testing,05,399,0,1.0,0.33390841646320957,0.22627977347127565,0.2109498989594339
P3,R02,testing,05,400,0,0.0,0.0,0.20078058085201872,0.18693632975336805
P3,R02,testing,05,401,0,0.0,0.0,0.20078058085201872,0.18669255614397914
P3,R02,testing,05,402,0,0.0,0.0,0.20078058085201872,0.1864468986576514
P3,R02,testing,05,403,0,0.0,0.0,0.20078058085201872,0.18619936557136404
P3,R02,testing,05,404,0,0.0,0.0,0.20078058085201872,0.185949965217559
P3,R02,testing,05,405,0,0.0,0.0,0.20078058085201872,0.1856987059836739
P3,R02,testing,05,406,0,0.0,0.0,0.20078058085201872,0.18544559631167254
P3,R02,testing,05,407,0,0.0,0.0,0.20078058085201872,0.18519064469757268
P3,R02,testing,05,408,0,0.0,0.0,0.20078058085201872,0.18493385969097131
P3,R02,testing,05,409,0,0.0,0.0,0.20078058085201872,0.18467524989456746
P3,R02,testing,05,410,0,0.0,0.0,0.20078058085201872,0.18441482396368253
P3,R02,testing,05,411,0,0.0,0.0,0.20078058085201872,0.184152590605778
P3,R02,testing,05,412,0,0.0,0.0,0.20078058085201872,0.18388855857997105
P3,R02,testing,05,413,0,0.0,0.0,0.20078058085201872,0.1836227366965476
P3,R02,testing,05,414,0,0.0,0.0,0.20078058085201872,0.1833551338164731
P3,R02,testing,05,415,0,0.0,0.0,0.20078058085201872,0.18308575885090095
P3,R02,testing,05,416,0,0.0,0.0,0.17503206781636144,0.15937009925471493
P3,R02,testing,05,417,0,0.0,0.0,0.17503206781636144,0.15913220330532088
P3,R02,testing,05,418,0,0.0,0.0,0.17503206781636144,0.15889278608960733
P3,R02,testing,05,419,0,0.0,0.0,0.17503206781636144,0.15865185554662675
P3,R02,testing,05,420,0,0.0,0.0,0.17503206781636144,0.15840941965701244
P3,R02,testing,05,421,0,0.0,0.0,0.17503206781636144,0.15816548644253853
P3,R02,testing,05,422,0,0.0,0.0,0.17503206781636144,0.15792006396567862
P3,R02,testing,05,423,0,0.0,0.0,0.17503206781636144,0.15767316032916256
P3,R02,testing,05,424,0,0.0,0.0,0.17503206781636144,0.15742478367553153
P3,R02,testing,05,425,0,0.0,0.0,0.17503206781636144,0.1571749421866914
P3,R02,testing,05,426,0,0.0,0.0,0.17503206781636144,0.15692364408346476
P3,R02,testing,05,427,0,0.0,0.0,0.17503206781636144,0.1566708976251409
P3,R02,testing,05,428,0,0.0,0.0,0.17503206781636144,0.15641671110902464
P3,R02,testing,05,429,0,0.0,0.0,0.17503206781636144,0.15616109286998345
P3,R02,testing,05,430,0,0.0,0.0,0.17503206781636144,0.15590405127999307
P3,R02,testing,05,431,0,0.0,0.0,0.17503206781636144,0.15564559474768186
P3,R02,testing,05,432,0,0.0,0.0,0.14922510895041644,0.13247545455080528
P3,R02,testing,05,433,0,0.0,0.0,0.14922510895041644,0.13225271417727597
P3,R02,testing,05,434,0,0.0,0.0,0.14922510895041644,0.13202878917252148
P3,R02,testing,05,435,0,0.0,0.0,0.14922510895041644,0.1318036868264753
P3,R02,testing,05,436,0,0.0,0.0,0.14922510895041644,0.13157741445835894
P3,R02,testing,05,437,0,0.0,0.0,0.14922510895041644,0.1313499794162865
P3,R02,testing,05,438,0,0.0,0.0,0.14922510895041644,0.13112138907686857
P3,R02,testing,05,439,0,0.0,0.0,0.14922510895041644,0.13089165084481455
P3,R02,testing,05,440,0,0.0,0.0,0.14922510895041644,0.13066077215253435
P3,R02,testing,05,441,0,0.0,0.0,0.14922510895041644,0.13042876045973922
P3,R02,testing,05,442,0,0.0,0.0,0.14922510895041644,0.1301956232530414
P3,R02,testing,05,443,0,0.0,0.0,0.14922510895041644,0.12996136804555306
P3,R02,testing,05,444,0,0.0,0.0,0.14922510895041644,0.12972600237648435
P3,R02,testing,05,445,0,0.0,0.0,0.14922510895041644,0.1294895338107408
P3,R02,testing,05,446,0,0.0,0.0,0.14922510895041644,0.1292519699385195
P3,R02,testing,05,447,0,0.0,0.0,0.14922510895041644,0.12901331837490507
P3,R02,testing,05,448,0,0.0,0.0,0.12372883100688375,0.10677161146926131
P3,R02,testing,05,449,0,0.0,0.0,0.12372883100688375,0.10657195071458235
P3,R02,testing,05,450,0,0.0,0.0,0.12372883100688375,0.10637140717151208
P3,R02,testing,05,451,0,0.0,0.0,0.12372883100688375,0.10616998723321511
P3,R02,testing,05,452,0,0.0,0.0,0.12372883100688375,0.10596769731180648
P3,R02,testing,05,453,0,0.0,0.0,0.12372883100688375,0.10576454383801336
P3,R02,testing,05,454,0,0.0,0.0,0.12372883100688375,0.10556053326083592
P3,R02,testing,05,455,0,0.0,0.0,0.12372883100688375,0.10535567204720812
P3,R02,testing,05,456,0,0.0,0.0,0.12372883100688375,0.10514996668165787
P3,R02,testing,05,457,0,0.0,0.0,0.12372883100688375,0.1049434236659669
P3,R02,testing,05,458,0,0.0,0.0,0.12372883100688375,0.10473604951883023
P3,R02,testing,05,459,0,0.0,0.0,0.12372883100688375,0.10452785077551541
P3,R02,testing,05,460,0,0.0,0.0,0.12372883100688375,0.10431883398752126
P3,R02,testing,05,461,0,0.0,0.0,0.12372883100688375,0.10410900572223658
P3,R02,testing,05,462,0,0.0,0.0,0.12372883100688375,0.10389837256259835
P3,R02,testing,05,463,0,0.0,0.0,0.12372883100688375,0.10368694110674993
P3,R02,testing,05,464,0,0.0,0.0,0.08113780894287709,0.06785574411847582
P3,R02,testing,05,465,0,0.0,0.0,0.08113780894287709,0.06771605947047454
P3,R02,testing,05,466,0,0.0,0.0,0.08113780894287709,0.06757586436098262
P3,R02,testing,05,467,0,0.0,0.0,0.08113780894287709,0.06743516315451553
P3,R02,testing,05,468,0,0.0,0.0,0.08113780894287709,0.06729396022443784
P3,R02,testing,05,469,0,0.0,0.0,0.08113780894287709,0.06715225995273845
P3,R02,testing,05,470,0,0.0,0.0,0.08113780894287709,0.06701006672980567
P3,R02,testing,05,471,0,0.0,0.0,0.08113780894287709,0.06686738495420247
P3,R02,testing,05,472,0,0.0,0.0,0.08113780894287709,0.06672421903244152
P3,R02,testing,05,473,0,0.0,0.0,0.08113780894287709,0.06658057337876049
P3,R02,testing,05,474,0,0.0,0.0,0.08113780894287709,0.06643645241489701
P3,R02,testing,05,475,0,0.0,0.0,0.08113780894287709,0.06629186056986408
P3,R02,testing,05,476,0,0.0,0.0,0.08113780894287709,0.06614680227972526
P3,R02,testing,05,477,0,0.0,0.0,0.08113780894287709,0.06600128198737
P3,R02,testing,05,478,0,0.0,0.0,0.08113780894287709,0.06585530414228909
P3,R02,testing,05,479,0,0.0,0.0,0.08113780894287709,0.06570887320035018
P3,R02,testing,05,480,0,0.0,0.0,0.05837377740293295,0.04716791433903962
P3,R02,testing,05,481,0,0.0,0.0,0.05837377740293295,0.04706192375917348
P3,R02,testing,05,482,0,0.0,0.0,0.05837377740293295,0.046955616846447855
P3,R02,testing,05,483,0,0.0,0.0,0.05837377740293295,0.04684899682332985
P3,R02,testing,05,484,0,0.0,0.0,0.05837377740293295,0.04674206691606839
P3,R02,testing,05,485,0,0.0,0.0,0.05837377740293295,0.04663483035453342
P3,R02,testing,05,486,0,0.0,0.0,0.05837377740293295,0.046527290372055274
P3,R02,testing,05,487,0,0.0,0.0,0.05837377740293295,0.04641945020526416
P3,R02,testing,05,488,0,0.0,0.0,0.05837377740293295,0.04631131309392985
P3,R02,testing,05,489,0,0.0,0.0,0.05837377740293295,0.04620288228080154
P3,R02,testing,05,490,0,0.0,0.0,0.05837377740293295,0.04609416101144793
P3,R02,testing,05,491,0,0.0,0.0,0.05837377740293295,0.045985152534097476
P3,R02,testing,05,492,0,0.0,0.0,0.05837377740293295,0.045875860099478895
P3,R02,testing,05,493,0,0.0,0.0,0.05837377740293295,0.04576628696066188
P3,R02,testing,05,494,0,0.0,0.0,0.05837377740293295,0.045656436372898054
P3,R02,testing,05,495,0,0.0,0.0,0.05837377740293295,0.04554631159346219
P3,R02,testing,05,496,0,0.0,0.0,0.019063412593917632,0.014838231301233698
P3,R02,testing,05,497,0,0.0,0.0,0.019063412593917632,0.014802091413847248
P3,R02,testing,05,498,0,0.0,0.0,0.019063412593917632,0.014765865177013022
P3,R02,testing,05,499,0,0.0,0.0,0.019063412593917632,0.014729553656601325
P3,R02,testing,05,500,0,0.0,0.0,0.019063412593917632,0.014693157918885228
P3,R02,testing,05,501,0,0.0,0.0,0.019063412593917632,0.01465667903048928
P3,R02,testing,05,502,0,0.0,0.0,0.019063412593917632,0.014620118058338304
P3,R02,testing,05,503,0,0.0,0.0,0.019063412593917632,0.014583476069606334
P3,R02,testing,05,504,0,0.0,0.0,0.019063412593917632,0.014546754131665632
P3,R02,testing,05,505,0,0.0,0.0,0.019063412593917632,0.014509953312035856
P3,R02,testing,05,506,0,0.0,0.0,0.019063412593917632,0.014473074678333307
P3,R02,testing,05,507,0,0.0,0.0,0.019063412593917632,0.014436119298220324
P3,R02,testing,05,508,0,0.0,0.0,0.019063412593917632,0.014399088239354815
P3,R02,testing,05,509,0,0.0,0.0,0.019063412593917632,0.014361982569339878
P3,R02,testing,05,510,0,0.0,0.0,0.019063412593917632,0.014324803355673595
P3,R02,testing,05,511,0,0.0,0.0,0.019063412593917632,0.014287551665698933
P3,R02,testing,05,512,0,0.0,0.0,0.0,0.0
P3,R02,testing,05,513,0,0.0,0.0,0.0,0.0
P3,R02,testing,05,514,0,0.0,0.0,0.0,0.0
P3,R02,testing,05,515,0,0.0,0.0,0.0,0.0
P3,R02,testing,05,516,0,0.0,0.0,0.0,0.0
P3,R02,testing,05,517,0,0.0,0.0,0.0,0.0
P3,R02,testing,05,518,0,0.0,0.0,0.0,0.0
P3,R02,testing,05,519,0,0.0,0.0,0.0,0.0
P3,R02,testing,05,520,0,0.0,0.0,0.0,0.0
P3,R02,testing,05,521,0,0.0,0.0,0.0,0.0
P3,R02,testing,05,522,0,0.0,0.0,0.0,0.0
P3,R02,testing,05,523,0,0.0,0.0,0.0,0.0
P3,R02,testing,05,524,0,0.0,0.0,0.0,0.0
P3,R02,testing,05,525,0,0.0,0.0,0.0,0.0
P3,R02,testing,05,526,0,0.0,0.0,0.0,0.0
P3,R02,testing,05,527,0,0.0,0.0,0.0,0.0
P3,R02,testing,05,528,0,0.0,0.0,0.0,0.0
P3,R02,testing,05,529,0,0.0,0.0,0.0,0.0
P3,R02,testing,05,530,0,0.0,0.0,0.0,0.0
P3,R02,testing,05,531,0,0.0,0.0,0.0,0.0
P3,R02,testing,05,532,0,0.0,0.0,0.0,0.0
P3,R02,testing,05,533,0,0.0,0.0,0.0,0.0
P3,R02,testing,05,534,0,0.0,0.0,0.0,0.0
P3,R02,testing,05,535,0,0.0,0.0,0.0,0.0
P3,R02,testing,05,536,0,0.0,0.0,0.0,0.0
P3,R02,testing,05,537,0,0.0,0.0,0.0,0.0
P3,R02,testing,05,538,0,0.0,0.0,0.0,0.0
P3,R02,testing,05,539,0,0.0,0.0,0.0,0.0
P3,R02,testing,05,540,0,0.0,0.0,0.0,0.0
P3,R02,testing,05,541,0,0.0,0.0,0.0,0.0
P3,R02,testing,05,542,0,0.0,0.0,0.0,0.0
P3,R02,testing,05,543,0,0.0,0.0,0.0,0.0
P3,R02,testing,05,544,0,0.0,0.0,0.0,0.0
P3,R02,testing,05,545,0,0.0,0.0,0.0,0.0
P3,R02,testing,05,546,0,0.0,0.0,0.0,0.0
P3,R02,testing,05,547,0,0.0,0.0,0.0,0.0
P3,R02,testing,05,548,0,0.0,0.0,0.0,0.0
P3,R02,testing,05,549,0,0.0,0.0,0.0,0.0
P3,R02,testing,05,550,0,0.0,0.0,0.0,0.0
P3,R02,testing,05,551,0,0.0,0.0,0.0,0.0
P3,R02,testing,05,552,0,0.0,0.0,0.0,0.0
P3,R02,testing,05,553,0,0.0,0.0,0.0,0.0
P3,R02,testing,05,554,0,0.0,0.0,0.0,0.0
P3,R02,testing,05,555,0,0.0,0.0,0.0,0.0
P3,R02,testing,05,556,0,0.0,0.0,0.0,0.0
P3,R02,testing,05,557,0,0.0,0.0,0.0,0.0
P3,R02,testing,05,558,0,0.0,0.0,0.0,0.0
P3,R02,testing,05,559,0,0.0,0.0,0.0,0.0
P3,R02,testing,05,560,0,0.0,0.0,0.0,0.0
P3,R02,testing,05,561,0,0.0,0.0,0.0,0.0
P3,R02,testing,05,562,0,0.0,0.0,0.0,0.0
P3,R02,testing,05,563,0,0.0,0.0,0.0,0.0
P3,R02,testing,05,564,0,0.0,0.0,0.0,0.0
P3,R02,testing,05,565,0,0.0,0.0,0.0,0.0
P3,R02,testing,05,566,0,0.0,0.0,0.0,0.0
P3,R02,testing,05,567,0,0.0,0.0,0.0,0.0
P3,R02,testing,05,568,0,0.0,0.0,0.0,0.0
P3,R02,testing,05,569,0,0.0,0.0,0.0,0.0
P3,R02,testing,05,570,0,0.0,0.0,0.0,0.0
P3,R02,testing,05,571,0,0.0,0.0,0.0,0.0
P3,R02,testing,05,572,0,0.0,0.0,0.0,0.0
P3,R02,testing,05,573,0,0.0,0.0,0.0,0.0
P3,R02,testing,05,574,0,0.0,0.0,0.0,0.0
P3,R02,testing,05,575,0,0.0,0.0,0.0,0.0
P3,R02,testing,05,576,0,0.0,0.0,0.0,0.0
P3,R02,testing,05,577,0,0.0,0.0,0.0,0.0
P3,R02,testing,05,578,0,0.0,0.0,0.0,0.0
P3,R02,testing,05,579,0,0.0,0.0,0.0,0.0
P3,R02,testing,05,580,0,0.0,0.0,0.0,0.0
P3,R02,testing,05,581,0,0.0,0.0,0.0,0.0
P3,R02,testing,05,582,0,0.0,0.0,0.0,0.0
A,R02,testing,07,0,0,0.0,0.0,0.0,0.0
A,R02,testing,07,1,0,0.0,0.0,0.0,0.0
A,R02,testing,07,2,0,0.0,0.0,0.0,0.0
A,R02,testing,07,3,0,0.0,0.0,0.0,0.0
A,R02,testing,07,4,0,0.0,0.0,0.0,0.0
A,R02,testing,07,5,0,0.0,0.0,0.0,0.0
A,R02,testing,07,6,0,0.0,0.0,0.0,0.0
A,R02,testing,07,7,0,0.0,0.0,0.0,0.0
A,R02,testing,07,8,0,0.0,0.0,0.0,0.0
A,R02,testing,07,9,0,0.0,0.0,0.0,0.0
A,R02,testing,07,10,0,0.0,0.0,0.0,0.0
A,R02,testing,07,11,0,0.0,0.0,0.0,0.0
A,R02,testing,07,12,0,0.0,0.0,0.0,0.0
A,R02,testing,07,13,0,0.0,0.0,0.0,0.0
A,R02,testing,07,14,0,0.0,0.0,0.0,0.0
A,R02,testing,07,15,0,0.0,0.0,0.0,0.0
A,R02,testing,07,16,0,0.0,0.0,0.0,0.0
A,R02,testing,07,17,0,0.0,0.0,0.0,0.0
A,R02,testing,07,18,0,0.0,0.0,0.0,0.0
A,R02,testing,07,19,0,0.0,0.0,0.0,0.0
A,R02,testing,07,20,0,0.0,0.0,0.0,0.0
A,R02,testing,07,21,0,0.0,0.0,0.0,0.0
A,R02,testing,07,22,0,0.0,0.0,0.0,0.0
A,R02,testing,07,23,0,0.0,0.0,0.0,0.0
A,R02,testing,07,24,0,0.0,0.0,0.0,0.0
A,R02,testing,07,25,0,0.0,0.0,0.0,0.0
A,R02,testing,07,26,0,0.0,0.0,0.0,0.0
A,R02,testing,07,27,0,0.0,0.0,0.0,0.0
A,R02,testing,07,28,0,0.0,0.0,0.0,0.0
A,R02,testing,07,29,0,0.0,0.0,0.0,0.0
A,R02,testing,07,30,0,0.0,0.0,0.0,0.0
A,R02,testing,07,31,0,0.0,0.0,0.0,0.0
A,R02,testing,07,32,0,0.0,0.0,0.0,0.0
A,R02,testing,07,33,0,0.0,0.0,0.0,0.0
A,R02,testing,07,34,0,0.0,0.0,0.0,0.0
A,R02,testing,07,35,0,0.0,0.0,0.0,0.0
A,R02,testing,07,36,0,0.0,0.0,0.0,0.0
A,R02,testing,07,37,0,0.0,0.0,0.0,0.0
A,R02,testing,07,38,0,0.0,0.0,0.0,0.0
A,R02,testing,07,39,0,0.0,0.0,0.0,0.0
A,R02,testing,07,40,0,0.0,0.0,0.0,0.0
A,R02,testing,07,41,0,0.0,0.0,0.0,0.0
A,R02,testing,07,42,0,0.0,0.0,0.0,0.0
A,R02,testing,07,43,0,0.0,0.0,0.0,0.0
A,R02,testing,07,44,0,0.0,0.0,0.0,0.0
A,R02,testing,07,45,0,0.0,0.0,0.0,0.0
A,R02,testing,07,46,0,0.0,0.0,0.0,0.0
A,R02,testing,07,47,0,0.0,0.0,0.0,0.0
A,R02,testing,07,48,0,0.0,0.0,0.0,0.0
A,R02,testing,07,49,0,0.0,0.0,0.0,0.0
A,R02,testing,07,50,0,0.0,0.0,0.0,0.0
A,R02,testing,07,51,0,0.0,0.0,0.0,0.0
A,R02,testing,07,52,0,0.0,0.0,0.0,0.0
A,R02,testing,07,53,0,0.0,0.0,0.0,0.0
A,R02,testing,07,54,0,0.0,0.0,0.0,0.0
A,R02,testing,07,55,0,0.0,0.0,0.0,0.0
A,R02,testing,07,56,0,0.0,0.0,0.0,0.0
A,R02,testing,07,57,0,0.0,0.0,0.0,0.0
A,R02,testing,07,58,0,0.0,0.0,0.0,0.0
A,R02,testing,07,59,0,0.0,0.0,0.0,0.0
A,R02,testing,07,60,0,0.0,0.0,0.0,0.0
A,R02,testing,07,61,0,0.0,0.0,0.0,0.0
A,R02,testing,07,62,0,0.0,0.0,0.0,0.0
A,R02,testing,07,63,0,0.0,0.0,0.0,0.0
A,R02,testing,07,64,0,0.0,0.0,0.0,0.0
A,R02,testing,07,65,0,0.0,0.0,0.0,0.0
A,R02,testing,07,66,0,0.0,0.0,0.0,0.0
A,R02,testing,07,67,0,0.0,0.0,0.0,0.0
A,R02,testing,07,68,0,0.0,0.0,0.0,0.0
A,R02,testing,07,69,0,0.0,0.0,0.0,0.0
A,R02,testing,07,70,0,0.0,0.0,0.0,0.0
A,R02,testing,07,71,0,0.0,0.0,0.0,0.0
A,R02,testing,07,72,0,0.0,0.0,0.0,0.0
A,R02,testing,07,73,0,0.0,0.0,0.0,0.0
A,R02,testing,07,74,0,0.0,0.0,0.0,0.0
A,R02,testing,07,75,0,0.0,0.0,0.0,0.0
A,R02,testing,07,76,0,0.0,0.0,0.0,0.0
A,R02,testing,07,77,0,0.0,0.0,0.0,0.0
A,R02,testing,07,78,0,0.0,0.0,0.0,0.0
A,R02,testing,07,79,0,0.0,0.0,0.0,0.0
A,R02,testing,07,80,0,0.0,0.0,0.0,0.0
A,R02,testing,07,81,0,0.0,0.0,0.0,0.0
A,R02,testing,07,82,0,0.0,0.0,0.0,0.0
A,R02,testing,07,83,0,0.0,0.0,0.0,0.0
A,R02,testing,07,84,0,0.0,0.0,0.0,0.0
A,R02,testing,07,85,0,0.0,0.0,0.0,0.0
A,R02,testing,07,86,0,0.0,0.0,0.0,0.0
A,R02,testing,07,87,0,0.0,0.0,0.0,0.0
A,R02,testing,07,88,0,0.0,0.0,0.0,0.0
A,R02,testing,07,89,0,0.0,0.0,0.0,0.0
A,R02,testing,07,90,0,0.0,0.0,0.0,0.0
A,R02,testing,07,91,0,0.0,0.0,0.0,0.0
A,R02,testing,07,92,0,0.0,0.0,0.0,0.0
A,R02,testing,07,93,0,0.0,0.0,0.0,0.0
A,R02,testing,07,94,0,0.0,0.0,0.0,0.0
A,R02,testing,07,95,0,0.0,0.0,0.0,0.0
A,R02,testing,07,96,0,0.0,0.0,0.0,0.0
A,R02,testing,07,97,0,0.0,0.0,0.0,0.0
A,R02,testing,07,98,0,0.0,0.0,0.0,0.0
A,R02,testing,07,99,0,0.0,0.0,0.0,0.0
A,R02,testing,07,100,0,0.0,0.0,0.0,0.0
A,R02,testing,07,101,0,0.0,0.0,0.0,0.0
A,R02,testing,07,102,0,0.0,0.0,0.0,0.0
A,R02,testing,07,103,0,0.0,0.0,0.0,0.0
A,R02,testing,07,104,0,0.0,0.0,0.0,0.0
A,R02,testing,07,105,0,0.0,0.0,0.0,0.0
A,R02,testing,07,106,0,0.0,0.0,0.0,0.0
A,R02,testing,07,107,0,0.0,0.0,0.0,0.0
A,R02,testing,07,108,0,0.0,0.0,0.0,0.0
A,R02,testing,07,109,0,0.0,0.0,0.0,0.0
A,R02,testing,07,110,0,0.0,0.0,0.0,0.0
A,R02,testing,07,111,0,0.0,0.0,0.0,0.0
A,R02,testing,07,112,0,0.0,0.0,0.0,0.0
A,R02,testing,07,113,0,0.0,0.0,0.0,0.0
A,R02,testing,07,114,0,0.0,0.0,0.0,0.0
A,R02,testing,07,115,0,0.0,0.0,0.0,0.0
A,R02,testing,07,116,0,0.0,0.0,0.0,0.0
A,R02,testing,07,117,0,0.0,0.0,0.0,0.0
A,R02,testing,07,118,0,0.0,0.0,0.0,0.0
A,R02,testing,07,119,0,0.0,0.0,0.0,0.0
A,R02,testing,07,120,0,0.0,0.0,0.0,0.0
A,R02,testing,07,121,0,0.0,0.0,0.0,0.0
A,R02,testing,07,122,0,0.0,0.0,0.0,0.0
A,R02,testing,07,123,0,0.0,0.0,0.0,0.0
A,R02,testing,07,124,0,0.0,0.0,0.0,0.0
A,R02,testing,07,125,0,0.0,0.0,0.0,0.0
A,R02,testing,07,126,0,0.0,0.0,0.0,0.0
A,R02,testing,07,127,0,0.0,0.0,0.0,0.0
A,R02,testing,07,128,0,0.0,0.0,0.0,0.0
A,R02,testing,07,129,0,0.0,0.0,0.0,0.0
A,R02,testing,07,130,0,0.0,0.0,0.0,0.0
A,R02,testing,07,131,0,0.0,0.0,0.0,0.0
A,R02,testing,07,132,0,0.0,0.0,0.0,0.0
A,R02,testing,07,133,0,0.0,0.0,0.0,0.0
A,R02,testing,07,134,0,0.0,0.0,0.0,0.0
A,R02,testing,07,135,0,0.0,0.0,0.0,0.0
A,R02,testing,07,136,0,0.0,0.0,0.0,0.0
A,R02,testing,07,137,0,0.0,0.0,0.0,0.0
A,R02,testing,07,138,0,0.0,0.0,0.0,0.0
A,R02,testing,07,139,0,0.0,0.0,0.0,0.0
A,R02,testing,07,140,0,0.0,0.0,0.0,0.0
A,R02,testing,07,141,0,0.0,0.0,0.0,0.0
A,R02,testing,07,142,0,0.0,0.0,0.0,0.0
A,R02,testing,07,143,0,0.0,0.0,0.0,0.0
A,R02,testing,07,144,0,0.0,0.0,0.0,0.0
A,R02,testing,07,145,0,0.0,0.0,0.0,0.0
A,R02,testing,07,146,0,0.0,0.0,0.0,0.0
A,R02,testing,07,147,0,0.0,0.0,0.0,0.0
A,R02,testing,07,148,0,0.0,0.0,0.0,0.0
A,R02,testing,07,149,0,0.0,0.0,0.0,0.0
A,R02,testing,07,150,0,0.0,0.0,0.0,0.0
A,R02,testing,07,151,0,0.0,0.0,0.0,0.0
A,R02,testing,07,152,0,0.0,0.0,0.0,0.0
A,R02,testing,07,153,0,0.0,0.0,0.0,0.0
A,R02,testing,07,154,0,0.0,0.0,0.0,0.0
A,R02,testing,07,155,0,0.0,0.0,0.0,0.0
A,R02,testing,07,156,0,0.0,0.0,0.0,0.0
A,R02,testing,07,157,0,0.0,0.0,0.0,0.0
A,R02,testing,07,158,0,0.0,0.0,0.0,0.0
A,R02,testing,07,159,0,0.0,0.0,0.0,0.0
A,R02,testing,07,160,0,0.0,0.0,0.0,0.0
A,R02,testing,07,161,0,0.0,0.0,0.0,0.0
A,R02,testing,07,162,0,0.0,0.0,0.0,0.0
A,R02,testing,07,163,0,0.0,0.0,0.0,0.0
A,R02,testing,07,164,0,0.0,0.0,0.0,0.0
A,R02,testing,07,165,0,0.0,0.0,0.0,0.0
A,R02,testing,07,166,0,0.0,0.0,0.0,0.0
A,R02,testing,07,167,0,0.0,0.0,0.0,0.0
A,R02,testing,07,168,0,0.0,0.0,0.0,0.0
A,R02,testing,07,169,0,0.0,0.0,0.0,0.0
A,R02,testing,07,170,0,0.0,0.0,0.0,0.0
A,R02,testing,07,171,0,0.0,0.0,0.0,0.0
A,R02,testing,07,172,0,0.0,0.0,0.0,0.0
A,R02,testing,07,173,0,0.0,0.0,0.0,0.0
A,R02,testing,07,174,0,0.0,0.0,0.0,0.0
A,R02,testing,07,175,0,0.0,0.0,0.0,0.0
A,R02,testing,07,176,0,0.0,0.0,0.0,0.0
A,R02,testing,07,177,0,0.0,0.0,0.0,0.0
A,R02,testing,07,178,0,0.0,0.0,0.0,0.0
A,R02,testing,07,179,0,0.0,0.0,0.0,0.0
A,R02,testing,07,180,0,0.0,0.0,0.0,0.0
A,R02,testing,07,181,0,0.0,0.0,0.0,0.0
A,R02,testing,07,182,0,0.0,0.0,0.0,0.0
A,R02,testing,07,183,0,0.0,0.0,0.0,0.0
A,R02,testing,07,184,0,0.0,0.0,0.0,0.0
A,R02,testing,07,185,0,0.0,0.0,0.0,0.0
A,R02,testing,07,186,0,0.0,0.0,0.0,0.0
A,R02,testing,07,187,0,0.0,0.0,0.0,0.0
A,R02,testing,07,188,0,0.0,0.0,0.0,0.0
A,R02,testing,07,189,0,0.0,0.0,0.0,0.0
A,R02,testing,07,190,0,0.0,0.0,0.0,0.0
A,R02,testing,07,191,0,0.0,0.0,0.0,0.0
A,R02,testing,07,192,0,0.0,0.0,0.0,0.0
A,R02,testing,07,193,0,0.0,0.0,0.0,0.0
A,R02,testing,07,194,0,0.0,0.0,0.0,0.0
A,R02,testing,07,195,0,0.0,0.0,0.0,0.0
A,R02,testing,07,196,0,0.0,0.0,0.0,0.0
A,R02,testing,07,197,0,0.0,0.0,0.0,0.0
A,R02,testing,07,198,0,0.0,0.0,0.0,0.0
A,R02,testing,07,199,0,0.0,0.0,0.0,0.0
A,R02,testing,07,200,0,0.0,0.0,0.0,0.0
A,R02,testing,07,201,0,0.0,0.0,0.0,0.0
A,R02,testing,07,202,0,0.0,0.0,0.0,0.0
A,R02,testing,07,203,0,0.0,0.0,0.0,0.0
A,R02,testing,07,204,0,0.0,0.0,0.0,0.0
A,R02,testing,07,205,0,0.0,0.0,0.0,0.0
A,R02,testing,07,206,0,0.0,0.0,0.0,0.0
A,R02,testing,07,207,0,0.0,0.0,0.0,0.0
A,R02,testing,07,208,0,0.0,0.0,0.0,0.0
A,R02,testing,07,209,0,0.0,0.0,0.0,0.0
A,R02,testing,07,210,0,0.0,0.0,0.0,0.0
A,R02,testing,07,211,0,0.0,0.0,0.0,0.0
A,R02,testing,07,212,0,0.0,0.0,0.0,0.0
A,R02,testing,07,213,0,0.0,0.0,0.0,0.0
A,R02,testing,07,214,0,0.0,0.0,0.0,0.0
A,R02,testing,07,215,0,0.0,0.0,0.0,0.0
A,R02,testing,07,216,0,0.0,0.0,0.0,0.0
A,R02,testing,07,217,0,0.0,0.0,0.0,0.0
A,R02,testing,07,218,0,0.0,0.0,0.0,0.0
A,R02,testing,07,219,0,0.0,0.0,0.0,0.0
A,R02,testing,07,220,1,0.0,0.0,0.0,0.0
A,R02,testing,07,221,1,0.0,0.0,0.0,0.0
A,R02,testing,07,222,1,0.0,0.0,0.0,0.0
A,R02,testing,07,223,1,0.0,0.0,0.0,0.0
A,R02,testing,07,224,1,0.0,0.0,0.0,0.0
A,R02,testing,07,225,1,0.0,0.0,0.0,0.0
A,R02,testing,07,226,1,0.0,0.0,0.0,0.0
A,R02,testing,07,227,1,0.0,0.0,0.0,0.0
A,R02,testing,07,228,1,0.0,0.0,0.0,0.0
A,R02,testing,07,229,1,0.0,0.0,0.0,0.0
A,R02,testing,07,230,1,0.0,0.0,0.0,0.0
A,R02,testing,07,231,1,0.0,0.0,0.0,0.0
A,R02,testing,07,232,1,0.0,0.0,0.0,0.0
A,R02,testing,07,233,1,0.0,0.0,0.0,0.0
A,R02,testing,07,234,1,0.0,0.0,0.0,0.0
A,R02,testing,07,235,1,0.0,0.0,0.0,0.0
A,R02,testing,07,236,1,0.0,0.0,0.0,0.0
A,R02,testing,07,237,1,0.0,0.0,0.0,0.0
A,R02,testing,07,238,1,0.0,0.0,0.0,0.0
A,R02,testing,07,239,1,0.0,0.0,0.0,0.0
A,R02,testing,07,240,1,0.0,0.0,0.0,0.0
A,R02,testing,07,241,1,0.0,0.0,0.0,0.0
A,R02,testing,07,242,1,0.0,0.0,0.0,0.0
A,R02,testing,07,243,1,0.0,0.0,0.0,0.0
A,R02,testing,07,244,1,0.0,0.0,0.0,0.0
A,R02,testing,07,245,1,0.0,0.0,0.0,0.0
A,R02,testing,07,246,1,0.0,0.0,0.0,0.0
A,R02,testing,07,247,1,0.0,0.0,0.0,0.0
A,R02,testing,07,248,1,0.0,0.0,0.0,0.0
A,R02,testing,07,249,1,0.0,0.0,0.0,0.0
A,R02,testing,07,250,1,0.0,0.0,0.0,0.0
A,R02,testing,07,251,1,0.0,0.0,0.0,0.0
A,R02,testing,07,252,1,0.0,0.0,0.0,0.0
A,R02,testing,07,253,1,0.0,0.0,0.0,0.0
A,R02,testing,07,254,1,0.0,0.0,0.0,0.0
A,R02,testing,07,255,1,0.0,0.0,0.0,0.0
A,R02,testing,07,256,1,0.0,0.0,0.0,0.0
A,R02,testing,07,257,1,0.0,0.0,0.0,0.0
A,R02,testing,07,258,1,0.0,0.0,0.0,0.0
A,R02,testing,07,259,1,0.0,0.0,0.0,0.0
A,R02,testing,07,260,1,0.0,0.0,0.0,0.0
A,R02,testing,07,261,1,0.0,0.0,0.0,0.0
A,R02,testing,07,262,1,0.0,0.0,0.0,0.0
A,R02,testing,07,263,1,0.0,0.0,0.0,0.0
A,R02,testing,07,264,1,0.0,0.0,0.0,0.0
A,R02,testing,07,265,1,0.0,0.0,0.0,0.0
A,R02,testing,07,266,1,0.0,0.0,0.0,0.0
A,R02,testing,07,267,1,0.0,0.0,0.0,0.0
A,R02,testing,07,268,1,0.0,0.0,0.0,0.0
A,R02,testing,07,269,1,0.0,0.0,0.0,0.0
A,R02,testing,07,270,1,0.0,0.0,0.0,0.0
A,R02,testing,07,271,1,0.0,0.0,0.0,0.0
A,R02,testing,07,272,1,0.0,0.0,0.0,0.0
A,R02,testing,07,273,1,0.0,0.0,0.0,0.0
A,R02,testing,07,274,1,0.0,0.0,0.0,0.0
A,R02,testing,07,275,1,0.0,0.0,0.0,0.0
A,R02,testing,07,276,1,0.0,0.0,0.0,0.0
A,R02,testing,07,277,1,0.0,0.0,0.0,0.0
A,R02,testing,07,278,1,0.0,0.0,0.0,0.0
A,R02,testing,07,279,1,0.0,0.0,0.0,0.0
A,R02,testing,07,280,1,0.0,0.0,0.0,0.0
A,R02,testing,07,281,1,0.0,0.0,0.0,0.0
A,R02,testing,07,282,1,0.0,0.0,0.0,0.0
A,R02,testing,07,283,1,0.0,0.0,0.0,0.0
A,R02,testing,07,284,1,0.0,0.0,0.0,0.0
A,R02,testing,07,285,1,0.0,0.0,0.0,0.0
A,R02,testing,07,286,1,0.0,0.0,0.0,0.0
A,R02,testing,07,287,1,0.0,0.0,0.0,0.0
A,R02,testing,07,288,1,0.0,0.0,0.0,0.0
A,R02,testing,07,289,1,0.0,0.0,0.0,0.0
A,R02,testing,07,290,1,0.0,0.0,0.0,0.0
A,R02,testing,07,291,1,0.0,0.0,0.0,0.0
A,R02,testing,07,292,1,0.0,0.0,0.0,0.0
A,R02,testing,07,293,1,0.0,0.0,0.0,0.0
A,R02,testing,07,294,1,0.0,0.0,0.0,0.0
A,R02,testing,07,295,1,0.0,0.0,0.0,0.0
A,R02,testing,07,296,1,0.0,0.0,0.0,0.0
A,R02,testing,07,297,1,0.0,0.0,0.0,0.0
A,R02,testing,07,298,1,0.0,0.0,0.0,0.0
A,R02,testing,07,299,1,0.0,0.0,0.0,0.0
A,R02,testing,07,300,1,0.0,0.0,0.0,0.0
A,R02,testing,07,301,1,0.0,0.0,0.0,0.0
A,R02,testing,07,302,1,0.0,0.0,0.0,0.0
A,R02,testing,07,303,1,0.0,0.0,0.0,0.0
A,R02,testing,07,304,1,0.0,0.0,0.0,0.0
A,R02,testing,07,305,1,0.0,0.0,0.0,0.0
A,R02,testing,07,306,1,0.0,0.0,0.0,0.0
A,R02,testing,07,307,1,0.0,0.0,0.0,0.0
A,R02,testing,07,308,1,0.0,0.0,0.0,0.0
A,R02,testing,07,309,1,0.0,0.0,0.0,0.0
A,R02,testing,07,310,1,0.0,0.0,0.0,0.0
A,R02,testing,07,311,1,0.0,0.0,0.0,0.0
A,R02,testing,07,312,1,0.0,0.0,0.0,0.0
A,R02,testing,07,313,1,0.0,0.0,0.0,0.0
A,R02,testing,07,314,1,0.0,0.0,0.0,0.0
A,R02,testing,07,315,1,0.0,0.0,0.0,0.0
A,R02,testing,07,316,1,0.0,0.0,0.0,0.0
A,R02,testing,07,317,1,0.0,0.0,0.0,0.0
A,R02,testing,07,318,1,0.0,0.0,0.0,0.0
A,R02,testing,07,319,1,0.0,0.0,0.0,0.0
A,R02,testing,07,320,1,0.0,0.0,0.0,0.0
A,R02,testing,07,321,1,0.0,0.0,0.0,0.0
A,R02,testing,07,322,1,0.0,0.0,0.0,0.0
A,R02,testing,07,323,1,0.0,0.0,0.0,0.0
A,R02,testing,07,324,1,0.0,0.0,0.0,0.0
A,R02,testing,07,325,1,0.0,0.0,0.0,0.0
A,R02,testing,07,326,1,0.0,0.0,0.0,0.0
A,R02,testing,07,327,1,0.0,0.0,0.0,0.0
A,R02,testing,07,328,1,0.0,0.0,0.0,0.0
A,R02,testing,07,329,1,0.0,0.0,0.0,0.0
A,R02,testing,07,330,1,0.0,0.0,0.0,0.0
A,R02,testing,07,331,1,0.0,0.0,0.0,0.0
A,R02,testing,07,332,1,0.0,0.0,0.0,0.0
A,R02,testing,07,333,1,0.0,0.0,0.0,0.0
A,R02,testing,07,334,0,0.0,0.0,0.0,0.0
A,R02,testing,07,335,0,0.0,0.0,0.0,0.0
A,R02,testing,07,336,0,0.0,0.0,0.0,0.0
A,R02,testing,07,337,0,0.0,0.0,0.0,0.0
A,R02,testing,07,338,0,0.0,0.0,0.0,0.0
A,R02,testing,07,339,0,0.0,0.0,0.0,0.0
A,R02,testing,07,340,0,0.0,0.0,0.0,0.0
A,R02,testing,07,341,0,0.0,0.0,0.0,0.0
A,R02,testing,07,342,0,0.0,0.0,0.0,0.0
A,R02,testing,07,343,0,0.0,0.0,0.0,0.0
A,R02,testing,07,344,0,0.0,0.0,0.0,0.0
A,R02,testing,07,345,0,0.0,0.0,0.0,0.0
A,R02,testing,07,346,0,0.0,0.0,0.0,0.0
A,R02,testing,07,347,0,0.0,0.0,0.0,0.0
A,R02,testing,07,348,0,0.0,0.0,0.0,0.0
A,R02,testing,07,349,0,0.0,0.0,0.0,0.0
A,R02,testing,07,350,0,0.0,0.0,0.0,0.0
A,R02,testing,07,351,0,0.0,0.0,0.0,0.0
A,R02,testing,07,352,0,0.0,0.0,0.0,0.0
A,R02,testing,07,353,0,0.0,0.0,0.0,0.0
A,R02,testing,07,354,0,0.0,0.0,0.0,0.0
A,R02,testing,07,355,0,0.0,0.0,0.0,0.0
A,R02,testing,07,356,0,0.0,0.0,0.0,0.0
A,R02,testing,07,357,0,0.0,0.0,0.0,0.0
A,R02,testing,07,358,0,0.0,0.0,0.0,0.0
A,R02,testing,07,359,0,0.0,0.0,0.0,0.0
A,R02,testing,07,360,0,0.0,0.0,0.0,0.0
A,R02,testing,07,361,0,0.0,0.0,0.0,0.0
A,R02,testing,07,362,0,0.0,0.0,0.0,0.0
A,R02,testing,07,363,0,0.0,0.0,0.0,0.0
A,R02,testing,07,364,0,0.0,0.0,0.0,0.0
A,R02,testing,07,365,0,0.0,0.0,0.0,0.0
A,R02,testing,07,366,0,0.0,0.0,0.0,0.0
A,R02,testing,07,367,0,0.0,0.0,0.0,0.0
A,R02,testing,07,368,0,0.0,0.0,0.0,0.0
A,R02,testing,07,369,0,0.0,0.0,0.0,0.0
A,R02,testing,07,370,0,0.0,0.0,0.0,0.0
A,R02,testing,07,371,0,0.0,0.0,0.0,0.0
A,R02,testing,07,372,0,0.0,0.0,0.0,0.0
A,R02,testing,07,373,0,0.0,0.0,0.0,0.0
A,R02,testing,07,374,0,0.0,0.0,0.0,0.0
A,R02,testing,07,375,0,0.0,0.0,0.0,0.0
A,R02,testing,07,376,0,0.0,0.0,0.0,0.0
A,R02,testing,07,377,0,0.0,0.0,0.0,0.0
A,R02,testing,07,378,0,0.0,0.0,0.0,0.0
A,R02,testing,07,379,0,0.0,0.0,0.0,0.0
A,R02,testing,07,380,0,0.0,0.0,0.0,0.0
A,R02,testing,07,381,0,0.0,0.0,0.0,0.0
A,R02,testing,07,382,0,0.0,0.0,0.0,0.0
A,R02,testing,07,383,0,0.0,0.0,0.0,0.0
A,R02,testing,07,384,0,0.0,0.0,0.0,0.0
A,R02,testing,07,385,0,0.0,0.0,0.0,0.0
A,R02,testing,07,386,0,0.0,0.0,0.0,0.0
A,R02,testing,07,387,0,0.0,0.0,0.0,0.0
A,R02,testing,07,388,0,0.0,0.0,0.0,0.0
A,R02,testing,07,389,0,0.0,0.0,0.0,0.0
A,R02,testing,07,390,0,0.0,0.0,0.0,0.0
A,R02,testing,07,391,0,0.0,0.0,0.0,0.0
A,R02,testing,07,392,0,0.0,0.0,0.0,0.0
A,R02,testing,07,393,0,0.0,0.0,0.0,0.0
A,R02,testing,07,394,0,0.0,0.0,0.0,0.0
A,R02,testing,07,395,0,0.0,0.0,0.0,0.0
A,R02,testing,07,396,0,0.0,0.0,0.0,0.0
A,R02,testing,07,397,0,0.0,0.0,0.0,0.0
A,R02,testing,07,398,0,0.0,0.0,0.0,0.0
A,R02,testing,07,399,0,0.0,0.0,0.0,0.0
A,R02,testing,07,400,0,0.0,0.0,0.0,0.0
A,R02,testing,07,401,0,0.0,0.0,0.0,0.0
A,R02,testing,07,402,0,0.0,0.0,0.0,0.0
A,R02,testing,07,403,0,0.0,0.0,0.0,0.0
A,R02,testing,07,404,0,0.0,0.0,0.0,0.0
A,R02,testing,07,405,0,0.0,0.0,0.0,0.0
A,R02,testing,07,406,0,0.0,0.0,0.0,0.0
A,R02,testing,07,407,0,0.0,0.0,0.0,0.0
A,R02,testing,07,408,0,0.0,0.0,0.0,0.0
A,R02,testing,07,409,0,0.0,0.0,0.0,0.0
A,R02,testing,07,410,0,0.0,0.0,0.0,0.0
A,R02,testing,07,411,0,0.0,0.0,0.0,0.0
A,R02,testing,07,412,0,0.0,0.0,0.0,0.0
A,R02,testing,07,413,0,0.0,0.0,0.0,0.0
A,R02,testing,07,414,0,0.0,0.0,0.0,0.0
A,R02,testing,07,415,0,0.0,0.0,0.0,0.0
A,R02,testing,07,416,0,0.0,0.0,0.0,0.0
A,R02,testing,07,417,0,0.0,0.0,0.0,0.0
A,R02,testing,07,418,0,0.0,0.0,0.0,0.0
A,R02,testing,07,419,0,0.0,0.0,0.0,0.0
A,R02,testing,07,420,0,0.0,0.0,0.0,0.0
A,R02,testing,07,421,0,0.0,0.0,0.0,0.0
A,R02,testing,07,422,0,0.0,0.0,0.0,0.0
A,R02,testing,07,423,0,0.0,0.0,0.0,0.0
A,R02,testing,07,424,0,0.0,0.0,0.0,0.0
A,R02,testing,07,425,0,0.0,0.0,0.0,0.0
A,R02,testing,07,426,0,0.0,0.0,0.0,0.0
A,R02,testing,07,427,0,0.0,0.0,0.0,0.0
A,R02,testing,07,428,0,0.0,0.0,0.0,0.0
A,R02,testing,07,429,0,0.0,0.0,0.0,0.0
A,R02,testing,07,430,0,0.0,0.0,0.0,0.0
A,R02,testing,07,431,0,0.0,0.0,0.0,0.0
A,R02,testing,07,432,0,0.0,0.0,0.0,0.0
A,R02,testing,07,433,0,0.0,0.0,0.0,0.0
A,R02,testing,07,434,0,0.0,0.0,0.0,0.0
A,R02,testing,07,435,0,0.0,0.0,0.0,0.0
A,R02,testing,07,436,0,0.0,0.0,0.0,0.0
A,R02,testing,07,437,0,0.0,0.0,0.0,0.0
A,R02,testing,07,438,0,0.0,0.0,0.0,0.0
A,R02,testing,07,439,0,0.0,0.0,0.0,0.0
A,R02,testing,07,440,0,0.0,0.0,0.0,0.0
A,R02,testing,07,441,0,0.0,0.0,0.0,0.0
A,R02,testing,07,442,0,0.0,0.0,0.0,0.0
A,R02,testing,07,443,0,0.0,0.0,0.0,0.0
A,R02,testing,07,444,0,0.0,0.0,0.0,0.0
A,R02,testing,07,445,0,0.0,0.0,0.0,0.0
A,R02,testing,07,446,0,0.0,0.0,0.0,0.0
A,R02,testing,07,447,0,0.0,0.0,0.0,0.0
A,R02,testing,07,448,0,0.0,0.0,0.0,0.0
A,R02,testing,07,449,0,0.0,0.0,0.0,0.0
A,R02,testing,07,450,0,0.0,0.0,0.0,0.0
A,R02,testing,07,451,0,0.0,0.0,0.0,0.0
A,R02,testing,07,452,0,0.0,0.0,0.0,0.0
A,R02,testing,07,453,0,0.0,0.0,0.0,0.0
A,R02,testing,07,454,0,0.0,0.0,0.0,0.0
A,R02,testing,07,455,0,0.0,0.0,0.0,0.0
A,R02,testing,07,456,0,0.0,0.0,0.0,0.0
A,R02,testing,07,457,0,0.0,0.0,0.0,0.0
A,R02,testing,07,458,0,0.0,0.0,0.0,0.0
A,R02,testing,07,459,0,0.0,0.0,0.0,0.0
A,R02,testing,07,460,0,0.0,0.0,0.0,0.0
A,R02,testing,07,461,0,0.0,0.0,0.0,0.0
A,R02,testing,07,462,0,0.0,0.0,0.0,0.0
A,R02,testing,07,463,0,0.0,0.0,0.0,0.0
A,R02,testing,07,464,0,0.0,0.0,0.0,0.0
A,R02,testing,07,465,0,0.0,0.0,0.0,0.0
A,R02,testing,07,466,0,0.0,0.0,0.0,0.0
A,R02,testing,07,467,0,0.0,0.0,0.0,0.0
A,R02,testing,07,468,0,0.0,0.0,0.0,0.0
A,R02,testing,07,469,0,0.0,0.0,0.0,0.0
A,R02,testing,07,470,0,0.0,0.0,0.0,0.0
A,R02,testing,07,471,0,0.0,0.0,0.0,0.0
A,R02,testing,07,472,0,0.0,0.0,0.0,0.0
A,R02,testing,07,473,0,0.0,0.0,0.0,0.0
A,R02,testing,07,474,0,0.0,0.0,0.0,0.0
A,R02,testing,07,475,0,0.0,0.0,0.0,0.0
A,R02,testing,07,476,0,0.0,0.0,0.0,0.0
A,R02,testing,07,477,0,0.0,0.0,0.0,0.0
A,R02,testing,07,478,0,0.0,0.0,0.0,0.0
A,R02,testing,07,479,0,0.0,0.0,0.0,0.0
A,R02,testing,07,480,0,0.0,0.0,0.0,0.0
A,R02,testing,07,481,0,0.0,0.0,0.0,0.0
A,R02,testing,07,482,0,0.0,0.0,0.0,0.0
A,R02,testing,07,483,0,0.0,0.0,0.0,0.0
A,R02,testing,07,484,0,0.0,0.0,0.0,0.0
A,R02,testing,07,485,0,0.0,0.0,0.0,0.0
A,R02,testing,07,486,0,0.0,0.0,0.0,0.0
A,R02,testing,07,487,0,0.0,0.0,0.0,0.0
A,R02,testing,07,488,0,0.0,0.0,0.0,0.0
A,R02,testing,07,489,0,0.0,0.0,0.0,0.0
A,R02,testing,07,490,0,0.0,0.0,0.0,0.0
A,R02,testing,07,491,0,0.0,0.0,0.0,0.0
A,R02,testing,07,492,0,0.0,0.0,0.0,0.0
A,R02,testing,07,493,0,0.0,0.0,0.0,0.0
A,R02,testing,07,494,0,0.0,0.0,0.0,0.0
A,R02,testing,07,495,0,0.0,0.0,0.0,0.0
A,R02,testing,07,496,0,0.0,0.0,0.0,0.0
A,R02,testing,07,497,0,0.0,0.0,0.0,0.0
A,R02,testing,07,498,0,0.0,0.0,0.0,0.0
A,R02,testing,07,499,0,0.0,0.0,0.0,0.0
A,R02,testing,07,500,0,0.0,0.0,0.0,0.0
A,R02,testing,07,501,0,0.0,0.0,0.0,0.0
A,R02,testing,07,502,0,0.0,0.0,0.0,0.0
A,R02,testing,07,503,0,0.0,0.0,0.0,0.0
A,R02,testing,07,504,0,0.0,0.0,0.0,0.0
A,R02,testing,07,505,0,0.0,0.0,0.0,0.0
A,R02,testing,07,506,0,0.0,0.0,0.0,0.0
A,R02,testing,07,507,0,0.0,0.0,0.0,0.0
A,R02,testing,07,508,0,0.0,0.0,0.0,0.0
A,R02,testing,07,509,0,0.0,0.0,0.0,0.0
A,R02,testing,07,510,0,0.0,0.0,0.0,0.0
A,R02,testing,07,511,0,0.0,0.0,0.0,0.0
A,R02,testing,07,512,0,0.0,0.0,0.0,0.0
A,R02,testing,07,513,0,0.0,0.0,0.0,0.0
A,R02,testing,07,514,0,0.0,0.0,0.0,0.0
A,R02,testing,07,515,0,0.0,0.0,0.0,0.0
A,R02,testing,07,516,0,0.0,0.0,0.0,0.0
A,R02,testing,07,517,0,0.0,0.0,0.0,0.0
A,R02,testing,07,518,0,0.0,0.0,0.0,0.0
A,R02,testing,07,519,0,0.0,0.0,0.0,0.0
A,R02,testing,07,520,0,0.0,0.0,0.0,0.0
A,R02,testing,07,521,0,0.0,0.0,0.0,0.0
A,R02,testing,07,522,0,0.0,0.0,0.0,0.0
A,R02,testing,07,523,0,0.0,0.0,0.0,0.0
A,R02,testing,07,524,0,0.0,0.0,0.0,0.0
A,R02,testing,07,525,0,0.0,0.0,0.0,0.0
A,R02,testing,07,526,0,0.0,0.0,0.0,0.0
A,R02,testing,07,527,0,0.0,0.0,0.0,0.0
A,R02,testing,07,528,0,0.0,0.0,0.0,0.0
A,R02,testing,07,529,0,0.0,0.0,0.0,0.0
A,R02,testing,07,530,0,0.0,0.0,0.0,0.0
A,R02,testing,07,531,0,0.0,0.0,0.0,0.0
A,R02,testing,07,532,0,0.0,0.0,0.0,0.0
A,R02,testing,07,533,0,0.0,0.0,0.0,0.0
A,R02,testing,07,534,0,0.0,0.0,0.0,0.0
A,R02,testing,07,535,0,0.0,0.0,0.0,0.0
B,R02,testing,07,0,0,0.0,0.0,0.0,0.0
B,R02,testing,07,1,0,0.0,0.0,0.0,0.0
B,R02,testing,07,2,0,0.0,0.0,0.0,0.0
B,R02,testing,07,3,0,0.0,0.0,0.0,0.0
B,R02,testing,07,4,0,0.0,0.0,0.0,0.0
B,R02,testing,07,5,0,0.0,0.0,0.0,0.0
B,R02,testing,07,6,0,0.0,0.0,0.0,0.0
B,R02,testing,07,7,0,0.0,0.0,0.0,0.0
B,R02,testing,07,8,0,0.0,0.0,0.0,0.0
B,R02,testing,07,9,0,0.0,0.0,0.0,0.0
B,R02,testing,07,10,0,0.0,0.0,0.0,0.0
B,R02,testing,07,11,0,0.0,0.0,0.0,0.0
B,R02,testing,07,12,0,0.0,0.0,0.0,0.0
B,R02,testing,07,13,0,0.0,0.0,0.0,0.0
B,R02,testing,07,14,0,0.0,0.0,0.0,0.0
B,R02,testing,07,15,0,0.0,0.0,0.0,0.0
B,R02,testing,07,16,0,0.0,0.0,0.0,0.0
B,R02,testing,07,17,0,0.0,0.0,0.0,0.0
B,R02,testing,07,18,0,0.0,0.0,0.0,0.0
B,R02,testing,07,19,0,0.0,0.0,0.0,0.0
B,R02,testing,07,20,0,0.0,0.0,0.0,0.0
B,R02,testing,07,21,0,0.0,0.0,0.0,0.0
B,R02,testing,07,22,0,0.0,0.0,0.0,0.0
B,R02,testing,07,23,0,0.0,0.0,0.0,0.0
B,R02,testing,07,24,0,0.0,0.0,0.0,0.0
B,R02,testing,07,25,0,0.0,0.0,0.0,0.0
B,R02,testing,07,26,0,0.0,0.0,0.0,0.0
B,R02,testing,07,27,0,0.0,0.0,0.0,0.0
B,R02,testing,07,28,0,0.0,0.0,0.0,0.0
B,R02,testing,07,29,0,0.0,0.0,0.0,0.0
B,R02,testing,07,30,0,0.0,0.0,0.0,0.0
B,R02,testing,07,31,0,0.0,0.0,0.0,0.0
B,R02,testing,07,32,0,0.0,0.0,0.0,0.0
B,R02,testing,07,33,0,0.0,0.0,0.0,0.0
B,R02,testing,07,34,0,0.0,0.0,0.0,0.0
B,R02,testing,07,35,0,0.0,0.0,0.0,0.0
B,R02,testing,07,36,0,0.0,0.0,0.0,0.0
B,R02,testing,07,37,0,0.0,0.0,0.0,0.0
B,R02,testing,07,38,0,0.0,0.0,0.0,0.0
B,R02,testing,07,39,0,0.0,0.0,0.0,0.0
B,R02,testing,07,40,0,0.0,0.0,0.0,0.0
B,R02,testing,07,41,0,0.0,0.0,0.0,0.0
B,R02,testing,07,42,0,0.0,0.0,0.0,0.0
B,R02,testing,07,43,0,0.0,0.0,0.0,0.0
B,R02,testing,07,44,0,0.0,0.0,0.0,0.0
B,R02,testing,07,45,0,0.0,0.0,0.0,0.0
B,R02,testing,07,46,0,0.0,0.0,0.0,0.0
B,R02,testing,07,47,0,0.0,0.0,0.0,0.0
B,R02,testing,07,48,0,0.0,0.0,0.0,0.0
B,R02,testing,07,49,0,0.0,0.0,0.0,0.0
B,R02,testing,07,50,0,0.0,0.0,0.0,0.0
B,R02,testing,07,51,0,0.0,0.0,0.0,0.0
B,R02,testing,07,52,0,0.0,0.0,0.0,0.0
B,R02,testing,07,53,0,0.0,0.0,0.0,0.0
B,R02,testing,07,54,0,0.0,0.0,0.0,0.0
B,R02,testing,07,55,0,0.0,0.0,0.0,0.0
B,R02,testing,07,56,0,0.0,0.0,0.0,0.0
B,R02,testing,07,57,0,0.0,0.0,0.0,0.0
B,R02,testing,07,58,0,0.0,0.0,0.0,0.0
B,R02,testing,07,59,0,0.0,0.0,0.0,0.0
B,R02,testing,07,60,0,0.0,0.0,0.0,0.0
B,R02,testing,07,61,0,0.0,0.0,0.0,0.0
B,R02,testing,07,62,0,0.0,0.0,0.0,0.0
B,R02,testing,07,63,0,0.0,0.0,0.0,0.0
B,R02,testing,07,64,0,0.0,0.0,0.0,0.0
B,R02,testing,07,65,0,0.0,0.0,0.0,0.0
B,R02,testing,07,66,0,0.0,0.0,0.0,0.0
B,R02,testing,07,67,0,0.0,0.0,0.0,0.0
B,R02,testing,07,68,0,0.0,0.0,0.0,0.0
B,R02,testing,07,69,0,0.0,0.0,0.0,0.0
B,R02,testing,07,70,0,0.0,0.0,0.0,0.0
B,R02,testing,07,71,0,0.0,0.0,0.0,0.0
B,R02,testing,07,72,0,0.0,0.0,0.0,0.0
B,R02,testing,07,73,0,0.0,0.0,0.0,0.0
B,R02,testing,07,74,0,0.0,0.0,0.0,0.0
B,R02,testing,07,75,0,0.0,0.0,0.0,0.0
B,R02,testing,07,76,0,0.0,0.0,0.0,0.0
B,R02,testing,07,77,0,0.0,0.0,0.0,0.0
B,R02,testing,07,78,0,0.0,0.0,0.0,0.0
B,R02,testing,07,79,0,0.0,0.0,0.0,0.0
B,R02,testing,07,80,0,0.0,0.0,0.0,0.0
B,R02,testing,07,81,0,0.0,0.0,0.0,0.0
B,R02,testing,07,82,0,0.0,0.0,0.0,0.0
B,R02,testing,07,83,0,0.0,0.0,0.0,0.0
B,R02,testing,07,84,0,0.0,0.0,0.0,0.0
B,R02,testing,07,85,0,0.0,0.0,0.0,0.0
B,R02,testing,07,86,0,0.0,0.0,0.0,0.0
B,R02,testing,07,87,0,0.0,0.0,0.0,0.0
B,R02,testing,07,88,0,0.0,0.0,0.0,0.0
B,R02,testing,07,89,0,0.0,0.0,0.0,0.0
B,R02,testing,07,90,0,0.0,0.0,0.0,0.0
B,R02,testing,07,91,0,0.0,0.0,0.0,0.0
B,R02,testing,07,92,0,0.0,0.0,0.0,0.0
B,R02,testing,07,93,0,0.0,0.0,0.0,0.0
B,R02,testing,07,94,0,0.0,0.0,0.0,0.0
B,R02,testing,07,95,0,0.0,0.0,0.0,0.0
B,R02,testing,07,96,0,0.0,0.0,0.0,0.0
B,R02,testing,07,97,0,0.0,0.0,0.0,0.0
B,R02,testing,07,98,0,0.0,0.0,0.0,0.0
B,R02,testing,07,99,0,0.0,0.0,0.0,0.0
B,R02,testing,07,100,0,0.0,0.0,0.0,0.0
B,R02,testing,07,101,0,0.0,0.0,0.0,0.0
B,R02,testing,07,102,0,0.0,0.0,0.0,0.0
B,R02,testing,07,103,0,0.0,0.0,0.0,0.0
B,R02,testing,07,104,0,0.0,0.0,0.0,0.0
B,R02,testing,07,105,0,0.0,0.0,0.0,0.0
B,R02,testing,07,106,0,0.0,0.0,0.0,0.0
B,R02,testing,07,107,0,0.0,0.0,0.0,0.0
B,R02,testing,07,108,0,0.0,0.0,0.0,0.0
B,R02,testing,07,109,0,0.0,0.0,0.0,0.0
B,R02,testing,07,110,0,0.0,0.0,0.0,0.0
B,R02,testing,07,111,0,0.0,0.0,0.0,0.0
B,R02,testing,07,112,0,0.0,0.0,0.0,0.0
B,R02,testing,07,113,0,0.0,0.0,0.0,0.0
B,R02,testing,07,114,0,0.0,0.0,0.0,0.0
B,R02,testing,07,115,0,0.0,0.0,0.0,0.0
B,R02,testing,07,116,0,0.0,0.0,0.0,0.0
B,R02,testing,07,117,0,0.0,0.0,0.0,0.0
B,R02,testing,07,118,0,0.0,0.0,0.0,0.0
B,R02,testing,07,119,0,0.0,0.0,0.0,0.0
B,R02,testing,07,120,0,0.0,0.0,0.0,0.0
B,R02,testing,07,121,0,0.0,0.0,0.0,0.0
B,R02,testing,07,122,0,0.0,0.0,0.0,0.0
B,R02,testing,07,123,0,0.0,0.0,0.0,0.0
B,R02,testing,07,124,0,0.0,0.0,0.0,0.0
B,R02,testing,07,125,0,0.0,0.0,0.0,0.0
B,R02,testing,07,126,0,0.0,0.0,0.0,0.0
B,R02,testing,07,127,0,0.0,0.0,0.0,0.0
B,R02,testing,07,128,0,0.0,0.0,0.0,0.0
B,R02,testing,07,129,0,0.0,0.0,0.0,0.0
B,R02,testing,07,130,0,0.0,0.0,0.0,0.0
B,R02,testing,07,131,0,0.0,0.0,0.0,0.0
B,R02,testing,07,132,0,0.0,0.0,0.0,0.0
B,R02,testing,07,133,0,0.0,0.0,0.0,0.0
B,R02,testing,07,134,0,0.0,0.0,0.0,0.0
B,R02,testing,07,135,0,0.0,0.0,0.0,0.0
B,R02,testing,07,136,0,0.0,0.0,0.0,0.0
B,R02,testing,07,137,0,0.0,0.0,0.0,0.0
B,R02,testing,07,138,0,0.0,0.0,0.0,0.0
B,R02,testing,07,139,0,0.0,0.0,0.0,0.0
B,R02,testing,07,140,0,0.0,0.0,0.0,0.0
B,R02,testing,07,141,0,0.0,0.0,0.0,0.0
B,R02,testing,07,142,0,0.0,0.0,0.0,0.0
B,R02,testing,07,143,0,0.0,0.0,0.0,0.0
B,R02,testing,07,144,0,0.0,0.0,0.0,0.0
B,R02,testing,07,145,0,0.0,0.0,0.0,0.0
B,R02,testing,07,146,0,0.0,0.0,0.0,0.0
B,R02,testing,07,147,0,0.0,0.0,0.0,0.0
B,R02,testing,07,148,0,0.0,0.0,0.0,0.0
B,R02,testing,07,149,0,0.0,0.0,0.0,0.0
B,R02,testing,07,150,0,0.0,0.0,0.0,0.0
B,R02,testing,07,151,0,0.0,0.0,0.0,0.0
B,R02,testing,07,152,0,0.0,0.0,0.0,0.0
B,R02,testing,07,153,0,0.0,0.0,0.0,0.0
B,R02,testing,07,154,0,0.0,0.0,0.0,0.0
B,R02,testing,07,155,0,0.0,0.0,0.0,0.0
B,R02,testing,07,156,0,0.0,0.0,0.0,0.0
B,R02,testing,07,157,0,0.0,0.0,0.0,0.0
B,R02,testing,07,158,0,0.0,0.0,0.0,0.0
B,R02,testing,07,159,0,0.0,0.0,0.0,0.0
B,R02,testing,07,160,0,0.0,0.0,0.0,0.0
B,R02,testing,07,161,0,0.0,0.0,0.0,0.0
B,R02,testing,07,162,0,0.0,0.0,0.0,0.0
B,R02,testing,07,163,0,0.0,0.0,0.0,0.0
B,R02,testing,07,164,0,0.0,0.0,0.0,0.0
B,R02,testing,07,165,0,0.0,0.0,0.0,0.0
B,R02,testing,07,166,0,0.0,0.0,0.0,0.0
B,R02,testing,07,167,0,0.0,0.0,0.0,0.0
B,R02,testing,07,168,0,0.0,0.0,0.0,0.0
B,R02,testing,07,169,0,0.0,0.0,0.0,0.0
B,R02,testing,07,170,0,0.0,0.0,0.0,0.0
B,R02,testing,07,171,0,0.0,0.0,0.0,0.0
B,R02,testing,07,172,0,0.0,0.0,0.0,0.0
B,R02,testing,07,173,0,0.0,0.0,0.0,0.0
B,R02,testing,07,174,0,0.0,0.0,0.0,0.0
B,R02,testing,07,175,0,0.0,0.0,0.0,0.0
B,R02,testing,07,176,0,0.0,0.0,0.0,0.0
B,R02,testing,07,177,0,0.0,0.0,0.0,0.0
B,R02,testing,07,178,0,0.0,0.0,0.0,0.0
B,R02,testing,07,179,0,0.0,0.0,0.0,0.0
B,R02,testing,07,180,0,0.0,0.0,0.0,0.0
B,R02,testing,07,181,0,0.0,0.0,0.0,0.0
B,R02,testing,07,182,0,0.0,0.0,0.0,0.0
B,R02,testing,07,183,0,0.0,0.0,0.0,0.0
B,R02,testing,07,184,0,0.0,0.0,0.0,0.0
B,R02,testing,07,185,0,0.0,0.0,0.0,0.0
B,R02,testing,07,186,0,0.0,0.0,0.0,0.0
B,R02,testing,07,187,0,0.0,0.0,0.0,0.0
B,R02,testing,07,188,0,0.0,0.0,0.0,0.0
B,R02,testing,07,189,0,0.0,0.0,0.0,0.0
B,R02,testing,07,190,0,0.0,0.0,0.0,0.0
B,R02,testing,07,191,0,0.0,0.0,0.0,0.0
B,R02,testing,07,192,0,0.0,0.0,0.0,0.0
B,R02,testing,07,193,0,0.0,0.0,0.0,0.0
B,R02,testing,07,194,0,0.0,0.0,0.0,0.0
B,R02,testing,07,195,0,0.0,0.0,0.0,0.0
B,R02,testing,07,196,0,0.0,0.0,0.0,0.0
B,R02,testing,07,197,0,0.0,0.0,0.0,0.0
B,R02,testing,07,198,0,0.0,0.0,0.0,0.0
B,R02,testing,07,199,0,0.0,0.0,0.0,0.0
B,R02,testing,07,200,0,0.0,0.0,0.0,0.0
B,R02,testing,07,201,0,0.0,0.0,0.0,0.0
B,R02,testing,07,202,0,0.0,0.0,0.0,0.0
B,R02,testing,07,203,0,0.0,0.0,0.0,0.0
B,R02,testing,07,204,0,0.0,0.0,0.0,0.0
B,R02,testing,07,205,0,0.0,0.0,0.0,0.0
B,R02,testing,07,206,0,0.0,0.0,0.0,0.0
B,R02,testing,07,207,0,0.0,0.0,0.0,0.0
B,R02,testing,07,208,0,0.0,0.0,0.0,0.0
B,R02,testing,07,209,0,0.0,0.0,0.0,0.0
B,R02,testing,07,210,0,0.0,0.0,0.0,0.0
B,R02,testing,07,211,0,0.0,0.0,0.0,0.0
B,R02,testing,07,212,0,0.0,0.0,0.0,0.0
B,R02,testing,07,213,0,0.0,0.0,0.0,0.0
B,R02,testing,07,214,0,0.0,0.0,0.0,0.0
B,R02,testing,07,215,0,0.0,0.0,0.0,0.0
B,R02,testing,07,216,0,0.0,0.0,0.0,0.0
B,R02,testing,07,217,0,0.0,0.0,0.0,0.0
B,R02,testing,07,218,0,0.0,0.0,0.0,0.0
B,R02,testing,07,219,0,0.0,0.0,0.0,0.0
B,R02,testing,07,220,1,0.0,0.0,0.0,0.0
B,R02,testing,07,221,1,0.0,0.0,0.0,0.0
B,R02,testing,07,222,1,0.0,0.0,0.0,0.0
B,R02,testing,07,223,1,0.0,0.0,0.0,0.0
B,R02,testing,07,224,1,0.0,0.0,0.0,0.0
B,R02,testing,07,225,1,0.0,0.0,0.0,0.0
B,R02,testing,07,226,1,0.0,0.0,0.0,0.0
B,R02,testing,07,227,1,0.0,0.0,0.0,0.0
B,R02,testing,07,228,1,0.0,0.0,0.0,0.0
B,R02,testing,07,229,1,0.0,0.0,0.0,0.0
B,R02,testing,07,230,1,0.0,0.0,0.0,0.0
B,R02,testing,07,231,1,0.0,0.0,0.0,0.0
B,R02,testing,07,232,1,0.0,0.0,0.0,0.0
B,R02,testing,07,233,1,0.0,0.0,0.0,0.0
B,R02,testing,07,234,1,0.0,0.0,0.0,0.0
B,R02,testing,07,235,1,0.0,0.0,0.0,0.0
B,R02,testing,07,236,1,0.0,0.0,0.0,0.0
B,R02,testing,07,237,1,0.0,0.0,0.0,0.0
B,R02,testing,07,238,1,0.0,0.0,0.0,0.0
B,R02,testing,07,239,1,0.0,0.0,0.0,0.0
B,R02,testing,07,240,1,0.0,0.0,0.0,0.0
B,R02,testing,07,241,1,0.0,0.0,0.0,0.0
B,R02,testing,07,242,1,0.0,0.0,0.0,0.0
B,R02,testing,07,243,1,0.0,0.0,0.0,0.0
B,R02,testing,07,244,1,0.0,0.0,0.0,0.0
B,R02,testing,07,245,1,0.0,0.0,0.0,0.0
B,R02,testing,07,246,1,0.0,0.0,0.0,0.0
B,R02,testing,07,247,1,0.0,0.0,0.0,0.0
B,R02,testing,07,248,1,0.0,0.0,0.0,0.0
B,R02,testing,07,249,1,0.0,0.0,0.0,0.0
B,R02,testing,07,250,1,0.0,0.0,0.0,0.0
B,R02,testing,07,251,1,0.0,0.0,0.0,0.0
B,R02,testing,07,252,1,0.0,0.0,0.0,0.0
B,R02,testing,07,253,1,0.0,0.0,0.0,0.0
B,R02,testing,07,254,1,0.0,0.0,0.0,0.0
B,R02,testing,07,255,1,0.0,0.0,0.0,0.0
B,R02,testing,07,256,1,0.0,0.0,0.0,0.0
B,R02,testing,07,257,1,0.0,0.0,0.0,0.0
B,R02,testing,07,258,1,0.0,0.0,0.0,0.0
B,R02,testing,07,259,1,0.0,0.0,0.0,0.0
B,R02,testing,07,260,1,0.0,0.0,0.0,0.0
B,R02,testing,07,261,1,0.0,0.0,0.0,0.0
B,R02,testing,07,262,1,0.0,0.0,0.0,0.0
B,R02,testing,07,263,1,0.0,0.0,0.0,0.0
B,R02,testing,07,264,1,0.0,0.0,0.0,0.0
B,R02,testing,07,265,1,0.0,0.0,0.0,0.0
B,R02,testing,07,266,1,0.0,0.0,0.0,0.0
B,R02,testing,07,267,1,0.0,0.0,0.0,0.0
B,R02,testing,07,268,1,0.0,0.0,0.0,0.0
B,R02,testing,07,269,1,0.0,0.0,0.0,0.0
B,R02,testing,07,270,1,0.0,0.0,0.0,0.0
B,R02,testing,07,271,1,0.0,0.0,0.0,0.0
B,R02,testing,07,272,1,0.0,0.0,0.0,0.0
B,R02,testing,07,273,1,0.0,0.0,0.0,0.0
B,R02,testing,07,274,1,0.0,0.0,0.0,0.0
B,R02,testing,07,275,1,0.0,0.0,0.0,0.0
B,R02,testing,07,276,1,0.0,0.0,0.0,0.0
B,R02,testing,07,277,1,0.0,0.0,0.0,0.0
B,R02,testing,07,278,1,0.0,0.0,0.0,0.0
B,R02,testing,07,279,1,0.0,0.0,0.0,0.0
B,R02,testing,07,280,1,0.0,0.0,0.0,0.0
B,R02,testing,07,281,1,0.0,0.0,0.0,0.0
B,R02,testing,07,282,1,0.0,0.0,0.0,0.0
B,R02,testing,07,283,1,0.0,0.0,0.0,0.0
B,R02,testing,07,284,1,0.0,0.0,0.0,0.0
B,R02,testing,07,285,1,0.0,0.0,0.0,0.0
B,R02,testing,07,286,1,0.0,0.0,0.0,0.0
B,R02,testing,07,287,1,0.0,0.0,0.0,0.0
B,R02,testing,07,288,1,0.0,0.0,0.0,0.0
B,R02,testing,07,289,1,0.0,0.0,0.0,0.0
B,R02,testing,07,290,1,0.0,0.0,0.0,0.0
B,R02,testing,07,291,1,0.0,0.0,0.0,0.0
B,R02,testing,07,292,1,0.0,0.0,0.0,0.0
B,R02,testing,07,293,1,0.0,0.0,0.0,0.0
B,R02,testing,07,294,1,0.0,0.0,0.0,0.0
B,R02,testing,07,295,1,0.0,0.0,0.0,0.0
B,R02,testing,07,296,1,0.0,0.0,0.0,0.0
B,R02,testing,07,297,1,0.0,0.0,0.0,0.0
B,R02,testing,07,298,1,0.0,0.0,0.0,0.0
B,R02,testing,07,299,1,0.0,0.0,0.0,0.0
B,R02,testing,07,300,1,0.0,0.0,0.0,0.0
B,R02,testing,07,301,1,0.0,0.0,0.0,0.0
B,R02,testing,07,302,1,0.0,0.0,0.0,0.0
B,R02,testing,07,303,1,0.0,0.0,0.0,0.0
B,R02,testing,07,304,1,0.0,0.0,0.0,0.0
B,R02,testing,07,305,1,0.0,0.0,0.0,0.0
B,R02,testing,07,306,1,0.0,0.0,0.0,0.0
B,R02,testing,07,307,1,0.0,0.0,0.0,0.0
B,R02,testing,07,308,1,0.0,0.0,0.0,0.0
B,R02,testing,07,309,1,0.0,0.0,0.0,0.0
B,R02,testing,07,310,1,0.0,0.0,0.0,0.0
B,R02,testing,07,311,1,0.0,0.0,0.0,0.0
B,R02,testing,07,312,1,0.0,0.0,0.0,0.0
B,R02,testing,07,313,1,0.0,0.0,0.0,0.0
B,R02,testing,07,314,1,0.0,0.0,0.0,0.0
B,R02,testing,07,315,1,0.0,0.0,0.0,0.0
B,R02,testing,07,316,1,0.0,0.0,0.0,0.0
B,R02,testing,07,317,1,0.0,0.0,0.0,0.0
B,R02,testing,07,318,1,0.0,0.0,0.0,0.0
B,R02,testing,07,319,1,0.0,0.0,0.0,0.0
B,R02,testing,07,320,1,0.0,0.0,0.0,0.0
B,R02,testing,07,321,1,0.0,0.0,0.0,0.0
B,R02,testing,07,322,1,0.0,0.0,0.0,0.0
B,R02,testing,07,323,1,0.0,0.0,0.0,0.0
B,R02,testing,07,324,1,0.0,0.0,0.0,0.0
B,R02,testing,07,325,1,0.0,0.0,0.0,0.0
B,R02,testing,07,326,1,0.0,0.0,0.0,0.0
B,R02,testing,07,327,1,0.0,0.0,0.0,0.0
B,R02,testing,07,328,1,0.0,0.0,0.0,0.0
B,R02,testing,07,329,1,0.0,0.0,0.0,0.0
B,R02,testing,07,330,1,0.0,0.0,0.0,0.0
B,R02,testing,07,331,1,0.0,0.0,0.0,0.0
B,R02,testing,07,332,1,0.0,0.0,0.0,0.0
B,R02,testing,07,333,1,0.0,0.0,0.0,0.0
B,R02,testing,07,334,0,0.0,0.0,0.0,0.0
B,R02,testing,07,335,0,0.0,0.0,0.0,0.0
B,R02,testing,07,336,0,0.0,0.0,0.0,0.0
B,R02,testing,07,337,0,0.0,0.0,0.0,0.0
B,R02,testing,07,338,0,0.0,0.0,0.0,0.0
B,R02,testing,07,339,0,0.0,0.0,0.0,0.0
B,R02,testing,07,340,0,0.0,0.0,0.0,0.0
B,R02,testing,07,341,0,0.0,0.0,0.0,0.0
B,R02,testing,07,342,0,0.0,0.0,0.0,0.0
B,R02,testing,07,343,0,0.0,0.0,0.0,0.0
B,R02,testing,07,344,0,0.0,0.0,0.0,0.0
B,R02,testing,07,345,0,0.0,0.0,0.0,0.0
B,R02,testing,07,346,0,0.0,0.0,0.0,0.0
B,R02,testing,07,347,0,0.0,0.0,0.0,0.0
B,R02,testing,07,348,0,0.0,0.0,0.0,0.0
B,R02,testing,07,349,0,0.0,0.0,0.0,0.0
B,R02,testing,07,350,0,0.0,0.0,0.0,0.0
B,R02,testing,07,351,0,0.0,0.0,0.0,0.0
B,R02,testing,07,352,0,0.0,0.0,0.0,0.0
B,R02,testing,07,353,0,0.0,0.0,0.0,0.0
B,R02,testing,07,354,0,0.0,0.0,0.0,0.0
B,R02,testing,07,355,0,0.0,0.0,0.0,0.0
B,R02,testing,07,356,0,0.0,0.0,0.0,0.0
B,R02,testing,07,357,0,0.0,0.0,0.0,0.0
B,R02,testing,07,358,0,0.0,0.0,0.0,0.0
B,R02,testing,07,359,0,0.0,0.0,0.0,0.0
B,R02,testing,07,360,0,0.0,0.0,0.0,0.0
B,R02,testing,07,361,0,0.0,0.0,0.0,0.0
B,R02,testing,07,362,0,0.0,0.0,0.0,0.0
B,R02,testing,07,363,0,0.0,0.0,0.0,0.0
B,R02,testing,07,364,0,0.0,0.0,0.0,0.0
B,R02,testing,07,365,0,0.0,0.0,0.0,0.0
B,R02,testing,07,366,0,0.0,0.0,0.0,0.0
B,R02,testing,07,367,0,0.0,0.0,0.0,0.0
B,R02,testing,07,368,0,0.0,0.0,0.0,0.0
B,R02,testing,07,369,0,0.0,0.0,0.0,0.0
B,R02,testing,07,370,0,0.0,0.0,0.0,0.0
B,R02,testing,07,371,0,0.0,0.0,0.0,0.0
B,R02,testing,07,372,0,0.0,0.0,0.0,0.0
B,R02,testing,07,373,0,0.0,0.0,0.0,0.0
B,R02,testing,07,374,0,0.0,0.0,0.0,0.0
B,R02,testing,07,375,0,0.0,0.0,0.0,0.0
B,R02,testing,07,376,0,0.0,0.0,0.0,0.0
B,R02,testing,07,377,0,0.0,0.0,0.0,0.0
B,R02,testing,07,378,0,0.0,0.0,0.0,0.0
B,R02,testing,07,379,0,0.0,0.0,0.0,0.0
B,R02,testing,07,380,0,0.0,0.0,0.0,0.0
B,R02,testing,07,381,0,0.0,0.0,0.0,0.0
B,R02,testing,07,382,0,0.0,0.0,0.0,0.0
B,R02,testing,07,383,0,0.0,0.0,0.0,0.0
B,R02,testing,07,384,0,0.0,0.0,0.0,0.0
B,R02,testing,07,385,0,0.0,0.0,0.0,0.0
B,R02,testing,07,386,0,0.0,0.0,0.0,0.0
B,R02,testing,07,387,0,0.0,0.0,0.0,0.0
B,R02,testing,07,388,0,0.0,0.0,0.0,0.0
B,R02,testing,07,389,0,0.0,0.0,0.0,0.0
B,R02,testing,07,390,0,0.0,0.0,0.0,0.0
B,R02,testing,07,391,0,0.0,0.0,0.0,0.0
B,R02,testing,07,392,0,0.0,0.0,0.0,0.0
B,R02,testing,07,393,0,0.0,0.0,0.0,0.0
B,R02,testing,07,394,0,0.0,0.0,0.0,0.0
B,R02,testing,07,395,0,0.0,0.0,0.0,0.0
B,R02,testing,07,396,0,0.0,0.0,0.0,0.0
B,R02,testing,07,397,0,0.0,0.0,0.0,0.0
B,R02,testing,07,398,0,0.0,0.0,0.0,0.0
B,R02,testing,07,399,0,0.0,0.0,0.0,0.0
B,R02,testing,07,400,0,0.0,0.0,0.0,0.0
B,R02,testing,07,401,0,0.0,0.0,0.0,0.0
B,R02,testing,07,402,0,0.0,0.0,0.0,0.0
B,R02,testing,07,403,0,0.0,0.0,0.0,0.0
B,R02,testing,07,404,0,0.0,0.0,0.0,0.0
B,R02,testing,07,405,0,0.0,0.0,0.0,0.0
B,R02,testing,07,406,0,0.0,0.0,0.0,0.0
B,R02,testing,07,407,0,0.0,0.0,0.0,0.0
B,R02,testing,07,408,0,0.0,0.0,0.0,0.0
B,R02,testing,07,409,0,0.0,0.0,0.0,0.0
B,R02,testing,07,410,0,0.0,0.0,0.0,0.0
B,R02,testing,07,411,0,0.0,0.0,0.0,0.0
B,R02,testing,07,412,0,0.0,0.0,0.0,0.0
B,R02,testing,07,413,0,0.0,0.0,0.0,0.0
B,R02,testing,07,414,0,0.0,0.0,0.0,0.0
B,R02,testing,07,415,0,0.0,0.0,0.0,0.0
B,R02,testing,07,416,0,0.0,0.0,0.0,0.0
B,R02,testing,07,417,0,0.0,0.0,0.0,0.0
B,R02,testing,07,418,0,0.0,0.0,0.0,0.0
B,R02,testing,07,419,0,0.0,0.0,0.0,0.0
B,R02,testing,07,420,0,0.0,0.0,0.0,0.0
B,R02,testing,07,421,0,0.0,0.0,0.0,0.0
B,R02,testing,07,422,0,0.0,0.0,0.0,0.0
B,R02,testing,07,423,0,0.0,0.0,0.0,0.0
B,R02,testing,07,424,0,0.0,0.0,0.0,0.0
B,R02,testing,07,425,0,0.0,0.0,0.0,0.0
B,R02,testing,07,426,0,0.0,0.0,0.0,0.0
B,R02,testing,07,427,0,0.0,0.0,0.0,0.0
B,R02,testing,07,428,0,0.0,0.0,0.0,0.0
B,R02,testing,07,429,0,0.0,0.0,0.0,0.0
B,R02,testing,07,430,0,0.0,0.0,0.0,0.0
B,R02,testing,07,431,0,0.0,0.0,0.0,0.0
B,R02,testing,07,432,0,0.0,0.0,0.0,0.0
B,R02,testing,07,433,0,0.0,0.0,0.0,0.0
B,R02,testing,07,434,0,0.0,0.0,0.0,0.0
B,R02,testing,07,435,0,0.0,0.0,0.0,0.0
B,R02,testing,07,436,0,0.0,0.0,0.0,0.0
B,R02,testing,07,437,0,0.0,0.0,0.0,0.0
B,R02,testing,07,438,0,0.0,0.0,0.0,0.0
B,R02,testing,07,439,0,0.0,0.0,0.0,0.0
B,R02,testing,07,440,0,0.0,0.0,0.0,0.0
B,R02,testing,07,441,0,0.0,0.0,0.0,0.0
B,R02,testing,07,442,0,0.0,0.0,0.0,0.0
B,R02,testing,07,443,0,0.0,0.0,0.0,0.0
B,R02,testing,07,444,0,0.0,0.0,0.0,0.0
B,R02,testing,07,445,0,0.0,0.0,0.0,0.0
B,R02,testing,07,446,0,0.0,0.0,0.0,0.0
B,R02,testing,07,447,0,0.0,0.0,0.0,0.0
B,R02,testing,07,448,0,0.0,0.0,0.0,0.0
B,R02,testing,07,449,0,0.0,0.0,0.0,0.0
B,R02,testing,07,450,0,0.0,0.0,0.0,0.0
B,R02,testing,07,451,0,0.0,0.0,0.0,0.0
B,R02,testing,07,452,0,0.0,0.0,0.0,0.0
B,R02,testing,07,453,0,0.0,0.0,0.0,0.0
B,R02,testing,07,454,0,0.0,0.0,0.0,0.0
B,R02,testing,07,455,0,0.0,0.0,0.0,0.0
B,R02,testing,07,456,0,0.0,0.0,0.0,0.0
B,R02,testing,07,457,0,0.0,0.0,0.0,0.0
B,R02,testing,07,458,0,0.0,0.0,0.0,0.0
B,R02,testing,07,459,0,0.0,0.0,0.0,0.0
B,R02,testing,07,460,0,0.0,0.0,0.0,0.0
B,R02,testing,07,461,0,0.0,0.0,0.0,0.0
B,R02,testing,07,462,0,0.0,0.0,0.0,0.0
B,R02,testing,07,463,0,0.0,0.0,0.0,0.0
B,R02,testing,07,464,0,0.0,0.0,0.0,0.0
B,R02,testing,07,465,0,0.0,0.0,0.0,0.0
B,R02,testing,07,466,0,0.0,0.0,0.0,0.0
B,R02,testing,07,467,0,0.0,0.0,0.0,0.0
B,R02,testing,07,468,0,0.0,0.0,0.0,0.0
B,R02,testing,07,469,0,0.0,0.0,0.0,0.0
B,R02,testing,07,470,0,0.0,0.0,0.0,0.0
B,R02,testing,07,471,0,0.0,0.0,0.0,0.0
B,R02,testing,07,472,0,0.0,0.0,0.0,0.0
B,R02,testing,07,473,0,0.0,0.0,0.0,0.0
B,R02,testing,07,474,0,0.0,0.0,0.0,0.0
B,R02,testing,07,475,0,0.0,0.0,0.0,0.0
B,R02,testing,07,476,0,0.0,0.0,0.0,0.0
B,R02,testing,07,477,0,0.0,0.0,0.0,0.0
B,R02,testing,07,478,0,0.0,0.0,0.0,0.0
B,R02,testing,07,479,0,0.0,0.0,0.0,0.0
B,R02,testing,07,480,0,0.0,0.0,0.0,0.0
B,R02,testing,07,481,0,0.0,0.0,0.0,0.0
B,R02,testing,07,482,0,0.0,0.0,0.0,0.0
B,R02,testing,07,483,0,0.0,0.0,0.0,0.0
B,R02,testing,07,484,0,0.0,0.0,0.0,0.0
B,R02,testing,07,485,0,0.0,0.0,0.0,0.0
B,R02,testing,07,486,0,0.0,0.0,0.0,0.0
B,R02,testing,07,487,0,0.0,0.0,0.0,0.0
B,R02,testing,07,488,0,0.0,0.0,0.0,0.0
B,R02,testing,07,489,0,0.0,0.0,0.0,0.0
B,R02,testing,07,490,0,0.0,0.0,0.0,0.0
B,R02,testing,07,491,0,0.0,0.0,0.0,0.0
B,R02,testing,07,492,0,0.0,0.0,0.0,0.0
B,R02,testing,07,493,0,0.0,0.0,0.0,0.0
B,R02,testing,07,494,0,0.0,0.0,0.0,0.0
B,R02,testing,07,495,0,0.0,0.0,0.0,0.0
B,R02,testing,07,496,0,0.0,0.0,0.0,0.0
B,R02,testing,07,497,0,0.0,0.0,0.0,0.0
B,R02,testing,07,498,0,0.0,0.0,0.0,0.0
B,R02,testing,07,499,0,0.0,0.0,0.0,0.0
B,R02,testing,07,500,0,0.0,0.0,0.0,0.0
B,R02,testing,07,501,0,0.0,0.0,0.0,0.0
B,R02,testing,07,502,0,0.0,0.0,0.0,0.0
B,R02,testing,07,503,0,0.0,0.0,0.0,0.0
B,R02,testing,07,504,0,0.0,0.0,0.0,0.0
B,R02,testing,07,505,0,0.0,0.0,0.0,0.0
B,R02,testing,07,506,0,0.0,0.0,0.0,0.0
B,R02,testing,07,507,0,0.0,0.0,0.0,0.0
B,R02,testing,07,508,0,0.0,0.0,0.0,0.0
B,R02,testing,07,509,0,0.0,0.0,0.0,0.0
B,R02,testing,07,510,0,0.0,0.0,0.0,0.0
B,R02,testing,07,511,0,0.0,0.0,0.0,0.0
B,R02,testing,07,512,0,0.0,0.0,0.0,0.0
B,R02,testing,07,513,0,0.0,0.0,0.0,0.0
B,R02,testing,07,514,0,0.0,0.0,0.0,0.0
B,R02,testing,07,515,0,0.0,0.0,0.0,0.0
B,R02,testing,07,516,0,0.0,0.0,0.0,0.0
B,R02,testing,07,517,0,0.0,0.0,0.0,0.0
B,R02,testing,07,518,0,0.0,0.0,0.0,0.0
B,R02,testing,07,519,0,0.0,0.0,0.0,0.0
B,R02,testing,07,520,0,0.0,0.0,0.0,0.0
B,R02,testing,07,521,0,0.0,0.0,0.0,0.0
B,R02,testing,07,522,0,0.0,0.0,0.0,0.0
B,R02,testing,07,523,0,0.0,0.0,0.0,0.0
B,R02,testing,07,524,0,0.0,0.0,0.0,0.0
B,R02,testing,07,525,0,0.0,0.0,0.0,0.0
B,R02,testing,07,526,0,0.0,0.0,0.0,0.0
B,R02,testing,07,527,0,0.0,0.0,0.0,0.0
B,R02,testing,07,528,0,0.0,0.0,0.0,0.0
B,R02,testing,07,529,0,0.0,0.0,0.0,0.0
B,R02,testing,07,530,0,0.0,0.0,0.0,0.0
B,R02,testing,07,531,0,0.0,0.0,0.0,0.0
B,R02,testing,07,532,0,0.0,0.0,0.0,0.0
B,R02,testing,07,533,0,0.0,0.0,0.0,0.0
B,R02,testing,07,534,0,0.0,0.0,0.0,0.0
B,R02,testing,07,535,0,0.0,0.0,0.0,0.0
C,R02,testing,07,0,0,0.0,0.0,0.0,0.0
C,R02,testing,07,1,0,0.0,0.0,0.0,0.0
C,R02,testing,07,2,0,0.0,0.0,0.0,0.0
C,R02,testing,07,3,0,0.0,0.0,0.0,0.0
C,R02,testing,07,4,0,0.0,0.0,0.0,0.0
C,R02,testing,07,5,0,0.0,0.0,0.0,0.0
C,R02,testing,07,6,0,0.0,0.0,0.0,0.0
C,R02,testing,07,7,0,0.0,0.0,0.0,0.0
C,R02,testing,07,8,0,0.0,0.0,0.0,0.0
C,R02,testing,07,9,0,0.0,0.0,0.0,0.0
C,R02,testing,07,10,0,0.0,0.0,0.0,0.0
C,R02,testing,07,11,0,0.0,0.0,0.0,0.0
C,R02,testing,07,12,0,0.0,0.0,0.0,0.0
C,R02,testing,07,13,0,0.0,0.0,0.0,0.0
C,R02,testing,07,14,0,0.0,0.0,0.0,0.0
C,R02,testing,07,15,0,0.0,0.0,0.0,0.0
C,R02,testing,07,16,0,0.0,0.0,0.0,0.0
C,R02,testing,07,17,0,0.0,0.0,0.0,0.0
C,R02,testing,07,18,0,0.0,0.0,0.0,0.0
C,R02,testing,07,19,0,0.0,0.0,0.0,0.0
C,R02,testing,07,20,0,0.0,0.0,0.0,0.0
C,R02,testing,07,21,0,0.0,0.0,0.0,0.0
C,R02,testing,07,22,0,0.0,0.0,0.0,0.0
C,R02,testing,07,23,0,0.0,0.0,0.0,0.0
C,R02,testing,07,24,0,0.0,0.0,0.0,0.0
C,R02,testing,07,25,0,0.0,0.0,0.0,0.0
C,R02,testing,07,26,0,0.0,0.0,0.0,0.0
C,R02,testing,07,27,0,0.0,0.0,0.0,0.0
C,R02,testing,07,28,0,0.0,0.0,0.0,0.0
C,R02,testing,07,29,0,0.0,0.0,0.0,0.0
C,R02,testing,07,30,0,0.0,0.0,0.0,0.0
C,R02,testing,07,31,0,0.0,0.0,0.0,0.0
C,R02,testing,07,32,0,0.0,0.0,0.0,0.0
C,R02,testing,07,33,0,0.0,0.0,0.0,0.0
C,R02,testing,07,34,0,0.0,0.0,0.0,0.0
C,R02,testing,07,35,0,0.0,0.0,0.0,0.0
C,R02,testing,07,36,0,0.0,0.0,0.0,0.0
C,R02,testing,07,37,0,0.0,0.0,0.0,0.0
C,R02,testing,07,38,0,0.0,0.0,0.0,0.0
C,R02,testing,07,39,0,0.0,0.0,0.0,0.0
C,R02,testing,07,40,0,0.0,0.0,0.0,0.0
C,R02,testing,07,41,0,0.0,0.0,0.0,0.0
C,R02,testing,07,42,0,0.0,0.0,0.0,0.0
C,R02,testing,07,43,0,0.0,0.0,0.0,0.0
C,R02,testing,07,44,0,0.0,0.0,0.0,0.0
C,R02,testing,07,45,0,0.0,0.0,0.0,0.0
C,R02,testing,07,46,0,0.0,0.0,0.0,0.0
C,R02,testing,07,47,0,0.0,0.0,0.0,0.0
C,R02,testing,07,48,0,0.0,0.0,0.0,0.0
C,R02,testing,07,49,0,0.0,0.0,0.0,0.0
C,R02,testing,07,50,0,0.0,0.0,0.0,0.0
C,R02,testing,07,51,0,0.0,0.0,0.0,0.0
C,R02,testing,07,52,0,0.0,0.0,0.0,0.0
C,R02,testing,07,53,0,0.0,0.0,0.0,0.0
C,R02,testing,07,54,0,0.0,0.0,0.0,0.0
C,R02,testing,07,55,0,0.0,0.0,0.0,0.0
C,R02,testing,07,56,0,0.0,0.0,0.0,0.0
C,R02,testing,07,57,0,0.0,0.0,0.0,0.0
C,R02,testing,07,58,0,0.0,0.0,0.0,0.0
C,R02,testing,07,59,0,0.0,0.0,0.0,0.0
C,R02,testing,07,60,0,0.0,0.0,0.0,0.0
C,R02,testing,07,61,0,0.0,0.0,0.0,0.0
C,R02,testing,07,62,0,0.0,0.0,0.0,0.0
C,R02,testing,07,63,0,0.0,0.0,0.0,0.0
C,R02,testing,07,64,0,0.0,0.0,0.0,0.0
C,R02,testing,07,65,0,0.0,0.0,0.0,0.0
C,R02,testing,07,66,0,0.0,0.0,0.0,0.0
C,R02,testing,07,67,0,0.0,0.0,0.0,0.0
C,R02,testing,07,68,0,0.0,0.0,0.0,0.0
C,R02,testing,07,69,0,0.0,0.0,0.0,0.0
C,R02,testing,07,70,0,0.0,0.0,0.0,0.0
C,R02,testing,07,71,0,0.0,0.0,0.0,0.0
C,R02,testing,07,72,0,0.0,0.0,0.0,0.0
C,R02,testing,07,73,0,0.0,0.0,0.0,0.0
C,R02,testing,07,74,0,0.0,0.0,0.0,0.0
C,R02,testing,07,75,0,0.0,0.0,0.0,0.0
C,R02,testing,07,76,0,0.0,0.0,0.0,0.0
C,R02,testing,07,77,0,0.0,0.0,0.0,0.0
C,R02,testing,07,78,0,0.0,0.0,0.0,0.0
C,R02,testing,07,79,0,0.0,0.0,0.0,0.0
C,R02,testing,07,80,0,0.0,0.0,0.0,0.0
C,R02,testing,07,81,0,0.0,0.0,0.0,0.0
C,R02,testing,07,82,0,0.0,0.0,0.0,0.0
C,R02,testing,07,83,0,0.0,0.0,0.0,0.0
C,R02,testing,07,84,0,0.0,0.0,0.0,0.0
C,R02,testing,07,85,0,0.0,0.0,0.0,0.0
C,R02,testing,07,86,0,0.0,0.0,0.0,0.0
C,R02,testing,07,87,0,0.0,0.0,0.0,0.0
C,R02,testing,07,88,0,0.0,0.0,0.0,0.0
C,R02,testing,07,89,0,0.0,0.0,0.0,0.0
C,R02,testing,07,90,0,0.0,0.0,0.0,0.0
C,R02,testing,07,91,0,0.0,0.0,0.0,0.0
C,R02,testing,07,92,0,0.0,0.0,0.0,0.0
C,R02,testing,07,93,0,0.0,0.0,0.0,0.0
C,R02,testing,07,94,0,0.0,0.0,0.0,0.0
C,R02,testing,07,95,0,0.0,0.0,0.0,0.0
C,R02,testing,07,96,0,0.0,0.0,0.0,0.0
C,R02,testing,07,97,0,0.0,0.0,0.0,0.0
C,R02,testing,07,98,0,0.0,0.0,0.0,0.0
C,R02,testing,07,99,0,0.0,0.0,0.0,0.0
C,R02,testing,07,100,0,0.0,0.0,0.0,0.0
C,R02,testing,07,101,0,0.0,0.0,0.0,0.0
C,R02,testing,07,102,0,0.0,0.0,0.0,0.0
C,R02,testing,07,103,0,0.0,0.0,0.0,0.0
C,R02,testing,07,104,0,0.0,0.0,0.0,0.0
C,R02,testing,07,105,0,0.0,0.0,0.0,0.0
C,R02,testing,07,106,0,0.0,0.0,0.0,0.0
C,R02,testing,07,107,0,0.0,0.0,0.0,0.0
C,R02,testing,07,108,0,0.0,0.0,0.0,0.0
C,R02,testing,07,109,0,0.0,0.0,0.0,0.0
C,R02,testing,07,110,0,0.0,0.0,0.0,0.0
C,R02,testing,07,111,0,0.0,0.0,0.0,0.0
C,R02,testing,07,112,0,0.0,0.0,0.0,0.0
C,R02,testing,07,113,0,0.0,0.0,0.0,0.0
C,R02,testing,07,114,0,0.0,0.0,0.0,0.0
C,R02,testing,07,115,0,0.0,0.0,0.0,0.0
C,R02,testing,07,116,0,0.0,0.0,0.0,0.0
C,R02,testing,07,117,0,0.0,0.0,0.0,0.0
C,R02,testing,07,118,0,0.0,0.0,0.0,0.0
C,R02,testing,07,119,0,0.0,0.0,0.0,0.0
C,R02,testing,07,120,0,0.0,0.0,0.0,0.0
C,R02,testing,07,121,0,0.0,0.0,0.0,0.0
C,R02,testing,07,122,0,0.0,0.0,0.0,0.0
C,R02,testing,07,123,0,0.0,0.0,0.0,0.0
C,R02,testing,07,124,0,0.0,0.0,0.0,0.0
C,R02,testing,07,125,0,0.0,0.0,0.0,0.0
C,R02,testing,07,126,0,0.0,0.0,0.0,0.0
C,R02,testing,07,127,0,0.0,0.0,0.0,0.0
C,R02,testing,07,128,0,0.0,0.0,0.0,0.0
C,R02,testing,07,129,0,0.0,0.0,0.0,0.0
C,R02,testing,07,130,0,0.0,0.0,0.0,0.0
C,R02,testing,07,131,0,0.0,0.0,0.0,0.0
C,R02,testing,07,132,0,0.0,0.0,0.0,0.0
C,R02,testing,07,133,0,0.0,0.0,0.0,0.0
C,R02,testing,07,134,0,0.0,0.0,0.0,0.0
C,R02,testing,07,135,0,0.0,0.0,0.0,0.0
C,R02,testing,07,136,0,0.0,0.0,0.0,0.0
C,R02,testing,07,137,0,0.0,0.0,0.0,0.0
C,R02,testing,07,138,0,0.0,0.0,0.0,0.0
C,R02,testing,07,139,0,0.0,0.0,0.0,0.0
C,R02,testing,07,140,0,0.0,0.0,0.0,0.0
C,R02,testing,07,141,0,0.0,0.0,0.0,0.0
C,R02,testing,07,142,0,0.0,0.0,0.0,0.0
C,R02,testing,07,143,0,0.0,0.0,0.0,0.0
C,R02,testing,07,144,0,0.0,0.0,0.0,0.0
C,R02,testing,07,145,0,0.0,0.0,0.0,0.0
C,R02,testing,07,146,0,0.0,0.0,0.0,0.0
C,R02,testing,07,147,0,0.0,0.0,0.0,0.0
C,R02,testing,07,148,0,0.0,0.0,0.0,0.0
C,R02,testing,07,149,0,0.0,0.0,0.0,0.0
C,R02,testing,07,150,0,0.0,0.0,0.0,0.0
C,R02,testing,07,151,0,0.0,0.0,0.0,0.0
C,R02,testing,07,152,0,0.0,0.0,0.0,0.0
C,R02,testing,07,153,0,0.0,0.0,0.0,0.0
C,R02,testing,07,154,0,0.0,0.0,0.0,0.0
C,R02,testing,07,155,0,0.0,0.0,0.0,0.0
C,R02,testing,07,156,0,0.0,0.0,0.0,0.0
C,R02,testing,07,157,0,0.0,0.0,0.0,0.0
C,R02,testing,07,158,0,0.0,0.0,0.0,0.0
C,R02,testing,07,159,0,0.0,0.0,0.0,0.0
C,R02,testing,07,160,0,0.0,0.0,0.0,0.0
C,R02,testing,07,161,0,0.0,0.0,0.0,0.0
C,R02,testing,07,162,0,0.0,0.0,0.0,0.0
C,R02,testing,07,163,0,0.0,0.0,0.0,0.0
C,R02,testing,07,164,0,0.0,0.0,0.0,0.0
C,R02,testing,07,165,0,0.0,0.0,0.0,0.0
C,R02,testing,07,166,0,0.0,0.0,0.0,0.0
C,R02,testing,07,167,0,0.0,0.0,0.0,0.0
C,R02,testing,07,168,0,0.0,0.0,0.0,0.0
C,R02,testing,07,169,0,0.0,0.0,0.0,0.0
C,R02,testing,07,170,0,0.0,0.0,0.0,0.0
C,R02,testing,07,171,0,0.0,0.0,0.0,0.0
C,R02,testing,07,172,0,0.0,0.0,0.0,0.0
C,R02,testing,07,173,0,0.0,0.0,0.0,0.0
C,R02,testing,07,174,0,0.0,0.0,0.0,0.0
C,R02,testing,07,175,0,0.0,0.0,0.0,0.0
C,R02,testing,07,176,0,0.0,0.0,0.0,0.0
C,R02,testing,07,177,0,0.0,0.0,0.0,0.0
C,R02,testing,07,178,0,0.0,0.0,0.0,0.0
C,R02,testing,07,179,0,0.0,0.0,0.0,0.0
C,R02,testing,07,180,0,0.0,0.0,0.0,0.0
C,R02,testing,07,181,0,0.0,0.0,0.0,0.0
C,R02,testing,07,182,0,0.0,0.0,0.0,0.0
C,R02,testing,07,183,0,0.0,0.0,0.0,0.0
C,R02,testing,07,184,0,0.0,0.0,0.0,0.0
C,R02,testing,07,185,0,0.0,0.0,0.0,0.0
C,R02,testing,07,186,0,0.0,0.0,0.0,0.0
C,R02,testing,07,187,0,0.0,0.0,0.0,0.0
C,R02,testing,07,188,0,0.0,0.0,0.0,0.0
C,R02,testing,07,189,0,0.0,0.0,0.0,0.0
C,R02,testing,07,190,0,0.0,0.0,0.0,0.0
C,R02,testing,07,191,0,0.0,0.0,0.0,0.0
C,R02,testing,07,192,0,0.0,0.0,0.0,0.0
C,R02,testing,07,193,0,0.0,0.0,0.0,0.0
C,R02,testing,07,194,0,0.0,0.0,0.0,0.0
C,R02,testing,07,195,0,0.0,0.0,0.0,0.0
C,R02,testing,07,196,0,0.0,0.0,0.0,0.0
C,R02,testing,07,197,0,0.0,0.0,0.0,0.0
C,R02,testing,07,198,0,0.0,0.0,0.0,0.0
C,R02,testing,07,199,0,0.0,0.0,0.0,0.0
C,R02,testing,07,200,0,0.0,0.0,0.0,0.0
C,R02,testing,07,201,0,0.0,0.0,0.0,0.0
C,R02,testing,07,202,0,0.0,0.0,0.0,0.0
C,R02,testing,07,203,0,0.0,0.0,0.0,0.0
C,R02,testing,07,204,0,0.0,0.0,0.0,0.0
C,R02,testing,07,205,0,0.0,0.0,0.0,0.0
C,R02,testing,07,206,0,0.0,0.0,0.0,0.0
C,R02,testing,07,207,0,0.0,0.0,0.0,0.0
C,R02,testing,07,208,0,0.0,0.0,0.0,0.0
C,R02,testing,07,209,0,0.0,0.0,0.0,0.0
C,R02,testing,07,210,0,0.0,0.0,0.0,0.0
C,R02,testing,07,211,0,0.0,0.0,0.0,0.0
C,R02,testing,07,212,0,0.0,0.0,0.0,0.0
C,R02,testing,07,213,0,0.0,0.0,0.0,0.0
C,R02,testing,07,214,0,0.0,0.0,0.0,0.0
C,R02,testing,07,215,0,0.0,0.0,0.0,0.0
C,R02,testing,07,216,0,0.0,0.0,0.0,0.0
C,R02,testing,07,217,0,0.0,0.0,0.0,0.0
C,R02,testing,07,218,0,0.0,0.0,0.0,0.0
C,R02,testing,07,219,0,0.0,0.0,0.0,0.0
C,R02,testing,07,220,1,0.0,0.0,0.0,0.0
C,R02,testing,07,221,1,0.0,0.0,0.0,0.0
C,R02,testing,07,222,1,0.0,0.0,0.0,0.0
C,R02,testing,07,223,1,0.0,0.0,0.0,0.0
C,R02,testing,07,224,1,0.0,0.0,0.0,0.0
C,R02,testing,07,225,1,0.0,0.0,0.0,0.0
C,R02,testing,07,226,1,0.0,0.0,0.0,0.0
C,R02,testing,07,227,1,0.0,0.0,0.0,0.0
C,R02,testing,07,228,1,0.0,0.0,0.0,0.0
C,R02,testing,07,229,1,0.0,0.0,0.0,0.0
C,R02,testing,07,230,1,0.0,0.0,0.0,0.0
C,R02,testing,07,231,1,0.0,0.0,0.0,0.0
C,R02,testing,07,232,1,0.0,0.0,0.0,0.0
C,R02,testing,07,233,1,0.0,0.0,0.0,0.0
C,R02,testing,07,234,1,0.0,0.0,0.0,0.0
C,R02,testing,07,235,1,0.0,0.0,0.0,0.0
C,R02,testing,07,236,1,0.0,0.0,0.0,0.0
C,R02,testing,07,237,1,0.0,0.0,0.0,0.0
C,R02,testing,07,238,1,0.0,0.0,0.0,0.0
C,R02,testing,07,239,1,0.0,0.0,0.0,0.0
C,R02,testing,07,240,1,0.0,0.0,0.0,0.0
C,R02,testing,07,241,1,0.0,0.0,0.0,0.0
C,R02,testing,07,242,1,0.0,0.0,0.0,0.0
C,R02,testing,07,243,1,0.0,0.0,0.0,0.0
C,R02,testing,07,244,1,0.0,0.0,0.0,0.0
C,R02,testing,07,245,1,0.0,0.0,0.0,0.0
C,R02,testing,07,246,1,0.0,0.0,0.0,0.0
C,R02,testing,07,247,1,0.0,0.0,0.0,0.0
C,R02,testing,07,248,1,0.0,0.0,0.0,0.0
C,R02,testing,07,249,1,0.0,0.0,0.0,0.0
C,R02,testing,07,250,1,0.0,0.0,0.0,0.0
C,R02,testing,07,251,1,0.0,0.0,0.0,0.0
C,R02,testing,07,252,1,0.0,0.0,0.0,0.0
C,R02,testing,07,253,1,0.0,0.0,0.0,0.0
C,R02,testing,07,254,1,0.0,0.0,0.0,0.0
C,R02,testing,07,255,1,0.0,0.0,0.0,0.0
C,R02,testing,07,256,1,0.0,0.0,0.0,0.0
C,R02,testing,07,257,1,0.0,0.0,0.0,0.0
C,R02,testing,07,258,1,0.0,0.0,0.0,0.0
C,R02,testing,07,259,1,0.0,0.0,0.0,0.0
C,R02,testing,07,260,1,0.0,0.0,0.0,0.0
C,R02,testing,07,261,1,0.0,0.0,0.0,0.0
C,R02,testing,07,262,1,0.0,0.0,0.0,0.0
C,R02,testing,07,263,1,0.0,0.0,0.0,0.0
C,R02,testing,07,264,1,0.0,0.0,0.0,0.0
C,R02,testing,07,265,1,0.0,0.0,0.0,0.0
C,R02,testing,07,266,1,0.0,0.0,0.0,0.0
C,R02,testing,07,267,1,0.0,0.0,0.0,0.0
C,R02,testing,07,268,1,0.0,0.0,0.0,0.0
C,R02,testing,07,269,1,0.0,0.0,0.0,0.0
C,R02,testing,07,270,1,0.0,0.0,0.0,0.0
C,R02,testing,07,271,1,0.0,0.0,0.0,0.0
C,R02,testing,07,272,1,0.0,0.0,0.0,0.0
C,R02,testing,07,273,1,0.0,0.0,0.0,0.0
C,R02,testing,07,274,1,0.0,0.0,0.0,0.0
C,R02,testing,07,275,1,0.0,0.0,0.0,0.0
C,R02,testing,07,276,1,0.0,0.0,0.0,0.0
C,R02,testing,07,277,1,0.0,0.0,0.0,0.0
C,R02,testing,07,278,1,0.0,0.0,0.0,0.0
C,R02,testing,07,279,1,0.0,0.0,0.0,0.0
C,R02,testing,07,280,1,0.0,0.0,0.0,0.0
C,R02,testing,07,281,1,0.0,0.0,0.0,0.0
C,R02,testing,07,282,1,0.0,0.0,0.0,0.0
C,R02,testing,07,283,1,0.0,0.0,0.0,0.0
C,R02,testing,07,284,1,0.0,0.0,0.0,0.0
C,R02,testing,07,285,1,0.0,0.0,0.0,0.0
C,R02,testing,07,286,1,0.0,0.0,0.0,0.0
C,R02,testing,07,287,1,0.0,0.0,0.0,0.0
C,R02,testing,07,288,1,0.0,0.0,0.0,0.0
C,R02,testing,07,289,1,0.0,0.0,0.0,0.0
C,R02,testing,07,290,1,0.0,0.0,0.0,0.0
C,R02,testing,07,291,1,0.0,0.0,0.0,0.0
C,R02,testing,07,292,1,0.0,0.0,0.0,0.0
C,R02,testing,07,293,1,0.0,0.0,0.0,0.0
C,R02,testing,07,294,1,0.0,0.0,0.0,0.0
C,R02,testing,07,295,1,0.0,0.0,0.0,0.0
C,R02,testing,07,296,1,0.0,0.0,0.0,0.0
C,R02,testing,07,297,1,0.0,0.0,0.0,0.0
C,R02,testing,07,298,1,0.0,0.0,0.0,0.0
C,R02,testing,07,299,1,0.0,0.0,0.0,0.0
C,R02,testing,07,300,1,0.0,0.0,0.0,0.0
C,R02,testing,07,301,1,0.0,0.0,0.0,0.0
C,R02,testing,07,302,1,0.0,0.0,0.0,0.0
C,R02,testing,07,303,1,0.0,0.0,0.0,0.0
C,R02,testing,07,304,1,0.0,0.0,0.0,0.0
C,R02,testing,07,305,1,0.0,0.0,0.0,0.0
C,R02,testing,07,306,1,0.0,0.0,0.0,0.0
C,R02,testing,07,307,1,0.0,0.0,0.0,0.0
C,R02,testing,07,308,1,0.0,0.0,0.0,0.0
C,R02,testing,07,309,1,0.0,0.0,0.0,0.0
C,R02,testing,07,310,1,0.0,0.0,0.0,0.0
C,R02,testing,07,311,1,0.0,0.0,0.0,0.0
C,R02,testing,07,312,1,0.0,0.0,0.0,0.0
C,R02,testing,07,313,1,0.0,0.0,0.0,0.0
C,R02,testing,07,314,1,0.0,0.0,0.0,0.0
C,R02,testing,07,315,1,0.0,0.0,0.0,0.0
C,R02,testing,07,316,1,0.0,0.0,0.0,0.0
C,R02,testing,07,317,1,0.0,0.0,0.0,0.0
C,R02,testing,07,318,1,0.0,0.0,0.0,0.0
C,R02,testing,07,319,1,0.0,0.0,0.0,0.0
C,R02,testing,07,320,1,0.0,0.0,0.0,0.0
C,R02,testing,07,321,1,0.0,0.0,0.0,0.0
C,R02,testing,07,322,1,0.0,0.0,0.0,0.0
C,R02,testing,07,323,1,0.0,0.0,0.0,0.0
C,R02,testing,07,324,1,0.0,0.0,0.0,0.0
C,R02,testing,07,325,1,0.0,0.0,0.0,0.0
C,R02,testing,07,326,1,0.0,0.0,0.0,0.0
C,R02,testing,07,327,1,0.0,0.0,0.0,0.0
C,R02,testing,07,328,1,0.0,0.0,0.0,0.0
C,R02,testing,07,329,1,0.0,0.0,0.0,0.0
C,R02,testing,07,330,1,0.0,0.0,0.0,0.0
C,R02,testing,07,331,1,0.0,0.0,0.0,0.0
C,R02,testing,07,332,1,0.0,0.0,0.0,0.0
C,R02,testing,07,333,1,0.0,0.0,0.0,0.0
C,R02,testing,07,334,0,0.0,0.0,0.0,0.0
C,R02,testing,07,335,0,0.0,0.0,0.0,0.0
C,R02,testing,07,336,0,0.0,0.0,0.0,0.0
C,R02,testing,07,337,0,0.0,0.0,0.0,0.0
C,R02,testing,07,338,0,0.0,0.0,0.0,0.0
C,R02,testing,07,339,0,0.0,0.0,0.0,0.0
C,R02,testing,07,340,0,0.0,0.0,0.0,0.0
C,R02,testing,07,341,0,0.0,0.0,0.0,0.0
C,R02,testing,07,342,0,0.0,0.0,0.0,0.0
C,R02,testing,07,343,0,0.0,0.0,0.0,0.0
C,R02,testing,07,344,0,0.0,0.0,0.0,0.0
C,R02,testing,07,345,0,0.0,0.0,0.0,0.0
C,R02,testing,07,346,0,0.0,0.0,0.0,0.0
C,R02,testing,07,347,0,0.0,0.0,0.0,0.0
C,R02,testing,07,348,0,0.0,0.0,0.0,0.0
C,R02,testing,07,349,0,0.0,0.0,0.0,0.0
C,R02,testing,07,350,0,0.0,0.0,0.0,0.0
C,R02,testing,07,351,0,0.0,0.0,0.0,0.0
C,R02,testing,07,352,0,0.0,0.0,0.0,0.0
C,R02,testing,07,353,0,0.0,0.0,0.0,0.0
C,R02,testing,07,354,0,0.0,0.0,0.0,0.0
C,R02,testing,07,355,0,0.0,0.0,0.0,0.0
C,R02,testing,07,356,0,0.0,0.0,0.0,0.0
C,R02,testing,07,357,0,0.0,0.0,0.0,0.0
C,R02,testing,07,358,0,0.0,0.0,0.0,0.0
C,R02,testing,07,359,0,0.0,0.0,0.0,0.0
C,R02,testing,07,360,0,0.0,0.0,0.0,0.0
C,R02,testing,07,361,0,0.0,0.0,0.0,0.0
C,R02,testing,07,362,0,0.0,0.0,0.0,0.0
C,R02,testing,07,363,0,0.0,0.0,0.0,0.0
C,R02,testing,07,364,0,0.0,0.0,0.0,0.0
C,R02,testing,07,365,0,0.0,0.0,0.0,0.0
C,R02,testing,07,366,0,0.0,0.0,0.0,0.0
C,R02,testing,07,367,0,0.0,0.0,0.0,0.0
C,R02,testing,07,368,0,0.0,0.0,0.0,0.0
C,R02,testing,07,369,0,0.0,0.0,0.0,0.0
C,R02,testing,07,370,0,0.0,0.0,0.0,0.0
C,R02,testing,07,371,0,0.0,0.0,0.0,0.0
C,R02,testing,07,372,0,0.0,0.0,0.0,0.0
C,R02,testing,07,373,0,0.0,0.0,0.0,0.0
C,R02,testing,07,374,0,0.0,0.0,0.0,0.0
C,R02,testing,07,375,0,0.0,0.0,0.0,0.0
C,R02,testing,07,376,0,0.0,0.0,0.0,0.0
C,R02,testing,07,377,0,0.0,0.0,0.0,0.0
C,R02,testing,07,378,0,0.0,0.0,0.0,0.0
C,R02,testing,07,379,0,0.0,0.0,0.0,0.0
C,R02,testing,07,380,0,0.0,0.0,0.0,0.0
C,R02,testing,07,381,0,0.0,0.0,0.0,0.0
C,R02,testing,07,382,0,0.0,0.0,0.0,0.0
C,R02,testing,07,383,0,0.0,0.0,0.0,0.0
C,R02,testing,07,384,0,0.0,0.0,0.0,0.0
C,R02,testing,07,385,0,0.0,0.0,0.0,0.0
C,R02,testing,07,386,0,0.0,0.0,0.0,0.0
C,R02,testing,07,387,0,0.0,0.0,0.0,0.0
C,R02,testing,07,388,0,0.0,0.0,0.0,0.0
C,R02,testing,07,389,0,0.0,0.0,0.0,0.0
C,R02,testing,07,390,0,0.0,0.0,0.0,0.0
C,R02,testing,07,391,0,0.0,0.0,0.0,0.0
C,R02,testing,07,392,0,0.0,0.0,0.0,0.0
C,R02,testing,07,393,0,0.0,0.0,0.0,0.0
C,R02,testing,07,394,0,0.0,0.0,0.0,0.0
C,R02,testing,07,395,0,0.0,0.0,0.0,0.0
C,R02,testing,07,396,0,0.0,0.0,0.0,0.0
C,R02,testing,07,397,0,0.0,0.0,0.0,0.0
C,R02,testing,07,398,0,0.0,0.0,0.0,0.0
C,R02,testing,07,399,0,0.0,0.0,0.0,0.0
C,R02,testing,07,400,0,0.0,0.0,0.0,0.0
C,R02,testing,07,401,0,0.0,0.0,0.0,0.0
C,R02,testing,07,402,0,0.0,0.0,0.0,0.0
C,R02,testing,07,403,0,0.0,0.0,0.0,0.0
C,R02,testing,07,404,0,0.0,0.0,0.0,0.0
C,R02,testing,07,405,0,0.0,0.0,0.0,0.0
C,R02,testing,07,406,0,0.0,0.0,0.0,0.0
C,R02,testing,07,407,0,0.0,0.0,0.0,0.0
C,R02,testing,07,408,0,0.0,0.0,0.0,0.0
C,R02,testing,07,409,0,0.0,0.0,0.0,0.0
C,R02,testing,07,410,0,0.0,0.0,0.0,0.0
C,R02,testing,07,411,0,0.0,0.0,0.0,0.0
C,R02,testing,07,412,0,0.0,0.0,0.0,0.0
C,R02,testing,07,413,0,0.0,0.0,0.0,0.0
C,R02,testing,07,414,0,0.0,0.0,0.0,0.0
C,R02,testing,07,415,0,0.0,0.0,0.0,0.0
C,R02,testing,07,416,0,0.0,0.0,0.0,0.0
C,R02,testing,07,417,0,0.0,0.0,0.0,0.0
C,R02,testing,07,418,0,0.0,0.0,0.0,0.0
C,R02,testing,07,419,0,0.0,0.0,0.0,0.0
C,R02,testing,07,420,0,0.0,0.0,0.0,0.0
C,R02,testing,07,421,0,0.0,0.0,0.0,0.0
C,R02,testing,07,422,0,0.0,0.0,0.0,0.0
C,R02,testing,07,423,0,0.0,0.0,0.0,0.0
C,R02,testing,07,424,0,0.0,0.0,0.0,0.0
C,R02,testing,07,425,0,0.0,0.0,0.0,0.0
C,R02,testing,07,426,0,0.0,0.0,0.0,0.0
C,R02,testing,07,427,0,0.0,0.0,0.0,0.0
C,R02,testing,07,428,0,0.0,0.0,0.0,0.0
C,R02,testing,07,429,0,0.0,0.0,0.0,0.0
C,R02,testing,07,430,0,0.0,0.0,0.0,0.0
C,R02,testing,07,431,0,0.0,0.0,0.0,0.0
C,R02,testing,07,432,0,0.0,0.0,0.0,0.0
C,R02,testing,07,433,0,0.0,0.0,0.0,0.0
C,R02,testing,07,434,0,0.0,0.0,0.0,0.0
C,R02,testing,07,435,0,0.0,0.0,0.0,0.0
C,R02,testing,07,436,0,0.0,0.0,0.0,0.0
C,R02,testing,07,437,0,0.0,0.0,0.0,0.0
C,R02,testing,07,438,0,0.0,0.0,0.0,0.0
C,R02,testing,07,439,0,0.0,0.0,0.0,0.0
C,R02,testing,07,440,0,0.0,0.0,0.0,0.0
C,R02,testing,07,441,0,0.0,0.0,0.0,0.0
C,R02,testing,07,442,0,0.0,0.0,0.0,0.0
C,R02,testing,07,443,0,0.0,0.0,0.0,0.0
C,R02,testing,07,444,0,0.0,0.0,0.0,0.0
C,R02,testing,07,445,0,0.0,0.0,0.0,0.0
C,R02,testing,07,446,0,0.0,0.0,0.0,0.0
C,R02,testing,07,447,0,0.0,0.0,0.0,0.0
C,R02,testing,07,448,0,0.0,0.0,0.0,0.0
C,R02,testing,07,449,0,0.0,0.0,0.0,0.0
C,R02,testing,07,450,0,0.0,0.0,0.0,0.0
C,R02,testing,07,451,0,0.0,0.0,0.0,0.0
C,R02,testing,07,452,0,0.0,0.0,0.0,0.0
C,R02,testing,07,453,0,0.0,0.0,0.0,0.0
C,R02,testing,07,454,0,0.0,0.0,0.0,0.0
C,R02,testing,07,455,0,0.0,0.0,0.0,0.0
C,R02,testing,07,456,0,0.0,0.0,0.0,0.0
C,R02,testing,07,457,0,0.0,0.0,0.0,0.0
C,R02,testing,07,458,0,0.0,0.0,0.0,0.0
C,R02,testing,07,459,0,0.0,0.0,0.0,0.0
C,R02,testing,07,460,0,0.0,0.0,0.0,0.0
C,R02,testing,07,461,0,0.0,0.0,0.0,0.0
C,R02,testing,07,462,0,0.0,0.0,0.0,0.0
C,R02,testing,07,463,0,0.0,0.0,0.0,0.0
C,R02,testing,07,464,0,0.0,0.0,0.0,0.0
C,R02,testing,07,465,0,0.0,0.0,0.0,0.0
C,R02,testing,07,466,0,0.0,0.0,0.0,0.0
C,R02,testing,07,467,0,0.0,0.0,0.0,0.0
C,R02,testing,07,468,0,0.0,0.0,0.0,0.0
C,R02,testing,07,469,0,0.0,0.0,0.0,0.0
C,R02,testing,07,470,0,0.0,0.0,0.0,0.0
C,R02,testing,07,471,0,0.0,0.0,0.0,0.0
C,R02,testing,07,472,0,0.0,0.0,0.0,0.0
C,R02,testing,07,473,0,0.0,0.0,0.0,0.0
C,R02,testing,07,474,0,0.0,0.0,0.0,0.0
C,R02,testing,07,475,0,0.0,0.0,0.0,0.0
C,R02,testing,07,476,0,0.0,0.0,0.0,0.0
C,R02,testing,07,477,0,0.0,0.0,0.0,0.0
C,R02,testing,07,478,0,0.0,0.0,0.0,0.0
C,R02,testing,07,479,0,0.0,0.0,0.0,0.0
C,R02,testing,07,480,0,0.0,0.0,0.0,0.0
C,R02,testing,07,481,0,0.0,0.0,0.0,0.0
C,R02,testing,07,482,0,0.0,0.0,0.0,0.0
C,R02,testing,07,483,0,0.0,0.0,0.0,0.0
C,R02,testing,07,484,0,0.0,0.0,0.0,0.0
C,R02,testing,07,485,0,0.0,0.0,0.0,0.0
C,R02,testing,07,486,0,0.0,0.0,0.0,0.0
C,R02,testing,07,487,0,0.0,0.0,0.0,0.0
C,R02,testing,07,488,0,0.0,0.0,0.0,0.0
C,R02,testing,07,489,0,0.0,0.0,0.0,0.0
C,R02,testing,07,490,0,0.0,0.0,0.0,0.0
C,R02,testing,07,491,0,0.0,0.0,0.0,0.0
C,R02,testing,07,492,0,0.0,0.0,0.0,0.0
C,R02,testing,07,493,0,0.0,0.0,0.0,0.0
C,R02,testing,07,494,0,0.0,0.0,0.0,0.0
C,R02,testing,07,495,0,0.0,0.0,0.0,0.0
C,R02,testing,07,496,0,0.0,0.0,0.0,0.0
C,R02,testing,07,497,0,0.0,0.0,0.0,0.0
C,R02,testing,07,498,0,0.0,0.0,0.0,0.0
C,R02,testing,07,499,0,0.0,0.0,0.0,0.0
C,R02,testing,07,500,0,0.0,0.0,0.0,0.0
C,R02,testing,07,501,0,0.0,0.0,0.0,0.0
C,R02,testing,07,502,0,0.0,0.0,0.0,0.0
C,R02,testing,07,503,0,0.0,0.0,0.0,0.0
C,R02,testing,07,504,0,0.0,0.0,0.0,0.0
C,R02,testing,07,505,0,0.0,0.0,0.0,0.0
C,R02,testing,07,506,0,0.0,0.0,0.0,0.0
C,R02,testing,07,507,0,0.0,0.0,0.0,0.0
C,R02,testing,07,508,0,0.0,0.0,0.0,0.0
C,R02,testing,07,509,0,0.0,0.0,0.0,0.0
C,R02,testing,07,510,0,0.0,0.0,0.0,0.0
C,R02,testing,07,511,0,0.0,0.0,0.0,0.0
C,R02,testing,07,512,0,0.0,0.0,0.0,0.0
C,R02,testing,07,513,0,0.0,0.0,0.0,0.0
C,R02,testing,07,514,0,0.0,0.0,0.0,0.0
C,R02,testing,07,515,0,0.0,0.0,0.0,0.0
C,R02,testing,07,516,0,0.0,0.0,0.0,0.0
C,R02,testing,07,517,0,0.0,0.0,0.0,0.0
C,R02,testing,07,518,0,0.0,0.0,0.0,0.0
C,R02,testing,07,519,0,0.0,0.0,0.0,0.0
C,R02,testing,07,520,0,0.0,0.0,0.0,0.0
C,R02,testing,07,521,0,0.0,0.0,0.0,0.0
C,R02,testing,07,522,0,0.0,0.0,0.0,0.0
C,R02,testing,07,523,0,0.0,0.0,0.0,0.0
C,R02,testing,07,524,0,0.0,0.0,0.0,0.0
C,R02,testing,07,525,0,0.0,0.0,0.0,0.0
C,R02,testing,07,526,0,0.0,0.0,0.0,0.0
C,R02,testing,07,527,0,0.0,0.0,0.0,0.0
C,R02,testing,07,528,0,0.0,0.0,0.0,0.0
C,R02,testing,07,529,0,0.0,0.0,0.0,0.0
C,R02,testing,07,530,0,0.0,0.0,0.0,0.0
C,R02,testing,07,531,0,0.0,0.0,0.0,0.0
C,R02,testing,07,532,0,0.0,0.0,0.0,0.0
C,R02,testing,07,533,0,0.0,0.0,0.0,0.0
C,R02,testing,07,534,0,0.0,0.0,0.0,0.0
C,R02,testing,07,535,0,0.0,0.0,0.0,0.0
P1,R02,testing,07,0,0,0.0,0.0,0.0,0.0
P1,R02,testing,07,1,0,0.0,0.0,0.0,0.0
P1,R02,testing,07,2,0,0.0,0.0,0.0,0.0
P1,R02,testing,07,3,0,0.0,0.0,0.0,0.0
P1,R02,testing,07,4,0,0.0,0.0,0.0,0.0
P1,R02,testing,07,5,0,0.0,0.0,0.0,0.0
P1,R02,testing,07,6,0,0.0,0.0,0.0,0.0
P1,R02,testing,07,7,0,0.0,0.0,0.0,0.0
P1,R02,testing,07,8,0,0.0,0.0,0.0,0.0
P1,R02,testing,07,9,0,0.0,0.0,0.0,0.0
P1,R02,testing,07,10,0,0.0,0.0,0.0,0.0
P1,R02,testing,07,11,0,0.0,0.0,0.0,0.0
P1,R02,testing,07,12,0,0.0,0.0,0.0,0.0
P1,R02,testing,07,13,0,0.0,0.0,0.0,0.0
P1,R02,testing,07,14,0,0.0,0.0,0.0,0.0
P1,R02,testing,07,15,0,0.0,0.0,0.0,0.0
P1,R02,testing,07,16,0,0.0,0.0,0.0,0.0
P1,R02,testing,07,17,0,0.0,0.0,0.0,0.0
P1,R02,testing,07,18,0,0.0,0.0,0.0,0.0
P1,R02,testing,07,19,0,0.0,0.0,0.0,0.0
P1,R02,testing,07,20,0,0.0,0.0,0.0,0.0
P1,R02,testing,07,21,0,0.0,0.0,0.0,0.0
P1,R02,testing,07,22,0,0.0,0.0,0.0,0.0
P1,R02,testing,07,23,0,0.0,0.0,0.0,0.0
P1,R02,testing,07,24,0,0.0,0.0,0.0,0.0
P1,R02,testing,07,25,0,0.0,0.0,0.0,0.0
P1,R02,testing,07,26,0,0.0,0.0,0.0,0.0
P1,R02,testing,07,27,0,0.0,0.0,0.0,0.0
P1,R02,testing,07,28,0,0.0,0.0,0.0,0.0
P1,R02,testing,07,29,0,0.0,0.0,0.0,0.0
P1,R02,testing,07,30,0,0.0,0.0,0.0,0.0
P1,R02,testing,07,31,0,0.0,0.0,0.0,0.0
P1,R02,testing,07,32,0,0.0,0.0,0.0,0.0
P1,R02,testing,07,33,0,0.0,0.0,0.0,0.0
P1,R02,testing,07,34,0,0.0,0.0,0.0,0.0
P1,R02,testing,07,35,0,0.0,0.0,0.0,0.0
P1,R02,testing,07,36,0,0.0,0.0,0.0,0.0
P1,R02,testing,07,37,0,0.0,0.0,0.0,0.0
P1,R02,testing,07,38,0,0.0,0.0,0.0,0.0
P1,R02,testing,07,39,0,0.0,0.0,0.0,0.0
P1,R02,testing,07,40,0,0.0,0.0,0.0,0.0
P1,R02,testing,07,41,0,0.0,0.0,0.0,0.0
P1,R02,testing,07,42,0,0.0,0.0,0.0,0.0
P1,R02,testing,07,43,0,0.0,0.0,0.0,0.0
P1,R02,testing,07,44,0,0.0,0.0,0.0,0.0
P1,R02,testing,07,45,0,0.0,0.0,0.0,0.0
P1,R02,testing,07,46,0,0.0,0.0,0.0,0.0
P1,R02,testing,07,47,0,0.0,0.0,0.0,0.0
P1,R02,testing,07,48,0,0.0,0.0,0.0,0.0
P1,R02,testing,07,49,0,0.0,0.0,0.0,0.0
P1,R02,testing,07,50,0,0.0,0.0,0.0,0.0
P1,R02,testing,07,51,0,0.0,0.0,0.0,0.0
P1,R02,testing,07,52,0,0.0,0.0,0.0,0.0
P1,R02,testing,07,53,0,0.0,0.0,0.0,0.0
P1,R02,testing,07,54,0,0.0,0.0,0.0,0.0
P1,R02,testing,07,55,0,0.0,0.0,0.0,0.0
P1,R02,testing,07,56,0,0.0,0.0,0.0,0.0
P1,R02,testing,07,57,0,0.0,0.0,0.0,0.0
P1,R02,testing,07,58,0,0.0,0.0,0.0,0.0
P1,R02,testing,07,59,0,0.0,0.0,0.0,0.0
P1,R02,testing,07,60,0,0.0,0.0,0.0,0.0
P1,R02,testing,07,61,0,0.0,0.0,0.0,0.0
P1,R02,testing,07,62,0,0.0,0.0,0.0,0.0
P1,R02,testing,07,63,0,0.0,0.0,0.0,0.0
P1,R02,testing,07,64,0,0.0,0.0,0.0,0.0
P1,R02,testing,07,65,0,0.0,0.0,0.0,0.0
P1,R02,testing,07,66,0,0.0,0.0,0.0,0.0
P1,R02,testing,07,67,0,0.0,0.0,0.0,0.0
P1,R02,testing,07,68,0,0.0,0.0,0.0,0.0
P1,R02,testing,07,69,0,0.0,0.0,0.0,0.0
P1,R02,testing,07,70,0,0.0,0.0,0.0,0.0
P1,R02,testing,07,71,0,0.0,0.0,0.0,0.0
P1,R02,testing,07,72,0,0.0,0.0,0.0,0.0
P1,R02,testing,07,73,0,0.0,0.0,0.0,0.0
P1,R02,testing,07,74,0,0.0,0.0,0.0,0.0
P1,R02,testing,07,75,0,0.0,0.0,0.0,0.0
P1,R02,testing,07,76,0,0.0,0.0,0.0,0.0
P1,R02,testing,07,77,0,0.0,0.0,0.0,0.0
P1,R02,testing,07,78,0,0.0,0.0,0.0,0.0
P1,R02,testing,07,79,0,0.0,0.0,0.0,0.0
P1,R02,testing,07,80,0,0.0,0.0,0.0,0.0
P1,R02,testing,07,81,0,0.0,0.0,0.0,0.0
P1,R02,testing,07,82,0,0.0,0.0,0.0,0.0
P1,R02,testing,07,83,0,0.0,0.0,0.0,0.0
P1,R02,testing,07,84,0,0.0,0.0,0.0,0.0
P1,R02,testing,07,85,0,0.0,0.0,0.0,0.0
P1,R02,testing,07,86,0,0.0,0.0,0.0,0.0
P1,R02,testing,07,87,0,0.0,0.0,0.0,0.0
P1,R02,testing,07,88,0,0.0,0.0,0.0,0.0
P1,R02,testing,07,89,0,0.0,0.0,0.0,0.0
P1,R02,testing,07,90,0,0.0,0.0,0.0,0.0
P1,R02,testing,07,91,0,0.0,0.0,0.0,0.0
P1,R02,testing,07,92,0,0.0,0.0,0.0,0.0
P1,R02,testing,07,93,0,0.0,0.0,0.0,0.0
P1,R02,testing,07,94,0,0.0,0.0,0.0,0.0
P1,R02,testing,07,95,0,0.0,0.0,0.0,0.0
P1,R02,testing,07,96,0,0.0,0.0,0.0,0.0
P1,R02,testing,07,97,0,0.0,0.0,0.0,0.0
P1,R02,testing,07,98,0,0.0,0.0,0.0,0.0
P1,R02,testing,07,99,0,0.0,0.0,0.0,0.0
P1,R02,testing,07,100,0,0.0,0.0,0.0,0.0
P1,R02,testing,07,101,0,0.0,0.0,0.0,0.0
P1,R02,testing,07,102,0,0.0,0.0,0.0,0.0
P1,R02,testing,07,103,0,0.0,0.0,0.0,0.0
P1,R02,testing,07,104,0,0.0,0.0,0.0,0.0
P1,R02,testing,07,105,0,0.0,0.0,0.0,0.0
P1,R02,testing,07,106,0,0.0,0.0,0.0,0.0
P1,R02,testing,07,107,0,0.0,0.0,0.0,0.0
P1,R02,testing,07,108,0,0.0,0.0,0.0,0.0
P1,R02,testing,07,109,0,0.0,0.0,0.0,0.0
P1,R02,testing,07,110,0,0.0,0.0,0.0,0.0
P1,R02,testing,07,111,0,0.0,0.0,0.0,0.0
P1,R02,testing,07,112,0,0.0,0.0,0.0,0.0
P1,R02,testing,07,113,0,0.0,0.0,0.0,0.0
P1,R02,testing,07,114,0,0.0,0.0,0.0,0.0
P1,R02,testing,07,115,0,0.0,0.0,0.0,0.0
P1,R02,testing,07,116,0,0.0,0.0,0.0,0.0
P1,R02,testing,07,117,0,0.0,0.0,0.0,0.0
P1,R02,testing,07,118,0,0.0,0.0,0.0,0.0
P1,R02,testing,07,119,0,0.0,0.0,0.0,0.0
P1,R02,testing,07,120,0,0.0,0.0,0.0,0.0
P1,R02,testing,07,121,0,0.0,0.0,0.0,0.0
P1,R02,testing,07,122,0,0.0,0.0,0.0,0.0
P1,R02,testing,07,123,0,0.0,0.0,0.0,0.0
P1,R02,testing,07,124,0,0.0,0.0,0.0,0.0
P1,R02,testing,07,125,0,0.0,0.0,0.0,0.0
P1,R02,testing,07,126,0,0.0,0.0,0.0,0.0
P1,R02,testing,07,127,0,0.0,0.0,0.0,0.0
P1,R02,testing,07,128,0,0.0,0.0,0.0,0.0
P1,R02,testing,07,129,0,0.0,0.0,0.0,0.0
P1,R02,testing,07,130,0,0.0,0.0,0.0,0.0
P1,R02,testing,07,131,0,0.0,0.0,0.0,0.0
P1,R02,testing,07,132,0,0.0,0.0,0.0,0.0
P1,R02,testing,07,133,0,0.0,0.0,0.0,0.0
P1,R02,testing,07,134,0,0.0,0.0,0.0,0.0
P1,R02,testing,07,135,0,0.0,0.0,0.0,0.0
P1,R02,testing,07,136,0,0.0,0.0,0.0,0.0
P1,R02,testing,07,137,0,0.0,0.0,0.0,0.0
P1,R02,testing,07,138,0,0.0,0.0,0.0,0.0
P1,R02,testing,07,139,0,0.0,0.0,0.0,0.0
P1,R02,testing,07,140,0,0.0,0.0,0.0,0.0
P1,R02,testing,07,141,0,0.0,0.0,0.0,0.0
P1,R02,testing,07,142,0,0.0,0.0,0.0,0.0
P1,R02,testing,07,143,0,0.0,0.0,0.0,0.0
P1,R02,testing,07,144,0,0.0,0.0,0.0190107645588514,0.017110382203951682
P1,R02,testing,07,145,0,0.0,0.0,0.0190107645588514,0.017139589854319768
P1,R02,testing,07,146,0,0.0,0.0,0.0190107645588514,0.01716860832366553
P1,R02,testing,07,147,0,0.0,0.0,0.0190107645588514,0.017197436482970653
P1,R02,testing,07,148,0,0.0,0.0,0.0190107645588514,0.01722607320926885
P1,R02,testing,07,149,0,0.0,0.0,0.0190107645588514,0.01725451738571862
P1,R02,testing,07,150,0,0.0,0.0,0.0190107645588514,0.017282767901675686
P1,R02,testing,07,151,0,0.0,0.0,0.0190107645588514,0.01731082365276514
P1,R02,testing,07,152,0,0.0,0.0,0.0190107645588514,0.017338683540953262
P1,R02,testing,07,153,0,0.0,0.0,0.0190107645588514,0.017366346474619005
P1,R02,testing,07,154,0,0.0,0.0,0.0190107645588514,0.01739381136862517
P1,R02,testing,07,155,0,0.0,0.0,0.0190107645588514,0.017421077144389223
P1,R02,testing,07,156,0,0.0,0.0,0.0190107645588514,0.01744814272995378
P1,R02,testing,07,157,0,0.0,0.0,0.0190107645588514,0.017475007060056738
P1,R02,testing,07,158,0,0.0,0.0,0.0190107645588514,0.017501669076201043
P1,R02,testing,07,159,0,0.0,0.0,0.0190107645588514,0.01752812772672411
P1,R02,testing,07,160,0,0.0,0.0,0.039348214679504334,0.03633381435344172
P1,R02,testing,07,161,0,0.0,0.0,0.039348214679504334,0.036387729778864016
P1,R02,testing,07,162,0,0.0,0.0,0.039348214679504334,0.036441217837117644
P1,R02,testing,07,163,0,0.0,0.0,0.039348214679504334,0.036494276409490746
P1,R02,testing,07,164,0,0.0,0.0,0.039348214679504334,0.03654690339212388
P1,R02,testing,07,165,0,0.0,0.0,0.039348214679504334,0.03659909669614896
P1,R02,testing,07,166,0,0.0,0.0,0.039348214679504334,0.03665085424782727
P1,R02,testing,07,167,0,0.0,0.0,0.039348214679504334,0.036702173988686616
P1,R02,testing,07,168,0,0.0,0.0,0.039348214679504334,0.03675305387565767
P1,R02,testing,07,169,0,0.0,0.0,0.039348214679504334,0.036803491881209384
P1,R02,testing,07,170,0,0.0,0.0,0.039348214679504334,0.03685348599348353
P1,R02,testing,07,171,0,0.0,0.0,0.039348214679504334,0.03690303421642831
P1,R02,testing,07,172,0,0.0,0.0,0.039348214679504334,0.03695213456993107
P1,R02,testing,07,173,0,0.0,0.0,0.039348214679504334,0.037000785089950125
P1,R02,testing,07,174,0,0.0,0.0,0.039348214679504334,0.037048983828645514
P1,R02,testing,07,175,0,0.0,0.0,0.039348214679504334,0.037096728854508945
P1,R02,testing,07,176,0,0.0,0.0,0.0798077441759111,0.07533709802351952
P1,R02,testing,07,177,0,0.0,0.0,0.0798077441759111,0.0754320844431563
P1,R02,testing,07,178,0,0.0,0.0,0.0798077441759111,0.07552613907152778
P1,R02,testing,07,179,0,0.0,0.0,0.0798077441759111,0.07561925812615847
P1,R02,testing,07,180,0,0.0,0.0,0.0798077441759111,0.07571143785898465
P1,R02,testing,07,181,0,0.0,0.0,0.0798077441759111,0.0758026745566056
P1,R02,testing,07,182,0,0.0,0.0,0.0798077441759111,0.07589296454053288
P1,R02,testing,07,183,0,0.0,0.0,0.0798077441759111,0.07598230416743731
P1,R02,testing,07,184,0,0.0,0.0,0.0798077441759111,0.07607068982939391
P1,R02,testing,07,185,0,0.0,0.0,0.0798077441759111,0.07615811795412462
P1,R02,testing,07,186,0,0.0,0.0,0.0798077441759111,0.0762445850052388
P1,R02,testing,07,187,0,0.0,0.0,0.0798077441759111,0.07633008748247157
P1,R02,testing,07,188,0,0.0,0.0,0.0798077441759111,0.0764146219219198
P1,R02,testing,07,189,0,0.0,0.0,0.0798077441759111,0.07649818489627605
P1,R02,testing,07,190,0,0.0,0.0,0.0798077441759111,0.0765807730150599
P1,R02,testing,07,191,0,0.0,0.0,0.0798077441759111,0.07666238292484727
P1,R02,testing,07,192,0,0.0,0.0,0.10355946169982685,0.0995826285093031
P1,R02,testing,07,193,0,0.0,0.0,0.10355946169982685,0.09968597495079028
P1,R02,testing,07,194,0,0.0,0.0,0.10355946169982685,0.09978803929395917
P1,R02,testing,07,195,0,0.0,0.0,0.10355946169982685,0.09988881738261933
P1,R02,testing,07,196,0,0.0,0.0,0.10355946169982685,0.09998830511010608
P1,R02,testing,07,197,0,0.0,0.0,0.10355946169982685,0.10008649841955931
P1,R02,testing,07,198,0,0.0,0.0,0.10355946169982685,0.1001833933041992
P1,R02,testing,07,199,0,0.0,0.0,0.10355946169982685,0.10027898580759861
P1,R02,testing,07,200,0,0.0,0.0,0.10355946169982685,0.10037327202395226
P1,R02,testing,07,201,0,0.0,0.0,0.10355946169982685,0.10046624809834266
P1,R02,testing,07,202,0,0.0,0.0,0.10355946169982685,0.10055791022700279
P1,R02,testing,07,203,0,0.0,0.0,0.10355946169982685,0.10064825465757536
P1,R02,testing,07,204,0,0.0,0.0,0.10355946169982685,0.10073727768936878
P1,R02,testing,07,205,0,0.0,0.0,0.10355946169982685,0.10082497567360982
P1,R02,testing,07,206,0,0.0,0.0,0.10355946169982685,0.10091134501369275
P1,R02,testing,07,207,0,0.0,0.0,0.10355946169982685,0.10099638216542525
P1,R02,testing,07,208,0,0.0,0.0,0.1279394848758532,0.12487641032014153
P1,R02,testing,07,209,0,0.0,0.0,0.1279394848758532,0.12497816246218126
P1,R02,testing,07,210,0,0.0,0.0,0.1279394848758532,0.12507825604716927
P1,R02,testing,07,211,0,0.0,0.0,0.1279394848758532,0.12517668695849896
P1,R02,testing,07,212,0,0.0,0.0,0.1279394848758532,0.12527345114577026
P1,R02,testing,07,213,0,0.0,0.0,0.1279394848758532,0.12536854462506747
P1,R02,testing,07,214,0,0.0,0.0,0.1279394848758532,0.12546196347923258
P1,R02,testing,07,215,0,0.0,0.0,0.1279394848758532,0.12555370385813416
P1,R02,testing,07,216,0,0.0,0.0,0.1279394848758532,0.12564376197893184
P1,R02,testing,07,217,0,0.0,0.0,0.1279394848758532,0.12573213412633624
P1,R02,testing,07,218,0,0.0,0.0,0.1279394848758532,0.12581881665286435
P1,R02,testing,07,219,0,0.0,0.0,0.1279394848758532,0.1259038059790906
P1,R02,testing,07,220,1,0.0,0.0,0.1279394848758532,0.12598709859389295
P1,R02,testing,07,221,1,0.0,0.0,0.1279394848758532,0.12606869105469487
P1,R02,testing,07,222,1,0.0,0.0,0.1279394848758532,0.12614857998770224
P1,R02,testing,07,223,1,0.0,0.0,0.1279394848758532,0.12622676208813605
P1,R02,testing,07,224,1,0.0,0.0,0.13372904120991275,0.1320187463395681
P1,R02,testing,07,225,1,0.0,0.0,0.13372904120991275,0.13209688814549714
P1,R02,testing,07,226,1,0.0,0.0,0.13372904120991275,0.13217323595294983
P1,R02,testing,07,227,1,0.0,0.0,0.13372904120991275,0.1322477865984832
P1,R02,testing,07,228,1,0.0,0.0,0.13372904120991275,0.13232053699193405
P1,R02,testing,07,229,1,0.0,0.0,0.13372904120991275,0.1323914841166323
P1,R02,testing,07,230,1,0.0,0.0,0.13372904120991275,0.1324606250296096
P1,R02,testing,07,231,1,0.0,0.0,0.13372904120991275,0.13252795686180277
P1,R02,testing,07,232,1,0.0,0.0,0.13372904120991275,0.13259347681825212
P1,R02,testing,07,233,1,0.0,0.0,0.13372904120991275,0.13265718217829492
P1,R02,testing,07,234,1,0.0,0.0,0.13372904120991275,0.13271907029575367
P1,R02,testing,07,235,1,0.0,0.0,0.13372904120991275,0.13277913859911922
P1,R02,testing,07,236,1,0.0,0.0,0.13372904120991275,0.13283738459172892
P1,R02,testing,07,237,1,0.0,0.0,0.13372904120991275,0.13289380585193958
P1,R02,testing,07,238,1,0.0,0.0,0.13372904120991275,0.13294840003329514
P1,R02,testing,07,239,1,0.0,0.0,0.13372904120991275,0.13300116486468955
P1,R02,testing,07,240,1,0.0,0.0,0.13841257853170214,0.13771192717339267
P1,R02,testing,07,241,1,0.0,0.0,0.13841257853170214,0.1377627463895781
P1,R02,testing,07,242,1,0.0,0.0,0.13841257853170214,0.1378116656048268
P1,R02,testing,07,243,1,0.0,0.0,0.13841257853170214,0.13785868278202376
P1,R02,testing,07,244,1,0.0,0.0,0.13841257853170214,0.1379037959628038
P1,R02,testing,07,245,1,0.0,0.0,0.13841257853170214,0.13794700326768747
P1,R02,testing,07,246,1,0.0,0.0,0.13841257853170214,0.13798830289621153
P1,R02,testing,07,247,1,0.0,0.0,0.13841257853170214,0.138027693127054
P1,R02,testing,07,248,1,0.0,0.0,0.13841257853170214,0.13806517231815388
P1,R02,testing,07,249,1,0.0,0.0,0.13841257853170214,0.1381007389068249
P1,R02,testing,07,250,1,0.0,0.0,0.13841257853170214,0.13813439140986447
P1,R02,testing,07,251,1,0.0,0.0,0.13841257853170214,0.13816612842365653
P1,R02,testing,07,252,1,0.0,0.0,0.13841257853170214,0.1381959486242693
P1,R02,testing,07,253,1,0.0,0.0,0.13841257853170214,0.13822385076754706
P1,R02,testing,07,254,1,0.0,0.0,0.13841257853170214,0.13824983368919705
P1,R02,testing,07,255,1,0.0,0.0,0.13841257853170214,0.1382738963048701
P1,R02,testing,07,256,1,0.0,0.33298625093108053,0.16088600002048822,0.16075053687911584
P1,R02,testing,07,257,1,0.0,0.33298625093108053,0.16088600002048822,0.16077403882859595
P1,R02,testing,07,258,1,0.0,0.33298625093108053,0.16088600002048822,0.1607953054579
P1,R02,testing,07,259,1,0.0,0.33298625093108053,0.16088600002048822,0.1608143358791253
P1,R02,testing,07,260,1,0.0,0.33298625093108053,0.16088600002048822,0.1608311292976667
P1,R02,testing,07,261,1,0.0,0.33298625093108053,0.16088600002048822,0.16084568501227176
P1,R02,testing,07,262,1,0.0,0.33298625093108053,0.16088600002048822,0.16085800241508966
P1,R02,testing,07,263,1,0.0,0.33298625093108053,0.16088600002048822,0.16086808099171346
P1,R02,testing,07,264,1,0.0,0.33298625093108053,0.16088600002048822,0.16087592032121595
P1,R02,testing,07,265,1,0.0,0.33298625093108053,0.16088600002048822,0.16088152007617884
P1,R02,testing,07,266,1,0.0,0.33298625093108053,0.16088600002048822,0.16088488002271573
P1,R02,testing,07,267,1,0.0,0.33298625093108053,0.16088600002048822,0.16088600002048822
P1,R02,testing,07,268,1,0.0,0.33298625093108053,0.16088600002048822,0.16088488002271573
P1,R02,testing,07,269,1,0.0,0.33298625093108053,0.16088600002048822,0.16088152007617884
P1,R02,testing,07,270,1,0.0,0.33298625093108053,0.16088600002048822,0.16087592032121595
P1,R02,testing,07,271,1,0.0,0.33298625093108053,0.16088600002048822,0.16086808099171346
P1,R02,testing,07,272,1,1.0,0.33386100375830835,0.18330642472030215,0.18327452548142686
P1,R02,testing,07,273,1,1.0,0.33386100375830835,0.18330642472030215,0.18326049157498317
P1,R02,testing,07,274,1,1.0,0.33386100375830835,0.18330642472030215,0.18324390743464056
P1,R02,testing,07,275,1,1.0,0.33386100375830835,0.18330642472030215,0.18322477375295748
P1,R02,testing,07,276,1,1.0,0.33386100375830835,0.18330642472030215,0.18320309132891008
P1,R02,testing,07,277,1,1.0,0.33386100375830835,0.18330642472030215,0.1831788610678365
P1,R02,testing,07,278,1,1.0,0.33386100375830835,0.18330642472030215,0.183152083981374
P1,R02,testing,07,279,1,1.0,0.33386100375830835,0.18330642472030215,0.18312276118738843
P1,R02,testing,07,280,1,1.0,0.33386100375830835,0.18330642472030215,0.1830908939098965
P1,R02,testing,07,281,1,1.0,0.33386100375830835,0.18330642472030215,0.18305648347898065
P1,R02,testing,07,282,1,1.0,0.33386100375830835,0.18330642472030215,0.18301953133069657
P1,R02,testing,07,283,1,1.0,0.33386100375830835,0.18330642472030215,0.18298003900697318
P1,R02,testing,07,284,1,1.0,0.33386100375830835,0.18330642472030215,0.1829380081555055
P1,R02,testing,07,285,1,1.0,0.33386100375830835,0.18330642472030215,0.18289344052964007
P1,R02,testing,07,286,1,1.0,0.33386100375830835,0.18330642472030215,0.18284633798825298
P1,R02,testing,07,287,1,1.0,0.33386100375830835,0.18330642472030215,0.18279670249562072
P1,R02,testing,07,288,1,0.0,0.6661622622655639,0.18644269289756069,0.1858711907057019
P1,R02,testing,07,289,1,0.0,0.6661622622655639,0.18644269289756069,0.18581555982273318
P1,R02,testing,07,290,1,0.0,0.6661622622655639,0.18644269289756069,0.18575735928662
P1,R02,testing,07,291,1,0.0,0.6661622622655639,0.18644269289756069,0.18569659152259863
P1,R02,testing,07,292,1,0.0,0.6661622622655639,0.18644269289756069,0.1856332590623408
P1,R02,testing,07,293,1,0.0,0.6661622622655639,0.18644269289756069,0.18556736454377784
P1,R02,testing,07,294,1,0.0,0.6661622622655639,0.18644269289756069,0.18549891071091767
P1,R02,testing,07,295,1,0.0,0.6661622622655639,0.18644269289756069,0.18542790041365412
P1,R02,testing,07,296,1,0.0,0.6661622622655639,0.18644269289756069,0.18535433660756945
P1,R02,testing,07,297,1,0.0,0.6661622622655639,0.18644269289756069,0.18527822235372915
P1,R02,testing,07,298,1,0.0,0.6661622622655639,0.18644269289756069,0.1851995608184697
P1,R02,testing,07,299,1,0.0,0.6661622622655639,0.18644269289756069,0.18511835527317905
P1,R02,testing,07,300,1,0.0,0.6661622622655639,0.18644269289756069,0.18503460909406988
P1,R02,testing,07,301,1,0.0,0.6661622622655639,0.18644269289756069,0.18494832576194567
P1,R02,testing,07,302,1,0.0,0.6661622622655639,0.18644269289756069,0.18485950886195948
P1,R02,testing,07,303,1,0.0,0.6661622622655639,0.18644269289756069,0.1847681620833658
P1,R02,testing,07,304,1,1.0,0.3338632130903947,0.18786912477739176,0.1860871914329884
P1,R02,testing,07,305,1,1.0,0.3338632130903947,0.18786912477739176,0.1859900588827971
P1,R02,testing,07,306,1,1.0,0.3338632130903947,0.18786912477739176,0.18589038887767376
P1,R02,testing,07,307,1,1.0,0.3338632130903947,0.18786912477739176,0.18578818555204485
P1,R02,testing,07,308,1,1.0,0.3338632130903947,0.18786912477739176,0.18568345314387658
P1,R02,testing,07,309,1,1.0,0.3338632130903947,0.18786912477739176,0.18557619599438205
P1,R02,testing,07,310,1,1.0,0.3338632130903947,0.18786912477739176,0.18546641854772133
P1,R02,testing,07,311,1,1.0,0.3338632130903947,0.18786912477739176,0.1853541253506945
P1,R02,testing,07,312,1,1.0,0.3338632130903947,0.18786912477739176,0.18523932105242794
P1,R02,testing,07,313,1,1.0,0.3338632130903947,0.18786912477739176,0.18512201040405338
P1,R02,testing,07,314,1,1.0,0.3338632130903947,0.18786912477739176,0.18500219825838027
P1,R02,testing,07,315,1,1.0,0.3338632130903947,0.18786912477739176,0.18487988956956128
P1,R02,testing,07,316,1,1.0,0.3338632130903947,0.18786912477739176,0.18475508939275084
P1,R02,testing,07,317,1,1.0,0.3338632130903947,0.18786912477739176,0.18462780288375688
P1,R02,testing,07,318,1,1.0,0.3338632130903947,0.18786912477739176,0.18449803529868591
P1,R02,testing,07,319,1,1.0,0.3338632130903947,0.18786912477739176,0.18436579199358138
P1,R02,testing,07,320,1,0.0,0.3331009219264847,0.18754819425816405,0.18391636265728617
P1,R02,testing,07,321,1,0.0,0.3331009219264847,0.18754819425816405,0.18377941871519252
P1,R02,testing,07,322,1,0.0,0.3331009219264847,0.18754819425816405,0.18364001991782183
P1,R02,testing,07,323,1,0.0,0.3331009219264847,0.18754819425816405,0.18349817200738822
P1,R02,testing,07,324,1,0.0,0.3331009219264847,0.18754819425816405,0.18335388082396678
P1,R02,testing,07,325,1,0.0,0.3331009219264847,0.18754819425816405,0.18320715230509282
P1,R02,testing,07,326,1,0.0,0.3331009219264847,0.18754819425816405,0.18305799248535487
P1,R02,testing,07,327,1,0.0,0.3331009219264847,0.18754819425816405,0.18290640749598083
P1,R02,testing,07,328,1,0.0,0.3331009219264847,0.18754819425816405,0.18275240356441816
P1,R02,testing,07,329,1,0.0,0.3331009219264847,0.18754819425816405,0.18259598701390753
P1,R02,testing,07,330,1,0.0,0.3331009219264847,0.18754819425816405,0.18243716426305004
P1,R02,testing,07,331,1,0.0,0.3331009219264847,0.18754819425816405,0.1822759418253684
P1,R02,testing,07,332,1,0.0,0.3331009219264847,0.18754819425816405,0.1821123263088618
P1,R02,testing,07,333,1,0.0,0.3331009219264847,0.18754819425816405,0.18194632441555436
P1,R02,testing,07,334,0,0.0,0.3331009219264847,0.18754819425816405,0.18177794294103805
P1,R02,testing,07,335,0,0.0,0.3331009219264847,0.18754819425816405,0.1816071887740087
P1,R02,testing,07,336,0,0.0,0.0,0.18549093781650827,0.1794438796089945
P1,R02,testing,07,337,0,0.0,0.0,0.18549093781650827,0.1792703259546353
P1,R02,testing,07,338,0,0.0,0.0,0.18549093781650827,0.1790944466215563
P1,R02,testing,07,339,0,0.0,0.0,0.18549093781650827,0.17891624878651693
P1,R02,testing,07,340,0,0.0,0.0,0.18549093781650827,0.1787357397159782
P1,R02,testing,07,341,0,0.0,0.0,0.18549093781650827,0.17855292676560866
P1,R02,testing,07,342,0,0.0,0.0,0.18549093781650827,0.1783678173797853
P1,R02,testing,07,343,0,0.0,0.0,0.18549093781650827,0.17818041909108814
P1,R02,testing,07,344,0,0.0,0.0,0.18549093781650827,0.17799073951978975
P1,R02,testing,07,345,0,0.0,0.0,0.18549093781650827,0.17779878637333882
P1,R02,testing,07,346,0,0.0,0.0,0.18549093781650827,0.17760456744583836
P1,R02,testing,07,347,0,0.0,0.0,0.18549093781650827,0.17740809061751847
P1,R02,testing,07,348,0,0.0,0.0,0.18549093781650827,0.1772093638542036
P1,R02,testing,07,349,0,0.0,0.0,0.18549093781650827,0.17700839520677453
P1,R02,testing,07,350,0,0.0,0.0,0.18549093781650827,0.17680519281062496
P1,R02,testing,07,351,0,0.0,0.0,0.18549093781650827,0.17659976488511278
P1,R02,testing,07,352,0,0.0,0.0,0.18175633894559654,0.17284071275352217
P1,R02,testing,07,353,0,0.0,0.0,0.18175633894559654,0.17263508387512777
P1,R02,testing,07,354,0,0.0,0.0,0.18175633894559654,0.17242729892507933
P1,R02,testing,07,355,0,0.0,0.0,0.18175633894559654,0.17221736628086703
P1,R02,testing,07,356,0,0.0,0.0,0.18175633894559654,0.17200529439949117
P1,R02,testing,07,357,0,0.0,0.0,0.18175633894559654,0.17179109181689453
P1,R02,testing,07,358,0,0.0,0.0,0.18175633894559654,0.17157476714739034
P1,R02,testing,07,359,0,0.0,0.0,0.18175633894559654,0.17135632908308496
P1,R02,testing,07,360,0,0.0,0.0,0.18175633894559654,0.1711357863932963
P1,R02,testing,07,361,0,0.0,0.0,0.18175633894559654,0.1709131479239674
P1,R02,testing,07,362,0,0.0,0.0,0.18175633894559654,0.17068842259707553
P1,R02,testing,07,363,0,0.0,0.0,0.18175633894559654,0.17046161941003676
P1,R02,testing,07,364,0,0.0,0.0,0.18175633894559654,0.17023274743510586
P1,R02,testing,07,365,0,0.0,0.0,0.18175633894559654,0.17000181581877216
P1,R02,testing,07,366,0,0.0,0.0,0.18175633894559654,0.1697688337811507
P1,R02,testing,07,367,0,0.0,0.0,0.18175633894559654,0.1695338106153693
P1,R02,testing,07,368,0,0.0,0.3332864842749103,0.17644851916699164,0.16435279239245604
P1,R02,testing,07,369,0,0.0,0.3332864842749103,0.17644851916699164,0.16412069689781333
P1,R02,testing,07,370,0,0.0,0.3332864842749103,0.17644851916699164,0.16388664736645162
P1,R02,testing,07,371,0,0.0,0.3332864842749103,0.17644851916699164,0.1636506530976016
P1,R02,testing,07,372,0,0.0,0.3332864842749103,0.17644851916699164,0.16341272345833832
P1,R02,testing,07,373,0,0.0,0.3332864842749103,0.17644851916699164,0.1631728678829623
P1,R02,testing,07,374,0,0.0,0.3332864842749103,0.17644851916699164,0.1629310958723766
P1,R02,testing,07,375,0,0.0,0.3332864842749103,0.17644851916699164,0.16268741699346043
P1,R02,testing,07,376,0,0.0,0.3332864842749103,0.17644851916699164,0.1624418408784389
P1,R02,testing,07,377,0,0.0,0.3332864842749103,0.17644851916699164,0.16219437722424945
P1,R02,testing,07,378,0,0.0,0.3332864842749103,0.17644851916699164,0.1619450357919043
P1,R02,testing,07,379,0,0.0,0.3332864842749103,0.17644851916699164,0.16169382640584992
P1,R02,testing,07,380,0,0.0,0.3332864842749103,0.17644851916699164,0.16144075895332255
P1,R02,testing,07,381,0,0.0,0.3332864842749103,0.17644851916699164,0.1611858433837007
P1,R02,testing,07,382,0,0.0,0.3332864842749103,0.17644851916699164,0.16092908970785433
P1,R02,testing,07,383,0,0.0,0.3332864842749103,0.17644851916699164,0.1606705079974905
P1,R02,testing,07,384,0,1.0,0.33339539629934817,0.15207480927747014,0.13825186379526175
P1,R02,testing,07,385,0,1.0,0.33339539629934817,0.15207480927747014,0.13802587647040368
P1,R02,testing,07,386,0,1.0,0.33339539629934817,0.15207480927747014,0.1377983399767891
P1,R02,testing,07,387,0,1.0,0.33339539629934817,0.15207480927747014,0.1375692631989116
P1,R02,testing,07,388,0,1.0,0.33339539629934817,0.15207480927747014,0.13733865507083892
P1,R02,testing,07,389,0,1.0,0.33339539629934817,0.15207480927747014,0.13710652457563346
P1,R02,testing,07,390,0,1.0,0.33339539629934817,0.15207480927747014,0.1368728807447702
P1,R02,testing,07,391,0,1.0,0.33339539629934817,0.15207480927747014,0.1366377326575523
P1,R02,testing,07,392,0,1.0,0.33339539629934817,0.15207480927747014,0.1364010894405246
P1,R02,testing,07,393,0,1.0,0.33339539629934817,0.15207480927747014,0.13616296026688435
P1,R02,testing,07,394,0,1.0,0.33339539629934817,0.15207480927747014,0.13592335435589017
P1,R02,testing,07,395,0,1.0,0.33339539629934817,0.15207480927747014,0.1356822809722686
P1,R02,testing,07,396,0,1.0,0.33339539629934817,0.15207480927747014,0.13543974942561862
P1,R02,testing,07,397,0,1.0,0.33339539629934817,0.15207480927747014,0.13519576906981395
P1,R02,testing,07,398,0,1.0,0.33339539629934817,0.15207480927747014,0.13495034930240363
P1,R02,testing,07,399,0,1.0,0.33339539629934817,0.15207480927747014,0.13470349956401026
P1,R02,testing,07,400,0,0.0,0.0,0.12784145159197324,0.11302957915471923
P1,R02,testing,07,401,0,0.0,0.0,0.12784145159197324,0.11281968505183489
P1,R02,testing,07,402,0,0.0,0.0,0.12784145159197324,0.11260861286698265
P1,R02,testing,07,403,0,0.0,0.0,0.12784145159197324,0.11239637067615803
P1,R02,testing,07,404,0,0.0,0.0,0.12784145159197324,0.1121829665890146
P1,R02,testing,07,405,0,0.0,0.0,0.12784145159197324,0.11196840874834943
P1,R02,testing,07,406,0,0.0,0.0,0.12784145159197324,0.11175270532958712
P1,R02,testing,07,407,0,0.0,0.0,0.12784145159197324,0.11153586454026246
P1,R02,testing,07,408,0,0.0,0.0,0.12784145159197324,0.11131789461950199
P1,R02,testing,07,409,0,0.0,0.0,0.12784145159197324,0.11109880383750427
P1,R02,testing,07,410,0,0.0,0.0,0.12784145159197324,0.11087860049501903
P1,R02,testing,07,411,0,0.0,0.0,0.12784145159197324,0.11065729292282529
P1,R02,testing,07,412,0,0.0,0.0,0.12784145159197324,0.11043488948120818
P1,R02,testing,07,413,0,0.0,0.0,0.12784145159197324,0.11021139855943511
P1,R02,testing,07,414,0,0.0,0.0,0.12784145159197324,0.10998682857523068
P1,R02,testing,07,415,0,0.0,0.0,0.12784145159197324,0.10976118797425077
P1,R02,testing,07,416,0,0.0,0.0,0.08643292848795735,0.0740556854675596
P1,R02,testing,07,417,0,0.0,0.0,0.08643292848795735,0.07390170057930626
P1,R02,testing,07,418,0,0.0,0.0,0.08643292848795735,0.07374700909265065
P1,R02,testing,07,419,0,0.0,0.0,0.08643292848795735,0.07359161678962582
P1,R02,testing,07,420,0,0.0,0.0,0.08643292848795735,0.07343552946936299
P1,R02,testing,07,421,0,0.0,0.0,0.08643292848795735,0.07327875294773285
P1,R02,testing,07,422,0,0.0,0.0,0.08643292848795735,0.0731212930569865
P1,R02,testing,07,423,0,0.0,0.0,0.08643292848795735,0.0729631556453961
P1,R02,testing,07,424,0,0.0,0.0,0.08643292848795735,0.07280434657689504
P1,R02,testing,07,425,0,0.0,0.0,0.08643292848795735,0.0726448717307178
P1,R02,testing,07,426,0,0.0,0.0,0.08643292848795735,0.07248473700103976
P1,R02,testing,07,427,0,0.0,0.0,0.08643292848795735,0.07232394829661636
P1,R02,testing,07,428,0,0.0,0.0,0.08643292848795735,0.0721625115404224
P1,R02,testing,07,429,0,0.0,0.0,0.08643292848795735,0.07200043266929099
P1,R02,testing,07,430,0,0.0,0.0,0.08643292848795735,0.0718377176335523
P1,R02,testing,07,431,0,0.0,0.0,0.08643292848795735,0.07167437239667232
P1,R02,testing,07,432,0,0.0,0.0,0.06470702281670548,0.05353544482742506
P1,R02,testing,07,433,0,0.0,0.0,0.06470702281670548,0.05341222813075623
P1,R02,testing,07,434,0,0.0,0.0,0.06470702281670548,0.05328855309095401
P1,R02,testing,07,435,0,0.0,0.0,0.06470702281670548,0.0531644242091286
P1,R02,testing,07,436,0,0.0,0.0,0.06470702281670548,0.05303984599487095
P1,R02,testing,07,437,0,0.0,0.0,0.06470702281670548,0.052914822965982225
P1,R02,testing,07,438,0,0.0,0.0,0.06470702281670548,0.05278935964820319
P1,R02,testing,07,439,0,0.0,0.0,0.06470702281670548,0.0526634605749438
P1,R02,testing,07,440,0,0.0,0.0,0.06470702281670548,0.05253713028701283
P1,R02,testing,07,441,0,0.0,0.0,0.06470702281670548,0.05241037333234761
P1,R02,testing,07,442,0,0.0,0.0,0.06470702281670548,0.05228319426574404
P1,R02,testing,07,443,0,0.0,0.0,0.06470702281670548,0.0521555976485866
P1,R02,testing,07,444,0,0.0,0.0,0.06470702281670548,0.05202758804857865
P1,R02,testing,07,445,0,0.0,0.0,0.06470702281670548,0.05189917003947298
P1,R02,testing,07,446,0,0.0,0.0,0.06470702281670548,0.051770348200802584
P1,R02,testing,07,447,0,0.0,0.0,0.06470702281670548,0.051641127117611554
P1,R02,testing,07,448,0,0.0,0.0,0.04390261756899595,0.03494968685132362
P1,R02,testing,07,449,0,0.0,0.0,0.04390261756899595,0.03486148012332744
P1,R02,testing,07,450,0,0.0,0.0,0.04390261756899595,0.03477301186793242
P1,R02,testing,07,451,0,0.0,0.0,0.04390261756899595,0.034684285209149165
P1,R02,testing,07,452,0,0.0,0.0,0.04390261756899595,0.034595303273818157
P1,R02,testing,07,453,0,0.0,0.0,0.04390261756899595,0.03450606919142862
P1,R02,testing,07,454,0,0.0,0.0,0.04390261756899595,0.03441658609393765
P1,R02,testing,07,455,0,0.0,0.0,0.04390261756899595,0.034326857115589665
P1,R02,testing,07,456,0,0.0,0.0,0.04390261756899595,0.034236885392736165
P1,R02,testing,07,457,0,0.0,0.0,0.04390261756899595,0.03414667406365575
P1,R02,testing,07,458,0,0.0,0.0,0.04390261756899595,0.034056226268374595
P1,R02,testing,07,459,0,0.0,0.0,0.04390261756899595,0.033965545148487125
P1,R02,testing,07,460,0,0.0,0.0,0.04390261756899595,0.033874633846977205
P1,R02,testing,07,461,0,0.0,0.0,0.04390261756899595,0.0337834955080396
P1,R02,testing,07,462,0,0.0,0.0,0.04390261756899595,0.033692133276901855
P1,R02,testing,07,463,0,0.0,0.0,0.04390261756899595,0.03360055029964663
P1,R02,testing,07,464,0,0.0,0.0,0.04176671514935679,0.031878518461765426
P1,R02,testing,07,465,0,0.0,0.0,0.04176671514935679,0.031790980048196776
P1,R02,testing,07,466,0,0.0,0.0,0.04176671514935679,0.031703240610275754
P1,R02,testing,07,467,0,0.0,0.0,0.04176671514935679,0.03161530314259677
P1,R02,testing,07,468,0,0.0,0.0,0.04176671514935679,0.03152717063972872
P1,R02,testing,07,469,0,0.0,0.0,0.04176671514935679,0.031438846096048426
P1,R02,testing,07,470,0,0.0,0.0,0.04176671514935679,0.03135033250557473
P1,R02,testing,07,471,0,0.0,0.0,0.04176671514935679,0.031261632861802946
P1,R02,testing,07,472,0,0.0,0.0,0.04176671514935679,0.031172750157539876
P1,R02,testing,07,473,0,0.0,0.0,0.04176671514935679,0.031083687384739316
P1,R02,testing,07,474,0,0.0,0.0,0.04176671514935679,0.03099444753433808
P1,R02,testing,07,475,0,0.0,0.0,0.04176671514935679,0.030905033596092597
P1,R02,testing,07,476,0,0.0,0.0,0.04176671514935679,0.03081544855841602
P1,R02,testing,07,477,0,0.0,0.0,0.04176671514935679,0.030725695408215927
P1,R02,testing,07,478,0,0.0,0.0,0.04176671514935679,0.030635777130732567
P1,R02,testing,07,479,0,0.0,0.0,0.04176671514935679,0.030545696709377707
P1,R02,testing,07,480,0,0.0,0.0,0.03934034193910864,0.02868619408894069
P1,R02,testing,07,481,0,0.0,0.0,0.03934034193910864,0.028601049725299255
P1,R02,testing,07,482,0,0.0,0.0,0.03934034193910864,0.028515761055727906
P1,R02,testing,07,483,0,0.0,0.0,0.03934034193910864,0.028430330881926195
P1,R02,testing,07,484,0,0.0,0.0,0.03934034193910864,0.028344762003121124
P1,R02,testing,07,485,0,0.0,0.0,0.03934034193910864,0.0282590572159189
P1,R02,testing,07,486,0,0.0,0.0,0.03934034193910864,0.02817321931415732
P1,R02,testing,07,487,0,0.0,0.0,0.03934034193910864,0.028087251088758765
P1,R02,testing,07,488,0,0.0,0.0,0.03934034193910864,0.028001155327583866
P1,R02,testing,07,489,0,0.0,0.0,0.03934034193910864,0.02791493481528584
P1,R02,testing,07,490,0,0.0,0.0,0.03934034193910864,0.02782859233316547
P1,R02,testing,07,491,0,0.0,0.0,0.03934034193910864,0.02774213065902676
P1,R02,testing,07,492,0,0.0,0.0,0.03934034193910864,0.027655552567033326
P1,R02,testing,07,493,0,0.0,0.0,0.03934034193910864,0.027568860827565402
P1,R02,testing,07,494,0,0.0,0.0,0.03934034193910864,0.027482058207077643
P1,R02,testing,07,495,0,0.0,0.0,0.03934034193910864,0.02739514746795759
P1,R02,testing,07,496,0,0.0,0.0,0.019034123379958072,0.013212552716152574
P1,R02,testing,07,497,0,0.0,0.0,0.019034123379958072,0.013170401882665661
P1,R02,testing,07,498,0,0.0,0.0,0.019034123379958072,0.01312820273501498
P1,R02,testing,07,499,0,0.0,0.0,0.019034123379958072,0.013085956601183694
P1,R02,testing,07,500,0,0.0,0.0,0.019034123379958072,0.013043664806850184
P1,R02,testing,07,501,0,0.0,0.0,0.019034123379958072,0.01300132867532174
P1,R02,testing,07,502,0,0.0,0.0,0.019034123379958072,0.012958949527468658
P1,R02,testing,07,503,0,0.0,0.0,0.019034123379958072,0.012916528681658705
P1,R02,testing,07,504,0,0.0,0.0,0.019034123379958072,0.012874067453691967
P1,R02,testing,07,505,0,0.0,0.0,0.019034123379958072,0.01283156715673611
P1,R02,testing,07,506,0,0.0,0.0,0.019034123379958072,0.012789029101262015
P1,R02,testing,07,507,0,0.0,0.0,0.019034123379958072,0.012746454594979813
P1,R02,testing,07,508,0,0.0,0.0,0.019034123379958072,0.012703844942775341
P1,R02,testing,07,509,0,0.0,0.0,0.019034123379958072,0.01266120144664699
P1,R02,testing,07,510,0,0.0,0.0,0.019034123379958072,0.012618525405642973
P1,R02,testing,07,511,0,0.0,0.0,0.019034123379958072,0.01257581811579899
P1,R02,testing,07,512,0,0.0,0.0,0.0,0.0
P1,R02,testing,07,513,0,0.0,0.0,0.0,0.0
P1,R02,testing,07,514,0,0.0,0.0,0.0,0.0
P1,R02,testing,07,515,0,0.0,0.0,0.0,0.0
P1,R02,testing,07,516,0,0.0,0.0,0.0,0.0
P1,R02,testing,07,517,0,0.0,0.0,0.0,0.0
P1,R02,testing,07,518,0,0.0,0.0,0.0,0.0
P1,R02,testing,07,519,0,0.0,0.0,0.0,0.0
P1,R02,testing,07,520,0,0.0,0.0,0.0,0.0
P1,R02,testing,07,521,0,0.0,0.0,0.0,0.0
P1,R02,testing,07,522,0,0.0,0.0,0.0,0.0
P1,R02,testing,07,523,0,0.0,0.0,0.0,0.0
P1,R02,testing,07,524,0,0.0,0.0,0.0,0.0
P1,R02,testing,07,525,0,0.0,0.0,0.0,0.0
P1,R02,testing,07,526,0,0.0,0.0,0.0,0.0
P1,R02,testing,07,527,0,0.0,0.0,0.0,0.0
P1,R02,testing,07,528,0,0.0,0.0,0.0,0.0
P1,R02,testing,07,529,0,0.0,0.0,0.0,0.0
P1,R02,testing,07,530,0,0.0,0.0,0.0,0.0
P1,R02,testing,07,531,0,0.0,0.0,0.0,0.0
P1,R02,testing,07,532,0,0.0,0.0,0.0,0.0
P1,R02,testing,07,533,0,0.0,0.0,0.0,0.0
P1,R02,testing,07,534,0,0.0,0.0,0.0,0.0
P1,R02,testing,07,535,0,0.0,0.0,0.0,0.0
P2,R02,testing,07,0,0,0.0,0.0,0.0,0.0
P2,R02,testing,07,1,0,0.0,0.0,0.0,0.0
P2,R02,testing,07,2,0,0.0,0.0,0.0,0.0
P2,R02,testing,07,3,0,0.0,0.0,0.0,0.0
P2,R02,testing,07,4,0,0.0,0.0,0.0,0.0
P2,R02,testing,07,5,0,0.0,0.0,0.0,0.0
P2,R02,testing,07,6,0,0.0,0.0,0.0,0.0
P2,R02,testing,07,7,0,0.0,0.0,0.0,0.0
P2,R02,testing,07,8,0,0.0,0.0,0.0,0.0
P2,R02,testing,07,9,0,0.0,0.0,0.0,0.0
P2,R02,testing,07,10,0,0.0,0.0,0.0,0.0
P2,R02,testing,07,11,0,0.0,0.0,0.0,0.0
P2,R02,testing,07,12,0,0.0,0.0,0.0,0.0
P2,R02,testing,07,13,0,0.0,0.0,0.0,0.0
P2,R02,testing,07,14,0,0.0,0.0,0.0,0.0
P2,R02,testing,07,15,0,0.0,0.0,0.0,0.0
P2,R02,testing,07,16,0,0.0,0.0,0.0,0.0
P2,R02,testing,07,17,0,0.0,0.0,0.0,0.0
P2,R02,testing,07,18,0,0.0,0.0,0.0,0.0
P2,R02,testing,07,19,0,0.0,0.0,0.0,0.0
P2,R02,testing,07,20,0,0.0,0.0,0.0,0.0
P2,R02,testing,07,21,0,0.0,0.0,0.0,0.0
P2,R02,testing,07,22,0,0.0,0.0,0.0,0.0
P2,R02,testing,07,23,0,0.0,0.0,0.0,0.0
P2,R02,testing,07,24,0,0.0,0.0,0.0,0.0
P2,R02,testing,07,25,0,0.0,0.0,0.0,0.0
P2,R02,testing,07,26,0,0.0,0.0,0.0,0.0
P2,R02,testing,07,27,0,0.0,0.0,0.0,0.0
P2,R02,testing,07,28,0,0.0,0.0,0.0,0.0
P2,R02,testing,07,29,0,0.0,0.0,0.0,0.0
P2,R02,testing,07,30,0,0.0,0.0,0.0,0.0
P2,R02,testing,07,31,0,0.0,0.0,0.0,0.0
P2,R02,testing,07,32,0,0.0,0.0,0.0,0.0
P2,R02,testing,07,33,0,0.0,0.0,0.0,0.0
P2,R02,testing,07,34,0,0.0,0.0,0.0,0.0
P2,R02,testing,07,35,0,0.0,0.0,0.0,0.0
P2,R02,testing,07,36,0,0.0,0.0,0.0,0.0
P2,R02,testing,07,37,0,0.0,0.0,0.0,0.0
P2,R02,testing,07,38,0,0.0,0.0,0.0,0.0
P2,R02,testing,07,39,0,0.0,0.0,0.0,0.0
P2,R02,testing,07,40,0,0.0,0.0,0.0,0.0
P2,R02,testing,07,41,0,0.0,0.0,0.0,0.0
P2,R02,testing,07,42,0,0.0,0.0,0.0,0.0
P2,R02,testing,07,43,0,0.0,0.0,0.0,0.0
P2,R02,testing,07,44,0,0.0,0.0,0.0,0.0
P2,R02,testing,07,45,0,0.0,0.0,0.0,0.0
P2,R02,testing,07,46,0,0.0,0.0,0.0,0.0
P2,R02,testing,07,47,0,0.0,0.0,0.0,0.0
P2,R02,testing,07,48,0,0.0,0.0,0.0,0.0
P2,R02,testing,07,49,0,0.0,0.0,0.0,0.0
P2,R02,testing,07,50,0,0.0,0.0,0.0,0.0
P2,R02,testing,07,51,0,0.0,0.0,0.0,0.0
P2,R02,testing,07,52,0,0.0,0.0,0.0,0.0
P2,R02,testing,07,53,0,0.0,0.0,0.0,0.0
P2,R02,testing,07,54,0,0.0,0.0,0.0,0.0
P2,R02,testing,07,55,0,0.0,0.0,0.0,0.0
P2,R02,testing,07,56,0,0.0,0.0,0.0,0.0
P2,R02,testing,07,57,0,0.0,0.0,0.0,0.0
P2,R02,testing,07,58,0,0.0,0.0,0.0,0.0
P2,R02,testing,07,59,0,0.0,0.0,0.0,0.0
P2,R02,testing,07,60,0,0.0,0.0,0.0,0.0
P2,R02,testing,07,61,0,0.0,0.0,0.0,0.0
P2,R02,testing,07,62,0,0.0,0.0,0.0,0.0
P2,R02,testing,07,63,0,0.0,0.0,0.0,0.0
P2,R02,testing,07,64,0,0.0,0.0,0.01902719958256348,0.014281923570723616
P2,R02,testing,07,65,0,0.0,0.0,0.01902719958256348,0.014322246726271994
P2,R02,testing,07,66,0,0.0,0.0,0.01902719958256348,0.014362483759867626
P2,R02,testing,07,67,0,0.0,0.0,0.01902719958256348,0.014402633307558525
P2,R02,testing,07,68,0,0.0,0.0,0.01902719958256348,0.01444269400522962
P2,R02,testing,07,69,0,0.0,0.0,0.01902719958256348,0.01448266448867835
P2,R02,testing,07,70,0,0.0,0.0,0.01902719958256348,0.014522543393690525
P2,R02,testing,07,71,0,0.0,0.0,0.01902719958256348,0.01456232935611636
P2,R02,testing,07,72,0,0.0,0.0,0.01902719958256348,0.014602021011946721
P2,R02,testing,07,73,0,0.0,0.0,0.01902719958256348,0.014641616997389598
P2,R02,testing,07,74,0,0.0,0.0,0.01902719958256348,0.014681115948946733
P2,R02,testing,07,75,0,0.0,0.0,0.01902719958256348,0.014720516503490464
P2,R02,testing,07,76,0,0.0,0.0,0.01902719958256348,0.014759817298340739
P2,R02,testing,07,77,0,0.0,0.0,0.01902719958256348,0.014799016971342307
P2,R02,testing,07,78,0,0.0,0.0,0.01902719958256348,0.014838114160942077
P2,R02,testing,07,79,0,0.0,0.0,0.01902719958256348,0.014877107506266654
P2,R02,testing,07,80,0,0.0,0.0,0.0393687537606619,0.030862353505129263
P2,R02,testing,07,81,0,0.0,0.0,0.0393687537606619,0.030942595600610863
P2,R02,testing,07,82,0,0.0,0.0,0.0393687537606619,0.031022614397010217
P2,R02,testing,07,83,0,0.0,0.0,0.0393687537606619,0.03110240708581034
P2,R02,testing,07,84,0,0.0,0.0,0.0393687537606619,0.031181970860707238
P2,R02,testing,07,85,0,0.0,0.0,0.0393687537606619,0.031261302917772134
P2,R02,testing,07,86,0,0.0,0.0,0.0393687537606619,0.031340400455613884
P2,R02,testing,07,87,0,0.0,0.0,0.0393687537606619,0.03141926067554162
P2,R02,testing,07,88,0,0.0,0.0,0.0393687537606619,0.03149788078172769
P2,R02,testing,07,89,0,0.0,0.0,0.0393687537606619,0.03157625798137072
P2,R02,testing,07,90,0,0.0,0.0,0.0393687537606619,0.03165438948485893
P2,R02,testing,07,91,0,0.0,0.0,0.0393687537606619,0.03173227250593361
P2,R02,testing,07,92,0,0.0,0.0,0.0393687537606619,0.031809904261852824
P2,R02,testing,07,93,0,0.0,0.0,0.0393687537606619,0.03188728197355514
P2,R02,testing,07,94,0,0.0,0.0,0.0393687537606619,0.0319644028658237
P2,R02,testing,07,95,0,0.0,0.0,0.0393687537606619,0.032041264167450206
P2,R02,testing,07,96,0,0.0,0.0,0.04179711353835652,0.034098970448435545
P2,R02,testing,07,97,0,0.0,0.0,0.04179711353835652,0.034180012726535154
P2,R02,testing,07,98,0,0.0,0.0,0.04179711353835652,0.034260770602665136
P2,R02,testing,07,99,0,0.0,0.0,0.04179711353835652,0.034341241153450365
P2,R02,testing,07,100,0,0.0,0.0,0.04179711353835652,0.034421421460644266
P2,R02,testing,07,101,0,0.0,0.0,0.04179711353835652,0.034501308611303586
P2,R02,testing,07,102,0,0.0,0.0,0.04179711353835652,0.03458089969796317
P2,R02,testing,07,103,0,0.0,0.0,0.04179711353835652,0.03466019181881082
P2,R02,testing,07,104,0,0.0,0.0,0.04179711353835652,0.03473918207786208
P2,R02,testing,07,105,0,0.0,0.0,0.04179711353835652,0.03481786758513509
P2,R02,testing,07,106,0,0.0,0.0,0.04179711353835652,0.03489624545682542
P2,R02,testing,07,107,0,0.0,0.0,0.04179711353835652,0.03497431281548078
P2,R02,testing,07,108,0,0.0,0.0,0.04179711353835652,0.03505206679017581
P2,R02,testing,07,109,0,0.0,0.0,0.04179711353835652,0.03512950451668673
P2,R02,testing,07,110,0,0.0,0.0,0.04179711353835652,0.035206623137665885
P2,R02,testing,07,111,0,0.0,0.0,0.04179711353835652,0.0352834198028163
P2,R02,testing,07,112,0,0.0,0.0,0.04393481677004325,0.037168364749956884
P2,R02,testing,07,113,0,0.0,0.0,0.04393481677004325,0.03724840335988939
P2,R02,testing,07,114,0,0.0,0.0,0.04393481677004325,0.0373280946057162
P2,R02,testing,07,115,0,0.0,0.0,0.04393481677004325,0.03740743552283936
P2,R02,testing,07,116,0,0.0,0.0,0.04393481677004325,0.037486423154987236
P2,R02,testing,07,117,0,0.0,0.0,0.04393481677004325,0.037565054554397084
P2,R02,testing,07,118,0,0.0,0.0,0.04393481677004325,0.03764332678199735
P2,R02,testing,07,119,0,0.0,0.0,0.04393481677004325,0.037721236907589696
P2,R02,testing,07,120,0,0.0,0.0,0.04393481677004325,0.037798782010030924
P2,R02,testing,07,121,0,0.0,0.0,0.04393481677004325,0.0378759591774145
P2,R02,testing,07,122,0,0.0,0.0,0.04393481677004325,0.03795276550725192
P2,R02,testing,07,123,0,0.0,0.0,0.04393481677004325,0.03802919810665373
P2,R02,testing,07,124,0,0.0,0.0,0.04393481677004325,0.03810525409251024
P2,R02,testing,07,125,0,0.0,0.0,0.04393481677004325,0.03818093059167201
P2,R02,testing,07,126,0,0.0,0.0,0.04393481677004325,0.03825622474112987
P2,R02,testing,07,127,0,0.0,0.0,0.04393481677004325,0.038331133688194685
P2,R02,testing,07,128,0,0.0,0.0,0.04572347774423034,0.039969213986269625
P2,R02,testing,07,129,0,0.0,0.0,0.04572347774423034,0.04004636197187457
P2,R02,testing,07,130,0,0.0,0.0,0.04572347774423034,0.04012310023266822
P2,R02,testing,07,131,0,0.0,0.0,0.04572347774423034,0.04019942584464714
P2,R02,testing,07,132,0,0.0,0.0,0.04572347774423034,0.04027533589547736
P2,R02,testing,07,133,0,0.0,0.0,0.04572347774423034,0.04035082748467896
P2,R02,testing,07,134,0,0.0,0.0,0.04572347774423034,0.04042589772381007
P2,R02,testing,07,135,0,0.0,0.0,0.04572347774423034,0.04050054373665051
P2,R02,testing,07,136,0,0.0,0.0,0.04572347774423034,0.04057476265938482
P2,R02,testing,07,137,0,0.0,0.0,0.04572347774423034,0.04064855164078479
P2,R02,testing,07,138,0,0.0,0.0,0.04572347774423034,0.04072190784239153
P2,R02,testing,07,139,0,0.0,0.0,0.04572347774423034,0.040794828438696806
P2,R02,testing,07,140,0,0.0,0.0,0.04572347774423034,0.04086731061732401
P2,R02,testing,07,141,0,0.0,0.0,0.04572347774423034,0.04093935157920836
P2,R02,testing,07,142,0,0.0,0.0,0.04572347774423034,0.04101094853877663
P2,R02,testing,07,143,0,0.0,0.0,0.04572347774423034,0.04108209872412619
P2,R02,testing,07,144,0,0.0,0.0,0.047112657373131125,0.04240311176347555
P2,R02,testing,07,145,0,0.0,0.0,0.047112657373131125,0.042475494440153604
P2,R02,testing,07,146,0,0.0,0.0,0.047112657373131125,0.04254740828662449
P2,R02,testing,07,147,0,0.0,0.0,0.047112657373131125,0.042618850504944315
P2,R02,testing,07,148,0,0.0,0.0,0.047112657373131125,0.04268981831216736
P2,R02,testing,07,149,0,0.0,0.0,0.047112657373131125,0.04276030894052638
P2,R02,testing,07,150,0,0.0,0.0,0.047112657373131125,0.0428303196376122
P2,R02,testing,07,151,0,0.0,0.0,0.047112657373131125,0.04289984766655241
P2,R02,testing,07,152,0,0.0,0.0,0.047112657373131125,0.04296889030618941
P2,R02,testing,07,153,0,0.0,0.0,0.047112657373131125,0.04303744485125756
P2,R02,testing,07,154,0,0.0,0.0,0.047112657373131125,0.043105508612559545
P2,R02,testing,07,155,0,0.0,0.0,0.047112657373131125,0.043173078917141866
P2,R02,testing,07,156,0,0.0,0.0,0.047112657373131125,0.04324015310846956
P2,R02,testing,07,157,0,0.0,0.0,0.047112657373131125,0.043306728546599955
P2,R02,testing,07,158,0,0.0,0.0,0.047112657373131125,0.043372802608355604
P2,R02,testing,07,159,0,0.0,0.0,0.047112657373131125,0.04343837268749627
P2,R02,testing,07,160,0,0.0,0.0,0.048062223402685775,0.044380257573323395
P2,R02,testing,07,161,0,0.0,0.0,0.048062223402685775,0.044446113044597085
P2,R02,testing,07,162,0,0.0,0.0,0.048062223402685775,0.04451144650447833
P2,R02,testing,07,163,0,0.0,0.0,0.048062223402685775,0.04457625536504784
P2,R02,testing,07,164,0,0.0,0.0,0.048062223402685775,0.044640537056528005
P2,R02,testing,07,165,0,0.0,0.0,0.048062223402685775,0.04470428902745248
P2,R02,testing,07,166,0,0.0,0.0,0.048062223402685775,0.044767508744834844
P2,R02,testing,07,167,0,0.0,0.0,0.048062223402685775,0.044830193694336114
P2,R02,testing,07,168,0,0.0,0.0,0.048062223402685775,0.04489234138043126
P2,R02,testing,07,169,0,0.0,0.0,0.048062223402685775,0.04495394932657463
P2,R02,testing,07,170,0,0.0,0.0,0.048062223402685775,0.04501501507536425
P2,R02,testing,07,171,0,0.0,0.0,0.048062223402685775,0.045075536188705086
P2,R02,testing,07,172,0,0.0,0.0,0.048062223402685775,0.04513551024797111
P2,R02,testing,07,173,0,0.0,0.0,0.048062223402685775,0.04519493485416628
P2,R02,testing,07,174,0,0.0,0.0,0.048062223402685775,0.045253807628084335
P2,R02,testing,07,175,0,0.0,0.0,0.048062223402685775,0.04531212621046746
P2,R02,testing,07,176,0,0.0,0.333274121359064,0.048544275793845064,0.04582493718780669
P2,R02,testing,07,177,0,0.0,0.333274121359064,0.048544275793845064,0.04588271412410693
P2,R02,testing,07,178,0,0.0,0.333274121359064,0.048544275793845064,0.04593992428417973
P2,R02,testing,07,179,0,0.0,0.333274121359064,0.048544275793845064,0.04599656536727676
P2,R02,testing,07,180,0,0.0,0.333274121359064,0.048544275793845064,0.046052635093581186
P2,R02,testing,07,181,0,0.0,0.333274121359064,0.048544275793845064,0.04610813120436047
P2,R02,testing,07,182,0,0.0,0.333274121359064,0.048544275793845064,0.04616305146211799
P2,R02,testing,07,183,0,0.0,0.333274121359064,0.048544275793845064,0.0462173936507433
P2,R02,testing,07,184,0,0.0,0.333274121359064,0.048544275793845064,0.04627115557566109
P2,R02,testing,07,185,0,0.0,0.333274121359064,0.048544275793845064,0.0463243350639788
P2,R02,testing,07,186,0,0.0,0.333274121359064,0.048544275793845064,0.046376929964632996
P2,R02,testing,07,187,0,0.0,0.333274121359064,0.048544275793845064,0.046428938148534236
P2,R02,testing,07,188,0,0.0,0.333274121359064,0.048544275793845064,0.046480357508710726
P2,R02,testing,07,189,0,0.0,0.333274121359064,0.048544275793845064,0.04653118596045047
P2,R02,testing,07,190,0,0.0,0.333274121359064,0.048544275793845064,0.04658142144144215
P2,R02,testing,07,191,0,0.0,0.333274121359064,0.048544275793845064,0.0466310619119145
P2,R02,testing,07,192,0,1.0,0.333913555971149,0.048544508418793944,0.046680329046588476
P2,R02,testing,07,193,0,1.0,0.333913555971149,0.048544508418793944,0.0467287736997035
P2,R02,testing,07,194,0,1.0,0.333913555971149,0.048544508418793944,0.04677661735671847
P2,R02,testing,07,195,0,1.0,0.333913555971149,0.048544508418793944,0.046823858069378534
P2,R02,testing,07,196,0,1.0,0.333913555971149,0.048544508418793944,0.04687049391264456
P2,R02,testing,07,197,0,1.0,0.333913555971149,0.048544508418793944,0.04691652298482377
P2,R02,testing,07,198,0,1.0,0.333913555971149,0.048544508418793944,0.04696194340769902
P2,R02,testing,07,199,0,1.0,0.333913555971149,0.048544508418793944,0.04700675332665647
P2,R02,testing,07,200,0,1.0,0.333913555971149,0.048544508418793944,0.047050950910811774
P2,R02,testing,07,201,0,1.0,0.333913555971149,0.048544508418793944,0.04709453435313473
P2,R02,testing,07,202,0,1.0,0.333913555971149,0.048544508418793944,0.04713750187057244
P2,R02,testing,07,203,0,1.0,0.333913555971149,0.048544508418793944,0.04717985170417077
P2,R02,testing,07,204,0,1.0,0.333913555971149,0.048544508418793944,0.04722158211919445
P2,R02,testing,07,205,0,1.0,0.333913555971149,0.048544508418793944,0.047262691405245395
P2,R02,testing,07,206,0,1.0,0.333913555971149,0.048544508418793944,0.04730317787637958
P2,R02,testing,07,207,0,1.0,0.333913555971149,0.048544508418793944,0.04734303987122225
P2,R02,testing,07,208,0,0.0,0.0,0.048062914339319446,0.0469122118010923
P2,R02,testing,07,209,0,0.0,0.0,0.048062914339319446,0.04695043693926167
P2,R02,testing,07,210,0,0.0,0.0,0.048062914339319446,0.04698803900875462
P2,R02,testing,07,211,0,0.0,0.0,0.048062914339319446,0.047025016463089146
P2,R02,testing,07,212,0,0.0,0.0,0.048062914339319446,0.047061367780655006
P2,R02,testing,07,213,0,0.0,0.0,0.048062914339319446,0.04709709146481807
P2,R02,testing,07,214,0,0.0,0.0,0.048062914339319446,0.04713218604402301
P2,R02,testing,07,215,0,0.0,0.0,0.048062914339319446,0.04716665007189432
P2,R02,testing,07,216,0,0.0,0.0,0.048062914339319446,0.047200482127335686
P2,R02,testing,07,217,0,0.0,0.0,0.048062914339319446,0.047233680814627574
P2,R02,testing,07,218,0,0.0,0.0,0.048062914339319446,0.04726624476352326
P2,R02,testing,07,219,0,0.0,0.0,0.048062914339319446,0.047298172629343035
P2,R02,testing,07,220,1,0.0,0.0,0.048062914339319446,0.04732946309306679
P2,R02,testing,07,221,1,0.0,0.0,0.048062914339319446,0.047360114861424794
P2,R02,testing,07,222,1,0.0,0.0,0.048062914339319446,0.04739012666698676
P2,R02,testing,07,223,1,0.0,0.0,0.048062914339319446,0.04741949726824926
P2,R02,testing,07,224,1,0.0,0.0,0.04711378615056323,0.046511235903834554
P2,R02,testing,07,225,1,0.0,0.0,0.04711378615056323,0.046538765872647984
P2,R02,testing,07,226,1,0.0,0.0,0.04711378615056323,0.046565663801780253
P2,R02,testing,07,227,1,0.0,0.0,0.04711378615056323,0.046591928576725686
P2,R02,testing,07,228,1,0.0,0.0,0.04711378615056323,0.04661755910879562
P2,R02,testing,07,229,1,0.0,0.0,0.04711378615056323,0.046642554335193626
P2,R02,testing,07,230,1,0.0,0.0,0.04711378615056323,0.04666691321908897
P2,R02,testing,07,231,1,0.0,0.0,0.04711378615056323,0.04669063474968825
P2,R02,testing,07,232,1,0.0,0.0,0.04711378615056323,0.046713717942305354
P2,R02,testing,07,233,1,0.0,0.0,0.04711378615056323,0.04673616183842953
P2,R02,testing,07,234,1,0.0,0.0,0.04711378615056323,0.046757965505791775
P2,R02,testing,07,235,1,0.0,0.0,0.04711378615056323,0.04677912803842932
P2,R02,testing,07,236,1,0.0,0.0,0.04711378615056323,0.0467996485567484
P2,R02,testing,07,237,1,0.0,0.0,0.04711378615056323,0.04681952620758519
P2,R02,testing,07,238,1,0.0,0.0,0.04711378615056323,0.04683876016426491
P2,R02,testing,07,239,1,0.0,0.0,0.04711378615056323,0.04685734962665912
P2,R02,testing,07,240,1,0.0,0.0,0.04572501136639413,0.04549354908411867
P2,R02,testing,07,241,1,0.0,0.0,0.04572501136639413,0.04551033736494083
P2,R02,testing,07,242,1,0.0,0.0,0.04572501136639413,0.04552649797474242
P2,R02,testing,07,243,1,0.0,0.0,0.04572501136639413,0.04554203024055636
P2,R02,testing,07,244,1,0.0,0.0,0.04572501136639413,0.04555693351543082
P2,R02,testing,07,245,1,0.0,0.0,0.04572501136639413,0.04557120717847413
P2,R02,testing,07,246,1,0.0,0.0,0.04572501136639413,0.04558485063489783
P2,R02,testing,07,247,1,0.0,0.0,0.04572501136639413,0.045597863316058064
P2,R02,testing,07,248,1,0.0,0.0,0.04572501136639413,0.045610244679494996
P2,R02,testing,07,249,1,0.0,0.0,0.04572501136639413,0.045621994208970555
P2,R02,testing,07,250,1,0.0,0.0,0.04572501136639413,0.045633111414504296
P2,R02,testing,07,251,1,0.0,0.0,0.04572501136639413,0.04564359583240744
P2,R02,testing,07,252,1,0.0,0.0,0.04572501136639413,0.04565344702531512
P2,R02,testing,07,253,1,0.0,0.0,0.04572501136639413,0.0456626645822168
P2,R02,testing,07,254,1,0.0,0.0,0.04572501136639413,0.045671248118484824
P2,R02,testing,07,255,1,0.0,0.0,0.04572501136639413,0.0456791972759012
P2,R02,testing,07,256,1,0.0,0.0,0.04393671131773601,0.04389971739075719
P2,R02,testing,07,257,1,0.0,0.0,0.04393671131773601,0.04390613558978992
P2,R02,testing,07,258,1,0.0,0.0,0.04393671131773601,0.043911943340323306
P2,R02,testing,07,259,1,0.0,0.0,0.04393671131773601,0.043917140399878055
P2,R02,testing,07,260,1,0.0,0.0,0.04393671131773601,0.04392172655145368
P2,R02,testing,07,261,1,0.0,0.0,0.04393671131773601,0.043925701603543636
P2,R02,testing,07,262,1,0.0,0.0,0.04393671131773601,0.0439290653901486
P2,R02,testing,07,263,1,0.0,0.0,0.04393671131773601,0.04393181777078804
P2,R02,testing,07,264,1,0.0,0.0,0.04393671131773601,0.04393395863051003
P2,R02,testing,07,265,1,0.0,0.0,0.04393671131773601,0.043935487879899184
P2,R02,testing,07,266,1,0.0,0.0,0.04393671131773601,0.04393640545508295
P2,R02,testing,07,267,1,0.0,0.0,0.04393671131773601,0.04393671131773601
P2,R02,testing,07,268,1,0.0,0.0,0.04393671131773601,0.04393640545508295
P2,R02,testing,07,269,1,0.0,0.0,0.04393671131773601,0.043935487879899184
P2,R02,testing,07,270,1,0.0,0.0,0.04393671131773601,0.04393395863051003
P2,R02,testing,07,271,1,0.0,0.0,0.04393671131773601,0.04393181777078804
P2,R02,testing,07,272,1,0.0,0.0,0.0417993162573114,0.04179204228218396
P2,R02,testing,07,273,1,0.0,0.0,0.0417993162573114,0.041788842134154985
P2,R02,testing,07,274,1,0.0,0.0,0.0417993162573114,0.041785060456954674
P2,R02,testing,07,275,1,0.0,0.0,0.0417993162573114,0.04178069740850693
P2,R02,testing,07,276,1,0.0,0.0,0.0417993162573114,0.04177575317100208
P2,R02,testing,07,277,1,0.0,0.0,0.0417993162573114,0.04177022795088414
P2,R02,testing,07,278,1,0.0,0.0,0.0417993162573114,0.0417641219788365
P2,R02,testing,07,279,1,0.0,0.0,0.0417993162573114,0.04175743550976581
P2,R02,testing,07,280,1,0.0,0.0,0.0417993162573114,0.04175016882278428
P2,R02,testing,07,281,1,0.0,0.0,0.0417993162573114,0.04174232222119028
P2,R02,testing,07,282,1,0.0,0.0,0.0417993162573114,0.0417338960324472
P2,R02,testing,07,283,1,0.0,0.0,0.0417993162573114,0.04172489060816068
P2,R02,testing,07,284,1,0.0,0.0,0.0417993162573114,0.04171530632405421
P2,R02,testing,07,285,1,0.0,0.0,0.0417993162573114,0.04170514357994292
P2,R02,testing,07,286,1,0.0,0.0,0.0417993162573114,0.04169440279970586
P2,R02,testing,07,287,1,0.0,0.0,0.0417993162573114,0.04168308443125648
P2,R02,testing,07,288,1,0.0,0.0,0.03937120549720726,0.039250521066575596
P2,R02,testing,07,289,1,0.0,0.0,0.03937120549720726,0.03923877346257292
P2,R02,testing,07,290,1,0.0,0.0,0.03937120549720726,0.03922648322350939
P2,R02,testing,07,291,1,0.0,0.0,0.03937120549720726,0.039213650861523466
P2,R02,testing,07,292,1,0.0,0.0,0.03937120549720726,0.03920027691122967
P2,R02,testing,07,293,1,0.0,0.0,0.03937120549720726,0.03918636192968138
P2,R02,testing,07,294,1,0.0,0.0,0.03937120549720726,0.03917190649633227
P2,R02,testing,07,295,1,0.0,0.0,0.03937120549720726,0.03915691121299598
P2,R02,testing,07,296,1,0.0,0.0,0.03937120549720726,0.03914137670380442
P2,R02,testing,07,297,1,0.0,0.0,0.03937120549720726,0.03912530361516447
P2,R02,testing,07,298,1,0.0,0.0,0.03937120549720726,0.03910869261571314
P2,R02,testing,07,299,1,0.0,0.0,0.03937120549720726,0.039091544396271216
P2,R02,testing,07,300,1,0.0,0.0,0.03937120549720726,0.039073859669795374
P2,R02,testing,07,301,1,0.0,0.0,0.03937120549720726,0.03905563917132879
P2,R02,testing,07,302,1,0.0,0.0,0.03937120549720726,0.039036883657950196
P2,R02,testing,07,303,1,0.0,0.0,0.03937120549720726,0.03901759390872148
P2,R02,testing,07,304,1,0.0,0.0,0.01906370601737014,0.01888288730402112
P2,R02,testing,07,305,1,0.0,0.0,0.01906370601737014,0.018873030940535322
P2,R02,testing,07,306,1,0.0,0.0,0.01906370601737014,0.018862917093043496
P2,R02,testing,07,307,1,0.0,0.0,0.01906370601737014,0.01885254618107967
P2,R02,testing,07,308,1,0.0,0.0,0.01906370601737014,0.018841918634684398
P2,R02,testing,07,309,1,0.0,0.0,0.01906370601737014,0.018831034894375032
P2,R02,testing,07,310,1,0.0,0.0,0.01906370601737014,0.018819895411115305
P2,R02,testing,07,311,1,0.0,0.0,0.01906370601737014,0.018808500646284167
P2,R02,testing,07,312,1,0.0,0.0,0.01906370601737014,0.01879685107164396
P2,R02,testing,07,313,1,0.0,0.0,0.01906370601737014,0.018784947169307856
P2,R02,testing,07,314,1,0.0,0.0,0.01906370601737014,0.018772789431706592
P2,R02,testing,07,315,1,0.0,0.0,0.01906370601737014,0.01876037836155455
P2,R02,testing,07,316,1,0.0,0.0,0.01906370601737014,0.01874771447181509
P2,R02,testing,07,317,1,0.0,0.0,0.01906370601737014,0.018734798285665218
P2,R02,testing,07,318,1,0.0,0.0,0.01906370601737014,0.01872163033645958
P2,R02,testing,07,319,1,0.0,0.0,0.01906370601737014,0.018708211167693736
P2,R02,testing,07,320,1,0.0,0.0,0.0,0.0
P2,R02,testing,07,321,1,0.0,0.0,0.0,0.0
P2,R02,testing,07,322,1,0.0,0.0,0.0,0.0
P2,R02,testing,07,323,1,0.0,0.0,0.0,0.0
P2,R02,testing,07,324,1,0.0,0.0,0.0,0.0
P2,R02,testing,07,325,1,0.0,0.0,0.0,0.0
P2,R02,testing,07,326,1,0.0,0.0,0.0,0.0
P2,R02,testing,07,327,1,0.0,0.0,0.0,0.0
P2,R02,testing,07,328,1,0.0,0.0,0.0,0.0
P2,R02,testing,07,329,1,0.0,0.0,0.0,0.0
P2,R02,testing,07,330,1,0.0,0.0,0.0,0.0
P2,R02,testing,07,331,1,0.0,0.0,0.0,0.0
P2,R02,testing,07,332,1,0.0,0.0,0.0,0.0
P2,R02,testing,07,333,1,0.0,0.0,0.0,0.0
P2,R02,testing,07,334,0,0.0,0.0,0.0,0.0
P2,R02,testing,07,335,0,0.0,0.0,0.0,0.0
P2,R02,testing,07,336,0,0.0,0.0,0.0,0.0
P2,R02,testing,07,337,0,0.0,0.0,0.0,0.0
P2,R02,testing,07,338,0,0.0,0.0,0.0,0.0
P2,R02,testing,07,339,0,0.0,0.0,0.0,0.0
P2,R02,testing,07,340,0,0.0,0.0,0.0,0.0
P2,R02,testing,07,341,0,0.0,0.0,0.0,0.0
P2,R02,testing,07,342,0,0.0,0.0,0.0,0.0
P2,R02,testing,07,343,0,0.0,0.0,0.0,0.0
P2,R02,testing,07,344,0,0.0,0.0,0.0,0.0
P2,R02,testing,07,345,0,0.0,0.0,0.0,0.0
P2,R02,testing,07,346,0,0.0,0.0,0.0,0.0
P2,R02,testing,07,347,0,0.0,0.0,0.0,0.0
P2,R02,testing,07,348,0,0.0,0.0,0.0,0.0
P2,R02,testing,07,349,0,0.0,0.0,0.0,0.0
P2,R02,testing,07,350,0,0.0,0.0,0.0,0.0
P2,R02,testing,07,351,0,0.0,0.0,0.0,0.0
P2,R02,testing,07,352,0,0.0,0.0,0.0,0.0
P2,R02,testing,07,353,0,0.0,0.0,0.0,0.0
P2,R02,testing,07,354,0,0.0,0.0,0.0,0.0
P2,R02,testing,07,355,0,0.0,0.0,0.0,0.0
P2,R02,testing,07,356,0,0.0,0.0,0.0,0.0
P2,R02,testing,07,357,0,0.0,0.0,0.0,0.0
P2,R02,testing,07,358,0,0.0,0.0,0.0,0.0
P2,R02,testing,07,359,0,0.0,0.0,0.0,0.0
P2,R02,testing,07,360,0,0.0,0.0,0.0,0.0
P2,R02,testing,07,361,0,0.0,0.0,0.0,0.0
P2,R02,testing,07,362,0,0.0,0.0,0.0,0.0
P2,R02,testing,07,363,0,0.0,0.0,0.0,0.0
P2,R02,testing,07,364,0,0.0,0.0,0.0,0.0
P2,R02,testing,07,365,0,0.0,0.0,0.0,0.0
P2,R02,testing,07,366,0,0.0,0.0,0.0,0.0
P2,R02,testing,07,367,0,0.0,0.0,0.0,0.0
P2,R02,testing,07,368,0,0.0,0.0,0.0,0.0
P2,R02,testing,07,369,0,0.0,0.0,0.0,0.0
P2,R02,testing,07,370,0,0.0,0.0,0.0,0.0
P2,R02,testing,07,371,0,0.0,0.0,0.0,0.0
P2,R02,testing,07,372,0,0.0,0.0,0.0,0.0
P2,R02,testing,07,373,0,0.0,0.0,0.0,0.0
P2,R02,testing,07,374,0,0.0,0.0,0.0,0.0
P2,R02,testing,07,375,0,0.0,0.0,0.0,0.0
P2,R02,testing,07,376,0,0.0,0.0,0.0,0.0
P2,R02,testing,07,377,0,0.0,0.0,0.0,0.0
P2,R02,testing,07,378,0,0.0,0.0,0.0,0.0
P2,R02,testing,07,379,0,0.0,0.0,0.0,0.0
P2,R02,testing,07,380,0,0.0,0.0,0.0,0.0
P2,R02,testing,07,381,0,0.0,0.0,0.0,0.0
P2,R02,testing,07,382,0,0.0,0.0,0.0,0.0
P2,R02,testing,07,383,0,0.0,0.0,0.0,0.0
P2,R02,testing,07,384,0,0.0,0.0,0.0,0.0
P2,R02,testing,07,385,0,0.0,0.0,0.0,0.0
P2,R02,testing,07,386,0,0.0,0.0,0.0,0.0
P2,R02,testing,07,387,0,0.0,0.0,0.0,0.0
P2,R02,testing,07,388,0,0.0,0.0,0.0,0.0
P2,R02,testing,07,389,0,0.0,0.0,0.0,0.0
P2,R02,testing,07,390,0,0.0,0.0,0.0,0.0
P2,R02,testing,07,391,0,0.0,0.0,0.0,0.0
P2,R02,testing,07,392,0,0.0,0.0,0.0,0.0
P2,R02,testing,07,393,0,0.0,0.0,0.0,0.0
P2,R02,testing,07,394,0,0.0,0.0,0.0,0.0
P2,R02,testing,07,395,0,0.0,0.0,0.0,0.0
P2,R02,testing,07,396,0,0.0,0.0,0.0,0.0
P2,R02,testing,07,397,0,0.0,0.0,0.0,0.0
P2,R02,testing,07,398,0,0.0,0.0,0.0,0.0
P2,R02,testing,07,399,0,0.0,0.0,0.0,0.0
P2,R02,testing,07,400,0,0.0,0.0,0.0,0.0
P2,R02,testing,07,401,0,0.0,0.0,0.0,0.0
P2,R02,testing,07,402,0,0.0,0.0,0.0,0.0
P2,R02,testing,07,403,0,0.0,0.0,0.0,0.0
P2,R02,testing,07,404,0,0.0,0.0,0.0,0.0
P2,R02,testing,07,405,0,0.0,0.0,0.0,0.0
P2,R02,testing,07,406,0,0.0,0.0,0.0,0.0
P2,R02,testing,07,407,0,0.0,0.0,0.0,0.0
P2,R02,testing,07,408,0,0.0,0.0,0.0,0.0
P2,R02,testing,07,409,0,0.0,0.0,0.0,0.0
P2,R02,testing,07,410,0,0.0,0.0,0.0,0.0
P2,R02,testing,07,411,0,0.0,0.0,0.0,0.0
P2,R02,testing,07,412,0,0.0,0.0,0.0,0.0
P2,R02,testing,07,413,0,0.0,0.0,0.0,0.0
P2,R02,testing,07,414,0,0.0,0.0,0.0,0.0
P2,R02,testing,07,415,0,0.0,0.0,0.0,0.0
P2,R02,testing,07,416,0,0.0,0.0,0.0,0.0
P2,R02,testing,07,417,0,0.0,0.0,0.0,0.0
P2,R02,testing,07,418,0,0.0,0.0,0.0,0.0
P2,R02,testing,07,419,0,0.0,0.0,0.0,0.0
P2,R02,testing,07,420,0,0.0,0.0,0.0,0.0
P2,R02,testing,07,421,0,0.0,0.0,0.0,0.0
P2,R02,testing,07,422,0,0.0,0.0,0.0,0.0
P2,R02,testing,07,423,0,0.0,0.0,0.0,0.0
P2,R02,testing,07,424,0,0.0,0.0,0.0,0.0
P2,R02,testing,07,425,0,0.0,0.0,0.0,0.0
P2,R02,testing,07,426,0,0.0,0.0,0.0,0.0
P2,R02,testing,07,427,0,0.0,0.0,0.0,0.0
P2,R02,testing,07,428,0,0.0,0.0,0.0,0.0
P2,R02,testing,07,429,0,0.0,0.0,0.0,0.0
P2,R02,testing,07,430,0,0.0,0.0,0.0,0.0
P2,R02,testing,07,431,0,0.0,0.0,0.0,0.0
P2,R02,testing,07,432,0,0.0,0.0,0.0,0.0
P2,R02,testing,07,433,0,0.0,0.0,0.0,0.0
P2,R02,testing,07,434,0,0.0,0.0,0.0,0.0
P2,R02,testing,07,435,0,0.0,0.0,0.0,0.0
P2,R02,testing,07,436,0,0.0,0.0,0.0,0.0
P2,R02,testing,07,437,0,0.0,0.0,0.0,0.0
P2,R02,testing,07,438,0,0.0,0.0,0.0,0.0
P2,R02,testing,07,439,0,0.0,0.0,0.0,0.0
P2,R02,testing,07,440,0,0.0,0.0,0.0,0.0
P2,R02,testing,07,441,0,0.0,0.0,0.0,0.0
P2,R02,testing,07,442,0,0.0,0.0,0.0,0.0
P2,R02,testing,07,443,0,0.0,0.0,0.0,0.0
P2,R02,testing,07,444,0,0.0,0.0,0.0,0.0
P2,R02,testing,07,445,0,0.0,0.0,0.0,0.0
P2,R02,testing,07,446,0,0.0,0.0,0.0,0.0
P2,R02,testing,07,447,0,0.0,0.0,0.0,0.0
P2,R02,testing,07,448,0,0.0,0.0,0.0,0.0
P2,R02,testing,07,449,0,0.0,0.0,0.0,0.0
P2,R02,testing,07,450,0,0.0,0.0,0.0,0.0
P2,R02,testing,07,451,0,0.0,0.0,0.0,0.0
P2,R02,testing,07,452,0,0.0,0.0,0.0,0.0
P2,R02,testing,07,453,0,0.0,0.0,0.0,0.0
P2,R02,testing,07,454,0,0.0,0.0,0.0,0.0
P2,R02,testing,07,455,0,0.0,0.0,0.0,0.0
P2,R02,testing,07,456,0,0.0,0.0,0.0,0.0
P2,R02,testing,07,457,0,0.0,0.0,0.0,0.0
P2,R02,testing,07,458,0,0.0,0.0,0.0,0.0
P2,R02,testing,07,459,0,0.0,0.0,0.0,0.0
P2,R02,testing,07,460,0,0.0,0.0,0.0,0.0
P2,R02,testing,07,461,0,0.0,0.0,0.0,0.0
P2,R02,testing,07,462,0,0.0,0.0,0.0,0.0
P2,R02,testing,07,463,0,0.0,0.0,0.0,0.0
P2,R02,testing,07,464,0,0.0,0.0,0.0,0.0
P2,R02,testing,07,465,0,0.0,0.0,0.0,0.0
P2,R02,testing,07,466,0,0.0,0.0,0.0,0.0
P2,R02,testing,07,467,0,0.0,0.0,0.0,0.0
P2,R02,testing,07,468,0,0.0,0.0,0.0,0.0
P2,R02,testing,07,469,0,0.0,0.0,0.0,0.0
P2,R02,testing,07,470,0,0.0,0.0,0.0,0.0
P2,R02,testing,07,471,0,0.0,0.0,0.0,0.0
P2,R02,testing,07,472,0,0.0,0.0,0.0,0.0
P2,R02,testing,07,473,0,0.0,0.0,0.0,0.0
P2,R02,testing,07,474,0,0.0,0.0,0.0,0.0
P2,R02,testing,07,475,0,0.0,0.0,0.0,0.0
P2,R02,testing,07,476,0,0.0,0.0,0.0,0.0
P2,R02,testing,07,477,0,0.0,0.0,0.0,0.0
P2,R02,testing,07,478,0,0.0,0.0,0.0,0.0
P2,R02,testing,07,479,0,0.0,0.0,0.0,0.0
P2,R02,testing,07,480,0,0.0,0.0,0.0,0.0
P2,R02,testing,07,481,0,0.0,0.0,0.0,0.0
P2,R02,testing,07,482,0,0.0,0.0,0.0,0.0
P2,R02,testing,07,483,0,0.0,0.0,0.0,0.0
P2,R02,testing,07,484,0,0.0,0.0,0.0,0.0
P2,R02,testing,07,485,0,0.0,0.0,0.0,0.0
P2,R02,testing,07,486,0,0.0,0.0,0.0,0.0
P2,R02,testing,07,487,0,0.0,0.0,0.0,0.0
P2,R02,testing,07,488,0,0.0,0.0,0.0,0.0
P2,R02,testing,07,489,0,0.0,0.0,0.0,0.0
P2,R02,testing,07,490,0,0.0,0.0,0.0,0.0
P2,R02,testing,07,491,0,0.0,0.0,0.0,0.0
P2,R02,testing,07,492,0,0.0,0.0,0.0,0.0
P2,R02,testing,07,493,0,0.0,0.0,0.0,0.0
P2,R02,testing,07,494,0,0.0,0.0,0.0,0.0
P2,R02,testing,07,495,0,0.0,0.0,0.0,0.0
P2,R02,testing,07,496,0,0.0,0.0,0.0,0.0
P2,R02,testing,07,497,0,0.0,0.0,0.0,0.0
P2,R02,testing,07,498,0,0.0,0.0,0.0,0.0
P2,R02,testing,07,499,0,0.0,0.0,0.0,0.0
P2,R02,testing,07,500,0,0.0,0.0,0.0,0.0
P2,R02,testing,07,501,0,0.0,0.0,0.0,0.0
P2,R02,testing,07,502,0,0.0,0.0,0.0,0.0
P2,R02,testing,07,503,0,0.0,0.0,0.0,0.0
P2,R02,testing,07,504,0,0.0,0.0,0.0,0.0
P2,R02,testing,07,505,0,0.0,0.0,0.0,0.0
P2,R02,testing,07,506,0,0.0,0.0,0.0,0.0
P2,R02,testing,07,507,0,0.0,0.0,0.0,0.0
P2,R02,testing,07,508,0,0.0,0.0,0.0,0.0
P2,R02,testing,07,509,0,0.0,0.0,0.0,0.0
P2,R02,testing,07,510,0,0.0,0.0,0.0,0.0
P2,R02,testing,07,511,0,0.0,0.0,0.0,0.0
P2,R02,testing,07,512,0,0.0,0.0,0.0,0.0
P2,R02,testing,07,513,0,0.0,0.0,0.0,0.0
P2,R02,testing,07,514,0,0.0,0.0,0.0,0.0
P2,R02,testing,07,515,0,0.0,0.0,0.0,0.0
P2,R02,testing,07,516,0,0.0,0.0,0.0,0.0
P2,R02,testing,07,517,0,0.0,0.0,0.0,0.0
P2,R02,testing,07,518,0,0.0,0.0,0.0,0.0
P2,R02,testing,07,519,0,0.0,0.0,0.0,0.0
P2,R02,testing,07,520,0,0.0,0.0,0.0,0.0
P2,R02,testing,07,521,0,0.0,0.0,0.0,0.0
P2,R02,testing,07,522,0,0.0,0.0,0.0,0.0
P2,R02,testing,07,523,0,0.0,0.0,0.0,0.0
P2,R02,testing,07,524,0,0.0,0.0,0.0,0.0
P2,R02,testing,07,525,0,0.0,0.0,0.0,0.0
P2,R02,testing,07,526,0,0.0,0.0,0.0,0.0
P2,R02,testing,07,527,0,0.0,0.0,0.0,0.0
P2,R02,testing,07,528,0,0.0,0.0,0.0,0.0
P2,R02,testing,07,529,0,0.0,0.0,0.0,0.0
P2,R02,testing,07,530,0,0.0,0.0,0.0,0.0
P2,R02,testing,07,531,0,0.0,0.0,0.0,0.0
P2,R02,testing,07,532,0,0.0,0.0,0.0,0.0
P2,R02,testing,07,533,0,0.0,0.0,0.0,0.0
P2,R02,testing,07,534,0,0.0,0.0,0.0,0.0
P2,R02,testing,07,535,0,0.0,0.0,0.0,0.0
P3,R02,testing,07,0,0,0.0,0.0,0.0,0.0
P3,R02,testing,07,1,0,0.0,0.0,0.0,0.0
P3,R02,testing,07,2,0,0.0,0.0,0.0,0.0
P3,R02,testing,07,3,0,0.0,0.0,0.0,0.0
P3,R02,testing,07,4,0,0.0,0.0,0.0,0.0
P3,R02,testing,07,5,0,0.0,0.0,0.0,0.0
P3,R02,testing,07,6,0,0.0,0.0,0.0,0.0
P3,R02,testing,07,7,0,0.0,0.0,0.0,0.0
P3,R02,testing,07,8,0,0.0,0.0,0.0,0.0
P3,R02,testing,07,9,0,0.0,0.0,0.0,0.0
P3,R02,testing,07,10,0,0.0,0.0,0.0,0.0
P3,R02,testing,07,11,0,0.0,0.0,0.0,0.0
P3,R02,testing,07,12,0,0.0,0.0,0.0,0.0
P3,R02,testing,07,13,0,0.0,0.0,0.0,0.0
P3,R02,testing,07,14,0,0.0,0.0,0.0,0.0
P3,R02,testing,07,15,0,0.0,0.0,0.0,0.0
P3,R02,testing,07,16,0,0.0,0.0,0.0,0.0
P3,R02,testing,07,17,0,0.0,0.0,0.0,0.0
P3,R02,testing,07,18,0,0.0,0.0,0.0,0.0
P3,R02,testing,07,19,0,0.0,0.0,0.0,0.0
P3,R02,testing,07,20,0,0.0,0.0,0.0,0.0
P3,R02,testing,07,21,0,0.0,0.0,0.0,0.0
P3,R02,testing,07,22,0,0.0,0.0,0.0,0.0
P3,R02,testing,07,23,0,0.0,0.0,0.0,0.0
P3,R02,testing,07,24,0,0.0,0.0,0.0,0.0
P3,R02,testing,07,25,0,0.0,0.0,0.0,0.0
P3,R02,testing,07,26,0,0.0,0.0,0.0,0.0
P3,R02,testing,07,27,0,0.0,0.0,0.0,0.0
P3,R02,testing,07,28,0,0.0,0.0,0.0,0.0
P3,R02,testing,07,29,0,0.0,0.0,0.0,0.0
P3,R02,testing,07,30,0,0.0,0.0,0.0,0.0
P3,R02,testing,07,31,0,0.0,0.0,0.0,0.0
P3,R02,testing,07,32,0,0.0,0.0,0.0,0.0
P3,R02,testing,07,33,0,0.0,0.0,0.0,0.0
P3,R02,testing,07,34,0,0.0,0.0,0.0,0.0
P3,R02,testing,07,35,0,0.0,0.0,0.0,0.0
P3,R02,testing,07,36,0,0.0,0.0,0.0,0.0
P3,R02,testing,07,37,0,0.0,0.0,0.0,0.0
P3,R02,testing,07,38,0,0.0,0.0,0.0,0.0
P3,R02,testing,07,39,0,0.0,0.0,0.0,0.0
P3,R02,testing,07,40,0,0.0,0.0,0.0,0.0
P3,R02,testing,07,41,0,0.0,0.0,0.0,0.0
P3,R02,testing,07,42,0,0.0,0.0,0.0,0.0
P3,R02,testing,07,43,0,0.0,0.0,0.0,0.0
P3,R02,testing,07,44,0,0.0,0.0,0.0,0.0
P3,R02,testing,07,45,0,0.0,0.0,0.0,0.0
P3,R02,testing,07,46,0,0.0,0.0,0.0,0.0
P3,R02,testing,07,47,0,0.0,0.0,0.0,0.0
P3,R02,testing,07,48,0,0.0,0.0,0.0,0.0
P3,R02,testing,07,49,0,0.0,0.0,0.0,0.0
P3,R02,testing,07,50,0,0.0,0.0,0.0,0.0
P3,R02,testing,07,51,0,0.0,0.0,0.0,0.0
P3,R02,testing,07,52,0,0.0,0.0,0.0,0.0
P3,R02,testing,07,53,0,0.0,0.0,0.0,0.0
P3,R02,testing,07,54,0,0.0,0.0,0.0,0.0
P3,R02,testing,07,55,0,0.0,0.0,0.0,0.0
P3,R02,testing,07,56,0,0.0,0.0,0.0,0.0
P3,R02,testing,07,57,0,0.0,0.0,0.0,0.0
P3,R02,testing,07,58,0,0.0,0.0,0.0,0.0
P3,R02,testing,07,59,0,0.0,0.0,0.0,0.0
P3,R02,testing,07,60,0,0.0,0.0,0.0,0.0
P3,R02,testing,07,61,0,0.0,0.0,0.0,0.0
P3,R02,testing,07,62,0,0.0,0.0,0.0,0.0
P3,R02,testing,07,63,0,0.0,0.0,0.0,0.0
P3,R02,testing,07,64,0,0.0,0.0,0.01902719958256348,0.014281923570723616
P3,R02,testing,07,65,0,0.0,0.0,0.01902719958256348,0.014322246726271994
P3,R02,testing,07,66,0,0.0,0.0,0.01902719958256348,0.014362483759867626
P3,R02,testing,07,67,0,0.0,0.0,0.01902719958256348,0.014402633307558525
P3,R02,testing,07,68,0,0.0,0.0,0.01902719958256348,0.01444269400522962
P3,R02,testing,07,69,0,0.0,0.0,0.01902719958256348,0.01448266448867835
P3,R02,testing,07,70,0,0.0,0.0,0.01902719958256348,0.014522543393690525
P3,R02,testing,07,71,0,0.0,0.0,0.01902719958256348,0.01456232935611636
P3,R02,testing,07,72,0,0.0,0.0,0.01902719958256348,0.014602021011946721
P3,R02,testing,07,73,0,0.0,0.0,0.01902719958256348,0.014641616997389598
P3,R02,testing,07,74,0,0.0,0.0,0.01902719958256348,0.014681115948946733
P3,R02,testing,07,75,0,0.0,0.0,0.01902719958256348,0.014720516503490464
P3,R02,testing,07,76,0,0.0,0.0,0.01902719958256348,0.014759817298340739
P3,R02,testing,07,77,0,0.0,0.0,0.01902719958256348,0.014799016971342307
P3,R02,testing,07,78,0,0.0,0.0,0.01902719958256348,0.014838114160942077
P3,R02,testing,07,79,0,0.0,0.0,0.01902719958256348,0.014877107506266654
P3,R02,testing,07,80,0,0.0,0.0,0.0393687537606619,0.030862353505129263
P3,R02,testing,07,81,0,0.0,0.0,0.0393687537606619,0.030942595600610863
P3,R02,testing,07,82,0,0.0,0.0,0.0393687537606619,0.031022614397010217
P3,R02,testing,07,83,0,0.0,0.0,0.0393687537606619,0.03110240708581034
P3,R02,testing,07,84,0,0.0,0.0,0.0393687537606619,0.031181970860707238
P3,R02,testing,07,85,0,0.0,0.0,0.0393687537606619,0.031261302917772134
P3,R02,testing,07,86,0,0.0,0.0,0.0393687537606619,0.031340400455613884
P3,R02,testing,07,87,0,0.0,0.0,0.0393687537606619,0.03141926067554162
P3,R02,testing,07,88,0,0.0,0.0,0.0393687537606619,0.03149788078172769
P3,R02,testing,07,89,0,0.0,0.0,0.0393687537606619,0.03157625798137072
P3,R02,testing,07,90,0,0.0,0.0,0.0393687537606619,0.03165438948485893
P3,R02,testing,07,91,0,0.0,0.0,0.0393687537606619,0.03173227250593361
P3,R02,testing,07,92,0,0.0,0.0,0.0393687537606619,0.031809904261852824
P3,R02,testing,07,93,0,0.0,0.0,0.0393687537606619,0.03188728197355514
P3,R02,testing,07,94,0,0.0,0.0,0.0393687537606619,0.0319644028658237
P3,R02,testing,07,95,0,0.0,0.0,0.0393687537606619,0.032041264167450206
P3,R02,testing,07,96,0,0.0,0.0,0.04179711353835652,0.034098970448435545
P3,R02,testing,07,97,0,0.0,0.0,0.04179711353835652,0.034180012726535154
P3,R02,testing,07,98,0,0.0,0.0,0.04179711353835652,0.034260770602665136
P3,R02,testing,07,99,0,0.0,0.0,0.04179711353835652,0.034341241153450365
P3,R02,testing,07,100,0,0.0,0.0,0.04179711353835652,0.034421421460644266
P3,R02,testing,07,101,0,0.0,0.0,0.04179711353835652,0.034501308611303586
P3,R02,testing,07,102,0,0.0,0.0,0.04179711353835652,0.03458089969796317
P3,R02,testing,07,103,0,0.0,0.0,0.04179711353835652,0.03466019181881082
P3,R02,testing,07,104,0,0.0,0.0,0.04179711353835652,0.03473918207786208
P3,R02,testing,07,105,0,0.0,0.0,0.04179711353835652,0.03481786758513509
P3,R02,testing,07,106,0,0.0,0.0,0.04179711353835652,0.03489624545682542
P3,R02,testing,07,107,0,0.0,0.0,0.04179711353835652,0.03497431281548078
P3,R02,testing,07,108,0,0.0,0.0,0.04179711353835652,0.03505206679017581
P3,R02,testing,07,109,0,0.0,0.0,0.04179711353835652,0.03512950451668673
P3,R02,testing,07,110,0,0.0,0.0,0.04179711353835652,0.035206623137665885
P3,R02,testing,07,111,0,0.0,0.0,0.04179711353835652,0.0352834198028163
P3,R02,testing,07,112,0,0.0,0.0,0.04393481677004325,0.037168364749956884
P3,R02,testing,07,113,0,0.0,0.0,0.04393481677004325,0.03724840335988939
P3,R02,testing,07,114,0,0.0,0.0,0.04393481677004325,0.0373280946057162
P3,R02,testing,07,115,0,0.0,0.0,0.04393481677004325,0.03740743552283936
P3,R02,testing,07,116,0,0.0,0.0,0.04393481677004325,0.037486423154987236
P3,R02,testing,07,117,0,0.0,0.0,0.04393481677004325,0.037565054554397084
P3,R02,testing,07,118,0,0.0,0.0,0.04393481677004325,0.03764332678199735
P3,R02,testing,07,119,0,0.0,0.0,0.04393481677004325,0.037721236907589696
P3,R02,testing,07,120,0,0.0,0.0,0.04393481677004325,0.037798782010030924
P3,R02,testing,07,121,0,0.0,0.0,0.04393481677004325,0.0378759591774145
P3,R02,testing,07,122,0,0.0,0.0,0.04393481677004325,0.03795276550725192
P3,R02,testing,07,123,0,0.0,0.0,0.04393481677004325,0.03802919810665373
P3,R02,testing,07,124,0,0.0,0.0,0.04393481677004325,0.03810525409251024
P3,R02,testing,07,125,0,0.0,0.0,0.04393481677004325,0.03818093059167201
P3,R02,testing,07,126,0,0.0,0.0,0.04393481677004325,0.03825622474112987
P3,R02,testing,07,127,0,0.0,0.0,0.04393481677004325,0.038331133688194685
P3,R02,testing,07,128,0,0.0,0.0,0.04572347774423034,0.039969213986269625
P3,R02,testing,07,129,0,0.0,0.0,0.04572347774423034,0.04004636197187457
P3,R02,testing,07,130,0,0.0,0.0,0.04572347774423034,0.04012310023266822
P3,R02,testing,07,131,0,0.0,0.0,0.04572347774423034,0.04019942584464714
P3,R02,testing,07,132,0,0.0,0.0,0.04572347774423034,0.04027533589547736
P3,R02,testing,07,133,0,0.0,0.0,0.04572347774423034,0.04035082748467896
P3,R02,testing,07,134,0,0.0,0.0,0.04572347774423034,0.04042589772381007
P3,R02,testing,07,135,0,0.0,0.0,0.04572347774423034,0.04050054373665051
P3,R02,testing,07,136,0,0.0,0.0,0.04572347774423034,0.04057476265938482
P3,R02,testing,07,137,0,0.0,0.0,0.04572347774423034,0.04064855164078479
P3,R02,testing,07,138,0,0.0,0.0,0.04572347774423034,0.04072190784239153
P3,R02,testing,07,139,0,0.0,0.0,0.04572347774423034,0.040794828438696806
P3,R02,testing,07,140,0,0.0,0.0,0.04572347774423034,0.04086731061732401
P3,R02,testing,07,141,0,0.0,0.0,0.04572347774423034,0.04093935157920836
P3,R02,testing,07,142,0,0.0,0.0,0.04572347774423034,0.04101094853877663
P3,R02,testing,07,143,0,0.0,0.0,0.04572347774423034,0.04108209872412619
P3,R02,testing,07,144,0,0.0,0.0,0.06612342193198252,0.05951349396742722
P3,R02,testing,07,145,0,0.0,0.0,0.06612342193198252,0.05961508429447337
P3,R02,testing,07,146,0,0.0,0.0,0.06612342193198252,0.05971601661029002
P3,R02,testing,07,147,0,0.0,0.0,0.06612342193198252,0.05981628698791497
P3,R02,testing,07,148,0,0.0,0.0,0.06612342193198252,0.059915891521436206
P3,R02,testing,07,149,0,0.0,0.0,0.06612342193198252,0.060014826326245
P3,R02,testing,07,150,0,0.0,0.0,0.06612342193198252,0.06011308753928788
P3,R02,testing,07,151,0,0.0,0.0,0.06612342193198252,0.060210671319317545
P3,R02,testing,07,152,0,0.0,0.0,0.06612342193198252,0.06030757384714267
P3,R02,testing,07,153,0,0.0,0.0,0.06612342193198252,0.06040379132587657
P3,R02,testing,07,154,0,0.0,0.0,0.06612342193198252,0.06049931998118471
P3,R02,testing,07,155,0,0.0,0.0,0.06612342193198252,0.06059415606153109
P3,R02,testing,07,156,0,0.0,0.0,0.06612342193198252,0.06068829583842334
P3,R02,testing,07,157,0,0.0,0.0,0.06612342193198252,0.060781735606656694
P3,R02,testing,07,158,0,0.0,0.0,0.06612342193198252,0.06087447168455664
P3,R02,testing,07,159,0,0.0,0.0,0.06612342193198252,0.06096650041422037
P3,R02,testing,07,160,0,0.0,0.0,0.08741043808219012,0.08071407192676514
P3,R02,testing,07,161,0,0.0,0.0,0.08741043808219012,0.08083384282346111
P3,R02,testing,07,162,0,0.0,0.0,0.08741043808219012,0.08095266434159598
P3,R02,testing,07,163,0,0.0,0.0,0.08741043808219012,0.0810705317745386
P3,R02,testing,07,164,0,0.0,0.0,0.08741043808219012,0.08118744044865189
P3,R02,testing,07,165,0,0.0,0.0,0.08741043808219012,0.08130338572360145
P3,R02,testing,07,166,0,0.0,0.0,0.08741043808219012,0.08141836299266213
P3,R02,testing,07,167,0,0.0,0.0,0.08741043808219012,0.08153236768302274
P3,R02,testing,07,168,0,0.0,0.0,0.08741043808219012,0.08164539525608894
P3,R02,testing,07,169,0,0.0,0.0,0.08741043808219012,0.08175744120778403
P3,R02,testing,07,170,0,0.0,0.0,0.08741043808219012,0.08186850106884778
P3,R02,testing,07,171,0,0.0,0.0,0.08741043808219012,0.0819785704051334
P3,R02,testing,07,172,0,0.0,0.0,0.08741043808219012,0.08208764481790219
P3,R02,testing,07,173,0,0.0,0.0,0.08741043808219012,0.08219571994411642
P3,R02,testing,07,174,0,0.0,0.0,0.08741043808219012,0.08230279145672986
P3,R02,testing,07,175,0,0.0,0.0,0.08741043808219012,0.08240885506497642
P3,R02,testing,07,176,0,0.0,0.333274121359064,0.12835201996975618,0.12116203521132622
P3,R02,testing,07,177,0,0.0,0.333274121359064,0.12835201996975618,0.12131479856726324
P3,R02,testing,07,178,0,0.0,0.333274121359064,0.12835201996975618,0.12146606335570752
P3,R02,testing,07,179,0,0.0,0.333274121359064,0.12835201996975618,0.12161582349343525
P3,R02,testing,07,180,0,0.0,0.333274121359064,0.12835201996975618,0.12176407295256583
P3,R02,testing,07,181,0,0.0,0.333274121359064,0.12835201996975618,0.12191080576096608
P3,R02,testing,07,182,0,0.0,0.333274121359064,0.12835201996975618,0.12205601600265088
P3,R02,testing,07,183,0,0.0,0.333274121359064,0.12835201996975618,0.12219969781818062
P3,R02,testing,07,184,0,0.0,0.333274121359064,0.12835201996975618,0.12234184540505501
P3,R02,testing,07,185,0,0.0,0.333274121359064,0.12835201996975618,0.12248245301810343
P3,R02,testing,07,186,0,0.0,0.333274121359064,0.12835201996975618,0.12262151496987181
P3,R02,testing,07,187,0,0.0,0.333274121359064,0.12835201996975618,0.12275902563100581
P3,R02,testing,07,188,0,0.0,0.333274121359064,0.12835201996975618,0.12289497943063055
P3,R02,testing,07,189,0,0.0,0.333274121359064,0.12835201996975618,0.12302937085672654
P3,R02,testing,07,190,0,0.0,0.333274121359064,0.12835201996975618,0.12316219445650206
P3,R02,testing,07,191,0,0.0,0.333274121359064,0.12835201996975618,0.12329344483676177
P3,R02,testing,07,192,0,1.0,0.333913555971149,0.1521039701186208,0.14626295755589158
P3,R02,testing,07,193,0,1.0,0.333913555971149,0.1521039701186208,0.14641474865049378
P3,R02,testing,07,194,0,1.0,0.333913555971149,0.1521039701186208,0.14656465665067764
P3,R02,testing,07,195,0,1.0,0.333913555971149,0.1521039701186208,0.1467126754519979
P3,R02,testing,07,196,0,1.0,0.333913555971149,0.1521039701186208,0.14685879902275065
P3,R02,testing,07,197,0,1.0,0.333913555971149,0.1521039701186208,0.1470030214043831
P3,R02,testing,07,198,0,1.0,0.333913555971149,0.1521039701186208,0.14714533671189825
P3,R02,testing,07,199,0,1.0,0.333913555971149,0.1521039701186208,0.1472857391342551
P3,R02,testing,07,200,0,1.0,0.333913555971149,0.1521039701186208,0.14742422293476404
P3,R02,testing,07,201,0,1.0,0.333913555971149,0.1521039701186208,0.1475607824514774
P3,R02,testing,07,202,0,1.0,0.333913555971149,0.1521039701186208,0.14769541209757525
P3,R02,testing,07,203,0,1.0,0.333913555971149,0.1521039701186208,0.14782810636174615
P3,R02,testing,07,204,0,1.0,0.333913555971149,0.1521039701186208,0.14795885980856324
P3,R02,testing,07,205,0,1.0,0.333913555971149,0.1521039701186208,0.14808766707885523
P3,R02,testing,07,206,0,1.0,0.333913555971149,0.1521039701186208,0.14821452289007234
P3,R02,testing,07,207,0,1.0,0.333913555971149,0.1521039701186208,0.14833942203664752
P3,R02,testing,07,208,0,0.0,0.0,0.17600239921517263,0.17178862212123383
P3,R02,testing,07,209,0,0.0,0.0,0.17600239921517263,0.17192859940144292
P3,R02,testing,07,210,0,0.0,0.0,0.17600239921517263,0.17206629505592388
P3,R02,testing,07,211,0,0.0,0.0,0.17600239921517263,0.1722017034215881
P3,R02,testing,07,212,0,0.0,0.0,0.17600239921517263,0.17233481892642527
P3,R02,testing,07,213,0,0.0,0.0,0.17600239921517263,0.17246563608988552
P3,R02,testing,07,214,0,0.0,0.0,0.17600239921517263,0.17259414952325558
P3,R02,testing,07,215,0,0.0,0.0,0.17600239921517263,0.1727203539300285
P3,R02,testing,07,216,0,0.0,0.0,0.17600239921517263,0.1728442441062675
P3,R02,testing,07,217,0,0.0,0.0,0.17600239921517263,0.1729658149409638
P3,R02,testing,07,218,0,0.0,0.0,0.17600239921517263,0.1730850614163876
P3,R02,testing,07,219,0,0.0,0.0,0.17600239921517263,0.17320197860843362
P3,R02,testing,07,220,1,0.0,0.0,0.17600239921517263,0.17331656168695975
P3,R02,testing,07,221,1,0.0,0.0,0.17600239921517263,0.17342880591611964
P3,R02,testing,07,222,1,0.0,0.0,0.17600239921517263,0.17353870665468898
P3,R02,testing,07,223,1,0.0,0.0,0.17600239921517263,0.1736462593563853
P3,R02,testing,07,224,1,0.0,0.0,0.18084282736047597,0.17852998224340264
P3,R02,testing,07,225,1,0.0,0.0,0.18084282736047597,0.1786356540181451
P3,R02,testing,07,226,1,0.0,0.0,0.18084282736047597,0.17873889975473006
P3,R02,testing,07,227,1,0.0,0.0,0.18084282736047597,0.17883971517520889
P3,R02,testing,07,228,1,0.0,0.0,0.18084282736047597,0.17893809610072967
P3,R02,testing,07,229,1,0.0,0.0,0.18084282736047597,0.17903403845182592
P3,R02,testing,07,230,1,0.0,0.0,0.18084282736047597,0.17912753824869856
P3,R02,testing,07,231,1,0.0,0.0,0.18084282736047597,0.179218591611491
P3,R02,testing,07,232,1,0.0,0.0,0.18084282736047597,0.17930719476055745
P3,R02,testing,07,233,1,0.0,0.0,0.18084282736047597,0.17939334401672444
P3,R02,testing,07,234,1,0.0,0.0,0.18084282736047597,0.17947703580154542
P3,R02,testing,07,235,1,0.0,0.0,0.18084282736047597,0.1795582666375485
P3,R02,testing,07,236,1,0.0,0.0,0.18084282736047597,0.17963703314847732
P3,R02,testing,07,237,1,0.0,0.0,0.18084282736047597,0.17971333205952475
P3,R02,testing,07,238,1,0.0,0.0,0.18084282736047597,0.17978716019756005
P3,R02,testing,07,239,1,0.0,0.0,0.18084282736047597,0.17985851449134865
P3,R02,testing,07,240,1,0.0,0.0,0.18413758989809625,0.18320547625751135
P3,R02,testing,07,241,1,0.0,0.0,0.18413758989809625,0.18327308375451892
P3,R02,testing,07,242,1,0.0,0.0,0.18413758989809625,0.1833381635795692
P3,R02,testing,07,243,1,0.0,0.0,0.18413758989809625,0.1834007130225801
P3,R02,testing,07,244,1,0.0,0.0,0.18413758989809625,0.1834607294782346
P3,R02,testing,07,245,1,0.0,0.0,0.18413758989809625,0.18351821044616157
P3,R02,testing,07,246,1,0.0,0.0,0.18413758989809625,0.18357315353110934
P3,R02,testing,07,247,1,0.0,0.0,0.18413758989809625,0.18362555644311207
P3,R02,testing,07,248,1,0.0,0.0,0.18413758989809625,0.18367541699764886
P3,R02,testing,07,249,1,0.0,0.0,0.18413758989809625,0.18372273311579546
P3,R02,testing,07,250,1,0.0,0.0,0.18413758989809625,0.18376750282436874
P3,R02,testing,07,251,1,0.0,0.0,0.18413758989809625,0.18380972425606396
P3,R02,testing,07,252,1,0.0,0.0,0.18413758989809625,0.18384939564958439
P3,R02,testing,07,253,1,0.0,0.0,0.18413758989809625,0.18388651534976386
P3,R02,testing,07,254,1,0.0,0.0,0.18413758989809625,0.18392108180768185
P3,R02,testing,07,255,1,0.0,0.0,0.18413758989809625,0.18395309358077128
P3,R02,testing,07,256,1,0.0,0.33298625093108053,0.20482271133822424,0.20465025426987304
P3,R02,testing,07,257,1,0.0,0.33298625093108053,0.20482271133822424,0.20468017441838587
P3,R02,testing,07,258,1,0.0,0.33298625093108053,0.20482271133822424,0.2047072487982233
P3,R02,testing,07,259,1,0.0,0.33298625093108053,0.20482271133822424,0.20473147627900337
P3,R02,testing,07,260,1,0.0,0.33298625093108053,0.20482271133822424,0.2047528558491204
P3,R02,testing,07,261,1,0.0,0.33298625093108053,0.20482271133822424,0.2047713866158154
P3,R02,testing,07,262,1,0.0,0.33298625093108053,0.20482271133822424,0.20478706780523828
P3,R02,testing,07,263,1,0.0,0.33298625093108053,0.20482271133822424,0.20479989876250151
P3,R02,testing,07,264,1,0.0,0.33298625093108053,0.20482271133822424,0.204809878951726
P3,R02,testing,07,265,1,0.0,0.33298625093108053,0.20482271133822424,0.20481700795607805
P3,R02,testing,07,266,1,0.0,0.33298625093108053,0.20482271133822424,0.2048212854777987
P3,R02,testing,07,267,1,0.0,0.33298625093108053,0.20482271133822424,0.20482271133822424
P3,R02,testing,07,268,1,0.0,0.33298625093108053,0.20482271133822424,0.2048212854777987
P3,R02,testing,07,269,1,0.0,0.33298625093108053,0.20482271133822424,0.20481700795607805
P3,R02,testing,07,270,1,0.0,0.33298625093108053,0.20482271133822424,0.204809878951726
P3,R02,testing,07,271,1,0.0,0.33298625093108053,0.20482271133822424,0.20479989876250151
P3,R02,testing,07,272,1,1.0,0.33386100375830835,0.22510574097761354,0.22506656776361084
P3,R02,testing,07,273,1,1.0,0.33386100375830835,0.22510574097761354,0.22504933370913816
P3,R02,testing,07,274,1,1.0,0.33386100375830835,0.22510574097761354,0.2250289678915952
P3,R02,testing,07,275,1,1.0,0.33386100375830835,0.22510574097761354,0.2250054711614644
P3,R02,testing,07,276,1,1.0,0.33386100375830835,0.22510574097761354,0.22497884449991215
P3,R02,testing,07,277,1,1.0,0.33386100375830835,0.22510574097761354,0.22494908901872065
P3,R02,testing,07,278,1,1.0,0.33386100375830835,0.22510574097761354,0.2249162059602105
P3,R02,testing,07,279,1,1.0,0.33386100375830835,0.22510574097761354,0.22488019669715423
P3,R02,testing,07,280,1,1.0,0.33386100375830835,0.22510574097761354,0.22484106273268076
P3,R02,testing,07,281,1,1.0,0.33386100375830835,0.22510574097761354,0.22479880570017094
P3,R02,testing,07,282,1,1.0,0.33386100375830835,0.22510574097761354,0.22475342736314377
P3,R02,testing,07,283,1,1.0,0.33386100375830835,0.22510574097761354,0.22470492961513386
P3,R02,testing,07,284,1,1.0,0.33386100375830835,0.22510574097761354,0.22465331447955972
P3,R02,testing,07,285,1,1.0,0.33386100375830835,0.22510574097761354,0.224598584109583
P3,R02,testing,07,286,1,1.0,0.33386100375830835,0.22510574097761354,0.22454074078795885
P3,R02,testing,07,287,1,1.0,0.33386100375830835,0.22510574097761354,0.2244797869268772
P3,R02,testing,07,288,1,0.0,0.6661622622655639,0.22581389839476795,0.22512171177227752
P3,R02,testing,07,289,1,0.0,0.6661622622655639,0.22581389839476795,0.22505433328530614
P3,R02,testing,07,290,1,0.0,0.6661622622655639,0.22581389839476795,0.2249838425101294
P3,R02,testing,07,291,1,0.0,0.6661622622655639,0.22581389839476795,0.2249102423841221
P3,R02,testing,07,292,1,0.0,0.6661622622655639,0.22581389839476795,0.22483353597357045
P3,R02,testing,07,293,1,0.0,0.6661622622655639,0.22581389839476795,0.22475372647345923
P3,R02,testing,07,294,1,0.0,0.6661622622655639,0.22581389839476795,0.22467081720724996
P3,R02,testing,07,295,1,0.0,0.6661622622655639,0.22581389839476795,0.22458481162665012
P3,R02,testing,07,296,1,0.0,0.6661622622655639,0.22581389839476795,0.22449571331137388
P3,R02,testing,07,297,1,0.0,0.6661622622655639,0.22581389839476795,0.22440352596889362
P3,R02,testing,07,298,1,0.0,0.6661622622655639,0.22581389839476795,0.22430825343418284
P3,R02,testing,07,299,1,0.0,0.6661622622655639,0.22581389839476795,0.22420989966945026
P3,R02,testing,07,300,1,0.0,0.6661622622655639,0.22581389839476795,0.22410846876386528
P3,R02,testing,07,301,1,0.0,0.6661622622655639,0.22581389839476795,0.22400396493327446
P3,R02,testing,07,302,1,0.0,0.6661622622655639,0.22581389839476795,0.22389639251990967
P3,R02,testing,07,303,1,0.0,0.6661622622655639,0.22581389839476795,0.22378575599208728
P3,R02,testing,07,304,1,1.0,0.3338632130903947,0.20693283079476188,0.2049700787370095
P3,R02,testing,07,305,1,1.0,0.3338632130903947,0.20693283079476188,0.2048630898233324
P3,R02,testing,07,306,1,1.0,0.3338632130903947,0.20693283079476188,0.20475330597071723
P3,R02,testing,07,307,1,1.0,0.3338632130903947,0.20693283079476188,0.2046407317331245
P3,R02,testing,07,308,1,1.0,0.3338632130903947,0.20693283079476188,0.20452537177856095
P3,R02,testing,07,309,1,1.0,0.3338632130903947,0.20693283079476188,0.20440723088875706
P3,R02,testing,07,310,1,1.0,0.3338632130903947,0.20693283079476188,0.20428631395883662
P3,R02,testing,07,311,1,1.0,0.3338632130903947,0.20693283079476188,0.20416262599697865
P3,R02,testing,07,312,1,1.0,0.3338632130903947,0.20693283079476188,0.20403617212407188
P3,R02,testing,07,313,1,1.0,0.3338632130903947,0.20693283079476188,0.2039069575733612
P3,R02,testing,07,314,1,1.0,0.3338632130903947,0.20693283079476188,0.20377498769008684
P3,R02,testing,07,315,1,1.0,0.3338632130903947,0.20693283079476188,0.2036402679311158
P3,R02,testing,07,316,1,1.0,0.3338632130903947,0.20693283079476188,0.20350280386456593
P3,R02,testing,07,317,1,1.0,0.3338632130903947,0.20693283079476188,0.2033626011694221
P3,R02,testing,07,318,1,1.0,0.3338632130903947,0.20693283079476188,0.20321966563514549
P3,R02,testing,07,319,1,1.0,0.3338632130903947,0.20693283079476188,0.2030740031612751
P3,R02,testing,07,320,1,0.0,0.3331009219264847,0.18754819425816405,0.18391636265728617
P3,R02,testing,07,321,1,0.0,0.3331009219264847,0.18754819425816405,0.18377941871519252
P3,R02,testing,07,322,1,0.0,0.3331009219264847,0.18754819425816405,0.18364001991782183
P3,R02,testing,07,323,1,0.0,0.3331009219264847,0.18754819425816405,0.18349817200738822
P3,R02,testing,07,324,1,0.0,0.3331009219264847,0.18754819425816405,0.18335388082396678
P3,R02,testing,07,325,1,0.0,0.3331009219264847,0.18754819425816405,0.18320715230509282
P3,R02,testing,07,326,1,0.0,0.3331009219264847,0.18754819425816405,0.18305799248535487
P3,R02,testing,07,327,1,0.0,0.3331009219264847,0.18754819425816405,0.18290640749598083
P3,R02,testing,07,328,1,0.0,0.3331009219264847,0.18754819425816405,0.18275240356441816
P3,R02,testing,07,329,1,0.0,0.3331009219264847,0.18754819425816405,0.18259598701390753
P3,R02,testing,07,330,1,0.0,0.3331009219264847,0.18754819425816405,0.18243716426305004
P3,R02,testing,07,331,1,0.0,0.3331009219264847,0.18754819425816405,0.1822759418253684
P3,R02,testing,07,332,1,0.0,0.3331009219264847,0.18754819425816405,0.1821123263088618
P3,R02,testing,07,333,1,0.0,0.3331009219264847,0.18754819425816405,0.18194632441555436
P3,R02,testing,07,334,0,0.0,0.3331009219264847,0.18754819425816405,0.18177794294103805
P3,R02,testing,07,335,0,0.0,0.3331009219264847,0.18754819425816405,0.1816071887740087
P3,R02,testing,07,336,0,0.0,0.0,0.18549093781650827,0.1794438796089945
P3,R02,testing,07,337,0,0.0,0.0,0.18549093781650827,0.1792703259546353
P3,R02,testing,07,338,0,0.0,0.0,0.18549093781650827,0.1790944466215563
P3,R02,testing,07,339,0,0.0,0.0,0.18549093781650827,0.17891624878651693
P3,R02,testing,07,340,0,0.0,0.0,0.18549093781650827,0.1787357397159782
P3,R02,testing,07,341,0,0.0,0.0,0.18549093781650827,0.17855292676560866
P3,R02,testing,07,342,0,0.0,0.0,0.18549093781650827,0.1783678173797853
P3,R02,testing,07,343,0,0.0,0.0,0.18549093781650827,0.17818041909108814
P3,R02,testing,07,344,0,0.0,0.0,0.18549093781650827,0.17799073951978975
P3,R02,testing,07,345,0,0.0,0.0,0.18549093781650827,0.17779878637333882
P3,R02,testing,07,346,0,0.0,0.0,0.18549093781650827,0.17760456744583836
P3,R02,testing,07,347,0,0.0,0.0,0.18549093781650827,0.17740809061751847
P3,R02,testing,07,348,0,0.0,0.0,0.18549093781650827,0.1772093638542036
P3,R02,testing,07,349,0,0.0,0.0,0.18549093781650827,0.17700839520677453
P3,R02,testing,07,350,0,0.0,0.0,0.18549093781650827,0.17680519281062496
P3,R02,testing,07,351,0,0.0,0.0,0.18549093781650827,0.17659976488511278
P3,R02,testing,07,352,0,0.0,0.0,0.18175633894559654,0.17284071275352217
P3,R02,testing,07,353,0,0.0,0.0,0.18175633894559654,0.17263508387512777
P3,R02,testing,07,354,0,0.0,0.0,0.18175633894559654,0.17242729892507933
P3,R02,testing,07,355,0,0.0,0.0,0.18175633894559654,0.17221736628086703
P3,R02,testing,07,356,0,0.0,0.0,0.18175633894559654,0.17200529439949117
P3,R02,testing,07,357,0,0.0,0.0,0.18175633894559654,0.17179109181689453
P3,R02,testing,07,358,0,0.0,0.0,0.18175633894559654,0.17157476714739034
P3,R02,testing,07,359,0,0.0,0.0,0.18175633894559654,0.17135632908308496
P3,R02,testing,07,360,0,0.0,0.0,0.18175633894559654,0.1711357863932963
P3,R02,testing,07,361,0,0.0,0.0,0.18175633894559654,0.1709131479239674
P3,R02,testing,07,362,0,0.0,0.0,0.18175633894559654,0.17068842259707553
P3,R02,testing,07,363,0,0.0,0.0,0.18175633894559654,0.17046161941003676
P3,R02,testing,07,364,0,0.0,0.0,0.18175633894559654,0.17023274743510586
P3,R02,testing,07,365,0,0.0,0.0,0.18175633894559654,0.17000181581877216
P3,R02,testing,07,366,0,0.0,0.0,0.18175633894559654,0.1697688337811507
P3,R02,testing,07,367,0,0.0,0.0,0.18175633894559654,0.1695338106153693
P3,R02,testing,07,368,0,0.0,0.3332864842749103,0.17644851916699164,0.16435279239245604
P3,R02,testing,07,369,0,0.0,0.3332864842749103,0.17644851916699164,0.16412069689781333
P3,R02,testing,07,370,0,0.0,0.3332864842749103,0.17644851916699164,0.16388664736645162
P3,R02,testing,07,371,0,0.0,0.3332864842749103,0.17644851916699164,0.1636506530976016
P3,R02,testing,07,372,0,0.0,0.3332864842749103,0.17644851916699164,0.16341272345833832
P3,R02,testing,07,373,0,0.0,0.3332864842749103,0.17644851916699164,0.1631728678829623
P3,R02,testing,07,374,0,0.0,0.3332864842749103,0.17644851916699164,0.1629310958723766
P3,R02,testing,07,375,0,0.0,0.3332864842749103,0.17644851916699164,0.16268741699346043
P3,R02,testing,07,376,0,0.0,0.3332864842749103,0.17644851916699164,0.1624418408784389
P3,R02,testing,07,377,0,0.0,0.3332864842749103,0.17644851916699164,0.16219437722424945
P3,R02,testing,07,378,0,0.0,0.3332864842749103,0.17644851916699164,0.1619450357919043
P3,R02,testing,07,379,0,0.0,0.3332864842749103,0.17644851916699164,0.16169382640584992
P3,R02,testing,07,380,0,0.0,0.3332864842749103,0.17644851916699164,0.16144075895332255
P3,R02,testing,07,381,0,0.0,0.3332864842749103,0.17644851916699164,0.1611858433837007
P3,R02,testing,07,382,0,0.0,0.3332864842749103,0.17644851916699164,0.16092908970785433
P3,R02,testing,07,383,0,0.0,0.3332864842749103,0.17644851916699164,0.1606705079974905
P3,R02,testing,07,384,0,1.0,0.33339539629934817,0.15207480927747014,0.13825186379526175
P3,R02,testing,07,385,0,1.0,0.33339539629934817,0.15207480927747014,0.13802587647040368
P3,R02,testing,07,386,0,1.0,0.33339539629934817,0.15207480927747014,0.1377983399767891
P3,R02,testing,07,387,0,1.0,0.33339539629934817,0.15207480927747014,0.1375692631989116
P3,R02,testing,07,388,0,1.0,0.33339539629934817,0.15207480927747014,0.13733865507083892
P3,R02,testing,07,389,0,1.0,0.33339539629934817,0.15207480927747014,0.13710652457563346
P3,R02,testing,07,390,0,1.0,0.33339539629934817,0.15207480927747014,0.1368728807447702
P3,R02,testing,07,391,0,1.0,0.33339539629934817,0.15207480927747014,0.1366377326575523
P3,R02,testing,07,392,0,1.0,0.33339539629934817,0.15207480927747014,0.1364010894405246
P3,R02,testing,07,393,0,1.0,0.33339539629934817,0.15207480927747014,0.13616296026688435
P3,R02,testing,07,394,0,1.0,0.33339539629934817,0.15207480927747014,0.13592335435589017
P3,R02,testing,07,395,0,1.0,0.33339539629934817,0.15207480927747014,0.1356822809722686
P3,R02,testing,07,396,0,1.0,0.33339539629934817,0.15207480927747014,0.13543974942561862
P3,R02,testing,07,397,0,1.0,0.33339539629934817,0.15207480927747014,0.13519576906981395
P3,R02,testing,07,398,0,1.0,0.33339539629934817,0.15207480927747014,0.13495034930240363
P3,R02,testing,07,399,0,1.0,0.33339539629934817,0.15207480927747014,0.13470349956401026
P3,R02,testing,07,400,0,0.0,0.0,0.12784145159197324,0.11302957915471923
P3,R02,testing,07,401,0,0.0,0.0,0.12784145159197324,0.11281968505183489
P3,R02,testing,07,402,0,0.0,0.0,0.12784145159197324,0.11260861286698265
P3,R02,testing,07,403,0,0.0,0.0,0.12784145159197324,0.11239637067615803
P3,R02,testing,07,404,0,0.0,0.0,0.12784145159197324,0.1121829665890146
P3,R02,testing,07,405,0,0.0,0.0,0.12784145159197324,0.11196840874834943
P3,R02,testing,07,406,0,0.0,0.0,0.12784145159197324,0.11175270532958712
P3,R02,testing,07,407,0,0.0,0.0,0.12784145159197324,0.11153586454026246
P3,R02,testing,07,408,0,0.0,0.0,0.12784145159197324,0.11131789461950199
P3,R02,testing,07,409,0,0.0,0.0,0.12784145159197324,0.11109880383750427
P3,R02,testing,07,410,0,0.0,0.0,0.12784145159197324,0.11087860049501903
P3,R02,testing,07,411,0,0.0,0.0,0.12784145159197324,0.11065729292282529
P3,R02,testing,07,412,0,0.0,0.0,0.12784145159197324,0.11043488948120818
P3,R02,testing,07,413,0,0.0,0.0,0.12784145159197324,0.11021139855943511
P3,R02,testing,07,414,0,0.0,0.0,0.12784145159197324,0.10998682857523068
P3,R02,testing,07,415,0,0.0,0.0,0.12784145159197324,0.10976118797425077
P3,R02,testing,07,416,0,0.0,0.0,0.08643292848795735,0.0740556854675596
P3,R02,testing,07,417,0,0.0,0.0,0.08643292848795735,0.07390170057930626
P3,R02,testing,07,418,0,0.0,0.0,0.08643292848795735,0.07374700909265065
P3,R02,testing,07,419,0,0.0,0.0,0.08643292848795735,0.07359161678962582
P3,R02,testing,07,420,0,0.0,0.0,0.08643292848795735,0.07343552946936299
P3,R02,testing,07,421,0,0.0,0.0,0.08643292848795735,0.07327875294773285
P3,R02,testing,07,422,0,0.0,0.0,0.08643292848795735,0.0731212930569865
P3,R02,testing,07,423,0,0.0,0.0,0.08643292848795735,0.0729631556453961
P3,R02,testing,07,424,0,0.0,0.0,0.08643292848795735,0.07280434657689504
P3,R02,testing,07,425,0,0.0,0.0,0.08643292848795735,0.0726448717307178
P3,R02,testing,07,426,0,0.0,0.0,0.08643292848795735,0.07248473700103976
P3,R02,testing,07,427,0,0.0,0.0,0.08643292848795735,0.07232394829661636
P3,R02,testing,07,428,0,0.0,0.0,0.08643292848795735,0.0721625115404224
P3,R02,testing,07,429,0,0.0,0.0,0.08643292848795735,0.07200043266929099
P3,R02,testing,07,430,0,0.0,0.0,0.08643292848795735,0.0718377176335523
P3,R02,testing,07,431,0,0.0,0.0,0.08643292848795735,0.07167437239667232
P3,R02,testing,07,432,0,0.0,0.0,0.06470702281670548,0.05353544482742506
P3,R02,testing,07,433,0,0.0,0.0,0.06470702281670548,0.05341222813075623
P3,R02,testing,07,434,0,0.0,0.0,0.06470702281670548,0.05328855309095401
P3,R02,testing,07,435,0,0.0,0.0,0.06470702281670548,0.0531644242091286
P3,R02,testing,07,436,0,0.0,0.0,0.06470702281670548,0.05303984599487095
P3,R02,testing,07,437,0,0.0,0.0,0.06470702281670548,0.052914822965982225
P3,R02,testing,07,438,0,0.0,0.0,0.06470702281670548,0.05278935964820319
P3,R02,testing,07,439,0,0.0,0.0,0.06470702281670548,0.0526634605749438
P3,R02,testing,07,440,0,0.0,0.0,0.06470702281670548,0.05253713028701283
P3,R02,testing,07,441,0,0.0,0.0,0.06470702281670548,0.05241037333234761
P3,R02,testing,07,442,0,0.0,0.0,0.06470702281670548,0.05228319426574404
P3,R02,testing,07,443,0,0.0,0.0,0.06470702281670548,0.0521555976485866
P3,R02,testing,07,444,0,0.0,0.0,0.06470702281670548,0.05202758804857865
P3,R02,testing,07,445,0,0.0,0.0,0.06470702281670548,0.05189917003947298
P3,R02,testing,07,446,0,0.0,0.0,0.06470702281670548,0.051770348200802584
P3,R02,testing,07,447,0,0.0,0.0,0.06470702281670548,0.051641127117611554
P3,R02,testing,07,448,0,0.0,0.0,0.04390261756899595,0.03494968685132362
P3,R02,testing,07,449,0,0.0,0.0,0.04390261756899595,0.03486148012332744
P3,R02,testing,07,450,0,0.0,0.0,0.04390261756899595,0.03477301186793242
P3,R02,testing,07,451,0,0.0,0.0,0.04390261756899595,0.034684285209149165
P3,R02,testing,07,452,0,0.0,0.0,0.04390261756899595,0.034595303273818157
P3,R02,testing,07,453,0,0.0,0.0,0.04390261756899595,0.03450606919142862
P3,R02,testing,07,454,0,0.0,0.0,0.04390261756899595,0.03441658609393765
P3,R02,testing,07,455,0,0.0,0.0,0.04390261756899595,0.034326857115589665
P3,R02,testing,07,456,0,0.0,0.0,0.04390261756899595,0.034236885392736165
P3,R02,testing,07,457,0,0.0,0.0,0.04390261756899595,0.03414667406365575
P3,R02,testing,07,458,0,0.0,0.0,0.04390261756899595,0.034056226268374595
P3,R02,testing,07,459,0,0.0,0.0,0.04390261756899595,0.033965545148487125
P3,R02,testing,07,460,0,0.0,0.0,0.04390261756899595,0.033874633846977205
P3,R02,testing,07,461,0,0.0,0.0,0.04390261756899595,0.0337834955080396
P3,R02,testing,07,462,0,0.0,0.0,0.04390261756899595,0.033692133276901855
P3,R02,testing,07,463,0,0.0,0.0,0.04390261756899595,0.03360055029964663
P3,R02,testing,07,464,0,0.0,0.0,0.04176671514935679,0.031878518461765426
P3,R02,testing,07,465,0,0.0,0.0,0.04176671514935679,0.031790980048196776
P3,R02,testing,07,466,0,0.0,0.0,0.04176671514935679,0.031703240610275754
P3,R02,testing,07,467,0,0.0,0.0,0.04176671514935679,0.03161530314259677
P3,R02,testing,07,468,0,0.0,0.0,0.04176671514935679,0.03152717063972872
P3,R02,testing,07,469,0,0.0,0.0,0.04176671514935679,0.031438846096048426
P3,R02,testing,07,470,0,0.0,0.0,0.04176671514935679,0.03135033250557473
P3,R02,testing,07,471,0,0.0,0.0,0.04176671514935679,0.031261632861802946
P3,R02,testing,07,472,0,0.0,0.0,0.04176671514935679,0.031172750157539876
P3,R02,testing,07,473,0,0.0,0.0,0.04176671514935679,0.031083687384739316
P3,R02,testing,07,474,0,0.0,0.0,0.04176671514935679,0.03099444753433808
P3,R02,testing,07,475,0,0.0,0.0,0.04176671514935679,0.030905033596092597
P3,R02,testing,07,476,0,0.0,0.0,0.04176671514935679,0.03081544855841602
P3,R02,testing,07,477,0,0.0,0.0,0.04176671514935679,0.030725695408215927
P3,R02,testing,07,478,0,0.0,0.0,0.04176671514935679,0.030635777130732567
P3,R02,testing,07,479,0,0.0,0.0,0.04176671514935679,0.030545696709377707
P3,R02,testing,07,480,0,0.0,0.0,0.03934034193910864,0.02868619408894069
P3,R02,testing,07,481,0,0.0,0.0,0.03934034193910864,0.028601049725299255
P3,R02,testing,07,482,0,0.0,0.0,0.03934034193910864,0.028515761055727906
P3,R02,testing,07,483,0,0.0,0.0,0.03934034193910864,0.028430330881926195
P3,R02,testing,07,484,0,0.0,0.0,0.03934034193910864,0.028344762003121124
P3,R02,testing,07,485,0,0.0,0.0,0.03934034193910864,0.0282590572159189
P3,R02,testing,07,486,0,0.0,0.0,0.03934034193910864,0.02817321931415732
P3,R02,testing,07,487,0,0.0,0.0,0.03934034193910864,0.028087251088758765
P3,R02,testing,07,488,0,0.0,0.0,0.03934034193910864,0.028001155327583866
P3,R02,testing,07,489,0,0.0,0.0,0.03934034193910864,0.02791493481528584
P3,R02,testing,07,490,0,0.0,0.0,0.03934034193910864,0.02782859233316547
P3,R02,testing,07,491,0,0.0,0.0,0.03934034193910864,0.02774213065902676
P3,R02,testing,07,492,0,0.0,0.0,0.03934034193910864,0.027655552567033326
P3,R02,testing,07,493,0,0.0,0.0,0.03934034193910864,0.027568860827565402
P3,R02,testing,07,494,0,0.0,0.0,0.03934034193910864,0.027482058207077643
P3,R02,testing,07,495,0,0.0,0.0,0.03934034193910864,0.02739514746795759
P3,R02,testing,07,496,0,0.0,0.0,0.019034123379958072,0.013212552716152574
P3,R02,testing,07,497,0,0.0,0.0,0.019034123379958072,0.013170401882665661
P3,R02,testing,07,498,0,0.0,0.0,0.019034123379958072,0.01312820273501498
P3,R02,testing,07,499,0,0.0,0.0,0.019034123379958072,0.013085956601183694
P3,R02,testing,07,500,0,0.0,0.0,0.019034123379958072,0.013043664806850184
P3,R02,testing,07,501,0,0.0,0.0,0.019034123379958072,0.01300132867532174
P3,R02,testing,07,502,0,0.0,0.0,0.019034123379958072,0.012958949527468658
P3,R02,testing,07,503,0,0.0,0.0,0.019034123379958072,0.012916528681658705
P3,R02,testing,07,504,0,0.0,0.0,0.019034123379958072,0.012874067453691967
P3,R02,testing,07,505,0,0.0,0.0,0.019034123379958072,0.01283156715673611
P3,R02,testing,07,506,0,0.0,0.0,0.019034123379958072,0.012789029101262015
P3,R02,testing,07,507,0,0.0,0.0,0.019034123379958072,0.012746454594979813
P3,R02,testing,07,508,0,0.0,0.0,0.019034123379958072,0.012703844942775341
P3,R02,testing,07,509,0,0.0,0.0,0.019034123379958072,0.01266120144664699
P3,R02,testing,07,510,0,0.0,0.0,0.019034123379958072,0.012618525405642973
P3,R02,testing,07,511,0,0.0,0.0,0.019034123379958072,0.01257581811579899
P3,R02,testing,07,512,0,0.0,0.0,0.0,0.0
P3,R02,testing,07,513,0,0.0,0.0,0.0,0.0
P3,R02,testing,07,514,0,0.0,0.0,0.0,0.0
P3,R02,testing,07,515,0,0.0,0.0,0.0,0.0
P3,R02,testing,07,516,0,0.0,0.0,0.0,0.0
P3,R02,testing,07,517,0,0.0,0.0,0.0,0.0
P3,R02,testing,07,518,0,0.0,0.0,0.0,0.0
P3,R02,testing,07,519,0,0.0,0.0,0.0,0.0
P3,R02,testing,07,520,0,0.0,0.0,0.0,0.0
P3,R02,testing,07,521,0,0.0,0.0,0.0,0.0
P3,R02,testing,07,522,0,0.0,0.0,0.0,0.0
P3,R02,testing,07,523,0,0.0,0.0,0.0,0.0
P3,R02,testing,07,524,0,0.0,0.0,0.0,0.0
P3,R02,testing,07,525,0,0.0,0.0,0.0,0.0
P3,R02,testing,07,526,0,0.0,0.0,0.0,0.0
P3,R02,testing,07,527,0,0.0,0.0,0.0,0.0
P3,R02,testing,07,528,0,0.0,0.0,0.0,0.0
P3,R02,testing,07,529,0,0.0,0.0,0.0,0.0
P3,R02,testing,07,530,0,0.0,0.0,0.0,0.0
P3,R02,testing,07,531,0,0.0,0.0,0.0,0.0
P3,R02,testing,07,532,0,0.0,0.0,0.0,0.0
P3,R02,testing,07,533,0,0.0,0.0,0.0,0.0
P3,R02,testing,07,534,0,0.0,0.0,0.0,0.0
P3,R02,testing,07,535,0,0.0,0.0,0.0,0.0
A,R03,testing,01,0,1,0.0,0.0,0.0,0.0
A,R03,testing,01,1,1,0.0,0.0,0.0,0.0
A,R03,testing,01,2,1,0.0,0.0,0.0,0.0
A,R03,testing,01,3,1,0.0,0.0,0.0,0.0
A,R03,testing,01,4,1,0.0,0.0,0.0,0.0
A,R03,testing,01,5,1,0.0,0.0,0.0,0.0
A,R03,testing,01,6,1,0.0,0.0,0.0,0.0
A,R03,testing,01,7,1,0.0,0.0,0.0,0.0
A,R03,testing,01,8,1,0.0,0.0,0.0,0.0
A,R03,testing,01,9,1,0.0,0.0,0.0,0.0
A,R03,testing,01,10,1,0.0,0.0,0.0,0.0
A,R03,testing,01,11,1,0.0,0.0,0.0,0.0
A,R03,testing,01,12,1,0.0,0.0,0.0,0.0
A,R03,testing,01,13,1,0.0,0.0,0.0,0.0
A,R03,testing,01,14,1,0.0,0.0,0.0,0.0
A,R03,testing,01,15,1,0.0,0.0,0.0,0.0
A,R03,testing,01,16,1,0.0,0.0,0.0,0.0
A,R03,testing,01,17,1,0.0,0.0,0.0,0.0
A,R03,testing,01,18,1,0.0,0.0,0.0,0.0
A,R03,testing,01,19,1,0.0,0.0,0.0,0.0
A,R03,testing,01,20,1,0.0,0.0,0.0,0.0
A,R03,testing,01,21,1,0.0,0.0,0.0,0.0
A,R03,testing,01,22,1,0.0,0.0,0.0,0.0
A,R03,testing,01,23,1,0.0,0.0,0.0,0.0
A,R03,testing,01,24,1,0.0,0.0,0.0,0.0
A,R03,testing,01,25,1,0.0,0.0,0.0,0.0
A,R03,testing,01,26,1,0.0,0.0,0.0,0.0
A,R03,testing,01,27,1,0.0,0.0,0.0,0.0
A,R03,testing,01,28,1,0.0,0.0,0.0,0.0
A,R03,testing,01,29,1,0.0,0.0,0.0,0.0
A,R03,testing,01,30,1,0.0,0.0,0.0,0.0
A,R03,testing,01,31,1,0.0,0.0,0.0,0.0
A,R03,testing,01,32,1,0.0,0.0,0.0,0.0
A,R03,testing,01,33,1,0.0,0.0,0.0,0.0
A,R03,testing,01,34,1,0.0,0.0,0.0,0.0
A,R03,testing,01,35,1,0.0,0.0,0.0,0.0
A,R03,testing,01,36,1,0.0,0.0,0.0,0.0
A,R03,testing,01,37,1,0.0,0.0,0.0,0.0
A,R03,testing,01,38,1,0.0,0.0,0.0,0.0
A,R03,testing,01,39,1,0.0,0.0,0.0,0.0
A,R03,testing,01,40,1,0.0,0.0,0.0,0.0
A,R03,testing,01,41,1,0.0,0.0,0.0,0.0
A,R03,testing,01,42,1,0.0,0.0,0.0,0.0
A,R03,testing,01,43,1,0.0,0.0,0.0,0.0
A,R03,testing,01,44,1,0.0,0.0,0.0,0.0
A,R03,testing,01,45,1,0.0,0.0,0.0,0.0
A,R03,testing,01,46,1,0.0,0.0,0.0,0.0
A,R03,testing,01,47,1,0.0,0.0,0.0,0.0
A,R03,testing,01,48,1,0.0,0.0,0.0,0.0
A,R03,testing,01,49,1,0.0,0.0,0.0,0.0
A,R03,testing,01,50,1,0.0,0.0,0.0,0.0
A,R03,testing,01,51,1,0.0,0.0,0.0,0.0
A,R03,testing,01,52,1,0.0,0.0,0.0,0.0
A,R03,testing,01,53,1,0.0,0.0,0.0,0.0
A,R03,testing,01,54,1,0.0,0.0,0.0,0.0
A,R03,testing,01,55,1,0.0,0.0,0.0,0.0
A,R03,testing,01,56,1,0.0,0.0,0.0,0.0
A,R03,testing,01,57,1,0.0,0.0,0.0,0.0
A,R03,testing,01,58,1,0.0,0.0,0.0,0.0
A,R03,testing,01,59,1,0.0,0.0,0.0,0.0
A,R03,testing,01,60,1,0.0,0.0,0.0,0.0
A,R03,testing,01,61,1,0.0,0.0,0.0,0.0
A,R03,testing,01,62,1,0.0,0.0,0.0,0.0
A,R03,testing,01,63,1,0.0,0.0,0.0,0.0
A,R03,testing,01,64,1,0.0,0.0,0.0,0.0
A,R03,testing,01,65,1,0.0,0.0,0.0,0.0
A,R03,testing,01,66,1,0.0,0.0,0.0,0.0
A,R03,testing,01,67,1,0.0,0.0,0.0,0.0
A,R03,testing,01,68,1,0.0,0.0,0.0,0.0
A,R03,testing,01,69,1,0.0,0.0,0.0,0.0
A,R03,testing,01,70,1,0.0,0.0,0.0,0.0
A,R03,testing,01,71,1,0.0,0.0,0.0,0.0
A,R03,testing,01,72,1,0.0,0.0,0.0,0.0
A,R03,testing,01,73,1,0.0,0.0,0.0,0.0
A,R03,testing,01,74,1,0.0,0.0,0.0,0.0
A,R03,testing,01,75,1,0.0,0.0,0.0,0.0
A,R03,testing,01,76,1,0.0,0.0,0.0,0.0
A,R03,testing,01,77,1,0.0,0.0,0.0,0.0
A,R03,testing,01,78,1,0.0,0.0,0.0,0.0
A,R03,testing,01,79,1,0.0,0.0,0.0,0.0
A,R03,testing,01,80,1,0.0,0.0,0.0,0.0
A,R03,testing,01,81,1,0.0,0.0,0.0,0.0
A,R03,testing,01,82,1,0.0,0.0,0.0,0.0
A,R03,testing,01,83,1,0.0,0.0,0.0,0.0
A,R03,testing,01,84,1,0.0,0.0,0.0,0.0
A,R03,testing,01,85,1,0.0,0.0,0.0,0.0
A,R03,testing,01,86,1,0.0,0.0,0.0,0.0
A,R03,testing,01,87,1,0.0,0.0,0.0,0.0
A,R03,testing,01,88,1,0.0,0.0,0.0,0.0
A,R03,testing,01,89,1,0.0,0.0,0.0,0.0
A,R03,testing,01,90,1,0.0,0.0,0.0,0.0
A,R03,testing,01,91,1,0.0,0.0,0.0,0.0
A,R03,testing,01,92,1,0.0,0.0,0.0,0.0
A,R03,testing,01,93,1,0.0,0.0,0.0,0.0
A,R03,testing,01,94,1,0.0,0.0,0.0,0.0
A,R03,testing,01,95,1,0.0,0.0,0.0,0.0
A,R03,testing,01,96,1,0.0,0.0,0.0,0.0
A,R03,testing,01,97,1,0.0,0.0,0.0,0.0
A,R03,testing,01,98,1,0.0,0.0,0.0,0.0
A,R03,testing,01,99,1,0.0,0.0,0.0,0.0
A,R03,testing,01,100,1,0.0,0.0,0.0,0.0
A,R03,testing,01,101,1,0.0,0.0,0.0,0.0
A,R03,testing,01,102,1,0.0,0.0,0.0,0.0
A,R03,testing,01,103,1,0.0,0.0,0.0,0.0
A,R03,testing,01,104,1,0.0,0.0,0.0,0.0
A,R03,testing,01,105,1,0.0,0.0,0.0,0.0
A,R03,testing,01,106,1,0.0,0.0,0.0,0.0
A,R03,testing,01,107,1,0.0,0.0,0.0,0.0
A,R03,testing,01,108,1,0.0,0.0,0.0,0.0
A,R03,testing,01,109,1,0.0,0.0,0.0,0.0
A,R03,testing,01,110,1,0.0,0.0,0.0,0.0
A,R03,testing,01,111,1,0.0,0.0,0.0,0.0
A,R03,testing,01,112,1,0.0,0.0,0.0,0.0
A,R03,testing,01,113,1,0.0,0.0,0.0,0.0
A,R03,testing,01,114,1,0.0,0.0,0.0,0.0
A,R03,testing,01,115,1,0.0,0.0,0.0,0.0
A,R03,testing,01,116,1,0.0,0.0,0.0,0.0
A,R03,testing,01,117,1,0.0,0.0,0.0,0.0
A,R03,testing,01,118,1,0.0,0.0,0.0,0.0
A,R03,testing,01,119,1,0.0,0.0,0.0,0.0
A,R03,testing,01,120,1,0.0,0.0,0.0,0.0
A,R03,testing,01,121,1,0.0,0.0,0.0,0.0
A,R03,testing,01,122,1,0.0,0.0,0.0,0.0
A,R03,testing,01,123,1,0.0,0.0,0.0,0.0
A,R03,testing,01,124,1,0.0,0.0,0.0,0.0
A,R03,testing,01,125,1,0.0,0.0,0.0,0.0
A,R03,testing,01,126,1,0.0,0.0,0.0,0.0
A,R03,testing,01,127,1,0.0,0.0,0.0,0.0
A,R03,testing,01,128,1,0.0,0.0,0.0,0.0
A,R03,testing,01,129,1,0.0,0.0,0.0,0.0
A,R03,testing,01,130,1,0.0,0.0,0.0,0.0
A,R03,testing,01,131,1,0.0,0.0,0.0,0.0
A,R03,testing,01,132,1,0.0,0.0,0.0,0.0
A,R03,testing,01,133,1,0.0,0.0,0.0,0.0
A,R03,testing,01,134,1,0.0,0.0,0.0,0.0
A,R03,testing,01,135,1,0.0,0.0,0.0,0.0
A,R03,testing,01,136,1,0.0,0.0,0.0,0.0
A,R03,testing,01,137,1,0.0,0.0,0.0,0.0
A,R03,testing,01,138,1,0.0,0.0,0.0,0.0
A,R03,testing,01,139,1,0.0,0.0,0.0,0.0
A,R03,testing,01,140,1,0.0,0.0,0.0,0.0
A,R03,testing,01,141,1,0.0,0.0,0.0,0.0
A,R03,testing,01,142,1,0.0,0.0,0.0,0.0
A,R03,testing,01,143,1,0.0,0.0,0.0,0.0
A,R03,testing,01,144,1,0.0,0.0,0.0,0.0
A,R03,testing,01,145,1,0.0,0.0,0.0,0.0
A,R03,testing,01,146,1,0.0,0.0,0.0,0.0
A,R03,testing,01,147,1,0.0,0.0,0.0,0.0
A,R03,testing,01,148,1,0.0,0.0,0.0,0.0
A,R03,testing,01,149,1,0.0,0.0,0.0,0.0
A,R03,testing,01,150,1,0.0,0.0,0.0,0.0
A,R03,testing,01,151,1,0.0,0.0,0.0,0.0
A,R03,testing,01,152,1,0.0,0.0,0.0,0.0
A,R03,testing,01,153,1,0.0,0.0,0.0,0.0
A,R03,testing,01,154,1,0.0,0.0,0.0,0.0
A,R03,testing,01,155,1,0.0,0.0,0.0,0.0
A,R03,testing,01,156,1,0.0,0.0,0.0,0.0
A,R03,testing,01,157,1,0.0,0.0,0.0,0.0
A,R03,testing,01,158,1,0.0,0.0,0.0,0.0
A,R03,testing,01,159,1,0.0,0.0,0.0,0.0
A,R03,testing,01,160,1,0.0,0.0,0.0,0.0
A,R03,testing,01,161,1,0.0,0.0,0.0,0.0
A,R03,testing,01,162,1,0.0,0.0,0.0,0.0
A,R03,testing,01,163,1,0.0,0.0,0.0,0.0
A,R03,testing,01,164,1,0.0,0.0,0.0,0.0
A,R03,testing,01,165,1,0.0,0.0,0.0,0.0
A,R03,testing,01,166,1,0.0,0.0,0.0,0.0
A,R03,testing,01,167,1,0.0,0.0,0.0,0.0
A,R03,testing,01,168,1,0.0,0.0,0.0,0.0
A,R03,testing,01,169,1,0.0,0.0,0.0,0.0
A,R03,testing,01,170,1,0.0,0.0,0.0,0.0
A,R03,testing,01,171,1,0.0,0.0,0.0,0.0
A,R03,testing,01,172,1,0.0,0.0,0.0,0.0
A,R03,testing,01,173,1,0.0,0.0,0.0,0.0
A,R03,testing,01,174,1,0.0,0.0,0.0,0.0
A,R03,testing,01,175,1,0.0,0.0,0.0,0.0
A,R03,testing,01,176,1,0.0,0.0,0.0,0.0
A,R03,testing,01,177,1,0.0,0.0,0.0,0.0
A,R03,testing,01,178,1,0.0,0.0,0.0,0.0
A,R03,testing,01,179,1,0.0,0.0,0.0,0.0
A,R03,testing,01,180,1,0.0,0.0,0.0,0.0
A,R03,testing,01,181,1,0.0,0.0,0.0,0.0
A,R03,testing,01,182,1,0.0,0.0,0.0,0.0
A,R03,testing,01,183,1,0.0,0.0,0.0,0.0
A,R03,testing,01,184,1,0.0,0.0,0.0,0.0
A,R03,testing,01,185,1,0.0,0.0,0.0,0.0
A,R03,testing,01,186,1,0.0,0.0,0.0,0.0
A,R03,testing,01,187,1,0.0,0.0,0.0,0.0
A,R03,testing,01,188,1,0.0,0.0,0.0,0.0
A,R03,testing,01,189,1,0.0,0.0,0.0,0.0
A,R03,testing,01,190,1,0.0,0.0,0.0,0.0
A,R03,testing,01,191,1,0.0,0.0,0.0,0.0
A,R03,testing,01,192,1,0.0,0.0,0.0,0.0
A,R03,testing,01,193,1,0.0,0.0,0.0,0.0
A,R03,testing,01,194,1,0.0,0.0,0.0,0.0
A,R03,testing,01,195,1,0.0,0.0,0.0,0.0
A,R03,testing,01,196,1,0.0,0.0,0.0,0.0
A,R03,testing,01,197,1,0.0,0.0,0.0,0.0
A,R03,testing,01,198,1,0.0,0.0,0.0,0.0
A,R03,testing,01,199,1,0.0,0.0,0.0,0.0
A,R03,testing,01,200,1,0.0,0.0,0.0,0.0
A,R03,testing,01,201,1,0.0,0.0,0.0,0.0
A,R03,testing,01,202,1,0.0,0.0,0.0,0.0
A,R03,testing,01,203,1,0.0,0.0,0.0,0.0
A,R03,testing,01,204,1,0.0,0.0,0.0,0.0
A,R03,testing,01,205,1,0.0,0.0,0.0,0.0
A,R03,testing,01,206,1,0.0,0.0,0.0,0.0
A,R03,testing,01,207,1,0.0,0.0,0.0,0.0
A,R03,testing,01,208,1,0.0,0.0,0.0,0.0
A,R03,testing,01,209,1,0.0,0.0,0.0,0.0
A,R03,testing,01,210,1,0.0,0.0,0.0,0.0
A,R03,testing,01,211,1,0.0,0.0,0.0,0.0
A,R03,testing,01,212,1,0.0,0.0,0.0,0.0
A,R03,testing,01,213,1,0.0,0.0,0.0,0.0
A,R03,testing,01,214,1,0.0,0.0,0.0,0.0
A,R03,testing,01,215,1,0.0,0.0,0.0,0.0
A,R03,testing,01,216,1,0.0,0.0,0.0,0.0
A,R03,testing,01,217,1,0.0,0.0,0.0,0.0
A,R03,testing,01,218,1,0.0,0.0,0.0,0.0
A,R03,testing,01,219,1,0.0,0.0,0.0,0.0
A,R03,testing,01,220,1,0.0,0.0,0.0,0.0
A,R03,testing,01,221,1,0.0,0.0,0.0,0.0
A,R03,testing,01,222,1,0.0,0.0,0.0,0.0
A,R03,testing,01,223,1,0.0,0.0,0.0,0.0
A,R03,testing,01,224,1,0.0,0.0,0.0,0.0
A,R03,testing,01,225,1,0.0,0.0,0.0,0.0
A,R03,testing,01,226,1,0.0,0.0,0.0,0.0
A,R03,testing,01,227,1,0.0,0.0,0.0,0.0
A,R03,testing,01,228,1,0.0,0.0,0.0,0.0
A,R03,testing,01,229,1,0.0,0.0,0.0,0.0
A,R03,testing,01,230,1,0.0,0.0,0.0,0.0
A,R03,testing,01,231,1,0.0,0.0,0.0,0.0
A,R03,testing,01,232,1,0.0,0.0,0.0,0.0
A,R03,testing,01,233,1,0.0,0.0,0.0,0.0
A,R03,testing,01,234,1,0.0,0.0,0.0,0.0
A,R03,testing,01,235,1,0.0,0.0,0.0,0.0
A,R03,testing,01,236,1,0.0,0.0,0.0,0.0
A,R03,testing,01,237,1,0.0,0.0,0.0,0.0
A,R03,testing,01,238,1,0.0,0.0,0.0,0.0
A,R03,testing,01,239,1,0.0,0.0,0.0,0.0
A,R03,testing,01,240,1,0.0,0.0,0.0,0.0
A,R03,testing,01,241,1,0.0,0.0,0.0,0.0
A,R03,testing,01,242,1,0.0,0.0,0.0,0.0
A,R03,testing,01,243,1,0.0,0.0,0.0,0.0
A,R03,testing,01,244,1,0.0,0.0,0.0,0.0
A,R03,testing,01,245,1,0.0,0.0,0.0,0.0
A,R03,testing,01,246,1,0.0,0.0,0.0,0.0
A,R03,testing,01,247,1,0.0,0.0,0.0,0.0
A,R03,testing,01,248,1,0.0,0.0,0.0,0.0
A,R03,testing,01,249,1,0.0,0.0,0.0,0.0
A,R03,testing,01,250,1,0.0,0.0,0.0,0.0
A,R03,testing,01,251,1,0.0,0.0,0.0,0.0
A,R03,testing,01,252,1,0.0,0.0,0.0,0.0
A,R03,testing,01,253,1,0.0,0.0,0.0,0.0
A,R03,testing,01,254,1,0.0,0.0,0.0,0.0
A,R03,testing,01,255,1,0.0,0.0,0.0,0.0
A,R03,testing,01,256,1,0.0,0.0,0.0,0.0
A,R03,testing,01,257,1,0.0,0.0,0.0,0.0
A,R03,testing,01,258,1,0.0,0.0,0.0,0.0
A,R03,testing,01,259,1,0.0,0.0,0.0,0.0
A,R03,testing,01,260,1,0.0,0.0,0.0,0.0
A,R03,testing,01,261,1,0.0,0.0,0.0,0.0
A,R03,testing,01,262,1,0.0,0.0,0.0,0.0
A,R03,testing,01,263,1,0.0,0.0,0.0,0.0
A,R03,testing,01,264,1,0.0,0.0,0.0,0.0
A,R03,testing,01,265,1,0.0,0.0,0.0,0.0
A,R03,testing,01,266,1,0.0,0.0,0.0,0.0
A,R03,testing,01,267,1,0.0,0.0,0.0,0.0
A,R03,testing,01,268,1,0.0,0.0,0.0,0.0
A,R03,testing,01,269,1,0.0,0.0,0.0,0.0
A,R03,testing,01,270,1,0.0,0.0,0.0,0.0
A,R03,testing,01,271,1,0.0,0.0,0.0,0.0
A,R03,testing,01,272,1,0.0,0.0,0.0,0.0
A,R03,testing,01,273,1,0.0,0.0,0.0,0.0
A,R03,testing,01,274,1,0.0,0.0,0.0,0.0
A,R03,testing,01,275,1,0.0,0.0,0.0,0.0
A,R03,testing,01,276,1,0.0,0.0,0.0,0.0
A,R03,testing,01,277,1,0.0,0.0,0.0,0.0
A,R03,testing,01,278,1,0.0,0.0,0.0,0.0
A,R03,testing,01,279,1,0.0,0.0,0.0,0.0
A,R03,testing,01,280,1,0.0,0.0,0.0,0.0
A,R03,testing,01,281,1,0.0,0.0,0.0,0.0
A,R03,testing,01,282,1,0.0,0.0,0.0,0.0
A,R03,testing,01,283,1,0.0,0.0,0.0,0.0
A,R03,testing,01,284,1,0.0,0.0,0.0,0.0
A,R03,testing,01,285,1,0.0,0.0,0.0,0.0
A,R03,testing,01,286,1,0.0,0.0,0.0,0.0
A,R03,testing,01,287,1,0.0,0.0,0.0,0.0
A,R03,testing,01,288,1,0.0,0.0,0.0,0.0
A,R03,testing,01,289,1,0.0,0.0,0.0,0.0
A,R03,testing,01,290,1,0.0,0.0,0.0,0.0
A,R03,testing,01,291,1,0.0,0.0,0.0,0.0
A,R03,testing,01,292,1,0.0,0.0,0.0,0.0
A,R03,testing,01,293,1,0.0,0.0,0.0,0.0
A,R03,testing,01,294,1,0.0,0.0,0.0,0.0
A,R03,testing,01,295,1,0.0,0.0,0.0,0.0
A,R03,testing,01,296,1,0.0,0.0,0.0,0.0
A,R03,testing,01,297,1,0.0,0.0,0.0,0.0
A,R03,testing,01,298,1,0.0,0.0,0.0,0.0
A,R03,testing,01,299,1,0.0,0.0,0.0,0.0
A,R03,testing,01,300,1,0.0,0.0,0.0,0.0
A,R03,testing,01,301,1,0.0,0.0,0.0,0.0
A,R03,testing,01,302,1,0.0,0.0,0.0,0.0
A,R03,testing,01,303,1,0.0,0.0,0.0,0.0
A,R03,testing,01,304,1,0.0,0.0,0.0,0.0
A,R03,testing,01,305,1,0.0,0.0,0.0,0.0
A,R03,testing,01,306,1,0.0,0.0,0.0,0.0
A,R03,testing,01,307,1,0.0,0.0,0.0,0.0
A,R03,testing,01,308,1,0.0,0.0,0.0,0.0
A,R03,testing,01,309,1,0.0,0.0,0.0,0.0
A,R03,testing,01,310,1,0.0,0.0,0.0,0.0
A,R03,testing,01,311,1,0.0,0.0,0.0,0.0
A,R03,testing,01,312,1,0.0,0.0,0.0,0.0
A,R03,testing,01,313,1,0.0,0.0,0.0,0.0
A,R03,testing,01,314,1,0.0,0.0,0.0,0.0
A,R03,testing,01,315,1,0.0,0.0,0.0,0.0
A,R03,testing,01,316,1,0.0,0.0,0.0,0.0
A,R03,testing,01,317,1,0.0,0.0,0.0,0.0
A,R03,testing,01,318,1,0.0,0.0,0.0,0.0
A,R03,testing,01,319,1,0.0,0.0,0.0,0.0
A,R03,testing,01,320,1,0.0,0.0,0.0,0.0
A,R03,testing,01,321,1,0.0,0.0,0.0,0.0
A,R03,testing,01,322,1,0.0,0.0,0.0,0.0
A,R03,testing,01,323,1,0.0,0.0,0.0,0.0
A,R03,testing,01,324,1,0.0,0.0,0.0,0.0
A,R03,testing,01,325,1,0.0,0.0,0.0,0.0
A,R03,testing,01,326,1,0.0,0.0,0.0,0.0
A,R03,testing,01,327,1,0.0,0.0,0.0,0.0
A,R03,testing,01,328,1,0.0,0.0,0.0,0.0
A,R03,testing,01,329,1,0.0,0.0,0.0,0.0
A,R03,testing,01,330,1,0.0,0.0,0.0,0.0
A,R03,testing,01,331,1,0.0,0.0,0.0,0.0
A,R03,testing,01,332,1,0.0,0.0,0.0,0.0
A,R03,testing,01,333,1,0.0,0.0,0.0,0.0
A,R03,testing,01,334,1,0.0,0.0,0.0,0.0
A,R03,testing,01,335,1,0.0,0.0,0.0,0.0
A,R03,testing,01,336,1,0.0,0.0,0.0,0.0
A,R03,testing,01,337,1,0.0,0.0,0.0,0.0
A,R03,testing,01,338,1,0.0,0.0,0.0,0.0
A,R03,testing,01,339,1,0.0,0.0,0.0,0.0
A,R03,testing,01,340,1,0.0,0.0,0.0,0.0
A,R03,testing,01,341,1,0.0,0.0,0.0,0.0
A,R03,testing,01,342,1,0.0,0.0,0.0,0.0
A,R03,testing,01,343,1,0.0,0.0,0.0,0.0
A,R03,testing,01,344,1,0.0,0.0,0.0,0.0
A,R03,testing,01,345,1,0.0,0.0,0.0,0.0
A,R03,testing,01,346,1,0.0,0.0,0.0,0.0
A,R03,testing,01,347,1,0.0,0.0,0.0,0.0
A,R03,testing,01,348,1,0.0,0.0,0.0,0.0
A,R03,testing,01,349,1,0.0,0.0,0.0,0.0
A,R03,testing,01,350,1,0.0,0.0,0.0,0.0
A,R03,testing,01,351,1,0.0,0.0,0.0,0.0
A,R03,testing,01,352,1,0.0,0.0,0.0,0.0
A,R03,testing,01,353,1,0.0,0.0,0.0,0.0
A,R03,testing,01,354,1,0.0,0.0,0.0,0.0
A,R03,testing,01,355,1,0.0,0.0,0.0,0.0
A,R03,testing,01,356,1,0.0,0.0,0.0,0.0
A,R03,testing,01,357,1,0.0,0.0,0.0,0.0
A,R03,testing,01,358,1,0.0,0.0,0.0,0.0
A,R03,testing,01,359,1,0.0,0.0,0.0,0.0
A,R03,testing,01,360,1,0.0,0.0,0.0,0.0
A,R03,testing,01,361,1,0.0,0.0,0.0,0.0
A,R03,testing,01,362,1,0.0,0.0,0.0,0.0
A,R03,testing,01,363,1,0.0,0.0,0.0,0.0
A,R03,testing,01,364,1,0.0,0.0,0.0,0.0
A,R03,testing,01,365,1,0.0,0.0,0.0,0.0
A,R03,testing,01,366,1,0.0,0.0,0.0,0.0
A,R03,testing,01,367,1,0.0,0.0,0.0,0.0
A,R03,testing,01,368,1,0.0,0.0,0.0,0.0
A,R03,testing,01,369,1,0.0,0.0,0.0,0.0
A,R03,testing,01,370,1,0.0,0.0,0.0,0.0
A,R03,testing,01,371,1,0.0,0.0,0.0,0.0
A,R03,testing,01,372,1,0.0,0.0,0.0,0.0
A,R03,testing,01,373,1,0.0,0.0,0.0,0.0
A,R03,testing,01,374,1,0.0,0.0,0.0,0.0
A,R03,testing,01,375,1,0.0,0.0,0.0,0.0
A,R03,testing,01,376,1,0.0,0.0,0.0,0.0
A,R03,testing,01,377,1,0.0,0.0,0.0,0.0
A,R03,testing,01,378,1,0.0,0.0,0.0,0.0
A,R03,testing,01,379,1,0.0,0.0,0.0,0.0
A,R03,testing,01,380,1,0.0,0.0,0.0,0.0
A,R03,testing,01,381,1,0.0,0.0,0.0,0.0
A,R03,testing,01,382,1,0.0,0.0,0.0,0.0
A,R03,testing,01,383,1,0.0,0.0,0.0,0.0
A,R03,testing,01,384,1,0.0,0.0,0.0,0.0
A,R03,testing,01,385,1,0.0,0.0,0.0,0.0
A,R03,testing,01,386,1,0.0,0.0,0.0,0.0
A,R03,testing,01,387,1,0.0,0.0,0.0,0.0
A,R03,testing,01,388,1,0.0,0.0,0.0,0.0
A,R03,testing,01,389,1,0.0,0.0,0.0,0.0
A,R03,testing,01,390,1,0.0,0.0,0.0,0.0
A,R03,testing,01,391,1,0.0,0.0,0.0,0.0
A,R03,testing,01,392,1,0.0,0.0,0.0,0.0
A,R03,testing,01,393,1,0.0,0.0,0.0,0.0
A,R03,testing,01,394,1,0.0,0.0,0.0,0.0
A,R03,testing,01,395,1,0.0,0.0,0.0,0.0
A,R03,testing,01,396,1,0.0,0.0,0.0,0.0
A,R03,testing,01,397,1,0.0,0.0,0.0,0.0
A,R03,testing,01,398,1,0.0,0.0,0.0,0.0
A,R03,testing,01,399,1,0.0,0.0,0.0,0.0
A,R03,testing,01,400,1,0.0,0.0,0.0,0.0
A,R03,testing,01,401,1,0.0,0.0,0.0,0.0
A,R03,testing,01,402,1,0.0,0.0,0.0,0.0
A,R03,testing,01,403,1,0.0,0.0,0.0,0.0
A,R03,testing,01,404,1,0.0,0.0,0.0,0.0
A,R03,testing,01,405,1,0.0,0.0,0.0,0.0
A,R03,testing,01,406,1,0.0,0.0,0.0,0.0
A,R03,testing,01,407,1,0.0,0.0,0.0,0.0
A,R03,testing,01,408,1,0.0,0.0,0.0,0.0
A,R03,testing,01,409,1,0.0,0.0,0.0,0.0
A,R03,testing,01,410,1,0.0,0.0,0.0,0.0
A,R03,testing,01,411,1,0.0,0.0,0.0,0.0
A,R03,testing,01,412,1,0.0,0.0,0.0,0.0
A,R03,testing,01,413,1,0.0,0.0,0.0,0.0
A,R03,testing,01,414,1,0.0,0.0,0.0,0.0
A,R03,testing,01,415,1,0.0,0.0,0.0,0.0
A,R03,testing,01,416,1,0.0,0.0,0.0,0.0
A,R03,testing,01,417,1,0.0,0.0,0.0,0.0
A,R03,testing,01,418,1,0.0,0.0,0.0,0.0
A,R03,testing,01,419,1,0.0,0.0,0.0,0.0
A,R03,testing,01,420,1,0.0,0.0,0.0,0.0
A,R03,testing,01,421,1,0.0,0.0,0.0,0.0
A,R03,testing,01,422,1,0.0,0.0,0.0,0.0
A,R03,testing,01,423,1,0.0,0.0,0.0,0.0
A,R03,testing,01,424,1,0.0,0.0,0.0,0.0
A,R03,testing,01,425,1,0.0,0.0,0.0,0.0
A,R03,testing,01,426,1,0.0,0.0,0.0,0.0
A,R03,testing,01,427,1,0.0,0.0,0.0,0.0
A,R03,testing,01,428,1,0.0,0.0,0.0,0.0
A,R03,testing,01,429,1,0.0,0.0,0.0,0.0
A,R03,testing,01,430,1,0.0,0.0,0.0,0.0
A,R03,testing,01,431,1,0.0,0.0,0.0,0.0
A,R03,testing,01,432,1,0.0,0.0,0.0,0.0
A,R03,testing,01,433,1,0.0,0.0,0.0,0.0
A,R03,testing,01,434,1,0.0,0.0,0.0,0.0
A,R03,testing,01,435,1,0.0,0.0,0.0,0.0
A,R03,testing,01,436,1,0.0,0.0,0.0,0.0
A,R03,testing,01,437,1,0.0,0.0,0.0,0.0
A,R03,testing,01,438,1,0.0,0.0,0.0,0.0
A,R03,testing,01,439,1,0.0,0.0,0.0,0.0
A,R03,testing,01,440,1,0.0,0.0,0.0,0.0
A,R03,testing,01,441,1,0.0,0.0,0.0,0.0
A,R03,testing,01,442,1,0.0,0.0,0.0,0.0
A,R03,testing,01,443,1,0.0,0.0,0.0,0.0
A,R03,testing,01,444,1,0.0,0.0,0.0,0.0
A,R03,testing,01,445,1,0.0,0.0,0.0,0.0
A,R03,testing,01,446,1,0.0,0.0,0.0,0.0
A,R03,testing,01,447,1,0.0,0.0,0.0,0.0
A,R03,testing,01,448,1,0.0,0.0,0.0,0.0
A,R03,testing,01,449,1,0.0,0.0,0.0,0.0
A,R03,testing,01,450,1,0.0,0.0,0.0,0.0
A,R03,testing,01,451,1,0.0,0.0,0.0,0.0
A,R03,testing,01,452,1,0.0,0.0,0.0,0.0
A,R03,testing,01,453,1,0.0,0.0,0.0,0.0
A,R03,testing,01,454,1,0.0,0.0,0.0,0.0
A,R03,testing,01,455,1,0.0,0.0,0.0,0.0
A,R03,testing,01,456,1,0.0,0.0,0.0,0.0
A,R03,testing,01,457,1,0.0,0.0,0.0,0.0
A,R03,testing,01,458,1,0.0,0.0,0.0,0.0
A,R03,testing,01,459,1,0.0,0.0,0.0,0.0
A,R03,testing,01,460,1,0.0,0.0,0.0,0.0
A,R03,testing,01,461,1,0.0,0.0,0.0,0.0
A,R03,testing,01,462,1,0.0,0.0,0.0,0.0
A,R03,testing,01,463,1,0.0,0.0,0.0,0.0
A,R03,testing,01,464,1,0.0,0.0,0.0,0.0
A,R03,testing,01,465,1,0.0,0.0,0.0,0.0
A,R03,testing,01,466,1,0.0,0.0,0.0,0.0
A,R03,testing,01,467,1,0.0,0.0,0.0,0.0
A,R03,testing,01,468,1,0.0,0.0,0.0,0.0
A,R03,testing,01,469,1,0.0,0.0,0.0,0.0
A,R03,testing,01,470,1,0.0,0.0,0.0,0.0
A,R03,testing,01,471,1,0.0,0.0,0.0,0.0
A,R03,testing,01,472,1,0.0,0.0,0.0,0.0
A,R03,testing,01,473,1,0.0,0.0,0.0,0.0
A,R03,testing,01,474,1,0.0,0.0,0.0,0.0
A,R03,testing,01,475,1,0.0,0.0,0.0,0.0
A,R03,testing,01,476,1,0.0,0.0,0.0,0.0
A,R03,testing,01,477,1,0.0,0.0,0.0,0.0
A,R03,testing,01,478,1,0.0,0.0,0.0,0.0
A,R03,testing,01,479,1,0.0,0.0,0.0,0.0
A,R03,testing,01,480,1,0.0,0.0,0.0,0.0
A,R03,testing,01,481,1,0.0,0.0,0.0,0.0
A,R03,testing,01,482,1,0.0,0.0,0.0,0.0
A,R03,testing,01,483,1,0.0,0.0,0.0,0.0
A,R03,testing,01,484,1,0.0,0.0,0.0,0.0
A,R03,testing,01,485,1,0.0,0.0,0.0,0.0
A,R03,testing,01,486,1,0.0,0.0,0.0,0.0
A,R03,testing,01,487,1,0.0,0.0,0.0,0.0
A,R03,testing,01,488,1,0.0,0.0,0.0,0.0
A,R03,testing,01,489,1,0.0,0.0,0.0,0.0
A,R03,testing,01,490,1,0.0,0.0,0.0,0.0
A,R03,testing,01,491,1,0.0,0.0,0.0,0.0
A,R03,testing,01,492,1,0.0,0.0,0.0,0.0
A,R03,testing,01,493,1,0.0,0.0,0.0,0.0
A,R03,testing,01,494,1,0.0,0.0,0.0,0.0
A,R03,testing,01,495,1,0.0,0.0,0.0,0.0
A,R03,testing,01,496,1,0.0,0.0,0.0,0.0
A,R03,testing,01,497,1,0.0,0.0,0.0,0.0
A,R03,testing,01,498,1,0.0,0.0,0.0,0.0
A,R03,testing,01,499,1,0.0,0.0,0.0,0.0
A,R03,testing,01,500,1,0.0,0.0,0.0,0.0
A,R03,testing,01,501,1,0.0,0.0,0.0,0.0
A,R03,testing,01,502,1,0.0,0.0,0.0,0.0
A,R03,testing,01,503,1,0.0,0.0,0.0,0.0
A,R03,testing,01,504,1,0.0,0.0,0.0,0.0
A,R03,testing,01,505,1,0.0,0.0,0.0,0.0
A,R03,testing,01,506,1,0.0,0.0,0.0,0.0
A,R03,testing,01,507,1,0.0,0.0,0.0,0.0
A,R03,testing,01,508,1,0.0,0.0,0.0,0.0
A,R03,testing,01,509,1,0.0,0.0,0.0,0.0
A,R03,testing,01,510,1,0.0,0.0,0.0,0.0
A,R03,testing,01,511,1,0.0,0.0,0.0,0.0
A,R03,testing,01,512,1,0.0,0.0,0.0,0.0
A,R03,testing,01,513,1,0.0,0.0,0.0,0.0
A,R03,testing,01,514,1,0.0,0.0,0.0,0.0
A,R03,testing,01,515,1,0.0,0.0,0.0,0.0
A,R03,testing,01,516,1,0.0,0.0,0.0,0.0
A,R03,testing,01,517,1,0.0,0.0,0.0,0.0
A,R03,testing,01,518,1,0.0,0.0,0.0,0.0
A,R03,testing,01,519,1,0.0,0.0,0.0,0.0
A,R03,testing,01,520,1,0.0,0.0,0.0,0.0
A,R03,testing,01,521,1,0.0,0.0,0.0,0.0
A,R03,testing,01,522,1,0.0,0.0,0.0,0.0
A,R03,testing,01,523,1,0.0,0.0,0.0,0.0
A,R03,testing,01,524,1,0.0,0.0,0.0,0.0
A,R03,testing,01,525,1,0.0,0.0,0.0,0.0
A,R03,testing,01,526,1,0.0,0.0,0.0,0.0
A,R03,testing,01,527,1,0.0,0.0,0.0,0.0
A,R03,testing,01,528,1,0.0,0.0,0.0,0.0
A,R03,testing,01,529,1,0.0,0.0,0.0,0.0
A,R03,testing,01,530,1,0.0,0.0,0.0,0.0
A,R03,testing,01,531,1,0.0,0.0,0.0,0.0
A,R03,testing,01,532,1,0.0,0.0,0.0,0.0
A,R03,testing,01,533,1,0.0,0.0,0.0,0.0
A,R03,testing,01,534,1,0.0,0.0,0.0,0.0
A,R03,testing,01,535,1,0.0,0.0,0.0,0.0
A,R03,testing,01,536,1,0.0,0.0,0.0,0.0
A,R03,testing,01,537,1,0.0,0.0,0.0,0.0
A,R03,testing,01,538,1,0.0,0.0,0.0,0.0
A,R03,testing,01,539,1,0.0,0.0,0.0,0.0
A,R03,testing,01,540,1,0.0,0.0,0.0,0.0
A,R03,testing,01,541,1,0.0,0.0,0.0,0.0
A,R03,testing,01,542,1,0.0,0.0,0.0,0.0
A,R03,testing,01,543,1,0.0,0.0,0.0,0.0
A,R03,testing,01,544,1,0.0,0.0,0.0,0.0
A,R03,testing,01,545,1,0.0,0.0,0.0,0.0
A,R03,testing,01,546,1,0.0,0.0,0.0,0.0
A,R03,testing,01,547,1,0.0,0.0,0.0,0.0
A,R03,testing,01,548,1,0.0,0.0,0.0,0.0
A,R03,testing,01,549,1,0.0,0.0,0.0,0.0
A,R03,testing,01,550,1,0.0,0.0,0.0,0.0
A,R03,testing,01,551,1,0.0,0.0,0.0,0.0
A,R03,testing,01,552,1,0.0,0.0,0.0,0.0
A,R03,testing,01,553,1,0.0,0.0,0.0,0.0
A,R03,testing,01,554,1,0.0,0.0,0.0,0.0
A,R03,testing,01,555,1,0.0,0.0,0.0,0.0
A,R03,testing,01,556,1,0.0,0.0,0.0,0.0
A,R03,testing,01,557,1,0.0,0.0,0.0,0.0
A,R03,testing,01,558,1,0.0,0.0,0.0,0.0
A,R03,testing,01,559,1,0.0,0.0,0.0,0.0
A,R03,testing,01,560,1,0.0,0.0,0.0,0.0
A,R03,testing,01,561,1,0.0,0.0,0.0,0.0
A,R03,testing,01,562,1,0.0,0.0,0.0,0.0
A,R03,testing,01,563,1,0.0,0.0,0.0,0.0
A,R03,testing,01,564,1,0.0,0.0,0.0,0.0
A,R03,testing,01,565,1,0.0,0.0,0.0,0.0
A,R03,testing,01,566,1,0.0,0.0,0.0,0.0
A,R03,testing,01,567,1,0.0,0.0,0.0,0.0
A,R03,testing,01,568,1,0.0,0.0,0.0,0.0
A,R03,testing,01,569,1,0.0,0.0,0.0,0.0
A,R03,testing,01,570,1,0.0,0.0,0.0,0.0
A,R03,testing,01,571,1,0.0,0.0,0.0,0.0
A,R03,testing,01,572,1,0.0,0.0,0.0,0.0
A,R03,testing,01,573,1,0.0,0.0,0.0,0.0
A,R03,testing,01,574,1,0.0,0.0,0.0,0.0
A,R03,testing,01,575,1,0.0,0.0,0.0,0.0
A,R03,testing,01,576,1,0.0,0.0,0.0,0.0
A,R03,testing,01,577,1,0.0,0.0,0.0,0.0
A,R03,testing,01,578,1,0.0,0.0,0.0,0.0
A,R03,testing,01,579,1,0.0,0.0,0.0,0.0
A,R03,testing,01,580,1,0.0,0.0,0.0,0.0
A,R03,testing,01,581,1,0.0,0.0,0.0,0.0
A,R03,testing,01,582,1,0.0,0.0,0.0,0.0
A,R03,testing,01,583,1,0.0,0.0,0.0,0.0
A,R03,testing,01,584,1,0.0,0.0,0.0,0.0
A,R03,testing,01,585,1,0.0,0.0,0.0,0.0
A,R03,testing,01,586,1,0.0,0.0,0.0,0.0
A,R03,testing,01,587,1,0.0,0.0,0.0,0.0
A,R03,testing,01,588,1,0.0,0.0,0.0,0.0
A,R03,testing,01,589,1,0.0,0.0,0.0,0.0
A,R03,testing,01,590,1,0.0,0.0,0.0,0.0
A,R03,testing,01,591,1,0.0,0.0,0.0,0.0
A,R03,testing,01,592,1,0.0,0.0,0.0,0.0
A,R03,testing,01,593,1,0.0,0.0,0.0,0.0
A,R03,testing,01,594,1,0.0,0.0,0.0,0.0
A,R03,testing,01,595,1,0.0,0.0,0.0,0.0
A,R03,testing,01,596,1,0.0,0.0,0.0,0.0
A,R03,testing,01,597,1,0.0,0.0,0.0,0.0
A,R03,testing,01,598,1,0.0,0.0,0.0,0.0
A,R03,testing,01,599,1,0.0,0.0,0.0,0.0
A,R03,testing,01,600,1,0.0,0.0,0.0,0.0
A,R03,testing,01,601,1,0.0,0.0,0.0,0.0
A,R03,testing,01,602,1,0.0,0.0,0.0,0.0
A,R03,testing,01,603,1,0.0,0.0,0.0,0.0
A,R03,testing,01,604,1,0.0,0.0,0.0,0.0
A,R03,testing,01,605,1,0.0,0.0,0.0,0.0
A,R03,testing,01,606,1,0.0,0.0,0.0,0.0
A,R03,testing,01,607,1,0.0,0.0,0.0,0.0
A,R03,testing,01,608,1,0.0,0.0,0.0,0.0
A,R03,testing,01,609,1,0.0,0.0,0.0,0.0
A,R03,testing,01,610,1,0.0,0.0,0.0,0.0
A,R03,testing,01,611,1,0.0,0.0,0.0,0.0
A,R03,testing,01,612,1,0.0,0.0,0.0,0.0
A,R03,testing,01,613,1,0.0,0.0,0.0,0.0
A,R03,testing,01,614,1,0.0,0.0,0.0,0.0
A,R03,testing,01,615,1,0.0,0.0,0.0,0.0
A,R03,testing,01,616,1,0.0,0.0,0.0,0.0
A,R03,testing,01,617,1,0.0,0.0,0.0,0.0
A,R03,testing,01,618,1,0.0,0.0,0.0,0.0
A,R03,testing,01,619,1,0.0,0.0,0.0,0.0
A,R03,testing,01,620,1,0.0,0.0,0.0,0.0
A,R03,testing,01,621,1,0.0,0.0,0.0,0.0
A,R03,testing,01,622,1,0.0,0.0,0.0,0.0
A,R03,testing,01,623,1,0.0,0.0,0.0,0.0
A,R03,testing,01,624,1,0.0,0.0,0.0,0.0
A,R03,testing,01,625,1,0.0,0.0,0.0,0.0
A,R03,testing,01,626,1,0.0,0.0,0.0,0.0
A,R03,testing,01,627,1,0.0,0.0,0.0,0.0
A,R03,testing,01,628,1,0.0,0.0,0.0,0.0
A,R03,testing,01,629,1,0.0,0.0,0.0,0.0
A,R03,testing,01,630,1,0.0,0.0,0.0,0.0
A,R03,testing,01,631,1,0.0,0.0,0.0,0.0
A,R03,testing,01,632,1,0.0,0.0,0.0,0.0
A,R03,testing,01,633,1,0.0,0.0,0.0,0.0
A,R03,testing,01,634,1,0.0,0.0,0.0,0.0
A,R03,testing,01,635,1,0.0,0.0,0.0,0.0
A,R03,testing,01,636,1,0.0,0.0,0.0,0.0
A,R03,testing,01,637,1,0.0,0.0,0.0,0.0
A,R03,testing,01,638,1,0.0,0.0,0.0,0.0
A,R03,testing,01,639,1,0.0,0.0,0.0,0.0
A,R03,testing,01,640,1,0.0,0.0,0.0,0.0
A,R03,testing,01,641,1,0.0,0.0,0.0,0.0
A,R03,testing,01,642,1,0.0,0.0,0.0,0.0
A,R03,testing,01,643,1,0.0,0.0,0.0,0.0
A,R03,testing,01,644,1,0.0,0.0,0.0,0.0
A,R03,testing,01,645,1,0.0,0.0,0.0,0.0
A,R03,testing,01,646,1,0.0,0.0,0.0,0.0
A,R03,testing,01,647,1,0.0,0.0,0.0,0.0
A,R03,testing,01,648,1,0.0,0.0,0.0,0.0
A,R03,testing,01,649,1,0.0,0.0,0.0,0.0
A,R03,testing,01,650,1,0.0,0.0,0.0,0.0
A,R03,testing,01,651,1,0.0,0.0,0.0,0.0
A,R03,testing,01,652,1,0.0,0.0,0.0,0.0
A,R03,testing,01,653,1,0.0,0.0,0.0,0.0
A,R03,testing,01,654,1,0.0,0.0,0.0,0.0
A,R03,testing,01,655,1,0.0,0.0,0.0,0.0
A,R03,testing,01,656,1,0.0,0.0,0.0,0.0
A,R03,testing,01,657,1,0.0,0.0,0.0,0.0
A,R03,testing,01,658,1,0.0,0.0,0.0,0.0
A,R03,testing,01,659,1,0.0,0.0,0.0,0.0
A,R03,testing,01,660,1,0.0,0.0,0.0,0.0
A,R03,testing,01,661,1,0.0,0.0,0.0,0.0
A,R03,testing,01,662,1,0.0,0.0,0.0,0.0
A,R03,testing,01,663,1,0.0,0.0,0.0,0.0
A,R03,testing,01,664,1,0.0,0.0,0.0,0.0
A,R03,testing,01,665,1,0.0,0.0,0.0,0.0
A,R03,testing,01,666,1,0.0,0.0,0.0,0.0
A,R03,testing,01,667,1,0.0,0.0,0.0,0.0
A,R03,testing,01,668,1,0.0,0.0,0.0,0.0
A,R03,testing,01,669,1,0.0,0.0,0.0,0.0
A,R03,testing,01,670,1,0.0,0.0,0.0,0.0
A,R03,testing,01,671,1,0.0,0.0,0.0,0.0
A,R03,testing,01,672,1,0.0,0.0,0.0,0.0
A,R03,testing,01,673,1,0.0,0.0,0.0,0.0
A,R03,testing,01,674,1,0.0,0.0,0.0,0.0
A,R03,testing,01,675,1,0.0,0.0,0.0,0.0
A,R03,testing,01,676,1,0.0,0.0,0.0,0.0
A,R03,testing,01,677,1,0.0,0.0,0.0,0.0
A,R03,testing,01,678,1,0.0,0.0,0.0,0.0
A,R03,testing,01,679,1,0.0,0.0,0.0,0.0
A,R03,testing,01,680,1,0.0,0.0,0.0,0.0
A,R03,testing,01,681,1,0.0,0.0,0.0,0.0
A,R03,testing,01,682,1,0.0,0.0,0.0,0.0
A,R03,testing,01,683,1,0.0,0.0,0.0,0.0
A,R03,testing,01,684,1,0.0,0.0,0.0,0.0
A,R03,testing,01,685,1,0.0,0.0,0.0,0.0
A,R03,testing,01,686,1,0.0,0.0,0.0,0.0
A,R03,testing,01,687,1,0.0,0.0,0.0,0.0
A,R03,testing,01,688,1,0.0,0.0,0.0,0.0
A,R03,testing,01,689,1,0.0,0.0,0.0,0.0
A,R03,testing,01,690,1,0.0,0.0,0.0,0.0
A,R03,testing,01,691,1,0.0,0.0,0.0,0.0
A,R03,testing,01,692,1,0.0,0.0,0.0,0.0
A,R03,testing,01,693,1,0.0,0.0,0.0,0.0
A,R03,testing,01,694,1,0.0,0.0,0.0,0.0
A,R03,testing,01,695,1,0.0,0.0,0.0,0.0
A,R03,testing,01,696,1,0.0,0.0,0.0,0.0
A,R03,testing,01,697,1,0.0,0.0,0.0,0.0
A,R03,testing,01,698,1,0.0,0.0,0.0,0.0
A,R03,testing,01,699,1,0.0,0.0,0.0,0.0
A,R03,testing,01,700,1,0.0,0.0,0.0,0.0
A,R03,testing,01,701,1,0.0,0.0,0.0,0.0
A,R03,testing,01,702,1,0.0,0.0,0.0,0.0
A,R03,testing,01,703,1,0.0,0.0,0.0,0.0
A,R03,testing,01,704,1,0.0,0.0,0.0,0.0
A,R03,testing,01,705,1,0.0,0.0,0.0,0.0
A,R03,testing,01,706,1,0.0,0.0,0.0,0.0
A,R03,testing,01,707,1,0.0,0.0,0.0,0.0
A,R03,testing,01,708,1,0.0,0.0,0.0,0.0
A,R03,testing,01,709,1,0.0,0.0,0.0,0.0
A,R03,testing,01,710,1,0.0,0.0,0.0,0.0
A,R03,testing,01,711,1,0.0,0.0,0.0,0.0
A,R03,testing,01,712,1,0.0,0.0,0.0,0.0
A,R03,testing,01,713,1,0.0,0.0,0.0,0.0
A,R03,testing,01,714,1,0.0,0.0,0.0,0.0
A,R03,testing,01,715,1,0.0,0.0,0.0,0.0
A,R03,testing,01,716,1,0.0,0.0,0.0,0.0
A,R03,testing,01,717,1,0.0,0.0,0.0,0.0
A,R03,testing,01,718,1,0.0,0.0,0.0,0.0
A,R03,testing,01,719,1,0.0,0.0,0.0,0.0
B,R03,testing,01,0,1,0.0,0.0,0.0,0.0
B,R03,testing,01,1,1,0.0,0.0,0.0,0.0
B,R03,testing,01,2,1,0.0,0.0,0.0,0.0
B,R03,testing,01,3,1,0.0,0.0,0.0,0.0
B,R03,testing,01,4,1,0.0,0.0,0.0,0.0
B,R03,testing,01,5,1,0.0,0.0,0.0,0.0
B,R03,testing,01,6,1,0.0,0.0,0.0,0.0
B,R03,testing,01,7,1,0.0,0.0,0.0,0.0
B,R03,testing,01,8,1,0.0,0.0,0.0,0.0
B,R03,testing,01,9,1,0.0,0.0,0.0,0.0
B,R03,testing,01,10,1,0.0,0.0,0.0,0.0
B,R03,testing,01,11,1,0.0,0.0,0.0,0.0
B,R03,testing,01,12,1,0.0,0.0,0.0,0.0
B,R03,testing,01,13,1,0.0,0.0,0.0,0.0
B,R03,testing,01,14,1,0.0,0.0,0.0,0.0
B,R03,testing,01,15,1,0.0,0.0,0.0,0.0
B,R03,testing,01,16,1,0.0,0.0,0.0,0.0
B,R03,testing,01,17,1,0.0,0.0,0.0,0.0
B,R03,testing,01,18,1,0.0,0.0,0.0,0.0
B,R03,testing,01,19,1,0.0,0.0,0.0,0.0
B,R03,testing,01,20,1,0.0,0.0,0.0,0.0
B,R03,testing,01,21,1,0.0,0.0,0.0,0.0
B,R03,testing,01,22,1,0.0,0.0,0.0,0.0
B,R03,testing,01,23,1,0.0,0.0,0.0,0.0
B,R03,testing,01,24,1,0.0,0.0,0.0,0.0
B,R03,testing,01,25,1,0.0,0.0,0.0,0.0
B,R03,testing,01,26,1,0.0,0.0,0.0,0.0
B,R03,testing,01,27,1,0.0,0.0,0.0,0.0
B,R03,testing,01,28,1,0.0,0.0,0.0,0.0
B,R03,testing,01,29,1,0.0,0.0,0.0,0.0
B,R03,testing,01,30,1,0.0,0.0,0.0,0.0
B,R03,testing,01,31,1,0.0,0.0,0.0,0.0
B,R03,testing,01,32,1,0.0,0.0,0.0,0.0
B,R03,testing,01,33,1,0.0,0.0,0.0,0.0
B,R03,testing,01,34,1,0.0,0.0,0.0,0.0
B,R03,testing,01,35,1,0.0,0.0,0.0,0.0
B,R03,testing,01,36,1,0.0,0.0,0.0,0.0
B,R03,testing,01,37,1,0.0,0.0,0.0,0.0
B,R03,testing,01,38,1,0.0,0.0,0.0,0.0
B,R03,testing,01,39,1,0.0,0.0,0.0,0.0
B,R03,testing,01,40,1,0.0,0.0,0.0,0.0
B,R03,testing,01,41,1,0.0,0.0,0.0,0.0
B,R03,testing,01,42,1,0.0,0.0,0.0,0.0
B,R03,testing,01,43,1,0.0,0.0,0.0,0.0
B,R03,testing,01,44,1,0.0,0.0,0.0,0.0
B,R03,testing,01,45,1,0.0,0.0,0.0,0.0
B,R03,testing,01,46,1,0.0,0.0,0.0,0.0
B,R03,testing,01,47,1,0.0,0.0,0.0,0.0
B,R03,testing,01,48,1,0.0,0.0,0.0,0.0
B,R03,testing,01,49,1,0.0,0.0,0.0,0.0
B,R03,testing,01,50,1,0.0,0.0,0.0,0.0
B,R03,testing,01,51,1,0.0,0.0,0.0,0.0
B,R03,testing,01,52,1,0.0,0.0,0.0,0.0
B,R03,testing,01,53,1,0.0,0.0,0.0,0.0
B,R03,testing,01,54,1,0.0,0.0,0.0,0.0
B,R03,testing,01,55,1,0.0,0.0,0.0,0.0
B,R03,testing,01,56,1,0.0,0.0,0.0,0.0
B,R03,testing,01,57,1,0.0,0.0,0.0,0.0
B,R03,testing,01,58,1,0.0,0.0,0.0,0.0
B,R03,testing,01,59,1,0.0,0.0,0.0,0.0
B,R03,testing,01,60,1,0.0,0.0,0.0,0.0
B,R03,testing,01,61,1,0.0,0.0,0.0,0.0
B,R03,testing,01,62,1,0.0,0.0,0.0,0.0
B,R03,testing,01,63,1,0.0,0.0,0.0,0.0
B,R03,testing,01,64,1,0.0,0.0,0.0,0.0
B,R03,testing,01,65,1,0.0,0.0,0.0,0.0
B,R03,testing,01,66,1,0.0,0.0,0.0,0.0
B,R03,testing,01,67,1,0.0,0.0,0.0,0.0
B,R03,testing,01,68,1,0.0,0.0,0.0,0.0
B,R03,testing,01,69,1,0.0,0.0,0.0,0.0
B,R03,testing,01,70,1,0.0,0.0,0.0,0.0
B,R03,testing,01,71,1,0.0,0.0,0.0,0.0
B,R03,testing,01,72,1,0.0,0.0,0.0,0.0
B,R03,testing,01,73,1,0.0,0.0,0.0,0.0
B,R03,testing,01,74,1,0.0,0.0,0.0,0.0
B,R03,testing,01,75,1,0.0,0.0,0.0,0.0
B,R03,testing,01,76,1,0.0,0.0,0.0,0.0
B,R03,testing,01,77,1,0.0,0.0,0.0,0.0
B,R03,testing,01,78,1,0.0,0.0,0.0,0.0
B,R03,testing,01,79,1,0.0,0.0,0.0,0.0
B,R03,testing,01,80,1,0.0,0.0,0.0,0.0
B,R03,testing,01,81,1,0.0,0.0,0.0,0.0
B,R03,testing,01,82,1,0.0,0.0,0.0,0.0
B,R03,testing,01,83,1,0.0,0.0,0.0,0.0
B,R03,testing,01,84,1,0.0,0.0,0.0,0.0
B,R03,testing,01,85,1,0.0,0.0,0.0,0.0
B,R03,testing,01,86,1,0.0,0.0,0.0,0.0
B,R03,testing,01,87,1,0.0,0.0,0.0,0.0
B,R03,testing,01,88,1,0.0,0.0,0.0,0.0
B,R03,testing,01,89,1,0.0,0.0,0.0,0.0
B,R03,testing,01,90,1,0.0,0.0,0.0,0.0
B,R03,testing,01,91,1,0.0,0.0,0.0,0.0
B,R03,testing,01,92,1,0.0,0.0,0.0,0.0
B,R03,testing,01,93,1,0.0,0.0,0.0,0.0
B,R03,testing,01,94,1,0.0,0.0,0.0,0.0
B,R03,testing,01,95,1,0.0,0.0,0.0,0.0
B,R03,testing,01,96,1,0.0,0.0,0.0,0.0
B,R03,testing,01,97,1,0.0,0.0,0.0,0.0
B,R03,testing,01,98,1,0.0,0.0,0.0,0.0
B,R03,testing,01,99,1,0.0,0.0,0.0,0.0
B,R03,testing,01,100,1,0.0,0.0,0.0,0.0
B,R03,testing,01,101,1,0.0,0.0,0.0,0.0
B,R03,testing,01,102,1,0.0,0.0,0.0,0.0
B,R03,testing,01,103,1,0.0,0.0,0.0,0.0
B,R03,testing,01,104,1,0.0,0.0,0.0,0.0
B,R03,testing,01,105,1,0.0,0.0,0.0,0.0
B,R03,testing,01,106,1,0.0,0.0,0.0,0.0
B,R03,testing,01,107,1,0.0,0.0,0.0,0.0
B,R03,testing,01,108,1,0.0,0.0,0.0,0.0
B,R03,testing,01,109,1,0.0,0.0,0.0,0.0
B,R03,testing,01,110,1,0.0,0.0,0.0,0.0
B,R03,testing,01,111,1,0.0,0.0,0.0,0.0
B,R03,testing,01,112,1,0.0,0.0,0.0,0.0
B,R03,testing,01,113,1,0.0,0.0,0.0,0.0
B,R03,testing,01,114,1,0.0,0.0,0.0,0.0
B,R03,testing,01,115,1,0.0,0.0,0.0,0.0
B,R03,testing,01,116,1,0.0,0.0,0.0,0.0
B,R03,testing,01,117,1,0.0,0.0,0.0,0.0
B,R03,testing,01,118,1,0.0,0.0,0.0,0.0
B,R03,testing,01,119,1,0.0,0.0,0.0,0.0
B,R03,testing,01,120,1,0.0,0.0,0.0,0.0
B,R03,testing,01,121,1,0.0,0.0,0.0,0.0
B,R03,testing,01,122,1,0.0,0.0,0.0,0.0
B,R03,testing,01,123,1,0.0,0.0,0.0,0.0
B,R03,testing,01,124,1,0.0,0.0,0.0,0.0
B,R03,testing,01,125,1,0.0,0.0,0.0,0.0
B,R03,testing,01,126,1,0.0,0.0,0.0,0.0
B,R03,testing,01,127,1,0.0,0.0,0.0,0.0
B,R03,testing,01,128,1,0.0,0.0,0.0,0.0
B,R03,testing,01,129,1,0.0,0.0,0.0,0.0
B,R03,testing,01,130,1,0.0,0.0,0.0,0.0
B,R03,testing,01,131,1,0.0,0.0,0.0,0.0
B,R03,testing,01,132,1,0.0,0.0,0.0,0.0
B,R03,testing,01,133,1,0.0,0.0,0.0,0.0
B,R03,testing,01,134,1,0.0,0.0,0.0,0.0
B,R03,testing,01,135,1,0.0,0.0,0.0,0.0
B,R03,testing,01,136,1,0.0,0.0,0.0,0.0
B,R03,testing,01,137,1,0.0,0.0,0.0,0.0
B,R03,testing,01,138,1,0.0,0.0,0.0,0.0
B,R03,testing,01,139,1,0.0,0.0,0.0,0.0
B,R03,testing,01,140,1,0.0,0.0,0.0,0.0
B,R03,testing,01,141,1,0.0,0.0,0.0,0.0
B,R03,testing,01,142,1,0.0,0.0,0.0,0.0
B,R03,testing,01,143,1,0.0,0.0,0.0,0.0
B,R03,testing,01,144,1,0.0,0.0,0.0,0.0
B,R03,testing,01,145,1,0.0,0.0,0.0,0.0
B,R03,testing,01,146,1,0.0,0.0,0.0,0.0
B,R03,testing,01,147,1,0.0,0.0,0.0,0.0
B,R03,testing,01,148,1,0.0,0.0,0.0,0.0
B,R03,testing,01,149,1,0.0,0.0,0.0,0.0
B,R03,testing,01,150,1,0.0,0.0,0.0,0.0
B,R03,testing,01,151,1,0.0,0.0,0.0,0.0
B,R03,testing,01,152,1,0.0,0.0,0.0,0.0
B,R03,testing,01,153,1,0.0,0.0,0.0,0.0
B,R03,testing,01,154,1,0.0,0.0,0.0,0.0
B,R03,testing,01,155,1,0.0,0.0,0.0,0.0
B,R03,testing,01,156,1,0.0,0.0,0.0,0.0
B,R03,testing,01,157,1,0.0,0.0,0.0,0.0
B,R03,testing,01,158,1,0.0,0.0,0.0,0.0
B,R03,testing,01,159,1,0.0,0.0,0.0,0.0
B,R03,testing,01,160,1,0.0,0.0,0.0,0.0
B,R03,testing,01,161,1,0.0,0.0,0.0,0.0
B,R03,testing,01,162,1,0.0,0.0,0.0,0.0
B,R03,testing,01,163,1,0.0,0.0,0.0,0.0
B,R03,testing,01,164,1,0.0,0.0,0.0,0.0
B,R03,testing,01,165,1,0.0,0.0,0.0,0.0
B,R03,testing,01,166,1,0.0,0.0,0.0,0.0
B,R03,testing,01,167,1,0.0,0.0,0.0,0.0
B,R03,testing,01,168,1,0.0,0.0,0.0,0.0
B,R03,testing,01,169,1,0.0,0.0,0.0,0.0
B,R03,testing,01,170,1,0.0,0.0,0.0,0.0
B,R03,testing,01,171,1,0.0,0.0,0.0,0.0
B,R03,testing,01,172,1,0.0,0.0,0.0,0.0
B,R03,testing,01,173,1,0.0,0.0,0.0,0.0
B,R03,testing,01,174,1,0.0,0.0,0.0,0.0
B,R03,testing,01,175,1,0.0,0.0,0.0,0.0
B,R03,testing,01,176,1,0.0,0.0,0.0,0.0
B,R03,testing,01,177,1,0.0,0.0,0.0,0.0
B,R03,testing,01,178,1,0.0,0.0,0.0,0.0
B,R03,testing,01,179,1,0.0,0.0,0.0,0.0
B,R03,testing,01,180,1,0.0,0.0,0.0,0.0
B,R03,testing,01,181,1,0.0,0.0,0.0,0.0
B,R03,testing,01,182,1,0.0,0.0,0.0,0.0
B,R03,testing,01,183,1,0.0,0.0,0.0,0.0
B,R03,testing,01,184,1,0.0,0.0,0.0,0.0
B,R03,testing,01,185,1,0.0,0.0,0.0,0.0
B,R03,testing,01,186,1,0.0,0.0,0.0,0.0
B,R03,testing,01,187,1,0.0,0.0,0.0,0.0
B,R03,testing,01,188,1,0.0,0.0,0.0,0.0
B,R03,testing,01,189,1,0.0,0.0,0.0,0.0
B,R03,testing,01,190,1,0.0,0.0,0.0,0.0
B,R03,testing,01,191,1,0.0,0.0,0.0,0.0
B,R03,testing,01,192,1,0.0,0.0,0.0,0.0
B,R03,testing,01,193,1,0.0,0.0,0.0,0.0
B,R03,testing,01,194,1,0.0,0.0,0.0,0.0
B,R03,testing,01,195,1,0.0,0.0,0.0,0.0
B,R03,testing,01,196,1,0.0,0.0,0.0,0.0
B,R03,testing,01,197,1,0.0,0.0,0.0,0.0
B,R03,testing,01,198,1,0.0,0.0,0.0,0.0
B,R03,testing,01,199,1,0.0,0.0,0.0,0.0
B,R03,testing,01,200,1,0.0,0.0,0.0,0.0
B,R03,testing,01,201,1,0.0,0.0,0.0,0.0
B,R03,testing,01,202,1,0.0,0.0,0.0,0.0
B,R03,testing,01,203,1,0.0,0.0,0.0,0.0
B,R03,testing,01,204,1,0.0,0.0,0.0,0.0
B,R03,testing,01,205,1,0.0,0.0,0.0,0.0
B,R03,testing,01,206,1,0.0,0.0,0.0,0.0
B,R03,testing,01,207,1,0.0,0.0,0.0,0.0
B,R03,testing,01,208,1,0.0,0.0,0.0,0.0
B,R03,testing,01,209,1,0.0,0.0,0.0,0.0
B,R03,testing,01,210,1,0.0,0.0,0.0,0.0
B,R03,testing,01,211,1,0.0,0.0,0.0,0.0
B,R03,testing,01,212,1,0.0,0.0,0.0,0.0
B,R03,testing,01,213,1,0.0,0.0,0.0,0.0
B,R03,testing,01,214,1,0.0,0.0,0.0,0.0
B,R03,testing,01,215,1,0.0,0.0,0.0,0.0
B,R03,testing,01,216,1,0.0,0.0,0.0,0.0
B,R03,testing,01,217,1,0.0,0.0,0.0,0.0
B,R03,testing,01,218,1,0.0,0.0,0.0,0.0
B,R03,testing,01,219,1,0.0,0.0,0.0,0.0
B,R03,testing,01,220,1,0.0,0.0,0.0,0.0
B,R03,testing,01,221,1,0.0,0.0,0.0,0.0
B,R03,testing,01,222,1,0.0,0.0,0.0,0.0
B,R03,testing,01,223,1,0.0,0.0,0.0,0.0
B,R03,testing,01,224,1,0.0,0.0,0.0,0.0
B,R03,testing,01,225,1,0.0,0.0,0.0,0.0
B,R03,testing,01,226,1,0.0,0.0,0.0,0.0
B,R03,testing,01,227,1,0.0,0.0,0.0,0.0
B,R03,testing,01,228,1,0.0,0.0,0.0,0.0
B,R03,testing,01,229,1,0.0,0.0,0.0,0.0
B,R03,testing,01,230,1,0.0,0.0,0.0,0.0
B,R03,testing,01,231,1,0.0,0.0,0.0,0.0
B,R03,testing,01,232,1,0.0,0.0,0.0,0.0
B,R03,testing,01,233,1,0.0,0.0,0.0,0.0
B,R03,testing,01,234,1,0.0,0.0,0.0,0.0
B,R03,testing,01,235,1,0.0,0.0,0.0,0.0
B,R03,testing,01,236,1,0.0,0.0,0.0,0.0
B,R03,testing,01,237,1,0.0,0.0,0.0,0.0
B,R03,testing,01,238,1,0.0,0.0,0.0,0.0
B,R03,testing,01,239,1,0.0,0.0,0.0,0.0
B,R03,testing,01,240,1,0.0,0.0,0.0,0.0
B,R03,testing,01,241,1,0.0,0.0,0.0,0.0
B,R03,testing,01,242,1,0.0,0.0,0.0,0.0
B,R03,testing,01,243,1,0.0,0.0,0.0,0.0
B,R03,testing,01,244,1,0.0,0.0,0.0,0.0
B,R03,testing,01,245,1,0.0,0.0,0.0,0.0
B,R03,testing,01,246,1,0.0,0.0,0.0,0.0
B,R03,testing,01,247,1,0.0,0.0,0.0,0.0
B,R03,testing,01,248,1,0.0,0.0,0.0,0.0
B,R03,testing,01,249,1,0.0,0.0,0.0,0.0
B,R03,testing,01,250,1,0.0,0.0,0.0,0.0
B,R03,testing,01,251,1,0.0,0.0,0.0,0.0
B,R03,testing,01,252,1,0.0,0.0,0.0,0.0
B,R03,testing,01,253,1,0.0,0.0,0.0,0.0
B,R03,testing,01,254,1,0.0,0.0,0.0,0.0
B,R03,testing,01,255,1,0.0,0.0,0.0,0.0
B,R03,testing,01,256,1,0.0,0.0,0.0,0.0
B,R03,testing,01,257,1,0.0,0.0,0.0,0.0
B,R03,testing,01,258,1,0.0,0.0,0.0,0.0
B,R03,testing,01,259,1,0.0,0.0,0.0,0.0
B,R03,testing,01,260,1,0.0,0.0,0.0,0.0
B,R03,testing,01,261,1,0.0,0.0,0.0,0.0
B,R03,testing,01,262,1,0.0,0.0,0.0,0.0
B,R03,testing,01,263,1,0.0,0.0,0.0,0.0
B,R03,testing,01,264,1,0.0,0.0,0.0,0.0
B,R03,testing,01,265,1,0.0,0.0,0.0,0.0
B,R03,testing,01,266,1,0.0,0.0,0.0,0.0
B,R03,testing,01,267,1,0.0,0.0,0.0,0.0
B,R03,testing,01,268,1,0.0,0.0,0.0,0.0
B,R03,testing,01,269,1,0.0,0.0,0.0,0.0
B,R03,testing,01,270,1,0.0,0.0,0.0,0.0
B,R03,testing,01,271,1,0.0,0.0,0.0,0.0
B,R03,testing,01,272,1,0.0,0.0,0.0,0.0
B,R03,testing,01,273,1,0.0,0.0,0.0,0.0
B,R03,testing,01,274,1,0.0,0.0,0.0,0.0
B,R03,testing,01,275,1,0.0,0.0,0.0,0.0
B,R03,testing,01,276,1,0.0,0.0,0.0,0.0
B,R03,testing,01,277,1,0.0,0.0,0.0,0.0
B,R03,testing,01,278,1,0.0,0.0,0.0,0.0
B,R03,testing,01,279,1,0.0,0.0,0.0,0.0
B,R03,testing,01,280,1,0.0,0.0,0.0,0.0
B,R03,testing,01,281,1,0.0,0.0,0.0,0.0
B,R03,testing,01,282,1,0.0,0.0,0.0,0.0
B,R03,testing,01,283,1,0.0,0.0,0.0,0.0
B,R03,testing,01,284,1,0.0,0.0,0.0,0.0
B,R03,testing,01,285,1,0.0,0.0,0.0,0.0
B,R03,testing,01,286,1,0.0,0.0,0.0,0.0
B,R03,testing,01,287,1,0.0,0.0,0.0,0.0
B,R03,testing,01,288,1,0.0,0.0,0.0,0.0
B,R03,testing,01,289,1,0.0,0.0,0.0,0.0
B,R03,testing,01,290,1,0.0,0.0,0.0,0.0
B,R03,testing,01,291,1,0.0,0.0,0.0,0.0
B,R03,testing,01,292,1,0.0,0.0,0.0,0.0
B,R03,testing,01,293,1,0.0,0.0,0.0,0.0
B,R03,testing,01,294,1,0.0,0.0,0.0,0.0
B,R03,testing,01,295,1,0.0,0.0,0.0,0.0
B,R03,testing,01,296,1,0.0,0.0,0.0,0.0
B,R03,testing,01,297,1,0.0,0.0,0.0,0.0
B,R03,testing,01,298,1,0.0,0.0,0.0,0.0
B,R03,testing,01,299,1,0.0,0.0,0.0,0.0
B,R03,testing,01,300,1,0.0,0.0,0.0,0.0
B,R03,testing,01,301,1,0.0,0.0,0.0,0.0
B,R03,testing,01,302,1,0.0,0.0,0.0,0.0
B,R03,testing,01,303,1,0.0,0.0,0.0,0.0
B,R03,testing,01,304,1,0.0,0.0,0.0,0.0
B,R03,testing,01,305,1,0.0,0.0,0.0,0.0
B,R03,testing,01,306,1,0.0,0.0,0.0,0.0
B,R03,testing,01,307,1,0.0,0.0,0.0,0.0
B,R03,testing,01,308,1,0.0,0.0,0.0,0.0
B,R03,testing,01,309,1,0.0,0.0,0.0,0.0
B,R03,testing,01,310,1,0.0,0.0,0.0,0.0
B,R03,testing,01,311,1,0.0,0.0,0.0,0.0
B,R03,testing,01,312,1,0.0,0.0,0.0,0.0
B,R03,testing,01,313,1,0.0,0.0,0.0,0.0
B,R03,testing,01,314,1,0.0,0.0,0.0,0.0
B,R03,testing,01,315,1,0.0,0.0,0.0,0.0
B,R03,testing,01,316,1,0.0,0.0,0.0,0.0
B,R03,testing,01,317,1,0.0,0.0,0.0,0.0
B,R03,testing,01,318,1,0.0,0.0,0.0,0.0
B,R03,testing,01,319,1,0.0,0.0,0.0,0.0
B,R03,testing,01,320,1,0.0,0.0,0.0,0.0
B,R03,testing,01,321,1,0.0,0.0,0.0,0.0
B,R03,testing,01,322,1,0.0,0.0,0.0,0.0
B,R03,testing,01,323,1,0.0,0.0,0.0,0.0
B,R03,testing,01,324,1,0.0,0.0,0.0,0.0
B,R03,testing,01,325,1,0.0,0.0,0.0,0.0
B,R03,testing,01,326,1,0.0,0.0,0.0,0.0
B,R03,testing,01,327,1,0.0,0.0,0.0,0.0
B,R03,testing,01,328,1,0.0,0.0,0.0,0.0
B,R03,testing,01,329,1,0.0,0.0,0.0,0.0
B,R03,testing,01,330,1,0.0,0.0,0.0,0.0
B,R03,testing,01,331,1,0.0,0.0,0.0,0.0
B,R03,testing,01,332,1,0.0,0.0,0.0,0.0
B,R03,testing,01,333,1,0.0,0.0,0.0,0.0
B,R03,testing,01,334,1,0.0,0.0,0.0,0.0
B,R03,testing,01,335,1,0.0,0.0,0.0,0.0
B,R03,testing,01,336,1,0.0,0.0,0.0,0.0
B,R03,testing,01,337,1,0.0,0.0,0.0,0.0
B,R03,testing,01,338,1,0.0,0.0,0.0,0.0
B,R03,testing,01,339,1,0.0,0.0,0.0,0.0
B,R03,testing,01,340,1,0.0,0.0,0.0,0.0
B,R03,testing,01,341,1,0.0,0.0,0.0,0.0
B,R03,testing,01,342,1,0.0,0.0,0.0,0.0
B,R03,testing,01,343,1,0.0,0.0,0.0,0.0
B,R03,testing,01,344,1,0.0,0.0,0.0,0.0
B,R03,testing,01,345,1,0.0,0.0,0.0,0.0
B,R03,testing,01,346,1,0.0,0.0,0.0,0.0
B,R03,testing,01,347,1,0.0,0.0,0.0,0.0
B,R03,testing,01,348,1,0.0,0.0,0.0,0.0
B,R03,testing,01,349,1,0.0,0.0,0.0,0.0
B,R03,testing,01,350,1,0.0,0.0,0.0,0.0
B,R03,testing,01,351,1,0.0,0.0,0.0,0.0
B,R03,testing,01,352,1,0.0,0.0,0.0,0.0
B,R03,testing,01,353,1,0.0,0.0,0.0,0.0
B,R03,testing,01,354,1,0.0,0.0,0.0,0.0
B,R03,testing,01,355,1,0.0,0.0,0.0,0.0
B,R03,testing,01,356,1,0.0,0.0,0.0,0.0
B,R03,testing,01,357,1,0.0,0.0,0.0,0.0
B,R03,testing,01,358,1,0.0,0.0,0.0,0.0
B,R03,testing,01,359,1,0.0,0.0,0.0,0.0
B,R03,testing,01,360,1,0.0,0.0,0.0,0.0
B,R03,testing,01,361,1,0.0,0.0,0.0,0.0
B,R03,testing,01,362,1,0.0,0.0,0.0,0.0
B,R03,testing,01,363,1,0.0,0.0,0.0,0.0
B,R03,testing,01,364,1,0.0,0.0,0.0,0.0
B,R03,testing,01,365,1,0.0,0.0,0.0,0.0
B,R03,testing,01,366,1,0.0,0.0,0.0,0.0
B,R03,testing,01,367,1,0.0,0.0,0.0,0.0
B,R03,testing,01,368,1,0.0,0.0,0.0,0.0
B,R03,testing,01,369,1,0.0,0.0,0.0,0.0
B,R03,testing,01,370,1,0.0,0.0,0.0,0.0
B,R03,testing,01,371,1,0.0,0.0,0.0,0.0
B,R03,testing,01,372,1,0.0,0.0,0.0,0.0
B,R03,testing,01,373,1,0.0,0.0,0.0,0.0
B,R03,testing,01,374,1,0.0,0.0,0.0,0.0
B,R03,testing,01,375,1,0.0,0.0,0.0,0.0
B,R03,testing,01,376,1,0.0,0.0,0.0,0.0
B,R03,testing,01,377,1,0.0,0.0,0.0,0.0
B,R03,testing,01,378,1,0.0,0.0,0.0,0.0
B,R03,testing,01,379,1,0.0,0.0,0.0,0.0
B,R03,testing,01,380,1,0.0,0.0,0.0,0.0
B,R03,testing,01,381,1,0.0,0.0,0.0,0.0
B,R03,testing,01,382,1,0.0,0.0,0.0,0.0
B,R03,testing,01,383,1,0.0,0.0,0.0,0.0
B,R03,testing,01,384,1,0.0,0.0,0.0,0.0
B,R03,testing,01,385,1,0.0,0.0,0.0,0.0
B,R03,testing,01,386,1,0.0,0.0,0.0,0.0
B,R03,testing,01,387,1,0.0,0.0,0.0,0.0
B,R03,testing,01,388,1,0.0,0.0,0.0,0.0
B,R03,testing,01,389,1,0.0,0.0,0.0,0.0
B,R03,testing,01,390,1,0.0,0.0,0.0,0.0
B,R03,testing,01,391,1,0.0,0.0,0.0,0.0
B,R03,testing,01,392,1,0.0,0.0,0.0,0.0
B,R03,testing,01,393,1,0.0,0.0,0.0,0.0
B,R03,testing,01,394,1,0.0,0.0,0.0,0.0
B,R03,testing,01,395,1,0.0,0.0,0.0,0.0
B,R03,testing,01,396,1,0.0,0.0,0.0,0.0
B,R03,testing,01,397,1,0.0,0.0,0.0,0.0
B,R03,testing,01,398,1,0.0,0.0,0.0,0.0
B,R03,testing,01,399,1,0.0,0.0,0.0,0.0
B,R03,testing,01,400,1,0.0,0.0,0.0,0.0
B,R03,testing,01,401,1,0.0,0.0,0.0,0.0
B,R03,testing,01,402,1,0.0,0.0,0.0,0.0
B,R03,testing,01,403,1,0.0,0.0,0.0,0.0
B,R03,testing,01,404,1,0.0,0.0,0.0,0.0
B,R03,testing,01,405,1,0.0,0.0,0.0,0.0
B,R03,testing,01,406,1,0.0,0.0,0.0,0.0
B,R03,testing,01,407,1,0.0,0.0,0.0,0.0
B,R03,testing,01,408,1,0.0,0.0,0.0,0.0
B,R03,testing,01,409,1,0.0,0.0,0.0,0.0
B,R03,testing,01,410,1,0.0,0.0,0.0,0.0
B,R03,testing,01,411,1,0.0,0.0,0.0,0.0
B,R03,testing,01,412,1,0.0,0.0,0.0,0.0
B,R03,testing,01,413,1,0.0,0.0,0.0,0.0
B,R03,testing,01,414,1,0.0,0.0,0.0,0.0
B,R03,testing,01,415,1,0.0,0.0,0.0,0.0
B,R03,testing,01,416,1,0.0,0.0,0.0,0.0
B,R03,testing,01,417,1,0.0,0.0,0.0,0.0
B,R03,testing,01,418,1,0.0,0.0,0.0,0.0
B,R03,testing,01,419,1,0.0,0.0,0.0,0.0
B,R03,testing,01,420,1,0.0,0.0,0.0,0.0
B,R03,testing,01,421,1,0.0,0.0,0.0,0.0
B,R03,testing,01,422,1,0.0,0.0,0.0,0.0
B,R03,testing,01,423,1,0.0,0.0,0.0,0.0
B,R03,testing,01,424,1,0.0,0.0,0.0,0.0
B,R03,testing,01,425,1,0.0,0.0,0.0,0.0
B,R03,testing,01,426,1,0.0,0.0,0.0,0.0
B,R03,testing,01,427,1,0.0,0.0,0.0,0.0
B,R03,testing,01,428,1,0.0,0.0,0.0,0.0
B,R03,testing,01,429,1,0.0,0.0,0.0,0.0
B,R03,testing,01,430,1,0.0,0.0,0.0,0.0
B,R03,testing,01,431,1,0.0,0.0,0.0,0.0
B,R03,testing,01,432,1,0.0,0.0,0.0,0.0
B,R03,testing,01,433,1,0.0,0.0,0.0,0.0
B,R03,testing,01,434,1,0.0,0.0,0.0,0.0
B,R03,testing,01,435,1,0.0,0.0,0.0,0.0
B,R03,testing,01,436,1,0.0,0.0,0.0,0.0
B,R03,testing,01,437,1,0.0,0.0,0.0,0.0
B,R03,testing,01,438,1,0.0,0.0,0.0,0.0
B,R03,testing,01,439,1,0.0,0.0,0.0,0.0
B,R03,testing,01,440,1,0.0,0.0,0.0,0.0
B,R03,testing,01,441,1,0.0,0.0,0.0,0.0
B,R03,testing,01,442,1,0.0,0.0,0.0,0.0
B,R03,testing,01,443,1,0.0,0.0,0.0,0.0
B,R03,testing,01,444,1,0.0,0.0,0.0,0.0
B,R03,testing,01,445,1,0.0,0.0,0.0,0.0
B,R03,testing,01,446,1,0.0,0.0,0.0,0.0
B,R03,testing,01,447,1,0.0,0.0,0.0,0.0
B,R03,testing,01,448,1,0.0,0.0,0.0,0.0
B,R03,testing,01,449,1,0.0,0.0,0.0,0.0
B,R03,testing,01,450,1,0.0,0.0,0.0,0.0
B,R03,testing,01,451,1,0.0,0.0,0.0,0.0
B,R03,testing,01,452,1,0.0,0.0,0.0,0.0
B,R03,testing,01,453,1,0.0,0.0,0.0,0.0
B,R03,testing,01,454,1,0.0,0.0,0.0,0.0
B,R03,testing,01,455,1,0.0,0.0,0.0,0.0
B,R03,testing,01,456,1,0.0,0.0,0.0,0.0
B,R03,testing,01,457,1,0.0,0.0,0.0,0.0
B,R03,testing,01,458,1,0.0,0.0,0.0,0.0
B,R03,testing,01,459,1,0.0,0.0,0.0,0.0
B,R03,testing,01,460,1,0.0,0.0,0.0,0.0
B,R03,testing,01,461,1,0.0,0.0,0.0,0.0
B,R03,testing,01,462,1,0.0,0.0,0.0,0.0
B,R03,testing,01,463,1,0.0,0.0,0.0,0.0
B,R03,testing,01,464,1,0.0,0.0,0.0,0.0
B,R03,testing,01,465,1,0.0,0.0,0.0,0.0
B,R03,testing,01,466,1,0.0,0.0,0.0,0.0
B,R03,testing,01,467,1,0.0,0.0,0.0,0.0
B,R03,testing,01,468,1,0.0,0.0,0.0,0.0
B,R03,testing,01,469,1,0.0,0.0,0.0,0.0
B,R03,testing,01,470,1,0.0,0.0,0.0,0.0
B,R03,testing,01,471,1,0.0,0.0,0.0,0.0
B,R03,testing,01,472,1,0.0,0.0,0.0,0.0
B,R03,testing,01,473,1,0.0,0.0,0.0,0.0
B,R03,testing,01,474,1,0.0,0.0,0.0,0.0
B,R03,testing,01,475,1,0.0,0.0,0.0,0.0
B,R03,testing,01,476,1,0.0,0.0,0.0,0.0
B,R03,testing,01,477,1,0.0,0.0,0.0,0.0
B,R03,testing,01,478,1,0.0,0.0,0.0,0.0
B,R03,testing,01,479,1,0.0,0.0,0.0,0.0
B,R03,testing,01,480,1,0.0,0.0,0.0,0.0
B,R03,testing,01,481,1,0.0,0.0,0.0,0.0
B,R03,testing,01,482,1,0.0,0.0,0.0,0.0
B,R03,testing,01,483,1,0.0,0.0,0.0,0.0
B,R03,testing,01,484,1,0.0,0.0,0.0,0.0
B,R03,testing,01,485,1,0.0,0.0,0.0,0.0
B,R03,testing,01,486,1,0.0,0.0,0.0,0.0
B,R03,testing,01,487,1,0.0,0.0,0.0,0.0
B,R03,testing,01,488,1,0.0,0.0,0.0,0.0
B,R03,testing,01,489,1,0.0,0.0,0.0,0.0
B,R03,testing,01,490,1,0.0,0.0,0.0,0.0
B,R03,testing,01,491,1,0.0,0.0,0.0,0.0
B,R03,testing,01,492,1,0.0,0.0,0.0,0.0
B,R03,testing,01,493,1,0.0,0.0,0.0,0.0
B,R03,testing,01,494,1,0.0,0.0,0.0,0.0
B,R03,testing,01,495,1,0.0,0.0,0.0,0.0
B,R03,testing,01,496,1,0.0,0.0,0.0,0.0
B,R03,testing,01,497,1,0.0,0.0,0.0,0.0
B,R03,testing,01,498,1,0.0,0.0,0.0,0.0
B,R03,testing,01,499,1,0.0,0.0,0.0,0.0
B,R03,testing,01,500,1,0.0,0.0,0.0,0.0
B,R03,testing,01,501,1,0.0,0.0,0.0,0.0
B,R03,testing,01,502,1,0.0,0.0,0.0,0.0
B,R03,testing,01,503,1,0.0,0.0,0.0,0.0
B,R03,testing,01,504,1,0.0,0.0,0.0,0.0
B,R03,testing,01,505,1,0.0,0.0,0.0,0.0
B,R03,testing,01,506,1,0.0,0.0,0.0,0.0
B,R03,testing,01,507,1,0.0,0.0,0.0,0.0
B,R03,testing,01,508,1,0.0,0.0,0.0,0.0
B,R03,testing,01,509,1,0.0,0.0,0.0,0.0
B,R03,testing,01,510,1,0.0,0.0,0.0,0.0
B,R03,testing,01,511,1,0.0,0.0,0.0,0.0
B,R03,testing,01,512,1,0.0,0.0,0.0,0.0
B,R03,testing,01,513,1,0.0,0.0,0.0,0.0
B,R03,testing,01,514,1,0.0,0.0,0.0,0.0
B,R03,testing,01,515,1,0.0,0.0,0.0,0.0
B,R03,testing,01,516,1,0.0,0.0,0.0,0.0
B,R03,testing,01,517,1,0.0,0.0,0.0,0.0
B,R03,testing,01,518,1,0.0,0.0,0.0,0.0
B,R03,testing,01,519,1,0.0,0.0,0.0,0.0
B,R03,testing,01,520,1,0.0,0.0,0.0,0.0
B,R03,testing,01,521,1,0.0,0.0,0.0,0.0
B,R03,testing,01,522,1,0.0,0.0,0.0,0.0
B,R03,testing,01,523,1,0.0,0.0,0.0,0.0
B,R03,testing,01,524,1,0.0,0.0,0.0,0.0
B,R03,testing,01,525,1,0.0,0.0,0.0,0.0
B,R03,testing,01,526,1,0.0,0.0,0.0,0.0
B,R03,testing,01,527,1,0.0,0.0,0.0,0.0
B,R03,testing,01,528,1,0.0,0.0,0.0,0.0
B,R03,testing,01,529,1,0.0,0.0,0.0,0.0
B,R03,testing,01,530,1,0.0,0.0,0.0,0.0
B,R03,testing,01,531,1,0.0,0.0,0.0,0.0
B,R03,testing,01,532,1,0.0,0.0,0.0,0.0
B,R03,testing,01,533,1,0.0,0.0,0.0,0.0
B,R03,testing,01,534,1,0.0,0.0,0.0,0.0
B,R03,testing,01,535,1,0.0,0.0,0.0,0.0
B,R03,testing,01,536,1,0.0,0.0,0.0,0.0
B,R03,testing,01,537,1,0.0,0.0,0.0,0.0
B,R03,testing,01,538,1,0.0,0.0,0.0,0.0
B,R03,testing,01,539,1,0.0,0.0,0.0,0.0
B,R03,testing,01,540,1,0.0,0.0,0.0,0.0
B,R03,testing,01,541,1,0.0,0.0,0.0,0.0
B,R03,testing,01,542,1,0.0,0.0,0.0,0.0
B,R03,testing,01,543,1,0.0,0.0,0.0,0.0
B,R03,testing,01,544,1,0.0,0.0,0.0,0.0
B,R03,testing,01,545,1,0.0,0.0,0.0,0.0
B,R03,testing,01,546,1,0.0,0.0,0.0,0.0
B,R03,testing,01,547,1,0.0,0.0,0.0,0.0
B,R03,testing,01,548,1,0.0,0.0,0.0,0.0
B,R03,testing,01,549,1,0.0,0.0,0.0,0.0
B,R03,testing,01,550,1,0.0,0.0,0.0,0.0
B,R03,testing,01,551,1,0.0,0.0,0.0,0.0
B,R03,testing,01,552,1,0.0,0.0,0.0,0.0
B,R03,testing,01,553,1,0.0,0.0,0.0,0.0
B,R03,testing,01,554,1,0.0,0.0,0.0,0.0
B,R03,testing,01,555,1,0.0,0.0,0.0,0.0
B,R03,testing,01,556,1,0.0,0.0,0.0,0.0
B,R03,testing,01,557,1,0.0,0.0,0.0,0.0
B,R03,testing,01,558,1,0.0,0.0,0.0,0.0
B,R03,testing,01,559,1,0.0,0.0,0.0,0.0
B,R03,testing,01,560,1,0.0,0.0,0.0,0.0
B,R03,testing,01,561,1,0.0,0.0,0.0,0.0
B,R03,testing,01,562,1,0.0,0.0,0.0,0.0
B,R03,testing,01,563,1,0.0,0.0,0.0,0.0
B,R03,testing,01,564,1,0.0,0.0,0.0,0.0
B,R03,testing,01,565,1,0.0,0.0,0.0,0.0
B,R03,testing,01,566,1,0.0,0.0,0.0,0.0
B,R03,testing,01,567,1,0.0,0.0,0.0,0.0
B,R03,testing,01,568,1,0.0,0.0,0.0,0.0
B,R03,testing,01,569,1,0.0,0.0,0.0,0.0
B,R03,testing,01,570,1,0.0,0.0,0.0,0.0
B,R03,testing,01,571,1,0.0,0.0,0.0,0.0
B,R03,testing,01,572,1,0.0,0.0,0.0,0.0
B,R03,testing,01,573,1,0.0,0.0,0.0,0.0
B,R03,testing,01,574,1,0.0,0.0,0.0,0.0
B,R03,testing,01,575,1,0.0,0.0,0.0,0.0
B,R03,testing,01,576,1,0.0,0.0,0.0,0.0
B,R03,testing,01,577,1,0.0,0.0,0.0,0.0
B,R03,testing,01,578,1,0.0,0.0,0.0,0.0
B,R03,testing,01,579,1,0.0,0.0,0.0,0.0
B,R03,testing,01,580,1,0.0,0.0,0.0,0.0
B,R03,testing,01,581,1,0.0,0.0,0.0,0.0
B,R03,testing,01,582,1,0.0,0.0,0.0,0.0
B,R03,testing,01,583,1,0.0,0.0,0.0,0.0
B,R03,testing,01,584,1,0.0,0.0,0.0,0.0
B,R03,testing,01,585,1,0.0,0.0,0.0,0.0
B,R03,testing,01,586,1,0.0,0.0,0.0,0.0
B,R03,testing,01,587,1,0.0,0.0,0.0,0.0
B,R03,testing,01,588,1,0.0,0.0,0.0,0.0
B,R03,testing,01,589,1,0.0,0.0,0.0,0.0
B,R03,testing,01,590,1,0.0,0.0,0.0,0.0
B,R03,testing,01,591,1,0.0,0.0,0.0,0.0
B,R03,testing,01,592,1,0.0,0.0,0.0,0.0
B,R03,testing,01,593,1,0.0,0.0,0.0,0.0
B,R03,testing,01,594,1,0.0,0.0,0.0,0.0
B,R03,testing,01,595,1,0.0,0.0,0.0,0.0
B,R03,testing,01,596,1,0.0,0.0,0.0,0.0
B,R03,testing,01,597,1,0.0,0.0,0.0,0.0
B,R03,testing,01,598,1,0.0,0.0,0.0,0.0
B,R03,testing,01,599,1,0.0,0.0,0.0,0.0
B,R03,testing,01,600,1,0.0,0.0,0.0,0.0
B,R03,testing,01,601,1,0.0,0.0,0.0,0.0
B,R03,testing,01,602,1,0.0,0.0,0.0,0.0
B,R03,testing,01,603,1,0.0,0.0,0.0,0.0
B,R03,testing,01,604,1,0.0,0.0,0.0,0.0
B,R03,testing,01,605,1,0.0,0.0,0.0,0.0
B,R03,testing,01,606,1,0.0,0.0,0.0,0.0
B,R03,testing,01,607,1,0.0,0.0,0.0,0.0
B,R03,testing,01,608,1,0.0,0.0,0.0,0.0
B,R03,testing,01,609,1,0.0,0.0,0.0,0.0
B,R03,testing,01,610,1,0.0,0.0,0.0,0.0
B,R03,testing,01,611,1,0.0,0.0,0.0,0.0
B,R03,testing,01,612,1,0.0,0.0,0.0,0.0
B,R03,testing,01,613,1,0.0,0.0,0.0,0.0
B,R03,testing,01,614,1,0.0,0.0,0.0,0.0
B,R03,testing,01,615,1,0.0,0.0,0.0,0.0
B,R03,testing,01,616,1,0.0,0.0,0.0,0.0
B,R03,testing,01,617,1,0.0,0.0,0.0,0.0
B,R03,testing,01,618,1,0.0,0.0,0.0,0.0
B,R03,testing,01,619,1,0.0,0.0,0.0,0.0
B,R03,testing,01,620,1,0.0,0.0,0.0,0.0
B,R03,testing,01,621,1,0.0,0.0,0.0,0.0
B,R03,testing,01,622,1,0.0,0.0,0.0,0.0
B,R03,testing,01,623,1,0.0,0.0,0.0,0.0
B,R03,testing,01,624,1,0.0,0.0,0.0,0.0
B,R03,testing,01,625,1,0.0,0.0,0.0,0.0
B,R03,testing,01,626,1,0.0,0.0,0.0,0.0
B,R03,testing,01,627,1,0.0,0.0,0.0,0.0
B,R03,testing,01,628,1,0.0,0.0,0.0,0.0
B,R03,testing,01,629,1,0.0,0.0,0.0,0.0
B,R03,testing,01,630,1,0.0,0.0,0.0,0.0
B,R03,testing,01,631,1,0.0,0.0,0.0,0.0
B,R03,testing,01,632,1,0.0,0.0,0.0,0.0
B,R03,testing,01,633,1,0.0,0.0,0.0,0.0
B,R03,testing,01,634,1,0.0,0.0,0.0,0.0
B,R03,testing,01,635,1,0.0,0.0,0.0,0.0
B,R03,testing,01,636,1,0.0,0.0,0.0,0.0
B,R03,testing,01,637,1,0.0,0.0,0.0,0.0
B,R03,testing,01,638,1,0.0,0.0,0.0,0.0
B,R03,testing,01,639,1,0.0,0.0,0.0,0.0
B,R03,testing,01,640,1,0.0,0.0,0.0,0.0
B,R03,testing,01,641,1,0.0,0.0,0.0,0.0
B,R03,testing,01,642,1,0.0,0.0,0.0,0.0
B,R03,testing,01,643,1,0.0,0.0,0.0,0.0
B,R03,testing,01,644,1,0.0,0.0,0.0,0.0
B,R03,testing,01,645,1,0.0,0.0,0.0,0.0
B,R03,testing,01,646,1,0.0,0.0,0.0,0.0
B,R03,testing,01,647,1,0.0,0.0,0.0,0.0
B,R03,testing,01,648,1,0.0,0.0,0.0,0.0
B,R03,testing,01,649,1,0.0,0.0,0.0,0.0
B,R03,testing,01,650,1,0.0,0.0,0.0,0.0
B,R03,testing,01,651,1,0.0,0.0,0.0,0.0
B,R03,testing,01,652,1,0.0,0.0,0.0,0.0
B,R03,testing,01,653,1,0.0,0.0,0.0,0.0
B,R03,testing,01,654,1,0.0,0.0,0.0,0.0
B,R03,testing,01,655,1,0.0,0.0,0.0,0.0
B,R03,testing,01,656,1,0.0,0.0,0.0,0.0
B,R03,testing,01,657,1,0.0,0.0,0.0,0.0
B,R03,testing,01,658,1,0.0,0.0,0.0,0.0
B,R03,testing,01,659,1,0.0,0.0,0.0,0.0
B,R03,testing,01,660,1,0.0,0.0,0.0,0.0
B,R03,testing,01,661,1,0.0,0.0,0.0,0.0
B,R03,testing,01,662,1,0.0,0.0,0.0,0.0
B,R03,testing,01,663,1,0.0,0.0,0.0,0.0
B,R03,testing,01,664,1,0.0,0.0,0.0,0.0
B,R03,testing,01,665,1,0.0,0.0,0.0,0.0
B,R03,testing,01,666,1,0.0,0.0,0.0,0.0
B,R03,testing,01,667,1,0.0,0.0,0.0,0.0
B,R03,testing,01,668,1,0.0,0.0,0.0,0.0
B,R03,testing,01,669,1,0.0,0.0,0.0,0.0
B,R03,testing,01,670,1,0.0,0.0,0.0,0.0
B,R03,testing,01,671,1,0.0,0.0,0.0,0.0
B,R03,testing,01,672,1,0.0,0.0,0.0,0.0
B,R03,testing,01,673,1,0.0,0.0,0.0,0.0
B,R03,testing,01,674,1,0.0,0.0,0.0,0.0
B,R03,testing,01,675,1,0.0,0.0,0.0,0.0
B,R03,testing,01,676,1,0.0,0.0,0.0,0.0
B,R03,testing,01,677,1,0.0,0.0,0.0,0.0
B,R03,testing,01,678,1,0.0,0.0,0.0,0.0
B,R03,testing,01,679,1,0.0,0.0,0.0,0.0
B,R03,testing,01,680,1,0.0,0.0,0.0,0.0
B,R03,testing,01,681,1,0.0,0.0,0.0,0.0
B,R03,testing,01,682,1,0.0,0.0,0.0,0.0
B,R03,testing,01,683,1,0.0,0.0,0.0,0.0
B,R03,testing,01,684,1,0.0,0.0,0.0,0.0
B,R03,testing,01,685,1,0.0,0.0,0.0,0.0
B,R03,testing,01,686,1,0.0,0.0,0.0,0.0
B,R03,testing,01,687,1,0.0,0.0,0.0,0.0
B,R03,testing,01,688,1,0.0,0.0,0.0,0.0
B,R03,testing,01,689,1,0.0,0.0,0.0,0.0
B,R03,testing,01,690,1,0.0,0.0,0.0,0.0
B,R03,testing,01,691,1,0.0,0.0,0.0,0.0
B,R03,testing,01,692,1,0.0,0.0,0.0,0.0
B,R03,testing,01,693,1,0.0,0.0,0.0,0.0
B,R03,testing,01,694,1,0.0,0.0,0.0,0.0
B,R03,testing,01,695,1,0.0,0.0,0.0,0.0
B,R03,testing,01,696,1,0.0,0.0,0.0,0.0
B,R03,testing,01,697,1,0.0,0.0,0.0,0.0
B,R03,testing,01,698,1,0.0,0.0,0.0,0.0
B,R03,testing,01,699,1,0.0,0.0,0.0,0.0
B,R03,testing,01,700,1,0.0,0.0,0.0,0.0
B,R03,testing,01,701,1,0.0,0.0,0.0,0.0
B,R03,testing,01,702,1,0.0,0.0,0.0,0.0
B,R03,testing,01,703,1,0.0,0.0,0.0,0.0
B,R03,testing,01,704,1,0.0,0.0,0.0,0.0
B,R03,testing,01,705,1,0.0,0.0,0.0,0.0
B,R03,testing,01,706,1,0.0,0.0,0.0,0.0
B,R03,testing,01,707,1,0.0,0.0,0.0,0.0
B,R03,testing,01,708,1,0.0,0.0,0.0,0.0
B,R03,testing,01,709,1,0.0,0.0,0.0,0.0
B,R03,testing,01,710,1,0.0,0.0,0.0,0.0
B,R03,testing,01,711,1,0.0,0.0,0.0,0.0
B,R03,testing,01,712,1,0.0,0.0,0.0,0.0
B,R03,testing,01,713,1,0.0,0.0,0.0,0.0
B,R03,testing,01,714,1,0.0,0.0,0.0,0.0
B,R03,testing,01,715,1,0.0,0.0,0.0,0.0
B,R03,testing,01,716,1,0.0,0.0,0.0,0.0
B,R03,testing,01,717,1,0.0,0.0,0.0,0.0
B,R03,testing,01,718,1,0.0,0.0,0.0,0.0
B,R03,testing,01,719,1,0.0,0.0,0.0,0.0
C,R03,testing,01,0,1,0.0,0.0,0.0,0.0
C,R03,testing,01,1,1,0.0,0.0,0.0,0.0
C,R03,testing,01,2,1,0.0,0.0,0.0,0.0
C,R03,testing,01,3,1,0.0,0.0,0.0,0.0
C,R03,testing,01,4,1,0.0,0.0,0.0,0.0
C,R03,testing,01,5,1,0.0,0.0,0.0,0.0
C,R03,testing,01,6,1,0.0,0.0,0.0,0.0
C,R03,testing,01,7,1,0.0,0.0,0.0,0.0
C,R03,testing,01,8,1,0.0,0.0,0.0,0.0
C,R03,testing,01,9,1,0.0,0.0,0.0,0.0
C,R03,testing,01,10,1,0.0,0.0,0.0,0.0
C,R03,testing,01,11,1,0.0,0.0,0.0,0.0
C,R03,testing,01,12,1,0.0,0.0,0.0,0.0
C,R03,testing,01,13,1,0.0,0.0,0.0,0.0
C,R03,testing,01,14,1,0.0,0.0,0.0,0.0
C,R03,testing,01,15,1,0.0,0.0,0.0,0.0
C,R03,testing,01,16,1,0.0,0.0,0.0,0.0
C,R03,testing,01,17,1,0.0,0.0,0.0,0.0
C,R03,testing,01,18,1,0.0,0.0,0.0,0.0
C,R03,testing,01,19,1,0.0,0.0,0.0,0.0
C,R03,testing,01,20,1,0.0,0.0,0.0,0.0
C,R03,testing,01,21,1,0.0,0.0,0.0,0.0
C,R03,testing,01,22,1,0.0,0.0,0.0,0.0
C,R03,testing,01,23,1,0.0,0.0,0.0,0.0
C,R03,testing,01,24,1,0.0,0.0,0.0,0.0
C,R03,testing,01,25,1,0.0,0.0,0.0,0.0
C,R03,testing,01,26,1,0.0,0.0,0.0,0.0
C,R03,testing,01,27,1,0.0,0.0,0.0,0.0
C,R03,testing,01,28,1,0.0,0.0,0.0,0.0
C,R03,testing,01,29,1,0.0,0.0,0.0,0.0
C,R03,testing,01,30,1,0.0,0.0,0.0,0.0
C,R03,testing,01,31,1,0.0,0.0,0.0,0.0
C,R03,testing,01,32,1,0.0,0.0,0.0,0.0
C,R03,testing,01,33,1,0.0,0.0,0.0,0.0
C,R03,testing,01,34,1,0.0,0.0,0.0,0.0
C,R03,testing,01,35,1,0.0,0.0,0.0,0.0
C,R03,testing,01,36,1,0.0,0.0,0.0,0.0
C,R03,testing,01,37,1,0.0,0.0,0.0,0.0
C,R03,testing,01,38,1,0.0,0.0,0.0,0.0
C,R03,testing,01,39,1,0.0,0.0,0.0,0.0
C,R03,testing,01,40,1,0.0,0.0,0.0,0.0
C,R03,testing,01,41,1,0.0,0.0,0.0,0.0
C,R03,testing,01,42,1,0.0,0.0,0.0,0.0
C,R03,testing,01,43,1,0.0,0.0,0.0,0.0
C,R03,testing,01,44,1,0.0,0.0,0.0,0.0
C,R03,testing,01,45,1,0.0,0.0,0.0,0.0
C,R03,testing,01,46,1,0.0,0.0,0.0,0.0
C,R03,testing,01,47,1,0.0,0.0,0.0,0.0
C,R03,testing,01,48,1,0.0,0.0,0.0,0.0
C,R03,testing,01,49,1,0.0,0.0,0.0,0.0
C,R03,testing,01,50,1,0.0,0.0,0.0,0.0
C,R03,testing,01,51,1,0.0,0.0,0.0,0.0
C,R03,testing,01,52,1,0.0,0.0,0.0,0.0
C,R03,testing,01,53,1,0.0,0.0,0.0,0.0
C,R03,testing,01,54,1,0.0,0.0,0.0,0.0
C,R03,testing,01,55,1,0.0,0.0,0.0,0.0
C,R03,testing,01,56,1,0.0,0.0,0.0,0.0
C,R03,testing,01,57,1,0.0,0.0,0.0,0.0
C,R03,testing,01,58,1,0.0,0.0,0.0,0.0
C,R03,testing,01,59,1,0.0,0.0,0.0,0.0
C,R03,testing,01,60,1,0.0,0.0,0.0,0.0
C,R03,testing,01,61,1,0.0,0.0,0.0,0.0
C,R03,testing,01,62,1,0.0,0.0,0.0,0.0
C,R03,testing,01,63,1,0.0,0.0,0.0,0.0
C,R03,testing,01,64,1,0.0,0.0,0.0,0.0
C,R03,testing,01,65,1,0.0,0.0,0.0,0.0
C,R03,testing,01,66,1,0.0,0.0,0.0,0.0
C,R03,testing,01,67,1,0.0,0.0,0.0,0.0
C,R03,testing,01,68,1,0.0,0.0,0.0,0.0
C,R03,testing,01,69,1,0.0,0.0,0.0,0.0
C,R03,testing,01,70,1,0.0,0.0,0.0,0.0
C,R03,testing,01,71,1,0.0,0.0,0.0,0.0
C,R03,testing,01,72,1,0.0,0.0,0.0,0.0
C,R03,testing,01,73,1,0.0,0.0,0.0,0.0
C,R03,testing,01,74,1,0.0,0.0,0.0,0.0
C,R03,testing,01,75,1,0.0,0.0,0.0,0.0
C,R03,testing,01,76,1,0.0,0.0,0.0,0.0
C,R03,testing,01,77,1,0.0,0.0,0.0,0.0
C,R03,testing,01,78,1,0.0,0.0,0.0,0.0
C,R03,testing,01,79,1,0.0,0.0,0.0,0.0
C,R03,testing,01,80,1,0.0,0.0,0.0,0.0
C,R03,testing,01,81,1,0.0,0.0,0.0,0.0
C,R03,testing,01,82,1,0.0,0.0,0.0,0.0
C,R03,testing,01,83,1,0.0,0.0,0.0,0.0
C,R03,testing,01,84,1,0.0,0.0,0.0,0.0
C,R03,testing,01,85,1,0.0,0.0,0.0,0.0
C,R03,testing,01,86,1,0.0,0.0,0.0,0.0
C,R03,testing,01,87,1,0.0,0.0,0.0,0.0
C,R03,testing,01,88,1,0.0,0.0,0.0,0.0
C,R03,testing,01,89,1,0.0,0.0,0.0,0.0
C,R03,testing,01,90,1,0.0,0.0,0.0,0.0
C,R03,testing,01,91,1,0.0,0.0,0.0,0.0
C,R03,testing,01,92,1,0.0,0.0,0.0,0.0
C,R03,testing,01,93,1,0.0,0.0,0.0,0.0
C,R03,testing,01,94,1,0.0,0.0,0.0,0.0
C,R03,testing,01,95,1,0.0,0.0,0.0,0.0
C,R03,testing,01,96,1,0.0,0.0,0.0,0.0
C,R03,testing,01,97,1,0.0,0.0,0.0,0.0
C,R03,testing,01,98,1,0.0,0.0,0.0,0.0
C,R03,testing,01,99,1,0.0,0.0,0.0,0.0
C,R03,testing,01,100,1,0.0,0.0,0.0,0.0
C,R03,testing,01,101,1,0.0,0.0,0.0,0.0
C,R03,testing,01,102,1,0.0,0.0,0.0,0.0
C,R03,testing,01,103,1,0.0,0.0,0.0,0.0
C,R03,testing,01,104,1,0.0,0.0,0.0,0.0
C,R03,testing,01,105,1,0.0,0.0,0.0,0.0
C,R03,testing,01,106,1,0.0,0.0,0.0,0.0
C,R03,testing,01,107,1,0.0,0.0,0.0,0.0
C,R03,testing,01,108,1,0.0,0.0,0.0,0.0
C,R03,testing,01,109,1,0.0,0.0,0.0,0.0
C,R03,testing,01,110,1,0.0,0.0,0.0,0.0
C,R03,testing,01,111,1,0.0,0.0,0.0,0.0
C,R03,testing,01,112,1,0.0,0.0,0.0,0.0
C,R03,testing,01,113,1,0.0,0.0,0.0,0.0
C,R03,testing,01,114,1,0.0,0.0,0.0,0.0
C,R03,testing,01,115,1,0.0,0.0,0.0,0.0
C,R03,testing,01,116,1,0.0,0.0,0.0,0.0
C,R03,testing,01,117,1,0.0,0.0,0.0,0.0
C,R03,testing,01,118,1,0.0,0.0,0.0,0.0
C,R03,testing,01,119,1,0.0,0.0,0.0,0.0
C,R03,testing,01,120,1,0.0,0.0,0.0,0.0
C,R03,testing,01,121,1,0.0,0.0,0.0,0.0
C,R03,testing,01,122,1,0.0,0.0,0.0,0.0
C,R03,testing,01,123,1,0.0,0.0,0.0,0.0
C,R03,testing,01,124,1,0.0,0.0,0.0,0.0
C,R03,testing,01,125,1,0.0,0.0,0.0,0.0
C,R03,testing,01,126,1,0.0,0.0,0.0,0.0
C,R03,testing,01,127,1,0.0,0.0,0.0,0.0
C,R03,testing,01,128,1,0.0,0.0,0.0,0.0
C,R03,testing,01,129,1,0.0,0.0,0.0,0.0
C,R03,testing,01,130,1,0.0,0.0,0.0,0.0
C,R03,testing,01,131,1,0.0,0.0,0.0,0.0
C,R03,testing,01,132,1,0.0,0.0,0.0,0.0
C,R03,testing,01,133,1,0.0,0.0,0.0,0.0
C,R03,testing,01,134,1,0.0,0.0,0.0,0.0
C,R03,testing,01,135,1,0.0,0.0,0.0,0.0
C,R03,testing,01,136,1,0.0,0.0,0.0,0.0
C,R03,testing,01,137,1,0.0,0.0,0.0,0.0
C,R03,testing,01,138,1,0.0,0.0,0.0,0.0
C,R03,testing,01,139,1,0.0,0.0,0.0,0.0
C,R03,testing,01,140,1,0.0,0.0,0.0,0.0
C,R03,testing,01,141,1,0.0,0.0,0.0,0.0
C,R03,testing,01,142,1,0.0,0.0,0.0,0.0
C,R03,testing,01,143,1,0.0,0.0,0.0,0.0
C,R03,testing,01,144,1,0.0,0.0,0.0,0.0
C,R03,testing,01,145,1,0.0,0.0,0.0,0.0
C,R03,testing,01,146,1,0.0,0.0,0.0,0.0
C,R03,testing,01,147,1,0.0,0.0,0.0,0.0
C,R03,testing,01,148,1,0.0,0.0,0.0,0.0
C,R03,testing,01,149,1,0.0,0.0,0.0,0.0
C,R03,testing,01,150,1,0.0,0.0,0.0,0.0
C,R03,testing,01,151,1,0.0,0.0,0.0,0.0
C,R03,testing,01,152,1,0.0,0.0,0.0,0.0
C,R03,testing,01,153,1,0.0,0.0,0.0,0.0
C,R03,testing,01,154,1,0.0,0.0,0.0,0.0
C,R03,testing,01,155,1,0.0,0.0,0.0,0.0
C,R03,testing,01,156,1,0.0,0.0,0.0,0.0
C,R03,testing,01,157,1,0.0,0.0,0.0,0.0
C,R03,testing,01,158,1,0.0,0.0,0.0,0.0
C,R03,testing,01,159,1,0.0,0.0,0.0,0.0
C,R03,testing,01,160,1,0.0,0.0,0.0,0.0
C,R03,testing,01,161,1,0.0,0.0,0.0,0.0
C,R03,testing,01,162,1,0.0,0.0,0.0,0.0
C,R03,testing,01,163,1,0.0,0.0,0.0,0.0
C,R03,testing,01,164,1,0.0,0.0,0.0,0.0
C,R03,testing,01,165,1,0.0,0.0,0.0,0.0
C,R03,testing,01,166,1,0.0,0.0,0.0,0.0
C,R03,testing,01,167,1,0.0,0.0,0.0,0.0
C,R03,testing,01,168,1,0.0,0.0,0.0,0.0
C,R03,testing,01,169,1,0.0,0.0,0.0,0.0
C,R03,testing,01,170,1,0.0,0.0,0.0,0.0
C,R03,testing,01,171,1,0.0,0.0,0.0,0.0
C,R03,testing,01,172,1,0.0,0.0,0.0,0.0
C,R03,testing,01,173,1,0.0,0.0,0.0,0.0
C,R03,testing,01,174,1,0.0,0.0,0.0,0.0
C,R03,testing,01,175,1,0.0,0.0,0.0,0.0
C,R03,testing,01,176,1,0.0,0.0,0.0,0.0
C,R03,testing,01,177,1,0.0,0.0,0.0,0.0
C,R03,testing,01,178,1,0.0,0.0,0.0,0.0
C,R03,testing,01,179,1,0.0,0.0,0.0,0.0
C,R03,testing,01,180,1,0.0,0.0,0.0,0.0
C,R03,testing,01,181,1,0.0,0.0,0.0,0.0
C,R03,testing,01,182,1,0.0,0.0,0.0,0.0
C,R03,testing,01,183,1,0.0,0.0,0.0,0.0
C,R03,testing,01,184,1,0.0,0.0,0.0,0.0
C,R03,testing,01,185,1,0.0,0.0,0.0,0.0
C,R03,testing,01,186,1,0.0,0.0,0.0,0.0
C,R03,testing,01,187,1,0.0,0.0,0.0,0.0
C,R03,testing,01,188,1,0.0,0.0,0.0,0.0
C,R03,testing,01,189,1,0.0,0.0,0.0,0.0
C,R03,testing,01,190,1,0.0,0.0,0.0,0.0
C,R03,testing,01,191,1,0.0,0.0,0.0,0.0
C,R03,testing,01,192,1,0.0,0.0,0.0,0.0
C,R03,testing,01,193,1,0.0,0.0,0.0,0.0
C,R03,testing,01,194,1,0.0,0.0,0.0,0.0
C,R03,testing,01,195,1,0.0,0.0,0.0,0.0
C,R03,testing,01,196,1,0.0,0.0,0.0,0.0
C,R03,testing,01,197,1,0.0,0.0,0.0,0.0
C,R03,testing,01,198,1,0.0,0.0,0.0,0.0
C,R03,testing,01,199,1,0.0,0.0,0.0,0.0
C,R03,testing,01,200,1,0.0,0.0,0.0,0.0
C,R03,testing,01,201,1,0.0,0.0,0.0,0.0
C,R03,testing,01,202,1,0.0,0.0,0.0,0.0
C,R03,testing,01,203,1,0.0,0.0,0.0,0.0
C,R03,testing,01,204,1,0.0,0.0,0.0,0.0
C,R03,testing,01,205,1,0.0,0.0,0.0,0.0
C,R03,testing,01,206,1,0.0,0.0,0.0,0.0
C,R03,testing,01,207,1,0.0,0.0,0.0,0.0
C,R03,testing,01,208,1,0.0,0.0,0.0,0.0
C,R03,testing,01,209,1,0.0,0.0,0.0,0.0
C,R03,testing,01,210,1,0.0,0.0,0.0,0.0
C,R03,testing,01,211,1,0.0,0.0,0.0,0.0
C,R03,testing,01,212,1,0.0,0.0,0.0,0.0
C,R03,testing,01,213,1,0.0,0.0,0.0,0.0
C,R03,testing,01,214,1,0.0,0.0,0.0,0.0
C,R03,testing,01,215,1,0.0,0.0,0.0,0.0
C,R03,testing,01,216,1,0.0,0.0,0.0,0.0
C,R03,testing,01,217,1,0.0,0.0,0.0,0.0
C,R03,testing,01,218,1,0.0,0.0,0.0,0.0
C,R03,testing,01,219,1,0.0,0.0,0.0,0.0
C,R03,testing,01,220,1,0.0,0.0,0.0,0.0
C,R03,testing,01,221,1,0.0,0.0,0.0,0.0
C,R03,testing,01,222,1,0.0,0.0,0.0,0.0
C,R03,testing,01,223,1,0.0,0.0,0.0,0.0
C,R03,testing,01,224,1,0.0,0.0,0.0,0.0
C,R03,testing,01,225,1,0.0,0.0,0.0,0.0
C,R03,testing,01,226,1,0.0,0.0,0.0,0.0
C,R03,testing,01,227,1,0.0,0.0,0.0,0.0
C,R03,testing,01,228,1,0.0,0.0,0.0,0.0
C,R03,testing,01,229,1,0.0,0.0,0.0,0.0
C,R03,testing,01,230,1,0.0,0.0,0.0,0.0
C,R03,testing,01,231,1,0.0,0.0,0.0,0.0
C,R03,testing,01,232,1,0.0,0.0,0.0,0.0
C,R03,testing,01,233,1,0.0,0.0,0.0,0.0
C,R03,testing,01,234,1,0.0,0.0,0.0,0.0
C,R03,testing,01,235,1,0.0,0.0,0.0,0.0
C,R03,testing,01,236,1,0.0,0.0,0.0,0.0
C,R03,testing,01,237,1,0.0,0.0,0.0,0.0
C,R03,testing,01,238,1,0.0,0.0,0.0,0.0
C,R03,testing,01,239,1,0.0,0.0,0.0,0.0
C,R03,testing,01,240,1,0.0,0.0,0.0,0.0
C,R03,testing,01,241,1,0.0,0.0,0.0,0.0
C,R03,testing,01,242,1,0.0,0.0,0.0,0.0
C,R03,testing,01,243,1,0.0,0.0,0.0,0.0
C,R03,testing,01,244,1,0.0,0.0,0.0,0.0
C,R03,testing,01,245,1,0.0,0.0,0.0,0.0
C,R03,testing,01,246,1,0.0,0.0,0.0,0.0
C,R03,testing,01,247,1,0.0,0.0,0.0,0.0
C,R03,testing,01,248,1,0.0,0.0,0.0,0.0
C,R03,testing,01,249,1,0.0,0.0,0.0,0.0
C,R03,testing,01,250,1,0.0,0.0,0.0,0.0
C,R03,testing,01,251,1,0.0,0.0,0.0,0.0
C,R03,testing,01,252,1,0.0,0.0,0.0,0.0
C,R03,testing,01,253,1,0.0,0.0,0.0,0.0
C,R03,testing,01,254,1,0.0,0.0,0.0,0.0
C,R03,testing,01,255,1,0.0,0.0,0.0,0.0
C,R03,testing,01,256,1,0.0,0.0,0.0,0.0
C,R03,testing,01,257,1,0.0,0.0,0.0,0.0
C,R03,testing,01,258,1,0.0,0.0,0.0,0.0
C,R03,testing,01,259,1,0.0,0.0,0.0,0.0
C,R03,testing,01,260,1,0.0,0.0,0.0,0.0
C,R03,testing,01,261,1,0.0,0.0,0.0,0.0
C,R03,testing,01,262,1,0.0,0.0,0.0,0.0
C,R03,testing,01,263,1,0.0,0.0,0.0,0.0
C,R03,testing,01,264,1,0.0,0.0,0.0,0.0
C,R03,testing,01,265,1,0.0,0.0,0.0,0.0
C,R03,testing,01,266,1,0.0,0.0,0.0,0.0
C,R03,testing,01,267,1,0.0,0.0,0.0,0.0
C,R03,testing,01,268,1,0.0,0.0,0.0,0.0
C,R03,testing,01,269,1,0.0,0.0,0.0,0.0
C,R03,testing,01,270,1,0.0,0.0,0.0,0.0
C,R03,testing,01,271,1,0.0,0.0,0.0,0.0
C,R03,testing,01,272,1,0.0,0.0,0.0,0.0
C,R03,testing,01,273,1,0.0,0.0,0.0,0.0
C,R03,testing,01,274,1,0.0,0.0,0.0,0.0
C,R03,testing,01,275,1,0.0,0.0,0.0,0.0
C,R03,testing,01,276,1,0.0,0.0,0.0,0.0
C,R03,testing,01,277,1,0.0,0.0,0.0,0.0
C,R03,testing,01,278,1,0.0,0.0,0.0,0.0
C,R03,testing,01,279,1,0.0,0.0,0.0,0.0
C,R03,testing,01,280,1,0.0,0.0,0.0,0.0
C,R03,testing,01,281,1,0.0,0.0,0.0,0.0
C,R03,testing,01,282,1,0.0,0.0,0.0,0.0
C,R03,testing,01,283,1,0.0,0.0,0.0,0.0
C,R03,testing,01,284,1,0.0,0.0,0.0,0.0
C,R03,testing,01,285,1,0.0,0.0,0.0,0.0
C,R03,testing,01,286,1,0.0,0.0,0.0,0.0
C,R03,testing,01,287,1,0.0,0.0,0.0,0.0
C,R03,testing,01,288,1,0.0,0.0,0.0,0.0
C,R03,testing,01,289,1,0.0,0.0,0.0,0.0
C,R03,testing,01,290,1,0.0,0.0,0.0,0.0
C,R03,testing,01,291,1,0.0,0.0,0.0,0.0
C,R03,testing,01,292,1,0.0,0.0,0.0,0.0
C,R03,testing,01,293,1,0.0,0.0,0.0,0.0
C,R03,testing,01,294,1,0.0,0.0,0.0,0.0
C,R03,testing,01,295,1,0.0,0.0,0.0,0.0
C,R03,testing,01,296,1,0.0,0.0,0.0,0.0
C,R03,testing,01,297,1,0.0,0.0,0.0,0.0
C,R03,testing,01,298,1,0.0,0.0,0.0,0.0
C,R03,testing,01,299,1,0.0,0.0,0.0,0.0
C,R03,testing,01,300,1,0.0,0.0,0.0,0.0
C,R03,testing,01,301,1,0.0,0.0,0.0,0.0
C,R03,testing,01,302,1,0.0,0.0,0.0,0.0
C,R03,testing,01,303,1,0.0,0.0,0.0,0.0
C,R03,testing,01,304,1,0.0,0.0,0.0,0.0
C,R03,testing,01,305,1,0.0,0.0,0.0,0.0
C,R03,testing,01,306,1,0.0,0.0,0.0,0.0
C,R03,testing,01,307,1,0.0,0.0,0.0,0.0
C,R03,testing,01,308,1,0.0,0.0,0.0,0.0
C,R03,testing,01,309,1,0.0,0.0,0.0,0.0
C,R03,testing,01,310,1,0.0,0.0,0.0,0.0
C,R03,testing,01,311,1,0.0,0.0,0.0,0.0
C,R03,testing,01,312,1,0.0,0.0,0.0,0.0
C,R03,testing,01,313,1,0.0,0.0,0.0,0.0
C,R03,testing,01,314,1,0.0,0.0,0.0,0.0
C,R03,testing,01,315,1,0.0,0.0,0.0,0.0
C,R03,testing,01,316,1,0.0,0.0,0.0,0.0
C,R03,testing,01,317,1,0.0,0.0,0.0,0.0
C,R03,testing,01,318,1,0.0,0.0,0.0,0.0
C,R03,testing,01,319,1,0.0,0.0,0.0,0.0
C,R03,testing,01,320,1,0.0,0.0,0.0,0.0
C,R03,testing,01,321,1,0.0,0.0,0.0,0.0
C,R03,testing,01,322,1,0.0,0.0,0.0,0.0
C,R03,testing,01,323,1,0.0,0.0,0.0,0.0
C,R03,testing,01,324,1,0.0,0.0,0.0,0.0
C,R03,testing,01,325,1,0.0,0.0,0.0,0.0
C,R03,testing,01,326,1,0.0,0.0,0.0,0.0
C,R03,testing,01,327,1,0.0,0.0,0.0,0.0
C,R03,testing,01,328,1,0.0,0.0,0.0,0.0
C,R03,testing,01,329,1,0.0,0.0,0.0,0.0
C,R03,testing,01,330,1,0.0,0.0,0.0,0.0
C,R03,testing,01,331,1,0.0,0.0,0.0,0.0
C,R03,testing,01,332,1,0.0,0.0,0.0,0.0
C,R03,testing,01,333,1,0.0,0.0,0.0,0.0
C,R03,testing,01,334,1,0.0,0.0,0.0,0.0
C,R03,testing,01,335,1,0.0,0.0,0.0,0.0
C,R03,testing,01,336,1,0.0,0.0,0.0,0.0
C,R03,testing,01,337,1,0.0,0.0,0.0,0.0
C,R03,testing,01,338,1,0.0,0.0,0.0,0.0
C,R03,testing,01,339,1,0.0,0.0,0.0,0.0
C,R03,testing,01,340,1,0.0,0.0,0.0,0.0
C,R03,testing,01,341,1,0.0,0.0,0.0,0.0
C,R03,testing,01,342,1,0.0,0.0,0.0,0.0
C,R03,testing,01,343,1,0.0,0.0,0.0,0.0
C,R03,testing,01,344,1,0.0,0.0,0.0,0.0
C,R03,testing,01,345,1,0.0,0.0,0.0,0.0
C,R03,testing,01,346,1,0.0,0.0,0.0,0.0
C,R03,testing,01,347,1,0.0,0.0,0.0,0.0
C,R03,testing,01,348,1,0.0,0.0,0.0,0.0
C,R03,testing,01,349,1,0.0,0.0,0.0,0.0
C,R03,testing,01,350,1,0.0,0.0,0.0,0.0
C,R03,testing,01,351,1,0.0,0.0,0.0,0.0
C,R03,testing,01,352,1,0.0,0.0,0.0,0.0
C,R03,testing,01,353,1,0.0,0.0,0.0,0.0
C,R03,testing,01,354,1,0.0,0.0,0.0,0.0
C,R03,testing,01,355,1,0.0,0.0,0.0,0.0
C,R03,testing,01,356,1,0.0,0.0,0.0,0.0
C,R03,testing,01,357,1,0.0,0.0,0.0,0.0
C,R03,testing,01,358,1,0.0,0.0,0.0,0.0
C,R03,testing,01,359,1,0.0,0.0,0.0,0.0
C,R03,testing,01,360,1,0.0,0.0,0.0,0.0
C,R03,testing,01,361,1,0.0,0.0,0.0,0.0
C,R03,testing,01,362,1,0.0,0.0,0.0,0.0
C,R03,testing,01,363,1,0.0,0.0,0.0,0.0
C,R03,testing,01,364,1,0.0,0.0,0.0,0.0
C,R03,testing,01,365,1,0.0,0.0,0.0,0.0
C,R03,testing,01,366,1,0.0,0.0,0.0,0.0
C,R03,testing,01,367,1,0.0,0.0,0.0,0.0
C,R03,testing,01,368,1,0.0,0.0,0.0,0.0
C,R03,testing,01,369,1,0.0,0.0,0.0,0.0
C,R03,testing,01,370,1,0.0,0.0,0.0,0.0
C,R03,testing,01,371,1,0.0,0.0,0.0,0.0
C,R03,testing,01,372,1,0.0,0.0,0.0,0.0
C,R03,testing,01,373,1,0.0,0.0,0.0,0.0
C,R03,testing,01,374,1,0.0,0.0,0.0,0.0
C,R03,testing,01,375,1,0.0,0.0,0.0,0.0
C,R03,testing,01,376,1,0.0,0.0,0.0,0.0
C,R03,testing,01,377,1,0.0,0.0,0.0,0.0
C,R03,testing,01,378,1,0.0,0.0,0.0,0.0
C,R03,testing,01,379,1,0.0,0.0,0.0,0.0
C,R03,testing,01,380,1,0.0,0.0,0.0,0.0
C,R03,testing,01,381,1,0.0,0.0,0.0,0.0
C,R03,testing,01,382,1,0.0,0.0,0.0,0.0
C,R03,testing,01,383,1,0.0,0.0,0.0,0.0
C,R03,testing,01,384,1,0.0,0.0,0.0,0.0
C,R03,testing,01,385,1,0.0,0.0,0.0,0.0
C,R03,testing,01,386,1,0.0,0.0,0.0,0.0
C,R03,testing,01,387,1,0.0,0.0,0.0,0.0
C,R03,testing,01,388,1,0.0,0.0,0.0,0.0
C,R03,testing,01,389,1,0.0,0.0,0.0,0.0
C,R03,testing,01,390,1,0.0,0.0,0.0,0.0
C,R03,testing,01,391,1,0.0,0.0,0.0,0.0
C,R03,testing,01,392,1,0.0,0.0,0.0,0.0
C,R03,testing,01,393,1,0.0,0.0,0.0,0.0
C,R03,testing,01,394,1,0.0,0.0,0.0,0.0
C,R03,testing,01,395,1,0.0,0.0,0.0,0.0
C,R03,testing,01,396,1,0.0,0.0,0.0,0.0
C,R03,testing,01,397,1,0.0,0.0,0.0,0.0
C,R03,testing,01,398,1,0.0,0.0,0.0,0.0
C,R03,testing,01,399,1,0.0,0.0,0.0,0.0
C,R03,testing,01,400,1,0.0,0.0,0.0,0.0
C,R03,testing,01,401,1,0.0,0.0,0.0,0.0
C,R03,testing,01,402,1,0.0,0.0,0.0,0.0
C,R03,testing,01,403,1,0.0,0.0,0.0,0.0
C,R03,testing,01,404,1,0.0,0.0,0.0,0.0
C,R03,testing,01,405,1,0.0,0.0,0.0,0.0
C,R03,testing,01,406,1,0.0,0.0,0.0,0.0
C,R03,testing,01,407,1,0.0,0.0,0.0,0.0
C,R03,testing,01,408,1,0.0,0.0,0.0,0.0
C,R03,testing,01,409,1,0.0,0.0,0.0,0.0
C,R03,testing,01,410,1,0.0,0.0,0.0,0.0
C,R03,testing,01,411,1,0.0,0.0,0.0,0.0
C,R03,testing,01,412,1,0.0,0.0,0.0,0.0
C,R03,testing,01,413,1,0.0,0.0,0.0,0.0
C,R03,testing,01,414,1,0.0,0.0,0.0,0.0
C,R03,testing,01,415,1,0.0,0.0,0.0,0.0
C,R03,testing,01,416,1,0.0,0.0,0.0,0.0
C,R03,testing,01,417,1,0.0,0.0,0.0,0.0
C,R03,testing,01,418,1,0.0,0.0,0.0,0.0
C,R03,testing,01,419,1,0.0,0.0,0.0,0.0
C,R03,testing,01,420,1,0.0,0.0,0.0,0.0
C,R03,testing,01,421,1,0.0,0.0,0.0,0.0
C,R03,testing,01,422,1,0.0,0.0,0.0,0.0
C,R03,testing,01,423,1,0.0,0.0,0.0,0.0
C,R03,testing,01,424,1,0.0,0.0,0.0,0.0
C,R03,testing,01,425,1,0.0,0.0,0.0,0.0
C,R03,testing,01,426,1,0.0,0.0,0.0,0.0
C,R03,testing,01,427,1,0.0,0.0,0.0,0.0
C,R03,testing,01,428,1,0.0,0.0,0.0,0.0
C,R03,testing,01,429,1,0.0,0.0,0.0,0.0
C,R03,testing,01,430,1,0.0,0.0,0.0,0.0
C,R03,testing,01,431,1,0.0,0.0,0.0,0.0
C,R03,testing,01,432,1,0.0,0.0,0.0,0.0
C,R03,testing,01,433,1,0.0,0.0,0.0,0.0
C,R03,testing,01,434,1,0.0,0.0,0.0,0.0
C,R03,testing,01,435,1,0.0,0.0,0.0,0.0
C,R03,testing,01,436,1,0.0,0.0,0.0,0.0
C,R03,testing,01,437,1,0.0,0.0,0.0,0.0
C,R03,testing,01,438,1,0.0,0.0,0.0,0.0
C,R03,testing,01,439,1,0.0,0.0,0.0,0.0
C,R03,testing,01,440,1,0.0,0.0,0.0,0.0
C,R03,testing,01,441,1,0.0,0.0,0.0,0.0
C,R03,testing,01,442,1,0.0,0.0,0.0,0.0
C,R03,testing,01,443,1,0.0,0.0,0.0,0.0
C,R03,testing,01,444,1,0.0,0.0,0.0,0.0
C,R03,testing,01,445,1,0.0,0.0,0.0,0.0
C,R03,testing,01,446,1,0.0,0.0,0.0,0.0
C,R03,testing,01,447,1,0.0,0.0,0.0,0.0
C,R03,testing,01,448,1,0.0,0.0,0.0,0.0
C,R03,testing,01,449,1,0.0,0.0,0.0,0.0
C,R03,testing,01,450,1,0.0,0.0,0.0,0.0
C,R03,testing,01,451,1,0.0,0.0,0.0,0.0
C,R03,testing,01,452,1,0.0,0.0,0.0,0.0
C,R03,testing,01,453,1,0.0,0.0,0.0,0.0
C,R03,testing,01,454,1,0.0,0.0,0.0,0.0
C,R03,testing,01,455,1,0.0,0.0,0.0,0.0
C,R03,testing,01,456,1,0.0,0.0,0.0,0.0
C,R03,testing,01,457,1,0.0,0.0,0.0,0.0
C,R03,testing,01,458,1,0.0,0.0,0.0,0.0
C,R03,testing,01,459,1,0.0,0.0,0.0,0.0
C,R03,testing,01,460,1,0.0,0.0,0.0,0.0
C,R03,testing,01,461,1,0.0,0.0,0.0,0.0
C,R03,testing,01,462,1,0.0,0.0,0.0,0.0
C,R03,testing,01,463,1,0.0,0.0,0.0,0.0
C,R03,testing,01,464,1,0.0,0.0,0.0,0.0
C,R03,testing,01,465,1,0.0,0.0,0.0,0.0
C,R03,testing,01,466,1,0.0,0.0,0.0,0.0
C,R03,testing,01,467,1,0.0,0.0,0.0,0.0
C,R03,testing,01,468,1,0.0,0.0,0.0,0.0
C,R03,testing,01,469,1,0.0,0.0,0.0,0.0
C,R03,testing,01,470,1,0.0,0.0,0.0,0.0
C,R03,testing,01,471,1,0.0,0.0,0.0,0.0
C,R03,testing,01,472,1,0.0,0.0,0.0,0.0
C,R03,testing,01,473,1,0.0,0.0,0.0,0.0
C,R03,testing,01,474,1,0.0,0.0,0.0,0.0
C,R03,testing,01,475,1,0.0,0.0,0.0,0.0
C,R03,testing,01,476,1,0.0,0.0,0.0,0.0
C,R03,testing,01,477,1,0.0,0.0,0.0,0.0
C,R03,testing,01,478,1,0.0,0.0,0.0,0.0
C,R03,testing,01,479,1,0.0,0.0,0.0,0.0
C,R03,testing,01,480,1,0.0,0.0,0.0,0.0
C,R03,testing,01,481,1,0.0,0.0,0.0,0.0
C,R03,testing,01,482,1,0.0,0.0,0.0,0.0
C,R03,testing,01,483,1,0.0,0.0,0.0,0.0
C,R03,testing,01,484,1,0.0,0.0,0.0,0.0
C,R03,testing,01,485,1,0.0,0.0,0.0,0.0
C,R03,testing,01,486,1,0.0,0.0,0.0,0.0
C,R03,testing,01,487,1,0.0,0.0,0.0,0.0
C,R03,testing,01,488,1,0.0,0.0,0.0,0.0
C,R03,testing,01,489,1,0.0,0.0,0.0,0.0
C,R03,testing,01,490,1,0.0,0.0,0.0,0.0
C,R03,testing,01,491,1,0.0,0.0,0.0,0.0
C,R03,testing,01,492,1,0.0,0.0,0.0,0.0
C,R03,testing,01,493,1,0.0,0.0,0.0,0.0
C,R03,testing,01,494,1,0.0,0.0,0.0,0.0
C,R03,testing,01,495,1,0.0,0.0,0.0,0.0
C,R03,testing,01,496,1,0.0,0.0,0.0,0.0
C,R03,testing,01,497,1,0.0,0.0,0.0,0.0
C,R03,testing,01,498,1,0.0,0.0,0.0,0.0
C,R03,testing,01,499,1,0.0,0.0,0.0,0.0
C,R03,testing,01,500,1,0.0,0.0,0.0,0.0
C,R03,testing,01,501,1,0.0,0.0,0.0,0.0
C,R03,testing,01,502,1,0.0,0.0,0.0,0.0
C,R03,testing,01,503,1,0.0,0.0,0.0,0.0
C,R03,testing,01,504,1,0.0,0.0,0.0,0.0
C,R03,testing,01,505,1,0.0,0.0,0.0,0.0
C,R03,testing,01,506,1,0.0,0.0,0.0,0.0
C,R03,testing,01,507,1,0.0,0.0,0.0,0.0
C,R03,testing,01,508,1,0.0,0.0,0.0,0.0
C,R03,testing,01,509,1,0.0,0.0,0.0,0.0
C,R03,testing,01,510,1,0.0,0.0,0.0,0.0
C,R03,testing,01,511,1,0.0,0.0,0.0,0.0
C,R03,testing,01,512,1,0.0,0.0,0.0,0.0
C,R03,testing,01,513,1,0.0,0.0,0.0,0.0
C,R03,testing,01,514,1,0.0,0.0,0.0,0.0
C,R03,testing,01,515,1,0.0,0.0,0.0,0.0
C,R03,testing,01,516,1,0.0,0.0,0.0,0.0
C,R03,testing,01,517,1,0.0,0.0,0.0,0.0
C,R03,testing,01,518,1,0.0,0.0,0.0,0.0
C,R03,testing,01,519,1,0.0,0.0,0.0,0.0
C,R03,testing,01,520,1,0.0,0.0,0.0,0.0
C,R03,testing,01,521,1,0.0,0.0,0.0,0.0
C,R03,testing,01,522,1,0.0,0.0,0.0,0.0
C,R03,testing,01,523,1,0.0,0.0,0.0,0.0
C,R03,testing,01,524,1,0.0,0.0,0.0,0.0
C,R03,testing,01,525,1,0.0,0.0,0.0,0.0
C,R03,testing,01,526,1,0.0,0.0,0.0,0.0
C,R03,testing,01,527,1,0.0,0.0,0.0,0.0
C,R03,testing,01,528,1,0.0,0.0,0.0,0.0
C,R03,testing,01,529,1,0.0,0.0,0.0,0.0
C,R03,testing,01,530,1,0.0,0.0,0.0,0.0
C,R03,testing,01,531,1,0.0,0.0,0.0,0.0
C,R03,testing,01,532,1,0.0,0.0,0.0,0.0
C,R03,testing,01,533,1,0.0,0.0,0.0,0.0
C,R03,testing,01,534,1,0.0,0.0,0.0,0.0
C,R03,testing,01,535,1,0.0,0.0,0.0,0.0
C,R03,testing,01,536,1,0.0,0.0,0.0,0.0
C,R03,testing,01,537,1,0.0,0.0,0.0,0.0
C,R03,testing,01,538,1,0.0,0.0,0.0,0.0
C,R03,testing,01,539,1,0.0,0.0,0.0,0.0
C,R03,testing,01,540,1,0.0,0.0,0.0,0.0
C,R03,testing,01,541,1,0.0,0.0,0.0,0.0
C,R03,testing,01,542,1,0.0,0.0,0.0,0.0
C,R03,testing,01,543,1,0.0,0.0,0.0,0.0
C,R03,testing,01,544,1,0.0,0.0,0.0,0.0
C,R03,testing,01,545,1,0.0,0.0,0.0,0.0
C,R03,testing,01,546,1,0.0,0.0,0.0,0.0
C,R03,testing,01,547,1,0.0,0.0,0.0,0.0
C,R03,testing,01,548,1,0.0,0.0,0.0,0.0
C,R03,testing,01,549,1,0.0,0.0,0.0,0.0
C,R03,testing,01,550,1,0.0,0.0,0.0,0.0
C,R03,testing,01,551,1,0.0,0.0,0.0,0.0
C,R03,testing,01,552,1,0.0,0.0,0.0,0.0
C,R03,testing,01,553,1,0.0,0.0,0.0,0.0
C,R03,testing,01,554,1,0.0,0.0,0.0,0.0
C,R03,testing,01,555,1,0.0,0.0,0.0,0.0
C,R03,testing,01,556,1,0.0,0.0,0.0,0.0
C,R03,testing,01,557,1,0.0,0.0,0.0,0.0
C,R03,testing,01,558,1,0.0,0.0,0.0,0.0
C,R03,testing,01,559,1,0.0,0.0,0.0,0.0
C,R03,testing,01,560,1,0.0,0.0,0.0,0.0
C,R03,testing,01,561,1,0.0,0.0,0.0,0.0
C,R03,testing,01,562,1,0.0,0.0,0.0,0.0
C,R03,testing,01,563,1,0.0,0.0,0.0,0.0
C,R03,testing,01,564,1,0.0,0.0,0.0,0.0
C,R03,testing,01,565,1,0.0,0.0,0.0,0.0
C,R03,testing,01,566,1,0.0,0.0,0.0,0.0
C,R03,testing,01,567,1,0.0,0.0,0.0,0.0
C,R03,testing,01,568,1,0.0,0.0,0.0,0.0
C,R03,testing,01,569,1,0.0,0.0,0.0,0.0
C,R03,testing,01,570,1,0.0,0.0,0.0,0.0
C,R03,testing,01,571,1,0.0,0.0,0.0,0.0
C,R03,testing,01,572,1,0.0,0.0,0.0,0.0
C,R03,testing,01,573,1,0.0,0.0,0.0,0.0
C,R03,testing,01,574,1,0.0,0.0,0.0,0.0
C,R03,testing,01,575,1,0.0,0.0,0.0,0.0
C,R03,testing,01,576,1,0.0,0.0,0.0,0.0
C,R03,testing,01,577,1,0.0,0.0,0.0,0.0
C,R03,testing,01,578,1,0.0,0.0,0.0,0.0
C,R03,testing,01,579,1,0.0,0.0,0.0,0.0
C,R03,testing,01,580,1,0.0,0.0,0.0,0.0
C,R03,testing,01,581,1,0.0,0.0,0.0,0.0
C,R03,testing,01,582,1,0.0,0.0,0.0,0.0
C,R03,testing,01,583,1,0.0,0.0,0.0,0.0
C,R03,testing,01,584,1,0.0,0.0,0.0,0.0
C,R03,testing,01,585,1,0.0,0.0,0.0,0.0
C,R03,testing,01,586,1,0.0,0.0,0.0,0.0
C,R03,testing,01,587,1,0.0,0.0,0.0,0.0
C,R03,testing,01,588,1,0.0,0.0,0.0,0.0
C,R03,testing,01,589,1,0.0,0.0,0.0,0.0
C,R03,testing,01,590,1,0.0,0.0,0.0,0.0
C,R03,testing,01,591,1,0.0,0.0,0.0,0.0
C,R03,testing,01,592,1,0.0,0.0,0.0,0.0
C,R03,testing,01,593,1,0.0,0.0,0.0,0.0
C,R03,testing,01,594,1,0.0,0.0,0.0,0.0
C,R03,testing,01,595,1,0.0,0.0,0.0,0.0
C,R03,testing,01,596,1,0.0,0.0,0.0,0.0
C,R03,testing,01,597,1,0.0,0.0,0.0,0.0
C,R03,testing,01,598,1,0.0,0.0,0.0,0.0
C,R03,testing,01,599,1,0.0,0.0,0.0,0.0
C,R03,testing,01,600,1,0.0,0.0,0.0,0.0
C,R03,testing,01,601,1,0.0,0.0,0.0,0.0
C,R03,testing,01,602,1,0.0,0.0,0.0,0.0
C,R03,testing,01,603,1,0.0,0.0,0.0,0.0
C,R03,testing,01,604,1,0.0,0.0,0.0,0.0
C,R03,testing,01,605,1,0.0,0.0,0.0,0.0
C,R03,testing,01,606,1,0.0,0.0,0.0,0.0
C,R03,testing,01,607,1,0.0,0.0,0.0,0.0
C,R03,testing,01,608,1,0.0,0.0,0.0,0.0
C,R03,testing,01,609,1,0.0,0.0,0.0,0.0
C,R03,testing,01,610,1,0.0,0.0,0.0,0.0
C,R03,testing,01,611,1,0.0,0.0,0.0,0.0
C,R03,testing,01,612,1,0.0,0.0,0.0,0.0
C,R03,testing,01,613,1,0.0,0.0,0.0,0.0
C,R03,testing,01,614,1,0.0,0.0,0.0,0.0
C,R03,testing,01,615,1,0.0,0.0,0.0,0.0
C,R03,testing,01,616,1,0.0,0.0,0.0,0.0
C,R03,testing,01,617,1,0.0,0.0,0.0,0.0
C,R03,testing,01,618,1,0.0,0.0,0.0,0.0
C,R03,testing,01,619,1,0.0,0.0,0.0,0.0
C,R03,testing,01,620,1,0.0,0.0,0.0,0.0
C,R03,testing,01,621,1,0.0,0.0,0.0,0.0
C,R03,testing,01,622,1,0.0,0.0,0.0,0.0
C,R03,testing,01,623,1,0.0,0.0,0.0,0.0
C,R03,testing,01,624,1,0.0,0.0,0.0,0.0
C,R03,testing,01,625,1,0.0,0.0,0.0,0.0
C,R03,testing,01,626,1,0.0,0.0,0.0,0.0
C,R03,testing,01,627,1,0.0,0.0,0.0,0.0
C,R03,testing,01,628,1,0.0,0.0,0.0,0.0
C,R03,testing,01,629,1,0.0,0.0,0.0,0.0
C,R03,testing,01,630,1,0.0,0.0,0.0,0.0
C,R03,testing,01,631,1,0.0,0.0,0.0,0.0
C,R03,testing,01,632,1,0.0,0.0,0.0,0.0
C,R03,testing,01,633,1,0.0,0.0,0.0,0.0
C,R03,testing,01,634,1,0.0,0.0,0.0,0.0
C,R03,testing,01,635,1,0.0,0.0,0.0,0.0
C,R03,testing,01,636,1,0.0,0.0,0.0,0.0
C,R03,testing,01,637,1,0.0,0.0,0.0,0.0
C,R03,testing,01,638,1,0.0,0.0,0.0,0.0
C,R03,testing,01,639,1,0.0,0.0,0.0,0.0
C,R03,testing,01,640,1,0.0,0.0,0.0,0.0
C,R03,testing,01,641,1,0.0,0.0,0.0,0.0
C,R03,testing,01,642,1,0.0,0.0,0.0,0.0
C,R03,testing,01,643,1,0.0,0.0,0.0,0.0
C,R03,testing,01,644,1,0.0,0.0,0.0,0.0
C,R03,testing,01,645,1,0.0,0.0,0.0,0.0
C,R03,testing,01,646,1,0.0,0.0,0.0,0.0
C,R03,testing,01,647,1,0.0,0.0,0.0,0.0
C,R03,testing,01,648,1,0.0,0.0,0.0,0.0
C,R03,testing,01,649,1,0.0,0.0,0.0,0.0
C,R03,testing,01,650,1,0.0,0.0,0.0,0.0
C,R03,testing,01,651,1,0.0,0.0,0.0,0.0
C,R03,testing,01,652,1,0.0,0.0,0.0,0.0
C,R03,testing,01,653,1,0.0,0.0,0.0,0.0
C,R03,testing,01,654,1,0.0,0.0,0.0,0.0
C,R03,testing,01,655,1,0.0,0.0,0.0,0.0
C,R03,testing,01,656,1,0.0,0.0,0.0,0.0
C,R03,testing,01,657,1,0.0,0.0,0.0,0.0
C,R03,testing,01,658,1,0.0,0.0,0.0,0.0
C,R03,testing,01,659,1,0.0,0.0,0.0,0.0
C,R03,testing,01,660,1,0.0,0.0,0.0,0.0
C,R03,testing,01,661,1,0.0,0.0,0.0,0.0
C,R03,testing,01,662,1,0.0,0.0,0.0,0.0
C,R03,testing,01,663,1,0.0,0.0,0.0,0.0
C,R03,testing,01,664,1,0.0,0.0,0.0,0.0
C,R03,testing,01,665,1,0.0,0.0,0.0,0.0
C,R03,testing,01,666,1,0.0,0.0,0.0,0.0
C,R03,testing,01,667,1,0.0,0.0,0.0,0.0
C,R03,testing,01,668,1,0.0,0.0,0.0,0.0
C,R03,testing,01,669,1,0.0,0.0,0.0,0.0
C,R03,testing,01,670,1,0.0,0.0,0.0,0.0
C,R03,testing,01,671,1,0.0,0.0,0.0,0.0
C,R03,testing,01,672,1,0.0,0.0,0.0,0.0
C,R03,testing,01,673,1,0.0,0.0,0.0,0.0
C,R03,testing,01,674,1,0.0,0.0,0.0,0.0
C,R03,testing,01,675,1,0.0,0.0,0.0,0.0
C,R03,testing,01,676,1,0.0,0.0,0.0,0.0
C,R03,testing,01,677,1,0.0,0.0,0.0,0.0
C,R03,testing,01,678,1,0.0,0.0,0.0,0.0
C,R03,testing,01,679,1,0.0,0.0,0.0,0.0
C,R03,testing,01,680,1,0.0,0.0,0.0,0.0
C,R03,testing,01,681,1,0.0,0.0,0.0,0.0
C,R03,testing,01,682,1,0.0,0.0,0.0,0.0
C,R03,testing,01,683,1,0.0,0.0,0.0,0.0
C,R03,testing,01,684,1,0.0,0.0,0.0,0.0
C,R03,testing,01,685,1,0.0,0.0,0.0,0.0
C,R03,testing,01,686,1,0.0,0.0,0.0,0.0
C,R03,testing,01,687,1,0.0,0.0,0.0,0.0
C,R03,testing,01,688,1,0.0,0.0,0.0,0.0
C,R03,testing,01,689,1,0.0,0.0,0.0,0.0
C,R03,testing,01,690,1,0.0,0.0,0.0,0.0
C,R03,testing,01,691,1,0.0,0.0,0.0,0.0
C,R03,testing,01,692,1,0.0,0.0,0.0,0.0
C,R03,testing,01,693,1,0.0,0.0,0.0,0.0
C,R03,testing,01,694,1,0.0,0.0,0.0,0.0
C,R03,testing,01,695,1,0.0,0.0,0.0,0.0
C,R03,testing,01,696,1,0.0,0.0,0.0,0.0
C,R03,testing,01,697,1,0.0,0.0,0.0,0.0
C,R03,testing,01,698,1,0.0,0.0,0.0,0.0
C,R03,testing,01,699,1,0.0,0.0,0.0,0.0
C,R03,testing,01,700,1,0.0,0.0,0.0,0.0
C,R03,testing,01,701,1,0.0,0.0,0.0,0.0
C,R03,testing,01,702,1,0.0,0.0,0.0,0.0
C,R03,testing,01,703,1,0.0,0.0,0.0,0.0
C,R03,testing,01,704,1,0.0,0.0,0.0,0.0
C,R03,testing,01,705,1,0.0,0.0,0.0,0.0
C,R03,testing,01,706,1,0.0,0.0,0.0,0.0
C,R03,testing,01,707,1,0.0,0.0,0.0,0.0
C,R03,testing,01,708,1,0.0,0.0,0.0,0.0
C,R03,testing,01,709,1,0.0,0.0,0.0,0.0
C,R03,testing,01,710,1,0.0,0.0,0.0,0.0
C,R03,testing,01,711,1,0.0,0.0,0.0,0.0
C,R03,testing,01,712,1,0.0,0.0,0.0,0.0
C,R03,testing,01,713,1,0.0,0.0,0.0,0.0
C,R03,testing,01,714,1,0.0,0.0,0.0,0.0
C,R03,testing,01,715,1,0.0,0.0,0.0,0.0
C,R03,testing,01,716,1,0.0,0.0,0.0,0.0
C,R03,testing,01,717,1,0.0,0.0,0.0,0.0
C,R03,testing,01,718,1,0.0,0.0,0.0,0.0
C,R03,testing,01,719,1,0.0,0.0,0.0,0.0
P1,R03,testing,01,0,1,0.0,0.0,0.0,0.0
P1,R03,testing,01,1,1,0.0,0.0,0.0,0.0
P1,R03,testing,01,2,1,0.0,0.0,0.0,0.0
P1,R03,testing,01,3,1,0.0,0.0,0.0,0.0
P1,R03,testing,01,4,1,0.0,0.0,0.0,0.0
P1,R03,testing,01,5,1,0.0,0.0,0.0,0.0
P1,R03,testing,01,6,1,0.0,0.0,0.0,0.0
P1,R03,testing,01,7,1,0.0,0.0,0.0,0.0
P1,R03,testing,01,8,1,0.0,0.0,0.0,0.0
P1,R03,testing,01,9,1,0.0,0.0,0.0,0.0
P1,R03,testing,01,10,1,0.0,0.0,0.0,0.0
P1,R03,testing,01,11,1,0.0,0.0,0.0,0.0
P1,R03,testing,01,12,1,0.0,0.0,0.0,0.0
P1,R03,testing,01,13,1,0.0,0.0,0.0,0.0
P1,R03,testing,01,14,1,0.0,0.0,0.0,0.0
P1,R03,testing,01,15,1,0.0,0.0,0.0,0.0
P1,R03,testing,01,16,1,0.0,0.0,0.02855869996407858,0.018139082599405786
P1,R03,testing,01,17,1,0.0,0.0,0.02855869996407858,0.018187083002482406
P1,R03,testing,01,18,1,0.0,0.0,0.02855869996407858,0.018235069723002626
P1,R03,testing,01,19,1,0.0,0.0,0.02855869996407858,0.018283041983355043
P1,R03,testing,01,20,1,0.0,0.0,0.02855869996407858,0.01833099900421469
P1,R03,testing,01,21,1,0.0,0.0,0.02855869996407858,0.018378940004562635
P1,R03,testing,01,22,1,0.0,0.0,0.02855869996407858,0.018426864201705653
P1,R03,testing,01,23,1,0.0,0.0,0.02855869996407858,0.018474770811296046
P1,R03,testing,01,24,1,0.0,0.0,0.02855869996407858,0.01852265904735157
P1,R03,testing,01,25,1,0.0,0.0,0.02855869996407858,0.01857052812227547
P1,R03,testing,01,26,1,0.0,0.0,0.02855869996407858,0.018618377246876636
P1,R03,testing,01,27,1,0.0,0.0,0.02855869996407858,0.018666205630389874
P1,R03,testing,01,28,1,0.0,0.0,0.02855869996407858,0.01871401248049629
P1,R03,testing,01,29,1,0.0,0.0,0.02855869996407858,0.018761797003343787
P1,R03,testing,01,30,1,0.0,0.0,0.02855869996407858,0.01880955840356765
P1,R03,testing,01,31,1,0.0,0.0,0.02855869996407858,0.018857295884311284
P1,R03,testing,01,32,1,0.0,0.0,0.04474504030349387,0.029619883780527732
P1,R03,testing,01,33,1,0.0,0.0,0.04474504030349387,0.029694598936253914
P1,R03,testing,01,34,1,0.0,0.0,0.04474504030349387,0.029769272856369513
P1,R03,testing,01,35,1,0.0,0.0,0.04474504030349387,0.029843904283358244
P1,R03,testing,01,36,1,0.0,0.0,0.04474504030349387,0.029918491957531265
P1,R03,testing,01,37,1,0.0,0.0,0.04474504030349387,0.029993034617060627
P1,R03,testing,01,38,1,0.0,0.0,0.04474504030349387,0.03006753099801293
P1,R03,testing,01,39,1,0.0,0.0,0.04474504030349387,0.030141979834383156
P1,R03,testing,01,40,1,0.0,0.0,0.04474504030349387,0.03021637985812859
P1,R03,testing,01,41,1,0.0,0.0,0.04474504030349387,0.03029072979920304
P1,R03,testing,01,42,1,0.0,0.0,0.04474504030349387,0.03036502838559107
P1,R03,testing,01,43,1,0.0,0.0,0.04474504030349387,0.0304392743433425
P1,R03,testing,01,44,1,0.0,0.0,0.04474504030349387,0.03051346639660701
P1,R03,testing,01,45,1,0.0,0.0,0.04474504030349387,0.030587603267668937
P1,R03,testing,01,46,1,0.0,0.0,0.04474504030349387,0.030661683676982184
P1,R03,testing,01,47,1,0.0,0.0,0.04474504030349387,0.03073570634320535
P1,R03,testing,01,48,1,0.0,0.0,0.06170562423705248,0.04248805914484261
P1,R03,testing,01,49,1,0.0,0.0,0.06170562423705248,0.0425899754917509
P1,R03,testing,01,50,1,0.0,0.0,0.06170562423705248,0.04269180689261375
P1,R03,testing,01,51,1,0.0,0.0,0.06170562423705248,0.042793551570982795
P1,R03,testing,01,52,1,0.0,0.0,0.06170562423705248,0.04289520774817894
P1,R03,testing,01,53,1,0.0,0.0,0.06170562423705248,0.04299677364334204
P1,R03,testing,01,54,1,0.0,0.0,0.06170562423705248,0.043098247473480726
P1,R03,testing,01,55,1,0.0,0.0,0.06170562423705248,0.043199627453522495
P1,R03,testing,01,56,1,0.0,0.0,0.06170562423705248,0.043300911796363896
P1,R03,testing,01,57,1,0.0,0.0,0.06170562423705248,0.04340209871292103
P1,R03,testing,01,58,1,0.0,0.0,0.06170562423705248,0.043503186412180136
P1,R03,testing,01,59,1,0.0,0.0,0.06170562423705248,0.04360417310124849
P1,R03,testing,01,60,1,0.0,0.0,0.06170562423705248,0.04370505698540539
P1,R03,testing,01,61,1,0.0,0.0,0.06170562423705248,0.04380583626815335
P1,R03,testing,01,62,1,0.0,0.0,0.06170562423705248,0.043906509151269535
P1,R03,testing,01,63,1,0.0,0.0,0.06170562423705248,0.04400707383485734
P1,R03,testing,01,64,1,0.0,0.0,0.07929346772353618,0.056679418320496444
P1,R03,testing,01,65,1,0.0,0.0,0.07929346772353618,0.056808361749697306
P1,R03,testing,01,66,1,0.0,0.0,0.07929346772353618,0.05693715918845971
P1,R03,testing,01,67,1,0.0,0.0,0.07929346772353618,0.057065808315929924
P1,R03,testing,01,68,1,0.0,0.0,0.07929346772353618,0.05719430680943831
P1,R03,testing,01,69,1,0.0,0.0,0.07929346772353618,0.05732265234456693
P1,R03,testing,01,70,1,0.0,0.0,0.07929346772353618,0.057450842595217544
P1,R03,testing,01,71,1,0.0,0.0,0.07929346772353618,0.05757887523367959
P1,R03,testing,01,72,1,0.0,0.0,0.07929346772353618,0.05770674793069859
P1,R03,testing,01,73,1,0.0,0.0,0.07929346772353618,0.057834458355544634
P1,R03,testing,01,74,1,0.0,0.0,0.07929346772353618,0.05796200417608115
P1,R03,testing,01,75,1,0.0,0.0,0.07929346772353618,0.0580893830588338
P1,R03,testing,01,76,1,0.0,0.0,0.07929346772353618,0.0582165926690597
P1,R03,testing,01,77,1,0.0,0.0,0.07929346772353618,0.05834363067081671
P1,R03,testing,01,78,1,0.0,0.0,0.07929346772353618,0.058470494727033
P1,R03,testing,01,79,1,0.0,0.0,0.07929346772353618,0.05859718249957683
P1,R03,testing,01,80,1,0.0,0.0,0.09732387512351345,0.07207677248770825
P1,R03,testing,01,81,1,0.0,0.0,0.09732387512351345,0.0722318262271996
P1,R03,testing,01,82,1,0.0,0.0,0.09732387512351345,0.0723866549818397
P1,R03,testing,01,83,1,0.0,0.0,0.09732387512351345,0.07254125587748987
P1,R03,testing,01,84,1,0.0,0.0,0.09732387512351345,0.07269562603914194
P1,R03,testing,01,85,1,0.0,0.0,0.09732387512351345,0.0728497625910053
P1,R03,testing,01,86,1,0.0,0.0,0.09732387512351345,0.07300366265659404
P1,R03,testing,01,87,1,0.0,0.0,0.09732387512351345,0.07315732335881434
P1,R03,testing,01,88,1,0.0,0.0,0.09732387512351345,0.0733107418200521
P1,R03,testing,01,89,1,0.0,0.0,0.09732387512351345,0.07346391516226075
P1,R03,testing,01,90,1,0.0,0.0,0.09732387512351345,0.07361684050704924
P1,R03,testing,01,91,1,0.0,0.0,0.09732387512351345,0.07376951497577032
P1,R03,testing,01,92,1,0.0,0.0,0.09732387512351345,0.07392193568960882
P1,R03,testing,01,93,1,0.0,0.0,0.09732387512351345,0.07407409976967042
P1,R03,testing,01,94,1,0.0,0.0,0.09732387512351345,0.07422600433707023
P1,R03,testing,01,95,1,0.0,0.0,0.09732387512351345,0.07437764651302195
P1,R03,testing,01,96,1,0.0,0.0,0.10136763585434229,0.07762566890109661
P1,R03,testing,01,97,1,0.0,0.0,0.10136763585434229,0.07778305615565172
P1,R03,testing,01,98,1,0.0,0.0,0.10136763585434229,0.07794016112286815
P1,R03,testing,01,99,1,0.0,0.0,0.10136763585434229,0.07809698080568805
P1,R03,testing,01,100,1,0.0,0.0,0.10136763585434229,0.07825351220762215
P1,R03,testing,01,101,1,0.0,0.0,0.10136763585434229,0.07840975233284352
P1,R03,testing,01,102,1,0.0,0.0,0.10136763585434229,0.07856569818628145
P1,R03,testing,01,103,1,0.0,0.0,0.10136763585434229,0.07872134677371552
P1,R03,testing,01,104,1,0.0,0.0,0.10136763585434229,0.07887669510186975
P1,R03,testing,01,105,1,0.0,0.0,0.10136763585434229,0.07903174017850696
P1,R03,testing,01,106,1,0.0,0.0,0.10136763585434229,0.0791864790125233
P1,R03,testing,01,107,1,0.0,0.0,0.10136763585434229,0.07934090861404282
P1,R03,testing,01,108,1,0.0,0.0,0.10136763585434229,0.07949502599451232
P1,R03,testing,01,109,1,0.0,0.0,0.10136763585434229,0.0796488281667962
P1,R03,testing,01,110,1,0.0,0.0,0.10136763585434229,0.07980231214527153
P1,R03,testing,01,111,1,0.0,0.0,0.10136763585434229,0.07995547494592317
P1,R03,testing,01,112,1,0.0,0.0,0.10455154481775199,0.08262447740462266
P1,R03,testing,01,113,1,0.0,0.0,0.10455154481775199,0.08278177921776207
P1,R03,testing,01,114,1,0.0,0.0,0.10455154481775199,0.08293874054274449
P1,R03,testing,01,115,1,0.0,0.0,0.10455154481775199,0.08309535830944556
P1,R03,testing,01,116,1,0.0,0.0,0.10455154481775199,0.08325162944989184
P1,R03,testing,01,117,1,0.0,0.0,0.10455154481775199,0.08340755089835958
P1,R03,testing,01,118,1,0.0,0.0,0.10455154481775199,0.08356311959147376
P1,R03,testing,01,119,1,0.0,0.0,0.10455154481775199,0.08371833246830698
P1,R03,testing,01,120,1,0.0,0.0,0.10455154481775199,0.08387318647047873
P1,R03,testing,01,121,1,0.0,0.0,0.10455154481775199,0.08402767854225451
P1,R03,testing,01,122,1,0.0,0.0,0.10455154481775199,0.08418180563064516
P1,R03,testing,01,123,1,0.0,0.0,0.10455154481775199,0.08433556468550621
P1,R03,testing,01,124,1,0.0,0.0,0.10455154481775199,0.08448895265963735
P1,R03,testing,01,125,1,0.0,0.0,0.10455154481775199,0.08464196650888194
P1,R03,testing,01,126,1,0.0,0.0,0.10455154481775199,0.08479460319222656
P1,R03,testing,01,127,1,0.0,0.0,0.10455154481775199,0.08494685967190067
P1,R03,testing,01,128,1,1.0,0.5002247228440069,0.1067857475403855,0.08691724091447589
P1,R03,testing,01,129,1,1.0,0.5002247228440069,0.1067857475403855,0.08707196507114262
P1,R03,testing,01,130,1,1.0,0.5002247228440069,0.1067857475403855,0.08722629161225229
P1,R03,testing,01,131,1,1.0,0.5002247228440069,0.1067857475403855,0.08738021744938645
P1,R03,testing,01,132,1,1.0,0.5002247228440069,0.1067857475403855,0.08753373949794838
P1,R03,testing,01,133,1,1.0,0.5002247228440069,0.1067857475403855,0.0876868546772651
P1,R03,testing,01,134,1,1.0,0.5002247228440069,0.1067857475403855,0.08783955991068951
P1,R03,testing,01,135,1,1.0,0.5002247228440069,0.1067857475403855,0.08799185212570235
P1,R03,testing,01,136,1,1.0,0.5002247228440069,0.1067857475403855,0.08814372825401444
P1,R03,testing,01,137,1,1.0,0.5002247228440069,0.1067857475403855,0.08829518523166872
P1,R03,testing,01,138,1,1.0,0.5002247228440069,0.1067857475403855,0.08844621999914237
P1,R03,testing,01,139,1,1.0,0.5002247228440069,0.1067857475403855,0.08859682950144894
P1,R03,testing,01,140,1,1.0,0.5002247228440069,0.1067857475403855,0.08874701068824054
P1,R03,testing,01,141,1,1.0,0.5002247228440069,0.1067857475403855,0.08889676051390986
P1,R03,testing,01,142,1,1.0,0.5002247228440069,0.1067857475403855,0.08904607593769243
P1,R03,testing,01,143,1,1.0,0.5002247228440069,0.1067857475403855,0.08919495392376851
P1,R03,testing,01,144,1,0.0,0.24991996809441738,0.10800610264528827,0.09036441406232487
P1,R03,testing,01,145,1,0.0,0.24991996809441738,0.10800610264528827,0.09051409937202724
P1,R03,testing,01,146,1,0.0,0.24991996809441738,0.10800610264528827,0.09066333306445486
P1,R03,testing,01,147,1,0.0,0.24991996809441738,0.10800610264528827,0.09081211209013217
P1,R03,testing,01,148,1,0.0,0.24991996809441738,0.10800610264528827,0.09096043340510093
P1,R03,testing,01,149,1,0.0,0.24991996809441738,0.10800610264528827,0.09110829397102332
P1,R03,testing,01,150,1,0.0,0.24991996809441738,0.10800610264528827,0.09125569075528493
P1,R03,testing,01,151,1,0.0,0.24991996809441738,0.10800610264528827,0.0914026207310978
P1,R03,testing,01,152,1,0.0,0.24991996809441738,0.10800610264528827,0.09154908087760322
P1,R03,testing,01,153,1,0.0,0.24991996809441738,0.10800610264528827,0.09169506817997473
P1,R03,testing,01,154,1,0.0,0.24991996809441738,0.10800610264528827,0.09184057962952084
P1,R03,testing,01,155,1,0.0,0.24991996809441738,0.10800610264528827,0.09198561222378773
P1,R03,testing,01,156,1,0.0,0.24991996809441738,0.10800610264528827,0.09213016296666193
P1,R03,testing,01,157,1,0.0,0.24991996809441738,0.10800610264528827,0.09227422886847284
P1,R03,testing,01,158,1,0.0,0.24991996809441738,0.10800610264528827,0.09241780694609526
P1,R03,testing,01,159,1,0.0,0.24991996809441738,0.10800610264528827,0.0925608942230517
P1,R03,testing,01,160,1,0.0,0.2501091125098518,0.10817724030043098,0.092850378110112
P1,R03,testing,01,161,1,0.0,0.2501091125098518,0.10817724030043098,0.09299270003835579
P1,R03,testing,01,162,1,0.0,0.2501091125098518,0.10817724030043098,0.09313452148564319
P1,R03,testing,01,163,1,0.0,0.2501091125098518,0.10817724030043098,0.09327583949843689
P1,R03,testing,01,164,1,0.0,0.2501091125098518,0.10817724030043098,0.09341665113036907
P1,R03,testing,01,165,1,0.0,0.2501091125098518,0.10817724030043098,0.09355695344234317
P1,R03,testing,01,166,1,0.0,0.2501091125098518,0.10817724030043098,0.09369674350263567
P1,R03,testing,01,167,1,0.0,0.2501091125098518,0.10817724030043098,0.09383601838699777
P1,R03,testing,01,168,1,0.0,0.2501091125098518,0.10817724030043098,0.09397477517875688
P1,R03,testing,01,169,1,0.0,0.2501091125098518,0.10817724030043098,0.09411301096891786
P1,R03,testing,01,170,1,0.0,0.2501091125098518,0.10817724030043098,0.09425072285626439
P1,R03,testing,01,171,1,0.0,0.2501091125098518,0.10817724030043098,0.09438790794745984
P1,R03,testing,01,172,1,0.0,0.2501091125098518,0.10817724030043098,0.09452456335714833
P1,R03,testing,01,173,1,0.0,0.2501091125098518,0.10817724030043098,0.09466068620805534
P1,R03,testing,01,174,1,0.0,0.2501091125098518,0.10817724030043098,0.09479627363108839
P1,R03,testing,01,175,1,0.0,0.2501091125098518,0.10817724030043098,0.09493132276543732
P1,R03,testing,01,176,1,1.0,0.25022632937595596,0.1072942648088829,0.09428987457407935
P1,R03,testing,01,177,1,1.0,0.25022632937595596,0.1072942648088829,0.09442274512733699
P1,R03,testing,01,178,1,1.0,0.25022632937595596,0.1072942648088829,0.09455507332349006
P1,R03,testing,01,179,1,1.0,0.25022632937595596,0.1072942648088829,0.09468685635893052
P1,R03,testing,01,180,1,1.0,0.25022632937595596,0.1072942648088829,0.09481809143876035
P1,R03,testing,01,181,1,1.0,0.25022632937595596,0.1072942648088829,0.09494877577688994
P1,R03,testing,01,182,1,1.0,0.25022632937595596,0.1072942648088829,0.09507890659613633
P1,R03,testing,01,183,1,1.0,0.25022632937595596,0.1072942648088829,0.09520848112832131
P1,R03,testing,01,184,1,1.0,0.25022632937595596,0.1072942648088829,0.09533749661436922
P1,R03,testing,01,185,1,1.0,0.25022632937595596,0.1072942648088829,0.0954659503044046
P1,R03,testing,01,186,1,1.0,0.25022632937595596,0.1072942648088829,0.09559383945784959
P1,R03,testing,01,187,1,1.0,0.25022632937595596,0.1072942648088829,0.09572116134352103
P1,R03,testing,01,188,1,1.0,0.25022632937595596,0.1072942648088829,0.0958479132397275
P1,R03,testing,01,189,1,1.0,0.25022632937595596,0.1072942648088829,0.0959740924343659
P1,R03,testing,01,190,1,1.0,0.25022632937595596,0.1072942648088829,0.09609969622501806
P1,R03,testing,01,191,1,1.0,0.25022632937595596,0.1072942648088829,0.09622472191904682
P1,R03,testing,01,192,1,0.0,0.2499344696311757,0.1196443048940151,0.10743937817615955
P1,R03,testing,01,193,1,0.0,0.2499344696311757,0.1196443048940151,0.1075774966357742
P1,R03,testing,01,194,1,0.0,0.2499344696311757,0.1196443048940151,0.10771496151610624
P1,R03,testing,01,195,1,0.0,0.2499344696311757,0.1196443048940151,0.10785176985927893
P1,R03,testing,01,196,1,0.0,0.2499344696311757,0.1196443048940151,0.10798791871885459
P1,R03,testing,01,197,1,0.0,0.2499344696311757,0.1196443048940151,0.10812340515994012
P1,R03,testing,01,198,1,0.0,0.2499344696311757,0.1196443048940151,0.10825822625929211
P1,R03,testing,01,199,1,0.0,0.2499344696311757,0.1196443048940151,0.10839237910542189
P1,R03,testing,01,200,1,0.0,0.2499344696311757,0.1196443048940151,0.10852586079869994
P1,R03,testing,01,201,1,0.0,0.2499344696311757,0.1196443048940151,0.10865866845146026
P1,R03,testing,01,202,1,0.0,0.2499344696311757,0.1196443048940151,0.10879079918810426
P1,R03,testing,01,203,1,0.0,0.2499344696311757,0.1196443048940151,0.10892225014520428
P1,R03,testing,01,204,1,0.0,0.2499344696311757,0.1196443048940151,0.10905301847160682
P1,R03,testing,01,205,1,0.0,0.2499344696311757,0.1196443048940151,0.10918310132853555
P1,R03,testing,01,206,1,0.0,0.2499344696311757,0.1196443048940151,0.10931249588969366
P1,R03,testing,01,207,1,0.0,0.2499344696311757,0.1196443048940151,0.10944119934136615
P1,R03,testing,01,208,1,0.0,0.0,0.11771776514200527,0.10780490061314396
P1,R03,testing,01,209,1,0.0,0.0,0.11771776514200527,0.10793016343525268
P1,R03,testing,01,210,1,0.0,0.0,0.11771776514200527,0.10805473804632867
P1,R03,testing,01,211,1,0.0,0.0,0.11771776514200527,0.10817862172847874
P1,R03,testing,01,212,1,0.0,0.0,0.11771776514200527,0.10830181177668596
P1,R03,testing,01,213,1,0.0,0.0,0.11771776514200527,0.10842430549890807
P1,R03,testing,01,214,1,0.0,0.0,0.11771776514200527,0.1085461002161753
P1,R03,testing,01,215,1,0.0,0.0,0.11771776514200527,0.10866719326268798
P1,R03,testing,01,216,1,0.0,0.0,0.11771776514200527,0.10878758198591354
P1,R03,testing,01,217,1,0.0,0.0,0.11771776514200527,0.1089072637466833
P1,R03,testing,01,218,1,0.0,0.0,0.11771776514200527,0.10902623591928881
P1,R03,testing,01,219,1,0.0,0.0,0.11771776514200527,0.10914449589157764
P1,R03,testing,01,220,1,0.0,0.0,0.11771776514200527,0.10926204106504893
P1,R03,testing,01,221,1,0.0,0.0,0.11771776514200527,0.10937886885494844
P1,R03,testing,01,222,1,0.0,0.0,0.11771776514200527,0.10949497669036311
P1,R03,testing,01,223,1,0.0,0.0,0.11771776514200527,0.1096103620143153
P1,R03,testing,01,224,1,0.0,0.0,0.1148029716482831,0.10700813600364485
P1,R03,testing,01,225,1,0.0,0.0,0.1148029716482831,0.10711924761827535
P1,R03,testing,01,226,1,0.0,0.0,0.1148029716482831,0.10722964721291137
P1,R03,testing,01,227,1,0.0,0.0,0.1148029716482831,0.10733933234915967
P1,R03,testing,01,228,1,0.0,0.0,0.1148029716482831,0.10744830060267022
P1,R03,testing,01,229,1,0.0,0.0,0.1148029716482831,0.10755654956322531
P1,R03,testing,01,230,1,0.0,0.0,0.1148029716482831,0.10766407683482848
P1,R03,testing,01,231,1,0.0,0.0,0.1148029716482831,0.10777088003579267
P1,R03,testing,01,232,1,0.0,0.0,0.1148029716482831,0.10787695679882821
P1,R03,testing,01,233,1,0.0,0.0,0.1148029716482831,0.10798230477113006
P1,R03,testing,01,234,1,0.0,0.0,0.1148029716482831,0.10808692161446487
P1,R03,testing,01,235,1,0.0,0.0,0.1148029716482831,0.10819080500525732
P1,R03,testing,01,236,1,0.0,0.0,0.1148029716482831,0.10829395263467607
P1,R03,testing,01,237,1,0.0,0.0,0.1148029716482831,0.10839636220871927
P1,R03,testing,01,238,1,0.0,0.0,0.1148029716482831,0.10849803144829953
P1,R03,testing,01,239,1,0.0,0.0,0.1148029716482831,0.10859895808932833
P1,R03,testing,01,240,1,0.0,0.0,0.1109818022923684,0.1050811340387793
P1,R03,testing,01,241,1,0.0,0.0,0.1109818022923684,0.10517725910765269
P1,R03,testing,01,242,1,0.0,0.0,0.1109818022923684,0.1052726598166796
P1,R03,testing,01,243,1,0.0,0.0,0.1109818022923684,0.10536733403593648
P1,R03,testing,01,244,1,0.0,0.0,0.1109818022923684,0.10546127965040049
P1,R03,testing,01,245,1,0.0,0.0,0.1109818022923684,0.10555449456002819
P1,R03,testing,01,246,1,0.0,0.0,0.1109818022923684,0.10564697667983376
P1,R03,testing,01,247,1,0.0,0.0,0.1109818022923684,0.10573872393996665
P1,R03,testing,01,248,1,0.0,0.0,0.1109818022923684,0.10582973428578879
P1,R03,testing,01,249,1,0.0,0.0,0.1109818022923684,0.10592000567795125
P1,R03,testing,01,250,1,0.0,0.0,0.1109818022923684,0.10600953609247032
P1,R03,testing,01,251,1,0.0,0.0,0.1109818022923684,0.10609832352080314
P1,R03,testing,01,252,1,0.0,0.0,0.1109818022923684,0.1061863659699228
P1,R03,testing,01,253,1,0.0,0.0,0.1109818022923684,0.10627366146239284
P1,R03,testing,01,254,1,0.0,0.0,0.1109818022923684,0.10636020803644118
P1,R03,testing,01,255,1,0.0,0.0,0.1109818022923684,0.10644600374603375
P1,R03,testing,01,256,1,0.0,0.0,0.07986156553806288,0.07665883945855419
P1,R03,testing,01,257,1,0.0,0.0,0.07986156553806288,0.07671949253806871
P1,R03,testing,01,258,1,0.0,0.0,0.07986156553806288,0.07677960116929915
P1,R03,testing,01,259,1,0.0,0.0,0.07986156553806288,0.07683916399771591
P1,R03,testing,01,260,1,0.0,0.0,0.07986156553806288,0.07689817968037252
P1,R03,testing,01,261,1,0.0,0.0,0.07986156553806288,0.07695664688595616
P1,R03,testing,01,262,1,0.0,0.0,0.07986156553806288,0.07701456429483763
P1,R03,testing,01,263,1,0.0,0.0,0.07986156553806288,0.07707193059912108
P1,R03,testing,01,264,1,0.0,0.0,0.07986156553806288,0.07712874450269311
P1,R03,testing,01,265,1,0.0,0.0,0.07986156553806288,0.07718500472127163
P1,R03,testing,01,266,1,0.0,0.0,0.07986156553806288,0.07724070998245422
P1,R03,testing,01,267,1,0.0,0.0,0.07986156553806288,0.07729585902576606
P1,R03,testing,01,268,1,0.0,0.0,0.07986156553806288,0.07735045060270754
P1,R03,testing,01,269,1,0.0,0.0,0.07986156553806288,0.07740448347680122
P1,R03,testing,01,270,1,0.0,0.0,0.07986156553806288,0.0774579564236386
P1,R03,testing,01,271,1,0.0,0.0,0.07986156553806288,0.07751086823092636
P1,R03,testing,01,272,1,0.0,0.0,0.07773407068860007,0.07549695033888779
P1,R03,testing,01,273,1,0.0,0.0,0.07773407068860007,0.07554735671263368
P1,R03,testing,01,274,1,0.0,0.0,0.07773407068860007,0.07559721342666996
P1,R03,testing,01,275,1,0.0,0.0,0.07773407068860007,0.07564651934860964
P1,R03,testing,01,276,1,0.0,0.0,0.07773407068860007,0.0756952733580767
P1,R03,testing,01,277,1,0.0,0.0,0.07773407068860007,0.07574347434674857
P1,R03,testing,01,278,1,0.0,0.0,0.07773407068860007,0.07579112121839811
P1,R03,testing,01,279,1,0.0,0.0,0.07773407068860007,0.07583821288893512
P1,R03,testing,01,280,1,0.0,0.0,0.07773407068860007,0.0758847482864475
P1,R03,testing,01,281,1,0.0,0.0,0.07773407068860007,0.07593072635124186
P1,R03,testing,01,282,1,0.0,0.0,0.07773407068860007,0.07597614603588375
P1,R03,testing,01,283,1,0.0,0.0,0.07773407068860007,0.07602100630523742
P1,R03,testing,01,284,1,0.0,0.0,0.07773407068860007,0.07606530613650521
P1,R03,testing,01,285,1,0.0,0.0,0.07773407068860007,0.07610904451926626
P1,R03,testing,01,286,1,0.0,0.0,0.07773407068860007,0.07615222045551506
P1,R03,testing,01,287,1,0.0,0.0,0.07773407068860007,0.07619483295969932
P1,R03,testing,01,288,1,0.0,0.0,0.06286220623780053,0.06165145473006993
P1,R03,testing,01,289,1,0.0,0.0,0.06286220623780053,0.061685001103225126
P1,R03,testing,01,290,1,0.0,0.0,0.06286220623780053,0.06171808950828671
P1,R03,testing,01,291,1,0.0,0.0,0.06286220623780053,0.06175071918883785
P1,R03,testing,01,292,1,0.0,0.0,0.06286220623780053,0.06178288939868029
P1,R03,testing,01,293,1,0.0,0.0,0.06286220623780053,0.06181459940186278
P1,R03,testing,01,294,1,0.0,0.0,0.06286220623780053,0.061845848472709124
P1,R03,testing,01,295,1,0.0,0.0,0.06286220623780053,0.06187663589584592
P1,R03,testing,01,296,1,0.0,0.0,0.06286220623780053,0.06190696096622975
P1,R03,testing,01,297,1,0.0,0.0,0.06286220623780053,0.06193682298917421
P1,R03,testing,01,298,1,0.0,0.0,0.06286220623780053,0.0619662212803763
P1,R03,testing,01,299,1,0.0,0.0,0.06286220623780053,0.06199515516594269
P1,R03,testing,01,300,1,0.0,0.0,0.06286220623780053,0.06202362398241535
P1,R03,testing,01,301,1,0.0,0.0,0.06286220623780053,0.062051627076797
P1,R03,testing,01,302,1,0.0,0.0,0.06286220623780053,0.06207916380657597
P1,R03,testing,01,303,1,0.0,0.0,0.06286220623780053,0.062106233539750894
P1,R03,testing,01,304,1,0.0,0.24979651732962788,0.04856942072840029,0.048005884880231
P1,R03,testing,01,305,1,0.0,0.24979651732962788,0.04856942072840029,0.04802607678545342
P1,R03,testing,01,306,1,0.0,0.24979651732962788,0.04856942072840029,0.04804590645763905
P1,R03,testing,01,307,1,0.0,0.24979651732962788,0.04856942072840029,0.04806537344114863
P1,R03,testing,01,308,1,0.0,0.24979651732962788,0.04856942072840029,0.048084477288553806
P1,R03,testing,01,309,1,0.0,0.24979651732962788,0.04856942072840029,0.0481032175606542
P1,R03,testing,01,310,1,0.0,0.24979651732962788,0.04856942072840029,0.04812159382649432
P1,R03,testing,01,311,1,0.0,0.24979651732962788,0.04856942072840029,0.048139605663380027
P1,R03,testing,01,312,1,0.0,0.24979651732962788,0.04856942072840029,0.04815725265689472
P1,R03,testing,01,313,1,0.0,0.24979651732962788,0.04856942072840029,0.04817453440091529
P1,R03,testing,01,314,1,0.0,0.24979651732962788,0.04856942072840029,0.048191450497627665
P1,R03,testing,01,315,1,0.0,0.24979651732962788,0.04856942072840029,0.04820800055754205
P1,R03,testing,01,316,1,0.0,0.24979651732962788,0.04856942072840029,0.048224184199507907
P1,R03,testing,01,317,1,0.0,0.24979651732962788,0.04856942072840029,0.048240001050728565
P1,R03,testing,01,318,1,0.0,0.24979651732962788,0.04856942072840029,0.04825545074677555
P1,R03,testing,01,319,1,0.0,0.24979651732962788,0.04856942072840029,0.04827053293160256
P1,R03,testing,01,320,1,0.0,0.0,0.034949463943049874,0.03474497909798096
P1,R03,testing,01,321,1,0.0,0.0,0.034949463943049874,0.034755302249262564
P1,R03,testing,01,322,1,0.0,0.0,0.034949463943049874,0.034765360215405446
P1,R03,testing,01,323,1,0.0,0.0,0.034949463943049874,0.034775152764429315
P1,R03,testing,01,324,1,0.0,0.0,0.034949463943049874,0.03478467967043239
P1,R03,testing,01,325,1,0.0,0.0,0.034949463943049874,0.03479394071360011
P1,R03,testing,01,326,1,0.0,0.0,0.034949463943049874,0.03480293568021358
P1,R03,testing,01,327,1,0.0,0.0,0.034949463943049874,0.03481166436265778
P1,R03,testing,01,328,1,0.0,0.0,0.034949463943049874,0.03482012655942957
P1,R03,testing,01,329,1,0.0,0.0,0.034949463943049874,0.034828322075145426
P1,R03,testing,01,330,1,0.0,0.0,0.034949463943049874,0.034836250720548974
P1,R03,testing,01,331,1,0.0,0.0,0.034949463943049874,0.034843912312518266
P1,R03,testing,01,332,1,0.0,0.0,0.034949463943049874,0.03485130667407282
P1,R03,testing,01,333,1,0.0,0.0,0.034949463943049874,0.034858433634380445
P1,R03,testing,01,334,1,0.0,0.0,0.034949463943049874,0.03486529302876383
P1,R03,testing,01,335,1,0.0,0.0,0.034949463943049874,0.03487188469870687
P1,R03,testing,01,336,1,0.0,0.0,0.035278663561459374,0.03520673693352834
P1,R03,testing,01,337,1,0.0,0.0,0.035278663561459374,0.03521284974485659
P1,R03,testing,01,338,1,0.0,0.0,0.035278663561459374,0.03521869186731488
P1,R03,testing,01,339,1,0.0,0.0,0.035278663561459374,0.035224263165830196
P1,R03,testing,01,340,1,0.0,0.0,0.035278663561459374,0.035229563511577175
P1,R03,testing,01,341,1,0.0,0.0,0.035278663561459374,0.035234592781983105
P1,R03,testing,01,342,1,0.0,0.0,0.035278663561459374,0.03523935086073261
P1,R03,testing,01,343,1,0.0,0.0,0.035278663561459374,0.035243837637772175
P1,R03,testing,01,344,1,0.0,0.0,0.035278663561459374,0.035248053009314335
P1,R03,testing,01,345,1,0.0,0.0,0.035278663561459374,0.03525199687784172
P1,R03,testing,01,346,1,0.0,0.0,0.035278663561459374,0.03525566915211079
P1,R03,testing,01,347,1,0.0,0.0,0.035278663561459374,0.03525906974715538
P1,R03,testing,01,348,1,0.0,0.0,0.035278663561459374,0.035262198584289944
P1,R03,testing,01,349,1,0.0,0.0,0.035278663561459374,0.03526505559111262
P1,R03,testing,01,350,1,0.0,0.0,0.035278663561459374,0.035267640701507987
P1,R03,testing,01,351,1,0.0,0.0,0.035278663561459374,0.035269953855649655
P1,R03,testing,01,352,1,0.0,0.0,0.03527866554088294,0.03527199697905196
P1,R03,testing,01,353,1,0.0,0.0,0.03527866554088294,0.035273766066473644
P1,R03,testing,01,354,1,0.0,0.0,0.03527866554088294,0.035275263055903096
P1,R03,testing,01,355,1,0.0,0.0,0.03527866554088294,0.03527648791269063
P1,R03,testing,01,356,1,0.0,0.0,0.03527866554088294,0.03527744060848464
P1,R03,testing,01,357,1,0.0,0.0,0.03527866554088294,0.03527812112123278
P1,R03,testing,01,358,1,0.0,0.0,0.03527866554088294,0.035278529435182754
P1,R03,testing,01,359,1,0.0,0.0,0.03527866554088294,0.03527866554088294
P1,R03,testing,01,360,1,0.0,0.0,0.03527866554088294,0.035278529435182754
P1,R03,testing,01,361,1,0.0,0.0,0.03527866554088294,0.03527812112123278
P1,R03,testing,01,362,1,0.0,0.0,0.03527866554088294,0.03527744060848464
P1,R03,testing,01,363,1,0.0,0.0,0.03527866554088294,0.03527648791269063
P1,R03,testing,01,364,1,0.0,0.0,0.03527866554088294,0.035275263055903096
P1,R03,testing,01,365,1,0.0,0.0,0.03527866554088294,0.035273766066473644
P1,R03,testing,01,366,1,0.0,0.0,0.03527866554088294,0.03527199697905196
P1,R03,testing,01,367,1,0.0,0.0,0.03527866554088294,0.03526995583458454
P1,R03,testing,01,368,1,0.0,0.0,0.0349494698234587,0.034938549820478206
P1,R03,testing,01,369,1,0.0,0.0,0.0349494698234587,0.03493598883237286
P1,R03,testing,01,370,1,0.0,0.0,0.0349494698234587,0.034933158484971506
P1,R03,testing,01,371,1,0.0,0.0,0.0349494698234587,0.034930058843772614
P1,R03,testing,01,372,1,0.0,0.0,0.0349494698234587,0.03492668998050245
P1,R03,testing,01,373,1,0.0,0.0,0.0349494698234587,0.03492305197311232
P1,R03,testing,01,374,1,0.0,0.0,0.0349494698234587,0.034919144905775565
P1,R03,testing,01,375,1,0.0,0.0,0.0349494698234587,0.034914968868884295
P1,R03,testing,01,376,1,0.0,0.0,0.0349494698234587,0.034910523959045925
P1,R03,testing,01,377,1,0.0,0.0,0.0349494698234587,0.03490581027907945
P1,R03,testing,01,378,1,0.0,0.0,0.0349494698234587,0.03490082793801146
P1,R03,testing,01,379,1,0.0,0.0,0.0349494698234587,0.034895577051071956
P1,R03,testing,01,380,1,0.0,0.0,0.0349494698234587,0.0348900577396899
P1,R03,testing,01,381,1,0.0,0.0,0.0349494698234587,0.03488427013148856
P1,R03,testing,01,382,1,0.0,0.0,0.0349494698234587,0.034878214360280525
P1,R03,testing,01,383,1,0.0,0.0,0.0349494698234587,0.03487189056606262
P1,R03,testing,01,384,1,0.0,0.24979763864186064,0.03430023650890071,0.03421762916843088
P1,R03,testing,01,385,1,0.0,0.24979763864186064,0.03430023650890071,0.034210897195372826
P1,R03,testing,01,386,1,0.0,0.24979763864186064,0.03430023650890071,0.03420390262674254
P1,R03,testing,01,387,1,0.0,0.24979763864186064,0.03430023650890071,0.03419664562415828
P1,R03,testing,01,388,1,0.0,0.24979763864186064,0.03430023650890071,0.0341891263552788
P1,R03,testing,01,389,1,0.0,0.24979763864186064,0.03430023650890071,0.03418134499379698
P1,R03,testing,01,390,1,0.0,0.24979763864186064,0.03430023650890071,0.034173301719433044
P1,R03,testing,01,391,1,0.0,0.24979763864186064,0.03430023650890071,0.03416499671792772
P1,R03,testing,01,392,1,0.0,0.24979763864186064,0.03430023650890071,0.03415643018103505
P1,R03,testing,01,393,1,0.0,0.24979763864186064,0.03430023650890071,0.03414760230651502
P1,R03,testing,01,394,1,0.0,0.24979763864186064,0.03430023650890071,0.03413851329812594
P1,R03,testing,01,395,1,0.0,0.24979763864186064,0.03430023650890071,0.03412916336561665
P1,R03,testing,01,396,1,0.0,0.24979763864186064,0.03430023650890071,0.03411955272471838
P1,R03,testing,01,397,1,0.0,0.24979763864186064,0.03430023650890071,0.034109681597136524
P1,R03,testing,01,398,1,0.0,0.24979763864186064,0.03430023650890071,0.03409955021054206
P1,R03,testing,01,399,1,0.0,0.24979763864186064,0.03430023650890071,0.03408915879856286
P1,R03,testing,01,400,1,0.0,0.0,0.033348863725809336,0.03313328482916675
P1,R03,testing,01,401,1,0.0,0.0,0.033348863725809336,0.03312267671813003
P1,R03,testing,01,402,1,0.0,0.0,0.033348863725809336,0.03311181651003986
P1,R03,testing,01,403,1,0.0,0.0,0.033348863725809336,0.033100704455121095
P1,R03,testing,01,404,1,0.0,0.0,0.033348863725809336,0.033089340809344364
P1,R03,testing,01,405,1,0.0,0.0,0.033348863725809336,0.03307772583441625
P1,R03,testing,01,406,1,0.0,0.0,0.033348863725809336,0.03306585979776925
P1,R03,testing,01,407,1,0.0,0.0,0.033348863725809336,0.03305374297255153
P1,R03,testing,01,408,1,0.0,0.0,0.033348863725809336,0.033041375637616416
P1,R03,testing,01,409,1,0.0,0.0,0.033348863725809336,0.03302875807751171
P1,R03,testing,01,410,1,0.0,0.0,0.033348863725809336,0.033015890582468774
P1,R03,testing,01,411,1,0.0,0.0,0.033348863725809336,0.03300277344839143
P1,R03,testing,01,412,1,0.0,0.0,0.033348863725809336,0.03298940697684456
P1,R03,testing,01,413,1,0.0,0.0,0.033348863725809336,0.03297579147504264
P1,R03,testing,01,414,1,0.0,0.0,0.033348863725809336,0.032961927255837874
P1,R03,testing,01,415,1,0.0,0.0,0.033348863725809336,0.03294781463770829
P1,R03,testing,01,416,1,0.0,0.0,0.03212117042434172,0.031721053392373307
P1,R03,testing,01,417,1,0.0,0.0,0.03212117042434172,0.03170698274415562
P1,R03,testing,01,418,1,0.0,0.0,0.03212117042434172,0.0316926737941382
P1,R03,testing,01,419,1,0.0,0.0,0.03212117042434172,0.031678126870630006
P1,R03,testing,01,420,1,0.0,0.0,0.03212117042434172,0.031663342307297934
P1,R03,testing,01,421,1,0.0,0.0,0.03212117042434172,0.031648320443154083
P1,R03,testing,01,422,1,0.0,0.0,0.03212117042434172,0.031633061622542764
P1,R03,testing,01,423,1,0.0,0.0,0.03212117042434172,0.03161756619512737
P1,R03,testing,01,424,1,0.0,0.0,0.03212117042434172,0.03160183451587701
P1,R03,testing,01,425,1,0.0,0.0,0.03212117042434172,0.031585866945052964
P1,R03,testing,01,426,1,0.0,0.0,0.03212117042434172,0.03156966384819492
P1,R03,testing,01,427,1,0.0,0.0,0.03212117042434172,0.031553225596107064
P1,R03,testing,01,428,1,0.0,0.0,0.03212117042434172,0.03153655256484389
P1,R03,testing,01,429,1,0.0,0.0,0.03212117042434172,0.031519645135695884
P1,R03,testing,01,430,1,0.0,0.0,0.03212117042434172,0.031502503695175
P1,R03,testing,01,431,1,0.0,0.0,0.03212117042434172,0.031485128634999936
P1,R03,testing,01,432,1,0.0,0.0,0.01741889120104073,0.017064425303881824
P1,R03,testing,01,433,1,0.0,0.0,0.01741889120104073,0.01705475030642757
P1,R03,testing,01,434,1,0.0,0.0,0.01741889120104073,0.017044949274217687
P1,R03,testing,01,435,1,0.0,0.0,0.01741889120104073,0.017035022430888343
P1,R03,testing,01,436,1,0.0,0.0,0.01741889120104073,0.017024970002857763
P1,R03,testing,01,437,1,0.0,0.0,0.01741889120104073,0.01701479221931762
P1,R03,testing,01,438,1,0.0,0.0,0.01741889120104073,0.01700448931222434
P1,R03,testing,01,439,1,0.0,0.0,0.01741889120104073,0.01699406151629027
P1,R03,testing,01,440,1,0.0,0.0,0.01741889120104073,0.016983509068974785
P1,R03,testing,01,441,1,0.0,0.0,0.01741889120104073,0.016972832210475273
P1,R03,testing,01,442,1,0.0,0.0,0.01741889120104073,0.01696203118371802
P1,R03,testing,01,443,1,0.0,0.0,0.01741889120104073,0.016951106234348992
P1,R03,testing,01,444,1,0.0,0.0,0.01741889120104073,0.01694005761072455
P1,R03,testing,01,445,1,0.0,0.0,0.01741889120104073,0.016928885563902013
P1,R03,testing,01,446,1,0.0,0.0,0.01741889120104073,0.016917590347630167
P1,R03,testing,01,447,1,0.0,0.0,0.01741889120104073,0.01690617221833966
P1,R03,testing,01,448,1,0.0,0.0,0.016819775688926192,0.01631354761944005
P1,R03,testing,01,449,1,0.0,0.0,0.016819775688926192,0.016302285594144515
P1,R03,testing,01,450,1,0.0,0.0,0.016819775688926192,0.016290905641648458
P1,R03,testing,01,451,1,0.0,0.0,0.016819775688926192,0.016279408019826573
P1,R03,testing,01,452,1,0.0,0.0,0.016819775688926192,0.0162677929890954
P1,R03,testing,01,453,1,0.0,0.0,0.016819775688926192,0.0162560608124035
P1,R03,testing,01,454,1,0.0,0.0,0.016819775688926192,0.01624421175522155
P1,R03,testing,01,455,1,0.0,0.0,0.016819775688926192,0.016232246085532316
P1,R03,testing,01,456,1,0.0,0.0,0.016819775688926192,0.016220164073820556
P1,R03,testing,01,457,1,0.0,0.0,0.016819775688926192,0.016207965993062845
P1,R03,testing,01,458,1,0.0,0.0,0.016819775688926192,0.01619565211871729
P1,R03,testing,01,459,1,0.0,0.0,0.016819775688926192,0.01618322272871316
P1,R03,testing,01,460,1,0.0,0.0,0.016819775688926192,0.016170678103440438
P1,R03,testing,01,461,1,0.0,0.0,0.016819775688926192,0.01615801852573929
P1,R03,testing,01,462,1,0.0,0.0,0.016819775688926192,0.016145244280889426
P1,R03,testing,01,463,1,0.0,0.0,0.016819775688926192,0.016132355656599394
P1,R03,testing,01,464,1,0.0,0.0,0.01607966320361104,0.01541006082228295
P1,R03,testing,01,465,1,0.0,0.0,0.01607966320361104,0.015397521471385964
P1,R03,testing,01,466,1,0.0,0.0,0.01607966320361104,0.015384873613006321
P1,R03,testing,01,467,1,0.0,0.0,0.01607966320361104,0.01537211753137651
P1,R03,testing,01,468,1,0.0,0.0,0.01607966320361104,0.015359253512998564
P1,R03,testing,01,469,1,0.0,0.0,0.01607966320361104,0.015346281846633354
P1,R03,testing,01,470,1,0.0,0.0,0.01607966320361104,0.015333202823289782
P1,R03,testing,01,471,1,0.0,0.0,0.01607966320361104,0.015320016736213912
P1,R03,testing,01,472,1,0.0,0.0,0.01607966320361104,0.015306723880878002
P1,R03,testing,01,473,1,0.0,0.0,0.01607966320361104,0.01529332455496949
P1,R03,testing,01,474,1,0.0,0.0,0.01607966320361104,0.015279819058379877
P1,R03,testing,01,475,1,0.0,0.0,0.01607966320361104,0.015266207693193557
P1,R03,testing,01,476,1,0.0,0.0,0.01607966320361104,0.015252490763676544
P1,R03,testing,01,477,1,0.0,0.0,0.01607966320361104,0.01523866857626516
P1,R03,testing,01,478,1,0.0,0.0,0.01607966320361104,0.01522474143955462
P1,R03,testing,01,479,1,0.0,0.0,0.01607966320361104,0.015210709664287557
P1,R03,testing,01,480,1,0.0,0.0,0.01521916240631198,0.014383331177486205
P1,R03,testing,01,481,1,0.0,0.0,0.01521916240631198,0.014369853123332358
P1,R03,testing,01,482,1,0.0,0.0,0.01521916240631198,0.014356276924764088
P1,R03,testing,01,483,1,0.0,0.0,0.01521916240631198,0.014342602883914696
P1,R03,testing,01,484,1,0.0,0.0,0.01521916240631198,0.014328831304894665
P1,R03,testing,01,485,1,0.0,0.0,0.01521916240631198,0.014314962493780385
P1,R03,testing,01,486,1,0.0,0.0,0.01521916240631198,0.014300996758602818
P1,R03,testing,01,487,1,0.0,0.0,0.01521916240631198,0.014286934409336115
P1,R03,testing,01,488,1,0.0,0.0,0.01521916240631198,0.014272775757886153
P1,R03,testing,01,489,1,0.0,0.0,0.01521916240631198,0.014258521118079006
P1,R03,testing,01,490,1,0.0,0.0,0.01521916240631198,0.014244170805649378
P1,R03,testing,01,491,1,0.0,0.0,0.01521916240631198,0.014229725138228939
P1,R03,testing,01,492,1,0.0,0.0,0.01521916240631198,0.01421518443533463
P1,R03,testing,01,493,1,0.0,0.0,0.01521916240631198,0.01420054901835689
P1,R03,testing,01,494,1,0.0,0.0,0.01521916240631198,0.014185819210547821
P1,R03,testing,01,495,1,0.0,0.0,0.01521916240631198,0.014170995337009313
P1,R03,testing,01,496,1,0.0,0.0,0.014261381910811508,0.013265199844840272
P1,R03,testing,01,497,1,0.0,0.0,0.014261381910811508,0.013251133504201809
P1,R03,testing,01,498,1,0.0,0.0,0.014261381910811508,0.013236979941844054
P1,R03,testing,01,499,1,0.0,0.0,0.014261381910811508,0.013222739469230388
P1,R03,testing,01,500,1,0.0,0.0,0.014261381910811508,0.013208412399501037
P1,R03,testing,01,501,1,0.0,0.0,0.014261381910811508,0.01319399904746161
P1,R03,testing,01,502,1,0.0,0.0,0.014261381910811508,0.013179499729571597
P1,R03,testing,01,503,1,0.0,0.0,0.014261381910811508,0.013164914763932778
P1,R03,testing,01,504,1,0.0,0.0,0.014261381910811508,0.013150244470277631
P1,R03,testing,01,505,1,0.0,0.0,0.014261381910811508,0.013135489169957649
P1,R03,testing,01,506,1,0.0,0.0,0.014261381910811508,0.013120649185931626
P1,R03,testing,01,507,1,0.0,0.0,0.014261381910811508,0.013105724842753899
P1,R03,testing,01,508,1,0.0,0.0,0.014261381910811508,0.01309071646656252
P1,R03,testing,01,509,1,0.0,0.0,0.014261381910811508,0.013075624385067408
P1,R03,testing,01,510,1,0.0,0.0,0.014261381910811508,0.013060448927538432
P1,R03,testing,01,511,1,0.0,0.0,0.014261381910811508,0.013045190424793462
P1,R03,testing,01,512,1,0.0,0.0,0.0,0.0
P1,R03,testing,01,513,1,0.0,0.0,0.0,0.0
P1,R03,testing,01,514,1,0.0,0.0,0.0,0.0
P1,R03,testing,01,515,1,0.0,0.0,0.0,0.0
P1,R03,testing,01,516,1,0.0,0.0,0.0,0.0
P1,R03,testing,01,517,1,0.0,0.0,0.0,0.0
P1,R03,testing,01,518,1,0.0,0.0,0.0,0.0
P1,R03,testing,01,519,1,0.0,0.0,0.0,0.0
P1,R03,testing,01,520,1,0.0,0.0,0.0,0.0
P1,R03,testing,01,521,1,0.0,0.0,0.0,0.0
P1,R03,testing,01,522,1,0.0,0.0,0.0,0.0
P1,R03,testing,01,523,1,0.0,0.0,0.0,0.0
P1,R03,testing,01,524,1,0.0,0.0,0.0,0.0
P1,R03,testing,01,525,1,0.0,0.0,0.0,0.0
P1,R03,testing,01,526,1,0.0,0.0,0.0,0.0
P1,R03,testing,01,527,1,0.0,0.0,0.0,0.0
P1,R03,testing,01,528,1,0.0,0.0,0.0,0.0
P1,R03,testing,01,529,1,0.0,0.0,0.0,0.0
P1,R03,testing,01,530,1,0.0,0.0,0.0,0.0
P1,R03,testing,01,531,1,0.0,0.0,0.0,0.0
P1,R03,testing,01,532,1,0.0,0.0,0.0,0.0
P1,R03,testing,01,533,1,0.0,0.0,0.0,0.0
P1,R03,testing,01,534,1,0.0,0.0,0.0,0.0
P1,R03,testing,01,535,1,0.0,0.0,0.0,0.0
P1,R03,testing,01,536,1,0.0,0.0,0.0,0.0
P1,R03,testing,01,537,1,0.0,0.0,0.0,0.0
P1,R03,testing,01,538,1,0.0,0.0,0.0,0.0
P1,R03,testing,01,539,1,0.0,0.0,0.0,0.0
P1,R03,testing,01,540,1,0.0,0.0,0.0,0.0
P1,R03,testing,01,541,1,0.0,0.0,0.0,0.0
P1,R03,testing,01,542,1,0.0,0.0,0.0,0.0
P1,R03,testing,01,543,1,0.0,0.0,0.0,0.0
P1,R03,testing,01,544,1,0.0,0.0,0.0,0.0
P1,R03,testing,01,545,1,0.0,0.0,0.0,0.0
P1,R03,testing,01,546,1,0.0,0.0,0.0,0.0
P1,R03,testing,01,547,1,0.0,0.0,0.0,0.0
P1,R03,testing,01,548,1,0.0,0.0,0.0,0.0
P1,R03,testing,01,549,1,0.0,0.0,0.0,0.0
P1,R03,testing,01,550,1,0.0,0.0,0.0,0.0
P1,R03,testing,01,551,1,0.0,0.0,0.0,0.0
P1,R03,testing,01,552,1,0.0,0.0,0.0,0.0
P1,R03,testing,01,553,1,0.0,0.0,0.0,0.0
P1,R03,testing,01,554,1,0.0,0.0,0.0,0.0
P1,R03,testing,01,555,1,0.0,0.0,0.0,0.0
P1,R03,testing,01,556,1,0.0,0.0,0.0,0.0
P1,R03,testing,01,557,1,0.0,0.0,0.0,0.0
P1,R03,testing,01,558,1,0.0,0.0,0.0,0.0
P1,R03,testing,01,559,1,0.0,0.0,0.0,0.0
P1,R03,testing,01,560,1,0.0,0.0,0.0,0.0
P1,R03,testing,01,561,1,0.0,0.0,0.0,0.0
P1,R03,testing,01,562,1,0.0,0.0,0.0,0.0
P1,R03,testing,01,563,1,0.0,0.0,0.0,0.0
P1,R03,testing,01,564,1,0.0,0.0,0.0,0.0
P1,R03,testing,01,565,1,0.0,0.0,0.0,0.0
P1,R03,testing,01,566,1,0.0,0.0,0.0,0.0
P1,R03,testing,01,567,1,0.0,0.0,0.0,0.0
P1,R03,testing,01,568,1,0.0,0.0,0.0,0.0
P1,R03,testing,01,569,1,0.0,0.0,0.0,0.0
P1,R03,testing,01,570,1,0.0,0.0,0.0,0.0
P1,R03,testing,01,571,1,0.0,0.0,0.0,0.0
P1,R03,testing,01,572,1,0.0,0.0,0.0,0.0
P1,R03,testing,01,573,1,0.0,0.0,0.0,0.0
P1,R03,testing,01,574,1,0.0,0.0,0.0,0.0
P1,R03,testing,01,575,1,0.0,0.0,0.0,0.0
P1,R03,testing,01,576,1,0.0,0.0,0.0,0.0
P1,R03,testing,01,577,1,0.0,0.0,0.0,0.0
P1,R03,testing,01,578,1,0.0,0.0,0.0,0.0
P1,R03,testing,01,579,1,0.0,0.0,0.0,0.0
P1,R03,testing,01,580,1,0.0,0.0,0.0,0.0
P1,R03,testing,01,581,1,0.0,0.0,0.0,0.0
P1,R03,testing,01,582,1,0.0,0.0,0.0,0.0
P1,R03,testing,01,583,1,0.0,0.0,0.0,0.0
P1,R03,testing,01,584,1,0.0,0.0,0.0,0.0
P1,R03,testing,01,585,1,0.0,0.0,0.0,0.0
P1,R03,testing,01,586,1,0.0,0.0,0.0,0.0
P1,R03,testing,01,587,1,0.0,0.0,0.0,0.0
P1,R03,testing,01,588,1,0.0,0.0,0.0,0.0
P1,R03,testing,01,589,1,0.0,0.0,0.0,0.0
P1,R03,testing,01,590,1,0.0,0.0,0.0,0.0
P1,R03,testing,01,591,1,0.0,0.0,0.0,0.0
P1,R03,testing,01,592,1,0.0,0.0,0.0,0.0
P1,R03,testing,01,593,1,0.0,0.0,0.0,0.0
P1,R03,testing,01,594,1,0.0,0.0,0.0,0.0
P1,R03,testing,01,595,1,0.0,0.0,0.0,0.0
P1,R03,testing,01,596,1,0.0,0.0,0.0,0.0
P1,R03,testing,01,597,1,0.0,0.0,0.0,0.0
P1,R03,testing,01,598,1,0.0,0.0,0.0,0.0
P1,R03,testing,01,599,1,0.0,0.0,0.0,0.0
P1,R03,testing,01,600,1,0.0,0.0,0.0,0.0
P1,R03,testing,01,601,1,0.0,0.0,0.0,0.0
P1,R03,testing,01,602,1,0.0,0.0,0.0,0.0
P1,R03,testing,01,603,1,0.0,0.0,0.0,0.0
P1,R03,testing,01,604,1,0.0,0.0,0.0,0.0
P1,R03,testing,01,605,1,0.0,0.0,0.0,0.0
P1,R03,testing,01,606,1,0.0,0.0,0.0,0.0
P1,R03,testing,01,607,1,0.0,0.0,0.0,0.0
P1,R03,testing,01,608,1,0.0,0.0,0.0,0.0
P1,R03,testing,01,609,1,0.0,0.0,0.0,0.0
P1,R03,testing,01,610,1,0.0,0.0,0.0,0.0
P1,R03,testing,01,611,1,0.0,0.0,0.0,0.0
P1,R03,testing,01,612,1,0.0,0.0,0.0,0.0
P1,R03,testing,01,613,1,0.0,0.0,0.0,0.0
P1,R03,testing,01,614,1,0.0,0.0,0.0,0.0
P1,R03,testing,01,615,1,0.0,0.0,0.0,0.0
P1,R03,testing,01,616,1,0.0,0.0,0.0,0.0
P1,R03,testing,01,617,1,0.0,0.0,0.0,0.0
P1,R03,testing,01,618,1,0.0,0.0,0.0,0.0
P1,R03,testing,01,619,1,0.0,0.0,0.0,0.0
P1,R03,testing,01,620,1,0.0,0.0,0.0,0.0
P1,R03,testing,01,621,1,0.0,0.0,0.0,0.0
P1,R03,testing,01,622,1,0.0,0.0,0.0,0.0
P1,R03,testing,01,623,1,0.0,0.0,0.0,0.0
P1,R03,testing,01,624,1,0.0,0.0,0.0,0.0
P1,R03,testing,01,625,1,0.0,0.0,0.0,0.0
P1,R03,testing,01,626,1,0.0,0.0,0.0,0.0
P1,R03,testing,01,627,1,0.0,0.0,0.0,0.0
P1,R03,testing,01,628,1,0.0,0.0,0.0,0.0
P1,R03,testing,01,629,1,0.0,0.0,0.0,0.0
P1,R03,testing,01,630,1,0.0,0.0,0.0,0.0
P1,R03,testing,01,631,1,0.0,0.0,0.0,0.0
P1,R03,testing,01,632,1,0.0,0.0,0.0,0.0
P1,R03,testing,01,633,1,0.0,0.0,0.0,0.0
P1,R03,testing,01,634,1,0.0,0.0,0.0,0.0
P1,R03,testing,01,635,1,0.0,0.0,0.0,0.0
P1,R03,testing,01,636,1,0.0,0.0,0.0,0.0
P1,R03,testing,01,637,1,0.0,0.0,0.0,0.0
P1,R03,testing,01,638,1,0.0,0.0,0.0,0.0
P1,R03,testing,01,639,1,0.0,0.0,0.0,0.0
P1,R03,testing,01,640,1,0.0,0.0,0.0,0.0
P1,R03,testing,01,641,1,0.0,0.0,0.0,0.0
P1,R03,testing,01,642,1,0.0,0.0,0.0,0.0
P1,R03,testing,01,643,1,0.0,0.0,0.0,0.0
P1,R03,testing,01,644,1,0.0,0.0,0.0,0.0
P1,R03,testing,01,645,1,0.0,0.0,0.0,0.0
P1,R03,testing,01,646,1,0.0,0.0,0.0,0.0
P1,R03,testing,01,647,1,0.0,0.0,0.0,0.0
P1,R03,testing,01,648,1,0.0,0.0,0.0,0.0
P1,R03,testing,01,649,1,0.0,0.0,0.0,0.0
P1,R03,testing,01,650,1,0.0,0.0,0.0,0.0
P1,R03,testing,01,651,1,0.0,0.0,0.0,0.0
P1,R03,testing,01,652,1,0.0,0.0,0.0,0.0
P1,R03,testing,01,653,1,0.0,0.0,0.0,0.0
P1,R03,testing,01,654,1,0.0,0.0,0.0,0.0
P1,R03,testing,01,655,1,0.0,0.0,0.0,0.0
P1,R03,testing,01,656,1,0.0,0.0,0.0,0.0
P1,R03,testing,01,657,1,0.0,0.0,0.0,0.0
P1,R03,testing,01,658,1,0.0,0.0,0.0,0.0
P1,R03,testing,01,659,1,0.0,0.0,0.0,0.0
P1,R03,testing,01,660,1,0.0,0.0,0.0,0.0
P1,R03,testing,01,661,1,0.0,0.0,0.0,0.0
P1,R03,testing,01,662,1,0.0,0.0,0.0,0.0
P1,R03,testing,01,663,1,0.0,0.0,0.0,0.0
P1,R03,testing,01,664,1,0.0,0.0,0.0,0.0
P1,R03,testing,01,665,1,0.0,0.0,0.0,0.0
P1,R03,testing,01,666,1,0.0,0.0,0.0,0.0
P1,R03,testing,01,667,1,0.0,0.0,0.0,0.0
P1,R03,testing,01,668,1,0.0,0.0,0.0,0.0
P1,R03,testing,01,669,1,0.0,0.0,0.0,0.0
P1,R03,testing,01,670,1,0.0,0.0,0.0,0.0
P1,R03,testing,01,671,1,0.0,0.0,0.0,0.0
P1,R03,testing,01,672,1,0.0,0.0,0.0,0.0
P1,R03,testing,01,673,1,0.0,0.0,0.0,0.0
P1,R03,testing,01,674,1,0.0,0.0,0.0,0.0
P1,R03,testing,01,675,1,0.0,0.0,0.0,0.0
P1,R03,testing,01,676,1,0.0,0.0,0.0,0.0
P1,R03,testing,01,677,1,0.0,0.0,0.0,0.0
P1,R03,testing,01,678,1,0.0,0.0,0.0,0.0
P1,R03,testing,01,679,1,0.0,0.0,0.0,0.0
P1,R03,testing,01,680,1,0.0,0.0,0.0,0.0
P1,R03,testing,01,681,1,0.0,0.0,0.0,0.0
P1,R03,testing,01,682,1,0.0,0.0,0.0,0.0
P1,R03,testing,01,683,1,0.0,0.0,0.0,0.0
P1,R03,testing,01,684,1,0.0,0.0,0.0,0.0
P1,R03,testing,01,685,1,0.0,0.0,0.0,0.0
P1,R03,testing,01,686,1,0.0,0.0,0.0,0.0
P1,R03,testing,01,687,1,0.0,0.0,0.0,0.0
P1,R03,testing,01,688,1,0.0,0.0,0.0,0.0
P1,R03,testing,01,689,1,0.0,0.0,0.0,0.0
P1,R03,testing,01,690,1,0.0,0.0,0.0,0.0
P1,R03,testing,01,691,1,0.0,0.0,0.0,0.0
P1,R03,testing,01,692,1,0.0,0.0,0.0,0.0
P1,R03,testing,01,693,1,0.0,0.0,0.0,0.0
P1,R03,testing,01,694,1,0.0,0.0,0.0,0.0
P1,R03,testing,01,695,1,0.0,0.0,0.0,0.0
P1,R03,testing,01,696,1,0.0,0.0,0.0,0.0
P1,R03,testing,01,697,1,0.0,0.0,0.0,0.0
P1,R03,testing,01,698,1,0.0,0.0,0.0,0.0
P1,R03,testing,01,699,1,0.0,0.0,0.0,0.0
P1,R03,testing,01,700,1,0.0,0.0,0.0,0.0
P1,R03,testing,01,701,1,0.0,0.0,0.0,0.0
P1,R03,testing,01,702,1,0.0,0.0,0.0,0.0
P1,R03,testing,01,703,1,0.0,0.0,0.0,0.0
P1,R03,testing,01,704,1,0.0,0.0,0.0,0.0
P1,R03,testing,01,705,1,0.0,0.0,0.0,0.0
P1,R03,testing,01,706,1,0.0,0.0,0.0,0.0
P1,R03,testing,01,707,1,0.0,0.0,0.0,0.0
P1,R03,testing,01,708,1,0.0,0.0,0.0,0.0
P1,R03,testing,01,709,1,0.0,0.0,0.0,0.0
P1,R03,testing,01,710,1,0.0,0.0,0.0,0.0
P1,R03,testing,01,711,1,0.0,0.0,0.0,0.0
P1,R03,testing,01,712,1,0.0,0.0,0.0,0.0
P1,R03,testing,01,713,1,0.0,0.0,0.0,0.0
P1,R03,testing,01,714,1,0.0,0.0,0.0,0.0
P1,R03,testing,01,715,1,0.0,0.0,0.0,0.0
P1,R03,testing,01,716,1,0.0,0.0,0.0,0.0
P1,R03,testing,01,717,1,0.0,0.0,0.0,0.0
P1,R03,testing,01,718,1,0.0,0.0,0.0,0.0
P1,R03,testing,01,719,1,0.0,0.0,0.0,0.0
P2,R03,testing,01,0,1,0.0,0.0,0.0,0.0
P2,R03,testing,01,1,1,0.0,0.0,0.0,0.0
P2,R03,testing,01,2,1,0.0,0.0,0.0,0.0
P2,R03,testing,01,3,1,0.0,0.0,0.0,0.0
P2,R03,testing,01,4,1,0.0,0.0,0.0,0.0
P2,R03,testing,01,5,1,0.0,0.0,0.0,0.0
P2,R03,testing,01,6,1,0.0,0.0,0.0,0.0
P2,R03,testing,01,7,1,0.0,0.0,0.0,0.0
P2,R03,testing,01,8,1,0.0,0.0,0.0,0.0
P2,R03,testing,01,9,1,0.0,0.0,0.0,0.0
P2,R03,testing,01,10,1,0.0,0.0,0.0,0.0
P2,R03,testing,01,11,1,0.0,0.0,0.0,0.0
P2,R03,testing,01,12,1,0.0,0.0,0.0,0.0
P2,R03,testing,01,13,1,0.0,0.0,0.0,0.0
P2,R03,testing,01,14,1,0.0,0.0,0.0,0.0
P2,R03,testing,01,15,1,0.0,0.0,0.0,0.0
P2,R03,testing,01,16,1,0.0,0.0,0.0,0.0
P2,R03,testing,01,17,1,0.0,0.0,0.0,0.0
P2,R03,testing,01,18,1,0.0,0.0,0.0,0.0
P2,R03,testing,01,19,1,0.0,0.0,0.0,0.0
P2,R03,testing,01,20,1,0.0,0.0,0.0,0.0
P2,R03,testing,01,21,1,0.0,0.0,0.0,0.0
P2,R03,testing,01,22,1,0.0,0.0,0.0,0.0
P2,R03,testing,01,23,1,0.0,0.0,0.0,0.0
P2,R03,testing,01,24,1,0.0,0.0,0.0,0.0
P2,R03,testing,01,25,1,0.0,0.0,0.0,0.0
P2,R03,testing,01,26,1,0.0,0.0,0.0,0.0
P2,R03,testing,01,27,1,0.0,0.0,0.0,0.0
P2,R03,testing,01,28,1,0.0,0.0,0.0,0.0
P2,R03,testing,01,29,1,0.0,0.0,0.0,0.0
P2,R03,testing,01,30,1,0.0,0.0,0.0,0.0
P2,R03,testing,01,31,1,0.0,0.0,0.0,0.0
P2,R03,testing,01,32,1,0.0,0.0,0.0,0.0
P2,R03,testing,01,33,1,0.0,0.0,0.0,0.0
P2,R03,testing,01,34,1,0.0,0.0,0.0,0.0
P2,R03,testing,01,35,1,0.0,0.0,0.0,0.0
P2,R03,testing,01,36,1,0.0,0.0,0.0,0.0
P2,R03,testing,01,37,1,0.0,0.0,0.0,0.0
P2,R03,testing,01,38,1,0.0,0.0,0.0,0.0
P2,R03,testing,01,39,1,0.0,0.0,0.0,0.0
P2,R03,testing,01,40,1,0.0,0.0,0.0,0.0
P2,R03,testing,01,41,1,0.0,0.0,0.0,0.0
P2,R03,testing,01,42,1,0.0,0.0,0.0,0.0
P2,R03,testing,01,43,1,0.0,0.0,0.0,0.0
P2,R03,testing,01,44,1,0.0,0.0,0.0,0.0
P2,R03,testing,01,45,1,0.0,0.0,0.0,0.0
P2,R03,testing,01,46,1,0.0,0.0,0.0,0.0
P2,R03,testing,01,47,1,0.0,0.0,0.0,0.0
P2,R03,testing,01,48,1,0.0,0.0,0.0,0.0
P2,R03,testing,01,49,1,0.0,0.0,0.0,0.0
P2,R03,testing,01,50,1,0.0,0.0,0.0,0.0
P2,R03,testing,01,51,1,0.0,0.0,0.0,0.0
P2,R03,testing,01,52,1,0.0,0.0,0.0,0.0
P2,R03,testing,01,53,1,0.0,0.0,0.0,0.0
P2,R03,testing,01,54,1,0.0,0.0,0.0,0.0
P2,R03,testing,01,55,1,0.0,0.0,0.0,0.0
P2,R03,testing,01,56,1,0.0,0.0,0.0,0.0
P2,R03,testing,01,57,1,0.0,0.0,0.0,0.0
P2,R03,testing,01,58,1,0.0,0.0,0.0,0.0
P2,R03,testing,01,59,1,0.0,0.0,0.0,0.0
P2,R03,testing,01,60,1,0.0,0.0,0.0,0.0
P2,R03,testing,01,61,1,0.0,0.0,0.0,0.0
P2,R03,testing,01,62,1,0.0,0.0,0.0,0.0
P2,R03,testing,01,63,1,0.0,0.0,0.0,0.0
P2,R03,testing,01,64,1,0.0,0.0,0.0,0.0
P2,R03,testing,01,65,1,0.0,0.0,0.0,0.0
P2,R03,testing,01,66,1,0.0,0.0,0.0,0.0
P2,R03,testing,01,67,1,0.0,0.0,0.0,0.0
P2,R03,testing,01,68,1,0.0,0.0,0.0,0.0
P2,R03,testing,01,69,1,0.0,0.0,0.0,0.0
P2,R03,testing,01,70,1,0.0,0.0,0.0,0.0
P2,R03,testing,01,71,1,0.0,0.0,0.0,0.0
P2,R03,testing,01,72,1,0.0,0.0,0.0,0.0
P2,R03,testing,01,73,1,0.0,0.0,0.0,0.0
P2,R03,testing,01,74,1,0.0,0.0,0.0,0.0
P2,R03,testing,01,75,1,0.0,0.0,0.0,0.0
P2,R03,testing,01,76,1,0.0,0.0,0.0,0.0
P2,R03,testing,01,77,1,0.0,0.0,0.0,0.0
P2,R03,testing,01,78,1,0.0,0.0,0.0,0.0
P2,R03,testing,01,79,1,0.0,0.0,0.0,0.0
P2,R03,testing,01,80,1,0.0,0.0,0.0,0.0
P2,R03,testing,01,81,1,0.0,0.0,0.0,0.0
P2,R03,testing,01,82,1,0.0,0.0,0.0,0.0
P2,R03,testing,01,83,1,0.0,0.0,0.0,0.0
P2,R03,testing,01,84,1,0.0,0.0,0.0,0.0
P2,R03,testing,01,85,1,0.0,0.0,0.0,0.0
P2,R03,testing,01,86,1,0.0,0.0,0.0,0.0
P2,R03,testing,01,87,1,0.0,0.0,0.0,0.0
P2,R03,testing,01,88,1,0.0,0.0,0.0,0.0
P2,R03,testing,01,89,1,0.0,0.0,0.0,0.0
P2,R03,testing,01,90,1,0.0,0.0,0.0,0.0
P2,R03,testing,01,91,1,0.0,0.0,0.0,0.0
P2,R03,testing,01,92,1,0.0,0.0,0.0,0.0
P2,R03,testing,01,93,1,0.0,0.0,0.0,0.0
P2,R03,testing,01,94,1,0.0,0.0,0.0,0.0
P2,R03,testing,01,95,1,0.0,0.0,0.0,0.0
P2,R03,testing,01,96,1,0.0,0.0,0.0,0.0
P2,R03,testing,01,97,1,0.0,0.0,0.0,0.0
P2,R03,testing,01,98,1,0.0,0.0,0.0,0.0
P2,R03,testing,01,99,1,0.0,0.0,0.0,0.0
P2,R03,testing,01,100,1,0.0,0.0,0.0,0.0
P2,R03,testing,01,101,1,0.0,0.0,0.0,0.0
P2,R03,testing,01,102,1,0.0,0.0,0.0,0.0
P2,R03,testing,01,103,1,0.0,0.0,0.0,0.0
P2,R03,testing,01,104,1,0.0,0.0,0.0,0.0
P2,R03,testing,01,105,1,0.0,0.0,0.0,0.0
P2,R03,testing,01,106,1,0.0,0.0,0.0,0.0
P2,R03,testing,01,107,1,0.0,0.0,0.0,0.0
P2,R03,testing,01,108,1,0.0,0.0,0.0,0.0
P2,R03,testing,01,109,1,0.0,0.0,0.0,0.0
P2,R03,testing,01,110,1,0.0,0.0,0.0,0.0
P2,R03,testing,01,111,1,0.0,0.0,0.0,0.0
P2,R03,testing,01,112,1,0.0,0.0,0.0,0.0
P2,R03,testing,01,113,1,0.0,0.0,0.0,0.0
P2,R03,testing,01,114,1,0.0,0.0,0.0,0.0
P2,R03,testing,01,115,1,0.0,0.0,0.0,0.0
P2,R03,testing,01,116,1,0.0,0.0,0.0,0.0
P2,R03,testing,01,117,1,0.0,0.0,0.0,0.0
P2,R03,testing,01,118,1,0.0,0.0,0.0,0.0
P2,R03,testing,01,119,1,0.0,0.0,0.0,0.0
P2,R03,testing,01,120,1,0.0,0.0,0.0,0.0
P2,R03,testing,01,121,1,0.0,0.0,0.0,0.0
P2,R03,testing,01,122,1,0.0,0.0,0.0,0.0
P2,R03,testing,01,123,1,0.0,0.0,0.0,0.0
P2,R03,testing,01,124,1,0.0,0.0,0.0,0.0
P2,R03,testing,01,125,1,0.0,0.0,0.0,0.0
P2,R03,testing,01,126,1,0.0,0.0,0.0,0.0
P2,R03,testing,01,127,1,0.0,0.0,0.0,0.0
P2,R03,testing,01,128,1,0.0,0.0,0.0,0.0
P2,R03,testing,01,129,1,0.0,0.0,0.0,0.0
P2,R03,testing,01,130,1,0.0,0.0,0.0,0.0
P2,R03,testing,01,131,1,0.0,0.0,0.0,0.0
P2,R03,testing,01,132,1,0.0,0.0,0.0,0.0
P2,R03,testing,01,133,1,0.0,0.0,0.0,0.0
P2,R03,testing,01,134,1,0.0,0.0,0.0,0.0
P2,R03,testing,01,135,1,0.0,0.0,0.0,0.0
P2,R03,testing,01,136,1,0.0,0.0,0.0,0.0
P2,R03,testing,01,137,1,0.0,0.0,0.0,0.0
P2,R03,testing,01,138,1,0.0,0.0,0.0,0.0
P2,R03,testing,01,139,1,0.0,0.0,0.0,0.0
P2,R03,testing,01,140,1,0.0,0.0,0.0,0.0
P2,R03,testing,01,141,1,0.0,0.0,0.0,0.0
P2,R03,testing,01,142,1,0.0,0.0,0.0,0.0
P2,R03,testing,01,143,1,0.0,0.0,0.0,0.0
P2,R03,testing,01,144,1,0.0,0.0,0.0,0.0
P2,R03,testing,01,145,1,0.0,0.0,0.0,0.0
P2,R03,testing,01,146,1,0.0,0.0,0.0,0.0
P2,R03,testing,01,147,1,0.0,0.0,0.0,0.0
P2,R03,testing,01,148,1,0.0,0.0,0.0,0.0
P2,R03,testing,01,149,1,0.0,0.0,0.0,0.0
P2,R03,testing,01,150,1,0.0,0.0,0.0,0.0
P2,R03,testing,01,151,1,0.0,0.0,0.0,0.0
P2,R03,testing,01,152,1,0.0,0.0,0.0,0.0
P2,R03,testing,01,153,1,0.0,0.0,0.0,0.0
P2,R03,testing,01,154,1,0.0,0.0,0.0,0.0
P2,R03,testing,01,155,1,0.0,0.0,0.0,0.0
P2,R03,testing,01,156,1,0.0,0.0,0.0,0.0
P2,R03,testing,01,157,1,0.0,0.0,0.0,0.0
P2,R03,testing,01,158,1,0.0,0.0,0.0,0.0
P2,R03,testing,01,159,1,0.0,0.0,0.0,0.0
P2,R03,testing,01,160,1,0.0,0.0,0.0,0.0
P2,R03,testing,01,161,1,0.0,0.0,0.0,0.0
P2,R03,testing,01,162,1,0.0,0.0,0.0,0.0
P2,R03,testing,01,163,1,0.0,0.0,0.0,0.0
P2,R03,testing,01,164,1,0.0,0.0,0.0,0.0
P2,R03,testing,01,165,1,0.0,0.0,0.0,0.0
P2,R03,testing,01,166,1,0.0,0.0,0.0,0.0
P2,R03,testing,01,167,1,0.0,0.0,0.0,0.0
P2,R03,testing,01,168,1,0.0,0.0,0.0,0.0
P2,R03,testing,01,169,1,0.0,0.0,0.0,0.0
P2,R03,testing,01,170,1,0.0,0.0,0.0,0.0
P2,R03,testing,01,171,1,0.0,0.0,0.0,0.0
P2,R03,testing,01,172,1,0.0,0.0,0.0,0.0
P2,R03,testing,01,173,1,0.0,0.0,0.0,0.0
P2,R03,testing,01,174,1,0.0,0.0,0.0,0.0
P2,R03,testing,01,175,1,0.0,0.0,0.0,0.0
P2,R03,testing,01,176,1,0.0,0.0,0.0,0.0
P2,R03,testing,01,177,1,0.0,0.0,0.0,0.0
P2,R03,testing,01,178,1,0.0,0.0,0.0,0.0
P2,R03,testing,01,179,1,0.0,0.0,0.0,0.0
P2,R03,testing,01,180,1,0.0,0.0,0.0,0.0
P2,R03,testing,01,181,1,0.0,0.0,0.0,0.0
P2,R03,testing,01,182,1,0.0,0.0,0.0,0.0
P2,R03,testing,01,183,1,0.0,0.0,0.0,0.0
P2,R03,testing,01,184,1,0.0,0.0,0.0,0.0
P2,R03,testing,01,185,1,0.0,0.0,0.0,0.0
P2,R03,testing,01,186,1,0.0,0.0,0.0,0.0
P2,R03,testing,01,187,1,0.0,0.0,0.0,0.0
P2,R03,testing,01,188,1,0.0,0.0,0.0,0.0
P2,R03,testing,01,189,1,0.0,0.0,0.0,0.0
P2,R03,testing,01,190,1,0.0,0.0,0.0,0.0
P2,R03,testing,01,191,1,0.0,0.0,0.0,0.0
P2,R03,testing,01,192,1,0.0,0.0,0.0,0.0
P2,R03,testing,01,193,1,0.0,0.0,0.0,0.0
P2,R03,testing,01,194,1,0.0,0.0,0.0,0.0
P2,R03,testing,01,195,1,0.0,0.0,0.0,0.0
P2,R03,testing,01,196,1,0.0,0.0,0.0,0.0
P2,R03,testing,01,197,1,0.0,0.0,0.0,0.0
P2,R03,testing,01,198,1,0.0,0.0,0.0,0.0
P2,R03,testing,01,199,1,0.0,0.0,0.0,0.0
P2,R03,testing,01,200,1,0.0,0.0,0.0,0.0
P2,R03,testing,01,201,1,0.0,0.0,0.0,0.0
P2,R03,testing,01,202,1,0.0,0.0,0.0,0.0
P2,R03,testing,01,203,1,0.0,0.0,0.0,0.0
P2,R03,testing,01,204,1,0.0,0.0,0.0,0.0
P2,R03,testing,01,205,1,0.0,0.0,0.0,0.0
P2,R03,testing,01,206,1,0.0,0.0,0.0,0.0
P2,R03,testing,01,207,1,0.0,0.0,0.0,0.0
P2,R03,testing,01,208,1,0.0,0.0,0.0,0.0
P2,R03,testing,01,209,1,0.0,0.0,0.0,0.0
P2,R03,testing,01,210,1,0.0,0.0,0.0,0.0
P2,R03,testing,01,211,1,0.0,0.0,0.0,0.0
P2,R03,testing,01,212,1,0.0,0.0,0.0,0.0
P2,R03,testing,01,213,1,0.0,0.0,0.0,0.0
P2,R03,testing,01,214,1,0.0,0.0,0.0,0.0
P2,R03,testing,01,215,1,0.0,0.0,0.0,0.0
P2,R03,testing,01,216,1,0.0,0.0,0.0,0.0
P2,R03,testing,01,217,1,0.0,0.0,0.0,0.0
P2,R03,testing,01,218,1,0.0,0.0,0.0,0.0
P2,R03,testing,01,219,1,0.0,0.0,0.0,0.0
P2,R03,testing,01,220,1,0.0,0.0,0.0,0.0
P2,R03,testing,01,221,1,0.0,0.0,0.0,0.0
P2,R03,testing,01,222,1,0.0,0.0,0.0,0.0
P2,R03,testing,01,223,1,0.0,0.0,0.0,0.0
P2,R03,testing,01,224,1,0.0,0.0,0.0,0.0
P2,R03,testing,01,225,1,0.0,0.0,0.0,0.0
P2,R03,testing,01,226,1,0.0,0.0,0.0,0.0
P2,R03,testing,01,227,1,0.0,0.0,0.0,0.0
P2,R03,testing,01,228,1,0.0,0.0,0.0,0.0
P2,R03,testing,01,229,1,0.0,0.0,0.0,0.0
P2,R03,testing,01,230,1,0.0,0.0,0.0,0.0
P2,R03,testing,01,231,1,0.0,0.0,0.0,0.0
P2,R03,testing,01,232,1,0.0,0.0,0.0,0.0
P2,R03,testing,01,233,1,0.0,0.0,0.0,0.0
P2,R03,testing,01,234,1,0.0,0.0,0.0,0.0
P2,R03,testing,01,235,1,0.0,0.0,0.0,0.0
P2,R03,testing,01,236,1,0.0,0.0,0.0,0.0
P2,R03,testing,01,237,1,0.0,0.0,0.0,0.0
P2,R03,testing,01,238,1,0.0,0.0,0.0,0.0
P2,R03,testing,01,239,1,0.0,0.0,0.0,0.0
P2,R03,testing,01,240,1,0.0,0.0,0.0,0.0
P2,R03,testing,01,241,1,0.0,0.0,0.0,0.0
P2,R03,testing,01,242,1,0.0,0.0,0.0,0.0
P2,R03,testing,01,243,1,0.0,0.0,0.0,0.0
P2,R03,testing,01,244,1,0.0,0.0,0.0,0.0
P2,R03,testing,01,245,1,0.0,0.0,0.0,0.0
P2,R03,testing,01,246,1,0.0,0.0,0.0,0.0
P2,R03,testing,01,247,1,0.0,0.0,0.0,0.0
P2,R03,testing,01,248,1,0.0,0.0,0.0,0.0
P2,R03,testing,01,249,1,0.0,0.0,0.0,0.0
P2,R03,testing,01,250,1,0.0,0.0,0.0,0.0
P2,R03,testing,01,251,1,0.0,0.0,0.0,0.0
P2,R03,testing,01,252,1,0.0,0.0,0.0,0.0
P2,R03,testing,01,253,1,0.0,0.0,0.0,0.0
P2,R03,testing,01,254,1,0.0,0.0,0.0,0.0
P2,R03,testing,01,255,1,0.0,0.0,0.0,0.0
P2,R03,testing,01,256,1,0.0,0.0,0.0,0.0
P2,R03,testing,01,257,1,0.0,0.0,0.0,0.0
P2,R03,testing,01,258,1,0.0,0.0,0.0,0.0
P2,R03,testing,01,259,1,0.0,0.0,0.0,0.0
P2,R03,testing,01,260,1,0.0,0.0,0.0,0.0
P2,R03,testing,01,261,1,0.0,0.0,0.0,0.0
P2,R03,testing,01,262,1,0.0,0.0,0.0,0.0
P2,R03,testing,01,263,1,0.0,0.0,0.0,0.0
P2,R03,testing,01,264,1,0.0,0.0,0.0,0.0
P2,R03,testing,01,265,1,0.0,0.0,0.0,0.0
P2,R03,testing,01,266,1,0.0,0.0,0.0,0.0
P2,R03,testing,01,267,1,0.0,0.0,0.0,0.0
P2,R03,testing,01,268,1,0.0,0.0,0.0,0.0
P2,R03,testing,01,269,1,0.0,0.0,0.0,0.0
P2,R03,testing,01,270,1,0.0,0.0,0.0,0.0
P2,R03,testing,01,271,1,0.0,0.0,0.0,0.0
P2,R03,testing,01,272,1,0.0,0.0,0.0,0.0
P2,R03,testing,01,273,1,0.0,0.0,0.0,0.0
P2,R03,testing,01,274,1,0.0,0.0,0.0,0.0
P2,R03,testing,01,275,1,0.0,0.0,0.0,0.0
P2,R03,testing,01,276,1,0.0,0.0,0.0,0.0
P2,R03,testing,01,277,1,0.0,0.0,0.0,0.0
P2,R03,testing,01,278,1,0.0,0.0,0.0,0.0
P2,R03,testing,01,279,1,0.0,0.0,0.0,0.0
P2,R03,testing,01,280,1,0.0,0.0,0.0,0.0
P2,R03,testing,01,281,1,0.0,0.0,0.0,0.0
P2,R03,testing,01,282,1,0.0,0.0,0.0,0.0
P2,R03,testing,01,283,1,0.0,0.0,0.0,0.0
P2,R03,testing,01,284,1,0.0,0.0,0.0,0.0
P2,R03,testing,01,285,1,0.0,0.0,0.0,0.0
P2,R03,testing,01,286,1,0.0,0.0,0.0,0.0
P2,R03,testing,01,287,1,0.0,0.0,0.0,0.0
P2,R03,testing,01,288,1,0.0,0.0,0.0,0.0
P2,R03,testing,01,289,1,0.0,0.0,0.0,0.0
P2,R03,testing,01,290,1,0.0,0.0,0.0,0.0
P2,R03,testing,01,291,1,0.0,0.0,0.0,0.0
P2,R03,testing,01,292,1,0.0,0.0,0.0,0.0
P2,R03,testing,01,293,1,0.0,0.0,0.0,0.0
P2,R03,testing,01,294,1,0.0,0.0,0.0,0.0
P2,R03,testing,01,295,1,0.0,0.0,0.0,0.0
P2,R03,testing,01,296,1,0.0,0.0,0.0,0.0
P2,R03,testing,01,297,1,0.0,0.0,0.0,0.0
P2,R03,testing,01,298,1,0.0,0.0,0.0,0.0
P2,R03,testing,01,299,1,0.0,0.0,0.0,0.0
P2,R03,testing,01,300,1,0.0,0.0,0.0,0.0
P2,R03,testing,01,301,1,0.0,0.0,0.0,0.0
P2,R03,testing,01,302,1,0.0,0.0,0.0,0.0
P2,R03,testing,01,303,1,0.0,0.0,0.0,0.0
P2,R03,testing,01,304,1,0.0,0.0,0.0,0.0
P2,R03,testing,01,305,1,0.0,0.0,0.0,0.0
P2,R03,testing,01,306,1,0.0,0.0,0.0,0.0
P2,R03,testing,01,307,1,0.0,0.0,0.0,0.0
P2,R03,testing,01,308,1,0.0,0.0,0.0,0.0
P2,R03,testing,01,309,1,0.0,0.0,0.0,0.0
P2,R03,testing,01,310,1,0.0,0.0,0.0,0.0
P2,R03,testing,01,311,1,0.0,0.0,0.0,0.0
P2,R03,testing,01,312,1,0.0,0.0,0.0,0.0
P2,R03,testing,01,313,1,0.0,0.0,0.0,0.0
P2,R03,testing,01,314,1,0.0,0.0,0.0,0.0
P2,R03,testing,01,315,1,0.0,0.0,0.0,0.0
P2,R03,testing,01,316,1,0.0,0.0,0.0,0.0
P2,R03,testing,01,317,1,0.0,0.0,0.0,0.0
P2,R03,testing,01,318,1,0.0,0.0,0.0,0.0
P2,R03,testing,01,319,1,0.0,0.0,0.0,0.0
P2,R03,testing,01,320,1,0.0,0.0,0.0,0.0
P2,R03,testing,01,321,1,0.0,0.0,0.0,0.0
P2,R03,testing,01,322,1,0.0,0.0,0.0,0.0
P2,R03,testing,01,323,1,0.0,0.0,0.0,0.0
P2,R03,testing,01,324,1,0.0,0.0,0.0,0.0
P2,R03,testing,01,325,1,0.0,0.0,0.0,0.0
P2,R03,testing,01,326,1,0.0,0.0,0.0,0.0
P2,R03,testing,01,327,1,0.0,0.0,0.0,0.0
P2,R03,testing,01,328,1,0.0,0.0,0.0,0.0
P2,R03,testing,01,329,1,0.0,0.0,0.0,0.0
P2,R03,testing,01,330,1,0.0,0.0,0.0,0.0
P2,R03,testing,01,331,1,0.0,0.0,0.0,0.0
P2,R03,testing,01,332,1,0.0,0.0,0.0,0.0
P2,R03,testing,01,333,1,0.0,0.0,0.0,0.0
P2,R03,testing,01,334,1,0.0,0.0,0.0,0.0
P2,R03,testing,01,335,1,0.0,0.0,0.0,0.0
P2,R03,testing,01,336,1,0.0,0.0,0.0,0.0
P2,R03,testing,01,337,1,0.0,0.0,0.0,0.0
P2,R03,testing,01,338,1,0.0,0.0,0.0,0.0
P2,R03,testing,01,339,1,0.0,0.0,0.0,0.0
P2,R03,testing,01,340,1,0.0,0.0,0.0,0.0
P2,R03,testing,01,341,1,0.0,0.0,0.0,0.0
P2,R03,testing,01,342,1,0.0,0.0,0.0,0.0
P2,R03,testing,01,343,1,0.0,0.0,0.0,0.0
P2,R03,testing,01,344,1,0.0,0.0,0.0,0.0
P2,R03,testing,01,345,1,0.0,0.0,0.0,0.0
P2,R03,testing,01,346,1,0.0,0.0,0.0,0.0
P2,R03,testing,01,347,1,0.0,0.0,0.0,0.0
P2,R03,testing,01,348,1,0.0,0.0,0.0,0.0
P2,R03,testing,01,349,1,0.0,0.0,0.0,0.0
P2,R03,testing,01,350,1,0.0,0.0,0.0,0.0
P2,R03,testing,01,351,1,0.0,0.0,0.0,0.0
P2,R03,testing,01,352,1,0.0,0.0,0.0,0.0
P2,R03,testing,01,353,1,0.0,0.0,0.0,0.0
P2,R03,testing,01,354,1,0.0,0.0,0.0,0.0
P2,R03,testing,01,355,1,0.0,0.0,0.0,0.0
P2,R03,testing,01,356,1,0.0,0.0,0.0,0.0
P2,R03,testing,01,357,1,0.0,0.0,0.0,0.0
P2,R03,testing,01,358,1,0.0,0.0,0.0,0.0
P2,R03,testing,01,359,1,0.0,0.0,0.0,0.0
P2,R03,testing,01,360,1,0.0,0.0,0.0,0.0
P2,R03,testing,01,361,1,0.0,0.0,0.0,0.0
P2,R03,testing,01,362,1,0.0,0.0,0.0,0.0
P2,R03,testing,01,363,1,0.0,0.0,0.0,0.0
P2,R03,testing,01,364,1,0.0,0.0,0.0,0.0
P2,R03,testing,01,365,1,0.0,0.0,0.0,0.0
P2,R03,testing,01,366,1,0.0,0.0,0.0,0.0
P2,R03,testing,01,367,1,0.0,0.0,0.0,0.0
P2,R03,testing,01,368,1,0.0,0.0,0.0,0.0
P2,R03,testing,01,369,1,0.0,0.0,0.0,0.0
P2,R03,testing,01,370,1,0.0,0.0,0.0,0.0
P2,R03,testing,01,371,1,0.0,0.0,0.0,0.0
P2,R03,testing,01,372,1,0.0,0.0,0.0,0.0
P2,R03,testing,01,373,1,0.0,0.0,0.0,0.0
P2,R03,testing,01,374,1,0.0,0.0,0.0,0.0
P2,R03,testing,01,375,1,0.0,0.0,0.0,0.0
P2,R03,testing,01,376,1,0.0,0.0,0.0,0.0
P2,R03,testing,01,377,1,0.0,0.0,0.0,0.0
P2,R03,testing,01,378,1,0.0,0.0,0.0,0.0
P2,R03,testing,01,379,1,0.0,0.0,0.0,0.0
P2,R03,testing,01,380,1,0.0,0.0,0.0,0.0
P2,R03,testing,01,381,1,0.0,0.0,0.0,0.0
P2,R03,testing,01,382,1,0.0,0.0,0.0,0.0
P2,R03,testing,01,383,1,0.0,0.0,0.0,0.0
P2,R03,testing,01,384,1,0.0,0.0,0.0,0.0
P2,R03,testing,01,385,1,0.0,0.0,0.0,0.0
P2,R03,testing,01,386,1,0.0,0.0,0.0,0.0
P2,R03,testing,01,387,1,0.0,0.0,0.0,0.0
P2,R03,testing,01,388,1,0.0,0.0,0.0,0.0
P2,R03,testing,01,389,1,0.0,0.0,0.0,0.0
P2,R03,testing,01,390,1,0.0,0.0,0.0,0.0
P2,R03,testing,01,391,1,0.0,0.0,0.0,0.0
P2,R03,testing,01,392,1,0.0,0.0,0.0,0.0
P2,R03,testing,01,393,1,0.0,0.0,0.0,0.0
P2,R03,testing,01,394,1,0.0,0.0,0.0,0.0
P2,R03,testing,01,395,1,0.0,0.0,0.0,0.0
P2,R03,testing,01,396,1,0.0,0.0,0.0,0.0
P2,R03,testing,01,397,1,0.0,0.0,0.0,0.0
P2,R03,testing,01,398,1,0.0,0.0,0.0,0.0
P2,R03,testing,01,399,1,0.0,0.0,0.0,0.0
P2,R03,testing,01,400,1,0.0,0.0,0.0,0.0
P2,R03,testing,01,401,1,0.0,0.0,0.0,0.0
P2,R03,testing,01,402,1,0.0,0.0,0.0,0.0
P2,R03,testing,01,403,1,0.0,0.0,0.0,0.0
P2,R03,testing,01,404,1,0.0,0.0,0.0,0.0
P2,R03,testing,01,405,1,0.0,0.0,0.0,0.0
P2,R03,testing,01,406,1,0.0,0.0,0.0,0.0
P2,R03,testing,01,407,1,0.0,0.0,0.0,0.0
P2,R03,testing,01,408,1,0.0,0.0,0.0,0.0
P2,R03,testing,01,409,1,0.0,0.0,0.0,0.0
P2,R03,testing,01,410,1,0.0,0.0,0.0,0.0
P2,R03,testing,01,411,1,0.0,0.0,0.0,0.0
P2,R03,testing,01,412,1,0.0,0.0,0.0,0.0
P2,R03,testing,01,413,1,0.0,0.0,0.0,0.0
P2,R03,testing,01,414,1,0.0,0.0,0.0,0.0
P2,R03,testing,01,415,1,0.0,0.0,0.0,0.0
P2,R03,testing,01,416,1,0.0,0.0,0.0,0.0
P2,R03,testing,01,417,1,0.0,0.0,0.0,0.0
P2,R03,testing,01,418,1,0.0,0.0,0.0,0.0
P2,R03,testing,01,419,1,0.0,0.0,0.0,0.0
P2,R03,testing,01,420,1,0.0,0.0,0.0,0.0
P2,R03,testing,01,421,1,0.0,0.0,0.0,0.0
P2,R03,testing,01,422,1,0.0,0.0,0.0,0.0
P2,R03,testing,01,423,1,0.0,0.0,0.0,0.0
P2,R03,testing,01,424,1,0.0,0.0,0.0,0.0
P2,R03,testing,01,425,1,0.0,0.0,0.0,0.0
P2,R03,testing,01,426,1,0.0,0.0,0.0,0.0
P2,R03,testing,01,427,1,0.0,0.0,0.0,0.0
P2,R03,testing,01,428,1,0.0,0.0,0.0,0.0
P2,R03,testing,01,429,1,0.0,0.0,0.0,0.0
P2,R03,testing,01,430,1,0.0,0.0,0.0,0.0
P2,R03,testing,01,431,1,0.0,0.0,0.0,0.0
P2,R03,testing,01,432,1,0.0,0.0,0.0,0.0
P2,R03,testing,01,433,1,0.0,0.0,0.0,0.0
P2,R03,testing,01,434,1,0.0,0.0,0.0,0.0
P2,R03,testing,01,435,1,0.0,0.0,0.0,0.0
P2,R03,testing,01,436,1,0.0,0.0,0.0,0.0
P2,R03,testing,01,437,1,0.0,0.0,0.0,0.0
P2,R03,testing,01,438,1,0.0,0.0,0.0,0.0
P2,R03,testing,01,439,1,0.0,0.0,0.0,0.0
P2,R03,testing,01,440,1,0.0,0.0,0.0,0.0
P2,R03,testing,01,441,1,0.0,0.0,0.0,0.0
P2,R03,testing,01,442,1,0.0,0.0,0.0,0.0
P2,R03,testing,01,443,1,0.0,0.0,0.0,0.0
P2,R03,testing,01,444,1,0.0,0.0,0.0,0.0
P2,R03,testing,01,445,1,0.0,0.0,0.0,0.0
P2,R03,testing,01,446,1,0.0,0.0,0.0,0.0
P2,R03,testing,01,447,1,0.0,0.0,0.0,0.0
P2,R03,testing,01,448,1,0.0,0.0,0.0,0.0
P2,R03,testing,01,449,1,0.0,0.0,0.0,0.0
P2,R03,testing,01,450,1,0.0,0.0,0.0,0.0
P2,R03,testing,01,451,1,0.0,0.0,0.0,0.0
P2,R03,testing,01,452,1,0.0,0.0,0.0,0.0
P2,R03,testing,01,453,1,0.0,0.0,0.0,0.0
P2,R03,testing,01,454,1,0.0,0.0,0.0,0.0
P2,R03,testing,01,455,1,0.0,0.0,0.0,0.0
P2,R03,testing,01,456,1,0.0,0.0,0.0,0.0
P2,R03,testing,01,457,1,0.0,0.0,0.0,0.0
P2,R03,testing,01,458,1,0.0,0.0,0.0,0.0
P2,R03,testing,01,459,1,0.0,0.0,0.0,0.0
P2,R03,testing,01,460,1,0.0,0.0,0.0,0.0
P2,R03,testing,01,461,1,0.0,0.0,0.0,0.0
P2,R03,testing,01,462,1,0.0,0.0,0.0,0.0
P2,R03,testing,01,463,1,0.0,0.0,0.0,0.0
P2,R03,testing,01,464,1,0.0,0.0,0.0,0.0
P2,R03,testing,01,465,1,0.0,0.0,0.0,0.0
P2,R03,testing,01,466,1,0.0,0.0,0.0,0.0
P2,R03,testing,01,467,1,0.0,0.0,0.0,0.0
P2,R03,testing,01,468,1,0.0,0.0,0.0,0.0
P2,R03,testing,01,469,1,0.0,0.0,0.0,0.0
P2,R03,testing,01,470,1,0.0,0.0,0.0,0.0
P2,R03,testing,01,471,1,0.0,0.0,0.0,0.0
P2,R03,testing,01,472,1,0.0,0.0,0.0,0.0
P2,R03,testing,01,473,1,0.0,0.0,0.0,0.0
P2,R03,testing,01,474,1,0.0,0.0,0.0,0.0
P2,R03,testing,01,475,1,0.0,0.0,0.0,0.0
P2,R03,testing,01,476,1,0.0,0.0,0.0,0.0
P2,R03,testing,01,477,1,0.0,0.0,0.0,0.0
P2,R03,testing,01,478,1,0.0,0.0,0.0,0.0
P2,R03,testing,01,479,1,0.0,0.0,0.0,0.0
P2,R03,testing,01,480,1,0.0,0.0,0.0,0.0
P2,R03,testing,01,481,1,0.0,0.0,0.0,0.0
P2,R03,testing,01,482,1,0.0,0.0,0.0,0.0
P2,R03,testing,01,483,1,0.0,0.0,0.0,0.0
P2,R03,testing,01,484,1,0.0,0.0,0.0,0.0
P2,R03,testing,01,485,1,0.0,0.0,0.0,0.0
P2,R03,testing,01,486,1,0.0,0.0,0.0,0.0
P2,R03,testing,01,487,1,0.0,0.0,0.0,0.0
P2,R03,testing,01,488,1,0.0,0.0,0.0,0.0
P2,R03,testing,01,489,1,0.0,0.0,0.0,0.0
P2,R03,testing,01,490,1,0.0,0.0,0.0,0.0
P2,R03,testing,01,491,1,0.0,0.0,0.0,0.0
P2,R03,testing,01,492,1,0.0,0.0,0.0,0.0
P2,R03,testing,01,493,1,0.0,0.0,0.0,0.0
P2,R03,testing,01,494,1,0.0,0.0,0.0,0.0
P2,R03,testing,01,495,1,0.0,0.0,0.0,0.0
P2,R03,testing,01,496,1,0.0,0.0,0.0,0.0
P2,R03,testing,01,497,1,0.0,0.0,0.0,0.0
P2,R03,testing,01,498,1,0.0,0.0,0.0,0.0
P2,R03,testing,01,499,1,0.0,0.0,0.0,0.0
P2,R03,testing,01,500,1,0.0,0.0,0.0,0.0
P2,R03,testing,01,501,1,0.0,0.0,0.0,0.0
P2,R03,testing,01,502,1,0.0,0.0,0.0,0.0
P2,R03,testing,01,503,1,0.0,0.0,0.0,0.0
P2,R03,testing,01,504,1,0.0,0.0,0.0,0.0
P2,R03,testing,01,505,1,0.0,0.0,0.0,0.0
P2,R03,testing,01,506,1,0.0,0.0,0.0,0.0
P2,R03,testing,01,507,1,0.0,0.0,0.0,0.0
P2,R03,testing,01,508,1,0.0,0.0,0.0,0.0
P2,R03,testing,01,509,1,0.0,0.0,0.0,0.0
P2,R03,testing,01,510,1,0.0,0.0,0.0,0.0
P2,R03,testing,01,511,1,0.0,0.0,0.0,0.0
P2,R03,testing,01,512,1,0.0,0.0,0.0,0.0
P2,R03,testing,01,513,1,0.0,0.0,0.0,0.0
P2,R03,testing,01,514,1,0.0,0.0,0.0,0.0
P2,R03,testing,01,515,1,0.0,0.0,0.0,0.0
P2,R03,testing,01,516,1,0.0,0.0,0.0,0.0
P2,R03,testing,01,517,1,0.0,0.0,0.0,0.0
P2,R03,testing,01,518,1,0.0,0.0,0.0,0.0
P2,R03,testing,01,519,1,0.0,0.0,0.0,0.0
P2,R03,testing,01,520,1,0.0,0.0,0.0,0.0
P2,R03,testing,01,521,1,0.0,0.0,0.0,0.0
P2,R03,testing,01,522,1,0.0,0.0,0.0,0.0
P2,R03,testing,01,523,1,0.0,0.0,0.0,0.0
P2,R03,testing,01,524,1,0.0,0.0,0.0,0.0
P2,R03,testing,01,525,1,0.0,0.0,0.0,0.0
P2,R03,testing,01,526,1,0.0,0.0,0.0,0.0
P2,R03,testing,01,527,1,0.0,0.0,0.0,0.0
P2,R03,testing,01,528,1,0.0,0.0,0.0,0.0
P2,R03,testing,01,529,1,0.0,0.0,0.0,0.0
P2,R03,testing,01,530,1,0.0,0.0,0.0,0.0
P2,R03,testing,01,531,1,0.0,0.0,0.0,0.0
P2,R03,testing,01,532,1,0.0,0.0,0.0,0.0
P2,R03,testing,01,533,1,0.0,0.0,0.0,0.0
P2,R03,testing,01,534,1,0.0,0.0,0.0,0.0
P2,R03,testing,01,535,1,0.0,0.0,0.0,0.0
P2,R03,testing,01,536,1,0.0,0.0,0.0,0.0
P2,R03,testing,01,537,1,0.0,0.0,0.0,0.0
P2,R03,testing,01,538,1,0.0,0.0,0.0,0.0
P2,R03,testing,01,539,1,0.0,0.0,0.0,0.0
P2,R03,testing,01,540,1,0.0,0.0,0.0,0.0
P2,R03,testing,01,541,1,0.0,0.0,0.0,0.0
P2,R03,testing,01,542,1,0.0,0.0,0.0,0.0
P2,R03,testing,01,543,1,0.0,0.0,0.0,0.0
P2,R03,testing,01,544,1,0.0,0.0,0.0,0.0
P2,R03,testing,01,545,1,0.0,0.0,0.0,0.0
P2,R03,testing,01,546,1,0.0,0.0,0.0,0.0
P2,R03,testing,01,547,1,0.0,0.0,0.0,0.0
P2,R03,testing,01,548,1,0.0,0.0,0.0,0.0
P2,R03,testing,01,549,1,0.0,0.0,0.0,0.0
P2,R03,testing,01,550,1,0.0,0.0,0.0,0.0
P2,R03,testing,01,551,1,0.0,0.0,0.0,0.0
P2,R03,testing,01,552,1,0.0,0.0,0.0,0.0
P2,R03,testing,01,553,1,0.0,0.0,0.0,0.0
P2,R03,testing,01,554,1,0.0,0.0,0.0,0.0
P2,R03,testing,01,555,1,0.0,0.0,0.0,0.0
P2,R03,testing,01,556,1,0.0,0.0,0.0,0.0
P2,R03,testing,01,557,1,0.0,0.0,0.0,0.0
P2,R03,testing,01,558,1,0.0,0.0,0.0,0.0
P2,R03,testing,01,559,1,0.0,0.0,0.0,0.0
P2,R03,testing,01,560,1,0.0,0.0,0.0,0.0
P2,R03,testing,01,561,1,0.0,0.0,0.0,0.0
P2,R03,testing,01,562,1,0.0,0.0,0.0,0.0
P2,R03,testing,01,563,1,0.0,0.0,0.0,0.0
P2,R03,testing,01,564,1,0.0,0.0,0.0,0.0
P2,R03,testing,01,565,1,0.0,0.0,0.0,0.0
P2,R03,testing,01,566,1,0.0,0.0,0.0,0.0
P2,R03,testing,01,567,1,0.0,0.0,0.0,0.0
P2,R03,testing,01,568,1,0.0,0.0,0.0,0.0
P2,R03,testing,01,569,1,0.0,0.0,0.0,0.0
P2,R03,testing,01,570,1,0.0,0.0,0.0,0.0
P2,R03,testing,01,571,1,0.0,0.0,0.0,0.0
P2,R03,testing,01,572,1,0.0,0.0,0.0,0.0
P2,R03,testing,01,573,1,0.0,0.0,0.0,0.0
P2,R03,testing,01,574,1,0.0,0.0,0.0,0.0
P2,R03,testing,01,575,1,0.0,0.0,0.0,0.0
P2,R03,testing,01,576,1,0.0,0.0,0.0,0.0
P2,R03,testing,01,577,1,0.0,0.0,0.0,0.0
P2,R03,testing,01,578,1,0.0,0.0,0.0,0.0
P2,R03,testing,01,579,1,0.0,0.0,0.0,0.0
P2,R03,testing,01,580,1,0.0,0.0,0.0,0.0
P2,R03,testing,01,581,1,0.0,0.0,0.0,0.0
P2,R03,testing,01,582,1,0.0,0.0,0.0,0.0
P2,R03,testing,01,583,1,0.0,0.0,0.0,0.0
P2,R03,testing,01,584,1,0.0,0.0,0.0,0.0
P2,R03,testing,01,585,1,0.0,0.0,0.0,0.0
P2,R03,testing,01,586,1,0.0,0.0,0.0,0.0
P2,R03,testing,01,587,1,0.0,0.0,0.0,0.0
P2,R03,testing,01,588,1,0.0,0.0,0.0,0.0
P2,R03,testing,01,589,1,0.0,0.0,0.0,0.0
P2,R03,testing,01,590,1,0.0,0.0,0.0,0.0
P2,R03,testing,01,591,1,0.0,0.0,0.0,0.0
P2,R03,testing,01,592,1,0.0,0.0,0.0,0.0
P2,R03,testing,01,593,1,0.0,0.0,0.0,0.0
P2,R03,testing,01,594,1,0.0,0.0,0.0,0.0
P2,R03,testing,01,595,1,0.0,0.0,0.0,0.0
P2,R03,testing,01,596,1,0.0,0.0,0.0,0.0
P2,R03,testing,01,597,1,0.0,0.0,0.0,0.0
P2,R03,testing,01,598,1,0.0,0.0,0.0,0.0
P2,R03,testing,01,599,1,0.0,0.0,0.0,0.0
P2,R03,testing,01,600,1,0.0,0.0,0.0,0.0
P2,R03,testing,01,601,1,0.0,0.0,0.0,0.0
P2,R03,testing,01,602,1,0.0,0.0,0.0,0.0
P2,R03,testing,01,603,1,0.0,0.0,0.0,0.0
P2,R03,testing,01,604,1,0.0,0.0,0.0,0.0
P2,R03,testing,01,605,1,0.0,0.0,0.0,0.0
P2,R03,testing,01,606,1,0.0,0.0,0.0,0.0
P2,R03,testing,01,607,1,0.0,0.0,0.0,0.0
P2,R03,testing,01,608,1,0.0,0.0,0.0,0.0
P2,R03,testing,01,609,1,0.0,0.0,0.0,0.0
P2,R03,testing,01,610,1,0.0,0.0,0.0,0.0
P2,R03,testing,01,611,1,0.0,0.0,0.0,0.0
P2,R03,testing,01,612,1,0.0,0.0,0.0,0.0
P2,R03,testing,01,613,1,0.0,0.0,0.0,0.0
P2,R03,testing,01,614,1,0.0,0.0,0.0,0.0
P2,R03,testing,01,615,1,0.0,0.0,0.0,0.0
P2,R03,testing,01,616,1,0.0,0.0,0.0,0.0
P2,R03,testing,01,617,1,0.0,0.0,0.0,0.0
P2,R03,testing,01,618,1,0.0,0.0,0.0,0.0
P2,R03,testing,01,619,1,0.0,0.0,0.0,0.0
P2,R03,testing,01,620,1,0.0,0.0,0.0,0.0
P2,R03,testing,01,621,1,0.0,0.0,0.0,0.0
P2,R03,testing,01,622,1,0.0,0.0,0.0,0.0
P2,R03,testing,01,623,1,0.0,0.0,0.0,0.0
P2,R03,testing,01,624,1,0.0,0.0,0.0,0.0
P2,R03,testing,01,625,1,0.0,0.0,0.0,0.0
P2,R03,testing,01,626,1,0.0,0.0,0.0,0.0
P2,R03,testing,01,627,1,0.0,0.0,0.0,0.0
P2,R03,testing,01,628,1,0.0,0.0,0.0,0.0
P2,R03,testing,01,629,1,0.0,0.0,0.0,0.0
P2,R03,testing,01,630,1,0.0,0.0,0.0,0.0
P2,R03,testing,01,631,1,0.0,0.0,0.0,0.0
P2,R03,testing,01,632,1,0.0,0.0,0.0,0.0
P2,R03,testing,01,633,1,0.0,0.0,0.0,0.0
P2,R03,testing,01,634,1,0.0,0.0,0.0,0.0
P2,R03,testing,01,635,1,0.0,0.0,0.0,0.0
P2,R03,testing,01,636,1,0.0,0.0,0.0,0.0
P2,R03,testing,01,637,1,0.0,0.0,0.0,0.0
P2,R03,testing,01,638,1,0.0,0.0,0.0,0.0
P2,R03,testing,01,639,1,0.0,0.0,0.0,0.0
P2,R03,testing,01,640,1,0.0,0.0,0.0,0.0
P2,R03,testing,01,641,1,0.0,0.0,0.0,0.0
P2,R03,testing,01,642,1,0.0,0.0,0.0,0.0
P2,R03,testing,01,643,1,0.0,0.0,0.0,0.0
P2,R03,testing,01,644,1,0.0,0.0,0.0,0.0
P2,R03,testing,01,645,1,0.0,0.0,0.0,0.0
P2,R03,testing,01,646,1,0.0,0.0,0.0,0.0
P2,R03,testing,01,647,1,0.0,0.0,0.0,0.0
P2,R03,testing,01,648,1,0.0,0.0,0.0,0.0
P2,R03,testing,01,649,1,0.0,0.0,0.0,0.0
P2,R03,testing,01,650,1,0.0,0.0,0.0,0.0
P2,R03,testing,01,651,1,0.0,0.0,0.0,0.0
P2,R03,testing,01,652,1,0.0,0.0,0.0,0.0
P2,R03,testing,01,653,1,0.0,0.0,0.0,0.0
P2,R03,testing,01,654,1,0.0,0.0,0.0,0.0
P2,R03,testing,01,655,1,0.0,0.0,0.0,0.0
P2,R03,testing,01,656,1,0.0,0.0,0.0,0.0
P2,R03,testing,01,657,1,0.0,0.0,0.0,0.0
P2,R03,testing,01,658,1,0.0,0.0,0.0,0.0
P2,R03,testing,01,659,1,0.0,0.0,0.0,0.0
P2,R03,testing,01,660,1,0.0,0.0,0.0,0.0
P2,R03,testing,01,661,1,0.0,0.0,0.0,0.0
P2,R03,testing,01,662,1,0.0,0.0,0.0,0.0
P2,R03,testing,01,663,1,0.0,0.0,0.0,0.0
P2,R03,testing,01,664,1,0.0,0.0,0.0,0.0
P2,R03,testing,01,665,1,0.0,0.0,0.0,0.0
P2,R03,testing,01,666,1,0.0,0.0,0.0,0.0
P2,R03,testing,01,667,1,0.0,0.0,0.0,0.0
P2,R03,testing,01,668,1,0.0,0.0,0.0,0.0
P2,R03,testing,01,669,1,0.0,0.0,0.0,0.0
P2,R03,testing,01,670,1,0.0,0.0,0.0,0.0
P2,R03,testing,01,671,1,0.0,0.0,0.0,0.0
P2,R03,testing,01,672,1,0.0,0.0,0.0,0.0
P2,R03,testing,01,673,1,0.0,0.0,0.0,0.0
P2,R03,testing,01,674,1,0.0,0.0,0.0,0.0
P2,R03,testing,01,675,1,0.0,0.0,0.0,0.0
P2,R03,testing,01,676,1,0.0,0.0,0.0,0.0
P2,R03,testing,01,677,1,0.0,0.0,0.0,0.0
P2,R03,testing,01,678,1,0.0,0.0,0.0,0.0
P2,R03,testing,01,679,1,0.0,0.0,0.0,0.0
P2,R03,testing,01,680,1,0.0,0.0,0.0,0.0
P2,R03,testing,01,681,1,0.0,0.0,0.0,0.0
P2,R03,testing,01,682,1,0.0,0.0,0.0,0.0
P2,R03,testing,01,683,1,0.0,0.0,0.0,0.0
P2,R03,testing,01,684,1,0.0,0.0,0.0,0.0
P2,R03,testing,01,685,1,0.0,0.0,0.0,0.0
P2,R03,testing,01,686,1,0.0,0.0,0.0,0.0
P2,R03,testing,01,687,1,0.0,0.0,0.0,0.0
P2,R03,testing,01,688,1,0.0,0.0,0.0,0.0
P2,R03,testing,01,689,1,0.0,0.0,0.0,0.0
P2,R03,testing,01,690,1,0.0,0.0,0.0,0.0
P2,R03,testing,01,691,1,0.0,0.0,0.0,0.0
P2,R03,testing,01,692,1,0.0,0.0,0.0,0.0
P2,R03,testing,01,693,1,0.0,0.0,0.0,0.0
P2,R03,testing,01,694,1,0.0,0.0,0.0,0.0
P2,R03,testing,01,695,1,0.0,0.0,0.0,0.0
P2,R03,testing,01,696,1,0.0,0.0,0.0,0.0
P2,R03,testing,01,697,1,0.0,0.0,0.0,0.0
P2,R03,testing,01,698,1,0.0,0.0,0.0,0.0
P2,R03,testing,01,699,1,0.0,0.0,0.0,0.0
P2,R03,testing,01,700,1,0.0,0.0,0.0,0.0
P2,R03,testing,01,701,1,0.0,0.0,0.0,0.0
P2,R03,testing,01,702,1,0.0,0.0,0.0,0.0
P2,R03,testing,01,703,1,0.0,0.0,0.0,0.0
P2,R03,testing,01,704,1,0.0,0.0,0.0,0.0
P2,R03,testing,01,705,1,0.0,0.0,0.0,0.0
P2,R03,testing,01,706,1,0.0,0.0,0.0,0.0
P2,R03,testing,01,707,1,0.0,0.0,0.0,0.0
P2,R03,testing,01,708,1,0.0,0.0,0.0,0.0
P2,R03,testing,01,709,1,0.0,0.0,0.0,0.0
P2,R03,testing,01,710,1,0.0,0.0,0.0,0.0
P2,R03,testing,01,711,1,0.0,0.0,0.0,0.0
P2,R03,testing,01,712,1,0.0,0.0,0.0,0.0
P2,R03,testing,01,713,1,0.0,0.0,0.0,0.0
P2,R03,testing,01,714,1,0.0,0.0,0.0,0.0
P2,R03,testing,01,715,1,0.0,0.0,0.0,0.0
P2,R03,testing,01,716,1,0.0,0.0,0.0,0.0
P2,R03,testing,01,717,1,0.0,0.0,0.0,0.0
P2,R03,testing,01,718,1,0.0,0.0,0.0,0.0
P2,R03,testing,01,719,1,0.0,0.0,0.0,0.0
P3,R03,testing,01,0,1,0.0,0.0,0.0,0.0
P3,R03,testing,01,1,1,0.0,0.0,0.0,0.0
P3,R03,testing,01,2,1,0.0,0.0,0.0,0.0
P3,R03,testing,01,3,1,0.0,0.0,0.0,0.0
P3,R03,testing,01,4,1,0.0,0.0,0.0,0.0
P3,R03,testing,01,5,1,0.0,0.0,0.0,0.0
P3,R03,testing,01,6,1,0.0,0.0,0.0,0.0
P3,R03,testing,01,7,1,0.0,0.0,0.0,0.0
P3,R03,testing,01,8,1,0.0,0.0,0.0,0.0
P3,R03,testing,01,9,1,0.0,0.0,0.0,0.0
P3,R03,testing,01,10,1,0.0,0.0,0.0,0.0
P3,R03,testing,01,11,1,0.0,0.0,0.0,0.0
P3,R03,testing,01,12,1,0.0,0.0,0.0,0.0
P3,R03,testing,01,13,1,0.0,0.0,0.0,0.0
P3,R03,testing,01,14,1,0.0,0.0,0.0,0.0
P3,R03,testing,01,15,1,0.0,0.0,0.0,0.0
P3,R03,testing,01,16,1,0.0,0.0,0.0,0.0
P3,R03,testing,01,17,1,0.0,0.0,0.0,0.0
P3,R03,testing,01,18,1,0.0,0.0,0.0,0.0
P3,R03,testing,01,19,1,0.0,0.0,0.0,0.0
P3,R03,testing,01,20,1,0.0,0.0,0.0,0.0
P3,R03,testing,01,21,1,0.0,0.0,0.0,0.0
P3,R03,testing,01,22,1,0.0,0.0,0.0,0.0
P3,R03,testing,01,23,1,0.0,0.0,0.0,0.0
P3,R03,testing,01,24,1,0.0,0.0,0.0,0.0
P3,R03,testing,01,25,1,0.0,0.0,0.0,0.0
P3,R03,testing,01,26,1,0.0,0.0,0.0,0.0
P3,R03,testing,01,27,1,0.0,0.0,0.0,0.0
P3,R03,testing,01,28,1,0.0,0.0,0.0,0.0
P3,R03,testing,01,29,1,0.0,0.0,0.0,0.0
P3,R03,testing,01,30,1,0.0,0.0,0.0,0.0
P3,R03,testing,01,31,1,0.0,0.0,0.0,0.0
P3,R03,testing,01,32,1,0.0,0.0,0.0,0.0
P3,R03,testing,01,33,1,0.0,0.0,0.0,0.0
P3,R03,testing,01,34,1,0.0,0.0,0.0,0.0
P3,R03,testing,01,35,1,0.0,0.0,0.0,0.0
P3,R03,testing,01,36,1,0.0,0.0,0.0,0.0
P3,R03,testing,01,37,1,0.0,0.0,0.0,0.0
P3,R03,testing,01,38,1,0.0,0.0,0.0,0.0
P3,R03,testing,01,39,1,0.0,0.0,0.0,0.0
P3,R03,testing,01,40,1,0.0,0.0,0.0,0.0
P3,R03,testing,01,41,1,0.0,0.0,0.0,0.0
P3,R03,testing,01,42,1,0.0,0.0,0.0,0.0
P3,R03,testing,01,43,1,0.0,0.0,0.0,0.0
P3,R03,testing,01,44,1,0.0,0.0,0.0,0.0
P3,R03,testing,01,45,1,0.0,0.0,0.0,0.0
P3,R03,testing,01,46,1,0.0,0.0,0.0,0.0
P3,R03,testing,01,47,1,0.0,0.0,0.0,0.0
P3,R03,testing,01,48,1,0.0,0.0,0.0,0.0
P3,R03,testing,01,49,1,0.0,0.0,0.0,0.0
P3,R03,testing,01,50,1,0.0,0.0,0.0,0.0
P3,R03,testing,01,51,1,0.0,0.0,0.0,0.0
P3,R03,testing,01,52,1,0.0,0.0,0.0,0.0
P3,R03,testing,01,53,1,0.0,0.0,0.0,0.0
P3,R03,testing,01,54,1,0.0,0.0,0.0,0.0
P3,R03,testing,01,55,1,0.0,0.0,0.0,0.0
P3,R03,testing,01,56,1,0.0,0.0,0.0,0.0
P3,R03,testing,01,57,1,0.0,0.0,0.0,0.0
P3,R03,testing,01,58,1,0.0,0.0,0.0,0.0
P3,R03,testing,01,59,1,0.0,0.0,0.0,0.0
P3,R03,testing,01,60,1,0.0,0.0,0.0,0.0
P3,R03,testing,01,61,1,0.0,0.0,0.0,0.0
P3,R03,testing,01,62,1,0.0,0.0,0.0,0.0
P3,R03,testing,01,63,1,0.0,0.0,0.0,0.0
P3,R03,testing,01,64,1,0.0,0.0,0.0,0.0
P3,R03,testing,01,65,1,0.0,0.0,0.0,0.0
P3,R03,testing,01,66,1,0.0,0.0,0.0,0.0
P3,R03,testing,01,67,1,0.0,0.0,0.0,0.0
P3,R03,testing,01,68,1,0.0,0.0,0.0,0.0
P3,R03,testing,01,69,1,0.0,0.0,0.0,0.0
P3,R03,testing,01,70,1,0.0,0.0,0.0,0.0
P3,R03,testing,01,71,1,0.0,0.0,0.0,0.0
P3,R03,testing,01,72,1,0.0,0.0,0.0,0.0
P3,R03,testing,01,73,1,0.0,0.0,0.0,0.0
P3,R03,testing,01,74,1,0.0,0.0,0.0,0.0
P3,R03,testing,01,75,1,0.0,0.0,0.0,0.0
P3,R03,testing,01,76,1,0.0,0.0,0.0,0.0
P3,R03,testing,01,77,1,0.0,0.0,0.0,0.0
P3,R03,testing,01,78,1,0.0,0.0,0.0,0.0
P3,R03,testing,01,79,1,0.0,0.0,0.0,0.0
P3,R03,testing,01,80,1,0.0,0.0,0.0,0.0
P3,R03,testing,01,81,1,0.0,0.0,0.0,0.0
P3,R03,testing,01,82,1,0.0,0.0,0.0,0.0
P3,R03,testing,01,83,1,0.0,0.0,0.0,0.0
P3,R03,testing,01,84,1,0.0,0.0,0.0,0.0
P3,R03,testing,01,85,1,0.0,0.0,0.0,0.0
P3,R03,testing,01,86,1,0.0,0.0,0.0,0.0
P3,R03,testing,01,87,1,0.0,0.0,0.0,0.0
P3,R03,testing,01,88,1,0.0,0.0,0.0,0.0
P3,R03,testing,01,89,1,0.0,0.0,0.0,0.0
P3,R03,testing,01,90,1,0.0,0.0,0.0,0.0
P3,R03,testing,01,91,1,0.0,0.0,0.0,0.0
P3,R03,testing,01,92,1,0.0,0.0,0.0,0.0
P3,R03,testing,01,93,1,0.0,0.0,0.0,0.0
P3,R03,testing,01,94,1,0.0,0.0,0.0,0.0
P3,R03,testing,01,95,1,0.0,0.0,0.0,0.0
P3,R03,testing,01,96,1,0.0,0.0,0.0,0.0
P3,R03,testing,01,97,1,0.0,0.0,0.0,0.0
P3,R03,testing,01,98,1,0.0,0.0,0.0,0.0
P3,R03,testing,01,99,1,0.0,0.0,0.0,0.0
P3,R03,testing,01,100,1,0.0,0.0,0.0,0.0
P3,R03,testing,01,101,1,0.0,0.0,0.0,0.0
P3,R03,testing,01,102,1,0.0,0.0,0.0,0.0
P3,R03,testing,01,103,1,0.0,0.0,0.0,0.0
P3,R03,testing,01,104,1,0.0,0.0,0.0,0.0
P3,R03,testing,01,105,1,0.0,0.0,0.0,0.0
P3,R03,testing,01,106,1,0.0,0.0,0.0,0.0
P3,R03,testing,01,107,1,0.0,0.0,0.0,0.0
P3,R03,testing,01,108,1,0.0,0.0,0.0,0.0
P3,R03,testing,01,109,1,0.0,0.0,0.0,0.0
P3,R03,testing,01,110,1,0.0,0.0,0.0,0.0
P3,R03,testing,01,111,1,0.0,0.0,0.0,0.0
P3,R03,testing,01,112,1,0.0,0.0,0.0,0.0
P3,R03,testing,01,113,1,0.0,0.0,0.0,0.0
P3,R03,testing,01,114,1,0.0,0.0,0.0,0.0
P3,R03,testing,01,115,1,0.0,0.0,0.0,0.0
P3,R03,testing,01,116,1,0.0,0.0,0.0,0.0
P3,R03,testing,01,117,1,0.0,0.0,0.0,0.0
P3,R03,testing,01,118,1,0.0,0.0,0.0,0.0
P3,R03,testing,01,119,1,0.0,0.0,0.0,0.0
P3,R03,testing,01,120,1,0.0,0.0,0.0,0.0
P3,R03,testing,01,121,1,0.0,0.0,0.0,0.0
P3,R03,testing,01,122,1,0.0,0.0,0.0,0.0
P3,R03,testing,01,123,1,0.0,0.0,0.0,0.0
P3,R03,testing,01,124,1,0.0,0.0,0.0,0.0
P3,R03,testing,01,125,1,0.0,0.0,0.0,0.0
P3,R03,testing,01,126,1,0.0,0.0,0.0,0.0
P3,R03,testing,01,127,1,0.0,0.0,0.0,0.0
P3,R03,testing,01,128,1,0.0,0.0,0.0,0.0
P3,R03,testing,01,129,1,0.0,0.0,0.0,0.0
P3,R03,testing,01,130,1,0.0,0.0,0.0,0.0
P3,R03,testing,01,131,1,0.0,0.0,0.0,0.0
P3,R03,testing,01,132,1,0.0,0.0,0.0,0.0
P3,R03,testing,01,133,1,0.0,0.0,0.0,0.0
P3,R03,testing,01,134,1,0.0,0.0,0.0,0.0
P3,R03,testing,01,135,1,0.0,0.0,0.0,0.0
P3,R03,testing,01,136,1,0.0,0.0,0.0,0.0
P3,R03,testing,01,137,1,0.0,0.0,0.0,0.0
P3,R03,testing,01,138,1,0.0,0.0,0.0,0.0
P3,R03,testing,01,139,1,0.0,0.0,0.0,0.0
P3,R03,testing,01,140,1,0.0,0.0,0.0,0.0
P3,R03,testing,01,141,1,0.0,0.0,0.0,0.0
P3,R03,testing,01,142,1,0.0,0.0,0.0,0.0
P3,R03,testing,01,143,1,0.0,0.0,0.0,0.0
P3,R03,testing,01,144,1,0.0,0.0,0.0,0.0
P3,R03,testing,01,145,1,0.0,0.0,0.0,0.0
P3,R03,testing,01,146,1,0.0,0.0,0.0,0.0
P3,R03,testing,01,147,1,0.0,0.0,0.0,0.0
P3,R03,testing,01,148,1,0.0,0.0,0.0,0.0
P3,R03,testing,01,149,1,0.0,0.0,0.0,0.0
P3,R03,testing,01,150,1,0.0,0.0,0.0,0.0
P3,R03,testing,01,151,1,0.0,0.0,0.0,0.0
P3,R03,testing,01,152,1,0.0,0.0,0.0,0.0
P3,R03,testing,01,153,1,0.0,0.0,0.0,0.0
P3,R03,testing,01,154,1,0.0,0.0,0.0,0.0
P3,R03,testing,01,155,1,0.0,0.0,0.0,0.0
P3,R03,testing,01,156,1,0.0,0.0,0.0,0.0
P3,R03,testing,01,157,1,0.0,0.0,0.0,0.0
P3,R03,testing,01,158,1,0.0,0.0,0.0,0.0
P3,R03,testing,01,159,1,0.0,0.0,0.0,0.0
P3,R03,testing,01,160,1,0.0,0.0,0.0,0.0
P3,R03,testing,01,161,1,0.0,0.0,0.0,0.0
P3,R03,testing,01,162,1,0.0,0.0,0.0,0.0
P3,R03,testing,01,163,1,0.0,0.0,0.0,0.0
P3,R03,testing,01,164,1,0.0,0.0,0.0,0.0
P3,R03,testing,01,165,1,0.0,0.0,0.0,0.0
P3,R03,testing,01,166,1,0.0,0.0,0.0,0.0
P3,R03,testing,01,167,1,0.0,0.0,0.0,0.0
P3,R03,testing,01,168,1,0.0,0.0,0.0,0.0
P3,R03,testing,01,169,1,0.0,0.0,0.0,0.0
P3,R03,testing,01,170,1,0.0,0.0,0.0,0.0
P3,R03,testing,01,171,1,0.0,0.0,0.0,0.0
P3,R03,testing,01,172,1,0.0,0.0,0.0,0.0
P3,R03,testing,01,173,1,0.0,0.0,0.0,0.0
P3,R03,testing,01,174,1,0.0,0.0,0.0,0.0
P3,R03,testing,01,175,1,0.0,0.0,0.0,0.0
P3,R03,testing,01,176,1,0.0,0.0,0.0,0.0
P3,R03,testing,01,177,1,0.0,0.0,0.0,0.0
P3,R03,testing,01,178,1,0.0,0.0,0.0,0.0
P3,R03,testing,01,179,1,0.0,0.0,0.0,0.0
P3,R03,testing,01,180,1,0.0,0.0,0.0,0.0
P3,R03,testing,01,181,1,0.0,0.0,0.0,0.0
P3,R03,testing,01,182,1,0.0,0.0,0.0,0.0
P3,R03,testing,01,183,1,0.0,0.0,0.0,0.0
P3,R03,testing,01,184,1,0.0,0.0,0.0,0.0
P3,R03,testing,01,185,1,0.0,0.0,0.0,0.0
P3,R03,testing,01,186,1,0.0,0.0,0.0,0.0
P3,R03,testing,01,187,1,0.0,0.0,0.0,0.0
P3,R03,testing,01,188,1,0.0,0.0,0.0,0.0
P3,R03,testing,01,189,1,0.0,0.0,0.0,0.0
P3,R03,testing,01,190,1,0.0,0.0,0.0,0.0
P3,R03,testing,01,191,1,0.0,0.0,0.0,0.0
P3,R03,testing,01,192,1,0.0,0.0,0.0,0.0
P3,R03,testing,01,193,1,0.0,0.0,0.0,0.0
P3,R03,testing,01,194,1,0.0,0.0,0.0,0.0
P3,R03,testing,01,195,1,0.0,0.0,0.0,0.0
P3,R03,testing,01,196,1,0.0,0.0,0.0,0.0
P3,R03,testing,01,197,1,0.0,0.0,0.0,0.0
P3,R03,testing,01,198,1,0.0,0.0,0.0,0.0
P3,R03,testing,01,199,1,0.0,0.0,0.0,0.0
P3,R03,testing,01,200,1,0.0,0.0,0.0,0.0
P3,R03,testing,01,201,1,0.0,0.0,0.0,0.0
P3,R03,testing,01,202,1,0.0,0.0,0.0,0.0
P3,R03,testing,01,203,1,0.0,0.0,0.0,0.0
P3,R03,testing,01,204,1,0.0,0.0,0.0,0.0
P3,R03,testing,01,205,1,0.0,0.0,0.0,0.0
P3,R03,testing,01,206,1,0.0,0.0,0.0,0.0
P3,R03,testing,01,207,1,0.0,0.0,0.0,0.0
P3,R03,testing,01,208,1,0.0,0.0,0.0,0.0
P3,R03,testing,01,209,1,0.0,0.0,0.0,0.0
P3,R03,testing,01,210,1,0.0,0.0,0.0,0.0
P3,R03,testing,01,211,1,0.0,0.0,0.0,0.0
P3,R03,testing,01,212,1,0.0,0.0,0.0,0.0
P3,R03,testing,01,213,1,0.0,0.0,0.0,0.0
P3,R03,testing,01,214,1,0.0,0.0,0.0,0.0
P3,R03,testing,01,215,1,0.0,0.0,0.0,0.0
P3,R03,testing,01,216,1,0.0,0.0,0.0,0.0
P3,R03,testing,01,217,1,0.0,0.0,0.0,0.0
P3,R03,testing,01,218,1,0.0,0.0,0.0,0.0
P3,R03,testing,01,219,1,0.0,0.0,0.0,0.0
P3,R03,testing,01,220,1,0.0,0.0,0.0,0.0
P3,R03,testing,01,221,1,0.0,0.0,0.0,0.0
P3,R03,testing,01,222,1,0.0,0.0,0.0,0.0
P3,R03,testing,01,223,1,0.0,0.0,0.0,0.0
P3,R03,testing,01,224,1,0.0,0.0,0.0,0.0
P3,R03,testing,01,225,1,0.0,0.0,0.0,0.0
P3,R03,testing,01,226,1,0.0,0.0,0.0,0.0
P3,R03,testing,01,227,1,0.0,0.0,0.0,0.0
P3,R03,testing,01,228,1,0.0,0.0,0.0,0.0
P3,R03,testing,01,229,1,0.0,0.0,0.0,0.0
P3,R03,testing,01,230,1,0.0,0.0,0.0,0.0
P3,R03,testing,01,231,1,0.0,0.0,0.0,0.0
P3,R03,testing,01,232,1,0.0,0.0,0.0,0.0
P3,R03,testing,01,233,1,0.0,0.0,0.0,0.0
P3,R03,testing,01,234,1,0.0,0.0,0.0,0.0
P3,R03,testing,01,235,1,0.0,0.0,0.0,0.0
P3,R03,testing,01,236,1,0.0,0.0,0.0,0.0
P3,R03,testing,01,237,1,0.0,0.0,0.0,0.0
P3,R03,testing,01,238,1,0.0,0.0,0.0,0.0
P3,R03,testing,01,239,1,0.0,0.0,0.0,0.0
P3,R03,testing,01,240,1,0.0,0.0,0.0,0.0
P3,R03,testing,01,241,1,0.0,0.0,0.0,0.0
P3,R03,testing,01,242,1,0.0,0.0,0.0,0.0
P3,R03,testing,01,243,1,0.0,0.0,0.0,0.0
P3,R03,testing,01,244,1,0.0,0.0,0.0,0.0
P3,R03,testing,01,245,1,0.0,0.0,0.0,0.0
P3,R03,testing,01,246,1,0.0,0.0,0.0,0.0
P3,R03,testing,01,247,1,0.0,0.0,0.0,0.0
P3,R03,testing,01,248,1,0.0,0.0,0.0,0.0
P3,R03,testing,01,249,1,0.0,0.0,0.0,0.0
P3,R03,testing,01,250,1,0.0,0.0,0.0,0.0
P3,R03,testing,01,251,1,0.0,0.0,0.0,0.0
P3,R03,testing,01,252,1,0.0,0.0,0.0,0.0
P3,R03,testing,01,253,1,0.0,0.0,0.0,0.0
P3,R03,testing,01,254,1,0.0,0.0,0.0,0.0
P3,R03,testing,01,255,1,0.0,0.0,0.0,0.0
P3,R03,testing,01,256,1,0.0,0.0,0.0,0.0
P3,R03,testing,01,257,1,0.0,0.0,0.0,0.0
P3,R03,testing,01,258,1,0.0,0.0,0.0,0.0
P3,R03,testing,01,259,1,0.0,0.0,0.0,0.0
P3,R03,testing,01,260,1,0.0,0.0,0.0,0.0
P3,R03,testing,01,261,1,0.0,0.0,0.0,0.0
P3,R03,testing,01,262,1,0.0,0.0,0.0,0.0
P3,R03,testing,01,263,1,0.0,0.0,0.0,0.0
P3,R03,testing,01,264,1,0.0,0.0,0.0,0.0
P3,R03,testing,01,265,1,0.0,0.0,0.0,0.0
P3,R03,testing,01,266,1,0.0,0.0,0.0,0.0
P3,R03,testing,01,267,1,0.0,0.0,0.0,0.0
P3,R03,testing,01,268,1,0.0,0.0,0.0,0.0
P3,R03,testing,01,269,1,0.0,0.0,0.0,0.0
P3,R03,testing,01,270,1,0.0,0.0,0.0,0.0
P3,R03,testing,01,271,1,0.0,0.0,0.0,0.0
P3,R03,testing,01,272,1,0.0,0.0,0.0,0.0
P3,R03,testing,01,273,1,0.0,0.0,0.0,0.0
P3,R03,testing,01,274,1,0.0,0.0,0.0,0.0
P3,R03,testing,01,275,1,0.0,0.0,0.0,0.0
P3,R03,testing,01,276,1,0.0,0.0,0.0,0.0
P3,R03,testing,01,277,1,0.0,0.0,0.0,0.0
P3,R03,testing,01,278,1,0.0,0.0,0.0,0.0
P3,R03,testing,01,279,1,0.0,0.0,0.0,0.0
P3,R03,testing,01,280,1,0.0,0.0,0.0,0.0
P3,R03,testing,01,281,1,0.0,0.0,0.0,0.0
P3,R03,testing,01,282,1,0.0,0.0,0.0,0.0
P3,R03,testing,01,283,1,0.0,0.0,0.0,0.0
P3,R03,testing,01,284,1,0.0,0.0,0.0,0.0
P3,R03,testing,01,285,1,0.0,0.0,0.0,0.0
P3,R03,testing,01,286,1,0.0,0.0,0.0,0.0
P3,R03,testing,01,287,1,0.0,0.0,0.0,0.0
P3,R03,testing,01,288,1,0.0,0.0,0.0,0.0
P3,R03,testing,01,289,1,0.0,0.0,0.0,0.0
P3,R03,testing,01,290,1,0.0,0.0,0.0,0.0
P3,R03,testing,01,291,1,0.0,0.0,0.0,0.0
P3,R03,testing,01,292,1,0.0,0.0,0.0,0.0
P3,R03,testing,01,293,1,0.0,0.0,0.0,0.0
P3,R03,testing,01,294,1,0.0,0.0,0.0,0.0
P3,R03,testing,01,295,1,0.0,0.0,0.0,0.0
P3,R03,testing,01,296,1,0.0,0.0,0.0,0.0
P3,R03,testing,01,297,1,0.0,0.0,0.0,0.0
P3,R03,testing,01,298,1,0.0,0.0,0.0,0.0
P3,R03,testing,01,299,1,0.0,0.0,0.0,0.0
P3,R03,testing,01,300,1,0.0,0.0,0.0,0.0
P3,R03,testing,01,301,1,0.0,0.0,0.0,0.0
P3,R03,testing,01,302,1,0.0,0.0,0.0,0.0
P3,R03,testing,01,303,1,0.0,0.0,0.0,0.0
P3,R03,testing,01,304,1,0.0,0.0,0.0,0.0
P3,R03,testing,01,305,1,0.0,0.0,0.0,0.0
P3,R03,testing,01,306,1,0.0,0.0,0.0,0.0
P3,R03,testing,01,307,1,0.0,0.0,0.0,0.0
P3,R03,testing,01,308,1,0.0,0.0,0.0,0.0
P3,R03,testing,01,309,1,0.0,0.0,0.0,0.0
P3,R03,testing,01,310,1,0.0,0.0,0.0,0.0
P3,R03,testing,01,311,1,0.0,0.0,0.0,0.0
P3,R03,testing,01,312,1,0.0,0.0,0.0,0.0
P3,R03,testing,01,313,1,0.0,0.0,0.0,0.0
P3,R03,testing,01,314,1,0.0,0.0,0.0,0.0
P3,R03,testing,01,315,1,0.0,0.0,0.0,0.0
P3,R03,testing,01,316,1,0.0,0.0,0.0,0.0
P3,R03,testing,01,317,1,0.0,0.0,0.0,0.0
P3,R03,testing,01,318,1,0.0,0.0,0.0,0.0
P3,R03,testing,01,319,1,0.0,0.0,0.0,0.0
P3,R03,testing,01,320,1,0.0,0.0,0.0,0.0
P3,R03,testing,01,321,1,0.0,0.0,0.0,0.0
P3,R03,testing,01,322,1,0.0,0.0,0.0,0.0
P3,R03,testing,01,323,1,0.0,0.0,0.0,0.0
P3,R03,testing,01,324,1,0.0,0.0,0.0,0.0
P3,R03,testing,01,325,1,0.0,0.0,0.0,0.0
P3,R03,testing,01,326,1,0.0,0.0,0.0,0.0
P3,R03,testing,01,327,1,0.0,0.0,0.0,0.0
P3,R03,testing,01,328,1,0.0,0.0,0.0,0.0
P3,R03,testing,01,329,1,0.0,0.0,0.0,0.0
P3,R03,testing,01,330,1,0.0,0.0,0.0,0.0
P3,R03,testing,01,331,1,0.0,0.0,0.0,0.0
P3,R03,testing,01,332,1,0.0,0.0,0.0,0.0
P3,R03,testing,01,333,1,0.0,0.0,0.0,0.0
P3,R03,testing,01,334,1,0.0,0.0,0.0,0.0
P3,R03,testing,01,335,1,0.0,0.0,0.0,0.0
P3,R03,testing,01,336,1,0.0,0.0,0.0,0.0
P3,R03,testing,01,337,1,0.0,0.0,0.0,0.0
P3,R03,testing,01,338,1,0.0,0.0,0.0,0.0
P3,R03,testing,01,339,1,0.0,0.0,0.0,0.0
P3,R03,testing,01,340,1,0.0,0.0,0.0,0.0
P3,R03,testing,01,341,1,0.0,0.0,0.0,0.0
P3,R03,testing,01,342,1,0.0,0.0,0.0,0.0
P3,R03,testing,01,343,1,0.0,0.0,0.0,0.0
P3,R03,testing,01,344,1,0.0,0.0,0.0,0.0
P3,R03,testing,01,345,1,0.0,0.0,0.0,0.0
P3,R03,testing,01,346,1,0.0,0.0,0.0,0.0
P3,R03,testing,01,347,1,0.0,0.0,0.0,0.0
P3,R03,testing,01,348,1,0.0,0.0,0.0,0.0
P3,R03,testing,01,349,1,0.0,0.0,0.0,0.0
P3,R03,testing,01,350,1,0.0,0.0,0.0,0.0
P3,R03,testing,01,351,1,0.0,0.0,0.0,0.0
P3,R03,testing,01,352,1,0.0,0.0,0.0,0.0
P3,R03,testing,01,353,1,0.0,0.0,0.0,0.0
P3,R03,testing,01,354,1,0.0,0.0,0.0,0.0
P3,R03,testing,01,355,1,0.0,0.0,0.0,0.0
P3,R03,testing,01,356,1,0.0,0.0,0.0,0.0
P3,R03,testing,01,357,1,0.0,0.0,0.0,0.0
P3,R03,testing,01,358,1,0.0,0.0,0.0,0.0
P3,R03,testing,01,359,1,0.0,0.0,0.0,0.0
P3,R03,testing,01,360,1,0.0,0.0,0.0,0.0
P3,R03,testing,01,361,1,0.0,0.0,0.0,0.0
P3,R03,testing,01,362,1,0.0,0.0,0.0,0.0
P3,R03,testing,01,363,1,0.0,0.0,0.0,0.0
P3,R03,testing,01,364,1,0.0,0.0,0.0,0.0
P3,R03,testing,01,365,1,0.0,0.0,0.0,0.0
P3,R03,testing,01,366,1,0.0,0.0,0.0,0.0
P3,R03,testing,01,367,1,0.0,0.0,0.0,0.0
P3,R03,testing,01,368,1,0.0,0.0,0.0,0.0
P3,R03,testing,01,369,1,0.0,0.0,0.0,0.0
P3,R03,testing,01,370,1,0.0,0.0,0.0,0.0
P3,R03,testing,01,371,1,0.0,0.0,0.0,0.0
P3,R03,testing,01,372,1,0.0,0.0,0.0,0.0
P3,R03,testing,01,373,1,0.0,0.0,0.0,0.0
P3,R03,testing,01,374,1,0.0,0.0,0.0,0.0
P3,R03,testing,01,375,1,0.0,0.0,0.0,0.0
P3,R03,testing,01,376,1,0.0,0.0,0.0,0.0
P3,R03,testing,01,377,1,0.0,0.0,0.0,0.0
P3,R03,testing,01,378,1,0.0,0.0,0.0,0.0
P3,R03,testing,01,379,1,0.0,0.0,0.0,0.0
P3,R03,testing,01,380,1,0.0,0.0,0.0,0.0
P3,R03,testing,01,381,1,0.0,0.0,0.0,0.0
P3,R03,testing,01,382,1,0.0,0.0,0.0,0.0
P3,R03,testing,01,383,1,0.0,0.0,0.0,0.0
P3,R03,testing,01,384,1,0.0,0.0,0.0,0.0
P3,R03,testing,01,385,1,0.0,0.0,0.0,0.0
P3,R03,testing,01,386,1,0.0,0.0,0.0,0.0
P3,R03,testing,01,387,1,0.0,0.0,0.0,0.0
P3,R03,testing,01,388,1,0.0,0.0,0.0,0.0
P3,R03,testing,01,389,1,0.0,0.0,0.0,0.0
P3,R03,testing,01,390,1,0.0,0.0,0.0,0.0
P3,R03,testing,01,391,1,0.0,0.0,0.0,0.0
P3,R03,testing,01,392,1,0.0,0.0,0.0,0.0
P3,R03,testing,01,393,1,0.0,0.0,0.0,0.0
P3,R03,testing,01,394,1,0.0,0.0,0.0,0.0
P3,R03,testing,01,395,1,0.0,0.0,0.0,0.0
P3,R03,testing,01,396,1,0.0,0.0,0.0,0.0
P3,R03,testing,01,397,1,0.0,0.0,0.0,0.0
P3,R03,testing,01,398,1,0.0,0.0,0.0,0.0
P3,R03,testing,01,399,1,0.0,0.0,0.0,0.0
P3,R03,testing,01,400,1,0.0,0.0,0.0,0.0
P3,R03,testing,01,401,1,0.0,0.0,0.0,0.0
P3,R03,testing,01,402,1,0.0,0.0,0.0,0.0
P3,R03,testing,01,403,1,0.0,0.0,0.0,0.0
P3,R03,testing,01,404,1,0.0,0.0,0.0,0.0
P3,R03,testing,01,405,1,0.0,0.0,0.0,0.0
P3,R03,testing,01,406,1,0.0,0.0,0.0,0.0
P3,R03,testing,01,407,1,0.0,0.0,0.0,0.0
P3,R03,testing,01,408,1,0.0,0.0,0.0,0.0
P3,R03,testing,01,409,1,0.0,0.0,0.0,0.0
P3,R03,testing,01,410,1,0.0,0.0,0.0,0.0
P3,R03,testing,01,411,1,0.0,0.0,0.0,0.0
P3,R03,testing,01,412,1,0.0,0.0,0.0,0.0
P3,R03,testing,01,413,1,0.0,0.0,0.0,0.0
P3,R03,testing,01,414,1,0.0,0.0,0.0,0.0
P3,R03,testing,01,415,1,0.0,0.0,0.0,0.0
P3,R03,testing,01,416,1,0.0,0.0,0.0,0.0
P3,R03,testing,01,417,1,0.0,0.0,0.0,0.0
P3,R03,testing,01,418,1,0.0,0.0,0.0,0.0
P3,R03,testing,01,419,1,0.0,0.0,0.0,0.0
P3,R03,testing,01,420,1,0.0,0.0,0.0,0.0
P3,R03,testing,01,421,1,0.0,0.0,0.0,0.0
P3,R03,testing,01,422,1,0.0,0.0,0.0,0.0
P3,R03,testing,01,423,1,0.0,0.0,0.0,0.0
P3,R03,testing,01,424,1,0.0,0.0,0.0,0.0
P3,R03,testing,01,425,1,0.0,0.0,0.0,0.0
P3,R03,testing,01,426,1,0.0,0.0,0.0,0.0
P3,R03,testing,01,427,1,0.0,0.0,0.0,0.0
P3,R03,testing,01,428,1,0.0,0.0,0.0,0.0
P3,R03,testing,01,429,1,0.0,0.0,0.0,0.0
P3,R03,testing,01,430,1,0.0,0.0,0.0,0.0
P3,R03,testing,01,431,1,0.0,0.0,0.0,0.0
P3,R03,testing,01,432,1,0.0,0.0,0.0,0.0
P3,R03,testing,01,433,1,0.0,0.0,0.0,0.0
P3,R03,testing,01,434,1,0.0,0.0,0.0,0.0
P3,R03,testing,01,435,1,0.0,0.0,0.0,0.0
P3,R03,testing,01,436,1,0.0,0.0,0.0,0.0
P3,R03,testing,01,437,1,0.0,0.0,0.0,0.0
P3,R03,testing,01,438,1,0.0,0.0,0.0,0.0
P3,R03,testing,01,439,1,0.0,0.0,0.0,0.0
P3,R03,testing,01,440,1,0.0,0.0,0.0,0.0
P3,R03,testing,01,441,1,0.0,0.0,0.0,0.0
P3,R03,testing,01,442,1,0.0,0.0,0.0,0.0
P3,R03,testing,01,443,1,0.0,0.0,0.0,0.0
P3,R03,testing,01,444,1,0.0,0.0,0.0,0.0
P3,R03,testing,01,445,1,0.0,0.0,0.0,0.0
P3,R03,testing,01,446,1,0.0,0.0,0.0,0.0
P3,R03,testing,01,447,1,0.0,0.0,0.0,0.0
P3,R03,testing,01,448,1,0.0,0.0,0.0,0.0
P3,R03,testing,01,449,1,0.0,0.0,0.0,0.0
P3,R03,testing,01,450,1,0.0,0.0,0.0,0.0
P3,R03,testing,01,451,1,0.0,0.0,0.0,0.0
P3,R03,testing,01,452,1,0.0,0.0,0.0,0.0
P3,R03,testing,01,453,1,0.0,0.0,0.0,0.0
P3,R03,testing,01,454,1,0.0,0.0,0.0,0.0
P3,R03,testing,01,455,1,0.0,0.0,0.0,0.0
P3,R03,testing,01,456,1,0.0,0.0,0.0,0.0
P3,R03,testing,01,457,1,0.0,0.0,0.0,0.0
P3,R03,testing,01,458,1,0.0,0.0,0.0,0.0
P3,R03,testing,01,459,1,0.0,0.0,0.0,0.0
P3,R03,testing,01,460,1,0.0,0.0,0.0,0.0
P3,R03,testing,01,461,1,0.0,0.0,0.0,0.0
P3,R03,testing,01,462,1,0.0,0.0,0.0,0.0
P3,R03,testing,01,463,1,0.0,0.0,0.0,0.0
P3,R03,testing,01,464,1,0.0,0.0,0.0,0.0
P3,R03,testing,01,465,1,0.0,0.0,0.0,0.0
P3,R03,testing,01,466,1,0.0,0.0,0.0,0.0
P3,R03,testing,01,467,1,0.0,0.0,0.0,0.0
P3,R03,testing,01,468,1,0.0,0.0,0.0,0.0
P3,R03,testing,01,469,1,0.0,0.0,0.0,0.0
P3,R03,testing,01,470,1,0.0,0.0,0.0,0.0
P3,R03,testing,01,471,1,0.0,0.0,0.0,0.0
P3,R03,testing,01,472,1,0.0,0.0,0.0,0.0
P3,R03,testing,01,473,1,0.0,0.0,0.0,0.0
P3,R03,testing,01,474,1,0.0,0.0,0.0,0.0
P3,R03,testing,01,475,1,0.0,0.0,0.0,0.0
P3,R03,testing,01,476,1,0.0,0.0,0.0,0.0
P3,R03,testing,01,477,1,0.0,0.0,0.0,0.0
P3,R03,testing,01,478,1,0.0,0.0,0.0,0.0
P3,R03,testing,01,479,1,0.0,0.0,0.0,0.0
P3,R03,testing,01,480,1,0.0,0.0,0.0,0.0
P3,R03,testing,01,481,1,0.0,0.0,0.0,0.0
P3,R03,testing,01,482,1,0.0,0.0,0.0,0.0
P3,R03,testing,01,483,1,0.0,0.0,0.0,0.0
P3,R03,testing,01,484,1,0.0,0.0,0.0,0.0
P3,R03,testing,01,485,1,0.0,0.0,0.0,0.0
P3,R03,testing,01,486,1,0.0,0.0,0.0,0.0
P3,R03,testing,01,487,1,0.0,0.0,0.0,0.0
P3,R03,testing,01,488,1,0.0,0.0,0.0,0.0
P3,R03,testing,01,489,1,0.0,0.0,0.0,0.0
P3,R03,testing,01,490,1,0.0,0.0,0.0,0.0
P3,R03,testing,01,491,1,0.0,0.0,0.0,0.0
P3,R03,testing,01,492,1,0.0,0.0,0.0,0.0
P3,R03,testing,01,493,1,0.0,0.0,0.0,0.0
P3,R03,testing,01,494,1,0.0,0.0,0.0,0.0
P3,R03,testing,01,495,1,0.0,0.0,0.0,0.0
P3,R03,testing,01,496,1,0.0,0.0,0.0,0.0
P3,R03,testing,01,497,1,0.0,0.0,0.0,0.0
P3,R03,testing,01,498,1,0.0,0.0,0.0,0.0
P3,R03,testing,01,499,1,0.0,0.0,0.0,0.0
P3,R03,testing,01,500,1,0.0,0.0,0.0,0.0
P3,R03,testing,01,501,1,0.0,0.0,0.0,0.0
P3,R03,testing,01,502,1,0.0,0.0,0.0,0.0
P3,R03,testing,01,503,1,0.0,0.0,0.0,0.0
P3,R03,testing,01,504,1,0.0,0.0,0.0,0.0
P3,R03,testing,01,505,1,0.0,0.0,0.0,0.0
P3,R03,testing,01,506,1,0.0,0.0,0.0,0.0
P3,R03,testing,01,507,1,0.0,0.0,0.0,0.0
P3,R03,testing,01,508,1,0.0,0.0,0.0,0.0
P3,R03,testing,01,509,1,0.0,0.0,0.0,0.0
P3,R03,testing,01,510,1,0.0,0.0,0.0,0.0
P3,R03,testing,01,511,1,0.0,0.0,0.0,0.0
P3,R03,testing,01,512,1,0.0,0.0,0.0,0.0
P3,R03,testing,01,513,1,0.0,0.0,0.0,0.0
P3,R03,testing,01,514,1,0.0,0.0,0.0,0.0
P3,R03,testing,01,515,1,0.0,0.0,0.0,0.0
P3,R03,testing,01,516,1,0.0,0.0,0.0,0.0
P3,R03,testing,01,517,1,0.0,0.0,0.0,0.0
P3,R03,testing,01,518,1,0.0,0.0,0.0,0.0
P3,R03,testing,01,519,1,0.0,0.0,0.0,0.0
P3,R03,testing,01,520,1,0.0,0.0,0.0,0.0
P3,R03,testing,01,521,1,0.0,0.0,0.0,0.0
P3,R03,testing,01,522,1,0.0,0.0,0.0,0.0
P3,R03,testing,01,523,1,0.0,0.0,0.0,0.0
P3,R03,testing,01,524,1,0.0,0.0,0.0,0.0
P3,R03,testing,01,525,1,0.0,0.0,0.0,0.0
P3,R03,testing,01,526,1,0.0,0.0,0.0,0.0
P3,R03,testing,01,527,1,0.0,0.0,0.0,0.0
P3,R03,testing,01,528,1,0.0,0.0,0.0,0.0
P3,R03,testing,01,529,1,0.0,0.0,0.0,0.0
P3,R03,testing,01,530,1,0.0,0.0,0.0,0.0
P3,R03,testing,01,531,1,0.0,0.0,0.0,0.0
P3,R03,testing,01,532,1,0.0,0.0,0.0,0.0
P3,R03,testing,01,533,1,0.0,0.0,0.0,0.0
P3,R03,testing,01,534,1,0.0,0.0,0.0,0.0
P3,R03,testing,01,535,1,0.0,0.0,0.0,0.0
P3,R03,testing,01,536,1,0.0,0.0,0.0,0.0
P3,R03,testing,01,537,1,0.0,0.0,0.0,0.0
P3,R03,testing,01,538,1,0.0,0.0,0.0,0.0
P3,R03,testing,01,539,1,0.0,0.0,0.0,0.0
P3,R03,testing,01,540,1,0.0,0.0,0.0,0.0
P3,R03,testing,01,541,1,0.0,0.0,0.0,0.0
P3,R03,testing,01,542,1,0.0,0.0,0.0,0.0
P3,R03,testing,01,543,1,0.0,0.0,0.0,0.0
P3,R03,testing,01,544,1,0.0,0.0,0.0,0.0
P3,R03,testing,01,545,1,0.0,0.0,0.0,0.0
P3,R03,testing,01,546,1,0.0,0.0,0.0,0.0
P3,R03,testing,01,547,1,0.0,0.0,0.0,0.0
P3,R03,testing,01,548,1,0.0,0.0,0.0,0.0
P3,R03,testing,01,549,1,0.0,0.0,0.0,0.0
P3,R03,testing,01,550,1,0.0,0.0,0.0,0.0
P3,R03,testing,01,551,1,0.0,0.0,0.0,0.0
P3,R03,testing,01,552,1,0.0,0.0,0.0,0.0
P3,R03,testing,01,553,1,0.0,0.0,0.0,0.0
P3,R03,testing,01,554,1,0.0,0.0,0.0,0.0
P3,R03,testing,01,555,1,0.0,0.0,0.0,0.0
P3,R03,testing,01,556,1,0.0,0.0,0.0,0.0
P3,R03,testing,01,557,1,0.0,0.0,0.0,0.0
P3,R03,testing,01,558,1,0.0,0.0,0.0,0.0
P3,R03,testing,01,559,1,0.0,0.0,0.0,0.0
P3,R03,testing,01,560,1,0.0,0.0,0.0,0.0
P3,R03,testing,01,561,1,0.0,0.0,0.0,0.0
P3,R03,testing,01,562,1,0.0,0.0,0.0,0.0
P3,R03,testing,01,563,1,0.0,0.0,0.0,0.0
P3,R03,testing,01,564,1,0.0,0.0,0.0,0.0
P3,R03,testing,01,565,1,0.0,0.0,0.0,0.0
P3,R03,testing,01,566,1,0.0,0.0,0.0,0.0
P3,R03,testing,01,567,1,0.0,0.0,0.0,0.0
P3,R03,testing,01,568,1,0.0,0.0,0.0,0.0
P3,R03,testing,01,569,1,0.0,0.0,0.0,0.0
P3,R03,testing,01,570,1,0.0,0.0,0.0,0.0
P3,R03,testing,01,571,1,0.0,0.0,0.0,0.0
P3,R03,testing,01,572,1,0.0,0.0,0.0,0.0
P3,R03,testing,01,573,1,0.0,0.0,0.0,0.0
P3,R03,testing,01,574,1,0.0,0.0,0.0,0.0
P3,R03,testing,01,575,1,0.0,0.0,0.0,0.0
P3,R03,testing,01,576,1,0.0,0.0,0.0,0.0
P3,R03,testing,01,577,1,0.0,0.0,0.0,0.0
P3,R03,testing,01,578,1,0.0,0.0,0.0,0.0
P3,R03,testing,01,579,1,0.0,0.0,0.0,0.0
P3,R03,testing,01,580,1,0.0,0.0,0.0,0.0
P3,R03,testing,01,581,1,0.0,0.0,0.0,0.0
P3,R03,testing,01,582,1,0.0,0.0,0.0,0.0
P3,R03,testing,01,583,1,0.0,0.0,0.0,0.0
P3,R03,testing,01,584,1,0.0,0.0,0.0,0.0
P3,R03,testing,01,585,1,0.0,0.0,0.0,0.0
P3,R03,testing,01,586,1,0.0,0.0,0.0,0.0
P3,R03,testing,01,587,1,0.0,0.0,0.0,0.0
P3,R03,testing,01,588,1,0.0,0.0,0.0,0.0
P3,R03,testing,01,589,1,0.0,0.0,0.0,0.0
P3,R03,testing,01,590,1,0.0,0.0,0.0,0.0
P3,R03,testing,01,591,1,0.0,0.0,0.0,0.0
P3,R03,testing,01,592,1,0.0,0.0,0.0,0.0
P3,R03,testing,01,593,1,0.0,0.0,0.0,0.0
P3,R03,testing,01,594,1,0.0,0.0,0.0,0.0
P3,R03,testing,01,595,1,0.0,0.0,0.0,0.0
P3,R03,testing,01,596,1,0.0,0.0,0.0,0.0
P3,R03,testing,01,597,1,0.0,0.0,0.0,0.0
P3,R03,testing,01,598,1,0.0,0.0,0.0,0.0
P3,R03,testing,01,599,1,0.0,0.0,0.0,0.0
P3,R03,testing,01,600,1,0.0,0.0,0.0,0.0
P3,R03,testing,01,601,1,0.0,0.0,0.0,0.0
P3,R03,testing,01,602,1,0.0,0.0,0.0,0.0
P3,R03,testing,01,603,1,0.0,0.0,0.0,0.0
P3,R03,testing,01,604,1,0.0,0.0,0.0,0.0
P3,R03,testing,01,605,1,0.0,0.0,0.0,0.0
P3,R03,testing,01,606,1,0.0,0.0,0.0,0.0
P3,R03,testing,01,607,1,0.0,0.0,0.0,0.0
P3,R03,testing,01,608,1,0.0,0.0,0.0,0.0
P3,R03,testing,01,609,1,0.0,0.0,0.0,0.0
P3,R03,testing,01,610,1,0.0,0.0,0.0,0.0
P3,R03,testing,01,611,1,0.0,0.0,0.0,0.0
P3,R03,testing,01,612,1,0.0,0.0,0.0,0.0
P3,R03,testing,01,613,1,0.0,0.0,0.0,0.0
P3,R03,testing,01,614,1,0.0,0.0,0.0,0.0
P3,R03,testing,01,615,1,0.0,0.0,0.0,0.0
P3,R03,testing,01,616,1,0.0,0.0,0.0,0.0
P3,R03,testing,01,617,1,0.0,0.0,0.0,0.0
P3,R03,testing,01,618,1,0.0,0.0,0.0,0.0
P3,R03,testing,01,619,1,0.0,0.0,0.0,0.0
P3,R03,testing,01,620,1,0.0,0.0,0.0,0.0
P3,R03,testing,01,621,1,0.0,0.0,0.0,0.0
P3,R03,testing,01,622,1,0.0,0.0,0.0,0.0
P3,R03,testing,01,623,1,0.0,0.0,0.0,0.0
P3,R03,testing,01,624,1,0.0,0.0,0.0,0.0
P3,R03,testing,01,625,1,0.0,0.0,0.0,0.0
P3,R03,testing,01,626,1,0.0,0.0,0.0,0.0
P3,R03,testing,01,627,1,0.0,0.0,0.0,0.0
P3,R03,testing,01,628,1,0.0,0.0,0.0,0.0
P3,R03,testing,01,629,1,0.0,0.0,0.0,0.0
P3,R03,testing,01,630,1,0.0,0.0,0.0,0.0
P3,R03,testing,01,631,1,0.0,0.0,0.0,0.0
P3,R03,testing,01,632,1,0.0,0.0,0.0,0.0
P3,R03,testing,01,633,1,0.0,0.0,0.0,0.0
P3,R03,testing,01,634,1,0.0,0.0,0.0,0.0
P3,R03,testing,01,635,1,0.0,0.0,0.0,0.0
P3,R03,testing,01,636,1,0.0,0.0,0.0,0.0
P3,R03,testing,01,637,1,0.0,0.0,0.0,0.0
P3,R03,testing,01,638,1,0.0,0.0,0.0,0.0
P3,R03,testing,01,639,1,0.0,0.0,0.0,0.0
P3,R03,testing,01,640,1,0.0,0.0,0.0,0.0
P3,R03,testing,01,641,1,0.0,0.0,0.0,0.0
P3,R03,testing,01,642,1,0.0,0.0,0.0,0.0
P3,R03,testing,01,643,1,0.0,0.0,0.0,0.0
P3,R03,testing,01,644,1,0.0,0.0,0.0,0.0
P3,R03,testing,01,645,1,0.0,0.0,0.0,0.0
P3,R03,testing,01,646,1,0.0,0.0,0.0,0.0
P3,R03,testing,01,647,1,0.0,0.0,0.0,0.0
P3,R03,testing,01,648,1,0.0,0.0,0.0,0.0
P3,R03,testing,01,649,1,0.0,0.0,0.0,0.0
P3,R03,testing,01,650,1,0.0,0.0,0.0,0.0
P3,R03,testing,01,651,1,0.0,0.0,0.0,0.0
P3,R03,testing,01,652,1,0.0,0.0,0.0,0.0
P3,R03,testing,01,653,1,0.0,0.0,0.0,0.0
P3,R03,testing,01,654,1,0.0,0.0,0.0,0.0
P3,R03,testing,01,655,1,0.0,0.0,0.0,0.0
P3,R03,testing,01,656,1,0.0,0.0,0.0,0.0
P3,R03,testing,01,657,1,0.0,0.0,0.0,0.0
P3,R03,testing,01,658,1,0.0,0.0,0.0,0.0
P3,R03,testing,01,659,1,0.0,0.0,0.0,0.0
P3,R03,testing,01,660,1,0.0,0.0,0.0,0.0
P3,R03,testing,01,661,1,0.0,0.0,0.0,0.0
P3,R03,testing,01,662,1,0.0,0.0,0.0,0.0
P3,R03,testing,01,663,1,0.0,0.0,0.0,0.0
P3,R03,testing,01,664,1,0.0,0.0,0.0,0.0
P3,R03,testing,01,665,1,0.0,0.0,0.0,0.0
P3,R03,testing,01,666,1,0.0,0.0,0.0,0.0
P3,R03,testing,01,667,1,0.0,0.0,0.0,0.0
P3,R03,testing,01,668,1,0.0,0.0,0.0,0.0
P3,R03,testing,01,669,1,0.0,0.0,0.0,0.0
P3,R03,testing,01,670,1,0.0,0.0,0.0,0.0
P3,R03,testing,01,671,1,0.0,0.0,0.0,0.0
P3,R03,testing,01,672,1,0.0,0.0,0.0,0.0
P3,R03,testing,01,673,1,0.0,0.0,0.0,0.0
P3,R03,testing,01,674,1,0.0,0.0,0.0,0.0
P3,R03,testing,01,675,1,0.0,0.0,0.0,0.0
P3,R03,testing,01,676,1,0.0,0.0,0.0,0.0
P3,R03,testing,01,677,1,0.0,0.0,0.0,0.0
P3,R03,testing,01,678,1,0.0,0.0,0.0,0.0
P3,R03,testing,01,679,1,0.0,0.0,0.0,0.0
P3,R03,testing,01,680,1,0.0,0.0,0.0,0.0
P3,R03,testing,01,681,1,0.0,0.0,0.0,0.0
P3,R03,testing,01,682,1,0.0,0.0,0.0,0.0
P3,R03,testing,01,683,1,0.0,0.0,0.0,0.0
P3,R03,testing,01,684,1,0.0,0.0,0.0,0.0
P3,R03,testing,01,685,1,0.0,0.0,0.0,0.0
P3,R03,testing,01,686,1,0.0,0.0,0.0,0.0
P3,R03,testing,01,687,1,0.0,0.0,0.0,0.0
P3,R03,testing,01,688,1,0.0,0.0,0.0,0.0
P3,R03,testing,01,689,1,0.0,0.0,0.0,0.0
P3,R03,testing,01,690,1,0.0,0.0,0.0,0.0
P3,R03,testing,01,691,1,0.0,0.0,0.0,0.0
P3,R03,testing,01,692,1,0.0,0.0,0.0,0.0
P3,R03,testing,01,693,1,0.0,0.0,0.0,0.0
P3,R03,testing,01,694,1,0.0,0.0,0.0,0.0
P3,R03,testing,01,695,1,0.0,0.0,0.0,0.0
P3,R03,testing,01,696,1,0.0,0.0,0.0,0.0
P3,R03,testing,01,697,1,0.0,0.0,0.0,0.0
P3,R03,testing,01,698,1,0.0,0.0,0.0,0.0
P3,R03,testing,01,699,1,0.0,0.0,0.0,0.0
P3,R03,testing,01,700,1,0.0,0.0,0.0,0.0
P3,R03,testing,01,701,1,0.0,0.0,0.0,0.0
P3,R03,testing,01,702,1,0.0,0.0,0.0,0.0
P3,R03,testing,01,703,1,0.0,0.0,0.0,0.0
P3,R03,testing,01,704,1,0.0,0.0,0.0,0.0
P3,R03,testing,01,705,1,0.0,0.0,0.0,0.0
P3,R03,testing,01,706,1,0.0,0.0,0.0,0.0
P3,R03,testing,01,707,1,0.0,0.0,0.0,0.0
P3,R03,testing,01,708,1,0.0,0.0,0.0,0.0
P3,R03,testing,01,709,1,0.0,0.0,0.0,0.0
P3,R03,testing,01,710,1,0.0,0.0,0.0,0.0
P3,R03,testing,01,711,1,0.0,0.0,0.0,0.0
P3,R03,testing,01,712,1,0.0,0.0,0.0,0.0
P3,R03,testing,01,713,1,0.0,0.0,0.0,0.0
P3,R03,testing,01,714,1,0.0,0.0,0.0,0.0
P3,R03,testing,01,715,1,0.0,0.0,0.0,0.0
P3,R03,testing,01,716,1,0.0,0.0,0.0,0.0
P3,R03,testing,01,717,1,0.0,0.0,0.0,0.0
P3,R03,testing,01,718,1,0.0,0.0,0.0,0.0
P3,R03,testing,01,719,1,0.0,0.0,0.0,0.0
A,R03,testing,08,0,0,0.0,0.0,0.0,0.0
A,R03,testing,08,1,0,0.0,0.0,0.0,0.0
A,R03,testing,08,2,0,0.0,0.0,0.0,0.0
A,R03,testing,08,3,0,0.0,0.0,0.0,0.0
A,R03,testing,08,4,0,0.0,0.0,0.0,0.0
A,R03,testing,08,5,0,0.0,0.0,0.0,0.0
A,R03,testing,08,6,0,0.0,0.0,0.0,0.0
A,R03,testing,08,7,0,0.0,0.0,0.0,0.0
A,R03,testing,08,8,0,0.0,0.0,0.0,0.0
A,R03,testing,08,9,0,0.0,0.0,0.0,0.0
A,R03,testing,08,10,0,0.0,0.0,0.0,0.0
A,R03,testing,08,11,0,0.0,0.0,0.0,0.0
A,R03,testing,08,12,0,0.0,0.0,0.0,0.0
A,R03,testing,08,13,0,0.0,0.0,0.0,0.0
A,R03,testing,08,14,0,0.0,0.0,0.0,0.0
A,R03,testing,08,15,0,0.0,0.0,0.0,0.0
A,R03,testing,08,16,0,0.0,0.0,0.0,0.0
A,R03,testing,08,17,0,0.0,0.0,0.0,0.0
A,R03,testing,08,18,0,0.0,0.0,0.0,0.0
A,R03,testing,08,19,0,0.0,0.0,0.0,0.0
A,R03,testing,08,20,0,0.0,0.0,0.0,0.0
A,R03,testing,08,21,0,0.0,0.0,0.0,0.0
A,R03,testing,08,22,0,0.0,0.0,0.0,0.0
A,R03,testing,08,23,0,0.0,0.0,0.0,0.0
A,R03,testing,08,24,0,0.0,0.0,0.0,0.0
A,R03,testing,08,25,0,0.0,0.0,0.0,0.0
A,R03,testing,08,26,0,0.0,0.0,0.0,0.0
A,R03,testing,08,27,0,0.0,0.0,0.0,0.0
A,R03,testing,08,28,0,0.0,0.0,0.0,0.0
A,R03,testing,08,29,0,0.0,0.0,0.0,0.0
A,R03,testing,08,30,0,0.0,0.0,0.0,0.0
A,R03,testing,08,31,0,0.0,0.0,0.0,0.0
A,R03,testing,08,32,0,0.0,0.0,0.0,0.0
A,R03,testing,08,33,0,0.0,0.0,0.0,0.0
A,R03,testing,08,34,0,0.0,0.0,0.0,0.0
A,R03,testing,08,35,0,0.0,0.0,0.0,0.0
A,R03,testing,08,36,0,0.0,0.0,0.0,0.0
A,R03,testing,08,37,0,0.0,0.0,0.0,0.0
A,R03,testing,08,38,0,0.0,0.0,0.0,0.0
A,R03,testing,08,39,0,0.0,0.0,0.0,0.0
A,R03,testing,08,40,0,0.0,0.0,0.0,0.0
A,R03,testing,08,41,0,0.0,0.0,0.0,0.0
A,R03,testing,08,42,0,0.0,0.0,0.0,0.0
A,R03,testing,08,43,0,0.0,0.0,0.0,0.0
A,R03,testing,08,44,0,0.0,0.0,0.0,0.0
A,R03,testing,08,45,0,0.0,0.0,0.0,0.0
A,R03,testing,08,46,0,0.0,0.0,0.0,0.0
A,R03,testing,08,47,0,0.0,0.0,0.0,0.0
A,R03,testing,08,48,0,0.0,0.0,0.0,0.0
A,R03,testing,08,49,0,0.0,0.0,0.0,0.0
A,R03,testing,08,50,0,0.0,0.0,0.0,0.0
A,R03,testing,08,51,0,0.0,0.0,0.0,0.0
A,R03,testing,08,52,0,0.0,0.0,0.0,0.0
A,R03,testing,08,53,0,0.0,0.0,0.0,0.0
A,R03,testing,08,54,0,0.0,0.0,0.0,0.0
A,R03,testing,08,55,0,0.0,0.0,0.0,0.0
A,R03,testing,08,56,0,0.0,0.0,0.0,0.0
A,R03,testing,08,57,0,0.0,0.0,0.0,0.0
A,R03,testing,08,58,0,0.0,0.0,0.0,0.0
A,R03,testing,08,59,0,0.0,0.0,0.0,0.0
A,R03,testing,08,60,0,0.0,0.0,0.0,0.0
A,R03,testing,08,61,0,0.0,0.0,0.0,0.0
A,R03,testing,08,62,0,0.0,0.0,0.0,0.0
A,R03,testing,08,63,0,0.0,0.0,0.0,0.0
A,R03,testing,08,64,0,0.0,0.0,0.0,0.0
A,R03,testing,08,65,0,0.0,0.0,0.0,0.0
A,R03,testing,08,66,0,0.0,0.0,0.0,0.0
A,R03,testing,08,67,0,0.0,0.0,0.0,0.0
A,R03,testing,08,68,0,0.0,0.0,0.0,0.0
A,R03,testing,08,69,0,0.0,0.0,0.0,0.0
A,R03,testing,08,70,0,0.0,0.0,0.0,0.0
A,R03,testing,08,71,0,0.0,0.0,0.0,0.0
A,R03,testing,08,72,0,0.0,0.0,0.0,0.0
A,R03,testing,08,73,0,0.0,0.0,0.0,0.0
A,R03,testing,08,74,0,0.0,0.0,0.0,0.0
A,R03,testing,08,75,0,0.0,0.0,0.0,0.0
A,R03,testing,08,76,0,0.0,0.0,0.0,0.0
A,R03,testing,08,77,0,0.0,0.0,0.0,0.0
A,R03,testing,08,78,0,0.0,0.0,0.0,0.0
A,R03,testing,08,79,0,0.0,0.0,0.0,0.0
A,R03,testing,08,80,0,0.0,0.0,0.0,0.0
A,R03,testing,08,81,0,0.0,0.0,0.0,0.0
A,R03,testing,08,82,0,0.0,0.0,0.0,0.0
A,R03,testing,08,83,0,0.0,0.0,0.0,0.0
A,R03,testing,08,84,0,0.0,0.0,0.0,0.0
A,R03,testing,08,85,0,0.0,0.0,0.0,0.0
A,R03,testing,08,86,0,0.0,0.0,0.0,0.0
A,R03,testing,08,87,0,0.0,0.0,0.0,0.0
A,R03,testing,08,88,0,0.0,0.0,0.0,0.0
A,R03,testing,08,89,0,0.0,0.0,0.0,0.0
A,R03,testing,08,90,0,0.0,0.0,0.0,0.0
A,R03,testing,08,91,0,0.0,0.0,0.0,0.0
A,R03,testing,08,92,0,0.0,0.0,0.0,0.0
A,R03,testing,08,93,0,0.0,0.0,0.0,0.0
A,R03,testing,08,94,0,0.0,0.0,0.0,0.0
A,R03,testing,08,95,0,0.0,0.0,0.0,0.0
A,R03,testing,08,96,0,0.0,0.0,0.0,0.0
A,R03,testing,08,97,0,0.0,0.0,0.0,0.0
A,R03,testing,08,98,0,0.0,0.0,0.0,0.0
A,R03,testing,08,99,0,0.0,0.0,0.0,0.0
A,R03,testing,08,100,0,0.0,0.0,0.0,0.0
A,R03,testing,08,101,0,0.0,0.0,0.0,0.0
A,R03,testing,08,102,0,0.0,0.0,0.0,0.0
A,R03,testing,08,103,0,0.0,0.0,0.0,0.0
A,R03,testing,08,104,0,0.0,0.0,0.0,0.0
A,R03,testing,08,105,0,0.0,0.0,0.0,0.0
A,R03,testing,08,106,0,0.0,0.0,0.0,0.0
A,R03,testing,08,107,0,0.0,0.0,0.0,0.0
A,R03,testing,08,108,0,0.0,0.0,0.0,0.0
A,R03,testing,08,109,0,0.0,0.0,0.0,0.0
A,R03,testing,08,110,0,0.0,0.0,0.0,0.0
A,R03,testing,08,111,0,0.0,0.0,0.0,0.0
A,R03,testing,08,112,0,0.0,0.0,0.0,0.0
A,R03,testing,08,113,0,0.0,0.0,0.0,0.0
A,R03,testing,08,114,0,0.0,0.0,0.0,0.0
A,R03,testing,08,115,0,0.0,0.0,0.0,0.0
A,R03,testing,08,116,0,0.0,0.0,0.0,0.0
A,R03,testing,08,117,0,0.0,0.0,0.0,0.0
A,R03,testing,08,118,0,0.0,0.0,0.0,0.0
A,R03,testing,08,119,0,0.0,0.0,0.0,0.0
A,R03,testing,08,120,0,0.0,0.0,0.0,0.0
A,R03,testing,08,121,0,0.0,0.0,0.0,0.0
A,R03,testing,08,122,0,0.0,0.0,0.0,0.0
A,R03,testing,08,123,0,0.0,0.0,0.0,0.0
A,R03,testing,08,124,0,0.0,0.0,0.0,0.0
A,R03,testing,08,125,0,0.0,0.0,0.0,0.0
A,R03,testing,08,126,0,0.0,0.0,0.0,0.0
A,R03,testing,08,127,0,0.0,0.0,0.0,0.0
A,R03,testing,08,128,0,0.0,0.0,0.0,0.0
A,R03,testing,08,129,0,0.0,0.0,0.0,0.0
A,R03,testing,08,130,0,0.0,0.0,0.0,0.0
A,R03,testing,08,131,0,0.0,0.0,0.0,0.0
A,R03,testing,08,132,0,0.0,0.0,0.0,0.0
A,R03,testing,08,133,0,0.0,0.0,0.0,0.0
A,R03,testing,08,134,0,0.0,0.0,0.0,0.0
A,R03,testing,08,135,0,0.0,0.0,0.0,0.0
A,R03,testing,08,136,0,0.0,0.0,0.0,0.0
A,R03,testing,08,137,0,0.0,0.0,0.0,0.0
A,R03,testing,08,138,0,0.0,0.0,0.0,0.0
A,R03,testing,08,139,0,0.0,0.0,0.0,0.0
A,R03,testing,08,140,0,0.0,0.0,0.0,0.0
A,R03,testing,08,141,0,0.0,0.0,0.0,0.0
A,R03,testing,08,142,0,0.0,0.0,0.0,0.0
A,R03,testing,08,143,0,0.0,0.0,0.0,0.0
A,R03,testing,08,144,0,0.0,0.0,0.0,0.0
A,R03,testing,08,145,0,0.0,0.0,0.0,0.0
A,R03,testing,08,146,0,0.0,0.0,0.0,0.0
A,R03,testing,08,147,0,0.0,0.0,0.0,0.0
A,R03,testing,08,148,0,0.0,0.0,0.0,0.0
A,R03,testing,08,149,0,0.0,0.0,0.0,0.0
A,R03,testing,08,150,0,0.0,0.0,0.0,0.0
A,R03,testing,08,151,0,0.0,0.0,0.0,0.0
A,R03,testing,08,152,0,0.0,0.0,0.0,0.0
A,R03,testing,08,153,0,0.0,0.0,0.0,0.0
A,R03,testing,08,154,0,0.0,0.0,0.0,0.0
A,R03,testing,08,155,0,0.0,0.0,0.0,0.0
A,R03,testing,08,156,0,0.0,0.0,0.0,0.0
A,R03,testing,08,157,0,0.0,0.0,0.0,0.0
A,R03,testing,08,158,0,0.0,0.0,0.0,0.0
A,R03,testing,08,159,0,0.0,0.0,0.0,0.0
A,R03,testing,08,160,0,0.0,0.0,0.0,0.0
A,R03,testing,08,161,0,0.0,0.0,0.0,0.0
A,R03,testing,08,162,0,0.0,0.0,0.0,0.0
A,R03,testing,08,163,0,0.0,0.0,0.0,0.0
A,R03,testing,08,164,0,0.0,0.0,0.0,0.0
A,R03,testing,08,165,0,0.0,0.0,0.0,0.0
A,R03,testing,08,166,0,0.0,0.0,0.0,0.0
A,R03,testing,08,167,0,0.0,0.0,0.0,0.0
A,R03,testing,08,168,0,0.0,0.0,0.0,0.0
A,R03,testing,08,169,0,0.0,0.0,0.0,0.0
A,R03,testing,08,170,0,0.0,0.0,0.0,0.0
A,R03,testing,08,171,0,0.0,0.0,0.0,0.0
A,R03,testing,08,172,0,0.0,0.0,0.0,0.0
A,R03,testing,08,173,0,0.0,0.0,0.0,0.0
A,R03,testing,08,174,0,0.0,0.0,0.0,0.0
A,R03,testing,08,175,0,0.0,0.0,0.0,0.0
A,R03,testing,08,176,0,0.0,0.0,0.0,0.0
A,R03,testing,08,177,0,0.0,0.0,0.0,0.0
A,R03,testing,08,178,0,0.0,0.0,0.0,0.0
A,R03,testing,08,179,0,0.0,0.0,0.0,0.0
A,R03,testing,08,180,0,0.0,0.0,0.0,0.0
A,R03,testing,08,181,0,0.0,0.0,0.0,0.0
A,R03,testing,08,182,0,0.0,0.0,0.0,0.0
A,R03,testing,08,183,0,0.0,0.0,0.0,0.0
A,R03,testing,08,184,0,0.0,0.0,0.0,0.0
A,R03,testing,08,185,0,0.0,0.0,0.0,0.0
A,R03,testing,08,186,0,0.0,0.0,0.0,0.0
A,R03,testing,08,187,0,0.0,0.0,0.0,0.0
A,R03,testing,08,188,0,0.0,0.0,0.0,0.0
A,R03,testing,08,189,0,0.0,0.0,0.0,0.0
A,R03,testing,08,190,0,0.0,0.0,0.0,0.0
A,R03,testing,08,191,0,0.0,0.0,0.0,0.0
A,R03,testing,08,192,0,0.0,0.0,0.0,0.0
A,R03,testing,08,193,0,0.0,0.0,0.0,0.0
A,R03,testing,08,194,0,0.0,0.0,0.0,0.0
A,R03,testing,08,195,0,0.0,0.0,0.0,0.0
A,R03,testing,08,196,0,0.0,0.0,0.0,0.0
A,R03,testing,08,197,0,0.0,0.0,0.0,0.0
A,R03,testing,08,198,0,0.0,0.0,0.0,0.0
A,R03,testing,08,199,0,0.0,0.0,0.0,0.0
A,R03,testing,08,200,0,0.0,0.0,0.0,0.0
A,R03,testing,08,201,0,0.0,0.0,0.0,0.0
A,R03,testing,08,202,0,0.0,0.0,0.0,0.0
A,R03,testing,08,203,0,0.0,0.0,0.0,0.0
A,R03,testing,08,204,0,0.0,0.0,0.0,0.0
A,R03,testing,08,205,0,0.0,0.0,0.0,0.0
A,R03,testing,08,206,0,0.0,0.0,0.0,0.0
A,R03,testing,08,207,0,0.0,0.0,0.0,0.0
A,R03,testing,08,208,0,0.0,0.0,0.0,0.0
A,R03,testing,08,209,0,0.0,0.0,0.0,0.0
A,R03,testing,08,210,0,0.0,0.0,0.0,0.0
A,R03,testing,08,211,0,0.0,0.0,0.0,0.0
A,R03,testing,08,212,0,0.0,0.0,0.0,0.0
A,R03,testing,08,213,0,0.0,0.0,0.0,0.0
A,R03,testing,08,214,0,0.0,0.0,0.0,0.0
A,R03,testing,08,215,0,0.0,0.0,0.0,0.0
A,R03,testing,08,216,0,0.0,0.0,0.0,0.0
A,R03,testing,08,217,0,0.0,0.0,0.0,0.0
A,R03,testing,08,218,0,0.0,0.0,0.0,0.0
A,R03,testing,08,219,0,0.0,0.0,0.0,0.0
A,R03,testing,08,220,0,0.0,0.0,0.0,0.0
A,R03,testing,08,221,0,0.0,0.0,0.0,0.0
A,R03,testing,08,222,0,0.0,0.0,0.0,0.0
A,R03,testing,08,223,0,0.0,0.0,0.0,0.0
A,R03,testing,08,224,0,0.0,0.0,0.0,0.0
A,R03,testing,08,225,0,0.0,0.0,0.0,0.0
A,R03,testing,08,226,0,0.0,0.0,0.0,0.0
A,R03,testing,08,227,0,0.0,0.0,0.0,0.0
A,R03,testing,08,228,0,0.0,0.0,0.0,0.0
A,R03,testing,08,229,0,0.0,0.0,0.0,0.0
A,R03,testing,08,230,0,0.0,0.0,0.0,0.0
A,R03,testing,08,231,0,0.0,0.0,0.0,0.0
A,R03,testing,08,232,0,0.0,0.0,0.0,0.0
A,R03,testing,08,233,0,0.0,0.0,0.0,0.0
A,R03,testing,08,234,0,0.0,0.0,0.0,0.0
A,R03,testing,08,235,0,0.0,0.0,0.0,0.0
A,R03,testing,08,236,0,0.0,0.0,0.0,0.0
A,R03,testing,08,237,0,0.0,0.0,0.0,0.0
A,R03,testing,08,238,0,0.0,0.0,0.0,0.0
A,R03,testing,08,239,0,0.0,0.0,0.0,0.0
A,R03,testing,08,240,0,0.0,0.0,0.0,0.0
A,R03,testing,08,241,0,0.0,0.0,0.0,0.0
A,R03,testing,08,242,1,0.0,0.0,0.0,0.0
A,R03,testing,08,243,1,0.0,0.0,0.0,0.0
A,R03,testing,08,244,1,0.0,0.0,0.0,0.0
A,R03,testing,08,245,1,0.0,0.0,0.0,0.0
A,R03,testing,08,246,1,0.0,0.0,0.0,0.0
A,R03,testing,08,247,1,0.0,0.0,0.0,0.0
A,R03,testing,08,248,1,0.0,0.0,0.0,0.0
A,R03,testing,08,249,1,0.0,0.0,0.0,0.0
A,R03,testing,08,250,1,0.0,0.0,0.0,0.0
A,R03,testing,08,251,1,0.0,0.0,0.0,0.0
A,R03,testing,08,252,1,0.0,0.0,0.0,0.0
A,R03,testing,08,253,1,0.0,0.0,0.0,0.0
A,R03,testing,08,254,1,0.0,0.0,0.0,0.0
A,R03,testing,08,255,1,0.0,0.0,0.0,0.0
A,R03,testing,08,256,1,0.0,0.0,0.0,0.0
A,R03,testing,08,257,1,0.0,0.0,0.0,0.0
A,R03,testing,08,258,1,0.0,0.0,0.0,0.0
A,R03,testing,08,259,1,0.0,0.0,0.0,0.0
A,R03,testing,08,260,1,0.0,0.0,0.0,0.0
A,R03,testing,08,261,1,0.0,0.0,0.0,0.0
A,R03,testing,08,262,1,0.0,0.0,0.0,0.0
A,R03,testing,08,263,1,0.0,0.0,0.0,0.0
A,R03,testing,08,264,1,0.0,0.0,0.0,0.0
A,R03,testing,08,265,1,0.0,0.0,0.0,0.0
A,R03,testing,08,266,1,0.0,0.0,0.0,0.0
A,R03,testing,08,267,1,0.0,0.0,0.0,0.0
A,R03,testing,08,268,1,0.0,0.0,0.0,0.0
A,R03,testing,08,269,1,0.0,0.0,0.0,0.0
A,R03,testing,08,270,1,0.0,0.0,0.0,0.0
A,R03,testing,08,271,1,0.0,0.0,0.0,0.0
A,R03,testing,08,272,1,0.0,0.0,0.0,0.0
A,R03,testing,08,273,1,0.0,0.0,0.0,0.0
A,R03,testing,08,274,1,0.0,0.0,0.0,0.0
A,R03,testing,08,275,1,0.0,0.0,0.0,0.0
A,R03,testing,08,276,1,0.0,0.0,0.0,0.0
A,R03,testing,08,277,1,0.0,0.0,0.0,0.0
A,R03,testing,08,278,1,0.0,0.0,0.0,0.0
A,R03,testing,08,279,1,0.0,0.0,0.0,0.0
A,R03,testing,08,280,1,0.0,0.0,0.0,0.0
A,R03,testing,08,281,1,0.0,0.0,0.0,0.0
A,R03,testing,08,282,1,0.0,0.0,0.0,0.0
A,R03,testing,08,283,1,0.0,0.0,0.0,0.0
A,R03,testing,08,284,1,0.0,0.0,0.0,0.0
A,R03,testing,08,285,1,0.0,0.0,0.0,0.0
A,R03,testing,08,286,1,0.0,0.0,0.0,0.0
A,R03,testing,08,287,1,0.0,0.0,0.0,0.0
A,R03,testing,08,288,1,0.0,0.0,0.0,0.0
A,R03,testing,08,289,1,0.0,0.0,0.0,0.0
A,R03,testing,08,290,1,0.0,0.0,0.0,0.0
A,R03,testing,08,291,1,0.0,0.0,0.0,0.0
A,R03,testing,08,292,1,0.0,0.0,0.0,0.0
A,R03,testing,08,293,1,0.0,0.0,0.0,0.0
A,R03,testing,08,294,1,0.0,0.0,0.0,0.0
A,R03,testing,08,295,1,0.0,0.0,0.0,0.0
A,R03,testing,08,296,1,0.0,0.0,0.0,0.0
A,R03,testing,08,297,1,0.0,0.0,0.0,0.0
A,R03,testing,08,298,1,0.0,0.0,0.0,0.0
A,R03,testing,08,299,1,0.0,0.0,0.0,0.0
A,R03,testing,08,300,1,0.0,0.0,0.0,0.0
A,R03,testing,08,301,1,0.0,0.0,0.0,0.0
A,R03,testing,08,302,1,0.0,0.0,0.0,0.0
A,R03,testing,08,303,1,0.0,0.0,0.0,0.0
A,R03,testing,08,304,1,0.0,0.0,0.0,0.0
A,R03,testing,08,305,1,0.0,0.0,0.0,0.0
A,R03,testing,08,306,1,0.0,0.0,0.0,0.0
A,R03,testing,08,307,1,0.0,0.0,0.0,0.0
A,R03,testing,08,308,1,0.0,0.0,0.0,0.0
A,R03,testing,08,309,1,0.0,0.0,0.0,0.0
A,R03,testing,08,310,1,0.0,0.0,0.0,0.0
A,R03,testing,08,311,1,0.0,0.0,0.0,0.0
A,R03,testing,08,312,1,0.0,0.0,0.0,0.0
A,R03,testing,08,313,1,0.0,0.0,0.0,0.0
A,R03,testing,08,314,1,0.0,0.0,0.0,0.0
A,R03,testing,08,315,1,0.0,0.0,0.0,0.0
A,R03,testing,08,316,1,0.0,0.0,0.0,0.0
A,R03,testing,08,317,1,0.0,0.0,0.0,0.0
A,R03,testing,08,318,1,0.0,0.0,0.0,0.0
A,R03,testing,08,319,1,0.0,0.0,0.0,0.0
A,R03,testing,08,320,1,0.0,0.0,0.0,0.0
A,R03,testing,08,321,1,0.0,0.0,0.0,0.0
A,R03,testing,08,322,1,0.0,0.0,0.0,0.0
A,R03,testing,08,323,1,0.0,0.0,0.0,0.0
A,R03,testing,08,324,1,0.0,0.0,0.0,0.0
A,R03,testing,08,325,1,0.0,0.0,0.0,0.0
A,R03,testing,08,326,1,0.0,0.0,0.0,0.0
A,R03,testing,08,327,1,0.0,0.0,0.0,0.0
A,R03,testing,08,328,1,0.0,0.0,0.0,0.0
A,R03,testing,08,329,1,0.0,0.0,0.0,0.0
A,R03,testing,08,330,1,0.0,0.0,0.0,0.0
A,R03,testing,08,331,1,0.0,0.0,0.0,0.0
A,R03,testing,08,332,1,0.0,0.0,0.0,0.0
A,R03,testing,08,333,1,0.0,0.0,0.0,0.0
A,R03,testing,08,334,1,0.0,0.0,0.0,0.0
A,R03,testing,08,335,1,0.0,0.0,0.0,0.0
A,R03,testing,08,336,1,0.0,0.0,0.0,0.0
A,R03,testing,08,337,1,0.0,0.0,0.0,0.0
A,R03,testing,08,338,1,0.0,0.0,0.0,0.0
A,R03,testing,08,339,1,0.0,0.0,0.0,0.0
A,R03,testing,08,340,1,0.0,0.0,0.0,0.0
A,R03,testing,08,341,1,0.0,0.0,0.0,0.0
A,R03,testing,08,342,1,0.0,0.0,0.0,0.0
A,R03,testing,08,343,1,0.0,0.0,0.0,0.0
A,R03,testing,08,344,1,0.0,0.0,0.0,0.0
A,R03,testing,08,345,1,0.0,0.0,0.0,0.0
A,R03,testing,08,346,1,0.0,0.0,0.0,0.0
A,R03,testing,08,347,1,0.0,0.0,0.0,0.0
A,R03,testing,08,348,1,0.0,0.0,0.0,0.0
A,R03,testing,08,349,1,0.0,0.0,0.0,0.0
A,R03,testing,08,350,1,0.0,0.0,0.0,0.0
A,R03,testing,08,351,1,0.0,0.0,0.0,0.0
A,R03,testing,08,352,1,0.0,0.0,0.0,0.0
A,R03,testing,08,353,1,0.0,0.0,0.0,0.0
A,R03,testing,08,354,1,0.0,0.0,0.0,0.0
A,R03,testing,08,355,1,0.0,0.0,0.0,0.0
A,R03,testing,08,356,1,0.0,0.0,0.0,0.0
A,R03,testing,08,357,1,0.0,0.0,0.0,0.0
A,R03,testing,08,358,1,0.0,0.0,0.0,0.0
A,R03,testing,08,359,1,0.0,0.0,0.0,0.0
A,R03,testing,08,360,1,0.0,0.0,0.0,0.0
A,R03,testing,08,361,1,0.0,0.0,0.0,0.0
A,R03,testing,08,362,1,0.0,0.0,0.0,0.0
A,R03,testing,08,363,1,0.0,0.0,0.0,0.0
A,R03,testing,08,364,1,0.0,0.0,0.0,0.0
A,R03,testing,08,365,1,0.0,0.0,0.0,0.0
A,R03,testing,08,366,1,0.0,0.0,0.0,0.0
A,R03,testing,08,367,1,0.0,0.0,0.0,0.0
A,R03,testing,08,368,1,0.0,0.0,0.0,0.0
A,R03,testing,08,369,1,0.0,0.0,0.0,0.0
A,R03,testing,08,370,1,0.0,0.0,0.0,0.0
A,R03,testing,08,371,1,0.0,0.0,0.0,0.0
A,R03,testing,08,372,1,0.0,0.0,0.0,0.0
A,R03,testing,08,373,1,0.0,0.0,0.0,0.0
A,R03,testing,08,374,1,0.0,0.0,0.0,0.0
A,R03,testing,08,375,1,0.0,0.0,0.0,0.0
A,R03,testing,08,376,1,0.0,0.0,0.0,0.0
A,R03,testing,08,377,1,0.0,0.0,0.0,0.0
A,R03,testing,08,378,1,0.0,0.0,0.0,0.0
A,R03,testing,08,379,1,0.0,0.0,0.0,0.0
A,R03,testing,08,380,1,0.0,0.0,0.0,0.0
A,R03,testing,08,381,1,0.0,0.0,0.0,0.0
A,R03,testing,08,382,1,0.0,0.0,0.0,0.0
A,R03,testing,08,383,1,0.0,0.0,0.0,0.0
A,R03,testing,08,384,1,0.0,0.0,0.0,0.0
A,R03,testing,08,385,1,0.0,0.0,0.0,0.0
A,R03,testing,08,386,1,0.0,0.0,0.0,0.0
A,R03,testing,08,387,1,0.0,0.0,0.0,0.0
A,R03,testing,08,388,1,0.0,0.0,0.0,0.0
A,R03,testing,08,389,1,0.0,0.0,0.0,0.0
A,R03,testing,08,390,1,0.0,0.0,0.0,0.0
A,R03,testing,08,391,1,0.0,0.0,0.0,0.0
A,R03,testing,08,392,1,0.0,0.0,0.0,0.0
A,R03,testing,08,393,1,0.0,0.0,0.0,0.0
A,R03,testing,08,394,1,0.0,0.0,0.0,0.0
A,R03,testing,08,395,1,0.0,0.0,0.0,0.0
A,R03,testing,08,396,1,0.0,0.0,0.0,0.0
A,R03,testing,08,397,1,0.0,0.0,0.0,0.0
A,R03,testing,08,398,1,0.0,0.0,0.0,0.0
A,R03,testing,08,399,1,0.0,0.0,0.0,0.0
A,R03,testing,08,400,1,0.0,0.0,0.0,0.0
A,R03,testing,08,401,1,0.0,0.0,0.0,0.0
A,R03,testing,08,402,1,0.0,0.0,0.0,0.0
A,R03,testing,08,403,1,0.0,0.0,0.0,0.0
A,R03,testing,08,404,1,0.0,0.0,0.0,0.0
A,R03,testing,08,405,1,0.0,0.0,0.0,0.0
A,R03,testing,08,406,1,0.0,0.0,0.0,0.0
A,R03,testing,08,407,1,0.0,0.0,0.0,0.0
A,R03,testing,08,408,1,0.0,0.0,0.0,0.0
A,R03,testing,08,409,1,0.0,0.0,0.0,0.0
A,R03,testing,08,410,1,0.0,0.0,0.0,0.0
A,R03,testing,08,411,1,0.0,0.0,0.0,0.0
A,R03,testing,08,412,1,0.0,0.0,0.0,0.0
A,R03,testing,08,413,1,0.0,0.0,0.0,0.0
A,R03,testing,08,414,1,0.0,0.0,0.0,0.0
A,R03,testing,08,415,1,0.0,0.0,0.0,0.0
A,R03,testing,08,416,1,0.0,0.0,0.0,0.0
A,R03,testing,08,417,1,0.0,0.0,0.0,0.0
A,R03,testing,08,418,1,0.0,0.0,0.0,0.0
A,R03,testing,08,419,1,0.0,0.0,0.0,0.0
A,R03,testing,08,420,1,0.0,0.0,0.0,0.0
A,R03,testing,08,421,1,0.0,0.0,0.0,0.0
A,R03,testing,08,422,1,0.0,0.0,0.0,0.0
A,R03,testing,08,423,1,0.0,0.0,0.0,0.0
A,R03,testing,08,424,1,0.0,0.0,0.0,0.0
A,R03,testing,08,425,1,0.0,0.0,0.0,0.0
A,R03,testing,08,426,1,0.0,0.0,0.0,0.0
A,R03,testing,08,427,1,0.0,0.0,0.0,0.0
A,R03,testing,08,428,1,0.0,0.0,0.0,0.0
A,R03,testing,08,429,1,0.0,0.0,0.0,0.0
A,R03,testing,08,430,1,0.0,0.0,0.0,0.0
A,R03,testing,08,431,1,0.0,0.0,0.0,0.0
A,R03,testing,08,432,1,0.0,0.0,0.0,0.0
A,R03,testing,08,433,1,0.0,0.0,0.0,0.0
A,R03,testing,08,434,1,0.0,0.0,0.0,0.0
A,R03,testing,08,435,1,0.0,0.0,0.0,0.0
A,R03,testing,08,436,1,0.0,0.0,0.0,0.0
A,R03,testing,08,437,1,0.0,0.0,0.0,0.0
A,R03,testing,08,438,1,0.0,0.0,0.0,0.0
A,R03,testing,08,439,1,0.0,0.0,0.0,0.0
A,R03,testing,08,440,1,0.0,0.0,0.0,0.0
A,R03,testing,08,441,1,0.0,0.0,0.0,0.0
A,R03,testing,08,442,1,0.0,0.0,0.0,0.0
A,R03,testing,08,443,1,0.0,0.0,0.0,0.0
A,R03,testing,08,444,1,0.0,0.0,0.0,0.0
A,R03,testing,08,445,1,0.0,0.0,0.0,0.0
A,R03,testing,08,446,1,0.0,0.0,0.0,0.0
A,R03,testing,08,447,1,0.0,0.0,0.0,0.0
A,R03,testing,08,448,1,0.0,0.0,0.0,0.0
A,R03,testing,08,449,1,0.0,0.0,0.0,0.0
A,R03,testing,08,450,1,0.0,0.0,0.0,0.0
A,R03,testing,08,451,1,0.0,0.0,0.0,0.0
A,R03,testing,08,452,1,0.0,0.0,0.0,0.0
A,R03,testing,08,453,1,0.0,0.0,0.0,0.0
A,R03,testing,08,454,1,0.0,0.0,0.0,0.0
A,R03,testing,08,455,1,0.0,0.0,0.0,0.0
A,R03,testing,08,456,1,0.0,0.0,0.0,0.0
A,R03,testing,08,457,1,0.0,0.0,0.0,0.0
A,R03,testing,08,458,1,0.0,0.0,0.0,0.0
A,R03,testing,08,459,1,0.0,0.0,0.0,0.0
A,R03,testing,08,460,1,0.0,0.0,0.0,0.0
A,R03,testing,08,461,1,0.0,0.0,0.0,0.0
A,R03,testing,08,462,1,0.0,0.0,0.0,0.0
A,R03,testing,08,463,1,0.0,0.0,0.0,0.0
A,R03,testing,08,464,1,0.0,0.0,0.0,0.0
A,R03,testing,08,465,1,0.0,0.0,0.0,0.0
A,R03,testing,08,466,1,0.0,0.0,0.0,0.0
A,R03,testing,08,467,1,0.0,0.0,0.0,0.0
A,R03,testing,08,468,1,0.0,0.0,0.0,0.0
A,R03,testing,08,469,1,0.0,0.0,0.0,0.0
A,R03,testing,08,470,1,0.0,0.0,0.0,0.0
A,R03,testing,08,471,1,0.0,0.0,0.0,0.0
A,R03,testing,08,472,1,0.0,0.0,0.0,0.0
A,R03,testing,08,473,1,0.0,0.0,0.0,0.0
A,R03,testing,08,474,1,0.0,0.0,0.0,0.0
A,R03,testing,08,475,1,0.0,0.0,0.0,0.0
A,R03,testing,08,476,1,0.0,0.0,0.0,0.0
A,R03,testing,08,477,1,0.0,0.0,0.0,0.0
A,R03,testing,08,478,1,0.0,0.0,0.0,0.0
A,R03,testing,08,479,1,0.0,0.0,0.0,0.0
A,R03,testing,08,480,1,0.0,0.0,0.0,0.0
A,R03,testing,08,481,1,0.0,0.0,0.0,0.0
A,R03,testing,08,482,1,0.0,0.0,0.0,0.0
A,R03,testing,08,483,1,0.0,0.0,0.0,0.0
A,R03,testing,08,484,1,0.0,0.0,0.0,0.0
A,R03,testing,08,485,1,0.0,0.0,0.0,0.0
A,R03,testing,08,486,1,0.0,0.0,0.0,0.0
A,R03,testing,08,487,1,0.0,0.0,0.0,0.0
A,R03,testing,08,488,1,0.0,0.0,0.0,0.0
A,R03,testing,08,489,1,0.0,0.0,0.0,0.0
A,R03,testing,08,490,1,0.0,0.0,0.0,0.0
A,R03,testing,08,491,1,0.0,0.0,0.0,0.0
A,R03,testing,08,492,1,0.0,0.0,0.0,0.0
A,R03,testing,08,493,1,0.0,0.0,0.0,0.0
A,R03,testing,08,494,1,0.0,0.0,0.0,0.0
A,R03,testing,08,495,1,0.0,0.0,0.0,0.0
A,R03,testing,08,496,1,0.0,0.0,0.0,0.0
A,R03,testing,08,497,1,0.0,0.0,0.0,0.0
A,R03,testing,08,498,1,0.0,0.0,0.0,0.0
A,R03,testing,08,499,1,0.0,0.0,0.0,0.0
A,R03,testing,08,500,1,0.0,0.0,0.0,0.0
A,R03,testing,08,501,1,0.0,0.0,0.0,0.0
A,R03,testing,08,502,1,0.0,0.0,0.0,0.0
A,R03,testing,08,503,1,0.0,0.0,0.0,0.0
A,R03,testing,08,504,1,0.0,0.0,0.0,0.0
A,R03,testing,08,505,1,0.0,0.0,0.0,0.0
A,R03,testing,08,506,1,0.0,0.0,0.0,0.0
A,R03,testing,08,507,1,0.0,0.0,0.0,0.0
A,R03,testing,08,508,1,0.0,0.0,0.0,0.0
A,R03,testing,08,509,1,0.0,0.0,0.0,0.0
A,R03,testing,08,510,1,0.0,0.0,0.0,0.0
A,R03,testing,08,511,1,0.0,0.0,0.0,0.0
A,R03,testing,08,512,1,0.0,0.0,0.0,0.0
A,R03,testing,08,513,1,0.0,0.0,0.0,0.0
A,R03,testing,08,514,1,0.0,0.0,0.0,0.0
A,R03,testing,08,515,1,0.0,0.0,0.0,0.0
A,R03,testing,08,516,1,0.0,0.0,0.0,0.0
A,R03,testing,08,517,1,0.0,0.0,0.0,0.0
A,R03,testing,08,518,1,0.0,0.0,0.0,0.0
A,R03,testing,08,519,1,0.0,0.0,0.0,0.0
A,R03,testing,08,520,1,0.0,0.0,0.0,0.0
A,R03,testing,08,521,1,0.0,0.0,0.0,0.0
A,R03,testing,08,522,1,0.0,0.0,0.0,0.0
A,R03,testing,08,523,1,0.0,0.0,0.0,0.0
A,R03,testing,08,524,1,0.0,0.0,0.0,0.0
A,R03,testing,08,525,1,0.0,0.0,0.0,0.0
A,R03,testing,08,526,1,0.0,0.0,0.0,0.0
A,R03,testing,08,527,1,0.0,0.0,0.0,0.0
A,R03,testing,08,528,1,0.0,0.0,0.0,0.0
A,R03,testing,08,529,1,0.0,0.0,0.0,0.0
A,R03,testing,08,530,1,0.0,0.0,0.0,0.0
A,R03,testing,08,531,1,0.0,0.0,0.0,0.0
A,R03,testing,08,532,1,0.0,0.0,0.0,0.0
A,R03,testing,08,533,1,0.0,0.0,0.0,0.0
A,R03,testing,08,534,1,0.0,0.0,0.0,0.0
A,R03,testing,08,535,1,0.0,0.0,0.0,0.0
A,R03,testing,08,536,1,0.0,0.0,0.0,0.0
A,R03,testing,08,537,1,0.0,0.0,0.0,0.0
A,R03,testing,08,538,1,0.0,0.0,0.0,0.0
A,R03,testing,08,539,1,0.0,0.0,0.0,0.0
A,R03,testing,08,540,1,0.0,0.0,0.0,0.0
A,R03,testing,08,541,1,0.0,0.0,0.0,0.0
A,R03,testing,08,542,1,0.0,0.0,0.0,0.0
A,R03,testing,08,543,1,0.0,0.0,0.0,0.0
A,R03,testing,08,544,1,0.0,0.0,0.0,0.0
A,R03,testing,08,545,1,0.0,0.0,0.0,0.0
A,R03,testing,08,546,1,0.0,0.0,0.0,0.0
A,R03,testing,08,547,1,0.0,0.0,0.0,0.0
A,R03,testing,08,548,1,0.0,0.0,0.0,0.0
A,R03,testing,08,549,1,0.0,0.0,0.0,0.0
A,R03,testing,08,550,1,0.0,0.0,0.0,0.0
A,R03,testing,08,551,1,0.0,0.0,0.0,0.0
A,R03,testing,08,552,1,0.0,0.0,0.0,0.0
A,R03,testing,08,553,1,0.0,0.0,0.0,0.0
A,R03,testing,08,554,1,0.0,0.0,0.0,0.0
A,R03,testing,08,555,1,0.0,0.0,0.0,0.0
A,R03,testing,08,556,1,0.0,0.0,0.0,0.0
A,R03,testing,08,557,1,0.0,0.0,0.0,0.0
A,R03,testing,08,558,1,0.0,0.0,0.0,0.0
A,R03,testing,08,559,1,0.0,0.0,0.0,0.0
A,R03,testing,08,560,1,0.0,0.0,0.0,0.0
A,R03,testing,08,561,1,0.0,0.0,0.0,0.0
A,R03,testing,08,562,1,0.0,0.0,0.0,0.0
A,R03,testing,08,563,1,0.0,0.0,0.0,0.0
A,R03,testing,08,564,1,0.0,0.0,0.0,0.0
A,R03,testing,08,565,1,0.0,0.0,0.0,0.0
A,R03,testing,08,566,1,0.0,0.0,0.0,0.0
A,R03,testing,08,567,1,0.0,0.0,0.0,0.0
A,R03,testing,08,568,1,0.0,0.0,0.0,0.0
A,R03,testing,08,569,1,0.0,0.0,0.0,0.0
A,R03,testing,08,570,1,0.0,0.0,0.0,0.0
A,R03,testing,08,571,1,0.0,0.0,0.0,0.0
A,R03,testing,08,572,1,0.0,0.0,0.0,0.0
A,R03,testing,08,573,1,0.0,0.0,0.0,0.0
A,R03,testing,08,574,1,0.0,0.0,0.0,0.0
A,R03,testing,08,575,1,0.0,0.0,0.0,0.0
A,R03,testing,08,576,1,0.0,0.0,0.0,0.0
A,R03,testing,08,577,1,0.0,0.0,0.0,0.0
A,R03,testing,08,578,1,0.0,0.0,0.0,0.0
A,R03,testing,08,579,1,0.0,0.0,0.0,0.0
A,R03,testing,08,580,1,0.0,0.0,0.0,0.0
A,R03,testing,08,581,1,0.0,0.0,0.0,0.0
A,R03,testing,08,582,1,0.0,0.0,0.0,0.0
A,R03,testing,08,583,1,0.0,0.0,0.0,0.0
A,R03,testing,08,584,1,0.0,0.0,0.0,0.0
A,R03,testing,08,585,1,0.0,0.0,0.0,0.0
A,R03,testing,08,586,1,0.0,0.0,0.0,0.0
A,R03,testing,08,587,1,0.0,0.0,0.0,0.0
A,R03,testing,08,588,1,0.0,0.0,0.0,0.0
A,R03,testing,08,589,1,0.0,0.0,0.0,0.0
A,R03,testing,08,590,1,0.0,0.0,0.0,0.0
A,R03,testing,08,591,1,0.0,0.0,0.0,0.0
A,R03,testing,08,592,1,0.0,0.0,0.0,0.0
A,R03,testing,08,593,1,0.0,0.0,0.0,0.0
A,R03,testing,08,594,1,0.0,0.0,0.0,0.0
A,R03,testing,08,595,1,0.0,0.0,0.0,0.0
A,R03,testing,08,596,1,0.0,0.0,0.0,0.0
A,R03,testing,08,597,1,0.0,0.0,0.0,0.0
A,R03,testing,08,598,1,0.0,0.0,0.0,0.0
A,R03,testing,08,599,1,0.0,0.0,0.0,0.0
A,R03,testing,08,600,1,0.0,0.0,0.0,0.0
A,R03,testing,08,601,1,0.0,0.0,0.0,0.0
A,R03,testing,08,602,1,0.0,0.0,0.0,0.0
A,R03,testing,08,603,1,0.0,0.0,0.0,0.0
A,R03,testing,08,604,1,0.0,0.0,0.0,0.0
A,R03,testing,08,605,1,0.0,0.0,0.0,0.0
A,R03,testing,08,606,1,0.0,0.0,0.0,0.0
A,R03,testing,08,607,1,0.0,0.0,0.0,0.0
A,R03,testing,08,608,1,0.0,0.0,0.0,0.0
A,R03,testing,08,609,1,0.0,0.0,0.0,0.0
A,R03,testing,08,610,1,0.0,0.0,0.0,0.0
A,R03,testing,08,611,1,0.0,0.0,0.0,0.0
A,R03,testing,08,612,1,0.0,0.0,0.0,0.0
A,R03,testing,08,613,1,0.0,0.0,0.0,0.0
A,R03,testing,08,614,1,0.0,0.0,0.0,0.0
A,R03,testing,08,615,1,0.0,0.0,0.0,0.0
A,R03,testing,08,616,1,0.0,0.0,0.0,0.0
A,R03,testing,08,617,1,0.0,0.0,0.0,0.0
A,R03,testing,08,618,1,0.0,0.0,0.0,0.0
A,R03,testing,08,619,1,0.0,0.0,0.0,0.0
A,R03,testing,08,620,1,0.0,0.0,0.0,0.0
A,R03,testing,08,621,1,0.0,0.0,0.0,0.0
A,R03,testing,08,622,1,0.0,0.0,0.0,0.0
A,R03,testing,08,623,1,0.0,0.0,0.0,0.0
A,R03,testing,08,624,1,0.0,0.0,0.0,0.0
A,R03,testing,08,625,1,0.0,0.0,0.0,0.0
A,R03,testing,08,626,1,0.0,0.0,0.0,0.0
A,R03,testing,08,627,1,0.0,0.0,0.0,0.0
A,R03,testing,08,628,1,0.0,0.0,0.0,0.0
A,R03,testing,08,629,1,0.0,0.0,0.0,0.0
A,R03,testing,08,630,1,0.0,0.0,0.0,0.0
A,R03,testing,08,631,1,0.0,0.0,0.0,0.0
A,R03,testing,08,632,1,0.0,0.0,0.0,0.0
A,R03,testing,08,633,1,0.0,0.0,0.0,0.0
A,R03,testing,08,634,1,0.0,0.0,0.0,0.0
A,R03,testing,08,635,1,0.0,0.0,0.0,0.0
A,R03,testing,08,636,1,0.0,0.0,0.0,0.0
A,R03,testing,08,637,1,0.0,0.0,0.0,0.0
A,R03,testing,08,638,1,0.0,0.0,0.0,0.0
A,R03,testing,08,639,1,0.0,0.0,0.0,0.0
A,R03,testing,08,640,1,0.0,0.0,0.0,0.0
A,R03,testing,08,641,1,0.0,0.0,0.0,0.0
A,R03,testing,08,642,1,0.0,0.0,0.0,0.0
A,R03,testing,08,643,1,0.0,0.0,0.0,0.0
A,R03,testing,08,644,1,0.0,0.0,0.0,0.0
A,R03,testing,08,645,1,0.0,0.0,0.0,0.0
A,R03,testing,08,646,1,0.0,0.0,0.0,0.0
A,R03,testing,08,647,0,0.0,0.0,0.0,0.0
A,R03,testing,08,648,0,0.0,0.0,0.0,0.0
A,R03,testing,08,649,0,0.0,0.0,0.0,0.0
A,R03,testing,08,650,0,0.0,0.0,0.0,0.0
A,R03,testing,08,651,0,0.0,0.0,0.0,0.0
A,R03,testing,08,652,0,0.0,0.0,0.0,0.0
A,R03,testing,08,653,0,0.0,0.0,0.0,0.0
A,R03,testing,08,654,0,0.0,0.0,0.0,0.0
A,R03,testing,08,655,0,0.0,0.0,0.0,0.0
A,R03,testing,08,656,0,0.0,0.0,0.0,0.0
A,R03,testing,08,657,0,0.0,0.0,0.0,0.0
A,R03,testing,08,658,0,0.0,0.0,0.0,0.0
A,R03,testing,08,659,0,0.0,0.0,0.0,0.0
A,R03,testing,08,660,0,0.0,0.0,0.0,0.0
A,R03,testing,08,661,0,0.0,0.0,0.0,0.0
A,R03,testing,08,662,0,0.0,0.0,0.0,0.0
A,R03,testing,08,663,0,0.0,0.0,0.0,0.0
A,R03,testing,08,664,0,0.0,0.0,0.0,0.0
A,R03,testing,08,665,0,0.0,0.0,0.0,0.0
A,R03,testing,08,666,0,0.0,0.0,0.0,0.0
A,R03,testing,08,667,0,0.0,0.0,0.0,0.0
A,R03,testing,08,668,0,0.0,0.0,0.0,0.0
A,R03,testing,08,669,0,0.0,0.0,0.0,0.0
A,R03,testing,08,670,0,0.0,0.0,0.0,0.0
A,R03,testing,08,671,0,0.0,0.0,0.0,0.0
A,R03,testing,08,672,0,0.0,0.0,0.0,0.0
A,R03,testing,08,673,0,0.0,0.0,0.0,0.0
A,R03,testing,08,674,0,0.0,0.0,0.0,0.0
A,R03,testing,08,675,0,0.0,0.0,0.0,0.0
A,R03,testing,08,676,0,0.0,0.0,0.0,0.0
A,R03,testing,08,677,0,0.0,0.0,0.0,0.0
A,R03,testing,08,678,0,0.0,0.0,0.0,0.0
A,R03,testing,08,679,0,0.0,0.0,0.0,0.0
A,R03,testing,08,680,0,0.0,0.0,0.0,0.0
A,R03,testing,08,681,0,0.0,0.0,0.0,0.0
A,R03,testing,08,682,0,0.0,0.0,0.0,0.0
A,R03,testing,08,683,0,0.0,0.0,0.0,0.0
A,R03,testing,08,684,0,0.0,0.0,0.0,0.0
A,R03,testing,08,685,0,0.0,0.0,0.0,0.0
A,R03,testing,08,686,0,0.0,0.0,0.0,0.0
A,R03,testing,08,687,0,0.0,0.0,0.0,0.0
A,R03,testing,08,688,0,0.0,0.0,0.0,0.0
A,R03,testing,08,689,0,0.0,0.0,0.0,0.0
A,R03,testing,08,690,0,0.0,0.0,0.0,0.0
A,R03,testing,08,691,0,0.0,0.0,0.0,0.0
A,R03,testing,08,692,0,0.0,0.0,0.0,0.0
A,R03,testing,08,693,0,0.0,0.0,0.0,0.0
A,R03,testing,08,694,0,0.0,0.0,0.0,0.0
B,R03,testing,08,0,0,0.0,0.0,0.0,0.0
B,R03,testing,08,1,0,0.0,0.0,0.0,0.0
B,R03,testing,08,2,0,0.0,0.0,0.0,0.0
B,R03,testing,08,3,0,0.0,0.0,0.0,0.0
B,R03,testing,08,4,0,0.0,0.0,0.0,0.0
B,R03,testing,08,5,0,0.0,0.0,0.0,0.0
B,R03,testing,08,6,0,0.0,0.0,0.0,0.0
B,R03,testing,08,7,0,0.0,0.0,0.0,0.0
B,R03,testing,08,8,0,0.0,0.0,0.0,0.0
B,R03,testing,08,9,0,0.0,0.0,0.0,0.0
B,R03,testing,08,10,0,0.0,0.0,0.0,0.0
B,R03,testing,08,11,0,0.0,0.0,0.0,0.0
B,R03,testing,08,12,0,0.0,0.0,0.0,0.0
B,R03,testing,08,13,0,0.0,0.0,0.0,0.0
B,R03,testing,08,14,0,0.0,0.0,0.0,0.0
B,R03,testing,08,15,0,0.0,0.0,0.0,0.0
B,R03,testing,08,16,0,0.0,0.0,0.0,0.0
B,R03,testing,08,17,0,0.0,0.0,0.0,0.0
B,R03,testing,08,18,0,0.0,0.0,0.0,0.0
B,R03,testing,08,19,0,0.0,0.0,0.0,0.0
B,R03,testing,08,20,0,0.0,0.0,0.0,0.0
B,R03,testing,08,21,0,0.0,0.0,0.0,0.0
B,R03,testing,08,22,0,0.0,0.0,0.0,0.0
B,R03,testing,08,23,0,0.0,0.0,0.0,0.0
B,R03,testing,08,24,0,0.0,0.0,0.0,0.0
B,R03,testing,08,25,0,0.0,0.0,0.0,0.0
B,R03,testing,08,26,0,0.0,0.0,0.0,0.0
B,R03,testing,08,27,0,0.0,0.0,0.0,0.0
B,R03,testing,08,28,0,0.0,0.0,0.0,0.0
B,R03,testing,08,29,0,0.0,0.0,0.0,0.0
B,R03,testing,08,30,0,0.0,0.0,0.0,0.0
B,R03,testing,08,31,0,0.0,0.0,0.0,0.0
B,R03,testing,08,32,0,0.0,0.0,0.0,0.0
B,R03,testing,08,33,0,0.0,0.0,0.0,0.0
B,R03,testing,08,34,0,0.0,0.0,0.0,0.0
B,R03,testing,08,35,0,0.0,0.0,0.0,0.0
B,R03,testing,08,36,0,0.0,0.0,0.0,0.0
B,R03,testing,08,37,0,0.0,0.0,0.0,0.0
B,R03,testing,08,38,0,0.0,0.0,0.0,0.0
B,R03,testing,08,39,0,0.0,0.0,0.0,0.0
B,R03,testing,08,40,0,0.0,0.0,0.0,0.0
B,R03,testing,08,41,0,0.0,0.0,0.0,0.0
B,R03,testing,08,42,0,0.0,0.0,0.0,0.0
B,R03,testing,08,43,0,0.0,0.0,0.0,0.0
B,R03,testing,08,44,0,0.0,0.0,0.0,0.0
B,R03,testing,08,45,0,0.0,0.0,0.0,0.0
B,R03,testing,08,46,0,0.0,0.0,0.0,0.0
B,R03,testing,08,47,0,0.0,0.0,0.0,0.0
B,R03,testing,08,48,0,0.0,0.0,0.0,0.0
B,R03,testing,08,49,0,0.0,0.0,0.0,0.0
B,R03,testing,08,50,0,0.0,0.0,0.0,0.0
B,R03,testing,08,51,0,0.0,0.0,0.0,0.0
B,R03,testing,08,52,0,0.0,0.0,0.0,0.0
B,R03,testing,08,53,0,0.0,0.0,0.0,0.0
B,R03,testing,08,54,0,0.0,0.0,0.0,0.0
B,R03,testing,08,55,0,0.0,0.0,0.0,0.0
B,R03,testing,08,56,0,0.0,0.0,0.0,0.0
B,R03,testing,08,57,0,0.0,0.0,0.0,0.0
B,R03,testing,08,58,0,0.0,0.0,0.0,0.0
B,R03,testing,08,59,0,0.0,0.0,0.0,0.0
B,R03,testing,08,60,0,0.0,0.0,0.0,0.0
B,R03,testing,08,61,0,0.0,0.0,0.0,0.0
B,R03,testing,08,62,0,0.0,0.0,0.0,0.0
B,R03,testing,08,63,0,0.0,0.0,0.0,0.0
B,R03,testing,08,64,0,0.0,0.0,0.0,0.0
B,R03,testing,08,65,0,0.0,0.0,0.0,0.0
B,R03,testing,08,66,0,0.0,0.0,0.0,0.0
B,R03,testing,08,67,0,0.0,0.0,0.0,0.0
B,R03,testing,08,68,0,0.0,0.0,0.0,0.0
B,R03,testing,08,69,0,0.0,0.0,0.0,0.0
B,R03,testing,08,70,0,0.0,0.0,0.0,0.0
B,R03,testing,08,71,0,0.0,0.0,0.0,0.0
B,R03,testing,08,72,0,0.0,0.0,0.0,0.0
B,R03,testing,08,73,0,0.0,0.0,0.0,0.0
B,R03,testing,08,74,0,0.0,0.0,0.0,0.0
B,R03,testing,08,75,0,0.0,0.0,0.0,0.0
B,R03,testing,08,76,0,0.0,0.0,0.0,0.0
B,R03,testing,08,77,0,0.0,0.0,0.0,0.0
B,R03,testing,08,78,0,0.0,0.0,0.0,0.0
B,R03,testing,08,79,0,0.0,0.0,0.0,0.0
B,R03,testing,08,80,0,0.0,0.0,0.0,0.0
B,R03,testing,08,81,0,0.0,0.0,0.0,0.0
B,R03,testing,08,82,0,0.0,0.0,0.0,0.0
B,R03,testing,08,83,0,0.0,0.0,0.0,0.0
B,R03,testing,08,84,0,0.0,0.0,0.0,0.0
B,R03,testing,08,85,0,0.0,0.0,0.0,0.0
B,R03,testing,08,86,0,0.0,0.0,0.0,0.0
B,R03,testing,08,87,0,0.0,0.0,0.0,0.0
B,R03,testing,08,88,0,0.0,0.0,0.0,0.0
B,R03,testing,08,89,0,0.0,0.0,0.0,0.0
B,R03,testing,08,90,0,0.0,0.0,0.0,0.0
B,R03,testing,08,91,0,0.0,0.0,0.0,0.0
B,R03,testing,08,92,0,0.0,0.0,0.0,0.0
B,R03,testing,08,93,0,0.0,0.0,0.0,0.0
B,R03,testing,08,94,0,0.0,0.0,0.0,0.0
B,R03,testing,08,95,0,0.0,0.0,0.0,0.0
B,R03,testing,08,96,0,0.0,0.0,0.0,0.0
B,R03,testing,08,97,0,0.0,0.0,0.0,0.0
B,R03,testing,08,98,0,0.0,0.0,0.0,0.0
B,R03,testing,08,99,0,0.0,0.0,0.0,0.0
B,R03,testing,08,100,0,0.0,0.0,0.0,0.0
B,R03,testing,08,101,0,0.0,0.0,0.0,0.0
B,R03,testing,08,102,0,0.0,0.0,0.0,0.0
B,R03,testing,08,103,0,0.0,0.0,0.0,0.0
B,R03,testing,08,104,0,0.0,0.0,0.0,0.0
B,R03,testing,08,105,0,0.0,0.0,0.0,0.0
B,R03,testing,08,106,0,0.0,0.0,0.0,0.0
B,R03,testing,08,107,0,0.0,0.0,0.0,0.0
B,R03,testing,08,108,0,0.0,0.0,0.0,0.0
B,R03,testing,08,109,0,0.0,0.0,0.0,0.0
B,R03,testing,08,110,0,0.0,0.0,0.0,0.0
B,R03,testing,08,111,0,0.0,0.0,0.0,0.0
B,R03,testing,08,112,0,0.0,0.0,0.0,0.0
B,R03,testing,08,113,0,0.0,0.0,0.0,0.0
B,R03,testing,08,114,0,0.0,0.0,0.0,0.0
B,R03,testing,08,115,0,0.0,0.0,0.0,0.0
B,R03,testing,08,116,0,0.0,0.0,0.0,0.0
B,R03,testing,08,117,0,0.0,0.0,0.0,0.0
B,R03,testing,08,118,0,0.0,0.0,0.0,0.0
B,R03,testing,08,119,0,0.0,0.0,0.0,0.0
B,R03,testing,08,120,0,0.0,0.0,0.0,0.0
B,R03,testing,08,121,0,0.0,0.0,0.0,0.0
B,R03,testing,08,122,0,0.0,0.0,0.0,0.0
B,R03,testing,08,123,0,0.0,0.0,0.0,0.0
B,R03,testing,08,124,0,0.0,0.0,0.0,0.0
B,R03,testing,08,125,0,0.0,0.0,0.0,0.0
B,R03,testing,08,126,0,0.0,0.0,0.0,0.0
B,R03,testing,08,127,0,0.0,0.0,0.0,0.0
B,R03,testing,08,128,0,0.0,0.0,0.0,0.0
B,R03,testing,08,129,0,0.0,0.0,0.0,0.0
B,R03,testing,08,130,0,0.0,0.0,0.0,0.0
B,R03,testing,08,131,0,0.0,0.0,0.0,0.0
B,R03,testing,08,132,0,0.0,0.0,0.0,0.0
B,R03,testing,08,133,0,0.0,0.0,0.0,0.0
B,R03,testing,08,134,0,0.0,0.0,0.0,0.0
B,R03,testing,08,135,0,0.0,0.0,0.0,0.0
B,R03,testing,08,136,0,0.0,0.0,0.0,0.0
B,R03,testing,08,137,0,0.0,0.0,0.0,0.0
B,R03,testing,08,138,0,0.0,0.0,0.0,0.0
B,R03,testing,08,139,0,0.0,0.0,0.0,0.0
B,R03,testing,08,140,0,0.0,0.0,0.0,0.0
B,R03,testing,08,141,0,0.0,0.0,0.0,0.0
B,R03,testing,08,142,0,0.0,0.0,0.0,0.0
B,R03,testing,08,143,0,0.0,0.0,0.0,0.0
B,R03,testing,08,144,0,0.0,0.0,0.0,0.0
B,R03,testing,08,145,0,0.0,0.0,0.0,0.0
B,R03,testing,08,146,0,0.0,0.0,0.0,0.0
B,R03,testing,08,147,0,0.0,0.0,0.0,0.0
B,R03,testing,08,148,0,0.0,0.0,0.0,0.0
B,R03,testing,08,149,0,0.0,0.0,0.0,0.0
B,R03,testing,08,150,0,0.0,0.0,0.0,0.0
B,R03,testing,08,151,0,0.0,0.0,0.0,0.0
B,R03,testing,08,152,0,0.0,0.0,0.0,0.0
B,R03,testing,08,153,0,0.0,0.0,0.0,0.0
B,R03,testing,08,154,0,0.0,0.0,0.0,0.0
B,R03,testing,08,155,0,0.0,0.0,0.0,0.0
B,R03,testing,08,156,0,0.0,0.0,0.0,0.0
B,R03,testing,08,157,0,0.0,0.0,0.0,0.0
B,R03,testing,08,158,0,0.0,0.0,0.0,0.0
B,R03,testing,08,159,0,0.0,0.0,0.0,0.0
B,R03,testing,08,160,0,0.0,0.0,0.0,0.0
B,R03,testing,08,161,0,0.0,0.0,0.0,0.0
B,R03,testing,08,162,0,0.0,0.0,0.0,0.0
B,R03,testing,08,163,0,0.0,0.0,0.0,0.0
B,R03,testing,08,164,0,0.0,0.0,0.0,0.0
B,R03,testing,08,165,0,0.0,0.0,0.0,0.0
B,R03,testing,08,166,0,0.0,0.0,0.0,0.0
B,R03,testing,08,167,0,0.0,0.0,0.0,0.0
B,R03,testing,08,168,0,0.0,0.0,0.0,0.0
B,R03,testing,08,169,0,0.0,0.0,0.0,0.0
B,R03,testing,08,170,0,0.0,0.0,0.0,0.0
B,R03,testing,08,171,0,0.0,0.0,0.0,0.0
B,R03,testing,08,172,0,0.0,0.0,0.0,0.0
B,R03,testing,08,173,0,0.0,0.0,0.0,0.0
B,R03,testing,08,174,0,0.0,0.0,0.0,0.0
B,R03,testing,08,175,0,0.0,0.0,0.0,0.0
B,R03,testing,08,176,0,0.0,0.0,0.0,0.0
B,R03,testing,08,177,0,0.0,0.0,0.0,0.0
B,R03,testing,08,178,0,0.0,0.0,0.0,0.0
B,R03,testing,08,179,0,0.0,0.0,0.0,0.0
B,R03,testing,08,180,0,0.0,0.0,0.0,0.0
B,R03,testing,08,181,0,0.0,0.0,0.0,0.0
B,R03,testing,08,182,0,0.0,0.0,0.0,0.0
B,R03,testing,08,183,0,0.0,0.0,0.0,0.0
B,R03,testing,08,184,0,0.0,0.0,0.0,0.0
B,R03,testing,08,185,0,0.0,0.0,0.0,0.0
B,R03,testing,08,186,0,0.0,0.0,0.0,0.0
B,R03,testing,08,187,0,0.0,0.0,0.0,0.0
B,R03,testing,08,188,0,0.0,0.0,0.0,0.0
B,R03,testing,08,189,0,0.0,0.0,0.0,0.0
B,R03,testing,08,190,0,0.0,0.0,0.0,0.0
B,R03,testing,08,191,0,0.0,0.0,0.0,0.0
B,R03,testing,08,192,0,0.0,0.0,0.0,0.0
B,R03,testing,08,193,0,0.0,0.0,0.0,0.0
B,R03,testing,08,194,0,0.0,0.0,0.0,0.0
B,R03,testing,08,195,0,0.0,0.0,0.0,0.0
B,R03,testing,08,196,0,0.0,0.0,0.0,0.0
B,R03,testing,08,197,0,0.0,0.0,0.0,0.0
B,R03,testing,08,198,0,0.0,0.0,0.0,0.0
B,R03,testing,08,199,0,0.0,0.0,0.0,0.0
B,R03,testing,08,200,0,0.0,0.0,0.0,0.0
B,R03,testing,08,201,0,0.0,0.0,0.0,0.0
B,R03,testing,08,202,0,0.0,0.0,0.0,0.0
B,R03,testing,08,203,0,0.0,0.0,0.0,0.0
B,R03,testing,08,204,0,0.0,0.0,0.0,0.0
B,R03,testing,08,205,0,0.0,0.0,0.0,0.0
B,R03,testing,08,206,0,0.0,0.0,0.0,0.0
B,R03,testing,08,207,0,0.0,0.0,0.0,0.0
B,R03,testing,08,208,0,0.0,0.0,0.0,0.0
B,R03,testing,08,209,0,0.0,0.0,0.0,0.0
B,R03,testing,08,210,0,0.0,0.0,0.0,0.0
B,R03,testing,08,211,0,0.0,0.0,0.0,0.0
B,R03,testing,08,212,0,0.0,0.0,0.0,0.0
B,R03,testing,08,213,0,0.0,0.0,0.0,0.0
B,R03,testing,08,214,0,0.0,0.0,0.0,0.0
B,R03,testing,08,215,0,0.0,0.0,0.0,0.0
B,R03,testing,08,216,0,0.0,0.0,0.0,0.0
B,R03,testing,08,217,0,0.0,0.0,0.0,0.0
B,R03,testing,08,218,0,0.0,0.0,0.0,0.0
B,R03,testing,08,219,0,0.0,0.0,0.0,0.0
B,R03,testing,08,220,0,0.0,0.0,0.0,0.0
B,R03,testing,08,221,0,0.0,0.0,0.0,0.0
B,R03,testing,08,222,0,0.0,0.0,0.0,0.0
B,R03,testing,08,223,0,0.0,0.0,0.0,0.0
B,R03,testing,08,224,0,0.0,0.0,0.0,0.0
B,R03,testing,08,225,0,0.0,0.0,0.0,0.0
B,R03,testing,08,226,0,0.0,0.0,0.0,0.0
B,R03,testing,08,227,0,0.0,0.0,0.0,0.0
B,R03,testing,08,228,0,0.0,0.0,0.0,0.0
B,R03,testing,08,229,0,0.0,0.0,0.0,0.0
B,R03,testing,08,230,0,0.0,0.0,0.0,0.0
B,R03,testing,08,231,0,0.0,0.0,0.0,0.0
B,R03,testing,08,232,0,0.0,0.0,0.0,0.0
B,R03,testing,08,233,0,0.0,0.0,0.0,0.0
B,R03,testing,08,234,0,0.0,0.0,0.0,0.0
B,R03,testing,08,235,0,0.0,0.0,0.0,0.0
B,R03,testing,08,236,0,0.0,0.0,0.0,0.0
B,R03,testing,08,237,0,0.0,0.0,0.0,0.0
B,R03,testing,08,238,0,0.0,0.0,0.0,0.0
B,R03,testing,08,239,0,0.0,0.0,0.0,0.0
B,R03,testing,08,240,0,0.0,0.0,0.0,0.0
B,R03,testing,08,241,0,0.0,0.0,0.0,0.0
B,R03,testing,08,242,1,0.0,0.0,0.0,0.0
B,R03,testing,08,243,1,0.0,0.0,0.0,0.0
B,R03,testing,08,244,1,0.0,0.0,0.0,0.0
B,R03,testing,08,245,1,0.0,0.0,0.0,0.0
B,R03,testing,08,246,1,0.0,0.0,0.0,0.0
B,R03,testing,08,247,1,0.0,0.0,0.0,0.0
B,R03,testing,08,248,1,0.0,0.0,0.0,0.0
B,R03,testing,08,249,1,0.0,0.0,0.0,0.0
B,R03,testing,08,250,1,0.0,0.0,0.0,0.0
B,R03,testing,08,251,1,0.0,0.0,0.0,0.0
B,R03,testing,08,252,1,0.0,0.0,0.0,0.0
B,R03,testing,08,253,1,0.0,0.0,0.0,0.0
B,R03,testing,08,254,1,0.0,0.0,0.0,0.0
B,R03,testing,08,255,1,0.0,0.0,0.0,0.0
B,R03,testing,08,256,1,0.0,0.0,0.0,0.0
B,R03,testing,08,257,1,0.0,0.0,0.0,0.0
B,R03,testing,08,258,1,0.0,0.0,0.0,0.0
B,R03,testing,08,259,1,0.0,0.0,0.0,0.0
B,R03,testing,08,260,1,0.0,0.0,0.0,0.0
B,R03,testing,08,261,1,0.0,0.0,0.0,0.0
B,R03,testing,08,262,1,0.0,0.0,0.0,0.0
B,R03,testing,08,263,1,0.0,0.0,0.0,0.0
B,R03,testing,08,264,1,0.0,0.0,0.0,0.0
B,R03,testing,08,265,1,0.0,0.0,0.0,0.0
B,R03,testing,08,266,1,0.0,0.0,0.0,0.0
B,R03,testing,08,267,1,0.0,0.0,0.0,0.0
B,R03,testing,08,268,1,0.0,0.0,0.0,0.0
B,R03,testing,08,269,1,0.0,0.0,0.0,0.0
B,R03,testing,08,270,1,0.0,0.0,0.0,0.0
B,R03,testing,08,271,1,0.0,0.0,0.0,0.0
B,R03,testing,08,272,1,0.0,0.0,0.0,0.0
B,R03,testing,08,273,1,0.0,0.0,0.0,0.0
B,R03,testing,08,274,1,0.0,0.0,0.0,0.0
B,R03,testing,08,275,1,0.0,0.0,0.0,0.0
B,R03,testing,08,276,1,0.0,0.0,0.0,0.0
B,R03,testing,08,277,1,0.0,0.0,0.0,0.0
B,R03,testing,08,278,1,0.0,0.0,0.0,0.0
B,R03,testing,08,279,1,0.0,0.0,0.0,0.0
B,R03,testing,08,280,1,0.0,0.0,0.0,0.0
B,R03,testing,08,281,1,0.0,0.0,0.0,0.0
B,R03,testing,08,282,1,0.0,0.0,0.0,0.0
B,R03,testing,08,283,1,0.0,0.0,0.0,0.0
B,R03,testing,08,284,1,0.0,0.0,0.0,0.0
B,R03,testing,08,285,1,0.0,0.0,0.0,0.0
B,R03,testing,08,286,1,0.0,0.0,0.0,0.0
B,R03,testing,08,287,1,0.0,0.0,0.0,0.0
B,R03,testing,08,288,1,0.0,0.0,0.0,0.0
B,R03,testing,08,289,1,0.0,0.0,0.0,0.0
B,R03,testing,08,290,1,0.0,0.0,0.0,0.0
B,R03,testing,08,291,1,0.0,0.0,0.0,0.0
B,R03,testing,08,292,1,0.0,0.0,0.0,0.0
B,R03,testing,08,293,1,0.0,0.0,0.0,0.0
B,R03,testing,08,294,1,0.0,0.0,0.0,0.0
B,R03,testing,08,295,1,0.0,0.0,0.0,0.0
B,R03,testing,08,296,1,0.0,0.0,0.0,0.0
B,R03,testing,08,297,1,0.0,0.0,0.0,0.0
B,R03,testing,08,298,1,0.0,0.0,0.0,0.0
B,R03,testing,08,299,1,0.0,0.0,0.0,0.0
B,R03,testing,08,300,1,0.0,0.0,0.0,0.0
B,R03,testing,08,301,1,0.0,0.0,0.0,0.0
B,R03,testing,08,302,1,0.0,0.0,0.0,0.0
B,R03,testing,08,303,1,0.0,0.0,0.0,0.0
B,R03,testing,08,304,1,0.0,0.0,0.0,0.0
B,R03,testing,08,305,1,0.0,0.0,0.0,0.0
B,R03,testing,08,306,1,0.0,0.0,0.0,0.0
B,R03,testing,08,307,1,0.0,0.0,0.0,0.0
B,R03,testing,08,308,1,0.0,0.0,0.0,0.0
B,R03,testing,08,309,1,0.0,0.0,0.0,0.0
B,R03,testing,08,310,1,0.0,0.0,0.0,0.0
B,R03,testing,08,311,1,0.0,0.0,0.0,0.0
B,R03,testing,08,312,1,0.0,0.0,0.0,0.0
B,R03,testing,08,313,1,0.0,0.0,0.0,0.0
B,R03,testing,08,314,1,0.0,0.0,0.0,0.0
B,R03,testing,08,315,1,0.0,0.0,0.0,0.0
B,R03,testing,08,316,1,0.0,0.0,0.0,0.0
B,R03,testing,08,317,1,0.0,0.0,0.0,0.0
B,R03,testing,08,318,1,0.0,0.0,0.0,0.0
B,R03,testing,08,319,1,0.0,0.0,0.0,0.0
B,R03,testing,08,320,1,0.0,0.0,0.0,0.0
B,R03,testing,08,321,1,0.0,0.0,0.0,0.0
B,R03,testing,08,322,1,0.0,0.0,0.0,0.0
B,R03,testing,08,323,1,0.0,0.0,0.0,0.0
B,R03,testing,08,324,1,0.0,0.0,0.0,0.0
B,R03,testing,08,325,1,0.0,0.0,0.0,0.0
B,R03,testing,08,326,1,0.0,0.0,0.0,0.0
B,R03,testing,08,327,1,0.0,0.0,0.0,0.0
B,R03,testing,08,328,1,0.0,0.0,0.0,0.0
B,R03,testing,08,329,1,0.0,0.0,0.0,0.0
B,R03,testing,08,330,1,0.0,0.0,0.0,0.0
B,R03,testing,08,331,1,0.0,0.0,0.0,0.0
B,R03,testing,08,332,1,0.0,0.0,0.0,0.0
B,R03,testing,08,333,1,0.0,0.0,0.0,0.0
B,R03,testing,08,334,1,0.0,0.0,0.0,0.0
B,R03,testing,08,335,1,0.0,0.0,0.0,0.0
B,R03,testing,08,336,1,0.0,0.0,0.0,0.0
B,R03,testing,08,337,1,0.0,0.0,0.0,0.0
B,R03,testing,08,338,1,0.0,0.0,0.0,0.0
B,R03,testing,08,339,1,0.0,0.0,0.0,0.0
B,R03,testing,08,340,1,0.0,0.0,0.0,0.0
B,R03,testing,08,341,1,0.0,0.0,0.0,0.0
B,R03,testing,08,342,1,0.0,0.0,0.0,0.0
B,R03,testing,08,343,1,0.0,0.0,0.0,0.0
B,R03,testing,08,344,1,0.0,0.0,0.0,0.0
B,R03,testing,08,345,1,0.0,0.0,0.0,0.0
B,R03,testing,08,346,1,0.0,0.0,0.0,0.0
B,R03,testing,08,347,1,0.0,0.0,0.0,0.0
B,R03,testing,08,348,1,0.0,0.0,0.0,0.0
B,R03,testing,08,349,1,0.0,0.0,0.0,0.0
B,R03,testing,08,350,1,0.0,0.0,0.0,0.0
B,R03,testing,08,351,1,0.0,0.0,0.0,0.0
B,R03,testing,08,352,1,0.0,0.0,0.0,0.0
B,R03,testing,08,353,1,0.0,0.0,0.0,0.0
B,R03,testing,08,354,1,0.0,0.0,0.0,0.0
B,R03,testing,08,355,1,0.0,0.0,0.0,0.0
B,R03,testing,08,356,1,0.0,0.0,0.0,0.0
B,R03,testing,08,357,1,0.0,0.0,0.0,0.0
B,R03,testing,08,358,1,0.0,0.0,0.0,0.0
B,R03,testing,08,359,1,0.0,0.0,0.0,0.0
B,R03,testing,08,360,1,0.0,0.0,0.0,0.0
B,R03,testing,08,361,1,0.0,0.0,0.0,0.0
B,R03,testing,08,362,1,0.0,0.0,0.0,0.0
B,R03,testing,08,363,1,0.0,0.0,0.0,0.0
B,R03,testing,08,364,1,0.0,0.0,0.0,0.0
B,R03,testing,08,365,1,0.0,0.0,0.0,0.0
B,R03,testing,08,366,1,0.0,0.0,0.0,0.0
B,R03,testing,08,367,1,0.0,0.0,0.0,0.0
B,R03,testing,08,368,1,0.0,0.0,0.0,0.0
B,R03,testing,08,369,1,0.0,0.0,0.0,0.0
B,R03,testing,08,370,1,0.0,0.0,0.0,0.0
B,R03,testing,08,371,1,0.0,0.0,0.0,0.0
B,R03,testing,08,372,1,0.0,0.0,0.0,0.0
B,R03,testing,08,373,1,0.0,0.0,0.0,0.0
B,R03,testing,08,374,1,0.0,0.0,0.0,0.0
B,R03,testing,08,375,1,0.0,0.0,0.0,0.0
B,R03,testing,08,376,1,0.0,0.0,0.0,0.0
B,R03,testing,08,377,1,0.0,0.0,0.0,0.0
B,R03,testing,08,378,1,0.0,0.0,0.0,0.0
B,R03,testing,08,379,1,0.0,0.0,0.0,0.0
B,R03,testing,08,380,1,0.0,0.0,0.0,0.0
B,R03,testing,08,381,1,0.0,0.0,0.0,0.0
B,R03,testing,08,382,1,0.0,0.0,0.0,0.0
B,R03,testing,08,383,1,0.0,0.0,0.0,0.0
B,R03,testing,08,384,1,0.0,0.0,0.0,0.0
B,R03,testing,08,385,1,0.0,0.0,0.0,0.0
B,R03,testing,08,386,1,0.0,0.0,0.0,0.0
B,R03,testing,08,387,1,0.0,0.0,0.0,0.0
B,R03,testing,08,388,1,0.0,0.0,0.0,0.0
B,R03,testing,08,389,1,0.0,0.0,0.0,0.0
B,R03,testing,08,390,1,0.0,0.0,0.0,0.0
B,R03,testing,08,391,1,0.0,0.0,0.0,0.0
B,R03,testing,08,392,1,0.0,0.0,0.0,0.0
B,R03,testing,08,393,1,0.0,0.0,0.0,0.0
B,R03,testing,08,394,1,0.0,0.0,0.0,0.0
B,R03,testing,08,395,1,0.0,0.0,0.0,0.0
B,R03,testing,08,396,1,0.0,0.0,0.0,0.0
B,R03,testing,08,397,1,0.0,0.0,0.0,0.0
B,R03,testing,08,398,1,0.0,0.0,0.0,0.0
B,R03,testing,08,399,1,0.0,0.0,0.0,0.0
B,R03,testing,08,400,1,0.0,0.0,0.0,0.0
B,R03,testing,08,401,1,0.0,0.0,0.0,0.0
B,R03,testing,08,402,1,0.0,0.0,0.0,0.0
B,R03,testing,08,403,1,0.0,0.0,0.0,0.0
B,R03,testing,08,404,1,0.0,0.0,0.0,0.0
B,R03,testing,08,405,1,0.0,0.0,0.0,0.0
B,R03,testing,08,406,1,0.0,0.0,0.0,0.0
B,R03,testing,08,407,1,0.0,0.0,0.0,0.0
B,R03,testing,08,408,1,0.0,0.0,0.0,0.0
B,R03,testing,08,409,1,0.0,0.0,0.0,0.0
B,R03,testing,08,410,1,0.0,0.0,0.0,0.0
B,R03,testing,08,411,1,0.0,0.0,0.0,0.0
B,R03,testing,08,412,1,0.0,0.0,0.0,0.0
B,R03,testing,08,413,1,0.0,0.0,0.0,0.0
B,R03,testing,08,414,1,0.0,0.0,0.0,0.0
B,R03,testing,08,415,1,0.0,0.0,0.0,0.0
B,R03,testing,08,416,1,0.0,0.0,0.0,0.0
B,R03,testing,08,417,1,0.0,0.0,0.0,0.0
B,R03,testing,08,418,1,0.0,0.0,0.0,0.0
B,R03,testing,08,419,1,0.0,0.0,0.0,0.0
B,R03,testing,08,420,1,0.0,0.0,0.0,0.0
B,R03,testing,08,421,1,0.0,0.0,0.0,0.0
B,R03,testing,08,422,1,0.0,0.0,0.0,0.0
B,R03,testing,08,423,1,0.0,0.0,0.0,0.0
B,R03,testing,08,424,1,0.0,0.0,0.0,0.0
B,R03,testing,08,425,1,0.0,0.0,0.0,0.0
B,R03,testing,08,426,1,0.0,0.0,0.0,0.0
B,R03,testing,08,427,1,0.0,0.0,0.0,0.0
B,R03,testing,08,428,1,0.0,0.0,0.0,0.0
B,R03,testing,08,429,1,0.0,0.0,0.0,0.0
B,R03,testing,08,430,1,0.0,0.0,0.0,0.0
B,R03,testing,08,431,1,0.0,0.0,0.0,0.0
B,R03,testing,08,432,1,0.0,0.0,0.0,0.0
B,R03,testing,08,433,1,0.0,0.0,0.0,0.0
B,R03,testing,08,434,1,0.0,0.0,0.0,0.0
B,R03,testing,08,435,1,0.0,0.0,0.0,0.0
B,R03,testing,08,436,1,0.0,0.0,0.0,0.0
B,R03,testing,08,437,1,0.0,0.0,0.0,0.0
B,R03,testing,08,438,1,0.0,0.0,0.0,0.0
B,R03,testing,08,439,1,0.0,0.0,0.0,0.0
B,R03,testing,08,440,1,0.0,0.0,0.0,0.0
B,R03,testing,08,441,1,0.0,0.0,0.0,0.0
B,R03,testing,08,442,1,0.0,0.0,0.0,0.0
B,R03,testing,08,443,1,0.0,0.0,0.0,0.0
B,R03,testing,08,444,1,0.0,0.0,0.0,0.0
B,R03,testing,08,445,1,0.0,0.0,0.0,0.0
B,R03,testing,08,446,1,0.0,0.0,0.0,0.0
B,R03,testing,08,447,1,0.0,0.0,0.0,0.0
B,R03,testing,08,448,1,0.0,0.0,0.0,0.0
B,R03,testing,08,449,1,0.0,0.0,0.0,0.0
B,R03,testing,08,450,1,0.0,0.0,0.0,0.0
B,R03,testing,08,451,1,0.0,0.0,0.0,0.0
B,R03,testing,08,452,1,0.0,0.0,0.0,0.0
B,R03,testing,08,453,1,0.0,0.0,0.0,0.0
B,R03,testing,08,454,1,0.0,0.0,0.0,0.0
B,R03,testing,08,455,1,0.0,0.0,0.0,0.0
B,R03,testing,08,456,1,0.0,0.0,0.0,0.0
B,R03,testing,08,457,1,0.0,0.0,0.0,0.0
B,R03,testing,08,458,1,0.0,0.0,0.0,0.0
B,R03,testing,08,459,1,0.0,0.0,0.0,0.0
B,R03,testing,08,460,1,0.0,0.0,0.0,0.0
B,R03,testing,08,461,1,0.0,0.0,0.0,0.0
B,R03,testing,08,462,1,0.0,0.0,0.0,0.0
B,R03,testing,08,463,1,0.0,0.0,0.0,0.0
B,R03,testing,08,464,1,0.0,0.0,0.0,0.0
B,R03,testing,08,465,1,0.0,0.0,0.0,0.0
B,R03,testing,08,466,1,0.0,0.0,0.0,0.0
B,R03,testing,08,467,1,0.0,0.0,0.0,0.0
B,R03,testing,08,468,1,0.0,0.0,0.0,0.0
B,R03,testing,08,469,1,0.0,0.0,0.0,0.0
B,R03,testing,08,470,1,0.0,0.0,0.0,0.0
B,R03,testing,08,471,1,0.0,0.0,0.0,0.0
B,R03,testing,08,472,1,0.0,0.0,0.0,0.0
B,R03,testing,08,473,1,0.0,0.0,0.0,0.0
B,R03,testing,08,474,1,0.0,0.0,0.0,0.0
B,R03,testing,08,475,1,0.0,0.0,0.0,0.0
B,R03,testing,08,476,1,0.0,0.0,0.0,0.0
B,R03,testing,08,477,1,0.0,0.0,0.0,0.0
B,R03,testing,08,478,1,0.0,0.0,0.0,0.0
B,R03,testing,08,479,1,0.0,0.0,0.0,0.0
B,R03,testing,08,480,1,0.0,0.0,0.0,0.0
B,R03,testing,08,481,1,0.0,0.0,0.0,0.0
B,R03,testing,08,482,1,0.0,0.0,0.0,0.0
B,R03,testing,08,483,1,0.0,0.0,0.0,0.0
B,R03,testing,08,484,1,0.0,0.0,0.0,0.0
B,R03,testing,08,485,1,0.0,0.0,0.0,0.0
B,R03,testing,08,486,1,0.0,0.0,0.0,0.0
B,R03,testing,08,487,1,0.0,0.0,0.0,0.0
B,R03,testing,08,488,1,0.0,0.0,0.0,0.0
B,R03,testing,08,489,1,0.0,0.0,0.0,0.0
B,R03,testing,08,490,1,0.0,0.0,0.0,0.0
B,R03,testing,08,491,1,0.0,0.0,0.0,0.0
B,R03,testing,08,492,1,0.0,0.0,0.0,0.0
B,R03,testing,08,493,1,0.0,0.0,0.0,0.0
B,R03,testing,08,494,1,0.0,0.0,0.0,0.0
B,R03,testing,08,495,1,0.0,0.0,0.0,0.0
B,R03,testing,08,496,1,0.0,0.0,0.0,0.0
B,R03,testing,08,497,1,0.0,0.0,0.0,0.0
B,R03,testing,08,498,1,0.0,0.0,0.0,0.0
B,R03,testing,08,499,1,0.0,0.0,0.0,0.0
B,R03,testing,08,500,1,0.0,0.0,0.0,0.0
B,R03,testing,08,501,1,0.0,0.0,0.0,0.0
B,R03,testing,08,502,1,0.0,0.0,0.0,0.0
B,R03,testing,08,503,1,0.0,0.0,0.0,0.0
B,R03,testing,08,504,1,0.0,0.0,0.0,0.0
B,R03,testing,08,505,1,0.0,0.0,0.0,0.0
B,R03,testing,08,506,1,0.0,0.0,0.0,0.0
B,R03,testing,08,507,1,0.0,0.0,0.0,0.0
B,R03,testing,08,508,1,0.0,0.0,0.0,0.0
B,R03,testing,08,509,1,0.0,0.0,0.0,0.0
B,R03,testing,08,510,1,0.0,0.0,0.0,0.0
B,R03,testing,08,511,1,0.0,0.0,0.0,0.0
B,R03,testing,08,512,1,0.0,0.0,0.0,0.0
B,R03,testing,08,513,1,0.0,0.0,0.0,0.0
B,R03,testing,08,514,1,0.0,0.0,0.0,0.0
B,R03,testing,08,515,1,0.0,0.0,0.0,0.0
B,R03,testing,08,516,1,0.0,0.0,0.0,0.0
B,R03,testing,08,517,1,0.0,0.0,0.0,0.0
B,R03,testing,08,518,1,0.0,0.0,0.0,0.0
B,R03,testing,08,519,1,0.0,0.0,0.0,0.0
B,R03,testing,08,520,1,0.0,0.0,0.0,0.0
B,R03,testing,08,521,1,0.0,0.0,0.0,0.0
B,R03,testing,08,522,1,0.0,0.0,0.0,0.0
B,R03,testing,08,523,1,0.0,0.0,0.0,0.0
B,R03,testing,08,524,1,0.0,0.0,0.0,0.0
B,R03,testing,08,525,1,0.0,0.0,0.0,0.0
B,R03,testing,08,526,1,0.0,0.0,0.0,0.0
B,R03,testing,08,527,1,0.0,0.0,0.0,0.0
B,R03,testing,08,528,1,0.0,0.0,0.0,0.0
B,R03,testing,08,529,1,0.0,0.0,0.0,0.0
B,R03,testing,08,530,1,0.0,0.0,0.0,0.0
B,R03,testing,08,531,1,0.0,0.0,0.0,0.0
B,R03,testing,08,532,1,0.0,0.0,0.0,0.0
B,R03,testing,08,533,1,0.0,0.0,0.0,0.0
B,R03,testing,08,534,1,0.0,0.0,0.0,0.0
B,R03,testing,08,535,1,0.0,0.0,0.0,0.0
B,R03,testing,08,536,1,0.0,0.0,0.0,0.0
B,R03,testing,08,537,1,0.0,0.0,0.0,0.0
B,R03,testing,08,538,1,0.0,0.0,0.0,0.0
B,R03,testing,08,539,1,0.0,0.0,0.0,0.0
B,R03,testing,08,540,1,0.0,0.0,0.0,0.0
B,R03,testing,08,541,1,0.0,0.0,0.0,0.0
B,R03,testing,08,542,1,0.0,0.0,0.0,0.0
B,R03,testing,08,543,1,0.0,0.0,0.0,0.0
B,R03,testing,08,544,1,0.0,0.0,0.0,0.0
B,R03,testing,08,545,1,0.0,0.0,0.0,0.0
B,R03,testing,08,546,1,0.0,0.0,0.0,0.0
B,R03,testing,08,547,1,0.0,0.0,0.0,0.0
B,R03,testing,08,548,1,0.0,0.0,0.0,0.0
B,R03,testing,08,549,1,0.0,0.0,0.0,0.0
B,R03,testing,08,550,1,0.0,0.0,0.0,0.0
B,R03,testing,08,551,1,0.0,0.0,0.0,0.0
B,R03,testing,08,552,1,0.0,0.0,0.0,0.0
B,R03,testing,08,553,1,0.0,0.0,0.0,0.0
B,R03,testing,08,554,1,0.0,0.0,0.0,0.0
B,R03,testing,08,555,1,0.0,0.0,0.0,0.0
B,R03,testing,08,556,1,0.0,0.0,0.0,0.0
B,R03,testing,08,557,1,0.0,0.0,0.0,0.0
B,R03,testing,08,558,1,0.0,0.0,0.0,0.0
B,R03,testing,08,559,1,0.0,0.0,0.0,0.0
B,R03,testing,08,560,1,0.0,0.0,0.0,0.0
B,R03,testing,08,561,1,0.0,0.0,0.0,0.0
B,R03,testing,08,562,1,0.0,0.0,0.0,0.0
B,R03,testing,08,563,1,0.0,0.0,0.0,0.0
B,R03,testing,08,564,1,0.0,0.0,0.0,0.0
B,R03,testing,08,565,1,0.0,0.0,0.0,0.0
B,R03,testing,08,566,1,0.0,0.0,0.0,0.0
B,R03,testing,08,567,1,0.0,0.0,0.0,0.0
B,R03,testing,08,568,1,0.0,0.0,0.0,0.0
B,R03,testing,08,569,1,0.0,0.0,0.0,0.0
B,R03,testing,08,570,1,0.0,0.0,0.0,0.0
B,R03,testing,08,571,1,0.0,0.0,0.0,0.0
B,R03,testing,08,572,1,0.0,0.0,0.0,0.0
B,R03,testing,08,573,1,0.0,0.0,0.0,0.0
B,R03,testing,08,574,1,0.0,0.0,0.0,0.0
B,R03,testing,08,575,1,0.0,0.0,0.0,0.0
B,R03,testing,08,576,1,0.0,0.0,0.0,0.0
B,R03,testing,08,577,1,0.0,0.0,0.0,0.0
B,R03,testing,08,578,1,0.0,0.0,0.0,0.0
B,R03,testing,08,579,1,0.0,0.0,0.0,0.0
B,R03,testing,08,580,1,0.0,0.0,0.0,0.0
B,R03,testing,08,581,1,0.0,0.0,0.0,0.0
B,R03,testing,08,582,1,0.0,0.0,0.0,0.0
B,R03,testing,08,583,1,0.0,0.0,0.0,0.0
B,R03,testing,08,584,1,0.0,0.0,0.0,0.0
B,R03,testing,08,585,1,0.0,0.0,0.0,0.0
B,R03,testing,08,586,1,0.0,0.0,0.0,0.0
B,R03,testing,08,587,1,0.0,0.0,0.0,0.0
B,R03,testing,08,588,1,0.0,0.0,0.0,0.0
B,R03,testing,08,589,1,0.0,0.0,0.0,0.0
B,R03,testing,08,590,1,0.0,0.0,0.0,0.0
B,R03,testing,08,591,1,0.0,0.0,0.0,0.0
B,R03,testing,08,592,1,0.0,0.0,0.0,0.0
B,R03,testing,08,593,1,0.0,0.0,0.0,0.0
B,R03,testing,08,594,1,0.0,0.0,0.0,0.0
B,R03,testing,08,595,1,0.0,0.0,0.0,0.0
B,R03,testing,08,596,1,0.0,0.0,0.0,0.0
B,R03,testing,08,597,1,0.0,0.0,0.0,0.0
B,R03,testing,08,598,1,0.0,0.0,0.0,0.0
B,R03,testing,08,599,1,0.0,0.0,0.0,0.0
B,R03,testing,08,600,1,0.0,0.0,0.0,0.0
B,R03,testing,08,601,1,0.0,0.0,0.0,0.0
B,R03,testing,08,602,1,0.0,0.0,0.0,0.0
B,R03,testing,08,603,1,0.0,0.0,0.0,0.0
B,R03,testing,08,604,1,0.0,0.0,0.0,0.0
B,R03,testing,08,605,1,0.0,0.0,0.0,0.0
B,R03,testing,08,606,1,0.0,0.0,0.0,0.0
B,R03,testing,08,607,1,0.0,0.0,0.0,0.0
B,R03,testing,08,608,1,0.0,0.0,0.0,0.0
B,R03,testing,08,609,1,0.0,0.0,0.0,0.0
B,R03,testing,08,610,1,0.0,0.0,0.0,0.0
B,R03,testing,08,611,1,0.0,0.0,0.0,0.0
B,R03,testing,08,612,1,0.0,0.0,0.0,0.0
B,R03,testing,08,613,1,0.0,0.0,0.0,0.0
B,R03,testing,08,614,1,0.0,0.0,0.0,0.0
B,R03,testing,08,615,1,0.0,0.0,0.0,0.0
B,R03,testing,08,616,1,0.0,0.0,0.0,0.0
B,R03,testing,08,617,1,0.0,0.0,0.0,0.0
B,R03,testing,08,618,1,0.0,0.0,0.0,0.0
B,R03,testing,08,619,1,0.0,0.0,0.0,0.0
B,R03,testing,08,620,1,0.0,0.0,0.0,0.0
B,R03,testing,08,621,1,0.0,0.0,0.0,0.0
B,R03,testing,08,622,1,0.0,0.0,0.0,0.0
B,R03,testing,08,623,1,0.0,0.0,0.0,0.0
B,R03,testing,08,624,1,0.0,0.0,0.0,0.0
B,R03,testing,08,625,1,0.0,0.0,0.0,0.0
B,R03,testing,08,626,1,0.0,0.0,0.0,0.0
B,R03,testing,08,627,1,0.0,0.0,0.0,0.0
B,R03,testing,08,628,1,0.0,0.0,0.0,0.0
B,R03,testing,08,629,1,0.0,0.0,0.0,0.0
B,R03,testing,08,630,1,0.0,0.0,0.0,0.0
B,R03,testing,08,631,1,0.0,0.0,0.0,0.0
B,R03,testing,08,632,1,0.0,0.0,0.0,0.0
B,R03,testing,08,633,1,0.0,0.0,0.0,0.0
B,R03,testing,08,634,1,0.0,0.0,0.0,0.0
B,R03,testing,08,635,1,0.0,0.0,0.0,0.0
B,R03,testing,08,636,1,0.0,0.0,0.0,0.0
B,R03,testing,08,637,1,0.0,0.0,0.0,0.0
B,R03,testing,08,638,1,0.0,0.0,0.0,0.0
B,R03,testing,08,639,1,0.0,0.0,0.0,0.0
B,R03,testing,08,640,1,0.0,0.0,0.0,0.0
B,R03,testing,08,641,1,0.0,0.0,0.0,0.0
B,R03,testing,08,642,1,0.0,0.0,0.0,0.0
B,R03,testing,08,643,1,0.0,0.0,0.0,0.0
B,R03,testing,08,644,1,0.0,0.0,0.0,0.0
B,R03,testing,08,645,1,0.0,0.0,0.0,0.0
B,R03,testing,08,646,1,0.0,0.0,0.0,0.0
B,R03,testing,08,647,0,0.0,0.0,0.0,0.0
B,R03,testing,08,648,0,0.0,0.0,0.0,0.0
B,R03,testing,08,649,0,0.0,0.0,0.0,0.0
B,R03,testing,08,650,0,0.0,0.0,0.0,0.0
B,R03,testing,08,651,0,0.0,0.0,0.0,0.0
B,R03,testing,08,652,0,0.0,0.0,0.0,0.0
B,R03,testing,08,653,0,0.0,0.0,0.0,0.0
B,R03,testing,08,654,0,0.0,0.0,0.0,0.0
B,R03,testing,08,655,0,0.0,0.0,0.0,0.0
B,R03,testing,08,656,0,0.0,0.0,0.0,0.0
B,R03,testing,08,657,0,0.0,0.0,0.0,0.0
B,R03,testing,08,658,0,0.0,0.0,0.0,0.0
B,R03,testing,08,659,0,0.0,0.0,0.0,0.0
B,R03,testing,08,660,0,0.0,0.0,0.0,0.0
B,R03,testing,08,661,0,0.0,0.0,0.0,0.0
B,R03,testing,08,662,0,0.0,0.0,0.0,0.0
B,R03,testing,08,663,0,0.0,0.0,0.0,0.0
B,R03,testing,08,664,0,0.0,0.0,0.0,0.0
B,R03,testing,08,665,0,0.0,0.0,0.0,0.0
B,R03,testing,08,666,0,0.0,0.0,0.0,0.0
B,R03,testing,08,667,0,0.0,0.0,0.0,0.0
B,R03,testing,08,668,0,0.0,0.0,0.0,0.0
B,R03,testing,08,669,0,0.0,0.0,0.0,0.0
B,R03,testing,08,670,0,0.0,0.0,0.0,0.0
B,R03,testing,08,671,0,0.0,0.0,0.0,0.0
B,R03,testing,08,672,0,0.0,0.0,0.0,0.0
B,R03,testing,08,673,0,0.0,0.0,0.0,0.0
B,R03,testing,08,674,0,0.0,0.0,0.0,0.0
B,R03,testing,08,675,0,0.0,0.0,0.0,0.0
B,R03,testing,08,676,0,0.0,0.0,0.0,0.0
B,R03,testing,08,677,0,0.0,0.0,0.0,0.0
B,R03,testing,08,678,0,0.0,0.0,0.0,0.0
B,R03,testing,08,679,0,0.0,0.0,0.0,0.0
B,R03,testing,08,680,0,0.0,0.0,0.0,0.0
B,R03,testing,08,681,0,0.0,0.0,0.0,0.0
B,R03,testing,08,682,0,0.0,0.0,0.0,0.0
B,R03,testing,08,683,0,0.0,0.0,0.0,0.0
B,R03,testing,08,684,0,0.0,0.0,0.0,0.0
B,R03,testing,08,685,0,0.0,0.0,0.0,0.0
B,R03,testing,08,686,0,0.0,0.0,0.0,0.0
B,R03,testing,08,687,0,0.0,0.0,0.0,0.0
B,R03,testing,08,688,0,0.0,0.0,0.0,0.0
B,R03,testing,08,689,0,0.0,0.0,0.0,0.0
B,R03,testing,08,690,0,0.0,0.0,0.0,0.0
B,R03,testing,08,691,0,0.0,0.0,0.0,0.0
B,R03,testing,08,692,0,0.0,0.0,0.0,0.0
B,R03,testing,08,693,0,0.0,0.0,0.0,0.0
B,R03,testing,08,694,0,0.0,0.0,0.0,0.0
C,R03,testing,08,0,0,0.0,0.0,0.0,0.0
C,R03,testing,08,1,0,0.0,0.0,0.0,0.0
C,R03,testing,08,2,0,0.0,0.0,0.0,0.0
C,R03,testing,08,3,0,0.0,0.0,0.0,0.0
C,R03,testing,08,4,0,0.0,0.0,0.0,0.0
C,R03,testing,08,5,0,0.0,0.0,0.0,0.0
C,R03,testing,08,6,0,0.0,0.0,0.0,0.0
C,R03,testing,08,7,0,0.0,0.0,0.0,0.0
C,R03,testing,08,8,0,0.0,0.0,0.0,0.0
C,R03,testing,08,9,0,0.0,0.0,0.0,0.0
C,R03,testing,08,10,0,0.0,0.0,0.0,0.0
C,R03,testing,08,11,0,0.0,0.0,0.0,0.0
C,R03,testing,08,12,0,0.0,0.0,0.0,0.0
C,R03,testing,08,13,0,0.0,0.0,0.0,0.0
C,R03,testing,08,14,0,0.0,0.0,0.0,0.0
C,R03,testing,08,15,0,0.0,0.0,0.0,0.0
C,R03,testing,08,16,0,0.0,0.0,0.0,0.0
C,R03,testing,08,17,0,0.0,0.0,0.0,0.0
C,R03,testing,08,18,0,0.0,0.0,0.0,0.0
C,R03,testing,08,19,0,0.0,0.0,0.0,0.0
C,R03,testing,08,20,0,0.0,0.0,0.0,0.0
C,R03,testing,08,21,0,0.0,0.0,0.0,0.0
C,R03,testing,08,22,0,0.0,0.0,0.0,0.0
C,R03,testing,08,23,0,0.0,0.0,0.0,0.0
C,R03,testing,08,24,0,0.0,0.0,0.0,0.0
C,R03,testing,08,25,0,0.0,0.0,0.0,0.0
C,R03,testing,08,26,0,0.0,0.0,0.0,0.0
C,R03,testing,08,27,0,0.0,0.0,0.0,0.0
C,R03,testing,08,28,0,0.0,0.0,0.0,0.0
C,R03,testing,08,29,0,0.0,0.0,0.0,0.0
C,R03,testing,08,30,0,0.0,0.0,0.0,0.0
C,R03,testing,08,31,0,0.0,0.0,0.0,0.0
C,R03,testing,08,32,0,0.0,0.0,0.0,0.0
C,R03,testing,08,33,0,0.0,0.0,0.0,0.0
C,R03,testing,08,34,0,0.0,0.0,0.0,0.0
C,R03,testing,08,35,0,0.0,0.0,0.0,0.0
C,R03,testing,08,36,0,0.0,0.0,0.0,0.0
C,R03,testing,08,37,0,0.0,0.0,0.0,0.0
C,R03,testing,08,38,0,0.0,0.0,0.0,0.0
C,R03,testing,08,39,0,0.0,0.0,0.0,0.0
C,R03,testing,08,40,0,0.0,0.0,0.0,0.0
C,R03,testing,08,41,0,0.0,0.0,0.0,0.0
C,R03,testing,08,42,0,0.0,0.0,0.0,0.0
C,R03,testing,08,43,0,0.0,0.0,0.0,0.0
C,R03,testing,08,44,0,0.0,0.0,0.0,0.0
C,R03,testing,08,45,0,0.0,0.0,0.0,0.0
C,R03,testing,08,46,0,0.0,0.0,0.0,0.0
C,R03,testing,08,47,0,0.0,0.0,0.0,0.0
C,R03,testing,08,48,0,0.0,0.0,0.0,0.0
C,R03,testing,08,49,0,0.0,0.0,0.0,0.0
C,R03,testing,08,50,0,0.0,0.0,0.0,0.0
C,R03,testing,08,51,0,0.0,0.0,0.0,0.0
C,R03,testing,08,52,0,0.0,0.0,0.0,0.0
C,R03,testing,08,53,0,0.0,0.0,0.0,0.0
C,R03,testing,08,54,0,0.0,0.0,0.0,0.0
C,R03,testing,08,55,0,0.0,0.0,0.0,0.0
C,R03,testing,08,56,0,0.0,0.0,0.0,0.0
C,R03,testing,08,57,0,0.0,0.0,0.0,0.0
C,R03,testing,08,58,0,0.0,0.0,0.0,0.0
C,R03,testing,08,59,0,0.0,0.0,0.0,0.0
C,R03,testing,08,60,0,0.0,0.0,0.0,0.0
C,R03,testing,08,61,0,0.0,0.0,0.0,0.0
C,R03,testing,08,62,0,0.0,0.0,0.0,0.0
C,R03,testing,08,63,0,0.0,0.0,0.0,0.0
C,R03,testing,08,64,0,0.0,0.0,0.0,0.0
C,R03,testing,08,65,0,0.0,0.0,0.0,0.0
C,R03,testing,08,66,0,0.0,0.0,0.0,0.0
C,R03,testing,08,67,0,0.0,0.0,0.0,0.0
C,R03,testing,08,68,0,0.0,0.0,0.0,0.0
C,R03,testing,08,69,0,0.0,0.0,0.0,0.0
C,R03,testing,08,70,0,0.0,0.0,0.0,0.0
C,R03,testing,08,71,0,0.0,0.0,0.0,0.0
C,R03,testing,08,72,0,0.0,0.0,0.0,0.0
C,R03,testing,08,73,0,0.0,0.0,0.0,0.0
C,R03,testing,08,74,0,0.0,0.0,0.0,0.0
C,R03,testing,08,75,0,0.0,0.0,0.0,0.0
C,R03,testing,08,76,0,0.0,0.0,0.0,0.0
C,R03,testing,08,77,0,0.0,0.0,0.0,0.0
C,R03,testing,08,78,0,0.0,0.0,0.0,0.0
C,R03,testing,08,79,0,0.0,0.0,0.0,0.0
C,R03,testing,08,80,0,0.0,0.0,0.0,0.0
C,R03,testing,08,81,0,0.0,0.0,0.0,0.0
C,R03,testing,08,82,0,0.0,0.0,0.0,0.0
C,R03,testing,08,83,0,0.0,0.0,0.0,0.0
C,R03,testing,08,84,0,0.0,0.0,0.0,0.0
C,R03,testing,08,85,0,0.0,0.0,0.0,0.0
C,R03,testing,08,86,0,0.0,0.0,0.0,0.0
C,R03,testing,08,87,0,0.0,0.0,0.0,0.0
C,R03,testing,08,88,0,0.0,0.0,0.0,0.0
C,R03,testing,08,89,0,0.0,0.0,0.0,0.0
C,R03,testing,08,90,0,0.0,0.0,0.0,0.0
C,R03,testing,08,91,0,0.0,0.0,0.0,0.0
C,R03,testing,08,92,0,0.0,0.0,0.0,0.0
C,R03,testing,08,93,0,0.0,0.0,0.0,0.0
C,R03,testing,08,94,0,0.0,0.0,0.0,0.0
C,R03,testing,08,95,0,0.0,0.0,0.0,0.0
C,R03,testing,08,96,0,0.0,0.0,0.0,0.0
C,R03,testing,08,97,0,0.0,0.0,0.0,0.0
C,R03,testing,08,98,0,0.0,0.0,0.0,0.0
C,R03,testing,08,99,0,0.0,0.0,0.0,0.0
C,R03,testing,08,100,0,0.0,0.0,0.0,0.0
C,R03,testing,08,101,0,0.0,0.0,0.0,0.0
C,R03,testing,08,102,0,0.0,0.0,0.0,0.0
C,R03,testing,08,103,0,0.0,0.0,0.0,0.0
C,R03,testing,08,104,0,0.0,0.0,0.0,0.0
C,R03,testing,08,105,0,0.0,0.0,0.0,0.0
C,R03,testing,08,106,0,0.0,0.0,0.0,0.0
C,R03,testing,08,107,0,0.0,0.0,0.0,0.0
C,R03,testing,08,108,0,0.0,0.0,0.0,0.0
C,R03,testing,08,109,0,0.0,0.0,0.0,0.0
C,R03,testing,08,110,0,0.0,0.0,0.0,0.0
C,R03,testing,08,111,0,0.0,0.0,0.0,0.0
C,R03,testing,08,112,0,0.0,0.0,0.0,0.0
C,R03,testing,08,113,0,0.0,0.0,0.0,0.0
C,R03,testing,08,114,0,0.0,0.0,0.0,0.0
C,R03,testing,08,115,0,0.0,0.0,0.0,0.0
C,R03,testing,08,116,0,0.0,0.0,0.0,0.0
C,R03,testing,08,117,0,0.0,0.0,0.0,0.0
C,R03,testing,08,118,0,0.0,0.0,0.0,0.0
C,R03,testing,08,119,0,0.0,0.0,0.0,0.0
C,R03,testing,08,120,0,0.0,0.0,0.0,0.0
C,R03,testing,08,121,0,0.0,0.0,0.0,0.0
C,R03,testing,08,122,0,0.0,0.0,0.0,0.0
C,R03,testing,08,123,0,0.0,0.0,0.0,0.0
C,R03,testing,08,124,0,0.0,0.0,0.0,0.0
C,R03,testing,08,125,0,0.0,0.0,0.0,0.0
C,R03,testing,08,126,0,0.0,0.0,0.0,0.0
C,R03,testing,08,127,0,0.0,0.0,0.0,0.0
C,R03,testing,08,128,0,0.0,0.0,0.0,0.0
C,R03,testing,08,129,0,0.0,0.0,0.0,0.0
C,R03,testing,08,130,0,0.0,0.0,0.0,0.0
C,R03,testing,08,131,0,0.0,0.0,0.0,0.0
C,R03,testing,08,132,0,0.0,0.0,0.0,0.0
C,R03,testing,08,133,0,0.0,0.0,0.0,0.0
C,R03,testing,08,134,0,0.0,0.0,0.0,0.0
C,R03,testing,08,135,0,0.0,0.0,0.0,0.0
C,R03,testing,08,136,0,0.0,0.0,0.0,0.0
C,R03,testing,08,137,0,0.0,0.0,0.0,0.0
C,R03,testing,08,138,0,0.0,0.0,0.0,0.0
C,R03,testing,08,139,0,0.0,0.0,0.0,0.0
C,R03,testing,08,140,0,0.0,0.0,0.0,0.0
C,R03,testing,08,141,0,0.0,0.0,0.0,0.0
C,R03,testing,08,142,0,0.0,0.0,0.0,0.0
C,R03,testing,08,143,0,0.0,0.0,0.0,0.0
C,R03,testing,08,144,0,0.0,0.0,0.0,0.0
C,R03,testing,08,145,0,0.0,0.0,0.0,0.0
C,R03,testing,08,146,0,0.0,0.0,0.0,0.0
C,R03,testing,08,147,0,0.0,0.0,0.0,0.0
C,R03,testing,08,148,0,0.0,0.0,0.0,0.0
C,R03,testing,08,149,0,0.0,0.0,0.0,0.0
C,R03,testing,08,150,0,0.0,0.0,0.0,0.0
C,R03,testing,08,151,0,0.0,0.0,0.0,0.0
C,R03,testing,08,152,0,0.0,0.0,0.0,0.0
C,R03,testing,08,153,0,0.0,0.0,0.0,0.0
C,R03,testing,08,154,0,0.0,0.0,0.0,0.0
C,R03,testing,08,155,0,0.0,0.0,0.0,0.0
C,R03,testing,08,156,0,0.0,0.0,0.0,0.0
C,R03,testing,08,157,0,0.0,0.0,0.0,0.0
C,R03,testing,08,158,0,0.0,0.0,0.0,0.0
C,R03,testing,08,159,0,0.0,0.0,0.0,0.0
C,R03,testing,08,160,0,0.0,0.0,0.0,0.0
C,R03,testing,08,161,0,0.0,0.0,0.0,0.0
C,R03,testing,08,162,0,0.0,0.0,0.0,0.0
C,R03,testing,08,163,0,0.0,0.0,0.0,0.0
C,R03,testing,08,164,0,0.0,0.0,0.0,0.0
C,R03,testing,08,165,0,0.0,0.0,0.0,0.0
C,R03,testing,08,166,0,0.0,0.0,0.0,0.0
C,R03,testing,08,167,0,0.0,0.0,0.0,0.0
C,R03,testing,08,168,0,0.0,0.0,0.0,0.0
C,R03,testing,08,169,0,0.0,0.0,0.0,0.0
C,R03,testing,08,170,0,0.0,0.0,0.0,0.0
C,R03,testing,08,171,0,0.0,0.0,0.0,0.0
C,R03,testing,08,172,0,0.0,0.0,0.0,0.0
C,R03,testing,08,173,0,0.0,0.0,0.0,0.0
C,R03,testing,08,174,0,0.0,0.0,0.0,0.0
C,R03,testing,08,175,0,0.0,0.0,0.0,0.0
C,R03,testing,08,176,0,0.0,0.0,0.0,0.0
C,R03,testing,08,177,0,0.0,0.0,0.0,0.0
C,R03,testing,08,178,0,0.0,0.0,0.0,0.0
C,R03,testing,08,179,0,0.0,0.0,0.0,0.0
C,R03,testing,08,180,0,0.0,0.0,0.0,0.0
C,R03,testing,08,181,0,0.0,0.0,0.0,0.0
C,R03,testing,08,182,0,0.0,0.0,0.0,0.0
C,R03,testing,08,183,0,0.0,0.0,0.0,0.0
C,R03,testing,08,184,0,0.0,0.0,0.0,0.0
C,R03,testing,08,185,0,0.0,0.0,0.0,0.0
C,R03,testing,08,186,0,0.0,0.0,0.0,0.0
C,R03,testing,08,187,0,0.0,0.0,0.0,0.0
C,R03,testing,08,188,0,0.0,0.0,0.0,0.0
C,R03,testing,08,189,0,0.0,0.0,0.0,0.0
C,R03,testing,08,190,0,0.0,0.0,0.0,0.0
C,R03,testing,08,191,0,0.0,0.0,0.0,0.0
C,R03,testing,08,192,0,0.0,0.0,0.0,0.0
C,R03,testing,08,193,0,0.0,0.0,0.0,0.0
C,R03,testing,08,194,0,0.0,0.0,0.0,0.0
C,R03,testing,08,195,0,0.0,0.0,0.0,0.0
C,R03,testing,08,196,0,0.0,0.0,0.0,0.0
C,R03,testing,08,197,0,0.0,0.0,0.0,0.0
C,R03,testing,08,198,0,0.0,0.0,0.0,0.0
C,R03,testing,08,199,0,0.0,0.0,0.0,0.0
C,R03,testing,08,200,0,0.0,0.0,0.0,0.0
C,R03,testing,08,201,0,0.0,0.0,0.0,0.0
C,R03,testing,08,202,0,0.0,0.0,0.0,0.0
C,R03,testing,08,203,0,0.0,0.0,0.0,0.0
C,R03,testing,08,204,0,0.0,0.0,0.0,0.0
C,R03,testing,08,205,0,0.0,0.0,0.0,0.0
C,R03,testing,08,206,0,0.0,0.0,0.0,0.0
C,R03,testing,08,207,0,0.0,0.0,0.0,0.0
C,R03,testing,08,208,0,0.0,0.0,0.0,0.0
C,R03,testing,08,209,0,0.0,0.0,0.0,0.0
C,R03,testing,08,210,0,0.0,0.0,0.0,0.0
C,R03,testing,08,211,0,0.0,0.0,0.0,0.0
C,R03,testing,08,212,0,0.0,0.0,0.0,0.0
C,R03,testing,08,213,0,0.0,0.0,0.0,0.0
C,R03,testing,08,214,0,0.0,0.0,0.0,0.0
C,R03,testing,08,215,0,0.0,0.0,0.0,0.0
C,R03,testing,08,216,0,0.0,0.0,0.0,0.0
C,R03,testing,08,217,0,0.0,0.0,0.0,0.0
C,R03,testing,08,218,0,0.0,0.0,0.0,0.0
C,R03,testing,08,219,0,0.0,0.0,0.0,0.0
C,R03,testing,08,220,0,0.0,0.0,0.0,0.0
C,R03,testing,08,221,0,0.0,0.0,0.0,0.0
C,R03,testing,08,222,0,0.0,0.0,0.0,0.0
C,R03,testing,08,223,0,0.0,0.0,0.0,0.0
C,R03,testing,08,224,0,0.0,0.0,0.0,0.0
C,R03,testing,08,225,0,0.0,0.0,0.0,0.0
C,R03,testing,08,226,0,0.0,0.0,0.0,0.0
C,R03,testing,08,227,0,0.0,0.0,0.0,0.0
C,R03,testing,08,228,0,0.0,0.0,0.0,0.0
C,R03,testing,08,229,0,0.0,0.0,0.0,0.0
C,R03,testing,08,230,0,0.0,0.0,0.0,0.0
C,R03,testing,08,231,0,0.0,0.0,0.0,0.0
C,R03,testing,08,232,0,0.0,0.0,0.0,0.0
C,R03,testing,08,233,0,0.0,0.0,0.0,0.0
C,R03,testing,08,234,0,0.0,0.0,0.0,0.0
C,R03,testing,08,235,0,0.0,0.0,0.0,0.0
C,R03,testing,08,236,0,0.0,0.0,0.0,0.0
C,R03,testing,08,237,0,0.0,0.0,0.0,0.0
C,R03,testing,08,238,0,0.0,0.0,0.0,0.0
C,R03,testing,08,239,0,0.0,0.0,0.0,0.0
C,R03,testing,08,240,0,0.0,0.0,0.0,0.0
C,R03,testing,08,241,0,0.0,0.0,0.0,0.0
C,R03,testing,08,242,1,0.0,0.0,0.0,0.0
C,R03,testing,08,243,1,0.0,0.0,0.0,0.0
C,R03,testing,08,244,1,0.0,0.0,0.0,0.0
C,R03,testing,08,245,1,0.0,0.0,0.0,0.0
C,R03,testing,08,246,1,0.0,0.0,0.0,0.0
C,R03,testing,08,247,1,0.0,0.0,0.0,0.0
C,R03,testing,08,248,1,0.0,0.0,0.0,0.0
C,R03,testing,08,249,1,0.0,0.0,0.0,0.0
C,R03,testing,08,250,1,0.0,0.0,0.0,0.0
C,R03,testing,08,251,1,0.0,0.0,0.0,0.0
C,R03,testing,08,252,1,0.0,0.0,0.0,0.0
C,R03,testing,08,253,1,0.0,0.0,0.0,0.0
C,R03,testing,08,254,1,0.0,0.0,0.0,0.0
C,R03,testing,08,255,1,0.0,0.0,0.0,0.0
C,R03,testing,08,256,1,0.0,0.0,0.0,0.0
C,R03,testing,08,257,1,0.0,0.0,0.0,0.0
C,R03,testing,08,258,1,0.0,0.0,0.0,0.0
C,R03,testing,08,259,1,0.0,0.0,0.0,0.0
C,R03,testing,08,260,1,0.0,0.0,0.0,0.0
C,R03,testing,08,261,1,0.0,0.0,0.0,0.0
C,R03,testing,08,262,1,0.0,0.0,0.0,0.0
C,R03,testing,08,263,1,0.0,0.0,0.0,0.0
C,R03,testing,08,264,1,0.0,0.0,0.0,0.0
C,R03,testing,08,265,1,0.0,0.0,0.0,0.0
C,R03,testing,08,266,1,0.0,0.0,0.0,0.0
C,R03,testing,08,267,1,0.0,0.0,0.0,0.0
C,R03,testing,08,268,1,0.0,0.0,0.0,0.0
C,R03,testing,08,269,1,0.0,0.0,0.0,0.0
C,R03,testing,08,270,1,0.0,0.0,0.0,0.0
C,R03,testing,08,271,1,0.0,0.0,0.0,0.0
C,R03,testing,08,272,1,0.0,0.0,0.0,0.0
C,R03,testing,08,273,1,0.0,0.0,0.0,0.0
C,R03,testing,08,274,1,0.0,0.0,0.0,0.0
C,R03,testing,08,275,1,0.0,0.0,0.0,0.0
C,R03,testing,08,276,1,0.0,0.0,0.0,0.0
C,R03,testing,08,277,1,0.0,0.0,0.0,0.0
C,R03,testing,08,278,1,0.0,0.0,0.0,0.0
C,R03,testing,08,279,1,0.0,0.0,0.0,0.0
C,R03,testing,08,280,1,0.0,0.0,0.0,0.0
C,R03,testing,08,281,1,0.0,0.0,0.0,0.0
C,R03,testing,08,282,1,0.0,0.0,0.0,0.0
C,R03,testing,08,283,1,0.0,0.0,0.0,0.0
C,R03,testing,08,284,1,0.0,0.0,0.0,0.0
C,R03,testing,08,285,1,0.0,0.0,0.0,0.0
C,R03,testing,08,286,1,0.0,0.0,0.0,0.0
C,R03,testing,08,287,1,0.0,0.0,0.0,0.0
C,R03,testing,08,288,1,0.0,0.0,0.0,0.0
C,R03,testing,08,289,1,0.0,0.0,0.0,0.0
C,R03,testing,08,290,1,0.0,0.0,0.0,0.0
C,R03,testing,08,291,1,0.0,0.0,0.0,0.0
C,R03,testing,08,292,1,0.0,0.0,0.0,0.0
C,R03,testing,08,293,1,0.0,0.0,0.0,0.0
C,R03,testing,08,294,1,0.0,0.0,0.0,0.0
C,R03,testing,08,295,1,0.0,0.0,0.0,0.0
C,R03,testing,08,296,1,0.0,0.0,0.0,0.0
C,R03,testing,08,297,1,0.0,0.0,0.0,0.0
C,R03,testing,08,298,1,0.0,0.0,0.0,0.0
C,R03,testing,08,299,1,0.0,0.0,0.0,0.0
C,R03,testing,08,300,1,0.0,0.0,0.0,0.0
C,R03,testing,08,301,1,0.0,0.0,0.0,0.0
C,R03,testing,08,302,1,0.0,0.0,0.0,0.0
C,R03,testing,08,303,1,0.0,0.0,0.0,0.0
C,R03,testing,08,304,1,0.0,0.0,0.0,0.0
C,R03,testing,08,305,1,0.0,0.0,0.0,0.0
C,R03,testing,08,306,1,0.0,0.0,0.0,0.0
C,R03,testing,08,307,1,0.0,0.0,0.0,0.0
C,R03,testing,08,308,1,0.0,0.0,0.0,0.0
C,R03,testing,08,309,1,0.0,0.0,0.0,0.0
C,R03,testing,08,310,1,0.0,0.0,0.0,0.0
C,R03,testing,08,311,1,0.0,0.0,0.0,0.0
C,R03,testing,08,312,1,0.0,0.0,0.0,0.0
C,R03,testing,08,313,1,0.0,0.0,0.0,0.0
C,R03,testing,08,314,1,0.0,0.0,0.0,0.0
C,R03,testing,08,315,1,0.0,0.0,0.0,0.0
C,R03,testing,08,316,1,0.0,0.0,0.0,0.0
C,R03,testing,08,317,1,0.0,0.0,0.0,0.0
C,R03,testing,08,318,1,0.0,0.0,0.0,0.0
C,R03,testing,08,319,1,0.0,0.0,0.0,0.0
C,R03,testing,08,320,1,0.0,0.0,0.0,0.0
C,R03,testing,08,321,1,0.0,0.0,0.0,0.0
C,R03,testing,08,322,1,0.0,0.0,0.0,0.0
C,R03,testing,08,323,1,0.0,0.0,0.0,0.0
C,R03,testing,08,324,1,0.0,0.0,0.0,0.0
C,R03,testing,08,325,1,0.0,0.0,0.0,0.0
C,R03,testing,08,326,1,0.0,0.0,0.0,0.0
C,R03,testing,08,327,1,0.0,0.0,0.0,0.0
C,R03,testing,08,328,1,0.0,0.0,0.0,0.0
C,R03,testing,08,329,1,0.0,0.0,0.0,0.0
C,R03,testing,08,330,1,0.0,0.0,0.0,0.0
C,R03,testing,08,331,1,0.0,0.0,0.0,0.0
C,R03,testing,08,332,1,0.0,0.0,0.0,0.0
C,R03,testing,08,333,1,0.0,0.0,0.0,0.0
C,R03,testing,08,334,1,0.0,0.0,0.0,0.0
C,R03,testing,08,335,1,0.0,0.0,0.0,0.0
C,R03,testing,08,336,1,0.0,0.0,0.0,0.0
C,R03,testing,08,337,1,0.0,0.0,0.0,0.0
C,R03,testing,08,338,1,0.0,0.0,0.0,0.0
C,R03,testing,08,339,1,0.0,0.0,0.0,0.0
C,R03,testing,08,340,1,0.0,0.0,0.0,0.0
C,R03,testing,08,341,1,0.0,0.0,0.0,0.0
C,R03,testing,08,342,1,0.0,0.0,0.0,0.0
C,R03,testing,08,343,1,0.0,0.0,0.0,0.0
C,R03,testing,08,344,1,0.0,0.0,0.0,0.0
C,R03,testing,08,345,1,0.0,0.0,0.0,0.0
C,R03,testing,08,346,1,0.0,0.0,0.0,0.0
C,R03,testing,08,347,1,0.0,0.0,0.0,0.0
C,R03,testing,08,348,1,0.0,0.0,0.0,0.0
C,R03,testing,08,349,1,0.0,0.0,0.0,0.0
C,R03,testing,08,350,1,0.0,0.0,0.0,0.0
C,R03,testing,08,351,1,0.0,0.0,0.0,0.0
C,R03,testing,08,352,1,0.0,0.0,0.0,0.0
C,R03,testing,08,353,1,0.0,0.0,0.0,0.0
C,R03,testing,08,354,1,0.0,0.0,0.0,0.0
C,R03,testing,08,355,1,0.0,0.0,0.0,0.0
C,R03,testing,08,356,1,0.0,0.0,0.0,0.0
C,R03,testing,08,357,1,0.0,0.0,0.0,0.0
C,R03,testing,08,358,1,0.0,0.0,0.0,0.0
C,R03,testing,08,359,1,0.0,0.0,0.0,0.0
C,R03,testing,08,360,1,0.0,0.0,0.0,0.0
C,R03,testing,08,361,1,0.0,0.0,0.0,0.0
C,R03,testing,08,362,1,0.0,0.0,0.0,0.0
C,R03,testing,08,363,1,0.0,0.0,0.0,0.0
C,R03,testing,08,364,1,0.0,0.0,0.0,0.0
C,R03,testing,08,365,1,0.0,0.0,0.0,0.0
C,R03,testing,08,366,1,0.0,0.0,0.0,0.0
C,R03,testing,08,367,1,0.0,0.0,0.0,0.0
C,R03,testing,08,368,1,0.0,0.0,0.0,0.0
C,R03,testing,08,369,1,0.0,0.0,0.0,0.0
C,R03,testing,08,370,1,0.0,0.0,0.0,0.0
C,R03,testing,08,371,1,0.0,0.0,0.0,0.0
C,R03,testing,08,372,1,0.0,0.0,0.0,0.0
C,R03,testing,08,373,1,0.0,0.0,0.0,0.0
C,R03,testing,08,374,1,0.0,0.0,0.0,0.0
C,R03,testing,08,375,1,0.0,0.0,0.0,0.0
C,R03,testing,08,376,1,0.0,0.0,0.0,0.0
C,R03,testing,08,377,1,0.0,0.0,0.0,0.0
C,R03,testing,08,378,1,0.0,0.0,0.0,0.0
C,R03,testing,08,379,1,0.0,0.0,0.0,0.0
C,R03,testing,08,380,1,0.0,0.0,0.0,0.0
C,R03,testing,08,381,1,0.0,0.0,0.0,0.0
C,R03,testing,08,382,1,0.0,0.0,0.0,0.0
C,R03,testing,08,383,1,0.0,0.0,0.0,0.0
C,R03,testing,08,384,1,0.0,0.0,0.0,0.0
C,R03,testing,08,385,1,0.0,0.0,0.0,0.0
C,R03,testing,08,386,1,0.0,0.0,0.0,0.0
C,R03,testing,08,387,1,0.0,0.0,0.0,0.0
C,R03,testing,08,388,1,0.0,0.0,0.0,0.0
C,R03,testing,08,389,1,0.0,0.0,0.0,0.0
C,R03,testing,08,390,1,0.0,0.0,0.0,0.0
C,R03,testing,08,391,1,0.0,0.0,0.0,0.0
C,R03,testing,08,392,1,0.0,0.0,0.0,0.0
C,R03,testing,08,393,1,0.0,0.0,0.0,0.0
C,R03,testing,08,394,1,0.0,0.0,0.0,0.0
C,R03,testing,08,395,1,0.0,0.0,0.0,0.0
C,R03,testing,08,396,1,0.0,0.0,0.0,0.0
C,R03,testing,08,397,1,0.0,0.0,0.0,0.0
C,R03,testing,08,398,1,0.0,0.0,0.0,0.0
C,R03,testing,08,399,1,0.0,0.0,0.0,0.0
C,R03,testing,08,400,1,0.0,0.0,0.0,0.0
C,R03,testing,08,401,1,0.0,0.0,0.0,0.0
C,R03,testing,08,402,1,0.0,0.0,0.0,0.0
C,R03,testing,08,403,1,0.0,0.0,0.0,0.0
C,R03,testing,08,404,1,0.0,0.0,0.0,0.0
C,R03,testing,08,405,1,0.0,0.0,0.0,0.0
C,R03,testing,08,406,1,0.0,0.0,0.0,0.0
C,R03,testing,08,407,1,0.0,0.0,0.0,0.0
C,R03,testing,08,408,1,0.0,0.0,0.0,0.0
C,R03,testing,08,409,1,0.0,0.0,0.0,0.0
C,R03,testing,08,410,1,0.0,0.0,0.0,0.0
C,R03,testing,08,411,1,0.0,0.0,0.0,0.0
C,R03,testing,08,412,1,0.0,0.0,0.0,0.0
C,R03,testing,08,413,1,0.0,0.0,0.0,0.0
C,R03,testing,08,414,1,0.0,0.0,0.0,0.0
C,R03,testing,08,415,1,0.0,0.0,0.0,0.0
C,R03,testing,08,416,1,0.0,0.0,0.0,0.0
C,R03,testing,08,417,1,0.0,0.0,0.0,0.0
C,R03,testing,08,418,1,0.0,0.0,0.0,0.0
C,R03,testing,08,419,1,0.0,0.0,0.0,0.0
C,R03,testing,08,420,1,0.0,0.0,0.0,0.0
C,R03,testing,08,421,1,0.0,0.0,0.0,0.0
C,R03,testing,08,422,1,0.0,0.0,0.0,0.0
C,R03,testing,08,423,1,0.0,0.0,0.0,0.0
C,R03,testing,08,424,1,0.0,0.0,0.0,0.0
C,R03,testing,08,425,1,0.0,0.0,0.0,0.0
C,R03,testing,08,426,1,0.0,0.0,0.0,0.0
C,R03,testing,08,427,1,0.0,0.0,0.0,0.0
C,R03,testing,08,428,1,0.0,0.0,0.0,0.0
C,R03,testing,08,429,1,0.0,0.0,0.0,0.0
C,R03,testing,08,430,1,0.0,0.0,0.0,0.0
C,R03,testing,08,431,1,0.0,0.0,0.0,0.0
C,R03,testing,08,432,1,0.0,0.0,0.0,0.0
C,R03,testing,08,433,1,0.0,0.0,0.0,0.0
C,R03,testing,08,434,1,0.0,0.0,0.0,0.0
C,R03,testing,08,435,1,0.0,0.0,0.0,0.0
C,R03,testing,08,436,1,0.0,0.0,0.0,0.0
C,R03,testing,08,437,1,0.0,0.0,0.0,0.0
C,R03,testing,08,438,1,0.0,0.0,0.0,0.0
C,R03,testing,08,439,1,0.0,0.0,0.0,0.0
C,R03,testing,08,440,1,0.0,0.0,0.0,0.0
C,R03,testing,08,441,1,0.0,0.0,0.0,0.0
C,R03,testing,08,442,1,0.0,0.0,0.0,0.0
C,R03,testing,08,443,1,0.0,0.0,0.0,0.0
C,R03,testing,08,444,1,0.0,0.0,0.0,0.0
C,R03,testing,08,445,1,0.0,0.0,0.0,0.0
C,R03,testing,08,446,1,0.0,0.0,0.0,0.0
C,R03,testing,08,447,1,0.0,0.0,0.0,0.0
C,R03,testing,08,448,1,0.0,0.0,0.0,0.0
C,R03,testing,08,449,1,0.0,0.0,0.0,0.0
C,R03,testing,08,450,1,0.0,0.0,0.0,0.0
C,R03,testing,08,451,1,0.0,0.0,0.0,0.0
C,R03,testing,08,452,1,0.0,0.0,0.0,0.0
C,R03,testing,08,453,1,0.0,0.0,0.0,0.0
C,R03,testing,08,454,1,0.0,0.0,0.0,0.0
C,R03,testing,08,455,1,0.0,0.0,0.0,0.0
C,R03,testing,08,456,1,0.0,0.0,0.0,0.0
C,R03,testing,08,457,1,0.0,0.0,0.0,0.0
C,R03,testing,08,458,1,0.0,0.0,0.0,0.0
C,R03,testing,08,459,1,0.0,0.0,0.0,0.0
C,R03,testing,08,460,1,0.0,0.0,0.0,0.0
C,R03,testing,08,461,1,0.0,0.0,0.0,0.0
C,R03,testing,08,462,1,0.0,0.0,0.0,0.0
C,R03,testing,08,463,1,0.0,0.0,0.0,0.0
C,R03,testing,08,464,1,0.0,0.0,0.0,0.0
C,R03,testing,08,465,1,0.0,0.0,0.0,0.0
C,R03,testing,08,466,1,0.0,0.0,0.0,0.0
C,R03,testing,08,467,1,0.0,0.0,0.0,0.0
C,R03,testing,08,468,1,0.0,0.0,0.0,0.0
C,R03,testing,08,469,1,0.0,0.0,0.0,0.0
C,R03,testing,08,470,1,0.0,0.0,0.0,0.0
C,R03,testing,08,471,1,0.0,0.0,0.0,0.0
C,R03,testing,08,472,1,0.0,0.0,0.0,0.0
C,R03,testing,08,473,1,0.0,0.0,0.0,0.0
C,R03,testing,08,474,1,0.0,0.0,0.0,0.0
C,R03,testing,08,475,1,0.0,0.0,0.0,0.0
C,R03,testing,08,476,1,0.0,0.0,0.0,0.0
C,R03,testing,08,477,1,0.0,0.0,0.0,0.0
C,R03,testing,08,478,1,0.0,0.0,0.0,0.0
C,R03,testing,08,479,1,0.0,0.0,0.0,0.0
C,R03,testing,08,480,1,0.0,0.0,0.0,0.0
C,R03,testing,08,481,1,0.0,0.0,0.0,0.0
C,R03,testing,08,482,1,0.0,0.0,0.0,0.0
C,R03,testing,08,483,1,0.0,0.0,0.0,0.0
C,R03,testing,08,484,1,0.0,0.0,0.0,0.0
C,R03,testing,08,485,1,0.0,0.0,0.0,0.0
C,R03,testing,08,486,1,0.0,0.0,0.0,0.0
C,R03,testing,08,487,1,0.0,0.0,0.0,0.0
C,R03,testing,08,488,1,0.0,0.0,0.0,0.0
C,R03,testing,08,489,1,0.0,0.0,0.0,0.0
C,R03,testing,08,490,1,0.0,0.0,0.0,0.0
C,R03,testing,08,491,1,0.0,0.0,0.0,0.0
C,R03,testing,08,492,1,0.0,0.0,0.0,0.0
C,R03,testing,08,493,1,0.0,0.0,0.0,0.0
C,R03,testing,08,494,1,0.0,0.0,0.0,0.0
C,R03,testing,08,495,1,0.0,0.0,0.0,0.0
C,R03,testing,08,496,1,0.0,0.0,0.0,0.0
C,R03,testing,08,497,1,0.0,0.0,0.0,0.0
C,R03,testing,08,498,1,0.0,0.0,0.0,0.0
C,R03,testing,08,499,1,0.0,0.0,0.0,0.0
C,R03,testing,08,500,1,0.0,0.0,0.0,0.0
C,R03,testing,08,501,1,0.0,0.0,0.0,0.0
C,R03,testing,08,502,1,0.0,0.0,0.0,0.0
C,R03,testing,08,503,1,0.0,0.0,0.0,0.0
C,R03,testing,08,504,1,0.0,0.0,0.0,0.0
C,R03,testing,08,505,1,0.0,0.0,0.0,0.0
C,R03,testing,08,506,1,0.0,0.0,0.0,0.0
C,R03,testing,08,507,1,0.0,0.0,0.0,0.0
C,R03,testing,08,508,1,0.0,0.0,0.0,0.0
C,R03,testing,08,509,1,0.0,0.0,0.0,0.0
C,R03,testing,08,510,1,0.0,0.0,0.0,0.0
C,R03,testing,08,511,1,0.0,0.0,0.0,0.0
C,R03,testing,08,512,1,0.0,0.0,0.0,0.0
C,R03,testing,08,513,1,0.0,0.0,0.0,0.0
C,R03,testing,08,514,1,0.0,0.0,0.0,0.0
C,R03,testing,08,515,1,0.0,0.0,0.0,0.0
C,R03,testing,08,516,1,0.0,0.0,0.0,0.0
C,R03,testing,08,517,1,0.0,0.0,0.0,0.0
C,R03,testing,08,518,1,0.0,0.0,0.0,0.0
C,R03,testing,08,519,1,0.0,0.0,0.0,0.0
C,R03,testing,08,520,1,0.0,0.0,0.0,0.0
C,R03,testing,08,521,1,0.0,0.0,0.0,0.0
C,R03,testing,08,522,1,0.0,0.0,0.0,0.0
C,R03,testing,08,523,1,0.0,0.0,0.0,0.0
C,R03,testing,08,524,1,0.0,0.0,0.0,0.0
C,R03,testing,08,525,1,0.0,0.0,0.0,0.0
C,R03,testing,08,526,1,0.0,0.0,0.0,0.0
C,R03,testing,08,527,1,0.0,0.0,0.0,0.0
C,R03,testing,08,528,1,0.0,0.0,0.0,0.0
C,R03,testing,08,529,1,0.0,0.0,0.0,0.0
C,R03,testing,08,530,1,0.0,0.0,0.0,0.0
C,R03,testing,08,531,1,0.0,0.0,0.0,0.0
C,R03,testing,08,532,1,0.0,0.0,0.0,0.0
C,R03,testing,08,533,1,0.0,0.0,0.0,0.0
C,R03,testing,08,534,1,0.0,0.0,0.0,0.0
C,R03,testing,08,535,1,0.0,0.0,0.0,0.0
C,R03,testing,08,536,1,0.0,0.0,0.0,0.0
C,R03,testing,08,537,1,0.0,0.0,0.0,0.0
C,R03,testing,08,538,1,0.0,0.0,0.0,0.0
C,R03,testing,08,539,1,0.0,0.0,0.0,0.0
C,R03,testing,08,540,1,0.0,0.0,0.0,0.0
C,R03,testing,08,541,1,0.0,0.0,0.0,0.0
C,R03,testing,08,542,1,0.0,0.0,0.0,0.0
C,R03,testing,08,543,1,0.0,0.0,0.0,0.0
C,R03,testing,08,544,1,0.0,0.0,0.0,0.0
C,R03,testing,08,545,1,0.0,0.0,0.0,0.0
C,R03,testing,08,546,1,0.0,0.0,0.0,0.0
C,R03,testing,08,547,1,0.0,0.0,0.0,0.0
C,R03,testing,08,548,1,0.0,0.0,0.0,0.0
C,R03,testing,08,549,1,0.0,0.0,0.0,0.0
C,R03,testing,08,550,1,0.0,0.0,0.0,0.0
C,R03,testing,08,551,1,0.0,0.0,0.0,0.0
C,R03,testing,08,552,1,0.0,0.0,0.0,0.0
C,R03,testing,08,553,1,0.0,0.0,0.0,0.0
C,R03,testing,08,554,1,0.0,0.0,0.0,0.0
C,R03,testing,08,555,1,0.0,0.0,0.0,0.0
C,R03,testing,08,556,1,0.0,0.0,0.0,0.0
C,R03,testing,08,557,1,0.0,0.0,0.0,0.0
C,R03,testing,08,558,1,0.0,0.0,0.0,0.0
C,R03,testing,08,559,1,0.0,0.0,0.0,0.0
C,R03,testing,08,560,1,0.0,0.0,0.0,0.0
C,R03,testing,08,561,1,0.0,0.0,0.0,0.0
C,R03,testing,08,562,1,0.0,0.0,0.0,0.0
C,R03,testing,08,563,1,0.0,0.0,0.0,0.0
C,R03,testing,08,564,1,0.0,0.0,0.0,0.0
C,R03,testing,08,565,1,0.0,0.0,0.0,0.0
C,R03,testing,08,566,1,0.0,0.0,0.0,0.0
C,R03,testing,08,567,1,0.0,0.0,0.0,0.0
C,R03,testing,08,568,1,0.0,0.0,0.0,0.0
C,R03,testing,08,569,1,0.0,0.0,0.0,0.0
C,R03,testing,08,570,1,0.0,0.0,0.0,0.0
C,R03,testing,08,571,1,0.0,0.0,0.0,0.0
C,R03,testing,08,572,1,0.0,0.0,0.0,0.0
C,R03,testing,08,573,1,0.0,0.0,0.0,0.0
C,R03,testing,08,574,1,0.0,0.0,0.0,0.0
C,R03,testing,08,575,1,0.0,0.0,0.0,0.0
C,R03,testing,08,576,1,0.0,0.0,0.0,0.0
C,R03,testing,08,577,1,0.0,0.0,0.0,0.0
C,R03,testing,08,578,1,0.0,0.0,0.0,0.0
C,R03,testing,08,579,1,0.0,0.0,0.0,0.0
C,R03,testing,08,580,1,0.0,0.0,0.0,0.0
C,R03,testing,08,581,1,0.0,0.0,0.0,0.0
C,R03,testing,08,582,1,0.0,0.0,0.0,0.0
C,R03,testing,08,583,1,0.0,0.0,0.0,0.0
C,R03,testing,08,584,1,0.0,0.0,0.0,0.0
C,R03,testing,08,585,1,0.0,0.0,0.0,0.0
C,R03,testing,08,586,1,0.0,0.0,0.0,0.0
C,R03,testing,08,587,1,0.0,0.0,0.0,0.0
C,R03,testing,08,588,1,0.0,0.0,0.0,0.0
C,R03,testing,08,589,1,0.0,0.0,0.0,0.0
C,R03,testing,08,590,1,0.0,0.0,0.0,0.0
C,R03,testing,08,591,1,0.0,0.0,0.0,0.0
C,R03,testing,08,592,1,0.0,0.0,0.0,0.0
C,R03,testing,08,593,1,0.0,0.0,0.0,0.0
C,R03,testing,08,594,1,0.0,0.0,0.0,0.0
C,R03,testing,08,595,1,0.0,0.0,0.0,0.0
C,R03,testing,08,596,1,0.0,0.0,0.0,0.0
C,R03,testing,08,597,1,0.0,0.0,0.0,0.0
C,R03,testing,08,598,1,0.0,0.0,0.0,0.0
C,R03,testing,08,599,1,0.0,0.0,0.0,0.0
C,R03,testing,08,600,1,0.0,0.0,0.0,0.0
C,R03,testing,08,601,1,0.0,0.0,0.0,0.0
C,R03,testing,08,602,1,0.0,0.0,0.0,0.0
C,R03,testing,08,603,1,0.0,0.0,0.0,0.0
C,R03,testing,08,604,1,0.0,0.0,0.0,0.0
C,R03,testing,08,605,1,0.0,0.0,0.0,0.0
C,R03,testing,08,606,1,0.0,0.0,0.0,0.0
C,R03,testing,08,607,1,0.0,0.0,0.0,0.0
C,R03,testing,08,608,1,0.0,0.0,0.0,0.0
C,R03,testing,08,609,1,0.0,0.0,0.0,0.0
C,R03,testing,08,610,1,0.0,0.0,0.0,0.0
C,R03,testing,08,611,1,0.0,0.0,0.0,0.0
C,R03,testing,08,612,1,0.0,0.0,0.0,0.0
C,R03,testing,08,613,1,0.0,0.0,0.0,0.0
C,R03,testing,08,614,1,0.0,0.0,0.0,0.0
C,R03,testing,08,615,1,0.0,0.0,0.0,0.0
C,R03,testing,08,616,1,0.0,0.0,0.0,0.0
C,R03,testing,08,617,1,0.0,0.0,0.0,0.0
C,R03,testing,08,618,1,0.0,0.0,0.0,0.0
C,R03,testing,08,619,1,0.0,0.0,0.0,0.0
C,R03,testing,08,620,1,0.0,0.0,0.0,0.0
C,R03,testing,08,621,1,0.0,0.0,0.0,0.0
C,R03,testing,08,622,1,0.0,0.0,0.0,0.0
C,R03,testing,08,623,1,0.0,0.0,0.0,0.0
C,R03,testing,08,624,1,0.0,0.0,0.0,0.0
C,R03,testing,08,625,1,0.0,0.0,0.0,0.0
C,R03,testing,08,626,1,0.0,0.0,0.0,0.0
C,R03,testing,08,627,1,0.0,0.0,0.0,0.0
C,R03,testing,08,628,1,0.0,0.0,0.0,0.0
C,R03,testing,08,629,1,0.0,0.0,0.0,0.0
C,R03,testing,08,630,1,0.0,0.0,0.0,0.0
C,R03,testing,08,631,1,0.0,0.0,0.0,0.0
C,R03,testing,08,632,1,0.0,0.0,0.0,0.0
C,R03,testing,08,633,1,0.0,0.0,0.0,0.0
C,R03,testing,08,634,1,0.0,0.0,0.0,0.0
C,R03,testing,08,635,1,0.0,0.0,0.0,0.0
C,R03,testing,08,636,1,0.0,0.0,0.0,0.0
C,R03,testing,08,637,1,0.0,0.0,0.0,0.0
C,R03,testing,08,638,1,0.0,0.0,0.0,0.0
C,R03,testing,08,639,1,0.0,0.0,0.0,0.0
C,R03,testing,08,640,1,0.0,0.0,0.0,0.0
C,R03,testing,08,641,1,0.0,0.0,0.0,0.0
C,R03,testing,08,642,1,0.0,0.0,0.0,0.0
C,R03,testing,08,643,1,0.0,0.0,0.0,0.0
C,R03,testing,08,644,1,0.0,0.0,0.0,0.0
C,R03,testing,08,645,1,0.0,0.0,0.0,0.0
C,R03,testing,08,646,1,0.0,0.0,0.0,0.0
C,R03,testing,08,647,0,0.0,0.0,0.0,0.0
C,R03,testing,08,648,0,0.0,0.0,0.0,0.0
C,R03,testing,08,649,0,0.0,0.0,0.0,0.0
C,R03,testing,08,650,0,0.0,0.0,0.0,0.0
C,R03,testing,08,651,0,0.0,0.0,0.0,0.0
C,R03,testing,08,652,0,0.0,0.0,0.0,0.0
C,R03,testing,08,653,0,0.0,0.0,0.0,0.0
C,R03,testing,08,654,0,0.0,0.0,0.0,0.0
C,R03,testing,08,655,0,0.0,0.0,0.0,0.0
C,R03,testing,08,656,0,0.0,0.0,0.0,0.0
C,R03,testing,08,657,0,0.0,0.0,0.0,0.0
C,R03,testing,08,658,0,0.0,0.0,0.0,0.0
C,R03,testing,08,659,0,0.0,0.0,0.0,0.0
C,R03,testing,08,660,0,0.0,0.0,0.0,0.0
C,R03,testing,08,661,0,0.0,0.0,0.0,0.0
C,R03,testing,08,662,0,0.0,0.0,0.0,0.0
C,R03,testing,08,663,0,0.0,0.0,0.0,0.0
C,R03,testing,08,664,0,0.0,0.0,0.0,0.0
C,R03,testing,08,665,0,0.0,0.0,0.0,0.0
C,R03,testing,08,666,0,0.0,0.0,0.0,0.0
C,R03,testing,08,667,0,0.0,0.0,0.0,0.0
C,R03,testing,08,668,0,0.0,0.0,0.0,0.0
C,R03,testing,08,669,0,0.0,0.0,0.0,0.0
C,R03,testing,08,670,0,0.0,0.0,0.0,0.0
C,R03,testing,08,671,0,0.0,0.0,0.0,0.0
C,R03,testing,08,672,0,0.0,0.0,0.0,0.0
C,R03,testing,08,673,0,0.0,0.0,0.0,0.0
C,R03,testing,08,674,0,0.0,0.0,0.0,0.0
C,R03,testing,08,675,0,0.0,0.0,0.0,0.0
C,R03,testing,08,676,0,0.0,0.0,0.0,0.0
C,R03,testing,08,677,0,0.0,0.0,0.0,0.0
C,R03,testing,08,678,0,0.0,0.0,0.0,0.0
C,R03,testing,08,679,0,0.0,0.0,0.0,0.0
C,R03,testing,08,680,0,0.0,0.0,0.0,0.0
C,R03,testing,08,681,0,0.0,0.0,0.0,0.0
C,R03,testing,08,682,0,0.0,0.0,0.0,0.0
C,R03,testing,08,683,0,0.0,0.0,0.0,0.0
C,R03,testing,08,684,0,0.0,0.0,0.0,0.0
C,R03,testing,08,685,0,0.0,0.0,0.0,0.0
C,R03,testing,08,686,0,0.0,0.0,0.0,0.0
C,R03,testing,08,687,0,0.0,0.0,0.0,0.0
C,R03,testing,08,688,0,0.0,0.0,0.0,0.0
C,R03,testing,08,689,0,0.0,0.0,0.0,0.0
C,R03,testing,08,690,0,0.0,0.0,0.0,0.0
C,R03,testing,08,691,0,0.0,0.0,0.0,0.0
C,R03,testing,08,692,0,0.0,0.0,0.0,0.0
C,R03,testing,08,693,0,0.0,0.0,0.0,0.0
C,R03,testing,08,694,0,0.0,0.0,0.0,0.0
P1,R03,testing,08,0,0,0.0,0.0,0.0,0.0
P1,R03,testing,08,1,0,0.0,0.0,0.0,0.0
P1,R03,testing,08,2,0,0.0,0.0,0.0,0.0
P1,R03,testing,08,3,0,0.0,0.0,0.0,0.0
P1,R03,testing,08,4,0,0.0,0.0,0.0,0.0
P1,R03,testing,08,5,0,0.0,0.0,0.0,0.0
P1,R03,testing,08,6,0,0.0,0.0,0.0,0.0
P1,R03,testing,08,7,0,0.0,0.0,0.0,0.0
P1,R03,testing,08,8,0,0.0,0.0,0.0,0.0
P1,R03,testing,08,9,0,0.0,0.0,0.0,0.0
P1,R03,testing,08,10,0,0.0,0.0,0.0,0.0
P1,R03,testing,08,11,0,0.0,0.0,0.0,0.0
P1,R03,testing,08,12,0,0.0,0.0,0.0,0.0
P1,R03,testing,08,13,0,0.0,0.0,0.0,0.0
P1,R03,testing,08,14,0,0.0,0.0,0.0,0.0
P1,R03,testing,08,15,0,0.0,0.0,0.0,0.0
P1,R03,testing,08,16,0,0.0,0.0,0.0,0.0
P1,R03,testing,08,17,0,0.0,0.0,0.0,0.0
P1,R03,testing,08,18,0,0.0,0.0,0.0,0.0
P1,R03,testing,08,19,0,0.0,0.0,0.0,0.0
P1,R03,testing,08,20,0,0.0,0.0,0.0,0.0
P1,R03,testing,08,21,0,0.0,0.0,0.0,0.0
P1,R03,testing,08,22,0,0.0,0.0,0.0,0.0
P1,R03,testing,08,23,0,0.0,0.0,0.0,0.0
P1,R03,testing,08,24,0,0.0,0.0,0.0,0.0
P1,R03,testing,08,25,0,0.0,0.0,0.0,0.0
P1,R03,testing,08,26,0,0.0,0.0,0.0,0.0
P1,R03,testing,08,27,0,0.0,0.0,0.0,0.0
P1,R03,testing,08,28,0,0.0,0.0,0.0,0.0
P1,R03,testing,08,29,0,0.0,0.0,0.0,0.0
P1,R03,testing,08,30,0,0.0,0.0,0.0,0.0
P1,R03,testing,08,31,0,0.0,0.0,0.0,0.0
P1,R03,testing,08,32,0,0.0,0.0,0.0,0.0
P1,R03,testing,08,33,0,0.0,0.0,0.0,0.0
P1,R03,testing,08,34,0,0.0,0.0,0.0,0.0
P1,R03,testing,08,35,0,0.0,0.0,0.0,0.0
P1,R03,testing,08,36,0,0.0,0.0,0.0,0.0
P1,R03,testing,08,37,0,0.0,0.0,0.0,0.0
P1,R03,testing,08,38,0,0.0,0.0,0.0,0.0
P1,R03,testing,08,39,0,0.0,0.0,0.0,0.0
P1,R03,testing,08,40,0,0.0,0.0,0.0,0.0
P1,R03,testing,08,41,0,0.0,0.0,0.0,0.0
P1,R03,testing,08,42,0,0.0,0.0,0.0,0.0
P1,R03,testing,08,43,0,0.0,0.0,0.0,0.0
P1,R03,testing,08,44,0,0.0,0.0,0.0,0.0
P1,R03,testing,08,45,0,0.0,0.0,0.0,0.0
P1,R03,testing,08,46,0,0.0,0.0,0.0,0.0
P1,R03,testing,08,47,0,0.0,0.0,0.0,0.0
P1,R03,testing,08,48,0,0.0,0.0,0.0,0.0
P1,R03,testing,08,49,0,0.0,0.0,0.0,0.0
P1,R03,testing,08,50,0,0.0,0.0,0.0,0.0
P1,R03,testing,08,51,0,0.0,0.0,0.0,0.0
P1,R03,testing,08,52,0,0.0,0.0,0.0,0.0
P1,R03,testing,08,53,0,0.0,0.0,0.0,0.0
P1,R03,testing,08,54,0,0.0,0.0,0.0,0.0
P1,R03,testing,08,55,0,0.0,0.0,0.0,0.0
P1,R03,testing,08,56,0,0.0,0.0,0.0,0.0
P1,R03,testing,08,57,0,0.0,0.0,0.0,0.0
P1,R03,testing,08,58,0,0.0,0.0,0.0,0.0
P1,R03,testing,08,59,0,0.0,0.0,0.0,0.0
P1,R03,testing,08,60,0,0.0,0.0,0.0,0.0
P1,R03,testing,08,61,0,0.0,0.0,0.0,0.0
P1,R03,testing,08,62,0,0.0,0.0,0.0,0.0
P1,R03,testing,08,63,0,0.0,0.0,0.0,0.0
P1,R03,testing,08,64,0,0.0,0.0,0.0,0.0
P1,R03,testing,08,65,0,0.0,0.0,0.0,0.0
P1,R03,testing,08,66,0,0.0,0.0,0.0,0.0
P1,R03,testing,08,67,0,0.0,0.0,0.0,0.0
P1,R03,testing,08,68,0,0.0,0.0,0.0,0.0
P1,R03,testing,08,69,0,0.0,0.0,0.0,0.0
P1,R03,testing,08,70,0,0.0,0.0,0.0,0.0
P1,R03,testing,08,71,0,0.0,0.0,0.0,0.0
P1,R03,testing,08,72,0,0.0,0.0,0.0,0.0
P1,R03,testing,08,73,0,0.0,0.0,0.0,0.0
P1,R03,testing,08,74,0,0.0,0.0,0.0,0.0
P1,R03,testing,08,75,0,0.0,0.0,0.0,0.0
P1,R03,testing,08,76,0,0.0,0.0,0.0,0.0
P1,R03,testing,08,77,0,0.0,0.0,0.0,0.0
P1,R03,testing,08,78,0,0.0,0.0,0.0,0.0
P1,R03,testing,08,79,0,0.0,0.0,0.0,0.0
P1,R03,testing,08,80,0,0.0,0.0,0.0,0.0
P1,R03,testing,08,81,0,0.0,0.0,0.0,0.0
P1,R03,testing,08,82,0,0.0,0.0,0.0,0.0
P1,R03,testing,08,83,0,0.0,0.0,0.0,0.0
P1,R03,testing,08,84,0,0.0,0.0,0.0,0.0
P1,R03,testing,08,85,0,0.0,0.0,0.0,0.0
P1,R03,testing,08,86,0,0.0,0.0,0.0,0.0
P1,R03,testing,08,87,0,0.0,0.0,0.0,0.0
P1,R03,testing,08,88,0,0.0,0.0,0.0,0.0
P1,R03,testing,08,89,0,0.0,0.0,0.0,0.0
P1,R03,testing,08,90,0,0.0,0.0,0.0,0.0
P1,R03,testing,08,91,0,0.0,0.0,0.0,0.0
P1,R03,testing,08,92,0,0.0,0.0,0.0,0.0
P1,R03,testing,08,93,0,0.0,0.0,0.0,0.0
P1,R03,testing,08,94,0,0.0,0.0,0.0,0.0
P1,R03,testing,08,95,0,0.0,0.0,0.0,0.0
P1,R03,testing,08,96,0,0.0,0.0,0.0,0.0
P1,R03,testing,08,97,0,0.0,0.0,0.0,0.0
P1,R03,testing,08,98,0,0.0,0.0,0.0,0.0
P1,R03,testing,08,99,0,0.0,0.0,0.0,0.0
P1,R03,testing,08,100,0,0.0,0.0,0.0,0.0
P1,R03,testing,08,101,0,0.0,0.0,0.0,0.0
P1,R03,testing,08,102,0,0.0,0.0,0.0,0.0
P1,R03,testing,08,103,0,0.0,0.0,0.0,0.0
P1,R03,testing,08,104,0,0.0,0.0,0.0,0.0
P1,R03,testing,08,105,0,0.0,0.0,0.0,0.0
P1,R03,testing,08,106,0,0.0,0.0,0.0,0.0
P1,R03,testing,08,107,0,0.0,0.0,0.0,0.0
P1,R03,testing,08,108,0,0.0,0.0,0.0,0.0
P1,R03,testing,08,109,0,0.0,0.0,0.0,0.0
P1,R03,testing,08,110,0,0.0,0.0,0.0,0.0
P1,R03,testing,08,111,0,0.0,0.0,0.0,0.0
P1,R03,testing,08,112,0,0.0,0.0,0.014270051943361691,0.011367836877429423
P1,R03,testing,08,113,0,0.0,0.0,0.014270051943361691,0.011389903046099752
P1,R03,testing,08,114,0,0.0,0.0,0.014270051943361691,0.01141191727085255
P1,R03,testing,08,115,0,0.0,0.0,0.014270051943361691,0.011433879085282114
P1,R03,testing,08,116,0,0.0,0.0,0.014270051943361691,0.011455788023390296
P1,R03,testing,08,117,0,0.0,0.0,0.014270051943361691,0.011477643619602759
P1,R03,testing,08,118,0,0.0,0.0,0.014270051943361691,0.011499445408785279
P1,R03,testing,08,119,0,0.0,0.0,0.014270051943361691,0.01152119292626006
P1,R03,testing,08,120,0,0.0,0.0,0.014270051943361691,0.011542885707822033
P1,R03,testing,08,121,0,0.0,0.0,0.014270051943361691,0.011564523289755206
P1,R03,testing,08,122,0,0.0,0.0,0.014270051943361691,0.01158610520884899
P1,R03,testing,08,123,0,0.0,0.0,0.014270051943361691,0.011607631002414548
P1,R03,testing,08,124,0,0.0,0.0,0.014270051943361691,0.01162910020830117
P1,R03,testing,08,125,0,0.0,0.0,0.014270051943361691,0.011650512364912618
P1,R03,testing,08,126,0,0.0,0.0,0.014270051943361691,0.011671867011223512
P1,R03,testing,08,127,0,0.0,0.0,0.014270051943361691,0.011693163686795712
P1,R03,testing,08,128,0,0.0,0.0,0.029515214162765063,0.024229279835696095
P1,R03,testing,08,129,0,0.0,0.0,0.029515214162765063,0.024273085787305155
P1,R03,testing,08,130,0,0.0,0.0,0.029515214162765063,0.02431676898675226
P1,R03,testing,08,131,0,0.0,0.0,0.029515214162765063,0.02436032848689557
P1,R03,testing,08,132,0,0.0,0.0,0.029515214162765063,0.02440376334197741
P1,R03,testing,08,133,0,0.0,0.0,0.029515214162765063,0.024447072607658164
P1,R03,testing,08,134,0,0.0,0.0,0.029515214162765063,0.024490255341050222
P1,R03,testing,08,135,0,0.0,0.0,0.029515214162765063,0.02453331060075188
P1,R03,testing,08,136,0,0.0,0.0,0.029515214162765063,0.024576237446881307
P1,R03,testing,08,137,0,0.0,0.0,0.029515214162765063,0.024619034941110424
P1,R03,testing,08,138,0,0.0,0.0,0.029515214162765063,0.024661702146698848
P1,R03,testing,08,139,0,0.0,0.0,0.029515214162765063,0.024704238128527796
P1,R03,testing,08,140,0,0.0,0.0,0.029515214162765063,0.02474664195313398
P1,R03,testing,08,141,0,0.0,0.0,0.029515214162765063,0.024788912688743517
P1,R03,testing,08,142,0,0.0,0.0,0.029515214162765063,0.02483104940530578
P1,R03,testing,08,143,0,0.0,0.0,0.029515214162765063,0.02487305117452729
P1,R03,testing,08,144,0,0.0,0.0,0.045601926719953265,0.03849432418785833
P1,R03,testing,08,145,0,0.0,0.0,0.045601926719953265,0.03855879694439958
P1,R03,testing,08,146,0,0.0,0.0,0.045601926719953265,0.03862305691717388
P1,R03,testing,08,147,0,0.0,0.0,0.045601926719953265,0.03868710268332091
P1,R03,testing,08,148,0,0.0,0.0,0.045601926719953265,0.03875093282295638
P1,R03,testing,08,149,0,0.0,0.0,0.045601926719953265,0.03881454591922421
P1,R03,testing,08,150,0,0.0,0.0,0.045601926719953265,0.03887794055834859
P1,R03,testing,08,151,0,0.0,0.0,0.045601926719953265,0.03894111532968608
P1,R03,testing,08,152,0,0.0,0.0,0.045601926719953265,0.03900406882577761
P1,R03,testing,08,153,0,0.0,0.0,0.045601926719953265,0.03906679964240044
P1,R03,testing,08,154,0,0.0,0.0,0.045601926719953265,0.03912930637862007
P1,R03,testing,08,155,0,0.0,0.0,0.045601926719953265,0.039191587636842135
P1,R03,testing,08,156,0,0.0,0.0,0.045601926719953265,0.03925364202286421
P1,R03,testing,08,157,0,0.0,0.0,0.045601926719953265,0.039315468145927526
P1,R03,testing,08,158,0,0.0,0.0,0.045601926719953265,0.039377064618768685
P1,R03,testing,08,159,0,0.0,0.0,0.045601926719953265,0.03943843005767131
P1,R03,testing,08,160,0,0.0,0.0,0.06242732242289576,0.05407341613565841
P1,R03,testing,08,161,0,0.0,0.0,0.06242732242289576,0.054156784896800404
P1,R03,testing,08,162,0,0.0,0.0,0.06242732242289576,0.05423983172824307
P1,R03,testing,08,163,0,0.0,0.0,0.06242732242289576,0.054322554755858385
P1,R03,testing,08,164,0,0.0,0.0,0.06242732242289576,0.05440495211072598
P1,R03,testing,08,165,0,0.0,0.0,0.06242732242289576,0.054487021929203225
P1,R03,testing,08,166,0,0.0,0.0,0.06242732242289576,0.05456876235299512
P1,R03,testing,08,167,0,0.0,0.0,0.06242732242289576,0.05465017152922424
P1,R03,testing,08,168,0,0.0,0.0,0.06242732242289576,0.05473124761050038
P1,R03,testing,08,169,0,0.0,0.0,0.06242732242289576,0.05481198875499021
P1,R03,testing,08,170,0,0.0,0.0,0.06242732242289576,0.054892393126486694
P1,R03,testing,08,171,0,0.0,0.0,0.06242732242289576,0.05497245889447849
P1,R03,testing,08,172,0,0.0,0.0,0.06242732242289576,0.055052184234219155
P1,R03,testing,08,173,0,0.0,0.0,0.06242732242289576,0.05513156732679615
P1,R03,testing,08,174,0,0.0,0.0,0.06242732242289576,0.05521060635919985
P1,R03,testing,08,175,0,0.0,0.0,0.06242732242289576,0.05528929952439229
P1,R03,testing,08,176,0,0.0,0.0,0.07985153075195013,0.07082141340513329
P1,R03,testing,08,177,0,0.0,0.0,0.07985153075195013,0.07092117905992398
P1,R03,testing,08,178,0,0.0,0.0,0.07985153075195013,0.07102049542434646
P1,R03,testing,08,179,0,0.0,0.0,0.07985153075195013,0.07111936021842659
P1,R03,testing,08,180,0,0.0,0.0,0.07985153075195013,0.07121777117026556
P1,R03,testing,08,181,0,0.0,0.0,0.07985153075195013,0.07131572601612678
P1,R03,testing,08,182,0,0.0,0.0,0.07985153075195013,0.07141322250052229
P1,R03,testing,08,183,0,0.0,0.0,0.07985153075195013,0.07151025837629918
P1,R03,testing,08,184,0,0.0,0.0,0.07985153075195013,0.07160683140472561
P1,R03,testing,08,185,0,0.0,0.0,0.07985153075195013,0.07170293935557676
P1,R03,testing,08,186,0,0.0,0.0,0.07985153075195013,0.07179858000722036
P1,R03,testing,08,187,0,0.0,0.0,0.07985153075195013,0.07189375114670216
P1,R03,testing,08,188,0,0.0,0.0,0.07985153075195013,0.071988450569831
P1,R03,testing,08,189,0,0.0,0.0,0.07985153075195013,0.07208267608126374
P1,R03,testing,08,190,0,0.0,0.0,0.07985153075195013,0.0721764254945899
P1,R03,testing,08,191,0,0.0,0.0,0.07985153075195013,0.07226969663241599
P1,R03,testing,08,192,0,0.0,0.0,0.08345199678987265,0.0756252760993764
P1,R03,testing,08,193,0,0.0,0.0,0.08345199678987265,0.07572174631669641
P1,R03,testing,08,194,0,0.0,0.0,0.08345199678987265,0.07581770992401637
P1,R03,testing,08,195,0,0.0,0.0,0.08345199678987265,0.07591316468433572
P1,R03,testing,08,196,0,0.0,0.0,0.08345199678987265,0.07600810837051407
P1,R03,testing,08,197,0,0.0,0.0,0.08345199678987265,0.07610253876535772
P1,R03,testing,08,198,0,0.0,0.0,0.08345199678987265,0.07619645366170581
P1,R03,testing,08,199,0,0.0,0.0,0.08345199678987265,0.07628985086251606
P1,R03,testing,08,200,0,0.0,0.0,0.08345199678987265,0.0763827281809504
P1,R03,testing,08,201,0,0.0,0.0,0.08345199678987265,0.0764750834404601
P1,R03,testing,08,202,0,0.0,0.0,0.08345199678987265,0.07656691447487066
P1,R03,testing,08,203,0,0.0,0.0,0.08345199678987265,0.07665821912846633
P1,R03,testing,08,204,0,0.0,0.0,0.08345199678987265,0.07674899525607441
P1,R03,testing,08,205,0,0.0,0.0,0.08345199678987265,0.07683924072314904
P1,R03,testing,08,206,0,0.0,0.0,0.08345199678987265,0.07692895340585476
P1,R03,testing,08,207,0,0.0,0.0,0.08345199678987265,0.07701813119114971
P1,R03,testing,08,208,0,0.0,0.0,0.08636411668424103,0.0797974705017912
P1,R03,testing,08,209,0,0.0,0.0,0.08636411668424103,0.07988864657131889
P1,R03,testing,08,210,0,0.0,0.0,0.08636411668424103,0.07997926258533311
P1,R03,testing,08,211,0,0.0,0.0,0.08636411668424103,0.08006931640259038
P1,R03,testing,08,212,0,0.0,0.0,0.08636411668424103,0.08015880589344239
P1,R03,testing,08,213,0,0.0,0.0,0.08636411668424103,0.08024772893991984
P1,R03,testing,08,214,0,0.0,0.0,0.08636411668424103,0.08033608343581589
P1,R03,testing,08,215,0,0.0,0.0,0.08636411668424103,0.0804238672867692
P1,R03,testing,08,216,0,0.0,0.0,0.08636411668424103,0.08051107841034662
P1,R03,testing,08,217,0,0.0,0.0,0.08636411668424103,0.08059771473612537
P1,R03,testing,08,218,0,0.0,0.0,0.08636411668424103,0.08068377420577498
P1,R03,testing,08,219,0,0.0,0.0,0.08636411668424103,0.08076925477313861
P1,R03,testing,08,220,0,0.0,0.0,0.08636411668424103,0.08085415440431416
P1,R03,testing,08,221,0,0.0,0.0,0.08636411668424103,0.08093847107773477
P1,R03,testing,08,222,0,0.0,0.0,0.08636411668424103,0.08102220278424904
P1,R03,testing,08,223,0,0.0,0.0,0.08636411668424103,0.08110534752720071
P1,R03,testing,08,224,0,0.0,0.24994950005834388,0.08850608539985322,0.08320149363848109
P1,R03,testing,08,225,0,0.0,0.24994950005834388,0.08850608539985322,0.08328549137520673
P1,R03,testing,08,226,0,0.0,0.24994950005834388,0.08850608539985322,0.08336888152984236
P1,R03,testing,08,227,0,0.0,0.24994950005834388,0.08850608539985322,0.08345166210823966
P1,R03,testing,08,228,0,0.0,0.24994950005834388,0.08850608539985322,0.08353383112945717
P1,R03,testing,08,229,0,0.0,0.24994950005834388,0.08850608539985322,0.0836153866258391
P1,R03,testing,08,230,0,0.0,0.24994950005834388,0.08850608539985322,0.0836963266430939
P1,R03,testing,08,231,0,0.0,0.24994950005834388,0.08850608539985322,0.08377664924037222
P1,R03,testing,08,232,0,0.0,0.24994950005834388,0.08850608539985322,0.08385635249034441
P1,R03,testing,08,233,0,0.0,0.24994950005834388,0.08850608539985322,0.08393543447927763
P1,R03,testing,08,234,0,0.0,0.24994950005834388,0.08850608539985322,0.08401389330711234
P1,R03,testing,08,235,0,0.0,0.24994950005834388,0.08850608539985322,0.08409172708753826
P1,R03,testing,08,236,0,0.0,0.24994950005834388,0.08850608539985322,0.08416893394807011
P1,R03,testing,08,237,0,0.0,0.24994950005834388,0.08850608539985322,0.08424551203012244
P1,R03,testing,08,238,0,0.0,0.24994950005834388,0.08850608539985322,0.08432145948908433
P1,R03,testing,08,239,0,0.0,0.24994950005834388,0.08850608539985322,0.08439677449439331
P1,R03,testing,08,240,0,1.0,0.25024284388580825,0.08981651080045637,0.08572214369988412
P1,R03,testing,08,241,0,1.0,0.25024284388580825,0.08981651080045637,0.0857972846716369
P1,R03,testing,08,242,1,1.0,0.25024284388580825,0.08981651080045637,0.08587177833888184
P1,R03,testing,08,243,1,1.0,0.25024284388580825,0.08981651080045637,0.0859456229017196
P1,R03,testing,08,244,1,1.0,0.25024284388580825,0.08981651080045637,0.086018816574875
P1,R03,testing,08,245,1,1.0,0.25024284388580825,0.08981651080045637,0.08609135758776884
P1,R03,testing,08,246,1,1.0,0.25024284388580825,0.08981651080045637,0.08616324418458932
P1,R03,testing,08,247,1,1.0,0.25024284388580825,0.08981651080045637,0.08623447462436282
P1,R03,testing,08,248,1,1.0,0.25024284388580825,0.08981651080045637,0.08630504718102416
P1,R03,testing,08,249,1,1.0,0.25024284388580825,0.08981651080045637,0.08637496014348629
P1,R03,testing,08,250,1,1.0,0.25024284388580825,0.08981651080045637,0.0864442118157094
P1,R03,testing,08,251,1,1.0,0.25024284388580825,0.08981651080045637,0.08651280051676949
P1,R03,testing,08,252,1,1.0,0.25024284388580825,0.08981651080045637,0.08658072458092633
P1,R03,testing,08,253,1,1.0,0.25024284388580825,0.08981651080045637,0.0866479823576909
P1,R03,testing,08,254,1,1.0,0.25024284388580825,0.08981651080045637,0.08671457221189217
P1,R03,testing,08,255,1,1.0,0.25024284388580825,0.08981651080045637,0.08678049252374338
P1,R03,testing,08,256,1,0.0,0.24988205024488375,0.10452328995217183,0.10106607970808627
P1,R03,testing,08,257,1,0.0,0.24988205024488375,0.10452328995217183,0.10114123004315051
P1,R03,testing,08,258,1,0.0,0.24988205024488375,0.10452328995217183,0.10121559565646931
P1,R03,testing,08,259,1,0.0,0.24988205024488375,0.10452328995217183,0.10128917473539834
P1,R03,testing,08,260,1,0.0,0.24988205024488375,0.10452328995217183,0.10136196548557166
P1,R03,testing,08,261,1,0.0,0.24988205024488375,0.10452328995217183,0.10143396613097469
P1,R03,testing,08,262,1,0.0,0.24988205024488375,0.10452328995217183,0.10150517491401634
P1,R03,testing,08,263,1,0.0,0.24988205024488375,0.10452328995217183,0.10157559009560052
P1,R03,testing,08,264,1,0.0,0.24988205024488375,0.10452328995217183,0.10164520995519699
P1,R03,testing,08,265,1,0.0,0.24988205024488375,0.10452328995217183,0.10171403279091129
P1,R03,testing,08,266,1,0.0,0.24988205024488375,0.10452328995217183,0.10178205691955422
P1,R03,testing,08,267,1,0.0,0.24988205024488375,0.10452328995217183,0.10184928067671029
P1,R03,testing,08,268,1,0.0,0.24988205024488375,0.10452328995217183,0.10191570241680567
P1,R03,testing,08,269,1,0.0,0.24988205024488375,0.10452328995217183,0.10198132051317531
P1,R03,testing,08,270,1,0.0,0.24988205024488375,0.10452328995217183,0.10204613335812933
P1,R03,testing,08,271,1,0.0,0.24988205024488375,0.10452328995217183,0.10211013936301863
P1,R03,testing,08,272,1,0.0,0.24985566418600894,0.10503971649493667,0.10267815290116064
P1,R03,testing,08,273,1,0.0,0.24985566418600894,0.10503971649493667,0.10274084878001832
P1,R03,testing,08,274,1,0.0,0.24985566418600894,0.10503971649493667,0.10280272915835514
P1,R03,testing,08,275,1,0.0,0.24985566418600894,0.10503971649493667,0.10286379251685691
P1,R03,testing,08,276,1,0.0,0.24985566418600894,0.10503971649493667,0.10292403735566277
P1,R03,testing,08,277,1,0.0,0.24985566418600894,0.10503971649493667,0.10298346219442658
P1,R03,testing,08,278,1,0.0,0.24985566418600894,0.10503971649493667,0.10304206557237759
P1,R03,testing,08,279,1,0.0,0.24985566418600894,0.10503971649493667,0.10309984604838021
P1,R03,testing,08,280,1,0.0,0.24985566418600894,0.10503971649493667,0.10315680220099317
P1,R03,testing,08,281,1,0.0,0.24985566418600894,0.10503971649493667,0.10321293262852767
P1,R03,testing,08,282,1,0.0,0.24985566418600894,0.10503971649493667,0.10326823594910502
P1,R03,testing,08,283,1,0.0,0.24985566418600894,0.10503971649493667,0.10332271080071316
P1,R03,testing,08,284,1,0.0,0.24985566418600894,0.10503971649493667,0.10337635584126274
P1,R03,testing,08,285,1,0.0,0.24985566418600894,0.10503971649493667,0.10342916974864212
P1,R03,testing,08,286,1,0.0,0.24985566418600894,0.10503971649493667,0.10348115122077164
P1,R03,testing,08,287,1,0.0,0.24985566418600894,0.10503971649493667,0.10353229897565727
P1,R03,testing,08,288,1,0.0,0.24985229740852358,0.10458925664408902,0.10313840065304199
P1,R03,testing,08,289,1,0.0,0.24985229740852358,0.10458925664408902,0.1031876650292567
P1,R03,testing,08,290,1,0.0,0.24985229740852358,0.10458925664408902,0.10323609555462854
P1,R03,testing,08,291,1,0.0,0.24985229740852358,0.10458925664408902,0.10328369103317539
P1,R03,testing,08,292,1,0.0,0.24985229740852358,0.10458925664408902,0.1033304502891688
P1,R03,testing,08,293,1,0.0,0.24985229740852358,0.10458925664408902,0.1033763721671824
P1,R03,testing,08,294,1,0.0,0.24985229740852358,0.10458925664408902,0.10342145553213943
P1,R03,testing,08,295,1,0.0,0.24985229740852358,0.10458925664408902,0.10346569926935943
P1,R03,testing,08,296,1,0.0,0.24985229740852358,0.10458925664408902,0.10350910228460442
P1,R03,testing,08,297,1,0.0,0.24985229740852358,0.10458925664408902,0.10355166350412369
P1,R03,testing,08,298,1,0.0,0.24985229740852358,0.10458925664408902,0.10359338187469831
P1,R03,testing,08,299,1,0.0,0.24985229740852358,0.10458925664408902,0.10363425636368448
P1,R03,testing,08,300,1,0.0,0.24985229740852358,0.10458925664408902,0.1036742859590561
P1,R03,testing,08,301,1,0.0,0.24985229740852358,0.10458925664408902,0.10371346966944657
P1,R03,testing,08,302,1,0.0,0.24985229740852358,0.10458925664408902,0.10375180652418972
P1,R03,testing,08,303,1,0.0,0.24985229740852358,0.10458925664408902,0.10378929557335985
P1,R03,testing,08,304,1,0.0,0.0,0.10318687480393834,0.1024337890106112
P1,R03,testing,08,305,1,0.0,0.0,0.10318687480393834,0.10246909978389557
P1,R03,testing,08,306,1,0.0,0.0,0.10318687480393834,0.10250357143097319
P1,R03,testing,08,307,1,0.0,0.0,0.10318687480393834,0.10253720309688362
P1,R03,testing,08,308,1,0.0,0.0,0.10318687480393834,0.10256999394731392
P1,R03,testing,08,309,1,0.0,0.0,0.10318687480393834,0.10260194316863318
P1,R03,testing,08,310,1,0.0,0.0,0.10318687480393834,0.10263304996792609
P1,R03,testing,08,311,1,0.0,0.0,0.10318687480393834,0.10266331357302584
P1,R03,testing,08,312,1,0.0,0.0,0.10318687480393834,0.10269273323254598
P1,R03,testing,08,313,1,0.0,0.0,0.10318687480393834,0.10272130821591158
P1,R03,testing,08,314,1,0.0,0.0,0.10318687480393834,0.10274903781338939
P1,R03,testing,08,315,1,0.0,0.0,0.10318687480393834,0.10277592133611728
P1,R03,testing,08,316,1,0.0,0.0,0.10318687480393834,0.10280195811613277
P1,R03,testing,08,317,1,0.0,0.0,0.10318687480393834,0.10282714750640061
P1,R03,testing,08,318,1,0.0,0.0,0.10318687480393834,0.10285148888083968
P1,R03,testing,08,319,1,0.0,0.0,0.10318687480393834,0.10287498163434888
P1,R03,testing,08,320,1,0.0,0.0,0.10087336900525262,0.10059060451781258
P1,R03,testing,08,321,1,0.0,0.0,0.10087336900525262,0.10061190966980542
P1,R03,testing,08,322,1,0.0,0.0,0.10087336900525262,0.10063238357610609
P1,R03,testing,08,323,1,0.0,0.0,0.10087336900525262,0.10065202572745531
P1,R03,testing,08,324,1,0.0,0.0,0.10087336900525262,0.10067083563521752
P1,R03,testing,08,325,1,0.0,0.0,0.10087336900525262,0.10068881283140108
P1,R03,testing,08,326,1,0.0,0.0,0.10087336900525262,0.10070595686867768
P1,R03,testing,08,327,1,0.0,0.0,0.10087336900525262,0.10072226732040099
P1,R03,testing,08,328,1,0.0,0.0,0.10087336900525262,0.10073774378062421
P1,R03,testing,08,329,1,0.0,0.0,0.10087336900525262,0.10075238586411704
P1,R03,testing,08,330,1,0.0,0.0,0.10087336900525262,0.10076619320638157
P1,R03,testing,08,331,1,0.0,0.0,0.10087336900525262,0.10077916546366746
P1,R03,testing,08,332,1,0.0,0.0,0.10087336900525262,0.10079130231298615
P1,R03,testing,08,333,1,0.0,0.0,0.10087336900525262,0.10080260345212433
P1,R03,testing,08,334,1,0.0,0.0,0.10087336900525262,0.10081306859965643
P1,R03,testing,08,335,1,0.0,0.0,0.10087336900525262,0.1008226974949563
P1,R03,testing,08,336,1,0.0,0.0,0.09771339941798327,0.0976728322201761
P1,R03,testing,08,337,1,0.0,0.0,0.09771339941798327,0.09768053869154741
P1,R03,testing,08,338,1,0.0,0.0,0.09771339941798327,0.09768743447081304
P1,R03,testing,08,339,1,0.0,0.0,0.09771339941798327,0.09769351938619916
P1,R03,testing,08,340,1,0.0,0.0,0.09771339941798327,0.09769879328612384
P1,R03,testing,08,341,1,0.0,0.0,0.09771339941798327,0.09770325603920335
P1,R03,testing,08,342,1,0.0,0.0,0.09771339941798327,0.09770690753425762
P1,R03,testing,08,343,1,0.0,0.0,0.09771339941798327,0.09770974768031482
P1,R03,testing,08,344,1,0.0,0.0,0.09771339941798327,0.09771177640661519
P1,R03,testing,08,345,1,0.0,0.0,0.09771339941798327,0.0977129936626139
P1,R03,testing,08,346,1,0.0,0.0,0.09771339941798327,0.09771339941798327
P1,R03,testing,08,347,1,0.0,0.0,0.09771339941798327,0.0977129936626139
P1,R03,testing,08,348,1,0.0,0.0,0.09771339941798327,0.09771177640661519
P1,R03,testing,08,349,1,0.0,0.0,0.09771339941798327,0.09770974768031482
P1,R03,testing,08,350,1,0.0,0.0,0.09771339941798327,0.09770690753425762
P1,R03,testing,08,351,1,0.0,0.0,0.09771339941798327,0.09770325603920335
P1,R03,testing,08,352,1,0.0,0.0,0.0805535410103921,0.08054149992238625
P1,R03,testing,08,353,1,0.0,0.0,0.0805535410103921,0.08053715219406651
P1,R03,testing,08,354,1,0.0,0.0,0.0805535410103921,0.08053213587609968
P1,R03,testing,08,355,1,0.0,0.0,0.0805535410103921,0.08052645109344776
P1,R03,testing,08,356,1,0.0,0.0,0.0805535410103921,0.08052009798771864
P1,R03,testing,08,357,1,0.0,0.0,0.0805535410103921,0.08051307671716025
P1,R03,testing,08,358,1,0.0,0.0,0.0805535410103921,0.080505387456654
P1,R03,testing,08,359,1,0.0,0.0,0.0805535410103921,0.08049703039770753
P1,R03,testing,08,360,1,0.0,0.0,0.0805535410103921,0.0804880057484467
P1,R03,testing,08,361,1,0.0,0.0,0.0805535410103921,0.08047831373360698
P1,R03,testing,08,362,1,0.0,0.0,0.0805535410103921,0.08046795459452419
P1,R03,testing,08,363,1,0.0,0.0,0.0805535410103921,0.08045692858912436
P1,R03,testing,08,364,1,0.0,0.0,0.0805535410103921,0.08044523599191314
P1,R03,testing,08,365,1,0.0,0.0,0.0805535410103921,0.08043287709396434
P1,R03,testing,08,366,1,0.0,0.0,0.0805535410103921,0.08041985220290788
P1,R03,testing,08,367,1,0.0,0.0,0.0805535410103921,0.08040616164291704
P1,R03,testing,08,368,1,0.0,0.24987772155177598,0.06379856727711225,0.06367047262773684
P1,R03,testing,08,369,1,0.0,0.24987772155177598,0.06379856727711225,0.0636585760768664
P1,R03,testing,08,370,1,0.0,0.24987772155177598,0.06379856727711225,0.06364615316359723
P1,R03,testing,08,371,1,0.0,0.24987772155177598,0.06379856727711225,0.06363320419697274
P1,R03,testing,08,372,1,0.0,0.24987772155177598,0.06379856727711225,0.06361972949908005
P1,R03,testing,08,373,1,0.0,0.24987772155177598,0.06379856727711225,0.06360572940503663
P1,R03,testing,08,374,1,0.0,0.24987772155177598,0.06379856727711225,0.06359120426297638
P1,R03,testing,08,375,1,0.0,0.24987772155177598,0.06379856727711225,0.06357615443403525
P1,R03,testing,08,376,1,0.0,0.24987772155177598,0.06379856727711225,0.06356058029233626
P1,R03,testing,08,377,1,0.0,0.24987772155177598,0.06379856727711225,0.06354448222497397
P1,R03,testing,08,378,1,0.0,0.24987772155177598,0.06379856727711225,0.0635278606319985
P1,R03,testing,08,379,1,0.0,0.24987772155177598,0.06379856727711225,0.06351071592639893
P1,R03,testing,08,380,1,0.0,0.24987772155177598,0.06379856727711225,0.06349304853408612
P1,R03,testing,08,381,1,0.0,0.24987772155177598,0.06379856727711225,0.06347485889387527
P1,R03,testing,08,382,1,0.0,0.24987772155177598,0.06379856727711225,0.06345614745746755
P1,R03,testing,08,383,1,0.0,0.24987772155177598,0.06379856727711225,0.06343691468943155
P1,R03,testing,08,384,1,0.0,0.0,0.047622769114628996,0.047338066484938164
P1,R03,testing,08,385,1,0.0,0.0,0.047622769114628996,0.04732293286351508
P1,R03,testing,08,386,1,0.0,0.0,0.047622769114628996,0.0473074111892359
P1,R03,testing,08,387,1,0.0,0.0,0.047622769114628996,0.04729150184715245
P1,R03,testing,08,388,1,0.0,0.0,0.047622769114628996,0.04727520523184575
P1,R03,testing,08,389,1,0.0,0.0,0.047622769114628996,0.04725852174740976
P1,R03,testing,08,390,1,0.0,0.0,0.047622769114628996,0.047241451807434644
P1,R03,testing,08,391,1,0.0,0.0,0.047622769114628996,0.04722399583498972
P1,R03,testing,08,392,1,0.0,0.0,0.047622769114628996,0.04720615426260596
P1,R03,testing,08,393,1,0.0,0.0,0.047622769114628996,0.0471879275322581
P1,R03,testing,08,394,1,0.0,0.0,0.047622769114628996,0.04716931609534646
P1,R03,testing,08,395,1,0.0,0.0,0.047622769114628996,0.04715032041267826
P1,R03,testing,08,396,1,0.0,0.0,0.047622769114628996,0.04713094095444862
P1,R03,testing,08,397,1,0.0,0.0,0.047622769114628996,0.047111178200221156
P1,R03,testing,08,398,1,0.0,0.0,0.047622769114628996,0.04709103263890823
P1,R03,testing,08,399,1,0.0,0.0,0.047622769114628996,0.047070504768750736
P1,R03,testing,08,400,1,0.0,0.0,0.03213008071661511,0.03174337226215302
P1,R03,testing,08,401,1,0.0,0.0,0.03213008071661511,0.031729007701991455
P1,R03,testing,08,402,1,0.0,0.0,0.03213008071661511,0.0317143862521741
P1,R03,testing,08,403,1,0.0,0.0,0.03213008071661511,0.031699508273887664
P1,R03,testing,08,404,1,0.0,0.0,0.03213008071661511,0.03168437413454084
P1,R03,testing,08,405,1,0.0,0.0,0.03213008071661511,0.03166898420774914
P1,R03,testing,08,406,1,0.0,0.0,0.03213008071661511,0.031653338873319586
P1,R03,testing,08,407,1,0.0,0.0,0.03213008071661511,0.03163743851723503
P1,R03,testing,08,408,1,0.0,0.0,0.03213008071661511,0.03162128353163832
P1,R03,testing,08,409,1,0.0,0.0,0.03213008071661511,0.03160487431481615
P1,R03,testing,08,410,1,0.0,0.0,0.03213008071661511,0.03158821127118275
P1,R03,testing,08,411,1,0.0,0.0,0.03213008071661511,0.0315712948112632
P1,R03,testing,08,412,1,0.0,0.0,0.03213008071661511,0.03155412535167666
P1,R03,testing,08,413,1,0.0,0.0,0.03213008071661511,0.03153670331511918
P1,R03,testing,08,414,1,0.0,0.0,0.03213008071661511,0.03151902913034643
P1,R03,testing,08,415,1,0.0,0.0,0.03213008071661511,0.031501103232156075
P1,R03,testing,08,416,1,0.0,0.0,0.03169362994284067,0.03105526615097755
P1,R03,testing,08,417,1,0.0,0.0,0.03169362994284067,0.031037088477895478
P1,R03,testing,08,418,1,0.0,0.0,0.03169362994284067,0.031018663832894502
P1,R03,testing,08,419,1,0.0,0.0,0.03169362994284067,0.0309999926685276
P1,R03,testing,08,420,1,0.0,0.0,0.03169362994284067,0.030981075443217373
P1,R03,testing,08,421,1,0.0,0.0,0.03169362994284067,0.030961912621237354
P1,R03,testing,08,422,1,0.0,0.0,0.03169362994284067,0.030942504672692973
P1,R03,testing,08,423,1,0.0,0.0,0.03169362994284067,0.03092285207350235
P1,R03,testing,08,424,1,0.0,0.0,0.03169362994284067,0.030902955305376848
P1,R03,testing,08,425,1,0.0,0.0,0.03169362994284067,0.030882814855801393
P1,R03,testing,08,426,1,0.0,0.0,0.03169362994284067,0.03086243121801457
P1,R03,testing,08,427,1,0.0,0.0,0.03169362994284067,0.030841804890988513
P1,R03,testing,08,428,1,0.0,0.0,0.03169362994284067,0.030820936379408515
P1,R03,testing,08,429,1,0.0,0.0,0.03169362994284067,0.03079982619365248
P1,R03,testing,08,430,1,0.0,0.0,0.03169362994284067,0.03077847484977009
P1,R03,testing,08,431,1,0.0,0.0,0.03169362994284067,0.030756882869461828
P1,R03,testing,08,432,1,0.0,0.0,0.04632193226042969,0.04492091763620479
P1,R03,testing,08,433,1,0.0,0.0,0.04632193226042969,0.04488865871859649
P1,R03,testing,08,434,1,0.0,0.0,0.04632193226042969,0.04485605043472508
P1,R03,testing,08,435,1,0.0,0.0,0.04632193226042969,0.044823093579805615
P1,R03,testing,08,436,1,0.0,0.0,0.04632193226042969,0.044789788957153694
P1,R03,testing,08,437,1,0.0,0.0,0.04632193226042969,0.04475613737815276
P1,R03,testing,08,438,1,0.0,0.0,0.04632193226042969,0.044722139662221196
P1,R03,testing,08,439,1,0.0,0.0,0.04632193226042969,0.04468779663677907
P1,R03,testing,08,440,1,0.0,0.0,0.04632193226042969,0.04465310913721457
P1,R03,testing,08,441,1,0.0,0.0,0.04632193226042969,0.044618078006850165
P1,R03,testing,08,442,1,0.0,0.0,0.04632193226042969,0.044582704096908427
P1,R03,testing,08,443,1,0.0,0.0,0.04632193226042969,0.04454698826647757
P1,R03,testing,08,444,1,0.0,0.0,0.04632193226042969,0.04451093138247668
P1,R03,testing,08,445,1,0.0,0.0,0.04632193226042969,0.044474534319620666
P1,R03,testing,08,446,1,0.0,0.0,0.04632193226042969,0.0444377979603849
P1,R03,testing,08,447,1,0.0,0.0,0.04632193226042969,0.044400723194969564
P1,R03,testing,08,448,1,0.0,0.0,0.06167613397206082,0.05906829387947187
P1,R03,testing,08,449,1,0.0,0.0,0.06167613397206082,0.059018032488206425
P1,R03,testing,08,450,1,0.0,0.0,0.06167613397206082,0.05896732413725735
P1,R03,testing,08,451,1,0.0,0.0,0.06167613397206082,0.05891617005255598
P1,R03,testing,08,452,1,0.0,0.0,0.06167613397206082,0.058864571470075844
P1,R03,testing,08,453,1,0.0,0.0,0.06167613397206082,0.05881252963578299
P1,R03,testing,08,454,1,0.0,0.0,0.06167613397206082,0.05876004580558581
P1,R03,testing,08,455,1,0.0,0.0,0.06167613397206082,0.058707121245284564
P1,R03,testing,08,456,1,0.0,0.0,0.06167613397206082,0.05865375723052055
P1,R03,testing,08,457,1,0.0,0.0,0.06167613397206082,0.058599955046724814
P1,R03,testing,08,458,1,0.0,0.0,0.06167613397206082,0.058545715989066646
P1,R03,testing,08,459,1,0.0,0.0,0.06167613397206082,0.058491041362401575
P1,R03,testing,08,460,1,0.0,0.0,0.06167613397206082,0.058435932481219144
P1,R03,testing,08,461,1,0.0,0.0,0.06167613397206082,0.0583803906695902
P1,R03,testing,08,462,1,0.0,0.0,0.06167613397206082,0.05832441726111394
P1,R03,testing,08,463,1,0.0,0.0,0.06167613397206082,0.058268013598864556
P1,R03,testing,08,464,1,0.0,0.0,0.07765715225101887,0.07329438888664161
P1,R03,testing,08,465,1,0.0,0.0,0.07765715225101887,0.07322229201146994
P1,R03,testing,08,466,1,0.0,0.0,0.07765715225101887,0.07314965854281089
P1,R03,testing,08,467,1,0.0,0.0,0.07765715225101887,0.07307649021878528
P1,R03,testing,08,468,1,0.0,0.0,0.07765715225101887,0.07300278878910194
P1,R03,testing,08,469,1,0.0,0.0,0.07765715225101887,0.07292855601498789
P1,R03,testing,08,470,1,0.0,0.0,0.07765715225101887,0.07285379366911829
P1,R03,testing,08,471,1,0.0,0.0,0.07765715225101887,0.07277850353554592
P1,R03,testing,08,472,1,0.0,0.0,0.07765715225101887,0.07270268740963029
P1,R03,testing,08,473,1,0.0,0.0,0.07765715225101887,0.07262634709796637
P1,R03,testing,08,474,1,0.0,0.0,0.07765715225101887,0.07254948441831283
P1,R03,testing,08,475,1,0.0,0.0,0.07765715225101887,0.07247210119952006
P1,R03,testing,08,476,1,0.0,0.0,0.07765715225101887,0.07239419928145764
P1,R03,testing,08,477,1,0.0,0.0,0.07765715225101887,0.0723157805149415
P1,R03,testing,08,478,1,0.0,0.0,0.07765715225101887,0.07223684676166077
P1,R03,testing,08,479,1,0.0,0.0,0.07765715225101887,0.0721573998941041
P1,R03,testing,08,480,1,0.0,0.0,0.09412660042093932,0.08736355076886286
P1,R03,testing,08,481,1,0.0,0.0,0.09412660042093932,0.08726601788286002
P1,R03,testing,08,482,1,0.0,0.0,0.09412660042093932,0.08716786994829194
P1,R03,testing,08,483,1,0.0,0.0,0.09412660042093932,0.08706910928622161
P1,R03,testing,08,484,1,0.0,0.0,0.09412660042093932,0.08696973823034938
P1,R03,testing,08,485,1,0.0,0.0,0.09412660042093932,0.08686975912692113
P1,R03,testing,08,486,1,0.0,0.0,0.09412660042093932,0.08676917433463606
P1,R03,testing,08,487,1,0.0,0.0,0.09412660042093932,0.08666798622455413
P1,R03,testing,08,488,1,0.0,0.0,0.09412660042093932,0.08656619718000287
P1,R03,testing,08,489,1,0.0,0.0,0.09412660042093932,0.08646380959648417
P1,R03,testing,08,490,1,0.0,0.0,0.09412660042093932,0.08636082588158023
P1,R03,testing,08,491,1,0.0,0.0,0.09412660042093932,0.08625724845485948
P1,R03,testing,08,492,1,0.0,0.0,0.09412660042093932,0.08615307974778193
P1,R03,testing,08,493,1,0.0,0.0,0.09412660042093932,0.08604832220360416
P1,R03,testing,08,494,1,0.0,0.0,0.09412660042093932,0.08594297827728402
P1,R03,testing,08,495,1,0.0,0.0,0.09412660042093932,0.08583705043538482
P1,R03,testing,08,496,1,0.0,0.0,0.11202890167972303,0.10203596351256398
P1,R03,testing,08,497,1,0.0,0.0,0.11202890167972303,0.10190850776203514
P1,R03,testing,08,498,1,0.0,0.0,0.11202890167972303,0.10178036592756708
P1,R03,testing,08,499,1,0.0,0.0,0.11202890167972303,0.10165154099895153
P1,R03,testing,08,500,1,0.0,0.0,0.11202890167972303,0.10152203597921693
P1,R03,testing,08,501,1,0.0,0.0,0.11202890167972303,0.10139185388451195
P1,R03,testing,08,502,1,0.0,0.0,0.11202890167972303,0.1012609977439887
P1,R03,testing,08,503,1,0.0,0.0,0.11202890167972303,0.10112947059968544
P1,R03,testing,08,504,1,0.0,0.0,0.11202890167972303,0.100997275506409
P1,R03,testing,08,505,1,0.0,0.0,0.11202890167972303,0.10086441553161674
P1,R03,testing,08,506,1,0.0,0.0,0.11202890167972303,0.10073089375529823
P1,R03,testing,08,507,1,0.0,0.0,0.11202890167972303,0.10059671326985645
P1,R03,testing,08,508,1,0.0,0.0,0.11202890167972303,0.10046187717998875
P1,R03,testing,08,509,1,0.0,0.0,0.11202890167972303,0.1003263886025674
P1,R03,testing,08,510,1,0.0,0.0,0.11202890167972303,0.10019025066651978
P1,R03,testing,08,511,1,0.0,0.0,0.11202890167972303,0.1000534665127082
P1,R03,testing,08,512,1,0.0,0.0,0.1311302557750547,0.11695210425328217
P1,R03,testing,08,513,1,0.0,0.0,0.1311302557750547,0.11679049616431768
P1,R03,testing,08,514,1,0.0,0.0,0.1311302557750547,0.11662814278658287
P1,R03,testing,08,515,1,0.0,0.0,0.1311302557750547,0.11646504785093506
P1,R03,testing,08,516,1,0.0,0.0,0.1311302557750547,0.11630121510149273
P1,R03,testing,08,517,1,0.0,0.0,0.1311302557750547,0.11613664829549271
P1,R03,testing,08,518,1,0.0,0.0,0.1311302557750547,0.115971351203147
P1,R03,testing,08,519,1,0.0,0.0,0.1311302557750547,0.11580532760749924
P1,R03,testing,08,520,1,0.0,0.0,0.1311302557750547,0.11563858130428092
P1,R03,testing,08,521,1,0.0,0.0,0.1311302557750547,0.11547111610176711
P1,R03,testing,08,522,1,0.0,0.0,0.1311302557750547,0.11530293582063206
P1,R03,testing,08,523,1,0.0,0.0,0.1311302557750547,0.11513404429380437
P1,R03,testing,08,524,1,0.0,0.0,0.1311302557750547,0.11496444536632197
P1,R03,testing,08,525,1,0.0,0.0,0.1311302557750547,0.11479414289518666
P1,R03,testing,08,526,1,0.0,0.0,0.1311302557750547,0.1146231407492185
P1,R03,testing,08,527,1,0.0,0.0,0.1311302557750547,0.11445144280890988
P1,R03,testing,08,528,1,0.0,0.24993377897930558,0.15023773468505347,0.13093108023109
P1,R03,testing,08,529,1,0.0,0.24993377897930558,0.15023773468505347,0.13073278257136517
P1,R03,testing,08,530,1,0.0,0.24993377897930558,0.15023773468505347,0.1305337011468725
P1,R03,testing,08,531,1,0.0,0.24993377897930558,0.15023773468505347,0.13033384045535995
P1,R03,testing,08,532,1,0.0,0.24993377897930558,0.15023773468505347,0.1301332050071082
P1,R03,testing,08,533,1,0.0,0.24993377897930558,0.15023773468505347,0.1299317993247618
P1,R03,testing,08,534,1,0.0,0.24993377897930558,0.15023773468505347,0.12972962794315984
P1,R03,testing,08,535,1,0.0,0.24993377897930558,0.15023773468505347,0.12952669540916678
P1,R03,testing,08,536,1,0.0,0.24993377897930558,0.15023773468505347,0.12932300628150262
P1,R03,testing,08,537,1,0.0,0.24993377897930558,0.15023773468505347,0.12911856513057318
P1,R03,testing,08,538,1,0.0,0.24993377897930558,0.15023773468505347,0.12891337653829985
P1,R03,testing,08,539,1,0.0,0.24993377897930558,0.15023773468505347,0.12870744509794946
P1,R03,testing,08,540,1,0.0,0.24993377897930558,0.15023773468505347,0.12850077541396362
P1,R03,testing,08,541,1,0.0,0.24993377897930558,0.15023773468505347,0.1282933721017883
P1,R03,testing,08,542,1,0.0,0.24993377897930558,0.15023773468505347,0.12808523978770256
P1,R03,testing,08,543,1,0.0,0.24993377897930558,0.15023773468505347,0.1278763831086479
P1,R03,testing,08,544,1,0.0,0.24993645910367263,0.1691251688540875,0.14371669199819756
P1,R03,testing,08,545,1,0.0,0.24993645910367263,0.1691251688540875,0.14347996333517146
P1,R03,testing,08,546,1,0.0,0.24993645910367263,0.1691251688540875,0.1432424349719397
P1,R03,testing,08,547,1,0.0,0.24993645910367263,0.1691251688540875,0.14300411217446768
P1,R03,testing,08,548,1,0.0,0.24993645910367263,0.1691251688540875,0.1427650002197582
P1,R03,testing,08,549,1,0.0,0.24993645910367263,0.1691251688540875,0.14252510439565777
P1,R03,testing,08,550,1,0.0,0.24993645910367263,0.1691251688540875,0.14228443000066318
P1,R03,testing,08,551,1,0.0,0.24993645910367263,0.1691251688540875,0.14204298234372767
P1,R03,testing,08,552,1,0.0,0.24993645910367263,0.1691251688540875,0.14180076674406694
P1,R03,testing,08,553,1,0.0,0.24993645910367263,0.1691251688540875,0.14155778853096532
P1,R03,testing,08,554,1,0.0,0.24993645910367263,0.1691251688540875,0.14131405304358163
P1,R03,testing,08,555,1,0.0,0.24993645910367263,0.1691251688540875,0.14106956563075515
P1,R03,testing,08,556,1,0.0,0.24993645910367263,0.1691251688540875,0.14082433165081126
P1,R03,testing,08,557,1,0.0,0.24993645910367263,0.1691251688540875,0.14057835647136732
P1,R03,testing,08,558,1,0.0,0.24993645910367263,0.1691251688540875,0.1403316454691383
P1,R03,testing,08,559,1,0.0,0.24993645910367263,0.1691251688540875,0.14008420402974242
P1,R03,testing,08,560,1,0.0,0.25004087913022777,0.18759621313707991,0.15510826260660843
P1,R03,testing,08,561,1,0.0,0.25004087913022777,0.18759621313707991,0.15483219432919135
P1,R03,testing,08,562,1,0.0,0.25004087913022777,0.18759621313707991,0.15455533381827088
P1,R03,testing,08,563,1,0.0,0.25004087913022777,0.18759621313707991,0.1542776870850032
P1,R03,testing,08,564,1,0.0,0.25004087913022777,0.18759621313707991,0.15399926014934187
P1,R03,testing,08,565,1,0.0,0.25004087913022777,0.18759621313707991,0.1537200590398224
P1,R03,testing,08,566,1,0.0,0.25004087913022777,0.18759621313707991,0.15344008979334658
P1,R03,testing,08,567,1,0.0,0.25004087913022777,0.18759621313707991,0.15315935845496703
P1,R03,testing,08,568,1,0.0,0.25004087913022777,0.18759621313707991,0.15287787107767165
P1,R03,testing,08,569,1,0.0,0.25004087913022777,0.18759621313707991,0.15259563372216828
P1,R03,testing,08,570,1,0.0,0.25004087913022777,0.18759621313707991,0.15231265245666922
P1,R03,testing,08,571,1,0.0,0.25004087913022777,0.18759621313707991,0.1520289333566762
P1,R03,testing,08,572,1,0.0,0.25004087913022777,0.18759621313707991,0.15174448250476497
P1,R03,testing,08,573,1,0.0,0.25004087913022777,0.18759621313707991,0.1514593059903705
P1,R03,testing,08,574,1,0.0,0.25004087913022777,0.18759621313707991,0.15117340990957176
P1,R03,testing,08,575,1,0.0,0.25004087913022777,0.18759621313707991,0.15088680036487728
P1,R03,testing,08,576,1,1.0,0.25015154354207914,0.2054633004429919,0.16494291862448413
P1,R03,testing,08,577,1,1.0,0.25015154354207914,0.2054633004429919,0.16462746898556374
P1,R03,testing,08,578,1,1.0,0.25015154354207914,0.2054633004429919,0.16431125802190893
P1,R03,testing,08,579,1,1.0,0.25015154354207914,0.2054633004429919,0.163994292443062
P1,R03,testing,08,580,1,1.0,0.25015154354207914,0.2054633004429919,0.16367657896443327
P1,R03,testing,08,581,1,1.0,0.25015154354207914,0.2054633004429919,0.1633581243070667
P1,R03,testing,08,582,1,1.0,0.25015154354207914,0.2054633004429919,0.16303893519740598
P1,R03,testing,08,583,1,1.0,0.25015154354207914,0.2054633004429919,0.16271901836706065
P1,R03,testing,08,584,1,1.0,0.25015154354207914,0.2054633004429919,0.16239838055257286
P1,R03,testing,08,585,1,1.0,0.25015154354207914,0.2054633004429919,0.1620770284951838
P1,R03,testing,08,586,1,1.0,0.25015154354207914,0.2054633004429919,0.1617549689406011
P1,R03,testing,08,587,1,1.0,0.25015154354207914,0.2054633004429919,0.16143220863876573
P1,R03,testing,08,588,1,1.0,0.25015154354207914,0.2054633004429919,0.16110875434361988
P1,R03,testing,08,589,1,1.0,0.25015154354207914,0.2054633004429919,0.16078461281287462
P1,R03,testing,08,590,1,1.0,0.25015154354207914,0.2054633004429919,0.16045979080777828
P1,R03,testing,08,591,1,1.0,0.25015154354207914,0.2054633004429919,0.16013429509288485
P1,R03,testing,08,592,1,0.0,0.24989768521396963,0.2082939765676409,0.162009815481094
P1,R03,testing,08,593,1,0.0,0.24989768521396963,0.2082939765676409,0.16167849000112525
P1,R03,testing,08,594,1,0.0,0.24989768521396963,0.2082939765676409,0.1613465021206463
P1,R03,testing,08,595,1,0.0,0.24989768521396963,0.2082939765676409,0.16101385870847149
P1,R03,testing,08,596,1,0.0,0.24989768521396963,0.2082939765676409,0.16068056663559804
P1,R03,testing,08,597,1,0.0,0.24989768521396963,0.2082939765676409,0.16034663277497374
P1,R03,testing,08,598,1,0.0,0.24989768521396963,0.2082939765676409,0.1600120640012646
P1,R03,testing,08,599,1,0.0,0.24989768521396963,0.2082939765676409,0.15967686719062346
P1,R03,testing,08,600,1,0.0,0.24989768521396963,0.2082939765676409,0.1593410492204584
P1,R03,testing,08,601,1,0.0,0.24989768521396963,0.2082939765676409,0.15900461696920193
P1,R03,testing,08,602,1,0.0,0.24989768521396963,0.2082939765676409,0.15866757731608086
P1,R03,testing,08,603,1,0.0,0.24989768521396963,0.2082939765676409,0.15832993714088597
P1,R03,testing,08,604,1,0.0,0.24989768521396963,0.2082939765676409,0.15799170332374265
P1,R03,testing,08,605,1,0.0,0.24989768521396963,0.2082939765676409,0.15765288274488198
P1,R03,testing,08,606,1,0.0,0.24989768521396963,0.2082939765676409,0.15731348228441208
P1,R03,testing,08,607,1,0.0,0.24989768521396963,0.2082939765676409,0.15697350882209005
P1,R03,testing,08,608,1,1.0,0.5003681406291763,0.20924596372706333,0.1573488448371145
P1,R03,testing,08,609,1,1.0,0.5003681406291763,0.20924596372706333,0.15700618704912478
P1,R03,testing,08,610,1,1.0,0.5003681406291763,0.20924596372706333,0.15666297436963647
P1,R03,testing,08,611,1,1.0,0.5003681406291763,0.20924596372706333,0.15631921370615903
P1,R03,testing,08,612,1,1.0,0.5003681406291763,0.20924596372706333,0.15597491196471153
P1,R03,testing,08,613,1,1.0,0.5003681406291763,0.20924596372706333,0.15563007604959703
P1,R03,testing,08,614,1,1.0,0.5003681406291763,0.20924596372706333,0.155284712863177
P1,R03,testing,08,615,1,1.0,0.5003681406291763,0.20924596372706333,0.15493882930564687
P1,R03,testing,08,616,1,1.0,0.5003681406291763,0.20924596372706333,0.15459243227481148
P1,R03,testing,08,617,1,1.0,0.5003681406291763,0.20924596372706333,0.154245528665862
P1,R03,testing,08,618,1,1.0,0.5003681406291763,0.20924596372706333,0.1538981253711524
P1,R03,testing,08,619,1,1.0,0.5003681406291763,0.20924596372706333,0.15355022927997775
P1,R03,testing,08,620,1,1.0,0.5003681406291763,0.20924596372706333,0.15320184727835187
P1,R03,testing,08,621,1,1.0,0.5003681406291763,0.20924596372706333,0.1528529862487867
P1,R03,testing,08,622,1,1.0,0.5003681406291763,0.20924596372706333,0.15250365307007174
P1,R03,testing,08,623,1,1.0,0.5003681406291763,0.20924596372706333,0.15215385461705425
P1,R03,testing,08,624,1,0.0,0.24994602918429726,0.20829342552253716,0.15111255109038757
P1,R03,testing,08,625,1,0.0,0.24994602918429726,0.20829342552253716,0.1507634392058231
P1,R03,testing,08,626,1,0.0,0.24994602918429726,0.20829342552253716,0.15041388466992747
P1,R03,testing,08,627,1,0.0,0.24994602918429726,0.20829342552253716,0.1500638943083804
P1,R03,testing,08,628,1,0.0,0.24994602918429726,0.20829342552253716,0.1497134749418536
P1,R03,testing,08,629,1,0.0,0.24994602918429726,0.20829342552253716,0.14936263338579603
P1,R03,testing,08,630,1,0.0,0.24994602918429726,0.20829342552253716,0.14901137645022
P1,R03,testing,08,631,1,0.0,0.24994602918429726,0.20829342552253716,0.14865971093948793
P1,R03,testing,08,632,1,0.0,0.24994602918429726,0.20829342552253716,0.1483076436520999
P1,R03,testing,08,633,1,0.0,0.24994602918429726,0.20829342552253716,0.1479551813804818
P1,R03,testing,08,634,1,0.0,0.24994602918429726,0.20829342552253716,0.1476023309107745
P1,R03,testing,08,635,1,0.0,0.24994602918429726,0.20829342552253716,0.14724909902262343
P1,R03,testing,08,636,1,0.0,0.24994602918429726,0.20829342552253716,0.1468954924889693
P1,R03,testing,08,637,1,0.0,0.24994602918429726,0.20829342552253716,0.14654151807583932
P1,R03,testing,08,638,1,0.0,0.24994602918429726,0.20829342552253716,0.14618718254213933
P1,R03,testing,08,639,1,0.0,0.24994602918429726,0.20829342552253716,0.14583249263944661
P1,R03,testing,08,640,1,1.0,0.2501711982302659,0.20546221337576154,0.14350006414537617
P1,R03,testing,08,641,1,1.0,0.2501711982302659,0.20546221337576154,0.1431495161825019
P1,R03,testing,08,642,1,1.0,0.2501711982302659,0.20546221337576154,0.142798638601385
P1,R03,testing,08,643,1,1.0,0.2501711982302659,0.20546221337576154,0.1424474380308902
P1,R03,testing,08,644,1,1.0,0.2501711982302659,0.20546221337576154,0.14209592109164398
P1,R03,testing,08,645,1,1.0,0.2501711982302659,0.20546221337576154,0.1417440943958353
P1,R03,testing,08,646,1,1.0,0.2501711982302659,0.20546221337576154,0.1413919645470168
P1,R03,testing,08,647,0,1.0,0.2501711982302659,0.20546221337576154,0.14103953813990733
P1,R03,testing,08,648,0,1.0,0.2501711982302659,0.20546221337576154,0.1406868217601948
P1,R03,testing,08,649,0,1.0,0.2501711982302659,0.20546221337576154,0.1403338219843406
P1,R03,testing,08,650,0,1.0,0.2501711982302659,0.20546221337576154,0.13998054537938398
P1,R03,testing,08,651,0,1.0,0.2501711982302659,0.20546221337576154,0.13962699850274826
P1,R03,testing,08,652,0,1.0,0.2501711982302659,0.20546221337576154,0.13927318790204718
P1,R03,testing,08,653,0,1.0,0.2501711982302659,0.20546221337576154,0.13891912011489257
P1,R03,testing,08,654,0,1.0,0.2501711982302659,0.20546221337576154,0.13856480166870275
P1,R03,testing,08,655,0,1.0,0.2501711982302659,0.20546221337576154,0.1382102390805119
P1,R03,testing,08,656,0,0.0,0.2500111579014602,0.18759058958462269,0.12586442357308447
P1,R03,testing,08,657,0,0.0,0.2500111579014602,0.18759058958462269,0.12554027373687
P1,R03,testing,08,658,0,0.0,0.2500111579014602,0.18759058958462269,0.1252159187866287
P1,R03,testing,08,659,0,0.0,0.2500111579014602,0.18759058958462269,0.12489136463287916
P1,R03,testing,08,660,0,0.0,0.2500111579014602,0.18759058958462269,0.12456661717580138
P1,R03,testing,08,661,0,0.0,0.2500111579014602,0.18759058958462269,0.12424168230506778
P1,R03,testing,08,662,0,0.0,0.2500111579014602,0.18759058958462269,0.12391656589967524
P1,R03,testing,08,663,0,0.0,0.2500111579014602,0.18759058958462269,0.1235912738277778
P1,R03,testing,08,664,0,0.0,0.2500111579014602,0.18759058958462269,0.12326581194652045
P1,R03,testing,08,665,0,0.0,0.2500111579014602,0.18759058958462269,0.12294018610187354
P1,R03,testing,08,666,0,0.0,0.2500111579014602,0.18759058958462269,0.12261440212846852
P1,R03,testing,08,667,0,0.0,0.2500111579014602,0.18759058958462269,0.12228846584943408
P1,R03,testing,08,668,0,0.0,0.2500111579014602,0.18759058958462269,0.12196238307623355
P1,R03,testing,08,669,0,0.0,0.2500111579014602,0.18759058958462269,0.12163615960850313
P1,R03,testing,08,670,0,0.0,0.2500111579014602,0.18759058958462269,0.12130980123389098
P1,R03,testing,08,671,0,0.0,0.2500111579014602,0.18759058958462269,0.12098331372789732
P1,R03,testing,08,672,0,0.0,0.24992423358481314,0.16911876188595495,0.10877577731934683
P1,R03,testing,08,673,0,0.0,0.24992423358481314,0.16911876188595495,0.10848122140317991
P1,R03,testing,08,674,0,0.0,0.24992423358481314,0.16911876188595495,0.10818656462428895
P1,R03,testing,08,675,0,0.0,0.24992423358481314,0.16911876188595495,0.10789181214423524
P1,R03,testing,08,676,0,0.0,0.24992423358481314,0.16911876188595495,0.10759696911291997
P1,R03,testing,08,677,0,0.0,0.24992423358481314,0.16911876188595495,0.1073020406684452
P1,R03,testing,08,678,0,0.0,0.24992423358481314,0.16911876188595495,0.10700703193697572
P1,R03,testing,08,679,0,0.0,0.24992423358481314,0.16911876188595495,0.10671194803260162
P1,R03,testing,08,680,0,0.0,0.24992423358481314,0.16911876188595495,0.10641679405720188
P1,R03,testing,08,681,0,0.0,0.24992423358481314,0.16911876188595495,0.10612157510030878
P1,R03,testing,08,682,0,0.0,0.24992423358481314,0.16911876188595495,0.10582629623897323
P1,R03,testing,08,683,0,0.0,0.24992423358481314,0.16911876188595495,0.10553096253763093
P1,R03,testing,08,684,0,0.0,0.24992423358481314,0.16911876188595495,0.1052355790479695
P1,R03,testing,08,685,0,0.0,0.24992423358481314,0.16911876188595495,0.10494015080879644
P1,R03,testing,08,686,0,0.0,0.24992423358481314,0.16911876188595495,0.1046446828459081
P1,R03,testing,08,687,0,0.0,0.24992423358481314,0.16911876188595495,0.10434918017195939
P1,R03,testing,08,688,0,0.0,0.24985769632651814,0.15022973101537618,0.09243179966425677
P1,R03,testing,08,689,0,0.0,0.24985769632651814,0.15022973101537618,0.09216925359995558
P1,R03,testing,08,690,0,0.0,0.24985769632651814,0.15022973101537618,0.0919066899886789
P1,R03,testing,08,691,0,0.0,0.24985769632651814,0.15022973101537618,0.09164411323537883
P1,R03,testing,08,692,0,0.0,0.24985769632651814,0.15022973101537618,0.09138152773276773
P1,R03,testing,08,693,0,0.0,0.24985769632651814,0.15022973101537618,0.09111893786120757
P1,R03,testing,08,694,0,0.0,0.24985769632651814,0.15022973101537618,0.09085634798859997
P2,R03,testing,08,0,0,0.0,0.0,0.0,0.0
P2,R03,testing,08,1,0,0.0,0.0,0.0,0.0
P2,R03,testing,08,2,0,0.0,0.0,0.0,0.0
P2,R03,testing,08,3,0,0.0,0.0,0.0,0.0
P2,R03,testing,08,4,0,0.0,0.0,0.0,0.0
P2,R03,testing,08,5,0,0.0,0.0,0.0,0.0
P2,R03,testing,08,6,0,0.0,0.0,0.0,0.0
P2,R03,testing,08,7,0,0.0,0.0,0.0,0.0
P2,R03,testing,08,8,0,0.0,0.0,0.0,0.0
P2,R03,testing,08,9,0,0.0,0.0,0.0,0.0
P2,R03,testing,08,10,0,0.0,0.0,0.0,0.0
P2,R03,testing,08,11,0,0.0,0.0,0.0,0.0
P2,R03,testing,08,12,0,0.0,0.0,0.0,0.0
P2,R03,testing,08,13,0,0.0,0.0,0.0,0.0
P2,R03,testing,08,14,0,0.0,0.0,0.0,0.0
P2,R03,testing,08,15,0,0.0,0.0,0.0,0.0
P2,R03,testing,08,16,0,0.0,0.0,0.0,0.0
P2,R03,testing,08,17,0,0.0,0.0,0.0,0.0
P2,R03,testing,08,18,0,0.0,0.0,0.0,0.0
P2,R03,testing,08,19,0,0.0,0.0,0.0,0.0
P2,R03,testing,08,20,0,0.0,0.0,0.0,0.0
P2,R03,testing,08,21,0,0.0,0.0,0.0,0.0
P2,R03,testing,08,22,0,0.0,0.0,0.0,0.0
P2,R03,testing,08,23,0,0.0,0.0,0.0,0.0
P2,R03,testing,08,24,0,0.0,0.0,0.0,0.0
P2,R03,testing,08,25,0,0.0,0.0,0.0,0.0
P2,R03,testing,08,26,0,0.0,0.0,0.0,0.0
P2,R03,testing,08,27,0,0.0,0.0,0.0,0.0
P2,R03,testing,08,28,0,0.0,0.0,0.0,0.0
P2,R03,testing,08,29,0,0.0,0.0,0.0,0.0
P2,R03,testing,08,30,0,0.0,0.0,0.0,0.0
P2,R03,testing,08,31,0,0.0,0.0,0.0,0.0
P2,R03,testing,08,32,0,0.0,0.0,0.0,0.0
P2,R03,testing,08,33,0,0.0,0.0,0.0,0.0
P2,R03,testing,08,34,0,0.0,0.0,0.0,0.0
P2,R03,testing,08,35,0,0.0,0.0,0.0,0.0
P2,R03,testing,08,36,0,0.0,0.0,0.0,0.0
P2,R03,testing,08,37,0,0.0,0.0,0.0,0.0
P2,R03,testing,08,38,0,0.0,0.0,0.0,0.0
P2,R03,testing,08,39,0,0.0,0.0,0.0,0.0
P2,R03,testing,08,40,0,0.0,0.0,0.0,0.0
P2,R03,testing,08,41,0,0.0,0.0,0.0,0.0
P2,R03,testing,08,42,0,0.0,0.0,0.0,0.0
P2,R03,testing,08,43,0,0.0,0.0,0.0,0.0
P2,R03,testing,08,44,0,0.0,0.0,0.0,0.0
P2,R03,testing,08,45,0,0.0,0.0,0.0,0.0
P2,R03,testing,08,46,0,0.0,0.0,0.0,0.0
P2,R03,testing,08,47,0,0.0,0.0,0.0,0.0
P2,R03,testing,08,48,0,0.0,0.0,0.0,0.0
P2,R03,testing,08,49,0,0.0,0.0,0.0,0.0
P2,R03,testing,08,50,0,0.0,0.0,0.0,0.0
P2,R03,testing,08,51,0,0.0,0.0,0.0,0.0
P2,R03,testing,08,52,0,0.0,0.0,0.0,0.0
P2,R03,testing,08,53,0,0.0,0.0,0.0,0.0
P2,R03,testing,08,54,0,0.0,0.0,0.0,0.0
P2,R03,testing,08,55,0,0.0,0.0,0.0,0.0
P2,R03,testing,08,56,0,0.0,0.0,0.0,0.0
P2,R03,testing,08,57,0,0.0,0.0,0.0,0.0
P2,R03,testing,08,58,0,0.0,0.0,0.0,0.0
P2,R03,testing,08,59,0,0.0,0.0,0.0,0.0
P2,R03,testing,08,60,0,0.0,0.0,0.0,0.0
P2,R03,testing,08,61,0,0.0,0.0,0.0,0.0
P2,R03,testing,08,62,0,0.0,0.0,0.0,0.0
P2,R03,testing,08,63,0,0.0,0.0,0.0,0.0
P2,R03,testing,08,64,0,0.0,0.0,0.0,0.0
P2,R03,testing,08,65,0,0.0,0.0,0.0,0.0
P2,R03,testing,08,66,0,0.0,0.0,0.0,0.0
P2,R03,testing,08,67,0,0.0,0.0,0.0,0.0
P2,R03,testing,08,68,0,0.0,0.0,0.0,0.0
P2,R03,testing,08,69,0,0.0,0.0,0.0,0.0
P2,R03,testing,08,70,0,0.0,0.0,0.0,0.0
P2,R03,testing,08,71,0,0.0,0.0,0.0,0.0
P2,R03,testing,08,72,0,0.0,0.0,0.0,0.0
P2,R03,testing,08,73,0,0.0,0.0,0.0,0.0
P2,R03,testing,08,74,0,0.0,0.0,0.0,0.0
P2,R03,testing,08,75,0,0.0,0.0,0.0,0.0
P2,R03,testing,08,76,0,0.0,0.0,0.0,0.0
P2,R03,testing,08,77,0,0.0,0.0,0.0,0.0
P2,R03,testing,08,78,0,0.0,0.0,0.0,0.0
P2,R03,testing,08,79,0,0.0,0.0,0.0,0.0
P2,R03,testing,08,80,0,0.0,0.0,0.0,0.0
P2,R03,testing,08,81,0,0.0,0.0,0.0,0.0
P2,R03,testing,08,82,0,0.0,0.0,0.0,0.0
P2,R03,testing,08,83,0,0.0,0.0,0.0,0.0
P2,R03,testing,08,84,0,0.0,0.0,0.0,0.0
P2,R03,testing,08,85,0,0.0,0.0,0.0,0.0
P2,R03,testing,08,86,0,0.0,0.0,0.0,0.0
P2,R03,testing,08,87,0,0.0,0.0,0.0,0.0
P2,R03,testing,08,88,0,0.0,0.0,0.0,0.0
P2,R03,testing,08,89,0,0.0,0.0,0.0,0.0
P2,R03,testing,08,90,0,0.0,0.0,0.0,0.0
P2,R03,testing,08,91,0,0.0,0.0,0.0,0.0
P2,R03,testing,08,92,0,0.0,0.0,0.0,0.0
P2,R03,testing,08,93,0,0.0,0.0,0.0,0.0
P2,R03,testing,08,94,0,0.0,0.0,0.0,0.0
P2,R03,testing,08,95,0,0.0,0.0,0.0,0.0
P2,R03,testing,08,96,0,0.0,0.0,0.0,0.0
P2,R03,testing,08,97,0,0.0,0.0,0.0,0.0
P2,R03,testing,08,98,0,0.0,0.0,0.0,0.0
P2,R03,testing,08,99,0,0.0,0.0,0.0,0.0
P2,R03,testing,08,100,0,0.0,0.0,0.0,0.0
P2,R03,testing,08,101,0,0.0,0.0,0.0,0.0
P2,R03,testing,08,102,0,0.0,0.0,0.0,0.0
P2,R03,testing,08,103,0,0.0,0.0,0.0,0.0
P2,R03,testing,08,104,0,0.0,0.0,0.0,0.0
P2,R03,testing,08,105,0,0.0,0.0,0.0,0.0
P2,R03,testing,08,106,0,0.0,0.0,0.0,0.0
P2,R03,testing,08,107,0,0.0,0.0,0.0,0.0
P2,R03,testing,08,108,0,0.0,0.0,0.0,0.0
P2,R03,testing,08,109,0,0.0,0.0,0.0,0.0
P2,R03,testing,08,110,0,0.0,0.0,0.0,0.0
P2,R03,testing,08,111,0,0.0,0.0,0.0,0.0
P2,R03,testing,08,112,0,0.0,0.0,0.0,0.0
P2,R03,testing,08,113,0,0.0,0.0,0.0,0.0
P2,R03,testing,08,114,0,0.0,0.0,0.0,0.0
P2,R03,testing,08,115,0,0.0,0.0,0.0,0.0
P2,R03,testing,08,116,0,0.0,0.0,0.0,0.0
P2,R03,testing,08,117,0,0.0,0.0,0.0,0.0
P2,R03,testing,08,118,0,0.0,0.0,0.0,0.0
P2,R03,testing,08,119,0,0.0,0.0,0.0,0.0
P2,R03,testing,08,120,0,0.0,0.0,0.0,0.0
P2,R03,testing,08,121,0,0.0,0.0,0.0,0.0
P2,R03,testing,08,122,0,0.0,0.0,0.0,0.0
P2,R03,testing,08,123,0,0.0,0.0,0.0,0.0
P2,R03,testing,08,124,0,0.0,0.0,0.0,0.0
P2,R03,testing,08,125,0,0.0,0.0,0.0,0.0
P2,R03,testing,08,126,0,0.0,0.0,0.0,0.0
P2,R03,testing,08,127,0,0.0,0.0,0.0,0.0
P2,R03,testing,08,128,0,0.0,0.0,0.0,0.0
P2,R03,testing,08,129,0,0.0,0.0,0.0,0.0
P2,R03,testing,08,130,0,0.0,0.0,0.0,0.0
P2,R03,testing,08,131,0,0.0,0.0,0.0,0.0
P2,R03,testing,08,132,0,0.0,0.0,0.0,0.0
P2,R03,testing,08,133,0,0.0,0.0,0.0,0.0
P2,R03,testing,08,134,0,0.0,0.0,0.0,0.0
P2,R03,testing,08,135,0,0.0,0.0,0.0,0.0
P2,R03,testing,08,136,0,0.0,0.0,0.0,0.0
P2,R03,testing,08,137,0,0.0,0.0,0.0,0.0
P2,R03,testing,08,138,0,0.0,0.0,0.0,0.0
P2,R03,testing,08,139,0,0.0,0.0,0.0,0.0
P2,R03,testing,08,140,0,0.0,0.0,0.0,0.0
P2,R03,testing,08,141,0,0.0,0.0,0.0,0.0
P2,R03,testing,08,142,0,0.0,0.0,0.0,0.0
P2,R03,testing,08,143,0,0.0,0.0,0.0,0.0
P2,R03,testing,08,144,0,0.0,0.0,0.0,0.0
P2,R03,testing,08,145,0,0.0,0.0,0.0,0.0
P2,R03,testing,08,146,0,0.0,0.0,0.0,0.0
P2,R03,testing,08,147,0,0.0,0.0,0.0,0.0
P2,R03,testing,08,148,0,0.0,0.0,0.0,0.0
P2,R03,testing,08,149,0,0.0,0.0,0.0,0.0
P2,R03,testing,08,150,0,0.0,0.0,0.0,0.0
P2,R03,testing,08,151,0,0.0,0.0,0.0,0.0
P2,R03,testing,08,152,0,0.0,0.0,0.0,0.0
P2,R03,testing,08,153,0,0.0,0.0,0.0,0.0
P2,R03,testing,08,154,0,0.0,0.0,0.0,0.0
P2,R03,testing,08,155,0,0.0,0.0,0.0,0.0
P2,R03,testing,08,156,0,0.0,0.0,0.0,0.0
P2,R03,testing,08,157,0,0.0,0.0,0.0,0.0
P2,R03,testing,08,158,0,0.0,0.0,0.0,0.0
P2,R03,testing,08,159,0,0.0,0.0,0.0,0.0
P2,R03,testing,08,160,0,0.0,0.0,0.0,0.0
P2,R03,testing,08,161,0,0.0,0.0,0.0,0.0
P2,R03,testing,08,162,0,0.0,0.0,0.0,0.0
P2,R03,testing,08,163,0,0.0,0.0,0.0,0.0
P2,R03,testing,08,164,0,0.0,0.0,0.0,0.0
P2,R03,testing,08,165,0,0.0,0.0,0.0,0.0
P2,R03,testing,08,166,0,0.0,0.0,0.0,0.0
P2,R03,testing,08,167,0,0.0,0.0,0.0,0.0
P2,R03,testing,08,168,0,0.0,0.0,0.0,0.0
P2,R03,testing,08,169,0,0.0,0.0,0.0,0.0
P2,R03,testing,08,170,0,0.0,0.0,0.0,0.0
P2,R03,testing,08,171,0,0.0,0.0,0.0,0.0
P2,R03,testing,08,172,0,0.0,0.0,0.0,0.0
P2,R03,testing,08,173,0,0.0,0.0,0.0,0.0
P2,R03,testing,08,174,0,0.0,0.0,0.0,0.0
P2,R03,testing,08,175,0,0.0,0.0,0.0,0.0
P2,R03,testing,08,176,0,0.0,0.0,0.0,0.0
P2,R03,testing,08,177,0,0.0,0.0,0.0,0.0
P2,R03,testing,08,178,0,0.0,0.0,0.0,0.0
P2,R03,testing,08,179,0,0.0,0.0,0.0,0.0
P2,R03,testing,08,180,0,0.0,0.0,0.0,0.0
P2,R03,testing,08,181,0,0.0,0.0,0.0,0.0
P2,R03,testing,08,182,0,0.0,0.0,0.0,0.0
P2,R03,testing,08,183,0,0.0,0.0,0.0,0.0
P2,R03,testing,08,184,0,0.0,0.0,0.0,0.0
P2,R03,testing,08,185,0,0.0,0.0,0.0,0.0
P2,R03,testing,08,186,0,0.0,0.0,0.0,0.0
P2,R03,testing,08,187,0,0.0,0.0,0.0,0.0
P2,R03,testing,08,188,0,0.0,0.0,0.0,0.0
P2,R03,testing,08,189,0,0.0,0.0,0.0,0.0
P2,R03,testing,08,190,0,0.0,0.0,0.0,0.0
P2,R03,testing,08,191,0,0.0,0.0,0.0,0.0
P2,R03,testing,08,192,0,0.0,0.0,0.0,0.0
P2,R03,testing,08,193,0,0.0,0.0,0.0,0.0
P2,R03,testing,08,194,0,0.0,0.0,0.0,0.0
P2,R03,testing,08,195,0,0.0,0.0,0.0,0.0
P2,R03,testing,08,196,0,0.0,0.0,0.0,0.0
P2,R03,testing,08,197,0,0.0,0.0,0.0,0.0
P2,R03,testing,08,198,0,0.0,0.0,0.0,0.0
P2,R03,testing,08,199,0,0.0,0.0,0.0,0.0
P2,R03,testing,08,200,0,0.0,0.0,0.0,0.0
P2,R03,testing,08,201,0,0.0,0.0,0.0,0.0
P2,R03,testing,08,202,0,0.0,0.0,0.0,0.0
P2,R03,testing,08,203,0,0.0,0.0,0.0,0.0
P2,R03,testing,08,204,0,0.0,0.0,0.0,0.0
P2,R03,testing,08,205,0,0.0,0.0,0.0,0.0
P2,R03,testing,08,206,0,0.0,0.0,0.0,0.0
P2,R03,testing,08,207,0,0.0,0.0,0.0,0.0
P2,R03,testing,08,208,0,0.0,0.0,0.0,0.0
P2,R03,testing,08,209,0,0.0,0.0,0.0,0.0
P2,R03,testing,08,210,0,0.0,0.0,0.0,0.0
P2,R03,testing,08,211,0,0.0,0.0,0.0,0.0
P2,R03,testing,08,212,0,0.0,0.0,0.0,0.0
P2,R03,testing,08,213,0,0.0,0.0,0.0,0.0
P2,R03,testing,08,214,0,0.0,0.0,0.0,0.0
P2,R03,testing,08,215,0,0.0,0.0,0.0,0.0
P2,R03,testing,08,216,0,0.0,0.0,0.0,0.0
P2,R03,testing,08,217,0,0.0,0.0,0.0,0.0
P2,R03,testing,08,218,0,0.0,0.0,0.0,0.0
P2,R03,testing,08,219,0,0.0,0.0,0.0,0.0
P2,R03,testing,08,220,0,0.0,0.0,0.0,0.0
P2,R03,testing,08,221,0,0.0,0.0,0.0,0.0
P2,R03,testing,08,222,0,0.0,0.0,0.0,0.0
P2,R03,testing,08,223,0,0.0,0.0,0.0,0.0
P2,R03,testing,08,224,0,0.0,0.0,0.0,0.0
P2,R03,testing,08,225,0,0.0,0.0,0.0,0.0
P2,R03,testing,08,226,0,0.0,0.0,0.0,0.0
P2,R03,testing,08,227,0,0.0,0.0,0.0,0.0
P2,R03,testing,08,228,0,0.0,0.0,0.0,0.0
P2,R03,testing,08,229,0,0.0,0.0,0.0,0.0
P2,R03,testing,08,230,0,0.0,0.0,0.0,0.0
P2,R03,testing,08,231,0,0.0,0.0,0.0,0.0
P2,R03,testing,08,232,0,0.0,0.0,0.0,0.0
P2,R03,testing,08,233,0,0.0,0.0,0.0,0.0
P2,R03,testing,08,234,0,0.0,0.0,0.0,0.0
P2,R03,testing,08,235,0,0.0,0.0,0.0,0.0
P2,R03,testing,08,236,0,0.0,0.0,0.0,0.0
P2,R03,testing,08,237,0,0.0,0.0,0.0,0.0
P2,R03,testing,08,238,0,0.0,0.0,0.0,0.0
P2,R03,testing,08,239,0,0.0,0.0,0.0,0.0
P2,R03,testing,08,240,0,0.0,0.0,0.0,0.0
P2,R03,testing,08,241,0,0.0,0.0,0.0,0.0
P2,R03,testing,08,242,1,0.0,0.0,0.0,0.0
P2,R03,testing,08,243,1,0.0,0.0,0.0,0.0
P2,R03,testing,08,244,1,0.0,0.0,0.0,0.0
P2,R03,testing,08,245,1,0.0,0.0,0.0,0.0
P2,R03,testing,08,246,1,0.0,0.0,0.0,0.0
P2,R03,testing,08,247,1,0.0,0.0,0.0,0.0
P2,R03,testing,08,248,1,0.0,0.0,0.0,0.0
P2,R03,testing,08,249,1,0.0,0.0,0.0,0.0
P2,R03,testing,08,250,1,0.0,0.0,0.0,0.0
P2,R03,testing,08,251,1,0.0,0.0,0.0,0.0
P2,R03,testing,08,252,1,0.0,0.0,0.0,0.0
P2,R03,testing,08,253,1,0.0,0.0,0.0,0.0
P2,R03,testing,08,254,1,0.0,0.0,0.0,0.0
P2,R03,testing,08,255,1,0.0,0.0,0.0,0.0
P2,R03,testing,08,256,1,0.0,0.0,0.0,0.0
P2,R03,testing,08,257,1,0.0,0.0,0.0,0.0
P2,R03,testing,08,258,1,0.0,0.0,0.0,0.0
P2,R03,testing,08,259,1,0.0,0.0,0.0,0.0
P2,R03,testing,08,260,1,0.0,0.0,0.0,0.0
P2,R03,testing,08,261,1,0.0,0.0,0.0,0.0
P2,R03,testing,08,262,1,0.0,0.0,0.0,0.0
P2,R03,testing,08,263,1,0.0,0.0,0.0,0.0
P2,R03,testing,08,264,1,0.0,0.0,0.0,0.0
P2,R03,testing,08,265,1,0.0,0.0,0.0,0.0
P2,R03,testing,08,266,1,0.0,0.0,0.0,0.0
P2,R03,testing,08,267,1,0.0,0.0,0.0,0.0
P2,R03,testing,08,268,1,0.0,0.0,0.0,0.0
P2,R03,testing,08,269,1,0.0,0.0,0.0,0.0
P2,R03,testing,08,270,1,0.0,0.0,0.0,0.0
P2,R03,testing,08,271,1,0.0,0.0,0.0,0.0
P2,R03,testing,08,272,1,0.0,0.0,0.0,0.0
P2,R03,testing,08,273,1,0.0,0.0,0.0,0.0
P2,R03,testing,08,274,1,0.0,0.0,0.0,0.0
P2,R03,testing,08,275,1,0.0,0.0,0.0,0.0
P2,R03,testing,08,276,1,0.0,0.0,0.0,0.0
P2,R03,testing,08,277,1,0.0,0.0,0.0,0.0
P2,R03,testing,08,278,1,0.0,0.0,0.0,0.0
P2,R03,testing,08,279,1,0.0,0.0,0.0,0.0
P2,R03,testing,08,280,1,0.0,0.0,0.0,0.0
P2,R03,testing,08,281,1,0.0,0.0,0.0,0.0
P2,R03,testing,08,282,1,0.0,0.0,0.0,0.0
P2,R03,testing,08,283,1,0.0,0.0,0.0,0.0
P2,R03,testing,08,284,1,0.0,0.0,0.0,0.0
P2,R03,testing,08,285,1,0.0,0.0,0.0,0.0
P2,R03,testing,08,286,1,0.0,0.0,0.0,0.0
P2,R03,testing,08,287,1,0.0,0.0,0.0,0.0
P2,R03,testing,08,288,1,0.0,0.0,0.0,0.0
P2,R03,testing,08,289,1,0.0,0.0,0.0,0.0
P2,R03,testing,08,290,1,0.0,0.0,0.0,0.0
P2,R03,testing,08,291,1,0.0,0.0,0.0,0.0
P2,R03,testing,08,292,1,0.0,0.0,0.0,0.0
P2,R03,testing,08,293,1,0.0,0.0,0.0,0.0
P2,R03,testing,08,294,1,0.0,0.0,0.0,0.0
P2,R03,testing,08,295,1,0.0,0.0,0.0,0.0
P2,R03,testing,08,296,1,0.0,0.0,0.0,0.0
P2,R03,testing,08,297,1,0.0,0.0,0.0,0.0
P2,R03,testing,08,298,1,0.0,0.0,0.0,0.0
P2,R03,testing,08,299,1,0.0,0.0,0.0,0.0
P2,R03,testing,08,300,1,0.0,0.0,0.0,0.0
P2,R03,testing,08,301,1,0.0,0.0,0.0,0.0
P2,R03,testing,08,302,1,0.0,0.0,0.0,0.0
P2,R03,testing,08,303,1,0.0,0.0,0.0,0.0
P2,R03,testing,08,304,1,0.0,0.0,0.0,0.0
P2,R03,testing,08,305,1,0.0,0.0,0.0,0.0
P2,R03,testing,08,306,1,0.0,0.0,0.0,0.0
P2,R03,testing,08,307,1,0.0,0.0,0.0,0.0
P2,R03,testing,08,308,1,0.0,0.0,0.0,0.0
P2,R03,testing,08,309,1,0.0,0.0,0.0,0.0
P2,R03,testing,08,310,1,0.0,0.0,0.0,0.0
P2,R03,testing,08,311,1,0.0,0.0,0.0,0.0
P2,R03,testing,08,312,1,0.0,0.0,0.0,0.0
P2,R03,testing,08,313,1,0.0,0.0,0.0,0.0
P2,R03,testing,08,314,1,0.0,0.0,0.0,0.0
P2,R03,testing,08,315,1,0.0,0.0,0.0,0.0
P2,R03,testing,08,316,1,0.0,0.0,0.0,0.0
P2,R03,testing,08,317,1,0.0,0.0,0.0,0.0
P2,R03,testing,08,318,1,0.0,0.0,0.0,0.0
P2,R03,testing,08,319,1,0.0,0.0,0.0,0.0
P2,R03,testing,08,320,1,0.0,0.0,0.0,0.0
P2,R03,testing,08,321,1,0.0,0.0,0.0,0.0
P2,R03,testing,08,322,1,0.0,0.0,0.0,0.0
P2,R03,testing,08,323,1,0.0,0.0,0.0,0.0
P2,R03,testing,08,324,1,0.0,0.0,0.0,0.0
P2,R03,testing,08,325,1,0.0,0.0,0.0,0.0
P2,R03,testing,08,326,1,0.0,0.0,0.0,0.0
P2,R03,testing,08,327,1,0.0,0.0,0.0,0.0
P2,R03,testing,08,328,1,0.0,0.0,0.0,0.0
P2,R03,testing,08,329,1,0.0,0.0,0.0,0.0
P2,R03,testing,08,330,1,0.0,0.0,0.0,0.0
P2,R03,testing,08,331,1,0.0,0.0,0.0,0.0
P2,R03,testing,08,332,1,0.0,0.0,0.0,0.0
P2,R03,testing,08,333,1,0.0,0.0,0.0,0.0
P2,R03,testing,08,334,1,0.0,0.0,0.0,0.0
P2,R03,testing,08,335,1,0.0,0.0,0.0,0.0
P2,R03,testing,08,336,1,0.0,0.0,0.0,0.0
P2,R03,testing,08,337,1,0.0,0.0,0.0,0.0
P2,R03,testing,08,338,1,0.0,0.0,0.0,0.0
P2,R03,testing,08,339,1,0.0,0.0,0.0,0.0
P2,R03,testing,08,340,1,0.0,0.0,0.0,0.0
P2,R03,testing,08,341,1,0.0,0.0,0.0,0.0
P2,R03,testing,08,342,1,0.0,0.0,0.0,0.0
P2,R03,testing,08,343,1,0.0,0.0,0.0,0.0
P2,R03,testing,08,344,1,0.0,0.0,0.0,0.0
P2,R03,testing,08,345,1,0.0,0.0,0.0,0.0
P2,R03,testing,08,346,1,0.0,0.0,0.0,0.0
P2,R03,testing,08,347,1,0.0,0.0,0.0,0.0
P2,R03,testing,08,348,1,0.0,0.0,0.0,0.0
P2,R03,testing,08,349,1,0.0,0.0,0.0,0.0
P2,R03,testing,08,350,1,0.0,0.0,0.0,0.0
P2,R03,testing,08,351,1,0.0,0.0,0.0,0.0
P2,R03,testing,08,352,1,0.0,0.0,0.0,0.0
P2,R03,testing,08,353,1,0.0,0.0,0.0,0.0
P2,R03,testing,08,354,1,0.0,0.0,0.0,0.0
P2,R03,testing,08,355,1,0.0,0.0,0.0,0.0
P2,R03,testing,08,356,1,0.0,0.0,0.0,0.0
P2,R03,testing,08,357,1,0.0,0.0,0.0,0.0
P2,R03,testing,08,358,1,0.0,0.0,0.0,0.0
P2,R03,testing,08,359,1,0.0,0.0,0.0,0.0
P2,R03,testing,08,360,1,0.0,0.0,0.0,0.0
P2,R03,testing,08,361,1,0.0,0.0,0.0,0.0
P2,R03,testing,08,362,1,0.0,0.0,0.0,0.0
P2,R03,testing,08,363,1,0.0,0.0,0.0,0.0
P2,R03,testing,08,364,1,0.0,0.0,0.0,0.0
P2,R03,testing,08,365,1,0.0,0.0,0.0,0.0
P2,R03,testing,08,366,1,0.0,0.0,0.0,0.0
P2,R03,testing,08,367,1,0.0,0.0,0.0,0.0
P2,R03,testing,08,368,1,0.0,0.0,0.0,0.0
P2,R03,testing,08,369,1,0.0,0.0,0.0,0.0
P2,R03,testing,08,370,1,0.0,0.0,0.0,0.0
P2,R03,testing,08,371,1,0.0,0.0,0.0,0.0
P2,R03,testing,08,372,1,0.0,0.0,0.0,0.0
P2,R03,testing,08,373,1,0.0,0.0,0.0,0.0
P2,R03,testing,08,374,1,0.0,0.0,0.0,0.0
P2,R03,testing,08,375,1,0.0,0.0,0.0,0.0
P2,R03,testing,08,376,1,0.0,0.0,0.0,0.0
P2,R03,testing,08,377,1,0.0,0.0,0.0,0.0
P2,R03,testing,08,378,1,0.0,0.0,0.0,0.0
P2,R03,testing,08,379,1,0.0,0.0,0.0,0.0
P2,R03,testing,08,380,1,0.0,0.0,0.0,0.0
P2,R03,testing,08,381,1,0.0,0.0,0.0,0.0
P2,R03,testing,08,382,1,0.0,0.0,0.0,0.0
P2,R03,testing,08,383,1,0.0,0.0,0.0,0.0
P2,R03,testing,08,384,1,0.0,0.0,0.0,0.0
P2,R03,testing,08,385,1,0.0,0.0,0.0,0.0
P2,R03,testing,08,386,1,0.0,0.0,0.0,0.0
P2,R03,testing,08,387,1,0.0,0.0,0.0,0.0
P2,R03,testing,08,388,1,0.0,0.0,0.0,0.0
P2,R03,testing,08,389,1,0.0,0.0,0.0,0.0
P2,R03,testing,08,390,1,0.0,0.0,0.0,0.0
P2,R03,testing,08,391,1,0.0,0.0,0.0,0.0
P2,R03,testing,08,392,1,0.0,0.0,0.0,0.0
P2,R03,testing,08,393,1,0.0,0.0,0.0,0.0
P2,R03,testing,08,394,1,0.0,0.0,0.0,0.0
P2,R03,testing,08,395,1,0.0,0.0,0.0,0.0
P2,R03,testing,08,396,1,0.0,0.0,0.0,0.0
P2,R03,testing,08,397,1,0.0,0.0,0.0,0.0
P2,R03,testing,08,398,1,0.0,0.0,0.0,0.0
P2,R03,testing,08,399,1,0.0,0.0,0.0,0.0
P2,R03,testing,08,400,1,0.0,0.0,0.0,0.0
P2,R03,testing,08,401,1,0.0,0.0,0.0,0.0
P2,R03,testing,08,402,1,0.0,0.0,0.0,0.0
P2,R03,testing,08,403,1,0.0,0.0,0.0,0.0
P2,R03,testing,08,404,1,0.0,0.0,0.0,0.0
P2,R03,testing,08,405,1,0.0,0.0,0.0,0.0
P2,R03,testing,08,406,1,0.0,0.0,0.0,0.0
P2,R03,testing,08,407,1,0.0,0.0,0.0,0.0
P2,R03,testing,08,408,1,0.0,0.0,0.0,0.0
P2,R03,testing,08,409,1,0.0,0.0,0.0,0.0
P2,R03,testing,08,410,1,0.0,0.0,0.0,0.0
P2,R03,testing,08,411,1,0.0,0.0,0.0,0.0
P2,R03,testing,08,412,1,0.0,0.0,0.0,0.0
P2,R03,testing,08,413,1,0.0,0.0,0.0,0.0
P2,R03,testing,08,414,1,0.0,0.0,0.0,0.0
P2,R03,testing,08,415,1,0.0,0.0,0.0,0.0
P2,R03,testing,08,416,1,0.0,0.0,0.0,0.0
P2,R03,testing,08,417,1,0.0,0.0,0.0,0.0
P2,R03,testing,08,418,1,0.0,0.0,0.0,0.0
P2,R03,testing,08,419,1,0.0,0.0,0.0,0.0
P2,R03,testing,08,420,1,0.0,0.0,0.0,0.0
P2,R03,testing,08,421,1,0.0,0.0,0.0,0.0
P2,R03,testing,08,422,1,0.0,0.0,0.0,0.0
P2,R03,testing,08,423,1,0.0,0.0,0.0,0.0
P2,R03,testing,08,424,1,0.0,0.0,0.0,0.0
P2,R03,testing,08,425,1,0.0,0.0,0.0,0.0
P2,R03,testing,08,426,1,0.0,0.0,0.0,0.0
P2,R03,testing,08,427,1,0.0,0.0,0.0,0.0
P2,R03,testing,08,428,1,0.0,0.0,0.0,0.0
P2,R03,testing,08,429,1,0.0,0.0,0.0,0.0
P2,R03,testing,08,430,1,0.0,0.0,0.0,0.0
P2,R03,testing,08,431,1,0.0,0.0,0.0,0.0
P2,R03,testing,08,432,1,0.0,0.0,0.0,0.0
P2,R03,testing,08,433,1,0.0,0.0,0.0,0.0
P2,R03,testing,08,434,1,0.0,0.0,0.0,0.0
P2,R03,testing,08,435,1,0.0,0.0,0.0,0.0
P2,R03,testing,08,436,1,0.0,0.0,0.0,0.0
P2,R03,testing,08,437,1,0.0,0.0,0.0,0.0
P2,R03,testing,08,438,1,0.0,0.0,0.0,0.0
P2,R03,testing,08,439,1,0.0,0.0,0.0,0.0
P2,R03,testing,08,440,1,0.0,0.0,0.0,0.0
P2,R03,testing,08,441,1,0.0,0.0,0.0,0.0
P2,R03,testing,08,442,1,0.0,0.0,0.0,0.0
P2,R03,testing,08,443,1,0.0,0.0,0.0,0.0
P2,R03,testing,08,444,1,0.0,0.0,0.0,0.0
P2,R03,testing,08,445,1,0.0,0.0,0.0,0.0
P2,R03,testing,08,446,1,0.0,0.0,0.0,0.0
P2,R03,testing,08,447,1,0.0,0.0,0.0,0.0
P2,R03,testing,08,448,1,0.0,0.0,0.0,0.0
P2,R03,testing,08,449,1,0.0,0.0,0.0,0.0
P2,R03,testing,08,450,1,0.0,0.0,0.0,0.0
P2,R03,testing,08,451,1,0.0,0.0,0.0,0.0
P2,R03,testing,08,452,1,0.0,0.0,0.0,0.0
P2,R03,testing,08,453,1,0.0,0.0,0.0,0.0
P2,R03,testing,08,454,1,0.0,0.0,0.0,0.0
P2,R03,testing,08,455,1,0.0,0.0,0.0,0.0
P2,R03,testing,08,456,1,0.0,0.0,0.0,0.0
P2,R03,testing,08,457,1,0.0,0.0,0.0,0.0
P2,R03,testing,08,458,1,0.0,0.0,0.0,0.0
P2,R03,testing,08,459,1,0.0,0.0,0.0,0.0
P2,R03,testing,08,460,1,0.0,0.0,0.0,0.0
P2,R03,testing,08,461,1,0.0,0.0,0.0,0.0
P2,R03,testing,08,462,1,0.0,0.0,0.0,0.0
P2,R03,testing,08,463,1,0.0,0.0,0.0,0.0
P2,R03,testing,08,464,1,0.0,0.0,0.0,0.0
P2,R03,testing,08,465,1,0.0,0.0,0.0,0.0
P2,R03,testing,08,466,1,0.0,0.0,0.0,0.0
P2,R03,testing,08,467,1,0.0,0.0,0.0,0.0
P2,R03,testing,08,468,1,0.0,0.0,0.0,0.0
P2,R03,testing,08,469,1,0.0,0.0,0.0,0.0
P2,R03,testing,08,470,1,0.0,0.0,0.0,0.0
P2,R03,testing,08,471,1,0.0,0.0,0.0,0.0
P2,R03,testing,08,472,1,0.0,0.0,0.0,0.0
P2,R03,testing,08,473,1,0.0,0.0,0.0,0.0
P2,R03,testing,08,474,1,0.0,0.0,0.0,0.0
P2,R03,testing,08,475,1,0.0,0.0,0.0,0.0
P2,R03,testing,08,476,1,0.0,0.0,0.0,0.0
P2,R03,testing,08,477,1,0.0,0.0,0.0,0.0
P2,R03,testing,08,478,1,0.0,0.0,0.0,0.0
P2,R03,testing,08,479,1,0.0,0.0,0.0,0.0
P2,R03,testing,08,480,1,0.0,0.0,0.0,0.0
P2,R03,testing,08,481,1,0.0,0.0,0.0,0.0
P2,R03,testing,08,482,1,0.0,0.0,0.0,0.0
P2,R03,testing,08,483,1,0.0,0.0,0.0,0.0
P2,R03,testing,08,484,1,0.0,0.0,0.0,0.0
P2,R03,testing,08,485,1,0.0,0.0,0.0,0.0
P2,R03,testing,08,486,1,0.0,0.0,0.0,0.0
P2,R03,testing,08,487,1,0.0,0.0,0.0,0.0
P2,R03,testing,08,488,1,0.0,0.0,0.0,0.0
P2,R03,testing,08,489,1,0.0,0.0,0.0,0.0
P2,R03,testing,08,490,1,0.0,0.0,0.0,0.0
P2,R03,testing,08,491,1,0.0,0.0,0.0,0.0
P2,R03,testing,08,492,1,0.0,0.0,0.0,0.0
P2,R03,testing,08,493,1,0.0,0.0,0.0,0.0
P2,R03,testing,08,494,1,0.0,0.0,0.0,0.0
P2,R03,testing,08,495,1,0.0,0.0,0.0,0.0
P2,R03,testing,08,496,1,0.0,0.0,0.0,0.0
P2,R03,testing,08,497,1,0.0,0.0,0.0,0.0
P2,R03,testing,08,498,1,0.0,0.0,0.0,0.0
P2,R03,testing,08,499,1,0.0,0.0,0.0,0.0
P2,R03,testing,08,500,1,0.0,0.0,0.0,0.0
P2,R03,testing,08,501,1,0.0,0.0,0.0,0.0
P2,R03,testing,08,502,1,0.0,0.0,0.0,0.0
P2,R03,testing,08,503,1,0.0,0.0,0.0,0.0
P2,R03,testing,08,504,1,0.0,0.0,0.0,0.0
P2,R03,testing,08,505,1,0.0,0.0,0.0,0.0
P2,R03,testing,08,506,1,0.0,0.0,0.0,0.0
P2,R03,testing,08,507,1,0.0,0.0,0.0,0.0
P2,R03,testing,08,508,1,0.0,0.0,0.0,0.0
P2,R03,testing,08,509,1,0.0,0.0,0.0,0.0
P2,R03,testing,08,510,1,0.0,0.0,0.0,0.0
P2,R03,testing,08,511,1,0.0,0.0,0.0,0.0
P2,R03,testing,08,512,1,0.0,0.0,0.0,0.0
P2,R03,testing,08,513,1,0.0,0.0,0.0,0.0
P2,R03,testing,08,514,1,0.0,0.0,0.0,0.0
P2,R03,testing,08,515,1,0.0,0.0,0.0,0.0
P2,R03,testing,08,516,1,0.0,0.0,0.0,0.0
P2,R03,testing,08,517,1,0.0,0.0,0.0,0.0
P2,R03,testing,08,518,1,0.0,0.0,0.0,0.0
P2,R03,testing,08,519,1,0.0,0.0,0.0,0.0
P2,R03,testing,08,520,1,0.0,0.0,0.0,0.0
P2,R03,testing,08,521,1,0.0,0.0,0.0,0.0
P2,R03,testing,08,522,1,0.0,0.0,0.0,0.0
P2,R03,testing,08,523,1,0.0,0.0,0.0,0.0
P2,R03,testing,08,524,1,0.0,0.0,0.0,0.0
P2,R03,testing,08,525,1,0.0,0.0,0.0,0.0
P2,R03,testing,08,526,1,0.0,0.0,0.0,0.0
P2,R03,testing,08,527,1,0.0,0.0,0.0,0.0
P2,R03,testing,08,528,1,0.0,0.0,0.0,0.0
P2,R03,testing,08,529,1,0.0,0.0,0.0,0.0
P2,R03,testing,08,530,1,0.0,0.0,0.0,0.0
P2,R03,testing,08,531,1,0.0,0.0,0.0,0.0
P2,R03,testing,08,532,1,0.0,0.0,0.0,0.0
P2,R03,testing,08,533,1,0.0,0.0,0.0,0.0
P2,R03,testing,08,534,1,0.0,0.0,0.0,0.0
P2,R03,testing,08,535,1,0.0,0.0,0.0,0.0
P2,R03,testing,08,536,1,0.0,0.0,0.0,0.0
P2,R03,testing,08,537,1,0.0,0.0,0.0,0.0
P2,R03,testing,08,538,1,0.0,0.0,0.0,0.0
P2,R03,testing,08,539,1,0.0,0.0,0.0,0.0
P2,R03,testing,08,540,1,0.0,0.0,0.0,0.0
P2,R03,testing,08,541,1,0.0,0.0,0.0,0.0
P2,R03,testing,08,542,1,0.0,0.0,0.0,0.0
P2,R03,testing,08,543,1,0.0,0.0,0.0,0.0
P2,R03,testing,08,544,1,0.0,0.0,0.0,0.0
P2,R03,testing,08,545,1,0.0,0.0,0.0,0.0
P2,R03,testing,08,546,1,0.0,0.0,0.0,0.0
P2,R03,testing,08,547,1,0.0,0.0,0.0,0.0
P2,R03,testing,08,548,1,0.0,0.0,0.0,0.0
P2,R03,testing,08,549,1,0.0,0.0,0.0,0.0
P2,R03,testing,08,550,1,0.0,0.0,0.0,0.0
P2,R03,testing,08,551,1,0.0,0.0,0.0,0.0
P2,R03,testing,08,552,1,0.0,0.0,0.0,0.0
P2,R03,testing,08,553,1,0.0,0.0,0.0,0.0
P2,R03,testing,08,554,1,0.0,0.0,0.0,0.0
P2,R03,testing,08,555,1,0.0,0.0,0.0,0.0
P2,R03,testing,08,556,1,0.0,0.0,0.0,0.0
P2,R03,testing,08,557,1,0.0,0.0,0.0,0.0
P2,R03,testing,08,558,1,0.0,0.0,0.0,0.0
P2,R03,testing,08,559,1,0.0,0.0,0.0,0.0
P2,R03,testing,08,560,1,0.0,0.0,0.0,0.0
P2,R03,testing,08,561,1,0.0,0.0,0.0,0.0
P2,R03,testing,08,562,1,0.0,0.0,0.0,0.0
P2,R03,testing,08,563,1,0.0,0.0,0.0,0.0
P2,R03,testing,08,564,1,0.0,0.0,0.0,0.0
P2,R03,testing,08,565,1,0.0,0.0,0.0,0.0
P2,R03,testing,08,566,1,0.0,0.0,0.0,0.0
P2,R03,testing,08,567,1,0.0,0.0,0.0,0.0
P2,R03,testing,08,568,1,0.0,0.0,0.0,0.0
P2,R03,testing,08,569,1,0.0,0.0,0.0,0.0
P2,R03,testing,08,570,1,0.0,0.0,0.0,0.0
P2,R03,testing,08,571,1,0.0,0.0,0.0,0.0
P2,R03,testing,08,572,1,0.0,0.0,0.0,0.0
P2,R03,testing,08,573,1,0.0,0.0,0.0,0.0
P2,R03,testing,08,574,1,0.0,0.0,0.0,0.0
P2,R03,testing,08,575,1,0.0,0.0,0.0,0.0
P2,R03,testing,08,576,1,0.0,0.0,0.0,0.0
P2,R03,testing,08,577,1,0.0,0.0,0.0,0.0
P2,R03,testing,08,578,1,0.0,0.0,0.0,0.0
P2,R03,testing,08,579,1,0.0,0.0,0.0,0.0
P2,R03,testing,08,580,1,0.0,0.0,0.0,0.0
P2,R03,testing,08,581,1,0.0,0.0,0.0,0.0
P2,R03,testing,08,582,1,0.0,0.0,0.0,0.0
P2,R03,testing,08,583,1,0.0,0.0,0.0,0.0
P2,R03,testing,08,584,1,0.0,0.0,0.0,0.0
P2,R03,testing,08,585,1,0.0,0.0,0.0,0.0
P2,R03,testing,08,586,1,0.0,0.0,0.0,0.0
P2,R03,testing,08,587,1,0.0,0.0,0.0,0.0
P2,R03,testing,08,588,1,0.0,0.0,0.0,0.0
P2,R03,testing,08,589,1,0.0,0.0,0.0,0.0
P2,R03,testing,08,590,1,0.0,0.0,0.0,0.0
P2,R03,testing,08,591,1,0.0,0.0,0.0,0.0
P2,R03,testing,08,592,1,0.0,0.0,0.0,0.0
P2,R03,testing,08,593,1,0.0,0.0,0.0,0.0
P2,R03,testing,08,594,1,0.0,0.0,0.0,0.0
P2,R03,testing,08,595,1,0.0,0.0,0.0,0.0
P2,R03,testing,08,596,1,0.0,0.0,0.0,0.0
P2,R03,testing,08,597,1,0.0,0.0,0.0,0.0
P2,R03,testing,08,598,1,0.0,0.0,0.0,0.0
P2,R03,testing,08,599,1,0.0,0.0,0.0,0.0
P2,R03,testing,08,600,1,0.0,0.0,0.0,0.0
P2,R03,testing,08,601,1,0.0,0.0,0.0,0.0
P2,R03,testing,08,602,1,0.0,0.0,0.0,0.0
P2,R03,testing,08,603,1,0.0,0.0,0.0,0.0
P2,R03,testing,08,604,1,0.0,0.0,0.0,0.0
P2,R03,testing,08,605,1,0.0,0.0,0.0,0.0
P2,R03,testing,08,606,1,0.0,0.0,0.0,0.0
P2,R03,testing,08,607,1,0.0,0.0,0.0,0.0
P2,R03,testing,08,608,1,0.0,0.0,0.0,0.0
P2,R03,testing,08,609,1,0.0,0.0,0.0,0.0
P2,R03,testing,08,610,1,0.0,0.0,0.0,0.0
P2,R03,testing,08,611,1,0.0,0.0,0.0,0.0
P2,R03,testing,08,612,1,0.0,0.0,0.0,0.0
P2,R03,testing,08,613,1,0.0,0.0,0.0,0.0
P2,R03,testing,08,614,1,0.0,0.0,0.0,0.0
P2,R03,testing,08,615,1,0.0,0.0,0.0,0.0
P2,R03,testing,08,616,1,0.0,0.0,0.0,0.0
P2,R03,testing,08,617,1,0.0,0.0,0.0,0.0
P2,R03,testing,08,618,1,0.0,0.0,0.0,0.0
P2,R03,testing,08,619,1,0.0,0.0,0.0,0.0
P2,R03,testing,08,620,1,0.0,0.0,0.0,0.0
P2,R03,testing,08,621,1,0.0,0.0,0.0,0.0
P2,R03,testing,08,622,1,0.0,0.0,0.0,0.0
P2,R03,testing,08,623,1,0.0,0.0,0.0,0.0
P2,R03,testing,08,624,1,0.0,0.0,0.0,0.0
P2,R03,testing,08,625,1,0.0,0.0,0.0,0.0
P2,R03,testing,08,626,1,0.0,0.0,0.0,0.0
P2,R03,testing,08,627,1,0.0,0.0,0.0,0.0
P2,R03,testing,08,628,1,0.0,0.0,0.0,0.0
P2,R03,testing,08,629,1,0.0,0.0,0.0,0.0
P2,R03,testing,08,630,1,0.0,0.0,0.0,0.0
P2,R03,testing,08,631,1,0.0,0.0,0.0,0.0
P2,R03,testing,08,632,1,0.0,0.0,0.0,0.0
P2,R03,testing,08,633,1,0.0,0.0,0.0,0.0
P2,R03,testing,08,634,1,0.0,0.0,0.0,0.0
P2,R03,testing,08,635,1,0.0,0.0,0.0,0.0
P2,R03,testing,08,636,1,0.0,0.0,0.0,0.0
P2,R03,testing,08,637,1,0.0,0.0,0.0,0.0
P2,R03,testing,08,638,1,0.0,0.0,0.0,0.0
P2,R03,testing,08,639,1,0.0,0.0,0.0,0.0
P2,R03,testing,08,640,1,0.0,0.0,0.0,0.0
P2,R03,testing,08,641,1,0.0,0.0,0.0,0.0
P2,R03,testing,08,642,1,0.0,0.0,0.0,0.0
P2,R03,testing,08,643,1,0.0,0.0,0.0,0.0
P2,R03,testing,08,644,1,0.0,0.0,0.0,0.0
P2,R03,testing,08,645,1,0.0,0.0,0.0,0.0
P2,R03,testing,08,646,1,0.0,0.0,0.0,0.0
P2,R03,testing,08,647,0,0.0,0.0,0.0,0.0
P2,R03,testing,08,648,0,0.0,0.0,0.0,0.0
P2,R03,testing,08,649,0,0.0,0.0,0.0,0.0
P2,R03,testing,08,650,0,0.0,0.0,0.0,0.0
P2,R03,testing,08,651,0,0.0,0.0,0.0,0.0
P2,R03,testing,08,652,0,0.0,0.0,0.0,0.0
P2,R03,testing,08,653,0,0.0,0.0,0.0,0.0
P2,R03,testing,08,654,0,0.0,0.0,0.0,0.0
P2,R03,testing,08,655,0,0.0,0.0,0.0,0.0
P2,R03,testing,08,656,0,0.0,0.0,0.0,0.0
P2,R03,testing,08,657,0,0.0,0.0,0.0,0.0
P2,R03,testing,08,658,0,0.0,0.0,0.0,0.0
P2,R03,testing,08,659,0,0.0,0.0,0.0,0.0
P2,R03,testing,08,660,0,0.0,0.0,0.0,0.0
P2,R03,testing,08,661,0,0.0,0.0,0.0,0.0
P2,R03,testing,08,662,0,0.0,0.0,0.0,0.0
P2,R03,testing,08,663,0,0.0,0.0,0.0,0.0
P2,R03,testing,08,664,0,0.0,0.0,0.0,0.0
P2,R03,testing,08,665,0,0.0,0.0,0.0,0.0
P2,R03,testing,08,666,0,0.0,0.0,0.0,0.0
P2,R03,testing,08,667,0,0.0,0.0,0.0,0.0
P2,R03,testing,08,668,0,0.0,0.0,0.0,0.0
P2,R03,testing,08,669,0,0.0,0.0,0.0,0.0
P2,R03,testing,08,670,0,0.0,0.0,0.0,0.0
P2,R03,testing,08,671,0,0.0,0.0,0.0,0.0
P2,R03,testing,08,672,0,0.0,0.0,0.0,0.0
P2,R03,testing,08,673,0,0.0,0.0,0.0,0.0
P2,R03,testing,08,674,0,0.0,0.0,0.0,0.0
P2,R03,testing,08,675,0,0.0,0.0,0.0,0.0
P2,R03,testing,08,676,0,0.0,0.0,0.0,0.0
P2,R03,testing,08,677,0,0.0,0.0,0.0,0.0
P2,R03,testing,08,678,0,0.0,0.0,0.0,0.0
P2,R03,testing,08,679,0,0.0,0.0,0.0,0.0
P2,R03,testing,08,680,0,0.0,0.0,0.0,0.0
P2,R03,testing,08,681,0,0.0,0.0,0.0,0.0
P2,R03,testing,08,682,0,0.0,0.0,0.0,0.0
P2,R03,testing,08,683,0,0.0,0.0,0.0,0.0
P2,R03,testing,08,684,0,0.0,0.0,0.0,0.0
P2,R03,testing,08,685,0,0.0,0.0,0.0,0.0
P2,R03,testing,08,686,0,0.0,0.0,0.0,0.0
P2,R03,testing,08,687,0,0.0,0.0,0.0,0.0
P2,R03,testing,08,688,0,0.0,0.0,0.0,0.0
P2,R03,testing,08,689,0,0.0,0.0,0.0,0.0
P2,R03,testing,08,690,0,0.0,0.0,0.0,0.0
P2,R03,testing,08,691,0,0.0,0.0,0.0,0.0
P2,R03,testing,08,692,0,0.0,0.0,0.0,0.0
P2,R03,testing,08,693,0,0.0,0.0,0.0,0.0
P2,R03,testing,08,694,0,0.0,0.0,0.0,0.0
P3,R03,testing,08,0,0,0.0,0.0,0.0,0.0
P3,R03,testing,08,1,0,0.0,0.0,0.0,0.0
P3,R03,testing,08,2,0,0.0,0.0,0.0,0.0
P3,R03,testing,08,3,0,0.0,0.0,0.0,0.0
P3,R03,testing,08,4,0,0.0,0.0,0.0,0.0
P3,R03,testing,08,5,0,0.0,0.0,0.0,0.0
P3,R03,testing,08,6,0,0.0,0.0,0.0,0.0
P3,R03,testing,08,7,0,0.0,0.0,0.0,0.0
P3,R03,testing,08,8,0,0.0,0.0,0.0,0.0
P3,R03,testing,08,9,0,0.0,0.0,0.0,0.0
P3,R03,testing,08,10,0,0.0,0.0,0.0,0.0
P3,R03,testing,08,11,0,0.0,0.0,0.0,0.0
P3,R03,testing,08,12,0,0.0,0.0,0.0,0.0
P3,R03,testing,08,13,0,0.0,0.0,0.0,0.0
P3,R03,testing,08,14,0,0.0,0.0,0.0,0.0
P3,R03,testing,08,15,0,0.0,0.0,0.0,0.0
P3,R03,testing,08,16,0,0.0,0.0,0.0,0.0
P3,R03,testing,08,17,0,0.0,0.0,0.0,0.0
P3,R03,testing,08,18,0,0.0,0.0,0.0,0.0
P3,R03,testing,08,19,0,0.0,0.0,0.0,0.0
P3,R03,testing,08,20,0,0.0,0.0,0.0,0.0
P3,R03,testing,08,21,0,0.0,0.0,0.0,0.0
P3,R03,testing,08,22,0,0.0,0.0,0.0,0.0
P3,R03,testing,08,23,0,0.0,0.0,0.0,0.0
P3,R03,testing,08,24,0,0.0,0.0,0.0,0.0
P3,R03,testing,08,25,0,0.0,0.0,0.0,0.0
P3,R03,testing,08,26,0,0.0,0.0,0.0,0.0
P3,R03,testing,08,27,0,0.0,0.0,0.0,0.0
P3,R03,testing,08,28,0,0.0,0.0,0.0,0.0
P3,R03,testing,08,29,0,0.0,0.0,0.0,0.0
P3,R03,testing,08,30,0,0.0,0.0,0.0,0.0
P3,R03,testing,08,31,0,0.0,0.0,0.0,0.0
P3,R03,testing,08,32,0,0.0,0.0,0.0,0.0
P3,R03,testing,08,33,0,0.0,0.0,0.0,0.0
P3,R03,testing,08,34,0,0.0,0.0,0.0,0.0
P3,R03,testing,08,35,0,0.0,0.0,0.0,0.0
P3,R03,testing,08,36,0,0.0,0.0,0.0,0.0
P3,R03,testing,08,37,0,0.0,0.0,0.0,0.0
P3,R03,testing,08,38,0,0.0,0.0,0.0,0.0
P3,R03,testing,08,39,0,0.0,0.0,0.0,0.0
P3,R03,testing,08,40,0,0.0,0.0,0.0,0.0
P3,R03,testing,08,41,0,0.0,0.0,0.0,0.0
P3,R03,testing,08,42,0,0.0,0.0,0.0,0.0
P3,R03,testing,08,43,0,0.0,0.0,0.0,0.0
P3,R03,testing,08,44,0,0.0,0.0,0.0,0.0
P3,R03,testing,08,45,0,0.0,0.0,0.0,0.0
P3,R03,testing,08,46,0,0.0,0.0,0.0,0.0
P3,R03,testing,08,47,0,0.0,0.0,0.0,0.0
P3,R03,testing,08,48,0,0.0,0.0,0.0,0.0
P3,R03,testing,08,49,0,0.0,0.0,0.0,0.0
P3,R03,testing,08,50,0,0.0,0.0,0.0,0.0
P3,R03,testing,08,51,0,0.0,0.0,0.0,0.0
P3,R03,testing,08,52,0,0.0,0.0,0.0,0.0
P3,R03,testing,08,53,0,0.0,0.0,0.0,0.0
P3,R03,testing,08,54,0,0.0,0.0,0.0,0.0
P3,R03,testing,08,55,0,0.0,0.0,0.0,0.0
P3,R03,testing,08,56,0,0.0,0.0,0.0,0.0
P3,R03,testing,08,57,0,0.0,0.0,0.0,0.0
P3,R03,testing,08,58,0,0.0,0.0,0.0,0.0
P3,R03,testing,08,59,0,0.0,0.0,0.0,0.0
P3,R03,testing,08,60,0,0.0,0.0,0.0,0.0
P3,R03,testing,08,61,0,0.0,0.0,0.0,0.0
P3,R03,testing,08,62,0,0.0,0.0,0.0,0.0
P3,R03,testing,08,63,0,0.0,0.0,0.0,0.0
P3,R03,testing,08,64,0,0.0,0.0,0.0,0.0
P3,R03,testing,08,65,0,0.0,0.0,0.0,0.0
P3,R03,testing,08,66,0,0.0,0.0,0.0,0.0
P3,R03,testing,08,67,0,0.0,0.0,0.0,0.0
P3,R03,testing,08,68,0,0.0,0.0,0.0,0.0
P3,R03,testing,08,69,0,0.0,0.0,0.0,0.0
P3,R03,testing,08,70,0,0.0,0.0,0.0,0.0
P3,R03,testing,08,71,0,0.0,0.0,0.0,0.0
P3,R03,testing,08,72,0,0.0,0.0,0.0,0.0
P3,R03,testing,08,73,0,0.0,0.0,0.0,0.0
P3,R03,testing,08,74,0,0.0,0.0,0.0,0.0
P3,R03,testing,08,75,0,0.0,0.0,0.0,0.0
P3,R03,testing,08,76,0,0.0,0.0,0.0,0.0
P3,R03,testing,08,77,0,0.0,0.0,0.0,0.0
P3,R03,testing,08,78,0,0.0,0.0,0.0,0.0
P3,R03,testing,08,79,0,0.0,0.0,0.0,0.0
P3,R03,testing,08,80,0,0.0,0.0,0.0,0.0
P3,R03,testing,08,81,0,0.0,0.0,0.0,0.0
P3,R03,testing,08,82,0,0.0,0.0,0.0,0.0
P3,R03,testing,08,83,0,0.0,0.0,0.0,0.0
P3,R03,testing,08,84,0,0.0,0.0,0.0,0.0
P3,R03,testing,08,85,0,0.0,0.0,0.0,0.0
P3,R03,testing,08,86,0,0.0,0.0,0.0,0.0
P3,R03,testing,08,87,0,0.0,0.0,0.0,0.0
P3,R03,testing,08,88,0,0.0,0.0,0.0,0.0
P3,R03,testing,08,89,0,0.0,0.0,0.0,0.0
P3,R03,testing,08,90,0,0.0,0.0,0.0,0.0
P3,R03,testing,08,91,0,0.0,0.0,0.0,0.0
P3,R03,testing,08,92,0,0.0,0.0,0.0,0.0
P3,R03,testing,08,93,0,0.0,0.0,0.0,0.0
P3,R03,testing,08,94,0,0.0,0.0,0.0,0.0
P3,R03,testing,08,95,0,0.0,0.0,0.0,0.0
P3,R03,testing,08,96,0,0.0,0.0,0.0,0.0
P3,R03,testing,08,97,0,0.0,0.0,0.0,0.0
P3,R03,testing,08,98,0,0.0,0.0,0.0,0.0
P3,R03,testing,08,99,0,0.0,0.0,0.0,0.0
P3,R03,testing,08,100,0,0.0,0.0,0.0,0.0
P3,R03,testing,08,101,0,0.0,0.0,0.0,0.0
P3,R03,testing,08,102,0,0.0,0.0,0.0,0.0
P3,R03,testing,08,103,0,0.0,0.0,0.0,0.0
P3,R03,testing,08,104,0,0.0,0.0,0.0,0.0
P3,R03,testing,08,105,0,0.0,0.0,0.0,0.0
P3,R03,testing,08,106,0,0.0,0.0,0.0,0.0
P3,R03,testing,08,107,0,0.0,0.0,0.0,0.0
P3,R03,testing,08,108,0,0.0,0.0,0.0,0.0
P3,R03,testing,08,109,0,0.0,0.0,0.0,0.0
P3,R03,testing,08,110,0,0.0,0.0,0.0,0.0
P3,R03,testing,08,111,0,0.0,0.0,0.0,0.0
P3,R03,testing,08,112,0,0.0,0.0,0.0,0.0
P3,R03,testing,08,113,0,0.0,0.0,0.0,0.0
P3,R03,testing,08,114,0,0.0,0.0,0.0,0.0
P3,R03,testing,08,115,0,0.0,0.0,0.0,0.0
P3,R03,testing,08,116,0,0.0,0.0,0.0,0.0
P3,R03,testing,08,117,0,0.0,0.0,0.0,0.0
P3,R03,testing,08,118,0,0.0,0.0,0.0,0.0
P3,R03,testing,08,119,0,0.0,0.0,0.0,0.0
P3,R03,testing,08,120,0,0.0,0.0,0.0,0.0
P3,R03,testing,08,121,0,0.0,0.0,0.0,0.0
P3,R03,testing,08,122,0,0.0,0.0,0.0,0.0
P3,R03,testing,08,123,0,0.0,0.0,0.0,0.0
P3,R03,testing,08,124,0,0.0,0.0,0.0,0.0
P3,R03,testing,08,125,0,0.0,0.0,0.0,0.0
P3,R03,testing,08,126,0,0.0,0.0,0.0,0.0
P3,R03,testing,08,127,0,0.0,0.0,0.0,0.0
P3,R03,testing,08,128,0,0.0,0.0,0.0,0.0
P3,R03,testing,08,129,0,0.0,0.0,0.0,0.0
P3,R03,testing,08,130,0,0.0,0.0,0.0,0.0
P3,R03,testing,08,131,0,0.0,0.0,0.0,0.0
P3,R03,testing,08,132,0,0.0,0.0,0.0,0.0
P3,R03,testing,08,133,0,0.0,0.0,0.0,0.0
P3,R03,testing,08,134,0,0.0,0.0,0.0,0.0
P3,R03,testing,08,135,0,0.0,0.0,0.0,0.0
P3,R03,testing,08,136,0,0.0,0.0,0.0,0.0
P3,R03,testing,08,137,0,0.0,0.0,0.0,0.0
P3,R03,testing,08,138,0,0.0,0.0,0.0,0.0
P3,R03,testing,08,139,0,0.0,0.0,0.0,0.0
P3,R03,testing,08,140,0,0.0,0.0,0.0,0.0
P3,R03,testing,08,141,0,0.0,0.0,0.0,0.0
P3,R03,testing,08,142,0,0.0,0.0,0.0,0.0
P3,R03,testing,08,143,0,0.0,0.0,0.0,0.0
P3,R03,testing,08,144,0,0.0,0.0,0.0,0.0
P3,R03,testing,08,145,0,0.0,0.0,0.0,0.0
P3,R03,testing,08,146,0,0.0,0.0,0.0,0.0
P3,R03,testing,08,147,0,0.0,0.0,0.0,0.0
P3,R03,testing,08,148,0,0.0,0.0,0.0,0.0
P3,R03,testing,08,149,0,0.0,0.0,0.0,0.0
P3,R03,testing,08,150,0,0.0,0.0,0.0,0.0
P3,R03,testing,08,151,0,0.0,0.0,0.0,0.0
P3,R03,testing,08,152,0,0.0,0.0,0.0,0.0
P3,R03,testing,08,153,0,0.0,0.0,0.0,0.0
P3,R03,testing,08,154,0,0.0,0.0,0.0,0.0
P3,R03,testing,08,155,0,0.0,0.0,0.0,0.0
P3,R03,testing,08,156,0,0.0,0.0,0.0,0.0
P3,R03,testing,08,157,0,0.0,0.0,0.0,0.0
P3,R03,testing,08,158,0,0.0,0.0,0.0,0.0
P3,R03,testing,08,159,0,0.0,0.0,0.0,0.0
P3,R03,testing,08,160,0,0.0,0.0,0.0,0.0
P3,R03,testing,08,161,0,0.0,0.0,0.0,0.0
P3,R03,testing,08,162,0,0.0,0.0,0.0,0.0
P3,R03,testing,08,163,0,0.0,0.0,0.0,0.0
P3,R03,testing,08,164,0,0.0,0.0,0.0,0.0
P3,R03,testing,08,165,0,0.0,0.0,0.0,0.0
P3,R03,testing,08,166,0,0.0,0.0,0.0,0.0
P3,R03,testing,08,167,0,0.0,0.0,0.0,0.0
P3,R03,testing,08,168,0,0.0,0.0,0.0,0.0
P3,R03,testing,08,169,0,0.0,0.0,0.0,0.0
P3,R03,testing,08,170,0,0.0,0.0,0.0,0.0
P3,R03,testing,08,171,0,0.0,0.0,0.0,0.0
P3,R03,testing,08,172,0,0.0,0.0,0.0,0.0
P3,R03,testing,08,173,0,0.0,0.0,0.0,0.0
P3,R03,testing,08,174,0,0.0,0.0,0.0,0.0
P3,R03,testing,08,175,0,0.0,0.0,0.0,0.0
P3,R03,testing,08,176,0,0.0,0.0,0.0,0.0
P3,R03,testing,08,177,0,0.0,0.0,0.0,0.0
P3,R03,testing,08,178,0,0.0,0.0,0.0,0.0
P3,R03,testing,08,179,0,0.0,0.0,0.0,0.0
P3,R03,testing,08,180,0,0.0,0.0,0.0,0.0
P3,R03,testing,08,181,0,0.0,0.0,0.0,0.0
P3,R03,testing,08,182,0,0.0,0.0,0.0,0.0
P3,R03,testing,08,183,0,0.0,0.0,0.0,0.0
P3,R03,testing,08,184,0,0.0,0.0,0.0,0.0
P3,R03,testing,08,185,0,0.0,0.0,0.0,0.0
P3,R03,testing,08,186,0,0.0,0.0,0.0,0.0
P3,R03,testing,08,187,0,0.0,0.0,0.0,0.0
P3,R03,testing,08,188,0,0.0,0.0,0.0,0.0
P3,R03,testing,08,189,0,0.0,0.0,0.0,0.0
P3,R03,testing,08,190,0,0.0,0.0,0.0,0.0
P3,R03,testing,08,191,0,0.0,0.0,0.0,0.0
P3,R03,testing,08,192,0,0.0,0.0,0.0,0.0
P3,R03,testing,08,193,0,0.0,0.0,0.0,0.0
P3,R03,testing,08,194,0,0.0,0.0,0.0,0.0
P3,R03,testing,08,195,0,0.0,0.0,0.0,0.0
P3,R03,testing,08,196,0,0.0,0.0,0.0,0.0
P3,R03,testing,08,197,0,0.0,0.0,0.0,0.0
P3,R03,testing,08,198,0,0.0,0.0,0.0,0.0
P3,R03,testing,08,199,0,0.0,0.0,0.0,0.0
P3,R03,testing,08,200,0,0.0,0.0,0.0,0.0
P3,R03,testing,08,201,0,0.0,0.0,0.0,0.0
P3,R03,testing,08,202,0,0.0,0.0,0.0,0.0
P3,R03,testing,08,203,0,0.0,0.0,0.0,0.0
P3,R03,testing,08,204,0,0.0,0.0,0.0,0.0
P3,R03,testing,08,205,0,0.0,0.0,0.0,0.0
P3,R03,testing,08,206,0,0.0,0.0,0.0,0.0
P3,R03,testing,08,207,0,0.0,0.0,0.0,0.0
P3,R03,testing,08,208,0,0.0,0.0,0.0,0.0
P3,R03,testing,08,209,0,0.0,0.0,0.0,0.0
P3,R03,testing,08,210,0,0.0,0.0,0.0,0.0
P3,R03,testing,08,211,0,0.0,0.0,0.0,0.0
P3,R03,testing,08,212,0,0.0,0.0,0.0,0.0
P3,R03,testing,08,213,0,0.0,0.0,0.0,0.0
P3,R03,testing,08,214,0,0.0,0.0,0.0,0.0
P3,R03,testing,08,215,0,0.0,0.0,0.0,0.0
P3,R03,testing,08,216,0,0.0,0.0,0.0,0.0
P3,R03,testing,08,217,0,0.0,0.0,0.0,0.0
P3,R03,testing,08,218,0,0.0,0.0,0.0,0.0
P3,R03,testing,08,219,0,0.0,0.0,0.0,0.0
P3,R03,testing,08,220,0,0.0,0.0,0.0,0.0
P3,R03,testing,08,221,0,0.0,0.0,0.0,0.0
P3,R03,testing,08,222,0,0.0,0.0,0.0,0.0
P3,R03,testing,08,223,0,0.0,0.0,0.0,0.0
P3,R03,testing,08,224,0,0.0,0.0,0.0,0.0
P3,R03,testing,08,225,0,0.0,0.0,0.0,0.0
P3,R03,testing,08,226,0,0.0,0.0,0.0,0.0
P3,R03,testing,08,227,0,0.0,0.0,0.0,0.0
P3,R03,testing,08,228,0,0.0,0.0,0.0,0.0
P3,R03,testing,08,229,0,0.0,0.0,0.0,0.0
P3,R03,testing,08,230,0,0.0,0.0,0.0,0.0
P3,R03,testing,08,231,0,0.0,0.0,0.0,0.0
P3,R03,testing,08,232,0,0.0,0.0,0.0,0.0
P3,R03,testing,08,233,0,0.0,0.0,0.0,0.0
P3,R03,testing,08,234,0,0.0,0.0,0.0,0.0
P3,R03,testing,08,235,0,0.0,0.0,0.0,0.0
P3,R03,testing,08,236,0,0.0,0.0,0.0,0.0
P3,R03,testing,08,237,0,0.0,0.0,0.0,0.0
P3,R03,testing,08,238,0,0.0,0.0,0.0,0.0
P3,R03,testing,08,239,0,0.0,0.0,0.0,0.0
P3,R03,testing,08,240,0,0.0,0.0,0.0,0.0
P3,R03,testing,08,241,0,0.0,0.0,0.0,0.0
P3,R03,testing,08,242,1,0.0,0.0,0.0,0.0
P3,R03,testing,08,243,1,0.0,0.0,0.0,0.0
P3,R03,testing,08,244,1,0.0,0.0,0.0,0.0
P3,R03,testing,08,245,1,0.0,0.0,0.0,0.0
P3,R03,testing,08,246,1,0.0,0.0,0.0,0.0
P3,R03,testing,08,247,1,0.0,0.0,0.0,0.0
P3,R03,testing,08,248,1,0.0,0.0,0.0,0.0
P3,R03,testing,08,249,1,0.0,0.0,0.0,0.0
P3,R03,testing,08,250,1,0.0,0.0,0.0,0.0
P3,R03,testing,08,251,1,0.0,0.0,0.0,0.0
P3,R03,testing,08,252,1,0.0,0.0,0.0,0.0
P3,R03,testing,08,253,1,0.0,0.0,0.0,0.0
P3,R03,testing,08,254,1,0.0,0.0,0.0,0.0
P3,R03,testing,08,255,1,0.0,0.0,0.0,0.0
P3,R03,testing,08,256,1,0.0,0.0,0.0,0.0
P3,R03,testing,08,257,1,0.0,0.0,0.0,0.0
P3,R03,testing,08,258,1,0.0,0.0,0.0,0.0
P3,R03,testing,08,259,1,0.0,0.0,0.0,0.0
P3,R03,testing,08,260,1,0.0,0.0,0.0,0.0
P3,R03,testing,08,261,1,0.0,0.0,0.0,0.0
P3,R03,testing,08,262,1,0.0,0.0,0.0,0.0
P3,R03,testing,08,263,1,0.0,0.0,0.0,0.0
P3,R03,testing,08,264,1,0.0,0.0,0.0,0.0
P3,R03,testing,08,265,1,0.0,0.0,0.0,0.0
P3,R03,testing,08,266,1,0.0,0.0,0.0,0.0
P3,R03,testing,08,267,1,0.0,0.0,0.0,0.0
P3,R03,testing,08,268,1,0.0,0.0,0.0,0.0
P3,R03,testing,08,269,1,0.0,0.0,0.0,0.0
P3,R03,testing,08,270,1,0.0,0.0,0.0,0.0
P3,R03,testing,08,271,1,0.0,0.0,0.0,0.0
P3,R03,testing,08,272,1,0.0,0.0,0.0,0.0
P3,R03,testing,08,273,1,0.0,0.0,0.0,0.0
P3,R03,testing,08,274,1,0.0,0.0,0.0,0.0
P3,R03,testing,08,275,1,0.0,0.0,0.0,0.0
P3,R03,testing,08,276,1,0.0,0.0,0.0,0.0
P3,R03,testing,08,277,1,0.0,0.0,0.0,0.0
P3,R03,testing,08,278,1,0.0,0.0,0.0,0.0
P3,R03,testing,08,279,1,0.0,0.0,0.0,0.0
P3,R03,testing,08,280,1,0.0,0.0,0.0,0.0
P3,R03,testing,08,281,1,0.0,0.0,0.0,0.0
P3,R03,testing,08,282,1,0.0,0.0,0.0,0.0
P3,R03,testing,08,283,1,0.0,0.0,0.0,0.0
P3,R03,testing,08,284,1,0.0,0.0,0.0,0.0
P3,R03,testing,08,285,1,0.0,0.0,0.0,0.0
P3,R03,testing,08,286,1,0.0,0.0,0.0,0.0
P3,R03,testing,08,287,1,0.0,0.0,0.0,0.0
P3,R03,testing,08,288,1,0.0,0.0,0.0,0.0
P3,R03,testing,08,289,1,0.0,0.0,0.0,0.0
P3,R03,testing,08,290,1,0.0,0.0,0.0,0.0
P3,R03,testing,08,291,1,0.0,0.0,0.0,0.0
P3,R03,testing,08,292,1,0.0,0.0,0.0,0.0
P3,R03,testing,08,293,1,0.0,0.0,0.0,0.0
P3,R03,testing,08,294,1,0.0,0.0,0.0,0.0
P3,R03,testing,08,295,1,0.0,0.0,0.0,0.0
P3,R03,testing,08,296,1,0.0,0.0,0.0,0.0
P3,R03,testing,08,297,1,0.0,0.0,0.0,0.0
P3,R03,testing,08,298,1,0.0,0.0,0.0,0.0
P3,R03,testing,08,299,1,0.0,0.0,0.0,0.0
P3,R03,testing,08,300,1,0.0,0.0,0.0,0.0
P3,R03,testing,08,301,1,0.0,0.0,0.0,0.0
P3,R03,testing,08,302,1,0.0,0.0,0.0,0.0
P3,R03,testing,08,303,1,0.0,0.0,0.0,0.0
P3,R03,testing,08,304,1,0.0,0.0,0.0,0.0
P3,R03,testing,08,305,1,0.0,0.0,0.0,0.0
P3,R03,testing,08,306,1,0.0,0.0,0.0,0.0
P3,R03,testing,08,307,1,0.0,0.0,0.0,0.0
P3,R03,testing,08,308,1,0.0,0.0,0.0,0.0
P3,R03,testing,08,309,1,0.0,0.0,0.0,0.0
P3,R03,testing,08,310,1,0.0,0.0,0.0,0.0
P3,R03,testing,08,311,1,0.0,0.0,0.0,0.0
P3,R03,testing,08,312,1,0.0,0.0,0.0,0.0
P3,R03,testing,08,313,1,0.0,0.0,0.0,0.0
P3,R03,testing,08,314,1,0.0,0.0,0.0,0.0
P3,R03,testing,08,315,1,0.0,0.0,0.0,0.0
P3,R03,testing,08,316,1,0.0,0.0,0.0,0.0
P3,R03,testing,08,317,1,0.0,0.0,0.0,0.0
P3,R03,testing,08,318,1,0.0,0.0,0.0,0.0
P3,R03,testing,08,319,1,0.0,0.0,0.0,0.0
P3,R03,testing,08,320,1,0.0,0.0,0.0,0.0
P3,R03,testing,08,321,1,0.0,0.0,0.0,0.0
P3,R03,testing,08,322,1,0.0,0.0,0.0,0.0
P3,R03,testing,08,323,1,0.0,0.0,0.0,0.0
P3,R03,testing,08,324,1,0.0,0.0,0.0,0.0
P3,R03,testing,08,325,1,0.0,0.0,0.0,0.0
P3,R03,testing,08,326,1,0.0,0.0,0.0,0.0
P3,R03,testing,08,327,1,0.0,0.0,0.0,0.0
P3,R03,testing,08,328,1,0.0,0.0,0.0,0.0
P3,R03,testing,08,329,1,0.0,0.0,0.0,0.0
P3,R03,testing,08,330,1,0.0,0.0,0.0,0.0
P3,R03,testing,08,331,1,0.0,0.0,0.0,0.0
P3,R03,testing,08,332,1,0.0,0.0,0.0,0.0
P3,R03,testing,08,333,1,0.0,0.0,0.0,0.0
P3,R03,testing,08,334,1,0.0,0.0,0.0,0.0
P3,R03,testing,08,335,1,0.0,0.0,0.0,0.0
P3,R03,testing,08,336,1,0.0,0.0,0.0,0.0
P3,R03,testing,08,337,1,0.0,0.0,0.0,0.0
P3,R03,testing,08,338,1,0.0,0.0,0.0,0.0
P3,R03,testing,08,339,1,0.0,0.0,0.0,0.0
P3,R03,testing,08,340,1,0.0,0.0,0.0,0.0
P3,R03,testing,08,341,1,0.0,0.0,0.0,0.0
P3,R03,testing,08,342,1,0.0,0.0,0.0,0.0
P3,R03,testing,08,343,1,0.0,0.0,0.0,0.0
P3,R03,testing,08,344,1,0.0,0.0,0.0,0.0
P3,R03,testing,08,345,1,0.0,0.0,0.0,0.0
P3,R03,testing,08,346,1,0.0,0.0,0.0,0.0
P3,R03,testing,08,347,1,0.0,0.0,0.0,0.0
P3,R03,testing,08,348,1,0.0,0.0,0.0,0.0
P3,R03,testing,08,349,1,0.0,0.0,0.0,0.0
P3,R03,testing,08,350,1,0.0,0.0,0.0,0.0
P3,R03,testing,08,351,1,0.0,0.0,0.0,0.0
P3,R03,testing,08,352,1,0.0,0.0,0.0,0.0
P3,R03,testing,08,353,1,0.0,0.0,0.0,0.0
P3,R03,testing,08,354,1,0.0,0.0,0.0,0.0
P3,R03,testing,08,355,1,0.0,0.0,0.0,0.0
P3,R03,testing,08,356,1,0.0,0.0,0.0,0.0
P3,R03,testing,08,357,1,0.0,0.0,0.0,0.0
P3,R03,testing,08,358,1,0.0,0.0,0.0,0.0
P3,R03,testing,08,359,1,0.0,0.0,0.0,0.0
P3,R03,testing,08,360,1,0.0,0.0,0.0,0.0
P3,R03,testing,08,361,1,0.0,0.0,0.0,0.0
P3,R03,testing,08,362,1,0.0,0.0,0.0,0.0
P3,R03,testing,08,363,1,0.0,0.0,0.0,0.0
P3,R03,testing,08,364,1,0.0,0.0,0.0,0.0
P3,R03,testing,08,365,1,0.0,0.0,0.0,0.0
P3,R03,testing,08,366,1,0.0,0.0,0.0,0.0
P3,R03,testing,08,367,1,0.0,0.0,0.0,0.0
P3,R03,testing,08,368,1,0.0,0.0,0.0,0.0
P3,R03,testing,08,369,1,0.0,0.0,0.0,0.0
P3,R03,testing,08,370,1,0.0,0.0,0.0,0.0
P3,R03,testing,08,371,1,0.0,0.0,0.0,0.0
P3,R03,testing,08,372,1,0.0,0.0,0.0,0.0
P3,R03,testing,08,373,1,0.0,0.0,0.0,0.0
P3,R03,testing,08,374,1,0.0,0.0,0.0,0.0
P3,R03,testing,08,375,1,0.0,0.0,0.0,0.0
P3,R03,testing,08,376,1,0.0,0.0,0.0,0.0
P3,R03,testing,08,377,1,0.0,0.0,0.0,0.0
P3,R03,testing,08,378,1,0.0,0.0,0.0,0.0
P3,R03,testing,08,379,1,0.0,0.0,0.0,0.0
P3,R03,testing,08,380,1,0.0,0.0,0.0,0.0
P3,R03,testing,08,381,1,0.0,0.0,0.0,0.0
P3,R03,testing,08,382,1,0.0,0.0,0.0,0.0
P3,R03,testing,08,383,1,0.0,0.0,0.0,0.0
P3,R03,testing,08,384,1,0.0,0.0,0.0,0.0
P3,R03,testing,08,385,1,0.0,0.0,0.0,0.0
P3,R03,testing,08,386,1,0.0,0.0,0.0,0.0
P3,R03,testing,08,387,1,0.0,0.0,0.0,0.0
P3,R03,testing,08,388,1,0.0,0.0,0.0,0.0
P3,R03,testing,08,389,1,0.0,0.0,0.0,0.0
P3,R03,testing,08,390,1,0.0,0.0,0.0,0.0
P3,R03,testing,08,391,1,0.0,0.0,0.0,0.0
P3,R03,testing,08,392,1,0.0,0.0,0.0,0.0
P3,R03,testing,08,393,1,0.0,0.0,0.0,0.0
P3,R03,testing,08,394,1,0.0,0.0,0.0,0.0
P3,R03,testing,08,395,1,0.0,0.0,0.0,0.0
P3,R03,testing,08,396,1,0.0,0.0,0.0,0.0
P3,R03,testing,08,397,1,0.0,0.0,0.0,0.0
P3,R03,testing,08,398,1,0.0,0.0,0.0,0.0
P3,R03,testing,08,399,1,0.0,0.0,0.0,0.0
P3,R03,testing,08,400,1,0.0,0.0,0.0,0.0
P3,R03,testing,08,401,1,0.0,0.0,0.0,0.0
P3,R03,testing,08,402,1,0.0,0.0,0.0,0.0
P3,R03,testing,08,403,1,0.0,0.0,0.0,0.0
P3,R03,testing,08,404,1,0.0,0.0,0.0,0.0
P3,R03,testing,08,405,1,0.0,0.0,0.0,0.0
P3,R03,testing,08,406,1,0.0,0.0,0.0,0.0
P3,R03,testing,08,407,1,0.0,0.0,0.0,0.0
P3,R03,testing,08,408,1,0.0,0.0,0.0,0.0
P3,R03,testing,08,409,1,0.0,0.0,0.0,0.0
P3,R03,testing,08,410,1,0.0,0.0,0.0,0.0
P3,R03,testing,08,411,1,0.0,0.0,0.0,0.0
P3,R03,testing,08,412,1,0.0,0.0,0.0,0.0
P3,R03,testing,08,413,1,0.0,0.0,0.0,0.0
P3,R03,testing,08,414,1,0.0,0.0,0.0,0.0
P3,R03,testing,08,415,1,0.0,0.0,0.0,0.0
P3,R03,testing,08,416,1,0.0,0.0,0.0,0.0
P3,R03,testing,08,417,1,0.0,0.0,0.0,0.0
P3,R03,testing,08,418,1,0.0,0.0,0.0,0.0
P3,R03,testing,08,419,1,0.0,0.0,0.0,0.0
P3,R03,testing,08,420,1,0.0,0.0,0.0,0.0
P3,R03,testing,08,421,1,0.0,0.0,0.0,0.0
P3,R03,testing,08,422,1,0.0,0.0,0.0,0.0
P3,R03,testing,08,423,1,0.0,0.0,0.0,0.0
P3,R03,testing,08,424,1,0.0,0.0,0.0,0.0
P3,R03,testing,08,425,1,0.0,0.0,0.0,0.0
P3,R03,testing,08,426,1,0.0,0.0,0.0,0.0
P3,R03,testing,08,427,1,0.0,0.0,0.0,0.0
P3,R03,testing,08,428,1,0.0,0.0,0.0,0.0
P3,R03,testing,08,429,1,0.0,0.0,0.0,0.0
P3,R03,testing,08,430,1,0.0,0.0,0.0,0.0
P3,R03,testing,08,431,1,0.0,0.0,0.0,0.0
P3,R03,testing,08,432,1,0.0,0.0,0.0,0.0
P3,R03,testing,08,433,1,0.0,0.0,0.0,0.0
P3,R03,testing,08,434,1,0.0,0.0,0.0,0.0
P3,R03,testing,08,435,1,0.0,0.0,0.0,0.0
P3,R03,testing,08,436,1,0.0,0.0,0.0,0.0
P3,R03,testing,08,437,1,0.0,0.0,0.0,0.0
P3,R03,testing,08,438,1,0.0,0.0,0.0,0.0
P3,R03,testing,08,439,1,0.0,0.0,0.0,0.0
P3,R03,testing,08,440,1,0.0,0.0,0.0,0.0
P3,R03,testing,08,441,1,0.0,0.0,0.0,0.0
P3,R03,testing,08,442,1,0.0,0.0,0.0,0.0
P3,R03,testing,08,443,1,0.0,0.0,0.0,0.0
P3,R03,testing,08,444,1,0.0,0.0,0.0,0.0
P3,R03,testing,08,445,1,0.0,0.0,0.0,0.0
P3,R03,testing,08,446,1,0.0,0.0,0.0,0.0
P3,R03,testing,08,447,1,0.0,0.0,0.0,0.0
P3,R03,testing,08,448,1,0.0,0.0,0.0,0.0
P3,R03,testing,08,449,1,0.0,0.0,0.0,0.0
P3,R03,testing,08,450,1,0.0,0.0,0.0,0.0
P3,R03,testing,08,451,1,0.0,0.0,0.0,0.0
P3,R03,testing,08,452,1,0.0,0.0,0.0,0.0
P3,R03,testing,08,453,1,0.0,0.0,0.0,0.0
P3,R03,testing,08,454,1,0.0,0.0,0.0,0.0
P3,R03,testing,08,455,1,0.0,0.0,0.0,0.0
P3,R03,testing,08,456,1,0.0,0.0,0.0,0.0
P3,R03,testing,08,457,1,0.0,0.0,0.0,0.0
P3,R03,testing,08,458,1,0.0,0.0,0.0,0.0
P3,R03,testing,08,459,1,0.0,0.0,0.0,0.0
P3,R03,testing,08,460,1,0.0,0.0,0.0,0.0
P3,R03,testing,08,461,1,0.0,0.0,0.0,0.0
P3,R03,testing,08,462,1,0.0,0.0,0.0,0.0
P3,R03,testing,08,463,1,0.0,0.0,0.0,0.0
P3,R03,testing,08,464,1,0.0,0.0,0.0,0.0
P3,R03,testing,08,465,1,0.0,0.0,0.0,0.0
P3,R03,testing,08,466,1,0.0,0.0,0.0,0.0
P3,R03,testing,08,467,1,0.0,0.0,0.0,0.0
P3,R03,testing,08,468,1,0.0,0.0,0.0,0.0
P3,R03,testing,08,469,1,0.0,0.0,0.0,0.0
P3,R03,testing,08,470,1,0.0,0.0,0.0,0.0
P3,R03,testing,08,471,1,0.0,0.0,0.0,0.0
P3,R03,testing,08,472,1,0.0,0.0,0.0,0.0
P3,R03,testing,08,473,1,0.0,0.0,0.0,0.0
P3,R03,testing,08,474,1,0.0,0.0,0.0,0.0
P3,R03,testing,08,475,1,0.0,0.0,0.0,0.0
P3,R03,testing,08,476,1,0.0,0.0,0.0,0.0
P3,R03,testing,08,477,1,0.0,0.0,0.0,0.0
P3,R03,testing,08,478,1,0.0,0.0,0.0,0.0
P3,R03,testing,08,479,1,0.0,0.0,0.0,0.0
P3,R03,testing,08,480,1,0.0,0.0,0.0,0.0
P3,R03,testing,08,481,1,0.0,0.0,0.0,0.0
P3,R03,testing,08,482,1,0.0,0.0,0.0,0.0
P3,R03,testing,08,483,1,0.0,0.0,0.0,0.0
P3,R03,testing,08,484,1,0.0,0.0,0.0,0.0
P3,R03,testing,08,485,1,0.0,0.0,0.0,0.0
P3,R03,testing,08,486,1,0.0,0.0,0.0,0.0
P3,R03,testing,08,487,1,0.0,0.0,0.0,0.0
P3,R03,testing,08,488,1,0.0,0.0,0.0,0.0
P3,R03,testing,08,489,1,0.0,0.0,0.0,0.0
P3,R03,testing,08,490,1,0.0,0.0,0.0,0.0
P3,R03,testing,08,491,1,0.0,0.0,0.0,0.0
P3,R03,testing,08,492,1,0.0,0.0,0.0,0.0
P3,R03,testing,08,493,1,0.0,0.0,0.0,0.0
P3,R03,testing,08,494,1,0.0,0.0,0.0,0.0
P3,R03,testing,08,495,1,0.0,0.0,0.0,0.0
P3,R03,testing,08,496,1,0.0,0.0,0.0,0.0
P3,R03,testing,08,497,1,0.0,0.0,0.0,0.0
P3,R03,testing,08,498,1,0.0,0.0,0.0,0.0
P3,R03,testing,08,499,1,0.0,0.0,0.0,0.0
P3,R03,testing,08,500,1,0.0,0.0,0.0,0.0
P3,R03,testing,08,501,1,0.0,0.0,0.0,0.0
P3,R03,testing,08,502,1,0.0,0.0,0.0,0.0
P3,R03,testing,08,503,1,0.0,0.0,0.0,0.0
P3,R03,testing,08,504,1,0.0,0.0,0.0,0.0
P3,R03,testing,08,505,1,0.0,0.0,0.0,0.0
P3,R03,testing,08,506,1,0.0,0.0,0.0,0.0
P3,R03,testing,08,507,1,0.0,0.0,0.0,0.0
P3,R03,testing,08,508,1,0.0,0.0,0.0,0.0
P3,R03,testing,08,509,1,0.0,0.0,0.0,0.0
P3,R03,testing,08,510,1,0.0,0.0,0.0,0.0
P3,R03,testing,08,511,1,0.0,0.0,0.0,0.0
P3,R03,testing,08,512,1,0.0,0.0,0.0,0.0
P3,R03,testing,08,513,1,0.0,0.0,0.0,0.0
P3,R03,testing,08,514,1,0.0,0.0,0.0,0.0
P3,R03,testing,08,515,1,0.0,0.0,0.0,0.0
P3,R03,testing,08,516,1,0.0,0.0,0.0,0.0
P3,R03,testing,08,517,1,0.0,0.0,0.0,0.0
P3,R03,testing,08,518,1,0.0,0.0,0.0,0.0
P3,R03,testing,08,519,1,0.0,0.0,0.0,0.0
P3,R03,testing,08,520,1,0.0,0.0,0.0,0.0
P3,R03,testing,08,521,1,0.0,0.0,0.0,0.0
P3,R03,testing,08,522,1,0.0,0.0,0.0,0.0
P3,R03,testing,08,523,1,0.0,0.0,0.0,0.0
P3,R03,testing,08,524,1,0.0,0.0,0.0,0.0
P3,R03,testing,08,525,1,0.0,0.0,0.0,0.0
P3,R03,testing,08,526,1,0.0,0.0,0.0,0.0
P3,R03,testing,08,527,1,0.0,0.0,0.0,0.0
P3,R03,testing,08,528,1,0.0,0.0,0.0,0.0
P3,R03,testing,08,529,1,0.0,0.0,0.0,0.0
P3,R03,testing,08,530,1,0.0,0.0,0.0,0.0
P3,R03,testing,08,531,1,0.0,0.0,0.0,0.0
P3,R03,testing,08,532,1,0.0,0.0,0.0,0.0
P3,R03,testing,08,533,1,0.0,0.0,0.0,0.0
P3,R03,testing,08,534,1,0.0,0.0,0.0,0.0
P3,R03,testing,08,535,1,0.0,0.0,0.0,0.0
P3,R03,testing,08,536,1,0.0,0.0,0.0,0.0
P3,R03,testing,08,537,1,0.0,0.0,0.0,0.0
P3,R03,testing,08,538,1,0.0,0.0,0.0,0.0
P3,R03,testing,08,539,1,0.0,0.0,0.0,0.0
P3,R03,testing,08,540,1,0.0,0.0,0.0,0.0
P3,R03,testing,08,541,1,0.0,0.0,0.0,0.0
P3,R03,testing,08,542,1,0.0,0.0,0.0,0.0
P3,R03,testing,08,543,1,0.0,0.0,0.0,0.0
P3,R03,testing,08,544,1,0.0,0.0,0.0,0.0
P3,R03,testing,08,545,1,0.0,0.0,0.0,0.0
P3,R03,testing,08,546,1,0.0,0.0,0.0,0.0
P3,R03,testing,08,547,1,0.0,0.0,0.0,0.0
P3,R03,testing,08,548,1,0.0,0.0,0.0,0.0
P3,R03,testing,08,549,1,0.0,0.0,0.0,0.0
P3,R03,testing,08,550,1,0.0,0.0,0.0,0.0
P3,R03,testing,08,551,1,0.0,0.0,0.0,0.0
P3,R03,testing,08,552,1,0.0,0.0,0.0,0.0
P3,R03,testing,08,553,1,0.0,0.0,0.0,0.0
P3,R03,testing,08,554,1,0.0,0.0,0.0,0.0
P3,R03,testing,08,555,1,0.0,0.0,0.0,0.0
P3,R03,testing,08,556,1,0.0,0.0,0.0,0.0
P3,R03,testing,08,557,1,0.0,0.0,0.0,0.0
P3,R03,testing,08,558,1,0.0,0.0,0.0,0.0
P3,R03,testing,08,559,1,0.0,0.0,0.0,0.0
P3,R03,testing,08,560,1,0.0,0.0,0.0,0.0
P3,R03,testing,08,561,1,0.0,0.0,0.0,0.0
P3,R03,testing,08,562,1,0.0,0.0,0.0,0.0
P3,R03,testing,08,563,1,0.0,0.0,0.0,0.0
P3,R03,testing,08,564,1,0.0,0.0,0.0,0.0
P3,R03,testing,08,565,1,0.0,0.0,0.0,0.0
P3,R03,testing,08,566,1,0.0,0.0,0.0,0.0
P3,R03,testing,08,567,1,0.0,0.0,0.0,0.0
P3,R03,testing,08,568,1,0.0,0.0,0.0,0.0
P3,R03,testing,08,569,1,0.0,0.0,0.0,0.0
P3,R03,testing,08,570,1,0.0,0.0,0.0,0.0
P3,R03,testing,08,571,1,0.0,0.0,0.0,0.0
P3,R03,testing,08,572,1,0.0,0.0,0.0,0.0
P3,R03,testing,08,573,1,0.0,0.0,0.0,0.0
P3,R03,testing,08,574,1,0.0,0.0,0.0,0.0
P3,R03,testing,08,575,1,0.0,0.0,0.0,0.0
P3,R03,testing,08,576,1,0.0,0.0,0.0,0.0
P3,R03,testing,08,577,1,0.0,0.0,0.0,0.0
P3,R03,testing,08,578,1,0.0,0.0,0.0,0.0
P3,R03,testing,08,579,1,0.0,0.0,0.0,0.0
P3,R03,testing,08,580,1,0.0,0.0,0.0,0.0
P3,R03,testing,08,581,1,0.0,0.0,0.0,0.0
P3,R03,testing,08,582,1,0.0,0.0,0.0,0.0
P3,R03,testing,08,583,1,0.0,0.0,0.0,0.0
P3,R03,testing,08,584,1,0.0,0.0,0.0,0.0
P3,R03,testing,08,585,1,0.0,0.0,0.0,0.0
P3,R03,testing,08,586,1,0.0,0.0,0.0,0.0
P3,R03,testing,08,587,1,0.0,0.0,0.0,0.0
P3,R03,testing,08,588,1,0.0,0.0,0.0,0.0
P3,R03,testing,08,589,1,0.0,0.0,0.0,0.0
P3,R03,testing,08,590,1,0.0,0.0,0.0,0.0
P3,R03,testing,08,591,1,0.0,0.0,0.0,0.0
P3,R03,testing,08,592,1,0.0,0.0,0.0,0.0
P3,R03,testing,08,593,1,0.0,0.0,0.0,0.0
P3,R03,testing,08,594,1,0.0,0.0,0.0,0.0
P3,R03,testing,08,595,1,0.0,0.0,0.0,0.0
P3,R03,testing,08,596,1,0.0,0.0,0.0,0.0
P3,R03,testing,08,597,1,0.0,0.0,0.0,0.0
P3,R03,testing,08,598,1,0.0,0.0,0.0,0.0
P3,R03,testing,08,599,1,0.0,0.0,0.0,0.0
P3,R03,testing,08,600,1,0.0,0.0,0.0,0.0
P3,R03,testing,08,601,1,0.0,0.0,0.0,0.0
P3,R03,testing,08,602,1,0.0,0.0,0.0,0.0
P3,R03,testing,08,603,1,0.0,0.0,0.0,0.0
P3,R03,testing,08,604,1,0.0,0.0,0.0,0.0
P3,R03,testing,08,605,1,0.0,0.0,0.0,0.0
P3,R03,testing,08,606,1,0.0,0.0,0.0,0.0
P3,R03,testing,08,607,1,0.0,0.0,0.0,0.0
P3,R03,testing,08,608,1,0.0,0.0,0.0,0.0
P3,R03,testing,08,609,1,0.0,0.0,0.0,0.0
P3,R03,testing,08,610,1,0.0,0.0,0.0,0.0
P3,R03,testing,08,611,1,0.0,0.0,0.0,0.0
P3,R03,testing,08,612,1,0.0,0.0,0.0,0.0
P3,R03,testing,08,613,1,0.0,0.0,0.0,0.0
P3,R03,testing,08,614,1,0.0,0.0,0.0,0.0
P3,R03,testing,08,615,1,0.0,0.0,0.0,0.0
P3,R03,testing,08,616,1,0.0,0.0,0.0,0.0
P3,R03,testing,08,617,1,0.0,0.0,0.0,0.0
P3,R03,testing,08,618,1,0.0,0.0,0.0,0.0
P3,R03,testing,08,619,1,0.0,0.0,0.0,0.0
P3,R03,testing,08,620,1,0.0,0.0,0.0,0.0
P3,R03,testing,08,621,1,0.0,0.0,0.0,0.0
P3,R03,testing,08,622,1,0.0,0.0,0.0,0.0
P3,R03,testing,08,623,1,0.0,0.0,0.0,0.0
P3,R03,testing,08,624,1,0.0,0.0,0.0,0.0
P3,R03,testing,08,625,1,0.0,0.0,0.0,0.0
P3,R03,testing,08,626,1,0.0,0.0,0.0,0.0
P3,R03,testing,08,627,1,0.0,0.0,0.0,0.0
P3,R03,testing,08,628,1,0.0,0.0,0.0,0.0
P3,R03,testing,08,629,1,0.0,0.0,0.0,0.0
P3,R03,testing,08,630,1,0.0,0.0,0.0,0.0
P3,R03,testing,08,631,1,0.0,0.0,0.0,0.0
P3,R03,testing,08,632,1,0.0,0.0,0.0,0.0
P3,R03,testing,08,633,1,0.0,0.0,0.0,0.0
P3,R03,testing,08,634,1,0.0,0.0,0.0,0.0
P3,R03,testing,08,635,1,0.0,0.0,0.0,0.0
P3,R03,testing,08,636,1,0.0,0.0,0.0,0.0
P3,R03,testing,08,637,1,0.0,0.0,0.0,0.0
P3,R03,testing,08,638,1,0.0,0.0,0.0,0.0
P3,R03,testing,08,639,1,0.0,0.0,0.0,0.0
P3,R03,testing,08,640,1,0.0,0.0,0.0,0.0
P3,R03,testing,08,641,1,0.0,0.0,0.0,0.0
P3,R03,testing,08,642,1,0.0,0.0,0.0,0.0
P3,R03,testing,08,643,1,0.0,0.0,0.0,0.0
P3,R03,testing,08,644,1,0.0,0.0,0.0,0.0
P3,R03,testing,08,645,1,0.0,0.0,0.0,0.0
P3,R03,testing,08,646,1,0.0,0.0,0.0,0.0
P3,R03,testing,08,647,0,0.0,0.0,0.0,0.0
P3,R03,testing,08,648,0,0.0,0.0,0.0,0.0
P3,R03,testing,08,649,0,0.0,0.0,0.0,0.0
P3,R03,testing,08,650,0,0.0,0.0,0.0,0.0
P3,R03,testing,08,651,0,0.0,0.0,0.0,0.0
P3,R03,testing,08,652,0,0.0,0.0,0.0,0.0
P3,R03,testing,08,653,0,0.0,0.0,0.0,0.0
P3,R03,testing,08,654,0,0.0,0.0,0.0,0.0
P3,R03,testing,08,655,0,0.0,0.0,0.0,0.0
P3,R03,testing,08,656,0,0.0,0.0,0.0,0.0
P3,R03,testing,08,657,0,0.0,0.0,0.0,0.0
P3,R03,testing,08,658,0,0.0,0.0,0.0,0.0
P3,R03,testing,08,659,0,0.0,0.0,0.0,0.0
P3,R03,testing,08,660,0,0.0,0.0,0.0,0.0
P3,R03,testing,08,661,0,0.0,0.0,0.0,0.0
P3,R03,testing,08,662,0,0.0,0.0,0.0,0.0
P3,R03,testing,08,663,0,0.0,0.0,0.0,0.0
P3,R03,testing,08,664,0,0.0,0.0,0.0,0.0
P3,R03,testing,08,665,0,0.0,0.0,0.0,0.0
P3,R03,testing,08,666,0,0.0,0.0,0.0,0.0
P3,R03,testing,08,667,0,0.0,0.0,0.0,0.0
P3,R03,testing,08,668,0,0.0,0.0,0.0,0.0
P3,R03,testing,08,669,0,0.0,0.0,0.0,0.0
P3,R03,testing,08,670,0,0.0,0.0,0.0,0.0
P3,R03,testing,08,671,0,0.0,0.0,0.0,0.0
P3,R03,testing,08,672,0,0.0,0.0,0.0,0.0
P3,R03,testing,08,673,0,0.0,0.0,0.0,0.0
P3,R03,testing,08,674,0,0.0,0.0,0.0,0.0
P3,R03,testing,08,675,0,0.0,0.0,0.0,0.0
P3,R03,testing,08,676,0,0.0,0.0,0.0,0.0
P3,R03,testing,08,677,0,0.0,0.0,0.0,0.0
P3,R03,testing,08,678,0,0.0,0.0,0.0,0.0
P3,R03,testing,08,679,0,0.0,0.0,0.0,0.0
P3,R03,testing,08,680,0,0.0,0.0,0.0,0.0
P3,R03,testing,08,681,0,0.0,0.0,0.0,0.0
P3,R03,testing,08,682,0,0.0,0.0,0.0,0.0
P3,R03,testing,08,683,0,0.0,0.0,0.0,0.0
P3,R03,testing,08,684,0,0.0,0.0,0.0,0.0
P3,R03,testing,08,685,0,0.0,0.0,0.0,0.0
P3,R03,testing,08,686,0,0.0,0.0,0.0,0.0
P3,R03,testing,08,687,0,0.0,0.0,0.0,0.0
P3,R03,testing,08,688,0,0.0,0.0,0.0,0.0
P3,R03,testing,08,689,0,0.0,0.0,0.0,0.0
P3,R03,testing,08,690,0,0.0,0.0,0.0,0.0
P3,R03,testing,08,691,0,0.0,0.0,0.0,0.0
P3,R03,testing,08,692,0,0.0,0.0,0.0,0.0
P3,R03,testing,08,693,0,0.0,0.0,0.0,0.0
P3,R03,testing,08,694,0,0.0,0.0,0.0,0.0
A,R03,testing,11,0,0,0.0,0.0,0.0,0.0
A,R03,testing,11,1,0,0.0,0.0,0.0,0.0
A,R03,testing,11,2,0,0.0,0.0,0.0,0.0
A,R03,testing,11,3,0,0.0,0.0,0.0,0.0
A,R03,testing,11,4,0,0.0,0.0,0.0,0.0
A,R03,testing,11,5,0,0.0,0.0,0.0,0.0
A,R03,testing,11,6,0,0.0,0.0,0.0,0.0
A,R03,testing,11,7,0,0.0,0.0,0.0,0.0
A,R03,testing,11,8,0,0.0,0.0,0.0,0.0
A,R03,testing,11,9,0,0.0,0.0,0.0,0.0
A,R03,testing,11,10,0,0.0,0.0,0.0,0.0
A,R03,testing,11,11,0,0.0,0.0,0.0,0.0
A,R03,testing,11,12,0,0.0,0.0,0.0,0.0
A,R03,testing,11,13,0,0.0,0.0,0.0,0.0
A,R03,testing,11,14,0,0.0,0.0,0.0,0.0
A,R03,testing,11,15,0,0.0,0.0,0.0,0.0
A,R03,testing,11,16,0,0.0,0.0,0.0,0.0
A,R03,testing,11,17,0,0.0,0.0,0.0,0.0
A,R03,testing,11,18,0,0.0,0.0,0.0,0.0
A,R03,testing,11,19,0,0.0,0.0,0.0,0.0
A,R03,testing,11,20,0,0.0,0.0,0.0,0.0
A,R03,testing,11,21,0,0.0,0.0,0.0,0.0
A,R03,testing,11,22,0,0.0,0.0,0.0,0.0
A,R03,testing,11,23,0,0.0,0.0,0.0,0.0
A,R03,testing,11,24,0,0.0,0.0,0.0,0.0
A,R03,testing,11,25,0,0.0,0.0,0.0,0.0
A,R03,testing,11,26,0,0.0,0.0,0.0,0.0
A,R03,testing,11,27,0,0.0,0.0,0.0,0.0
A,R03,testing,11,28,0,0.0,0.0,0.0,0.0
A,R03,testing,11,29,0,0.0,0.0,0.0,0.0
A,R03,testing,11,30,0,0.0,0.0,0.0,0.0
A,R03,testing,11,31,0,0.0,0.0,0.0,0.0
A,R03,testing,11,32,0,0.0,0.0,0.0,0.0
A,R03,testing,11,33,0,0.0,0.0,0.0,0.0
A,R03,testing,11,34,0,0.0,0.0,0.0,0.0
A,R03,testing,11,35,0,0.0,0.0,0.0,0.0
A,R03,testing,11,36,0,0.0,0.0,0.0,0.0
A,R03,testing,11,37,0,0.0,0.0,0.0,0.0
A,R03,testing,11,38,0,0.0,0.0,0.0,0.0
A,R03,testing,11,39,0,0.0,0.0,0.0,0.0
A,R03,testing,11,40,0,0.0,0.0,0.0,0.0
A,R03,testing,11,41,0,0.0,0.0,0.0,0.0
A,R03,testing,11,42,0,0.0,0.0,0.0,0.0
A,R03,testing,11,43,0,0.0,0.0,0.0,0.0
A,R03,testing,11,44,0,0.0,0.0,0.0,0.0
A,R03,testing,11,45,0,0.0,0.0,0.0,0.0
A,R03,testing,11,46,0,0.0,0.0,0.0,0.0
A,R03,testing,11,47,0,0.0,0.0,0.0,0.0
A,R03,testing,11,48,0,0.0,0.0,0.0,0.0
A,R03,testing,11,49,0,0.0,0.0,0.0,0.0
A,R03,testing,11,50,0,0.0,0.0,0.0,0.0
A,R03,testing,11,51,0,0.0,0.0,0.0,0.0
A,R03,testing,11,52,0,0.0,0.0,0.0,0.0
A,R03,testing,11,53,0,0.0,0.0,0.0,0.0
A,R03,testing,11,54,0,0.0,0.0,0.0,0.0
A,R03,testing,11,55,0,0.0,0.0,0.0,0.0
A,R03,testing,11,56,0,0.0,0.0,0.0,0.0
A,R03,testing,11,57,0,0.0,0.0,0.0,0.0
A,R03,testing,11,58,0,0.0,0.0,0.0,0.0
A,R03,testing,11,59,0,0.0,0.0,0.0,0.0
A,R03,testing,11,60,0,0.0,0.0,0.0,0.0
A,R03,testing,11,61,0,0.0,0.0,0.0,0.0
A,R03,testing,11,62,0,0.0,0.0,0.0,0.0
A,R03,testing,11,63,0,0.0,0.0,0.0,0.0
A,R03,testing,11,64,0,0.0,0.0,0.0,0.0
A,R03,testing,11,65,0,0.0,0.0,0.0,0.0
A,R03,testing,11,66,0,0.0,0.0,0.0,0.0
A,R03,testing,11,67,0,0.0,0.0,0.0,0.0
A,R03,testing,11,68,0,0.0,0.0,0.0,0.0
A,R03,testing,11,69,0,0.0,0.0,0.0,0.0
A,R03,testing,11,70,0,0.0,0.0,0.0,0.0
A,R03,testing,11,71,0,0.0,0.0,0.0,0.0
A,R03,testing,11,72,0,0.0,0.0,0.0,0.0
A,R03,testing,11,73,0,0.0,0.0,0.0,0.0
A,R03,testing,11,74,0,0.0,0.0,0.0,0.0
A,R03,testing,11,75,0,0.0,0.0,0.0,0.0
A,R03,testing,11,76,0,0.0,0.0,0.0,0.0
A,R03,testing,11,77,0,0.0,0.0,0.0,0.0
A,R03,testing,11,78,0,0.0,0.0,0.0,0.0
A,R03,testing,11,79,0,0.0,0.0,0.0,0.0
A,R03,testing,11,80,0,0.0,0.0,0.0,0.0
A,R03,testing,11,81,0,0.0,0.0,0.0,0.0
A,R03,testing,11,82,0,0.0,0.0,0.0,0.0
A,R03,testing,11,83,0,0.0,0.0,0.0,0.0
A,R03,testing,11,84,0,0.0,0.0,0.0,0.0
A,R03,testing,11,85,0,0.0,0.0,0.0,0.0
A,R03,testing,11,86,0,0.0,0.0,0.0,0.0
A,R03,testing,11,87,0,0.0,0.0,0.0,0.0
A,R03,testing,11,88,0,0.0,0.0,0.0,0.0
A,R03,testing,11,89,0,0.0,0.0,0.0,0.0
A,R03,testing,11,90,0,0.0,0.0,0.0,0.0
A,R03,testing,11,91,0,0.0,0.0,0.0,0.0
A,R03,testing,11,92,0,0.0,0.0,0.0,0.0
A,R03,testing,11,93,0,0.0,0.0,0.0,0.0
A,R03,testing,11,94,0,0.0,0.0,0.0,0.0
A,R03,testing,11,95,0,0.0,0.0,0.0,0.0
A,R03,testing,11,96,0,0.0,0.0,0.0,0.0
A,R03,testing,11,97,0,0.0,0.0,0.0,0.0
A,R03,testing,11,98,0,0.0,0.0,0.0,0.0
A,R03,testing,11,99,0,0.0,0.0,0.0,0.0
A,R03,testing,11,100,0,0.0,0.0,0.0,0.0
A,R03,testing,11,101,0,0.0,0.0,0.0,0.0
A,R03,testing,11,102,0,0.0,0.0,0.0,0.0
A,R03,testing,11,103,0,0.0,0.0,0.0,0.0
A,R03,testing,11,104,0,0.0,0.0,0.0,0.0
A,R03,testing,11,105,0,0.0,0.0,0.0,0.0
A,R03,testing,11,106,0,0.0,0.0,0.0,0.0
A,R03,testing,11,107,0,0.0,0.0,0.0,0.0
A,R03,testing,11,108,0,0.0,0.0,0.0,0.0
A,R03,testing,11,109,0,0.0,0.0,0.0,0.0
A,R03,testing,11,110,0,0.0,0.0,0.0,0.0
A,R03,testing,11,111,0,0.0,0.0,0.0,0.0
A,R03,testing,11,112,0,0.0,0.0,0.0,0.0
A,R03,testing,11,113,0,0.0,0.0,0.0,0.0
A,R03,testing,11,114,0,0.0,0.0,0.0,0.0
A,R03,testing,11,115,0,0.0,0.0,0.0,0.0
A,R03,testing,11,116,0,0.0,0.0,0.0,0.0
A,R03,testing,11,117,0,0.0,0.0,0.0,0.0
A,R03,testing,11,118,0,0.0,0.0,0.0,0.0
A,R03,testing,11,119,0,0.0,0.0,0.0,0.0
A,R03,testing,11,120,0,0.0,0.0,0.0,0.0
A,R03,testing,11,121,0,0.0,0.0,0.0,0.0
A,R03,testing,11,122,0,0.0,0.0,0.0,0.0
A,R03,testing,11,123,0,0.0,0.0,0.0,0.0
A,R03,testing,11,124,0,0.0,0.0,0.0,0.0
A,R03,testing,11,125,0,0.0,0.0,0.0,0.0
A,R03,testing,11,126,0,0.0,0.0,0.0,0.0
A,R03,testing,11,127,0,0.0,0.0,0.0,0.0
A,R03,testing,11,128,0,0.0,0.0,0.0,0.0
A,R03,testing,11,129,0,0.0,0.0,0.0,0.0
A,R03,testing,11,130,0,0.0,0.0,0.0,0.0
A,R03,testing,11,131,0,0.0,0.0,0.0,0.0
A,R03,testing,11,132,0,0.0,0.0,0.0,0.0
A,R03,testing,11,133,0,0.0,0.0,0.0,0.0
A,R03,testing,11,134,0,0.0,0.0,0.0,0.0
A,R03,testing,11,135,0,0.0,0.0,0.0,0.0
A,R03,testing,11,136,0,0.0,0.0,0.0,0.0
A,R03,testing,11,137,0,0.0,0.0,0.0,0.0
A,R03,testing,11,138,0,0.0,0.0,0.0,0.0
A,R03,testing,11,139,0,0.0,0.0,0.0,0.0
A,R03,testing,11,140,0,0.0,0.0,0.0,0.0
A,R03,testing,11,141,0,0.0,0.0,0.0,0.0
A,R03,testing,11,142,0,0.0,0.0,0.0,0.0
A,R03,testing,11,143,0,0.0,0.0,0.0,0.0
A,R03,testing,11,144,0,0.0,0.0,0.0,0.0
A,R03,testing,11,145,0,0.0,0.0,0.0,0.0
A,R03,testing,11,146,0,0.0,0.0,0.0,0.0
A,R03,testing,11,147,0,0.0,0.0,0.0,0.0
A,R03,testing,11,148,0,0.0,0.0,0.0,0.0
A,R03,testing,11,149,0,0.0,0.0,0.0,0.0
A,R03,testing,11,150,0,0.0,0.0,0.0,0.0
A,R03,testing,11,151,0,0.0,0.0,0.0,0.0
A,R03,testing,11,152,0,0.0,0.0,0.0,0.0
A,R03,testing,11,153,0,0.0,0.0,0.0,0.0
A,R03,testing,11,154,0,0.0,0.0,0.0,0.0
A,R03,testing,11,155,0,0.0,0.0,0.0,0.0
A,R03,testing,11,156,0,0.0,0.0,0.0,0.0
A,R03,testing,11,157,0,0.0,0.0,0.0,0.0
A,R03,testing,11,158,0,0.0,0.0,0.0,0.0
A,R03,testing,11,159,0,0.0,0.0,0.0,0.0
A,R03,testing,11,160,0,0.0,0.0,0.0,0.0
A,R03,testing,11,161,0,0.0,0.0,0.0,0.0
A,R03,testing,11,162,0,0.0,0.0,0.0,0.0
A,R03,testing,11,163,0,0.0,0.0,0.0,0.0
A,R03,testing,11,164,0,0.0,0.0,0.0,0.0
A,R03,testing,11,165,0,0.0,0.0,0.0,0.0
A,R03,testing,11,166,0,0.0,0.0,0.0,0.0
A,R03,testing,11,167,0,0.0,0.0,0.0,0.0
A,R03,testing,11,168,0,0.0,0.0,0.0,0.0
A,R03,testing,11,169,0,0.0,0.0,0.0,0.0
A,R03,testing,11,170,0,0.0,0.0,0.0,0.0
A,R03,testing,11,171,0,0.0,0.0,0.0,0.0
A,R03,testing,11,172,0,0.0,0.0,0.0,0.0
A,R03,testing,11,173,0,0.0,0.0,0.0,0.0
A,R03,testing,11,174,0,0.0,0.0,0.0,0.0
A,R03,testing,11,175,0,0.0,0.0,0.0,0.0
A,R03,testing,11,176,0,0.0,0.0,0.0,0.0
A,R03,testing,11,177,0,0.0,0.0,0.0,0.0
A,R03,testing,11,178,0,0.0,0.0,0.0,0.0
A,R03,testing,11,179,0,0.0,0.0,0.0,0.0
A,R03,testing,11,180,0,0.0,0.0,0.0,0.0
A,R03,testing,11,181,0,0.0,0.0,0.0,0.0
A,R03,testing,11,182,0,0.0,0.0,0.0,0.0
A,R03,testing,11,183,0,0.0,0.0,0.0,0.0
A,R03,testing,11,184,0,0.0,0.0,0.0,0.0
A,R03,testing,11,185,0,0.0,0.0,0.0,0.0
A,R03,testing,11,186,0,0.0,0.0,0.0,0.0
A,R03,testing,11,187,0,0.0,0.0,0.0,0.0
A,R03,testing,11,188,0,0.0,0.0,0.0,0.0
A,R03,testing,11,189,0,0.0,0.0,0.0,0.0
A,R03,testing,11,190,0,0.0,0.0,0.0,0.0
A,R03,testing,11,191,0,0.0,0.0,0.0,0.0
A,R03,testing,11,192,0,0.0,0.0,0.0,0.0
A,R03,testing,11,193,0,0.0,0.0,0.0,0.0
A,R03,testing,11,194,0,0.0,0.0,0.0,0.0
A,R03,testing,11,195,0,0.0,0.0,0.0,0.0
A,R03,testing,11,196,0,0.0,0.0,0.0,0.0
A,R03,testing,11,197,0,0.0,0.0,0.0,0.0
A,R03,testing,11,198,0,0.0,0.0,0.0,0.0
A,R03,testing,11,199,0,0.0,0.0,0.0,0.0
A,R03,testing,11,200,0,0.0,0.0,0.0,0.0
A,R03,testing,11,201,0,0.0,0.0,0.0,0.0
A,R03,testing,11,202,0,0.0,0.0,0.0,0.0
A,R03,testing,11,203,0,0.0,0.0,0.0,0.0
A,R03,testing,11,204,0,0.0,0.0,0.0,0.0
A,R03,testing,11,205,0,0.0,0.0,0.0,0.0
A,R03,testing,11,206,0,0.0,0.0,0.0,0.0
A,R03,testing,11,207,0,0.0,0.0,0.0,0.0
A,R03,testing,11,208,0,0.0,0.0,0.0,0.0
A,R03,testing,11,209,0,0.0,0.0,0.0,0.0
A,R03,testing,11,210,0,0.0,0.0,0.0,0.0
A,R03,testing,11,211,0,0.0,0.0,0.0,0.0
A,R03,testing,11,212,0,0.0,0.0,0.0,0.0
A,R03,testing,11,213,0,0.0,0.0,0.0,0.0
A,R03,testing,11,214,0,0.0,0.0,0.0,0.0
A,R03,testing,11,215,0,0.0,0.0,0.0,0.0
A,R03,testing,11,216,0,0.0,0.0,0.0,0.0
A,R03,testing,11,217,0,0.0,0.0,0.0,0.0
A,R03,testing,11,218,0,0.0,0.0,0.0,0.0
A,R03,testing,11,219,0,0.0,0.0,0.0,0.0
A,R03,testing,11,220,0,0.0,0.0,0.0,0.0
A,R03,testing,11,221,0,0.0,0.0,0.0,0.0
A,R03,testing,11,222,0,0.0,0.0,0.0,0.0
A,R03,testing,11,223,0,0.0,0.0,0.0,0.0
A,R03,testing,11,224,0,0.0,0.0,0.0,0.0
A,R03,testing,11,225,0,0.0,0.0,0.0,0.0
A,R03,testing,11,226,0,0.0,0.0,0.0,0.0
A,R03,testing,11,227,0,0.0,0.0,0.0,0.0
A,R03,testing,11,228,0,0.0,0.0,0.0,0.0
A,R03,testing,11,229,0,0.0,0.0,0.0,0.0
A,R03,testing,11,230,0,0.0,0.0,0.0,0.0
A,R03,testing,11,231,0,0.0,0.0,0.0,0.0
A,R03,testing,11,232,0,0.0,0.0,0.0,0.0
A,R03,testing,11,233,0,0.0,0.0,0.0,0.0
A,R03,testing,11,234,0,0.0,0.0,0.0,0.0
A,R03,testing,11,235,0,0.0,0.0,0.0,0.0
A,R03,testing,11,236,0,0.0,0.0,0.0,0.0
A,R03,testing,11,237,0,0.0,0.0,0.0,0.0
A,R03,testing,11,238,0,0.0,0.0,0.0,0.0
A,R03,testing,11,239,0,0.0,0.0,0.0,0.0
A,R03,testing,11,240,0,0.0,0.0,0.0,0.0
A,R03,testing,11,241,0,0.0,0.0,0.0,0.0
A,R03,testing,11,242,0,0.0,0.0,0.0,0.0
A,R03,testing,11,243,0,0.0,0.0,0.0,0.0
A,R03,testing,11,244,0,0.0,0.0,0.0,0.0
A,R03,testing,11,245,0,0.0,0.0,0.0,0.0
A,R03,testing,11,246,0,0.0,0.0,0.0,0.0
A,R03,testing,11,247,0,0.0,0.0,0.0,0.0
A,R03,testing,11,248,0,0.0,0.0,0.0,0.0
A,R03,testing,11,249,0,0.0,0.0,0.0,0.0
A,R03,testing,11,250,0,0.0,0.0,0.0,0.0
A,R03,testing,11,251,0,0.0,0.0,0.0,0.0
A,R03,testing,11,252,0,0.0,0.0,0.0,0.0
A,R03,testing,11,253,0,0.0,0.0,0.0,0.0
A,R03,testing,11,254,0,0.0,0.0,0.0,0.0
A,R03,testing,11,255,0,0.0,0.0,0.0,0.0
A,R03,testing,11,256,0,0.0,0.0,0.0,0.0
A,R03,testing,11,257,0,0.0,0.0,0.0,0.0
A,R03,testing,11,258,0,0.0,0.0,0.0,0.0
A,R03,testing,11,259,0,0.0,0.0,0.0,0.0
A,R03,testing,11,260,0,0.0,0.0,0.0,0.0
A,R03,testing,11,261,0,0.0,0.0,0.0,0.0
A,R03,testing,11,262,0,0.0,0.0,0.0,0.0
A,R03,testing,11,263,0,0.0,0.0,0.0,0.0
A,R03,testing,11,264,0,0.0,0.0,0.0,0.0
A,R03,testing,11,265,0,0.0,0.0,0.0,0.0
A,R03,testing,11,266,0,0.0,0.0,0.0,0.0
A,R03,testing,11,267,0,0.0,0.0,0.0,0.0
A,R03,testing,11,268,0,0.0,0.0,0.0,0.0
A,R03,testing,11,269,0,0.0,0.0,0.0,0.0
A,R03,testing,11,270,0,0.0,0.0,0.0,0.0
A,R03,testing,11,271,0,0.0,0.0,0.0,0.0
A,R03,testing,11,272,0,0.0,0.0,0.0,0.0
A,R03,testing,11,273,0,0.0,0.0,0.0,0.0
A,R03,testing,11,274,0,0.0,0.0,0.0,0.0
A,R03,testing,11,275,0,0.0,0.0,0.0,0.0
A,R03,testing,11,276,0,0.0,0.0,0.0,0.0
A,R03,testing,11,277,0,0.0,0.0,0.0,0.0
A,R03,testing,11,278,0,0.0,0.0,0.0,0.0
A,R03,testing,11,279,0,0.0,0.0,0.0,0.0
A,R03,testing,11,280,0,0.0,0.0,0.0,0.0
A,R03,testing,11,281,0,0.0,0.0,0.0,0.0
A,R03,testing,11,282,0,0.0,0.0,0.0,0.0
A,R03,testing,11,283,0,0.0,0.0,0.0,0.0
A,R03,testing,11,284,0,0.0,0.0,0.0,0.0
A,R03,testing,11,285,0,0.0,0.0,0.0,0.0
A,R03,testing,11,286,0,0.0,0.0,0.0,0.0
A,R03,testing,11,287,0,0.0,0.0,0.0,0.0
A,R03,testing,11,288,0,0.0,0.0,0.0,0.0
A,R03,testing,11,289,0,0.0,0.0,0.0,0.0
A,R03,testing,11,290,0,0.0,0.0,0.0,0.0
A,R03,testing,11,291,0,0.0,0.0,0.0,0.0
A,R03,testing,11,292,0,0.0,0.0,0.0,0.0
A,R03,testing,11,293,0,0.0,0.0,0.0,0.0
A,R03,testing,11,294,0,0.0,0.0,0.0,0.0
A,R03,testing,11,295,0,0.0,0.0,0.0,0.0
A,R03,testing,11,296,0,0.0,0.0,0.0,0.0
A,R03,testing,11,297,0,0.0,0.0,0.0,0.0
A,R03,testing,11,298,0,0.0,0.0,0.0,0.0
A,R03,testing,11,299,0,0.0,0.0,0.0,0.0
A,R03,testing,11,300,0,0.0,0.0,0.0,0.0
A,R03,testing,11,301,0,0.0,0.0,0.0,0.0
A,R03,testing,11,302,0,0.0,0.0,0.0,0.0
A,R03,testing,11,303,0,0.0,0.0,0.0,0.0
A,R03,testing,11,304,0,0.0,0.0,0.0,0.0
A,R03,testing,11,305,0,0.0,0.0,0.0,0.0
A,R03,testing,11,306,0,0.0,0.0,0.0,0.0
A,R03,testing,11,307,0,0.0,0.0,0.0,0.0
A,R03,testing,11,308,0,0.0,0.0,0.0,0.0
A,R03,testing,11,309,0,0.0,0.0,0.0,0.0
A,R03,testing,11,310,0,0.0,0.0,0.0,0.0
A,R03,testing,11,311,0,0.0,0.0,0.0,0.0
A,R03,testing,11,312,0,0.0,0.0,0.0,0.0
A,R03,testing,11,313,0,0.0,0.0,0.0,0.0
A,R03,testing,11,314,0,0.0,0.0,0.0,0.0
A,R03,testing,11,315,0,0.0,0.0,0.0,0.0
A,R03,testing,11,316,0,0.0,0.0,0.0,0.0
A,R03,testing,11,317,0,0.0,0.0,0.0,0.0
A,R03,testing,11,318,0,0.0,0.0,0.0,0.0
A,R03,testing,11,319,0,0.0,0.0,0.0,0.0
A,R03,testing,11,320,0,0.0,0.0,0.0,0.0
A,R03,testing,11,321,0,0.0,0.0,0.0,0.0
A,R03,testing,11,322,0,0.0,0.0,0.0,0.0
A,R03,testing,11,323,0,0.0,0.0,0.0,0.0
A,R03,testing,11,324,0,0.0,0.0,0.0,0.0
A,R03,testing,11,325,0,0.0,0.0,0.0,0.0
A,R03,testing,11,326,0,0.0,0.0,0.0,0.0
A,R03,testing,11,327,0,0.0,0.0,0.0,0.0
A,R03,testing,11,328,0,0.0,0.0,0.0,0.0
A,R03,testing,11,329,0,0.0,0.0,0.0,0.0
A,R03,testing,11,330,0,0.0,0.0,0.0,0.0
A,R03,testing,11,331,0,0.0,0.0,0.0,0.0
A,R03,testing,11,332,0,0.0,0.0,0.0,0.0
A,R03,testing,11,333,0,0.0,0.0,0.0,0.0
A,R03,testing,11,334,0,0.0,0.0,0.0,0.0
A,R03,testing,11,335,0,0.0,0.0,0.0,0.0
A,R03,testing,11,336,0,0.0,0.0,0.0,0.0
A,R03,testing,11,337,0,0.0,0.0,0.0,0.0
A,R03,testing,11,338,0,0.0,0.0,0.0,0.0
A,R03,testing,11,339,0,0.0,0.0,0.0,0.0
A,R03,testing,11,340,0,0.0,0.0,0.0,0.0
A,R03,testing,11,341,0,0.0,0.0,0.0,0.0
A,R03,testing,11,342,0,0.0,0.0,0.0,0.0
A,R03,testing,11,343,0,0.0,0.0,0.0,0.0
A,R03,testing,11,344,0,0.0,0.0,0.0,0.0
A,R03,testing,11,345,0,0.0,0.0,0.0,0.0
A,R03,testing,11,346,0,0.0,0.0,0.0,0.0
A,R03,testing,11,347,0,0.0,0.0,0.0,0.0
A,R03,testing,11,348,0,0.0,0.0,0.0,0.0
A,R03,testing,11,349,0,0.0,0.0,0.0,0.0
A,R03,testing,11,350,0,0.0,0.0,0.0,0.0
A,R03,testing,11,351,0,0.0,0.0,0.0,0.0
A,R03,testing,11,352,0,0.0,0.0,0.0,0.0
A,R03,testing,11,353,0,0.0,0.0,0.0,0.0
A,R03,testing,11,354,0,0.0,0.0,0.0,0.0
A,R03,testing,11,355,0,0.0,0.0,0.0,0.0
A,R03,testing,11,356,0,0.0,0.0,0.0,0.0
A,R03,testing,11,357,0,0.0,0.0,0.0,0.0
A,R03,testing,11,358,0,0.0,0.0,0.0,0.0
A,R03,testing,11,359,0,0.0,0.0,0.0,0.0
A,R03,testing,11,360,0,0.0,0.0,0.0,0.0
A,R03,testing,11,361,0,0.0,0.0,0.0,0.0
A,R03,testing,11,362,0,0.0,0.0,0.0,0.0
A,R03,testing,11,363,0,0.0,0.0,0.0,0.0
A,R03,testing,11,364,0,0.0,0.0,0.0,0.0
A,R03,testing,11,365,0,0.0,0.0,0.0,0.0
A,R03,testing,11,366,0,0.0,0.0,0.0,0.0
A,R03,testing,11,367,0,0.0,0.0,0.0,0.0
A,R03,testing,11,368,0,0.0,0.0,0.0,0.0
A,R03,testing,11,369,0,0.0,0.0,0.0,0.0
A,R03,testing,11,370,0,0.0,0.0,0.0,0.0
A,R03,testing,11,371,0,0.0,0.0,0.0,0.0
A,R03,testing,11,372,0,0.0,0.0,0.0,0.0
A,R03,testing,11,373,0,0.0,0.0,0.0,0.0
A,R03,testing,11,374,0,0.0,0.0,0.0,0.0
A,R03,testing,11,375,0,0.0,0.0,0.0,0.0
A,R03,testing,11,376,0,0.0,0.0,0.0,0.0
A,R03,testing,11,377,0,0.0,0.0,0.0,0.0
A,R03,testing,11,378,0,0.0,0.0,0.0,0.0
A,R03,testing,11,379,0,0.0,0.0,0.0,0.0
A,R03,testing,11,380,0,0.0,0.0,0.0,0.0
A,R03,testing,11,381,0,0.0,0.0,0.0,0.0
A,R03,testing,11,382,0,0.0,0.0,0.0,0.0
A,R03,testing,11,383,0,0.0,0.0,0.0,0.0
A,R03,testing,11,384,0,0.0,0.0,0.0,0.0
A,R03,testing,11,385,0,0.0,0.0,0.0,0.0
A,R03,testing,11,386,0,0.0,0.0,0.0,0.0
A,R03,testing,11,387,0,0.0,0.0,0.0,0.0
A,R03,testing,11,388,0,0.0,0.0,0.0,0.0
A,R03,testing,11,389,0,0.0,0.0,0.0,0.0
A,R03,testing,11,390,0,0.0,0.0,0.0,0.0
A,R03,testing,11,391,0,0.0,0.0,0.0,0.0
A,R03,testing,11,392,0,0.0,0.0,0.0,0.0
A,R03,testing,11,393,0,0.0,0.0,0.0,0.0
A,R03,testing,11,394,0,0.0,0.0,0.0,0.0
A,R03,testing,11,395,0,0.0,0.0,0.0,0.0
A,R03,testing,11,396,0,0.0,0.0,0.0,0.0
A,R03,testing,11,397,0,0.0,0.0,0.0,0.0
A,R03,testing,11,398,0,0.0,0.0,0.0,0.0
A,R03,testing,11,399,0,0.0,0.0,0.0,0.0
A,R03,testing,11,400,0,0.0,0.0,0.0,0.0
A,R03,testing,11,401,0,0.0,0.0,0.0,0.0
A,R03,testing,11,402,0,0.0,0.0,0.0,0.0
A,R03,testing,11,403,0,0.0,0.0,0.0,0.0
A,R03,testing,11,404,0,0.0,0.0,0.0,0.0
A,R03,testing,11,405,0,0.0,0.0,0.0,0.0
A,R03,testing,11,406,0,0.0,0.0,0.0,0.0
A,R03,testing,11,407,0,0.0,0.0,0.0,0.0
A,R03,testing,11,408,0,0.0,0.0,0.0,0.0
A,R03,testing,11,409,0,0.0,0.0,0.0,0.0
A,R03,testing,11,410,0,0.0,0.0,0.0,0.0
A,R03,testing,11,411,0,0.0,0.0,0.0,0.0
A,R03,testing,11,412,0,0.0,0.0,0.0,0.0
A,R03,testing,11,413,0,0.0,0.0,0.0,0.0
A,R03,testing,11,414,0,0.0,0.0,0.0,0.0
A,R03,testing,11,415,0,0.0,0.0,0.0,0.0
A,R03,testing,11,416,0,0.0,0.0,0.0,0.0
A,R03,testing,11,417,0,0.0,0.0,0.0,0.0
A,R03,testing,11,418,0,0.0,0.0,0.0,0.0
A,R03,testing,11,419,0,0.0,0.0,0.0,0.0
A,R03,testing,11,420,0,0.0,0.0,0.0,0.0
A,R03,testing,11,421,0,0.0,0.0,0.0,0.0
A,R03,testing,11,422,0,0.0,0.0,0.0,0.0
A,R03,testing,11,423,0,0.0,0.0,0.0,0.0
A,R03,testing,11,424,0,0.0,0.0,0.0,0.0
A,R03,testing,11,425,0,0.0,0.0,0.0,0.0
A,R03,testing,11,426,0,0.0,0.0,0.0,0.0
A,R03,testing,11,427,0,0.0,0.0,0.0,0.0
A,R03,testing,11,428,0,0.0,0.0,0.0,0.0
A,R03,testing,11,429,0,0.0,0.0,0.0,0.0
A,R03,testing,11,430,0,0.0,0.0,0.0,0.0
A,R03,testing,11,431,0,0.0,0.0,0.0,0.0
A,R03,testing,11,432,0,0.0,0.0,0.0,0.0
A,R03,testing,11,433,0,0.0,0.0,0.0,0.0
A,R03,testing,11,434,0,0.0,0.0,0.0,0.0
A,R03,testing,11,435,0,0.0,0.0,0.0,0.0
A,R03,testing,11,436,0,0.0,0.0,0.0,0.0
A,R03,testing,11,437,0,0.0,0.0,0.0,0.0
A,R03,testing,11,438,0,0.0,0.0,0.0,0.0
A,R03,testing,11,439,0,0.0,0.0,0.0,0.0
A,R03,testing,11,440,0,0.0,0.0,0.0,0.0
A,R03,testing,11,441,0,0.0,0.0,0.0,0.0
A,R03,testing,11,442,0,0.0,0.0,0.0,0.0
A,R03,testing,11,443,0,0.0,0.0,0.0,0.0
A,R03,testing,11,444,0,0.0,0.0,0.0,0.0
A,R03,testing,11,445,0,0.0,0.0,0.0,0.0
A,R03,testing,11,446,0,0.0,0.0,0.0,0.0
A,R03,testing,11,447,0,0.0,0.0,0.0,0.0
A,R03,testing,11,448,0,0.0,0.0,0.0,0.0
A,R03,testing,11,449,0,0.0,0.0,0.0,0.0
A,R03,testing,11,450,0,0.0,0.0,0.0,0.0
A,R03,testing,11,451,0,0.0,0.0,0.0,0.0
A,R03,testing,11,452,0,0.0,0.0,0.0,0.0
A,R03,testing,11,453,0,0.0,0.0,0.0,0.0
A,R03,testing,11,454,0,0.0,0.0,0.0,0.0
A,R03,testing,11,455,0,0.0,0.0,0.0,0.0
A,R03,testing,11,456,0,0.0,0.0,0.0,0.0
A,R03,testing,11,457,0,0.0,0.0,0.0,0.0
A,R03,testing,11,458,0,0.0,0.0,0.0,0.0
A,R03,testing,11,459,0,0.0,0.0,0.0,0.0
A,R03,testing,11,460,0,0.0,0.0,0.0,0.0
A,R03,testing,11,461,0,0.0,0.0,0.0,0.0
A,R03,testing,11,462,0,0.0,0.0,0.0,0.0
A,R03,testing,11,463,0,0.0,0.0,0.0,0.0
A,R03,testing,11,464,0,0.0,0.0,0.0,0.0
A,R03,testing,11,465,0,0.0,0.0,0.0,0.0
A,R03,testing,11,466,0,0.0,0.0,0.0,0.0
A,R03,testing,11,467,0,0.0,0.0,0.0,0.0
A,R03,testing,11,468,0,0.0,0.0,0.0,0.0
A,R03,testing,11,469,0,0.0,0.0,0.0,0.0
A,R03,testing,11,470,0,0.0,0.0,0.0,0.0
A,R03,testing,11,471,0,0.0,0.0,0.0,0.0
A,R03,testing,11,472,0,0.0,0.0,0.0,0.0
A,R03,testing,11,473,0,0.0,0.0,0.0,0.0
A,R03,testing,11,474,0,0.0,0.0,0.0,0.0
A,R03,testing,11,475,0,0.0,0.0,0.0,0.0
A,R03,testing,11,476,0,0.0,0.0,0.0,0.0
A,R03,testing,11,477,0,0.0,0.0,0.0,0.0
A,R03,testing,11,478,0,0.0,0.0,0.0,0.0
A,R03,testing,11,479,0,0.0,0.0,0.0,0.0
A,R03,testing,11,480,0,0.0,0.0,0.0,0.0
A,R03,testing,11,481,0,0.0,0.0,0.0,0.0
A,R03,testing,11,482,0,0.0,0.0,0.0,0.0
A,R03,testing,11,483,0,0.0,0.0,0.0,0.0
A,R03,testing,11,484,0,0.0,0.0,0.0,0.0
A,R03,testing,11,485,0,0.0,0.0,0.0,0.0
A,R03,testing,11,486,0,0.0,0.0,0.0,0.0
A,R03,testing,11,487,0,0.0,0.0,0.0,0.0
A,R03,testing,11,488,0,0.0,0.0,0.0,0.0
A,R03,testing,11,489,0,0.0,0.0,0.0,0.0
A,R03,testing,11,490,1,0.0,0.0,0.0,0.0
A,R03,testing,11,491,1,0.0,0.0,0.0,0.0
A,R03,testing,11,492,1,0.0,0.0,0.0,0.0
A,R03,testing,11,493,1,0.0,0.0,0.0,0.0
A,R03,testing,11,494,1,0.0,0.0,0.0,0.0
A,R03,testing,11,495,1,0.0,0.0,0.0,0.0
A,R03,testing,11,496,1,0.0,0.0,0.0,0.0
A,R03,testing,11,497,1,0.0,0.0,0.0,0.0
A,R03,testing,11,498,1,0.0,0.0,0.0,0.0
A,R03,testing,11,499,1,0.0,0.0,0.0,0.0
A,R03,testing,11,500,1,0.0,0.0,0.0,0.0
A,R03,testing,11,501,1,0.0,0.0,0.0,0.0
A,R03,testing,11,502,1,0.0,0.0,0.0,0.0
A,R03,testing,11,503,1,0.0,0.0,0.0,0.0
A,R03,testing,11,504,1,0.0,0.0,0.0,0.0
A,R03,testing,11,505,1,0.0,0.0,0.0,0.0
A,R03,testing,11,506,1,0.0,0.0,0.0,0.0
A,R03,testing,11,507,1,0.0,0.0,0.0,0.0
A,R03,testing,11,508,1,0.0,0.0,0.0,0.0
A,R03,testing,11,509,1,0.0,0.0,0.0,0.0
A,R03,testing,11,510,1,0.0,0.0,0.0,0.0
A,R03,testing,11,511,1,0.0,0.0,0.0,0.0
A,R03,testing,11,512,1,0.0,0.0,0.0,0.0
A,R03,testing,11,513,1,0.0,0.0,0.0,0.0
A,R03,testing,11,514,1,0.0,0.0,0.0,0.0
A,R03,testing,11,515,1,0.0,0.0,0.0,0.0
A,R03,testing,11,516,1,0.0,0.0,0.0,0.0
A,R03,testing,11,517,1,0.0,0.0,0.0,0.0
A,R03,testing,11,518,1,0.0,0.0,0.0,0.0
A,R03,testing,11,519,1,0.0,0.0,0.0,0.0
A,R03,testing,11,520,1,0.0,0.0,0.0,0.0
A,R03,testing,11,521,1,0.0,0.0,0.0,0.0
A,R03,testing,11,522,1,0.0,0.0,0.0,0.0
A,R03,testing,11,523,1,0.0,0.0,0.0,0.0
A,R03,testing,11,524,1,0.0,0.0,0.0,0.0
A,R03,testing,11,525,1,0.0,0.0,0.0,0.0
A,R03,testing,11,526,1,0.0,0.0,0.0,0.0
A,R03,testing,11,527,1,0.0,0.0,0.0,0.0
A,R03,testing,11,528,1,0.0,0.0,0.0,0.0
A,R03,testing,11,529,1,0.0,0.0,0.0,0.0
A,R03,testing,11,530,1,0.0,0.0,0.0,0.0
A,R03,testing,11,531,1,0.0,0.0,0.0,0.0
A,R03,testing,11,532,1,0.0,0.0,0.0,0.0
A,R03,testing,11,533,1,0.0,0.0,0.0,0.0
A,R03,testing,11,534,1,0.0,0.0,0.0,0.0
A,R03,testing,11,535,1,0.0,0.0,0.0,0.0
A,R03,testing,11,536,1,0.0,0.0,0.0,0.0
A,R03,testing,11,537,1,0.0,0.0,0.0,0.0
A,R03,testing,11,538,1,0.0,0.0,0.0,0.0
A,R03,testing,11,539,1,0.0,0.0,0.0,0.0
A,R03,testing,11,540,1,0.0,0.0,0.0,0.0
A,R03,testing,11,541,1,0.0,0.0,0.0,0.0
A,R03,testing,11,542,1,0.0,0.0,0.0,0.0
A,R03,testing,11,543,1,0.0,0.0,0.0,0.0
A,R03,testing,11,544,1,0.0,0.0,0.0,0.0
A,R03,testing,11,545,1,0.0,0.0,0.0,0.0
A,R03,testing,11,546,1,0.0,0.0,0.0,0.0
A,R03,testing,11,547,1,0.0,0.0,0.0,0.0
A,R03,testing,11,548,1,0.0,0.0,0.0,0.0
A,R03,testing,11,549,1,0.0,0.0,0.0,0.0
A,R03,testing,11,550,1,0.0,0.0,0.0,0.0
A,R03,testing,11,551,1,0.0,0.0,0.0,0.0
A,R03,testing,11,552,1,0.0,0.0,0.0,0.0
A,R03,testing,11,553,1,0.0,0.0,0.0,0.0
A,R03,testing,11,554,1,0.0,0.0,0.0,0.0
A,R03,testing,11,555,1,0.0,0.0,0.0,0.0
A,R03,testing,11,556,1,0.0,0.0,0.0,0.0
A,R03,testing,11,557,1,0.0,0.0,0.0,0.0
A,R03,testing,11,558,1,0.0,0.0,0.0,0.0
A,R03,testing,11,559,1,0.0,0.0,0.0,0.0
A,R03,testing,11,560,1,0.0,0.0,0.0,0.0
A,R03,testing,11,561,1,0.0,0.0,0.0,0.0
A,R03,testing,11,562,1,0.0,0.0,0.0,0.0
A,R03,testing,11,563,1,0.0,0.0,0.0,0.0
A,R03,testing,11,564,1,0.0,0.0,0.0,0.0
A,R03,testing,11,565,1,0.0,0.0,0.0,0.0
A,R03,testing,11,566,1,0.0,0.0,0.0,0.0
A,R03,testing,11,567,1,0.0,0.0,0.0,0.0
A,R03,testing,11,568,1,0.0,0.0,0.0,0.0
A,R03,testing,11,569,1,0.0,0.0,0.0,0.0
A,R03,testing,11,570,1,0.0,0.0,0.0,0.0
A,R03,testing,11,571,1,0.0,0.0,0.0,0.0
A,R03,testing,11,572,1,0.0,0.0,0.0,0.0
A,R03,testing,11,573,1,0.0,0.0,0.0,0.0
A,R03,testing,11,574,1,0.0,0.0,0.0,0.0
A,R03,testing,11,575,1,0.0,0.0,0.0,0.0
A,R03,testing,11,576,1,0.0,0.0,0.0,0.0
A,R03,testing,11,577,1,0.0,0.0,0.0,0.0
A,R03,testing,11,578,1,0.0,0.0,0.0,0.0
A,R03,testing,11,579,1,0.0,0.0,0.0,0.0
A,R03,testing,11,580,1,0.0,0.0,0.0,0.0
A,R03,testing,11,581,1,0.0,0.0,0.0,0.0
A,R03,testing,11,582,1,0.0,0.0,0.0,0.0
A,R03,testing,11,583,1,0.0,0.0,0.0,0.0
A,R03,testing,11,584,1,0.0,0.0,0.0,0.0
A,R03,testing,11,585,1,0.0,0.0,0.0,0.0
A,R03,testing,11,586,1,0.0,0.0,0.0,0.0
A,R03,testing,11,587,1,0.0,0.0,0.0,0.0
A,R03,testing,11,588,1,0.0,0.0,0.0,0.0
A,R03,testing,11,589,1,0.0,0.0,0.0,0.0
A,R03,testing,11,590,1,0.0,0.0,0.0,0.0
A,R03,testing,11,591,1,0.0,0.0,0.0,0.0
A,R03,testing,11,592,1,0.0,0.0,0.0,0.0
A,R03,testing,11,593,1,0.0,0.0,0.0,0.0
A,R03,testing,11,594,1,0.0,0.0,0.0,0.0
A,R03,testing,11,595,1,0.0,0.0,0.0,0.0
A,R03,testing,11,596,1,0.0,0.0,0.0,0.0
A,R03,testing,11,597,1,0.0,0.0,0.0,0.0
A,R03,testing,11,598,1,0.0,0.0,0.0,0.0
A,R03,testing,11,599,1,0.0,0.0,0.0,0.0
A,R03,testing,11,600,1,0.0,0.0,0.0,0.0
A,R03,testing,11,601,1,0.0,0.0,0.0,0.0
A,R03,testing,11,602,1,0.0,0.0,0.0,0.0
A,R03,testing,11,603,1,0.0,0.0,0.0,0.0
A,R03,testing,11,604,1,0.0,0.0,0.0,0.0
A,R03,testing,11,605,1,0.0,0.0,0.0,0.0
A,R03,testing,11,606,1,0.0,0.0,0.0,0.0
A,R03,testing,11,607,1,0.0,0.0,0.0,0.0
A,R03,testing,11,608,1,0.0,0.0,0.0,0.0
A,R03,testing,11,609,1,0.0,0.0,0.0,0.0
A,R03,testing,11,610,1,0.0,0.0,0.0,0.0
A,R03,testing,11,611,1,0.0,0.0,0.0,0.0
A,R03,testing,11,612,1,0.0,0.0,0.0,0.0
A,R03,testing,11,613,1,0.0,0.0,0.0,0.0
A,R03,testing,11,614,1,0.0,0.0,0.0,0.0
A,R03,testing,11,615,1,0.0,0.0,0.0,0.0
A,R03,testing,11,616,1,0.0,0.0,0.0,0.0
A,R03,testing,11,617,1,0.0,0.0,0.0,0.0
A,R03,testing,11,618,1,0.0,0.0,0.0,0.0
A,R03,testing,11,619,1,0.0,0.0,0.0,0.0
A,R03,testing,11,620,1,0.0,0.0,0.0,0.0
A,R03,testing,11,621,1,0.0,0.0,0.0,0.0
A,R03,testing,11,622,1,0.0,0.0,0.0,0.0
A,R03,testing,11,623,1,0.0,0.0,0.0,0.0
A,R03,testing,11,624,1,0.0,0.0,0.0,0.0
A,R03,testing,11,625,1,0.0,0.0,0.0,0.0
A,R03,testing,11,626,1,0.0,0.0,0.0,0.0
A,R03,testing,11,627,1,0.0,0.0,0.0,0.0
A,R03,testing,11,628,1,0.0,0.0,0.0,0.0
A,R03,testing,11,629,1,0.0,0.0,0.0,0.0
A,R03,testing,11,630,1,0.0,0.0,0.0,0.0
A,R03,testing,11,631,1,0.0,0.0,0.0,0.0
A,R03,testing,11,632,1,0.0,0.0,0.0,0.0
A,R03,testing,11,633,1,0.0,0.0,0.0,0.0
A,R03,testing,11,634,1,0.0,0.0,0.0,0.0
A,R03,testing,11,635,1,0.0,0.0,0.0,0.0
A,R03,testing,11,636,1,0.0,0.0,0.0,0.0
A,R03,testing,11,637,1,0.0,0.0,0.0,0.0
A,R03,testing,11,638,1,0.0,0.0,0.0,0.0
A,R03,testing,11,639,1,0.0,0.0,0.0,0.0
A,R03,testing,11,640,1,0.0,0.0,0.0,0.0
A,R03,testing,11,641,1,0.0,0.0,0.0,0.0
A,R03,testing,11,642,1,0.0,0.0,0.0,0.0
A,R03,testing,11,643,1,0.0,0.0,0.0,0.0
A,R03,testing,11,644,1,0.0,0.0,0.0,0.0
A,R03,testing,11,645,1,0.0,0.0,0.0,0.0
A,R03,testing,11,646,1,0.0,0.0,0.0,0.0
A,R03,testing,11,647,1,0.0,0.0,0.0,0.0
A,R03,testing,11,648,1,0.0,0.0,0.0,0.0
A,R03,testing,11,649,1,0.0,0.0,0.0,0.0
A,R03,testing,11,650,1,0.0,0.0,0.0,0.0
A,R03,testing,11,651,1,0.0,0.0,0.0,0.0
A,R03,testing,11,652,1,0.0,0.0,0.0,0.0
A,R03,testing,11,653,1,0.0,0.0,0.0,0.0
A,R03,testing,11,654,1,0.0,0.0,0.0,0.0
A,R03,testing,11,655,1,0.0,0.0,0.0,0.0
A,R03,testing,11,656,1,0.0,0.0,0.0,0.0
A,R03,testing,11,657,1,0.0,0.0,0.0,0.0
A,R03,testing,11,658,1,0.0,0.0,0.0,0.0
A,R03,testing,11,659,1,0.0,0.0,0.0,0.0
A,R03,testing,11,660,1,0.0,0.0,0.0,0.0
A,R03,testing,11,661,1,0.0,0.0,0.0,0.0
A,R03,testing,11,662,1,0.0,0.0,0.0,0.0
A,R03,testing,11,663,1,0.0,0.0,0.0,0.0
A,R03,testing,11,664,1,0.0,0.0,0.0,0.0
A,R03,testing,11,665,1,0.0,0.0,0.0,0.0
A,R03,testing,11,666,1,0.0,0.0,0.0,0.0
A,R03,testing,11,667,1,0.0,0.0,0.0,0.0
A,R03,testing,11,668,1,0.0,0.0,0.0,0.0
A,R03,testing,11,669,1,0.0,0.0,0.0,0.0
A,R03,testing,11,670,1,0.0,0.0,0.0,0.0
A,R03,testing,11,671,1,0.0,0.0,0.0,0.0
A,R03,testing,11,672,1,0.0,0.0,0.0,0.0
A,R03,testing,11,673,1,0.0,0.0,0.0,0.0
A,R03,testing,11,674,1,0.0,0.0,0.0,0.0
A,R03,testing,11,675,1,0.0,0.0,0.0,0.0
A,R03,testing,11,676,1,0.0,0.0,0.0,0.0
A,R03,testing,11,677,1,0.0,0.0,0.0,0.0
A,R03,testing,11,678,1,0.0,0.0,0.0,0.0
A,R03,testing,11,679,1,0.0,0.0,0.0,0.0
A,R03,testing,11,680,1,0.0,0.0,0.0,0.0
A,R03,testing,11,681,1,0.0,0.0,0.0,0.0
A,R03,testing,11,682,1,0.0,0.0,0.0,0.0
A,R03,testing,11,683,1,0.0,0.0,0.0,0.0
A,R03,testing,11,684,1,0.0,0.0,0.0,0.0
A,R03,testing,11,685,1,0.0,0.0,0.0,0.0
A,R03,testing,11,686,1,0.0,0.0,0.0,0.0
A,R03,testing,11,687,1,0.0,0.0,0.0,0.0
A,R03,testing,11,688,1,0.0,0.0,0.0,0.0
A,R03,testing,11,689,1,0.0,0.0,0.0,0.0
A,R03,testing,11,690,1,0.0,0.0,0.0,0.0
A,R03,testing,11,691,1,0.0,0.0,0.0,0.0
A,R03,testing,11,692,1,0.0,0.0,0.0,0.0
A,R03,testing,11,693,1,0.0,0.0,0.0,0.0
A,R03,testing,11,694,1,0.0,0.0,0.0,0.0
A,R03,testing,11,695,1,0.0,0.0,0.0,0.0
A,R03,testing,11,696,1,0.0,0.0,0.0,0.0
A,R03,testing,11,697,1,0.0,0.0,0.0,0.0
A,R03,testing,11,698,1,0.0,0.0,0.0,0.0
A,R03,testing,11,699,1,0.0,0.0,0.0,0.0
A,R03,testing,11,700,1,0.0,0.0,0.0,0.0
A,R03,testing,11,701,1,0.0,0.0,0.0,0.0
A,R03,testing,11,702,1,0.0,0.0,0.0,0.0
A,R03,testing,11,703,1,0.0,0.0,0.0,0.0
A,R03,testing,11,704,1,0.0,0.0,0.0,0.0
A,R03,testing,11,705,1,0.0,0.0,0.0,0.0
B,R03,testing,11,0,0,0.0,0.0,0.0,0.0
B,R03,testing,11,1,0,0.0,0.0,0.0,0.0
B,R03,testing,11,2,0,0.0,0.0,0.0,0.0
B,R03,testing,11,3,0,0.0,0.0,0.0,0.0
B,R03,testing,11,4,0,0.0,0.0,0.0,0.0
B,R03,testing,11,5,0,0.0,0.0,0.0,0.0
B,R03,testing,11,6,0,0.0,0.0,0.0,0.0
B,R03,testing,11,7,0,0.0,0.0,0.0,0.0
B,R03,testing,11,8,0,0.0,0.0,0.0,0.0
B,R03,testing,11,9,0,0.0,0.0,0.0,0.0
B,R03,testing,11,10,0,0.0,0.0,0.0,0.0
B,R03,testing,11,11,0,0.0,0.0,0.0,0.0
B,R03,testing,11,12,0,0.0,0.0,0.0,0.0
B,R03,testing,11,13,0,0.0,0.0,0.0,0.0
B,R03,testing,11,14,0,0.0,0.0,0.0,0.0
B,R03,testing,11,15,0,0.0,0.0,0.0,0.0
B,R03,testing,11,16,0,0.0,0.0,0.0,0.0
B,R03,testing,11,17,0,0.0,0.0,0.0,0.0
B,R03,testing,11,18,0,0.0,0.0,0.0,0.0
B,R03,testing,11,19,0,0.0,0.0,0.0,0.0
B,R03,testing,11,20,0,0.0,0.0,0.0,0.0
B,R03,testing,11,21,0,0.0,0.0,0.0,0.0
B,R03,testing,11,22,0,0.0,0.0,0.0,0.0
B,R03,testing,11,23,0,0.0,0.0,0.0,0.0
B,R03,testing,11,24,0,0.0,0.0,0.0,0.0
B,R03,testing,11,25,0,0.0,0.0,0.0,0.0
B,R03,testing,11,26,0,0.0,0.0,0.0,0.0
B,R03,testing,11,27,0,0.0,0.0,0.0,0.0
B,R03,testing,11,28,0,0.0,0.0,0.0,0.0
B,R03,testing,11,29,0,0.0,0.0,0.0,0.0
B,R03,testing,11,30,0,0.0,0.0,0.0,0.0
B,R03,testing,11,31,0,0.0,0.0,0.0,0.0
B,R03,testing,11,32,0,0.0,0.0,0.0,0.0
B,R03,testing,11,33,0,0.0,0.0,0.0,0.0
B,R03,testing,11,34,0,0.0,0.0,0.0,0.0
B,R03,testing,11,35,0,0.0,0.0,0.0,0.0
B,R03,testing,11,36,0,0.0,0.0,0.0,0.0
B,R03,testing,11,37,0,0.0,0.0,0.0,0.0
B,R03,testing,11,38,0,0.0,0.0,0.0,0.0
B,R03,testing,11,39,0,0.0,0.0,0.0,0.0
B,R03,testing,11,40,0,0.0,0.0,0.0,0.0
B,R03,testing,11,41,0,0.0,0.0,0.0,0.0
B,R03,testing,11,42,0,0.0,0.0,0.0,0.0
B,R03,testing,11,43,0,0.0,0.0,0.0,0.0
B,R03,testing,11,44,0,0.0,0.0,0.0,0.0
B,R03,testing,11,45,0,0.0,0.0,0.0,0.0
B,R03,testing,11,46,0,0.0,0.0,0.0,0.0
B,R03,testing,11,47,0,0.0,0.0,0.0,0.0
B,R03,testing,11,48,0,0.0,0.0,0.0,0.0
B,R03,testing,11,49,0,0.0,0.0,0.0,0.0
B,R03,testing,11,50,0,0.0,0.0,0.0,0.0
B,R03,testing,11,51,0,0.0,0.0,0.0,0.0
B,R03,testing,11,52,0,0.0,0.0,0.0,0.0
B,R03,testing,11,53,0,0.0,0.0,0.0,0.0
B,R03,testing,11,54,0,0.0,0.0,0.0,0.0
B,R03,testing,11,55,0,0.0,0.0,0.0,0.0
B,R03,testing,11,56,0,0.0,0.0,0.0,0.0
B,R03,testing,11,57,0,0.0,0.0,0.0,0.0
B,R03,testing,11,58,0,0.0,0.0,0.0,0.0
B,R03,testing,11,59,0,0.0,0.0,0.0,0.0
B,R03,testing,11,60,0,0.0,0.0,0.0,0.0
B,R03,testing,11,61,0,0.0,0.0,0.0,0.0
B,R03,testing,11,62,0,0.0,0.0,0.0,0.0
B,R03,testing,11,63,0,0.0,0.0,0.0,0.0
B,R03,testing,11,64,0,0.0,0.0,0.0,0.0
B,R03,testing,11,65,0,0.0,0.0,0.0,0.0
B,R03,testing,11,66,0,0.0,0.0,0.0,0.0
B,R03,testing,11,67,0,0.0,0.0,0.0,0.0
B,R03,testing,11,68,0,0.0,0.0,0.0,0.0
B,R03,testing,11,69,0,0.0,0.0,0.0,0.0
B,R03,testing,11,70,0,0.0,0.0,0.0,0.0
B,R03,testing,11,71,0,0.0,0.0,0.0,0.0
B,R03,testing,11,72,0,0.0,0.0,0.0,0.0
B,R03,testing,11,73,0,0.0,0.0,0.0,0.0
B,R03,testing,11,74,0,0.0,0.0,0.0,0.0
B,R03,testing,11,75,0,0.0,0.0,0.0,0.0
B,R03,testing,11,76,0,0.0,0.0,0.0,0.0
B,R03,testing,11,77,0,0.0,0.0,0.0,0.0
B,R03,testing,11,78,0,0.0,0.0,0.0,0.0
B,R03,testing,11,79,0,0.0,0.0,0.0,0.0
B,R03,testing,11,80,0,0.0,0.0,0.0,0.0
B,R03,testing,11,81,0,0.0,0.0,0.0,0.0
B,R03,testing,11,82,0,0.0,0.0,0.0,0.0
B,R03,testing,11,83,0,0.0,0.0,0.0,0.0
B,R03,testing,11,84,0,0.0,0.0,0.0,0.0
B,R03,testing,11,85,0,0.0,0.0,0.0,0.0
B,R03,testing,11,86,0,0.0,0.0,0.0,0.0
B,R03,testing,11,87,0,0.0,0.0,0.0,0.0
B,R03,testing,11,88,0,0.0,0.0,0.0,0.0
B,R03,testing,11,89,0,0.0,0.0,0.0,0.0
B,R03,testing,11,90,0,0.0,0.0,0.0,0.0
B,R03,testing,11,91,0,0.0,0.0,0.0,0.0
B,R03,testing,11,92,0,0.0,0.0,0.0,0.0
B,R03,testing,11,93,0,0.0,0.0,0.0,0.0
B,R03,testing,11,94,0,0.0,0.0,0.0,0.0
B,R03,testing,11,95,0,0.0,0.0,0.0,0.0
B,R03,testing,11,96,0,0.0,0.0,0.0,0.0
B,R03,testing,11,97,0,0.0,0.0,0.0,0.0
B,R03,testing,11,98,0,0.0,0.0,0.0,0.0
B,R03,testing,11,99,0,0.0,0.0,0.0,0.0
B,R03,testing,11,100,0,0.0,0.0,0.0,0.0
B,R03,testing,11,101,0,0.0,0.0,0.0,0.0
B,R03,testing,11,102,0,0.0,0.0,0.0,0.0
B,R03,testing,11,103,0,0.0,0.0,0.0,0.0
B,R03,testing,11,104,0,0.0,0.0,0.0,0.0
B,R03,testing,11,105,0,0.0,0.0,0.0,0.0
B,R03,testing,11,106,0,0.0,0.0,0.0,0.0
B,R03,testing,11,107,0,0.0,0.0,0.0,0.0
B,R03,testing,11,108,0,0.0,0.0,0.0,0.0
B,R03,testing,11,109,0,0.0,0.0,0.0,0.0
B,R03,testing,11,110,0,0.0,0.0,0.0,0.0
B,R03,testing,11,111,0,0.0,0.0,0.0,0.0
B,R03,testing,11,112,0,0.0,0.0,0.0,0.0
B,R03,testing,11,113,0,0.0,0.0,0.0,0.0
B,R03,testing,11,114,0,0.0,0.0,0.0,0.0
B,R03,testing,11,115,0,0.0,0.0,0.0,0.0
B,R03,testing,11,116,0,0.0,0.0,0.0,0.0
B,R03,testing,11,117,0,0.0,0.0,0.0,0.0
B,R03,testing,11,118,0,0.0,0.0,0.0,0.0
B,R03,testing,11,119,0,0.0,0.0,0.0,0.0
B,R03,testing,11,120,0,0.0,0.0,0.0,0.0
B,R03,testing,11,121,0,0.0,0.0,0.0,0.0
B,R03,testing,11,122,0,0.0,0.0,0.0,0.0
B,R03,testing,11,123,0,0.0,0.0,0.0,0.0
B,R03,testing,11,124,0,0.0,0.0,0.0,0.0
B,R03,testing,11,125,0,0.0,0.0,0.0,0.0
B,R03,testing,11,126,0,0.0,0.0,0.0,0.0
B,R03,testing,11,127,0,0.0,0.0,0.0,0.0
B,R03,testing,11,128,0,0.0,0.0,0.0,0.0
B,R03,testing,11,129,0,0.0,0.0,0.0,0.0
B,R03,testing,11,130,0,0.0,0.0,0.0,0.0
B,R03,testing,11,131,0,0.0,0.0,0.0,0.0
B,R03,testing,11,132,0,0.0,0.0,0.0,0.0
B,R03,testing,11,133,0,0.0,0.0,0.0,0.0
B,R03,testing,11,134,0,0.0,0.0,0.0,0.0
B,R03,testing,11,135,0,0.0,0.0,0.0,0.0
B,R03,testing,11,136,0,0.0,0.0,0.0,0.0
B,R03,testing,11,137,0,0.0,0.0,0.0,0.0
B,R03,testing,11,138,0,0.0,0.0,0.0,0.0
B,R03,testing,11,139,0,0.0,0.0,0.0,0.0
B,R03,testing,11,140,0,0.0,0.0,0.0,0.0
B,R03,testing,11,141,0,0.0,0.0,0.0,0.0
B,R03,testing,11,142,0,0.0,0.0,0.0,0.0
B,R03,testing,11,143,0,0.0,0.0,0.0,0.0
B,R03,testing,11,144,0,0.0,0.0,0.0,0.0
B,R03,testing,11,145,0,0.0,0.0,0.0,0.0
B,R03,testing,11,146,0,0.0,0.0,0.0,0.0
B,R03,testing,11,147,0,0.0,0.0,0.0,0.0
B,R03,testing,11,148,0,0.0,0.0,0.0,0.0
B,R03,testing,11,149,0,0.0,0.0,0.0,0.0
B,R03,testing,11,150,0,0.0,0.0,0.0,0.0
B,R03,testing,11,151,0,0.0,0.0,0.0,0.0
B,R03,testing,11,152,0,0.0,0.0,0.0,0.0
B,R03,testing,11,153,0,0.0,0.0,0.0,0.0
B,R03,testing,11,154,0,0.0,0.0,0.0,0.0
B,R03,testing,11,155,0,0.0,0.0,0.0,0.0
B,R03,testing,11,156,0,0.0,0.0,0.0,0.0
B,R03,testing,11,157,0,0.0,0.0,0.0,0.0
B,R03,testing,11,158,0,0.0,0.0,0.0,0.0
B,R03,testing,11,159,0,0.0,0.0,0.0,0.0
B,R03,testing,11,160,0,0.0,0.0,0.0,0.0
B,R03,testing,11,161,0,0.0,0.0,0.0,0.0
B,R03,testing,11,162,0,0.0,0.0,0.0,0.0
B,R03,testing,11,163,0,0.0,0.0,0.0,0.0
B,R03,testing,11,164,0,0.0,0.0,0.0,0.0
B,R03,testing,11,165,0,0.0,0.0,0.0,0.0
B,R03,testing,11,166,0,0.0,0.0,0.0,0.0
B,R03,testing,11,167,0,0.0,0.0,0.0,0.0
B,R03,testing,11,168,0,0.0,0.0,0.0,0.0
B,R03,testing,11,169,0,0.0,0.0,0.0,0.0
B,R03,testing,11,170,0,0.0,0.0,0.0,0.0
B,R03,testing,11,171,0,0.0,0.0,0.0,0.0
B,R03,testing,11,172,0,0.0,0.0,0.0,0.0
B,R03,testing,11,173,0,0.0,0.0,0.0,0.0
B,R03,testing,11,174,0,0.0,0.0,0.0,0.0
B,R03,testing,11,175,0,0.0,0.0,0.0,0.0
B,R03,testing,11,176,0,0.0,0.0,0.0,0.0
B,R03,testing,11,177,0,0.0,0.0,0.0,0.0
B,R03,testing,11,178,0,0.0,0.0,0.0,0.0
B,R03,testing,11,179,0,0.0,0.0,0.0,0.0
B,R03,testing,11,180,0,0.0,0.0,0.0,0.0
B,R03,testing,11,181,0,0.0,0.0,0.0,0.0
B,R03,testing,11,182,0,0.0,0.0,0.0,0.0
B,R03,testing,11,183,0,0.0,0.0,0.0,0.0
B,R03,testing,11,184,0,0.0,0.0,0.0,0.0
B,R03,testing,11,185,0,0.0,0.0,0.0,0.0
B,R03,testing,11,186,0,0.0,0.0,0.0,0.0
B,R03,testing,11,187,0,0.0,0.0,0.0,0.0
B,R03,testing,11,188,0,0.0,0.0,0.0,0.0
B,R03,testing,11,189,0,0.0,0.0,0.0,0.0
B,R03,testing,11,190,0,0.0,0.0,0.0,0.0
B,R03,testing,11,191,0,0.0,0.0,0.0,0.0
B,R03,testing,11,192,0,0.0,0.0,0.0,0.0
B,R03,testing,11,193,0,0.0,0.0,0.0,0.0
B,R03,testing,11,194,0,0.0,0.0,0.0,0.0
B,R03,testing,11,195,0,0.0,0.0,0.0,0.0
B,R03,testing,11,196,0,0.0,0.0,0.0,0.0
B,R03,testing,11,197,0,0.0,0.0,0.0,0.0
B,R03,testing,11,198,0,0.0,0.0,0.0,0.0
B,R03,testing,11,199,0,0.0,0.0,0.0,0.0
B,R03,testing,11,200,0,0.0,0.0,0.0,0.0
B,R03,testing,11,201,0,0.0,0.0,0.0,0.0
B,R03,testing,11,202,0,0.0,0.0,0.0,0.0
B,R03,testing,11,203,0,0.0,0.0,0.0,0.0
B,R03,testing,11,204,0,0.0,0.0,0.0,0.0
B,R03,testing,11,205,0,0.0,0.0,0.0,0.0
B,R03,testing,11,206,0,0.0,0.0,0.0,0.0
B,R03,testing,11,207,0,0.0,0.0,0.0,0.0
B,R03,testing,11,208,0,0.0,0.0,0.0,0.0
B,R03,testing,11,209,0,0.0,0.0,0.0,0.0
B,R03,testing,11,210,0,0.0,0.0,0.0,0.0
B,R03,testing,11,211,0,0.0,0.0,0.0,0.0
B,R03,testing,11,212,0,0.0,0.0,0.0,0.0
B,R03,testing,11,213,0,0.0,0.0,0.0,0.0
B,R03,testing,11,214,0,0.0,0.0,0.0,0.0
B,R03,testing,11,215,0,0.0,0.0,0.0,0.0
B,R03,testing,11,216,0,0.0,0.0,0.0,0.0
B,R03,testing,11,217,0,0.0,0.0,0.0,0.0
B,R03,testing,11,218,0,0.0,0.0,0.0,0.0
B,R03,testing,11,219,0,0.0,0.0,0.0,0.0
B,R03,testing,11,220,0,0.0,0.0,0.0,0.0
B,R03,testing,11,221,0,0.0,0.0,0.0,0.0
B,R03,testing,11,222,0,0.0,0.0,0.0,0.0
B,R03,testing,11,223,0,0.0,0.0,0.0,0.0
B,R03,testing,11,224,0,0.0,0.0,0.0,0.0
B,R03,testing,11,225,0,0.0,0.0,0.0,0.0
B,R03,testing,11,226,0,0.0,0.0,0.0,0.0
B,R03,testing,11,227,0,0.0,0.0,0.0,0.0
B,R03,testing,11,228,0,0.0,0.0,0.0,0.0
B,R03,testing,11,229,0,0.0,0.0,0.0,0.0
B,R03,testing,11,230,0,0.0,0.0,0.0,0.0
B,R03,testing,11,231,0,0.0,0.0,0.0,0.0
B,R03,testing,11,232,0,0.0,0.0,0.0,0.0
B,R03,testing,11,233,0,0.0,0.0,0.0,0.0
B,R03,testing,11,234,0,0.0,0.0,0.0,0.0
B,R03,testing,11,235,0,0.0,0.0,0.0,0.0
B,R03,testing,11,236,0,0.0,0.0,0.0,0.0
B,R03,testing,11,237,0,0.0,0.0,0.0,0.0
B,R03,testing,11,238,0,0.0,0.0,0.0,0.0
B,R03,testing,11,239,0,0.0,0.0,0.0,0.0
B,R03,testing,11,240,0,0.0,0.0,0.0,0.0
B,R03,testing,11,241,0,0.0,0.0,0.0,0.0
B,R03,testing,11,242,0,0.0,0.0,0.0,0.0
B,R03,testing,11,243,0,0.0,0.0,0.0,0.0
B,R03,testing,11,244,0,0.0,0.0,0.0,0.0
B,R03,testing,11,245,0,0.0,0.0,0.0,0.0
B,R03,testing,11,246,0,0.0,0.0,0.0,0.0
B,R03,testing,11,247,0,0.0,0.0,0.0,0.0
B,R03,testing,11,248,0,0.0,0.0,0.0,0.0
B,R03,testing,11,249,0,0.0,0.0,0.0,0.0
B,R03,testing,11,250,0,0.0,0.0,0.0,0.0
B,R03,testing,11,251,0,0.0,0.0,0.0,0.0
B,R03,testing,11,252,0,0.0,0.0,0.0,0.0
B,R03,testing,11,253,0,0.0,0.0,0.0,0.0
B,R03,testing,11,254,0,0.0,0.0,0.0,0.0
B,R03,testing,11,255,0,0.0,0.0,0.0,0.0
B,R03,testing,11,256,0,0.0,0.0,0.0,0.0
B,R03,testing,11,257,0,0.0,0.0,0.0,0.0
B,R03,testing,11,258,0,0.0,0.0,0.0,0.0
B,R03,testing,11,259,0,0.0,0.0,0.0,0.0
B,R03,testing,11,260,0,0.0,0.0,0.0,0.0
B,R03,testing,11,261,0,0.0,0.0,0.0,0.0
B,R03,testing,11,262,0,0.0,0.0,0.0,0.0
B,R03,testing,11,263,0,0.0,0.0,0.0,0.0
B,R03,testing,11,264,0,0.0,0.0,0.0,0.0
B,R03,testing,11,265,0,0.0,0.0,0.0,0.0
B,R03,testing,11,266,0,0.0,0.0,0.0,0.0
B,R03,testing,11,267,0,0.0,0.0,0.0,0.0
B,R03,testing,11,268,0,0.0,0.0,0.0,0.0
B,R03,testing,11,269,0,0.0,0.0,0.0,0.0
B,R03,testing,11,270,0,0.0,0.0,0.0,0.0
B,R03,testing,11,271,0,0.0,0.0,0.0,0.0
B,R03,testing,11,272,0,0.0,0.0,0.0,0.0
B,R03,testing,11,273,0,0.0,0.0,0.0,0.0
B,R03,testing,11,274,0,0.0,0.0,0.0,0.0
B,R03,testing,11,275,0,0.0,0.0,0.0,0.0
B,R03,testing,11,276,0,0.0,0.0,0.0,0.0
B,R03,testing,11,277,0,0.0,0.0,0.0,0.0
B,R03,testing,11,278,0,0.0,0.0,0.0,0.0
B,R03,testing,11,279,0,0.0,0.0,0.0,0.0
B,R03,testing,11,280,0,0.0,0.0,0.0,0.0
B,R03,testing,11,281,0,0.0,0.0,0.0,0.0
B,R03,testing,11,282,0,0.0,0.0,0.0,0.0
B,R03,testing,11,283,0,0.0,0.0,0.0,0.0
B,R03,testing,11,284,0,0.0,0.0,0.0,0.0
B,R03,testing,11,285,0,0.0,0.0,0.0,0.0
B,R03,testing,11,286,0,0.0,0.0,0.0,0.0
B,R03,testing,11,287,0,0.0,0.0,0.0,0.0
B,R03,testing,11,288,0,0.0,0.0,0.0,0.0
B,R03,testing,11,289,0,0.0,0.0,0.0,0.0
B,R03,testing,11,290,0,0.0,0.0,0.0,0.0
B,R03,testing,11,291,0,0.0,0.0,0.0,0.0
B,R03,testing,11,292,0,0.0,0.0,0.0,0.0
B,R03,testing,11,293,0,0.0,0.0,0.0,0.0
B,R03,testing,11,294,0,0.0,0.0,0.0,0.0
B,R03,testing,11,295,0,0.0,0.0,0.0,0.0
B,R03,testing,11,296,0,0.0,0.0,0.0,0.0
B,R03,testing,11,297,0,0.0,0.0,0.0,0.0
B,R03,testing,11,298,0,0.0,0.0,0.0,0.0
B,R03,testing,11,299,0,0.0,0.0,0.0,0.0
B,R03,testing,11,300,0,0.0,0.0,0.0,0.0
B,R03,testing,11,301,0,0.0,0.0,0.0,0.0
B,R03,testing,11,302,0,0.0,0.0,0.0,0.0
B,R03,testing,11,303,0,0.0,0.0,0.0,0.0
B,R03,testing,11,304,0,0.0,0.0,0.0,0.0
B,R03,testing,11,305,0,0.0,0.0,0.0,0.0
B,R03,testing,11,306,0,0.0,0.0,0.0,0.0
B,R03,testing,11,307,0,0.0,0.0,0.0,0.0
B,R03,testing,11,308,0,0.0,0.0,0.0,0.0
B,R03,testing,11,309,0,0.0,0.0,0.0,0.0
B,R03,testing,11,310,0,0.0,0.0,0.0,0.0
B,R03,testing,11,311,0,0.0,0.0,0.0,0.0
B,R03,testing,11,312,0,0.0,0.0,0.0,0.0
B,R03,testing,11,313,0,0.0,0.0,0.0,0.0
B,R03,testing,11,314,0,0.0,0.0,0.0,0.0
B,R03,testing,11,315,0,0.0,0.0,0.0,0.0
B,R03,testing,11,316,0,0.0,0.0,0.0,0.0
B,R03,testing,11,317,0,0.0,0.0,0.0,0.0
B,R03,testing,11,318,0,0.0,0.0,0.0,0.0
B,R03,testing,11,319,0,0.0,0.0,0.0,0.0
B,R03,testing,11,320,0,0.0,0.0,0.0,0.0
B,R03,testing,11,321,0,0.0,0.0,0.0,0.0
B,R03,testing,11,322,0,0.0,0.0,0.0,0.0
B,R03,testing,11,323,0,0.0,0.0,0.0,0.0
B,R03,testing,11,324,0,0.0,0.0,0.0,0.0
B,R03,testing,11,325,0,0.0,0.0,0.0,0.0
B,R03,testing,11,326,0,0.0,0.0,0.0,0.0
B,R03,testing,11,327,0,0.0,0.0,0.0,0.0
B,R03,testing,11,328,0,0.0,0.0,0.0,0.0
B,R03,testing,11,329,0,0.0,0.0,0.0,0.0
B,R03,testing,11,330,0,0.0,0.0,0.0,0.0
B,R03,testing,11,331,0,0.0,0.0,0.0,0.0
B,R03,testing,11,332,0,0.0,0.0,0.0,0.0
B,R03,testing,11,333,0,0.0,0.0,0.0,0.0
B,R03,testing,11,334,0,0.0,0.0,0.0,0.0
B,R03,testing,11,335,0,0.0,0.0,0.0,0.0
B,R03,testing,11,336,0,0.0,0.0,0.0,0.0
B,R03,testing,11,337,0,0.0,0.0,0.0,0.0
B,R03,testing,11,338,0,0.0,0.0,0.0,0.0
B,R03,testing,11,339,0,0.0,0.0,0.0,0.0
B,R03,testing,11,340,0,0.0,0.0,0.0,0.0
B,R03,testing,11,341,0,0.0,0.0,0.0,0.0
B,R03,testing,11,342,0,0.0,0.0,0.0,0.0
B,R03,testing,11,343,0,0.0,0.0,0.0,0.0
B,R03,testing,11,344,0,0.0,0.0,0.0,0.0
B,R03,testing,11,345,0,0.0,0.0,0.0,0.0
B,R03,testing,11,346,0,0.0,0.0,0.0,0.0
B,R03,testing,11,347,0,0.0,0.0,0.0,0.0
B,R03,testing,11,348,0,0.0,0.0,0.0,0.0
B,R03,testing,11,349,0,0.0,0.0,0.0,0.0
B,R03,testing,11,350,0,0.0,0.0,0.0,0.0
B,R03,testing,11,351,0,0.0,0.0,0.0,0.0
B,R03,testing,11,352,0,0.0,0.0,0.0,0.0
B,R03,testing,11,353,0,0.0,0.0,0.0,0.0
B,R03,testing,11,354,0,0.0,0.0,0.0,0.0
B,R03,testing,11,355,0,0.0,0.0,0.0,0.0
B,R03,testing,11,356,0,0.0,0.0,0.0,0.0
B,R03,testing,11,357,0,0.0,0.0,0.0,0.0
B,R03,testing,11,358,0,0.0,0.0,0.0,0.0
B,R03,testing,11,359,0,0.0,0.0,0.0,0.0
B,R03,testing,11,360,0,0.0,0.0,0.0,0.0
B,R03,testing,11,361,0,0.0,0.0,0.0,0.0
B,R03,testing,11,362,0,0.0,0.0,0.0,0.0
B,R03,testing,11,363,0,0.0,0.0,0.0,0.0
B,R03,testing,11,364,0,0.0,0.0,0.0,0.0
B,R03,testing,11,365,0,0.0,0.0,0.0,0.0
B,R03,testing,11,366,0,0.0,0.0,0.0,0.0
B,R03,testing,11,367,0,0.0,0.0,0.0,0.0
B,R03,testing,11,368,0,0.0,0.0,0.0,0.0
B,R03,testing,11,369,0,0.0,0.0,0.0,0.0
B,R03,testing,11,370,0,0.0,0.0,0.0,0.0
B,R03,testing,11,371,0,0.0,0.0,0.0,0.0
B,R03,testing,11,372,0,0.0,0.0,0.0,0.0
B,R03,testing,11,373,0,0.0,0.0,0.0,0.0
B,R03,testing,11,374,0,0.0,0.0,0.0,0.0
B,R03,testing,11,375,0,0.0,0.0,0.0,0.0
B,R03,testing,11,376,0,0.0,0.0,0.0,0.0
B,R03,testing,11,377,0,0.0,0.0,0.0,0.0
B,R03,testing,11,378,0,0.0,0.0,0.0,0.0
B,R03,testing,11,379,0,0.0,0.0,0.0,0.0
B,R03,testing,11,380,0,0.0,0.0,0.0,0.0
B,R03,testing,11,381,0,0.0,0.0,0.0,0.0
B,R03,testing,11,382,0,0.0,0.0,0.0,0.0
B,R03,testing,11,383,0,0.0,0.0,0.0,0.0
B,R03,testing,11,384,0,0.0,0.0,0.0,0.0
B,R03,testing,11,385,0,0.0,0.0,0.0,0.0
B,R03,testing,11,386,0,0.0,0.0,0.0,0.0
B,R03,testing,11,387,0,0.0,0.0,0.0,0.0
B,R03,testing,11,388,0,0.0,0.0,0.0,0.0
B,R03,testing,11,389,0,0.0,0.0,0.0,0.0
B,R03,testing,11,390,0,0.0,0.0,0.0,0.0
B,R03,testing,11,391,0,0.0,0.0,0.0,0.0
B,R03,testing,11,392,0,0.0,0.0,0.0,0.0
B,R03,testing,11,393,0,0.0,0.0,0.0,0.0
B,R03,testing,11,394,0,0.0,0.0,0.0,0.0
B,R03,testing,11,395,0,0.0,0.0,0.0,0.0
B,R03,testing,11,396,0,0.0,0.0,0.0,0.0
B,R03,testing,11,397,0,0.0,0.0,0.0,0.0
B,R03,testing,11,398,0,0.0,0.0,0.0,0.0
B,R03,testing,11,399,0,0.0,0.0,0.0,0.0
B,R03,testing,11,400,0,0.0,0.0,0.0,0.0
B,R03,testing,11,401,0,0.0,0.0,0.0,0.0
B,R03,testing,11,402,0,0.0,0.0,0.0,0.0
B,R03,testing,11,403,0,0.0,0.0,0.0,0.0
B,R03,testing,11,404,0,0.0,0.0,0.0,0.0
B,R03,testing,11,405,0,0.0,0.0,0.0,0.0
B,R03,testing,11,406,0,0.0,0.0,0.0,0.0
B,R03,testing,11,407,0,0.0,0.0,0.0,0.0
B,R03,testing,11,408,0,0.0,0.0,0.0,0.0
B,R03,testing,11,409,0,0.0,0.0,0.0,0.0
B,R03,testing,11,410,0,0.0,0.0,0.0,0.0
B,R03,testing,11,411,0,0.0,0.0,0.0,0.0
B,R03,testing,11,412,0,0.0,0.0,0.0,0.0
B,R03,testing,11,413,0,0.0,0.0,0.0,0.0
B,R03,testing,11,414,0,0.0,0.0,0.0,0.0
B,R03,testing,11,415,0,0.0,0.0,0.0,0.0
B,R03,testing,11,416,0,0.0,0.0,0.0,0.0
B,R03,testing,11,417,0,0.0,0.0,0.0,0.0
B,R03,testing,11,418,0,0.0,0.0,0.0,0.0
B,R03,testing,11,419,0,0.0,0.0,0.0,0.0
B,R03,testing,11,420,0,0.0,0.0,0.0,0.0
B,R03,testing,11,421,0,0.0,0.0,0.0,0.0
B,R03,testing,11,422,0,0.0,0.0,0.0,0.0
B,R03,testing,11,423,0,0.0,0.0,0.0,0.0
B,R03,testing,11,424,0,0.0,0.0,0.0,0.0
B,R03,testing,11,425,0,0.0,0.0,0.0,0.0
B,R03,testing,11,426,0,0.0,0.0,0.0,0.0
B,R03,testing,11,427,0,0.0,0.0,0.0,0.0
B,R03,testing,11,428,0,0.0,0.0,0.0,0.0
B,R03,testing,11,429,0,0.0,0.0,0.0,0.0
B,R03,testing,11,430,0,0.0,0.0,0.0,0.0
B,R03,testing,11,431,0,0.0,0.0,0.0,0.0
B,R03,testing,11,432,0,0.0,0.0,0.0,0.0
B,R03,testing,11,433,0,0.0,0.0,0.0,0.0
B,R03,testing,11,434,0,0.0,0.0,0.0,0.0
B,R03,testing,11,435,0,0.0,0.0,0.0,0.0
B,R03,testing,11,436,0,0.0,0.0,0.0,0.0
B,R03,testing,11,437,0,0.0,0.0,0.0,0.0
B,R03,testing,11,438,0,0.0,0.0,0.0,0.0
B,R03,testing,11,439,0,0.0,0.0,0.0,0.0
B,R03,testing,11,440,0,0.0,0.0,0.0,0.0
B,R03,testing,11,441,0,0.0,0.0,0.0,0.0
B,R03,testing,11,442,0,0.0,0.0,0.0,0.0
B,R03,testing,11,443,0,0.0,0.0,0.0,0.0
B,R03,testing,11,444,0,0.0,0.0,0.0,0.0
B,R03,testing,11,445,0,0.0,0.0,0.0,0.0
B,R03,testing,11,446,0,0.0,0.0,0.0,0.0
B,R03,testing,11,447,0,0.0,0.0,0.0,0.0
B,R03,testing,11,448,0,0.0,0.0,0.0,0.0
B,R03,testing,11,449,0,0.0,0.0,0.0,0.0
B,R03,testing,11,450,0,0.0,0.0,0.0,0.0
B,R03,testing,11,451,0,0.0,0.0,0.0,0.0
B,R03,testing,11,452,0,0.0,0.0,0.0,0.0
B,R03,testing,11,453,0,0.0,0.0,0.0,0.0
B,R03,testing,11,454,0,0.0,0.0,0.0,0.0
B,R03,testing,11,455,0,0.0,0.0,0.0,0.0
B,R03,testing,11,456,0,0.0,0.0,0.0,0.0
B,R03,testing,11,457,0,0.0,0.0,0.0,0.0
B,R03,testing,11,458,0,0.0,0.0,0.0,0.0
B,R03,testing,11,459,0,0.0,0.0,0.0,0.0
B,R03,testing,11,460,0,0.0,0.0,0.0,0.0
B,R03,testing,11,461,0,0.0,0.0,0.0,0.0
B,R03,testing,11,462,0,0.0,0.0,0.0,0.0
B,R03,testing,11,463,0,0.0,0.0,0.0,0.0
B,R03,testing,11,464,0,0.0,0.0,0.0,0.0
B,R03,testing,11,465,0,0.0,0.0,0.0,0.0
B,R03,testing,11,466,0,0.0,0.0,0.0,0.0
B,R03,testing,11,467,0,0.0,0.0,0.0,0.0
B,R03,testing,11,468,0,0.0,0.0,0.0,0.0
B,R03,testing,11,469,0,0.0,0.0,0.0,0.0
B,R03,testing,11,470,0,0.0,0.0,0.0,0.0
B,R03,testing,11,471,0,0.0,0.0,0.0,0.0
B,R03,testing,11,472,0,0.0,0.0,0.0,0.0
B,R03,testing,11,473,0,0.0,0.0,0.0,0.0
B,R03,testing,11,474,0,0.0,0.0,0.0,0.0
B,R03,testing,11,475,0,0.0,0.0,0.0,0.0
B,R03,testing,11,476,0,0.0,0.0,0.0,0.0
B,R03,testing,11,477,0,0.0,0.0,0.0,0.0
B,R03,testing,11,478,0,0.0,0.0,0.0,0.0
B,R03,testing,11,479,0,0.0,0.0,0.0,0.0
B,R03,testing,11,480,0,0.0,0.0,0.0,0.0
B,R03,testing,11,481,0,0.0,0.0,0.0,0.0
B,R03,testing,11,482,0,0.0,0.0,0.0,0.0
B,R03,testing,11,483,0,0.0,0.0,0.0,0.0
B,R03,testing,11,484,0,0.0,0.0,0.0,0.0
B,R03,testing,11,485,0,0.0,0.0,0.0,0.0
B,R03,testing,11,486,0,0.0,0.0,0.0,0.0
B,R03,testing,11,487,0,0.0,0.0,0.0,0.0
B,R03,testing,11,488,0,0.0,0.0,0.0,0.0
B,R03,testing,11,489,0,0.0,0.0,0.0,0.0
B,R03,testing,11,490,1,0.0,0.0,0.0,0.0
B,R03,testing,11,491,1,0.0,0.0,0.0,0.0
B,R03,testing,11,492,1,0.0,0.0,0.0,0.0
B,R03,testing,11,493,1,0.0,0.0,0.0,0.0
B,R03,testing,11,494,1,0.0,0.0,0.0,0.0
B,R03,testing,11,495,1,0.0,0.0,0.0,0.0
B,R03,testing,11,496,1,0.0,0.0,0.0,0.0
B,R03,testing,11,497,1,0.0,0.0,0.0,0.0
B,R03,testing,11,498,1,0.0,0.0,0.0,0.0
B,R03,testing,11,499,1,0.0,0.0,0.0,0.0
B,R03,testing,11,500,1,0.0,0.0,0.0,0.0
B,R03,testing,11,501,1,0.0,0.0,0.0,0.0
B,R03,testing,11,502,1,0.0,0.0,0.0,0.0
B,R03,testing,11,503,1,0.0,0.0,0.0,0.0
B,R03,testing,11,504,1,0.0,0.0,0.0,0.0
B,R03,testing,11,505,1,0.0,0.0,0.0,0.0
B,R03,testing,11,506,1,0.0,0.0,0.0,0.0
B,R03,testing,11,507,1,0.0,0.0,0.0,0.0
B,R03,testing,11,508,1,0.0,0.0,0.0,0.0
B,R03,testing,11,509,1,0.0,0.0,0.0,0.0
B,R03,testing,11,510,1,0.0,0.0,0.0,0.0
B,R03,testing,11,511,1,0.0,0.0,0.0,0.0
B,R03,testing,11,512,1,0.0,0.0,0.0,0.0
B,R03,testing,11,513,1,0.0,0.0,0.0,0.0
B,R03,testing,11,514,1,0.0,0.0,0.0,0.0
B,R03,testing,11,515,1,0.0,0.0,0.0,0.0
B,R03,testing,11,516,1,0.0,0.0,0.0,0.0
B,R03,testing,11,517,1,0.0,0.0,0.0,0.0
B,R03,testing,11,518,1,0.0,0.0,0.0,0.0
B,R03,testing,11,519,1,0.0,0.0,0.0,0.0
B,R03,testing,11,520,1,0.0,0.0,0.0,0.0
B,R03,testing,11,521,1,0.0,0.0,0.0,0.0
B,R03,testing,11,522,1,0.0,0.0,0.0,0.0
B,R03,testing,11,523,1,0.0,0.0,0.0,0.0
B,R03,testing,11,524,1,0.0,0.0,0.0,0.0
B,R03,testing,11,525,1,0.0,0.0,0.0,0.0
B,R03,testing,11,526,1,0.0,0.0,0.0,0.0
B,R03,testing,11,527,1,0.0,0.0,0.0,0.0
B,R03,testing,11,528,1,0.0,0.0,0.0,0.0
B,R03,testing,11,529,1,0.0,0.0,0.0,0.0
B,R03,testing,11,530,1,0.0,0.0,0.0,0.0
B,R03,testing,11,531,1,0.0,0.0,0.0,0.0
B,R03,testing,11,532,1,0.0,0.0,0.0,0.0
B,R03,testing,11,533,1,0.0,0.0,0.0,0.0
B,R03,testing,11,534,1,0.0,0.0,0.0,0.0
B,R03,testing,11,535,1,0.0,0.0,0.0,0.0
B,R03,testing,11,536,1,0.0,0.0,0.0,0.0
B,R03,testing,11,537,1,0.0,0.0,0.0,0.0
B,R03,testing,11,538,1,0.0,0.0,0.0,0.0
B,R03,testing,11,539,1,0.0,0.0,0.0,0.0
B,R03,testing,11,540,1,0.0,0.0,0.0,0.0
B,R03,testing,11,541,1,0.0,0.0,0.0,0.0
B,R03,testing,11,542,1,0.0,0.0,0.0,0.0
B,R03,testing,11,543,1,0.0,0.0,0.0,0.0
B,R03,testing,11,544,1,0.0,0.0,0.0,0.0
B,R03,testing,11,545,1,0.0,0.0,0.0,0.0
B,R03,testing,11,546,1,0.0,0.0,0.0,0.0
B,R03,testing,11,547,1,0.0,0.0,0.0,0.0
B,R03,testing,11,548,1,0.0,0.0,0.0,0.0
B,R03,testing,11,549,1,0.0,0.0,0.0,0.0
B,R03,testing,11,550,1,0.0,0.0,0.0,0.0
B,R03,testing,11,551,1,0.0,0.0,0.0,0.0
B,R03,testing,11,552,1,0.0,0.0,0.0,0.0
B,R03,testing,11,553,1,0.0,0.0,0.0,0.0
B,R03,testing,11,554,1,0.0,0.0,0.0,0.0
B,R03,testing,11,555,1,0.0,0.0,0.0,0.0
B,R03,testing,11,556,1,0.0,0.0,0.0,0.0
B,R03,testing,11,557,1,0.0,0.0,0.0,0.0
B,R03,testing,11,558,1,0.0,0.0,0.0,0.0
B,R03,testing,11,559,1,0.0,0.0,0.0,0.0
B,R03,testing,11,560,1,0.0,0.0,0.0,0.0
B,R03,testing,11,561,1,0.0,0.0,0.0,0.0
B,R03,testing,11,562,1,0.0,0.0,0.0,0.0
B,R03,testing,11,563,1,0.0,0.0,0.0,0.0
B,R03,testing,11,564,1,0.0,0.0,0.0,0.0
B,R03,testing,11,565,1,0.0,0.0,0.0,0.0
B,R03,testing,11,566,1,0.0,0.0,0.0,0.0
B,R03,testing,11,567,1,0.0,0.0,0.0,0.0
B,R03,testing,11,568,1,0.0,0.0,0.0,0.0
B,R03,testing,11,569,1,0.0,0.0,0.0,0.0
B,R03,testing,11,570,1,0.0,0.0,0.0,0.0
B,R03,testing,11,571,1,0.0,0.0,0.0,0.0
B,R03,testing,11,572,1,0.0,0.0,0.0,0.0
B,R03,testing,11,573,1,0.0,0.0,0.0,0.0
B,R03,testing,11,574,1,0.0,0.0,0.0,0.0
B,R03,testing,11,575,1,0.0,0.0,0.0,0.0
B,R03,testing,11,576,1,0.0,0.0,0.0,0.0
B,R03,testing,11,577,1,0.0,0.0,0.0,0.0
B,R03,testing,11,578,1,0.0,0.0,0.0,0.0
B,R03,testing,11,579,1,0.0,0.0,0.0,0.0
B,R03,testing,11,580,1,0.0,0.0,0.0,0.0
B,R03,testing,11,581,1,0.0,0.0,0.0,0.0
B,R03,testing,11,582,1,0.0,0.0,0.0,0.0
B,R03,testing,11,583,1,0.0,0.0,0.0,0.0
B,R03,testing,11,584,1,0.0,0.0,0.0,0.0
B,R03,testing,11,585,1,0.0,0.0,0.0,0.0
B,R03,testing,11,586,1,0.0,0.0,0.0,0.0
B,R03,testing,11,587,1,0.0,0.0,0.0,0.0
B,R03,testing,11,588,1,0.0,0.0,0.0,0.0
B,R03,testing,11,589,1,0.0,0.0,0.0,0.0
B,R03,testing,11,590,1,0.0,0.0,0.0,0.0
B,R03,testing,11,591,1,0.0,0.0,0.0,0.0
B,R03,testing,11,592,1,0.0,0.0,0.0,0.0
B,R03,testing,11,593,1,0.0,0.0,0.0,0.0
B,R03,testing,11,594,1,0.0,0.0,0.0,0.0
B,R03,testing,11,595,1,0.0,0.0,0.0,0.0
B,R03,testing,11,596,1,0.0,0.0,0.0,0.0
B,R03,testing,11,597,1,0.0,0.0,0.0,0.0
B,R03,testing,11,598,1,0.0,0.0,0.0,0.0
B,R03,testing,11,599,1,0.0,0.0,0.0,0.0
B,R03,testing,11,600,1,0.0,0.0,0.0,0.0
B,R03,testing,11,601,1,0.0,0.0,0.0,0.0
B,R03,testing,11,602,1,0.0,0.0,0.0,0.0
B,R03,testing,11,603,1,0.0,0.0,0.0,0.0
B,R03,testing,11,604,1,0.0,0.0,0.0,0.0
B,R03,testing,11,605,1,0.0,0.0,0.0,0.0
B,R03,testing,11,606,1,0.0,0.0,0.0,0.0
B,R03,testing,11,607,1,0.0,0.0,0.0,0.0
B,R03,testing,11,608,1,0.0,0.0,0.0,0.0
B,R03,testing,11,609,1,0.0,0.0,0.0,0.0
B,R03,testing,11,610,1,0.0,0.0,0.0,0.0
B,R03,testing,11,611,1,0.0,0.0,0.0,0.0
B,R03,testing,11,612,1,0.0,0.0,0.0,0.0
B,R03,testing,11,613,1,0.0,0.0,0.0,0.0
B,R03,testing,11,614,1,0.0,0.0,0.0,0.0
B,R03,testing,11,615,1,0.0,0.0,0.0,0.0
B,R03,testing,11,616,1,0.0,0.0,0.0,0.0
B,R03,testing,11,617,1,0.0,0.0,0.0,0.0
B,R03,testing,11,618,1,0.0,0.0,0.0,0.0
B,R03,testing,11,619,1,0.0,0.0,0.0,0.0
B,R03,testing,11,620,1,0.0,0.0,0.0,0.0
B,R03,testing,11,621,1,0.0,0.0,0.0,0.0
B,R03,testing,11,622,1,0.0,0.0,0.0,0.0
B,R03,testing,11,623,1,0.0,0.0,0.0,0.0
B,R03,testing,11,624,1,0.0,0.0,0.0,0.0
B,R03,testing,11,625,1,0.0,0.0,0.0,0.0
B,R03,testing,11,626,1,0.0,0.0,0.0,0.0
B,R03,testing,11,627,1,0.0,0.0,0.0,0.0
B,R03,testing,11,628,1,0.0,0.0,0.0,0.0
B,R03,testing,11,629,1,0.0,0.0,0.0,0.0
B,R03,testing,11,630,1,0.0,0.0,0.0,0.0
B,R03,testing,11,631,1,0.0,0.0,0.0,0.0
B,R03,testing,11,632,1,0.0,0.0,0.0,0.0
B,R03,testing,11,633,1,0.0,0.0,0.0,0.0
B,R03,testing,11,634,1,0.0,0.0,0.0,0.0
B,R03,testing,11,635,1,0.0,0.0,0.0,0.0
B,R03,testing,11,636,1,0.0,0.0,0.0,0.0
B,R03,testing,11,637,1,0.0,0.0,0.0,0.0
B,R03,testing,11,638,1,0.0,0.0,0.0,0.0
B,R03,testing,11,639,1,0.0,0.0,0.0,0.0
B,R03,testing,11,640,1,0.0,0.0,0.0,0.0
B,R03,testing,11,641,1,0.0,0.0,0.0,0.0
B,R03,testing,11,642,1,0.0,0.0,0.0,0.0
B,R03,testing,11,643,1,0.0,0.0,0.0,0.0
B,R03,testing,11,644,1,0.0,0.0,0.0,0.0
B,R03,testing,11,645,1,0.0,0.0,0.0,0.0
B,R03,testing,11,646,1,0.0,0.0,0.0,0.0
B,R03,testing,11,647,1,0.0,0.0,0.0,0.0
B,R03,testing,11,648,1,0.0,0.0,0.0,0.0
B,R03,testing,11,649,1,0.0,0.0,0.0,0.0
B,R03,testing,11,650,1,0.0,0.0,0.0,0.0
B,R03,testing,11,651,1,0.0,0.0,0.0,0.0
B,R03,testing,11,652,1,0.0,0.0,0.0,0.0
B,R03,testing,11,653,1,0.0,0.0,0.0,0.0
B,R03,testing,11,654,1,0.0,0.0,0.0,0.0
B,R03,testing,11,655,1,0.0,0.0,0.0,0.0
B,R03,testing,11,656,1,0.0,0.0,0.0,0.0
B,R03,testing,11,657,1,0.0,0.0,0.0,0.0
B,R03,testing,11,658,1,0.0,0.0,0.0,0.0
B,R03,testing,11,659,1,0.0,0.0,0.0,0.0
B,R03,testing,11,660,1,0.0,0.0,0.0,0.0
B,R03,testing,11,661,1,0.0,0.0,0.0,0.0
B,R03,testing,11,662,1,0.0,0.0,0.0,0.0
B,R03,testing,11,663,1,0.0,0.0,0.0,0.0
B,R03,testing,11,664,1,0.0,0.0,0.0,0.0
B,R03,testing,11,665,1,0.0,0.0,0.0,0.0
B,R03,testing,11,666,1,0.0,0.0,0.0,0.0
B,R03,testing,11,667,1,0.0,0.0,0.0,0.0
B,R03,testing,11,668,1,0.0,0.0,0.0,0.0
B,R03,testing,11,669,1,0.0,0.0,0.0,0.0
B,R03,testing,11,670,1,0.0,0.0,0.0,0.0
B,R03,testing,11,671,1,0.0,0.0,0.0,0.0
B,R03,testing,11,672,1,0.0,0.0,0.0,0.0
B,R03,testing,11,673,1,0.0,0.0,0.0,0.0
B,R03,testing,11,674,1,0.0,0.0,0.0,0.0
B,R03,testing,11,675,1,0.0,0.0,0.0,0.0
B,R03,testing,11,676,1,0.0,0.0,0.0,0.0
B,R03,testing,11,677,1,0.0,0.0,0.0,0.0
B,R03,testing,11,678,1,0.0,0.0,0.0,0.0
B,R03,testing,11,679,1,0.0,0.0,0.0,0.0
B,R03,testing,11,680,1,0.0,0.0,0.0,0.0
B,R03,testing,11,681,1,0.0,0.0,0.0,0.0
B,R03,testing,11,682,1,0.0,0.0,0.0,0.0
B,R03,testing,11,683,1,0.0,0.0,0.0,0.0
B,R03,testing,11,684,1,0.0,0.0,0.0,0.0
B,R03,testing,11,685,1,0.0,0.0,0.0,0.0
B,R03,testing,11,686,1,0.0,0.0,0.0,0.0
B,R03,testing,11,687,1,0.0,0.0,0.0,0.0
B,R03,testing,11,688,1,0.0,0.0,0.0,0.0
B,R03,testing,11,689,1,0.0,0.0,0.0,0.0
B,R03,testing,11,690,1,0.0,0.0,0.0,0.0
B,R03,testing,11,691,1,0.0,0.0,0.0,0.0
B,R03,testing,11,692,1,0.0,0.0,0.0,0.0
B,R03,testing,11,693,1,0.0,0.0,0.0,0.0
B,R03,testing,11,694,1,0.0,0.0,0.0,0.0
B,R03,testing,11,695,1,0.0,0.0,0.0,0.0
B,R03,testing,11,696,1,0.0,0.0,0.0,0.0
B,R03,testing,11,697,1,0.0,0.0,0.0,0.0
B,R03,testing,11,698,1,0.0,0.0,0.0,0.0
B,R03,testing,11,699,1,0.0,0.0,0.0,0.0
B,R03,testing,11,700,1,0.0,0.0,0.0,0.0
B,R03,testing,11,701,1,0.0,0.0,0.0,0.0
B,R03,testing,11,702,1,0.0,0.0,0.0,0.0
B,R03,testing,11,703,1,0.0,0.0,0.0,0.0
B,R03,testing,11,704,1,0.0,0.0,0.0,0.0
B,R03,testing,11,705,1,0.0,0.0,0.0,0.0
C,R03,testing,11,0,0,0.0,0.0,0.0,0.0
C,R03,testing,11,1,0,0.0,0.0,0.0,0.0
C,R03,testing,11,2,0,0.0,0.0,0.0,0.0
C,R03,testing,11,3,0,0.0,0.0,0.0,0.0
C,R03,testing,11,4,0,0.0,0.0,0.0,0.0
C,R03,testing,11,5,0,0.0,0.0,0.0,0.0
C,R03,testing,11,6,0,0.0,0.0,0.0,0.0
C,R03,testing,11,7,0,0.0,0.0,0.0,0.0
C,R03,testing,11,8,0,0.0,0.0,0.0,0.0
C,R03,testing,11,9,0,0.0,0.0,0.0,0.0
C,R03,testing,11,10,0,0.0,0.0,0.0,0.0
C,R03,testing,11,11,0,0.0,0.0,0.0,0.0
C,R03,testing,11,12,0,0.0,0.0,0.0,0.0
C,R03,testing,11,13,0,0.0,0.0,0.0,0.0
C,R03,testing,11,14,0,0.0,0.0,0.0,0.0
C,R03,testing,11,15,0,0.0,0.0,0.0,0.0
C,R03,testing,11,16,0,0.0,0.0,0.0,0.0
C,R03,testing,11,17,0,0.0,0.0,0.0,0.0
C,R03,testing,11,18,0,0.0,0.0,0.0,0.0
C,R03,testing,11,19,0,0.0,0.0,0.0,0.0
C,R03,testing,11,20,0,0.0,0.0,0.0,0.0
C,R03,testing,11,21,0,0.0,0.0,0.0,0.0
C,R03,testing,11,22,0,0.0,0.0,0.0,0.0
C,R03,testing,11,23,0,0.0,0.0,0.0,0.0
C,R03,testing,11,24,0,0.0,0.0,0.0,0.0
C,R03,testing,11,25,0,0.0,0.0,0.0,0.0
C,R03,testing,11,26,0,0.0,0.0,0.0,0.0
C,R03,testing,11,27,0,0.0,0.0,0.0,0.0
C,R03,testing,11,28,0,0.0,0.0,0.0,0.0
C,R03,testing,11,29,0,0.0,0.0,0.0,0.0
C,R03,testing,11,30,0,0.0,0.0,0.0,0.0
C,R03,testing,11,31,0,0.0,0.0,0.0,0.0
C,R03,testing,11,32,0,0.0,0.0,0.0,0.0
C,R03,testing,11,33,0,0.0,0.0,0.0,0.0
C,R03,testing,11,34,0,0.0,0.0,0.0,0.0
C,R03,testing,11,35,0,0.0,0.0,0.0,0.0
C,R03,testing,11,36,0,0.0,0.0,0.0,0.0
C,R03,testing,11,37,0,0.0,0.0,0.0,0.0
C,R03,testing,11,38,0,0.0,0.0,0.0,0.0
C,R03,testing,11,39,0,0.0,0.0,0.0,0.0
C,R03,testing,11,40,0,0.0,0.0,0.0,0.0
C,R03,testing,11,41,0,0.0,0.0,0.0,0.0
C,R03,testing,11,42,0,0.0,0.0,0.0,0.0
C,R03,testing,11,43,0,0.0,0.0,0.0,0.0
C,R03,testing,11,44,0,0.0,0.0,0.0,0.0
C,R03,testing,11,45,0,0.0,0.0,0.0,0.0
C,R03,testing,11,46,0,0.0,0.0,0.0,0.0
C,R03,testing,11,47,0,0.0,0.0,0.0,0.0
C,R03,testing,11,48,0,0.0,0.0,0.0,0.0
C,R03,testing,11,49,0,0.0,0.0,0.0,0.0
C,R03,testing,11,50,0,0.0,0.0,0.0,0.0
C,R03,testing,11,51,0,0.0,0.0,0.0,0.0
C,R03,testing,11,52,0,0.0,0.0,0.0,0.0
C,R03,testing,11,53,0,0.0,0.0,0.0,0.0
C,R03,testing,11,54,0,0.0,0.0,0.0,0.0
C,R03,testing,11,55,0,0.0,0.0,0.0,0.0
C,R03,testing,11,56,0,0.0,0.0,0.0,0.0
C,R03,testing,11,57,0,0.0,0.0,0.0,0.0
C,R03,testing,11,58,0,0.0,0.0,0.0,0.0
C,R03,testing,11,59,0,0.0,0.0,0.0,0.0
C,R03,testing,11,60,0,0.0,0.0,0.0,0.0
C,R03,testing,11,61,0,0.0,0.0,0.0,0.0
C,R03,testing,11,62,0,0.0,0.0,0.0,0.0
C,R03,testing,11,63,0,0.0,0.0,0.0,0.0
C,R03,testing,11,64,0,0.0,0.0,0.0,0.0
C,R03,testing,11,65,0,0.0,0.0,0.0,0.0
C,R03,testing,11,66,0,0.0,0.0,0.0,0.0
C,R03,testing,11,67,0,0.0,0.0,0.0,0.0
C,R03,testing,11,68,0,0.0,0.0,0.0,0.0
C,R03,testing,11,69,0,0.0,0.0,0.0,0.0
C,R03,testing,11,70,0,0.0,0.0,0.0,0.0
C,R03,testing,11,71,0,0.0,0.0,0.0,0.0
C,R03,testing,11,72,0,0.0,0.0,0.0,0.0
C,R03,testing,11,73,0,0.0,0.0,0.0,0.0
C,R03,testing,11,74,0,0.0,0.0,0.0,0.0
C,R03,testing,11,75,0,0.0,0.0,0.0,0.0
C,R03,testing,11,76,0,0.0,0.0,0.0,0.0
C,R03,testing,11,77,0,0.0,0.0,0.0,0.0
C,R03,testing,11,78,0,0.0,0.0,0.0,0.0
C,R03,testing,11,79,0,0.0,0.0,0.0,0.0
C,R03,testing,11,80,0,0.0,0.0,0.0,0.0
C,R03,testing,11,81,0,0.0,0.0,0.0,0.0
C,R03,testing,11,82,0,0.0,0.0,0.0,0.0
C,R03,testing,11,83,0,0.0,0.0,0.0,0.0
C,R03,testing,11,84,0,0.0,0.0,0.0,0.0
C,R03,testing,11,85,0,0.0,0.0,0.0,0.0
C,R03,testing,11,86,0,0.0,0.0,0.0,0.0
C,R03,testing,11,87,0,0.0,0.0,0.0,0.0
C,R03,testing,11,88,0,0.0,0.0,0.0,0.0
C,R03,testing,11,89,0,0.0,0.0,0.0,0.0
C,R03,testing,11,90,0,0.0,0.0,0.0,0.0
C,R03,testing,11,91,0,0.0,0.0,0.0,0.0
C,R03,testing,11,92,0,0.0,0.0,0.0,0.0
C,R03,testing,11,93,0,0.0,0.0,0.0,0.0
C,R03,testing,11,94,0,0.0,0.0,0.0,0.0
C,R03,testing,11,95,0,0.0,0.0,0.0,0.0
C,R03,testing,11,96,0,0.0,0.0,0.0,0.0
C,R03,testing,11,97,0,0.0,0.0,0.0,0.0
C,R03,testing,11,98,0,0.0,0.0,0.0,0.0
C,R03,testing,11,99,0,0.0,0.0,0.0,0.0
C,R03,testing,11,100,0,0.0,0.0,0.0,0.0
C,R03,testing,11,101,0,0.0,0.0,0.0,0.0
C,R03,testing,11,102,0,0.0,0.0,0.0,0.0
C,R03,testing,11,103,0,0.0,0.0,0.0,0.0
C,R03,testing,11,104,0,0.0,0.0,0.0,0.0
C,R03,testing,11,105,0,0.0,0.0,0.0,0.0
C,R03,testing,11,106,0,0.0,0.0,0.0,0.0
C,R03,testing,11,107,0,0.0,0.0,0.0,0.0
C,R03,testing,11,108,0,0.0,0.0,0.0,0.0
C,R03,testing,11,109,0,0.0,0.0,0.0,0.0
C,R03,testing,11,110,0,0.0,0.0,0.0,0.0
C,R03,testing,11,111,0,0.0,0.0,0.0,0.0
C,R03,testing,11,112,0,0.0,0.0,0.0,0.0
C,R03,testing,11,113,0,0.0,0.0,0.0,0.0
C,R03,testing,11,114,0,0.0,0.0,0.0,0.0
C,R03,testing,11,115,0,0.0,0.0,0.0,0.0
C,R03,testing,11,116,0,0.0,0.0,0.0,0.0
C,R03,testing,11,117,0,0.0,0.0,0.0,0.0
C,R03,testing,11,118,0,0.0,0.0,0.0,0.0
C,R03,testing,11,119,0,0.0,0.0,0.0,0.0
C,R03,testing,11,120,0,0.0,0.0,0.0,0.0
C,R03,testing,11,121,0,0.0,0.0,0.0,0.0
C,R03,testing,11,122,0,0.0,0.0,0.0,0.0
C,R03,testing,11,123,0,0.0,0.0,0.0,0.0
C,R03,testing,11,124,0,0.0,0.0,0.0,0.0
C,R03,testing,11,125,0,0.0,0.0,0.0,0.0
C,R03,testing,11,126,0,0.0,0.0,0.0,0.0
C,R03,testing,11,127,0,0.0,0.0,0.0,0.0
C,R03,testing,11,128,0,0.0,0.0,0.0,0.0
C,R03,testing,11,129,0,0.0,0.0,0.0,0.0
C,R03,testing,11,130,0,0.0,0.0,0.0,0.0
C,R03,testing,11,131,0,0.0,0.0,0.0,0.0
C,R03,testing,11,132,0,0.0,0.0,0.0,0.0
C,R03,testing,11,133,0,0.0,0.0,0.0,0.0
C,R03,testing,11,134,0,0.0,0.0,0.0,0.0
C,R03,testing,11,135,0,0.0,0.0,0.0,0.0
C,R03,testing,11,136,0,0.0,0.0,0.0,0.0
C,R03,testing,11,137,0,0.0,0.0,0.0,0.0
C,R03,testing,11,138,0,0.0,0.0,0.0,0.0
C,R03,testing,11,139,0,0.0,0.0,0.0,0.0
C,R03,testing,11,140,0,0.0,0.0,0.0,0.0
C,R03,testing,11,141,0,0.0,0.0,0.0,0.0
C,R03,testing,11,142,0,0.0,0.0,0.0,0.0
C,R03,testing,11,143,0,0.0,0.0,0.0,0.0
C,R03,testing,11,144,0,0.0,0.0,0.0,0.0
C,R03,testing,11,145,0,0.0,0.0,0.0,0.0
C,R03,testing,11,146,0,0.0,0.0,0.0,0.0
C,R03,testing,11,147,0,0.0,0.0,0.0,0.0
C,R03,testing,11,148,0,0.0,0.0,0.0,0.0
C,R03,testing,11,149,0,0.0,0.0,0.0,0.0
C,R03,testing,11,150,0,0.0,0.0,0.0,0.0
C,R03,testing,11,151,0,0.0,0.0,0.0,0.0
C,R03,testing,11,152,0,0.0,0.0,0.0,0.0
C,R03,testing,11,153,0,0.0,0.0,0.0,0.0
C,R03,testing,11,154,0,0.0,0.0,0.0,0.0
C,R03,testing,11,155,0,0.0,0.0,0.0,0.0
C,R03,testing,11,156,0,0.0,0.0,0.0,0.0
C,R03,testing,11,157,0,0.0,0.0,0.0,0.0
C,R03,testing,11,158,0,0.0,0.0,0.0,0.0
C,R03,testing,11,159,0,0.0,0.0,0.0,0.0
C,R03,testing,11,160,0,0.0,0.0,0.0,0.0
C,R03,testing,11,161,0,0.0,0.0,0.0,0.0
C,R03,testing,11,162,0,0.0,0.0,0.0,0.0
C,R03,testing,11,163,0,0.0,0.0,0.0,0.0
C,R03,testing,11,164,0,0.0,0.0,0.0,0.0
C,R03,testing,11,165,0,0.0,0.0,0.0,0.0
C,R03,testing,11,166,0,0.0,0.0,0.0,0.0
C,R03,testing,11,167,0,0.0,0.0,0.0,0.0
C,R03,testing,11,168,0,0.0,0.0,0.0,0.0
C,R03,testing,11,169,0,0.0,0.0,0.0,0.0
C,R03,testing,11,170,0,0.0,0.0,0.0,0.0
C,R03,testing,11,171,0,0.0,0.0,0.0,0.0
C,R03,testing,11,172,0,0.0,0.0,0.0,0.0
C,R03,testing,11,173,0,0.0,0.0,0.0,0.0
C,R03,testing,11,174,0,0.0,0.0,0.0,0.0
C,R03,testing,11,175,0,0.0,0.0,0.0,0.0
C,R03,testing,11,176,0,0.0,0.0,0.0,0.0
C,R03,testing,11,177,0,0.0,0.0,0.0,0.0
C,R03,testing,11,178,0,0.0,0.0,0.0,0.0
C,R03,testing,11,179,0,0.0,0.0,0.0,0.0
C,R03,testing,11,180,0,0.0,0.0,0.0,0.0
C,R03,testing,11,181,0,0.0,0.0,0.0,0.0
C,R03,testing,11,182,0,0.0,0.0,0.0,0.0
C,R03,testing,11,183,0,0.0,0.0,0.0,0.0
C,R03,testing,11,184,0,0.0,0.0,0.0,0.0
C,R03,testing,11,185,0,0.0,0.0,0.0,0.0
C,R03,testing,11,186,0,0.0,0.0,0.0,0.0
C,R03,testing,11,187,0,0.0,0.0,0.0,0.0
C,R03,testing,11,188,0,0.0,0.0,0.0,0.0
C,R03,testing,11,189,0,0.0,0.0,0.0,0.0
C,R03,testing,11,190,0,0.0,0.0,0.0,0.0
C,R03,testing,11,191,0,0.0,0.0,0.0,0.0
C,R03,testing,11,192,0,0.0,0.0,0.0,0.0
C,R03,testing,11,193,0,0.0,0.0,0.0,0.0
C,R03,testing,11,194,0,0.0,0.0,0.0,0.0
C,R03,testing,11,195,0,0.0,0.0,0.0,0.0
C,R03,testing,11,196,0,0.0,0.0,0.0,0.0
C,R03,testing,11,197,0,0.0,0.0,0.0,0.0
C,R03,testing,11,198,0,0.0,0.0,0.0,0.0
C,R03,testing,11,199,0,0.0,0.0,0.0,0.0
C,R03,testing,11,200,0,0.0,0.0,0.0,0.0
C,R03,testing,11,201,0,0.0,0.0,0.0,0.0
C,R03,testing,11,202,0,0.0,0.0,0.0,0.0
C,R03,testing,11,203,0,0.0,0.0,0.0,0.0
C,R03,testing,11,204,0,0.0,0.0,0.0,0.0
C,R03,testing,11,205,0,0.0,0.0,0.0,0.0
C,R03,testing,11,206,0,0.0,0.0,0.0,0.0
C,R03,testing,11,207,0,0.0,0.0,0.0,0.0
C,R03,testing,11,208,0,0.0,0.0,0.0,0.0
C,R03,testing,11,209,0,0.0,0.0,0.0,0.0
C,R03,testing,11,210,0,0.0,0.0,0.0,0.0
C,R03,testing,11,211,0,0.0,0.0,0.0,0.0
C,R03,testing,11,212,0,0.0,0.0,0.0,0.0
C,R03,testing,11,213,0,0.0,0.0,0.0,0.0
C,R03,testing,11,214,0,0.0,0.0,0.0,0.0
C,R03,testing,11,215,0,0.0,0.0,0.0,0.0
C,R03,testing,11,216,0,0.0,0.0,0.0,0.0
C,R03,testing,11,217,0,0.0,0.0,0.0,0.0
C,R03,testing,11,218,0,0.0,0.0,0.0,0.0
C,R03,testing,11,219,0,0.0,0.0,0.0,0.0
C,R03,testing,11,220,0,0.0,0.0,0.0,0.0
C,R03,testing,11,221,0,0.0,0.0,0.0,0.0
C,R03,testing,11,222,0,0.0,0.0,0.0,0.0
C,R03,testing,11,223,0,0.0,0.0,0.0,0.0
C,R03,testing,11,224,0,0.0,0.0,0.0,0.0
C,R03,testing,11,225,0,0.0,0.0,0.0,0.0
C,R03,testing,11,226,0,0.0,0.0,0.0,0.0
C,R03,testing,11,227,0,0.0,0.0,0.0,0.0
C,R03,testing,11,228,0,0.0,0.0,0.0,0.0
C,R03,testing,11,229,0,0.0,0.0,0.0,0.0
C,R03,testing,11,230,0,0.0,0.0,0.0,0.0
C,R03,testing,11,231,0,0.0,0.0,0.0,0.0
C,R03,testing,11,232,0,0.0,0.0,0.0,0.0
C,R03,testing,11,233,0,0.0,0.0,0.0,0.0
C,R03,testing,11,234,0,0.0,0.0,0.0,0.0
C,R03,testing,11,235,0,0.0,0.0,0.0,0.0
C,R03,testing,11,236,0,0.0,0.0,0.0,0.0
C,R03,testing,11,237,0,0.0,0.0,0.0,0.0
C,R03,testing,11,238,0,0.0,0.0,0.0,0.0
C,R03,testing,11,239,0,0.0,0.0,0.0,0.0
C,R03,testing,11,240,0,0.0,0.0,0.0,0.0
C,R03,testing,11,241,0,0.0,0.0,0.0,0.0
C,R03,testing,11,242,0,0.0,0.0,0.0,0.0
C,R03,testing,11,243,0,0.0,0.0,0.0,0.0
C,R03,testing,11,244,0,0.0,0.0,0.0,0.0
C,R03,testing,11,245,0,0.0,0.0,0.0,0.0
C,R03,testing,11,246,0,0.0,0.0,0.0,0.0
C,R03,testing,11,247,0,0.0,0.0,0.0,0.0
C,R03,testing,11,248,0,0.0,0.0,0.0,0.0
C,R03,testing,11,249,0,0.0,0.0,0.0,0.0
C,R03,testing,11,250,0,0.0,0.0,0.0,0.0
C,R03,testing,11,251,0,0.0,0.0,0.0,0.0
C,R03,testing,11,252,0,0.0,0.0,0.0,0.0
C,R03,testing,11,253,0,0.0,0.0,0.0,0.0
C,R03,testing,11,254,0,0.0,0.0,0.0,0.0
C,R03,testing,11,255,0,0.0,0.0,0.0,0.0
C,R03,testing,11,256,0,0.0,0.0,0.0,0.0
C,R03,testing,11,257,0,0.0,0.0,0.0,0.0
C,R03,testing,11,258,0,0.0,0.0,0.0,0.0
C,R03,testing,11,259,0,0.0,0.0,0.0,0.0
C,R03,testing,11,260,0,0.0,0.0,0.0,0.0
C,R03,testing,11,261,0,0.0,0.0,0.0,0.0
C,R03,testing,11,262,0,0.0,0.0,0.0,0.0
C,R03,testing,11,263,0,0.0,0.0,0.0,0.0
C,R03,testing,11,264,0,0.0,0.0,0.0,0.0
C,R03,testing,11,265,0,0.0,0.0,0.0,0.0
C,R03,testing,11,266,0,0.0,0.0,0.0,0.0
C,R03,testing,11,267,0,0.0,0.0,0.0,0.0
C,R03,testing,11,268,0,0.0,0.0,0.0,0.0
C,R03,testing,11,269,0,0.0,0.0,0.0,0.0
C,R03,testing,11,270,0,0.0,0.0,0.0,0.0
C,R03,testing,11,271,0,0.0,0.0,0.0,0.0
C,R03,testing,11,272,0,0.0,0.0,0.0,0.0
C,R03,testing,11,273,0,0.0,0.0,0.0,0.0
C,R03,testing,11,274,0,0.0,0.0,0.0,0.0
C,R03,testing,11,275,0,0.0,0.0,0.0,0.0
C,R03,testing,11,276,0,0.0,0.0,0.0,0.0
C,R03,testing,11,277,0,0.0,0.0,0.0,0.0
C,R03,testing,11,278,0,0.0,0.0,0.0,0.0
C,R03,testing,11,279,0,0.0,0.0,0.0,0.0
C,R03,testing,11,280,0,0.0,0.0,0.0,0.0
C,R03,testing,11,281,0,0.0,0.0,0.0,0.0
C,R03,testing,11,282,0,0.0,0.0,0.0,0.0
C,R03,testing,11,283,0,0.0,0.0,0.0,0.0
C,R03,testing,11,284,0,0.0,0.0,0.0,0.0
C,R03,testing,11,285,0,0.0,0.0,0.0,0.0
C,R03,testing,11,286,0,0.0,0.0,0.0,0.0
C,R03,testing,11,287,0,0.0,0.0,0.0,0.0
C,R03,testing,11,288,0,0.0,0.0,0.0,0.0
C,R03,testing,11,289,0,0.0,0.0,0.0,0.0
C,R03,testing,11,290,0,0.0,0.0,0.0,0.0
C,R03,testing,11,291,0,0.0,0.0,0.0,0.0
C,R03,testing,11,292,0,0.0,0.0,0.0,0.0
C,R03,testing,11,293,0,0.0,0.0,0.0,0.0
C,R03,testing,11,294,0,0.0,0.0,0.0,0.0
C,R03,testing,11,295,0,0.0,0.0,0.0,0.0
C,R03,testing,11,296,0,0.0,0.0,0.0,0.0
C,R03,testing,11,297,0,0.0,0.0,0.0,0.0
C,R03,testing,11,298,0,0.0,0.0,0.0,0.0
C,R03,testing,11,299,0,0.0,0.0,0.0,0.0
C,R03,testing,11,300,0,0.0,0.0,0.0,0.0
C,R03,testing,11,301,0,0.0,0.0,0.0,0.0
C,R03,testing,11,302,0,0.0,0.0,0.0,0.0
C,R03,testing,11,303,0,0.0,0.0,0.0,0.0
C,R03,testing,11,304,0,0.0,0.0,0.0,0.0
C,R03,testing,11,305,0,0.0,0.0,0.0,0.0
C,R03,testing,11,306,0,0.0,0.0,0.0,0.0
C,R03,testing,11,307,0,0.0,0.0,0.0,0.0
C,R03,testing,11,308,0,0.0,0.0,0.0,0.0
C,R03,testing,11,309,0,0.0,0.0,0.0,0.0
C,R03,testing,11,310,0,0.0,0.0,0.0,0.0
C,R03,testing,11,311,0,0.0,0.0,0.0,0.0
C,R03,testing,11,312,0,0.0,0.0,0.0,0.0
C,R03,testing,11,313,0,0.0,0.0,0.0,0.0
C,R03,testing,11,314,0,0.0,0.0,0.0,0.0
C,R03,testing,11,315,0,0.0,0.0,0.0,0.0
C,R03,testing,11,316,0,0.0,0.0,0.0,0.0
C,R03,testing,11,317,0,0.0,0.0,0.0,0.0
C,R03,testing,11,318,0,0.0,0.0,0.0,0.0
C,R03,testing,11,319,0,0.0,0.0,0.0,0.0
C,R03,testing,11,320,0,0.0,0.0,0.0,0.0
C,R03,testing,11,321,0,0.0,0.0,0.0,0.0
C,R03,testing,11,322,0,0.0,0.0,0.0,0.0
C,R03,testing,11,323,0,0.0,0.0,0.0,0.0
C,R03,testing,11,324,0,0.0,0.0,0.0,0.0
C,R03,testing,11,325,0,0.0,0.0,0.0,0.0
C,R03,testing,11,326,0,0.0,0.0,0.0,0.0
C,R03,testing,11,327,0,0.0,0.0,0.0,0.0
C,R03,testing,11,328,0,0.0,0.0,0.0,0.0
C,R03,testing,11,329,0,0.0,0.0,0.0,0.0
C,R03,testing,11,330,0,0.0,0.0,0.0,0.0
C,R03,testing,11,331,0,0.0,0.0,0.0,0.0
C,R03,testing,11,332,0,0.0,0.0,0.0,0.0
C,R03,testing,11,333,0,0.0,0.0,0.0,0.0
C,R03,testing,11,334,0,0.0,0.0,0.0,0.0
C,R03,testing,11,335,0,0.0,0.0,0.0,0.0
C,R03,testing,11,336,0,0.0,0.0,0.0,0.0
C,R03,testing,11,337,0,0.0,0.0,0.0,0.0
C,R03,testing,11,338,0,0.0,0.0,0.0,0.0
C,R03,testing,11,339,0,0.0,0.0,0.0,0.0
C,R03,testing,11,340,0,0.0,0.0,0.0,0.0
C,R03,testing,11,341,0,0.0,0.0,0.0,0.0
C,R03,testing,11,342,0,0.0,0.0,0.0,0.0
C,R03,testing,11,343,0,0.0,0.0,0.0,0.0
C,R03,testing,11,344,0,0.0,0.0,0.0,0.0
C,R03,testing,11,345,0,0.0,0.0,0.0,0.0
C,R03,testing,11,346,0,0.0,0.0,0.0,0.0
C,R03,testing,11,347,0,0.0,0.0,0.0,0.0
C,R03,testing,11,348,0,0.0,0.0,0.0,0.0
C,R03,testing,11,349,0,0.0,0.0,0.0,0.0
C,R03,testing,11,350,0,0.0,0.0,0.0,0.0
C,R03,testing,11,351,0,0.0,0.0,0.0,0.0
C,R03,testing,11,352,0,0.0,0.0,0.0,0.0
C,R03,testing,11,353,0,0.0,0.0,0.0,0.0
C,R03,testing,11,354,0,0.0,0.0,0.0,0.0
C,R03,testing,11,355,0,0.0,0.0,0.0,0.0
C,R03,testing,11,356,0,0.0,0.0,0.0,0.0
C,R03,testing,11,357,0,0.0,0.0,0.0,0.0
C,R03,testing,11,358,0,0.0,0.0,0.0,0.0
C,R03,testing,11,359,0,0.0,0.0,0.0,0.0
C,R03,testing,11,360,0,0.0,0.0,0.0,0.0
C,R03,testing,11,361,0,0.0,0.0,0.0,0.0
C,R03,testing,11,362,0,0.0,0.0,0.0,0.0
C,R03,testing,11,363,0,0.0,0.0,0.0,0.0
C,R03,testing,11,364,0,0.0,0.0,0.0,0.0
C,R03,testing,11,365,0,0.0,0.0,0.0,0.0
C,R03,testing,11,366,0,0.0,0.0,0.0,0.0
C,R03,testing,11,367,0,0.0,0.0,0.0,0.0
C,R03,testing,11,368,0,0.0,0.0,0.0,0.0
C,R03,testing,11,369,0,0.0,0.0,0.0,0.0
C,R03,testing,11,370,0,0.0,0.0,0.0,0.0
C,R03,testing,11,371,0,0.0,0.0,0.0,0.0
C,R03,testing,11,372,0,0.0,0.0,0.0,0.0
C,R03,testing,11,373,0,0.0,0.0,0.0,0.0
C,R03,testing,11,374,0,0.0,0.0,0.0,0.0
C,R03,testing,11,375,0,0.0,0.0,0.0,0.0
C,R03,testing,11,376,0,0.0,0.0,0.0,0.0
C,R03,testing,11,377,0,0.0,0.0,0.0,0.0
C,R03,testing,11,378,0,0.0,0.0,0.0,0.0
C,R03,testing,11,379,0,0.0,0.0,0.0,0.0
C,R03,testing,11,380,0,0.0,0.0,0.0,0.0
C,R03,testing,11,381,0,0.0,0.0,0.0,0.0
C,R03,testing,11,382,0,0.0,0.0,0.0,0.0
C,R03,testing,11,383,0,0.0,0.0,0.0,0.0
C,R03,testing,11,384,0,0.0,0.0,0.0,0.0
C,R03,testing,11,385,0,0.0,0.0,0.0,0.0
C,R03,testing,11,386,0,0.0,0.0,0.0,0.0
C,R03,testing,11,387,0,0.0,0.0,0.0,0.0
C,R03,testing,11,388,0,0.0,0.0,0.0,0.0
C,R03,testing,11,389,0,0.0,0.0,0.0,0.0
C,R03,testing,11,390,0,0.0,0.0,0.0,0.0
C,R03,testing,11,391,0,0.0,0.0,0.0,0.0
C,R03,testing,11,392,0,0.0,0.0,0.0,0.0
C,R03,testing,11,393,0,0.0,0.0,0.0,0.0
C,R03,testing,11,394,0,0.0,0.0,0.0,0.0
C,R03,testing,11,395,0,0.0,0.0,0.0,0.0
C,R03,testing,11,396,0,0.0,0.0,0.0,0.0
C,R03,testing,11,397,0,0.0,0.0,0.0,0.0
C,R03,testing,11,398,0,0.0,0.0,0.0,0.0
C,R03,testing,11,399,0,0.0,0.0,0.0,0.0
C,R03,testing,11,400,0,0.0,0.0,0.0,0.0
C,R03,testing,11,401,0,0.0,0.0,0.0,0.0
C,R03,testing,11,402,0,0.0,0.0,0.0,0.0
C,R03,testing,11,403,0,0.0,0.0,0.0,0.0
C,R03,testing,11,404,0,0.0,0.0,0.0,0.0
C,R03,testing,11,405,0,0.0,0.0,0.0,0.0
C,R03,testing,11,406,0,0.0,0.0,0.0,0.0
C,R03,testing,11,407,0,0.0,0.0,0.0,0.0
C,R03,testing,11,408,0,0.0,0.0,0.0,0.0
C,R03,testing,11,409,0,0.0,0.0,0.0,0.0
C,R03,testing,11,410,0,0.0,0.0,0.0,0.0
C,R03,testing,11,411,0,0.0,0.0,0.0,0.0
C,R03,testing,11,412,0,0.0,0.0,0.0,0.0
C,R03,testing,11,413,0,0.0,0.0,0.0,0.0
C,R03,testing,11,414,0,0.0,0.0,0.0,0.0
C,R03,testing,11,415,0,0.0,0.0,0.0,0.0
C,R03,testing,11,416,0,0.0,0.0,0.0,0.0
C,R03,testing,11,417,0,0.0,0.0,0.0,0.0
C,R03,testing,11,418,0,0.0,0.0,0.0,0.0
C,R03,testing,11,419,0,0.0,0.0,0.0,0.0
C,R03,testing,11,420,0,0.0,0.0,0.0,0.0
C,R03,testing,11,421,0,0.0,0.0,0.0,0.0
C,R03,testing,11,422,0,0.0,0.0,0.0,0.0
C,R03,testing,11,423,0,0.0,0.0,0.0,0.0
C,R03,testing,11,424,0,0.0,0.0,0.0,0.0
C,R03,testing,11,425,0,0.0,0.0,0.0,0.0
C,R03,testing,11,426,0,0.0,0.0,0.0,0.0
C,R03,testing,11,427,0,0.0,0.0,0.0,0.0
C,R03,testing,11,428,0,0.0,0.0,0.0,0.0
C,R03,testing,11,429,0,0.0,0.0,0.0,0.0
C,R03,testing,11,430,0,0.0,0.0,0.0,0.0
C,R03,testing,11,431,0,0.0,0.0,0.0,0.0
C,R03,testing,11,432,0,0.0,0.0,0.0,0.0
C,R03,testing,11,433,0,0.0,0.0,0.0,0.0
C,R03,testing,11,434,0,0.0,0.0,0.0,0.0
C,R03,testing,11,435,0,0.0,0.0,0.0,0.0
C,R03,testing,11,436,0,0.0,0.0,0.0,0.0
C,R03,testing,11,437,0,0.0,0.0,0.0,0.0
C,R03,testing,11,438,0,0.0,0.0,0.0,0.0
C,R03,testing,11,439,0,0.0,0.0,0.0,0.0
C,R03,testing,11,440,0,0.0,0.0,0.0,0.0
C,R03,testing,11,441,0,0.0,0.0,0.0,0.0
C,R03,testing,11,442,0,0.0,0.0,0.0,0.0
C,R03,testing,11,443,0,0.0,0.0,0.0,0.0
C,R03,testing,11,444,0,0.0,0.0,0.0,0.0
C,R03,testing,11,445,0,0.0,0.0,0.0,0.0
C,R03,testing,11,446,0,0.0,0.0,0.0,0.0
C,R03,testing,11,447,0,0.0,0.0,0.0,0.0
C,R03,testing,11,448,0,0.0,0.0,0.0,0.0
C,R03,testing,11,449,0,0.0,0.0,0.0,0.0
C,R03,testing,11,450,0,0.0,0.0,0.0,0.0
C,R03,testing,11,451,0,0.0,0.0,0.0,0.0
C,R03,testing,11,452,0,0.0,0.0,0.0,0.0
C,R03,testing,11,453,0,0.0,0.0,0.0,0.0
C,R03,testing,11,454,0,0.0,0.0,0.0,0.0
C,R03,testing,11,455,0,0.0,0.0,0.0,0.0
C,R03,testing,11,456,0,0.0,0.0,0.0,0.0
C,R03,testing,11,457,0,0.0,0.0,0.0,0.0
C,R03,testing,11,458,0,0.0,0.0,0.0,0.0
C,R03,testing,11,459,0,0.0,0.0,0.0,0.0
C,R03,testing,11,460,0,0.0,0.0,0.0,0.0
C,R03,testing,11,461,0,0.0,0.0,0.0,0.0
C,R03,testing,11,462,0,0.0,0.0,0.0,0.0
C,R03,testing,11,463,0,0.0,0.0,0.0,0.0
C,R03,testing,11,464,0,0.0,0.0,0.0,0.0
C,R03,testing,11,465,0,0.0,0.0,0.0,0.0
C,R03,testing,11,466,0,0.0,0.0,0.0,0.0
C,R03,testing,11,467,0,0.0,0.0,0.0,0.0
C,R03,testing,11,468,0,0.0,0.0,0.0,0.0
C,R03,testing,11,469,0,0.0,0.0,0.0,0.0
C,R03,testing,11,470,0,0.0,0.0,0.0,0.0
C,R03,testing,11,471,0,0.0,0.0,0.0,0.0
C,R03,testing,11,472,0,0.0,0.0,0.0,0.0
C,R03,testing,11,473,0,0.0,0.0,0.0,0.0
C,R03,testing,11,474,0,0.0,0.0,0.0,0.0
C,R03,testing,11,475,0,0.0,0.0,0.0,0.0
C,R03,testing,11,476,0,0.0,0.0,0.0,0.0
C,R03,testing,11,477,0,0.0,0.0,0.0,0.0
C,R03,testing,11,478,0,0.0,0.0,0.0,0.0
C,R03,testing,11,479,0,0.0,0.0,0.0,0.0
C,R03,testing,11,480,0,0.0,0.0,0.0,0.0
C,R03,testing,11,481,0,0.0,0.0,0.0,0.0
C,R03,testing,11,482,0,0.0,0.0,0.0,0.0
C,R03,testing,11,483,0,0.0,0.0,0.0,0.0
C,R03,testing,11,484,0,0.0,0.0,0.0,0.0
C,R03,testing,11,485,0,0.0,0.0,0.0,0.0
C,R03,testing,11,486,0,0.0,0.0,0.0,0.0
C,R03,testing,11,487,0,0.0,0.0,0.0,0.0
C,R03,testing,11,488,0,0.0,0.0,0.0,0.0
C,R03,testing,11,489,0,0.0,0.0,0.0,0.0
C,R03,testing,11,490,1,0.0,0.0,0.0,0.0
C,R03,testing,11,491,1,0.0,0.0,0.0,0.0
C,R03,testing,11,492,1,0.0,0.0,0.0,0.0
C,R03,testing,11,493,1,0.0,0.0,0.0,0.0
C,R03,testing,11,494,1,0.0,0.0,0.0,0.0
C,R03,testing,11,495,1,0.0,0.0,0.0,0.0
C,R03,testing,11,496,1,0.0,0.0,0.0,0.0
C,R03,testing,11,497,1,0.0,0.0,0.0,0.0
C,R03,testing,11,498,1,0.0,0.0,0.0,0.0
C,R03,testing,11,499,1,0.0,0.0,0.0,0.0
C,R03,testing,11,500,1,0.0,0.0,0.0,0.0
C,R03,testing,11,501,1,0.0,0.0,0.0,0.0
C,R03,testing,11,502,1,0.0,0.0,0.0,0.0
C,R03,testing,11,503,1,0.0,0.0,0.0,0.0
C,R03,testing,11,504,1,0.0,0.0,0.0,0.0
C,R03,testing,11,505,1,0.0,0.0,0.0,0.0
C,R03,testing,11,506,1,0.0,0.0,0.0,0.0
C,R03,testing,11,507,1,0.0,0.0,0.0,0.0
C,R03,testing,11,508,1,0.0,0.0,0.0,0.0
C,R03,testing,11,509,1,0.0,0.0,0.0,0.0
C,R03,testing,11,510,1,0.0,0.0,0.0,0.0
C,R03,testing,11,511,1,0.0,0.0,0.0,0.0
C,R03,testing,11,512,1,0.0,0.0,0.0,0.0
C,R03,testing,11,513,1,0.0,0.0,0.0,0.0
C,R03,testing,11,514,1,0.0,0.0,0.0,0.0
C,R03,testing,11,515,1,0.0,0.0,0.0,0.0
C,R03,testing,11,516,1,0.0,0.0,0.0,0.0
C,R03,testing,11,517,1,0.0,0.0,0.0,0.0
C,R03,testing,11,518,1,0.0,0.0,0.0,0.0
C,R03,testing,11,519,1,0.0,0.0,0.0,0.0
C,R03,testing,11,520,1,0.0,0.0,0.0,0.0
C,R03,testing,11,521,1,0.0,0.0,0.0,0.0
C,R03,testing,11,522,1,0.0,0.0,0.0,0.0
C,R03,testing,11,523,1,0.0,0.0,0.0,0.0
C,R03,testing,11,524,1,0.0,0.0,0.0,0.0
C,R03,testing,11,525,1,0.0,0.0,0.0,0.0
C,R03,testing,11,526,1,0.0,0.0,0.0,0.0
C,R03,testing,11,527,1,0.0,0.0,0.0,0.0
C,R03,testing,11,528,1,0.0,0.0,0.0,0.0
C,R03,testing,11,529,1,0.0,0.0,0.0,0.0
C,R03,testing,11,530,1,0.0,0.0,0.0,0.0
C,R03,testing,11,531,1,0.0,0.0,0.0,0.0
C,R03,testing,11,532,1,0.0,0.0,0.0,0.0
C,R03,testing,11,533,1,0.0,0.0,0.0,0.0
C,R03,testing,11,534,1,0.0,0.0,0.0,0.0
C,R03,testing,11,535,1,0.0,0.0,0.0,0.0
C,R03,testing,11,536,1,0.0,0.0,0.0,0.0
C,R03,testing,11,537,1,0.0,0.0,0.0,0.0
C,R03,testing,11,538,1,0.0,0.0,0.0,0.0
C,R03,testing,11,539,1,0.0,0.0,0.0,0.0
C,R03,testing,11,540,1,0.0,0.0,0.0,0.0
C,R03,testing,11,541,1,0.0,0.0,0.0,0.0
C,R03,testing,11,542,1,0.0,0.0,0.0,0.0
C,R03,testing,11,543,1,0.0,0.0,0.0,0.0
C,R03,testing,11,544,1,0.0,0.0,0.0,0.0
C,R03,testing,11,545,1,0.0,0.0,0.0,0.0
C,R03,testing,11,546,1,0.0,0.0,0.0,0.0
C,R03,testing,11,547,1,0.0,0.0,0.0,0.0
C,R03,testing,11,548,1,0.0,0.0,0.0,0.0
C,R03,testing,11,549,1,0.0,0.0,0.0,0.0
C,R03,testing,11,550,1,0.0,0.0,0.0,0.0
C,R03,testing,11,551,1,0.0,0.0,0.0,0.0
C,R03,testing,11,552,1,0.0,0.0,0.0,0.0
C,R03,testing,11,553,1,0.0,0.0,0.0,0.0
C,R03,testing,11,554,1,0.0,0.0,0.0,0.0
C,R03,testing,11,555,1,0.0,0.0,0.0,0.0
C,R03,testing,11,556,1,0.0,0.0,0.0,0.0
C,R03,testing,11,557,1,0.0,0.0,0.0,0.0
C,R03,testing,11,558,1,0.0,0.0,0.0,0.0
C,R03,testing,11,559,1,0.0,0.0,0.0,0.0
C,R03,testing,11,560,1,0.0,0.0,0.0,0.0
C,R03,testing,11,561,1,0.0,0.0,0.0,0.0
C,R03,testing,11,562,1,0.0,0.0,0.0,0.0
C,R03,testing,11,563,1,0.0,0.0,0.0,0.0
C,R03,testing,11,564,1,0.0,0.0,0.0,0.0
C,R03,testing,11,565,1,0.0,0.0,0.0,0.0
C,R03,testing,11,566,1,0.0,0.0,0.0,0.0
C,R03,testing,11,567,1,0.0,0.0,0.0,0.0
C,R03,testing,11,568,1,0.0,0.0,0.0,0.0
C,R03,testing,11,569,1,0.0,0.0,0.0,0.0
C,R03,testing,11,570,1,0.0,0.0,0.0,0.0
C,R03,testing,11,571,1,0.0,0.0,0.0,0.0
C,R03,testing,11,572,1,0.0,0.0,0.0,0.0
C,R03,testing,11,573,1,0.0,0.0,0.0,0.0
C,R03,testing,11,574,1,0.0,0.0,0.0,0.0
C,R03,testing,11,575,1,0.0,0.0,0.0,0.0
C,R03,testing,11,576,1,0.0,0.0,0.0,0.0
C,R03,testing,11,577,1,0.0,0.0,0.0,0.0
C,R03,testing,11,578,1,0.0,0.0,0.0,0.0
C,R03,testing,11,579,1,0.0,0.0,0.0,0.0
C,R03,testing,11,580,1,0.0,0.0,0.0,0.0
C,R03,testing,11,581,1,0.0,0.0,0.0,0.0
C,R03,testing,11,582,1,0.0,0.0,0.0,0.0
C,R03,testing,11,583,1,0.0,0.0,0.0,0.0
C,R03,testing,11,584,1,0.0,0.0,0.0,0.0
C,R03,testing,11,585,1,0.0,0.0,0.0,0.0
C,R03,testing,11,586,1,0.0,0.0,0.0,0.0
C,R03,testing,11,587,1,0.0,0.0,0.0,0.0
C,R03,testing,11,588,1,0.0,0.0,0.0,0.0
C,R03,testing,11,589,1,0.0,0.0,0.0,0.0
C,R03,testing,11,590,1,0.0,0.0,0.0,0.0
C,R03,testing,11,591,1,0.0,0.0,0.0,0.0
C,R03,testing,11,592,1,0.0,0.0,0.0,0.0
C,R03,testing,11,593,1,0.0,0.0,0.0,0.0
C,R03,testing,11,594,1,0.0,0.0,0.0,0.0
C,R03,testing,11,595,1,0.0,0.0,0.0,0.0
C,R03,testing,11,596,1,0.0,0.0,0.0,0.0
C,R03,testing,11,597,1,0.0,0.0,0.0,0.0
C,R03,testing,11,598,1,0.0,0.0,0.0,0.0
C,R03,testing,11,599,1,0.0,0.0,0.0,0.0
C,R03,testing,11,600,1,0.0,0.0,0.0,0.0
C,R03,testing,11,601,1,0.0,0.0,0.0,0.0
C,R03,testing,11,602,1,0.0,0.0,0.0,0.0
C,R03,testing,11,603,1,0.0,0.0,0.0,0.0
C,R03,testing,11,604,1,0.0,0.0,0.0,0.0
C,R03,testing,11,605,1,0.0,0.0,0.0,0.0
C,R03,testing,11,606,1,0.0,0.0,0.0,0.0
C,R03,testing,11,607,1,0.0,0.0,0.0,0.0
C,R03,testing,11,608,1,0.0,0.0,0.0,0.0
C,R03,testing,11,609,1,0.0,0.0,0.0,0.0
C,R03,testing,11,610,1,0.0,0.0,0.0,0.0
C,R03,testing,11,611,1,0.0,0.0,0.0,0.0
C,R03,testing,11,612,1,0.0,0.0,0.0,0.0
C,R03,testing,11,613,1,0.0,0.0,0.0,0.0
C,R03,testing,11,614,1,0.0,0.0,0.0,0.0
C,R03,testing,11,615,1,0.0,0.0,0.0,0.0
C,R03,testing,11,616,1,0.0,0.0,0.0,0.0
C,R03,testing,11,617,1,0.0,0.0,0.0,0.0
C,R03,testing,11,618,1,0.0,0.0,0.0,0.0
C,R03,testing,11,619,1,0.0,0.0,0.0,0.0
C,R03,testing,11,620,1,0.0,0.0,0.0,0.0
C,R03,testing,11,621,1,0.0,0.0,0.0,0.0
C,R03,testing,11,622,1,0.0,0.0,0.0,0.0
C,R03,testing,11,623,1,0.0,0.0,0.0,0.0
C,R03,testing,11,624,1,0.0,0.0,0.0,0.0
C,R03,testing,11,625,1,0.0,0.0,0.0,0.0
C,R03,testing,11,626,1,0.0,0.0,0.0,0.0
C,R03,testing,11,627,1,0.0,0.0,0.0,0.0
C,R03,testing,11,628,1,0.0,0.0,0.0,0.0
C,R03,testing,11,629,1,0.0,0.0,0.0,0.0
C,R03,testing,11,630,1,0.0,0.0,0.0,0.0
C,R03,testing,11,631,1,0.0,0.0,0.0,0.0
C,R03,testing,11,632,1,0.0,0.0,0.0,0.0
C,R03,testing,11,633,1,0.0,0.0,0.0,0.0
C,R03,testing,11,634,1,0.0,0.0,0.0,0.0
C,R03,testing,11,635,1,0.0,0.0,0.0,0.0
C,R03,testing,11,636,1,0.0,0.0,0.0,0.0
C,R03,testing,11,637,1,0.0,0.0,0.0,0.0
C,R03,testing,11,638,1,0.0,0.0,0.0,0.0
C,R03,testing,11,639,1,0.0,0.0,0.0,0.0
C,R03,testing,11,640,1,0.0,0.0,0.0,0.0
C,R03,testing,11,641,1,0.0,0.0,0.0,0.0
C,R03,testing,11,642,1,0.0,0.0,0.0,0.0
C,R03,testing,11,643,1,0.0,0.0,0.0,0.0
C,R03,testing,11,644,1,0.0,0.0,0.0,0.0
C,R03,testing,11,645,1,0.0,0.0,0.0,0.0
C,R03,testing,11,646,1,0.0,0.0,0.0,0.0
C,R03,testing,11,647,1,0.0,0.0,0.0,0.0
C,R03,testing,11,648,1,0.0,0.0,0.0,0.0
C,R03,testing,11,649,1,0.0,0.0,0.0,0.0
C,R03,testing,11,650,1,0.0,0.0,0.0,0.0
C,R03,testing,11,651,1,0.0,0.0,0.0,0.0
C,R03,testing,11,652,1,0.0,0.0,0.0,0.0
C,R03,testing,11,653,1,0.0,0.0,0.0,0.0
C,R03,testing,11,654,1,0.0,0.0,0.0,0.0
C,R03,testing,11,655,1,0.0,0.0,0.0,0.0
C,R03,testing,11,656,1,0.0,0.0,0.0,0.0
C,R03,testing,11,657,1,0.0,0.0,0.0,0.0
C,R03,testing,11,658,1,0.0,0.0,0.0,0.0
C,R03,testing,11,659,1,0.0,0.0,0.0,0.0
C,R03,testing,11,660,1,0.0,0.0,0.0,0.0
C,R03,testing,11,661,1,0.0,0.0,0.0,0.0
C,R03,testing,11,662,1,0.0,0.0,0.0,0.0
C,R03,testing,11,663,1,0.0,0.0,0.0,0.0
C,R03,testing,11,664,1,0.0,0.0,0.0,0.0
C,R03,testing,11,665,1,0.0,0.0,0.0,0.0
C,R03,testing,11,666,1,0.0,0.0,0.0,0.0
C,R03,testing,11,667,1,0.0,0.0,0.0,0.0
C,R03,testing,11,668,1,0.0,0.0,0.0,0.0
C,R03,testing,11,669,1,0.0,0.0,0.0,0.0
C,R03,testing,11,670,1,0.0,0.0,0.0,0.0
C,R03,testing,11,671,1,0.0,0.0,0.0,0.0
C,R03,testing,11,672,1,0.0,0.0,0.0,0.0
C,R03,testing,11,673,1,0.0,0.0,0.0,0.0
C,R03,testing,11,674,1,0.0,0.0,0.0,0.0
C,R03,testing,11,675,1,0.0,0.0,0.0,0.0
C,R03,testing,11,676,1,0.0,0.0,0.0,0.0
C,R03,testing,11,677,1,0.0,0.0,0.0,0.0
C,R03,testing,11,678,1,0.0,0.0,0.0,0.0
C,R03,testing,11,679,1,0.0,0.0,0.0,0.0
C,R03,testing,11,680,1,0.0,0.0,0.0,0.0
C,R03,testing,11,681,1,0.0,0.0,0.0,0.0
C,R03,testing,11,682,1,0.0,0.0,0.0,0.0
C,R03,testing,11,683,1,0.0,0.0,0.0,0.0
C,R03,testing,11,684,1,0.0,0.0,0.0,0.0
C,R03,testing,11,685,1,0.0,0.0,0.0,0.0
C,R03,testing,11,686,1,0.0,0.0,0.0,0.0
C,R03,testing,11,687,1,0.0,0.0,0.0,0.0
C,R03,testing,11,688,1,0.0,0.0,0.0,0.0
C,R03,testing,11,689,1,0.0,0.0,0.0,0.0
C,R03,testing,11,690,1,0.0,0.0,0.0,0.0
C,R03,testing,11,691,1,0.0,0.0,0.0,0.0
C,R03,testing,11,692,1,0.0,0.0,0.0,0.0
C,R03,testing,11,693,1,0.0,0.0,0.0,0.0
C,R03,testing,11,694,1,0.0,0.0,0.0,0.0
C,R03,testing,11,695,1,0.0,0.0,0.0,0.0
C,R03,testing,11,696,1,0.0,0.0,0.0,0.0
C,R03,testing,11,697,1,0.0,0.0,0.0,0.0
C,R03,testing,11,698,1,0.0,0.0,0.0,0.0
C,R03,testing,11,699,1,0.0,0.0,0.0,0.0
C,R03,testing,11,700,1,0.0,0.0,0.0,0.0
C,R03,testing,11,701,1,0.0,0.0,0.0,0.0
C,R03,testing,11,702,1,0.0,0.0,0.0,0.0
C,R03,testing,11,703,1,0.0,0.0,0.0,0.0
C,R03,testing,11,704,1,0.0,0.0,0.0,0.0
C,R03,testing,11,705,1,0.0,0.0,0.0,0.0
P1,R03,testing,11,0,0,0.0,0.0,0.014265740054931501,0.008677120300643422
P1,R03,testing,11,1,0,0.0,0.0,0.014265740054931501,0.008701631480415712
P1,R03,testing,11,2,0,0.0,0.0,0.014265740054931501,0.008726141871046728
P1,R03,testing,11,3,0,0.0,0.0,0.014265740054931501,0.008750651076364378
P1,R03,testing,11,4,0,0.0,0.0,0.014265740054931501,0.008775158699110835
P1,R03,testing,11,5,0,0.0,0.0,0.014265740054931501,0.00879966434095223
P1,R03,testing,11,6,0,0.0,0.0,0.014265740054931501,0.008824167602488473
P1,R03,testing,11,7,0,0.0,0.0,0.014265740054931501,0.008848668083263083
P1,R03,testing,11,8,0,0.0,0.0,0.014265740054931501,0.008873165381773147
P1,R03,testing,11,9,0,0.0,0.0,0.014265740054931501,0.008897659095479304
P1,R03,testing,11,10,0,0.0,0.0,0.014265740054931501,0.008922148820815818
P1,R03,testing,11,11,0,0.0,0.0,0.014265740054931501,0.008946634153200721
P1,R03,testing,11,12,0,0.0,0.0,0.014265740054931501,0.00897111468704602
P1,R03,testing,11,13,0,0.0,0.0,0.014265740054931501,0.008995590015767968
P1,R03,testing,11,14,0,0.0,0.0,0.014265740054931501,0.009020059731797418
P1,R03,testing,11,15,0,0.0,0.0,0.014265740054931501,0.009044523426590227
P1,R03,testing,11,16,0,0.0,0.0,0.0294849644156129,0.018744108046248726
P1,R03,testing,11,17,0,0.0,0.0,0.0294849644156129,0.0187946430934735
P1,R03,testing,11,18,0,0.0,0.0,0.0294849644156129,0.01884516315072498
P1,R03,testing,11,19,0,0.0,0.0,0.0294849644156129,0.01889566736576627
P1,R03,testing,11,20,0,0.0,0.0,0.0294849644156129,0.01894615488445499
P1,R03,testing,11,21,0,0.0,0.0,0.0294849644156129,0.018996624850765656
P1,R03,testing,11,22,0,0.0,0.0,0.0294849644156129,0.01904707640681214
P1,R03,testing,11,23,0,0.0,0.0,0.0294849644156129,0.019097508692870305
P1,R03,testing,11,24,0,0.0,0.0,0.0294849644156129,0.01914792084740075
P1,R03,testing,11,25,0,0.0,0.0,0.0294849644156129,0.01919831200707169
P1,R03,testing,11,26,0,0.0,0.0,0.0294849644156129,0.019248681306781992
P1,R03,testing,11,27,0,0.0,0.0,0.0294849644156129,0.019299027879684304
P1,R03,testing,11,28,0,0.0,0.0,0.0294849644156129,0.01934935085720836
P1,R03,testing,11,29,0,0.0,0.0,0.0294849644156129,0.019399649369084365
P1,R03,testing,11,30,0,0.0,0.0,0.0294849644156129,0.01944992254336655
P1,R03,testing,11,31,0,0.0,0.0,0.0294849644156129,0.01950016950645685
P1,R03,testing,11,32,0,0.0,0.0,0.05984288526805877,0.03967960389265147
P1,R03,testing,11,33,0,0.0,0.0,0.05984288526805877,0.03978147374312746
P1,R03,testing,11,34,0,0.0,0.0,0.05984288526805877,0.03988328505637052
P1,R03,testing,11,35,0,0.0,0.0,0.05984288526805877,0.03998503604639144
P1,R03,testing,11,36,0,0.0,0.0,0.05984288526805877,0.040086724924091564
P1,R03,testing,11,37,0,0.0,0.0,0.05984288526805877,0.040188349897312334
P1,R03,testing,11,38,0,0.0,0.0,0.05984288526805877,0.04028990917088507
P1,R03,testing,11,39,0,0.0,0.0,0.05984288526805877,0.04039140094668112
P1,R03,testing,11,40,0,0.0,0.0,0.05984288526805877,0.040492823423662096
P1,R03,testing,11,41,0,0.0,0.0,0.05984288526805877,0.040594174797930455
P1,R03,testing,11,42,0,0.0,0.0,0.05984288526805877,0.04069545326278034
P1,R03,testing,11,43,0,0.0,0.0,0.05984288526805877,0.04079665700874855
P1,R03,testing,11,44,0,0.0,0.0,0.05984288526805877,0.040897784223665856
P1,R03,testing,11,45,0,0.0,0.0,0.05984288526805877,0.04099883309270852
P1,R03,testing,11,46,0,0.0,0.0,0.05984288526805877,0.041099801798450034
P1,R03,testing,11,47,0,0.0,0.0,0.05984288526805877,0.041200688520913076
P1,R03,testing,11,48,0,0.0,0.0,0.0919166496207876,0.06343769522947984
P1,R03,testing,11,49,0,0.0,0.0,0.0919166496207876,0.06359239357748767
P1,R03,testing,11,50,0,0.0,0.0,0.0919166496207876,0.0637469575929753
P1,R03,testing,11,51,0,0.0,0.0,0.0919166496207876,0.06390138446565283
P1,R03,testing,11,52,0,0.0,0.0,0.0919166496207876,0.06405567138171687
P1,R03,testing,11,53,0,0.0,0.0,0.0919166496207876,0.06420981552393255
P1,R03,testing,11,54,0,0.0,0.0,0.0919166496207876,0.06436381407171564
P1,R03,testing,11,55,0,0.0,0.0,0.0919166496207876,0.06451766420121524
P1,R03,testing,11,56,0,0.0,0.0,0.0919166496207876,0.06467136308539669
P1,R03,testing,11,57,0,0.0,0.0,0.0919166496207876,0.06482490789412476
P1,R03,testing,11,58,0,0.0,0.0,0.0919166496207876,0.06497829579424731
P1,R03,testing,11,59,0,0.0,0.0,0.0919166496207876,0.0651315239496791
P1,R03,testing,11,60,0,0.0,0.0,0.0919166496207876,0.065284589521486
P1,R03,testing,11,61,0,0.0,0.0,0.0919166496207876,0.06543748966796958
P1,R03,testing,11,62,0,0.0,0.0,0.0919166496207876,0.06559022154475189
P1,R03,testing,11,63,0,0.0,0.0,0.0919166496207876,0.06574278230486055
P1,R03,testing,11,64,0,0.0,0.0,0.12544949931056137,0.08993491390880179
P1,R03,testing,11,65,0,0.0,0.0,0.12544949931056137,0.09014265282601427
P1,R03,testing,11,66,0,0.0,0.0,0.12544949931056137,0.09035014652323346
P1,R03,testing,11,67,0,0.0,0.0,0.12544949931056137,0.09055739110186697
P1,R03,testing,11,68,0,0.0,0.0,0.12544949931056137,0.09076438266036863
P1,R03,testing,11,69,0,0.0,0.0,0.12544949931056137,0.09097111729435714
P1,R03,testing,11,70,0,0.0,0.0,0.12544949931056137,0.09117759109673503
P1,R03,testing,11,71,0,0.0,0.0,0.12544949931056137,0.09138380015780806
P1,R03,testing,11,72,0,0.0,0.0,0.12544949931056137,0.09158974056540493
P1,R03,testing,11,73,0,0.0,0.0,0.12544949931056137,0.09179540840499749
P1,R03,testing,11,74,0,0.0,0.0,0.12544949931056137,0.09200079975982112
P1,R03,testing,11,75,0,0.0,0.0,0.12544949931056137,0.09220591071099563
P1,R03,testing,11,76,0,0.0,0.0,0.12544949931056137,0.09241073733764642
P1,R03,testing,11,77,0,0.0,0.0,0.12544949931056137,0.09261527571702616
P1,R03,testing,11,78,0,0.0,0.0,0.12544949931056137,0.09281952192463655
P1,R03,testing,11,79,0,0.0,0.0,0.12544949931056137,0.09302347203435063
P1,R03,testing,11,80,0,0.0,0.0,0.16015140519083282,0.11901565722649188
P1,R03,testing,11,81,0,0.0,0.0,0.16015140519083282,0.11927525306849034
P1,R03,testing,11,82,0,0.0,0.0,0.16015140519083282,0.11953445585840708
P1,R03,testing,11,83,0,0.0,0.0,0.16015140519083282,0.11979326057732004
P1,R03,testing,11,84,0,0.0,0.0,0.16015140519083282,0.1200516622050146
P1,R03,testing,11,85,0,0.0,0.0,0.16015140519083282,0.12030965572014198
P1,R03,testing,11,86,0,0.0,0.0,0.16015140519083282,0.12056723610037821
P1,R03,testing,11,87,0,0.0,0.0,0.16015140519083282,0.12082439832258347
P1,R03,testing,11,88,0,0.0,0.0,0.16015140519083282,0.12108113736296171
P1,R03,testing,11,89,0,0.0,0.0,0.16015140519083282,0.12133744819722062
P1,R03,testing,11,90,0,0.0,0.0,0.16015140519083282,0.12159332580073216
P1,R03,testing,11,91,0,0.0,0.0,0.16015140519083282,0.12184876514869328
P1,R03,testing,11,92,0,0.0,0.0,0.16015140519083282,0.12210376121628692
P1,R03,testing,11,93,0,0.0,0.0,0.16015140519083282,0.12235830897884359
P1,R03,testing,11,94,0,0.0,0.0,0.16015140519083282,0.12261240341200297
P1,R03,testing,11,95,0,0.0,0.0,0.16015140519083282,0.12286603949187619
P1,R03,testing,11,96,0,0.0,0.0,0.16718283200406078,0.12852474534567496
P1,R03,testing,11,97,0,0.0,0.0,0.16718283200406078,0.1287885445999338
P1,R03,testing,11,98,0,0.0,0.0,0.16718283200406078,0.12905184964822766
P1,R03,testing,11,99,0,0.0,0.0,0.16718283200406078,0.1293146552497613
P1,R03,testing,11,100,0,0.0,0.0,0.16718283200406078,0.1295769561650825
P1,R03,testing,11,101,0,0.0,0.0,0.16718283200406078,0.12983874715625307
P1,R03,testing,11,102,0,0.0,0.0,0.16718283200406078,0.13010002298702025
P1,R03,testing,11,103,0,0.0,0.0,0.16718283200406078,0.13036077842298835
P1,R03,testing,11,104,0,0.0,0.0,0.16718283200406078,0.13062100823179074
P1,R03,testing,11,105,0,0.0,0.0,0.16718283200406078,0.13088070718326197
P1,R03,testing,11,106,0,0.0,0.0,0.16718283200406078,0.1311398700496103
P1,R03,testing,11,107,0,0.0,0.0,0.16718283200406078,0.1313984916055903
P1,R03,testing,11,108,0,0.0,0.0,0.16718283200406078,0.13165656662867592
P1,R03,testing,11,109,0,0.0,0.0,0.16718283200406078,0.13191408989923348
P1,R03,testing,11,110,0,0.0,0.0,0.16718283200406078,0.13217105620069533
P1,R03,testing,11,111,0,0.0,0.0,0.16718283200406078,0.13242746031973315
P1,R03,testing,11,112,0,0.0,0.24987397444976786,0.17282958958840616,0.1371648003499213
P1,R03,testing,11,113,0,0.0,0.24987397444976786,0.17282958958840616,0.13742868626425606
P1,R03,testing,11,114,0,0.0,0.24987397444976786,0.17282958958840616,0.13769197486157753
P1,R03,testing,11,115,0,0.0,0.24987397444976786,0.17282958958840616,0.13795466076766694
P1,R03,testing,11,116,0,0.0,0.24987397444976786,0.17282958958840616,0.1382167386125549
P1,R03,testing,11,117,0,0.0,0.24987397444976786,0.17282958958840616,0.1384782030307021
P1,R03,testing,11,118,0,0.0,0.24987397444976786,0.17282958958840616,0.13873904866118003
P1,R03,testing,11,119,0,0.0,0.24987397444976786,0.17282958958840616,0.13899927014785193
P1,R03,testing,11,120,0,0.0,0.24987397444976786,0.17282958958840616,0.13925886213955407
P1,R03,testing,11,121,0,0.0,0.24987397444976786,0.17282958958840616,0.13951781929027682
P1,R03,testing,11,122,0,0.0,0.24987397444976786,0.17282958958840616,0.1397761362593461
P1,R03,testing,11,123,0,0.0,0.24987397444976786,0.17282958958840616,0.140033807711605
P1,R03,testing,11,124,0,0.0,0.24987397444976786,0.17282958958840616,0.14029082831759532
P1,R03,testing,11,125,0,0.0,0.24987397444976786,0.17282958958840616,0.14054719275373934
P1,R03,testing,11,126,0,0.0,0.24987397444976786,0.17282958958840616,0.14080289570252158
P1,R03,testing,11,127,0,0.0,0.24987397444976786,0.17282958958840616,0.14105793185267085
P1,R03,testing,11,128,0,0.0,0.24979359717567612,0.17693331291773773,0.14466766211171697
P1,R03,testing,11,129,0,0.0,0.24979359717567612,0.17693331291773773,0.14492737237685208
P1,R03,testing,11,130,0,0.0,0.24979359717567612,0.17693331291773773,0.1451863837387327
P1,R03,testing,11,131,0,0.0,0.24979359717567612,0.17693331291773773,0.14544469078740901
P1,R03,testing,11,132,0,0.0,0.24979359717567612,0.17693331291773773,0.1457022881202561
P1,R03,testing,11,133,0,0.0,0.24979359717567612,0.17693331291773773,0.14595917034216027
P1,R03,testing,11,134,0,0.0,0.24979359717567612,0.17693331291773773,0.14621533206570608
P1,R03,testing,11,135,0,0.0,0.24979359717567612,0.17693331291773773,0.14647076791136265
P1,R03,testing,11,136,0,0.0,0.24979359717567612,0.17693331291773773,0.1467254725076706
P1,R03,testing,11,137,0,0.0,0.24979359717567612,0.17693331291773773,0.1469794404914285
P1,R03,testing,11,138,0,0.0,0.24979359717567612,0.17693331291773773,0.14723266650787978
P1,R03,testing,11,139,0,0.0,0.24979359717567612,0.17693331291773773,0.14748514521089914
P1,R03,testing,11,140,0,0.0,0.24979359717567612,0.17693331291773773,0.1477368712631794
P1,R03,testing,11,141,0,0.0,0.24979359717567612,0.17693331291773773,0.14798783933641793
P1,R03,testing,11,142,0,0.0,0.24979359717567612,0.17693331291773773,0.14823804411150326
P1,R03,testing,11,143,0,0.0,0.24979359717567612,0.17693331291773773,0.1484874802787017
P1,R03,testing,11,144,0,0.0,0.49988653260164617,0.1793765953859507,0.1507900486308205
P1,R03,testing,11,145,0,0.0,0.49988653260164617,0.1793765953859507,0.15104135472317187
P1,R03,testing,11,146,0,0.0,0.49988653260164617,0.1793765953859507,0.15129186550364926
P1,R03,testing,11,147,0,0.0,0.49988653260164617,0.1793765953859507,0.1515415756291147
P1,R03,testing,11,148,0,0.0,0.49988653260164617,0.1793765953859507,0.15179047976688145
P1,R03,testing,11,149,0,0.0,0.49988653260164617,0.1793765953859507,0.15203857259490294
P1,R03,testing,11,150,0,0.0,0.49988653260164617,0.1793765953859507,0.15228584880196108
P1,R03,testing,11,151,0,0.0,0.49988653260164617,0.1793765953859507,0.15253230308785456
P1,R03,testing,11,152,0,0.0,0.49988653260164617,0.1793765953859507,0.1527779301635871
P1,R03,testing,11,153,0,0.0,0.49988653260164617,0.1793765953859507,0.15302272475155546
P1,R03,testing,11,154,0,0.0,0.49988653260164617,0.1793765953859507,0.1532666815857373
P1,R03,testing,11,155,0,0.0,0.49988653260164617,0.1793765953859507,0.15350979541187912
P1,R03,testing,11,156,0,0.0,0.49988653260164617,0.1793765953859507,0.15375206098768351
P1,R03,testing,11,157,0,0.0,0.49988653260164617,0.1793765953859507,0.15399347308299674
P1,R03,testing,11,158,0,0.0,0.49988653260164617,0.1793765953859507,0.15423402647999593
P1,R03,testing,11,159,0,0.0,0.49988653260164617,0.1793765953859507,0.15447371597337586
P1,R03,testing,11,160,0,1.0,0.5001820043536416,0.18008856688435232,0.15532661267243172
P1,R03,testing,11,161,0,1.0,0.5001820043536416,0.18008856688435232,0.15556550323603044
P1,R03,testing,11,162,0,1.0,0.5001820043536416,0.18008856688435232,0.155803510866434
P1,R03,testing,11,163,0,1.0,0.5001820043536416,0.18008856688435232,0.15604063038981944
P1,R03,testing,11,164,0,1.0,0.5001820043536416,0.18008856688435232,0.15627685664586666
P1,R03,testing,11,165,0,1.0,0.5001820043536416,0.18008856688435232,0.15651218448794463
P1,R03,testing,11,166,0,1.0,0.5001820043536416,0.18008856688435232,0.1567466087832974
P1,R03,testing,11,167,0,1.0,0.5001820043536416,0.18008856688435232,0.1569801244132301
P1,R03,testing,11,168,0,1.0,0.5001820043536416,0.18008856688435232,0.1572127262732941
P1,R03,testing,11,169,0,1.0,0.5001820043536416,0.18008856688435232,0.15744440927347259
P1,R03,testing,11,170,0,1.0,0.5001820043536416,0.18008856688435232,0.1576751683383651
P1,R03,testing,11,171,0,1.0,0.5001820043536416,0.18008856688435232,0.15790499840737235
P1,R03,testing,11,172,0,1.0,0.5001820043536416,0.18008856688435232,0.1581338944348804
P1,R03,testing,11,173,0,1.0,0.5001820043536416,0.18008856688435232,0.15836185139044467
P1,R03,testing,11,174,0,1.0,0.5001820043536416,0.18008856688435232,0.1585888642589733
P1,R03,testing,11,175,0,1.0,0.5001820043536416,0.18008856688435232,0.15881492804091069
P1,R03,testing,11,176,0,1.0,0.5001360072974148,0.1933089091374618,0.1707152027415704
P1,R03,testing,11,177,0,1.0,0.5001360072974148,0.1933089091374618,0.17095580836611377
P1,R03,testing,11,178,0,1.0,0.5001360072974148,0.1933089091374618,0.17119537923370354
P1,R03,testing,11,179,0,1.0,0.5001360072974148,0.1933089091374618,0.171433910046431
P1,R03,testing,11,180,0,1.0,0.5001360072974148,0.1933089091374618,0.17167139552404137
P1,R03,testing,11,181,0,1.0,0.5001360072974148,0.1933089091374618,0.1719078304041282
P1,R03,testing,11,182,0,1.0,0.5001360072974148,0.1933089091374618,0.172143209442327
P1,R03,testing,11,183,0,1.0,0.5001360072974148,0.1933089091374618,0.17237752741250856
P1,R03,testing,11,184,0,1.0,0.5001360072974148,0.1933089091374618,0.17261077910697192
P1,R03,testing,11,185,0,1.0,0.5001360072974148,0.1933089091374618,0.17284295933663663
P1,R03,testing,11,186,0,1.0,0.5001360072974148,0.1933089091374618,0.1730740629312346
P1,R03,testing,11,187,0,1.0,0.5001360072974148,0.1933089091374618,0.17330408473950154
P1,R03,testing,11,188,0,1.0,0.5001360072974148,0.1933089091374618,0.17353301962936787
P1,R03,testing,11,189,0,1.0,0.5001360072974148,0.1933089091374618,0.17376086248814906
P1,R03,testing,11,190,0,1.0,0.5001360072974148,0.1933089091374618,0.17398760822273537
P1,R03,testing,11,191,0,1.0,0.5001360072974148,0.1933089091374618,0.17421325175978128
P1,R03,testing,11,192,0,0.0,0.49989646307503754,0.20578522890186585,0.18569614976531343
P1,R03,testing,11,193,0,0.0,0.49989646307503754,0.20578522890186585,0.18593399374045208
P1,R03,testing,11,194,0,0.0,0.49989646307503754,0.20578522890186585,0.1861706483071873
P1,R03,testing,11,195,0,0.0,0.49989646307503754,0.20578522890186585,0.18640610815089795
P1,R03,testing,11,196,0,0.0,0.49989646307503754,0.20578522890186585,0.18664036797900127
P1,R03,testing,11,197,0,0.0,0.49989646307503754,0.20578522890186585,0.18687342252115088
P1,R03,testing,11,198,0,0.0,0.49989646307503754,0.20578522890186585,0.18710526652943385
P1,R03,testing,11,199,0,0.0,0.49989646307503754,0.20578522890186585,0.18733589477856732
P1,R03,testing,11,200,0,0.0,0.49989646307503754,0.20578522890186585,0.18756530206609454
P1,R03,testing,11,201,0,0.0,0.49989646307503754,0.20578522890186585,0.18779348321257985
P1,R03,testing,11,202,0,0.0,0.49989646307503754,0.20578522890186585,0.18802043306180355
P1,R03,testing,11,203,0,0.0,0.49989646307503754,0.20578522890186585,0.18824614648095545
P1,R03,testing,11,204,0,0.0,0.49989646307503754,0.20578522890186585,0.1884706183608283
P1,R03,testing,11,205,0,0.0,0.49989646307503754,0.20578522890186585,0.18869384361600997
P1,R03,testing,11,206,0,0.0,0.49989646307503754,0.20578522890186585,0.18891581718507547
P1,R03,testing,11,207,0,0.0,0.49989646307503754,0.20578522890186585,0.18913653403077754
P1,R03,testing,11,208,0,0.0,0.0,0.21749406917112754,0.20013003275212543
P1,R03,testing,11,209,0,0.0,0.0,0.21749406917112754,0.20036063569641915
P1,R03,testing,11,210,0,0.0,0.0,0.21749406917112754,0.20058989459561563
P1,R03,testing,11,211,0,0.0,0.0,0.21749406917112754,0.2008178042300738
P1,R03,testing,11,212,0,0.0,0.0,0.21749406917112754,0.2010443594067033
P1,R03,testing,11,213,0,0.0,0.0,0.21749406917112754,0.2012695549591616
P1,R03,testing,11,214,0,0.0,0.0,0.21749406917112754,0.2014933857480501
P1,R03,testing,11,215,0,0.0,0.0,0.21749406917112754,0.20171584666110934
P1,R03,testing,11,216,0,0.0,0.0,0.21749406917112754,0.20193693261341333
P1,R03,testing,11,217,0,0.0,0.0,0.21749406917112754,0.2021566385475632
P1,R03,testing,11,218,0,0.0,0.0,0.21749406917112754,0.20237495943387965
P1,R03,testing,11,219,0,0.0,0.0,0.21749406917112754,0.20259189027059465
P1,R03,testing,11,220,0,0.0,0.0,0.21749406917112754,0.2028074260840424
P1,R03,testing,11,221,0,0.0,0.0,0.21749406917112754,0.20302156192884904
P1,R03,testing,11,222,0,0.0,0.0,0.21749406917112754,0.20323429288812153
P1,R03,testing,11,223,0,0.0,0.0,0.21749406917112754,0.20344561407363587
P1,R03,testing,11,224,0,0.0,0.0,0.2283910917003728,0.21385919562702277
P1,R03,testing,11,225,0,0.0,0.0,0.2283910917003728,0.21407812846518653
P1,R03,testing,11,226,0,0.0,0.0,0.2283910917003728,0.2142955656794143
P1,R03,testing,11,227,0,0.0,0.0,0.2283910917003728,0.21451150225894425
P1,R03,testing,11,228,0,0.0,0.0,0.2283910917003728,0.2147259332240916
P1,R03,testing,11,229,0,0.0,0.0,0.2283910917003728,0.21493885362643986
P1,R03,testing,11,230,0,0.0,0.0,0.2283910917003728,0.2151502585490312
P1,R03,testing,11,231,0,0.0,0.0,0.2283910917003728,0.21536014310655527
P1,R03,testing,11,232,0,0.0,0.0,0.2283910917003728,0.21556850244553744
P1,R03,testing,11,233,0,0.0,0.0,0.2283910917003728,0.2157753317445257
P1,R03,testing,11,234,0,0.0,0.0,0.2283910917003728,0.2159806262142764
P1,R03,testing,11,235,0,0.0,0.0,0.2283910917003728,0.216184381097939
P1,R03,testing,11,236,0,0.0,0.0,0.2283910917003728,0.21638659167123972
P1,R03,testing,11,237,0,0.0,0.0,0.2283910917003728,0.21658725324266387
P1,R03,testing,11,238,0,0.0,0.0,0.2283910917003728,0.21678636115363736
P1,R03,testing,11,239,0,0.0,0.0,0.2283910917003728,0.21698391077870655
P1,R03,testing,11,240,0,0.0,0.0,0.2253002538048163,0.2142407817641177
P1,R03,testing,11,241,0,0.0,0.0,0.2253002538048163,0.21443256997977758
P1,R03,testing,11,242,0,0.0,0.0,0.2253002538048163,0.21462280750718515
P1,R03,testing,11,243,0,0.0,0.0,0.2253002538048163,0.2148114899159273
P1,R03,testing,11,244,0,0.0,0.0,0.2253002538048163,0.2149986128091345
P1,R03,testing,11,245,0,0.0,0.0,0.2253002538048163,0.2151841718236515
P1,R03,testing,11,246,0,0.0,0.0,0.2253002538048163,0.21536816263020683
P1,R03,testing,11,247,0,0.0,0.0,0.2253002538048163,0.21555058093358115
P1,R03,testing,11,248,0,0.0,0.0,0.2253002538048163,0.2157314224727741
P1,R03,testing,11,249,0,0.0,0.0,0.2253002538048163,0.21591068302117034
P1,R03,testing,11,250,0,0.0,0.0,0.2253002538048163,0.21608835838670395
P1,R03,testing,11,251,0,0.0,0.0,0.2253002538048163,0.216264444412022
P1,R03,testing,11,252,0,0.0,0.0,0.2253002538048163,0.21643893697464622
P1,R03,testing,11,253,0,0.0,0.0,0.2253002538048163,0.21661183198713438
P1,R03,testing,11,254,0,0.0,0.0,0.2253002538048163,0.21678312539723918
P1,R03,testing,11,255,0,0.0,0.0,0.2253002538048163,0.21695281318806697
P1,R03,testing,11,256,0,0.0,0.0,0.22257951985443347,0.214498931702051
P1,R03,testing,11,257,0,0.0,0.0,0.22257951985443347,0.21466338611282884
P1,R03,testing,11,258,0,0.0,0.0,0.22257951985443347,0.21482624259979258
P1,R03,testing,11,259,0,0.0,0.0,0.22257951985443347,0.21498749733580058
P1,R03,testing,11,260,0,0.0,0.0,0.22257951985443347,0.2151471465294001
P1,R03,testing,11,261,0,0.0,0.0,0.22257951985443347,0.21530518642497581
P1,R03,testing,11,262,0,0.0,0.0,0.22257951985443347,0.21546161330289704
P1,R03,testing,11,263,0,0.0,0.0,0.22257951985443347,0.21561642347966367
P1,R03,testing,11,264,0,0.0,0.0,0.22257951985443347,0.2157696133080506
P1,R03,testing,11,265,0,0.0,0.0,0.22257951985443347,0.21592117917725095
P1,R03,testing,11,266,0,0.0,0.0,0.22257951985443347,0.21607111751301797
P1,R03,testing,11,267,0,0.0,0.0,0.22257951985443347,0.21621942477780534
P1,R03,testing,11,268,0,0.0,0.0,0.22257951985443347,0.2163660974709064
P1,R03,testing,11,269,0,0.0,0.0,0.22257951985443347,0.2165111321285918
P1,R03,testing,11,270,0,0.0,0.0,0.22257951985443347,0.21665452532424573
P1,R03,testing,11,271,0,0.0,0.0,0.22257951985443347,0.21679627366850096
P1,R03,testing,11,272,0,0.0,0.0,0.19278825289147403,0.18790041654628695
P1,R03,testing,11,273,0,0.0,0.0,0.19278825289147403,0.18802033444423183
P1,R03,testing,11,274,0,0.0,0.0,0.19278825289147403,0.18813881903431565
P1,R03,testing,11,275,0,0.0,0.0,0.19278825289147403,0.18825586751101858
P1,R03,testing,11,276,0,0.0,0.0,0.19278825289147403,0.1883714771016498
P1,R03,testing,11,277,0,0.0,0.0,0.19278825289147403,0.18848564506645676
P1,R03,testing,11,278,0,0.0,0.0,0.19278825289147403,0.1885983686987333
P1,R03,testing,11,279,0,0.0,0.0,0.19278825289147403,0.18870964532492684
P1,R03,testing,11,280,0,0.0,0.0,0.19278825289147403,0.18881947230474383
P1,R03,testing,11,281,0,0.0,0.0,0.19278825289147403,0.18892784703125431
P1,R03,testing,11,282,0,0.0,0.0,0.19278825289147403,0.18903476693099494
P1,R03,testing,11,283,0,0.0,0.0,0.19278825289147403,0.18914022946407083
P1,R03,testing,11,284,0,0.0,0.0,0.19278825289147403,0.18924423212425623
P1,R03,testing,11,285,0,0.0,0.0,0.19278825289147403,0.1893467724390936
P1,R03,testing,11,286,0,0.0,0.0,0.19278825289147403,0.1894478479699917
P1,R03,testing,11,287,0,0.0,0.0,0.19278825289147403,0.18954745631232212
P1,R03,testing,11,288,0,0.0,0.24978396131597663,0.16359480985270403,0.1609280368680893
P1,R03,testing,11,289,0,0.0,0.24978396131597663,0.16359480985270403,0.16101006573066187
P1,R03,testing,11,290,0,0.0,0.24978396131597663,0.16359480985270403,0.16109084362958162
P1,R03,testing,11,291,0,0.0,0.24978396131597663,0.16359480985270403,0.16117036864042475
P1,R03,testing,11,292,0,0.0,0.24978396131597663,0.16359480985270403,0.16124863886798085
P1,R03,testing,11,293,0,0.0,0.24978396131597663,0.16359480985270403,0.16132565244632804
P1,R03,testing,11,294,0,0.0,0.24978396131597663,0.16359480985270403,0.16140140753890714
P1,R03,testing,11,295,0,0.0,0.24978396131597663,0.16359480985270403,0.16147590233859468
P1,R03,testing,11,296,0,0.0,0.24978396131597663,0.16359480985270403,0.16154913506777469
P1,R03,testing,11,297,0,0.0,0.24978396131597663,0.16359480985270403,0.16162110397840937
P1,R03,testing,11,298,0,0.0,0.24978396131597663,0.16359480985270403,0.1616918073521088
P1,R03,testing,11,299,0,0.0,0.24978396131597663,0.16359480985270403,0.16176124350019913
P1,R03,testing,11,300,0,0.0,0.24978396131597663,0.16359480985270403,0.1618294107637899
P1,R03,testing,11,301,0,0.0,0.24978396131597663,0.16359480985270403,0.16189630751384
P1,R03,testing,11,302,0,0.0,0.24978396131597663,0.16359480985270403,0.16196193215122268
P1,R03,testing,11,303,0,0.0,0.24978396131597663,0.16359480985270403,0.1620262831067892
P1,R03,testing,11,304,0,0.0,0.2501417588550244,0.1351750224111195,0.1339310992428304
P1,R03,testing,11,305,0,0.0,0.2501417588550244,0.1351750224111195,0.133982162487773
P1,R03,testing,11,306,0,0.0,0.2501417588550244,0.1351750224111195,0.13403216957512745
P1,R03,testing,11,307,0,0.0,0.2501417588550244,0.1351750224111195,0.1340811193079262
P1,R03,testing,11,308,0,0.0,0.2501417588550244,0.1351750224111195,0.13412901051422046
P1,R03,testing,11,309,0,0.0,0.2501417588550244,0.1351750224111195,0.13417584204712696
P1,R03,testing,11,310,0,0.0,0.2501417588550244,0.1351750224111195,0.13422161278487377
P1,R03,testing,11,311,0,0.0,0.2501417588550244,0.1351750224111195,0.134266321630845
P1,R03,testing,11,312,0,0.0,0.2501417588550244,0.1351750224111195,0.13430996751362473
P1,R03,testing,11,313,0,0.0,0.2501417588550244,0.1351750224111195,0.13435254938703964
P1,R03,testing,11,314,0,0.0,0.2501417588550244,0.1351750224111195,0.13439406623020086
P1,R03,testing,11,315,0,0.0,0.2501417588550244,0.1351750224111195,0.13443451704754483
P1,R03,testing,11,316,0,0.0,0.2501417588550244,0.1351750224111195,0.13447390086887304
P1,R03,testing,11,317,0,0.0,0.2501417588550244,0.1351750224111195,0.13451221674939076
P1,R03,testing,11,318,0,0.0,0.2501417588550244,0.1351750224111195,0.13454946376974486
P1,R03,testing,11,319,0,0.0,0.2501417588550244,0.1351750224111195,0.13458564103606066
P1,R03,testing,11,320,0,1.0,0.250374547713141,0.10767503195679526,0.10723351881091954
P1,R03,testing,11,321,0,1.0,0.250374547713141,0.10767503195679526,0.10726062987692474
P1,R03,testing,11,322,0,1.0,0.250374547713141,0.10767503195679526,0.10728688680550191
P1,R03,testing,11,323,0,1.0,0.250374547713141,0.10767503195679526,0.10731228896608298
P1,R03,testing,11,324,0,1.0,0.250374547713141,0.10767503195679526,0.10733683574852927
P1,R03,testing,11,325,0,1.0,0.250374547713141,0.10767503195679526,0.10736052656315585
P1,R03,testing,11,326,0,1.0,0.250374547713141,0.10767503195679526,0.10738336084075521
P1,R03,testing,11,327,0,1.0,0.250374547713141,0.10767503195679526,0.10740533803261999
P1,R03,testing,11,328,0,1.0,0.250374547713141,0.10767503195679526,0.10742645761056502
P1,R03,testing,11,329,0,1.0,0.250374547713141,0.10767503195679526,0.1074467190669484
P1,R03,testing,11,330,0,1.0,0.250374547713141,0.10767503195679526,0.10746612191469194
P1,R03,testing,11,331,0,1.0,0.250374547713141,0.10767503195679526,0.10748466568730057
P1,R03,testing,11,332,0,1.0,0.250374547713141,0.10767503195679526,0.10750234993888111
P1,R03,testing,11,333,0,1.0,0.250374547713141,0.10767503195679526,0.10751917424416006
P1,R03,testing,11,334,0,1.0,0.250374547713141,0.10767503195679526,0.10753513819850077
P1,R03,testing,11,335,0,1.0,0.250374547713141,0.10767503195679526,0.10755024141791952
P1,R03,testing,11,336,0,0.0,0.24973130684088363,0.10767436158973852,0.10756381386030053
P1,R03,testing,11,337,0,0.0,0.24973130684088363,0.10767436158973852,0.10757719445730646
P1,R03,testing,11,338,0,0.0,0.24973130684088363,0.10767436158973852,0.10758971329687228
P1,R03,testing,11,339,0,0.0,0.24973130684088363,0.10767436158973852,0.10760137007777382
P1,R03,testing,11,340,0,0.0,0.24973130684088363,0.10767436158973852,0.1076121645195084
P1,R03,testing,11,341,0,0.0,0.24973130684088363,0.10767436158973852,0.10762209636230621
P1,R03,testing,11,342,0,0.0,0.24973130684088363,0.10767436158973852,0.10763116536714061
P1,R03,testing,11,343,0,0.0,0.24973130684088363,0.10767436158973852,0.10763937131573781
P1,R03,testing,11,344,0,0.0,0.24973130684088363,0.10767436158973852,0.10764671401058555
P1,R03,testing,11,345,0,0.0,0.24973130684088363,0.10767436158973852,0.10765319327494106
P1,R03,testing,11,346,0,0.0,0.24973130684088363,0.10767436158973852,0.10765880895283819
P1,R03,testing,11,347,0,0.0,0.24973130684088363,0.10767436158973852,0.10766356090909354
P1,R03,testing,11,348,0,0.0,0.24973130684088363,0.10767436158973852,0.10766744902931207
P1,R03,testing,11,349,0,0.0,0.24973130684088363,0.10767436158973852,0.10767047321989148
P1,R03,testing,11,350,0,0.0,0.24973130684088363,0.10767436158973852,0.10767263340802617
P1,R03,testing,11,351,0,0.0,0.24973130684088363,0.10767436158973852,0.10767392954171003
P1,R03,testing,11,352,0,0.0,0.24974520892855392,0.10663307217202635,0.10663307217202635
P1,R03,testing,11,353,0,0.0,0.24974520892855392,0.10663307217202635,0.10663264430221664
P1,R03,testing,11,354,0,0.0,0.24974520892855392,0.10663307217202635,0.10663136070308854
P1,R03,testing,11,355,0,0.0,0.24974520892855392,0.10663307217202635,0.10662922140554482
P1,R03,testing,11,356,0,0.0,0.24974520892855392,0.10663307217202635,0.10662622646108862
P1,R03,testing,11,357,0,0.0,0.24974520892855392,0.10663307217202635,0.10662237594182152
P1,R03,testing,11,358,0,0.0,0.24974520892855392,0.10663307217202635,0.10661766994044054
P1,R03,testing,11,359,0,0.0,0.24974520892855392,0.10663307217202635,0.10661210857023452
P1,R03,testing,11,360,0,0.0,0.24974520892855392,0.10663307217202635,0.10660569196507946
P1,R03,testing,11,361,0,0.0,0.24974520892855392,0.10663307217202635,0.10659842027943327
P1,R03,testing,11,362,0,0.0,0.24974520892855392,0.10663307217202635,0.10659029368832944
P1,R03,testing,11,363,0,0.0,0.24974520892855392,0.10663307217202635,0.10658131238737016
P1,R03,testing,11,364,0,0.0,0.24974520892855392,0.10663307217202635,0.10657147659271837
P1,R03,testing,11,365,0,0.0,0.24974520892855392,0.10663307217202635,0.10656078654108912
P1,R03,testing,11,366,0,0.0,0.24974520892855392,0.10663307217202635,0.10654924248974008
P1,R03,testing,11,367,0,0.0,0.24974520892855392,0.10663307217202635,0.10653684471646126
P1,R03,testing,11,368,0,0.0,0.24977950414626462,0.10458124667203893,0.1044738745995168
P1,R03,testing,11,369,0,0.0,0.24977950414626462,0.10458124667203893,0.10446004169172615
P1,R03,testing,11,370,0,0.0,0.24977950414626462,0.10458124667203893,0.10444537242730274
P1,R03,testing,11,371,0,0.0,0.24977950414626462,0.10458124667203893,0.10442986715912286
P1,R03,testing,11,372,0,0.0,0.24977950414626462,0.10458124667203893,0.10441352626013739
P1,R03,testing,11,373,0,0.0,0.24977950414626462,0.10458124667203893,0.10439635012335671
P1,R03,testing,11,374,0,0.0,0.24977950414626462,0.10458124667203893,0.10437833916183509
P1,R03,testing,11,375,0,0.0,0.24977950414626462,0.10458124667203893,0.10435949380865403
P1,R03,testing,11,376,0,0.0,0.24977950414626462,0.10458124667203893,0.10433981451690498
P1,R03,testing,11,377,0,0.0,0.24977950414626462,0.10458124667203893,0.10431930175967112
P1,R03,testing,11,378,0,0.0,0.24977950414626462,0.10458124667203893,0.10429795603000845
P1,R03,testing,11,379,0,0.0,0.24977950414626462,0.10458124667203893,0.10427577784092601
P1,R03,testing,11,380,0,0.0,0.24977950414626462,0.10458124667203893,0.10425276772536533
P1,R03,testing,11,381,0,0.0,0.24977950414626462,0.10458124667203893,0.10422892623617915
P1,R03,testing,11,382,0,0.0,0.24977950414626462,0.10458124667203893,0.10420425394610917
P1,R03,testing,11,383,0,0.0,0.24977950414626462,0.10458124667203893,0.10417875144776322
P1,R03,testing,11,384,0,0.0,0.0,0.10157758781590338,0.10116107676842989
P1,R03,testing,11,385,0,0.0,0.0,0.10157758781590338,0.10113469579847123
P1,R03,testing,11,386,0,0.0,0.0,0.10157758781590338,0.1011075103067984
P1,R03,testing,11,387,0,0.0,0.0,0.10157758781590338,0.101079520945943
P1,R03,testing,11,388,0,0.0,0.0,0.10157758781590338,0.10105072838760931
P1,R03,testing,11,389,0,0.0,0.0,0.10157758781590338,0.10102113332264734
P1,R03,testing,11,390,0,0.0,0.0,0.10157758781590338,0.10099073646102533
P1,R03,testing,11,391,0,0.0,0.0,0.10157758781590338,0.10095953853180123
P1,R03,testing,11,392,0,0.0,0.0,0.10157758781590338,0.10092754028309361
P1,R03,testing,11,393,0,0.0,0.0,0.10157758781590338,0.10089474248205182
P1,R03,testing,11,394,0,0.0,0.0,0.10157758781590338,0.10086114591482523
P1,R03,testing,11,395,0,0.0,0.0,0.10157758781590338,0.10082675138653187
P1,R03,testing,11,396,0,0.0,0.0,0.10157758781590338,0.1007915597212263
P1,R03,testing,11,397,0,0.0,0.0,0.10157758781590338,0.10075557176186671
P1,R03,testing,11,398,0,0.0,0.0,0.10157758781590338,0.1007187883702812
P1,R03,testing,11,399,0,0.0,0.0,0.10157758781590338,0.10068121042713342
P1,R03,testing,11,400,0,0.0,0.0,0.09770662905407011,0.09680750185284695
P1,R03,testing,11,401,0,0.0,0.0,0.09770662905407011,0.09676983001342528
P1,R03,testing,11,402,0,0.0,0.0,0.09770662905407011,0.09673139655119947
P1,R03,testing,11,403,0,0.0,0.0,0.09770662905407011,0.09669220238539841
P1,R03,testing,11,404,0,0.0,0.0,0.09770662905407011,0.09665224845319266
P1,R03,testing,11,405,0,0.0,0.0,0.09770662905407011,0.09661153570965704
P1,R03,testing,11,406,0,0.0,0.0,0.09770662905407011,0.09657006512773261
P1,R03,testing,11,407,0,0.0,0.0,0.09770662905407011,0.096527837698188
P1,R03,testing,11,408,0,0.0,0.0,0.09770662905407011,0.09648485442957977
P1,R03,testing,11,409,0,0.0,0.0,0.09770662905407011,0.09644111634821245
P1,R03,testing,11,410,0,0.0,0.0,0.09770662905407011,0.09639662449809765
P1,R03,testing,11,411,0,0.0,0.0,0.09770662905407011,0.09635137994091245
P1,R03,testing,11,412,0,0.0,0.0,0.09770662905407011,0.09630538375595725
P1,R03,testing,11,413,0,0.0,0.0,0.09770662905407011,0.09625863704011285
P1,R03,testing,11,414,0,0.0,0.0,0.09770662905407011,0.09621114090779688
P1,R03,testing,11,415,0,0.0,0.0,0.09770662905407011,0.09616289649091946
P1,R03,testing,11,416,0,0.0,0.0,0.09411441103659382,0.09258024397444012
P1,R03,testing,11,417,0,0.0,0.0,0.09411441103659382,0.09253233507106295
P1,R03,testing,11,418,0,0.0,0.0,0.09411441103659382,0.09248370876561042
P1,R03,testing,11,419,0,0.0,0.0,0.09411441103659382,0.09243436621533563
P1,R03,testing,11,420,0,0.0,0.0,0.09411441103659382,0.09238430859411813
P1,R03,testing,11,421,0,0.0,0.0,0.09411441103659382,0.09233353709241726
P1,R03,testing,11,422,0,0.0,0.0,0.09411441103659382,0.09228205291722504
P1,R03,testing,11,423,0,0.0,0.0,0.09411441103659382,0.09222985729201834
P1,R03,testing,11,424,0,0.0,0.0,0.09411441103659382,0.09217695145671037
P1,R03,testing,11,425,0,0.0,0.0,0.09411441103659382,0.09212333666760171
P1,R03,testing,11,426,0,0.0,0.0,0.09411441103659382,0.09206901419733045
P1,R03,testing,11,427,0,0.0,0.0,0.09411441103659382,0.09201398533482198
P1,R03,testing,11,428,0,0.0,0.0,0.09411441103659382,0.09195825138523793
P1,R03,testing,11,429,0,0.0,0.0,0.09411441103659382,0.09190181366992461
P1,R03,testing,11,430,0,0.0,0.0,0.09411441103659382,0.09184467352636085
P1,R03,testing,11,431,0,0.0,0.0,0.09411441103659382,0.09178683230810504
P1,R03,testing,11,432,0,0.0,0.0,0.09192592445568636,0.08959529036423909
P1,R03,testing,11,433,0,0.0,0.0,0.09192592445568636,0.08953742863925027
P1,R03,testing,11,434,0,0.0,0.0,0.09192592445568636,0.08947888620194855
P1,R03,testing,11,435,0,0.0,0.0,0.09192592445568636,0.08941966443671262
P1,R03,testing,11,436,0,0.0,0.0,0.09192592445568636,0.08935976474336005
P1,R03,testing,11,437,0,0.0,0.0,0.09192592445568636,0.08929918853709211
P1,R03,testing,11,438,0,0.0,0.0,0.09192592445568636,0.0892379372484381
P1,R03,testing,11,439,0,0.0,0.0,0.09192592445568636,0.08917601232319906
P1,R03,testing,11,440,0,0.0,0.0,0.09192592445568636,0.08911341522239084
P1,R03,testing,11,441,0,0.0,0.0,0.09192592445568636,0.08905014742218674
P1,R03,testing,11,442,0,0.0,0.0,0.09192592445568636,0.08898621041385943
P1,R03,testing,11,443,0,0.0,0.0,0.09192592445568636,0.08892160570372244
P1,R03,testing,11,444,0,0.0,0.0,0.09192592445568636,0.08885633481307095
P1,R03,testing,11,445,0,0.0,0.0,0.09192592445568636,0.0887903992781222
P1,R03,testing,11,446,0,0.0,0.0,0.09192592445568636,0.08872380064995511
P1,R03,testing,11,447,0,0.0,0.0,0.09192592445568636,0.08865654049444963
P1,R03,testing,11,448,0,0.0,0.0,0.09116625728699487,0.08785653238951946
P1,R03,testing,11,449,0,0.0,0.0,0.09116625728699487,0.08778852066174563
P1,R03,testing,11,450,0,0.0,0.0,0.09116625728699487,0.08771985761971252
P1,R03,testing,11,451,0,0.0,0.0,0.09116625728699487,0.08765054487446053
P1,R03,testing,11,452,0,0.0,0.0,0.09116625728699487,0.08758058405139911
P1,R03,testing,11,453,0,0.0,0.0,0.09116625728699487,0.08750997679024329
P1,R03,testing,11,454,0,0.0,0.0,0.09116625728699487,0.08743872474494957
P1,R03,testing,11,455,0,0.0,0.0,0.09116625728699487,0.08736682958365147
P1,R03,testing,11,456,0,0.0,0.0,0.09116625728699487,0.0872942929885944
P1,R03,testing,11,457,0,0.0,0.0,0.09116625728699487,0.08722111665607005
P1,R03,testing,11,458,0,0.0,0.0,0.09116625728699487,0.08714730229635038
P1,R03,testing,11,459,0,0.0,0.0,0.09116625728699487,0.087072851633621
P1,R03,testing,11,460,0,0.0,0.0,0.09116625728699487,0.086997766405914
P1,R03,testing,11,461,0,0.0,0.0,0.09116625728699487,0.08692204836504046
P1,R03,testing,11,462,0,0.0,0.0,0.09116625728699487,0.08684569927652226
P1,R03,testing,11,463,0,0.0,0.0,0.09116625728699487,0.08676872091952358
P1,R03,testing,11,464,0,0.0,0.0,0.0919233969704072,0.08741108852196229
P1,R03,testing,11,465,0,0.0,0.0,0.0919233969704072,0.08733220730373129
P1,R03,testing,11,466,0,0.0,0.0,0.0919233969704072,0.08725269705457317
P1,R03,testing,11,467,0,0.0,0.0,0.0919233969704072,0.0871725596227491
P1,R03,testing,11,468,0,0.0,0.0,0.0919233969704072,0.08709179686992279
P1,R03,testing,11,469,0,0.0,0.0,0.0919233969704072,0.08701041067108838
P1,R03,testing,11,470,0,0.0,0.0,0.0919233969704072,0.08692840291449799
P1,R03,testing,11,471,0,0.0,0.0,0.0919233969704072,0.08684577550158874
P1,R03,testing,11,472,0,0.0,0.0,0.0919233969704072,0.08676253034690927
P1,R03,testing,11,473,0,0.0,0.0,0.0919233969704072,0.08667866937804593
P1,R03,testing,11,474,0,0.0,0.0,0.0919233969704072,0.08659419453554833
P1,R03,testing,11,475,0,0.0,0.0,0.0919233969704072,0.08650910777285464
P1,R03,testing,11,476,0,0.0,0.0,0.0919233969704072,0.08642341105621634
P1,R03,testing,11,477,0,0.0,0.0,0.0919233969704072,0.08633710636462248
P1,R03,testing,11,478,0,0.0,0.0,0.0919233969704072,0.08625019568972364
P1,R03,testing,11,479,0,0.0,0.0,0.0919233969704072,0.08616268103575533
P1,R03,testing,11,480,0,0.0,0.0,0.07986810993108717,0.07478632208878333
P1,R03,testing,11,481,0,0.0,0.0,0.07986810993108717,0.07470924026459717
P1,R03,testing,11,482,0,0.0,0.0,0.07986810993108717,0.0746316389592386
P1,R03,testing,11,483,0,0.0,0.0,0.07986810993108717,0.07455351995716342
P1,R03,testing,11,484,0,0.0,0.0,0.07986810993108717,0.07447488505342383
P1,R03,testing,11,485,0,0.0,0.0,0.07986810993108717,0.07439573605359989
P1,R03,testing,11,486,0,0.0,0.0,0.07986810993108717,0.0743160747737304
P1,R03,testing,11,487,0,0.0,0.0,0.07986810993108717,0.07423590304024348
P1,R03,testing,11,488,0,0.0,0.0,0.07986810993108717,0.07415522268988695
P1,R03,testing,11,489,0,0.0,0.0,0.07986810993108717,0.0740740355696582
P1,R03,testing,11,490,1,0.0,0.0,0.07986810993108717,0.07399234353673383
P1,R03,testing,11,491,1,0.0,0.0,0.07986810993108717,0.07391014845839887
P1,R03,testing,11,492,1,0.0,0.0,0.07986810993108717,0.0738274522119758
P1,R03,testing,11,493,1,0.0,0.0,0.07986810993108717,0.07374425668475311
P1,R03,testing,11,494,1,0.0,0.0,0.07986810993108717,0.07366056377391361
P1,R03,testing,11,495,1,0.0,0.0,0.07986810993108717,0.07357637538646246
P1,R03,testing,11,496,1,0.0,0.0,0.06825119187853965,0.06280223326584848
P1,R03,testing,11,497,1,0.0,0.0,0.06825119187853965,0.06272944829063724
P1,R03,testing,11,498,1,0.0,0.0,0.06825119187853965,0.06265624484514591
P1,R03,testing,11,499,1,0.0,0.0,0.06825119187853965,0.0625826245919572
P1,R03,testing,11,500,1,0.0,0.0,0.06825119187853965,0.06250858920173584
P1,R03,testing,11,501,1,0.0,0.0,0.06825119187853965,0.06243414035316545
P1,R03,testing,11,502,1,0.0,0.0,0.06825119187853965,0.06235927973288524
P1,R03,testing,11,503,1,0.0,0.0,0.06825119187853965,0.0622840090354264
P1,R03,testing,11,504,1,0.0,0.0,0.06825119187853965,0.06220832996314827
P1,R03,testing,11,505,1,0.0,0.0,0.06825119187853965,0.062132244226174305
P1,R03,testing,11,506,1,0.0,0.0,0.06825119187853965,0.062055753542327764
P1,R03,testing,11,507,1,0.0,0.0,0.06825119187853965,0.06197885963706717
P1,R03,testing,11,508,1,0.0,0.0,0.06825119187853965,0.061901564243421574
P1,R03,testing,11,509,1,0.0,0.0,0.06825119187853965,0.06182386910192559
P1,R03,testing,11,510,1,0.0,0.0,0.06825119187853965,0.06174577596055415
P1,R03,testing,11,511,1,0.0,0.0,0.06825119187853965,0.06166728657465717
P1,R03,testing,11,512,1,0.0,0.0,0.07030339478808707,0.06344026632642438
P1,R03,testing,11,513,1,0.0,0.0,0.07030339478808707,0.06335860602821425
P1,R03,testing,11,514,1,0.0,0.0,0.07030339478808707,0.06327654304034111
P1,R03,testing,11,515,1,0.0,0.0,0.07030339478808707,0.06319407920064399
P1,R03,testing,11,516,1,0.0,0.0,0.07030339478808707,0.06311121635421849
P1,R03,testing,11,517,1,0.0,0.0,0.07030339478808707,0.06302795635334808
P1,R03,testing,11,518,1,0.0,0.0,0.07030339478808707,0.06294430105743536
P1,R03,testing,11,519,1,0.0,0.0,0.07030339478808707,0.0628602523329329
P1,R03,testing,11,520,1,0.0,0.0,0.07030339478808707,0.06277581205327408
P1,R03,testing,11,521,1,0.0,0.0,0.07030339478808707,0.06269098209880371
P1,R03,testing,11,522,1,0.0,0.0,0.07030339478808707,0.06260576435670832
P1,R03,testing,11,523,1,0.0,0.0,0.07030339478808707,0.06252016072094643
P1,R03,testing,11,524,1,0.0,0.0,0.07030339478808707,0.062434173092178656
P1,R03,testing,11,525,1,0.0,0.0,0.07030339478808707,0.06234780337769742
P1,R03,testing,11,526,1,0.0,0.0,0.07030339478808707,0.06226105349135681
P1,R03,testing,11,527,1,0.0,0.0,0.07030339478808707,0.062173925353502024
P1,R03,testing,11,528,1,0.0,0.24994519440969987,0.0717056587559506,0.06332478997921007
P1,R03,testing,11,529,1,0.0,0.24994519440969987,0.0717056587559506,0.06323515830277772
P1,R03,testing,11,530,1,0.0,0.24994519440969987,0.0717056587559506,0.06314514674521399
P1,R03,testing,11,531,1,0.0,0.24994519440969987,0.0717056587559506,0.06305475729092742
P1,R03,testing,11,532,1,0.0,0.24994519440969987,0.0717056587559506,0.06296399193058541
P1,R03,testing,11,533,1,0.0,0.24994519440969987,0.0717056587559506,0.0628728526610413
P1,R03,testing,11,534,1,0.0,0.24994519440969987,0.0717056587559506,0.06278134148526147
P1,R03,testing,11,535,1,0.0,0.24994519440969987,0.0717056587559506,0.06268946041225226
P1,R03,testing,11,536,1,0.0,0.24994519440969987,0.0717056587559506,0.06259721145698671
P1,R03,testing,11,537,1,0.0,0.24994519440969987,0.0717056587559506,0.0625045966403312
P1,R03,testing,11,538,1,0.0,0.24994519440969987,0.0717056587559506,0.06241161798897191
P1,R03,testing,11,539,1,0.0,0.24994519440969987,0.0717056587559506,0.0623182775353413
P1,R03,testing,11,540,1,0.0,0.24994519440969987,0.0717056587559506,0.06222457731754428
P1,R03,testing,11,541,1,0.0,0.24994519440969987,0.0717056587559506,0.062130519379284405
P1,R03,testing,11,542,1,0.0,0.24994519440969987,0.0717056587559506,0.062036105769789865
P1,R03,testing,11,543,1,0.0,0.24994519440969987,0.0717056587559506,0.06194133854373943
P1,R03,testing,11,544,1,1.0,0.25036002364830884,0.0724171882792944,0.062459914859047484
P1,R03,testing,11,545,1,1.0,0.25036002364830884,0.0724171882792944,0.06236349926129979
P1,R03,testing,11,546,1,1.0,0.25036002364830884,0.0724171882792944,0.06226673279556708
P1,R03,testing,11,547,1,1.0,0.25036002364830884,0.0724171882792944,0.06216961755818491
P1,R03,testing,11,548,1,1.0,0.25036002364830884,0.0724171882792944,0.06207215565061786
P1,R03,testing,11,549,1,1.0,0.25036002364830884,0.0724171882792944,0.061974349179384144
P1,R03,testing,11,550,1,1.0,0.25036002364830884,0.0724171882792944,0.06187620025598012
P1,R03,testing,11,551,1,1.0,0.25036002364830884,0.0724171882792944,0.06177771099680471
P1,R03,testing,11,552,1,1.0,0.25036002364830884,0.0724171882792944,0.06167888352308377
P1,R03,testing,11,553,1,1.0,0.25036002364830884,0.0724171882792944,0.06157971996079437
P1,R03,testing,11,554,1,1.0,0.25036002364830884,0.0724171882792944,0.06148022244058898
P1,R03,testing,11,555,1,1.0,0.25036002364830884,0.0724171882792944,0.061380393097719636
P1,R03,testing,11,556,1,1.0,0.25036002364830884,0.0724171882792944,0.06128023407196202
P1,R03,testing,11,557,1,1.0,0.25036002364830884,0.0724171882792944,0.061179747507539455
P1,R03,testing,11,558,1,1.0,0.25036002364830884,0.0724171882792944,0.061078935553046915
P1,R03,testing,11,559,1,1.0,0.25036002364830884,0.0724171882792944,0.060977800361374936
P1,R03,testing,11,560,1,0.0,0.2499768025510527,0.07241707708450451,0.06087625061552251
P1,R03,testing,11,561,1,0.0,0.2499768025510527,0.07241707708450451,0.060774475581237955
P1,R03,testing,11,562,1,0.0,0.2499768025510527,0.07241707708450451,0.06067238379394366
P1,R03,testing,11,563,1,0.0,0.2499768025510527,0.07241707708450451,0.060569977422947306
P1,R03,testing,11,564,1,0.0,0.2499768025510527,0.07241707708450451,0.060467258641471074
P1,R03,testing,11,565,1,0.0,0.2499768025510527,0.07241707708450451,0.06036422962657532
P1,R03,testing,11,566,1,0.0,0.2499768025510527,0.07241707708450451,0.06026089255908227
P1,R03,testing,11,567,1,0.0,0.2499768025510527,0.07241707708450451,0.06015724962349964
P1,R03,testing,11,568,1,0.0,0.2499768025510527,0.07241707708450451,0.06005330300794429
P1,R03,testing,11,569,1,0.0,0.2499768025510527,0.07241707708450451,0.05994905490406584
P1,R03,testing,11,570,1,0.0,0.2499768025510527,0.07241707708450451,0.05984450750697019
P1,R03,testing,11,571,1,0.0,0.2499768025510527,0.07241707708450451,0.05973966301514326
P1,R03,testing,11,572,1,0.0,0.2499768025510527,0.07241707708450451,0.05963452363037447
P1,R03,testing,11,573,1,0.0,0.2499768025510527,0.07241707708450451,0.05952909155768038
P1,R03,testing,11,574,1,0.0,0.2499768025510527,0.07241707708450451,0.05942336900522831
P1,R03,testing,11,575,1,0.0,0.2499768025510527,0.07241707708450451,0.059317358184259886
P1,R03,testing,11,576,1,0.0,0.2499713111184386,0.07170532849363664,0.05862910756071165
P1,R03,testing,11,577,1,0.0,0.2499713111184386,0.07170532849363664,0.05852357437298045
P1,R03,testing,11,578,1,0.0,0.2499713111184386,0.07170532849363664,0.05841776233600369
P1,R03,testing,11,579,1,0.0,0.2499713111184386,0.07170532849363664,0.05831167365071034
P1,R03,testing,11,580,1,0.0,0.2499713111184386,0.07170532849363664,0.058205310520695566
P1,R03,testing,11,581,1,0.0,0.2499713111184386,0.07170532849363664,0.058098675152145195
P1,R03,testing,11,582,1,0.0,0.2499713111184386,0.07170532849363664,0.05799176975376023
P1,R03,testing,11,583,1,0.0,0.2499713111184386,0.07170532849363664,0.05788459653668146
P1,R03,testing,11,584,1,0.0,0.2499713111184386,0.07170532849363664,0.05777715771441399
P1,R03,testing,11,585,1,0.0,0.2499713111184386,0.07170532849363664,0.05766945550275192
P1,R03,testing,11,586,1,0.0,0.2499713111184386,0.07170532849363664,0.05756149211970305
P1,R03,testing,11,587,1,0.0,0.2499713111184386,0.07170532849363664,0.05745326978541357
P1,R03,testing,11,588,1,0.0,0.2499713111184386,0.07170532849363664,0.05734479072209292
P1,R03,testing,11,589,1,0.0,0.2499713111184386,0.07170532849363664,0.05723605715393859
P1,R03,testing,11,590,1,0.0,0.2499713111184386,0.07170532849363664,0.05712707130706106
P1,R03,testing,11,591,1,0.0,0.2499713111184386,0.07170532849363664,0.05701783540940878
P1,R03,testing,11,592,1,0.0,0.0,0.07030285525955052,0.05579529019695446
P1,R03,testing,11,593,1,0.0,0.0,0.07030285525955052,0.055687707066847225
P1,R03,testing,11,594,1,0.0,0.0,0.07030285525955052,0.055579885339863744
P1,R03,testing,11,595,1,0.0,0.0,0.07030285525955052,0.05547182720685033
P1,R03,testing,11,596,1,0.0,0.0,0.07030285525955052,0.0553635348600887
P1,R03,testing,11,597,1,0.0,0.0,0.07030285525955052,0.055255010493222775
P1,R03,testing,11,598,1,0.0,0.0,0.07030285525955052,0.05514625630118576
P1,R03,testing,11,599,1,0.0,0.0,0.07030285525955052,0.05503727448012716
P1,R03,testing,11,600,1,0.0,0.0,0.07030285525955052,0.05492806722734001
P1,R03,testing,11,601,1,0.0,0.0,0.07030285525955052,0.054818636741188115
P1,R03,testing,11,602,1,0.0,0.0,0.07030285525955052,0.05470898522103345
P1,R03,testing,11,603,1,0.0,0.0,0.07030285525955052,0.054599114867163644
P1,R03,testing,11,604,1,0.0,0.0,0.07030285525955052,0.05448902788071953
P1,R03,testing,11,605,1,0.0,0.0,0.07030285525955052,0.05437872646362291
P1,R03,testing,11,606,1,0.0,0.0,0.07030285525955052,0.05426821281850431
P1,R03,testing,11,607,1,0.0,0.0,0.07030285525955052,0.05415748914863095
P1,R03,testing,11,608,1,0.0,0.0,0.0682504588811472,0.052468741809636524
P1,R03,testing,11,609,1,0.0,0.0,0.0682504588811472,0.05236084919915336
P1,R03,testing,11,610,1,0.0,0.0,0.0682504588811472,0.052252759115151065
P1,R03,testing,11,611,1,0.0,0.0,0.0682504588811472,0.052144473698350575
P1,R03,testing,11,612,1,0.0,0.0,0.0682504588811472,0.05203599508974293
P1,R03,testing,11,613,1,0.0,0.0,0.0682504588811472,0.05192732543052004
P1,R03,testing,11,614,1,0.0,0.0,0.0682504588811472,0.05181846686200562
P1,R03,testing,11,615,1,0.0,0.0,0.0682504588811472,0.05170942152558623
P1,R03,testing,11,616,1,0.0,0.0,0.0682504588811472,0.051600191562642506
P1,R03,testing,11,617,1,0.0,0.0,0.0682504588811472,0.051490779114480474
P1,R03,testing,11,618,1,0.0,0.0,0.0682504588811472,0.051381186322263066
P1,R03,testing,11,619,1,0.0,0.0,0.0682504588811472,0.05127141532694176
P1,R03,testing,11,620,1,0.0,0.0,0.0682504588811472,0.05116146826918837
P1,R03,testing,11,621,1,0.0,0.0,0.0682504588811472,0.051051347289327
P1,R03,testing,11,622,1,0.0,0.0,0.0682504588811472,0.050941054527266195
P1,R03,testing,11,623,1,0.0,0.0,0.0682504588811472,0.05083059212243115
P1,R03,testing,11,624,1,0.0,0.0,0.0656068579091135,0.048755384339675835
P1,R03,testing,11,625,1,0.0,0.0,0.0656068579091135,0.048648880589483835
P1,R03,testing,11,626,1,0.0,0.0,0.0656068579091135,0.04854221993366539
P1,R03,testing,11,627,1,0.0,0.0,0.0656068579091135,0.04843540442627148
P1,R03,testing,11,628,1,0.0,0.0,0.0656068579091135,0.0483284361205654
P1,R03,testing,11,629,1,0.0,0.0,0.0656068579091135,0.0482213170689587
P1,R03,testing,11,630,1,0.0,0.0,0.0656068579091135,0.04811404932294725
P1,R03,testing,11,631,1,0.0,0.0,0.0656068579091135,0.0480066349330475
P1,R03,testing,11,632,1,0.0,0.0,0.0656068579091135,0.04789907594873286
P1,R03,testing,11,633,1,0.0,0.0,0.0656068579091135,0.04779137441837039
P1,R03,testing,11,634,1,0.0,0.0,0.0656068579091135,0.04768353238915751
P1,R03,testing,11,635,1,0.0,0.0,0.0656068579091135,0.04757555190705909
P1,R03,testing,11,636,1,0.0,0.0,0.0656068579091135,0.047467435016744525
P1,R03,testing,11,637,1,0.0,0.0,0.0656068579091135,0.0473591837615252
P1,R03,testing,11,638,1,0.0,0.0,0.0656068579091135,0.047250800183292
P1,R03,testing,11,639,1,0.0,0.0,0.0656068579091135,0.0471422863224531
P1,R03,testing,11,640,1,0.0,0.0,0.06244589818553184,0.044767547962631056
P1,R03,testing,11,641,1,0.0,0.0,0.06244589818553184,0.04466402014412031
P1,R03,testing,11,642,1,0.0,0.0,0.06244589818553184,0.044560374137307
P1,R03,testing,11,643,1,0.0,0.0,0.06244589818553184,0.0444566118780582
P1,R03,testing,11,644,1,0.0,0.0,0.06244589818553184,0.044352735300536524
P1,R03,testing,11,645,1,0.0,0.0,0.06244589818553184,0.044248746337141986
P1,R03,testing,11,646,1,0.0,0.0,0.06244589818553184,0.04414464691845424
P1,R03,testing,11,647,1,0.0,0.0,0.06244589818553184,0.044040438973174875
P1,R03,testing,11,648,1,0.0,0.0,0.06244589818553184,0.04393612442807007
P1,R03,testing,11,649,1,0.0,0.0,0.06244589818553184,0.04383170520791331
P1,R03,testing,11,650,1,0.0,0.0,0.06244589818553184,0.04372718323542847
P1,R03,testing,11,651,1,0.0,0.0,0.06244589818553184,0.043622560431232964
P1,R03,testing,11,652,1,0.0,0.0,0.06244589818553184,0.04351783871378125
P1,R03,testing,11,653,1,0.0,0.0,0.06244589818553184,0.04341301999930847
P1,R03,testing,11,654,1,0.0,0.0,0.06244589818553184,0.043308106201774346
P1,R03,testing,11,655,1,0.0,0.0,0.06244589818553184,0.04320309923280727
P1,R03,testing,11,656,1,0.0,0.0,0.04561441022254524,0.03148148965077019
P1,R03,testing,11,657,1,0.0,0.0,0.04561441022254524,0.03140465402404893
P1,R03,testing,11,658,1,0.0,0.0,0.04561441022254524,0.03132775451755247
P1,R03,testing,11,659,1,0.0,0.0,0.04561441022254524,0.031250792520437824
P1,R03,testing,11,660,1,0.0,0.0,0.04561441022254524,0.03117376941995746
P1,R03,testing,11,661,1,0.0,0.0,0.04561441022254524,0.031096686601419572
P1,R03,testing,11,662,1,0.0,0.0,0.04561441022254524,0.031019545448148403
P1,R03,testing,11,663,1,0.0,0.0,0.04561441022254524,0.03094234734144485
P1,R03,testing,11,664,1,0.0,0.0,0.04561441022254524,0.03086509366054716
P1,R03,testing,11,665,1,0.0,0.0,0.04561441022254524,0.030787785782591847
P1,R03,testing,11,666,1,0.0,0.0,0.04561441022254524,0.03071042508257482
P1,R03,testing,11,667,1,0.0,0.0,0.04561441022254524,0.030633012933312637
P1,R03,testing,11,668,1,0.0,0.0,0.04561441022254524,0.03055555070540396
P1,R03,testing,11,669,1,0.0,0.0,0.04561441022254524,0.030478039767191236
P1,R03,testing,11,670,1,0.0,0.0,0.04561441022254524,0.0304004814847225
P1,R03,testing,11,671,1,0.0,0.0,0.04561441022254524,0.030322877221713413
P1,R03,testing,11,672,1,0.0,0.0,0.029501354259877273,0.01956125688267118
P1,R03,testing,11,673,1,0.0,0.0,0.029501354259877273,0.019511009090213322
P1,R03,testing,11,674,1,0.0,0.0,0.029501354259877273,0.019460734196280437
P1,R03,testing,11,675,1,0.0,0.0,0.029501354259877273,0.019410433076585614
P1,R03,testing,11,676,1,0.0,0.0,0.029501354259877273,0.019360106605212535
P1,R03,testing,11,677,1,0.0,0.0,0.029501354259877273,0.019309755654591653
P1,R03,testing,11,678,1,0.0,0.0,0.029501354259877273,0.019259381095476518
P1,R03,testing,11,679,1,0.0,0.0,0.029501354259877273,0.019208983796920216
P1,R03,testing,11,680,1,0.0,0.0,0.029501354259877273,0.019158564626251953
P1,R03,testing,11,681,1,0.0,0.0,0.029501354259877273,0.01910812444905375
P1,R03,testing,11,682,1,0.0,0.0,0.029501354259877273,0.019057664129137286
P1,R03,testing,11,683,1,0.0,0.0,0.029501354259877273,0.01900718452852087
P1,R03,testing,11,684,1,0.0,0.0,0.029501354259877273,0.018956686507406534
P1,R03,testing,11,685,1,0.0,0.0,0.029501354259877273,0.01890617092415728
P1,R03,testing,11,686,1,0.0,0.0,0.029501354259877273,0.018855638635274438
P1,R03,testing,11,687,1,0.0,0.0,0.029501354259877273,0.01880509049537517
P1,R03,testing,11,688,1,0.0,0.0,0.014271297174740105,0.00907251344898366
P1,R03,testing,11,689,1,0.0,0.0,0.014271297174740105,0.009048046657779057
P1,R03,testing,11,690,1,0.0,0.0,0.014271297174740105,0.009023573433324106
P1,R03,testing,11,691,1,0.0,0.0,0.014271297174740105,0.008999094185286985
P1,R03,testing,11,692,1,0.0,0.0,0.014271297174740105,0.008974609322370979
P1,R03,testing,11,693,1,0.0,0.0,0.014271297174740105,0.008950119252304002
P1,R03,testing,11,694,1,0.0,0.0,0.014271297174740105,0.008925624381828184
P1,R03,testing,11,695,1,0.0,0.0,0.014271297174740105,0.008901125116689512
P1,R03,testing,11,696,1,0.0,0.0,0.014271297174740105,0.008876621861627553
P1,R03,testing,11,697,1,0.0,0.0,0.014271297174740105,0.008852115020365254
P1,R03,testing,11,698,1,0.0,0.0,0.014271297174740105,0.008827604995598778
P1,R03,testing,11,699,1,0.0,0.0,0.014271297174740105,0.008803092188987444
P1,R03,testing,11,700,1,0.0,0.0,0.014271297174740105,0.008778577001143727
P1,R03,testing,11,701,1,0.0,0.0,0.014271297174740105,0.0087540598316233
P1,R03,testing,11,702,1,0.0,0.0,0.014271297174740105,0.008729541078915198
P1,R03,testing,11,703,1,0.0,0.0,0.014271297174740105,0.008705021140432001
P1,R03,testing,11,704,1,0.0,0.0,0.0,0.0
P1,R03,testing,11,705,1,0.0,0.0,0.0,0.0
P2,R03,testing,11,0,0,0.0,0.0,0.0,0.0
P2,R03,testing,11,1,0,0.0,0.0,0.0,0.0
P2,R03,testing,11,2,0,0.0,0.0,0.0,0.0
P2,R03,testing,11,3,0,0.0,0.0,0.0,0.0
P2,R03,testing,11,4,0,0.0,0.0,0.0,0.0
P2,R03,testing,11,5,0,0.0,0.0,0.0,0.0
P2,R03,testing,11,6,0,0.0,0.0,0.0,0.0
P2,R03,testing,11,7,0,0.0,0.0,0.0,0.0
P2,R03,testing,11,8,0,0.0,0.0,0.0,0.0
P2,R03,testing,11,9,0,0.0,0.0,0.0,0.0
P2,R03,testing,11,10,0,0.0,0.0,0.0,0.0
P2,R03,testing,11,11,0,0.0,0.0,0.0,0.0
P2,R03,testing,11,12,0,0.0,0.0,0.0,0.0
P2,R03,testing,11,13,0,0.0,0.0,0.0,0.0
P2,R03,testing,11,14,0,0.0,0.0,0.0,0.0
P2,R03,testing,11,15,0,0.0,0.0,0.0,0.0
P2,R03,testing,11,16,0,0.0,0.0,0.0,0.0
P2,R03,testing,11,17,0,0.0,0.0,0.0,0.0
P2,R03,testing,11,18,0,0.0,0.0,0.0,0.0
P2,R03,testing,11,19,0,0.0,0.0,0.0,0.0
P2,R03,testing,11,20,0,0.0,0.0,0.0,0.0
P2,R03,testing,11,21,0,0.0,0.0,0.0,0.0
P2,R03,testing,11,22,0,0.0,0.0,0.0,0.0
P2,R03,testing,11,23,0,0.0,0.0,0.0,0.0
P2,R03,testing,11,24,0,0.0,0.0,0.0,0.0
P2,R03,testing,11,25,0,0.0,0.0,0.0,0.0
P2,R03,testing,11,26,0,0.0,0.0,0.0,0.0
P2,R03,testing,11,27,0,0.0,0.0,0.0,0.0
P2,R03,testing,11,28,0,0.0,0.0,0.0,0.0
P2,R03,testing,11,29,0,0.0,0.0,0.0,0.0
P2,R03,testing,11,30,0,0.0,0.0,0.0,0.0
P2,R03,testing,11,31,0,0.0,0.0,0.0,0.0
P2,R03,testing,11,32,0,0.0,0.0,0.0,0.0
P2,R03,testing,11,33,0,0.0,0.0,0.0,0.0
P2,R03,testing,11,34,0,0.0,0.0,0.0,0.0
P2,R03,testing,11,35,0,0.0,0.0,0.0,0.0
P2,R03,testing,11,36,0,0.0,0.0,0.0,0.0
P2,R03,testing,11,37,0,0.0,0.0,0.0,0.0
P2,R03,testing,11,38,0,0.0,0.0,0.0,0.0
P2,R03,testing,11,39,0,0.0,0.0,0.0,0.0
P2,R03,testing,11,40,0,0.0,0.0,0.0,0.0
P2,R03,testing,11,41,0,0.0,0.0,0.0,0.0
P2,R03,testing,11,42,0,0.0,0.0,0.0,0.0
P2,R03,testing,11,43,0,0.0,0.0,0.0,0.0
P2,R03,testing,11,44,0,0.0,0.0,0.0,0.0
P2,R03,testing,11,45,0,0.0,0.0,0.0,0.0
P2,R03,testing,11,46,0,0.0,0.0,0.0,0.0
P2,R03,testing,11,47,0,0.0,0.0,0.0,0.0
P2,R03,testing,11,48,0,0.0,0.0,0.0,0.0
P2,R03,testing,11,49,0,0.0,0.0,0.0,0.0
P2,R03,testing,11,50,0,0.0,0.0,0.0,0.0
P2,R03,testing,11,51,0,0.0,0.0,0.0,0.0
P2,R03,testing,11,52,0,0.0,0.0,0.0,0.0
P2,R03,testing,11,53,0,0.0,0.0,0.0,0.0
P2,R03,testing,11,54,0,0.0,0.0,0.0,0.0
P2,R03,testing,11,55,0,0.0,0.0,0.0,0.0
P2,R03,testing,11,56,0,0.0,0.0,0.0,0.0
P2,R03,testing,11,57,0,0.0,0.0,0.0,0.0
P2,R03,testing,11,58,0,0.0,0.0,0.0,0.0
P2,R03,testing,11,59,0,0.0,0.0,0.0,0.0
P2,R03,testing,11,60,0,0.0,0.0,0.0,0.0
P2,R03,testing,11,61,0,0.0,0.0,0.0,0.0
P2,R03,testing,11,62,0,0.0,0.0,0.0,0.0
P2,R03,testing,11,63,0,0.0,0.0,0.0,0.0
P2,R03,testing,11,64,0,0.0,0.0,0.0,0.0
P2,R03,testing,11,65,0,0.0,0.0,0.0,0.0
P2,R03,testing,11,66,0,0.0,0.0,0.0,0.0
P2,R03,testing,11,67,0,0.0,0.0,0.0,0.0
P2,R03,testing,11,68,0,0.0,0.0,0.0,0.0
P2,R03,testing,11,69,0,0.0,0.0,0.0,0.0
P2,R03,testing,11,70,0,0.0,0.0,0.0,0.0
P2,R03,testing,11,71,0,0.0,0.0,0.0,0.0
P2,R03,testing,11,72,0,0.0,0.0,0.0,0.0
P2,R03,testing,11,73,0,0.0,0.0,0.0,0.0
P2,R03,testing,11,74,0,0.0,0.0,0.0,0.0
P2,R03,testing,11,75,0,0.0,0.0,0.0,0.0
P2,R03,testing,11,76,0,0.0,0.0,0.0,0.0
P2,R03,testing,11,77,0,0.0,0.0,0.0,0.0
P2,R03,testing,11,78,0,0.0,0.0,0.0,0.0
P2,R03,testing,11,79,0,0.0,0.0,0.0,0.0
P2,R03,testing,11,80,0,0.0,0.0,0.0,0.0
P2,R03,testing,11,81,0,0.0,0.0,0.0,0.0
P2,R03,testing,11,82,0,0.0,0.0,0.0,0.0
P2,R03,testing,11,83,0,0.0,0.0,0.0,0.0
P2,R03,testing,11,84,0,0.0,0.0,0.0,0.0
P2,R03,testing,11,85,0,0.0,0.0,0.0,0.0
P2,R03,testing,11,86,0,0.0,0.0,0.0,0.0
P2,R03,testing,11,87,0,0.0,0.0,0.0,0.0
P2,R03,testing,11,88,0,0.0,0.0,0.0,0.0
P2,R03,testing,11,89,0,0.0,0.0,0.0,0.0
P2,R03,testing,11,90,0,0.0,0.0,0.0,0.0
P2,R03,testing,11,91,0,0.0,0.0,0.0,0.0
P2,R03,testing,11,92,0,0.0,0.0,0.0,0.0
P2,R03,testing,11,93,0,0.0,0.0,0.0,0.0
P2,R03,testing,11,94,0,0.0,0.0,0.0,0.0
P2,R03,testing,11,95,0,0.0,0.0,0.0,0.0
P2,R03,testing,11,96,0,0.0,0.0,0.0,0.0
P2,R03,testing,11,97,0,0.0,0.0,0.0,0.0
P2,R03,testing,11,98,0,0.0,0.0,0.0,0.0
P2,R03,testing,11,99,0,0.0,0.0,0.0,0.0
P2,R03,testing,11,100,0,0.0,0.0,0.0,0.0
P2,R03,testing,11,101,0,0.0,0.0,0.0,0.0
P2,R03,testing,11,102,0,0.0,0.0,0.0,0.0
P2,R03,testing,11,103,0,0.0,0.0,0.0,0.0
P2,R03,testing,11,104,0,0.0,0.0,0.0,0.0
P2,R03,testing,11,105,0,0.0,0.0,0.0,0.0
P2,R03,testing,11,106,0,0.0,0.0,0.0,0.0
P2,R03,testing,11,107,0,0.0,0.0,0.0,0.0
P2,R03,testing,11,108,0,0.0,0.0,0.0,0.0
P2,R03,testing,11,109,0,0.0,0.0,0.0,0.0
P2,R03,testing,11,110,0,0.0,0.0,0.0,0.0
P2,R03,testing,11,111,0,0.0,0.0,0.0,0.0
P2,R03,testing,11,112,0,0.0,0.0,0.0,0.0
P2,R03,testing,11,113,0,0.0,0.0,0.0,0.0
P2,R03,testing,11,114,0,0.0,0.0,0.0,0.0
P2,R03,testing,11,115,0,0.0,0.0,0.0,0.0
P2,R03,testing,11,116,0,0.0,0.0,0.0,0.0
P2,R03,testing,11,117,0,0.0,0.0,0.0,0.0
P2,R03,testing,11,118,0,0.0,0.0,0.0,0.0
P2,R03,testing,11,119,0,0.0,0.0,0.0,0.0
P2,R03,testing,11,120,0,0.0,0.0,0.0,0.0
P2,R03,testing,11,121,0,0.0,0.0,0.0,0.0
P2,R03,testing,11,122,0,0.0,0.0,0.0,0.0
P2,R03,testing,11,123,0,0.0,0.0,0.0,0.0
P2,R03,testing,11,124,0,0.0,0.0,0.0,0.0
P2,R03,testing,11,125,0,0.0,0.0,0.0,0.0
P2,R03,testing,11,126,0,0.0,0.0,0.0,0.0
P2,R03,testing,11,127,0,0.0,0.0,0.0,0.0
P2,R03,testing,11,128,0,0.0,0.0,0.0,0.0
P2,R03,testing,11,129,0,0.0,0.0,0.0,0.0
P2,R03,testing,11,130,0,0.0,0.0,0.0,0.0
P2,R03,testing,11,131,0,0.0,0.0,0.0,0.0
P2,R03,testing,11,132,0,0.0,0.0,0.0,0.0
P2,R03,testing,11,133,0,0.0,0.0,0.0,0.0
P2,R03,testing,11,134,0,0.0,0.0,0.0,0.0
P2,R03,testing,11,135,0,0.0,0.0,0.0,0.0
P2,R03,testing,11,136,0,0.0,0.0,0.0,0.0
P2,R03,testing,11,137,0,0.0,0.0,0.0,0.0
P2,R03,testing,11,138,0,0.0,0.0,0.0,0.0
P2,R03,testing,11,139,0,0.0,0.0,0.0,0.0
P2,R03,testing,11,140,0,0.0,0.0,0.0,0.0
P2,R03,testing,11,141,0,0.0,0.0,0.0,0.0
P2,R03,testing,11,142,0,0.0,0.0,0.0,0.0
P2,R03,testing,11,143,0,0.0,0.0,0.0,0.0
P2,R03,testing,11,144,0,0.0,0.0,0.0,0.0
P2,R03,testing,11,145,0,0.0,0.0,0.0,0.0
P2,R03,testing,11,146,0,0.0,0.0,0.0,0.0
P2,R03,testing,11,147,0,0.0,0.0,0.0,0.0
P2,R03,testing,11,148,0,0.0,0.0,0.0,0.0
P2,R03,testing,11,149,0,0.0,0.0,0.0,0.0
P2,R03,testing,11,150,0,0.0,0.0,0.0,0.0
P2,R03,testing,11,151,0,0.0,0.0,0.0,0.0
P2,R03,testing,11,152,0,0.0,0.0,0.0,0.0
P2,R03,testing,11,153,0,0.0,0.0,0.0,0.0
P2,R03,testing,11,154,0,0.0,0.0,0.0,0.0
P2,R03,testing,11,155,0,0.0,0.0,0.0,0.0
P2,R03,testing,11,156,0,0.0,0.0,0.0,0.0
P2,R03,testing,11,157,0,0.0,0.0,0.0,0.0
P2,R03,testing,11,158,0,0.0,0.0,0.0,0.0
P2,R03,testing,11,159,0,0.0,0.0,0.0,0.0
P2,R03,testing,11,160,0,0.0,0.0,0.0,0.0
P2,R03,testing,11,161,0,0.0,0.0,0.0,0.0
P2,R03,testing,11,162,0,0.0,0.0,0.0,0.0
P2,R03,testing,11,163,0,0.0,0.0,0.0,0.0
P2,R03,testing,11,164,0,0.0,0.0,0.0,0.0
P2,R03,testing,11,165,0,0.0,0.0,0.0,0.0
P2,R03,testing,11,166,0,0.0,0.0,0.0,0.0
P2,R03,testing,11,167,0,0.0,0.0,0.0,0.0
P2,R03,testing,11,168,0,0.0,0.0,0.0,0.0
P2,R03,testing,11,169,0,0.0,0.0,0.0,0.0
P2,R03,testing,11,170,0,0.0,0.0,0.0,0.0
P2,R03,testing,11,171,0,0.0,0.0,0.0,0.0
P2,R03,testing,11,172,0,0.0,0.0,0.0,0.0
P2,R03,testing,11,173,0,0.0,0.0,0.0,0.0
P2,R03,testing,11,174,0,0.0,0.0,0.0,0.0
P2,R03,testing,11,175,0,0.0,0.0,0.0,0.0
P2,R03,testing,11,176,0,0.0,0.0,0.0,0.0
P2,R03,testing,11,177,0,0.0,0.0,0.0,0.0
P2,R03,testing,11,178,0,0.0,0.0,0.0,0.0
P2,R03,testing,11,179,0,0.0,0.0,0.0,0.0
P2,R03,testing,11,180,0,0.0,0.0,0.0,0.0
P2,R03,testing,11,181,0,0.0,0.0,0.0,0.0
P2,R03,testing,11,182,0,0.0,0.0,0.0,0.0
P2,R03,testing,11,183,0,0.0,0.0,0.0,0.0
P2,R03,testing,11,184,0,0.0,0.0,0.0,0.0
P2,R03,testing,11,185,0,0.0,0.0,0.0,0.0
P2,R03,testing,11,186,0,0.0,0.0,0.0,0.0
P2,R03,testing,11,187,0,0.0,0.0,0.0,0.0
P2,R03,testing,11,188,0,0.0,0.0,0.0,0.0
P2,R03,testing,11,189,0,0.0,0.0,0.0,0.0
P2,R03,testing,11,190,0,0.0,0.0,0.0,0.0
P2,R03,testing,11,191,0,0.0,0.0,0.0,0.0
P2,R03,testing,11,192,0,0.0,0.0,0.0,0.0
P2,R03,testing,11,193,0,0.0,0.0,0.0,0.0
P2,R03,testing,11,194,0,0.0,0.0,0.0,0.0
P2,R03,testing,11,195,0,0.0,0.0,0.0,0.0
P2,R03,testing,11,196,0,0.0,0.0,0.0,0.0
P2,R03,testing,11,197,0,0.0,0.0,0.0,0.0
P2,R03,testing,11,198,0,0.0,0.0,0.0,0.0
P2,R03,testing,11,199,0,0.0,0.0,0.0,0.0
P2,R03,testing,11,200,0,0.0,0.0,0.0,0.0
P2,R03,testing,11,201,0,0.0,0.0,0.0,0.0
P2,R03,testing,11,202,0,0.0,0.0,0.0,0.0
P2,R03,testing,11,203,0,0.0,0.0,0.0,0.0
P2,R03,testing,11,204,0,0.0,0.0,0.0,0.0
P2,R03,testing,11,205,0,0.0,0.0,0.0,0.0
P2,R03,testing,11,206,0,0.0,0.0,0.0,0.0
P2,R03,testing,11,207,0,0.0,0.0,0.0,0.0
P2,R03,testing,11,208,0,0.0,0.0,0.0,0.0
P2,R03,testing,11,209,0,0.0,0.0,0.0,0.0
P2,R03,testing,11,210,0,0.0,0.0,0.0,0.0
P2,R03,testing,11,211,0,0.0,0.0,0.0,0.0
P2,R03,testing,11,212,0,0.0,0.0,0.0,0.0
P2,R03,testing,11,213,0,0.0,0.0,0.0,0.0
P2,R03,testing,11,214,0,0.0,0.0,0.0,0.0
P2,R03,testing,11,215,0,0.0,0.0,0.0,0.0
P2,R03,testing,11,216,0,0.0,0.0,0.0,0.0
P2,R03,testing,11,217,0,0.0,0.0,0.0,0.0
P2,R03,testing,11,218,0,0.0,0.0,0.0,0.0
P2,R03,testing,11,219,0,0.0,0.0,0.0,0.0
P2,R03,testing,11,220,0,0.0,0.0,0.0,0.0
P2,R03,testing,11,221,0,0.0,0.0,0.0,0.0
P2,R03,testing,11,222,0,0.0,0.0,0.0,0.0
P2,R03,testing,11,223,0,0.0,0.0,0.0,0.0
P2,R03,testing,11,224,0,0.0,0.0,0.0,0.0
P2,R03,testing,11,225,0,0.0,0.0,0.0,0.0
P2,R03,testing,11,226,0,0.0,0.0,0.0,0.0
P2,R03,testing,11,227,0,0.0,0.0,0.0,0.0
P2,R03,testing,11,228,0,0.0,0.0,0.0,0.0
P2,R03,testing,11,229,0,0.0,0.0,0.0,0.0
P2,R03,testing,11,230,0,0.0,0.0,0.0,0.0
P2,R03,testing,11,231,0,0.0,0.0,0.0,0.0
P2,R03,testing,11,232,0,0.0,0.0,0.0,0.0
P2,R03,testing,11,233,0,0.0,0.0,0.0,0.0
P2,R03,testing,11,234,0,0.0,0.0,0.0,0.0
P2,R03,testing,11,235,0,0.0,0.0,0.0,0.0
P2,R03,testing,11,236,0,0.0,0.0,0.0,0.0
P2,R03,testing,11,237,0,0.0,0.0,0.0,0.0
P2,R03,testing,11,238,0,0.0,0.0,0.0,0.0
P2,R03,testing,11,239,0,0.0,0.0,0.0,0.0
P2,R03,testing,11,240,0,0.0,0.0,0.0,0.0
P2,R03,testing,11,241,0,0.0,0.0,0.0,0.0
P2,R03,testing,11,242,0,0.0,0.0,0.0,0.0
P2,R03,testing,11,243,0,0.0,0.0,0.0,0.0
P2,R03,testing,11,244,0,0.0,0.0,0.0,0.0
P2,R03,testing,11,245,0,0.0,0.0,0.0,0.0
P2,R03,testing,11,246,0,0.0,0.0,0.0,0.0
P2,R03,testing,11,247,0,0.0,0.0,0.0,0.0
P2,R03,testing,11,248,0,0.0,0.0,0.0,0.0
P2,R03,testing,11,249,0,0.0,0.0,0.0,0.0
P2,R03,testing,11,250,0,0.0,0.0,0.0,0.0
P2,R03,testing,11,251,0,0.0,0.0,0.0,0.0
P2,R03,testing,11,252,0,0.0,0.0,0.0,0.0
P2,R03,testing,11,253,0,0.0,0.0,0.0,0.0
P2,R03,testing,11,254,0,0.0,0.0,0.0,0.0
P2,R03,testing,11,255,0,0.0,0.0,0.0,0.0
P2,R03,testing,11,256,0,0.0,0.0,0.0,0.0
P2,R03,testing,11,257,0,0.0,0.0,0.0,0.0
P2,R03,testing,11,258,0,0.0,0.0,0.0,0.0
P2,R03,testing,11,259,0,0.0,0.0,0.0,0.0
P2,R03,testing,11,260,0,0.0,0.0,0.0,0.0
P2,R03,testing,11,261,0,0.0,0.0,0.0,0.0
P2,R03,testing,11,262,0,0.0,0.0,0.0,0.0
P2,R03,testing,11,263,0,0.0,0.0,0.0,0.0
P2,R03,testing,11,264,0,0.0,0.0,0.0,0.0
P2,R03,testing,11,265,0,0.0,0.0,0.0,0.0
P2,R03,testing,11,266,0,0.0,0.0,0.0,0.0
P2,R03,testing,11,267,0,0.0,0.0,0.0,0.0
P2,R03,testing,11,268,0,0.0,0.0,0.0,0.0
P2,R03,testing,11,269,0,0.0,0.0,0.0,0.0
P2,R03,testing,11,270,0,0.0,0.0,0.0,0.0
P2,R03,testing,11,271,0,0.0,0.0,0.0,0.0
P2,R03,testing,11,272,0,0.0,0.0,0.0,0.0
P2,R03,testing,11,273,0,0.0,0.0,0.0,0.0
P2,R03,testing,11,274,0,0.0,0.0,0.0,0.0
P2,R03,testing,11,275,0,0.0,0.0,0.0,0.0
P2,R03,testing,11,276,0,0.0,0.0,0.0,0.0
P2,R03,testing,11,277,0,0.0,0.0,0.0,0.0
P2,R03,testing,11,278,0,0.0,0.0,0.0,0.0
P2,R03,testing,11,279,0,0.0,0.0,0.0,0.0
P2,R03,testing,11,280,0,0.0,0.0,0.0,0.0
P2,R03,testing,11,281,0,0.0,0.0,0.0,0.0
P2,R03,testing,11,282,0,0.0,0.0,0.0,0.0
P2,R03,testing,11,283,0,0.0,0.0,0.0,0.0
P2,R03,testing,11,284,0,0.0,0.0,0.0,0.0
P2,R03,testing,11,285,0,0.0,0.0,0.0,0.0
P2,R03,testing,11,286,0,0.0,0.0,0.0,0.0
P2,R03,testing,11,287,0,0.0,0.0,0.0,0.0
P2,R03,testing,11,288,0,0.0,0.0,0.0,0.0
P2,R03,testing,11,289,0,0.0,0.0,0.0,0.0
P2,R03,testing,11,290,0,0.0,0.0,0.0,0.0
P2,R03,testing,11,291,0,0.0,0.0,0.0,0.0
P2,R03,testing,11,292,0,0.0,0.0,0.0,0.0
P2,R03,testing,11,293,0,0.0,0.0,0.0,0.0
P2,R03,testing,11,294,0,0.0,0.0,0.0,0.0
P2,R03,testing,11,295,0,0.0,0.0,0.0,0.0
P2,R03,testing,11,296,0,0.0,0.0,0.0,0.0
P2,R03,testing,11,297,0,0.0,0.0,0.0,0.0
P2,R03,testing,11,298,0,0.0,0.0,0.0,0.0
P2,R03,testing,11,299,0,0.0,0.0,0.0,0.0
P2,R03,testing,11,300,0,0.0,0.0,0.0,0.0
P2,R03,testing,11,301,0,0.0,0.0,0.0,0.0
P2,R03,testing,11,302,0,0.0,0.0,0.0,0.0
P2,R03,testing,11,303,0,0.0,0.0,0.0,0.0
P2,R03,testing,11,304,0,0.0,0.0,0.0,0.0
P2,R03,testing,11,305,0,0.0,0.0,0.0,0.0
P2,R03,testing,11,306,0,0.0,0.0,0.0,0.0
P2,R03,testing,11,307,0,0.0,0.0,0.0,0.0
P2,R03,testing,11,308,0,0.0,0.0,0.0,0.0
P2,R03,testing,11,309,0,0.0,0.0,0.0,0.0
P2,R03,testing,11,310,0,0.0,0.0,0.0,0.0
P2,R03,testing,11,311,0,0.0,0.0,0.0,0.0
P2,R03,testing,11,312,0,0.0,0.0,0.0,0.0
P2,R03,testing,11,313,0,0.0,0.0,0.0,0.0
P2,R03,testing,11,314,0,0.0,0.0,0.0,0.0
P2,R03,testing,11,315,0,0.0,0.0,0.0,0.0
P2,R03,testing,11,316,0,0.0,0.0,0.0,0.0
P2,R03,testing,11,317,0,0.0,0.0,0.0,0.0
P2,R03,testing,11,318,0,0.0,0.0,0.0,0.0
P2,R03,testing,11,319,0,0.0,0.0,0.0,0.0
P2,R03,testing,11,320,0,0.0,0.0,0.0,0.0
P2,R03,testing,11,321,0,0.0,0.0,0.0,0.0
P2,R03,testing,11,322,0,0.0,0.0,0.0,0.0
P2,R03,testing,11,323,0,0.0,0.0,0.0,0.0
P2,R03,testing,11,324,0,0.0,0.0,0.0,0.0
P2,R03,testing,11,325,0,0.0,0.0,0.0,0.0
P2,R03,testing,11,326,0,0.0,0.0,0.0,0.0
P2,R03,testing,11,327,0,0.0,0.0,0.0,0.0
P2,R03,testing,11,328,0,0.0,0.0,0.0,0.0
P2,R03,testing,11,329,0,0.0,0.0,0.0,0.0
P2,R03,testing,11,330,0,0.0,0.0,0.0,0.0
P2,R03,testing,11,331,0,0.0,0.0,0.0,0.0
P2,R03,testing,11,332,0,0.0,0.0,0.0,0.0
P2,R03,testing,11,333,0,0.0,0.0,0.0,0.0
P2,R03,testing,11,334,0,0.0,0.0,0.0,0.0
P2,R03,testing,11,335,0,0.0,0.0,0.0,0.0
P2,R03,testing,11,336,0,0.0,0.0,0.0,0.0
P2,R03,testing,11,337,0,0.0,0.0,0.0,0.0
P2,R03,testing,11,338,0,0.0,0.0,0.0,0.0
P2,R03,testing,11,339,0,0.0,0.0,0.0,0.0
P2,R03,testing,11,340,0,0.0,0.0,0.0,0.0
P2,R03,testing,11,341,0,0.0,0.0,0.0,0.0
P2,R03,testing,11,342,0,0.0,0.0,0.0,0.0
P2,R03,testing,11,343,0,0.0,0.0,0.0,0.0
P2,R03,testing,11,344,0,0.0,0.0,0.0,0.0
P2,R03,testing,11,345,0,0.0,0.0,0.0,0.0
P2,R03,testing,11,346,0,0.0,0.0,0.0,0.0
P2,R03,testing,11,347,0,0.0,0.0,0.0,0.0
P2,R03,testing,11,348,0,0.0,0.0,0.0,0.0
P2,R03,testing,11,349,0,0.0,0.0,0.0,0.0
P2,R03,testing,11,350,0,0.0,0.0,0.0,0.0
P2,R03,testing,11,351,0,0.0,0.0,0.0,0.0
P2,R03,testing,11,352,0,0.0,0.0,0.0,0.0
P2,R03,testing,11,353,0,0.0,0.0,0.0,0.0
P2,R03,testing,11,354,0,0.0,0.0,0.0,0.0
P2,R03,testing,11,355,0,0.0,0.0,0.0,0.0
P2,R03,testing,11,356,0,0.0,0.0,0.0,0.0
P2,R03,testing,11,357,0,0.0,0.0,0.0,0.0
P2,R03,testing,11,358,0,0.0,0.0,0.0,0.0
P2,R03,testing,11,359,0,0.0,0.0,0.0,0.0
P2,R03,testing,11,360,0,0.0,0.0,0.0,0.0
P2,R03,testing,11,361,0,0.0,0.0,0.0,0.0
P2,R03,testing,11,362,0,0.0,0.0,0.0,0.0
P2,R03,testing,11,363,0,0.0,0.0,0.0,0.0
P2,R03,testing,11,364,0,0.0,0.0,0.0,0.0
P2,R03,testing,11,365,0,0.0,0.0,0.0,0.0
P2,R03,testing,11,366,0,0.0,0.0,0.0,0.0
P2,R03,testing,11,367,0,0.0,0.0,0.0,0.0
P2,R03,testing,11,368,0,0.0,0.0,0.0,0.0
P2,R03,testing,11,369,0,0.0,0.0,0.0,0.0
P2,R03,testing,11,370,0,0.0,0.0,0.0,0.0
P2,R03,testing,11,371,0,0.0,0.0,0.0,0.0
P2,R03,testing,11,372,0,0.0,0.0,0.0,0.0
P2,R03,testing,11,373,0,0.0,0.0,0.0,0.0
P2,R03,testing,11,374,0,0.0,0.0,0.0,0.0
P2,R03,testing,11,375,0,0.0,0.0,0.0,0.0
P2,R03,testing,11,376,0,0.0,0.0,0.0,0.0
P2,R03,testing,11,377,0,0.0,0.0,0.0,0.0
P2,R03,testing,11,378,0,0.0,0.0,0.0,0.0
P2,R03,testing,11,379,0,0.0,0.0,0.0,0.0
P2,R03,testing,11,380,0,0.0,0.0,0.0,0.0
P2,R03,testing,11,381,0,0.0,0.0,0.0,0.0
P2,R03,testing,11,382,0,0.0,0.0,0.0,0.0
P2,R03,testing,11,383,0,0.0,0.0,0.0,0.0
P2,R03,testing,11,384,0,0.0,0.0,0.0,0.0
P2,R03,testing,11,385,0,0.0,0.0,0.0,0.0
P2,R03,testing,11,386,0,0.0,0.0,0.0,0.0
P2,R03,testing,11,387,0,0.0,0.0,0.0,0.0
P2,R03,testing,11,388,0,0.0,0.0,0.0,0.0
P2,R03,testing,11,389,0,0.0,0.0,0.0,0.0
P2,R03,testing,11,390,0,0.0,0.0,0.0,0.0
P2,R03,testing,11,391,0,0.0,0.0,0.0,0.0
P2,R03,testing,11,392,0,0.0,0.0,0.0,0.0
P2,R03,testing,11,393,0,0.0,0.0,0.0,0.0
P2,R03,testing,11,394,0,0.0,0.0,0.0,0.0
P2,R03,testing,11,395,0,0.0,0.0,0.0,0.0
P2,R03,testing,11,396,0,0.0,0.0,0.0,0.0
P2,R03,testing,11,397,0,0.0,0.0,0.0,0.0
P2,R03,testing,11,398,0,0.0,0.0,0.0,0.0
P2,R03,testing,11,399,0,0.0,0.0,0.0,0.0
P2,R03,testing,11,400,0,0.0,0.0,0.0,0.0
P2,R03,testing,11,401,0,0.0,0.0,0.0,0.0
P2,R03,testing,11,402,0,0.0,0.0,0.0,0.0
P2,R03,testing,11,403,0,0.0,0.0,0.0,0.0
P2,R03,testing,11,404,0,0.0,0.0,0.0,0.0
P2,R03,testing,11,405,0,0.0,0.0,0.0,0.0
P2,R03,testing,11,406,0,0.0,0.0,0.0,0.0
P2,R03,testing,11,407,0,0.0,0.0,0.0,0.0
P2,R03,testing,11,408,0,0.0,0.0,0.0,0.0
P2,R03,testing,11,409,0,0.0,0.0,0.0,0.0
P2,R03,testing,11,410,0,0.0,0.0,0.0,0.0
P2,R03,testing,11,411,0,0.0,0.0,0.0,0.0
P2,R03,testing,11,412,0,0.0,0.0,0.0,0.0
P2,R03,testing,11,413,0,0.0,0.0,0.0,0.0
P2,R03,testing,11,414,0,0.0,0.0,0.0,0.0
P2,R03,testing,11,415,0,0.0,0.0,0.0,0.0
P2,R03,testing,11,416,0,0.0,0.0,0.0,0.0
P2,R03,testing,11,417,0,0.0,0.0,0.0,0.0
P2,R03,testing,11,418,0,0.0,0.0,0.0,0.0
P2,R03,testing,11,419,0,0.0,0.0,0.0,0.0
P2,R03,testing,11,420,0,0.0,0.0,0.0,0.0
P2,R03,testing,11,421,0,0.0,0.0,0.0,0.0
P2,R03,testing,11,422,0,0.0,0.0,0.0,0.0
P2,R03,testing,11,423,0,0.0,0.0,0.0,0.0
P2,R03,testing,11,424,0,0.0,0.0,0.0,0.0
P2,R03,testing,11,425,0,0.0,0.0,0.0,0.0
P2,R03,testing,11,426,0,0.0,0.0,0.0,0.0
P2,R03,testing,11,427,0,0.0,0.0,0.0,0.0
P2,R03,testing,11,428,0,0.0,0.0,0.0,0.0
P2,R03,testing,11,429,0,0.0,0.0,0.0,0.0
P2,R03,testing,11,430,0,0.0,0.0,0.0,0.0
P2,R03,testing,11,431,0,0.0,0.0,0.0,0.0
P2,R03,testing,11,432,0,0.0,0.0,0.0,0.0
P2,R03,testing,11,433,0,0.0,0.0,0.0,0.0
P2,R03,testing,11,434,0,0.0,0.0,0.0,0.0
P2,R03,testing,11,435,0,0.0,0.0,0.0,0.0
P2,R03,testing,11,436,0,0.0,0.0,0.0,0.0
P2,R03,testing,11,437,0,0.0,0.0,0.0,0.0
P2,R03,testing,11,438,0,0.0,0.0,0.0,0.0
P2,R03,testing,11,439,0,0.0,0.0,0.0,0.0
P2,R03,testing,11,440,0,0.0,0.0,0.0,0.0
P2,R03,testing,11,441,0,0.0,0.0,0.0,0.0
P2,R03,testing,11,442,0,0.0,0.0,0.0,0.0
P2,R03,testing,11,443,0,0.0,0.0,0.0,0.0
P2,R03,testing,11,444,0,0.0,0.0,0.0,0.0
P2,R03,testing,11,445,0,0.0,0.0,0.0,0.0
P2,R03,testing,11,446,0,0.0,0.0,0.0,0.0
P2,R03,testing,11,447,0,0.0,0.0,0.0,0.0
P2,R03,testing,11,448,0,0.0,0.0,0.0,0.0
P2,R03,testing,11,449,0,0.0,0.0,0.0,0.0
P2,R03,testing,11,450,0,0.0,0.0,0.0,0.0
P2,R03,testing,11,451,0,0.0,0.0,0.0,0.0
P2,R03,testing,11,452,0,0.0,0.0,0.0,0.0
P2,R03,testing,11,453,0,0.0,0.0,0.0,0.0
P2,R03,testing,11,454,0,0.0,0.0,0.0,0.0
P2,R03,testing,11,455,0,0.0,0.0,0.0,0.0
P2,R03,testing,11,456,0,0.0,0.0,0.0,0.0
P2,R03,testing,11,457,0,0.0,0.0,0.0,0.0
P2,R03,testing,11,458,0,0.0,0.0,0.0,0.0
P2,R03,testing,11,459,0,0.0,0.0,0.0,0.0
P2,R03,testing,11,460,0,0.0,0.0,0.0,0.0
P2,R03,testing,11,461,0,0.0,0.0,0.0,0.0
P2,R03,testing,11,462,0,0.0,0.0,0.0,0.0
P2,R03,testing,11,463,0,0.0,0.0,0.0,0.0
P2,R03,testing,11,464,0,0.0,0.0,0.0,0.0
P2,R03,testing,11,465,0,0.0,0.0,0.0,0.0
P2,R03,testing,11,466,0,0.0,0.0,0.0,0.0
P2,R03,testing,11,467,0,0.0,0.0,0.0,0.0
P2,R03,testing,11,468,0,0.0,0.0,0.0,0.0
P2,R03,testing,11,469,0,0.0,0.0,0.0,0.0
P2,R03,testing,11,470,0,0.0,0.0,0.0,0.0
P2,R03,testing,11,471,0,0.0,0.0,0.0,0.0
P2,R03,testing,11,472,0,0.0,0.0,0.0,0.0
P2,R03,testing,11,473,0,0.0,0.0,0.0,0.0
P2,R03,testing,11,474,0,0.0,0.0,0.0,0.0
P2,R03,testing,11,475,0,0.0,0.0,0.0,0.0
P2,R03,testing,11,476,0,0.0,0.0,0.0,0.0
P2,R03,testing,11,477,0,0.0,0.0,0.0,0.0
P2,R03,testing,11,478,0,0.0,0.0,0.0,0.0
P2,R03,testing,11,479,0,0.0,0.0,0.0,0.0
P2,R03,testing,11,480,0,0.0,0.0,0.0,0.0
P2,R03,testing,11,481,0,0.0,0.0,0.0,0.0
P2,R03,testing,11,482,0,0.0,0.0,0.0,0.0
P2,R03,testing,11,483,0,0.0,0.0,0.0,0.0
P2,R03,testing,11,484,0,0.0,0.0,0.0,0.0
P2,R03,testing,11,485,0,0.0,0.0,0.0,0.0
P2,R03,testing,11,486,0,0.0,0.0,0.0,0.0
P2,R03,testing,11,487,0,0.0,0.0,0.0,0.0
P2,R03,testing,11,488,0,0.0,0.0,0.0,0.0
P2,R03,testing,11,489,0,0.0,0.0,0.0,0.0
P2,R03,testing,11,490,1,0.0,0.0,0.0,0.0
P2,R03,testing,11,491,1,0.0,0.0,0.0,0.0
P2,R03,testing,11,492,1,0.0,0.0,0.0,0.0
P2,R03,testing,11,493,1,0.0,0.0,0.0,0.0
P2,R03,testing,11,494,1,0.0,0.0,0.0,0.0
P2,R03,testing,11,495,1,0.0,0.0,0.0,0.0
P2,R03,testing,11,496,1,0.0,0.0,0.0,0.0
P2,R03,testing,11,497,1,0.0,0.0,0.0,0.0
P2,R03,testing,11,498,1,0.0,0.0,0.0,0.0
P2,R03,testing,11,499,1,0.0,0.0,0.0,0.0
P2,R03,testing,11,500,1,0.0,0.0,0.0,0.0
P2,R03,testing,11,501,1,0.0,0.0,0.0,0.0
P2,R03,testing,11,502,1,0.0,0.0,0.0,0.0
P2,R03,testing,11,503,1,0.0,0.0,0.0,0.0
P2,R03,testing,11,504,1,0.0,0.0,0.0,0.0
P2,R03,testing,11,505,1,0.0,0.0,0.0,0.0
P2,R03,testing,11,506,1,0.0,0.0,0.0,0.0
P2,R03,testing,11,507,1,0.0,0.0,0.0,0.0
P2,R03,testing,11,508,1,0.0,0.0,0.0,0.0
P2,R03,testing,11,509,1,0.0,0.0,0.0,0.0
P2,R03,testing,11,510,1,0.0,0.0,0.0,0.0
P2,R03,testing,11,511,1,0.0,0.0,0.0,0.0
P2,R03,testing,11,512,1,0.0,0.0,0.0,0.0
P2,R03,testing,11,513,1,0.0,0.0,0.0,0.0
P2,R03,testing,11,514,1,0.0,0.0,0.0,0.0
P2,R03,testing,11,515,1,0.0,0.0,0.0,0.0
P2,R03,testing,11,516,1,0.0,0.0,0.0,0.0
P2,R03,testing,11,517,1,0.0,0.0,0.0,0.0
P2,R03,testing,11,518,1,0.0,0.0,0.0,0.0
P2,R03,testing,11,519,1,0.0,0.0,0.0,0.0
P2,R03,testing,11,520,1,0.0,0.0,0.0,0.0
P2,R03,testing,11,521,1,0.0,0.0,0.0,0.0
P2,R03,testing,11,522,1,0.0,0.0,0.0,0.0
P2,R03,testing,11,523,1,0.0,0.0,0.0,0.0
P2,R03,testing,11,524,1,0.0,0.0,0.0,0.0
P2,R03,testing,11,525,1,0.0,0.0,0.0,0.0
P2,R03,testing,11,526,1,0.0,0.0,0.0,0.0
P2,R03,testing,11,527,1,0.0,0.0,0.0,0.0
P2,R03,testing,11,528,1,0.0,0.0,0.0,0.0
P2,R03,testing,11,529,1,0.0,0.0,0.0,0.0
P2,R03,testing,11,530,1,0.0,0.0,0.0,0.0
P2,R03,testing,11,531,1,0.0,0.0,0.0,0.0
P2,R03,testing,11,532,1,0.0,0.0,0.0,0.0
P2,R03,testing,11,533,1,0.0,0.0,0.0,0.0
P2,R03,testing,11,534,1,0.0,0.0,0.0,0.0
P2,R03,testing,11,535,1,0.0,0.0,0.0,0.0
P2,R03,testing,11,536,1,0.0,0.0,0.0,0.0
P2,R03,testing,11,537,1,0.0,0.0,0.0,0.0
P2,R03,testing,11,538,1,0.0,0.0,0.0,0.0
P2,R03,testing,11,539,1,0.0,0.0,0.0,0.0
P2,R03,testing,11,540,1,0.0,0.0,0.0,0.0
P2,R03,testing,11,541,1,0.0,0.0,0.0,0.0
P2,R03,testing,11,542,1,0.0,0.0,0.0,0.0
P2,R03,testing,11,543,1,0.0,0.0,0.0,0.0
P2,R03,testing,11,544,1,0.0,0.0,0.0,0.0
P2,R03,testing,11,545,1,0.0,0.0,0.0,0.0
P2,R03,testing,11,546,1,0.0,0.0,0.0,0.0
P2,R03,testing,11,547,1,0.0,0.0,0.0,0.0
P2,R03,testing,11,548,1,0.0,0.0,0.0,0.0
P2,R03,testing,11,549,1,0.0,0.0,0.0,0.0
P2,R03,testing,11,550,1,0.0,0.0,0.0,0.0
P2,R03,testing,11,551,1,0.0,0.0,0.0,0.0
P2,R03,testing,11,552,1,0.0,0.0,0.0,0.0
P2,R03,testing,11,553,1,0.0,0.0,0.0,0.0
P2,R03,testing,11,554,1,0.0,0.0,0.0,0.0
P2,R03,testing,11,555,1,0.0,0.0,0.0,0.0
P2,R03,testing,11,556,1,0.0,0.0,0.0,0.0
P2,R03,testing,11,557,1,0.0,0.0,0.0,0.0
P2,R03,testing,11,558,1,0.0,0.0,0.0,0.0
P2,R03,testing,11,559,1,0.0,0.0,0.0,0.0
P2,R03,testing,11,560,1,0.0,0.0,0.0,0.0
P2,R03,testing,11,561,1,0.0,0.0,0.0,0.0
P2,R03,testing,11,562,1,0.0,0.0,0.0,0.0
P2,R03,testing,11,563,1,0.0,0.0,0.0,0.0
P2,R03,testing,11,564,1,0.0,0.0,0.0,0.0
P2,R03,testing,11,565,1,0.0,0.0,0.0,0.0
P2,R03,testing,11,566,1,0.0,0.0,0.0,0.0
P2,R03,testing,11,567,1,0.0,0.0,0.0,0.0
P2,R03,testing,11,568,1,0.0,0.0,0.0,0.0
P2,R03,testing,11,569,1,0.0,0.0,0.0,0.0
P2,R03,testing,11,570,1,0.0,0.0,0.0,0.0
P2,R03,testing,11,571,1,0.0,0.0,0.0,0.0
P2,R03,testing,11,572,1,0.0,0.0,0.0,0.0
P2,R03,testing,11,573,1,0.0,0.0,0.0,0.0
P2,R03,testing,11,574,1,0.0,0.0,0.0,0.0
P2,R03,testing,11,575,1,0.0,0.0,0.0,0.0
P2,R03,testing,11,576,1,0.0,0.0,0.0,0.0
P2,R03,testing,11,577,1,0.0,0.0,0.0,0.0
P2,R03,testing,11,578,1,0.0,0.0,0.0,0.0
P2,R03,testing,11,579,1,0.0,0.0,0.0,0.0
P2,R03,testing,11,580,1,0.0,0.0,0.0,0.0
P2,R03,testing,11,581,1,0.0,0.0,0.0,0.0
P2,R03,testing,11,582,1,0.0,0.0,0.0,0.0
P2,R03,testing,11,583,1,0.0,0.0,0.0,0.0
P2,R03,testing,11,584,1,0.0,0.0,0.0,0.0
P2,R03,testing,11,585,1,0.0,0.0,0.0,0.0
P2,R03,testing,11,586,1,0.0,0.0,0.0,0.0
P2,R03,testing,11,587,1,0.0,0.0,0.0,0.0
P2,R03,testing,11,588,1,0.0,0.0,0.0,0.0
P2,R03,testing,11,589,1,0.0,0.0,0.0,0.0
P2,R03,testing,11,590,1,0.0,0.0,0.0,0.0
P2,R03,testing,11,591,1,0.0,0.0,0.0,0.0
P2,R03,testing,11,592,1,0.0,0.0,0.0,0.0
P2,R03,testing,11,593,1,0.0,0.0,0.0,0.0
P2,R03,testing,11,594,1,0.0,0.0,0.0,0.0
P2,R03,testing,11,595,1,0.0,0.0,0.0,0.0
P2,R03,testing,11,596,1,0.0,0.0,0.0,0.0
P2,R03,testing,11,597,1,0.0,0.0,0.0,0.0
P2,R03,testing,11,598,1,0.0,0.0,0.0,0.0
P2,R03,testing,11,599,1,0.0,0.0,0.0,0.0
P2,R03,testing,11,600,1,0.0,0.0,0.0,0.0
P2,R03,testing,11,601,1,0.0,0.0,0.0,0.0
P2,R03,testing,11,602,1,0.0,0.0,0.0,0.0
P2,R03,testing,11,603,1,0.0,0.0,0.0,0.0
P2,R03,testing,11,604,1,0.0,0.0,0.0,0.0
P2,R03,testing,11,605,1,0.0,0.0,0.0,0.0
P2,R03,testing,11,606,1,0.0,0.0,0.0,0.0
P2,R03,testing,11,607,1,0.0,0.0,0.0,0.0
P2,R03,testing,11,608,1,0.0,0.0,0.0,0.0
P2,R03,testing,11,609,1,0.0,0.0,0.0,0.0
P2,R03,testing,11,610,1,0.0,0.0,0.0,0.0
P2,R03,testing,11,611,1,0.0,0.0,0.0,0.0
P2,R03,testing,11,612,1,0.0,0.0,0.0,0.0
P2,R03,testing,11,613,1,0.0,0.0,0.0,0.0
P2,R03,testing,11,614,1,0.0,0.0,0.0,0.0
P2,R03,testing,11,615,1,0.0,0.0,0.0,0.0
P2,R03,testing,11,616,1,0.0,0.0,0.0,0.0
P2,R03,testing,11,617,1,0.0,0.0,0.0,0.0
P2,R03,testing,11,618,1,0.0,0.0,0.0,0.0
P2,R03,testing,11,619,1,0.0,0.0,0.0,0.0
P2,R03,testing,11,620,1,0.0,0.0,0.0,0.0
P2,R03,testing,11,621,1,0.0,0.0,0.0,0.0
P2,R03,testing,11,622,1,0.0,0.0,0.0,0.0
P2,R03,testing,11,623,1,0.0,0.0,0.0,0.0
P2,R03,testing,11,624,1,0.0,0.0,0.0,0.0
P2,R03,testing,11,625,1,0.0,0.0,0.0,0.0
P2,R03,testing,11,626,1,0.0,0.0,0.0,0.0
P2,R03,testing,11,627,1,0.0,0.0,0.0,0.0
P2,R03,testing,11,628,1,0.0,0.0,0.0,0.0
P2,R03,testing,11,629,1,0.0,0.0,0.0,0.0
P2,R03,testing,11,630,1,0.0,0.0,0.0,0.0
P2,R03,testing,11,631,1,0.0,0.0,0.0,0.0
P2,R03,testing,11,632,1,0.0,0.0,0.0,0.0
P2,R03,testing,11,633,1,0.0,0.0,0.0,0.0
P2,R03,testing,11,634,1,0.0,0.0,0.0,0.0
P2,R03,testing,11,635,1,0.0,0.0,0.0,0.0
P2,R03,testing,11,636,1,0.0,0.0,0.0,0.0
P2,R03,testing,11,637,1,0.0,0.0,0.0,0.0
P2,R03,testing,11,638,1,0.0,0.0,0.0,0.0
P2,R03,testing,11,639,1,0.0,0.0,0.0,0.0
P2,R03,testing,11,640,1,0.0,0.0,0.0,0.0
P2,R03,testing,11,641,1,0.0,0.0,0.0,0.0
P2,R03,testing,11,642,1,0.0,0.0,0.0,0.0
P2,R03,testing,11,643,1,0.0,0.0,0.0,0.0
P2,R03,testing,11,644,1,0.0,0.0,0.0,0.0
P2,R03,testing,11,645,1,0.0,0.0,0.0,0.0
P2,R03,testing,11,646,1,0.0,0.0,0.0,0.0
P2,R03,testing,11,647,1,0.0,0.0,0.0,0.0
P2,R03,testing,11,648,1,0.0,0.0,0.0,0.0
P2,R03,testing,11,649,1,0.0,0.0,0.0,0.0
P2,R03,testing,11,650,1,0.0,0.0,0.0,0.0
P2,R03,testing,11,651,1,0.0,0.0,0.0,0.0
P2,R03,testing,11,652,1,0.0,0.0,0.0,0.0
P2,R03,testing,11,653,1,0.0,0.0,0.0,0.0
P2,R03,testing,11,654,1,0.0,0.0,0.0,0.0
P2,R03,testing,11,655,1,0.0,0.0,0.0,0.0
P2,R03,testing,11,656,1,0.0,0.0,0.0,0.0
P2,R03,testing,11,657,1,0.0,0.0,0.0,0.0
P2,R03,testing,11,658,1,0.0,0.0,0.0,0.0
P2,R03,testing,11,659,1,0.0,0.0,0.0,0.0
P2,R03,testing,11,660,1,0.0,0.0,0.0,0.0
P2,R03,testing,11,661,1,0.0,0.0,0.0,0.0
P2,R03,testing,11,662,1,0.0,0.0,0.0,0.0
P2,R03,testing,11,663,1,0.0,0.0,0.0,0.0
P2,R03,testing,11,664,1,0.0,0.0,0.0,0.0
P2,R03,testing,11,665,1,0.0,0.0,0.0,0.0
P2,R03,testing,11,666,1,0.0,0.0,0.0,0.0
P2,R03,testing,11,667,1,0.0,0.0,0.0,0.0
P2,R03,testing,11,668,1,0.0,0.0,0.0,0.0
P2,R03,testing,11,669,1,0.0,0.0,0.0,0.0
P2,R03,testing,11,670,1,0.0,0.0,0.0,0.0
P2,R03,testing,11,671,1,0.0,0.0,0.0,0.0
P2,R03,testing,11,672,1,0.0,0.0,0.0,0.0
P2,R03,testing,11,673,1,0.0,0.0,0.0,0.0
P2,R03,testing,11,674,1,0.0,0.0,0.0,0.0
P2,R03,testing,11,675,1,0.0,0.0,0.0,0.0
P2,R03,testing,11,676,1,0.0,0.0,0.0,0.0
P2,R03,testing,11,677,1,0.0,0.0,0.0,0.0
P2,R03,testing,11,678,1,0.0,0.0,0.0,0.0
P2,R03,testing,11,679,1,0.0,0.0,0.0,0.0
P2,R03,testing,11,680,1,0.0,0.0,0.0,0.0
P2,R03,testing,11,681,1,0.0,0.0,0.0,0.0
P2,R03,testing,11,682,1,0.0,0.0,0.0,0.0
P2,R03,testing,11,683,1,0.0,0.0,0.0,0.0
P2,R03,testing,11,684,1,0.0,0.0,0.0,0.0
P2,R03,testing,11,685,1,0.0,0.0,0.0,0.0
P2,R03,testing,11,686,1,0.0,0.0,0.0,0.0
P2,R03,testing,11,687,1,0.0,0.0,0.0,0.0
P2,R03,testing,11,688,1,0.0,0.0,0.0,0.0
P2,R03,testing,11,689,1,0.0,0.0,0.0,0.0
P2,R03,testing,11,690,1,0.0,0.0,0.0,0.0
P2,R03,testing,11,691,1,0.0,0.0,0.0,0.0
P2,R03,testing,11,692,1,0.0,0.0,0.0,0.0
P2,R03,testing,11,693,1,0.0,0.0,0.0,0.0
P2,R03,testing,11,694,1,0.0,0.0,0.0,0.0
P2,R03,testing,11,695,1,0.0,0.0,0.0,0.0
P2,R03,testing,11,696,1,0.0,0.0,0.0,0.0
P2,R03,testing,11,697,1,0.0,0.0,0.0,0.0
P2,R03,testing,11,698,1,0.0,0.0,0.0,0.0
P2,R03,testing,11,699,1,0.0,0.0,0.0,0.0
P2,R03,testing,11,700,1,0.0,0.0,0.0,0.0
P2,R03,testing,11,701,1,0.0,0.0,0.0,0.0
P2,R03,testing,11,702,1,0.0,0.0,0.0,0.0
P2,R03,testing,11,703,1,0.0,0.0,0.0,0.0
P2,R03,testing,11,704,1,0.0,0.0,0.0,0.0
P2,R03,testing,11,705,1,0.0,0.0,0.0,0.0
P3,R03,testing,11,0,0,0.0,0.0,0.0,0.0
P3,R03,testing,11,1,0,0.0,0.0,0.0,0.0
P3,R03,testing,11,2,0,0.0,0.0,0.0,0.0
P3,R03,testing,11,3,0,0.0,0.0,0.0,0.0
P3,R03,testing,11,4,0,0.0,0.0,0.0,0.0
P3,R03,testing,11,5,0,0.0,0.0,0.0,0.0
P3,R03,testing,11,6,0,0.0,0.0,0.0,0.0
P3,R03,testing,11,7,0,0.0,0.0,0.0,0.0
P3,R03,testing,11,8,0,0.0,0.0,0.0,0.0
P3,R03,testing,11,9,0,0.0,0.0,0.0,0.0
P3,R03,testing,11,10,0,0.0,0.0,0.0,0.0
P3,R03,testing,11,11,0,0.0,0.0,0.0,0.0
P3,R03,testing,11,12,0,0.0,0.0,0.0,0.0
P3,R03,testing,11,13,0,0.0,0.0,0.0,0.0
P3,R03,testing,11,14,0,0.0,0.0,0.0,0.0
P3,R03,testing,11,15,0,0.0,0.0,0.0,0.0
P3,R03,testing,11,16,0,0.0,0.0,0.0,0.0
P3,R03,testing,11,17,0,0.0,0.0,0.0,0.0
P3,R03,testing,11,18,0,0.0,0.0,0.0,0.0
P3,R03,testing,11,19,0,0.0,0.0,0.0,0.0
P3,R03,testing,11,20,0,0.0,0.0,0.0,0.0
P3,R03,testing,11,21,0,0.0,0.0,0.0,0.0
P3,R03,testing,11,22,0,0.0,0.0,0.0,0.0
P3,R03,testing,11,23,0,0.0,0.0,0.0,0.0
P3,R03,testing,11,24,0,0.0,0.0,0.0,0.0
P3,R03,testing,11,25,0,0.0,0.0,0.0,0.0
P3,R03,testing,11,26,0,0.0,0.0,0.0,0.0
P3,R03,testing,11,27,0,0.0,0.0,0.0,0.0
P3,R03,testing,11,28,0,0.0,0.0,0.0,0.0
P3,R03,testing,11,29,0,0.0,0.0,0.0,0.0
P3,R03,testing,11,30,0,0.0,0.0,0.0,0.0
P3,R03,testing,11,31,0,0.0,0.0,0.0,0.0
P3,R03,testing,11,32,0,0.0,0.0,0.0,0.0
P3,R03,testing,11,33,0,0.0,0.0,0.0,0.0
P3,R03,testing,11,34,0,0.0,0.0,0.0,0.0
P3,R03,testing,11,35,0,0.0,0.0,0.0,0.0
P3,R03,testing,11,36,0,0.0,0.0,0.0,0.0
P3,R03,testing,11,37,0,0.0,0.0,0.0,0.0
P3,R03,testing,11,38,0,0.0,0.0,0.0,0.0
P3,R03,testing,11,39,0,0.0,0.0,0.0,0.0
P3,R03,testing,11,40,0,0.0,0.0,0.0,0.0
P3,R03,testing,11,41,0,0.0,0.0,0.0,0.0
P3,R03,testing,11,42,0,0.0,0.0,0.0,0.0
P3,R03,testing,11,43,0,0.0,0.0,0.0,0.0
P3,R03,testing,11,44,0,0.0,0.0,0.0,0.0
P3,R03,testing,11,45,0,0.0,0.0,0.0,0.0
P3,R03,testing,11,46,0,0.0,0.0,0.0,0.0
P3,R03,testing,11,47,0,0.0,0.0,0.0,0.0
P3,R03,testing,11,48,0,0.0,0.0,0.0,0.0
P3,R03,testing,11,49,0,0.0,0.0,0.0,0.0
P3,R03,testing,11,50,0,0.0,0.0,0.0,0.0
P3,R03,testing,11,51,0,0.0,0.0,0.0,0.0
P3,R03,testing,11,52,0,0.0,0.0,0.0,0.0
P3,R03,testing,11,53,0,0.0,0.0,0.0,0.0
P3,R03,testing,11,54,0,0.0,0.0,0.0,0.0
P3,R03,testing,11,55,0,0.0,0.0,0.0,0.0
P3,R03,testing,11,56,0,0.0,0.0,0.0,0.0
P3,R03,testing,11,57,0,0.0,0.0,0.0,0.0
P3,R03,testing,11,58,0,0.0,0.0,0.0,0.0
P3,R03,testing,11,59,0,0.0,0.0,0.0,0.0
P3,R03,testing,11,60,0,0.0,0.0,0.0,0.0
P3,R03,testing,11,61,0,0.0,0.0,0.0,0.0
P3,R03,testing,11,62,0,0.0,0.0,0.0,0.0
P3,R03,testing,11,63,0,0.0,0.0,0.0,0.0
P3,R03,testing,11,64,0,0.0,0.0,0.0,0.0
P3,R03,testing,11,65,0,0.0,0.0,0.0,0.0
P3,R03,testing,11,66,0,0.0,0.0,0.0,0.0
P3,R03,testing,11,67,0,0.0,0.0,0.0,0.0
P3,R03,testing,11,68,0,0.0,0.0,0.0,0.0
P3,R03,testing,11,69,0,0.0,0.0,0.0,0.0
P3,R03,testing,11,70,0,0.0,0.0,0.0,0.0
P3,R03,testing,11,71,0,0.0,0.0,0.0,0.0
P3,R03,testing,11,72,0,0.0,0.0,0.0,0.0
P3,R03,testing,11,73,0,0.0,0.0,0.0,0.0
P3,R03,testing,11,74,0,0.0,0.0,0.0,0.0
P3,R03,testing,11,75,0,0.0,0.0,0.0,0.0
P3,R03,testing,11,76,0,0.0,0.0,0.0,0.0
P3,R03,testing,11,77,0,0.0,0.0,0.0,0.0
P3,R03,testing,11,78,0,0.0,0.0,0.0,0.0
P3,R03,testing,11,79,0,0.0,0.0,0.0,0.0
P3,R03,testing,11,80,0,0.0,0.0,0.0,0.0
P3,R03,testing,11,81,0,0.0,0.0,0.0,0.0
P3,R03,testing,11,82,0,0.0,0.0,0.0,0.0
P3,R03,testing,11,83,0,0.0,0.0,0.0,0.0
P3,R03,testing,11,84,0,0.0,0.0,0.0,0.0
P3,R03,testing,11,85,0,0.0,0.0,0.0,0.0
P3,R03,testing,11,86,0,0.0,0.0,0.0,0.0
P3,R03,testing,11,87,0,0.0,0.0,0.0,0.0
P3,R03,testing,11,88,0,0.0,0.0,0.0,0.0
P3,R03,testing,11,89,0,0.0,0.0,0.0,0.0
P3,R03,testing,11,90,0,0.0,0.0,0.0,0.0
P3,R03,testing,11,91,0,0.0,0.0,0.0,0.0
P3,R03,testing,11,92,0,0.0,0.0,0.0,0.0
P3,R03,testing,11,93,0,0.0,0.0,0.0,0.0
P3,R03,testing,11,94,0,0.0,0.0,0.0,0.0
P3,R03,testing,11,95,0,0.0,0.0,0.0,0.0
P3,R03,testing,11,96,0,0.0,0.0,0.0,0.0
P3,R03,testing,11,97,0,0.0,0.0,0.0,0.0
P3,R03,testing,11,98,0,0.0,0.0,0.0,0.0
P3,R03,testing,11,99,0,0.0,0.0,0.0,0.0
P3,R03,testing,11,100,0,0.0,0.0,0.0,0.0
P3,R03,testing,11,101,0,0.0,0.0,0.0,0.0
P3,R03,testing,11,102,0,0.0,0.0,0.0,0.0
P3,R03,testing,11,103,0,0.0,0.0,0.0,0.0
P3,R03,testing,11,104,0,0.0,0.0,0.0,0.0
P3,R03,testing,11,105,0,0.0,0.0,0.0,0.0
P3,R03,testing,11,106,0,0.0,0.0,0.0,0.0
P3,R03,testing,11,107,0,0.0,0.0,0.0,0.0
P3,R03,testing,11,108,0,0.0,0.0,0.0,0.0
P3,R03,testing,11,109,0,0.0,0.0,0.0,0.0
P3,R03,testing,11,110,0,0.0,0.0,0.0,0.0
P3,R03,testing,11,111,0,0.0,0.0,0.0,0.0
P3,R03,testing,11,112,0,0.0,0.0,0.0,0.0
P3,R03,testing,11,113,0,0.0,0.0,0.0,0.0
P3,R03,testing,11,114,0,0.0,0.0,0.0,0.0
P3,R03,testing,11,115,0,0.0,0.0,0.0,0.0
P3,R03,testing,11,116,0,0.0,0.0,0.0,0.0
P3,R03,testing,11,117,0,0.0,0.0,0.0,0.0
P3,R03,testing,11,118,0,0.0,0.0,0.0,0.0
P3,R03,testing,11,119,0,0.0,0.0,0.0,0.0
P3,R03,testing,11,120,0,0.0,0.0,0.0,0.0
P3,R03,testing,11,121,0,0.0,0.0,0.0,0.0
P3,R03,testing,11,122,0,0.0,0.0,0.0,0.0
P3,R03,testing,11,123,0,0.0,0.0,0.0,0.0
P3,R03,testing,11,124,0,0.0,0.0,0.0,0.0
P3,R03,testing,11,125,0,0.0,0.0,0.0,0.0
P3,R03,testing,11,126,0,0.0,0.0,0.0,0.0
P3,R03,testing,11,127,0,0.0,0.0,0.0,0.0
P3,R03,testing,11,128,0,0.0,0.0,0.0,0.0
P3,R03,testing,11,129,0,0.0,0.0,0.0,0.0
P3,R03,testing,11,130,0,0.0,0.0,0.0,0.0
P3,R03,testing,11,131,0,0.0,0.0,0.0,0.0
P3,R03,testing,11,132,0,0.0,0.0,0.0,0.0
P3,R03,testing,11,133,0,0.0,0.0,0.0,0.0
P3,R03,testing,11,134,0,0.0,0.0,0.0,0.0
P3,R03,testing,11,135,0,0.0,0.0,0.0,0.0
P3,R03,testing,11,136,0,0.0,0.0,0.0,0.0
P3,R03,testing,11,137,0,0.0,0.0,0.0,0.0
P3,R03,testing,11,138,0,0.0,0.0,0.0,0.0
P3,R03,testing,11,139,0,0.0,0.0,0.0,0.0
P3,R03,testing,11,140,0,0.0,0.0,0.0,0.0
P3,R03,testing,11,141,0,0.0,0.0,0.0,0.0
P3,R03,testing,11,142,0,0.0,0.0,0.0,0.0
P3,R03,testing,11,143,0,0.0,0.0,0.0,0.0
P3,R03,testing,11,144,0,0.0,0.0,0.0,0.0
P3,R03,testing,11,145,0,0.0,0.0,0.0,0.0
P3,R03,testing,11,146,0,0.0,0.0,0.0,0.0
P3,R03,testing,11,147,0,0.0,0.0,0.0,0.0
P3,R03,testing,11,148,0,0.0,0.0,0.0,0.0
P3,R03,testing,11,149,0,0.0,0.0,0.0,0.0
P3,R03,testing,11,150,0,0.0,0.0,0.0,0.0
P3,R03,testing,11,151,0,0.0,0.0,0.0,0.0
P3,R03,testing,11,152,0,0.0,0.0,0.0,0.0
P3,R03,testing,11,153,0,0.0,0.0,0.0,0.0
P3,R03,testing,11,154,0,0.0,0.0,0.0,0.0
P3,R03,testing,11,155,0,0.0,0.0,0.0,0.0
P3,R03,testing,11,156,0,0.0,0.0,0.0,0.0
P3,R03,testing,11,157,0,0.0,0.0,0.0,0.0
P3,R03,testing,11,158,0,0.0,0.0,0.0,0.0
P3,R03,testing,11,159,0,0.0,0.0,0.0,0.0
P3,R03,testing,11,160,0,0.0,0.0,0.0,0.0
P3,R03,testing,11,161,0,0.0,0.0,0.0,0.0
P3,R03,testing,11,162,0,0.0,0.0,0.0,0.0
P3,R03,testing,11,163,0,0.0,0.0,0.0,0.0
P3,R03,testing,11,164,0,0.0,0.0,0.0,0.0
P3,R03,testing,11,165,0,0.0,0.0,0.0,0.0
P3,R03,testing,11,166,0,0.0,0.0,0.0,0.0
P3,R03,testing,11,167,0,0.0,0.0,0.0,0.0
P3,R03,testing,11,168,0,0.0,0.0,0.0,0.0
P3,R03,testing,11,169,0,0.0,0.0,0.0,0.0
P3,R03,testing,11,170,0,0.0,0.0,0.0,0.0
P3,R03,testing,11,171,0,0.0,0.0,0.0,0.0
P3,R03,testing,11,172,0,0.0,0.0,0.0,0.0
P3,R03,testing,11,173,0,0.0,0.0,0.0,0.0
P3,R03,testing,11,174,0,0.0,0.0,0.0,0.0
P3,R03,testing,11,175,0,0.0,0.0,0.0,0.0
P3,R03,testing,11,176,0,0.0,0.0,0.0,0.0
P3,R03,testing,11,177,0,0.0,0.0,0.0,0.0
P3,R03,testing,11,178,0,0.0,0.0,0.0,0.0
P3,R03,testing,11,179,0,0.0,0.0,0.0,0.0
P3,R03,testing,11,180,0,0.0,0.0,0.0,0.0
P3,R03,testing,11,181,0,0.0,0.0,0.0,0.0
P3,R03,testing,11,182,0,0.0,0.0,0.0,0.0
P3,R03,testing,11,183,0,0.0,0.0,0.0,0.0
P3,R03,testing,11,184,0,0.0,0.0,0.0,0.0
P3,R03,testing,11,185,0,0.0,0.0,0.0,0.0
P3,R03,testing,11,186,0,0.0,0.0,0.0,0.0
P3,R03,testing,11,187,0,0.0,0.0,0.0,0.0
P3,R03,testing,11,188,0,0.0,0.0,0.0,0.0
P3,R03,testing,11,189,0,0.0,0.0,0.0,0.0
P3,R03,testing,11,190,0,0.0,0.0,0.0,0.0
P3,R03,testing,11,191,0,0.0,0.0,0.0,0.0
P3,R03,testing,11,192,0,0.0,0.0,0.0,0.0
P3,R03,testing,11,193,0,0.0,0.0,0.0,0.0
P3,R03,testing,11,194,0,0.0,0.0,0.0,0.0
P3,R03,testing,11,195,0,0.0,0.0,0.0,0.0
P3,R03,testing,11,196,0,0.0,0.0,0.0,0.0
P3,R03,testing,11,197,0,0.0,0.0,0.0,0.0
P3,R03,testing,11,198,0,0.0,0.0,0.0,0.0
P3,R03,testing,11,199,0,0.0,0.0,0.0,0.0
P3,R03,testing,11,200,0,0.0,0.0,0.0,0.0
P3,R03,testing,11,201,0,0.0,0.0,0.0,0.0
P3,R03,testing,11,202,0,0.0,0.0,0.0,0.0
P3,R03,testing,11,203,0,0.0,0.0,0.0,0.0
P3,R03,testing,11,204,0,0.0,0.0,0.0,0.0
P3,R03,testing,11,205,0,0.0,0.0,0.0,0.0
P3,R03,testing,11,206,0,0.0,0.0,0.0,0.0
P3,R03,testing,11,207,0,0.0,0.0,0.0,0.0
P3,R03,testing,11,208,0,0.0,0.0,0.0,0.0
P3,R03,testing,11,209,0,0.0,0.0,0.0,0.0
P3,R03,testing,11,210,0,0.0,0.0,0.0,0.0
P3,R03,testing,11,211,0,0.0,0.0,0.0,0.0
P3,R03,testing,11,212,0,0.0,0.0,0.0,0.0
P3,R03,testing,11,213,0,0.0,0.0,0.0,0.0
P3,R03,testing,11,214,0,0.0,0.0,0.0,0.0
P3,R03,testing,11,215,0,0.0,0.0,0.0,0.0
P3,R03,testing,11,216,0,0.0,0.0,0.0,0.0
P3,R03,testing,11,217,0,0.0,0.0,0.0,0.0
P3,R03,testing,11,218,0,0.0,0.0,0.0,0.0
P3,R03,testing,11,219,0,0.0,0.0,0.0,0.0
P3,R03,testing,11,220,0,0.0,0.0,0.0,0.0
P3,R03,testing,11,221,0,0.0,0.0,0.0,0.0
P3,R03,testing,11,222,0,0.0,0.0,0.0,0.0
P3,R03,testing,11,223,0,0.0,0.0,0.0,0.0
P3,R03,testing,11,224,0,0.0,0.0,0.0,0.0
P3,R03,testing,11,225,0,0.0,0.0,0.0,0.0
P3,R03,testing,11,226,0,0.0,0.0,0.0,0.0
P3,R03,testing,11,227,0,0.0,0.0,0.0,0.0
P3,R03,testing,11,228,0,0.0,0.0,0.0,0.0
P3,R03,testing,11,229,0,0.0,0.0,0.0,0.0
P3,R03,testing,11,230,0,0.0,0.0,0.0,0.0
P3,R03,testing,11,231,0,0.0,0.0,0.0,0.0
P3,R03,testing,11,232,0,0.0,0.0,0.0,0.0
P3,R03,testing,11,233,0,0.0,0.0,0.0,0.0
P3,R03,testing,11,234,0,0.0,0.0,0.0,0.0
P3,R03,testing,11,235,0,0.0,0.0,0.0,0.0
P3,R03,testing,11,236,0,0.0,0.0,0.0,0.0
P3,R03,testing,11,237,0,0.0,0.0,0.0,0.0
P3,R03,testing,11,238,0,0.0,0.0,0.0,0.0
P3,R03,testing,11,239,0,0.0,0.0,0.0,0.0
P3,R03,testing,11,240,0,0.0,0.0,0.0,0.0
P3,R03,testing,11,241,0,0.0,0.0,0.0,0.0
P3,R03,testing,11,242,0,0.0,0.0,0.0,0.0
P3,R03,testing,11,243,0,0.0,0.0,0.0,0.0
P3,R03,testing,11,244,0,0.0,0.0,0.0,0.0
P3,R03,testing,11,245,0,0.0,0.0,0.0,0.0
P3,R03,testing,11,246,0,0.0,0.0,0.0,0.0
P3,R03,testing,11,247,0,0.0,0.0,0.0,0.0
P3,R03,testing,11,248,0,0.0,0.0,0.0,0.0
P3,R03,testing,11,249,0,0.0,0.0,0.0,0.0
P3,R03,testing,11,250,0,0.0,0.0,0.0,0.0
P3,R03,testing,11,251,0,0.0,0.0,0.0,0.0
P3,R03,testing,11,252,0,0.0,0.0,0.0,0.0
P3,R03,testing,11,253,0,0.0,0.0,0.0,0.0
P3,R03,testing,11,254,0,0.0,0.0,0.0,0.0
P3,R03,testing,11,255,0,0.0,0.0,0.0,0.0
P3,R03,testing,11,256,0,0.0,0.0,0.0,0.0
P3,R03,testing,11,257,0,0.0,0.0,0.0,0.0
P3,R03,testing,11,258,0,0.0,0.0,0.0,0.0
P3,R03,testing,11,259,0,0.0,0.0,0.0,0.0
P3,R03,testing,11,260,0,0.0,0.0,0.0,0.0
P3,R03,testing,11,261,0,0.0,0.0,0.0,0.0
P3,R03,testing,11,262,0,0.0,0.0,0.0,0.0
P3,R03,testing,11,263,0,0.0,0.0,0.0,0.0
P3,R03,testing,11,264,0,0.0,0.0,0.0,0.0
P3,R03,testing,11,265,0,0.0,0.0,0.0,0.0
P3,R03,testing,11,266,0,0.0,0.0,0.0,0.0
P3,R03,testing,11,267,0,0.0,0.0,0.0,0.0
P3,R03,testing,11,268,0,0.0,0.0,0.0,0.0
P3,R03,testing,11,269,0,0.0,0.0,0.0,0.0
P3,R03,testing,11,270,0,0.0,0.0,0.0,0.0
P3,R03,testing,11,271,0,0.0,0.0,0.0,0.0
P3,R03,testing,11,272,0,0.0,0.0,0.0,0.0
P3,R03,testing,11,273,0,0.0,0.0,0.0,0.0
P3,R03,testing,11,274,0,0.0,0.0,0.0,0.0
P3,R03,testing,11,275,0,0.0,0.0,0.0,0.0
P3,R03,testing,11,276,0,0.0,0.0,0.0,0.0
P3,R03,testing,11,277,0,0.0,0.0,0.0,0.0
P3,R03,testing,11,278,0,0.0,0.0,0.0,0.0
P3,R03,testing,11,279,0,0.0,0.0,0.0,0.0
P3,R03,testing,11,280,0,0.0,0.0,0.0,0.0
P3,R03,testing,11,281,0,0.0,0.0,0.0,0.0
P3,R03,testing,11,282,0,0.0,0.0,0.0,0.0
P3,R03,testing,11,283,0,0.0,0.0,0.0,0.0
P3,R03,testing,11,284,0,0.0,0.0,0.0,0.0
P3,R03,testing,11,285,0,0.0,0.0,0.0,0.0
P3,R03,testing,11,286,0,0.0,0.0,0.0,0.0
P3,R03,testing,11,287,0,0.0,0.0,0.0,0.0
P3,R03,testing,11,288,0,0.0,0.0,0.0,0.0
P3,R03,testing,11,289,0,0.0,0.0,0.0,0.0
P3,R03,testing,11,290,0,0.0,0.0,0.0,0.0
P3,R03,testing,11,291,0,0.0,0.0,0.0,0.0
P3,R03,testing,11,292,0,0.0,0.0,0.0,0.0
P3,R03,testing,11,293,0,0.0,0.0,0.0,0.0
P3,R03,testing,11,294,0,0.0,0.0,0.0,0.0
P3,R03,testing,11,295,0,0.0,0.0,0.0,0.0
P3,R03,testing,11,296,0,0.0,0.0,0.0,0.0
P3,R03,testing,11,297,0,0.0,0.0,0.0,0.0
P3,R03,testing,11,298,0,0.0,0.0,0.0,0.0
P3,R03,testing,11,299,0,0.0,0.0,0.0,0.0
P3,R03,testing,11,300,0,0.0,0.0,0.0,0.0
P3,R03,testing,11,301,0,0.0,0.0,0.0,0.0
P3,R03,testing,11,302,0,0.0,0.0,0.0,0.0
P3,R03,testing,11,303,0,0.0,0.0,0.0,0.0
P3,R03,testing,11,304,0,0.0,0.0,0.0,0.0
P3,R03,testing,11,305,0,0.0,0.0,0.0,0.0
P3,R03,testing,11,306,0,0.0,0.0,0.0,0.0
P3,R03,testing,11,307,0,0.0,0.0,0.0,0.0
P3,R03,testing,11,308,0,0.0,0.0,0.0,0.0
P3,R03,testing,11,309,0,0.0,0.0,0.0,0.0
P3,R03,testing,11,310,0,0.0,0.0,0.0,0.0
P3,R03,testing,11,311,0,0.0,0.0,0.0,0.0
P3,R03,testing,11,312,0,0.0,0.0,0.0,0.0
P3,R03,testing,11,313,0,0.0,0.0,0.0,0.0
P3,R03,testing,11,314,0,0.0,0.0,0.0,0.0
P3,R03,testing,11,315,0,0.0,0.0,0.0,0.0
P3,R03,testing,11,316,0,0.0,0.0,0.0,0.0
P3,R03,testing,11,317,0,0.0,0.0,0.0,0.0
P3,R03,testing,11,318,0,0.0,0.0,0.0,0.0
P3,R03,testing,11,319,0,0.0,0.0,0.0,0.0
P3,R03,testing,11,320,0,0.0,0.0,0.0,0.0
P3,R03,testing,11,321,0,0.0,0.0,0.0,0.0
P3,R03,testing,11,322,0,0.0,0.0,0.0,0.0
P3,R03,testing,11,323,0,0.0,0.0,0.0,0.0
P3,R03,testing,11,324,0,0.0,0.0,0.0,0.0
P3,R03,testing,11,325,0,0.0,0.0,0.0,0.0
P3,R03,testing,11,326,0,0.0,0.0,0.0,0.0
P3,R03,testing,11,327,0,0.0,0.0,0.0,0.0
P3,R03,testing,11,328,0,0.0,0.0,0.0,0.0
P3,R03,testing,11,329,0,0.0,0.0,0.0,0.0
P3,R03,testing,11,330,0,0.0,0.0,0.0,0.0
P3,R03,testing,11,331,0,0.0,0.0,0.0,0.0
P3,R03,testing,11,332,0,0.0,0.0,0.0,0.0
P3,R03,testing,11,333,0,0.0,0.0,0.0,0.0
P3,R03,testing,11,334,0,0.0,0.0,0.0,0.0
P3,R03,testing,11,335,0,0.0,0.0,0.0,0.0
P3,R03,testing,11,336,0,0.0,0.0,0.0,0.0
P3,R03,testing,11,337,0,0.0,0.0,0.0,0.0
P3,R03,testing,11,338,0,0.0,0.0,0.0,0.0
P3,R03,testing,11,339,0,0.0,0.0,0.0,0.0
P3,R03,testing,11,340,0,0.0,0.0,0.0,0.0
P3,R03,testing,11,341,0,0.0,0.0,0.0,0.0
P3,R03,testing,11,342,0,0.0,0.0,0.0,0.0
P3,R03,testing,11,343,0,0.0,0.0,0.0,0.0
P3,R03,testing,11,344,0,0.0,0.0,0.0,0.0
P3,R03,testing,11,345,0,0.0,0.0,0.0,0.0
P3,R03,testing,11,346,0,0.0,0.0,0.0,0.0
P3,R03,testing,11,347,0,0.0,0.0,0.0,0.0
P3,R03,testing,11,348,0,0.0,0.0,0.0,0.0
P3,R03,testing,11,349,0,0.0,0.0,0.0,0.0
P3,R03,testing,11,350,0,0.0,0.0,0.0,0.0
P3,R03,testing,11,351,0,0.0,0.0,0.0,0.0
P3,R03,testing,11,352,0,0.0,0.0,0.0,0.0
P3,R03,testing,11,353,0,0.0,0.0,0.0,0.0
P3,R03,testing,11,354,0,0.0,0.0,0.0,0.0
P3,R03,testing,11,355,0,0.0,0.0,0.0,0.0
P3,R03,testing,11,356,0,0.0,0.0,0.0,0.0
P3,R03,testing,11,357,0,0.0,0.0,0.0,0.0
P3,R03,testing,11,358,0,0.0,0.0,0.0,0.0
P3,R03,testing,11,359,0,0.0,0.0,0.0,0.0
P3,R03,testing,11,360,0,0.0,0.0,0.0,0.0
P3,R03,testing,11,361,0,0.0,0.0,0.0,0.0
P3,R03,testing,11,362,0,0.0,0.0,0.0,0.0
P3,R03,testing,11,363,0,0.0,0.0,0.0,0.0
P3,R03,testing,11,364,0,0.0,0.0,0.0,0.0
P3,R03,testing,11,365,0,0.0,0.0,0.0,0.0
P3,R03,testing,11,366,0,0.0,0.0,0.0,0.0
P3,R03,testing,11,367,0,0.0,0.0,0.0,0.0
P3,R03,testing,11,368,0,0.0,0.0,0.0,0.0
P3,R03,testing,11,369,0,0.0,0.0,0.0,0.0
P3,R03,testing,11,370,0,0.0,0.0,0.0,0.0
P3,R03,testing,11,371,0,0.0,0.0,0.0,0.0
P3,R03,testing,11,372,0,0.0,0.0,0.0,0.0
P3,R03,testing,11,373,0,0.0,0.0,0.0,0.0
P3,R03,testing,11,374,0,0.0,0.0,0.0,0.0
P3,R03,testing,11,375,0,0.0,0.0,0.0,0.0
P3,R03,testing,11,376,0,0.0,0.0,0.0,0.0
P3,R03,testing,11,377,0,0.0,0.0,0.0,0.0
P3,R03,testing,11,378,0,0.0,0.0,0.0,0.0
P3,R03,testing,11,379,0,0.0,0.0,0.0,0.0
P3,R03,testing,11,380,0,0.0,0.0,0.0,0.0
P3,R03,testing,11,381,0,0.0,0.0,0.0,0.0
P3,R03,testing,11,382,0,0.0,0.0,0.0,0.0
P3,R03,testing,11,383,0,0.0,0.0,0.0,0.0
P3,R03,testing,11,384,0,0.0,0.0,0.0,0.0
P3,R03,testing,11,385,0,0.0,0.0,0.0,0.0
P3,R03,testing,11,386,0,0.0,0.0,0.0,0.0
P3,R03,testing,11,387,0,0.0,0.0,0.0,0.0
P3,R03,testing,11,388,0,0.0,0.0,0.0,0.0
P3,R03,testing,11,389,0,0.0,0.0,0.0,0.0
P3,R03,testing,11,390,0,0.0,0.0,0.0,0.0
P3,R03,testing,11,391,0,0.0,0.0,0.0,0.0
P3,R03,testing,11,392,0,0.0,0.0,0.0,0.0
P3,R03,testing,11,393,0,0.0,0.0,0.0,0.0
P3,R03,testing,11,394,0,0.0,0.0,0.0,0.0
P3,R03,testing,11,395,0,0.0,0.0,0.0,0.0
P3,R03,testing,11,396,0,0.0,0.0,0.0,0.0
P3,R03,testing,11,397,0,0.0,0.0,0.0,0.0
P3,R03,testing,11,398,0,0.0,0.0,0.0,0.0
P3,R03,testing,11,399,0,0.0,0.0,0.0,0.0
P3,R03,testing,11,400,0,0.0,0.0,0.0,0.0
P3,R03,testing,11,401,0,0.0,0.0,0.0,0.0
P3,R03,testing,11,402,0,0.0,0.0,0.0,0.0
P3,R03,testing,11,403,0,0.0,0.0,0.0,0.0
P3,R03,testing,11,404,0,0.0,0.0,0.0,0.0
P3,R03,testing,11,405,0,0.0,0.0,0.0,0.0
P3,R03,testing,11,406,0,0.0,0.0,0.0,0.0
P3,R03,testing,11,407,0,0.0,0.0,0.0,0.0
P3,R03,testing,11,408,0,0.0,0.0,0.0,0.0
P3,R03,testing,11,409,0,0.0,0.0,0.0,0.0
P3,R03,testing,11,410,0,0.0,0.0,0.0,0.0
P3,R03,testing,11,411,0,0.0,0.0,0.0,0.0
P3,R03,testing,11,412,0,0.0,0.0,0.0,0.0
P3,R03,testing,11,413,0,0.0,0.0,0.0,0.0
P3,R03,testing,11,414,0,0.0,0.0,0.0,0.0
P3,R03,testing,11,415,0,0.0,0.0,0.0,0.0
P3,R03,testing,11,416,0,0.0,0.0,0.0,0.0
P3,R03,testing,11,417,0,0.0,0.0,0.0,0.0
P3,R03,testing,11,418,0,0.0,0.0,0.0,0.0
P3,R03,testing,11,419,0,0.0,0.0,0.0,0.0
P3,R03,testing,11,420,0,0.0,0.0,0.0,0.0
P3,R03,testing,11,421,0,0.0,0.0,0.0,0.0
P3,R03,testing,11,422,0,0.0,0.0,0.0,0.0
P3,R03,testing,11,423,0,0.0,0.0,0.0,0.0
P3,R03,testing,11,424,0,0.0,0.0,0.0,0.0
P3,R03,testing,11,425,0,0.0,0.0,0.0,0.0
P3,R03,testing,11,426,0,0.0,0.0,0.0,0.0
P3,R03,testing,11,427,0,0.0,0.0,0.0,0.0
P3,R03,testing,11,428,0,0.0,0.0,0.0,0.0
P3,R03,testing,11,429,0,0.0,0.0,0.0,0.0
P3,R03,testing,11,430,0,0.0,0.0,0.0,0.0
P3,R03,testing,11,431,0,0.0,0.0,0.0,0.0
P3,R03,testing,11,432,0,0.0,0.0,0.0,0.0
P3,R03,testing,11,433,0,0.0,0.0,0.0,0.0
P3,R03,testing,11,434,0,0.0,0.0,0.0,0.0
P3,R03,testing,11,435,0,0.0,0.0,0.0,0.0
P3,R03,testing,11,436,0,0.0,0.0,0.0,0.0
P3,R03,testing,11,437,0,0.0,0.0,0.0,0.0
P3,R03,testing,11,438,0,0.0,0.0,0.0,0.0
P3,R03,testing,11,439,0,0.0,0.0,0.0,0.0
P3,R03,testing,11,440,0,0.0,0.0,0.0,0.0
P3,R03,testing,11,441,0,0.0,0.0,0.0,0.0
P3,R03,testing,11,442,0,0.0,0.0,0.0,0.0
P3,R03,testing,11,443,0,0.0,0.0,0.0,0.0
P3,R03,testing,11,444,0,0.0,0.0,0.0,0.0
P3,R03,testing,11,445,0,0.0,0.0,0.0,0.0
P3,R03,testing,11,446,0,0.0,0.0,0.0,0.0
P3,R03,testing,11,447,0,0.0,0.0,0.0,0.0
P3,R03,testing,11,448,0,0.0,0.0,0.0,0.0
P3,R03,testing,11,449,0,0.0,0.0,0.0,0.0
P3,R03,testing,11,450,0,0.0,0.0,0.0,0.0
P3,R03,testing,11,451,0,0.0,0.0,0.0,0.0
P3,R03,testing,11,452,0,0.0,0.0,0.0,0.0
P3,R03,testing,11,453,0,0.0,0.0,0.0,0.0
P3,R03,testing,11,454,0,0.0,0.0,0.0,0.0
P3,R03,testing,11,455,0,0.0,0.0,0.0,0.0
P3,R03,testing,11,456,0,0.0,0.0,0.0,0.0
P3,R03,testing,11,457,0,0.0,0.0,0.0,0.0
P3,R03,testing,11,458,0,0.0,0.0,0.0,0.0
P3,R03,testing,11,459,0,0.0,0.0,0.0,0.0
P3,R03,testing,11,460,0,0.0,0.0,0.0,0.0
P3,R03,testing,11,461,0,0.0,0.0,0.0,0.0
P3,R03,testing,11,462,0,0.0,0.0,0.0,0.0
P3,R03,testing,11,463,0,0.0,0.0,0.0,0.0
P3,R03,testing,11,464,0,0.0,0.0,0.0,0.0
P3,R03,testing,11,465,0,0.0,0.0,0.0,0.0
P3,R03,testing,11,466,0,0.0,0.0,0.0,0.0
P3,R03,testing,11,467,0,0.0,0.0,0.0,0.0
P3,R03,testing,11,468,0,0.0,0.0,0.0,0.0
P3,R03,testing,11,469,0,0.0,0.0,0.0,0.0
P3,R03,testing,11,470,0,0.0,0.0,0.0,0.0
P3,R03,testing,11,471,0,0.0,0.0,0.0,0.0
P3,R03,testing,11,472,0,0.0,0.0,0.0,0.0
P3,R03,testing,11,473,0,0.0,0.0,0.0,0.0
P3,R03,testing,11,474,0,0.0,0.0,0.0,0.0
P3,R03,testing,11,475,0,0.0,0.0,0.0,0.0
P3,R03,testing,11,476,0,0.0,0.0,0.0,0.0
P3,R03,testing,11,477,0,0.0,0.0,0.0,0.0
P3,R03,testing,11,478,0,0.0,0.0,0.0,0.0
P3,R03,testing,11,479,0,0.0,0.0,0.0,0.0
P3,R03,testing,11,480,0,0.0,0.0,0.0,0.0
P3,R03,testing,11,481,0,0.0,0.0,0.0,0.0
P3,R03,testing,11,482,0,0.0,0.0,0.0,0.0
P3,R03,testing,11,483,0,0.0,0.0,0.0,0.0
P3,R03,testing,11,484,0,0.0,0.0,0.0,0.0
P3,R03,testing,11,485,0,0.0,0.0,0.0,0.0
P3,R03,testing,11,486,0,0.0,0.0,0.0,0.0
P3,R03,testing,11,487,0,0.0,0.0,0.0,0.0
P3,R03,testing,11,488,0,0.0,0.0,0.0,0.0
P3,R03,testing,11,489,0,0.0,0.0,0.0,0.0
P3,R03,testing,11,490,1,0.0,0.0,0.0,0.0
P3,R03,testing,11,491,1,0.0,0.0,0.0,0.0
P3,R03,testing,11,492,1,0.0,0.0,0.0,0.0
P3,R03,testing,11,493,1,0.0,0.0,0.0,0.0
P3,R03,testing,11,494,1,0.0,0.0,0.0,0.0
P3,R03,testing,11,495,1,0.0,0.0,0.0,0.0
P3,R03,testing,11,496,1,0.0,0.0,0.0,0.0
P3,R03,testing,11,497,1,0.0,0.0,0.0,0.0
P3,R03,testing,11,498,1,0.0,0.0,0.0,0.0
P3,R03,testing,11,499,1,0.0,0.0,0.0,0.0
P3,R03,testing,11,500,1,0.0,0.0,0.0,0.0
P3,R03,testing,11,501,1,0.0,0.0,0.0,0.0
P3,R03,testing,11,502,1,0.0,0.0,0.0,0.0
P3,R03,testing,11,503,1,0.0,0.0,0.0,0.0
P3,R03,testing,11,504,1,0.0,0.0,0.0,0.0
P3,R03,testing,11,505,1,0.0,0.0,0.0,0.0
P3,R03,testing,11,506,1,0.0,0.0,0.0,0.0
P3,R03,testing,11,507,1,0.0,0.0,0.0,0.0
P3,R03,testing,11,508,1,0.0,0.0,0.0,0.0
P3,R03,testing,11,509,1,0.0,0.0,0.0,0.0
P3,R03,testing,11,510,1,0.0,0.0,0.0,0.0
P3,R03,testing,11,511,1,0.0,0.0,0.0,0.0
P3,R03,testing,11,512,1,0.0,0.0,0.0,0.0
P3,R03,testing,11,513,1,0.0,0.0,0.0,0.0
P3,R03,testing,11,514,1,0.0,0.0,0.0,0.0
P3,R03,testing,11,515,1,0.0,0.0,0.0,0.0
P3,R03,testing,11,516,1,0.0,0.0,0.0,0.0
P3,R03,testing,11,517,1,0.0,0.0,0.0,0.0
P3,R03,testing,11,518,1,0.0,0.0,0.0,0.0
P3,R03,testing,11,519,1,0.0,0.0,0.0,0.0
P3,R03,testing,11,520,1,0.0,0.0,0.0,0.0
P3,R03,testing,11,521,1,0.0,0.0,0.0,0.0
P3,R03,testing,11,522,1,0.0,0.0,0.0,0.0
P3,R03,testing,11,523,1,0.0,0.0,0.0,0.0
P3,R03,testing,11,524,1,0.0,0.0,0.0,0.0
P3,R03,testing,11,525,1,0.0,0.0,0.0,0.0
P3,R03,testing,11,526,1,0.0,0.0,0.0,0.0
P3,R03,testing,11,527,1,0.0,0.0,0.0,0.0
P3,R03,testing,11,528,1,0.0,0.0,0.0,0.0
P3,R03,testing,11,529,1,0.0,0.0,0.0,0.0
P3,R03,testing,11,530,1,0.0,0.0,0.0,0.0
P3,R03,testing,11,531,1,0.0,0.0,0.0,0.0
P3,R03,testing,11,532,1,0.0,0.0,0.0,0.0
P3,R03,testing,11,533,1,0.0,0.0,0.0,0.0
P3,R03,testing,11,534,1,0.0,0.0,0.0,0.0
P3,R03,testing,11,535,1,0.0,0.0,0.0,0.0
P3,R03,testing,11,536,1,0.0,0.0,0.0,0.0
P3,R03,testing,11,537,1,0.0,0.0,0.0,0.0
P3,R03,testing,11,538,1,0.0,0.0,0.0,0.0
P3,R03,testing,11,539,1,0.0,0.0,0.0,0.0
P3,R03,testing,11,540,1,0.0,0.0,0.0,0.0
P3,R03,testing,11,541,1,0.0,0.0,0.0,0.0
P3,R03,testing,11,542,1,0.0,0.0,0.0,0.0
P3,R03,testing,11,543,1,0.0,0.0,0.0,0.0
P3,R03,testing,11,544,1,0.0,0.0,0.0,0.0
P3,R03,testing,11,545,1,0.0,0.0,0.0,0.0
P3,R03,testing,11,546,1,0.0,0.0,0.0,0.0
P3,R03,testing,11,547,1,0.0,0.0,0.0,0.0
P3,R03,testing,11,548,1,0.0,0.0,0.0,0.0
P3,R03,testing,11,549,1,0.0,0.0,0.0,0.0
P3,R03,testing,11,550,1,0.0,0.0,0.0,0.0
P3,R03,testing,11,551,1,0.0,0.0,0.0,0.0
P3,R03,testing,11,552,1,0.0,0.0,0.0,0.0
P3,R03,testing,11,553,1,0.0,0.0,0.0,0.0
P3,R03,testing,11,554,1,0.0,0.0,0.0,0.0
P3,R03,testing,11,555,1,0.0,0.0,0.0,0.0
P3,R03,testing,11,556,1,0.0,0.0,0.0,0.0
P3,R03,testing,11,557,1,0.0,0.0,0.0,0.0
P3,R03,testing,11,558,1,0.0,0.0,0.0,0.0
P3,R03,testing,11,559,1,0.0,0.0,0.0,0.0
P3,R03,testing,11,560,1,0.0,0.0,0.0,0.0
P3,R03,testing,11,561,1,0.0,0.0,0.0,0.0
P3,R03,testing,11,562,1,0.0,0.0,0.0,0.0
P3,R03,testing,11,563,1,0.0,0.0,0.0,0.0
P3,R03,testing,11,564,1,0.0,0.0,0.0,0.0
P3,R03,testing,11,565,1,0.0,0.0,0.0,0.0
P3,R03,testing,11,566,1,0.0,0.0,0.0,0.0
P3,R03,testing,11,567,1,0.0,0.0,0.0,0.0
P3,R03,testing,11,568,1,0.0,0.0,0.0,0.0
P3,R03,testing,11,569,1,0.0,0.0,0.0,0.0
P3,R03,testing,11,570,1,0.0,0.0,0.0,0.0
P3,R03,testing,11,571,1,0.0,0.0,0.0,0.0
P3,R03,testing,11,572,1,0.0,0.0,0.0,0.0
P3,R03,testing,11,573,1,0.0,0.0,0.0,0.0
P3,R03,testing,11,574,1,0.0,0.0,0.0,0.0
P3,R03,testing,11,575,1,0.0,0.0,0.0,0.0
P3,R03,testing,11,576,1,0.0,0.0,0.0,0.0
P3,R03,testing,11,577,1,0.0,0.0,0.0,0.0
P3,R03,testing,11,578,1,0.0,0.0,0.0,0.0
P3,R03,testing,11,579,1,0.0,0.0,0.0,0.0
P3,R03,testing,11,580,1,0.0,0.0,0.0,0.0
P3,R03,testing,11,581,1,0.0,0.0,0.0,0.0
P3,R03,testing,11,582,1,0.0,0.0,0.0,0.0
P3,R03,testing,11,583,1,0.0,0.0,0.0,0.0
P3,R03,testing,11,584,1,0.0,0.0,0.0,0.0
P3,R03,testing,11,585,1,0.0,0.0,0.0,0.0
P3,R03,testing,11,586,1,0.0,0.0,0.0,0.0
P3,R03,testing,11,587,1,0.0,0.0,0.0,0.0
P3,R03,testing,11,588,1,0.0,0.0,0.0,0.0
P3,R03,testing,11,589,1,0.0,0.0,0.0,0.0
P3,R03,testing,11,590,1,0.0,0.0,0.0,0.0
P3,R03,testing,11,591,1,0.0,0.0,0.0,0.0
P3,R03,testing,11,592,1,0.0,0.0,0.0,0.0
P3,R03,testing,11,593,1,0.0,0.0,0.0,0.0
P3,R03,testing,11,594,1,0.0,0.0,0.0,0.0
P3,R03,testing,11,595,1,0.0,0.0,0.0,0.0
P3,R03,testing,11,596,1,0.0,0.0,0.0,0.0
P3,R03,testing,11,597,1,0.0,0.0,0.0,0.0
P3,R03,testing,11,598,1,0.0,0.0,0.0,0.0
P3,R03,testing,11,599,1,0.0,0.0,0.0,0.0
P3,R03,testing,11,600,1,0.0,0.0,0.0,0.0
P3,R03,testing,11,601,1,0.0,0.0,0.0,0.0
P3,R03,testing,11,602,1,0.0,0.0,0.0,0.0
P3,R03,testing,11,603,1,0.0,0.0,0.0,0.0
P3,R03,testing,11,604,1,0.0,0.0,0.0,0.0
P3,R03,testing,11,605,1,0.0,0.0,0.0,0.0
P3,R03,testing,11,606,1,0.0,0.0,0.0,0.0
P3,R03,testing,11,607,1,0.0,0.0,0.0,0.0
P3,R03,testing,11,608,1,0.0,0.0,0.0,0.0
P3,R03,testing,11,609,1,0.0,0.0,0.0,0.0
P3,R03,testing,11,610,1,0.0,0.0,0.0,0.0
P3,R03,testing,11,611,1,0.0,0.0,0.0,0.0
P3,R03,testing,11,612,1,0.0,0.0,0.0,0.0
P3,R03,testing,11,613,1,0.0,0.0,0.0,0.0
P3,R03,testing,11,614,1,0.0,0.0,0.0,0.0
P3,R03,testing,11,615,1,0.0,0.0,0.0,0.0
P3,R03,testing,11,616,1,0.0,0.0,0.0,0.0
P3,R03,testing,11,617,1,0.0,0.0,0.0,0.0
P3,R03,testing,11,618,1,0.0,0.0,0.0,0.0
P3,R03,testing,11,619,1,0.0,0.0,0.0,0.0
P3,R03,testing,11,620,1,0.0,0.0,0.0,0.0
P3,R03,testing,11,621,1,0.0,0.0,0.0,0.0
P3,R03,testing,11,622,1,0.0,0.0,0.0,0.0
P3,R03,testing,11,623,1,0.0,0.0,0.0,0.0
P3,R03,testing,11,624,1,0.0,0.0,0.0,0.0
P3,R03,testing,11,625,1,0.0,0.0,0.0,0.0
P3,R03,testing,11,626,1,0.0,0.0,0.0,0.0
P3,R03,testing,11,627,1,0.0,0.0,0.0,0.0
P3,R03,testing,11,628,1,0.0,0.0,0.0,0.0
P3,R03,testing,11,629,1,0.0,0.0,0.0,0.0
P3,R03,testing,11,630,1,0.0,0.0,0.0,0.0
P3,R03,testing,11,631,1,0.0,0.0,0.0,0.0
P3,R03,testing,11,632,1,0.0,0.0,0.0,0.0
P3,R03,testing,11,633,1,0.0,0.0,0.0,0.0
P3,R03,testing,11,634,1,0.0,0.0,0.0,0.0
P3,R03,testing,11,635,1,0.0,0.0,0.0,0.0
P3,R03,testing,11,636,1,0.0,0.0,0.0,0.0
P3,R03,testing,11,637,1,0.0,0.0,0.0,0.0
P3,R03,testing,11,638,1,0.0,0.0,0.0,0.0
P3,R03,testing,11,639,1,0.0,0.0,0.0,0.0
P3,R03,testing,11,640,1,0.0,0.0,0.0,0.0
P3,R03,testing,11,641,1,0.0,0.0,0.0,0.0
P3,R03,testing,11,642,1,0.0,0.0,0.0,0.0
P3,R03,testing,11,643,1,0.0,0.0,0.0,0.0
P3,R03,testing,11,644,1,0.0,0.0,0.0,0.0
P3,R03,testing,11,645,1,0.0,0.0,0.0,0.0
P3,R03,testing,11,646,1,0.0,0.0,0.0,0.0
P3,R03,testing,11,647,1,0.0,0.0,0.0,0.0
P3,R03,testing,11,648,1,0.0,0.0,0.0,0.0
P3,R03,testing,11,649,1,0.0,0.0,0.0,0.0
P3,R03,testing,11,650,1,0.0,0.0,0.0,0.0
P3,R03,testing,11,651,1,0.0,0.0,0.0,0.0
P3,R03,testing,11,652,1,0.0,0.0,0.0,0.0
P3,R03,testing,11,653,1,0.0,0.0,0.0,0.0
P3,R03,testing,11,654,1,0.0,0.0,0.0,0.0
P3,R03,testing,11,655,1,0.0,0.0,0.0,0.0
P3,R03,testing,11,656,1,0.0,0.0,0.0,0.0
P3,R03,testing,11,657,1,0.0,0.0,0.0,0.0
P3,R03,testing,11,658,1,0.0,0.0,0.0,0.0
P3,R03,testing,11,659,1,0.0,0.0,0.0,0.0
P3,R03,testing,11,660,1,0.0,0.0,0.0,0.0
P3,R03,testing,11,661,1,0.0,0.0,0.0,0.0
P3,R03,testing,11,662,1,0.0,0.0,0.0,0.0
P3,R03,testing,11,663,1,0.0,0.0,0.0,0.0
P3,R03,testing,11,664,1,0.0,0.0,0.0,0.0
P3,R03,testing,11,665,1,0.0,0.0,0.0,0.0
P3,R03,testing,11,666,1,0.0,0.0,0.0,0.0
P3,R03,testing,11,667,1,0.0,0.0,0.0,0.0
P3,R03,testing,11,668,1,0.0,0.0,0.0,0.0
P3,R03,testing,11,669,1,0.0,0.0,0.0,0.0
P3,R03,testing,11,670,1,0.0,0.0,0.0,0.0
P3,R03,testing,11,671,1,0.0,0.0,0.0,0.0
P3,R03,testing,11,672,1,0.0,0.0,0.0,0.0
P3,R03,testing,11,673,1,0.0,0.0,0.0,0.0
P3,R03,testing,11,674,1,0.0,0.0,0.0,0.0
P3,R03,testing,11,675,1,0.0,0.0,0.0,0.0
P3,R03,testing,11,676,1,0.0,0.0,0.0,0.0
P3,R03,testing,11,677,1,0.0,0.0,0.0,0.0
P3,R03,testing,11,678,1,0.0,0.0,0.0,0.0
P3,R03,testing,11,679,1,0.0,0.0,0.0,0.0
P3,R03,testing,11,680,1,0.0,0.0,0.0,0.0
P3,R03,testing,11,681,1,0.0,0.0,0.0,0.0
P3,R03,testing,11,682,1,0.0,0.0,0.0,0.0
P3,R03,testing,11,683,1,0.0,0.0,0.0,0.0
P3,R03,testing,11,684,1,0.0,0.0,0.0,0.0
P3,R03,testing,11,685,1,0.0,0.0,0.0,0.0
P3,R03,testing,11,686,1,0.0,0.0,0.0,0.0
P3,R03,testing,11,687,1,0.0,0.0,0.0,0.0
P3,R03,testing,11,688,1,0.0,0.0,0.0,0.0
P3,R03,testing,11,689,1,0.0,0.0,0.0,0.0
P3,R03,testing,11,690,1,0.0,0.0,0.0,0.0
P3,R03,testing,11,691,1,0.0,0.0,0.0,0.0
P3,R03,testing,11,692,1,0.0,0.0,0.0,0.0
P3,R03,testing,11,693,1,0.0,0.0,0.0,0.0
P3,R03,testing,11,694,1,0.0,0.0,0.0,0.0
P3,R03,testing,11,695,1,0.0,0.0,0.0,0.0
P3,R03,testing,11,696,1,0.0,0.0,0.0,0.0
P3,R03,testing,11,697,1,0.0,0.0,0.0,0.0
P3,R03,testing,11,698,1,0.0,0.0,0.0,0.0
P3,R03,testing,11,699,1,0.0,0.0,0.0,0.0
P3,R03,testing,11,700,1,0.0,0.0,0.0,0.0
P3,R03,testing,11,701,1,0.0,0.0,0.0,0.0
P3,R03,testing,11,702,1,0.0,0.0,0.0,0.0
P3,R03,testing,11,703,1,0.0,0.0,0.0,0.0
P3,R03,testing,11,704,1,0.0,0.0,0.0,0.0
P3,R03,testing,11,705,1,0.0,0.0,0.0,0.0
A,R04,testing,02,0,0,0.0,0.0,0.0,0.0
A,R04,testing,02,1,0,0.0,0.0,0.0,0.0
A,R04,testing,02,2,0,0.0,0.0,0.0,0.0
A,R04,testing,02,3,0,0.0,0.0,0.0,0.0
A,R04,testing,02,4,0,0.0,0.0,0.0,0.0
A,R04,testing,02,5,0,0.0,0.0,0.0,0.0
A,R04,testing,02,6,0,0.0,0.0,0.0,0.0
A,R04,testing,02,7,0,0.0,0.0,0.0,0.0
A,R04,testing,02,8,0,0.0,0.0,0.0,0.0
A,R04,testing,02,9,0,0.0,0.0,0.0,0.0
A,R04,testing,02,10,0,0.0,0.0,0.0,0.0
A,R04,testing,02,11,0,0.0,0.0,0.0,0.0
A,R04,testing,02,12,0,0.0,0.0,0.0,0.0
A,R04,testing,02,13,0,0.0,0.0,0.0,0.0
A,R04,testing,02,14,0,0.0,0.0,0.0,0.0
A,R04,testing,02,15,0,0.0,0.0,0.0,0.0
A,R04,testing,02,16,0,0.0,0.0,0.0,0.0
A,R04,testing,02,17,0,0.0,0.0,0.0,0.0
A,R04,testing,02,18,0,0.0,0.0,0.0,0.0
A,R04,testing,02,19,0,0.0,0.0,0.0,0.0
A,R04,testing,02,20,0,0.0,0.0,0.0,0.0
A,R04,testing,02,21,0,0.0,0.0,0.0,0.0
A,R04,testing,02,22,0,0.0,0.0,0.0,0.0
A,R04,testing,02,23,0,0.0,0.0,0.0,0.0
A,R04,testing,02,24,0,0.0,0.0,0.0,0.0
A,R04,testing,02,25,0,0.0,0.0,0.0,0.0
A,R04,testing,02,26,0,0.0,0.0,0.0,0.0
A,R04,testing,02,27,0,0.0,0.0,0.0,0.0
A,R04,testing,02,28,0,0.0,0.0,0.0,0.0
A,R04,testing,02,29,0,0.0,0.0,0.0,0.0
A,R04,testing,02,30,0,0.0,0.0,0.0,0.0
A,R04,testing,02,31,0,0.0,0.0,0.0,0.0
A,R04,testing,02,32,0,0.0,0.0,0.0,0.0
A,R04,testing,02,33,0,0.0,0.0,0.0,0.0
A,R04,testing,02,34,0,0.0,0.0,0.0,0.0
A,R04,testing,02,35,0,0.0,0.0,0.0,0.0
A,R04,testing,02,36,0,0.0,0.0,0.0,0.0
A,R04,testing,02,37,0,0.0,0.0,0.0,0.0
A,R04,testing,02,38,0,0.0,0.0,0.0,0.0
A,R04,testing,02,39,0,0.0,0.0,0.0,0.0
A,R04,testing,02,40,0,0.0,0.0,0.0,0.0
A,R04,testing,02,41,0,0.0,0.0,0.0,0.0
A,R04,testing,02,42,0,0.0,0.0,0.0,0.0
A,R04,testing,02,43,0,0.0,0.0,0.0,0.0
A,R04,testing,02,44,0,0.0,0.0,0.0,0.0
A,R04,testing,02,45,0,0.0,0.0,0.0,0.0
A,R04,testing,02,46,0,0.0,0.0,0.0,0.0
A,R04,testing,02,47,0,0.0,0.0,0.0,0.0
A,R04,testing,02,48,0,0.0,0.0,0.0,0.0
A,R04,testing,02,49,0,0.0,0.0,0.0,0.0
A,R04,testing,02,50,0,0.0,0.0,0.0,0.0
A,R04,testing,02,51,0,0.0,0.0,0.0,0.0
A,R04,testing,02,52,0,0.0,0.0,0.0,0.0
A,R04,testing,02,53,0,0.0,0.0,0.0,0.0
A,R04,testing,02,54,0,0.0,0.0,0.0,0.0
A,R04,testing,02,55,0,0.0,0.0,0.0,0.0
A,R04,testing,02,56,0,0.0,0.0,0.0,0.0
A,R04,testing,02,57,0,0.0,0.0,0.0,0.0
A,R04,testing,02,58,0,0.0,0.0,0.0,0.0
A,R04,testing,02,59,0,0.0,0.0,0.0,0.0
A,R04,testing,02,60,0,0.0,0.0,0.0,0.0
A,R04,testing,02,61,0,0.0,0.0,0.0,0.0
A,R04,testing,02,62,0,0.0,0.0,0.0,0.0
A,R04,testing,02,63,0,0.0,0.0,0.0,0.0
A,R04,testing,02,64,0,0.0,0.0,0.0,0.0
A,R04,testing,02,65,0,0.0,0.0,0.0,0.0
A,R04,testing,02,66,0,0.0,0.0,0.0,0.0
A,R04,testing,02,67,1,0.0,0.0,0.0,0.0
A,R04,testing,02,68,1,0.0,0.0,0.0,0.0
A,R04,testing,02,69,1,0.0,0.0,0.0,0.0
A,R04,testing,02,70,1,0.0,0.0,0.0,0.0
A,R04,testing,02,71,1,0.0,0.0,0.0,0.0
A,R04,testing,02,72,1,0.0,0.0,0.0,0.0
A,R04,testing,02,73,1,0.0,0.0,0.0,0.0
A,R04,testing,02,74,1,0.0,0.0,0.0,0.0
A,R04,testing,02,75,1,0.0,0.0,0.0,0.0
A,R04,testing,02,76,1,0.0,0.0,0.0,0.0
A,R04,testing,02,77,1,0.0,0.0,0.0,0.0
A,R04,testing,02,78,1,0.0,0.0,0.0,0.0
A,R04,testing,02,79,1,0.0,0.0,0.0,0.0
A,R04,testing,02,80,1,0.0,0.0,0.0,0.0
A,R04,testing,02,81,1,0.0,0.0,0.0,0.0
A,R04,testing,02,82,1,0.0,0.0,0.0,0.0
A,R04,testing,02,83,1,0.0,0.0,0.0,0.0
A,R04,testing,02,84,1,0.0,0.0,0.0,0.0
A,R04,testing,02,85,1,0.0,0.0,0.0,0.0
A,R04,testing,02,86,1,0.0,0.0,0.0,0.0
A,R04,testing,02,87,1,0.0,0.0,0.0,0.0
A,R04,testing,02,88,1,0.0,0.0,0.0,0.0
A,R04,testing,02,89,1,0.0,0.0,0.0,0.0
A,R04,testing,02,90,1,0.0,0.0,0.0,0.0
A,R04,testing,02,91,1,0.0,0.0,0.0,0.0
A,R04,testing,02,92,1,0.0,0.0,0.0,0.0
A,R04,testing,02,93,1,0.0,0.0,0.0,0.0
A,R04,testing,02,94,1,0.0,0.0,0.0,0.0
A,R04,testing,02,95,1,0.0,0.0,0.0,0.0
A,R04,testing,02,96,1,0.0,0.0,0.0,0.0
A,R04,testing,02,97,1,0.0,0.0,0.0,0.0
A,R04,testing,02,98,1,0.0,0.0,0.0,0.0
A,R04,testing,02,99,1,0.0,0.0,0.0,0.0
A,R04,testing,02,100,1,0.0,0.0,0.0,0.0
A,R04,testing,02,101,1,0.0,0.0,0.0,0.0
A,R04,testing,02,102,1,0.0,0.0,0.0,0.0
A,R04,testing,02,103,1,0.0,0.0,0.0,0.0
A,R04,testing,02,104,1,0.0,0.0,0.0,0.0
A,R04,testing,02,105,1,0.0,0.0,0.0,0.0
A,R04,testing,02,106,1,0.0,0.0,0.0,0.0
A,R04,testing,02,107,1,0.0,0.0,0.0,0.0
A,R04,testing,02,108,1,0.0,0.0,0.0,0.0
A,R04,testing,02,109,1,0.0,0.0,0.0,0.0
A,R04,testing,02,110,1,0.0,0.0,0.0,0.0
A,R04,testing,02,111,1,0.0,0.0,0.0,0.0
A,R04,testing,02,112,1,0.0,0.0,0.0,0.0
A,R04,testing,02,113,1,0.0,0.0,0.0,0.0
A,R04,testing,02,114,1,0.0,0.0,0.0,0.0
A,R04,testing,02,115,1,0.0,0.0,0.0,0.0
A,R04,testing,02,116,1,0.0,0.0,0.0,0.0
A,R04,testing,02,117,1,0.0,0.0,0.0,0.0
A,R04,testing,02,118,1,0.0,0.0,0.0,0.0
A,R04,testing,02,119,1,0.0,0.0,0.0,0.0
A,R04,testing,02,120,1,0.0,0.0,0.0,0.0
A,R04,testing,02,121,1,0.0,0.0,0.0,0.0
A,R04,testing,02,122,1,0.0,0.0,0.0,0.0
A,R04,testing,02,123,1,0.0,0.0,0.0,0.0
A,R04,testing,02,124,1,0.0,0.0,0.0,0.0
A,R04,testing,02,125,1,0.0,0.0,0.0,0.0
A,R04,testing,02,126,1,0.0,0.0,0.0,0.0
A,R04,testing,02,127,1,0.0,0.0,0.0,0.0
A,R04,testing,02,128,1,0.0,0.0,0.0,0.0
A,R04,testing,02,129,1,0.0,0.0,0.0,0.0
A,R04,testing,02,130,1,0.0,0.0,0.0,0.0
A,R04,testing,02,131,1,0.0,0.0,0.0,0.0
A,R04,testing,02,132,1,0.0,0.0,0.0,0.0
A,R04,testing,02,133,1,0.0,0.0,0.0,0.0
A,R04,testing,02,134,1,0.0,0.0,0.0,0.0
A,R04,testing,02,135,1,0.0,0.0,0.0,0.0
A,R04,testing,02,136,1,0.0,0.0,0.0,0.0
A,R04,testing,02,137,1,0.0,0.0,0.0,0.0
A,R04,testing,02,138,1,0.0,0.0,0.0,0.0
A,R04,testing,02,139,1,0.0,0.0,0.0,0.0
A,R04,testing,02,140,1,0.0,0.0,0.0,0.0
A,R04,testing,02,141,1,0.0,0.0,0.0,0.0
A,R04,testing,02,142,1,0.0,0.0,0.0,0.0
A,R04,testing,02,143,1,0.0,0.0,0.0,0.0
A,R04,testing,02,144,1,0.0,0.0,0.0,0.0
A,R04,testing,02,145,1,0.0,0.0,0.0,0.0
A,R04,testing,02,146,1,0.0,0.0,0.0,0.0
A,R04,testing,02,147,1,0.0,0.0,0.0,0.0
A,R04,testing,02,148,1,0.0,0.0,0.0,0.0
A,R04,testing,02,149,1,0.0,0.0,0.0,0.0
A,R04,testing,02,150,1,0.0,0.0,0.0,0.0
A,R04,testing,02,151,1,0.0,0.0,0.0,0.0
A,R04,testing,02,152,1,0.0,0.0,0.0,0.0
A,R04,testing,02,153,1,0.0,0.0,0.0,0.0
A,R04,testing,02,154,1,0.0,0.0,0.0,0.0
A,R04,testing,02,155,1,0.0,0.0,0.0,0.0
A,R04,testing,02,156,1,0.0,0.0,0.0,0.0
A,R04,testing,02,157,1,0.0,0.0,0.0,0.0
A,R04,testing,02,158,1,0.0,0.0,0.0,0.0
A,R04,testing,02,159,1,0.0,0.0,0.0,0.0
A,R04,testing,02,160,1,0.0,0.0,0.0,0.0
A,R04,testing,02,161,1,0.0,0.0,0.0,0.0
A,R04,testing,02,162,1,0.0,0.0,0.0,0.0
A,R04,testing,02,163,1,0.0,0.0,0.0,0.0
A,R04,testing,02,164,1,0.0,0.0,0.0,0.0
A,R04,testing,02,165,1,0.0,0.0,0.0,0.0
A,R04,testing,02,166,1,0.0,0.0,0.0,0.0
A,R04,testing,02,167,1,0.0,0.0,0.0,0.0
A,R04,testing,02,168,1,0.0,0.0,0.0,0.0
A,R04,testing,02,169,1,0.0,0.0,0.0,0.0
A,R04,testing,02,170,1,0.0,0.0,0.0,0.0
A,R04,testing,02,171,1,0.0,0.0,0.0,0.0
A,R04,testing,02,172,1,0.0,0.0,0.0,0.0
A,R04,testing,02,173,1,0.0,0.0,0.0,0.0
A,R04,testing,02,174,1,0.0,0.0,0.0,0.0
A,R04,testing,02,175,1,0.0,0.0,0.0,0.0
A,R04,testing,02,176,1,0.0,0.0,0.0,0.0
A,R04,testing,02,177,1,0.0,0.0,0.0,0.0
A,R04,testing,02,178,1,0.0,0.0,0.0,0.0
A,R04,testing,02,179,1,0.0,0.0,0.0,0.0
A,R04,testing,02,180,1,0.0,0.0,0.0,0.0
A,R04,testing,02,181,1,0.0,0.0,0.0,0.0
A,R04,testing,02,182,1,0.0,0.0,0.0,0.0
A,R04,testing,02,183,1,0.0,0.0,0.0,0.0
A,R04,testing,02,184,1,0.0,0.0,0.0,0.0
A,R04,testing,02,185,1,0.0,0.0,0.0,0.0
A,R04,testing,02,186,1,0.0,0.0,0.0,0.0
A,R04,testing,02,187,1,0.0,0.0,0.0,0.0
A,R04,testing,02,188,1,0.0,0.0,0.0,0.0
A,R04,testing,02,189,1,0.0,0.0,0.0,0.0
A,R04,testing,02,190,1,0.0,0.0,0.0,0.0
A,R04,testing,02,191,1,0.0,0.0,0.0,0.0
A,R04,testing,02,192,1,0.0,0.0,0.0,0.0
A,R04,testing,02,193,1,0.0,0.0,0.0,0.0
A,R04,testing,02,194,1,0.0,0.0,0.0,0.0
A,R04,testing,02,195,1,0.0,0.0,0.0,0.0
A,R04,testing,02,196,1,0.0,0.0,0.0,0.0
A,R04,testing,02,197,1,0.0,0.0,0.0,0.0
A,R04,testing,02,198,1,0.0,0.0,0.0,0.0
A,R04,testing,02,199,1,0.0,0.0,0.0,0.0
A,R04,testing,02,200,1,0.0,0.0,0.0,0.0
A,R04,testing,02,201,1,0.0,0.0,0.0,0.0
A,R04,testing,02,202,1,0.0,0.0,0.0,0.0
A,R04,testing,02,203,1,0.0,0.0,0.0,0.0
A,R04,testing,02,204,1,0.0,0.0,0.0,0.0
A,R04,testing,02,205,1,0.0,0.0,0.0,0.0
A,R04,testing,02,206,1,0.0,0.0,0.0,0.0
A,R04,testing,02,207,1,0.0,0.0,0.0,0.0
A,R04,testing,02,208,1,0.0,0.0,0.0,0.0
A,R04,testing,02,209,1,0.0,0.0,0.0,0.0
A,R04,testing,02,210,1,0.0,0.0,0.0,0.0
A,R04,testing,02,211,1,0.0,0.0,0.0,0.0
A,R04,testing,02,212,1,0.0,0.0,0.0,0.0
A,R04,testing,02,213,1,0.0,0.0,0.0,0.0
A,R04,testing,02,214,1,0.0,0.0,0.0,0.0
A,R04,testing,02,215,1,0.0,0.0,0.0,0.0
A,R04,testing,02,216,1,0.0,0.0,0.0,0.0
A,R04,testing,02,217,1,0.0,0.0,0.0,0.0
A,R04,testing,02,218,1,0.0,0.0,0.0,0.0
A,R04,testing,02,219,1,0.0,0.0,0.0,0.0
A,R04,testing,02,220,1,0.0,0.0,0.0,0.0
A,R04,testing,02,221,1,0.0,0.0,0.0,0.0
A,R04,testing,02,222,1,0.0,0.0,0.0,0.0
A,R04,testing,02,223,1,0.0,0.0,0.0,0.0
A,R04,testing,02,224,1,0.0,0.0,0.0,0.0
A,R04,testing,02,225,1,0.0,0.0,0.0,0.0
A,R04,testing,02,226,1,0.0,0.0,0.0,0.0
A,R04,testing,02,227,1,0.0,0.0,0.0,0.0
A,R04,testing,02,228,1,0.0,0.0,0.0,0.0
A,R04,testing,02,229,1,0.0,0.0,0.0,0.0
A,R04,testing,02,230,1,0.0,0.0,0.0,0.0
A,R04,testing,02,231,1,0.0,0.0,0.0,0.0
A,R04,testing,02,232,1,0.0,0.0,0.0,0.0
A,R04,testing,02,233,1,0.0,0.0,0.0,0.0
A,R04,testing,02,234,1,0.0,0.0,0.0,0.0
A,R04,testing,02,235,1,0.0,0.0,0.0,0.0
A,R04,testing,02,236,1,0.0,0.0,0.0,0.0
A,R04,testing,02,237,1,0.0,0.0,0.0,0.0
A,R04,testing,02,238,1,0.0,0.0,0.0,0.0
A,R04,testing,02,239,1,0.0,0.0,0.0,0.0
A,R04,testing,02,240,1,0.0,0.0,0.0,0.0
A,R04,testing,02,241,1,0.0,0.0,0.0,0.0
A,R04,testing,02,242,1,0.0,0.0,0.0,0.0
A,R04,testing,02,243,1,0.0,0.0,0.0,0.0
A,R04,testing,02,244,1,0.0,0.0,0.0,0.0
A,R04,testing,02,245,1,0.0,0.0,0.0,0.0
A,R04,testing,02,246,1,0.0,0.0,0.0,0.0
A,R04,testing,02,247,1,0.0,0.0,0.0,0.0
A,R04,testing,02,248,1,0.0,0.0,0.0,0.0
A,R04,testing,02,249,1,0.0,0.0,0.0,0.0
A,R04,testing,02,250,1,0.0,0.0,0.0,0.0
A,R04,testing,02,251,1,0.0,0.0,0.0,0.0
A,R04,testing,02,252,1,0.0,0.0,0.0,0.0
A,R04,testing,02,253,1,0.0,0.0,0.0,0.0
A,R04,testing,02,254,1,0.0,0.0,0.0,0.0
A,R04,testing,02,255,1,0.0,0.0,0.0,0.0
A,R04,testing,02,256,1,0.0,0.0,0.0,0.0
A,R04,testing,02,257,1,0.0,0.0,0.0,0.0
A,R04,testing,02,258,1,0.0,0.0,0.0,0.0
A,R04,testing,02,259,1,0.0,0.0,0.0,0.0
A,R04,testing,02,260,1,0.0,0.0,0.0,0.0
A,R04,testing,02,261,1,0.0,0.0,0.0,0.0
A,R04,testing,02,262,1,0.0,0.0,0.0,0.0
A,R04,testing,02,263,1,0.0,0.0,0.0,0.0
A,R04,testing,02,264,1,0.0,0.0,0.0,0.0
A,R04,testing,02,265,1,0.0,0.0,0.0,0.0
A,R04,testing,02,266,1,0.0,0.0,0.0,0.0
A,R04,testing,02,267,1,0.0,0.0,0.0,0.0
A,R04,testing,02,268,1,0.0,0.0,0.0,0.0
A,R04,testing,02,269,1,0.0,0.0,0.0,0.0
A,R04,testing,02,270,1,0.0,0.0,0.0,0.0
A,R04,testing,02,271,1,0.0,0.0,0.0,0.0
A,R04,testing,02,272,1,0.0,0.0,0.0,0.0
A,R04,testing,02,273,1,0.0,0.0,0.0,0.0
A,R04,testing,02,274,1,0.0,0.0,0.0,0.0
A,R04,testing,02,275,1,0.0,0.0,0.0,0.0
A,R04,testing,02,276,1,0.0,0.0,0.0,0.0
A,R04,testing,02,277,1,0.0,0.0,0.0,0.0
A,R04,testing,02,278,1,0.0,0.0,0.0,0.0
A,R04,testing,02,279,1,0.0,0.0,0.0,0.0
A,R04,testing,02,280,1,0.0,0.0,0.0,0.0
A,R04,testing,02,281,1,0.0,0.0,0.0,0.0
A,R04,testing,02,282,1,0.0,0.0,0.0,0.0
A,R04,testing,02,283,1,0.0,0.0,0.0,0.0
A,R04,testing,02,284,1,0.0,0.0,0.0,0.0
A,R04,testing,02,285,1,0.0,0.0,0.0,0.0
A,R04,testing,02,286,1,0.0,0.0,0.0,0.0
A,R04,testing,02,287,1,0.0,0.0,0.0,0.0
A,R04,testing,02,288,1,0.0,0.0,0.0,0.0
A,R04,testing,02,289,1,0.0,0.0,0.0,0.0
A,R04,testing,02,290,1,0.0,0.0,0.0,0.0
A,R04,testing,02,291,1,0.0,0.0,0.0,0.0
A,R04,testing,02,292,1,0.0,0.0,0.0,0.0
A,R04,testing,02,293,1,0.0,0.0,0.0,0.0
A,R04,testing,02,294,1,0.0,0.0,0.0,0.0
A,R04,testing,02,295,1,0.0,0.0,0.0,0.0
A,R04,testing,02,296,1,0.0,0.0,0.0,0.0
A,R04,testing,02,297,1,0.0,0.0,0.0,0.0
A,R04,testing,02,298,1,0.0,0.0,0.0,0.0
A,R04,testing,02,299,1,0.0,0.0,0.0,0.0
A,R04,testing,02,300,1,0.0,0.0,0.0,0.0
A,R04,testing,02,301,1,0.0,0.0,0.0,0.0
A,R04,testing,02,302,1,0.0,0.0,0.0,0.0
A,R04,testing,02,303,1,0.0,0.0,0.0,0.0
A,R04,testing,02,304,1,0.0,0.0,0.0,0.0
A,R04,testing,02,305,1,0.0,0.0,0.0,0.0
A,R04,testing,02,306,1,0.0,0.0,0.0,0.0
A,R04,testing,02,307,1,0.0,0.0,0.0,0.0
A,R04,testing,02,308,1,0.0,0.0,0.0,0.0
A,R04,testing,02,309,1,0.0,0.0,0.0,0.0
A,R04,testing,02,310,1,0.0,0.0,0.0,0.0
A,R04,testing,02,311,1,0.0,0.0,0.0,0.0
A,R04,testing,02,312,1,0.0,0.0,0.0,0.0
A,R04,testing,02,313,1,0.0,0.0,0.0,0.0
A,R04,testing,02,314,1,0.0,0.0,0.0,0.0
A,R04,testing,02,315,1,0.0,0.0,0.0,0.0
A,R04,testing,02,316,1,0.0,0.0,0.0,0.0
A,R04,testing,02,317,1,0.0,0.0,0.0,0.0
A,R04,testing,02,318,1,0.0,0.0,0.0,0.0
A,R04,testing,02,319,1,0.0,0.0,0.0,0.0
A,R04,testing,02,320,1,0.0,0.0,0.0,0.0
A,R04,testing,02,321,1,0.0,0.0,0.0,0.0
A,R04,testing,02,322,1,0.0,0.0,0.0,0.0
A,R04,testing,02,323,1,0.0,0.0,0.0,0.0
A,R04,testing,02,324,1,0.0,0.0,0.0,0.0
A,R04,testing,02,325,1,0.0,0.0,0.0,0.0
A,R04,testing,02,326,1,0.0,0.0,0.0,0.0
A,R04,testing,02,327,1,0.0,0.0,0.0,0.0
A,R04,testing,02,328,1,0.0,0.0,0.0,0.0
A,R04,testing,02,329,1,0.0,0.0,0.0,0.0
A,R04,testing,02,330,1,0.0,0.0,0.0,0.0
A,R04,testing,02,331,1,0.0,0.0,0.0,0.0
A,R04,testing,02,332,1,0.0,0.0,0.0,0.0
A,R04,testing,02,333,1,0.0,0.0,0.0,0.0
A,R04,testing,02,334,1,0.0,0.0,0.0,0.0
A,R04,testing,02,335,1,0.0,0.0,0.0,0.0
A,R04,testing,02,336,1,0.0,0.0,0.0,0.0
A,R04,testing,02,337,1,0.0,0.0,0.0,0.0
A,R04,testing,02,338,1,0.0,0.0,0.0,0.0
A,R04,testing,02,339,1,0.0,0.0,0.0,0.0
A,R04,testing,02,340,1,0.0,0.0,0.0,0.0
A,R04,testing,02,341,1,0.0,0.0,0.0,0.0
A,R04,testing,02,342,1,0.0,0.0,0.0,0.0
A,R04,testing,02,343,1,0.0,0.0,0.0,0.0
A,R04,testing,02,344,1,0.0,0.0,0.0,0.0
A,R04,testing,02,345,1,0.0,0.0,0.0,0.0
A,R04,testing,02,346,1,0.0,0.0,0.0,0.0
A,R04,testing,02,347,1,0.0,0.0,0.0,0.0
A,R04,testing,02,348,1,0.0,0.0,0.0,0.0
A,R04,testing,02,349,1,0.0,0.0,0.0,0.0
A,R04,testing,02,350,1,0.0,0.0,0.0,0.0
A,R04,testing,02,351,1,0.0,0.0,0.0,0.0
A,R04,testing,02,352,1,0.0,0.0,0.0,0.0
A,R04,testing,02,353,0,0.0,0.0,0.0,0.0
A,R04,testing,02,354,0,0.0,0.0,0.0,0.0
A,R04,testing,02,355,0,0.0,0.0,0.0,0.0
A,R04,testing,02,356,0,0.0,0.0,0.0,0.0
A,R04,testing,02,357,0,0.0,0.0,0.0,0.0
A,R04,testing,02,358,0,0.0,0.0,0.0,0.0
A,R04,testing,02,359,0,0.0,0.0,0.0,0.0
A,R04,testing,02,360,0,0.0,0.0,0.0,0.0
A,R04,testing,02,361,0,0.0,0.0,0.0,0.0
A,R04,testing,02,362,0,0.0,0.0,0.0,0.0
A,R04,testing,02,363,0,0.0,0.0,0.0,0.0
A,R04,testing,02,364,0,0.0,0.0,0.0,0.0
A,R04,testing,02,365,0,0.0,0.0,0.0,0.0
A,R04,testing,02,366,0,0.0,0.0,0.0,0.0
A,R04,testing,02,367,0,0.0,0.0,0.0,0.0
A,R04,testing,02,368,0,0.0,0.0,0.0,0.0
A,R04,testing,02,369,0,0.0,0.0,0.0,0.0
A,R04,testing,02,370,0,0.0,0.0,0.0,0.0
A,R04,testing,02,371,0,0.0,0.0,0.0,0.0
A,R04,testing,02,372,0,0.0,0.0,0.0,0.0
A,R04,testing,02,373,0,0.0,0.0,0.0,0.0
A,R04,testing,02,374,0,0.0,0.0,0.0,0.0
A,R04,testing,02,375,0,0.0,0.0,0.0,0.0
A,R04,testing,02,376,0,0.0,0.0,0.0,0.0
A,R04,testing,02,377,0,0.0,0.0,0.0,0.0
A,R04,testing,02,378,0,0.0,0.0,0.0,0.0
A,R04,testing,02,379,0,0.0,0.0,0.0,0.0
A,R04,testing,02,380,0,0.0,0.0,0.0,0.0
A,R04,testing,02,381,0,0.0,0.0,0.0,0.0
A,R04,testing,02,382,0,0.0,0.0,0.0,0.0
A,R04,testing,02,383,0,0.0,0.0,0.0,0.0
A,R04,testing,02,384,0,0.0,0.0,0.0,0.0
A,R04,testing,02,385,0,0.0,0.0,0.0,0.0
A,R04,testing,02,386,0,0.0,0.0,0.0,0.0
A,R04,testing,02,387,0,0.0,0.0,0.0,0.0
A,R04,testing,02,388,0,0.0,0.0,0.0,0.0
A,R04,testing,02,389,0,0.0,0.0,0.0,0.0
A,R04,testing,02,390,0,0.0,0.0,0.0,0.0
A,R04,testing,02,391,0,0.0,0.0,0.0,0.0
A,R04,testing,02,392,0,0.0,0.0,0.0,0.0
A,R04,testing,02,393,0,0.0,0.0,0.0,0.0
A,R04,testing,02,394,0,0.0,0.0,0.0,0.0
A,R04,testing,02,395,0,0.0,0.0,0.0,0.0
A,R04,testing,02,396,0,0.0,0.0,0.0,0.0
A,R04,testing,02,397,0,0.0,0.0,0.0,0.0
B,R04,testing,02,0,0,0.0,0.0,0.0,0.0
B,R04,testing,02,1,0,0.0,0.0,0.0,0.0
B,R04,testing,02,2,0,0.0,0.0,0.0,0.0
B,R04,testing,02,3,0,0.0,0.0,0.0,0.0
B,R04,testing,02,4,0,0.0,0.0,0.0,0.0
B,R04,testing,02,5,0,0.0,0.0,0.0,0.0
B,R04,testing,02,6,0,0.0,0.0,0.0,0.0
B,R04,testing,02,7,0,0.0,0.0,0.0,0.0
B,R04,testing,02,8,0,0.0,0.0,0.0,0.0
B,R04,testing,02,9,0,0.0,0.0,0.0,0.0
B,R04,testing,02,10,0,0.0,0.0,0.0,0.0
B,R04,testing,02,11,0,0.0,0.0,0.0,0.0
B,R04,testing,02,12,0,0.0,0.0,0.0,0.0
B,R04,testing,02,13,0,0.0,0.0,0.0,0.0
B,R04,testing,02,14,0,0.0,0.0,0.0,0.0
B,R04,testing,02,15,0,0.0,0.0,0.0,0.0
B,R04,testing,02,16,0,0.0,0.0,0.0,0.0
B,R04,testing,02,17,0,0.0,0.0,0.0,0.0
B,R04,testing,02,18,0,0.0,0.0,0.0,0.0
B,R04,testing,02,19,0,0.0,0.0,0.0,0.0
B,R04,testing,02,20,0,0.0,0.0,0.0,0.0
B,R04,testing,02,21,0,0.0,0.0,0.0,0.0
B,R04,testing,02,22,0,0.0,0.0,0.0,0.0
B,R04,testing,02,23,0,0.0,0.0,0.0,0.0
B,R04,testing,02,24,0,0.0,0.0,0.0,0.0
B,R04,testing,02,25,0,0.0,0.0,0.0,0.0
B,R04,testing,02,26,0,0.0,0.0,0.0,0.0
B,R04,testing,02,27,0,0.0,0.0,0.0,0.0
B,R04,testing,02,28,0,0.0,0.0,0.0,0.0
B,R04,testing,02,29,0,0.0,0.0,0.0,0.0
B,R04,testing,02,30,0,0.0,0.0,0.0,0.0
B,R04,testing,02,31,0,0.0,0.0,0.0,0.0
B,R04,testing,02,32,0,0.0,0.0,0.0,0.0
B,R04,testing,02,33,0,0.0,0.0,0.0,0.0
B,R04,testing,02,34,0,0.0,0.0,0.0,0.0
B,R04,testing,02,35,0,0.0,0.0,0.0,0.0
B,R04,testing,02,36,0,0.0,0.0,0.0,0.0
B,R04,testing,02,37,0,0.0,0.0,0.0,0.0
B,R04,testing,02,38,0,0.0,0.0,0.0,0.0
B,R04,testing,02,39,0,0.0,0.0,0.0,0.0
B,R04,testing,02,40,0,0.0,0.0,0.0,0.0
B,R04,testing,02,41,0,0.0,0.0,0.0,0.0
B,R04,testing,02,42,0,0.0,0.0,0.0,0.0
B,R04,testing,02,43,0,0.0,0.0,0.0,0.0
B,R04,testing,02,44,0,0.0,0.0,0.0,0.0
B,R04,testing,02,45,0,0.0,0.0,0.0,0.0
B,R04,testing,02,46,0,0.0,0.0,0.0,0.0
B,R04,testing,02,47,0,0.0,0.0,0.0,0.0
B,R04,testing,02,48,0,0.0,0.0,0.0,0.0
B,R04,testing,02,49,0,0.0,0.0,0.0,0.0
B,R04,testing,02,50,0,0.0,0.0,0.0,0.0
B,R04,testing,02,51,0,0.0,0.0,0.0,0.0
B,R04,testing,02,52,0,0.0,0.0,0.0,0.0
B,R04,testing,02,53,0,0.0,0.0,0.0,0.0
B,R04,testing,02,54,0,0.0,0.0,0.0,0.0
B,R04,testing,02,55,0,0.0,0.0,0.0,0.0
B,R04,testing,02,56,0,0.0,0.0,0.0,0.0
B,R04,testing,02,57,0,0.0,0.0,0.0,0.0
B,R04,testing,02,58,0,0.0,0.0,0.0,0.0
B,R04,testing,02,59,0,0.0,0.0,0.0,0.0
B,R04,testing,02,60,0,0.0,0.0,0.0,0.0
B,R04,testing,02,61,0,0.0,0.0,0.0,0.0
B,R04,testing,02,62,0,0.0,0.0,0.0,0.0
B,R04,testing,02,63,0,0.0,0.0,0.0,0.0
B,R04,testing,02,64,0,0.0,0.0,0.0,0.0
B,R04,testing,02,65,0,0.0,0.0,0.0,0.0
B,R04,testing,02,66,0,0.0,0.0,0.0,0.0
B,R04,testing,02,67,1,0.0,0.0,0.0,0.0
B,R04,testing,02,68,1,0.0,0.0,0.0,0.0
B,R04,testing,02,69,1,0.0,0.0,0.0,0.0
B,R04,testing,02,70,1,0.0,0.0,0.0,0.0
B,R04,testing,02,71,1,0.0,0.0,0.0,0.0
B,R04,testing,02,72,1,0.0,0.0,0.0,0.0
B,R04,testing,02,73,1,0.0,0.0,0.0,0.0
B,R04,testing,02,74,1,0.0,0.0,0.0,0.0
B,R04,testing,02,75,1,0.0,0.0,0.0,0.0
B,R04,testing,02,76,1,0.0,0.0,0.0,0.0
B,R04,testing,02,77,1,0.0,0.0,0.0,0.0
B,R04,testing,02,78,1,0.0,0.0,0.0,0.0
B,R04,testing,02,79,1,0.0,0.0,0.0,0.0
B,R04,testing,02,80,1,0.0,0.0,0.0,0.0
B,R04,testing,02,81,1,0.0,0.0,0.0,0.0
B,R04,testing,02,82,1,0.0,0.0,0.0,0.0
B,R04,testing,02,83,1,0.0,0.0,0.0,0.0
B,R04,testing,02,84,1,0.0,0.0,0.0,0.0
B,R04,testing,02,85,1,0.0,0.0,0.0,0.0
B,R04,testing,02,86,1,0.0,0.0,0.0,0.0
B,R04,testing,02,87,1,0.0,0.0,0.0,0.0
B,R04,testing,02,88,1,0.0,0.0,0.0,0.0
B,R04,testing,02,89,1,0.0,0.0,0.0,0.0
B,R04,testing,02,90,1,0.0,0.0,0.0,0.0
B,R04,testing,02,91,1,0.0,0.0,0.0,0.0
B,R04,testing,02,92,1,0.0,0.0,0.0,0.0
B,R04,testing,02,93,1,0.0,0.0,0.0,0.0
B,R04,testing,02,94,1,0.0,0.0,0.0,0.0
B,R04,testing,02,95,1,0.0,0.0,0.0,0.0
B,R04,testing,02,96,1,0.0,0.0,0.0,0.0
B,R04,testing,02,97,1,0.0,0.0,0.0,0.0
B,R04,testing,02,98,1,0.0,0.0,0.0,0.0
B,R04,testing,02,99,1,0.0,0.0,0.0,0.0
B,R04,testing,02,100,1,0.0,0.0,0.0,0.0
B,R04,testing,02,101,1,0.0,0.0,0.0,0.0
B,R04,testing,02,102,1,0.0,0.0,0.0,0.0
B,R04,testing,02,103,1,0.0,0.0,0.0,0.0
B,R04,testing,02,104,1,0.0,0.0,0.0,0.0
B,R04,testing,02,105,1,0.0,0.0,0.0,0.0
B,R04,testing,02,106,1,0.0,0.0,0.0,0.0
B,R04,testing,02,107,1,0.0,0.0,0.0,0.0
B,R04,testing,02,108,1,0.0,0.0,0.0,0.0
B,R04,testing,02,109,1,0.0,0.0,0.0,0.0
B,R04,testing,02,110,1,0.0,0.0,0.0,0.0
B,R04,testing,02,111,1,0.0,0.0,0.0,0.0
B,R04,testing,02,112,1,0.0,0.0,0.0,0.0
B,R04,testing,02,113,1,0.0,0.0,0.0,0.0
B,R04,testing,02,114,1,0.0,0.0,0.0,0.0
B,R04,testing,02,115,1,0.0,0.0,0.0,0.0
B,R04,testing,02,116,1,0.0,0.0,0.0,0.0
B,R04,testing,02,117,1,0.0,0.0,0.0,0.0
B,R04,testing,02,118,1,0.0,0.0,0.0,0.0
B,R04,testing,02,119,1,0.0,0.0,0.0,0.0
B,R04,testing,02,120,1,0.0,0.0,0.0,0.0
B,R04,testing,02,121,1,0.0,0.0,0.0,0.0
B,R04,testing,02,122,1,0.0,0.0,0.0,0.0
B,R04,testing,02,123,1,0.0,0.0,0.0,0.0
B,R04,testing,02,124,1,0.0,0.0,0.0,0.0
B,R04,testing,02,125,1,0.0,0.0,0.0,0.0
B,R04,testing,02,126,1,0.0,0.0,0.0,0.0
B,R04,testing,02,127,1,0.0,0.0,0.0,0.0
B,R04,testing,02,128,1,0.0,0.0,0.0,0.0
B,R04,testing,02,129,1,0.0,0.0,0.0,0.0
B,R04,testing,02,130,1,0.0,0.0,0.0,0.0
B,R04,testing,02,131,1,0.0,0.0,0.0,0.0
B,R04,testing,02,132,1,0.0,0.0,0.0,0.0
B,R04,testing,02,133,1,0.0,0.0,0.0,0.0
B,R04,testing,02,134,1,0.0,0.0,0.0,0.0
B,R04,testing,02,135,1,0.0,0.0,0.0,0.0
B,R04,testing,02,136,1,0.0,0.0,0.0,0.0
B,R04,testing,02,137,1,0.0,0.0,0.0,0.0
B,R04,testing,02,138,1,0.0,0.0,0.0,0.0
B,R04,testing,02,139,1,0.0,0.0,0.0,0.0
B,R04,testing,02,140,1,0.0,0.0,0.0,0.0
B,R04,testing,02,141,1,0.0,0.0,0.0,0.0
B,R04,testing,02,142,1,0.0,0.0,0.0,0.0
B,R04,testing,02,143,1,0.0,0.0,0.0,0.0
B,R04,testing,02,144,1,0.0,0.0,0.0,0.0
B,R04,testing,02,145,1,0.0,0.0,0.0,0.0
B,R04,testing,02,146,1,0.0,0.0,0.0,0.0
B,R04,testing,02,147,1,0.0,0.0,0.0,0.0
B,R04,testing,02,148,1,0.0,0.0,0.0,0.0
B,R04,testing,02,149,1,0.0,0.0,0.0,0.0
B,R04,testing,02,150,1,0.0,0.0,0.0,0.0
B,R04,testing,02,151,1,0.0,0.0,0.0,0.0
B,R04,testing,02,152,1,0.0,0.0,0.0,0.0
B,R04,testing,02,153,1,0.0,0.0,0.0,0.0
B,R04,testing,02,154,1,0.0,0.0,0.0,0.0
B,R04,testing,02,155,1,0.0,0.0,0.0,0.0
B,R04,testing,02,156,1,0.0,0.0,0.0,0.0
B,R04,testing,02,157,1,0.0,0.0,0.0,0.0
B,R04,testing,02,158,1,0.0,0.0,0.0,0.0
B,R04,testing,02,159,1,0.0,0.0,0.0,0.0
B,R04,testing,02,160,1,0.0,0.0,0.0,0.0
B,R04,testing,02,161,1,0.0,0.0,0.0,0.0
B,R04,testing,02,162,1,0.0,0.0,0.0,0.0
B,R04,testing,02,163,1,0.0,0.0,0.0,0.0
B,R04,testing,02,164,1,0.0,0.0,0.0,0.0
B,R04,testing,02,165,1,0.0,0.0,0.0,0.0
B,R04,testing,02,166,1,0.0,0.0,0.0,0.0
B,R04,testing,02,167,1,0.0,0.0,0.0,0.0
B,R04,testing,02,168,1,0.0,0.0,0.0,0.0
B,R04,testing,02,169,1,0.0,0.0,0.0,0.0
B,R04,testing,02,170,1,0.0,0.0,0.0,0.0
B,R04,testing,02,171,1,0.0,0.0,0.0,0.0
B,R04,testing,02,172,1,0.0,0.0,0.0,0.0
B,R04,testing,02,173,1,0.0,0.0,0.0,0.0
B,R04,testing,02,174,1,0.0,0.0,0.0,0.0
B,R04,testing,02,175,1,0.0,0.0,0.0,0.0
B,R04,testing,02,176,1,0.0,0.0,0.0,0.0
B,R04,testing,02,177,1,0.0,0.0,0.0,0.0
B,R04,testing,02,178,1,0.0,0.0,0.0,0.0
B,R04,testing,02,179,1,0.0,0.0,0.0,0.0
B,R04,testing,02,180,1,0.0,0.0,0.0,0.0
B,R04,testing,02,181,1,0.0,0.0,0.0,0.0
B,R04,testing,02,182,1,0.0,0.0,0.0,0.0
B,R04,testing,02,183,1,0.0,0.0,0.0,0.0
B,R04,testing,02,184,1,0.0,0.0,0.0,0.0
B,R04,testing,02,185,1,0.0,0.0,0.0,0.0
B,R04,testing,02,186,1,0.0,0.0,0.0,0.0
B,R04,testing,02,187,1,0.0,0.0,0.0,0.0
B,R04,testing,02,188,1,0.0,0.0,0.0,0.0
B,R04,testing,02,189,1,0.0,0.0,0.0,0.0
B,R04,testing,02,190,1,0.0,0.0,0.0,0.0
B,R04,testing,02,191,1,0.0,0.0,0.0,0.0
B,R04,testing,02,192,1,0.0,0.0,0.0,0.0
B,R04,testing,02,193,1,0.0,0.0,0.0,0.0
B,R04,testing,02,194,1,0.0,0.0,0.0,0.0
B,R04,testing,02,195,1,0.0,0.0,0.0,0.0
B,R04,testing,02,196,1,0.0,0.0,0.0,0.0
B,R04,testing,02,197,1,0.0,0.0,0.0,0.0
B,R04,testing,02,198,1,0.0,0.0,0.0,0.0
B,R04,testing,02,199,1,0.0,0.0,0.0,0.0
B,R04,testing,02,200,1,0.0,0.0,0.0,0.0
B,R04,testing,02,201,1,0.0,0.0,0.0,0.0
B,R04,testing,02,202,1,0.0,0.0,0.0,0.0
B,R04,testing,02,203,1,0.0,0.0,0.0,0.0
B,R04,testing,02,204,1,0.0,0.0,0.0,0.0
B,R04,testing,02,205,1,0.0,0.0,0.0,0.0
B,R04,testing,02,206,1,0.0,0.0,0.0,0.0
B,R04,testing,02,207,1,0.0,0.0,0.0,0.0
B,R04,testing,02,208,1,0.0,0.0,0.0,0.0
B,R04,testing,02,209,1,0.0,0.0,0.0,0.0
B,R04,testing,02,210,1,0.0,0.0,0.0,0.0
B,R04,testing,02,211,1,0.0,0.0,0.0,0.0
B,R04,testing,02,212,1,0.0,0.0,0.0,0.0
B,R04,testing,02,213,1,0.0,0.0,0.0,0.0
B,R04,testing,02,214,1,0.0,0.0,0.0,0.0
B,R04,testing,02,215,1,0.0,0.0,0.0,0.0
B,R04,testing,02,216,1,0.0,0.0,0.0,0.0
B,R04,testing,02,217,1,0.0,0.0,0.0,0.0
B,R04,testing,02,218,1,0.0,0.0,0.0,0.0
B,R04,testing,02,219,1,0.0,0.0,0.0,0.0
B,R04,testing,02,220,1,0.0,0.0,0.0,0.0
B,R04,testing,02,221,1,0.0,0.0,0.0,0.0
B,R04,testing,02,222,1,0.0,0.0,0.0,0.0
B,R04,testing,02,223,1,0.0,0.0,0.0,0.0
B,R04,testing,02,224,1,0.0,0.0,0.0,0.0
B,R04,testing,02,225,1,0.0,0.0,0.0,0.0
B,R04,testing,02,226,1,0.0,0.0,0.0,0.0
B,R04,testing,02,227,1,0.0,0.0,0.0,0.0
B,R04,testing,02,228,1,0.0,0.0,0.0,0.0
B,R04,testing,02,229,1,0.0,0.0,0.0,0.0
B,R04,testing,02,230,1,0.0,0.0,0.0,0.0
B,R04,testing,02,231,1,0.0,0.0,0.0,0.0
B,R04,testing,02,232,1,0.0,0.0,0.0,0.0
B,R04,testing,02,233,1,0.0,0.0,0.0,0.0
B,R04,testing,02,234,1,0.0,0.0,0.0,0.0
B,R04,testing,02,235,1,0.0,0.0,0.0,0.0
B,R04,testing,02,236,1,0.0,0.0,0.0,0.0
B,R04,testing,02,237,1,0.0,0.0,0.0,0.0
B,R04,testing,02,238,1,0.0,0.0,0.0,0.0
B,R04,testing,02,239,1,0.0,0.0,0.0,0.0
B,R04,testing,02,240,1,0.0,0.0,0.0,0.0
B,R04,testing,02,241,1,0.0,0.0,0.0,0.0
B,R04,testing,02,242,1,0.0,0.0,0.0,0.0
B,R04,testing,02,243,1,0.0,0.0,0.0,0.0
B,R04,testing,02,244,1,0.0,0.0,0.0,0.0
B,R04,testing,02,245,1,0.0,0.0,0.0,0.0
B,R04,testing,02,246,1,0.0,0.0,0.0,0.0
B,R04,testing,02,247,1,0.0,0.0,0.0,0.0
B,R04,testing,02,248,1,0.0,0.0,0.0,0.0
B,R04,testing,02,249,1,0.0,0.0,0.0,0.0
B,R04,testing,02,250,1,0.0,0.0,0.0,0.0
B,R04,testing,02,251,1,0.0,0.0,0.0,0.0
B,R04,testing,02,252,1,0.0,0.0,0.0,0.0
B,R04,testing,02,253,1,0.0,0.0,0.0,0.0
B,R04,testing,02,254,1,0.0,0.0,0.0,0.0
B,R04,testing,02,255,1,0.0,0.0,0.0,0.0
B,R04,testing,02,256,1,0.0,0.0,0.0,0.0
B,R04,testing,02,257,1,0.0,0.0,0.0,0.0
B,R04,testing,02,258,1,0.0,0.0,0.0,0.0
B,R04,testing,02,259,1,0.0,0.0,0.0,0.0
B,R04,testing,02,260,1,0.0,0.0,0.0,0.0
B,R04,testing,02,261,1,0.0,0.0,0.0,0.0
B,R04,testing,02,262,1,0.0,0.0,0.0,0.0
B,R04,testing,02,263,1,0.0,0.0,0.0,0.0
B,R04,testing,02,264,1,0.0,0.0,0.0,0.0
B,R04,testing,02,265,1,0.0,0.0,0.0,0.0
B,R04,testing,02,266,1,0.0,0.0,0.0,0.0
B,R04,testing,02,267,1,0.0,0.0,0.0,0.0
B,R04,testing,02,268,1,0.0,0.0,0.0,0.0
B,R04,testing,02,269,1,0.0,0.0,0.0,0.0
B,R04,testing,02,270,1,0.0,0.0,0.0,0.0
B,R04,testing,02,271,1,0.0,0.0,0.0,0.0
B,R04,testing,02,272,1,0.0,0.0,0.0,0.0
B,R04,testing,02,273,1,0.0,0.0,0.0,0.0
B,R04,testing,02,274,1,0.0,0.0,0.0,0.0
B,R04,testing,02,275,1,0.0,0.0,0.0,0.0
B,R04,testing,02,276,1,0.0,0.0,0.0,0.0
B,R04,testing,02,277,1,0.0,0.0,0.0,0.0
B,R04,testing,02,278,1,0.0,0.0,0.0,0.0
B,R04,testing,02,279,1,0.0,0.0,0.0,0.0
B,R04,testing,02,280,1,0.0,0.0,0.0,0.0
B,R04,testing,02,281,1,0.0,0.0,0.0,0.0
B,R04,testing,02,282,1,0.0,0.0,0.0,0.0
B,R04,testing,02,283,1,0.0,0.0,0.0,0.0
B,R04,testing,02,284,1,0.0,0.0,0.0,0.0
B,R04,testing,02,285,1,0.0,0.0,0.0,0.0
B,R04,testing,02,286,1,0.0,0.0,0.0,0.0
B,R04,testing,02,287,1,0.0,0.0,0.0,0.0
B,R04,testing,02,288,1,0.0,0.0,0.0,0.0
B,R04,testing,02,289,1,0.0,0.0,0.0,0.0
B,R04,testing,02,290,1,0.0,0.0,0.0,0.0
B,R04,testing,02,291,1,0.0,0.0,0.0,0.0
B,R04,testing,02,292,1,0.0,0.0,0.0,0.0
B,R04,testing,02,293,1,0.0,0.0,0.0,0.0
B,R04,testing,02,294,1,0.0,0.0,0.0,0.0
B,R04,testing,02,295,1,0.0,0.0,0.0,0.0
B,R04,testing,02,296,1,0.0,0.0,0.0,0.0
B,R04,testing,02,297,1,0.0,0.0,0.0,0.0
B,R04,testing,02,298,1,0.0,0.0,0.0,0.0
B,R04,testing,02,299,1,0.0,0.0,0.0,0.0
B,R04,testing,02,300,1,0.0,0.0,0.0,0.0
B,R04,testing,02,301,1,0.0,0.0,0.0,0.0
B,R04,testing,02,302,1,0.0,0.0,0.0,0.0
B,R04,testing,02,303,1,0.0,0.0,0.0,0.0
B,R04,testing,02,304,1,0.0,0.0,0.0,0.0
B,R04,testing,02,305,1,0.0,0.0,0.0,0.0
B,R04,testing,02,306,1,0.0,0.0,0.0,0.0
B,R04,testing,02,307,1,0.0,0.0,0.0,0.0
B,R04,testing,02,308,1,0.0,0.0,0.0,0.0
B,R04,testing,02,309,1,0.0,0.0,0.0,0.0
B,R04,testing,02,310,1,0.0,0.0,0.0,0.0
B,R04,testing,02,311,1,0.0,0.0,0.0,0.0
B,R04,testing,02,312,1,0.0,0.0,0.0,0.0
B,R04,testing,02,313,1,0.0,0.0,0.0,0.0
B,R04,testing,02,314,1,0.0,0.0,0.0,0.0
B,R04,testing,02,315,1,0.0,0.0,0.0,0.0
B,R04,testing,02,316,1,0.0,0.0,0.0,0.0
B,R04,testing,02,317,1,0.0,0.0,0.0,0.0
B,R04,testing,02,318,1,0.0,0.0,0.0,0.0
B,R04,testing,02,319,1,0.0,0.0,0.0,0.0
B,R04,testing,02,320,1,0.0,0.0,0.0,0.0
B,R04,testing,02,321,1,0.0,0.0,0.0,0.0
B,R04,testing,02,322,1,0.0,0.0,0.0,0.0
B,R04,testing,02,323,1,0.0,0.0,0.0,0.0
B,R04,testing,02,324,1,0.0,0.0,0.0,0.0
B,R04,testing,02,325,1,0.0,0.0,0.0,0.0
B,R04,testing,02,326,1,0.0,0.0,0.0,0.0
B,R04,testing,02,327,1,0.0,0.0,0.0,0.0
B,R04,testing,02,328,1,0.0,0.0,0.0,0.0
B,R04,testing,02,329,1,0.0,0.0,0.0,0.0
B,R04,testing,02,330,1,0.0,0.0,0.0,0.0
B,R04,testing,02,331,1,0.0,0.0,0.0,0.0
B,R04,testing,02,332,1,0.0,0.0,0.0,0.0
B,R04,testing,02,333,1,0.0,0.0,0.0,0.0
B,R04,testing,02,334,1,0.0,0.0,0.0,0.0
B,R04,testing,02,335,1,0.0,0.0,0.0,0.0
B,R04,testing,02,336,1,0.0,0.0,0.0,0.0
B,R04,testing,02,337,1,0.0,0.0,0.0,0.0
B,R04,testing,02,338,1,0.0,0.0,0.0,0.0
B,R04,testing,02,339,1,0.0,0.0,0.0,0.0
B,R04,testing,02,340,1,0.0,0.0,0.0,0.0
B,R04,testing,02,341,1,0.0,0.0,0.0,0.0
B,R04,testing,02,342,1,0.0,0.0,0.0,0.0
B,R04,testing,02,343,1,0.0,0.0,0.0,0.0
B,R04,testing,02,344,1,0.0,0.0,0.0,0.0
B,R04,testing,02,345,1,0.0,0.0,0.0,0.0
B,R04,testing,02,346,1,0.0,0.0,0.0,0.0
B,R04,testing,02,347,1,0.0,0.0,0.0,0.0
B,R04,testing,02,348,1,0.0,0.0,0.0,0.0
B,R04,testing,02,349,1,0.0,0.0,0.0,0.0
B,R04,testing,02,350,1,0.0,0.0,0.0,0.0
B,R04,testing,02,351,1,0.0,0.0,0.0,0.0
B,R04,testing,02,352,1,0.0,0.0,0.0,0.0
B,R04,testing,02,353,0,0.0,0.0,0.0,0.0
B,R04,testing,02,354,0,0.0,0.0,0.0,0.0
B,R04,testing,02,355,0,0.0,0.0,0.0,0.0
B,R04,testing,02,356,0,0.0,0.0,0.0,0.0
B,R04,testing,02,357,0,0.0,0.0,0.0,0.0
B,R04,testing,02,358,0,0.0,0.0,0.0,0.0
B,R04,testing,02,359,0,0.0,0.0,0.0,0.0
B,R04,testing,02,360,0,0.0,0.0,0.0,0.0
B,R04,testing,02,361,0,0.0,0.0,0.0,0.0
B,R04,testing,02,362,0,0.0,0.0,0.0,0.0
B,R04,testing,02,363,0,0.0,0.0,0.0,0.0
B,R04,testing,02,364,0,0.0,0.0,0.0,0.0
B,R04,testing,02,365,0,0.0,0.0,0.0,0.0
B,R04,testing,02,366,0,0.0,0.0,0.0,0.0
B,R04,testing,02,367,0,0.0,0.0,0.0,0.0
B,R04,testing,02,368,0,0.0,0.0,0.0,0.0
B,R04,testing,02,369,0,0.0,0.0,0.0,0.0
B,R04,testing,02,370,0,0.0,0.0,0.0,0.0
B,R04,testing,02,371,0,0.0,0.0,0.0,0.0
B,R04,testing,02,372,0,0.0,0.0,0.0,0.0
B,R04,testing,02,373,0,0.0,0.0,0.0,0.0
B,R04,testing,02,374,0,0.0,0.0,0.0,0.0
B,R04,testing,02,375,0,0.0,0.0,0.0,0.0
B,R04,testing,02,376,0,0.0,0.0,0.0,0.0
B,R04,testing,02,377,0,0.0,0.0,0.0,0.0
B,R04,testing,02,378,0,0.0,0.0,0.0,0.0
B,R04,testing,02,379,0,0.0,0.0,0.0,0.0
B,R04,testing,02,380,0,0.0,0.0,0.0,0.0
B,R04,testing,02,381,0,0.0,0.0,0.0,0.0
B,R04,testing,02,382,0,0.0,0.0,0.0,0.0
B,R04,testing,02,383,0,0.0,0.0,0.0,0.0
B,R04,testing,02,384,0,0.0,0.0,0.0,0.0
B,R04,testing,02,385,0,0.0,0.0,0.0,0.0
B,R04,testing,02,386,0,0.0,0.0,0.0,0.0
B,R04,testing,02,387,0,0.0,0.0,0.0,0.0
B,R04,testing,02,388,0,0.0,0.0,0.0,0.0
B,R04,testing,02,389,0,0.0,0.0,0.0,0.0
B,R04,testing,02,390,0,0.0,0.0,0.0,0.0
B,R04,testing,02,391,0,0.0,0.0,0.0,0.0
B,R04,testing,02,392,0,0.0,0.0,0.0,0.0
B,R04,testing,02,393,0,0.0,0.0,0.0,0.0
B,R04,testing,02,394,0,0.0,0.0,0.0,0.0
B,R04,testing,02,395,0,0.0,0.0,0.0,0.0
B,R04,testing,02,396,0,0.0,0.0,0.0,0.0
B,R04,testing,02,397,0,0.0,0.0,0.0,0.0
C,R04,testing,02,0,0,0.0,0.0,0.0,0.0
C,R04,testing,02,1,0,0.0,0.0,0.0,0.0
C,R04,testing,02,2,0,0.0,0.0,0.0,0.0
C,R04,testing,02,3,0,0.0,0.0,0.0,0.0
C,R04,testing,02,4,0,0.0,0.0,0.0,0.0
C,R04,testing,02,5,0,0.0,0.0,0.0,0.0
C,R04,testing,02,6,0,0.0,0.0,0.0,0.0
C,R04,testing,02,7,0,0.0,0.0,0.0,0.0
C,R04,testing,02,8,0,0.0,0.0,0.0,0.0
C,R04,testing,02,9,0,0.0,0.0,0.0,0.0
C,R04,testing,02,10,0,0.0,0.0,0.0,0.0
C,R04,testing,02,11,0,0.0,0.0,0.0,0.0
C,R04,testing,02,12,0,0.0,0.0,0.0,0.0
C,R04,testing,02,13,0,0.0,0.0,0.0,0.0
C,R04,testing,02,14,0,0.0,0.0,0.0,0.0
C,R04,testing,02,15,0,0.0,0.0,0.0,0.0
C,R04,testing,02,16,0,0.0,0.0,0.0,0.0
C,R04,testing,02,17,0,0.0,0.0,0.0,0.0
C,R04,testing,02,18,0,0.0,0.0,0.0,0.0
C,R04,testing,02,19,0,0.0,0.0,0.0,0.0
C,R04,testing,02,20,0,0.0,0.0,0.0,0.0
C,R04,testing,02,21,0,0.0,0.0,0.0,0.0
C,R04,testing,02,22,0,0.0,0.0,0.0,0.0
C,R04,testing,02,23,0,0.0,0.0,0.0,0.0
C,R04,testing,02,24,0,0.0,0.0,0.0,0.0
C,R04,testing,02,25,0,0.0,0.0,0.0,0.0
C,R04,testing,02,26,0,0.0,0.0,0.0,0.0
C,R04,testing,02,27,0,0.0,0.0,0.0,0.0
C,R04,testing,02,28,0,0.0,0.0,0.0,0.0
C,R04,testing,02,29,0,0.0,0.0,0.0,0.0
C,R04,testing,02,30,0,0.0,0.0,0.0,0.0
C,R04,testing,02,31,0,0.0,0.0,0.0,0.0
C,R04,testing,02,32,0,0.0,0.0,0.0,0.0
C,R04,testing,02,33,0,0.0,0.0,0.0,0.0
C,R04,testing,02,34,0,0.0,0.0,0.0,0.0
C,R04,testing,02,35,0,0.0,0.0,0.0,0.0
C,R04,testing,02,36,0,0.0,0.0,0.0,0.0
C,R04,testing,02,37,0,0.0,0.0,0.0,0.0
C,R04,testing,02,38,0,0.0,0.0,0.0,0.0
C,R04,testing,02,39,0,0.0,0.0,0.0,0.0
C,R04,testing,02,40,0,0.0,0.0,0.0,0.0
C,R04,testing,02,41,0,0.0,0.0,0.0,0.0
C,R04,testing,02,42,0,0.0,0.0,0.0,0.0
C,R04,testing,02,43,0,0.0,0.0,0.0,0.0
C,R04,testing,02,44,0,0.0,0.0,0.0,0.0
C,R04,testing,02,45,0,0.0,0.0,0.0,0.0
C,R04,testing,02,46,0,0.0,0.0,0.0,0.0
C,R04,testing,02,47,0,0.0,0.0,0.0,0.0
C,R04,testing,02,48,0,0.0,0.0,0.0,0.0
C,R04,testing,02,49,0,0.0,0.0,0.0,0.0
C,R04,testing,02,50,0,0.0,0.0,0.0,0.0
C,R04,testing,02,51,0,0.0,0.0,0.0,0.0
C,R04,testing,02,52,0,0.0,0.0,0.0,0.0
C,R04,testing,02,53,0,0.0,0.0,0.0,0.0
C,R04,testing,02,54,0,0.0,0.0,0.0,0.0
C,R04,testing,02,55,0,0.0,0.0,0.0,0.0
C,R04,testing,02,56,0,0.0,0.0,0.0,0.0
C,R04,testing,02,57,0,0.0,0.0,0.0,0.0
C,R04,testing,02,58,0,0.0,0.0,0.0,0.0
C,R04,testing,02,59,0,0.0,0.0,0.0,0.0
C,R04,testing,02,60,0,0.0,0.0,0.0,0.0
C,R04,testing,02,61,0,0.0,0.0,0.0,0.0
C,R04,testing,02,62,0,0.0,0.0,0.0,0.0
C,R04,testing,02,63,0,0.0,0.0,0.0,0.0
C,R04,testing,02,64,0,0.0,0.0,0.0,0.0
C,R04,testing,02,65,0,0.0,0.0,0.0,0.0
C,R04,testing,02,66,0,0.0,0.0,0.0,0.0
C,R04,testing,02,67,1,0.0,0.0,0.0,0.0
C,R04,testing,02,68,1,0.0,0.0,0.0,0.0
C,R04,testing,02,69,1,0.0,0.0,0.0,0.0
C,R04,testing,02,70,1,0.0,0.0,0.0,0.0
C,R04,testing,02,71,1,0.0,0.0,0.0,0.0
C,R04,testing,02,72,1,0.0,0.0,0.0,0.0
C,R04,testing,02,73,1,0.0,0.0,0.0,0.0
C,R04,testing,02,74,1,0.0,0.0,0.0,0.0
C,R04,testing,02,75,1,0.0,0.0,0.0,0.0
C,R04,testing,02,76,1,0.0,0.0,0.0,0.0
C,R04,testing,02,77,1,0.0,0.0,0.0,0.0
C,R04,testing,02,78,1,0.0,0.0,0.0,0.0
C,R04,testing,02,79,1,0.0,0.0,0.0,0.0
C,R04,testing,02,80,1,0.0,0.0,0.0,0.0
C,R04,testing,02,81,1,0.0,0.0,0.0,0.0
C,R04,testing,02,82,1,0.0,0.0,0.0,0.0
C,R04,testing,02,83,1,0.0,0.0,0.0,0.0
C,R04,testing,02,84,1,0.0,0.0,0.0,0.0
C,R04,testing,02,85,1,0.0,0.0,0.0,0.0
C,R04,testing,02,86,1,0.0,0.0,0.0,0.0
C,R04,testing,02,87,1,0.0,0.0,0.0,0.0
C,R04,testing,02,88,1,0.0,0.0,0.0,0.0
C,R04,testing,02,89,1,0.0,0.0,0.0,0.0
C,R04,testing,02,90,1,0.0,0.0,0.0,0.0
C,R04,testing,02,91,1,0.0,0.0,0.0,0.0
C,R04,testing,02,92,1,0.0,0.0,0.0,0.0
C,R04,testing,02,93,1,0.0,0.0,0.0,0.0
C,R04,testing,02,94,1,0.0,0.0,0.0,0.0
C,R04,testing,02,95,1,0.0,0.0,0.0,0.0
C,R04,testing,02,96,1,0.0,0.0,0.0,0.0
C,R04,testing,02,97,1,0.0,0.0,0.0,0.0
C,R04,testing,02,98,1,0.0,0.0,0.0,0.0
C,R04,testing,02,99,1,0.0,0.0,0.0,0.0
C,R04,testing,02,100,1,0.0,0.0,0.0,0.0
C,R04,testing,02,101,1,0.0,0.0,0.0,0.0
C,R04,testing,02,102,1,0.0,0.0,0.0,0.0
C,R04,testing,02,103,1,0.0,0.0,0.0,0.0
C,R04,testing,02,104,1,0.0,0.0,0.0,0.0
C,R04,testing,02,105,1,0.0,0.0,0.0,0.0
C,R04,testing,02,106,1,0.0,0.0,0.0,0.0
C,R04,testing,02,107,1,0.0,0.0,0.0,0.0
C,R04,testing,02,108,1,0.0,0.0,0.0,0.0
C,R04,testing,02,109,1,0.0,0.0,0.0,0.0
C,R04,testing,02,110,1,0.0,0.0,0.0,0.0
C,R04,testing,02,111,1,0.0,0.0,0.0,0.0
C,R04,testing,02,112,1,0.0,0.0,0.0,0.0
C,R04,testing,02,113,1,0.0,0.0,0.0,0.0
C,R04,testing,02,114,1,0.0,0.0,0.0,0.0
C,R04,testing,02,115,1,0.0,0.0,0.0,0.0
C,R04,testing,02,116,1,0.0,0.0,0.0,0.0
C,R04,testing,02,117,1,0.0,0.0,0.0,0.0
C,R04,testing,02,118,1,0.0,0.0,0.0,0.0
C,R04,testing,02,119,1,0.0,0.0,0.0,0.0
C,R04,testing,02,120,1,0.0,0.0,0.0,0.0
C,R04,testing,02,121,1,0.0,0.0,0.0,0.0
C,R04,testing,02,122,1,0.0,0.0,0.0,0.0
C,R04,testing,02,123,1,0.0,0.0,0.0,0.0
C,R04,testing,02,124,1,0.0,0.0,0.0,0.0
C,R04,testing,02,125,1,0.0,0.0,0.0,0.0
C,R04,testing,02,126,1,0.0,0.0,0.0,0.0
C,R04,testing,02,127,1,0.0,0.0,0.0,0.0
C,R04,testing,02,128,1,0.0,0.0,0.0,0.0
C,R04,testing,02,129,1,0.0,0.0,0.0,0.0
C,R04,testing,02,130,1,0.0,0.0,0.0,0.0
C,R04,testing,02,131,1,0.0,0.0,0.0,0.0
C,R04,testing,02,132,1,0.0,0.0,0.0,0.0
C,R04,testing,02,133,1,0.0,0.0,0.0,0.0
C,R04,testing,02,134,1,0.0,0.0,0.0,0.0
C,R04,testing,02,135,1,0.0,0.0,0.0,0.0
C,R04,testing,02,136,1,0.0,0.0,0.0,0.0
C,R04,testing,02,137,1,0.0,0.0,0.0,0.0
C,R04,testing,02,138,1,0.0,0.0,0.0,0.0
C,R04,testing,02,139,1,0.0,0.0,0.0,0.0
C,R04,testing,02,140,1,0.0,0.0,0.0,0.0
C,R04,testing,02,141,1,0.0,0.0,0.0,0.0
C,R04,testing,02,142,1,0.0,0.0,0.0,0.0
C,R04,testing,02,143,1,0.0,0.0,0.0,0.0
C,R04,testing,02,144,1,0.0,0.0,0.0,0.0
C,R04,testing,02,145,1,0.0,0.0,0.0,0.0
C,R04,testing,02,146,1,0.0,0.0,0.0,0.0
C,R04,testing,02,147,1,0.0,0.0,0.0,0.0
C,R04,testing,02,148,1,0.0,0.0,0.0,0.0
C,R04,testing,02,149,1,0.0,0.0,0.0,0.0
C,R04,testing,02,150,1,0.0,0.0,0.0,0.0
C,R04,testing,02,151,1,0.0,0.0,0.0,0.0
C,R04,testing,02,152,1,0.0,0.0,0.0,0.0
C,R04,testing,02,153,1,0.0,0.0,0.0,0.0
C,R04,testing,02,154,1,0.0,0.0,0.0,0.0
C,R04,testing,02,155,1,0.0,0.0,0.0,0.0
C,R04,testing,02,156,1,0.0,0.0,0.0,0.0
C,R04,testing,02,157,1,0.0,0.0,0.0,0.0
C,R04,testing,02,158,1,0.0,0.0,0.0,0.0
C,R04,testing,02,159,1,0.0,0.0,0.0,0.0
C,R04,testing,02,160,1,0.0,0.0,0.0,0.0
C,R04,testing,02,161,1,0.0,0.0,0.0,0.0
C,R04,testing,02,162,1,0.0,0.0,0.0,0.0
C,R04,testing,02,163,1,0.0,0.0,0.0,0.0
C,R04,testing,02,164,1,0.0,0.0,0.0,0.0
C,R04,testing,02,165,1,0.0,0.0,0.0,0.0
C,R04,testing,02,166,1,0.0,0.0,0.0,0.0
C,R04,testing,02,167,1,0.0,0.0,0.0,0.0
C,R04,testing,02,168,1,0.0,0.0,0.0,0.0
C,R04,testing,02,169,1,0.0,0.0,0.0,0.0
C,R04,testing,02,170,1,0.0,0.0,0.0,0.0
C,R04,testing,02,171,1,0.0,0.0,0.0,0.0
C,R04,testing,02,172,1,0.0,0.0,0.0,0.0
C,R04,testing,02,173,1,0.0,0.0,0.0,0.0
C,R04,testing,02,174,1,0.0,0.0,0.0,0.0
C,R04,testing,02,175,1,0.0,0.0,0.0,0.0
C,R04,testing,02,176,1,0.0,0.0,0.0,0.0
C,R04,testing,02,177,1,0.0,0.0,0.0,0.0
C,R04,testing,02,178,1,0.0,0.0,0.0,0.0
C,R04,testing,02,179,1,0.0,0.0,0.0,0.0
C,R04,testing,02,180,1,0.0,0.0,0.0,0.0
C,R04,testing,02,181,1,0.0,0.0,0.0,0.0
C,R04,testing,02,182,1,0.0,0.0,0.0,0.0
C,R04,testing,02,183,1,0.0,0.0,0.0,0.0
C,R04,testing,02,184,1,0.0,0.0,0.0,0.0
C,R04,testing,02,185,1,0.0,0.0,0.0,0.0
C,R04,testing,02,186,1,0.0,0.0,0.0,0.0
C,R04,testing,02,187,1,0.0,0.0,0.0,0.0
C,R04,testing,02,188,1,0.0,0.0,0.0,0.0
C,R04,testing,02,189,1,0.0,0.0,0.0,0.0
C,R04,testing,02,190,1,0.0,0.0,0.0,0.0
C,R04,testing,02,191,1,0.0,0.0,0.0,0.0
C,R04,testing,02,192,1,0.0,0.0,0.0,0.0
C,R04,testing,02,193,1,0.0,0.0,0.0,0.0
C,R04,testing,02,194,1,0.0,0.0,0.0,0.0
C,R04,testing,02,195,1,0.0,0.0,0.0,0.0
C,R04,testing,02,196,1,0.0,0.0,0.0,0.0
C,R04,testing,02,197,1,0.0,0.0,0.0,0.0
C,R04,testing,02,198,1,0.0,0.0,0.0,0.0
C,R04,testing,02,199,1,0.0,0.0,0.0,0.0
C,R04,testing,02,200,1,0.0,0.0,0.0,0.0
C,R04,testing,02,201,1,0.0,0.0,0.0,0.0
C,R04,testing,02,202,1,0.0,0.0,0.0,0.0
C,R04,testing,02,203,1,0.0,0.0,0.0,0.0
C,R04,testing,02,204,1,0.0,0.0,0.0,0.0
C,R04,testing,02,205,1,0.0,0.0,0.0,0.0
C,R04,testing,02,206,1,0.0,0.0,0.0,0.0
C,R04,testing,02,207,1,0.0,0.0,0.0,0.0
C,R04,testing,02,208,1,0.0,0.0,0.0,0.0
C,R04,testing,02,209,1,0.0,0.0,0.0,0.0
C,R04,testing,02,210,1,0.0,0.0,0.0,0.0
C,R04,testing,02,211,1,0.0,0.0,0.0,0.0
C,R04,testing,02,212,1,0.0,0.0,0.0,0.0
C,R04,testing,02,213,1,0.0,0.0,0.0,0.0
C,R04,testing,02,214,1,0.0,0.0,0.0,0.0
C,R04,testing,02,215,1,0.0,0.0,0.0,0.0
C,R04,testing,02,216,1,0.0,0.0,0.0,0.0
C,R04,testing,02,217,1,0.0,0.0,0.0,0.0
C,R04,testing,02,218,1,0.0,0.0,0.0,0.0
C,R04,testing,02,219,1,0.0,0.0,0.0,0.0
C,R04,testing,02,220,1,0.0,0.0,0.0,0.0
C,R04,testing,02,221,1,0.0,0.0,0.0,0.0
C,R04,testing,02,222,1,0.0,0.0,0.0,0.0
C,R04,testing,02,223,1,0.0,0.0,0.0,0.0
C,R04,testing,02,224,1,0.0,0.0,0.0,0.0
C,R04,testing,02,225,1,0.0,0.0,0.0,0.0
C,R04,testing,02,226,1,0.0,0.0,0.0,0.0
C,R04,testing,02,227,1,0.0,0.0,0.0,0.0
C,R04,testing,02,228,1,0.0,0.0,0.0,0.0
C,R04,testing,02,229,1,0.0,0.0,0.0,0.0
C,R04,testing,02,230,1,0.0,0.0,0.0,0.0
C,R04,testing,02,231,1,0.0,0.0,0.0,0.0
C,R04,testing,02,232,1,0.0,0.0,0.0,0.0
C,R04,testing,02,233,1,0.0,0.0,0.0,0.0
C,R04,testing,02,234,1,0.0,0.0,0.0,0.0
C,R04,testing,02,235,1,0.0,0.0,0.0,0.0
C,R04,testing,02,236,1,0.0,0.0,0.0,0.0
C,R04,testing,02,237,1,0.0,0.0,0.0,0.0
C,R04,testing,02,238,1,0.0,0.0,0.0,0.0
C,R04,testing,02,239,1,0.0,0.0,0.0,0.0
C,R04,testing,02,240,1,0.0,0.0,0.0,0.0
C,R04,testing,02,241,1,0.0,0.0,0.0,0.0
C,R04,testing,02,242,1,0.0,0.0,0.0,0.0
C,R04,testing,02,243,1,0.0,0.0,0.0,0.0
C,R04,testing,02,244,1,0.0,0.0,0.0,0.0
C,R04,testing,02,245,1,0.0,0.0,0.0,0.0
C,R04,testing,02,246,1,0.0,0.0,0.0,0.0
C,R04,testing,02,247,1,0.0,0.0,0.0,0.0
C,R04,testing,02,248,1,0.0,0.0,0.0,0.0
C,R04,testing,02,249,1,0.0,0.0,0.0,0.0
C,R04,testing,02,250,1,0.0,0.0,0.0,0.0
C,R04,testing,02,251,1,0.0,0.0,0.0,0.0
C,R04,testing,02,252,1,0.0,0.0,0.0,0.0
C,R04,testing,02,253,1,0.0,0.0,0.0,0.0
C,R04,testing,02,254,1,0.0,0.0,0.0,0.0
C,R04,testing,02,255,1,0.0,0.0,0.0,0.0
C,R04,testing,02,256,1,0.0,0.0,0.0,0.0
C,R04,testing,02,257,1,0.0,0.0,0.0,0.0
C,R04,testing,02,258,1,0.0,0.0,0.0,0.0
C,R04,testing,02,259,1,0.0,0.0,0.0,0.0
C,R04,testing,02,260,1,0.0,0.0,0.0,0.0
C,R04,testing,02,261,1,0.0,0.0,0.0,0.0
C,R04,testing,02,262,1,0.0,0.0,0.0,0.0
C,R04,testing,02,263,1,0.0,0.0,0.0,0.0
C,R04,testing,02,264,1,0.0,0.0,0.0,0.0
C,R04,testing,02,265,1,0.0,0.0,0.0,0.0
C,R04,testing,02,266,1,0.0,0.0,0.0,0.0
C,R04,testing,02,267,1,0.0,0.0,0.0,0.0
C,R04,testing,02,268,1,0.0,0.0,0.0,0.0
C,R04,testing,02,269,1,0.0,0.0,0.0,0.0
C,R04,testing,02,270,1,0.0,0.0,0.0,0.0
C,R04,testing,02,271,1,0.0,0.0,0.0,0.0
C,R04,testing,02,272,1,0.0,0.0,0.0,0.0
C,R04,testing,02,273,1,0.0,0.0,0.0,0.0
C,R04,testing,02,274,1,0.0,0.0,0.0,0.0
C,R04,testing,02,275,1,0.0,0.0,0.0,0.0
C,R04,testing,02,276,1,0.0,0.0,0.0,0.0
C,R04,testing,02,277,1,0.0,0.0,0.0,0.0
C,R04,testing,02,278,1,0.0,0.0,0.0,0.0
C,R04,testing,02,279,1,0.0,0.0,0.0,0.0
C,R04,testing,02,280,1,0.0,0.0,0.0,0.0
C,R04,testing,02,281,1,0.0,0.0,0.0,0.0
C,R04,testing,02,282,1,0.0,0.0,0.0,0.0
C,R04,testing,02,283,1,0.0,0.0,0.0,0.0
C,R04,testing,02,284,1,0.0,0.0,0.0,0.0
C,R04,testing,02,285,1,0.0,0.0,0.0,0.0
C,R04,testing,02,286,1,0.0,0.0,0.0,0.0
C,R04,testing,02,287,1,0.0,0.0,0.0,0.0
C,R04,testing,02,288,1,0.0,0.0,0.0,0.0
C,R04,testing,02,289,1,0.0,0.0,0.0,0.0
C,R04,testing,02,290,1,0.0,0.0,0.0,0.0
C,R04,testing,02,291,1,0.0,0.0,0.0,0.0
C,R04,testing,02,292,1,0.0,0.0,0.0,0.0
C,R04,testing,02,293,1,0.0,0.0,0.0,0.0
C,R04,testing,02,294,1,0.0,0.0,0.0,0.0
C,R04,testing,02,295,1,0.0,0.0,0.0,0.0
C,R04,testing,02,296,1,0.0,0.0,0.0,0.0
C,R04,testing,02,297,1,0.0,0.0,0.0,0.0
C,R04,testing,02,298,1,0.0,0.0,0.0,0.0
C,R04,testing,02,299,1,0.0,0.0,0.0,0.0
C,R04,testing,02,300,1,0.0,0.0,0.0,0.0
C,R04,testing,02,301,1,0.0,0.0,0.0,0.0
C,R04,testing,02,302,1,0.0,0.0,0.0,0.0
C,R04,testing,02,303,1,0.0,0.0,0.0,0.0
C,R04,testing,02,304,1,0.0,0.0,0.0,0.0
C,R04,testing,02,305,1,0.0,0.0,0.0,0.0
C,R04,testing,02,306,1,0.0,0.0,0.0,0.0
C,R04,testing,02,307,1,0.0,0.0,0.0,0.0
C,R04,testing,02,308,1,0.0,0.0,0.0,0.0
C,R04,testing,02,309,1,0.0,0.0,0.0,0.0
C,R04,testing,02,310,1,0.0,0.0,0.0,0.0
C,R04,testing,02,311,1,0.0,0.0,0.0,0.0
C,R04,testing,02,312,1,0.0,0.0,0.0,0.0
C,R04,testing,02,313,1,0.0,0.0,0.0,0.0
C,R04,testing,02,314,1,0.0,0.0,0.0,0.0
C,R04,testing,02,315,1,0.0,0.0,0.0,0.0
C,R04,testing,02,316,1,0.0,0.0,0.0,0.0
C,R04,testing,02,317,1,0.0,0.0,0.0,0.0
C,R04,testing,02,318,1,0.0,0.0,0.0,0.0
C,R04,testing,02,319,1,0.0,0.0,0.0,0.0
C,R04,testing,02,320,1,0.0,0.0,0.0,0.0
C,R04,testing,02,321,1,0.0,0.0,0.0,0.0
C,R04,testing,02,322,1,0.0,0.0,0.0,0.0
C,R04,testing,02,323,1,0.0,0.0,0.0,0.0
C,R04,testing,02,324,1,0.0,0.0,0.0,0.0
C,R04,testing,02,325,1,0.0,0.0,0.0,0.0
C,R04,testing,02,326,1,0.0,0.0,0.0,0.0
C,R04,testing,02,327,1,0.0,0.0,0.0,0.0
C,R04,testing,02,328,1,0.0,0.0,0.0,0.0
C,R04,testing,02,329,1,0.0,0.0,0.0,0.0
C,R04,testing,02,330,1,0.0,0.0,0.0,0.0
C,R04,testing,02,331,1,0.0,0.0,0.0,0.0
C,R04,testing,02,332,1,0.0,0.0,0.0,0.0
C,R04,testing,02,333,1,0.0,0.0,0.0,0.0
C,R04,testing,02,334,1,0.0,0.0,0.0,0.0
C,R04,testing,02,335,1,0.0,0.0,0.0,0.0
C,R04,testing,02,336,1,0.0,0.0,0.0,0.0
C,R04,testing,02,337,1,0.0,0.0,0.0,0.0
C,R04,testing,02,338,1,0.0,0.0,0.0,0.0
C,R04,testing,02,339,1,0.0,0.0,0.0,0.0
C,R04,testing,02,340,1,0.0,0.0,0.0,0.0
C,R04,testing,02,341,1,0.0,0.0,0.0,0.0
C,R04,testing,02,342,1,0.0,0.0,0.0,0.0
C,R04,testing,02,343,1,0.0,0.0,0.0,0.0
C,R04,testing,02,344,1,0.0,0.0,0.0,0.0
C,R04,testing,02,345,1,0.0,0.0,0.0,0.0
C,R04,testing,02,346,1,0.0,0.0,0.0,0.0
C,R04,testing,02,347,1,0.0,0.0,0.0,0.0
C,R04,testing,02,348,1,0.0,0.0,0.0,0.0
C,R04,testing,02,349,1,0.0,0.0,0.0,0.0
C,R04,testing,02,350,1,0.0,0.0,0.0,0.0
C,R04,testing,02,351,1,0.0,0.0,0.0,0.0
C,R04,testing,02,352,1,0.0,0.0,0.0,0.0
C,R04,testing,02,353,0,0.0,0.0,0.0,0.0
C,R04,testing,02,354,0,0.0,0.0,0.0,0.0
C,R04,testing,02,355,0,0.0,0.0,0.0,0.0
C,R04,testing,02,356,0,0.0,0.0,0.0,0.0
C,R04,testing,02,357,0,0.0,0.0,0.0,0.0
C,R04,testing,02,358,0,0.0,0.0,0.0,0.0
C,R04,testing,02,359,0,0.0,0.0,0.0,0.0
C,R04,testing,02,360,0,0.0,0.0,0.0,0.0
C,R04,testing,02,361,0,0.0,0.0,0.0,0.0
C,R04,testing,02,362,0,0.0,0.0,0.0,0.0
C,R04,testing,02,363,0,0.0,0.0,0.0,0.0
C,R04,testing,02,364,0,0.0,0.0,0.0,0.0
C,R04,testing,02,365,0,0.0,0.0,0.0,0.0
C,R04,testing,02,366,0,0.0,0.0,0.0,0.0
C,R04,testing,02,367,0,0.0,0.0,0.0,0.0
C,R04,testing,02,368,0,0.0,0.0,0.0,0.0
C,R04,testing,02,369,0,0.0,0.0,0.0,0.0
C,R04,testing,02,370,0,0.0,0.0,0.0,0.0
C,R04,testing,02,371,0,0.0,0.0,0.0,0.0
C,R04,testing,02,372,0,0.0,0.0,0.0,0.0
C,R04,testing,02,373,0,0.0,0.0,0.0,0.0
C,R04,testing,02,374,0,0.0,0.0,0.0,0.0
C,R04,testing,02,375,0,0.0,0.0,0.0,0.0
C,R04,testing,02,376,0,0.0,0.0,0.0,0.0
C,R04,testing,02,377,0,0.0,0.0,0.0,0.0
C,R04,testing,02,378,0,0.0,0.0,0.0,0.0
C,R04,testing,02,379,0,0.0,0.0,0.0,0.0
C,R04,testing,02,380,0,0.0,0.0,0.0,0.0
C,R04,testing,02,381,0,0.0,0.0,0.0,0.0
C,R04,testing,02,382,0,0.0,0.0,0.0,0.0
C,R04,testing,02,383,0,0.0,0.0,0.0,0.0
C,R04,testing,02,384,0,0.0,0.0,0.0,0.0
C,R04,testing,02,385,0,0.0,0.0,0.0,0.0
C,R04,testing,02,386,0,0.0,0.0,0.0,0.0
C,R04,testing,02,387,0,0.0,0.0,0.0,0.0
C,R04,testing,02,388,0,0.0,0.0,0.0,0.0
C,R04,testing,02,389,0,0.0,0.0,0.0,0.0
C,R04,testing,02,390,0,0.0,0.0,0.0,0.0
C,R04,testing,02,391,0,0.0,0.0,0.0,0.0
C,R04,testing,02,392,0,0.0,0.0,0.0,0.0
C,R04,testing,02,393,0,0.0,0.0,0.0,0.0
C,R04,testing,02,394,0,0.0,0.0,0.0,0.0
C,R04,testing,02,395,0,0.0,0.0,0.0,0.0
C,R04,testing,02,396,0,0.0,0.0,0.0,0.0
C,R04,testing,02,397,0,0.0,0.0,0.0,0.0
P1,R04,testing,02,0,0,0.0,0.49976647459941703,0.10498183549691843,0.0639946726216971
P1,R04,testing,02,1,0,0.0,0.49976647459941703,0.10498183549691843,0.06431462709467929
P1,R04,testing,02,2,0,0.0,0.49976647459941703,0.10498183549691843,0.06463454908060674
P1,R04,testing,02,3,0,0.0,0.49976647459941703,0.10498183549691843,0.06495442222062889
P1,R04,testing,02,4,0,0.0,0.49976647459941703,0.10498183549691843,0.06527423007843848
P1,R04,testing,02,5,0,0.0,0.49976647459941703,0.10498183549691843,0.0655939561415525
P1,R04,testing,02,6,0,0.0,0.49976647459941703,0.10498183549691843,0.06591358382260903
P1,R04,testing,02,7,0,0.0,0.49976647459941703,0.10498183549691843,0.06623309646068004
P1,R04,testing,02,8,0,0.0,0.49976647459941703,0.10498183549691843,0.06655247732259985
P1,R04,testing,02,9,0,0.0,0.49976647459941703,0.10498183549691843,0.06687170960430922
P1,R04,testing,02,10,0,0.0,0.49976647459941703,0.10498183549691843,0.0671907764322148
P1,R04,testing,02,11,0,0.0,0.49976647459941703,0.10498183549691843,0.06750966086456416
P1,R04,testing,02,12,0,0.0,0.49976647459941703,0.10498183549691843,0.06782834589283576
P1,R04,testing,02,13,0,0.0,0.49976647459941703,0.10498183549691843,0.06814681444314416
P1,R04,testing,02,14,0,0.0,0.49976647459941703,0.10498183549691843,0.06846504937766006
P1,R04,testing,02,15,0,0.0,0.49976647459941703,0.10498183549691843,0.06878303349604512
P1,R04,testing,02,16,0,1.0,0.500233525400583,0.1064651240948202,0.07007707418782234
P1,R04,testing,02,17,0,1.0,0.500233525400583,0.1064651240948202,0.07039898980844056
P1,R04,testing,02,18,0,1.0,0.500233525400583,0.1064651240948202,0.07072059837348023
P1,R04,testing,02,19,0,1.0,0.500233525400583,0.1064651240948202,0.07104188220085625
P1,R04,testing,02,20,0,1.0,0.500233525400583,0.1064651240948202,0.07136282355258644
P1,R04,testing,02,21,0,1.0,0.500233525400583,0.1064651240948202,0.07168340463633316
P1,R04,testing,02,22,0,1.0,0.500233525400583,0.1064651240948202,0.07200360760695904
P1,R04,testing,02,23,0,1.0,0.500233525400583,0.1064651240948202,0.07232341456809624
P1,R04,testing,02,24,0,1.0,0.500233525400583,0.1064651240948202,0.07264280757372928
P1,R04,testing,02,25,0,1.0,0.500233525400583,0.1064651240948202,0.07296176862979126
P1,R04,testing,02,26,0,1.0,0.500233525400583,0.1064651240948202,0.07328027969577307
P1,R04,testing,02,27,0,1.0,0.500233525400583,0.1064651240948202,0.07359832268634575
P1,R04,testing,02,28,0,1.0,0.500233525400583,0.1064651240948202,0.07391587947299552
P1,R04,testing,02,29,0,1.0,0.500233525400583,0.1064651240948202,0.07423293188567137
P1,R04,testing,02,30,0,1.0,0.500233525400583,0.1064651240948202,0.07454946171444511
P1,R04,testing,02,31,0,1.0,0.500233525400583,0.1064651240948202,0.07486545071118354
P1,R04,testing,02,32,0,0.0,0.0,0.10694369447281594,0.07551882546048917
P1,R04,testing,02,33,0,0.0,0.0,0.10694369447281594,0.07583509319462946
P1,R04,testing,02,34,0,0.0,0.0,0.10694369447281594,0.07615076246188104
P1,R04,testing,02,35,0,0.0,0.0,0.10694369447281594,0.0764658147956117
P1,R04,testing,02,36,0,0.0,0.0,0.10694369447281594,0.07678023169938744
P1,R04,testing,02,37,0,0.0,0.0,0.10694369447281594,0.07709399464872148
P1,R04,testing,02,38,0,0.0,0.0,0.10694369447281594,0.07740708509283363
P1,R04,testing,02,39,0,0.0,0.0,0.10694369447281594,0.07771948445642055
P1,R04,testing,02,40,0,0.0,0.0,0.10694369447281594,0.07803117414143605
P1,R04,testing,02,41,0,0.0,0.0,0.10694369447281594,0.07834213552888175
P1,R04,testing,02,42,0,0.0,0.0,0.10694369447281594,0.07865234998060731
P1,R04,testing,02,43,0,0.0,0.0,0.10694369447281594,0.0789617988411205
P1,R04,testing,02,44,0,0.0,0.0,0.10694369447281594,0.0792704634394065
P1,R04,testing,02,45,0,0.0,0.0,0.10694369447281594,0.07957832509075646
P1,R04,testing,02,46,0,0.0,0.0,0.10694369447281594,0.07988536509860497
P1,R04,testing,02,47,0,0.0,0.0,0.10694369447281594,0.080191564756376
P1,R04,testing,02,48,0,0.0,0.0,0.10640459248191694,0.08009112133234651
P1,R04,testing,02,49,0,0.0,0.0,0.10640459248191694,0.08039404934580158
P1,R04,testing,02,50,0,0.0,0.0,0.10640459248191694,0.08069608536727689
P1,R04,testing,02,51,0,0.0,0.0,0.10640459248191694,0.08099721076318715
P1,R04,testing,02,52,0,0.0,0.0,0.10640459248191694,0.08129740689929138
P1,R04,testing,02,53,0,0.0,0.0,0.10640459248191694,0.08159665514257614
P1,R04,testing,02,54,0,0.0,0.0,0.10640459248191694,0.08189493686314561
P1,R04,testing,02,55,0,0.0,0.0,0.10640459248191694,0.08219223343611834
P1,R04,testing,02,56,0,0.0,0.0,0.10640459248191694,0.08248852624353004
P1,R04,testing,02,57,0,0.0,0.0,0.10640459248191694,0.0827837966762428
P1,R04,testing,02,58,0,0.0,0.0,0.10640459248191694,0.08307802613585989
P1,R04,testing,02,59,0,0.0,0.0,0.10640459248191694,0.083371196036646
P1,R04,testing,02,60,0,0.0,0.0,0.10640459248191694,0.08366328780745298
P1,R04,testing,02,61,0,0.0,0.0,0.10640459248191694,0.0839542828936503
P1,R04,testing,02,62,0,0.0,0.0,0.10640459248191694,0.08424416275906041
P1,R04,testing,02,63,0,0.0,0.0,0.10640459248191694,0.0845329088878984
P1,R04,testing,02,64,0,0.0,0.0,0.13337700792362395,0.10632158451424151
P1,R04,testing,02,65,0,0.0,0.0,0.13337700792362395,0.10668061290273324
P1,R04,testing,02,66,0,0.0,0.0,0.13337700792362395,0.10703815071442359
P1,R04,testing,02,67,1,0.0,0.0,0.13337700792362395,0.10739417486663624
P1,R04,testing,02,68,1,0.0,0.0,0.13337700792362395,0.10774866231448467
P1,R04,testing,02,69,1,0.0,0.0,0.13337700792362395,0.10810159005332927
P1,R04,testing,02,70,1,0.0,0.0,0.13337700792362395,0.10845293512123759
P1,R04,testing,02,71,1,0.0,0.0,0.13337700792362395,0.10880267460144742
P1,R04,testing,02,72,1,0.0,0.0,0.13337700792362395,0.10915078562483199
P1,R04,testing,02,73,1,0.0,0.0,0.13337700792362395,0.10949724537236723
P1,R04,testing,02,74,1,0.0,0.0,0.13337700792362395,0.10984203107760064
P1,R04,testing,02,75,1,0.0,0.0,0.13337700792362395,0.1101851200291213
P1,R04,testing,02,76,1,0.0,0.0,0.13337700792362395,0.11052648957303086
P1,R04,testing,02,77,1,0.0,0.0,0.13337700792362395,0.11086611711541479
P1,R04,testing,02,78,1,0.0,0.0,0.13337700792362395,0.11120398012481396
P1,R04,testing,02,79,1,0.0,0.0,0.13337700792362395,0.11154005613469582
P1,R04,testing,02,80,1,1.0,0.5005719439858682,0.13279354075379016,0.11138492059569069
P1,R04,testing,02,81,1,1.0,0.5005719439858682,0.13279354075379016,0.11171590121905112
P1,R04,testing,02,82,1,1.0,0.5005719439858682,0.13279354075379016,0.11204503596794434
P1,R04,testing,02,83,1,1.0,0.5005719439858682,0.13279354075379016,0.11237230275727493
P1,R04,testing,02,84,1,1.0,0.5005719439858682,0.13279354075379016,0.11269767957887492
P1,R04,testing,02,85,1,1.0,0.5005719439858682,0.13279354075379016,0.1130211445039545
P1,R04,testing,02,86,1,1.0,0.5005719439858682,0.13279354075379016,0.11334267568555013
P1,R04,testing,02,87,1,1.0,0.5005719439858682,0.13279354075379016,0.11366225136096922
P1,R04,testing,02,88,1,1.0,0.5005719439858682,0.13279354075379016,0.11397984985423108
P1,R04,testing,02,89,1,1.0,0.5005719439858682,0.13279354075379016,0.11429544957850395
P1,R04,testing,02,90,1,1.0,0.5005719439858682,0.13279354075379016,0.1146090290385375
P1,R04,testing,02,91,1,1.0,0.5005719439858682,0.13279354075379016,0.11492056683309056
P1,R04,testing,02,92,1,1.0,0.5005719439858682,0.13279354075379016,0.11523004165735366
P1,R04,testing,02,93,1,1.0,0.5005719439858682,0.13279354075379016,0.11553743230536602
P1,R04,testing,02,94,1,1.0,0.5005719439858682,0.13279354075379016,0.11584271767242647
P1,R04,testing,02,95,1,1.0,0.5005719439858682,0.13279354075379016,0.11614587675749816
P1,R04,testing,02,96,1,0.0,0.0,0.13112815196316308,0.11498650631578525
P1,R04,testing,02,97,1,0.0,0.0,0.13112815196316308,0.11528160240224701
P1,R04,testing,02,98,1,0.0,0.0,0.13112815196316308,0.11557453729767454
P1,R04,testing,02,99,1,0.0,0.0,0.13112815196316308,0.11586529069747244
P1,R04,testing,02,100,1,0.0,0.0,0.13112815196316308,0.11615384241117498
P1,R04,testing,02,101,1,0.0,0.0,0.13112815196316308,0.1164401723647751
P1,R04,testing,02,102,1,0.0,0.0,0.13112815196316308,0.1167242606030445
P1,R04,testing,02,103,1,0.0,0.0,0.13112815196316308,0.11700608729184465
P1,R04,testing,02,104,1,0.0,0.0,0.13112815196316308,0.11728563272042787
P1,R04,testing,02,105,1,0.0,0.0,0.13112815196316308,0.11756287730372861
P1,R04,testing,02,106,1,0.0,0.0,0.13112815196316308,0.11783780158464431
P1,R04,testing,02,107,1,0.0,0.0,0.13112815196316308,0.11811038623630545
P1,R04,testing,02,108,1,0.0,0.0,0.13112815196316308,0.11838061206433449
P1,R04,testing,02,109,1,0.0,0.0,0.13112815196316308,0.11864846000909342
P1,R04,testing,02,110,1,0.0,0.0,0.13112815196316308,0.11891391114791923
P1,R04,testing,02,111,1,0.0,0.0,0.13112815196316308,0.1191769466973474
P1,R04,testing,02,112,1,0.0,0.0,0.1284275743150117,0.11697773776335778
P1,R04,testing,02,113,1,0.0,0.0,0.1284275743150117,0.11723056979433534
P1,R04,testing,02,114,1,0.0,0.0,0.1284275743150117,0.11748098163457507
P1,R04,testing,02,115,1,0.0,0.0,0.1284275743150117,0.11772895545430744
P1,R04,testing,02,116,1,0.0,0.0,0.1284275743150117,0.11797447357079031
P1,R04,testing,02,117,1,0.0,0.0,0.1284275743150117,0.11821751845040743
P1,R04,testing,02,118,1,0.0,0.0,0.1284275743150117,0.11845807271075207
P1,R04,testing,02,119,1,0.0,0.0,0.1284275743150117,0.11869611912269615
P1,R04,testing,02,120,1,0.0,0.0,0.1284275743150117,0.11893164061244413
P1,R04,testing,02,121,1,0.0,0.0,0.1284275743150117,0.11916462026357147
P1,R04,testing,02,122,1,0.0,0.0,0.1284275743150117,0.11939504131904716
P1,R04,testing,02,123,1,0.0,0.0,0.1284275743150117,0.11962288718324027
P1,R04,testing,02,124,1,0.0,0.0,0.1284275743150117,0.11984814142390979
P1,R04,testing,02,125,1,0.0,0.0,0.1284275743150117,0.1200707877741779
P1,R04,testing,02,126,1,0.0,0.0,0.1284275743150117,0.12029081013448584
P1,R04,testing,02,127,1,0.0,0.0,0.1284275743150117,0.12050819257453241
P1,R04,testing,02,128,1,0.0,0.0,0.09829121157775245,0.09239450382792572
P1,R04,testing,02,129,1,0.0,0.0,0.09829121157775245,0.09255679912673227
P1,R04,testing,02,130,1,0.0,0.0,0.09829121157775245,0.09271703819509089
P1,R04,testing,02,131,1,0.0,0.0,0.09829121157775245,0.09287520937356933
P1,R04,testing,02,132,1,0.0,0.0,0.09829121157775245,0.09303130113948416
P1,R04,testing,02,133,1,0.0,0.0,0.09829121157775245,0.0931853021082989
P1,R04,testing,02,134,1,0.0,0.0,0.09829121157775245,0.09333720103500706
P1,R04,testing,02,135,1,0.0,0.0,0.09829121157775245,0.09348698681549993
P1,R04,testing,02,136,1,0.0,0.0,0.09829121157775245,0.09363464848791857
P1,R04,testing,02,137,1,0.0,0.0,0.09829121157775245,0.09378017523399038
P1,R04,testing,02,138,1,0.0,0.0,0.09829121157775245,0.09392355638034935
P1,R04,testing,02,139,1,0.0,0.0,0.09829121157775245,0.09406478139984022
P1,R04,testing,02,140,1,0.0,0.0,0.09829121157775245,0.09420383991280609
P1,R04,testing,02,141,1,0.0,0.0,0.09829121157775245,0.09434072168835948
P1,R04,testing,02,142,1,0.0,0.0,0.09829121157775245,0.09447541664563627
P1,R04,testing,02,143,1,0.0,0.0,0.09829121157775245,0.09460791485503278
P1,R04,testing,02,144,1,0.0,0.0,0.06941306306432449,0.06690393779427758
P1,R04,testing,02,145,1,0.0,0.0,0.06941306306432449,0.06699438448947015
P1,R04,testing,02,146,1,0.0,0.0,0.06941306306432449,0.06708325945823732
P1,R04,testing,02,147,1,0.0,0.0,0.06941306306432449,0.06717055612407972
P1,R04,testing,02,148,1,0.0,0.0,0.06941306306432449,0.06725626802149894
P1,R04,testing,02,149,1,0.0,0.0,0.06941306306432449,0.06734038879679542
P1,R04,testing,02,150,1,0.0,0.0,0.06941306306432449,0.06742291220885331
P1,R04,testing,02,151,1,0.0,0.0,0.06941306306432449,0.06750383212991207
P1,R04,testing,02,152,1,0.0,0.0,0.06941306306432449,0.06758314254632464
P1,R04,testing,02,153,1,0.0,0.0,0.06941306306432449,0.06766083755930224
P1,R04,testing,02,154,1,0.0,0.0,0.06941306306432449,0.0677369113856455
P1,R04,testing,02,155,1,0.0,0.0,0.06941306306432449,0.06781135835846167
P1,R04,testing,02,156,1,0.0,0.0,0.06941306306432449,0.06788417292786829
P1,R04,testing,02,157,1,0.0,0.0,0.06941306306432449,0.06795534966168248
P1,R04,testing,02,158,1,0.0,0.0,0.06941306306432449,0.0680248832460965
P1,R04,testing,02,159,1,0.0,0.0,0.06941306306432449,0.06809276848633866
P1,R04,testing,02,160,1,0.0,0.0,0.09705772834519671,0.09530421860187431
P1,R04,testing,02,161,1,0.0,0.0,0.09705772834519671,0.09539450927333391
P1,R04,testing,02,162,1,0.0,0.0,0.09705772834519671,0.09548247434250844
P1,R04,testing,02,163,1,0.0,0.0,0.09705772834519671,0.09556810722035608
P1,R04,testing,02,164,1,0.0,0.0,0.09705772834519671,0.0956514014885969
P1,R04,testing,02,165,1,0.0,0.0,0.09705772834519671,0.0957323509005145
P1,R04,testing,02,166,1,0.0,0.0,0.09705772834519671,0.09581094938173686
P1,R04,testing,02,167,1,0.0,0.0,0.09705772834519671,0.09588719103099588
P1,R04,testing,02,168,1,0.0,0.0,0.09705772834519671,0.09596107012086594
P1,R04,testing,02,169,1,0.0,0.0,0.09705772834519671,0.09603258109848087
P1,R04,testing,02,170,1,0.0,0.0,0.09705772834519671,0.09610171858622951
P1,R04,testing,02,171,1,0.0,0.0,0.09705772834519671,0.09616847738242985
P1,R04,testing,02,172,1,0.0,0.0,0.09705772834519671,0.09623285246198107
P1,R04,testing,02,173,1,0.0,0.0,0.09705772834519671,0.09629483897699403
P1,R04,testing,02,174,1,0.0,0.0,0.09705772834519671,0.09635443225739977
P1,R04,testing,02,175,1,0.0,0.0,0.09705772834519671,0.09641162781153584
P1,R04,testing,02,176,1,0.0,0.49942805601413176,0.09743500414931167,0.0968413986448143
P1,R04,testing,02,177,1,0.0,0.49942805601413176,0.09743500414931167,0.09689398962415156
P1,R04,testing,02,178,1,0.0,0.49942805601413176,0.09743500414931167,0.09694416110973661
P1,R04,testing,02,179,1,0.0,0.49942805601413176,0.09743500414931167,0.0969919093142877
P1,R04,testing,02,180,1,0.0,0.49942805601413176,0.09743500414931167,0.0970372306322308
P1,R04,testing,02,181,1,0.0,0.49942805601413176,0.09743500414931167,0.09708012164015338
P1,R04,testing,02,182,1,0.0,0.49942805601413176,0.09743500414931167,0.09712057909723541
P1,R04,testing,02,183,1,0.0,0.49942805601413176,0.09743500414931167,0.09715859994565744
P1,R04,testing,02,184,1,0.0,0.49942805601413176,0.09743500414931167,0.09719418131098578
P1,R04,testing,02,185,1,0.0,0.49942805601413176,0.09743500414931167,0.09722732050253478
P1,R04,testing,02,186,1,0.0,0.49942805601413176,0.09743500414931167,0.09725801501370583
P1,R04,testing,02,187,1,0.0,0.49942805601413176,0.09743500414931167,0.09728626252230335
P1,R04,testing,02,188,1,0.0,0.49942805601413176,0.09743500414931167,0.09731206089082774
P1,R04,testing,02,189,1,0.0,0.49942805601413176,0.09743500414931167,0.09733540816674474
P1,R04,testing,02,190,1,0.0,0.49942805601413176,0.09743500414931167,0.09735630258273192
P1,R04,testing,02,191,1,0.0,0.49942805601413176,0.09743500414931167,0.09737474255690154
P1,R04,testing,02,192,1,0.0,0.0,0.09705895321031531,0.09701484664309204
P1,R04,testing,02,193,1,0.0,0.0,0.09705895321031531,0.09702832152280716
P1,R04,testing,02,194,1,0.0,0.0,0.09705895321031531,0.0970393478164751
P1,R04,testing,02,195,1,0.0,0.0,0.09705895321031531,0.09704792468894455
P1,R04,testing,02,196,1,0.0,0.0,0.09705895321031531,0.0970540514905441
P1,R04,testing,02,197,1,0.0,0.0,0.09705895321031531,0.09705772775716409
P1,R04,testing,02,198,1,0.0,0.0,0.09705895321031531,0.09705895321031531
P1,R04,testing,02,199,1,0.0,0.0,0.09705895321031531,0.09705772775716409
P1,R04,testing,02,200,1,0.0,0.0,0.09705895321031531,0.0970540514905441
P1,R04,testing,02,201,1,0.0,0.0,0.09705895321031531,0.09704792468894455
P1,R04,testing,02,202,1,0.0,0.0,0.09705895321031531,0.0970393478164751
P1,R04,testing,02,203,1,0.0,0.0,0.09705895321031531,0.09702832152280716
P1,R04,testing,02,204,1,0.0,0.0,0.09705895321031531,0.09701484664309204
P1,R04,testing,02,205,1,0.0,0.0,0.09705895321031531,0.09699892419785537
P1,R04,testing,02,206,1,0.0,0.0,0.09705895321031531,0.09698055539286835
P1,R04,testing,02,207,1,0.0,0.0,0.09705895321031531,0.09695974161899557
P1,R04,testing,02,208,1,0.0,0.0,0.06942439352052264,0.06933679398448112
P1,R04,testing,02,209,1,0.0,0.0,0.06942439352052264,0.06931841212978464
P1,R04,testing,02,210,1,0.0,0.0,0.06942439352052264,0.06929828521369354
P1,R04,testing,02,211,1,0.0,0.0,0.06942439352052264,0.06927641475921915
P1,R04,testing,02,212,1,0.0,0.0,0.06942439352052264,0.06925280242097237
P1,R04,testing,02,213,1,0.0,0.0,0.06942439352052264,0.06922744998495495
P1,R04,testing,02,214,1,0.0,0.0,0.06942439352052264,0.06920035936833437
P1,R04,testing,02,215,1,0.0,0.0,0.06942439352052264,0.06917153261920221
P1,R04,testing,02,216,1,0.0,0.0,0.06942439352052264,0.06914097191631614
P1,R04,testing,02,217,1,0.0,0.0,0.06942439352052264,0.06910867956882541
P1,R04,testing,02,218,1,0.0,0.0,0.06942439352052264,0.06907465801598006
P1,R04,testing,02,219,1,0.0,0.0,0.06942439352052264,0.06903890982682385
P1,R04,testing,02,220,1,0.0,0.0,0.06942439352052264,0.06900143769987094
P1,R04,testing,02,221,1,0.0,0.0,0.06942439352052264,0.06896224446276641
P1,R04,testing,02,222,1,0.0,0.0,0.06942439352052264,0.0689213330719306
P1,R04,testing,02,223,1,0.0,0.0,0.06942439352052264,0.06887870661218747
P1,R04,testing,02,224,1,0.0,0.0,0.06974374310414841,0.06915100378629432
P1,R04,testing,02,225,1,0.0,0.0,0.06974374310414841,0.06910474514118611
P1,R04,testing,02,226,1,0.0,0.0,0.06974374310414841,0.06905677360495173
P1,R04,testing,02,227,1,0.0,0.0,0.06974374310414841,0.06900709278852814
P1,R04,testing,02,228,1,0.0,0.0,0.06974374310414841,0.06895570642974007
P1,R04,testing,02,229,1,0.0,0.0,0.06974374310414841,0.06890261839283135
P1,R04,testing,02,230,1,0.0,0.0,0.06974374310414841,0.06884783266798061
P1,R04,testing,02,231,1,0.0,0.0,0.06974374310414841,0.0687913533708014
P1,R04,testing,02,232,1,0.0,0.0,0.06974374310414841,0.06873318474182695
P1,R04,testing,02,233,1,0.0,0.0,0.06974374310414841,0.06867333114597961
P1,R04,testing,02,234,1,0.0,0.0,0.06974374310414841,0.06861179707202483
P1,R04,testing,02,235,1,0.0,0.0,0.06974374310414841,0.0685485871320103
P1,R04,testing,02,236,1,0.0,0.0,0.06974374310414841,0.06848370606068971
P1,R04,testing,02,237,1,0.0,0.0,0.06974374310414841,0.06841715871493176
P1,R04,testing,02,238,1,0.0,0.0,0.06974374310414841,0.06834895007311423
P1,R04,testing,02,239,1,0.0,0.0,0.06974374310414841,0.06827908523450327
P1,R04,testing,02,240,1,0.0,0.0,0.06942985693757409,0.0679005968997473
P1,R04,testing,02,241,1,0.0,0.0,0.06942985693757409,0.06782776471350323
P1,R04,testing,02,242,1,0.0,0.0,0.06942985693757409,0.0677532997289041
P1,R04,testing,02,243,1,0.0,0.0,0.06942985693757409,0.06767720749717518
P1,R04,testing,02,244,1,0.0,0.0,0.06942985693757409,0.06759949368658019
P1,R04,testing,02,245,1,0.0,0.0,0.06942985693757409,0.06752016408171777
P1,R04,testing,02,246,1,0.0,0.0,0.06942985693757409,0.06743922458280381
P1,R04,testing,02,247,1,0.0,0.0,0.06942985693757409,0.06735668120494033
P1,R04,testing,02,248,1,0.0,0.0,0.06942985693757409,0.06727254007737044
P1,R04,testing,02,249,1,0.0,0.0,0.06942985693757409,0.06718680744271995
P1,R04,testing,02,250,1,0.0,0.0,0.06942985693757409,0.06709948965622567
P1,R04,testing,02,251,1,0.0,0.0,0.06942985693757409,0.06701059318495026
P1,R04,testing,02,252,1,0.0,0.0,0.06942985693757409,0.06692012460698422
P1,R04,testing,02,253,1,0.0,0.0,0.06942985693757409,0.06682809061063479
P1,R04,testing,02,254,1,0.0,0.0,0.06942985693757409,0.06673449799360202
P1,R04,testing,02,255,1,0.0,0.0,0.06942985693757409,0.0666393536621422
P1,R04,testing,02,256,1,0.0,0.0,0.06849119878595153,0.06564303992492808
P1,R04,testing,02,257,1,0.0,0.0,0.06849119878595153,0.06554614128972415
P1,R04,testing,02,258,1,0.0,0.0,0.06849119878595153,0.0654477329912788
P1,R04,testing,02,259,1,0.0,0.0,0.06849119878595153,0.06534782226233574
P1,R04,testing,02,260,1,0.0,0.0,0.06849119878595153,0.06524641643841839
P1,R04,testing,02,261,1,0.0,0.0,0.06849119878595153,0.0651435229569326
P1,R04,testing,02,262,1,0.0,0.0,0.06849119878595153,0.06503914935625793
P1,R04,testing,02,263,1,0.0,0.0,0.06849119878595153,0.06493330327482763
P1,R04,testing,02,264,1,0.0,0.0,0.06849119878595153,0.06482599245019732
P1,R04,testing,02,265,1,0.0,0.0,0.06849119878595153,0.06471722471810293
P1,R04,testing,02,266,1,0.0,0.0,0.06849119878595153,0.0646070080115075
P1,R04,testing,02,267,1,0.0,0.0,0.06849119878595153,0.06449535035963753
P1,R04,testing,02,268,1,0.0,0.0,0.06849119878595153,0.06438225988700874
P1,R04,testing,02,269,1,0.0,0.0,0.06849119878595153,0.06426774481244141
P1,R04,testing,02,270,1,0.0,0.0,0.06849119878595153,0.06415181344806568
P1,R04,testing,02,271,1,0.0,0.0,0.06849119878595153,0.0640344741983167
P1,R04,testing,02,272,1,1.0,0.5007402174073085,0.06695294145750648,0.06248023946060044
P1,R04,testing,02,273,1,1.0,0.5007402174073085,0.06695294145750648,0.0623628080283785
P1,R04,testing,02,274,1,1.0,0.5007402174073085,0.06695294145750648,0.06224402550921919
P1,R04,testing,02,275,1,1.0,0.5007402174073085,0.06695294145750648,0.06212390046971638
P1,R04,testing,02,276,1,1.0,0.5007402174073085,0.06695294145750648,0.06200244156164374
P1,R04,testing,02,277,1,1.0,0.5007402174073085,0.06695294145750648,0.06187965752091738
P1,R04,testing,02,278,1,1.0,0.5007402174073085,0.06695294145750648,0.061755557166549804
P1,R04,testing,02,279,1,1.0,0.5007402174073085,0.06695294145750648,0.06163014939959546
P1,R04,testing,02,280,1,1.0,0.5007402174073085,0.06695294145750648,0.06150344320208809
P1,R04,testing,02,281,1,1.0,0.5007402174073085,0.06695294145750648,0.0613754476359699
P1,R04,testing,02,282,1,1.0,0.5007402174073085,0.06695294145750648,0.06124617184201298
P1,R04,testing,02,283,1,1.0,0.5007402174073085,0.06695294145750648,0.06111562503873292
P1,R04,testing,02,284,1,1.0,0.5007402174073085,0.06695294145750648,0.06098381652129489
P1,R04,testing,02,285,1,1.0,0.5007402174073085,0.06695294145750648,0.06085075566041245
P1,R04,testing,02,286,1,1.0,0.5007402174073085,0.06695294145750648,0.06071645190123911
P1,R04,testing,02,287,1,1.0,0.5007402174073085,0.06695294145750648,0.06058091476225292
P1,R04,testing,02,288,1,0.0,0.0,0.06485585340683972,0.058550932864616864
P1,R04,testing,02,289,1,0.0,0.0,0.06485585340683972,0.058417279439116614
P1,R04,testing,02,290,1,0.0,0.0,0.06485585340683972,0.05828245934179643
P1,R04,testing,02,291,1,0.0,0.0,0.06485585340683972,0.058146482066176335
P1,R04,testing,02,292,1,0.0,0.0,0.06485585340683972,0.058009357171306744
P1,R04,testing,02,293,1,0.0,0.0,0.06485585340683972,0.0578710942806512
P1,R04,testing,02,294,1,0.0,0.0,0.06485585340683972,0.05773170308096365
P1,R04,testing,02,295,1,0.0,0.0,0.06485585340683972,0.05759119332116024
P1,R04,testing,02,296,1,0.0,0.0,0.06485585340683972,0.05744957481118617
P1,R04,testing,02,297,1,0.0,0.0,0.06485585340683972,0.05730685742087748
P1,R04,testing,02,298,1,0.0,0.0,0.06485585340683972,0.057163051078818077
P1,R04,testing,02,299,1,0.0,0.0,0.06485585340683972,0.057018165771192196
P1,R04,testing,02,300,1,0.0,0.0,0.06485585340683972,0.05687221154063252
P1,R04,testing,02,301,1,0.0,0.0,0.06485585340683972,0.05672519848506394
P1,R04,testing,02,302,1,0.0,0.0,0.06485585340683972,0.05657713675654345
P1,R04,testing,02,303,1,0.0,0.0,0.06485585340683972,0.05642803656009613
P1,R04,testing,02,304,1,0.0,0.0,0.03580156517074205,0.03106638939368233
P1,R04,testing,02,305,1,0.0,0.0,0.03580156517074205,0.03098295398690978
P1,R04,testing,02,306,1,0.0,0.0,0.03580156517074205,0.030898962396720013
P1,R04,testing,02,307,1,0.0,0.0,0.03580156517074205,0.030814420366958094
P1,R04,testing,02,308,1,0.0,0.0,0.03580156517074205,0.0307293336674674
P1,R04,testing,02,309,1,0.0,0.0,0.03580156517074205,0.030643708093436462
P1,R04,testing,02,310,1,0.0,0.0,0.03580156517074205,0.030557549464744475
P1,R04,testing,02,311,1,0.0,0.0,0.03580156517074205,0.030470863625305454
P1,R04,testing,02,312,1,0.0,0.0,0.03580156517074205,0.03038365644241124
P1,R04,testing,02,313,1,0.0,0.0,0.03580156517074205,0.03029593380607339
P1,R04,testing,02,314,1,0.0,0.0,0.03580156517074205,0.030207701628364062
P1,R04,testing,02,315,1,0.0,0.0,0.03580156517074205,0.030118965842756057
P1,R04,testing,02,316,1,0.0,0.0,0.03580156517074205,0.030029732403462038
P1,R04,testing,02,317,1,0.0,0.0,0.03580156517074205,0.02994000728477309
P1,R04,testing,02,318,1,0.0,0.0,0.03580156517074205,0.029849796480396686
P1,R04,testing,02,319,1,0.0,0.0,0.03580156517074205,0.029759106002794175
P1,R04,testing,02,320,1,0.0,0.0,0.034917621377153055,0.028935437787500237
P1,R04,testing,02,321,1,0.0,0.0,0.034917621377153055,0.028846068467634017
P1,R04,testing,02,322,1,0.0,0.0,0.034917621377153055,0.028756249013033995
P1,R04,testing,02,323,1,0.0,0.0,0.034917621377153055,0.028665985354409347
P1,R04,testing,02,324,1,0.0,0.0,0.034917621377153055,0.02857528343752584
P1,R04,testing,02,325,1,0.0,0.0,0.034917621377153055,0.028484149222558923
P1,R04,testing,02,326,1,0.0,0.0,0.034917621377153055,0.028392588683447097
P1,R04,testing,02,327,1,0.0,0.0,0.034917621377153055,0.028300607807245567
P1,R04,testing,02,328,1,0.0,0.0,0.034917621377153055,0.028208212593480338
P1,R04,testing,02,329,1,0.0,0.0,0.034917621377153055,0.028115409053502797
P1,R04,testing,02,330,1,0.0,0.0,0.034917621377153055,0.02802220320984493
P1,R04,testing,02,331,1,0.0,0.0,0.034917621377153055,0.02792860109557522
P1,R04,testing,02,332,1,0.0,0.0,0.034917621377153055,0.027834608753655368
P1,R04,testing,02,333,1,0.0,0.0,0.034917621377153055,0.027740232236297888
P1,R04,testing,02,334,1,0.0,0.0,0.034917621377153055,0.02764547760432468
P1,R04,testing,02,335,1,0.0,0.0,0.034917621377153055,0.027550350926526718
P1,R04,testing,02,336,1,0.0,0.0,0.033716644324609975,0.026510559856810337
P1,R04,testing,02,337,1,0.0,0.0,0.033716644324609975,0.02641800413043868
P1,R04,testing,02,338,1,0.0,0.0,0.033716644324609975,0.026325106774780213
P1,R04,testing,02,339,1,0.0,0.0,0.033716644324609975,0.026231873674513257
P1,R04,testing,02,340,1,0.0,0.0,0.033716644324609975,0.026138310718938365
P1,R04,testing,02,341,1,0.0,0.0,0.033716644324609975,0.026044423801368163
P1,R04,testing,02,342,1,0.0,0.0,0.033716644324609975,0.025950218818518854
P1,R04,testing,02,343,1,0.0,0.0,0.033716644324609975,0.025855701669903457
P1,R04,testing,02,344,1,0.0,0.0,0.033716644324609975,0.025760878257226876
P1,R04,testing,02,345,1,0.0,0.0,0.033716644324609975,0.0256657544837829
P1,R04,testing,02,346,1,0.0,0.0,0.033716644324609975,0.025570336253853215
P1,R04,testing,02,347,1,0.0,0.0,0.033716644324609975,0.02547462947210849
P1,R04,testing,02,348,1,0.0,0.0,0.033716644324609975,0.025378640043011613
P1,R04,testing,02,349,1,0.0,0.0,0.033716644324609975,0.02528237387022323
P1,R04,testing,02,350,1,0.0,0.0,0.033716644324609975,0.025185836856009572
P1,R04,testing,02,351,1,0.0,0.0,0.033716644324609975,0.02508903490065273
P1,R04,testing,02,352,1,0.0,0.0,0.03223302707018942,0.02389226411621995
P1,R04,testing,02,353,0,0.0,0.0,0.03223302707018942,0.02379923203610334
P1,R04,testing,02,354,0,0.0,0.0,0.03223302707018942,0.02370596357790269
P1,R04,testing,02,355,0,0.0,0.0,0.03223302707018942,0.02361246436909636
P1,R04,testing,02,356,0,0.0,0.0,0.03223302707018942,0.023518740032484175
P1,R04,testing,02,357,0,0.0,0.0,0.03223302707018942,0.02342479618563907
P1,R04,testing,02,358,0,0.0,0.0,0.03223302707018942,0.023330638440361567
P1,R04,testing,02,359,0,0.0,0.0,0.03223302707018942,0.023236272402137124
P1,R04,testing,02,360,0,0.0,0.0,0.03223302707018942,0.023141703669596496
P1,R04,testing,02,361,0,0.0,0.0,0.03223302707018942,0.02304693783397909
P1,R04,testing,02,362,0,0.0,0.0,0.03223302707018942,0.022951980478599456
P1,R04,testing,02,363,0,0.0,0.0,0.03223302707018942,0.022856837178316956
P1,R04,testing,02,364,0,0.0,0.0,0.03223302707018942,0.022761513499008658
P1,R04,testing,02,365,0,0.0,0.0,0.03223302707018942,0.02266601499704556
P1,R04,testing,02,366,0,0.0,0.0,0.03223302707018942,0.022570347218772168
P1,R04,testing,02,367,0,0.0,0.0,0.03223302707018942,0.022474515699989553
P1,R04,testing,02,368,0,0.0,0.0,0.03050808139551688,0.021180942459382113
P1,R04,testing,02,369,0,0.0,0.0,0.03050808139551688,0.021089945070545353
P1,R04,testing,02,370,0,0.0,0.0,0.03050808139551688,0.020998808357690697
P1,R04,testing,02,371,0,0.0,0.0,0.03050808139551688,0.02090753751562892
P1,R04,testing,02,372,0,0.0,0.0,0.03050808139551688,0.020816137726795983
P1,R04,testing,02,373,0,0.0,0.0,0.03050808139551688,0.020724614160784513
P1,R04,testing,02,374,0,0.0,0.0,0.03050808139551688,0.020632971973878905
P1,R04,testing,02,375,0,0.0,0.0,0.03050808139551688,0.020541216308594182
P1,R04,testing,02,376,0,0.0,0.0,0.03050808139551688,0.020449352293218617
P1,R04,testing,02,377,0,0.0,0.0,0.03050808139551688,0.020357385041360147
P1,R04,testing,02,378,0,0.0,0.0,0.03050808139551688,0.020265319651496687
P1,R04,testing,02,379,0,0.0,0.0,0.03050808139551688,0.020173161206530364
P1,R04,testing,02,380,0,0.0,0.0,0.03050808139551688,0.020080914773345705
P1,R04,testing,02,381,0,0.0,0.0,0.03050808139551688,0.019988585402371868
P1,R04,testing,02,382,0,0.0,0.0,0.03050808139551688,0.019896178127148927
P1,R04,testing,02,383,0,0.0,0.0,0.03050808139551688,0.019803697963898276
P1,R04,testing,02,384,0,0.0,0.0,0.028588130445808355,0.0184706772474436
P1,R04,testing,02,385,0,0.0,0.0,0.028588130445808355,0.0183838945281643
P1,R04,testing,02,386,0,0.0,0.0,0.028588130445808355,0.018297057508159933
P1,R04,testing,02,387,0,0.0,0.0,0.028588130445808355,0.01821017081910635
P1,R04,testing,02,388,0,0.0,0.0,0.028588130445808355,0.01812323907449718
P1,R04,testing,02,389,0,0.0,0.0,0.028588130445808355,0.01803626686926529
P1,R04,testing,02,390,0,0.0,0.0,0.028588130445808355,0.017949258779408388
P1,R04,testing,02,391,0,0.0,0.0,0.028588130445808355,0.01786221936161879
P1,R04,testing,02,392,0,0.0,0.0,0.028588130445808355,0.017775153152917413
P1,R04,testing,02,393,0,0.0,0.0,0.028588130445808355,0.01768806467029202
P1,R04,testing,02,394,0,0.0,0.0,0.028588130445808355,0.017600958410339724
P1,R04,testing,02,395,0,0.0,0.0,0.028588130445808355,0.017513838848913842
P1,R04,testing,02,396,0,0.0,0.0,0.028588130445808355,0.01742671044077505
P1,R04,testing,02,397,0,0.0,0.0,0.028588130445808355,0.01733957761924696
P2,R04,testing,02,0,0,0.0,0.0,0.0,0.0
P2,R04,testing,02,1,0,0.0,0.0,0.0,0.0
P2,R04,testing,02,2,0,0.0,0.0,0.0,0.0
P2,R04,testing,02,3,0,0.0,0.0,0.0,0.0
P2,R04,testing,02,4,0,0.0,0.0,0.0,0.0
P2,R04,testing,02,5,0,0.0,0.0,0.0,0.0
P2,R04,testing,02,6,0,0.0,0.0,0.0,0.0
P2,R04,testing,02,7,0,0.0,0.0,0.0,0.0
P2,R04,testing,02,8,0,0.0,0.0,0.0,0.0
P2,R04,testing,02,9,0,0.0,0.0,0.0,0.0
P2,R04,testing,02,10,0,0.0,0.0,0.0,0.0
P2,R04,testing,02,11,0,0.0,0.0,0.0,0.0
P2,R04,testing,02,12,0,0.0,0.0,0.0,0.0
P2,R04,testing,02,13,0,0.0,0.0,0.0,0.0
P2,R04,testing,02,14,0,0.0,0.0,0.0,0.0
P2,R04,testing,02,15,0,0.0,0.0,0.0,0.0
P2,R04,testing,02,16,0,0.0,0.0,0.0,0.0
P2,R04,testing,02,17,0,0.0,0.0,0.0,0.0
P2,R04,testing,02,18,0,0.0,0.0,0.0,0.0
P2,R04,testing,02,19,0,0.0,0.0,0.0,0.0
P2,R04,testing,02,20,0,0.0,0.0,0.0,0.0
P2,R04,testing,02,21,0,0.0,0.0,0.0,0.0
P2,R04,testing,02,22,0,0.0,0.0,0.0,0.0
P2,R04,testing,02,23,0,0.0,0.0,0.0,0.0
P2,R04,testing,02,24,0,0.0,0.0,0.0,0.0
P2,R04,testing,02,25,0,0.0,0.0,0.0,0.0
P2,R04,testing,02,26,0,0.0,0.0,0.0,0.0
P2,R04,testing,02,27,0,0.0,0.0,0.0,0.0
P2,R04,testing,02,28,0,0.0,0.0,0.0,0.0
P2,R04,testing,02,29,0,0.0,0.0,0.0,0.0
P2,R04,testing,02,30,0,0.0,0.0,0.0,0.0
P2,R04,testing,02,31,0,0.0,0.0,0.0,0.0
P2,R04,testing,02,32,0,0.0,0.0,0.0,0.0
P2,R04,testing,02,33,0,0.0,0.0,0.0,0.0
P2,R04,testing,02,34,0,0.0,0.0,0.0,0.0
P2,R04,testing,02,35,0,0.0,0.0,0.0,0.0
P2,R04,testing,02,36,0,0.0,0.0,0.0,0.0
P2,R04,testing,02,37,0,0.0,0.0,0.0,0.0
P2,R04,testing,02,38,0,0.0,0.0,0.0,0.0
P2,R04,testing,02,39,0,0.0,0.0,0.0,0.0
P2,R04,testing,02,40,0,0.0,0.0,0.0,0.0
P2,R04,testing,02,41,0,0.0,0.0,0.0,0.0
P2,R04,testing,02,42,0,0.0,0.0,0.0,0.0
P2,R04,testing,02,43,0,0.0,0.0,0.0,0.0
P2,R04,testing,02,44,0,0.0,0.0,0.0,0.0
P2,R04,testing,02,45,0,0.0,0.0,0.0,0.0
P2,R04,testing,02,46,0,0.0,0.0,0.0,0.0
P2,R04,testing,02,47,0,0.0,0.0,0.0,0.0
P2,R04,testing,02,48,0,0.0,0.0,0.0,0.0
P2,R04,testing,02,49,0,0.0,0.0,0.0,0.0
P2,R04,testing,02,50,0,0.0,0.0,0.0,0.0
P2,R04,testing,02,51,0,0.0,0.0,0.0,0.0
P2,R04,testing,02,52,0,0.0,0.0,0.0,0.0
P2,R04,testing,02,53,0,0.0,0.0,0.0,0.0
P2,R04,testing,02,54,0,0.0,0.0,0.0,0.0
P2,R04,testing,02,55,0,0.0,0.0,0.0,0.0
P2,R04,testing,02,56,0,0.0,0.0,0.0,0.0
P2,R04,testing,02,57,0,0.0,0.0,0.0,0.0
P2,R04,testing,02,58,0,0.0,0.0,0.0,0.0
P2,R04,testing,02,59,0,0.0,0.0,0.0,0.0
P2,R04,testing,02,60,0,0.0,0.0,0.0,0.0
P2,R04,testing,02,61,0,0.0,0.0,0.0,0.0
P2,R04,testing,02,62,0,0.0,0.0,0.0,0.0
P2,R04,testing,02,63,0,0.0,0.0,0.0,0.0
P2,R04,testing,02,64,0,0.0,0.0,0.0,0.0
P2,R04,testing,02,65,0,0.0,0.0,0.0,0.0
P2,R04,testing,02,66,0,0.0,0.0,0.0,0.0
P2,R04,testing,02,67,1,0.0,0.0,0.0,0.0
P2,R04,testing,02,68,1,0.0,0.0,0.0,0.0
P2,R04,testing,02,69,1,0.0,0.0,0.0,0.0
P2,R04,testing,02,70,1,0.0,0.0,0.0,0.0
P2,R04,testing,02,71,1,0.0,0.0,0.0,0.0
P2,R04,testing,02,72,1,0.0,0.0,0.0,0.0
P2,R04,testing,02,73,1,0.0,0.0,0.0,0.0
P2,R04,testing,02,74,1,0.0,0.0,0.0,0.0
P2,R04,testing,02,75,1,0.0,0.0,0.0,0.0
P2,R04,testing,02,76,1,0.0,0.0,0.0,0.0
P2,R04,testing,02,77,1,0.0,0.0,0.0,0.0
P2,R04,testing,02,78,1,0.0,0.0,0.0,0.0
P2,R04,testing,02,79,1,0.0,0.0,0.0,0.0
P2,R04,testing,02,80,1,0.0,0.0,0.0,0.0
P2,R04,testing,02,81,1,0.0,0.0,0.0,0.0
P2,R04,testing,02,82,1,0.0,0.0,0.0,0.0
P2,R04,testing,02,83,1,0.0,0.0,0.0,0.0
P2,R04,testing,02,84,1,0.0,0.0,0.0,0.0
P2,R04,testing,02,85,1,0.0,0.0,0.0,0.0
P2,R04,testing,02,86,1,0.0,0.0,0.0,0.0
P2,R04,testing,02,87,1,0.0,0.0,0.0,0.0
P2,R04,testing,02,88,1,0.0,0.0,0.0,0.0
P2,R04,testing,02,89,1,0.0,0.0,0.0,0.0
P2,R04,testing,02,90,1,0.0,0.0,0.0,0.0
P2,R04,testing,02,91,1,0.0,0.0,0.0,0.0
P2,R04,testing,02,92,1,0.0,0.0,0.0,0.0
P2,R04,testing,02,93,1,0.0,0.0,0.0,0.0
P2,R04,testing,02,94,1,0.0,0.0,0.0,0.0
P2,R04,testing,02,95,1,0.0,0.0,0.0,0.0
P2,R04,testing,02,96,1,0.0,0.0,0.0,0.0
P2,R04,testing,02,97,1,0.0,0.0,0.0,0.0
P2,R04,testing,02,98,1,0.0,0.0,0.0,0.0
P2,R04,testing,02,99,1,0.0,0.0,0.0,0.0
P2,R04,testing,02,100,1,0.0,0.0,0.0,0.0
P2,R04,testing,02,101,1,0.0,0.0,0.0,0.0
P2,R04,testing,02,102,1,0.0,0.0,0.0,0.0
P2,R04,testing,02,103,1,0.0,0.0,0.0,0.0
P2,R04,testing,02,104,1,0.0,0.0,0.0,0.0
P2,R04,testing,02,105,1,0.0,0.0,0.0,0.0
P2,R04,testing,02,106,1,0.0,0.0,0.0,0.0
P2,R04,testing,02,107,1,0.0,0.0,0.0,0.0
P2,R04,testing,02,108,1,0.0,0.0,0.0,0.0
P2,R04,testing,02,109,1,0.0,0.0,0.0,0.0
P2,R04,testing,02,110,1,0.0,0.0,0.0,0.0
P2,R04,testing,02,111,1,0.0,0.0,0.0,0.0
P2,R04,testing,02,112,1,0.0,0.0,0.0,0.0
P2,R04,testing,02,113,1,0.0,0.0,0.0,0.0
P2,R04,testing,02,114,1,0.0,0.0,0.0,0.0
P2,R04,testing,02,115,1,0.0,0.0,0.0,0.0
P2,R04,testing,02,116,1,0.0,0.0,0.0,0.0
P2,R04,testing,02,117,1,0.0,0.0,0.0,0.0
P2,R04,testing,02,118,1,0.0,0.0,0.0,0.0
P2,R04,testing,02,119,1,0.0,0.0,0.0,0.0
P2,R04,testing,02,120,1,0.0,0.0,0.0,0.0
P2,R04,testing,02,121,1,0.0,0.0,0.0,0.0
P2,R04,testing,02,122,1,0.0,0.0,0.0,0.0
P2,R04,testing,02,123,1,0.0,0.0,0.0,0.0
P2,R04,testing,02,124,1,0.0,0.0,0.0,0.0
P2,R04,testing,02,125,1,0.0,0.0,0.0,0.0
P2,R04,testing,02,126,1,0.0,0.0,0.0,0.0
P2,R04,testing,02,127,1,0.0,0.0,0.0,0.0
P2,R04,testing,02,128,1,0.0,0.0,0.0,0.0
P2,R04,testing,02,129,1,0.0,0.0,0.0,0.0
P2,R04,testing,02,130,1,0.0,0.0,0.0,0.0
P2,R04,testing,02,131,1,0.0,0.0,0.0,0.0
P2,R04,testing,02,132,1,0.0,0.0,0.0,0.0
P2,R04,testing,02,133,1,0.0,0.0,0.0,0.0
P2,R04,testing,02,134,1,0.0,0.0,0.0,0.0
P2,R04,testing,02,135,1,0.0,0.0,0.0,0.0
P2,R04,testing,02,136,1,0.0,0.0,0.0,0.0
P2,R04,testing,02,137,1,0.0,0.0,0.0,0.0
P2,R04,testing,02,138,1,0.0,0.0,0.0,0.0
P2,R04,testing,02,139,1,0.0,0.0,0.0,0.0
P2,R04,testing,02,140,1,0.0,0.0,0.0,0.0
P2,R04,testing,02,141,1,0.0,0.0,0.0,0.0
P2,R04,testing,02,142,1,0.0,0.0,0.0,0.0
P2,R04,testing,02,143,1,0.0,0.0,0.0,0.0
P2,R04,testing,02,144,1,0.0,0.0,0.0,0.0
P2,R04,testing,02,145,1,0.0,0.0,0.0,0.0
P2,R04,testing,02,146,1,0.0,0.0,0.0,0.0
P2,R04,testing,02,147,1,0.0,0.0,0.0,0.0
P2,R04,testing,02,148,1,0.0,0.0,0.0,0.0
P2,R04,testing,02,149,1,0.0,0.0,0.0,0.0
P2,R04,testing,02,150,1,0.0,0.0,0.0,0.0
P2,R04,testing,02,151,1,0.0,0.0,0.0,0.0
P2,R04,testing,02,152,1,0.0,0.0,0.0,0.0
P2,R04,testing,02,153,1,0.0,0.0,0.0,0.0
P2,R04,testing,02,154,1,0.0,0.0,0.0,0.0
P2,R04,testing,02,155,1,0.0,0.0,0.0,0.0
P2,R04,testing,02,156,1,0.0,0.0,0.0,0.0
P2,R04,testing,02,157,1,0.0,0.0,0.0,0.0
P2,R04,testing,02,158,1,0.0,0.0,0.0,0.0
P2,R04,testing,02,159,1,0.0,0.0,0.0,0.0
P2,R04,testing,02,160,1,0.0,0.0,0.0,0.0
P2,R04,testing,02,161,1,0.0,0.0,0.0,0.0
P2,R04,testing,02,162,1,0.0,0.0,0.0,0.0
P2,R04,testing,02,163,1,0.0,0.0,0.0,0.0
P2,R04,testing,02,164,1,0.0,0.0,0.0,0.0
P2,R04,testing,02,165,1,0.0,0.0,0.0,0.0
P2,R04,testing,02,166,1,0.0,0.0,0.0,0.0
P2,R04,testing,02,167,1,0.0,0.0,0.0,0.0
P2,R04,testing,02,168,1,0.0,0.0,0.0,0.0
P2,R04,testing,02,169,1,0.0,0.0,0.0,0.0
P2,R04,testing,02,170,1,0.0,0.0,0.0,0.0
P2,R04,testing,02,171,1,0.0,0.0,0.0,0.0
P2,R04,testing,02,172,1,0.0,0.0,0.0,0.0
P2,R04,testing,02,173,1,0.0,0.0,0.0,0.0
P2,R04,testing,02,174,1,0.0,0.0,0.0,0.0
P2,R04,testing,02,175,1,0.0,0.0,0.0,0.0
P2,R04,testing,02,176,1,0.0,0.0,0.0,0.0
P2,R04,testing,02,177,1,0.0,0.0,0.0,0.0
P2,R04,testing,02,178,1,0.0,0.0,0.0,0.0
P2,R04,testing,02,179,1,0.0,0.0,0.0,0.0
P2,R04,testing,02,180,1,0.0,0.0,0.0,0.0
P2,R04,testing,02,181,1,0.0,0.0,0.0,0.0
P2,R04,testing,02,182,1,0.0,0.0,0.0,0.0
P2,R04,testing,02,183,1,0.0,0.0,0.0,0.0
P2,R04,testing,02,184,1,0.0,0.0,0.0,0.0
P2,R04,testing,02,185,1,0.0,0.0,0.0,0.0
P2,R04,testing,02,186,1,0.0,0.0,0.0,0.0
P2,R04,testing,02,187,1,0.0,0.0,0.0,0.0
P2,R04,testing,02,188,1,0.0,0.0,0.0,0.0
P2,R04,testing,02,189,1,0.0,0.0,0.0,0.0
P2,R04,testing,02,190,1,0.0,0.0,0.0,0.0
P2,R04,testing,02,191,1,0.0,0.0,0.0,0.0
P2,R04,testing,02,192,1,0.0,0.0,0.0,0.0
P2,R04,testing,02,193,1,0.0,0.0,0.0,0.0
P2,R04,testing,02,194,1,0.0,0.0,0.0,0.0
P2,R04,testing,02,195,1,0.0,0.0,0.0,0.0
P2,R04,testing,02,196,1,0.0,0.0,0.0,0.0
P2,R04,testing,02,197,1,0.0,0.0,0.0,0.0
P2,R04,testing,02,198,1,0.0,0.0,0.0,0.0
P2,R04,testing,02,199,1,0.0,0.0,0.0,0.0
P2,R04,testing,02,200,1,0.0,0.0,0.0,0.0
P2,R04,testing,02,201,1,0.0,0.0,0.0,0.0
P2,R04,testing,02,202,1,0.0,0.0,0.0,0.0
P2,R04,testing,02,203,1,0.0,0.0,0.0,0.0
P2,R04,testing,02,204,1,0.0,0.0,0.0,0.0
P2,R04,testing,02,205,1,0.0,0.0,0.0,0.0
P2,R04,testing,02,206,1,0.0,0.0,0.0,0.0
P2,R04,testing,02,207,1,0.0,0.0,0.0,0.0
P2,R04,testing,02,208,1,0.0,0.0,0.0,0.0
P2,R04,testing,02,209,1,0.0,0.0,0.0,0.0
P2,R04,testing,02,210,1,0.0,0.0,0.0,0.0
P2,R04,testing,02,211,1,0.0,0.0,0.0,0.0
P2,R04,testing,02,212,1,0.0,0.0,0.0,0.0
P2,R04,testing,02,213,1,0.0,0.0,0.0,0.0
P2,R04,testing,02,214,1,0.0,0.0,0.0,0.0
P2,R04,testing,02,215,1,0.0,0.0,0.0,0.0
P2,R04,testing,02,216,1,0.0,0.0,0.0,0.0
P2,R04,testing,02,217,1,0.0,0.0,0.0,0.0
P2,R04,testing,02,218,1,0.0,0.0,0.0,0.0
P2,R04,testing,02,219,1,0.0,0.0,0.0,0.0
P2,R04,testing,02,220,1,0.0,0.0,0.0,0.0
P2,R04,testing,02,221,1,0.0,0.0,0.0,0.0
P2,R04,testing,02,222,1,0.0,0.0,0.0,0.0
P2,R04,testing,02,223,1,0.0,0.0,0.0,0.0
P2,R04,testing,02,224,1,0.0,0.0,0.0,0.0
P2,R04,testing,02,225,1,0.0,0.0,0.0,0.0
P2,R04,testing,02,226,1,0.0,0.0,0.0,0.0
P2,R04,testing,02,227,1,0.0,0.0,0.0,0.0
P2,R04,testing,02,228,1,0.0,0.0,0.0,0.0
P2,R04,testing,02,229,1,0.0,0.0,0.0,0.0
P2,R04,testing,02,230,1,0.0,0.0,0.0,0.0
P2,R04,testing,02,231,1,0.0,0.0,0.0,0.0
P2,R04,testing,02,232,1,0.0,0.0,0.0,0.0
P2,R04,testing,02,233,1,0.0,0.0,0.0,0.0
P2,R04,testing,02,234,1,0.0,0.0,0.0,0.0
P2,R04,testing,02,235,1,0.0,0.0,0.0,0.0
P2,R04,testing,02,236,1,0.0,0.0,0.0,0.0
P2,R04,testing,02,237,1,0.0,0.0,0.0,0.0
P2,R04,testing,02,238,1,0.0,0.0,0.0,0.0
P2,R04,testing,02,239,1,0.0,0.0,0.0,0.0
P2,R04,testing,02,240,1,0.0,0.0,0.0,0.0
P2,R04,testing,02,241,1,0.0,0.0,0.0,0.0
P2,R04,testing,02,242,1,0.0,0.0,0.0,0.0
P2,R04,testing,02,243,1,0.0,0.0,0.0,0.0
P2,R04,testing,02,244,1,0.0,0.0,0.0,0.0
P2,R04,testing,02,245,1,0.0,0.0,0.0,0.0
P2,R04,testing,02,246,1,0.0,0.0,0.0,0.0
P2,R04,testing,02,247,1,0.0,0.0,0.0,0.0
P2,R04,testing,02,248,1,0.0,0.0,0.0,0.0
P2,R04,testing,02,249,1,0.0,0.0,0.0,0.0
P2,R04,testing,02,250,1,0.0,0.0,0.0,0.0
P2,R04,testing,02,251,1,0.0,0.0,0.0,0.0
P2,R04,testing,02,252,1,0.0,0.0,0.0,0.0
P2,R04,testing,02,253,1,0.0,0.0,0.0,0.0
P2,R04,testing,02,254,1,0.0,0.0,0.0,0.0
P2,R04,testing,02,255,1,0.0,0.0,0.0,0.0
P2,R04,testing,02,256,1,0.0,0.0,0.0,0.0
P2,R04,testing,02,257,1,0.0,0.0,0.0,0.0
P2,R04,testing,02,258,1,0.0,0.0,0.0,0.0
P2,R04,testing,02,259,1,0.0,0.0,0.0,0.0
P2,R04,testing,02,260,1,0.0,0.0,0.0,0.0
P2,R04,testing,02,261,1,0.0,0.0,0.0,0.0
P2,R04,testing,02,262,1,0.0,0.0,0.0,0.0
P2,R04,testing,02,263,1,0.0,0.0,0.0,0.0
P2,R04,testing,02,264,1,0.0,0.0,0.0,0.0
P2,R04,testing,02,265,1,0.0,0.0,0.0,0.0
P2,R04,testing,02,266,1,0.0,0.0,0.0,0.0
P2,R04,testing,02,267,1,0.0,0.0,0.0,0.0
P2,R04,testing,02,268,1,0.0,0.0,0.0,0.0
P2,R04,testing,02,269,1,0.0,0.0,0.0,0.0
P2,R04,testing,02,270,1,0.0,0.0,0.0,0.0
P2,R04,testing,02,271,1,0.0,0.0,0.0,0.0
P2,R04,testing,02,272,1,0.0,0.0,0.0,0.0
P2,R04,testing,02,273,1,0.0,0.0,0.0,0.0
P2,R04,testing,02,274,1,0.0,0.0,0.0,0.0
P2,R04,testing,02,275,1,0.0,0.0,0.0,0.0
P2,R04,testing,02,276,1,0.0,0.0,0.0,0.0
P2,R04,testing,02,277,1,0.0,0.0,0.0,0.0
P2,R04,testing,02,278,1,0.0,0.0,0.0,0.0
P2,R04,testing,02,279,1,0.0,0.0,0.0,0.0
P2,R04,testing,02,280,1,0.0,0.0,0.0,0.0
P2,R04,testing,02,281,1,0.0,0.0,0.0,0.0
P2,R04,testing,02,282,1,0.0,0.0,0.0,0.0
P2,R04,testing,02,283,1,0.0,0.0,0.0,0.0
P2,R04,testing,02,284,1,0.0,0.0,0.0,0.0
P2,R04,testing,02,285,1,0.0,0.0,0.0,0.0
P2,R04,testing,02,286,1,0.0,0.0,0.0,0.0
P2,R04,testing,02,287,1,0.0,0.0,0.0,0.0
P2,R04,testing,02,288,1,0.0,0.0,0.0,0.0
P2,R04,testing,02,289,1,0.0,0.0,0.0,0.0
P2,R04,testing,02,290,1,0.0,0.0,0.0,0.0
P2,R04,testing,02,291,1,0.0,0.0,0.0,0.0
P2,R04,testing,02,292,1,0.0,0.0,0.0,0.0
P2,R04,testing,02,293,1,0.0,0.0,0.0,0.0
P2,R04,testing,02,294,1,0.0,0.0,0.0,0.0
P2,R04,testing,02,295,1,0.0,0.0,0.0,0.0
P2,R04,testing,02,296,1,0.0,0.0,0.0,0.0
P2,R04,testing,02,297,1,0.0,0.0,0.0,0.0
P2,R04,testing,02,298,1,0.0,0.0,0.0,0.0
P2,R04,testing,02,299,1,0.0,0.0,0.0,0.0
P2,R04,testing,02,300,1,0.0,0.0,0.0,0.0
P2,R04,testing,02,301,1,0.0,0.0,0.0,0.0
P2,R04,testing,02,302,1,0.0,0.0,0.0,0.0
P2,R04,testing,02,303,1,0.0,0.0,0.0,0.0
P2,R04,testing,02,304,1,0.0,0.0,0.0,0.0
P2,R04,testing,02,305,1,0.0,0.0,0.0,0.0
P2,R04,testing,02,306,1,0.0,0.0,0.0,0.0
P2,R04,testing,02,307,1,0.0,0.0,0.0,0.0
P2,R04,testing,02,308,1,0.0,0.0,0.0,0.0
P2,R04,testing,02,309,1,0.0,0.0,0.0,0.0
P2,R04,testing,02,310,1,0.0,0.0,0.0,0.0
P2,R04,testing,02,311,1,0.0,0.0,0.0,0.0
P2,R04,testing,02,312,1,0.0,0.0,0.0,0.0
P2,R04,testing,02,313,1,0.0,0.0,0.0,0.0
P2,R04,testing,02,314,1,0.0,0.0,0.0,0.0
P2,R04,testing,02,315,1,0.0,0.0,0.0,0.0
P2,R04,testing,02,316,1,0.0,0.0,0.0,0.0
P2,R04,testing,02,317,1,0.0,0.0,0.0,0.0
P2,R04,testing,02,318,1,0.0,0.0,0.0,0.0
P2,R04,testing,02,319,1,0.0,0.0,0.0,0.0
P2,R04,testing,02,320,1,0.0,0.0,0.0,0.0
P2,R04,testing,02,321,1,0.0,0.0,0.0,0.0
P2,R04,testing,02,322,1,0.0,0.0,0.0,0.0
P2,R04,testing,02,323,1,0.0,0.0,0.0,0.0
P2,R04,testing,02,324,1,0.0,0.0,0.0,0.0
P2,R04,testing,02,325,1,0.0,0.0,0.0,0.0
P2,R04,testing,02,326,1,0.0,0.0,0.0,0.0
P2,R04,testing,02,327,1,0.0,0.0,0.0,0.0
P2,R04,testing,02,328,1,0.0,0.0,0.0,0.0
P2,R04,testing,02,329,1,0.0,0.0,0.0,0.0
P2,R04,testing,02,330,1,0.0,0.0,0.0,0.0
P2,R04,testing,02,331,1,0.0,0.0,0.0,0.0
P2,R04,testing,02,332,1,0.0,0.0,0.0,0.0
P2,R04,testing,02,333,1,0.0,0.0,0.0,0.0
P2,R04,testing,02,334,1,0.0,0.0,0.0,0.0
P2,R04,testing,02,335,1,0.0,0.0,0.0,0.0
P2,R04,testing,02,336,1,0.0,0.0,0.0,0.0
P2,R04,testing,02,337,1,0.0,0.0,0.0,0.0
P2,R04,testing,02,338,1,0.0,0.0,0.0,0.0
P2,R04,testing,02,339,1,0.0,0.0,0.0,0.0
P2,R04,testing,02,340,1,0.0,0.0,0.0,0.0
P2,R04,testing,02,341,1,0.0,0.0,0.0,0.0
P2,R04,testing,02,342,1,0.0,0.0,0.0,0.0
P2,R04,testing,02,343,1,0.0,0.0,0.0,0.0
P2,R04,testing,02,344,1,0.0,0.0,0.0,0.0
P2,R04,testing,02,345,1,0.0,0.0,0.0,0.0
P2,R04,testing,02,346,1,0.0,0.0,0.0,0.0
P2,R04,testing,02,347,1,0.0,0.0,0.0,0.0
P2,R04,testing,02,348,1,0.0,0.0,0.0,0.0
P2,R04,testing,02,349,1,0.0,0.0,0.0,0.0
P2,R04,testing,02,350,1,0.0,0.0,0.0,0.0
P2,R04,testing,02,351,1,0.0,0.0,0.0,0.0
P2,R04,testing,02,352,1,0.0,0.0,0.0,0.0
P2,R04,testing,02,353,0,0.0,0.0,0.0,0.0
P2,R04,testing,02,354,0,0.0,0.0,0.0,0.0
P2,R04,testing,02,355,0,0.0,0.0,0.0,0.0
P2,R04,testing,02,356,0,0.0,0.0,0.0,0.0
P2,R04,testing,02,357,0,0.0,0.0,0.0,0.0
P2,R04,testing,02,358,0,0.0,0.0,0.0,0.0
P2,R04,testing,02,359,0,0.0,0.0,0.0,0.0
P2,R04,testing,02,360,0,0.0,0.0,0.0,0.0
P2,R04,testing,02,361,0,0.0,0.0,0.0,0.0
P2,R04,testing,02,362,0,0.0,0.0,0.0,0.0
P2,R04,testing,02,363,0,0.0,0.0,0.0,0.0
P2,R04,testing,02,364,0,0.0,0.0,0.0,0.0
P2,R04,testing,02,365,0,0.0,0.0,0.0,0.0
P2,R04,testing,02,366,0,0.0,0.0,0.0,0.0
P2,R04,testing,02,367,0,0.0,0.0,0.0,0.0
P2,R04,testing,02,368,0,0.0,0.0,0.0,0.0
P2,R04,testing,02,369,0,0.0,0.0,0.0,0.0
P2,R04,testing,02,370,0,0.0,0.0,0.0,0.0
P2,R04,testing,02,371,0,0.0,0.0,0.0,0.0
P2,R04,testing,02,372,0,0.0,0.0,0.0,0.0
P2,R04,testing,02,373,0,0.0,0.0,0.0,0.0
P2,R04,testing,02,374,0,0.0,0.0,0.0,0.0
P2,R04,testing,02,375,0,0.0,0.0,0.0,0.0
P2,R04,testing,02,376,0,0.0,0.0,0.0,0.0
P2,R04,testing,02,377,0,0.0,0.0,0.0,0.0
P2,R04,testing,02,378,0,0.0,0.0,0.0,0.0
P2,R04,testing,02,379,0,0.0,0.0,0.0,0.0
P2,R04,testing,02,380,0,0.0,0.0,0.0,0.0
P2,R04,testing,02,381,0,0.0,0.0,0.0,0.0
P2,R04,testing,02,382,0,0.0,0.0,0.0,0.0
P2,R04,testing,02,383,0,0.0,0.0,0.0,0.0
P2,R04,testing,02,384,0,0.0,0.0,0.0,0.0
P2,R04,testing,02,385,0,0.0,0.0,0.0,0.0
P2,R04,testing,02,386,0,0.0,0.0,0.0,0.0
P2,R04,testing,02,387,0,0.0,0.0,0.0,0.0
P2,R04,testing,02,388,0,0.0,0.0,0.0,0.0
P2,R04,testing,02,389,0,0.0,0.0,0.0,0.0
P2,R04,testing,02,390,0,0.0,0.0,0.0,0.0
P2,R04,testing,02,391,0,0.0,0.0,0.0,0.0
P2,R04,testing,02,392,0,0.0,0.0,0.0,0.0
P2,R04,testing,02,393,0,0.0,0.0,0.0,0.0
P2,R04,testing,02,394,0,0.0,0.0,0.0,0.0
P2,R04,testing,02,395,0,0.0,0.0,0.0,0.0
P2,R04,testing,02,396,0,0.0,0.0,0.0,0.0
P2,R04,testing,02,397,0,0.0,0.0,0.0,0.0
P3,R04,testing,02,0,0,1.0,1.0,0.2161342927039283,0.1317508237347969
P3,R04,testing,02,1,0,1.0,1.0,0.2161342927039283,0.13240953896289462
P3,R04,testing,02,2,0,1.0,1.0,0.2161342927039283,0.13306818730735887
P3,R04,testing,02,3,0,1.0,1.0,0.2161342927039283,0.1337267350889482
P3,R04,testing,02,4,0,1.0,1.0,0.2161342927039283,0.1343851484689549
P3,R04,testing,02,5,0,1.0,1.0,0.2161342927039283,0.13504339345184233
P3,R04,testing,02,6,0,1.0,1.0,0.2161342927039283,0.13570143588791478
P3,R04,testing,02,7,0,1.0,1.0,0.2161342927039283,0.13635924147602027
P3,R04,testing,02,8,0,1.0,1.0,0.2161342927039283,0.13701677576628554
P3,R04,testing,02,9,0,1.0,1.0,0.2161342927039283,0.13767400416288314
P3,R04,testing,02,10,0,1.0,1.0,0.2161342927039283,0.13833089192683048
P3,R04,testing,02,11,0,1.0,1.0,0.2161342927039283,0.13898740417882047
P3,R04,testing,02,12,0,1.0,1.0,0.2161342927039283,0.13964350590208321
P3,R04,testing,02,13,0,1.0,1.0,0.2161342927039283,0.1402991619452791
P3,R04,testing,02,14,0,1.0,1.0,0.2161342927039283,0.1409543370254223
P3,R04,testing,02,15,0,1.0,1.0,0.2161342927039283,0.14160899573083477
P3,R04,testing,02,16,0,1.0,1.0,0.21755712531706545,0.14319963406378167
P3,R04,testing,02,17,0,1.0,1.0,0.21755712531706545,0.14385745546409287
P3,R04,testing,02,18,0,1.0,1.0,0.21755712531706545,0.14451464940889172
P3,R04,testing,02,19,0,1.0,1.0,0.21755712531706545,0.14517117976556082
P3,R04,testing,02,20,0,1.0,1.0,0.21755712531706545,0.14582701028725925
P3,R04,testing,02,21,0,1.0,1.0,0.21755712531706545,0.14648210461607297
P3,R04,testing,02,22,0,1.0,1.0,0.21755712531706545,0.14713642628619386
P3,R04,testing,02,23,0,1.0,1.0,0.21755712531706545,0.14778993872712645
P3,R04,testing,02,24,0,1.0,1.0,0.21755712531706545,0.1484426052669223
P3,R04,testing,02,25,0,1.0,1.0,0.21755712531706545,0.14909438913544185
P3,R04,testing,02,26,0,1.0,1.0,0.21755712531706545,0.14974525346764292
P3,R04,testing,02,27,0,1.0,1.0,0.21755712531706545,0.15039516130689562
P3,R04,testing,02,28,0,1.0,1.0,0.21755712531706545,0.15104407560832375
P3,R04,testing,02,29,0,1.0,1.0,0.21755712531706545,0.15169195924217144
P3,R04,testing,02,30,0,1.0,1.0,0.21755712531706545,0.15233877499719545
P3,R04,testing,02,31,0,1.0,1.0,0.21755712531706545,0.15298448558408223
P3,R04,testing,02,32,0,1.0,0.5001110285918918,0.21683487527265044,0.15311903315276457
P3,R04,testing,02,33,0,1.0,0.5001110285918918,0.21683487527265044,0.15376028530908037
P3,R04,testing,02,34,0,1.0,0.5001110285918918,0.21683487527265044,0.15440032403721038
P3,R04,testing,02,35,0,1.0,0.5001110285918918,0.21683487527265044,0.15503911189492936
P3,R04,testing,02,36,0,1.0,0.5001110285918918,0.21683487527265044,0.15567661137958722
P3,R04,testing,02,37,0,1.0,0.5001110285918918,0.21683487527265044,0.156312784931655
P3,R04,testing,02,38,0,1.0,0.5001110285918918,0.21683487527265044,0.1569475949382924
P3,R04,testing,02,39,0,1.0,0.5001110285918918,0.21683487527265044,0.15758100373693684
P3,R04,testing,02,40,0,1.0,0.5001110285918918,0.21683487527265044,0.1582129736189133
P3,R04,testing,02,41,0,1.0,0.5001110285918918,0.21683487527265044,0.15884346683306474
P3,R04,testing,02,42,0,1.0,0.5001110285918918,0.21683487527265044,0.15947244558940263
P3,R04,testing,02,43,0,1.0,0.5001110285918918,0.21683487527265044,0.16009987206277637
P3,R04,testing,02,44,0,1.0,0.5001110285918918,0.21683487527265044,0.16072570839656264
P3,R04,testing,02,45,0,1.0,0.5001110285918918,0.21683487527265044,0.16134991670637255
P3,R04,testing,02,46,0,1.0,0.5001110285918918,0.21683487527265044,0.16197245908377722
P3,R04,testing,02,47,0,1.0,0.5001110285918918,0.21683487527265044,0.1625932976000507
P3,R04,testing,02,48,0,0.0,0.49988897140810823,0.21398897721297477,0.16107027655466785
P3,R04,testing,02,49,0,0.0,0.49988897140810823,0.21398897721297477,0.16167949138512194
P3,R04,testing,02,50,0,0.0,0.49988897140810823,0.21398897721297477,0.1622869123413928
P3,R04,testing,02,51,0,0.0,0.49988897140810823,0.21398897721297477,0.16289250194970453
P3,R04,testing,02,52,0,0.0,0.49988897140810823,0.21398897721297477,0.16349622273496242
P3,R04,testing,02,53,0,0.0,0.49988897140810823,0.21398897721297477,0.16409803722454067
P3,R04,testing,02,54,0,0.0,0.49988897140810823,0.21398897721297477,0.16469790795208314
P3,R04,testing,02,55,0,0.0,0.49988897140810823,0.21398897721297477,0.16529579746131806
P3,R04,testing,02,56,0,0.0,0.49988897140810823,0.21398897721297477,0.16589166830988475
P3,R04,testing,02,57,0,0.0,0.49988897140810823,0.21398897721297477,0.16648548307317304
P3,R04,testing,02,58,0,0.0,0.49988897140810823,0.21398897721297477,0.16707720434817427
P3,R04,testing,02,59,0,0.0,0.49988897140810823,0.21398897721297477,0.16766679475734303
P3,R04,testing,02,60,0,0.0,0.49988897140810823,0.21398897721297477,0.16825421695246995
P3,R04,testing,02,61,0,0.0,0.49988897140810823,0.21398897721297477,0.16883943361856402
P3,R04,testing,02,62,0,0.0,0.49988897140810823,0.21398897721297477,0.16942240747774484
P3,R04,testing,02,63,0,0.0,0.49988897140810823,0.21398897721297477,0.1700031012931433
P3,R04,testing,02,64,0,0.0,0.0,0.2091030495296291,0.1666866568597862
P3,R04,testing,02,65,0,0.0,0.0,0.2091030495296291,0.16724952696813591
P3,R04,testing,02,66,0,0.0,0.0,0.2091030495296291,0.16781006021078754
P3,R04,testing,02,67,1,0.0,0.0,0.2091030495296291,0.1683682203996598
P3,R04,testing,02,68,1,0.0,0.0,0.2091030495296291,0.16892397140591664
P3,R04,testing,02,69,1,0.0,0.0,0.2091030495296291,0.16947727716381952
P3,R04,testing,02,70,1,0.0,0.0,0.2091030495296291,0.17002810167458451
P3,R04,testing,02,71,1,0.0,0.0,0.2091030495296291,0.1705764090102436
P3,R04,testing,02,72,1,0.0,0.0,0.2091030495296291,0.17112216331750976
P3,R04,testing,02,73,1,0.0,0.0,0.2091030495296291,0.171665328821645
P3,R04,testing,02,74,1,0.0,0.0,0.2091030495296291,0.17220586983033082
P3,R04,testing,02,75,1,0.0,0.0,0.2091030495296291,0.17274375073754064
P3,R04,testing,02,76,1,0.0,0.0,0.2091030495296291,0.17327893602741387
P3,R04,testing,02,77,1,0.0,0.0,0.2091030495296291,0.17381139027813
P3,R04,testing,02,78,1,0.0,0.0,0.2091030495296291,0.17434107816578362
P3,R04,testing,02,79,1,0.0,0.0,0.2091030495296291,0.17486796446825853
P3,R04,testing,02,80,1,0.0,0.0,0.20231881323665696,0.16970151424128072
P3,R04,testing,02,81,1,0.0,0.0,0.20231881323665696,0.17020578279638135
P3,R04,testing,02,82,1,0.0,0.0,0.20231881323665696,0.17070723905255936
P3,R04,testing,02,83,1,0.0,0.0,0.20231881323665696,0.17120584936186575
P3,R04,testing,02,84,1,0.0,0.0,0.20231881323665696,0.17170158019355491
P3,R04,testing,02,85,1,0.0,0.0,0.20231881323665696,0.17219439813781864
P3,R04,testing,02,86,1,0.0,0.0,0.20231881323665696,0.17268426990951588
P3,R04,testing,02,87,1,0.0,0.0,0.20231881323665696,0.17317116235189733
P3,R04,testing,02,88,1,0.0,0.0,0.20231881323665696,0.17365504244032443
P3,R04,testing,02,89,1,0.0,0.0,0.20231881323665696,0.17413587728598223
P3,R04,testing,02,90,1,0.0,0.0,0.20231881323665696,0.17461363413958558
P3,R04,testing,02,91,1,0.0,0.0,0.20231881323665696,0.1750882803950778
P3,R04,testing,02,92,1,0.0,0.0,0.20231881323665696,0.17555978359332164
P3,R04,testing,02,93,1,0.0,0.0,0.20231881323665696,0.1760281114257816
P3,R04,testing,02,94,1,0.0,0.0,0.20231881323665696,0.17649323173819728
P3,R04,testing,02,95,1,0.0,0.0,0.20231881323665696,0.17695511253424695
P3,R04,testing,02,96,1,0.0,0.0,0.19382926435654854,0.16996922168459616
P3,R04,testing,02,97,1,0.0,0.0,0.19382926435654854,0.17040542288545993
P3,R04,testing,02,98,1,0.0,0.0,0.19382926435654854,0.17083842948575909
P3,R04,testing,02,99,1,0.0,0.0,0.19382926435654854,0.17126821147191737
P3,R04,testing,02,100,1,0.0,0.0,0.19382926435654854,0.17169473899906115
P3,R04,testing,02,101,1,0.0,0.0,0.19382926435654854,0.17211798239446222
P3,R04,testing,02,102,1,0.0,0.0,0.19382926435654854,0.17253791216096712
P3,R04,testing,02,103,1,0.0,0.0,0.19382926435654854,0.17295449898041318
P3,R04,testing,02,104,1,0.0,0.0,0.19382926435654854,0.17336771371703008
P3,R04,testing,02,105,1,0.0,0.0,0.19382926435654854,0.17377752742082664
P3,R04,testing,02,106,1,0.0,0.0,0.19382926435654854,0.17418391133096223
P3,R04,testing,02,107,1,0.0,0.0,0.19382926435654854,0.17458683687910237
P3,R04,testing,02,108,1,0.0,0.0,0.19382926435654854,0.17498627569275793
P3,R04,testing,02,109,1,0.0,0.0,0.19382926435654854,0.17538219959860707
P3,R04,testing,02,110,1,0.0,0.0,0.19382926435654854,0.17577458062579998
P3,R04,testing,02,111,1,0.0,0.0,0.19382926435654854,0.17616339100924536
P3,R04,testing,02,112,1,0.0,0.0,0.18386955873348323,0.1674768455209825
P3,R04,testing,02,113,1,0.0,0.0,0.18386955873348323,0.16783882474715325
P3,R04,testing,02,114,1,0.0,0.0,0.18386955873348323,0.16819733899000255
P3,R04,testing,02,115,1,0.0,0.0,0.18386955873348323,0.168552362722677
P3,R04,testing,02,116,1,0.0,0.0,0.18386955873348323,0.16890387062882228
P3,R04,testing,02,117,1,0.0,0.0,0.18386955873348323,0.16925183760558707
P3,R04,testing,02,118,1,0.0,0.0,0.18386955873348323,0.16959623876660673
P3,R04,testing,02,119,1,0.0,0.0,0.18386955873348323,0.16993704944496532
P3,R04,testing,02,120,1,0.0,0.0,0.18386955873348323,0.17027424519613626
P3,R04,testing,02,121,1,0.0,0.0,0.18386955873348323,0.17060780180090085
P3,R04,testing,02,122,1,0.0,0.0,0.18386955873348323,0.17093769526824376
P3,R04,testing,02,123,1,0.0,0.0,0.18386955873348323,0.17126390183822598
P3,R04,testing,02,124,1,0.0,0.0,0.18386955873348323,0.17158639798483358
P3,R04,testing,02,125,1,0.0,0.0,0.18386955873348323,0.1719051604188028
P3,R04,testing,02,126,1,0.0,0.0,0.18386955873348323,0.1722201660904204
P3,R04,testing,02,127,1,0.0,0.0,0.18386955873348323,0.17253139219229888
P3,R04,testing,02,128,1,0.0,0.0,0.11973971947134648,0.11255626816949499
P3,R04,testing,02,129,1,0.0,0.0,0.11973971947134648,0.1127539785572161
P3,R04,testing,02,130,1,0.0,0.0,0.11973971947134648,0.112949184016439
P3,R04,testing,02,131,1,0.0,0.0,0.11973971947134648,0.11314187034348135
P3,R04,testing,02,132,1,0.0,0.0,0.11973971947134648,0.11333202350125013
P3,R04,testing,02,133,1,0.0,0.0,0.11973971947134648,0.11351962962094483
P3,R04,testing,02,134,1,0.0,0.0,0.11973971947134648,0.11370467500374233
P3,R04,testing,02,135,1,0.0,0.0,0.11973971947134648,0.11388714612246309
P3,R04,testing,02,136,1,0.0,0.0,0.11973971947134648,0.11406702962321831
P3,R04,testing,02,137,1,0.0,0.0,0.11973971947134648,0.114244312327038
P3,R04,testing,02,138,1,0.0,0.0,0.11973971947134648,0.1144189812314794
P3,R04,testing,02,139,1,0.0,0.0,0.11973971947134648,0.1145910235122157
P3,R04,testing,02,140,1,0.0,0.0,0.11973971947134648,0.1147604265246047
P3,R04,testing,02,141,1,0.0,0.0,0.11973971947134648,0.11492717780523712
P3,R04,testing,02,142,1,0.0,0.0,0.11973971947134648,0.11509126507346426
P3,R04,testing,02,143,1,0.0,0.0,0.11973971947134648,0.11525267623290492
P3,R04,testing,02,144,1,0.0,0.0,0.05900842737218677,0.056875406155012194
P3,R04,testing,02,145,1,0.0,0.0,0.05900842737218677,0.056952295388950455
P3,R04,testing,02,146,1,0.0,0.0,0.05900842737218677,0.0570278484895944
P3,R04,testing,02,147,1,0.0,0.0,0.05900842737218677,0.05710205986622565
P3,R04,testing,02,148,1,0.0,0.0,0.05900842737218677,0.05717492402248839
P3,R04,testing,02,149,1,0.0,0.0,0.05900842737218677,0.05724643555706761
P3,R04,testing,02,150,1,0.0,0.0,0.05900842737218677,0.057316589164356356
P3,R04,testing,02,151,1,0.0,0.0,0.05900842737218677,0.05738537963511161
P3,R04,testing,02,152,1,0.0,0.0,0.05900842737218677,0.05745280185709887
P3,R04,testing,02,153,1,0.0,0.0,0.05900842737218677,0.05751885081572532
P3,R04,testing,02,154,1,0.0,0.0,0.05900842737218677,0.05758352159466126
P3,R04,testing,02,155,1,0.0,0.0,0.05900842737218677,0.057646809376449996
P3,R04,testing,02,156,1,0.0,0.0,0.05900842737218677,0.05770870944310583
P3,R04,testing,02,157,1,0.0,0.0,0.05900842737218677,0.057769217176700194
P3,R04,testing,02,158,1,0.0,0.0,0.05900842737218677,0.05782832805993581
P3,R04,testing,02,159,1,0.0,0.0,0.05900842737218677,0.057886037676708677
P3,R04,testing,02,160,1,0.0,0.0,0.028539531330297702,0.028023917096266344
P3,R04,testing,02,161,1,0.0,0.0,0.028539531330297702,0.028050466794996055
P3,R04,testing,02,162,1,0.0,0.0,0.028539531330297702,0.028076332657410937
P3,R04,testing,02,163,1,0.0,0.0,0.028539531330297702,0.028101512746023197
P3,R04,testing,02,164,1,0.0,0.0,0.028539531330297702,0.02812600517355703
P3,R04,testing,02,165,1,0.0,0.0,0.028539531330297702,0.028149808103184387
P3,R04,testing,02,166,1,0.0,0.0,0.028539531330297702,0.028172919748754546
P3,R04,testing,02,167,1,0.0,0.0,0.028539531330297702,0.028195338375017493
P3,R04,testing,02,168,1,0.0,0.0,0.028539531330297702,0.028217062297841045
P3,R04,testing,02,169,1,0.0,0.0,0.028539531330297702,0.02823808988442171
P3,R04,testing,02,170,1,0.0,0.0,0.028539531330297702,0.028258419553489206
P3,R04,testing,02,171,1,0.0,0.0,0.028539531330297702,0.028278049775504667
P3,R04,testing,02,172,1,0.0,0.0,0.028539531330297702,0.028296979072852405
P3,R04,testing,02,173,1,0.0,0.0,0.028539531330297702,0.028315206020025293
P3,R04,testing,02,174,1,0.0,0.0,0.028539531330297702,0.02833272924380368
P3,R04,testing,02,175,1,0.0,0.0,0.028539531330297702,0.028349547423427813
P3,R04,testing,02,176,1,0.0,0.0,0.028517966277142908,0.02834422561887557
P3,R04,testing,02,177,1,0.0,0.0,0.028517966277142908,0.028359618318740638
P3,R04,testing,02,178,1,0.0,0.0,0.028517966277142908,0.02837430286405862
P3,R04,testing,02,179,1,0.0,0.0,0.028517966277142908,0.02838827814634111
P3,R04,testing,02,180,1,0.0,0.0,0.028517966277142908,0.02840154311028319
P3,R04,testing,02,181,1,0.0,0.0,0.028517966277142908,0.028414096753896265
P3,R04,testing,02,182,1,0.0,0.0,0.028517966277142908,0.028425938128634202
P3,R04,testing,02,183,1,0.0,0.0,0.028517966277142908,0.028437066339512766
P3,R04,testing,02,184,1,0.0,0.0,0.028517966277142908,0.028447480545222385
P3,R04,testing,02,185,1,0.0,0.0,0.028517966277142908,0.02845717995823414
P3,R04,testing,02,186,1,0.0,0.0,0.028517966277142908,0.028466163844899018
P3,R04,testing,02,187,1,0.0,0.0,0.028517966277142908,0.028474431525540394
P3,R04,testing,02,188,1,0.0,0.0,0.028517966277142908,0.028481982374539753
P3,R04,testing,02,189,1,0.0,0.0,0.028517966277142908,0.02848881582041557
P3,R04,testing,02,190,1,0.0,0.0,0.028517966277142908,0.028494931345895407
P3,R04,testing,02,191,1,0.0,0.0,0.028517966277142908,0.028500328487981168
P3,R04,testing,02,192,1,0.0,0.0,0.05896096044304146,0.058934166773016036
P3,R04,testing,02,193,1,0.0,0.0,0.05896096044304146,0.05894235243568372
P3,R04,testing,02,194,1,0.0,0.0,0.05896096044304146,0.058949050641704755
P3,R04,testing,02,195,1,0.0,0.0,0.05896096044304146,0.05895426088374498
P3,R04,testing,02,196,1,0.0,0.0,0.05896096044304146,0.058957982767144756
P3,R04,testing,02,197,1,0.0,0.0,0.05896096044304146,0.05896021600996873
P3,R04,testing,02,198,1,0.0,0.0,0.05896096044304146,0.05896096044304146
P3,R04,testing,02,199,1,0.0,0.0,0.05896096044304146,0.05896021600996873
P3,R04,testing,02,200,1,0.0,0.0,0.05896096044304146,0.058957982767144756
P3,R04,testing,02,201,1,0.0,0.0,0.05896096044304146,0.05895426088374498
P3,R04,testing,02,202,1,0.0,0.0,0.05896096044304146,0.058949050641704755
P3,R04,testing,02,203,1,0.0,0.0,0.05896096044304146,0.05894235243568372
P3,R04,testing,02,204,1,0.0,0.0,0.05896096044304146,0.058934166773016036
P3,R04,testing,02,205,1,0.0,0.0,0.05896096044304146,0.05892449427364629
P3,R04,testing,02,206,1,0.0,0.0,0.05896096044304146,0.05891333567005123
P3,R04,testing,02,207,1,0.0,0.0,0.05896096044304146,0.05890069180714736
P3,R04,testing,02,208,1,0.0,0.0,0.0911564891178591,0.09104146807483712
P3,R04,testing,02,209,1,0.0,0.0,0.0911564891178591,0.09101733210111615
P3,R04,testing,02,210,1,0.0,0.0,0.0911564891178591,0.09099090480496567
P3,R04,testing,02,211,1,0.0,0.0,0.0911564891178591,0.09096218818614915
P3,R04,testing,02,212,1,0.0,0.0,0.0911564891178591,0.09093118441722457
P3,R04,testing,02,213,1,0.0,0.0,0.0911564891178591,0.09089789584327038
P3,R04,testing,02,214,1,0.0,0.0,0.0911564891178591,0.09086232498158987
P3,R04,testing,02,215,1,0.0,0.0,0.0911564891178591,0.09082447452139404
P3,R04,testing,02,216,1,0.0,0.0,0.0911564891178591,0.09078434732346262
P3,R04,testing,02,217,1,0.0,0.0,0.0911564891178591,0.09074194641978373
P3,R04,testing,02,218,1,0.0,0.0,0.0911564891178591,0.09069727501317211
P3,R04,testing,02,219,1,0.0,0.0,0.0911564891178591,0.09065033647686588
P3,R04,testing,02,220,1,0.0,0.0,0.0911564891178591,0.09060113435410198
P3,R04,testing,02,221,1,0.0,0.0,0.0911564891178591,0.09054967235767047
P3,R04,testing,02,222,1,0.0,0.0,0.0911564891178591,0.09049595436944752
P3,R04,testing,02,223,1,0.0,0.0,0.0911564891178591,0.09043998443990742
P3,R04,testing,02,224,1,0.0,0.0,0.0962757571149773,0.0954575270622398
P3,R04,testing,02,225,1,0.0,0.0,0.0962757571149773,0.09539367063752432
P3,R04,testing,02,226,1,0.0,0.0,0.0962757571149773,0.09532744970120267
P3,R04,testing,02,227,1,0.0,0.0,0.0962757571149773,0.09525886923788958
P3,R04,testing,02,228,1,0.0,0.0,0.0962757571149773,0.0951879344073584
P3,R04,testing,02,229,1,0.0,0.0,0.0962757571149773,0.09511465054389409
P3,R04,testing,02,230,1,0.0,0.0,0.0962757571149773,0.0950390231556247
P3,R04,testing,02,231,1,0.0,0.0,0.0962757571149773,0.09496105792383135
P3,R04,testing,02,232,1,0.0,0.0,0.0962757571149773,0.09488076070223697
P3,R04,testing,02,233,1,0.0,0.0,0.0962757571149773,0.09479813751627386
P3,R04,testing,02,234,1,0.0,0.0,0.0962757571149773,0.09471319456233006
P3,R04,testing,02,235,1,0.0,0.0,0.0962757571149773,0.09462593820697494
P3,R04,testing,02,236,1,0.0,0.0,0.0962757571149773,0.09453637498616396
P3,R04,testing,02,237,1,0.0,0.0,0.0962757571149773,0.09444451160442273
P3,R04,testing,02,238,1,0.0,0.0,0.0962757571149773,0.09435035493401057
P3,R04,testing,02,239,1,0.0,0.0,0.0962757571149773,0.09425391201406373
P3,R04,testing,02,240,1,0.0,0.0,0.10067745380966973,0.0984599350992436
P3,R04,testing,02,241,1,0.0,0.0,0.10067745380966973,0.09835432406402228
P3,R04,testing,02,242,1,0.0,0.0,0.10067745380966973,0.09824634537332506
P3,R04,testing,02,243,1,0.0,0.0,0.10067745380966973,0.0981360070767612
P3,R04,testing,02,244,1,0.0,0.0,0.10067745380966973,0.0980233173936529
P3,R04,testing,02,245,1,0.0,0.0,0.10067745380966973,0.09790828471201482
P3,R04,testing,02,246,1,0.0,0.0,0.10067745380966973,0.0977909175875137
P3,R04,testing,02,247,1,0.0,0.0,0.10067745380966973,0.09767122474240793
P3,R04,testing,02,248,1,0.0,0.0,0.10067745380966973,0.09754921506446738
P3,R04,testing,02,249,1,0.0,0.0,0.10067745380966973,0.09742489760587367
P3,R04,testing,02,250,1,0.0,0.0,0.10067745380966973,0.09729828158210099
P3,R04,testing,02,251,1,0.0,0.0,0.10067745380966973,0.09716937637077785
P3,R04,testing,02,252,1,0.0,0.0,0.10067745380966973,0.09703819151052975
P3,R04,testing,02,253,1,0.0,0.0,0.10067745380966973,0.096904736699803
P3,R04,testing,02,254,1,0.0,0.0,0.10067745380966973,0.09676902179567011
P3,R04,testing,02,255,1,0.0,0.0,0.10067745380966973,0.09663105681261663
P3,R04,testing,02,256,1,0.0,0.0,0.13281315321126527,0.1272902106159501
P3,R04,testing,02,257,1,0.0,0.0,0.13281315321126527,0.12710231182732587
P3,R04,testing,02,258,1,0.0,0.0,0.13281315321126527,0.12691148560950002
P3,R04,testing,02,259,1,0.0,0.0,0.13281315321126527,0.1267177459876833
P3,R04,testing,02,260,1,0.0,0.0,0.13281315321126527,0.1265211071863894
P3,R04,testing,02,261,1,0.0,0.0,0.13281315321126527,0.1263215836276951
P3,R04,testing,02,262,1,0.0,0.0,0.13281315321126527,0.12611918992947793
P3,R04,testing,02,263,1,0.0,0.0,0.13281315321126527,0.1259139409036323
P3,R04,testing,02,264,1,0.0,0.0,0.13281315321126527,0.12570585155426361
P3,R04,testing,02,265,1,0.0,0.0,0.13281315321126527,0.1254949370758612
P3,R04,testing,02,266,1,0.0,0.0,0.13281315321126527,0.1252812128514503
P3,R04,testing,02,267,1,0.0,0.0,0.13281315321126527,0.1250646944507232
P3,R04,testing,02,268,1,0.0,0.0,0.13281315321126527,0.1248453976281501
P3,R04,testing,02,269,1,0.0,0.0,0.13281315321126527,0.12462333832106975
P3,R04,testing,02,270,1,0.0,0.0,0.13281315321126527,0.12439853264776064
P3,R04,testing,02,271,1,0.0,0.0,0.13281315321126527,0.12417099690549235
P3,R04,testing,02,272,1,0.0,0.0,0.16587204137940337,0.1547911807845122
P3,R04,testing,02,273,1,0.0,0.0,0.16587204137940337,0.15450025120082658
P3,R04,testing,02,274,1,0.0,0.0,0.16587204137940337,0.15420597437737069
P3,R04,testing,02,275,1,0.0,0.0,0.16587204137940337,0.15390837153738557
P3,R04,testing,02,276,1,0.0,0.0,0.16587204137940337,0.1536074641151402
P3,R04,testing,02,277,1,0.0,0.0,0.16587204137940337,0.15330327375336172
P3,R04,testing,02,278,1,0.0,0.0,0.16587204137940337,0.15299582230064368
P3,R04,testing,02,279,1,0.0,0.0,0.16587204137940337,0.1526851318088338
P3,R04,testing,02,280,1,0.0,0.0,0.16587204137940337,0.15237122453040142
P3,R04,testing,02,281,1,0.0,0.0,0.16587204137940337,0.15205412291578435
P3,R04,testing,02,282,1,0.0,0.0,0.16587204137940337,0.15173384961071698
P3,R04,testing,02,283,1,0.0,0.0,0.16587204137940337,0.15141042745353867
P3,R04,testing,02,284,1,0.0,0.0,0.16587204137940337,0.15108387947248375
P3,R04,testing,02,285,1,0.0,0.0,0.16587204137940337,0.1507542288829532
P3,R04,testing,02,286,1,0.0,0.0,0.16587204137940337,0.15042149908476876
P3,R04,testing,02,287,1,0.0,0.0,0.16587204137940337,0.1500857136594095
P3,R04,testing,02,288,1,0.0,0.4995112450847447,0.1711160527052986,0.15448111446714186
P3,R04,testing,02,289,1,0.0,0.4995112450847447,0.1711160527052986,0.15412848250871738
P3,R04,testing,02,290,1,0.0,0.4995112450847447,0.1711160527052986,0.153772772396724
P3,R04,testing,02,291,1,0.0,0.4995112450847447,0.1711160527052986,0.15341400917891893
P3,R04,testing,02,292,1,0.0,0.4995112450847447,0.1711160527052986,0.1530522180759552
P3,R04,testing,02,293,1,0.0,0.4995112450847447,0.1711160527052986,0.15268742447843384
P3,R04,testing,02,294,1,0.0,0.4995112450847447,0.1711160527052986,0.15231965394394148
P3,R04,testing,02,295,1,0.0,0.4995112450847447,0.1711160527052986,0.15194893219407407
P3,R04,testing,02,296,1,0.0,0.4995112450847447,0.1711160527052986,0.15157528511144677
P3,R04,testing,02,297,1,0.0,0.4995112450847447,0.1711160527052986,0.1511987387366912
P3,R04,testing,02,298,1,0.0,0.4995112450847447,0.1711160527052986,0.15081931926543962
P3,R04,testing,02,299,1,0.0,0.4995112450847447,0.1711160527052986,0.15043705304529736
P3,R04,testing,02,300,1,0.0,0.4995112450847447,0.1711160527052986,0.1500519665728036
P3,R04,testing,02,301,1,0.0,0.4995112450847447,0.1711160527052986,0.1496640864903809
P3,R04,testing,02,302,1,0.0,0.4995112450847447,0.1711160527052986,0.1492734395832742
P3,R04,testing,02,303,1,0.0,0.4995112450847447,0.1711160527052986,0.14888005277647964
P3,R04,testing,02,304,1,0.0,0.4996827076485309,0.1748602212386893,0.1517329115796858
P3,R04,testing,02,305,1,0.0,0.4996827076485309,0.1748602212386893,0.15132540052206
P3,R04,testing,02,306,1,0.0,0.4996827076485309,0.1748602212386893,0.15091517298109275
P3,R04,testing,02,307,1,0.0,0.4996827076485309,0.1748602212386893,0.15050225701058603
P3,R04,testing,02,308,1,0.0,0.4996827076485309,0.1748602212386893,0.15008668079132143
P3,R04,testing,02,309,1,0.0,0.4996827076485309,0.1748602212386893,0.14966847262787009
P3,R04,testing,02,310,1,0.0,0.4996827076485309,0.1748602212386893,0.14924766094539607
P3,R04,testing,02,311,1,0.0,0.4996827076485309,0.1748602212386893,0.14882427428645312
P3,R04,testing,02,312,1,0.0,0.4996827076485309,0.1748602212386893,0.1483983413077758
P3,R04,testing,02,313,1,0.0,0.4996827076485309,0.1748602212386893,0.14796989077706507
P3,R04,testing,02,314,1,0.0,0.4996827076485309,0.1748602212386893,0.1475389515697694
P3,R04,testing,02,315,1,0.0,0.4996827076485309,0.1748602212386893,0.147105552665861
P3,R04,testing,02,316,1,0.0,0.4996827076485309,0.1748602212386893,0.14666972314660878
P3,R04,testing,02,317,1,0.0,0.4996827076485309,0.1748602212386893,0.14623149219134768
P3,R04,testing,02,318,1,0.0,0.4996827076485309,0.1748602212386893,0.14579088907424514
P3,R04,testing,02,319,1,0.0,0.4996827076485309,0.1748602212386893,0.14534794316106545
P3,R04,testing,02,320,1,1.0,0.5002285827860509,0.17700103022243532,0.14667672356616598
P3,R04,testing,02,321,1,1.0,0.5002285827860509,0.17700103022243532,0.14622370125070697
P3,R04,testing,02,322,1,1.0,0.5002285827860509,0.17700103022243532,0.1457683971557773
P3,R04,testing,02,323,1,1.0,0.5002285827860509,0.17700103022243532,0.14531084134475453
P3,R04,testing,02,324,1,1.0,0.5002285827860509,0.17700103022243532,0.14485106395733963
P3,R04,testing,02,325,1,1.0,0.5002285827860509,0.17700103022243532,0.14438909520627768
P3,R04,testing,02,326,1,1.0,0.5002285827860509,0.17700103022243532,0.14392496537408017
P3,R04,testing,02,327,1,1.0,0.5002285827860509,0.17700103022243532,0.14345870480974846
P3,R04,testing,02,328,1,1.0,0.5002285827860509,0.17700103022243532,0.14299034392549964
P3,R04,testing,02,329,1,1.0,0.5002285827860509,0.17700103022243532,0.14251991319349505
P3,R04,testing,02,330,1,1.0,0.5002285827860509,0.17700103022243532,0.14204744314257148
P3,R04,testing,02,331,1,1.0,0.5002285827860509,0.17700103022243532,0.14157296435497635
P3,R04,testing,02,332,1,1.0,0.5002285827860509,0.17700103022243532,0.1410965074631069
P3,R04,testing,02,333,1,1.0,0.5002285827860509,0.17700103022243532,0.1406181031462536
P3,R04,testing,02,334,1,1.0,0.5002285827860509,0.17700103022243532,0.1401377821273488
P3,R04,testing,02,335,1,1.0,0.5002285827860509,0.17700103022243532,0.139655575169721
P3,R04,testing,02,336,1,0.0,0.0,0.17747887883753297,0.13954723356937848
P3,R04,testing,02,337,1,0.0,0.0,0.17747887883753297,0.1390600354250944
P3,R04,testing,02,338,1,0.0,0.0,0.17747887883753297,0.13857103900034637
P3,R04,testing,02,339,1,0.0,0.0,0.17747887883753297,0.1380802752711146
P3,R04,testing,02,340,1,0.0,0.0,0.17747887883753297,0.1375877752377101
P3,R04,testing,02,341,1,0.0,0.0,0.17747887883753297,0.13709356992156277
P3,R04,testing,02,342,1,0.0,0.0,0.17747887883753297,0.13659769036201833
P3,R04,testing,02,343,1,0.0,0.0,0.17747887883753297,0.1361001676131445
P3,R04,testing,02,344,1,0.0,0.0,0.17747887883753297,0.13560103274054672
P3,R04,testing,02,345,1,0.0,0.0,0.17747887883753297,0.13510031681819412
P3,R04,testing,02,346,1,0.0,0.0,0.17747887883753297,0.13459805092525584
P3,R04,testing,02,347,1,0.0,0.0,0.17747887883753297,0.13409426614294864
P3,R04,testing,02,348,1,0.0,0.0,0.17747887883753297,0.13358899355139559
P3,R04,testing,02,349,1,0.0,0.0,0.17747887883753297,0.13308226422649677
P3,R04,testing,02,350,1,0.0,0.0,0.17747887883753297,0.13257410923681245
P3,R04,testing,02,351,1,0.0,0.0,0.17747887883753297,0.13206455964045852
P3,R04,testing,02,352,1,0.0,0.0,0.17628083249474713,0.13066561199543197
P3,R04,testing,02,353,0,0.0,0.0,0.17628083249474713,0.13015682414575336
P3,R04,testing,02,354,0,0.0,0.0,0.17628083249474713,0.129646743556012
P3,R04,testing,02,355,0,0.0,0.0,0.17628083249474713,0.12913540100260895
P3,R04,testing,02,356,0,0.0,0.0,0.17628083249474713,0.12862282723635868
P3,R04,testing,02,357,0,0.0,0.0,0.17628083249474713,0.12810905297949002
P3,R04,testing,02,358,0,0.0,0.0,0.17628083249474713,0.12759410892266274
P3,R04,testing,02,359,0,0.0,0.0,0.17628083249474713,0.1270780257219999
P3,R04,testing,02,360,0,0.0,0.0,0.17628083249474713,0.1265608339961364
P3,R04,testing,02,361,0,0.0,0.0,0.17628083249474713,0.12604256432328442
P3,R04,testing,02,362,0,0.0,0.0,0.17628083249474713,0.1255232472383153
P3,R04,testing,02,363,0,0.0,0.0,0.17628083249474713,0.12500291322985949
P3,R04,testing,02,364,0,0.0,0.0,0.17628083249474713,0.12448159273742362
P3,R04,testing,02,365,0,0.0,0.0,0.17628083249474713,0.12395931614852622
P3,R04,testing,02,366,0,0.0,0.0,0.17628083249474713,0.12343611379585136
P3,R04,testing,02,367,0,0.0,0.0,0.17628083249474713,0.12291201595442153
P3,R04,testing,02,368,0,1.0,0.5004819061210746,0.17344120022437542,0.12041557233351637
P3,R04,testing,02,369,0,1.0,0.5004819061210746,0.17344120022437542,0.11989824395312694
P3,R04,testing,02,370,0,1.0,0.5004819061210746,0.17344120022437542,0.11938012350310288
P3,R04,testing,02,371,0,1.0,0.5004819061210746,0.17344120022437542,0.11886124051641297
P3,R04,testing,02,372,0,1.0,0.5004819061210746,0.17344120022437542,0.11834162445567413
P3,R04,testing,02,373,0,1.0,0.5004819061210746,0.17344120022437542,0.11782130471048764
P3,R04,testing,02,374,0,1.0,0.5004819061210746,0.17344120022437542,0.11730031059479633
P3,R04,testing,02,375,0,1.0,0.5004819061210746,0.17344120022437542,0.11677867134426298
P3,R04,testing,02,376,0,1.0,0.5004819061210746,0.17344120022437542,0.11625641611366988
P3,R04,testing,02,377,0,1.0,0.5004819061210746,0.17344120022437542,0.11573357397434038
P3,R04,testing,02,378,0,1.0,0.5004819061210746,0.17344120022437542,0.11521017391158225
P3,R04,testing,02,379,0,1.0,0.5004819061210746,0.17344120022437542,0.11468624482215352
P3,R04,testing,02,380,0,1.0,0.5004819061210746,0.17344120022437542,0.11416181551175067
P3,R04,testing,02,381,0,1.0,0.5004819061210746,0.17344120022437542,0.11363691469251995
P3,R04,testing,02,382,0,1.0,0.5004819061210746,0.17344120022437542,0.11311157098059167
P3,R04,testing,02,383,0,1.0,0.5004819061210746,0.17344120022437542,0.11258581289363784
P3,R04,testing,02,384,0,0.0,0.4995180938789255,0.16903990351050305,0.10921600856691575
P3,R04,testing,02,385,0,0.0,0.4995180938789255,0.16903990351050305,0.10870286754423991
P3,R04,testing,02,386,0,0.0,0.4995180938789255,0.16903990351050305,0.10818940544462823
P3,R04,testing,02,387,0,0.0,0.4995180938789255,0.16903990351050305,0.10767564965490262
P3,R04,testing,02,388,0,0.0,0.4995180938789255,0.16903990351050305,0.10716162745437469
P3,R04,testing,02,389,0,0.0,0.4995180938789255,0.16903990351050305,0.10664736601260735
P3,R04,testing,02,390,0,0.0,0.4995180938789255,0.16903990351050305,0.10613289238720103
P3,R04,testing,02,391,0,0.0,0.4995180938789255,0.16903990351050305,0.10561823352160453
P3,R04,testing,02,392,0,0.0,0.4995180938789255,0.16903990351050305,0.10510341624295091
P3,R04,testing,02,393,0,0.0,0.4995180938789255,0.16903990351050305,0.10458846725991831
P3,R04,testing,02,394,0,0.0,0.4995180938789255,0.16903990351050305,0.10407341316061622
P3,R04,testing,02,395,0,0.0,0.4995180938789255,0.16903990351050305,0.10355828041049725
P3,R04,testing,02,396,0,0.0,0.4995180938789255,0.16903990351050305,0.1030430953502946
P3,R04,testing,02,397,0,0.0,0.4995180938789255,0.16903990351050305,0.10252788419398531
A,R04,testing,03,0,0,0.0,0.0,0.0,0.0
A,R04,testing,03,1,0,0.0,0.0,0.0,0.0
A,R04,testing,03,2,0,0.0,0.0,0.0,0.0
A,R04,testing,03,3,0,0.0,0.0,0.0,0.0
A,R04,testing,03,4,0,0.0,0.0,0.0,0.0
A,R04,testing,03,5,0,0.0,0.0,0.0,0.0
A,R04,testing,03,6,0,0.0,0.0,0.0,0.0
A,R04,testing,03,7,0,0.0,0.0,0.0,0.0
A,R04,testing,03,8,0,0.0,0.0,0.0,0.0
A,R04,testing,03,9,0,0.0,0.0,0.0,0.0
A,R04,testing,03,10,0,0.0,0.0,0.0,0.0
A,R04,testing,03,11,0,0.0,0.0,0.0,0.0
A,R04,testing,03,12,0,0.0,0.0,0.0,0.0
A,R04,testing,03,13,0,0.0,0.0,0.0,0.0
A,R04,testing,03,14,0,0.0,0.0,0.0,0.0
A,R04,testing,03,15,0,0.0,0.0,0.0,0.0
A,R04,testing,03,16,0,0.0,0.0,0.0,0.0
A,R04,testing,03,17,0,0.0,0.0,0.0,0.0
A,R04,testing,03,18,0,0.0,0.0,0.0,0.0
A,R04,testing,03,19,0,0.0,0.0,0.0,0.0
A,R04,testing,03,20,0,0.0,0.0,0.0,0.0
A,R04,testing,03,21,0,0.0,0.0,0.0,0.0
A,R04,testing,03,22,0,0.0,0.0,0.0,0.0
A,R04,testing,03,23,0,0.0,0.0,0.0,0.0
A,R04,testing,03,24,0,0.0,0.0,0.0,0.0
A,R04,testing,03,25,0,0.0,0.0,0.0,0.0
A,R04,testing,03,26,0,0.0,0.0,0.0,0.0
A,R04,testing,03,27,0,0.0,0.0,0.0,0.0
A,R04,testing,03,28,0,0.0,0.0,0.0,0.0
A,R04,testing,03,29,0,0.0,0.0,0.0,0.0
A,R04,testing,03,30,0,0.0,0.0,0.0,0.0
A,R04,testing,03,31,0,0.0,0.0,0.0,0.0
A,R04,testing,03,32,0,0.0,0.0,0.0,0.0
A,R04,testing,03,33,0,0.0,0.0,0.0,0.0
A,R04,testing,03,34,0,0.0,0.0,0.0,0.0
A,R04,testing,03,35,0,0.0,0.0,0.0,0.0
A,R04,testing,03,36,0,0.0,0.0,0.0,0.0
A,R04,testing,03,37,0,0.0,0.0,0.0,0.0
A,R04,testing,03,38,0,0.0,0.0,0.0,0.0
A,R04,testing,03,39,0,0.0,0.0,0.0,0.0
A,R04,testing,03,40,0,0.0,0.0,0.0,0.0
A,R04,testing,03,41,0,0.0,0.0,0.0,0.0
A,R04,testing,03,42,0,0.0,0.0,0.0,0.0
A,R04,testing,03,43,0,0.0,0.0,0.0,0.0
A,R04,testing,03,44,0,0.0,0.0,0.0,0.0
A,R04,testing,03,45,0,0.0,0.0,0.0,0.0
A,R04,testing,03,46,0,0.0,0.0,0.0,0.0
A,R04,testing,03,47,0,0.0,0.0,0.0,0.0
A,R04,testing,03,48,0,0.0,0.0,0.0,0.0
A,R04,testing,03,49,0,0.0,0.0,0.0,0.0
A,R04,testing,03,50,0,0.0,0.0,0.0,0.0
A,R04,testing,03,51,0,0.0,0.0,0.0,0.0
A,R04,testing,03,52,0,0.0,0.0,0.0,0.0
A,R04,testing,03,53,0,0.0,0.0,0.0,0.0
A,R04,testing,03,54,0,0.0,0.0,0.0,0.0
A,R04,testing,03,55,0,0.0,0.0,0.0,0.0
A,R04,testing,03,56,0,0.0,0.0,0.0,0.0
A,R04,testing,03,57,0,0.0,0.0,0.0,0.0
A,R04,testing,03,58,0,0.0,0.0,0.0,0.0
A,R04,testing,03,59,0,0.0,0.0,0.0,0.0
A,R04,testing,03,60,0,0.0,0.0,0.0,0.0
A,R04,testing,03,61,0,0.0,0.0,0.0,0.0
A,R04,testing,03,62,0,0.0,0.0,0.0,0.0
A,R04,testing,03,63,0,0.0,0.0,0.0,0.0
A,R04,testing,03,64,0,0.0,0.0,0.0,0.0
A,R04,testing,03,65,1,0.0,0.0,0.0,0.0
A,R04,testing,03,66,1,0.0,0.0,0.0,0.0
A,R04,testing,03,67,1,0.0,0.0,0.0,0.0
A,R04,testing,03,68,1,0.0,0.0,0.0,0.0
A,R04,testing,03,69,1,0.0,0.0,0.0,0.0
A,R04,testing,03,70,1,0.0,0.0,0.0,0.0
A,R04,testing,03,71,1,0.0,0.0,0.0,0.0
A,R04,testing,03,72,1,0.0,0.0,0.0,0.0
A,R04,testing,03,73,1,0.0,0.0,0.0,0.0
A,R04,testing,03,74,1,0.0,0.0,0.0,0.0
A,R04,testing,03,75,1,0.0,0.0,0.0,0.0
A,R04,testing,03,76,1,0.0,0.0,0.0,0.0
A,R04,testing,03,77,1,0.0,0.0,0.0,0.0
A,R04,testing,03,78,1,0.0,0.0,0.0,0.0
A,R04,testing,03,79,1,0.0,0.0,0.0,0.0
A,R04,testing,03,80,1,0.0,0.0,0.0,0.0
A,R04,testing,03,81,1,0.0,0.0,0.0,0.0
A,R04,testing,03,82,1,0.0,0.0,0.0,0.0
A,R04,testing,03,83,1,0.0,0.0,0.0,0.0
A,R04,testing,03,84,1,0.0,0.0,0.0,0.0
A,R04,testing,03,85,1,0.0,0.0,0.0,0.0
A,R04,testing,03,86,1,0.0,0.0,0.0,0.0
A,R04,testing,03,87,1,0.0,0.0,0.0,0.0
A,R04,testing,03,88,1,0.0,0.0,0.0,0.0
A,R04,testing,03,89,1,0.0,0.0,0.0,0.0
A,R04,testing,03,90,1,0.0,0.0,0.0,0.0
A,R04,testing,03,91,1,0.0,0.0,0.0,0.0
A,R04,testing,03,92,1,0.0,0.0,0.0,0.0
A,R04,testing,03,93,1,0.0,0.0,0.0,0.0
A,R04,testing,03,94,1,0.0,0.0,0.0,0.0
A,R04,testing,03,95,1,0.0,0.0,0.0,0.0
A,R04,testing,03,96,1,0.0,0.0,0.0,0.0
A,R04,testing,03,97,1,0.0,0.0,0.0,0.0
A,R04,testing,03,98,1,0.0,0.0,0.0,0.0
A,R04,testing,03,99,1,0.0,0.0,0.0,0.0
A,R04,testing,03,100,1,0.0,0.0,0.0,0.0
A,R04,testing,03,101,1,0.0,0.0,0.0,0.0
A,R04,testing,03,102,1,0.0,0.0,0.0,0.0
A,R04,testing,03,103,1,0.0,0.0,0.0,0.0
A,R04,testing,03,104,1,0.0,0.0,0.0,0.0
A,R04,testing,03,105,1,0.0,0.0,0.0,0.0
A,R04,testing,03,106,1,0.0,0.0,0.0,0.0
A,R04,testing,03,107,1,0.0,0.0,0.0,0.0
A,R04,testing,03,108,1,0.0,0.0,0.0,0.0
A,R04,testing,03,109,1,0.0,0.0,0.0,0.0
A,R04,testing,03,110,1,0.0,0.0,0.0,0.0
A,R04,testing,03,111,1,0.0,0.0,0.0,0.0
A,R04,testing,03,112,1,0.0,0.0,0.0,0.0
A,R04,testing,03,113,1,0.0,0.0,0.0,0.0
A,R04,testing,03,114,1,0.0,0.0,0.0,0.0
A,R04,testing,03,115,1,0.0,0.0,0.0,0.0
A,R04,testing,03,116,1,0.0,0.0,0.0,0.0
A,R04,testing,03,117,1,0.0,0.0,0.0,0.0
A,R04,testing,03,118,1,0.0,0.0,0.0,0.0
A,R04,testing,03,119,1,0.0,0.0,0.0,0.0
A,R04,testing,03,120,1,0.0,0.0,0.0,0.0
A,R04,testing,03,121,1,0.0,0.0,0.0,0.0
A,R04,testing,03,122,1,0.0,0.0,0.0,0.0
A,R04,testing,03,123,1,0.0,0.0,0.0,0.0
A,R04,testing,03,124,1,0.0,0.0,0.0,0.0
A,R04,testing,03,125,1,0.0,0.0,0.0,0.0
A,R04,testing,03,126,1,0.0,0.0,0.0,0.0
A,R04,testing,03,127,1,0.0,0.0,0.0,0.0
A,R04,testing,03,128,1,0.0,0.0,0.0,0.0
A,R04,testing,03,129,1,0.0,0.0,0.0,0.0
A,R04,testing,03,130,1,0.0,0.0,0.0,0.0
A,R04,testing,03,131,1,0.0,0.0,0.0,0.0
A,R04,testing,03,132,1,0.0,0.0,0.0,0.0
A,R04,testing,03,133,1,0.0,0.0,0.0,0.0
A,R04,testing,03,134,1,0.0,0.0,0.0,0.0
A,R04,testing,03,135,1,0.0,0.0,0.0,0.0
A,R04,testing,03,136,1,0.0,0.0,0.0,0.0
A,R04,testing,03,137,1,0.0,0.0,0.0,0.0
A,R04,testing,03,138,1,0.0,0.0,0.0,0.0
A,R04,testing,03,139,1,0.0,0.0,0.0,0.0
A,R04,testing,03,140,1,0.0,0.0,0.0,0.0
A,R04,testing,03,141,1,0.0,0.0,0.0,0.0
A,R04,testing,03,142,1,0.0,0.0,0.0,0.0
A,R04,testing,03,143,1,0.0,0.0,0.0,0.0
A,R04,testing,03,144,1,0.0,0.0,0.0,0.0
A,R04,testing,03,145,1,0.0,0.0,0.0,0.0
A,R04,testing,03,146,1,0.0,0.0,0.0,0.0
A,R04,testing,03,147,1,0.0,0.0,0.0,0.0
A,R04,testing,03,148,1,0.0,0.0,0.0,0.0
A,R04,testing,03,149,1,0.0,0.0,0.0,0.0
A,R04,testing,03,150,1,0.0,0.0,0.0,0.0
A,R04,testing,03,151,1,0.0,0.0,0.0,0.0
A,R04,testing,03,152,1,0.0,0.0,0.0,0.0
A,R04,testing,03,153,1,0.0,0.0,0.0,0.0
A,R04,testing,03,154,1,0.0,0.0,0.0,0.0
A,R04,testing,03,155,1,0.0,0.0,0.0,0.0
A,R04,testing,03,156,1,0.0,0.0,0.0,0.0
A,R04,testing,03,157,1,0.0,0.0,0.0,0.0
A,R04,testing,03,158,1,0.0,0.0,0.0,0.0
A,R04,testing,03,159,1,0.0,0.0,0.0,0.0
A,R04,testing,03,160,1,0.0,0.0,0.0,0.0
A,R04,testing,03,161,1,0.0,0.0,0.0,0.0
A,R04,testing,03,162,1,0.0,0.0,0.0,0.0
A,R04,testing,03,163,1,0.0,0.0,0.0,0.0
A,R04,testing,03,164,1,0.0,0.0,0.0,0.0
A,R04,testing,03,165,1,0.0,0.0,0.0,0.0
A,R04,testing,03,166,1,0.0,0.0,0.0,0.0
A,R04,testing,03,167,1,0.0,0.0,0.0,0.0
A,R04,testing,03,168,1,0.0,0.0,0.0,0.0
A,R04,testing,03,169,1,0.0,0.0,0.0,0.0
A,R04,testing,03,170,1,0.0,0.0,0.0,0.0
A,R04,testing,03,171,1,0.0,0.0,0.0,0.0
A,R04,testing,03,172,1,0.0,0.0,0.0,0.0
A,R04,testing,03,173,1,0.0,0.0,0.0,0.0
A,R04,testing,03,174,1,0.0,0.0,0.0,0.0
A,R04,testing,03,175,1,0.0,0.0,0.0,0.0
A,R04,testing,03,176,1,0.0,0.0,0.0,0.0
A,R04,testing,03,177,1,0.0,0.0,0.0,0.0
A,R04,testing,03,178,1,0.0,0.0,0.0,0.0
A,R04,testing,03,179,1,0.0,0.0,0.0,0.0
A,R04,testing,03,180,1,0.0,0.0,0.0,0.0
A,R04,testing,03,181,1,0.0,0.0,0.0,0.0
A,R04,testing,03,182,1,0.0,0.0,0.0,0.0
A,R04,testing,03,183,1,0.0,0.0,0.0,0.0
A,R04,testing,03,184,1,0.0,0.0,0.0,0.0
A,R04,testing,03,185,1,0.0,0.0,0.0,0.0
A,R04,testing,03,186,1,0.0,0.0,0.0,0.0
A,R04,testing,03,187,1,0.0,0.0,0.0,0.0
A,R04,testing,03,188,1,0.0,0.0,0.0,0.0
A,R04,testing,03,189,1,0.0,0.0,0.0,0.0
A,R04,testing,03,190,1,0.0,0.0,0.0,0.0
A,R04,testing,03,191,1,0.0,0.0,0.0,0.0
A,R04,testing,03,192,1,0.0,0.0,0.0,0.0
A,R04,testing,03,193,1,0.0,0.0,0.0,0.0
A,R04,testing,03,194,1,0.0,0.0,0.0,0.0
A,R04,testing,03,195,1,0.0,0.0,0.0,0.0
A,R04,testing,03,196,1,0.0,0.0,0.0,0.0
A,R04,testing,03,197,1,0.0,0.0,0.0,0.0
A,R04,testing,03,198,1,0.0,0.0,0.0,0.0
A,R04,testing,03,199,1,0.0,0.0,0.0,0.0
A,R04,testing,03,200,1,0.0,0.0,0.0,0.0
A,R04,testing,03,201,1,0.0,0.0,0.0,0.0
A,R04,testing,03,202,1,0.0,0.0,0.0,0.0
A,R04,testing,03,203,1,0.0,0.0,0.0,0.0
A,R04,testing,03,204,1,0.0,0.0,0.0,0.0
A,R04,testing,03,205,1,0.0,0.0,0.0,0.0
A,R04,testing,03,206,1,0.0,0.0,0.0,0.0
A,R04,testing,03,207,1,0.0,0.0,0.0,0.0
A,R04,testing,03,208,1,0.0,0.0,0.0,0.0
A,R04,testing,03,209,1,0.0,0.0,0.0,0.0
A,R04,testing,03,210,1,0.0,0.0,0.0,0.0
A,R04,testing,03,211,1,0.0,0.0,0.0,0.0
A,R04,testing,03,212,1,0.0,0.0,0.0,0.0
A,R04,testing,03,213,1,0.0,0.0,0.0,0.0
A,R04,testing,03,214,1,0.0,0.0,0.0,0.0
A,R04,testing,03,215,1,0.0,0.0,0.0,0.0
A,R04,testing,03,216,1,0.0,0.0,0.0,0.0
A,R04,testing,03,217,1,0.0,0.0,0.0,0.0
A,R04,testing,03,218,1,0.0,0.0,0.0,0.0
A,R04,testing,03,219,1,0.0,0.0,0.0,0.0
A,R04,testing,03,220,1,0.0,0.0,0.0,0.0
A,R04,testing,03,221,1,0.0,0.0,0.0,0.0
A,R04,testing,03,222,1,0.0,0.0,0.0,0.0
A,R04,testing,03,223,1,0.0,0.0,0.0,0.0
A,R04,testing,03,224,1,0.0,0.0,0.0,0.0
A,R04,testing,03,225,1,0.0,0.0,0.0,0.0
A,R04,testing,03,226,1,0.0,0.0,0.0,0.0
A,R04,testing,03,227,1,0.0,0.0,0.0,0.0
A,R04,testing,03,228,1,0.0,0.0,0.0,0.0
A,R04,testing,03,229,1,0.0,0.0,0.0,0.0
A,R04,testing,03,230,1,0.0,0.0,0.0,0.0
A,R04,testing,03,231,1,0.0,0.0,0.0,0.0
A,R04,testing,03,232,1,0.0,0.0,0.0,0.0
A,R04,testing,03,233,1,0.0,0.0,0.0,0.0
A,R04,testing,03,234,1,0.0,0.0,0.0,0.0
A,R04,testing,03,235,1,0.0,0.0,0.0,0.0
A,R04,testing,03,236,1,0.0,0.0,0.0,0.0
A,R04,testing,03,237,1,0.0,0.0,0.0,0.0
A,R04,testing,03,238,1,0.0,0.0,0.0,0.0
A,R04,testing,03,239,1,0.0,0.0,0.0,0.0
A,R04,testing,03,240,1,0.0,0.0,0.0,0.0
A,R04,testing,03,241,1,0.0,0.0,0.0,0.0
A,R04,testing,03,242,1,0.0,0.0,0.0,0.0
A,R04,testing,03,243,1,0.0,0.0,0.0,0.0
A,R04,testing,03,244,1,0.0,0.0,0.0,0.0
A,R04,testing,03,245,1,0.0,0.0,0.0,0.0
A,R04,testing,03,246,1,0.0,0.0,0.0,0.0
A,R04,testing,03,247,1,0.0,0.0,0.0,0.0
A,R04,testing,03,248,1,0.0,0.0,0.0,0.0
A,R04,testing,03,249,1,0.0,0.0,0.0,0.0
A,R04,testing,03,250,1,0.0,0.0,0.0,0.0
A,R04,testing,03,251,1,0.0,0.0,0.0,0.0
A,R04,testing,03,252,1,0.0,0.0,0.0,0.0
A,R04,testing,03,253,1,0.0,0.0,0.0,0.0
A,R04,testing,03,254,1,0.0,0.0,0.0,0.0
A,R04,testing,03,255,1,0.0,0.0,0.0,0.0
A,R04,testing,03,256,1,0.0,0.0,0.0,0.0
A,R04,testing,03,257,1,0.0,0.0,0.0,0.0
A,R04,testing,03,258,1,0.0,0.0,0.0,0.0
A,R04,testing,03,259,1,0.0,0.0,0.0,0.0
A,R04,testing,03,260,1,0.0,0.0,0.0,0.0
A,R04,testing,03,261,1,0.0,0.0,0.0,0.0
A,R04,testing,03,262,1,0.0,0.0,0.0,0.0
A,R04,testing,03,263,1,0.0,0.0,0.0,0.0
A,R04,testing,03,264,1,0.0,0.0,0.0,0.0
A,R04,testing,03,265,1,0.0,0.0,0.0,0.0
A,R04,testing,03,266,1,0.0,0.0,0.0,0.0
A,R04,testing,03,267,1,0.0,0.0,0.0,0.0
A,R04,testing,03,268,1,0.0,0.0,0.0,0.0
A,R04,testing,03,269,1,0.0,0.0,0.0,0.0
A,R04,testing,03,270,1,0.0,0.0,0.0,0.0
A,R04,testing,03,271,1,0.0,0.0,0.0,0.0
A,R04,testing,03,272,1,0.0,0.0,0.0,0.0
A,R04,testing,03,273,1,0.0,0.0,0.0,0.0
A,R04,testing,03,274,1,0.0,0.0,0.0,0.0
A,R04,testing,03,275,1,0.0,0.0,0.0,0.0
A,R04,testing,03,276,1,0.0,0.0,0.0,0.0
A,R04,testing,03,277,1,0.0,0.0,0.0,0.0
A,R04,testing,03,278,1,0.0,0.0,0.0,0.0
A,R04,testing,03,279,1,0.0,0.0,0.0,0.0
A,R04,testing,03,280,1,0.0,0.0,0.0,0.0
A,R04,testing,03,281,1,0.0,0.0,0.0,0.0
A,R04,testing,03,282,1,0.0,0.0,0.0,0.0
A,R04,testing,03,283,1,0.0,0.0,0.0,0.0
A,R04,testing,03,284,1,0.0,0.0,0.0,0.0
A,R04,testing,03,285,1,0.0,0.0,0.0,0.0
A,R04,testing,03,286,1,0.0,0.0,0.0,0.0
A,R04,testing,03,287,1,0.0,0.0,0.0,0.0
A,R04,testing,03,288,1,0.0,0.0,0.0,0.0
A,R04,testing,03,289,1,0.0,0.0,0.0,0.0
A,R04,testing,03,290,1,0.0,0.0,0.0,0.0
A,R04,testing,03,291,1,0.0,0.0,0.0,0.0
A,R04,testing,03,292,1,0.0,0.0,0.0,0.0
A,R04,testing,03,293,1,0.0,0.0,0.0,0.0
A,R04,testing,03,294,1,0.0,0.0,0.0,0.0
A,R04,testing,03,295,1,0.0,0.0,0.0,0.0
A,R04,testing,03,296,1,0.0,0.0,0.0,0.0
A,R04,testing,03,297,1,0.0,0.0,0.0,0.0
A,R04,testing,03,298,1,0.0,0.0,0.0,0.0
A,R04,testing,03,299,1,0.0,0.0,0.0,0.0
A,R04,testing,03,300,1,0.0,0.0,0.0,0.0
A,R04,testing,03,301,1,0.0,0.0,0.0,0.0
A,R04,testing,03,302,1,0.0,0.0,0.0,0.0
A,R04,testing,03,303,1,0.0,0.0,0.0,0.0
A,R04,testing,03,304,1,0.0,0.0,0.0,0.0
A,R04,testing,03,305,1,0.0,0.0,0.0,0.0
A,R04,testing,03,306,1,0.0,0.0,0.0,0.0
A,R04,testing,03,307,1,0.0,0.0,0.0,0.0
A,R04,testing,03,308,1,0.0,0.0,0.0,0.0
A,R04,testing,03,309,1,0.0,0.0,0.0,0.0
A,R04,testing,03,310,1,0.0,0.0,0.0,0.0
A,R04,testing,03,311,1,0.0,0.0,0.0,0.0
A,R04,testing,03,312,1,0.0,0.0,0.0,0.0
A,R04,testing,03,313,1,0.0,0.0,0.0,0.0
A,R04,testing,03,314,1,0.0,0.0,0.0,0.0
A,R04,testing,03,315,1,0.0,0.0,0.0,0.0
A,R04,testing,03,316,1,0.0,0.0,0.0,0.0
A,R04,testing,03,317,1,0.0,0.0,0.0,0.0
A,R04,testing,03,318,1,0.0,0.0,0.0,0.0
A,R04,testing,03,319,1,0.0,0.0,0.0,0.0
A,R04,testing,03,320,1,0.0,0.0,0.0,0.0
A,R04,testing,03,321,1,0.0,0.0,0.0,0.0
A,R04,testing,03,322,1,0.0,0.0,0.0,0.0
A,R04,testing,03,323,1,0.0,0.0,0.0,0.0
A,R04,testing,03,324,1,0.0,0.0,0.0,0.0
A,R04,testing,03,325,1,0.0,0.0,0.0,0.0
A,R04,testing,03,326,1,0.0,0.0,0.0,0.0
A,R04,testing,03,327,1,0.0,0.0,0.0,0.0
A,R04,testing,03,328,1,0.0,0.0,0.0,0.0
A,R04,testing,03,329,1,0.0,0.0,0.0,0.0
A,R04,testing,03,330,1,0.0,0.0,0.0,0.0
A,R04,testing,03,331,1,0.0,0.0,0.0,0.0
A,R04,testing,03,332,1,0.0,0.0,0.0,0.0
A,R04,testing,03,333,1,0.0,0.0,0.0,0.0
A,R04,testing,03,334,1,0.0,0.0,0.0,0.0
A,R04,testing,03,335,1,0.0,0.0,0.0,0.0
A,R04,testing,03,336,1,0.0,0.0,0.0,0.0
A,R04,testing,03,337,1,0.0,0.0,0.0,0.0
A,R04,testing,03,338,1,0.0,0.0,0.0,0.0
A,R04,testing,03,339,1,0.0,0.0,0.0,0.0
A,R04,testing,03,340,1,0.0,0.0,0.0,0.0
A,R04,testing,03,341,1,0.0,0.0,0.0,0.0
A,R04,testing,03,342,1,0.0,0.0,0.0,0.0
A,R04,testing,03,343,1,0.0,0.0,0.0,0.0
A,R04,testing,03,344,1,0.0,0.0,0.0,0.0
A,R04,testing,03,345,1,0.0,0.0,0.0,0.0
A,R04,testing,03,346,1,0.0,0.0,0.0,0.0
A,R04,testing,03,347,1,0.0,0.0,0.0,0.0
A,R04,testing,03,348,1,0.0,0.0,0.0,0.0
A,R04,testing,03,349,1,0.0,0.0,0.0,0.0
A,R04,testing,03,350,1,0.0,0.0,0.0,0.0
A,R04,testing,03,351,1,0.0,0.0,0.0,0.0
A,R04,testing,03,352,1,0.0,0.0,0.0,0.0
A,R04,testing,03,353,1,0.0,0.0,0.0,0.0
A,R04,testing,03,354,1,0.0,0.0,0.0,0.0
A,R04,testing,03,355,1,0.0,0.0,0.0,0.0
A,R04,testing,03,356,1,0.0,0.0,0.0,0.0
A,R04,testing,03,357,1,0.0,0.0,0.0,0.0
A,R04,testing,03,358,1,0.0,0.0,0.0,0.0
A,R04,testing,03,359,1,0.0,0.0,0.0,0.0
A,R04,testing,03,360,1,0.0,0.0,0.0,0.0
A,R04,testing,03,361,1,0.0,0.0,0.0,0.0
A,R04,testing,03,362,1,0.0,0.0,0.0,0.0
A,R04,testing,03,363,1,0.0,0.0,0.0,0.0
A,R04,testing,03,364,1,0.0,0.0,0.0,0.0
A,R04,testing,03,365,1,0.0,0.0,0.0,0.0
A,R04,testing,03,366,1,0.0,0.0,0.0,0.0
A,R04,testing,03,367,1,0.0,0.0,0.0,0.0
A,R04,testing,03,368,1,0.0,0.0,0.0,0.0
A,R04,testing,03,369,1,0.0,0.0,0.0,0.0
A,R04,testing,03,370,1,0.0,0.0,0.0,0.0
A,R04,testing,03,371,1,0.0,0.0,0.0,0.0
A,R04,testing,03,372,1,0.0,0.0,0.0,0.0
A,R04,testing,03,373,1,0.0,0.0,0.0,0.0
A,R04,testing,03,374,1,0.0,0.0,0.0,0.0
A,R04,testing,03,375,1,0.0,0.0,0.0,0.0
A,R04,testing,03,376,1,0.0,0.0,0.0,0.0
A,R04,testing,03,377,1,0.0,0.0,0.0,0.0
A,R04,testing,03,378,1,0.0,0.0,0.0,0.0
A,R04,testing,03,379,1,0.0,0.0,0.0,0.0
A,R04,testing,03,380,1,0.0,0.0,0.0,0.0
B,R04,testing,03,0,0,0.0,0.0,0.0,0.0
B,R04,testing,03,1,0,0.0,0.0,0.0,0.0
B,R04,testing,03,2,0,0.0,0.0,0.0,0.0
B,R04,testing,03,3,0,0.0,0.0,0.0,0.0
B,R04,testing,03,4,0,0.0,0.0,0.0,0.0
B,R04,testing,03,5,0,0.0,0.0,0.0,0.0
B,R04,testing,03,6,0,0.0,0.0,0.0,0.0
B,R04,testing,03,7,0,0.0,0.0,0.0,0.0
B,R04,testing,03,8,0,0.0,0.0,0.0,0.0
B,R04,testing,03,9,0,0.0,0.0,0.0,0.0
B,R04,testing,03,10,0,0.0,0.0,0.0,0.0
B,R04,testing,03,11,0,0.0,0.0,0.0,0.0
B,R04,testing,03,12,0,0.0,0.0,0.0,0.0
B,R04,testing,03,13,0,0.0,0.0,0.0,0.0
B,R04,testing,03,14,0,0.0,0.0,0.0,0.0
B,R04,testing,03,15,0,0.0,0.0,0.0,0.0
B,R04,testing,03,16,0,0.0,0.0,0.0,0.0
B,R04,testing,03,17,0,0.0,0.0,0.0,0.0
B,R04,testing,03,18,0,0.0,0.0,0.0,0.0
B,R04,testing,03,19,0,0.0,0.0,0.0,0.0
B,R04,testing,03,20,0,0.0,0.0,0.0,0.0
B,R04,testing,03,21,0,0.0,0.0,0.0,0.0
B,R04,testing,03,22,0,0.0,0.0,0.0,0.0
B,R04,testing,03,23,0,0.0,0.0,0.0,0.0
B,R04,testing,03,24,0,0.0,0.0,0.0,0.0
B,R04,testing,03,25,0,0.0,0.0,0.0,0.0
B,R04,testing,03,26,0,0.0,0.0,0.0,0.0
B,R04,testing,03,27,0,0.0,0.0,0.0,0.0
B,R04,testing,03,28,0,0.0,0.0,0.0,0.0
B,R04,testing,03,29,0,0.0,0.0,0.0,0.0
B,R04,testing,03,30,0,0.0,0.0,0.0,0.0
B,R04,testing,03,31,0,0.0,0.0,0.0,0.0
B,R04,testing,03,32,0,0.0,0.0,0.0,0.0
B,R04,testing,03,33,0,0.0,0.0,0.0,0.0
B,R04,testing,03,34,0,0.0,0.0,0.0,0.0
B,R04,testing,03,35,0,0.0,0.0,0.0,0.0
B,R04,testing,03,36,0,0.0,0.0,0.0,0.0
B,R04,testing,03,37,0,0.0,0.0,0.0,0.0
B,R04,testing,03,38,0,0.0,0.0,0.0,0.0
B,R04,testing,03,39,0,0.0,0.0,0.0,0.0
B,R04,testing,03,40,0,0.0,0.0,0.0,0.0
B,R04,testing,03,41,0,0.0,0.0,0.0,0.0
B,R04,testing,03,42,0,0.0,0.0,0.0,0.0
B,R04,testing,03,43,0,0.0,0.0,0.0,0.0
B,R04,testing,03,44,0,0.0,0.0,0.0,0.0
B,R04,testing,03,45,0,0.0,0.0,0.0,0.0
B,R04,testing,03,46,0,0.0,0.0,0.0,0.0
B,R04,testing,03,47,0,0.0,0.0,0.0,0.0
B,R04,testing,03,48,0,0.0,0.0,0.0,0.0
B,R04,testing,03,49,0,0.0,0.0,0.0,0.0
B,R04,testing,03,50,0,0.0,0.0,0.0,0.0
B,R04,testing,03,51,0,0.0,0.0,0.0,0.0
B,R04,testing,03,52,0,0.0,0.0,0.0,0.0
B,R04,testing,03,53,0,0.0,0.0,0.0,0.0
B,R04,testing,03,54,0,0.0,0.0,0.0,0.0
B,R04,testing,03,55,0,0.0,0.0,0.0,0.0
B,R04,testing,03,56,0,0.0,0.0,0.0,0.0
B,R04,testing,03,57,0,0.0,0.0,0.0,0.0
B,R04,testing,03,58,0,0.0,0.0,0.0,0.0
B,R04,testing,03,59,0,0.0,0.0,0.0,0.0
B,R04,testing,03,60,0,0.0,0.0,0.0,0.0
B,R04,testing,03,61,0,0.0,0.0,0.0,0.0
B,R04,testing,03,62,0,0.0,0.0,0.0,0.0
B,R04,testing,03,63,0,0.0,0.0,0.0,0.0
B,R04,testing,03,64,0,0.0,0.0,0.0,0.0
B,R04,testing,03,65,1,0.0,0.0,0.0,0.0
B,R04,testing,03,66,1,0.0,0.0,0.0,0.0
B,R04,testing,03,67,1,0.0,0.0,0.0,0.0
B,R04,testing,03,68,1,0.0,0.0,0.0,0.0
B,R04,testing,03,69,1,0.0,0.0,0.0,0.0
B,R04,testing,03,70,1,0.0,0.0,0.0,0.0
B,R04,testing,03,71,1,0.0,0.0,0.0,0.0
B,R04,testing,03,72,1,0.0,0.0,0.0,0.0
B,R04,testing,03,73,1,0.0,0.0,0.0,0.0
B,R04,testing,03,74,1,0.0,0.0,0.0,0.0
B,R04,testing,03,75,1,0.0,0.0,0.0,0.0
B,R04,testing,03,76,1,0.0,0.0,0.0,0.0
B,R04,testing,03,77,1,0.0,0.0,0.0,0.0
B,R04,testing,03,78,1,0.0,0.0,0.0,0.0
B,R04,testing,03,79,1,0.0,0.0,0.0,0.0
B,R04,testing,03,80,1,0.0,0.0,0.0,0.0
B,R04,testing,03,81,1,0.0,0.0,0.0,0.0
B,R04,testing,03,82,1,0.0,0.0,0.0,0.0
B,R04,testing,03,83,1,0.0,0.0,0.0,0.0
B,R04,testing,03,84,1,0.0,0.0,0.0,0.0
B,R04,testing,03,85,1,0.0,0.0,0.0,0.0
B,R04,testing,03,86,1,0.0,0.0,0.0,0.0
B,R04,testing,03,87,1,0.0,0.0,0.0,0.0
B,R04,testing,03,88,1,0.0,0.0,0.0,0.0
B,R04,testing,03,89,1,0.0,0.0,0.0,0.0
B,R04,testing,03,90,1,0.0,0.0,0.0,0.0
B,R04,testing,03,91,1,0.0,0.0,0.0,0.0
B,R04,testing,03,92,1,0.0,0.0,0.0,0.0
B,R04,testing,03,93,1,0.0,0.0,0.0,0.0
B,R04,testing,03,94,1,0.0,0.0,0.0,0.0
B,R04,testing,03,95,1,0.0,0.0,0.0,0.0
B,R04,testing,03,96,1,0.0,0.0,0.0,0.0
B,R04,testing,03,97,1,0.0,0.0,0.0,0.0
B,R04,testing,03,98,1,0.0,0.0,0.0,0.0
B,R04,testing,03,99,1,0.0,0.0,0.0,0.0
B,R04,testing,03,100,1,0.0,0.0,0.0,0.0
B,R04,testing,03,101,1,0.0,0.0,0.0,0.0
B,R04,testing,03,102,1,0.0,0.0,0.0,0.0
B,R04,testing,03,103,1,0.0,0.0,0.0,0.0
B,R04,testing,03,104,1,0.0,0.0,0.0,0.0
B,R04,testing,03,105,1,0.0,0.0,0.0,0.0
B,R04,testing,03,106,1,0.0,0.0,0.0,0.0
B,R04,testing,03,107,1,0.0,0.0,0.0,0.0
B,R04,testing,03,108,1,0.0,0.0,0.0,0.0
B,R04,testing,03,109,1,0.0,0.0,0.0,0.0
B,R04,testing,03,110,1,0.0,0.0,0.0,0.0
B,R04,testing,03,111,1,0.0,0.0,0.0,0.0
B,R04,testing,03,112,1,0.0,0.0,0.0,0.0
B,R04,testing,03,113,1,0.0,0.0,0.0,0.0
B,R04,testing,03,114,1,0.0,0.0,0.0,0.0
B,R04,testing,03,115,1,0.0,0.0,0.0,0.0
B,R04,testing,03,116,1,0.0,0.0,0.0,0.0
B,R04,testing,03,117,1,0.0,0.0,0.0,0.0
B,R04,testing,03,118,1,0.0,0.0,0.0,0.0
B,R04,testing,03,119,1,0.0,0.0,0.0,0.0
B,R04,testing,03,120,1,0.0,0.0,0.0,0.0
B,R04,testing,03,121,1,0.0,0.0,0.0,0.0
B,R04,testing,03,122,1,0.0,0.0,0.0,0.0
B,R04,testing,03,123,1,0.0,0.0,0.0,0.0
B,R04,testing,03,124,1,0.0,0.0,0.0,0.0
B,R04,testing,03,125,1,0.0,0.0,0.0,0.0
B,R04,testing,03,126,1,0.0,0.0,0.0,0.0
B,R04,testing,03,127,1,0.0,0.0,0.0,0.0
B,R04,testing,03,128,1,0.0,0.0,0.0,0.0
B,R04,testing,03,129,1,0.0,0.0,0.0,0.0
B,R04,testing,03,130,1,0.0,0.0,0.0,0.0
B,R04,testing,03,131,1,0.0,0.0,0.0,0.0
B,R04,testing,03,132,1,0.0,0.0,0.0,0.0
B,R04,testing,03,133,1,0.0,0.0,0.0,0.0
B,R04,testing,03,134,1,0.0,0.0,0.0,0.0
B,R04,testing,03,135,1,0.0,0.0,0.0,0.0
B,R04,testing,03,136,1,0.0,0.0,0.0,0.0
B,R04,testing,03,137,1,0.0,0.0,0.0,0.0
B,R04,testing,03,138,1,0.0,0.0,0.0,0.0
B,R04,testing,03,139,1,0.0,0.0,0.0,0.0
B,R04,testing,03,140,1,0.0,0.0,0.0,0.0
B,R04,testing,03,141,1,0.0,0.0,0.0,0.0
B,R04,testing,03,142,1,0.0,0.0,0.0,0.0
B,R04,testing,03,143,1,0.0,0.0,0.0,0.0
B,R04,testing,03,144,1,0.0,0.0,0.0,0.0
B,R04,testing,03,145,1,0.0,0.0,0.0,0.0
B,R04,testing,03,146,1,0.0,0.0,0.0,0.0
B,R04,testing,03,147,1,0.0,0.0,0.0,0.0
B,R04,testing,03,148,1,0.0,0.0,0.0,0.0
B,R04,testing,03,149,1,0.0,0.0,0.0,0.0
B,R04,testing,03,150,1,0.0,0.0,0.0,0.0
B,R04,testing,03,151,1,0.0,0.0,0.0,0.0
B,R04,testing,03,152,1,0.0,0.0,0.0,0.0
B,R04,testing,03,153,1,0.0,0.0,0.0,0.0
B,R04,testing,03,154,1,0.0,0.0,0.0,0.0
B,R04,testing,03,155,1,0.0,0.0,0.0,0.0
B,R04,testing,03,156,1,0.0,0.0,0.0,0.0
B,R04,testing,03,157,1,0.0,0.0,0.0,0.0
B,R04,testing,03,158,1,0.0,0.0,0.0,0.0
B,R04,testing,03,159,1,0.0,0.0,0.0,0.0
B,R04,testing,03,160,1,0.0,0.0,0.0,0.0
B,R04,testing,03,161,1,0.0,0.0,0.0,0.0
B,R04,testing,03,162,1,0.0,0.0,0.0,0.0
B,R04,testing,03,163,1,0.0,0.0,0.0,0.0
B,R04,testing,03,164,1,0.0,0.0,0.0,0.0
B,R04,testing,03,165,1,0.0,0.0,0.0,0.0
B,R04,testing,03,166,1,0.0,0.0,0.0,0.0
B,R04,testing,03,167,1,0.0,0.0,0.0,0.0
B,R04,testing,03,168,1,0.0,0.0,0.0,0.0
B,R04,testing,03,169,1,0.0,0.0,0.0,0.0
B,R04,testing,03,170,1,0.0,0.0,0.0,0.0
B,R04,testing,03,171,1,0.0,0.0,0.0,0.0
B,R04,testing,03,172,1,0.0,0.0,0.0,0.0
B,R04,testing,03,173,1,0.0,0.0,0.0,0.0
B,R04,testing,03,174,1,0.0,0.0,0.0,0.0
B,R04,testing,03,175,1,0.0,0.0,0.0,0.0
B,R04,testing,03,176,1,0.0,0.0,0.0,0.0
B,R04,testing,03,177,1,0.0,0.0,0.0,0.0
B,R04,testing,03,178,1,0.0,0.0,0.0,0.0
B,R04,testing,03,179,1,0.0,0.0,0.0,0.0
B,R04,testing,03,180,1,0.0,0.0,0.0,0.0
B,R04,testing,03,181,1,0.0,0.0,0.0,0.0
B,R04,testing,03,182,1,0.0,0.0,0.0,0.0
B,R04,testing,03,183,1,0.0,0.0,0.0,0.0
B,R04,testing,03,184,1,0.0,0.0,0.0,0.0
B,R04,testing,03,185,1,0.0,0.0,0.0,0.0
B,R04,testing,03,186,1,0.0,0.0,0.0,0.0
B,R04,testing,03,187,1,0.0,0.0,0.0,0.0
B,R04,testing,03,188,1,0.0,0.0,0.0,0.0
B,R04,testing,03,189,1,0.0,0.0,0.0,0.0
B,R04,testing,03,190,1,0.0,0.0,0.0,0.0
B,R04,testing,03,191,1,0.0,0.0,0.0,0.0
B,R04,testing,03,192,1,0.0,0.0,0.0,0.0
B,R04,testing,03,193,1,0.0,0.0,0.0,0.0
B,R04,testing,03,194,1,0.0,0.0,0.0,0.0
B,R04,testing,03,195,1,0.0,0.0,0.0,0.0
B,R04,testing,03,196,1,0.0,0.0,0.0,0.0
B,R04,testing,03,197,1,0.0,0.0,0.0,0.0
B,R04,testing,03,198,1,0.0,0.0,0.0,0.0
B,R04,testing,03,199,1,0.0,0.0,0.0,0.0
B,R04,testing,03,200,1,0.0,0.0,0.0,0.0
B,R04,testing,03,201,1,0.0,0.0,0.0,0.0
B,R04,testing,03,202,1,0.0,0.0,0.0,0.0
B,R04,testing,03,203,1,0.0,0.0,0.0,0.0
B,R04,testing,03,204,1,0.0,0.0,0.0,0.0
B,R04,testing,03,205,1,0.0,0.0,0.0,0.0
B,R04,testing,03,206,1,0.0,0.0,0.0,0.0
B,R04,testing,03,207,1,0.0,0.0,0.0,0.0
B,R04,testing,03,208,1,0.0,0.0,0.0,0.0
B,R04,testing,03,209,1,0.0,0.0,0.0,0.0
B,R04,testing,03,210,1,0.0,0.0,0.0,0.0
B,R04,testing,03,211,1,0.0,0.0,0.0,0.0
B,R04,testing,03,212,1,0.0,0.0,0.0,0.0
B,R04,testing,03,213,1,0.0,0.0,0.0,0.0
B,R04,testing,03,214,1,0.0,0.0,0.0,0.0
B,R04,testing,03,215,1,0.0,0.0,0.0,0.0
B,R04,testing,03,216,1,0.0,0.0,0.0,0.0
B,R04,testing,03,217,1,0.0,0.0,0.0,0.0
B,R04,testing,03,218,1,0.0,0.0,0.0,0.0
B,R04,testing,03,219,1,0.0,0.0,0.0,0.0
B,R04,testing,03,220,1,0.0,0.0,0.0,0.0
B,R04,testing,03,221,1,0.0,0.0,0.0,0.0
B,R04,testing,03,222,1,0.0,0.0,0.0,0.0
B,R04,testing,03,223,1,0.0,0.0,0.0,0.0
B,R04,testing,03,224,1,0.0,0.0,0.0,0.0
B,R04,testing,03,225,1,0.0,0.0,0.0,0.0
B,R04,testing,03,226,1,0.0,0.0,0.0,0.0
B,R04,testing,03,227,1,0.0,0.0,0.0,0.0
B,R04,testing,03,228,1,0.0,0.0,0.0,0.0
B,R04,testing,03,229,1,0.0,0.0,0.0,0.0
B,R04,testing,03,230,1,0.0,0.0,0.0,0.0
B,R04,testing,03,231,1,0.0,0.0,0.0,0.0
B,R04,testing,03,232,1,0.0,0.0,0.0,0.0
B,R04,testing,03,233,1,0.0,0.0,0.0,0.0
B,R04,testing,03,234,1,0.0,0.0,0.0,0.0
B,R04,testing,03,235,1,0.0,0.0,0.0,0.0
B,R04,testing,03,236,1,0.0,0.0,0.0,0.0
B,R04,testing,03,237,1,0.0,0.0,0.0,0.0
B,R04,testing,03,238,1,0.0,0.0,0.0,0.0
B,R04,testing,03,239,1,0.0,0.0,0.0,0.0
B,R04,testing,03,240,1,0.0,0.0,0.0,0.0
B,R04,testing,03,241,1,0.0,0.0,0.0,0.0
B,R04,testing,03,242,1,0.0,0.0,0.0,0.0
B,R04,testing,03,243,1,0.0,0.0,0.0,0.0
B,R04,testing,03,244,1,0.0,0.0,0.0,0.0
B,R04,testing,03,245,1,0.0,0.0,0.0,0.0
B,R04,testing,03,246,1,0.0,0.0,0.0,0.0
B,R04,testing,03,247,1,0.0,0.0,0.0,0.0
B,R04,testing,03,248,1,0.0,0.0,0.0,0.0
B,R04,testing,03,249,1,0.0,0.0,0.0,0.0
B,R04,testing,03,250,1,0.0,0.0,0.0,0.0
B,R04,testing,03,251,1,0.0,0.0,0.0,0.0
B,R04,testing,03,252,1,0.0,0.0,0.0,0.0
B,R04,testing,03,253,1,0.0,0.0,0.0,0.0
B,R04,testing,03,254,1,0.0,0.0,0.0,0.0
B,R04,testing,03,255,1,0.0,0.0,0.0,0.0
B,R04,testing,03,256,1,0.0,0.0,0.0,0.0
B,R04,testing,03,257,1,0.0,0.0,0.0,0.0
B,R04,testing,03,258,1,0.0,0.0,0.0,0.0
B,R04,testing,03,259,1,0.0,0.0,0.0,0.0
B,R04,testing,03,260,1,0.0,0.0,0.0,0.0
B,R04,testing,03,261,1,0.0,0.0,0.0,0.0
B,R04,testing,03,262,1,0.0,0.0,0.0,0.0
B,R04,testing,03,263,1,0.0,0.0,0.0,0.0
B,R04,testing,03,264,1,0.0,0.0,0.0,0.0
B,R04,testing,03,265,1,0.0,0.0,0.0,0.0
B,R04,testing,03,266,1,0.0,0.0,0.0,0.0
B,R04,testing,03,267,1,0.0,0.0,0.0,0.0
B,R04,testing,03,268,1,0.0,0.0,0.0,0.0
B,R04,testing,03,269,1,0.0,0.0,0.0,0.0
B,R04,testing,03,270,1,0.0,0.0,0.0,0.0
B,R04,testing,03,271,1,0.0,0.0,0.0,0.0
B,R04,testing,03,272,1,0.0,0.0,0.0,0.0
B,R04,testing,03,273,1,0.0,0.0,0.0,0.0
B,R04,testing,03,274,1,0.0,0.0,0.0,0.0
B,R04,testing,03,275,1,0.0,0.0,0.0,0.0
B,R04,testing,03,276,1,0.0,0.0,0.0,0.0
B,R04,testing,03,277,1,0.0,0.0,0.0,0.0
B,R04,testing,03,278,1,0.0,0.0,0.0,0.0
B,R04,testing,03,279,1,0.0,0.0,0.0,0.0
B,R04,testing,03,280,1,0.0,0.0,0.0,0.0
B,R04,testing,03,281,1,0.0,0.0,0.0,0.0
B,R04,testing,03,282,1,0.0,0.0,0.0,0.0
B,R04,testing,03,283,1,0.0,0.0,0.0,0.0
B,R04,testing,03,284,1,0.0,0.0,0.0,0.0
B,R04,testing,03,285,1,0.0,0.0,0.0,0.0
B,R04,testing,03,286,1,0.0,0.0,0.0,0.0
B,R04,testing,03,287,1,0.0,0.0,0.0,0.0
B,R04,testing,03,288,1,0.0,0.0,0.0,0.0
B,R04,testing,03,289,1,0.0,0.0,0.0,0.0
B,R04,testing,03,290,1,0.0,0.0,0.0,0.0
B,R04,testing,03,291,1,0.0,0.0,0.0,0.0
B,R04,testing,03,292,1,0.0,0.0,0.0,0.0
B,R04,testing,03,293,1,0.0,0.0,0.0,0.0
B,R04,testing,03,294,1,0.0,0.0,0.0,0.0
B,R04,testing,03,295,1,0.0,0.0,0.0,0.0
B,R04,testing,03,296,1,0.0,0.0,0.0,0.0
B,R04,testing,03,297,1,0.0,0.0,0.0,0.0
B,R04,testing,03,298,1,0.0,0.0,0.0,0.0
B,R04,testing,03,299,1,0.0,0.0,0.0,0.0
B,R04,testing,03,300,1,0.0,0.0,0.0,0.0
B,R04,testing,03,301,1,0.0,0.0,0.0,0.0
B,R04,testing,03,302,1,0.0,0.0,0.0,0.0
B,R04,testing,03,303,1,0.0,0.0,0.0,0.0
B,R04,testing,03,304,1,0.0,0.0,0.0,0.0
B,R04,testing,03,305,1,0.0,0.0,0.0,0.0
B,R04,testing,03,306,1,0.0,0.0,0.0,0.0
B,R04,testing,03,307,1,0.0,0.0,0.0,0.0
B,R04,testing,03,308,1,0.0,0.0,0.0,0.0
B,R04,testing,03,309,1,0.0,0.0,0.0,0.0
B,R04,testing,03,310,1,0.0,0.0,0.0,0.0
B,R04,testing,03,311,1,0.0,0.0,0.0,0.0
B,R04,testing,03,312,1,0.0,0.0,0.0,0.0
B,R04,testing,03,313,1,0.0,0.0,0.0,0.0
B,R04,testing,03,314,1,0.0,0.0,0.0,0.0
B,R04,testing,03,315,1,0.0,0.0,0.0,0.0
B,R04,testing,03,316,1,0.0,0.0,0.0,0.0
B,R04,testing,03,317,1,0.0,0.0,0.0,0.0
B,R04,testing,03,318,1,0.0,0.0,0.0,0.0
B,R04,testing,03,319,1,0.0,0.0,0.0,0.0
B,R04,testing,03,320,1,0.0,0.0,0.0,0.0
B,R04,testing,03,321,1,0.0,0.0,0.0,0.0
B,R04,testing,03,322,1,0.0,0.0,0.0,0.0
B,R04,testing,03,323,1,0.0,0.0,0.0,0.0
B,R04,testing,03,324,1,0.0,0.0,0.0,0.0
B,R04,testing,03,325,1,0.0,0.0,0.0,0.0
B,R04,testing,03,326,1,0.0,0.0,0.0,0.0
B,R04,testing,03,327,1,0.0,0.0,0.0,0.0
B,R04,testing,03,328,1,0.0,0.0,0.0,0.0
B,R04,testing,03,329,1,0.0,0.0,0.0,0.0
B,R04,testing,03,330,1,0.0,0.0,0.0,0.0
B,R04,testing,03,331,1,0.0,0.0,0.0,0.0
B,R04,testing,03,332,1,0.0,0.0,0.0,0.0
B,R04,testing,03,333,1,0.0,0.0,0.0,0.0
B,R04,testing,03,334,1,0.0,0.0,0.0,0.0
B,R04,testing,03,335,1,0.0,0.0,0.0,0.0
B,R04,testing,03,336,1,0.0,0.0,0.0,0.0
B,R04,testing,03,337,1,0.0,0.0,0.0,0.0
B,R04,testing,03,338,1,0.0,0.0,0.0,0.0
B,R04,testing,03,339,1,0.0,0.0,0.0,0.0
B,R04,testing,03,340,1,0.0,0.0,0.0,0.0
B,R04,testing,03,341,1,0.0,0.0,0.0,0.0
B,R04,testing,03,342,1,0.0,0.0,0.0,0.0
B,R04,testing,03,343,1,0.0,0.0,0.0,0.0
B,R04,testing,03,344,1,0.0,0.0,0.0,0.0
B,R04,testing,03,345,1,0.0,0.0,0.0,0.0
B,R04,testing,03,346,1,0.0,0.0,0.0,0.0
B,R04,testing,03,347,1,0.0,0.0,0.0,0.0
B,R04,testing,03,348,1,0.0,0.0,0.0,0.0
B,R04,testing,03,349,1,0.0,0.0,0.0,0.0
B,R04,testing,03,350,1,0.0,0.0,0.0,0.0
B,R04,testing,03,351,1,0.0,0.0,0.0,0.0
B,R04,testing,03,352,1,0.0,0.0,0.0,0.0
B,R04,testing,03,353,1,0.0,0.0,0.0,0.0
B,R04,testing,03,354,1,0.0,0.0,0.0,0.0
B,R04,testing,03,355,1,0.0,0.0,0.0,0.0
B,R04,testing,03,356,1,0.0,0.0,0.0,0.0
B,R04,testing,03,357,1,0.0,0.0,0.0,0.0
B,R04,testing,03,358,1,0.0,0.0,0.0,0.0
B,R04,testing,03,359,1,0.0,0.0,0.0,0.0
B,R04,testing,03,360,1,0.0,0.0,0.0,0.0
B,R04,testing,03,361,1,0.0,0.0,0.0,0.0
B,R04,testing,03,362,1,0.0,0.0,0.0,0.0
B,R04,testing,03,363,1,0.0,0.0,0.0,0.0
B,R04,testing,03,364,1,0.0,0.0,0.0,0.0
B,R04,testing,03,365,1,0.0,0.0,0.0,0.0
B,R04,testing,03,366,1,0.0,0.0,0.0,0.0
B,R04,testing,03,367,1,0.0,0.0,0.0,0.0
B,R04,testing,03,368,1,0.0,0.0,0.0,0.0
B,R04,testing,03,369,1,0.0,0.0,0.0,0.0
B,R04,testing,03,370,1,0.0,0.0,0.0,0.0
B,R04,testing,03,371,1,0.0,0.0,0.0,0.0
B,R04,testing,03,372,1,0.0,0.0,0.0,0.0
B,R04,testing,03,373,1,0.0,0.0,0.0,0.0
B,R04,testing,03,374,1,0.0,0.0,0.0,0.0
B,R04,testing,03,375,1,0.0,0.0,0.0,0.0
B,R04,testing,03,376,1,0.0,0.0,0.0,0.0
B,R04,testing,03,377,1,0.0,0.0,0.0,0.0
B,R04,testing,03,378,1,0.0,0.0,0.0,0.0
B,R04,testing,03,379,1,0.0,0.0,0.0,0.0
B,R04,testing,03,380,1,0.0,0.0,0.0,0.0
C,R04,testing,03,0,0,0.0,0.0,0.0,0.0
C,R04,testing,03,1,0,0.0,0.0,0.0,0.0
C,R04,testing,03,2,0,0.0,0.0,0.0,0.0
C,R04,testing,03,3,0,0.0,0.0,0.0,0.0
C,R04,testing,03,4,0,0.0,0.0,0.0,0.0
C,R04,testing,03,5,0,0.0,0.0,0.0,0.0
C,R04,testing,03,6,0,0.0,0.0,0.0,0.0
C,R04,testing,03,7,0,0.0,0.0,0.0,0.0
C,R04,testing,03,8,0,0.0,0.0,0.0,0.0
C,R04,testing,03,9,0,0.0,0.0,0.0,0.0
C,R04,testing,03,10,0,0.0,0.0,0.0,0.0
C,R04,testing,03,11,0,0.0,0.0,0.0,0.0
C,R04,testing,03,12,0,0.0,0.0,0.0,0.0
C,R04,testing,03,13,0,0.0,0.0,0.0,0.0
C,R04,testing,03,14,0,0.0,0.0,0.0,0.0
C,R04,testing,03,15,0,0.0,0.0,0.0,0.0
C,R04,testing,03,16,0,0.0,0.0,0.0,0.0
C,R04,testing,03,17,0,0.0,0.0,0.0,0.0
C,R04,testing,03,18,0,0.0,0.0,0.0,0.0
C,R04,testing,03,19,0,0.0,0.0,0.0,0.0
C,R04,testing,03,20,0,0.0,0.0,0.0,0.0
C,R04,testing,03,21,0,0.0,0.0,0.0,0.0
C,R04,testing,03,22,0,0.0,0.0,0.0,0.0
C,R04,testing,03,23,0,0.0,0.0,0.0,0.0
C,R04,testing,03,24,0,0.0,0.0,0.0,0.0
C,R04,testing,03,25,0,0.0,0.0,0.0,0.0
C,R04,testing,03,26,0,0.0,0.0,0.0,0.0
C,R04,testing,03,27,0,0.0,0.0,0.0,0.0
C,R04,testing,03,28,0,0.0,0.0,0.0,0.0
C,R04,testing,03,29,0,0.0,0.0,0.0,0.0
C,R04,testing,03,30,0,0.0,0.0,0.0,0.0
C,R04,testing,03,31,0,0.0,0.0,0.0,0.0
C,R04,testing,03,32,0,0.0,0.0,0.0,0.0
C,R04,testing,03,33,0,0.0,0.0,0.0,0.0
C,R04,testing,03,34,0,0.0,0.0,0.0,0.0
C,R04,testing,03,35,0,0.0,0.0,0.0,0.0
C,R04,testing,03,36,0,0.0,0.0,0.0,0.0
C,R04,testing,03,37,0,0.0,0.0,0.0,0.0
C,R04,testing,03,38,0,0.0,0.0,0.0,0.0
C,R04,testing,03,39,0,0.0,0.0,0.0,0.0
C,R04,testing,03,40,0,0.0,0.0,0.0,0.0
C,R04,testing,03,41,0,0.0,0.0,0.0,0.0
C,R04,testing,03,42,0,0.0,0.0,0.0,0.0
C,R04,testing,03,43,0,0.0,0.0,0.0,0.0
C,R04,testing,03,44,0,0.0,0.0,0.0,0.0
C,R04,testing,03,45,0,0.0,0.0,0.0,0.0
C,R04,testing,03,46,0,0.0,0.0,0.0,0.0
C,R04,testing,03,47,0,0.0,0.0,0.0,0.0
C,R04,testing,03,48,0,0.0,0.0,0.0,0.0
C,R04,testing,03,49,0,0.0,0.0,0.0,0.0
C,R04,testing,03,50,0,0.0,0.0,0.0,0.0
C,R04,testing,03,51,0,0.0,0.0,0.0,0.0
C,R04,testing,03,52,0,0.0,0.0,0.0,0.0
C,R04,testing,03,53,0,0.0,0.0,0.0,0.0
C,R04,testing,03,54,0,0.0,0.0,0.0,0.0
C,R04,testing,03,55,0,0.0,0.0,0.0,0.0
C,R04,testing,03,56,0,0.0,0.0,0.0,0.0
C,R04,testing,03,57,0,0.0,0.0,0.0,0.0
C,R04,testing,03,58,0,0.0,0.0,0.0,0.0
C,R04,testing,03,59,0,0.0,0.0,0.0,0.0
C,R04,testing,03,60,0,0.0,0.0,0.0,0.0
C,R04,testing,03,61,0,0.0,0.0,0.0,0.0
C,R04,testing,03,62,0,0.0,0.0,0.0,0.0
C,R04,testing,03,63,0,0.0,0.0,0.0,0.0
C,R04,testing,03,64,0,0.0,0.0,0.0,0.0
C,R04,testing,03,65,1,0.0,0.0,0.0,0.0
C,R04,testing,03,66,1,0.0,0.0,0.0,0.0
C,R04,testing,03,67,1,0.0,0.0,0.0,0.0
C,R04,testing,03,68,1,0.0,0.0,0.0,0.0
C,R04,testing,03,69,1,0.0,0.0,0.0,0.0
C,R04,testing,03,70,1,0.0,0.0,0.0,0.0
C,R04,testing,03,71,1,0.0,0.0,0.0,0.0
C,R04,testing,03,72,1,0.0,0.0,0.0,0.0
C,R04,testing,03,73,1,0.0,0.0,0.0,0.0
C,R04,testing,03,74,1,0.0,0.0,0.0,0.0
C,R04,testing,03,75,1,0.0,0.0,0.0,0.0
C,R04,testing,03,76,1,0.0,0.0,0.0,0.0
C,R04,testing,03,77,1,0.0,0.0,0.0,0.0
C,R04,testing,03,78,1,0.0,0.0,0.0,0.0
C,R04,testing,03,79,1,0.0,0.0,0.0,0.0
C,R04,testing,03,80,1,0.0,0.0,0.0,0.0
C,R04,testing,03,81,1,0.0,0.0,0.0,0.0
C,R04,testing,03,82,1,0.0,0.0,0.0,0.0
C,R04,testing,03,83,1,0.0,0.0,0.0,0.0
C,R04,testing,03,84,1,0.0,0.0,0.0,0.0
C,R04,testing,03,85,1,0.0,0.0,0.0,0.0
C,R04,testing,03,86,1,0.0,0.0,0.0,0.0
C,R04,testing,03,87,1,0.0,0.0,0.0,0.0
C,R04,testing,03,88,1,0.0,0.0,0.0,0.0
C,R04,testing,03,89,1,0.0,0.0,0.0,0.0
C,R04,testing,03,90,1,0.0,0.0,0.0,0.0
C,R04,testing,03,91,1,0.0,0.0,0.0,0.0
C,R04,testing,03,92,1,0.0,0.0,0.0,0.0
C,R04,testing,03,93,1,0.0,0.0,0.0,0.0
C,R04,testing,03,94,1,0.0,0.0,0.0,0.0
C,R04,testing,03,95,1,0.0,0.0,0.0,0.0
C,R04,testing,03,96,1,0.0,0.0,0.0,0.0
C,R04,testing,03,97,1,0.0,0.0,0.0,0.0
C,R04,testing,03,98,1,0.0,0.0,0.0,0.0
C,R04,testing,03,99,1,0.0,0.0,0.0,0.0
C,R04,testing,03,100,1,0.0,0.0,0.0,0.0
C,R04,testing,03,101,1,0.0,0.0,0.0,0.0
C,R04,testing,03,102,1,0.0,0.0,0.0,0.0
C,R04,testing,03,103,1,0.0,0.0,0.0,0.0
C,R04,testing,03,104,1,0.0,0.0,0.0,0.0
C,R04,testing,03,105,1,0.0,0.0,0.0,0.0
C,R04,testing,03,106,1,0.0,0.0,0.0,0.0
C,R04,testing,03,107,1,0.0,0.0,0.0,0.0
C,R04,testing,03,108,1,0.0,0.0,0.0,0.0
C,R04,testing,03,109,1,0.0,0.0,0.0,0.0
C,R04,testing,03,110,1,0.0,0.0,0.0,0.0
C,R04,testing,03,111,1,0.0,0.0,0.0,0.0
C,R04,testing,03,112,1,0.0,0.0,0.0,0.0
C,R04,testing,03,113,1,0.0,0.0,0.0,0.0
C,R04,testing,03,114,1,0.0,0.0,0.0,0.0
C,R04,testing,03,115,1,0.0,0.0,0.0,0.0
C,R04,testing,03,116,1,0.0,0.0,0.0,0.0
C,R04,testing,03,117,1,0.0,0.0,0.0,0.0
C,R04,testing,03,118,1,0.0,0.0,0.0,0.0
C,R04,testing,03,119,1,0.0,0.0,0.0,0.0
C,R04,testing,03,120,1,0.0,0.0,0.0,0.0
C,R04,testing,03,121,1,0.0,0.0,0.0,0.0
C,R04,testing,03,122,1,0.0,0.0,0.0,0.0
C,R04,testing,03,123,1,0.0,0.0,0.0,0.0
C,R04,testing,03,124,1,0.0,0.0,0.0,0.0
C,R04,testing,03,125,1,0.0,0.0,0.0,0.0
C,R04,testing,03,126,1,0.0,0.0,0.0,0.0
C,R04,testing,03,127,1,0.0,0.0,0.0,0.0
C,R04,testing,03,128,1,0.0,0.0,0.0,0.0
C,R04,testing,03,129,1,0.0,0.0,0.0,0.0
C,R04,testing,03,130,1,0.0,0.0,0.0,0.0
C,R04,testing,03,131,1,0.0,0.0,0.0,0.0
C,R04,testing,03,132,1,0.0,0.0,0.0,0.0
C,R04,testing,03,133,1,0.0,0.0,0.0,0.0
C,R04,testing,03,134,1,0.0,0.0,0.0,0.0
C,R04,testing,03,135,1,0.0,0.0,0.0,0.0
C,R04,testing,03,136,1,0.0,0.0,0.0,0.0
C,R04,testing,03,137,1,0.0,0.0,0.0,0.0
C,R04,testing,03,138,1,0.0,0.0,0.0,0.0
C,R04,testing,03,139,1,0.0,0.0,0.0,0.0
C,R04,testing,03,140,1,0.0,0.0,0.0,0.0
C,R04,testing,03,141,1,0.0,0.0,0.0,0.0
C,R04,testing,03,142,1,0.0,0.0,0.0,0.0
C,R04,testing,03,143,1,0.0,0.0,0.0,0.0
C,R04,testing,03,144,1,0.0,0.0,0.0,0.0
C,R04,testing,03,145,1,0.0,0.0,0.0,0.0
C,R04,testing,03,146,1,0.0,0.0,0.0,0.0
C,R04,testing,03,147,1,0.0,0.0,0.0,0.0
C,R04,testing,03,148,1,0.0,0.0,0.0,0.0
C,R04,testing,03,149,1,0.0,0.0,0.0,0.0
C,R04,testing,03,150,1,0.0,0.0,0.0,0.0
C,R04,testing,03,151,1,0.0,0.0,0.0,0.0
C,R04,testing,03,152,1,0.0,0.0,0.0,0.0
C,R04,testing,03,153,1,0.0,0.0,0.0,0.0
C,R04,testing,03,154,1,0.0,0.0,0.0,0.0
C,R04,testing,03,155,1,0.0,0.0,0.0,0.0
C,R04,testing,03,156,1,0.0,0.0,0.0,0.0
C,R04,testing,03,157,1,0.0,0.0,0.0,0.0
C,R04,testing,03,158,1,0.0,0.0,0.0,0.0
C,R04,testing,03,159,1,0.0,0.0,0.0,0.0
C,R04,testing,03,160,1,0.0,0.0,0.0,0.0
C,R04,testing,03,161,1,0.0,0.0,0.0,0.0
C,R04,testing,03,162,1,0.0,0.0,0.0,0.0
C,R04,testing,03,163,1,0.0,0.0,0.0,0.0
C,R04,testing,03,164,1,0.0,0.0,0.0,0.0
C,R04,testing,03,165,1,0.0,0.0,0.0,0.0
C,R04,testing,03,166,1,0.0,0.0,0.0,0.0
C,R04,testing,03,167,1,0.0,0.0,0.0,0.0
C,R04,testing,03,168,1,0.0,0.0,0.0,0.0
C,R04,testing,03,169,1,0.0,0.0,0.0,0.0
C,R04,testing,03,170,1,0.0,0.0,0.0,0.0
C,R04,testing,03,171,1,0.0,0.0,0.0,0.0
C,R04,testing,03,172,1,0.0,0.0,0.0,0.0
C,R04,testing,03,173,1,0.0,0.0,0.0,0.0
C,R04,testing,03,174,1,0.0,0.0,0.0,0.0
C,R04,testing,03,175,1,0.0,0.0,0.0,0.0
C,R04,testing,03,176,1,0.0,0.0,0.0,0.0
C,R04,testing,03,177,1,0.0,0.0,0.0,0.0
C,R04,testing,03,178,1,0.0,0.0,0.0,0.0
C,R04,testing,03,179,1,0.0,0.0,0.0,0.0
C,R04,testing,03,180,1,0.0,0.0,0.0,0.0
C,R04,testing,03,181,1,0.0,0.0,0.0,0.0
C,R04,testing,03,182,1,0.0,0.0,0.0,0.0
C,R04,testing,03,183,1,0.0,0.0,0.0,0.0
C,R04,testing,03,184,1,0.0,0.0,0.0,0.0
C,R04,testing,03,185,1,0.0,0.0,0.0,0.0
C,R04,testing,03,186,1,0.0,0.0,0.0,0.0
C,R04,testing,03,187,1,0.0,0.0,0.0,0.0
C,R04,testing,03,188,1,0.0,0.0,0.0,0.0
C,R04,testing,03,189,1,0.0,0.0,0.0,0.0
C,R04,testing,03,190,1,0.0,0.0,0.0,0.0
C,R04,testing,03,191,1,0.0,0.0,0.0,0.0
C,R04,testing,03,192,1,0.0,0.0,0.0,0.0
C,R04,testing,03,193,1,0.0,0.0,0.0,0.0
C,R04,testing,03,194,1,0.0,0.0,0.0,0.0
C,R04,testing,03,195,1,0.0,0.0,0.0,0.0
C,R04,testing,03,196,1,0.0,0.0,0.0,0.0
C,R04,testing,03,197,1,0.0,0.0,0.0,0.0
C,R04,testing,03,198,1,0.0,0.0,0.0,0.0
C,R04,testing,03,199,1,0.0,0.0,0.0,0.0
C,R04,testing,03,200,1,0.0,0.0,0.0,0.0
C,R04,testing,03,201,1,0.0,0.0,0.0,0.0
C,R04,testing,03,202,1,0.0,0.0,0.0,0.0
C,R04,testing,03,203,1,0.0,0.0,0.0,0.0
C,R04,testing,03,204,1,0.0,0.0,0.0,0.0
C,R04,testing,03,205,1,0.0,0.0,0.0,0.0
C,R04,testing,03,206,1,0.0,0.0,0.0,0.0
C,R04,testing,03,207,1,0.0,0.0,0.0,0.0
C,R04,testing,03,208,1,0.0,0.0,0.0,0.0
C,R04,testing,03,209,1,0.0,0.0,0.0,0.0
C,R04,testing,03,210,1,0.0,0.0,0.0,0.0
C,R04,testing,03,211,1,0.0,0.0,0.0,0.0
C,R04,testing,03,212,1,0.0,0.0,0.0,0.0
C,R04,testing,03,213,1,0.0,0.0,0.0,0.0
C,R04,testing,03,214,1,0.0,0.0,0.0,0.0
C,R04,testing,03,215,1,0.0,0.0,0.0,0.0
C,R04,testing,03,216,1,0.0,0.0,0.0,0.0
C,R04,testing,03,217,1,0.0,0.0,0.0,0.0
C,R04,testing,03,218,1,0.0,0.0,0.0,0.0
C,R04,testing,03,219,1,0.0,0.0,0.0,0.0
C,R04,testing,03,220,1,0.0,0.0,0.0,0.0
C,R04,testing,03,221,1,0.0,0.0,0.0,0.0
C,R04,testing,03,222,1,0.0,0.0,0.0,0.0
C,R04,testing,03,223,1,0.0,0.0,0.0,0.0
C,R04,testing,03,224,1,0.0,0.0,0.0,0.0
C,R04,testing,03,225,1,0.0,0.0,0.0,0.0
C,R04,testing,03,226,1,0.0,0.0,0.0,0.0
C,R04,testing,03,227,1,0.0,0.0,0.0,0.0
C,R04,testing,03,228,1,0.0,0.0,0.0,0.0
C,R04,testing,03,229,1,0.0,0.0,0.0,0.0
C,R04,testing,03,230,1,0.0,0.0,0.0,0.0
C,R04,testing,03,231,1,0.0,0.0,0.0,0.0
C,R04,testing,03,232,1,0.0,0.0,0.0,0.0
C,R04,testing,03,233,1,0.0,0.0,0.0,0.0
C,R04,testing,03,234,1,0.0,0.0,0.0,0.0
C,R04,testing,03,235,1,0.0,0.0,0.0,0.0
C,R04,testing,03,236,1,0.0,0.0,0.0,0.0
C,R04,testing,03,237,1,0.0,0.0,0.0,0.0
C,R04,testing,03,238,1,0.0,0.0,0.0,0.0
C,R04,testing,03,239,1,0.0,0.0,0.0,0.0
C,R04,testing,03,240,1,0.0,0.0,0.0,0.0
C,R04,testing,03,241,1,0.0,0.0,0.0,0.0
C,R04,testing,03,242,1,0.0,0.0,0.0,0.0
C,R04,testing,03,243,1,0.0,0.0,0.0,0.0
C,R04,testing,03,244,1,0.0,0.0,0.0,0.0
C,R04,testing,03,245,1,0.0,0.0,0.0,0.0
C,R04,testing,03,246,1,0.0,0.0,0.0,0.0
C,R04,testing,03,247,1,0.0,0.0,0.0,0.0
C,R04,testing,03,248,1,0.0,0.0,0.0,0.0
C,R04,testing,03,249,1,0.0,0.0,0.0,0.0
C,R04,testing,03,250,1,0.0,0.0,0.0,0.0
C,R04,testing,03,251,1,0.0,0.0,0.0,0.0
C,R04,testing,03,252,1,0.0,0.0,0.0,0.0
C,R04,testing,03,253,1,0.0,0.0,0.0,0.0
C,R04,testing,03,254,1,0.0,0.0,0.0,0.0
C,R04,testing,03,255,1,0.0,0.0,0.0,0.0
C,R04,testing,03,256,1,0.0,0.0,0.0,0.0
C,R04,testing,03,257,1,0.0,0.0,0.0,0.0
C,R04,testing,03,258,1,0.0,0.0,0.0,0.0
C,R04,testing,03,259,1,0.0,0.0,0.0,0.0
C,R04,testing,03,260,1,0.0,0.0,0.0,0.0
C,R04,testing,03,261,1,0.0,0.0,0.0,0.0
C,R04,testing,03,262,1,0.0,0.0,0.0,0.0
C,R04,testing,03,263,1,0.0,0.0,0.0,0.0
C,R04,testing,03,264,1,0.0,0.0,0.0,0.0
C,R04,testing,03,265,1,0.0,0.0,0.0,0.0
C,R04,testing,03,266,1,0.0,0.0,0.0,0.0
C,R04,testing,03,267,1,0.0,0.0,0.0,0.0
C,R04,testing,03,268,1,0.0,0.0,0.0,0.0
C,R04,testing,03,269,1,0.0,0.0,0.0,0.0
C,R04,testing,03,270,1,0.0,0.0,0.0,0.0
C,R04,testing,03,271,1,0.0,0.0,0.0,0.0
C,R04,testing,03,272,1,0.0,0.0,0.0,0.0
C,R04,testing,03,273,1,0.0,0.0,0.0,0.0
C,R04,testing,03,274,1,0.0,0.0,0.0,0.0
C,R04,testing,03,275,1,0.0,0.0,0.0,0.0
C,R04,testing,03,276,1,0.0,0.0,0.0,0.0
C,R04,testing,03,277,1,0.0,0.0,0.0,0.0
C,R04,testing,03,278,1,0.0,0.0,0.0,0.0
C,R04,testing,03,279,1,0.0,0.0,0.0,0.0
C,R04,testing,03,280,1,0.0,0.0,0.0,0.0
C,R04,testing,03,281,1,0.0,0.0,0.0,0.0
C,R04,testing,03,282,1,0.0,0.0,0.0,0.0
C,R04,testing,03,283,1,0.0,0.0,0.0,0.0
C,R04,testing,03,284,1,0.0,0.0,0.0,0.0
C,R04,testing,03,285,1,0.0,0.0,0.0,0.0
C,R04,testing,03,286,1,0.0,0.0,0.0,0.0
C,R04,testing,03,287,1,0.0,0.0,0.0,0.0
C,R04,testing,03,288,1,0.0,0.0,0.0,0.0
C,R04,testing,03,289,1,0.0,0.0,0.0,0.0
C,R04,testing,03,290,1,0.0,0.0,0.0,0.0
C,R04,testing,03,291,1,0.0,0.0,0.0,0.0
C,R04,testing,03,292,1,0.0,0.0,0.0,0.0
C,R04,testing,03,293,1,0.0,0.0,0.0,0.0
C,R04,testing,03,294,1,0.0,0.0,0.0,0.0
C,R04,testing,03,295,1,0.0,0.0,0.0,0.0
C,R04,testing,03,296,1,0.0,0.0,0.0,0.0
C,R04,testing,03,297,1,0.0,0.0,0.0,0.0
C,R04,testing,03,298,1,0.0,0.0,0.0,0.0
C,R04,testing,03,299,1,0.0,0.0,0.0,0.0
C,R04,testing,03,300,1,0.0,0.0,0.0,0.0
C,R04,testing,03,301,1,0.0,0.0,0.0,0.0
C,R04,testing,03,302,1,0.0,0.0,0.0,0.0
C,R04,testing,03,303,1,0.0,0.0,0.0,0.0
C,R04,testing,03,304,1,0.0,0.0,0.0,0.0
C,R04,testing,03,305,1,0.0,0.0,0.0,0.0
C,R04,testing,03,306,1,0.0,0.0,0.0,0.0
C,R04,testing,03,307,1,0.0,0.0,0.0,0.0
C,R04,testing,03,308,1,0.0,0.0,0.0,0.0
C,R04,testing,03,309,1,0.0,0.0,0.0,0.0
C,R04,testing,03,310,1,0.0,0.0,0.0,0.0
C,R04,testing,03,311,1,0.0,0.0,0.0,0.0
C,R04,testing,03,312,1,0.0,0.0,0.0,0.0
C,R04,testing,03,313,1,0.0,0.0,0.0,0.0
C,R04,testing,03,314,1,0.0,0.0,0.0,0.0
C,R04,testing,03,315,1,0.0,0.0,0.0,0.0
C,R04,testing,03,316,1,0.0,0.0,0.0,0.0
C,R04,testing,03,317,1,0.0,0.0,0.0,0.0
C,R04,testing,03,318,1,0.0,0.0,0.0,0.0
C,R04,testing,03,319,1,0.0,0.0,0.0,0.0
C,R04,testing,03,320,1,0.0,0.0,0.0,0.0
C,R04,testing,03,321,1,0.0,0.0,0.0,0.0
C,R04,testing,03,322,1,0.0,0.0,0.0,0.0
C,R04,testing,03,323,1,0.0,0.0,0.0,0.0
C,R04,testing,03,324,1,0.0,0.0,0.0,0.0
C,R04,testing,03,325,1,0.0,0.0,0.0,0.0
C,R04,testing,03,326,1,0.0,0.0,0.0,0.0
C,R04,testing,03,327,1,0.0,0.0,0.0,0.0
C,R04,testing,03,328,1,0.0,0.0,0.0,0.0
C,R04,testing,03,329,1,0.0,0.0,0.0,0.0
C,R04,testing,03,330,1,0.0,0.0,0.0,0.0
C,R04,testing,03,331,1,0.0,0.0,0.0,0.0
C,R04,testing,03,332,1,0.0,0.0,0.0,0.0
C,R04,testing,03,333,1,0.0,0.0,0.0,0.0
C,R04,testing,03,334,1,0.0,0.0,0.0,0.0
C,R04,testing,03,335,1,0.0,0.0,0.0,0.0
C,R04,testing,03,336,1,0.0,0.0,0.0,0.0
C,R04,testing,03,337,1,0.0,0.0,0.0,0.0
C,R04,testing,03,338,1,0.0,0.0,0.0,0.0
C,R04,testing,03,339,1,0.0,0.0,0.0,0.0
C,R04,testing,03,340,1,0.0,0.0,0.0,0.0
C,R04,testing,03,341,1,0.0,0.0,0.0,0.0
C,R04,testing,03,342,1,0.0,0.0,0.0,0.0
C,R04,testing,03,343,1,0.0,0.0,0.0,0.0
C,R04,testing,03,344,1,0.0,0.0,0.0,0.0
C,R04,testing,03,345,1,0.0,0.0,0.0,0.0
C,R04,testing,03,346,1,0.0,0.0,0.0,0.0
C,R04,testing,03,347,1,0.0,0.0,0.0,0.0
C,R04,testing,03,348,1,0.0,0.0,0.0,0.0
C,R04,testing,03,349,1,0.0,0.0,0.0,0.0
C,R04,testing,03,350,1,0.0,0.0,0.0,0.0
C,R04,testing,03,351,1,0.0,0.0,0.0,0.0
C,R04,testing,03,352,1,0.0,0.0,0.0,0.0
C,R04,testing,03,353,1,0.0,0.0,0.0,0.0
C,R04,testing,03,354,1,0.0,0.0,0.0,0.0
C,R04,testing,03,355,1,0.0,0.0,0.0,0.0
C,R04,testing,03,356,1,0.0,0.0,0.0,0.0
C,R04,testing,03,357,1,0.0,0.0,0.0,0.0
C,R04,testing,03,358,1,0.0,0.0,0.0,0.0
C,R04,testing,03,359,1,0.0,0.0,0.0,0.0
C,R04,testing,03,360,1,0.0,0.0,0.0,0.0
C,R04,testing,03,361,1,0.0,0.0,0.0,0.0
C,R04,testing,03,362,1,0.0,0.0,0.0,0.0
C,R04,testing,03,363,1,0.0,0.0,0.0,0.0
C,R04,testing,03,364,1,0.0,0.0,0.0,0.0
C,R04,testing,03,365,1,0.0,0.0,0.0,0.0
C,R04,testing,03,366,1,0.0,0.0,0.0,0.0
C,R04,testing,03,367,1,0.0,0.0,0.0,0.0
C,R04,testing,03,368,1,0.0,0.0,0.0,0.0
C,R04,testing,03,369,1,0.0,0.0,0.0,0.0
C,R04,testing,03,370,1,0.0,0.0,0.0,0.0
C,R04,testing,03,371,1,0.0,0.0,0.0,0.0
C,R04,testing,03,372,1,0.0,0.0,0.0,0.0
C,R04,testing,03,373,1,0.0,0.0,0.0,0.0
C,R04,testing,03,374,1,0.0,0.0,0.0,0.0
C,R04,testing,03,375,1,0.0,0.0,0.0,0.0
C,R04,testing,03,376,1,0.0,0.0,0.0,0.0
C,R04,testing,03,377,1,0.0,0.0,0.0,0.0
C,R04,testing,03,378,1,0.0,0.0,0.0,0.0
C,R04,testing,03,379,1,0.0,0.0,0.0,0.0
C,R04,testing,03,380,1,0.0,0.0,0.0,0.0
P1,R04,testing,03,0,0,0.0,0.0,0.1024646949559607,0.06247507063113465
P1,R04,testing,03,1,0,0.0,0.0,0.1024646949559607,0.06280214405653264
P1,R04,testing,03,2,0,0.0,0.0,0.1024646949559607,0.06312918104233366
P1,R04,testing,03,3,0,0.0,0.0,0.1024646949559607,0.06345616323346552
P1,R04,testing,03,4,0,0.0,0.0,0.1024646949559607,0.06378307218409505
P1,R04,testing,03,5,0,0.0,0.0,0.1024646949559607,0.06410988935920708
P1,R04,testing,03,6,0,0.0,0.0,0.1024646949559607,0.06443659613620399
P1,R04,testing,03,7,0,0.0,0.0,0.1024646949559607,0.06476317380652563
P1,R04,testing,03,8,0,0.0,0.0,0.1024646949559607,0.06508960357728945
P1,R04,testing,03,9,0,0.0,0.0,0.1024646949559607,0.06541586657295076
P1,R04,testing,03,10,0,0.0,0.0,0.1024646949559607,0.06574194383698267
P1,R04,testing,03,11,0,0.0,0.0,0.1024646949559607,0.06606781633357593
P1,R04,testing,03,12,0,0.0,0.0,0.1024646949559607,0.0663934649493581
P1,R04,testing,03,13,0,0.0,0.0,0.1024646949559607,0.06671887049513216
P1,R04,testing,03,14,0,0.0,0.0,0.1024646949559607,0.06704401370763416
P1,R04,testing,03,15,0,0.0,0.0,0.1024646949559607,0.06736887525130984
P1,R04,testing,03,16,0,1.0,0.5003564000945966,0.1049069574059449,0.06930691962537805
P1,R04,testing,03,17,0,1.0,0.5003564000945966,0.1049069574059449,0.06963888785508716
P1,R04,testing,03,18,0,1.0,0.5003564000945966,0.1049069574059449,0.06997050788748294
P1,R04,testing,03,19,0,1.0,0.5003564000945966,0.1049069574059449,0.07030175964866124
P1,R04,testing,03,20,0,1.0,0.5003564000945966,0.1049069574059449,0.07063262300008247
P1,R04,testing,03,21,0,1.0,0.5003564000945966,0.1049069574059449,0.07096307774050221
P1,R04,testing,03,22,0,1.0,0.5003564000945966,0.1049069574059449,0.07129310360791977
P1,R04,testing,03,23,0,1.0,0.5003564000945966,0.1049069574059449,0.07162268028154409
P1,R04,testing,03,24,0,1.0,0.5003564000945966,0.1049069574059449,0.0719517873837773
P1,R04,testing,03,25,0,1.0,0.5003564000945966,0.1049069574059449,0.07228040448221514
P1,R04,testing,03,26,0,1.0,0.5003564000945966,0.1049069574059449,0.07260851109166412
P1,R04,testing,03,27,0,1.0,0.5003564000945966,0.1049069574059449,0.07293608667617553
P1,R04,testing,03,28,0,1.0,0.5003564000945966,0.1049069574059449,0.07326311065109563
P1,R04,testing,03,29,0,1.0,0.5003564000945966,0.1049069574059449,0.0735895623851317
P1,R04,testing,03,30,0,1.0,0.5003564000945966,0.1049069574059449,0.07391542120243418
P1,R04,testing,03,31,0,1.0,0.5003564000945966,0.1049069574059449,0.07424066638469402
P1,R04,testing,03,32,0,0.0,0.4996435999054034,0.10638636042008329,0.07561680033747534
P1,R04,testing,03,33,0,0.0,0.4996435999054034,0.10638636042008329,0.07594532437305766
P1,R04,testing,03,34,0,0.0,0.4996435999054034,0.10638636042008329,0.07627316285179814
P1,R04,testing,03,35,0,0.0,0.4996435999054034,0.10638636042008329,0.07660029461255895
P1,R04,testing,03,36,0,0.0,0.4996435999054034,0.10638636042008329,0.07692669846200477
P1,R04,testing,03,37,0,0.0,0.4996435999054034,0.10638636042008329,0.07725235317681811
P1,R04,testing,03,38,0,0.0,0.4996435999054034,0.10638636042008329,0.07757723750592796
P1,R04,testing,03,39,0,0.0,0.4996435999054034,0.10638636042008329,0.07790133017275207
P1,R04,testing,03,40,0,0.0,0.4996435999054034,0.10638636042008329,0.07822460987745197
P1,R04,testing,03,41,0,0.0,0.4996435999054034,0.10638636042008329,0.07854705529920086
P1,R04,testing,03,42,0,0.0,0.4996435999054034,0.10638636042008329,0.07886864509846375
P1,R04,testing,03,43,0,0.0,0.4996435999054034,0.10638636042008329,0.07918935791928965
P1,R04,testing,03,44,0,0.0,0.4996435999054034,0.10638636042008329,0.07950917239161547
P1,R04,testing,03,45,0,0.0,0.4996435999054034,0.10638636042008329,0.07982806713358127
P1,R04,testing,03,46,0,0.0,0.4996435999054034,0.10638636042008329,0.08014602075385656
P1,R04,testing,03,47,0,0.0,0.4996435999054034,0.10638636042008329,0.08046301185397718
P1,R04,testing,03,48,0,0.0,0.0,0.10686171007713298,0.08113995137992826
P1,R04,testing,03,49,0,0.0,0.0,0.10686171007713298,0.08145636070140852
P1,R04,testing,03,50,0,0.0,0.0,0.10686171007713298,0.08177173870046238
P1,R04,testing,03,51,0,0.0,0.0,0.10686171007713298,0.0820860638780284
P1,R04,testing,03,52,0,0.0,0.0,0.10686171007713298,0.08239931473976511
P1,R04,testing,03,53,0,0.0,0.0,0.10686171007713298,0.08271146979845537
P1,R04,testing,03,54,0,0.0,0.0,0.10686171007713298,0.08302250757641891
P1,R04,testing,03,55,0,0.0,0.0,0.10686171007713298,0.08333240660793269
P1,R04,testing,03,56,0,0.0,0.0,0.10686171007713298,0.08364114544165875
P1,R04,testing,03,57,0,0.0,0.0,0.10686171007713298,0.08394870264307923
P1,R04,testing,03,58,0,0.0,0.0,0.10686171007713298,0.08425505679693794
P1,R04,testing,03,59,0,0.0,0.0,0.10686171007713298,0.08456018650968851
P1,R04,testing,03,60,0,0.0,0.0,0.10686171007713298,0.08486407041194824
P1,R04,testing,03,61,0,0.0,0.0,0.10686171007713298,0.08516668716095775
P1,R04,testing,03,62,0,0.0,0.0,0.10686171007713298,0.0854680154430456
P1,R04,testing,03,63,0,0.0,0.0,0.10686171007713298,0.0857680339760979
P1,R04,testing,03,64,0,0.0,0.0,0.10632014483788028,0.08563054334687162
P1,R04,testing,03,65,1,0.0,0.0,0.10632014483788028,0.0859263718062428
P1,R04,testing,03,66,1,0.0,0.0,0.10632014483788028,0.08622083384450922
P1,R04,testing,03,67,1,0.0,0.0,0.10632014483788028,0.08651390843765448
P1,R04,testing,03,68,1,0.0,0.0,0.10632014483788028,0.08680557460540231
P1,R04,testing,03,69,1,0.0,0.0,0.10632014483788028,0.0870958114136939
P1,R04,testing,03,70,1,0.0,0.0,0.10632014483788028,0.08738459797716706
P1,R04,testing,03,71,1,0.0,0.0,0.10632014483788028,0.08767191346163719
P1,R04,testing,03,72,1,0.0,0.0,0.10632014483788028,0.08795773708657904
P1,R04,testing,03,73,1,0.0,0.0,0.10632014483788028,0.08824204812760957
P1,R04,testing,03,74,1,0.0,0.0,0.10632014483788028,0.08852482591897087
P1,R04,testing,03,75,1,0.0,0.0,0.10632014483788028,0.08880604985601333
P1,R04,testing,03,76,1,0.0,0.0,0.10632014483788028,0.08908569939767795
P1,R04,testing,03,77,1,0.0,0.0,0.10632014483788028,0.08936375406897804
P1,R04,testing,03,78,1,0.0,0.0,0.10632014483788028,0.08964019346347946
P1,R04,testing,03,79,1,0.0,0.0,0.10632014483788028,0.08991499724577921
P1,R04,testing,03,80,1,0.0,0.0,0.10477770938794165,0.08887974407475231
P1,R04,testing,03,81,1,0.0,0.0,0.10477770938794165,0.08914727755545017
P1,R04,testing,03,82,1,0.0,0.0,0.10477770938794165,0.08941313947575956
P1,R04,testing,03,83,1,0.0,0.0,0.10477770938794165,0.08967731009967232
P1,R04,testing,03,84,1,0.0,0.0,0.10477770938794165,0.08993976977335379
P1,R04,testing,03,85,1,0.0,0.0,0.10477770938794165,0.09020049892756644
P1,R04,testing,03,86,1,0.0,0.0,0.10477770938794165,0.09045947808008896
P1,R04,testing,03,87,1,0.0,0.0,0.10477770938794165,0.09071668783813022
P1,R04,testing,03,88,1,0.0,0.0,0.10477770938794165,0.09097210890073801
P1,R04,testing,03,89,1,0.0,0.0,0.10477770938794165,0.09122572206120158
P1,R04,testing,03,90,1,0.0,0.0,0.10477770938794165,0.09147750820944825
P1,R04,testing,03,91,1,0.0,0.0,0.10477770938794165,0.09172744833443311
P1,R04,testing,03,92,1,0.0,0.0,0.10477770938794165,0.09197552352652168
P1,R04,testing,03,93,1,0.0,0.0,0.10477770938794165,0.09222171497986512
P1,R04,testing,03,94,1,0.0,0.0,0.10477770938794165,0.0924660039947674
P1,R04,testing,03,95,1,0.0,0.0,0.10477770938794165,0.09270837198004407
P1,R04,testing,03,96,1,0.0,0.4994053784892166,0.10227856501676856,0.09073179768997264
P1,R04,testing,03,97,1,0.0,0.4994053784892166,0.10227856501676856,0.09096458031836968
P1,R04,testing,03,98,1,0.0,0.4994053784892166,0.10227856501676856,0.09119543395247755
P1,R04,testing,03,99,1,0.0,0.4994053784892166,0.10227856501676856,0.09142434089108882
P1,R04,testing,03,100,1,0.0,0.4994053784892166,0.10227856501676856,0.09165128355029609
P1,R04,testing,03,101,1,0.0,0.4994053784892166,0.10227856501676856,0.09187624446573708
P1,R04,testing,03,102,1,0.0,0.4994053784892166,0.10227856501676856,0.09209920629482886
P1,R04,testing,03,103,1,0.0,0.4994053784892166,0.10227856501676856,0.09232015181899068
P1,R04,testing,03,104,1,0.0,0.4994053784892166,0.10227856501676856,0.0925390639458551
P1,R04,testing,03,105,1,0.0,0.4994053784892166,0.10227856501676856,0.0927559257114668
P1,R04,testing,03,106,1,0.0,0.4994053784892166,0.10227856501676856,0.09297072028246901
P1,R04,testing,03,107,1,0.0,0.4994053784892166,0.10227856501676856,0.09318343095827686
P1,R04,testing,03,108,1,0.0,0.4994053784892166,0.10227856501676856,0.09339404117323742
P1,R04,testing,03,109,1,0.0,0.4994053784892166,0.10227856501676856,0.09360253449877597
P1,R04,testing,03,110,1,0.0,0.4994053784892166,0.10227856501676856,0.09380889464552826
P1,R04,testing,03,111,1,0.0,0.4994053784892166,0.10227856501676856,0.09401310546545809
P1,R04,testing,03,112,1,0.0,0.0,0.09889289075733039,0.09109639570566731
P1,R04,testing,03,113,1,0.0,0.0,0.09889289075733039,0.09128964399951953
P1,R04,testing,03,114,1,0.0,0.0,0.09889289075733039,0.0914807681142673
P1,R04,testing,03,115,1,0.0,0.0,0.09889289075733039,0.09166975300319559
P1,R04,testing,03,116,1,0.0,0.0,0.09889289075733039,0.09185658376625354
P1,R04,testing,03,117,1,0.0,0.0,0.09889289075733039,0.09204124565201002
P1,R04,testing,03,118,1,0.0,0.0,0.09889289075733039,0.09222372405959281
P1,R04,testing,03,119,1,0.0,0.0,0.09889289075733039,0.0924040045406105
P1,R04,testing,03,120,1,0.0,0.0,0.09889289075733039,0.0925820728010574
P1,R04,testing,03,121,1,0.0,0.0,0.09889289075733039,0.09275791470320065
P1,R04,testing,03,122,1,0.0,0.0,0.09889289075733039,0.09293151626744933
P1,R04,testing,03,123,1,0.0,0.0,0.09889289075733039,0.09310286367420526
P1,R04,testing,03,124,1,0.0,0.0,0.09889289075733039,0.09327194326569503
P1,R04,testing,03,125,1,0.0,0.0,0.09889289075733039,0.09343874154778317
P1,R04,testing,03,126,1,0.0,0.0,0.09889289075733039,0.09360324519176577
P1,R04,testing,03,127,1,0.0,0.0,0.09889289075733039,0.09376544103614445
P1,R04,testing,03,128,1,0.0,0.0,0.09471361437698474,0.08995597256895686
P1,R04,testing,03,129,1,0.0,0.0,0.09471361437698474,0.0901068562059534
P1,R04,testing,03,130,1,0.0,0.0,0.09471361437698474,0.09025549273410469
P1,R04,testing,03,131,1,0.0,0.0,0.09471361437698474,0.09040187020528488
P1,R04,testing,03,132,1,0.0,0.0,0.09471361437698474,0.0905459768397087
P1,R04,testing,03,133,1,0.0,0.0,0.09471361437698474,0.09068780102751055
P1,R04,testing,03,134,1,0.0,0.0,0.09471361437698474,0.09082733133030294
P1,R04,testing,03,135,1,0.0,0.0,0.09471361437698474,0.09096455648271334
P1,R04,testing,03,136,1,0.0,0.0,0.09471361437698474,0.09109946539389965
P1,R04,testing,03,137,1,0.0,0.0,0.09471361437698474,0.0912320471490436
P1,R04,testing,03,138,1,0.0,0.0,0.09471361437698474,0.09136229101082209
P1,R04,testing,03,139,1,0.0,0.0,0.09471361437698474,0.09149018642085614
P1,R04,testing,03,140,1,0.0,0.0,0.09471361437698474,0.091615723001137
P1,R04,testing,03,141,1,0.0,0.0,0.09471361437698474,0.09173889055542936
P1,R04,testing,03,142,1,0.0,0.0,0.09471361437698474,0.09185967907065132
P1,R04,testing,03,143,1,0.0,0.0,0.09471361437698474,0.09197807871823077
P1,R04,testing,03,144,1,0.0,0.0,0.09185332093002284,0.08931289475499382
P1,R04,testing,03,145,1,0.0,0.0,0.09185332093002284,0.08942305748168881
P1,R04,testing,03,146,1,0.0,0.0,0.09185332093002284,0.0895308759742569
P1,R04,testing,03,147,1,0.0,0.0,0.09185332093002284,0.08963634142938386
P1,R04,testing,03,148,1,0.0,0.0,0.09185332093002284,0.08973944522892002
P1,R04,testing,03,149,1,0.0,0.0,0.09185332093002284,0.08984017894105377
P1,R04,testing,03,150,1,0.0,0.0,0.09185332093002284,0.08993853432146068
P1,R04,testing,03,151,1,0.0,0.0,0.09185332093002284,0.090034503314428
P1,R04,testing,03,152,1,0.0,0.0,0.09185332093002284,0.0901280780539542
P1,R04,testing,03,153,1,0.0,0.0,0.09185332093002284,0.09021925086482338
P1,R04,testing,03,154,1,0.0,0.0,0.09185332093002284,0.0903080142636545
P1,R04,testing,03,155,1,0.0,0.0,0.09185332093002284,0.09039436095992494
P1,R04,testing,03,156,1,0.0,0.0,0.09185332093002284,0.09047828385696847
P1,R04,testing,03,157,1,0.0,0.0,0.09185332093002284,0.09055977605294736
P1,R04,testing,03,158,1,0.0,0.0,0.09185332093002284,0.09063883084179823
P1,R04,testing,03,159,1,0.0,0.0,0.09185332093002284,0.09071544171415181
P1,R04,testing,03,160,1,0.0,0.0,0.09261740128373838,0.09154483418633202
P1,R04,testing,03,161,1,0.0,0.0,0.09261740128373838,0.09161713495987134
P1,R04,testing,03,162,1,0.0,0.0,0.09261740128373838,0.09168695299553625
P1,R04,testing,03,163,1,0.0,0.0,0.09261740128373838,0.09175428253186844
P1,R04,testing,03,164,1,0.0,0.0,0.09261740128373838,0.09181911800997337
P1,R04,testing,03,165,1,0.0,0.0,0.09261740128373838,0.09188145407428523
P1,R04,testing,03,166,1,0.0,0.0,0.09261740128373838,0.09194128557330421
P1,R04,testing,03,167,1,0.0,0.0,0.09261740128373838,0.09199860756030602
P1,R04,testing,03,168,1,0.0,0.0,0.09261740128373838,0.0920534152940235
P1,R04,testing,03,169,1,0.0,0.0,0.09261740128373838,0.09210570423930024
P1,R04,testing,03,170,1,0.0,0.0,0.09261740128373838,0.09215547006771604
P1,R04,testing,03,171,1,0.0,0.0,0.09261740128373838,0.09220270865818402
P1,R04,testing,03,172,1,0.0,0.0,0.09261740128373838,0.09224741609751937
P1,R04,testing,03,173,1,0.0,0.0,0.09261740128373838,0.09228958868097974
P1,R04,testing,03,174,1,0.0,0.0,0.09261740128373838,0.0923292229127767
P1,R04,testing,03,175,1,0.0,0.0,0.09261740128373838,0.09236631550655891
P1,R04,testing,03,176,1,0.0,0.0,0.09477650697614004,0.09455492112613957
P1,R04,testing,03,177,1,0.0,0.0,0.09477650697614004,0.09458766741884303
P1,R04,testing,03,178,1,0.0,0.0,0.09477650697614004,0.09461780402415043
P1,R04,testing,03,179,1,0.0,0.0,0.09477650697614004,0.0946453284407276
P1,R04,testing,03,180,1,0.0,0.0,0.09477650697614004,0.09467023838358703
P1,R04,testing,03,181,1,0.0,0.0,0.09477650697614004,0.09469253178440408
P1,R04,testing,03,182,1,0.0,0.0,0.09477650697614004,0.09471220679180314
P1,R04,testing,03,183,1,0.0,0.0,0.09477650697614004,0.09472926177161389
P1,R04,testing,03,184,1,0.0,0.0,0.09477650697614004,0.0947436953070975
P1,R04,testing,03,185,1,0.0,0.0,0.09477650697614004,0.09475550619914286
P1,R04,testing,03,186,1,0.0,0.0,0.09477650697614004,0.09476469346643246
P1,R04,testing,03,187,1,0.0,0.0,0.09477650697614004,0.09477125634557845
P1,R04,testing,03,188,1,0.0,0.0,0.09477650697614004,0.09477519429122824
P1,R04,testing,03,189,1,0.0,0.0,0.09477650697614004,0.09477650697614004
P1,R04,testing,03,190,1,0.0,0.0,0.09477650697614004,0.09477519429122824
P1,R04,testing,03,191,1,0.0,0.0,0.09477650697614004,0.09477125634557845
P1,R04,testing,03,192,1,0.0,0.0,0.0962594126639098,0.09624741431598338
P1,R04,testing,03,193,1,0.0,0.0,0.0962594126639098,0.09623808330156325
P1,R04,testing,03,194,1,0.0,0.0,0.0962594126639098,0.0962260876122559
P1,R04,testing,03,195,1,0.0,0.0,0.0962594126639098,0.09621142824473282
P1,R04,testing,03,196,1,0.0,0.0,0.0962594126639098,0.09619410641686686
P1,R04,testing,03,197,1,0.0,0.0,0.0962594126639098,0.09617412356756362
P1,R04,testing,03,198,1,0.0,0.0,0.0962594126639098,0.09615148135656221
P1,R04,testing,03,199,1,0.0,0.0,0.0962594126639098,0.09612618166420549
P1,R04,testing,03,200,1,0.0,0.0,0.0962594126639098,0.09609822659117984
P1,R04,testing,03,201,1,0.0,0.0,0.0962594126639098,0.09606761845822444
P1,R04,testing,03,202,1,0.0,0.0,0.0962594126639098,0.09603435980581018
P1,R04,testing,03,203,1,0.0,0.0,0.0962594126639098,0.09599845339378826
P1,R04,testing,03,204,1,0.0,0.0,0.0962594126639098,0.09595990220100845
P1,R04,testing,03,205,1,0.0,0.0,0.0962594126639098,0.09591870942490718
P1,R04,testing,03,206,1,0.0,0.0,0.0962594126639098,0.09587487848106567
P1,R04,testing,03,207,1,0.0,0.0,0.0962594126639098,0.09582841300273785
P1,R04,testing,03,208,1,0.0,0.0,0.09702483003700996,0.0965409166783739
P1,R04,testing,03,209,1,0.0,0.0,0.09702483003700996,0.09648878261958185
P1,R04,testing,03,210,1,0.0,0.0,0.09702483003700996,0.09643400537515508
P1,R04,testing,03,211,1,0.0,0.0,0.09702483003700996,0.09637658947949244
P1,R04,testing,03,212,1,0.0,0.0,0.09702483003700996,0.096316539683567
P1,R04,testing,03,213,1,0.0,0.0,0.09702483003700996,0.09625386095427085
P1,R04,testing,03,214,1,0.0,0.0,0.09702483003700996,0.09618855847373045
P1,R04,testing,03,215,1,0.0,0.0,0.09702483003700996,0.0961206376385925
P1,R04,testing,03,216,1,0.0,0.0,0.09702483003700996,0.09605010405928067
P1,R04,testing,03,217,1,0.0,0.0,0.09702483003700996,0.0959769635592233
P1,R04,testing,03,218,1,0.0,0.0,0.09702483003700996,0.095901222174052
P1,R04,testing,03,219,1,0.0,0.0,0.09702483003700996,0.09582288615077159
P1,R04,testing,03,220,1,0.0,0.0,0.09702483003700996,0.0957419619469014
P1,R04,testing,03,221,1,0.0,0.0,0.09702483003700996,0.09565845622958814
P1,R04,testing,03,222,1,0.0,0.0,0.09702483003700996,0.09557237587469039
P1,R04,testing,03,223,1,0.0,0.0,0.09702483003700996,0.09548372796583507
P1,R04,testing,03,224,1,0.0,0.0,0.07059457419369647,0.06940691690481017
P1,R04,testing,03,225,1,0.0,0.0,0.07059457419369647,0.0693386971139412
P1,R04,testing,03,226,1,0.0,0.0,0.07059457419369647,0.06926862555097336
P1,R04,testing,03,227,1,0.0,0.0,0.07059457419369647,0.06919670796731658
P1,R04,testing,03,228,1,0.0,0.0,0.07059457419369647,0.06912295026181688
P1,R04,testing,03,229,1,0.0,0.0,0.07059457419369647,0.06904735847995007
P1,R04,testing,03,230,1,0.0,0.0,0.07059457419369647,0.06896993881299594
P1,R04,testing,03,231,1,0.0,0.0,0.07059457419369647,0.06889069759719328
P1,R04,testing,03,232,1,0.0,0.0,0.07059457419369647,0.06880964131287554
P1,R04,testing,03,233,1,0.0,0.0,0.07059457419369647,0.06872677658358776
P1,R04,testing,03,234,1,0.0,0.0,0.07059457419369647,0.06864211017518458
P1,R04,testing,03,235,1,0.0,0.0,0.07059457419369647,0.06855564899490968
P1,R04,testing,03,236,1,0.0,0.0,0.07059457419369647,0.06846740009045665
P1,R04,testing,03,237,1,0.0,0.0,0.07059457419369647,0.0683773706490118
P1,R04,testing,03,238,1,0.0,0.0,0.07059457419369647,0.06828556799627869
P1,R04,testing,03,239,1,0.0,0.0,0.07059457419369647,0.06819199959548485
P1,R04,testing,03,240,1,0.0,0.0,0.07201751913243695,0.06946926884942115
P1,R04,testing,03,241,1,0.0,0.0,0.07201751913243695,0.06937023514799169
P1,R04,testing,03,242,1,0.0,0.0,0.07201751913243695,0.06926942377942025
P1,R04,testing,03,243,1,0.0,0.0,0.07201751913243695,0.06916684290805972
P1,R04,testing,03,244,1,0.0,0.0,0.07201751913243695,0.06906250083322524
P1,R04,testing,03,245,1,0.0,0.0,0.07201751913243695,0.06895640598807543
P1,R04,testing,03,246,1,0.0,0.0,0.07201751913243695,0.06884856693847682
P1,R04,testing,03,247,1,0.0,0.0,0.07201751913243695,0.06873899238185163
P1,R04,testing,03,248,1,0.0,0.0,0.07201751913243695,0.06862769114600903
P1,R04,testing,03,249,1,0.0,0.0,0.07201751913243695,0.06851467218796031
P1,R04,testing,03,250,1,0.0,0.0,0.07201751913243695,0.0683999445927181
P1,R04,testing,03,251,1,0.0,0.0,0.07201751913243695,0.06828351757207965
P1,R04,testing,03,252,1,0.0,0.0,0.07201751913243695,0.06816540046339478
P1,R04,testing,03,253,1,0.0,0.0,0.07201751913243695,0.06804560272831853
P1,R04,testing,03,254,1,0.0,0.0,0.07201751913243695,0.06792413395154853
P1,R04,testing,03,255,1,0.0,0.0,0.07201751913243695,0.06780100383954787
P1,R04,testing,03,256,1,0.0,0.4992536181695772,0.07273993395146738,0.06835508906187891
P1,R04,testing,03,257,1,0.0,0.4992536181695772,0.07273993395146738,0.06822739771601355
P1,R04,testing,03,258,1,0.0,0.4992536181695772,0.07273993395146738,0.06809805850618918
P1,R04,testing,03,259,1,0.0,0.4992536181695772,0.07273993395146738,0.06796708171499045
P1,R04,testing,03,260,1,0.0,0.4992536181695772,0.07273993395146738,0.06783447774132219
P1,R04,testing,03,261,1,0.0,0.4992536181695772,0.07273993395146738,0.06770025709903443
P1,R04,testing,03,262,1,0.0,0.4992536181695772,0.07273993395146738,0.06756443041553459
P1,R04,testing,03,263,1,0.0,0.4992536181695772,0.07273993395146738,0.06742700843038618
P1,R04,testing,03,264,1,0.0,0.4992536181695772,0.07273993395146738,0.06728800199389519
P1,R04,testing,03,265,1,0.0,0.4992536181695772,0.07273993395146738,0.06714742206568378
P1,R04,testing,03,266,1,0.0,0.4992536181695772,0.07273993395146738,0.0670052797132518
P1,R04,testing,03,267,1,0.0,0.4992536181695772,0.07273993395146738,0.06686158611052655
P1,R04,testing,03,268,1,0.0,0.4992536181695772,0.07273993395146738,0.06671635253640047
P1,R04,testing,03,269,1,0.0,0.4992536181695772,0.07273993395146738,0.06656959037325792
P1,R04,testing,03,270,1,0.0,0.4992536181695772,0.07273993395146738,0.06642131110549043
P1,R04,testing,03,271,1,0.0,0.4992536181695772,0.07273993395146738,0.06627152631800126
P1,R04,testing,03,272,1,1.0,0.5004774321006709,0.07274037917236686,0.06612065239834082
P1,R04,testing,03,273,1,1.0,0.5004774321006709,0.07274037917236686,0.06596789078561868
P1,R04,testing,03,274,1,1.0,0.5004774321006709,0.07274037917236686,0.06581365898684444
P1,R04,testing,03,275,1,1.0,0.5004774321006709,0.07274037917236686,0.065657968973879
P1,R04,testing,03,276,1,1.0,0.5004774321006709,0.07274037917236686,0.06550083281146478
P1,R04,testing,03,277,1,1.0,0.5004774321006709,0.07274037917236686,0.06534226265567074
P1,R04,testing,03,278,1,1.0,0.5004774321006709,0.07274037917236686,0.06518227075232855
P1,R04,testing,03,279,1,1.0,0.5004774321006709,0.07274037917236686,0.0650208694354601
P1,R04,testing,03,280,1,1.0,0.5004774321006709,0.07274037917236686,0.06485807112569657
P1,R04,testing,03,281,1,1.0,0.5004774321006709,0.07274037917236686,0.06469388832868947
P1,R04,testing,03,282,1,1.0,0.5004774321006709,0.07274037917236686,0.06452833363351394
P1,R04,testing,03,283,1,1.0,0.5004774321006709,0.07274037917236686,0.06436141971106434
P1,R04,testing,03,284,1,1.0,0.5004774321006709,0.07274037917236686,0.06419315931244278
P1,R04,testing,03,285,1,1.0,0.5004774321006709,0.07274037917236686,0.06402356526734065
P1,R04,testing,03,286,1,1.0,0.5004774321006709,0.07274037917236686,0.06385265048241352
P1,R04,testing,03,287,1,1.0,0.5004774321006709,0.07274037917236686,0.06368042793964951
P1,R04,testing,03,288,1,0.0,0.0,0.07201884151608934,0.06287696309174332
P1,R04,testing,03,289,1,0.0,0.0,0.07201884151608934,0.06270389816397912
P1,R04,testing,03,290,1,0.0,0.0,0.07201884151608934,0.0625295774414083
P1,R04,testing,03,291,1,0.0,0.0,0.07201884151608934,0.06235401405931801
P1,R04,testing,03,292,1,0.0,0.0,0.07201884151608934,0.06217722121941939
P1,R04,testing,03,293,1,0.0,0.0,0.07201884151608934,0.061999212188200425
P1,R04,testing,03,294,1,0.0,0.0,0.07201884151608934,0.06182000029527441
P1,R04,testing,03,295,1,0.0,0.0,0.07201884151608934,0.06163959893172441
P1,R04,testing,03,296,1,0.0,0.0,0.07201884151608934,0.061458021548443986
P1,R04,testing,03,297,1,0.0,0.0,0.07201884151608934,0.06127528165447443
P1,R04,testing,03,298,1,0.0,0.0,0.07201884151608934,0.061091392815338916
P1,R04,testing,03,299,1,0.0,0.0,0.07201884151608934,0.060906368651373693
P1,R04,testing,03,300,1,0.0,0.0,0.07201884151608934,0.06072022283605671
P1,R04,testing,03,301,1,0.0,0.0,0.07201884151608934,0.060532969094333915
P1,R04,testing,03,302,1,0.0,0.0,0.07201884151608934,0.06034462120094359
P1,R04,testing,03,303,1,0.0,0.0,0.07201884151608934,0.060155192978738836
P1,R04,testing,03,304,1,0.0,0.0,0.0705967345608715,0.05878061628846011
P1,R04,testing,03,305,1,0.0,0.0,0.0705967345608715,0.058592851413733084
P1,R04,testing,03,306,1,0.0,0.0,0.0705967345608715,0.05840406845894157
P1,R04,testing,03,307,1,0.0,0.0,0.0705967345608715,0.05821428114617959
P1,R04,testing,03,308,1,0.0,0.0,0.0705967345608715,0.05802350323646836
P1,R04,testing,03,309,1,0.0,0.0,0.0705967345608715,0.057831748528107595
P1,R04,testing,03,310,1,0.0,0.0,0.0705967345608715,0.05763903085502693
P1,R04,testing,03,311,1,0.0,0.0,0.0705967345608715,0.05744536408513796
P1,R04,testing,03,312,1,0.0,0.0,0.0705967345608715,0.05725076211868692
P1,R04,testing,03,313,1,0.0,0.0,0.0705967345608715,0.057055238886608496
P1,R04,testing,03,314,1,0.0,0.0,0.0705967345608715,0.056858808348880914
P1,R04,testing,03,315,1,0.0,0.0,0.0705967345608715,0.05666148449288265
P1,R04,testing,03,316,1,0.0,0.0,0.0705967345608715,0.05646328133175087
P1,R04,testing,03,317,1,0.0,0.0,0.0705967345608715,0.05626421290274215
P1,R04,testing,03,318,1,0.0,0.0,0.0705967345608715,0.05606429326559544
P1,R04,testing,03,319,1,0.0,0.0,0.0705967345608715,0.05586353650089771
P1,R04,testing,03,320,1,0.0,0.0,0.06851584306756858,0.05402127894997427
P1,R04,testing,03,321,1,0.0,0.0,0.06851584306756858,0.05382485580539114
P1,R04,testing,03,322,1,0.0,0.0,0.06851584306756858,0.05362766131045357
P1,R04,testing,03,323,1,0.0,0.0,0.06851584306756858,0.05342970919584516
P1,R04,testing,03,324,1,0.0,0.0,0.06851584306756858,0.053231013204599435
P1,R04,testing,03,325,1,0.0,0.0,0.06851584306756858,0.05303158709053432
P1,R04,testing,03,326,1,0.0,0.0,0.06851584306756858,0.05283144461669096
P1,R04,testing,03,327,1,0.0,0.0,0.06851584306756858,0.05263059955377702
P1,R04,testing,03,328,1,0.0,0.0,0.06851584306756858,0.05242906567861486
P1,R04,testing,03,329,1,0.0,0.0,0.06851584306756858,0.052226856772594726
P1,R04,testing,03,330,1,0.0,0.0,0.06851584306756858,0.05202398662013311
P1,R04,testing,03,331,1,0.0,0.0,0.06851584306756858,0.0518204690071368
P1,R04,testing,03,332,1,0.0,0.0,0.06851584306756858,0.051616317719472476
P1,R04,testing,03,333,1,0.0,0.0,0.06851584306756858,0.05141154654144246
P1,R04,testing,03,334,1,0.0,0.0,0.06851584306756858,0.05120616925426649
P1,R04,testing,03,335,1,0.0,0.0,0.06851584306756858,0.051000199634570045
P1,R04,testing,03,336,1,0.0,0.0,0.06583628359366786,0.04880718228208692
P1,R04,testing,03,337,1,0.0,0.0,0.06583628359366786,0.04860816920238854
P1,R04,testing,03,338,1,0.0,0.0,0.06583628359366786,0.04840862662807812
P1,R04,testing,03,339,1,0.0,0.0,0.06583628359366786,0.048208567764943235
P1,R04,testing,03,340,1,0.0,0.0,0.06583628359366786,0.04800800580719407
P1,R04,testing,03,341,1,0.0,0.0,0.06583628359366786,0.04780695393605235
P1,R04,testing,03,342,1,0.0,0.0,0.06583628359366786,0.04760542531834791
P1,R04,testing,03,343,1,0.0,0.0,0.06583628359366786,0.04740343310512315
P1,R04,testing,03,344,1,0.0,0.0,0.06583628359366786,0.047200990430245456
P1,R04,testing,03,345,1,0.0,0.0,0.06583628359366786,0.046998110409027995
P1,R04,testing,03,346,1,0.0,0.0,0.06583628359366786,0.0467948061368588
P1,R04,testing,03,347,1,0.0,0.0,0.06583628359366786,0.0465910906878386
P1,R04,testing,03,348,1,0.0,0.0,0.06583628359366786,0.046386977113427375
P1,R04,testing,03,349,1,0.0,0.0,0.06583628359366786,0.046182478441099975
P1,R04,testing,03,350,1,0.0,0.0,0.06583628359366786,0.04597760767301091
P1,R04,testing,03,351,1,0.0,0.0,0.06583628359366786,0.04577237778466846
P1,R04,testing,03,352,1,0.0,0.0,0.0626336202820561,0.043350164997760544
P1,R04,testing,03,353,1,0.0,0.0,0.0626336202820561,0.0431542723201306
P1,R04,testing,03,354,1,0.0,0.0,0.0626336202820561,0.04295807486029865
P1,R04,testing,03,355,1,0.0,0.0,0.0626336202820561,0.04276158484873879
P1,R04,testing,03,356,1,0.0,0.0,0.0626336202820561,0.04256481448440794
P1,R04,testing,03,357,1,0.0,0.0,0.0626336202820561,0.042367775933541386
P1,R04,testing,03,358,1,0.0,0.0,0.0626336202820561,0.04217048132845847
P1,R04,testing,03,359,1,0.0,0.0,0.0626336202820561,0.041972942766378404
P1,R04,testing,03,360,1,0.0,0.0,0.0626336202820561,0.041775172308246435
P1,R04,testing,03,361,1,0.0,0.0,0.0626336202820561,0.04157718197757059
P1,R04,testing,03,362,1,0.0,0.0,0.0626336202820561,0.04137898375926893
P1,R04,testing,03,363,1,0.0,0.0,0.0626336202820561,0.04118058959852769
P1,R04,testing,03,364,1,0.0,0.0,0.0626336202820561,0.04098201139967031
P1,R04,testing,03,365,1,0.0,0.0,0.0626336202820561,0.04078326102503746
P1,R04,testing,03,366,1,0.0,0.0,0.0626336202820561,0.04058435029387833
P1,R04,testing,03,367,1,0.0,0.0,0.0626336202820561,0.040385290981253194
P1,R04,testing,03,368,1,0.0,0.0,0.05899532885510355,0.03785174589065537
P1,R04,testing,03,369,1,0.0,0.0,0.05899532885510355,0.037664002830160206
P1,R04,testing,03,370,1,0.0,0.0,0.05899532885510355,0.03747615283235791
P1,R04,testing,03,371,1,0.0,0.0,0.05899532885510355,0.03728820681170577
P1,R04,testing,03,372,1,0.0,0.0,0.05899532885510355,0.03710017563603459
P1,R04,testing,03,373,1,0.0,0.0,0.05899532885510355,0.03691207012558138
P1,R04,testing,03,374,1,0.0,0.0,0.05899532885510355,0.03672390105203349
P1,R04,testing,03,375,1,0.0,0.0,0.05899532885510355,0.036535679137584265
P1,R04,testing,03,376,1,0.0,0.0,0.05899532885510355,0.03634741505400038
P1,R04,testing,03,377,1,0.0,0.0,0.05899532885510355,0.03615911942170084
P1,R04,testing,03,378,1,0.0,0.0,0.05899532885510355,0.03597080280884787
P1,R04,testing,03,379,1,0.0,0.0,0.05899532885510355,0.035782475730449716
P1,R04,testing,03,380,1,0.0,0.0,0.05899532885510355,0.0355941486474754
P2,R04,testing,03,0,0,0.0,0.0,0.10687120171654008,0.0651618186980868
P2,R04,testing,03,1,0,0.0,0.0,0.10687120171654008,0.06550295795621715
P2,R04,testing,03,2,0,0.0,0.0,0.10687120171654008,0.06584405920766118
P2,R04,testing,03,3,0,0.0,0.0,0.10687120171654008,0.0661851033079846
P2,R04,testing,03,4,0,0.0,0.0,0.10687120171654008,0.06652607101808893
P2,R04,testing,03,5,0,0.0,0.0,0.10687120171654008,0.06686694300585835
P2,R04,testing,03,6,0,0.0,0.0,0.10687120171654008,0.0672076998478282
P2,R04,testing,03,7,0,0.0,0.0,0.10687120171654008,0.0675483220308744
P2,R04,testing,03,8,0,0.0,0.0,0.10687120171654008,0.06788878995392417
P2,R04,testing,03,9,0,0.0,0.0,0.10687120171654008,0.06822908392968771
P2,R04,testing,03,10,0,0.0,0.0,0.10687120171654008,0.06856918418641039
P2,R04,testing,03,11,0,0.0,0.0,0.10687120171654008,0.06890907086964562
P2,R04,testing,03,12,0,0.0,0.0,0.10687120171654008,0.06924872404404804
P2,R04,testing,03,13,0,0.0,0.0,0.10687120171654008,0.06958812369518687
P2,R04,testing,03,14,0,0.0,0.0,0.10687120171654008,0.06992724973137915
P2,R04,testing,03,15,0,0.0,0.0,0.10687120171654008,0.07026608198554271
P2,R04,testing,03,16,0,0.0,0.49964359990540336,0.10847545534866321,0.07166445249273858
P2,R04,testing,03,17,0,0.0,0.49964359990540336,0.10847545534866321,0.07200771289957356
P2,R04,testing,03,18,0,0.0,0.49964359990540336,0.10847545534866321,0.07235061326487223
P2,R04,testing,03,19,0,0.0,0.49964359990540336,0.10847545534866321,0.07269313283189979
P2,R04,testing,03,20,0,0.0,0.49964359990540336,0.10847545534866321,0.07303525077708736
P2,R04,testing,03,21,0,0.0,0.49964359990540336,0.10847545534866321,0.07337694621202831
P2,R04,testing,03,22,0,0.0,0.49964359990540336,0.10847545534866321,0.07371819818549301
P2,R04,testing,03,23,0,0.0,0.49964359990540336,0.10847545534866321,0.07405898568546172
P2,R04,testing,03,24,0,0.0,0.49964359990540336,0.10847545534866321,0.07439928764117554
P2,R04,testing,03,25,0,0.0,0.49964359990540336,0.10847545534866321,0.0747390829252048
P2,R04,testing,03,26,0,0.0,0.49964359990540336,0.10847545534866321,0.07507835035553509
P2,R04,testing,03,27,0,0.0,0.49964359990540336,0.10847545534866321,0.0754170686976702
P2,R04,testing,03,28,0,0.0,0.49964359990540336,0.10847545534866321,0.07575521666675217
P2,R04,testing,03,29,0,0.0,0.49964359990540336,0.10847545534866321,0.07609277292969757
P2,R04,testing,03,30,0,0.0,0.49964359990540336,0.10847545534866321,0.07642971610735053
P2,R04,testing,03,31,0,0.0,0.49964359990540336,0.10847545534866321,0.07676602477665138
P2,R04,testing,03,32,0,1.0,0.5003564000945966,0.10901549075984718,0.07748552131992184
P2,R04,testing,03,33,0,1.0,0.5003564000945966,0.10901549075984718,0.07782216418301062
P2,R04,testing,03,34,0,1.0,0.5003564000945966,0.10901549075984718,0.07815810454706416
P2,R04,testing,03,35,0,1.0,0.5003564000945966,0.10901549075984718,0.07849332072798862
P2,R04,testing,03,36,0,1.0,0.5003564000945966,0.10901549075984718,0.07882779100869691
P2,R04,testing,03,37,0,1.0,0.5003564000945966,0.10901549075984718,0.07916149364137888
P2,R04,testing,03,38,0,1.0,0.5003564000945966,0.10901549075984718,0.07949440684978495
P2,R04,testing,03,39,0,1.0,0.5003564000945966,0.10901549075984718,0.07982650883152384
P2,R04,testing,03,40,0,1.0,0.5003564000945966,0.10901549075984718,0.08015777776037335
P2,R04,testing,03,41,0,1.0,0.5003564000945966,0.10901549075984718,0.08048819178860422
P2,R04,testing,03,42,0,1.0,0.5003564000945966,0.10901549075984718,0.08081772904931671
P2,R04,testing,03,43,0,1.0,0.5003564000945966,0.10901549075984718,0.08114636765878934
P2,R04,testing,03,44,0,1.0,0.5003564000945966,0.10901549075984718,0.08147408571883981
P2,R04,testing,03,45,0,1.0,0.5003564000945966,0.10901549075984718,0.08180086131919746
P2,R04,testing,03,46,0,1.0,0.5003564000945966,0.10901549075984718,0.08212667253988694
P2,R04,testing,03,47,0,1.0,0.5003564000945966,0.10901549075984718,0.08245149745362307
P2,R04,testing,03,48,0,0.0,0.4995414944499499,0.13698777013623512,0.1040146278819228
P2,R04,testing,03,49,0,0.0,0.4995414944499499,0.13698777013623512,0.104420238154944
P2,R04,testing,03,50,0,0.0,0.4995414944499499,0.13698777013623512,0.10482452635891559
P2,R04,testing,03,51,0,0.0,0.4995414944499499,0.13698777013623512,0.10522746493383982
P2,R04,testing,03,52,0,0.0,0.4995414944499499,0.13698777013623512,0.10562902632576956
P2,R04,testing,03,53,0,0.0,0.4995414944499499,0.13698777013623512,0.10602918298989049
P2,R04,testing,03,54,0,0.0,0.4995414944499499,0.13698777013623512,0.10642790739361377
P2,R04,testing,03,55,0,0.0,0.4995414944499499,0.13698777013623512,0.1068251720196787
P2,R04,testing,03,56,0,0.0,0.4995414944499499,0.13698777013623512,0.10722094936926509
P2,R04,testing,03,57,0,0.0,0.4995414944499499,0.13698777013623512,0.10761521196511462
P2,R04,testing,03,58,0,0.0,0.4995414944499499,0.13698777013623512,0.10800793235466094
P2,R04,testing,03,59,0,0.0,0.4995414944499499,0.13698777013623512,0.1083990831131678
P2,R04,testing,03,60,0,0.0,0.4995414944499499,0.13698777013623512,0.10878863684687477
P2,R04,testing,03,61,0,0.0,0.4995414944499499,0.13698777013623512,0.10917656619615027
P2,R04,testing,03,62,0,0.0,0.4995414944499499,0.13698777013623512,0.10956284383865104
P2,R04,testing,03,63,0,0.0,0.4995414944499499,0.13698777013623512,0.10994744249248799
P2,R04,testing,03,64,0,0.0,0.0,0.13729824255408282,0.11058039027696909
P2,R04,testing,03,65,1,0.0,0.0,0.13729824255408282,0.11096241315354696
P2,R04,testing,03,66,1,0.0,0.0,0.13729824255408282,0.11134267148008067
P2,R04,testing,03,67,1,0.0,0.0,0.13729824255408282,0.11172113810686579
P2,R04,testing,03,68,1,0.0,0.0,0.13729824255408282,0.11209778594068245
P2,R04,testing,03,69,1,0.0,0.0,0.13729824255408282,0.11247258794799446
P2,R04,testing,03,70,1,0.0,0.0,0.13729824255408282,0.11284551715815082
P2,R04,testing,03,71,1,0.0,0.0,0.13729824255408282,0.11321654666658945
P2,R04,testing,03,72,1,0.0,0.0,0.13729824255408282,0.11358564963804224
P2,R04,testing,03,73,1,0.0,0.0,0.13729824255408282,0.11395279930974118
P2,R04,testing,03,74,1,0.0,0.0,0.13729824255408282,0.11431796899462485
P2,R04,testing,03,75,1,0.0,0.0,0.13729824255408282,0.11468113208454486
P2,R04,testing,03,76,1,0.0,0.0,0.13729824255408282,0.11504226205347176
P2,R04,testing,03,77,1,0.0,0.0,0.13729824255408282,0.11540133246069954
P2,R04,testing,03,78,1,0.0,0.0,0.13729824255408282,0.11575831695404872
P2,R04,testing,03,79,1,0.0,0.0,0.13729824255408282,0.11611318927306692
P2,R04,testing,03,80,1,0.0,0.0,0.1363972333068474,0.11570162451186444
P2,R04,testing,03,81,1,0.0,0.0,0.1363972333068474,0.11604989349767544
P2,R04,testing,03,82,1,0.0,0.0,0.1363972333068474,0.1163959864842818
P2,R04,testing,03,83,1,0.0,0.0,0.1363972333068474,0.11673987777979807
P2,R04,testing,03,84,1,0.0,0.0,0.1363972333068474,0.1170815417993103
P2,R04,testing,03,85,1,0.0,0.0,0.1363972333068474,0.1174209530680313
P2,R04,testing,03,86,1,0.0,0.0,0.1363972333068474,0.11775808622444946
P2,R04,testing,03,87,1,0.0,0.0,0.1363972333068474,0.1180929160234715
P2,R04,testing,03,88,1,0.0,0.0,0.1363972333068474,0.11842541733955778
P2,R04,testing,03,89,1,0.0,0.0,0.1363972333068474,0.11875556516985017
P2,R04,testing,03,90,1,0.0,0.0,0.1363972333068474,0.11908333463729175
P2,R04,testing,03,91,1,0.0,0.0,0.1363972333068474,0.11940870099373764
P2,R04,testing,03,92,1,0.0,0.0,0.1363972333068474,0.11973163962305683
P2,R04,testing,03,93,1,0.0,0.0,0.1363972333068474,0.12005212604422402
P2,R04,testing,03,94,1,0.0,0.0,0.1363972333068474,0.12037013591440124
P2,R04,testing,03,95,1,0.0,0.0,0.1363972333068474,0.12068564503200845
P2,R04,testing,03,96,1,0.0,0.0,0.13431467129915015,0.11915117875491968
P2,R04,testing,03,97,1,0.0,0.0,0.13431467129915015,0.11945687450077
P2,R04,testing,03,98,1,0.0,0.0,0.13431467129915015,0.11976003704492896
P2,R04,testing,03,99,1,0.0,0.0,0.13431467129915015,0.12006064314174532
P2,R04,testing,03,100,1,0.0,0.0,0.13431467129915015,0.12035866969960894
P2,R04,testing,03,101,1,0.0,0.0,0.13431467129915015,0.12065409378389932
P2,R04,testing,03,102,1,0.0,0.0,0.13431467129915015,0.12094689261991945
P2,R04,testing,03,103,1,0.0,0.0,0.13431467129915015,0.12123704359581502
P2,R04,testing,03,104,1,0.0,0.0,0.13431467129915015,0.12152452426547802
P2,R04,testing,03,105,1,0.0,0.0,0.13431467129915015,0.1218093123514344
P2,R04,testing,03,106,1,0.0,0.0,0.13431467129915015,0.12209138574771518
P2,R04,testing,03,107,1,0.0,0.0,0.13431467129915015,0.12237072252271068
P2,R04,testing,03,108,1,0.0,0.0,0.13431467129915015,0.12264730092200707
P2,R04,testing,03,109,1,0.0,0.0,0.13431467129915015,0.12292109937120496
P2,R04,testing,03,110,1,0.0,0.0,0.13431467129915015,0.12319209647871945
P2,R04,testing,03,111,1,0.0,0.0,0.13431467129915015,0.1234602710385611
P2,R04,testing,03,112,1,0.0,0.0,0.1311107194093632,0.12077424256793448
P2,R04,testing,03,113,1,0.0,0.0,0.1311107194093632,0.12103044827329472
P2,R04,testing,03,114,1,0.0,0.0,0.1311107194093632,0.12128383777368405
P2,R04,testing,03,115,1,0.0,0.0,0.1311107194093632,0.12153439112039216
P2,R04,testing,03,116,1,0.0,0.0,0.1311107194093632,0.12178208855915382
P2,R04,testing,03,117,1,0.0,0.0,0.1311107194093632,0.12202691053274173
P2,R04,testing,03,118,1,0.0,0.0,0.1311107194093632,0.12226883768353725
P2,R04,testing,03,119,1,0.0,0.0,0.1311107194093632,0.1225078508560786
P2,R04,testing,03,120,1,0.0,0.0,0.1311107194093632,0.12274393109958627
P2,R04,testing,03,121,1,0.0,0.0,0.1311107194093632,0.12297705967046489
P2,R04,testing,03,122,1,0.0,0.0,0.1311107194093632,0.12320721803478137
P2,R04,testing,03,123,1,0.0,0.0,0.1311107194093632,0.12343438787071856
P2,R04,testing,03,124,1,0.0,0.0,0.1311107194093632,0.12365855107100425
P2,R04,testing,03,125,1,0.0,0.0,0.1311107194093632,0.1238796897453149
P2,R04,testing,03,126,1,0.0,0.0,0.1311107194093632,0.12409778622265365
P2,R04,testing,03,127,1,0.0,0.0,0.1311107194093632,0.12431282305370231
P2,R04,testing,03,128,1,0.0,0.0,0.12687288815078096,0.12049982593642124
P2,R04,testing,03,129,1,0.0,0.0,0.12687288815078096,0.12070194094307964
P2,R04,testing,03,130,1,0.0,0.0,0.12687288815078096,0.12090104585249845
P2,R04,testing,03,131,1,0.0,0.0,0.12687288815078096,0.12109712465965833
P2,R04,testing,03,132,1,0.0,0.0,0.12687288815078096,0.12129016158503915
P2,R04,testing,03,133,1,0.0,0.0,0.12687288815078096,0.12148014107673545
P2,R04,testing,03,134,1,0.0,0.0,0.12687288815078096,0.12166704781254391
P2,R04,testing,03,135,1,0.0,0.0,0.12687288815078096,0.12185086670202207
P2,R04,testing,03,136,1,0.0,0.0,0.12687288815078096,0.1220315828885183
P2,R04,testing,03,137,1,0.0,0.0,0.12687288815078096,0.1222091817511724
P2,R04,testing,03,138,1,0.0,0.0,0.12687288815078096,0.12238364890688644
P2,R04,testing,03,139,1,0.0,0.0,0.12687288815078096,0.12255497021226566
P2,R04,testing,03,140,1,0.0,0.0,0.12687288815078096,0.12272313176552885
P2,R04,testing,03,141,1,0.0,0.0,0.12687288815078096,0.12288811990838804
P2,R04,testing,03,142,1,0.0,0.0,0.12687288815078096,0.12304992122789694
P2,R04,testing,03,143,1,0.0,0.0,0.12687288815078096,0.12320852255826799
P2,R04,testing,03,144,1,0.0,0.0,0.09524770911397895,0.09261340290822899
P2,R04,testing,03,145,1,0.0,0.0,0.09524770911397895,0.09272763663697399
P2,R04,testing,03,146,1,0.0,0.0,0.09524770911397895,0.09283943950172893
P2,R04,testing,03,147,1,0.0,0.0,0.09524770911397895,0.09294880237385807
P2,R04,testing,03,148,1,0.0,0.0,0.09524770911397895,0.0930557163167328
P2,R04,testing,03,149,1,0.0,0.0,0.09524770911397895,0.09316017258694861
P2,R04,testing,03,150,1,0.0,0.0,0.09524770911397895,0.09326216263551669
P2,R04,testing,03,151,1,0.0,0.0,0.09524770911397895,0.09336167810902991
P2,R04,testing,03,152,1,0.0,0.0,0.09524770911397895,0.09345871085080304
P2,R04,testing,03,153,1,0.0,0.0,0.09524770911397895,0.09355325290198689
P2,R04,testing,03,154,1,0.0,0.0,0.09524770911397895,0.09364529650265621
P2,R04,testing,03,155,1,0.0,0.0,0.09524770911397895,0.09373483409287121
P2,R04,testing,03,156,1,0.0,0.0,0.09524770911397895,0.09382185831371234
P2,R04,testing,03,157,1,0.0,0.0,0.09524770911397895,0.09390636200828828
P2,R04,testing,03,158,1,0.0,0.0,0.09524770911397895,0.09398833822271684
P2,R04,testing,03,159,1,0.0,0.0,0.09524770911397895,0.09406778020707864
P2,R04,testing,03,160,1,0.0,0.49941483859136454,0.06494782274477016,0.06419568657209987
P2,R04,testing,03,161,1,0.0,0.49941483859136454,0.06494782274477016,0.06424638738813503
P2,R04,testing,03,162,1,0.0,0.49941483859136454,0.06494782274477016,0.06429534718771805
P2,R04,testing,03,163,1,0.0,0.49941483859136454,0.06494782274477016,0.06434256193063438
P2,R04,testing,03,164,1,0.0,0.49941483859136454,0.06494782274477016,0.06438802771871703
P2,R04,testing,03,165,1,0.0,0.49941483859136454,0.06494782274477016,0.06443174079638296
P2,R04,testing,03,166,1,0.0,0.49941483859136454,0.06494782274477016,0.06447369755115018
P2,R04,testing,03,167,1,0.0,0.49941483859136454,0.06494782274477016,0.0645138945141352
P2,R04,testing,03,168,1,0.0,0.49941483859136454,0.06494782274477016,0.06455232836053108
P2,R04,testing,03,169,1,0.0,0.49941483859136454,0.06494782274477016,0.06458899591006577
P2,R04,testing,03,170,1,0.0,0.49941483859136454,0.06494782274477016,0.06462389412744064
P2,R04,testing,03,171,1,0.0,0.49941483859136454,0.06494782274477016,0.06465702012274932
P2,R04,testing,03,172,1,0.0,0.49941483859136454,0.06494782274477016,0.06468837115187644
P2,R04,testing,03,173,1,0.0,0.49941483859136454,0.06494782274477016,0.06471794461687662
P2,R04,testing,03,174,1,0.0,0.49941483859136454,0.06494782274477016,0.06474573806633316
P2,R04,testing,03,175,1,0.0,0.49941483859136454,0.06494782274477016,0.06477174919569674
P2,R04,testing,03,176,1,0.0,0.0,0.03624644342497817,0.03616169986107114
P2,R04,testing,03,177,1,0.0,0.0,0.03624644342497817,0.0361742233933654
P2,R04,testing,03,178,1,0.0,0.0,0.03624644342497817,0.03618574887361517
P2,R04,testing,03,179,1,0.0,0.0,0.03624644342497817,0.036196275345207134
P2,R04,testing,03,180,1,0.0,0.0,0.03624644342497817,0.036205801934267874
P2,R04,testing,03,181,1,0.0,0.0,0.03624644342497817,0.036214327849784775
P2,R04,testing,03,182,1,0.0,0.0,0.03624644342497817,0.03622185238371549
P2,R04,testing,03,183,1,0.0,0.0,0.03624644342497817,0.0362283749110859
P2,R04,testing,03,184,1,0.0,0.0,0.03624644342497817,0.0362338948900767
P2,R04,testing,03,185,1,0.0,0.0,0.03624644342497817,0.03623841186209834
P2,R04,testing,03,186,1,0.0,0.0,0.03624644342497817,0.036241925451854576
P2,R04,testing,03,187,1,0.0,0.0,0.03624644342497817,0.036244435367394405
P2,R04,testing,03,188,1,0.0,0.0,0.03624644342497817,0.03624594140015252
P2,R04,testing,03,189,1,0.0,0.0,0.03624644342497817,0.03624644342497817
P2,R04,testing,03,190,1,0.0,0.0,0.03624644342497817,0.03624594140015252
P2,R04,testing,03,191,1,0.0,0.0,0.03624644342497817,0.036244435367394405
P2,R04,testing,03,192,1,0.0,0.0,0.03570680418609293,0.03570235347682607
P2,R04,testing,03,193,1,0.0,0.0,0.03570680418609293,0.03569889219760634
P2,R04,testing,03,194,1,0.0,0.0,0.03570680418609293,0.035694442474536965
P2,R04,testing,03,195,1,0.0,0.0,0.03570680418609293,0.035689004677326774
P2,R04,testing,03,196,1,0.0,0.0,0.03570680418609293,0.03568257925773779
P2,R04,testing,03,197,1,0.0,0.0,0.03570680418609293,0.0356751667495227
P2,R04,testing,03,198,1,0.0,0.0,0.03570680418609293,0.035666767768350954
P2,R04,testing,03,199,1,0.0,0.0,0.03570680418609293,0.035657383011723526
P2,R04,testing,03,200,1,0.0,0.0,0.03570680418609293,0.03564701325887639
P2,R04,testing,03,201,1,0.0,0.0,0.03570680418609293,0.03563565937067269
P2,R04,testing,03,202,1,0.0,0.0,0.03570680418609293,0.035623322289483596
P2,R04,testing,03,203,1,0.0,0.0,0.03570680418609293,0.035610003039057994
P2,R04,testing,03,204,1,0.0,0.0,0.03570680418609293,0.03559570272438087
P2,R04,testing,03,205,1,0.0,0.0,0.03570680418609293,0.03558042253152051
P2,R04,testing,03,206,1,0.0,0.0,0.03570680418609293,0.03556416372746459
P2,R04,testing,03,207,1,0.0,0.0,0.03570680418609293,0.03554692765994507
P2,R04,testing,03,208,1,0.0,0.0,0.0348252000495512,0.03465150863968506
P2,R04,testing,03,209,1,0.0,0.0,0.0348252000495512,0.03463279612015644
P2,R04,testing,03,210,1,0.0,0.0,0.0348252000495512,0.03461313487988838
P2,R04,testing,03,211,1,0.0,0.0,0.0348252000495512,0.03459252654641629
P2,R04,testing,03,212,1,0.0,0.0,0.0348252000495512,0.034570972825010746
P2,R04,testing,03,213,1,0.0,0.0,0.0348252000495512,0.0345484754984423
P2,R04,testing,03,214,1,0.0,0.0,0.0348252000495512,0.034525036426735774
P2,R04,testing,03,215,1,0.0,0.0,0.0348252000495512,0.03450065754691388
P2,R04,testing,03,216,1,0.0,0.0,0.0348252000495512,0.03447534087273049
P2,R04,testing,03,217,1,0.0,0.0,0.0348252000495512,0.03444908849439342
P2,R04,testing,03,218,1,0.0,0.0,0.0348252000495512,0.03442190257827675
P2,R04,testing,03,219,1,0.0,0.0,0.0348252000495512,0.03439378536662292
P2,R04,testing,03,220,1,0.0,0.0,0.0348252000495512,0.03436473917723455
P2,R04,testing,03,221,1,0.0,0.0,0.0348252000495512,0.034334766403155935
P2,R04,testing,03,222,1,0.0,0.0,0.0348252000495512,0.03430386951234451
P2,R04,testing,03,223,1,0.0,0.0,0.0348252000495512,0.034272051047332164
P2,R04,testing,03,224,1,0.0,0.0,0.0336274017900999,0.0330616666851223
P2,R04,testing,03,225,1,0.0,0.0,0.0336274017900999,0.033029170500482194
P2,R04,testing,03,226,1,0.0,0.0,0.0336274017900999,0.032995792232691896
P2,R04,testing,03,227,1,0.0,0.0,0.0336274017900999,0.03296153462140913
P2,R04,testing,03,228,1,0.0,0.0,0.0336274017900999,0.03292640047652218
P2,R04,testing,03,229,1,0.0,0.0,0.0336274017900999,0.03289039267776571
P2,R04,testing,03,230,1,0.0,0.0,0.0336274017900999,0.03285351417432749
P2,R04,testing,03,231,1,0.0,0.0,0.0336274017900999,0.0328157679844458
P2,R04,testing,03,232,1,0.0,0.0,0.0336274017900999,0.03277715719499778
P2,R04,testing,03,233,1,0.0,0.0,0.0336274017900999,0.032737684961078754
P2,R04,testing,03,234,1,0.0,0.0,0.0336274017900999,0.03269735450557255
P2,R04,testing,03,235,1,0.0,0.0,0.0336274017900999,0.03265616911871303
P2,R04,testing,03,236,1,0.0,0.0,0.0336274017900999,0.032614132157636734
P2,R04,testing,03,237,1,0.0,0.0,0.0336274017900999,0.032571247045926906
P2,R04,testing,03,238,1,0.0,0.0,0.0336274017900999,0.032527517273148863
P2,R04,testing,03,239,1,0.0,0.0,0.0336274017900999,0.03248294639437681
P2,R04,testing,03,240,1,0.0,0.0,0.03214771143192539,0.031010204673270366
P2,R04,testing,03,241,1,0.0,0.0,0.03214771143192539,0.03096599727909819
P2,R04,testing,03,242,1,0.0,0.0,0.03214771143192539,0.030920996356754115
P2,R04,testing,03,243,1,0.0,0.0,0.03214771143192539,0.030875205550702195
P2,R04,testing,03,244,1,0.0,0.0,0.03214771143192539,0.030828628565651946
P2,R04,testing,03,245,1,0.0,0.0,0.03214771143192539,0.030781269166058927
P2,R04,testing,03,246,1,0.0,0.0,0.03214771143192539,0.03073313117561783
P2,R04,testing,03,247,1,0.0,0.0,0.03214771143192539,0.030684218476748126
P2,R04,testing,03,248,1,0.0,0.0,0.03214771143192539,0.030634535010072406
P2,R04,testing,03,249,1,0.0,0.0,0.03214771143192539,0.030584084773887438
P2,R04,testing,03,250,1,0.0,0.0,0.03214771143192539,0.03053287182362817
P2,R04,testing,03,251,1,0.0,0.0,0.03214771143192539,0.03048090027132461
P2,R04,testing,03,252,1,0.0,0.0,0.03214771143192539,0.030428174285051863
P2,R04,testing,03,253,1,0.0,0.0,0.03214771143192539,0.03037469808837328
P2,R04,testing,03,254,1,0.0,0.0,0.03214771143192539,0.03032047595977691
P2,R04,testing,03,255,1,0.0,0.0,0.03214771143192539,0.03026551223210533
P2,R04,testing,03,256,1,0.0,0.0,0.0304273314110118,0.028593137710335524
P2,R04,testing,03,257,1,0.0,0.0,0.0304273314110118,0.028539724039358644
P2,R04,testing,03,258,1,0.0,0.0,0.0304273314110118,0.02848562106197087
P2,R04,testing,03,259,1,0.0,0.0,0.0304273314110118,0.028430833079408042
P2,R04,testing,03,260,1,0.0,0.0,0.0304273314110118,0.02837536444156306
P2,R04,testing,03,261,1,0.0,0.0,0.0304273314110118,0.02831921954641079
P2,R04,testing,03,262,1,0.0,0.0,0.0304273314110118,0.028262402839427447
P2,R04,testing,03,263,1,0.0,0.0,0.0304273314110118,0.028204918813004496
P2,R04,testing,03,264,1,0.0,0.0,0.0304273314110118,0.028146772005857308
P2,R04,testing,03,265,1,0.0,0.0,0.0304273314110118,0.02808796700242853
P2,R04,testing,03,266,1,0.0,0.0,0.0304273314110118,0.028028508432286388
P2,R04,testing,03,267,1,0.0,0.0,0.0304273314110118,0.027968400969517984
P2,R04,testing,03,268,1,0.0,0.0,0.0304273314110118,0.027907649332117705
P2,R04,testing,03,269,1,0.0,0.0,0.0304273314110118,0.02784625828137088
P2,R04,testing,03,270,1,0.0,0.0,0.0304273314110118,0.027784232621232755
P2,R04,testing,03,271,1,0.0,0.0,0.0304273314110118,0.02772157719770292
P2,R04,testing,03,272,1,0.0,0.0,0.028512462262660417,0.025917690115731022
P2,R04,testing,03,273,1,0.0,0.0,0.028512462262660417,0.025857811273092578
P2,R04,testing,03,274,1,0.0,0.0,0.028512462262660417,0.0257973561532226
P2,R04,testing,03,275,1,0.0,0.0,0.028512462262660417,0.025736329448799864
P2,R04,testing,03,276,1,0.0,0.0,0.028512462262660417,0.025674735888910408
P2,R04,testing,03,277,1,0.0,0.0,0.028512462262660417,0.025612580238438088
P2,R04,testing,03,278,1,0.0,0.0,0.028512462262660417,0.025549867297451543
P2,R04,testing,03,279,1,0.0,0.0,0.028512462262660417,0.02548660190058785
P2,R04,testing,03,280,1,0.0,0.0,0.028512462262660417,0.02542278891643281
P2,R04,testing,03,281,1,0.0,0.0,0.028512462262660417,0.02535843324689815
P2,R04,testing,03,282,1,0.0,0.0,0.028512462262660417,0.02529353982659561
P2,R04,testing,03,283,1,0.0,0.0,0.028512462262660417,0.02522811362220809
P2,R04,testing,03,284,1,0.0,0.0,0.028512462262660417,0.025162159631857983
P2,R04,testing,03,285,1,0.0,0.0,0.028512462262660417,0.02509568288447277
P2,R04,testing,03,286,1,0.0,0.0,0.028512462262660417,0.025028688439148006
P2,R04,testing,03,287,1,0.0,0.0,0.028512462262660417,0.024961181384507796
P2,R04,testing,03,288,1,0.0,0.0,0.0,0.0
P2,R04,testing,03,289,1,0.0,0.0,0.0,0.0
P2,R04,testing,03,290,1,0.0,0.0,0.0,0.0
P2,R04,testing,03,291,1,0.0,0.0,0.0,0.0
P2,R04,testing,03,292,1,0.0,0.0,0.0,0.0
P2,R04,testing,03,293,1,0.0,0.0,0.0,0.0
P2,R04,testing,03,294,1,0.0,0.0,0.0,0.0
P2,R04,testing,03,295,1,0.0,0.0,0.0,0.0
P2,R04,testing,03,296,1,0.0,0.0,0.0,0.0
P2,R04,testing,03,297,1,0.0,0.0,0.0,0.0
P2,R04,testing,03,298,1,0.0,0.0,0.0,0.0
P2,R04,testing,03,299,1,0.0,0.0,0.0,0.0
P2,R04,testing,03,300,1,0.0,0.0,0.0,0.0
P2,R04,testing,03,301,1,0.0,0.0,0.0,0.0
P2,R04,testing,03,302,1,0.0,0.0,0.0,0.0
P2,R04,testing,03,303,1,0.0,0.0,0.0,0.0
P2,R04,testing,03,304,1,0.0,0.0,0.0,0.0
P2,R04,testing,03,305,1,0.0,0.0,0.0,0.0
P2,R04,testing,03,306,1,0.0,0.0,0.0,0.0
P2,R04,testing,03,307,1,0.0,0.0,0.0,0.0
P2,R04,testing,03,308,1,0.0,0.0,0.0,0.0
P2,R04,testing,03,309,1,0.0,0.0,0.0,0.0
P2,R04,testing,03,310,1,0.0,0.0,0.0,0.0
P2,R04,testing,03,311,1,0.0,0.0,0.0,0.0
P2,R04,testing,03,312,1,0.0,0.0,0.0,0.0
P2,R04,testing,03,313,1,0.0,0.0,0.0,0.0
P2,R04,testing,03,314,1,0.0,0.0,0.0,0.0
P2,R04,testing,03,315,1,0.0,0.0,0.0,0.0
P2,R04,testing,03,316,1,0.0,0.0,0.0,0.0
P2,R04,testing,03,317,1,0.0,0.0,0.0,0.0
P2,R04,testing,03,318,1,0.0,0.0,0.0,0.0
P2,R04,testing,03,319,1,0.0,0.0,0.0,0.0
P2,R04,testing,03,320,1,0.0,0.0,0.0,0.0
P2,R04,testing,03,321,1,0.0,0.0,0.0,0.0
P2,R04,testing,03,322,1,0.0,0.0,0.0,0.0
P2,R04,testing,03,323,1,0.0,0.0,0.0,0.0
P2,R04,testing,03,324,1,0.0,0.0,0.0,0.0
P2,R04,testing,03,325,1,0.0,0.0,0.0,0.0
P2,R04,testing,03,326,1,0.0,0.0,0.0,0.0
P2,R04,testing,03,327,1,0.0,0.0,0.0,0.0
P2,R04,testing,03,328,1,0.0,0.0,0.0,0.0
P2,R04,testing,03,329,1,0.0,0.0,0.0,0.0
P2,R04,testing,03,330,1,0.0,0.0,0.0,0.0
P2,R04,testing,03,331,1,0.0,0.0,0.0,0.0
P2,R04,testing,03,332,1,0.0,0.0,0.0,0.0
P2,R04,testing,03,333,1,0.0,0.0,0.0,0.0
P2,R04,testing,03,334,1,0.0,0.0,0.0,0.0
P2,R04,testing,03,335,1,0.0,0.0,0.0,0.0
P2,R04,testing,03,336,1,0.0,0.0,0.0,0.0
P2,R04,testing,03,337,1,0.0,0.0,0.0,0.0
P2,R04,testing,03,338,1,0.0,0.0,0.0,0.0
P2,R04,testing,03,339,1,0.0,0.0,0.0,0.0
P2,R04,testing,03,340,1,0.0,0.0,0.0,0.0
P2,R04,testing,03,341,1,0.0,0.0,0.0,0.0
P2,R04,testing,03,342,1,0.0,0.0,0.0,0.0
P2,R04,testing,03,343,1,0.0,0.0,0.0,0.0
P2,R04,testing,03,344,1,0.0,0.0,0.0,0.0
P2,R04,testing,03,345,1,0.0,0.0,0.0,0.0
P2,R04,testing,03,346,1,0.0,0.0,0.0,0.0
P2,R04,testing,03,347,1,0.0,0.0,0.0,0.0
P2,R04,testing,03,348,1,0.0,0.0,0.0,0.0
P2,R04,testing,03,349,1,0.0,0.0,0.0,0.0
P2,R04,testing,03,350,1,0.0,0.0,0.0,0.0
P2,R04,testing,03,351,1,0.0,0.0,0.0,0.0
P2,R04,testing,03,352,1,0.0,0.0,0.0,0.0
P2,R04,testing,03,353,1,0.0,0.0,0.0,0.0
P2,R04,testing,03,354,1,0.0,0.0,0.0,0.0
P2,R04,testing,03,355,1,0.0,0.0,0.0,0.0
P2,R04,testing,03,356,1,0.0,0.0,0.0,0.0
P2,R04,testing,03,357,1,0.0,0.0,0.0,0.0
P2,R04,testing,03,358,1,0.0,0.0,0.0,0.0
P2,R04,testing,03,359,1,0.0,0.0,0.0,0.0
P2,R04,testing,03,360,1,0.0,0.0,0.0,0.0
P2,R04,testing,03,361,1,0.0,0.0,0.0,0.0
P2,R04,testing,03,362,1,0.0,0.0,0.0,0.0
P2,R04,testing,03,363,1,0.0,0.0,0.0,0.0
P2,R04,testing,03,364,1,0.0,0.0,0.0,0.0
P2,R04,testing,03,365,1,0.0,0.0,0.0,0.0
P2,R04,testing,03,366,1,0.0,0.0,0.0,0.0
P2,R04,testing,03,367,1,0.0,0.0,0.0,0.0
P2,R04,testing,03,368,1,0.0,0.0,0.0,0.0
P2,R04,testing,03,369,1,0.0,0.0,0.0,0.0
P2,R04,testing,03,370,1,0.0,0.0,0.0,0.0
P2,R04,testing,03,371,1,0.0,0.0,0.0,0.0
P2,R04,testing,03,372,1,0.0,0.0,0.0,0.0
P2,R04,testing,03,373,1,0.0,0.0,0.0,0.0
P2,R04,testing,03,374,1,0.0,0.0,0.0,0.0
P2,R04,testing,03,375,1,0.0,0.0,0.0,0.0
P2,R04,testing,03,376,1,0.0,0.0,0.0,0.0
P2,R04,testing,03,377,1,0.0,0.0,0.0,0.0
P2,R04,testing,03,378,1,0.0,0.0,0.0,0.0
P2,R04,testing,03,379,1,0.0,0.0,0.0,0.0
P2,R04,testing,03,380,1,0.0,0.0,0.0,0.0
P3,R04,testing,03,0,0,0.0,0.49885473920787893,0.07010134757625394,0.04274239671573248
P3,R04,testing,03,1,0,0.0,0.49885473920787893,0.07010134757625394,0.04296616440358472
P3,R04,testing,03,2,0,0.0,0.49885473920787893,0.07010134757625394,0.04318990716124169
P3,R04,testing,03,3,0,0.0,0.49885473920787893,0.07010134757625394,0.04341361243105811
P3,R04,testing,03,4,0,0.0,0.49885473920787893,0.07010134757625394,0.04363726759329442
P3,R04,testing,03,5,0,0.0,0.49885473920787893,0.07010134757625394,0.04386085996719711
P3,R04,testing,03,6,0,0.0,0.49885473920787893,0.07010134757625394,0.04408437681209301
P3,R04,testing,03,7,0,0.0,0.49885473920787893,0.07010134757625394,0.04430780532849762
P3,R04,testing,03,8,0,0.0,0.49885473920787893,0.07010134757625394,0.04453113265923712
P3,R04,testing,03,9,0,0.0,0.49885473920787893,0.07010134757625394,0.044754345890584295
P3,R04,testing,03,10,0,0.0,0.49885473920787893,0.07010134757625394,0.044977432053407894
P3,R04,testing,03,11,0,0.0,0.49885473920787893,0.07010134757625394,0.045200378124335486
P3,R04,testing,03,12,0,0.0,0.49885473920787893,0.07010134757625394,0.04542317102692973
P3,R04,testing,03,13,0,0.0,0.49885473920787893,0.07010134757625394,0.04564579763287777
P3,R04,testing,03,14,0,0.0,0.49885473920787893,0.07010134757625394,0.045868244763193816
P3,R04,testing,03,15,0,0.0,0.49885473920787893,0.07010134757625394,0.04609049918943454
P3,R04,testing,03,16,0,0.0,0.0,0.07112075073593488,0.04698601767543645
P3,R04,testing,03,17,0,0.0,0.0,0.07112075073593488,0.04721107262223117
P3,R04,testing,03,18,0,0.0,0.0,0.07112075073593488,0.04743589151171434
P3,R04,testing,03,19,0,0.0,0.0,0.07112075073593488,0.04766046073495889
P3,R04,testing,03,20,0,0.0,0.0,0.07112075073593488,0.04788476663921869
P3,R04,testing,03,21,0,0.0,0.0,0.07112075073593488,0.04810879552923746
P3,R04,testing,03,22,0,0.0,0.0,0.07112075073593488,0.04833253366856972
P3,R04,testing,03,23,0,0.0,0.0,0.07112075073593488,0.048555967280913576
P3,R04,testing,03,24,0,0.0,0.0,0.07112075073593488,0.04877908255145548
P3,R04,testing,03,25,0,0.0,0.0,0.07112075073593488,0.04900186562822631
P3,R04,testing,03,26,0,0.0,0.0,0.07112075073593488,0.049224302623469024
P3,R04,testing,03,27,0,0.0,0.0,0.07112075073593488,0.04944637961501749
P3,R04,testing,03,28,0,0.0,0.0,0.07112075073593488,0.0496680826476864
P3,R04,testing,03,29,0,0.0,0.0,0.07112075073593488,0.04988939773467202
P3,R04,testing,03,30,0,0.0,0.0,0.07112075073593488,0.05011031085896364
P3,R04,testing,03,31,0,0.0,0.0,0.07112075073593488,0.050330807974765565
P3,R04,testing,03,32,0,0.0,0.0,0.07146559308113004,0.05079598044031704
P3,R04,testing,03,33,0,0.0,0.0,0.07146559308113004,0.05101666817652297
P3,R04,testing,03,34,0,0.0,0.0,0.07146559308113004,0.05123689538634094
P3,R04,testing,03,35,0,0.0,0.0,0.07146559308113004,0.05145664785466612
P3,R04,testing,03,36,0,0.0,0.0,0.07146559308113004,0.05167591134476486
P3,R04,testing,03,37,0,0.0,0.0,0.07146559308113004,0.05189467159976281
P3,R04,testing,03,38,0,0.0,0.0,0.07146559308113004,0.05211291434414207
P3,R04,testing,03,39,0,0.0,0.0,0.07146559308113004,0.052330625285247435
P3,R04,testing,03,40,0,0.0,0.0,0.07146559308113004,0.05254779011480118
P3,R04,testing,03,41,0,0.0,0.0,0.07146559308113004,0.052764394510426596
P3,R04,testing,03,42,0,0.0,0.0,0.07146559308113004,0.05298042413717963
P3,R04,testing,03,43,0,0.0,0.0,0.07146559308113004,0.053195864649088695
P3,R04,testing,03,44,0,0.0,0.0,0.07146559308113004,0.053410701690702334
P3,R04,testing,03,45,0,0.0,0.0,0.07146559308113004,0.053624920898644506
P3,R04,testing,03,46,0,0.0,0.0,0.07146559308113004,0.053838507903177235
P3,R04,testing,03,47,0,0.0,0.0,0.07146559308113004,0.054051448329770525
P3,R04,testing,03,48,0,0.0,0.0,0.07112600777224053,0.05400588113667994
P3,R04,testing,03,49,0,0.0,0.0,0.07112600777224053,0.05421647978649164
P3,R04,testing,03,50,0,0.0,0.0,0.07112600777224053,0.05442639199916077
P3,R04,testing,03,51,0,0.0,0.0,0.07112600777224053,0.05463560346514269
P3,R04,testing,03,52,0,0.0,0.0,0.07112600777224053,0.05484409987803431
P3,R04,testing,03,53,0,0.0,0.0,0.07112600777224053,0.05505186693617443
P3,R04,testing,03,54,0,0.0,0.0,0.07112600777224053,0.05525889034424947
P3,R04,testing,03,55,0,0.0,0.0,0.07112600777224053,0.05546515581490447
P3,R04,testing,03,56,0,0.0,0.0,0.07112600777224053,0.05567064907035905
P3,R04,testing,03,57,0,0.0,0.0,0.07112600777224053,0.055875355844028037
P3,R04,testing,03,58,0,0.0,0.0,0.07112600777224053,0.056079261882146694
P3,R04,testing,03,59,0,0.0,0.0,0.07112600777224053,0.05628235294540007
P3,R04,testing,03,60,0,0.0,0.0,0.07112600777224053,0.05648461481055629
P3,R04,testing,03,61,0,0.0,0.0,0.07112600777224053,0.05668603327210369
P3,R04,testing,03,62,0,0.0,0.0,0.07112600777224053,0.056886594143891224
P3,R04,testing,03,63,0,0.0,0.0,0.07112600777224053,0.057086283260772204
P3,R04,testing,03,64,0,1.0,0.5007020244677012,0.0701117071862939,0.05646816593876648
P3,R04,testing,03,65,1,1.0,0.5007020244677012,0.0701117071862939,0.05666324692132563
P3,R04,testing,03,66,1,1.0,0.5007020244677012,0.0701117071862939,0.05685742683178282
P3,R04,testing,03,67,1,1.0,0.5007020244677012,0.0701117071862939,0.05705069180607038
P3,R04,testing,03,68,1,1.0,0.5007020244677012,0.0701117071862939,0.05724302800896462
P3,R04,testing,03,69,1,1.0,0.5007020244677012,0.0701117071862939,0.05743442163571948
P3,R04,testing,03,70,1,1.0,0.5007020244677012,0.0701117071862939,0.057624858913701386
P3,R04,testing,03,71,1,1.0,0.5007020244677012,0.0701117071862939,0.05781432610402523
P3,R04,testing,03,72,1,1.0,0.5007020244677012,0.0701117071862939,0.058002809503191075
P3,R04,testing,03,73,1,1.0,0.5007020244677012,0.0701117071862939,0.05819029544472132
P3,R04,testing,03,74,1,1.0,0.5007020244677012,0.0701117071862939,0.05837677030079815
P3,R04,testing,03,75,1,1.0,0.5007020244677012,0.0701117071862939,0.05856222048390091
P3,R04,testing,03,76,1,1.0,0.5007020244677012,0.0701117071862939,0.05874663244844317
P3,R04,testing,03,77,1,1.0,0.5007020244677012,0.0701117071862939,0.05892999269240916
P3,R04,testing,03,78,1,1.0,0.5007020244677012,0.0701117071862939,0.059112287758989385
P3,R04,testing,03,79,1,1.0,0.5007020244677012,0.0701117071862939,0.05929350423821507
P3,R04,testing,03,80,1,0.0,0.0,0.0684515219883476,0.058065344159468596
P3,R04,testing,03,81,1,0.0,0.0,0.0684515219883476,0.058240124406561074
P3,R04,testing,03,82,1,0.0,0.0,0.0684515219883476,0.05841381261935204
P3,R04,testing,03,83,1,0.0,0.0,0.0684515219883476,0.05858639590426131
P3,R04,testing,03,84,1,0.0,0.0,0.0684515219883476,0.058757861421392846
P3,R04,testing,03,85,1,0.0,0.0,0.0684515219883476,0.058928196386118126
P3,R04,testing,03,86,1,0.0,0.0,0.0684515219883476,0.0590973880706565
P3,R04,testing,03,87,1,0.0,0.0,0.0684515219883476,0.059265423805652306
P3,R04,testing,03,88,1,0.0,0.0,0.0684515219883476,0.05943229098174841
P3,R04,testing,03,89,1,0.0,0.0,0.0684515219883476,0.05959797705115588
P3,R04,testing,03,90,1,0.0,0.0,0.0684515219883476,0.05976246952921965
P3,R04,testing,03,91,1,0.0,0.0,0.0684515219883476,0.05992575599597973
P3,R04,testing,03,92,1,0.0,0.0,0.0684515219883476,0.060087824097727796
P3,R04,testing,03,93,1,0.0,0.0,0.0684515219883476,0.060248661548558936
P3,R04,testing,03,94,1,0.0,0.0,0.0684515219883476,0.06040825613191809
P3,R04,testing,03,95,1,0.0,0.0,0.0684515219883476,0.060566595702141096
P3,R04,testing,03,96,1,0.0,0.0,0.0661920412944096,0.058719272199664205
P3,R04,testing,03,97,1,0.0,0.0,0.0661920412944096,0.05886992309458977
P3,R04,testing,03,98,1,0.0,0.0,0.0661920412944096,0.05901932559431517
P3,R04,testing,03,99,1,0.0,0.0,0.0661920412944096,0.059167468243076914
P3,R04,testing,03,100,1,0.0,0.0,0.0661920412944096,0.05931433966102502
P3,R04,testing,03,101,1,0.0,0.0,0.0661920412944096,0.05945992854567605
P3,R04,testing,03,102,1,0.0,0.0,0.0661920412944096,0.05960422367335896
P3,R04,testing,03,103,1,0.0,0.0,0.0661920412944096,0.05974721390065377
P3,R04,testing,03,104,1,0.0,0.0,0.0661920412944096,0.05988888816582243
P3,R04,testing,03,105,1,0.0,0.0,0.0661920412944096,0.06002923549023195
P3,R04,testing,03,106,1,0.0,0.0,0.0661920412944096,0.0601682449797693
P3,R04,testing,03,107,1,0.0,0.0,0.0661920412944096,0.060305905826248
P3,R04,testing,03,108,1,0.0,0.0,0.0661920412944096,0.060442207308806034
P3,R04,testing,03,109,1,0.0,0.0,0.0661920412944096,0.06057713879529485
P3,R04,testing,03,110,1,0.0,0.0,0.0661920412944096,0.06071068974365934
P3,R04,testing,03,111,1,0.0,0.0,0.0661920412944096,0.060842849703308215
P3,R04,testing,03,112,1,0.0,0.0,0.06339544332086325,0.05839748789288462
P3,R04,testing,03,113,1,0.0,0.0,0.06339544332086325,0.058521370015916334
P3,R04,testing,03,114,1,0.0,0.0,0.06339544332086325,0.05864389043058875
P3,R04,testing,03,115,1,0.0,0.0,0.06339544332086325,0.05876503949118151
P3,R04,testing,03,116,1,0.0,0.0,0.06339544332086325,0.05888480764599355
P3,R04,testing,03,117,1,0.0,0.0,0.06339544332086325,0.05900318543859672
P3,R04,testing,03,118,1,0.0,0.0,0.06339544332086325,0.05912016350907888
P3,R04,testing,03,119,1,0.0,0.0,0.06339544332086325,0.05923573259527598
P3,R04,testing,03,120,1,0.0,0.0,0.06339544332086325,0.05934988353399318
P3,R04,testing,03,121,1,0.0,0.0,0.06339544332086325,0.059462607262214556
P3,R04,testing,03,122,1,0.0,0.0,0.06339544332086325,0.05957389481830134
P3,R04,testing,03,123,1,0.0,0.0,0.06339544332086325,0.059683737343178354
P3,R04,testing,03,124,1,0.0,0.0,0.06339544332086325,0.05979212608150847
P3,R04,testing,03,125,1,0.0,0.0,0.06339544332086325,0.05989905238285488
P3,R04,testing,03,126,1,0.0,0.0,0.06339544332086325,0.060004507702830966
P3,R04,testing,03,127,1,0.0,0.0,0.06339544332086325,0.06010848360423747
P3,R04,testing,03,128,1,0.0,0.0,0.033714072656276406,0.03202055179717416
P3,R04,testing,03,129,1,0.0,0.0,0.033714072656276406,0.03207426004106081
P3,R04,testing,03,130,1,0.0,0.0,0.033714072656276406,0.03212716840848435
P3,R04,testing,03,131,1,0.0,0.0,0.033714072656276406,0.032179272646413314
P3,R04,testing,03,132,1,0.0,0.0,0.033714072656276406,0.032230568561738414
P3,R04,testing,03,133,1,0.0,0.0,0.033714072656276406,0.03228105202183463
P3,R04,testing,03,134,1,0.0,0.0,0.033714072656276406,0.03233071895511595
P3,R04,testing,03,135,1,0.0,0.0,0.033714072656276406,0.03237956535158246
P3,R04,testing,03,136,1,0.0,0.0,0.033714072656276406,0.03242758726335968
P3,R04,testing,03,137,1,0.0,0.0,0.033714072656276406,0.03247478080523032
P3,R04,testing,03,138,1,0.0,0.0,0.033714072656276406,0.03252114215515787
P3,R04,testing,03,139,1,0.0,0.0,0.033714072656276406,0.03256666755480242
P3,R04,testing,03,140,1,0.0,0.0,0.033714072656276406,0.03261135331002831
P3,R04,testing,03,141,1,0.0,0.0,0.033714072656276406,0.03265519579140359
P3,R04,testing,03,142,1,0.0,0.0,0.033714072656276406,0.03269819143469124
P3,R04,testing,03,143,1,0.0,0.0,0.033714072656276406,0.032740336741331984
P3,R04,testing,03,144,1,0.0,0.0,0.03223056856173842,0.031339154085035
P3,R04,testing,03,145,1,0.0,0.0,0.03223056856173842,0.03137780927223717
P3,R04,testing,03,146,1,0.0,0.0,0.03223056856173842,0.03141564188712527
P3,R04,testing,03,147,1,0.0,0.0,0.03223056856173842,0.03145264884068936
P3,R04,testing,03,148,1,0.0,0.0,0.03223056856173842,0.03148882710889218
P3,R04,testing,03,149,1,0.0,0.0,0.03223056856173842,0.03152417373308096
P3,R04,testing,03,150,1,0.0,0.0,0.03223056856173842,0.03155868582039064
P3,R04,testing,03,151,1,0.0,0.0,0.03223056856173842,0.031592360544138415
P3,R04,testing,03,152,1,0.0,0.0,0.03223056856173842,0.031625195144209584
P3,R04,testing,03,153,1,0.0,0.0,0.03223056856173842,0.03165718692743454
P3,R04,testing,03,154,1,0.0,0.0,0.03223056856173842,0.031688333267956934
P3,R04,testing,03,155,1,0.0,0.0,0.03223056856173842,0.03171863160759284
P3,R04,testing,03,156,1,0.0,0.0,0.03223056856173842,0.031748079456180946
P3,R04,testing,03,157,1,0.0,0.0,0.03223056856173842,0.0317766743919236
P3,R04,testing,03,158,1,0.0,0.0,0.03223056856173842,0.03180441406171881
P3,R04,testing,03,159,1,0.0,0.0,0.03223056856173842,0.03183129618148286
P3,R04,testing,03,160,1,0.0,0.0,0.03050575445378189,0.030152478848386247
P3,R04,testing,03,161,1,0.0,0.0,0.03050575445378189,0.030176292835972143
P3,R04,testing,03,162,1,0.0,0.0,0.03050575445378189,0.030199289074507432
P3,R04,testing,03,163,1,0.0,0.0,0.03050575445378189,0.030221465666318125
P3,R04,testing,03,164,1,0.0,0.0,0.03050575445378189,0.030242820780449466
P3,R04,testing,03,165,1,0.0,0.0,0.03050575445378189,0.030263352652917873
P3,R04,testing,03,166,1,0.0,0.0,0.03050575445378189,0.030283059586953764
P3,R04,testing,03,167,1,0.0,0.0,0.03050575445378189,0.03030193995323529
P3,R04,testing,03,168,1,0.0,0.0,0.03050575445378189,0.0303199921901128
P3,R04,testing,03,169,1,0.0,0.0,0.03050575445378189,0.03033721480382416
P3,R04,testing,03,170,1,0.0,0.0,0.03050575445378189,0.030353606368700728
P3,R04,testing,03,171,1,0.0,0.0,0.03050575445378189,0.030369165527364055
P3,R04,testing,03,172,1,0.0,0.0,0.03050575445378189,0.030383890990913216
P3,R04,testing,03,173,1,0.0,0.0,0.03050575445378189,0.030397781539102775
P3,R04,testing,03,174,1,0.0,0.0,0.03050575445378189,0.03041083602051128
P3,R04,testing,03,175,1,0.0,0.0,0.03050575445378189,0.03042305335270037
P3,R04,testing,03,176,1,0.0,0.0,0.028585949944419323,0.028519116483062705
P3,R04,testing,03,177,1,0.0,0.0,0.028585949944419323,0.02852899323326117
P3,R04,testing,03,178,1,0.0,0.0,0.028585949944419323,0.0285380828644187
P3,R04,testing,03,179,1,0.0,0.0,0.028585949944419323,0.02854638462209713
P3,R04,testing,03,180,1,0.0,0.0,0.028585949944419323,0.02855389781711156
P3,R04,testing,03,181,1,0.0,0.0,0.028585949944419323,0.028560621825625694
P3,R04,testing,03,182,1,0.0,0.0,0.028585949944419323,0.028566556089238162
P3,R04,testing,03,183,1,0.0,0.0,0.028585949944419323,0.028571700115059835
P3,R04,testing,03,184,1,0.0,0.0,0.028585949944419323,0.02857605347578202
P3,R04,testing,03,185,1,0.0,0.0,0.028585949944419323,0.028579615809735646
P3,R04,testing,03,186,1,0.0,0.0,0.028585949944419323,0.02858238682094133
P3,R04,testing,03,187,1,0.0,0.0,0.028585949944419323,0.028584366279150376
P3,R04,testing,03,188,1,0.0,0.0,0.028585949944419323,0.02858555401987664
P3,R04,testing,03,189,1,0.0,0.0,0.028585949944419323,0.028585949944419323
P3,R04,testing,03,190,1,0.0,0.0,0.028585949944419323,0.02858555401987664
P3,R04,testing,03,191,1,0.0,0.0,0.028585949944419323,0.028584366279150376
P3,R04,testing,03,192,1,0.0,0.0,0.0,0.0
P3,R04,testing,03,193,1,0.0,0.0,0.0,0.0
P3,R04,testing,03,194,1,0.0,0.0,0.0,0.0
P3,R04,testing,03,195,1,0.0,0.0,0.0,0.0
P3,R04,testing,03,196,1,0.0,0.0,0.0,0.0
P3,R04,testing,03,197,1,0.0,0.0,0.0,0.0
P3,R04,testing,03,198,1,0.0,0.0,0.0,0.0
P3,R04,testing,03,199,1,0.0,0.0,0.0,0.0
P3,R04,testing,03,200,1,0.0,0.0,0.0,0.0
P3,R04,testing,03,201,1,0.0,0.0,0.0,0.0
P3,R04,testing,03,202,1,0.0,0.0,0.0,0.0
P3,R04,testing,03,203,1,0.0,0.0,0.0,0.0
P3,R04,testing,03,204,1,0.0,0.0,0.0,0.0
P3,R04,testing,03,205,1,0.0,0.0,0.0,0.0
P3,R04,testing,03,206,1,0.0,0.0,0.0,0.0
P3,R04,testing,03,207,1,0.0,0.0,0.0,0.0
P3,R04,testing,03,208,1,0.0,0.0,0.0,0.0
P3,R04,testing,03,209,1,0.0,0.0,0.0,0.0
P3,R04,testing,03,210,1,0.0,0.0,0.0,0.0
P3,R04,testing,03,211,1,0.0,0.0,0.0,0.0
P3,R04,testing,03,212,1,0.0,0.0,0.0,0.0
P3,R04,testing,03,213,1,0.0,0.0,0.0,0.0
P3,R04,testing,03,214,1,0.0,0.0,0.0,0.0
P3,R04,testing,03,215,1,0.0,0.0,0.0,0.0
P3,R04,testing,03,216,1,0.0,0.0,0.0,0.0
P3,R04,testing,03,217,1,0.0,0.0,0.0,0.0
P3,R04,testing,03,218,1,0.0,0.0,0.0,0.0
P3,R04,testing,03,219,1,0.0,0.0,0.0,0.0
P3,R04,testing,03,220,1,0.0,0.0,0.0,0.0
P3,R04,testing,03,221,1,0.0,0.0,0.0,0.0
P3,R04,testing,03,222,1,0.0,0.0,0.0,0.0
P3,R04,testing,03,223,1,0.0,0.0,0.0,0.0
P3,R04,testing,03,224,1,0.0,0.0,0.0,0.0
P3,R04,testing,03,225,1,0.0,0.0,0.0,0.0
P3,R04,testing,03,226,1,0.0,0.0,0.0,0.0
P3,R04,testing,03,227,1,0.0,0.0,0.0,0.0
P3,R04,testing,03,228,1,0.0,0.0,0.0,0.0
P3,R04,testing,03,229,1,0.0,0.0,0.0,0.0
P3,R04,testing,03,230,1,0.0,0.0,0.0,0.0
P3,R04,testing,03,231,1,0.0,0.0,0.0,0.0
P3,R04,testing,03,232,1,0.0,0.0,0.0,0.0
P3,R04,testing,03,233,1,0.0,0.0,0.0,0.0
P3,R04,testing,03,234,1,0.0,0.0,0.0,0.0
P3,R04,testing,03,235,1,0.0,0.0,0.0,0.0
P3,R04,testing,03,236,1,0.0,0.0,0.0,0.0
P3,R04,testing,03,237,1,0.0,0.0,0.0,0.0
P3,R04,testing,03,238,1,0.0,0.0,0.0,0.0
P3,R04,testing,03,239,1,0.0,0.0,0.0,0.0
P3,R04,testing,03,240,1,0.0,0.0,0.0,0.0
P3,R04,testing,03,241,1,0.0,0.0,0.0,0.0
P3,R04,testing,03,242,1,0.0,0.0,0.0,0.0
P3,R04,testing,03,243,1,0.0,0.0,0.0,0.0
P3,R04,testing,03,244,1,0.0,0.0,0.0,0.0
P3,R04,testing,03,245,1,0.0,0.0,0.0,0.0
P3,R04,testing,03,246,1,0.0,0.0,0.0,0.0
P3,R04,testing,03,247,1,0.0,0.0,0.0,0.0
P3,R04,testing,03,248,1,0.0,0.0,0.0,0.0
P3,R04,testing,03,249,1,0.0,0.0,0.0,0.0
P3,R04,testing,03,250,1,0.0,0.0,0.0,0.0
P3,R04,testing,03,251,1,0.0,0.0,0.0,0.0
P3,R04,testing,03,252,1,0.0,0.0,0.0,0.0
P3,R04,testing,03,253,1,0.0,0.0,0.0,0.0
P3,R04,testing,03,254,1,0.0,0.0,0.0,0.0
P3,R04,testing,03,255,1,0.0,0.0,0.0,0.0
P3,R04,testing,03,256,1,0.0,0.0,0.0,0.0
P3,R04,testing,03,257,1,0.0,0.0,0.0,0.0
P3,R04,testing,03,258,1,0.0,0.0,0.0,0.0
P3,R04,testing,03,259,1,0.0,0.0,0.0,0.0
P3,R04,testing,03,260,1,0.0,0.0,0.0,0.0
P3,R04,testing,03,261,1,0.0,0.0,0.0,0.0
P3,R04,testing,03,262,1,0.0,0.0,0.0,0.0
P3,R04,testing,03,263,1,0.0,0.0,0.0,0.0
P3,R04,testing,03,264,1,0.0,0.0,0.0,0.0
P3,R04,testing,03,265,1,0.0,0.0,0.0,0.0
P3,R04,testing,03,266,1,0.0,0.0,0.0,0.0
P3,R04,testing,03,267,1,0.0,0.0,0.0,0.0
P3,R04,testing,03,268,1,0.0,0.0,0.0,0.0
P3,R04,testing,03,269,1,0.0,0.0,0.0,0.0
P3,R04,testing,03,270,1,0.0,0.0,0.0,0.0
P3,R04,testing,03,271,1,0.0,0.0,0.0,0.0
P3,R04,testing,03,272,1,0.0,0.0,0.0,0.0
P3,R04,testing,03,273,1,0.0,0.0,0.0,0.0
P3,R04,testing,03,274,1,0.0,0.0,0.0,0.0
P3,R04,testing,03,275,1,0.0,0.0,0.0,0.0
P3,R04,testing,03,276,1,0.0,0.0,0.0,0.0
P3,R04,testing,03,277,1,0.0,0.0,0.0,0.0
P3,R04,testing,03,278,1,0.0,0.0,0.0,0.0
P3,R04,testing,03,279,1,0.0,0.0,0.0,0.0
P3,R04,testing,03,280,1,0.0,0.0,0.0,0.0
P3,R04,testing,03,281,1,0.0,0.0,0.0,0.0
P3,R04,testing,03,282,1,0.0,0.0,0.0,0.0
P3,R04,testing,03,283,1,0.0,0.0,0.0,0.0
P3,R04,testing,03,284,1,0.0,0.0,0.0,0.0
P3,R04,testing,03,285,1,0.0,0.0,0.0,0.0
P3,R04,testing,03,286,1,0.0,0.0,0.0,0.0
P3,R04,testing,03,287,1,0.0,0.0,0.0,0.0
P3,R04,testing,03,288,1,0.0,0.0,0.0,0.0
P3,R04,testing,03,289,1,0.0,0.0,0.0,0.0
P3,R04,testing,03,290,1,0.0,0.0,0.0,0.0
P3,R04,testing,03,291,1,0.0,0.0,0.0,0.0
P3,R04,testing,03,292,1,0.0,0.0,0.0,0.0
P3,R04,testing,03,293,1,0.0,0.0,0.0,0.0
P3,R04,testing,03,294,1,0.0,0.0,0.0,0.0
P3,R04,testing,03,295,1,0.0,0.0,0.0,0.0
P3,R04,testing,03,296,1,0.0,0.0,0.0,0.0
P3,R04,testing,03,297,1,0.0,0.0,0.0,0.0
P3,R04,testing,03,298,1,0.0,0.0,0.0,0.0
P3,R04,testing,03,299,1,0.0,0.0,0.0,0.0
P3,R04,testing,03,300,1,0.0,0.0,0.0,0.0
P3,R04,testing,03,301,1,0.0,0.0,0.0,0.0
P3,R04,testing,03,302,1,0.0,0.0,0.0,0.0
P3,R04,testing,03,303,1,0.0,0.0,0.0,0.0
P3,R04,testing,03,304,1,0.0,0.0,0.0,0.0
P3,R04,testing,03,305,1,0.0,0.0,0.0,0.0
P3,R04,testing,03,306,1,0.0,0.0,0.0,0.0
P3,R04,testing,03,307,1,0.0,0.0,0.0,0.0
P3,R04,testing,03,308,1,0.0,0.0,0.0,0.0
P3,R04,testing,03,309,1,0.0,0.0,0.0,0.0
P3,R04,testing,03,310,1,0.0,0.0,0.0,0.0
P3,R04,testing,03,311,1,0.0,0.0,0.0,0.0
P3,R04,testing,03,312,1,0.0,0.0,0.0,0.0
P3,R04,testing,03,313,1,0.0,0.0,0.0,0.0
P3,R04,testing,03,314,1,0.0,0.0,0.0,0.0
P3,R04,testing,03,315,1,0.0,0.0,0.0,0.0
P3,R04,testing,03,316,1,0.0,0.0,0.0,0.0
P3,R04,testing,03,317,1,0.0,0.0,0.0,0.0
P3,R04,testing,03,318,1,0.0,0.0,0.0,0.0
P3,R04,testing,03,319,1,0.0,0.0,0.0,0.0
P3,R04,testing,03,320,1,0.0,0.0,0.0,0.0
P3,R04,testing,03,321,1,0.0,0.0,0.0,0.0
P3,R04,testing,03,322,1,0.0,0.0,0.0,0.0
P3,R04,testing,03,323,1,0.0,0.0,0.0,0.0
P3,R04,testing,03,324,1,0.0,0.0,0.0,0.0
P3,R04,testing,03,325,1,0.0,0.0,0.0,0.0
P3,R04,testing,03,326,1,0.0,0.0,0.0,0.0
P3,R04,testing,03,327,1,0.0,0.0,0.0,0.0
P3,R04,testing,03,328,1,0.0,0.0,0.0,0.0
P3,R04,testing,03,329,1,0.0,0.0,0.0,0.0
P3,R04,testing,03,330,1,0.0,0.0,0.0,0.0
P3,R04,testing,03,331,1,0.0,0.0,0.0,0.0
P3,R04,testing,03,332,1,0.0,0.0,0.0,0.0
P3,R04,testing,03,333,1,0.0,0.0,0.0,0.0
P3,R04,testing,03,334,1,0.0,0.0,0.0,0.0
P3,R04,testing,03,335,1,0.0,0.0,0.0,0.0
P3,R04,testing,03,336,1,0.0,0.0,0.0,0.0
P3,R04,testing,03,337,1,0.0,0.0,0.0,0.0
P3,R04,testing,03,338,1,0.0,0.0,0.0,0.0
P3,R04,testing,03,339,1,0.0,0.0,0.0,0.0
P3,R04,testing,03,340,1,0.0,0.0,0.0,0.0
P3,R04,testing,03,341,1,0.0,0.0,0.0,0.0
P3,R04,testing,03,342,1,0.0,0.0,0.0,0.0
P3,R04,testing,03,343,1,0.0,0.0,0.0,0.0
P3,R04,testing,03,344,1,0.0,0.0,0.0,0.0
P3,R04,testing,03,345,1,0.0,0.0,0.0,0.0
P3,R04,testing,03,346,1,0.0,0.0,0.0,0.0
P3,R04,testing,03,347,1,0.0,0.0,0.0,0.0
P3,R04,testing,03,348,1,0.0,0.0,0.0,0.0
P3,R04,testing,03,349,1,0.0,0.0,0.0,0.0
P3,R04,testing,03,350,1,0.0,0.0,0.0,0.0
P3,R04,testing,03,351,1,0.0,0.0,0.0,0.0
P3,R04,testing,03,352,1,0.0,0.0,0.0,0.0
P3,R04,testing,03,353,1,0.0,0.0,0.0,0.0
P3,R04,testing,03,354,1,0.0,0.0,0.0,0.0
P3,R04,testing,03,355,1,0.0,0.0,0.0,0.0
P3,R04,testing,03,356,1,0.0,0.0,0.0,0.0
P3,R04,testing,03,357,1,0.0,0.0,0.0,0.0
P3,R04,testing,03,358,1,0.0,0.0,0.0,0.0
P3,R04,testing,03,359,1,0.0,0.0,0.0,0.0
P3,R04,testing,03,360,1,0.0,0.0,0.0,0.0
P3,R04,testing,03,361,1,0.0,0.0,0.0,0.0
P3,R04,testing,03,362,1,0.0,0.0,0.0,0.0
P3,R04,testing,03,363,1,0.0,0.0,0.0,0.0
P3,R04,testing,03,364,1,0.0,0.0,0.0,0.0
P3,R04,testing,03,365,1,0.0,0.0,0.0,0.0
P3,R04,testing,03,366,1,0.0,0.0,0.0,0.0
P3,R04,testing,03,367,1,0.0,0.0,0.0,0.0
P3,R04,testing,03,368,1,0.0,0.0,0.0,0.0
P3,R04,testing,03,369,1,0.0,0.0,0.0,0.0
P3,R04,testing,03,370,1,0.0,0.0,0.0,0.0
P3,R04,testing,03,371,1,0.0,0.0,0.0,0.0
P3,R04,testing,03,372,1,0.0,0.0,0.0,0.0
P3,R04,testing,03,373,1,0.0,0.0,0.0,0.0
P3,R04,testing,03,374,1,0.0,0.0,0.0,0.0
P3,R04,testing,03,375,1,0.0,0.0,0.0,0.0
P3,R04,testing,03,376,1,0.0,0.0,0.0,0.0
P3,R04,testing,03,377,1,0.0,0.0,0.0,0.0
P3,R04,testing,03,378,1,0.0,0.0,0.0,0.0
P3,R04,testing,03,379,1,0.0,0.0,0.0,0.0
P3,R04,testing,03,380,1,0.0,0.0,0.0,0.0
A,R04,testing,09,0,0,0.0,0.0,0.0,0.0
A,R04,testing,09,1,0,0.0,0.0,0.0,0.0
A,R04,testing,09,2,0,0.0,0.0,0.0,0.0
A,R04,testing,09,3,0,0.0,0.0,0.0,0.0
A,R04,testing,09,4,0,0.0,0.0,0.0,0.0
A,R04,testing,09,5,0,0.0,0.0,0.0,0.0
A,R04,testing,09,6,0,0.0,0.0,0.0,0.0
A,R04,testing,09,7,0,0.0,0.0,0.0,0.0
A,R04,testing,09,8,0,0.0,0.0,0.0,0.0
A,R04,testing,09,9,0,0.0,0.0,0.0,0.0
A,R04,testing,09,10,0,0.0,0.0,0.0,0.0
A,R04,testing,09,11,0,0.0,0.0,0.0,0.0
A,R04,testing,09,12,0,0.0,0.0,0.0,0.0
A,R04,testing,09,13,0,0.0,0.0,0.0,0.0
A,R04,testing,09,14,0,0.0,0.0,0.0,0.0
A,R04,testing,09,15,0,0.0,0.0,0.0,0.0
A,R04,testing,09,16,0,0.0,0.0,0.0,0.0
A,R04,testing,09,17,0,0.0,0.0,0.0,0.0
A,R04,testing,09,18,0,0.0,0.0,0.0,0.0
A,R04,testing,09,19,0,0.0,0.0,0.0,0.0
A,R04,testing,09,20,0,0.0,0.0,0.0,0.0
A,R04,testing,09,21,0,0.0,0.0,0.0,0.0
A,R04,testing,09,22,0,0.0,0.0,0.0,0.0
A,R04,testing,09,23,0,0.0,0.0,0.0,0.0
A,R04,testing,09,24,0,0.0,0.0,0.0,0.0
A,R04,testing,09,25,0,0.0,0.0,0.0,0.0
A,R04,testing,09,26,0,0.0,0.0,0.0,0.0
A,R04,testing,09,27,0,0.0,0.0,0.0,0.0
A,R04,testing,09,28,0,0.0,0.0,0.0,0.0
A,R04,testing,09,29,0,0.0,0.0,0.0,0.0
A,R04,testing,09,30,0,0.0,0.0,0.0,0.0
A,R04,testing,09,31,0,0.0,0.0,0.0,0.0
A,R04,testing,09,32,0,0.0,0.0,0.0,0.0
A,R04,testing,09,33,0,0.0,0.0,0.0,0.0
A,R04,testing,09,34,0,0.0,0.0,0.0,0.0
A,R04,testing,09,35,0,0.0,0.0,0.0,0.0
A,R04,testing,09,36,0,0.0,0.0,0.0,0.0
A,R04,testing,09,37,0,0.0,0.0,0.0,0.0
A,R04,testing,09,38,0,0.0,0.0,0.0,0.0
A,R04,testing,09,39,0,0.0,0.0,0.0,0.0
A,R04,testing,09,40,0,0.0,0.0,0.0,0.0
A,R04,testing,09,41,0,0.0,0.0,0.0,0.0
A,R04,testing,09,42,0,0.0,0.0,0.0,0.0
A,R04,testing,09,43,0,0.0,0.0,0.0,0.0
A,R04,testing,09,44,0,0.0,0.0,0.0,0.0
A,R04,testing,09,45,0,0.0,0.0,0.0,0.0
A,R04,testing,09,46,0,0.0,0.0,0.0,0.0
A,R04,testing,09,47,0,0.0,0.0,0.0,0.0
A,R04,testing,09,48,0,0.0,0.0,0.0,0.0
A,R04,testing,09,49,0,0.0,0.0,0.0,0.0
A,R04,testing,09,50,0,0.0,0.0,0.0,0.0
A,R04,testing,09,51,0,0.0,0.0,0.0,0.0
A,R04,testing,09,52,0,0.0,0.0,0.0,0.0
A,R04,testing,09,53,0,0.0,0.0,0.0,0.0
A,R04,testing,09,54,0,0.0,0.0,0.0,0.0
A,R04,testing,09,55,0,0.0,0.0,0.0,0.0
A,R04,testing,09,56,0,0.0,0.0,0.0,0.0
A,R04,testing,09,57,0,0.0,0.0,0.0,0.0
A,R04,testing,09,58,0,0.0,0.0,0.0,0.0
A,R04,testing,09,59,0,0.0,0.0,0.0,0.0
A,R04,testing,09,60,0,0.0,0.0,0.0,0.0
A,R04,testing,09,61,0,0.0,0.0,0.0,0.0
A,R04,testing,09,62,0,0.0,0.0,0.0,0.0
A,R04,testing,09,63,0,0.0,0.0,0.0,0.0
A,R04,testing,09,64,0,0.0,0.0,0.0,0.0
A,R04,testing,09,65,0,0.0,0.0,0.0,0.0
A,R04,testing,09,66,0,0.0,0.0,0.0,0.0
A,R04,testing,09,67,0,0.0,0.0,0.0,0.0
A,R04,testing,09,68,0,0.0,0.0,0.0,0.0
A,R04,testing,09,69,0,0.0,0.0,0.0,0.0
A,R04,testing,09,70,0,0.0,0.0,0.0,0.0
A,R04,testing,09,71,0,0.0,0.0,0.0,0.0
A,R04,testing,09,72,0,0.0,0.0,0.0,0.0
A,R04,testing,09,73,0,0.0,0.0,0.0,0.0
A,R04,testing,09,74,0,0.0,0.0,0.0,0.0
A,R04,testing,09,75,0,0.0,0.0,0.0,0.0
A,R04,testing,09,76,0,0.0,0.0,0.0,0.0
A,R04,testing,09,77,0,0.0,0.0,0.0,0.0
A,R04,testing,09,78,0,0.0,0.0,0.0,0.0
A,R04,testing,09,79,0,0.0,0.0,0.0,0.0
A,R04,testing,09,80,0,0.0,0.0,0.0,0.0
A,R04,testing,09,81,0,0.0,0.0,0.0,0.0
A,R04,testing,09,82,0,0.0,0.0,0.0,0.0
A,R04,testing,09,83,0,0.0,0.0,0.0,0.0
A,R04,testing,09,84,0,0.0,0.0,0.0,0.0
A,R04,testing,09,85,0,0.0,0.0,0.0,0.0
A,R04,testing,09,86,0,0.0,0.0,0.0,0.0
A,R04,testing,09,87,0,0.0,0.0,0.0,0.0
A,R04,testing,09,88,0,0.0,0.0,0.0,0.0
A,R04,testing,09,89,0,0.0,0.0,0.0,0.0
A,R04,testing,09,90,0,0.0,0.0,0.0,0.0
A,R04,testing,09,91,0,0.0,0.0,0.0,0.0
A,R04,testing,09,92,0,0.0,0.0,0.0,0.0
A,R04,testing,09,93,0,0.0,0.0,0.0,0.0
A,R04,testing,09,94,0,0.0,0.0,0.0,0.0
A,R04,testing,09,95,0,0.0,0.0,0.0,0.0
A,R04,testing,09,96,0,0.0,0.0,0.0,0.0
A,R04,testing,09,97,0,0.0,0.0,0.0,0.0
A,R04,testing,09,98,0,0.0,0.0,0.0,0.0
A,R04,testing,09,99,0,0.0,0.0,0.0,0.0
A,R04,testing,09,100,0,0.0,0.0,0.0,0.0
A,R04,testing,09,101,0,0.0,0.0,0.0,0.0
A,R04,testing,09,102,0,0.0,0.0,0.0,0.0
A,R04,testing,09,103,0,0.0,0.0,0.0,0.0
A,R04,testing,09,104,0,0.0,0.0,0.0,0.0
A,R04,testing,09,105,0,0.0,0.0,0.0,0.0
A,R04,testing,09,106,0,0.0,0.0,0.0,0.0
A,R04,testing,09,107,0,0.0,0.0,0.0,0.0
A,R04,testing,09,108,0,0.0,0.0,0.0,0.0
A,R04,testing,09,109,0,0.0,0.0,0.0,0.0
A,R04,testing,09,110,0,0.0,0.0,0.0,0.0
A,R04,testing,09,111,0,0.0,0.0,0.0,0.0
A,R04,testing,09,112,0,0.0,0.0,0.0,0.0
A,R04,testing,09,113,0,0.0,0.0,0.0,0.0
A,R04,testing,09,114,0,0.0,0.0,0.0,0.0
A,R04,testing,09,115,0,0.0,0.0,0.0,0.0
A,R04,testing,09,116,0,0.0,0.0,0.0,0.0
A,R04,testing,09,117,0,0.0,0.0,0.0,0.0
A,R04,testing,09,118,0,0.0,0.0,0.0,0.0
A,R04,testing,09,119,0,0.0,0.0,0.0,0.0
A,R04,testing,09,120,0,0.0,0.0,0.0,0.0
A,R04,testing,09,121,0,0.0,0.0,0.0,0.0
A,R04,testing,09,122,0,0.0,0.0,0.0,0.0
A,R04,testing,09,123,0,0.0,0.0,0.0,0.0
A,R04,testing,09,124,0,0.0,0.0,0.0,0.0
A,R04,testing,09,125,0,0.0,0.0,0.0,0.0
A,R04,testing,09,126,0,0.0,0.0,0.0,0.0
A,R04,testing,09,127,0,0.0,0.0,0.0,0.0
A,R04,testing,09,128,1,0.0,0.0,0.0,0.0
A,R04,testing,09,129,1,0.0,0.0,0.0,0.0
A,R04,testing,09,130,1,0.0,0.0,0.0,0.0
A,R04,testing,09,131,1,0.0,0.0,0.0,0.0
A,R04,testing,09,132,1,0.0,0.0,0.0,0.0
A,R04,testing,09,133,1,0.0,0.0,0.0,0.0
A,R04,testing,09,134,1,0.0,0.0,0.0,0.0
A,R04,testing,09,135,1,0.0,0.0,0.0,0.0
A,R04,testing,09,136,1,0.0,0.0,0.0,0.0
A,R04,testing,09,137,1,0.0,0.0,0.0,0.0
A,R04,testing,09,138,1,0.0,0.0,0.0,0.0
A,R04,testing,09,139,1,0.0,0.0,0.0,0.0
A,R04,testing,09,140,1,0.0,0.0,0.0,0.0
A,R04,testing,09,141,1,0.0,0.0,0.0,0.0
A,R04,testing,09,142,1,0.0,0.0,0.0,0.0
A,R04,testing,09,143,1,0.0,0.0,0.0,0.0
A,R04,testing,09,144,1,0.0,0.0,0.0,0.0
A,R04,testing,09,145,1,0.0,0.0,0.0,0.0
A,R04,testing,09,146,1,0.0,0.0,0.0,0.0
A,R04,testing,09,147,1,0.0,0.0,0.0,0.0
A,R04,testing,09,148,1,0.0,0.0,0.0,0.0
A,R04,testing,09,149,1,0.0,0.0,0.0,0.0
A,R04,testing,09,150,1,0.0,0.0,0.0,0.0
A,R04,testing,09,151,1,0.0,0.0,0.0,0.0
A,R04,testing,09,152,1,0.0,0.0,0.0,0.0
A,R04,testing,09,153,1,0.0,0.0,0.0,0.0
A,R04,testing,09,154,1,0.0,0.0,0.0,0.0
A,R04,testing,09,155,1,0.0,0.0,0.0,0.0
A,R04,testing,09,156,1,0.0,0.0,0.0,0.0
A,R04,testing,09,157,1,0.0,0.0,0.0,0.0
A,R04,testing,09,158,1,0.0,0.0,0.0,0.0
A,R04,testing,09,159,1,0.0,0.0,0.0,0.0
A,R04,testing,09,160,1,0.0,0.0,0.0,0.0
A,R04,testing,09,161,1,0.0,0.0,0.0,0.0
A,R04,testing,09,162,1,0.0,0.0,0.0,0.0
A,R04,testing,09,163,1,0.0,0.0,0.0,0.0
A,R04,testing,09,164,1,0.0,0.0,0.0,0.0
A,R04,testing,09,165,1,0.0,0.0,0.0,0.0
A,R04,testing,09,166,1,0.0,0.0,0.0,0.0
A,R04,testing,09,167,1,0.0,0.0,0.0,0.0
A,R04,testing,09,168,1,0.0,0.0,0.0,0.0
A,R04,testing,09,169,1,0.0,0.0,0.0,0.0
A,R04,testing,09,170,1,0.0,0.0,0.0,0.0
A,R04,testing,09,171,1,0.0,0.0,0.0,0.0
A,R04,testing,09,172,1,0.0,0.0,0.0,0.0
A,R04,testing,09,173,1,0.0,0.0,0.0,0.0
A,R04,testing,09,174,1,0.0,0.0,0.0,0.0
A,R04,testing,09,175,1,0.0,0.0,0.0,0.0
A,R04,testing,09,176,1,0.0,0.0,0.0,0.0
A,R04,testing,09,177,1,0.0,0.0,0.0,0.0
A,R04,testing,09,178,1,0.0,0.0,0.0,0.0
A,R04,testing,09,179,1,0.0,0.0,0.0,0.0
A,R04,testing,09,180,1,0.0,0.0,0.0,0.0
A,R04,testing,09,181,1,0.0,0.0,0.0,0.0
A,R04,testing,09,182,1,0.0,0.0,0.0,0.0
A,R04,testing,09,183,1,0.0,0.0,0.0,0.0
A,R04,testing,09,184,1,0.0,0.0,0.0,0.0
A,R04,testing,09,185,1,0.0,0.0,0.0,0.0
A,R04,testing,09,186,1,0.0,0.0,0.0,0.0
A,R04,testing,09,187,1,0.0,0.0,0.0,0.0
A,R04,testing,09,188,1,0.0,0.0,0.0,0.0
A,R04,testing,09,189,1,0.0,0.0,0.0,0.0
A,R04,testing,09,190,1,0.0,0.0,0.0,0.0
A,R04,testing,09,191,1,0.0,0.0,0.0,0.0
A,R04,testing,09,192,1,0.0,0.0,0.0,0.0
A,R04,testing,09,193,1,0.0,0.0,0.0,0.0
A,R04,testing,09,194,1,0.0,0.0,0.0,0.0
A,R04,testing,09,195,1,0.0,0.0,0.0,0.0
A,R04,testing,09,196,1,0.0,0.0,0.0,0.0
A,R04,testing,09,197,1,0.0,0.0,0.0,0.0
A,R04,testing,09,198,1,0.0,0.0,0.0,0.0
A,R04,testing,09,199,1,0.0,0.0,0.0,0.0
A,R04,testing,09,200,1,0.0,0.0,0.0,0.0
A,R04,testing,09,201,1,0.0,0.0,0.0,0.0
A,R04,testing,09,202,1,0.0,0.0,0.0,0.0
A,R04,testing,09,203,1,0.0,0.0,0.0,0.0
A,R04,testing,09,204,1,0.0,0.0,0.0,0.0
A,R04,testing,09,205,1,0.0,0.0,0.0,0.0
A,R04,testing,09,206,1,0.0,0.0,0.0,0.0
A,R04,testing,09,207,1,0.0,0.0,0.0,0.0
A,R04,testing,09,208,1,0.0,0.0,0.0,0.0
A,R04,testing,09,209,1,0.0,0.0,0.0,0.0
A,R04,testing,09,210,1,0.0,0.0,0.0,0.0
A,R04,testing,09,211,1,0.0,0.0,0.0,0.0
A,R04,testing,09,212,1,0.0,0.0,0.0,0.0
A,R04,testing,09,213,1,0.0,0.0,0.0,0.0
A,R04,testing,09,214,1,0.0,0.0,0.0,0.0
A,R04,testing,09,215,1,0.0,0.0,0.0,0.0
A,R04,testing,09,216,1,0.0,0.0,0.0,0.0
A,R04,testing,09,217,1,0.0,0.0,0.0,0.0
A,R04,testing,09,218,1,0.0,0.0,0.0,0.0
A,R04,testing,09,219,1,0.0,0.0,0.0,0.0
A,R04,testing,09,220,1,0.0,0.0,0.0,0.0
A,R04,testing,09,221,1,0.0,0.0,0.0,0.0
A,R04,testing,09,222,1,0.0,0.0,0.0,0.0
A,R04,testing,09,223,1,0.0,0.0,0.0,0.0
A,R04,testing,09,224,1,0.0,0.0,0.0,0.0
A,R04,testing,09,225,1,0.0,0.0,0.0,0.0
A,R04,testing,09,226,1,0.0,0.0,0.0,0.0
A,R04,testing,09,227,1,0.0,0.0,0.0,0.0
A,R04,testing,09,228,1,0.0,0.0,0.0,0.0
A,R04,testing,09,229,1,0.0,0.0,0.0,0.0
A,R04,testing,09,230,1,0.0,0.0,0.0,0.0
A,R04,testing,09,231,1,0.0,0.0,0.0,0.0
A,R04,testing,09,232,1,0.0,0.0,0.0,0.0
A,R04,testing,09,233,1,0.0,0.0,0.0,0.0
A,R04,testing,09,234,1,0.0,0.0,0.0,0.0
A,R04,testing,09,235,1,0.0,0.0,0.0,0.0
A,R04,testing,09,236,1,0.0,0.0,0.0,0.0
A,R04,testing,09,237,1,0.0,0.0,0.0,0.0
A,R04,testing,09,238,1,0.0,0.0,0.0,0.0
A,R04,testing,09,239,1,0.0,0.0,0.0,0.0
A,R04,testing,09,240,1,0.0,0.0,0.0,0.0
A,R04,testing,09,241,1,0.0,0.0,0.0,0.0
A,R04,testing,09,242,1,0.0,0.0,0.0,0.0
A,R04,testing,09,243,1,0.0,0.0,0.0,0.0
A,R04,testing,09,244,1,0.0,0.0,0.0,0.0
A,R04,testing,09,245,1,0.0,0.0,0.0,0.0
A,R04,testing,09,246,1,0.0,0.0,0.0,0.0
A,R04,testing,09,247,1,0.0,0.0,0.0,0.0
A,R04,testing,09,248,1,0.0,0.0,0.0,0.0
A,R04,testing,09,249,1,0.0,0.0,0.0,0.0
A,R04,testing,09,250,1,0.0,0.0,0.0,0.0
A,R04,testing,09,251,1,0.0,0.0,0.0,0.0
A,R04,testing,09,252,1,0.0,0.0,0.0,0.0
A,R04,testing,09,253,1,0.0,0.0,0.0,0.0
A,R04,testing,09,254,1,0.0,0.0,0.0,0.0
A,R04,testing,09,255,1,0.0,0.0,0.0,0.0
A,R04,testing,09,256,1,0.0,0.0,0.0,0.0
A,R04,testing,09,257,1,0.0,0.0,0.0,0.0
A,R04,testing,09,258,1,0.0,0.0,0.0,0.0
A,R04,testing,09,259,1,0.0,0.0,0.0,0.0
A,R04,testing,09,260,1,0.0,0.0,0.0,0.0
A,R04,testing,09,261,1,0.0,0.0,0.0,0.0
A,R04,testing,09,262,1,0.0,0.0,0.0,0.0
A,R04,testing,09,263,1,0.0,0.0,0.0,0.0
A,R04,testing,09,264,1,0.0,0.0,0.0,0.0
A,R04,testing,09,265,1,0.0,0.0,0.0,0.0
A,R04,testing,09,266,1,0.0,0.0,0.0,0.0
A,R04,testing,09,267,1,0.0,0.0,0.0,0.0
A,R04,testing,09,268,1,0.0,0.0,0.0,0.0
A,R04,testing,09,269,1,0.0,0.0,0.0,0.0
A,R04,testing,09,270,1,0.0,0.0,0.0,0.0
A,R04,testing,09,271,1,0.0,0.0,0.0,0.0
A,R04,testing,09,272,1,0.0,0.0,0.0,0.0
A,R04,testing,09,273,1,0.0,0.0,0.0,0.0
A,R04,testing,09,274,1,0.0,0.0,0.0,0.0
A,R04,testing,09,275,1,0.0,0.0,0.0,0.0
A,R04,testing,09,276,1,0.0,0.0,0.0,0.0
A,R04,testing,09,277,1,0.0,0.0,0.0,0.0
A,R04,testing,09,278,1,0.0,0.0,0.0,0.0
A,R04,testing,09,279,1,0.0,0.0,0.0,0.0
A,R04,testing,09,280,1,0.0,0.0,0.0,0.0
A,R04,testing,09,281,1,0.0,0.0,0.0,0.0
A,R04,testing,09,282,1,0.0,0.0,0.0,0.0
A,R04,testing,09,283,1,0.0,0.0,0.0,0.0
A,R04,testing,09,284,1,0.0,0.0,0.0,0.0
A,R04,testing,09,285,1,0.0,0.0,0.0,0.0
A,R04,testing,09,286,1,0.0,0.0,0.0,0.0
A,R04,testing,09,287,1,0.0,0.0,0.0,0.0
A,R04,testing,09,288,1,0.0,0.0,0.0,0.0
A,R04,testing,09,289,1,0.0,0.0,0.0,0.0
A,R04,testing,09,290,1,0.0,0.0,0.0,0.0
A,R04,testing,09,291,1,0.0,0.0,0.0,0.0
A,R04,testing,09,292,1,0.0,0.0,0.0,0.0
A,R04,testing,09,293,1,0.0,0.0,0.0,0.0
A,R04,testing,09,294,1,0.0,0.0,0.0,0.0
A,R04,testing,09,295,1,0.0,0.0,0.0,0.0
A,R04,testing,09,296,1,0.0,0.0,0.0,0.0
A,R04,testing,09,297,1,0.0,0.0,0.0,0.0
A,R04,testing,09,298,1,0.0,0.0,0.0,0.0
A,R04,testing,09,299,1,0.0,0.0,0.0,0.0
A,R04,testing,09,300,1,0.0,0.0,0.0,0.0
A,R04,testing,09,301,1,0.0,0.0,0.0,0.0
A,R04,testing,09,302,1,0.0,0.0,0.0,0.0
A,R04,testing,09,303,1,0.0,0.0,0.0,0.0
A,R04,testing,09,304,1,0.0,0.0,0.0,0.0
A,R04,testing,09,305,1,0.0,0.0,0.0,0.0
A,R04,testing,09,306,1,0.0,0.0,0.0,0.0
A,R04,testing,09,307,1,0.0,0.0,0.0,0.0
A,R04,testing,09,308,1,0.0,0.0,0.0,0.0
A,R04,testing,09,309,1,0.0,0.0,0.0,0.0
A,R04,testing,09,310,1,0.0,0.0,0.0,0.0
A,R04,testing,09,311,1,0.0,0.0,0.0,0.0
A,R04,testing,09,312,1,0.0,0.0,0.0,0.0
A,R04,testing,09,313,1,0.0,0.0,0.0,0.0
A,R04,testing,09,314,1,0.0,0.0,0.0,0.0
A,R04,testing,09,315,1,0.0,0.0,0.0,0.0
A,R04,testing,09,316,1,0.0,0.0,0.0,0.0
A,R04,testing,09,317,1,0.0,0.0,0.0,0.0
A,R04,testing,09,318,1,0.0,0.0,0.0,0.0
A,R04,testing,09,319,1,0.0,0.0,0.0,0.0
A,R04,testing,09,320,1,0.0,0.0,0.0,0.0
A,R04,testing,09,321,1,0.0,0.0,0.0,0.0
A,R04,testing,09,322,1,0.0,0.0,0.0,0.0
A,R04,testing,09,323,1,0.0,0.0,0.0,0.0
A,R04,testing,09,324,1,0.0,0.0,0.0,0.0
A,R04,testing,09,325,1,0.0,0.0,0.0,0.0
A,R04,testing,09,326,1,0.0,0.0,0.0,0.0
A,R04,testing,09,327,1,0.0,0.0,0.0,0.0
A,R04,testing,09,328,1,0.0,0.0,0.0,0.0
A,R04,testing,09,329,1,0.0,0.0,0.0,0.0
A,R04,testing,09,330,1,0.0,0.0,0.0,0.0
A,R04,testing,09,331,1,0.0,0.0,0.0,0.0
A,R04,testing,09,332,1,0.0,0.0,0.0,0.0
A,R04,testing,09,333,1,0.0,0.0,0.0,0.0
B,R04,testing,09,0,0,0.0,0.0,0.0,0.0
B,R04,testing,09,1,0,0.0,0.0,0.0,0.0
B,R04,testing,09,2,0,0.0,0.0,0.0,0.0
B,R04,testing,09,3,0,0.0,0.0,0.0,0.0
B,R04,testing,09,4,0,0.0,0.0,0.0,0.0
B,R04,testing,09,5,0,0.0,0.0,0.0,0.0
B,R04,testing,09,6,0,0.0,0.0,0.0,0.0
B,R04,testing,09,7,0,0.0,0.0,0.0,0.0
B,R04,testing,09,8,0,0.0,0.0,0.0,0.0
B,R04,testing,09,9,0,0.0,0.0,0.0,0.0
B,R04,testing,09,10,0,0.0,0.0,0.0,0.0
B,R04,testing,09,11,0,0.0,0.0,0.0,0.0
B,R04,testing,09,12,0,0.0,0.0,0.0,0.0
B,R04,testing,09,13,0,0.0,0.0,0.0,0.0
B,R04,testing,09,14,0,0.0,0.0,0.0,0.0
B,R04,testing,09,15,0,0.0,0.0,0.0,0.0
B,R04,testing,09,16,0,0.0,0.0,0.0,0.0
B,R04,testing,09,17,0,0.0,0.0,0.0,0.0
B,R04,testing,09,18,0,0.0,0.0,0.0,0.0
B,R04,testing,09,19,0,0.0,0.0,0.0,0.0
B,R04,testing,09,20,0,0.0,0.0,0.0,0.0
B,R04,testing,09,21,0,0.0,0.0,0.0,0.0
B,R04,testing,09,22,0,0.0,0.0,0.0,0.0
B,R04,testing,09,23,0,0.0,0.0,0.0,0.0
B,R04,testing,09,24,0,0.0,0.0,0.0,0.0
B,R04,testing,09,25,0,0.0,0.0,0.0,0.0
B,R04,testing,09,26,0,0.0,0.0,0.0,0.0
B,R04,testing,09,27,0,0.0,0.0,0.0,0.0
B,R04,testing,09,28,0,0.0,0.0,0.0,0.0
B,R04,testing,09,29,0,0.0,0.0,0.0,0.0
B,R04,testing,09,30,0,0.0,0.0,0.0,0.0
B,R04,testing,09,31,0,0.0,0.0,0.0,0.0
B,R04,testing,09,32,0,0.0,0.0,0.0,0.0
B,R04,testing,09,33,0,0.0,0.0,0.0,0.0
B,R04,testing,09,34,0,0.0,0.0,0.0,0.0
B,R04,testing,09,35,0,0.0,0.0,0.0,0.0
B,R04,testing,09,36,0,0.0,0.0,0.0,0.0
B,R04,testing,09,37,0,0.0,0.0,0.0,0.0
B,R04,testing,09,38,0,0.0,0.0,0.0,0.0
B,R04,testing,09,39,0,0.0,0.0,0.0,0.0
B,R04,testing,09,40,0,0.0,0.0,0.0,0.0
B,R04,testing,09,41,0,0.0,0.0,0.0,0.0
B,R04,testing,09,42,0,0.0,0.0,0.0,0.0
B,R04,testing,09,43,0,0.0,0.0,0.0,0.0
B,R04,testing,09,44,0,0.0,0.0,0.0,0.0
B,R04,testing,09,45,0,0.0,0.0,0.0,0.0
B,R04,testing,09,46,0,0.0,0.0,0.0,0.0
B,R04,testing,09,47,0,0.0,0.0,0.0,0.0
B,R04,testing,09,48,0,0.0,0.0,0.0,0.0
B,R04,testing,09,49,0,0.0,0.0,0.0,0.0
B,R04,testing,09,50,0,0.0,0.0,0.0,0.0
B,R04,testing,09,51,0,0.0,0.0,0.0,0.0
B,R04,testing,09,52,0,0.0,0.0,0.0,0.0
B,R04,testing,09,53,0,0.0,0.0,0.0,0.0
B,R04,testing,09,54,0,0.0,0.0,0.0,0.0
B,R04,testing,09,55,0,0.0,0.0,0.0,0.0
B,R04,testing,09,56,0,0.0,0.0,0.0,0.0
B,R04,testing,09,57,0,0.0,0.0,0.0,0.0
B,R04,testing,09,58,0,0.0,0.0,0.0,0.0
B,R04,testing,09,59,0,0.0,0.0,0.0,0.0
B,R04,testing,09,60,0,0.0,0.0,0.0,0.0
B,R04,testing,09,61,0,0.0,0.0,0.0,0.0
B,R04,testing,09,62,0,0.0,0.0,0.0,0.0
B,R04,testing,09,63,0,0.0,0.0,0.0,0.0
B,R04,testing,09,64,0,0.0,0.0,0.0,0.0
B,R04,testing,09,65,0,0.0,0.0,0.0,0.0
B,R04,testing,09,66,0,0.0,0.0,0.0,0.0
B,R04,testing,09,67,0,0.0,0.0,0.0,0.0
B,R04,testing,09,68,0,0.0,0.0,0.0,0.0
B,R04,testing,09,69,0,0.0,0.0,0.0,0.0
B,R04,testing,09,70,0,0.0,0.0,0.0,0.0
B,R04,testing,09,71,0,0.0,0.0,0.0,0.0
B,R04,testing,09,72,0,0.0,0.0,0.0,0.0
B,R04,testing,09,73,0,0.0,0.0,0.0,0.0
B,R04,testing,09,74,0,0.0,0.0,0.0,0.0
B,R04,testing,09,75,0,0.0,0.0,0.0,0.0
B,R04,testing,09,76,0,0.0,0.0,0.0,0.0
B,R04,testing,09,77,0,0.0,0.0,0.0,0.0
B,R04,testing,09,78,0,0.0,0.0,0.0,0.0
B,R04,testing,09,79,0,0.0,0.0,0.0,0.0
B,R04,testing,09,80,0,0.0,0.0,0.0,0.0
B,R04,testing,09,81,0,0.0,0.0,0.0,0.0
B,R04,testing,09,82,0,0.0,0.0,0.0,0.0
B,R04,testing,09,83,0,0.0,0.0,0.0,0.0
B,R04,testing,09,84,0,0.0,0.0,0.0,0.0
B,R04,testing,09,85,0,0.0,0.0,0.0,0.0
B,R04,testing,09,86,0,0.0,0.0,0.0,0.0
B,R04,testing,09,87,0,0.0,0.0,0.0,0.0
B,R04,testing,09,88,0,0.0,0.0,0.0,0.0
B,R04,testing,09,89,0,0.0,0.0,0.0,0.0
B,R04,testing,09,90,0,0.0,0.0,0.0,0.0
B,R04,testing,09,91,0,0.0,0.0,0.0,0.0
B,R04,testing,09,92,0,0.0,0.0,0.0,0.0
B,R04,testing,09,93,0,0.0,0.0,0.0,0.0
B,R04,testing,09,94,0,0.0,0.0,0.0,0.0
B,R04,testing,09,95,0,0.0,0.0,0.0,0.0
B,R04,testing,09,96,0,0.0,0.0,0.0,0.0
B,R04,testing,09,97,0,0.0,0.0,0.0,0.0
B,R04,testing,09,98,0,0.0,0.0,0.0,0.0
B,R04,testing,09,99,0,0.0,0.0,0.0,0.0
B,R04,testing,09,100,0,0.0,0.0,0.0,0.0
B,R04,testing,09,101,0,0.0,0.0,0.0,0.0
B,R04,testing,09,102,0,0.0,0.0,0.0,0.0
B,R04,testing,09,103,0,0.0,0.0,0.0,0.0
B,R04,testing,09,104,0,0.0,0.0,0.0,0.0
B,R04,testing,09,105,0,0.0,0.0,0.0,0.0
B,R04,testing,09,106,0,0.0,0.0,0.0,0.0
B,R04,testing,09,107,0,0.0,0.0,0.0,0.0
B,R04,testing,09,108,0,0.0,0.0,0.0,0.0
B,R04,testing,09,109,0,0.0,0.0,0.0,0.0
B,R04,testing,09,110,0,0.0,0.0,0.0,0.0
B,R04,testing,09,111,0,0.0,0.0,0.0,0.0
B,R04,testing,09,112,0,0.0,0.0,0.0,0.0
B,R04,testing,09,113,0,0.0,0.0,0.0,0.0
B,R04,testing,09,114,0,0.0,0.0,0.0,0.0
B,R04,testing,09,115,0,0.0,0.0,0.0,0.0
B,R04,testing,09,116,0,0.0,0.0,0.0,0.0
B,R04,testing,09,117,0,0.0,0.0,0.0,0.0
B,R04,testing,09,118,0,0.0,0.0,0.0,0.0
B,R04,testing,09,119,0,0.0,0.0,0.0,0.0
B,R04,testing,09,120,0,0.0,0.0,0.0,0.0
B,R04,testing,09,121,0,0.0,0.0,0.0,0.0
B,R04,testing,09,122,0,0.0,0.0,0.0,0.0
B,R04,testing,09,123,0,0.0,0.0,0.0,0.0
B,R04,testing,09,124,0,0.0,0.0,0.0,0.0
B,R04,testing,09,125,0,0.0,0.0,0.0,0.0
B,R04,testing,09,126,0,0.0,0.0,0.0,0.0
B,R04,testing,09,127,0,0.0,0.0,0.0,0.0
B,R04,testing,09,128,1,0.0,0.0,0.0,0.0
B,R04,testing,09,129,1,0.0,0.0,0.0,0.0
B,R04,testing,09,130,1,0.0,0.0,0.0,0.0
B,R04,testing,09,131,1,0.0,0.0,0.0,0.0
B,R04,testing,09,132,1,0.0,0.0,0.0,0.0
B,R04,testing,09,133,1,0.0,0.0,0.0,0.0
B,R04,testing,09,134,1,0.0,0.0,0.0,0.0
B,R04,testing,09,135,1,0.0,0.0,0.0,0.0
B,R04,testing,09,136,1,0.0,0.0,0.0,0.0
B,R04,testing,09,137,1,0.0,0.0,0.0,0.0
B,R04,testing,09,138,1,0.0,0.0,0.0,0.0
B,R04,testing,09,139,1,0.0,0.0,0.0,0.0
B,R04,testing,09,140,1,0.0,0.0,0.0,0.0
B,R04,testing,09,141,1,0.0,0.0,0.0,0.0
B,R04,testing,09,142,1,0.0,0.0,0.0,0.0
B,R04,testing,09,143,1,0.0,0.0,0.0,0.0
B,R04,testing,09,144,1,0.0,0.0,0.0,0.0
B,R04,testing,09,145,1,0.0,0.0,0.0,0.0
B,R04,testing,09,146,1,0.0,0.0,0.0,0.0
B,R04,testing,09,147,1,0.0,0.0,0.0,0.0
B,R04,testing,09,148,1,0.0,0.0,0.0,0.0
B,R04,testing,09,149,1,0.0,0.0,0.0,0.0
B,R04,testing,09,150,1,0.0,0.0,0.0,0.0
B,R04,testing,09,151,1,0.0,0.0,0.0,0.0
B,R04,testing,09,152,1,0.0,0.0,0.0,0.0
B,R04,testing,09,153,1,0.0,0.0,0.0,0.0
B,R04,testing,09,154,1,0.0,0.0,0.0,0.0
B,R04,testing,09,155,1,0.0,0.0,0.0,0.0
B,R04,testing,09,156,1,0.0,0.0,0.0,0.0
B,R04,testing,09,157,1,0.0,0.0,0.0,0.0
B,R04,testing,09,158,1,0.0,0.0,0.0,0.0
B,R04,testing,09,159,1,0.0,0.0,0.0,0.0
B,R04,testing,09,160,1,0.0,0.0,0.0,0.0
B,R04,testing,09,161,1,0.0,0.0,0.0,0.0
B,R04,testing,09,162,1,0.0,0.0,0.0,0.0
B,R04,testing,09,163,1,0.0,0.0,0.0,0.0
B,R04,testing,09,164,1,0.0,0.0,0.0,0.0
B,R04,testing,09,165,1,0.0,0.0,0.0,0.0
B,R04,testing,09,166,1,0.0,0.0,0.0,0.0
B,R04,testing,09,167,1,0.0,0.0,0.0,0.0
B,R04,testing,09,168,1,0.0,0.0,0.0,0.0
B,R04,testing,09,169,1,0.0,0.0,0.0,0.0
B,R04,testing,09,170,1,0.0,0.0,0.0,0.0
B,R04,testing,09,171,1,0.0,0.0,0.0,0.0
B,R04,testing,09,172,1,0.0,0.0,0.0,0.0
B,R04,testing,09,173,1,0.0,0.0,0.0,0.0
B,R04,testing,09,174,1,0.0,0.0,0.0,0.0
B,R04,testing,09,175,1,0.0,0.0,0.0,0.0
B,R04,testing,09,176,1,0.0,0.0,0.0,0.0
B,R04,testing,09,177,1,0.0,0.0,0.0,0.0
B,R04,testing,09,178,1,0.0,0.0,0.0,0.0
B,R04,testing,09,179,1,0.0,0.0,0.0,0.0
B,R04,testing,09,180,1,0.0,0.0,0.0,0.0
B,R04,testing,09,181,1,0.0,0.0,0.0,0.0
B,R04,testing,09,182,1,0.0,0.0,0.0,0.0
B,R04,testing,09,183,1,0.0,0.0,0.0,0.0
B,R04,testing,09,184,1,0.0,0.0,0.0,0.0
B,R04,testing,09,185,1,0.0,0.0,0.0,0.0
B,R04,testing,09,186,1,0.0,0.0,0.0,0.0
B,R04,testing,09,187,1,0.0,0.0,0.0,0.0
B,R04,testing,09,188,1,0.0,0.0,0.0,0.0
B,R04,testing,09,189,1,0.0,0.0,0.0,0.0
B,R04,testing,09,190,1,0.0,0.0,0.0,0.0
B,R04,testing,09,191,1,0.0,0.0,0.0,0.0
B,R04,testing,09,192,1,0.0,0.0,0.0,0.0
B,R04,testing,09,193,1,0.0,0.0,0.0,0.0
B,R04,testing,09,194,1,0.0,0.0,0.0,0.0
B,R04,testing,09,195,1,0.0,0.0,0.0,0.0
B,R04,testing,09,196,1,0.0,0.0,0.0,0.0
B,R04,testing,09,197,1,0.0,0.0,0.0,0.0
B,R04,testing,09,198,1,0.0,0.0,0.0,0.0
B,R04,testing,09,199,1,0.0,0.0,0.0,0.0
B,R04,testing,09,200,1,0.0,0.0,0.0,0.0
B,R04,testing,09,201,1,0.0,0.0,0.0,0.0
B,R04,testing,09,202,1,0.0,0.0,0.0,0.0
B,R04,testing,09,203,1,0.0,0.0,0.0,0.0
B,R04,testing,09,204,1,0.0,0.0,0.0,0.0
B,R04,testing,09,205,1,0.0,0.0,0.0,0.0
B,R04,testing,09,206,1,0.0,0.0,0.0,0.0
B,R04,testing,09,207,1,0.0,0.0,0.0,0.0
B,R04,testing,09,208,1,0.0,0.0,0.0,0.0
B,R04,testing,09,209,1,0.0,0.0,0.0,0.0
B,R04,testing,09,210,1,0.0,0.0,0.0,0.0
B,R04,testing,09,211,1,0.0,0.0,0.0,0.0
B,R04,testing,09,212,1,0.0,0.0,0.0,0.0
B,R04,testing,09,213,1,0.0,0.0,0.0,0.0
B,R04,testing,09,214,1,0.0,0.0,0.0,0.0
B,R04,testing,09,215,1,0.0,0.0,0.0,0.0
B,R04,testing,09,216,1,0.0,0.0,0.0,0.0
B,R04,testing,09,217,1,0.0,0.0,0.0,0.0
B,R04,testing,09,218,1,0.0,0.0,0.0,0.0
B,R04,testing,09,219,1,0.0,0.0,0.0,0.0
B,R04,testing,09,220,1,0.0,0.0,0.0,0.0
B,R04,testing,09,221,1,0.0,0.0,0.0,0.0
B,R04,testing,09,222,1,0.0,0.0,0.0,0.0
B,R04,testing,09,223,1,0.0,0.0,0.0,0.0
B,R04,testing,09,224,1,0.0,0.0,0.0,0.0
B,R04,testing,09,225,1,0.0,0.0,0.0,0.0
B,R04,testing,09,226,1,0.0,0.0,0.0,0.0
B,R04,testing,09,227,1,0.0,0.0,0.0,0.0
B,R04,testing,09,228,1,0.0,0.0,0.0,0.0
B,R04,testing,09,229,1,0.0,0.0,0.0,0.0
B,R04,testing,09,230,1,0.0,0.0,0.0,0.0
B,R04,testing,09,231,1,0.0,0.0,0.0,0.0
B,R04,testing,09,232,1,0.0,0.0,0.0,0.0
B,R04,testing,09,233,1,0.0,0.0,0.0,0.0
B,R04,testing,09,234,1,0.0,0.0,0.0,0.0
B,R04,testing,09,235,1,0.0,0.0,0.0,0.0
B,R04,testing,09,236,1,0.0,0.0,0.0,0.0
B,R04,testing,09,237,1,0.0,0.0,0.0,0.0
B,R04,testing,09,238,1,0.0,0.0,0.0,0.0
B,R04,testing,09,239,1,0.0,0.0,0.0,0.0
B,R04,testing,09,240,1,0.0,0.0,0.0,0.0
B,R04,testing,09,241,1,0.0,0.0,0.0,0.0
B,R04,testing,09,242,1,0.0,0.0,0.0,0.0
B,R04,testing,09,243,1,0.0,0.0,0.0,0.0
B,R04,testing,09,244,1,0.0,0.0,0.0,0.0
B,R04,testing,09,245,1,0.0,0.0,0.0,0.0
B,R04,testing,09,246,1,0.0,0.0,0.0,0.0
B,R04,testing,09,247,1,0.0,0.0,0.0,0.0
B,R04,testing,09,248,1,0.0,0.0,0.0,0.0
B,R04,testing,09,249,1,0.0,0.0,0.0,0.0
B,R04,testing,09,250,1,0.0,0.0,0.0,0.0
B,R04,testing,09,251,1,0.0,0.0,0.0,0.0
B,R04,testing,09,252,1,0.0,0.0,0.0,0.0
B,R04,testing,09,253,1,0.0,0.0,0.0,0.0
B,R04,testing,09,254,1,0.0,0.0,0.0,0.0
B,R04,testing,09,255,1,0.0,0.0,0.0,0.0
B,R04,testing,09,256,1,0.0,0.0,0.0,0.0
B,R04,testing,09,257,1,0.0,0.0,0.0,0.0
B,R04,testing,09,258,1,0.0,0.0,0.0,0.0
B,R04,testing,09,259,1,0.0,0.0,0.0,0.0
B,R04,testing,09,260,1,0.0,0.0,0.0,0.0
B,R04,testing,09,261,1,0.0,0.0,0.0,0.0
B,R04,testing,09,262,1,0.0,0.0,0.0,0.0
B,R04,testing,09,263,1,0.0,0.0,0.0,0.0
B,R04,testing,09,264,1,0.0,0.0,0.0,0.0
B,R04,testing,09,265,1,0.0,0.0,0.0,0.0
B,R04,testing,09,266,1,0.0,0.0,0.0,0.0
B,R04,testing,09,267,1,0.0,0.0,0.0,0.0
B,R04,testing,09,268,1,0.0,0.0,0.0,0.0
B,R04,testing,09,269,1,0.0,0.0,0.0,0.0
B,R04,testing,09,270,1,0.0,0.0,0.0,0.0
B,R04,testing,09,271,1,0.0,0.0,0.0,0.0
B,R04,testing,09,272,1,0.0,0.0,0.0,0.0
B,R04,testing,09,273,1,0.0,0.0,0.0,0.0
B,R04,testing,09,274,1,0.0,0.0,0.0,0.0
B,R04,testing,09,275,1,0.0,0.0,0.0,0.0
B,R04,testing,09,276,1,0.0,0.0,0.0,0.0
B,R04,testing,09,277,1,0.0,0.0,0.0,0.0
B,R04,testing,09,278,1,0.0,0.0,0.0,0.0
B,R04,testing,09,279,1,0.0,0.0,0.0,0.0
B,R04,testing,09,280,1,0.0,0.0,0.0,0.0
B,R04,testing,09,281,1,0.0,0.0,0.0,0.0
B,R04,testing,09,282,1,0.0,0.0,0.0,0.0
B,R04,testing,09,283,1,0.0,0.0,0.0,0.0
B,R04,testing,09,284,1,0.0,0.0,0.0,0.0
B,R04,testing,09,285,1,0.0,0.0,0.0,0.0
B,R04,testing,09,286,1,0.0,0.0,0.0,0.0
B,R04,testing,09,287,1,0.0,0.0,0.0,0.0
B,R04,testing,09,288,1,0.0,0.0,0.0,0.0
B,R04,testing,09,289,1,0.0,0.0,0.0,0.0
B,R04,testing,09,290,1,0.0,0.0,0.0,0.0
B,R04,testing,09,291,1,0.0,0.0,0.0,0.0
B,R04,testing,09,292,1,0.0,0.0,0.0,0.0
B,R04,testing,09,293,1,0.0,0.0,0.0,0.0
B,R04,testing,09,294,1,0.0,0.0,0.0,0.0
B,R04,testing,09,295,1,0.0,0.0,0.0,0.0
B,R04,testing,09,296,1,0.0,0.0,0.0,0.0
B,R04,testing,09,297,1,0.0,0.0,0.0,0.0
B,R04,testing,09,298,1,0.0,0.0,0.0,0.0
B,R04,testing,09,299,1,0.0,0.0,0.0,0.0
B,R04,testing,09,300,1,0.0,0.0,0.0,0.0
B,R04,testing,09,301,1,0.0,0.0,0.0,0.0
B,R04,testing,09,302,1,0.0,0.0,0.0,0.0
B,R04,testing,09,303,1,0.0,0.0,0.0,0.0
B,R04,testing,09,304,1,0.0,0.0,0.0,0.0
B,R04,testing,09,305,1,0.0,0.0,0.0,0.0
B,R04,testing,09,306,1,0.0,0.0,0.0,0.0
B,R04,testing,09,307,1,0.0,0.0,0.0,0.0
B,R04,testing,09,308,1,0.0,0.0,0.0,0.0
B,R04,testing,09,309,1,0.0,0.0,0.0,0.0
B,R04,testing,09,310,1,0.0,0.0,0.0,0.0
B,R04,testing,09,311,1,0.0,0.0,0.0,0.0
B,R04,testing,09,312,1,0.0,0.0,0.0,0.0
B,R04,testing,09,313,1,0.0,0.0,0.0,0.0
B,R04,testing,09,314,1,0.0,0.0,0.0,0.0
B,R04,testing,09,315,1,0.0,0.0,0.0,0.0
B,R04,testing,09,316,1,0.0,0.0,0.0,0.0
B,R04,testing,09,317,1,0.0,0.0,0.0,0.0
B,R04,testing,09,318,1,0.0,0.0,0.0,0.0
B,R04,testing,09,319,1,0.0,0.0,0.0,0.0
B,R04,testing,09,320,1,0.0,0.0,0.0,0.0
B,R04,testing,09,321,1,0.0,0.0,0.0,0.0
B,R04,testing,09,322,1,0.0,0.0,0.0,0.0
B,R04,testing,09,323,1,0.0,0.0,0.0,0.0
B,R04,testing,09,324,1,0.0,0.0,0.0,0.0
B,R04,testing,09,325,1,0.0,0.0,0.0,0.0
B,R04,testing,09,326,1,0.0,0.0,0.0,0.0
B,R04,testing,09,327,1,0.0,0.0,0.0,0.0
B,R04,testing,09,328,1,0.0,0.0,0.0,0.0
B,R04,testing,09,329,1,0.0,0.0,0.0,0.0
B,R04,testing,09,330,1,0.0,0.0,0.0,0.0
B,R04,testing,09,331,1,0.0,0.0,0.0,0.0
B,R04,testing,09,332,1,0.0,0.0,0.0,0.0
B,R04,testing,09,333,1,0.0,0.0,0.0,0.0
C,R04,testing,09,0,0,0.0,0.0,0.0,0.0
C,R04,testing,09,1,0,0.0,0.0,0.0,0.0
C,R04,testing,09,2,0,0.0,0.0,0.0,0.0
C,R04,testing,09,3,0,0.0,0.0,0.0,0.0
C,R04,testing,09,4,0,0.0,0.0,0.0,0.0
C,R04,testing,09,5,0,0.0,0.0,0.0,0.0
C,R04,testing,09,6,0,0.0,0.0,0.0,0.0
C,R04,testing,09,7,0,0.0,0.0,0.0,0.0
C,R04,testing,09,8,0,0.0,0.0,0.0,0.0
C,R04,testing,09,9,0,0.0,0.0,0.0,0.0
C,R04,testing,09,10,0,0.0,0.0,0.0,0.0
C,R04,testing,09,11,0,0.0,0.0,0.0,0.0
C,R04,testing,09,12,0,0.0,0.0,0.0,0.0
C,R04,testing,09,13,0,0.0,0.0,0.0,0.0
C,R04,testing,09,14,0,0.0,0.0,0.0,0.0
C,R04,testing,09,15,0,0.0,0.0,0.0,0.0
C,R04,testing,09,16,0,0.0,0.0,0.0,0.0
C,R04,testing,09,17,0,0.0,0.0,0.0,0.0
C,R04,testing,09,18,0,0.0,0.0,0.0,0.0
C,R04,testing,09,19,0,0.0,0.0,0.0,0.0
C,R04,testing,09,20,0,0.0,0.0,0.0,0.0
C,R04,testing,09,21,0,0.0,0.0,0.0,0.0
C,R04,testing,09,22,0,0.0,0.0,0.0,0.0
C,R04,testing,09,23,0,0.0,0.0,0.0,0.0
C,R04,testing,09,24,0,0.0,0.0,0.0,0.0
C,R04,testing,09,25,0,0.0,0.0,0.0,0.0
C,R04,testing,09,26,0,0.0,0.0,0.0,0.0
C,R04,testing,09,27,0,0.0,0.0,0.0,0.0
C,R04,testing,09,28,0,0.0,0.0,0.0,0.0
C,R04,testing,09,29,0,0.0,0.0,0.0,0.0
C,R04,testing,09,30,0,0.0,0.0,0.0,0.0
C,R04,testing,09,31,0,0.0,0.0,0.0,0.0
C,R04,testing,09,32,0,0.0,0.0,0.0,0.0
C,R04,testing,09,33,0,0.0,0.0,0.0,0.0
C,R04,testing,09,34,0,0.0,0.0,0.0,0.0
C,R04,testing,09,35,0,0.0,0.0,0.0,0.0
C,R04,testing,09,36,0,0.0,0.0,0.0,0.0
C,R04,testing,09,37,0,0.0,0.0,0.0,0.0
C,R04,testing,09,38,0,0.0,0.0,0.0,0.0
C,R04,testing,09,39,0,0.0,0.0,0.0,0.0
C,R04,testing,09,40,0,0.0,0.0,0.0,0.0
C,R04,testing,09,41,0,0.0,0.0,0.0,0.0
C,R04,testing,09,42,0,0.0,0.0,0.0,0.0
C,R04,testing,09,43,0,0.0,0.0,0.0,0.0
C,R04,testing,09,44,0,0.0,0.0,0.0,0.0
C,R04,testing,09,45,0,0.0,0.0,0.0,0.0
C,R04,testing,09,46,0,0.0,0.0,0.0,0.0
C,R04,testing,09,47,0,0.0,0.0,0.0,0.0
C,R04,testing,09,48,0,0.0,0.0,0.0,0.0
C,R04,testing,09,49,0,0.0,0.0,0.0,0.0
C,R04,testing,09,50,0,0.0,0.0,0.0,0.0
C,R04,testing,09,51,0,0.0,0.0,0.0,0.0
C,R04,testing,09,52,0,0.0,0.0,0.0,0.0
C,R04,testing,09,53,0,0.0,0.0,0.0,0.0
C,R04,testing,09,54,0,0.0,0.0,0.0,0.0
C,R04,testing,09,55,0,0.0,0.0,0.0,0.0
C,R04,testing,09,56,0,0.0,0.0,0.0,0.0
C,R04,testing,09,57,0,0.0,0.0,0.0,0.0
C,R04,testing,09,58,0,0.0,0.0,0.0,0.0
C,R04,testing,09,59,0,0.0,0.0,0.0,0.0
C,R04,testing,09,60,0,0.0,0.0,0.0,0.0
C,R04,testing,09,61,0,0.0,0.0,0.0,0.0
C,R04,testing,09,62,0,0.0,0.0,0.0,0.0
C,R04,testing,09,63,0,0.0,0.0,0.0,0.0
C,R04,testing,09,64,0,0.0,0.0,0.0,0.0
C,R04,testing,09,65,0,0.0,0.0,0.0,0.0
C,R04,testing,09,66,0,0.0,0.0,0.0,0.0
C,R04,testing,09,67,0,0.0,0.0,0.0,0.0
C,R04,testing,09,68,0,0.0,0.0,0.0,0.0
C,R04,testing,09,69,0,0.0,0.0,0.0,0.0
C,R04,testing,09,70,0,0.0,0.0,0.0,0.0
C,R04,testing,09,71,0,0.0,0.0,0.0,0.0
C,R04,testing,09,72,0,0.0,0.0,0.0,0.0
C,R04,testing,09,73,0,0.0,0.0,0.0,0.0
C,R04,testing,09,74,0,0.0,0.0,0.0,0.0
C,R04,testing,09,75,0,0.0,0.0,0.0,0.0
C,R04,testing,09,76,0,0.0,0.0,0.0,0.0
C,R04,testing,09,77,0,0.0,0.0,0.0,0.0
C,R04,testing,09,78,0,0.0,0.0,0.0,0.0
C,R04,testing,09,79,0,0.0,0.0,0.0,0.0
C,R04,testing,09,80,0,0.0,0.0,0.0,0.0
C,R04,testing,09,81,0,0.0,0.0,0.0,0.0
C,R04,testing,09,82,0,0.0,0.0,0.0,0.0
C,R04,testing,09,83,0,0.0,0.0,0.0,0.0
C,R04,testing,09,84,0,0.0,0.0,0.0,0.0
C,R04,testing,09,85,0,0.0,0.0,0.0,0.0
C,R04,testing,09,86,0,0.0,0.0,0.0,0.0
C,R04,testing,09,87,0,0.0,0.0,0.0,0.0
C,R04,testing,09,88,0,0.0,0.0,0.0,0.0
C,R04,testing,09,89,0,0.0,0.0,0.0,0.0
C,R04,testing,09,90,0,0.0,0.0,0.0,0.0
C,R04,testing,09,91,0,0.0,0.0,0.0,0.0
C,R04,testing,09,92,0,0.0,0.0,0.0,0.0
C,R04,testing,09,93,0,0.0,0.0,0.0,0.0
C,R04,testing,09,94,0,0.0,0.0,0.0,0.0
C,R04,testing,09,95,0,0.0,0.0,0.0,0.0
C,R04,testing,09,96,0,0.0,0.0,0.0,0.0
C,R04,testing,09,97,0,0.0,0.0,0.0,0.0
C,R04,testing,09,98,0,0.0,0.0,0.0,0.0
C,R04,testing,09,99,0,0.0,0.0,0.0,0.0
C,R04,testing,09,100,0,0.0,0.0,0.0,0.0
C,R04,testing,09,101,0,0.0,0.0,0.0,0.0
C,R04,testing,09,102,0,0.0,0.0,0.0,0.0
C,R04,testing,09,103,0,0.0,0.0,0.0,0.0
C,R04,testing,09,104,0,0.0,0.0,0.0,0.0
C,R04,testing,09,105,0,0.0,0.0,0.0,0.0
C,R04,testing,09,106,0,0.0,0.0,0.0,0.0
C,R04,testing,09,107,0,0.0,0.0,0.0,0.0
C,R04,testing,09,108,0,0.0,0.0,0.0,0.0
C,R04,testing,09,109,0,0.0,0.0,0.0,0.0
C,R04,testing,09,110,0,0.0,0.0,0.0,0.0
C,R04,testing,09,111,0,0.0,0.0,0.0,0.0
C,R04,testing,09,112,0,0.0,0.0,0.0,0.0
C,R04,testing,09,113,0,0.0,0.0,0.0,0.0
C,R04,testing,09,114,0,0.0,0.0,0.0,0.0
C,R04,testing,09,115,0,0.0,0.0,0.0,0.0
C,R04,testing,09,116,0,0.0,0.0,0.0,0.0
C,R04,testing,09,117,0,0.0,0.0,0.0,0.0
C,R04,testing,09,118,0,0.0,0.0,0.0,0.0
C,R04,testing,09,119,0,0.0,0.0,0.0,0.0
C,R04,testing,09,120,0,0.0,0.0,0.0,0.0
C,R04,testing,09,121,0,0.0,0.0,0.0,0.0
C,R04,testing,09,122,0,0.0,0.0,0.0,0.0
C,R04,testing,09,123,0,0.0,0.0,0.0,0.0
C,R04,testing,09,124,0,0.0,0.0,0.0,0.0
C,R04,testing,09,125,0,0.0,0.0,0.0,0.0
C,R04,testing,09,126,0,0.0,0.0,0.0,0.0
C,R04,testing,09,127,0,0.0,0.0,0.0,0.0
C,R04,testing,09,128,1,0.0,0.0,0.0,0.0
C,R04,testing,09,129,1,0.0,0.0,0.0,0.0
C,R04,testing,09,130,1,0.0,0.0,0.0,0.0
C,R04,testing,09,131,1,0.0,0.0,0.0,0.0
C,R04,testing,09,132,1,0.0,0.0,0.0,0.0
C,R04,testing,09,133,1,0.0,0.0,0.0,0.0
C,R04,testing,09,134,1,0.0,0.0,0.0,0.0
C,R04,testing,09,135,1,0.0,0.0,0.0,0.0
C,R04,testing,09,136,1,0.0,0.0,0.0,0.0
C,R04,testing,09,137,1,0.0,0.0,0.0,0.0
C,R04,testing,09,138,1,0.0,0.0,0.0,0.0
C,R04,testing,09,139,1,0.0,0.0,0.0,0.0
C,R04,testing,09,140,1,0.0,0.0,0.0,0.0
C,R04,testing,09,141,1,0.0,0.0,0.0,0.0
C,R04,testing,09,142,1,0.0,0.0,0.0,0.0
C,R04,testing,09,143,1,0.0,0.0,0.0,0.0
C,R04,testing,09,144,1,0.0,0.0,0.0,0.0
C,R04,testing,09,145,1,0.0,0.0,0.0,0.0
C,R04,testing,09,146,1,0.0,0.0,0.0,0.0
C,R04,testing,09,147,1,0.0,0.0,0.0,0.0
C,R04,testing,09,148,1,0.0,0.0,0.0,0.0
C,R04,testing,09,149,1,0.0,0.0,0.0,0.0
C,R04,testing,09,150,1,0.0,0.0,0.0,0.0
C,R04,testing,09,151,1,0.0,0.0,0.0,0.0
C,R04,testing,09,152,1,0.0,0.0,0.0,0.0
C,R04,testing,09,153,1,0.0,0.0,0.0,0.0
C,R04,testing,09,154,1,0.0,0.0,0.0,0.0
C,R04,testing,09,155,1,0.0,0.0,0.0,0.0
C,R04,testing,09,156,1,0.0,0.0,0.0,0.0
C,R04,testing,09,157,1,0.0,0.0,0.0,0.0
C,R04,testing,09,158,1,0.0,0.0,0.0,0.0
C,R04,testing,09,159,1,0.0,0.0,0.0,0.0
C,R04,testing,09,160,1,0.0,0.0,0.0,0.0
C,R04,testing,09,161,1,0.0,0.0,0.0,0.0
C,R04,testing,09,162,1,0.0,0.0,0.0,0.0
C,R04,testing,09,163,1,0.0,0.0,0.0,0.0
C,R04,testing,09,164,1,0.0,0.0,0.0,0.0
C,R04,testing,09,165,1,0.0,0.0,0.0,0.0
C,R04,testing,09,166,1,0.0,0.0,0.0,0.0
C,R04,testing,09,167,1,0.0,0.0,0.0,0.0
C,R04,testing,09,168,1,0.0,0.0,0.0,0.0
C,R04,testing,09,169,1,0.0,0.0,0.0,0.0
C,R04,testing,09,170,1,0.0,0.0,0.0,0.0
C,R04,testing,09,171,1,0.0,0.0,0.0,0.0
C,R04,testing,09,172,1,0.0,0.0,0.0,0.0
C,R04,testing,09,173,1,0.0,0.0,0.0,0.0
C,R04,testing,09,174,1,0.0,0.0,0.0,0.0
C,R04,testing,09,175,1,0.0,0.0,0.0,0.0
C,R04,testing,09,176,1,0.0,0.0,0.0,0.0
C,R04,testing,09,177,1,0.0,0.0,0.0,0.0
C,R04,testing,09,178,1,0.0,0.0,0.0,0.0
C,R04,testing,09,179,1,0.0,0.0,0.0,0.0
C,R04,testing,09,180,1,0.0,0.0,0.0,0.0
C,R04,testing,09,181,1,0.0,0.0,0.0,0.0
C,R04,testing,09,182,1,0.0,0.0,0.0,0.0
C,R04,testing,09,183,1,0.0,0.0,0.0,0.0
C,R04,testing,09,184,1,0.0,0.0,0.0,0.0
C,R04,testing,09,185,1,0.0,0.0,0.0,0.0
C,R04,testing,09,186,1,0.0,0.0,0.0,0.0
C,R04,testing,09,187,1,0.0,0.0,0.0,0.0
C,R04,testing,09,188,1,0.0,0.0,0.0,0.0
C,R04,testing,09,189,1,0.0,0.0,0.0,0.0
C,R04,testing,09,190,1,0.0,0.0,0.0,0.0
C,R04,testing,09,191,1,0.0,0.0,0.0,0.0
C,R04,testing,09,192,1,0.0,0.0,0.0,0.0
C,R04,testing,09,193,1,0.0,0.0,0.0,0.0
C,R04,testing,09,194,1,0.0,0.0,0.0,0.0
C,R04,testing,09,195,1,0.0,0.0,0.0,0.0
C,R04,testing,09,196,1,0.0,0.0,0.0,0.0
C,R04,testing,09,197,1,0.0,0.0,0.0,0.0
C,R04,testing,09,198,1,0.0,0.0,0.0,0.0
C,R04,testing,09,199,1,0.0,0.0,0.0,0.0
C,R04,testing,09,200,1,0.0,0.0,0.0,0.0
C,R04,testing,09,201,1,0.0,0.0,0.0,0.0
C,R04,testing,09,202,1,0.0,0.0,0.0,0.0
C,R04,testing,09,203,1,0.0,0.0,0.0,0.0
C,R04,testing,09,204,1,0.0,0.0,0.0,0.0
C,R04,testing,09,205,1,0.0,0.0,0.0,0.0
C,R04,testing,09,206,1,0.0,0.0,0.0,0.0
C,R04,testing,09,207,1,0.0,0.0,0.0,0.0
C,R04,testing,09,208,1,0.0,0.0,0.0,0.0
C,R04,testing,09,209,1,0.0,0.0,0.0,0.0
C,R04,testing,09,210,1,0.0,0.0,0.0,0.0
C,R04,testing,09,211,1,0.0,0.0,0.0,0.0
C,R04,testing,09,212,1,0.0,0.0,0.0,0.0
C,R04,testing,09,213,1,0.0,0.0,0.0,0.0
C,R04,testing,09,214,1,0.0,0.0,0.0,0.0
C,R04,testing,09,215,1,0.0,0.0,0.0,0.0
C,R04,testing,09,216,1,0.0,0.0,0.0,0.0
C,R04,testing,09,217,1,0.0,0.0,0.0,0.0
C,R04,testing,09,218,1,0.0,0.0,0.0,0.0
C,R04,testing,09,219,1,0.0,0.0,0.0,0.0
C,R04,testing,09,220,1,0.0,0.0,0.0,0.0
C,R04,testing,09,221,1,0.0,0.0,0.0,0.0
C,R04,testing,09,222,1,0.0,0.0,0.0,0.0
C,R04,testing,09,223,1,0.0,0.0,0.0,0.0
C,R04,testing,09,224,1,0.0,0.0,0.0,0.0
C,R04,testing,09,225,1,0.0,0.0,0.0,0.0
C,R04,testing,09,226,1,0.0,0.0,0.0,0.0
C,R04,testing,09,227,1,0.0,0.0,0.0,0.0
C,R04,testing,09,228,1,0.0,0.0,0.0,0.0
C,R04,testing,09,229,1,0.0,0.0,0.0,0.0
C,R04,testing,09,230,1,0.0,0.0,0.0,0.0
C,R04,testing,09,231,1,0.0,0.0,0.0,0.0
C,R04,testing,09,232,1,0.0,0.0,0.0,0.0
C,R04,testing,09,233,1,0.0,0.0,0.0,0.0
C,R04,testing,09,234,1,0.0,0.0,0.0,0.0
C,R04,testing,09,235,1,0.0,0.0,0.0,0.0
C,R04,testing,09,236,1,0.0,0.0,0.0,0.0
C,R04,testing,09,237,1,0.0,0.0,0.0,0.0
C,R04,testing,09,238,1,0.0,0.0,0.0,0.0
C,R04,testing,09,239,1,0.0,0.0,0.0,0.0
C,R04,testing,09,240,1,0.0,0.0,0.0,0.0
C,R04,testing,09,241,1,0.0,0.0,0.0,0.0
C,R04,testing,09,242,1,0.0,0.0,0.0,0.0
C,R04,testing,09,243,1,0.0,0.0,0.0,0.0
C,R04,testing,09,244,1,0.0,0.0,0.0,0.0
C,R04,testing,09,245,1,0.0,0.0,0.0,0.0
C,R04,testing,09,246,1,0.0,0.0,0.0,0.0
C,R04,testing,09,247,1,0.0,0.0,0.0,0.0
C,R04,testing,09,248,1,0.0,0.0,0.0,0.0
C,R04,testing,09,249,1,0.0,0.0,0.0,0.0
C,R04,testing,09,250,1,0.0,0.0,0.0,0.0
C,R04,testing,09,251,1,0.0,0.0,0.0,0.0
C,R04,testing,09,252,1,0.0,0.0,0.0,0.0
C,R04,testing,09,253,1,0.0,0.0,0.0,0.0
C,R04,testing,09,254,1,0.0,0.0,0.0,0.0
C,R04,testing,09,255,1,0.0,0.0,0.0,0.0
C,R04,testing,09,256,1,0.0,0.0,0.0,0.0
C,R04,testing,09,257,1,0.0,0.0,0.0,0.0
C,R04,testing,09,258,1,0.0,0.0,0.0,0.0
C,R04,testing,09,259,1,0.0,0.0,0.0,0.0
C,R04,testing,09,260,1,0.0,0.0,0.0,0.0
C,R04,testing,09,261,1,0.0,0.0,0.0,0.0
C,R04,testing,09,262,1,0.0,0.0,0.0,0.0
C,R04,testing,09,263,1,0.0,0.0,0.0,0.0
C,R04,testing,09,264,1,0.0,0.0,0.0,0.0
C,R04,testing,09,265,1,0.0,0.0,0.0,0.0
C,R04,testing,09,266,1,0.0,0.0,0.0,0.0
C,R04,testing,09,267,1,0.0,0.0,0.0,0.0
C,R04,testing,09,268,1,0.0,0.0,0.0,0.0
C,R04,testing,09,269,1,0.0,0.0,0.0,0.0
C,R04,testing,09,270,1,0.0,0.0,0.0,0.0
C,R04,testing,09,271,1,0.0,0.0,0.0,0.0
C,R04,testing,09,272,1,0.0,0.0,0.0,0.0
C,R04,testing,09,273,1,0.0,0.0,0.0,0.0
C,R04,testing,09,274,1,0.0,0.0,0.0,0.0
C,R04,testing,09,275,1,0.0,0.0,0.0,0.0
C,R04,testing,09,276,1,0.0,0.0,0.0,0.0
C,R04,testing,09,277,1,0.0,0.0,0.0,0.0
C,R04,testing,09,278,1,0.0,0.0,0.0,0.0
C,R04,testing,09,279,1,0.0,0.0,0.0,0.0
C,R04,testing,09,280,1,0.0,0.0,0.0,0.0
C,R04,testing,09,281,1,0.0,0.0,0.0,0.0
C,R04,testing,09,282,1,0.0,0.0,0.0,0.0
C,R04,testing,09,283,1,0.0,0.0,0.0,0.0
C,R04,testing,09,284,1,0.0,0.0,0.0,0.0
C,R04,testing,09,285,1,0.0,0.0,0.0,0.0
C,R04,testing,09,286,1,0.0,0.0,0.0,0.0
C,R04,testing,09,287,1,0.0,0.0,0.0,0.0
C,R04,testing,09,288,1,0.0,0.0,0.0,0.0
C,R04,testing,09,289,1,0.0,0.0,0.0,0.0
C,R04,testing,09,290,1,0.0,0.0,0.0,0.0
C,R04,testing,09,291,1,0.0,0.0,0.0,0.0
C,R04,testing,09,292,1,0.0,0.0,0.0,0.0
C,R04,testing,09,293,1,0.0,0.0,0.0,0.0
C,R04,testing,09,294,1,0.0,0.0,0.0,0.0
C,R04,testing,09,295,1,0.0,0.0,0.0,0.0
C,R04,testing,09,296,1,0.0,0.0,0.0,0.0
C,R04,testing,09,297,1,0.0,0.0,0.0,0.0
C,R04,testing,09,298,1,0.0,0.0,0.0,0.0
C,R04,testing,09,299,1,0.0,0.0,0.0,0.0
C,R04,testing,09,300,1,0.0,0.0,0.0,0.0
C,R04,testing,09,301,1,0.0,0.0,0.0,0.0
C,R04,testing,09,302,1,0.0,0.0,0.0,0.0
C,R04,testing,09,303,1,0.0,0.0,0.0,0.0
C,R04,testing,09,304,1,0.0,0.0,0.0,0.0
C,R04,testing,09,305,1,0.0,0.0,0.0,0.0
C,R04,testing,09,306,1,0.0,0.0,0.0,0.0
C,R04,testing,09,307,1,0.0,0.0,0.0,0.0
C,R04,testing,09,308,1,0.0,0.0,0.0,0.0
C,R04,testing,09,309,1,0.0,0.0,0.0,0.0
C,R04,testing,09,310,1,0.0,0.0,0.0,0.0
C,R04,testing,09,311,1,0.0,0.0,0.0,0.0
C,R04,testing,09,312,1,0.0,0.0,0.0,0.0
C,R04,testing,09,313,1,0.0,0.0,0.0,0.0
C,R04,testing,09,314,1,0.0,0.0,0.0,0.0
C,R04,testing,09,315,1,0.0,0.0,0.0,0.0
C,R04,testing,09,316,1,0.0,0.0,0.0,0.0
C,R04,testing,09,317,1,0.0,0.0,0.0,0.0
C,R04,testing,09,318,1,0.0,0.0,0.0,0.0
C,R04,testing,09,319,1,0.0,0.0,0.0,0.0
C,R04,testing,09,320,1,0.0,0.0,0.0,0.0
C,R04,testing,09,321,1,0.0,0.0,0.0,0.0
C,R04,testing,09,322,1,0.0,0.0,0.0,0.0
C,R04,testing,09,323,1,0.0,0.0,0.0,0.0
C,R04,testing,09,324,1,0.0,0.0,0.0,0.0
C,R04,testing,09,325,1,0.0,0.0,0.0,0.0
C,R04,testing,09,326,1,0.0,0.0,0.0,0.0
C,R04,testing,09,327,1,0.0,0.0,0.0,0.0
C,R04,testing,09,328,1,0.0,0.0,0.0,0.0
C,R04,testing,09,329,1,0.0,0.0,0.0,0.0
C,R04,testing,09,330,1,0.0,0.0,0.0,0.0
C,R04,testing,09,331,1,0.0,0.0,0.0,0.0
C,R04,testing,09,332,1,0.0,0.0,0.0,0.0
C,R04,testing,09,333,1,0.0,0.0,0.0,0.0
P1,R04,testing,09,0,0,0.0,0.0,0.06070754278349064,0.03704146828075707
P1,R04,testing,09,1,0,0.0,0.0,0.06070754278349064,0.03726193472110159
P1,R04,testing,09,2,0,0.0,0.0,0.06070754278349064,0.03748236934355656
P1,R04,testing,09,3,0,0.0,0.0,0.06070754278349064,0.03770275610542136
P1,R04,testing,09,4,0,0.0,0.0,0.06070754278349064,0.03792307887454337
P1,R04,testing,09,5,0,0.0,0.0,0.06070754278349064,0.03814332143111241
P1,R04,testing,09,6,0,0.0,0.0,0.06070754278349064,0.03836346746948164
P1,R04,testing,09,7,0,0.0,0.0,0.06070754278349064,0.03858350060001444
P1,R04,testing,09,8,0,0.0,0.0,0.06070754278349064,0.03880340435095703
P1,R04,testing,09,9,0,0.0,0.0,0.06070754278349064,0.039023162170336675
P1,R04,testing,09,10,0,0.0,0.0,0.06070754278349064,0.0392427574278852
P1,R04,testing,09,11,0,0.0,0.0,0.06070754278349064,0.039462173416987455
P1,R04,testing,09,12,0,0.0,0.0,0.06070754278349064,0.03968139335665448
P1,R04,testing,09,13,0,0.0,0.0,0.06070754278349064,0.03990040039352121
P1,R04,testing,09,14,0,0.0,0.0,0.06070754278349064,0.04011917760386825
P1,R04,testing,09,15,0,0.0,0.0,0.06070754278349064,0.040337707995667486
P1,R04,testing,09,16,0,0.0,0.0,0.09265546218825792,0.061898940238469195
P1,R04,testing,09,17,0,0.0,0.0,0.09265546218825792,0.06223164269662203
P1,R04,testing,09,18,0,0.0,0.0,0.09265546218825792,0.06256389004911349
P1,R04,testing,09,19,0,0.0,0.0,0.09265546218825792,0.0628956559766052
P1,R04,testing,09,20,0,0.0,0.0,0.09265546218825792,0.06322691407164163
P1,R04,testing,09,21,0,0.0,0.0,0.09265546218825792,0.06355763784198039
P1,R04,testing,09,22,0,0.0,0.0,0.09265546218825792,0.06388780071395515
P1,R04,testing,09,23,0,0.0,0.0,0.09265546218825792,0.0642173760358711
P1,R04,testing,09,24,0,0.0,0.0,0.09265546218825792,0.06454633708143173
P1,R04,testing,09,25,0,0.0,0.0,0.09265546218825792,0.06487465705319724
P1,R04,testing,09,26,0,0.0,0.0,0.09265546218825792,0.06520230908607312
P1,R04,testing,09,27,0,0.0,0.0,0.09265546218825792,0.06552926625082899
P1,R04,testing,09,28,0,0.0,0.0,0.09265546218825792,0.06585550155764648
P1,R04,testing,09,29,0,0.0,0.0,0.09265546218825792,0.06618098795969628
P1,R04,testing,09,30,0,0.0,0.0,0.09265546218825792,0.06650569835674286
P1,R04,testing,09,31,0,0.0,0.0,0.09265546218825792,0.06682960559877701
P1,R04,testing,09,32,0,0.0,0.0,0.1260217128962286,0.09133510181764423
P1,R04,testing,09,33,0,0.0,0.0,0.1260217128962286,0.09177335583211446
P1,R04,testing,09,34,0,0.0,0.0,0.1260217128962286,0.09221040632930329
P1,R04,testing,09,35,0,0.0,0.0,0.1260217128962286,0.09264621616151474
P1,R04,testing,09,36,0,0.0,0.0,0.1260217128962286,0.09308074813858676
P1,R04,testing,09,37,0,0.0,0.0,0.1260217128962286,0.09351396503303706
P1,R04,testing,09,38,0,0.0,0.0,0.1260217128962286,0.0939458295852398
P1,R04,testing,09,39,0,0.0,0.0,0.1260217128962286,0.09437630450863223
P1,R04,testing,09,40,0,0.0,0.0,0.1260217128962286,0.09480535249495037
P1,R04,testing,09,41,0,0.0,0.0,0.1260217128962286,0.09523293621949262
P1,R04,testing,09,42,0,0.0,0.0,0.1260217128962286,0.09565901834641044
P1,R04,testing,09,43,0,0.0,0.0,0.1260217128962286,0.09608356153402481
P1,R04,testing,09,44,0,0.0,0.0,0.1260217128962286,0.0965065284401678
P1,R04,testing,09,45,0,0.0,0.0,0.1260217128962286,0.09692788172754796
P1,R04,testing,09,46,0,0.0,0.0,0.1260217128962286,0.09734758406913849
P1,R04,testing,09,47,0,0.0,0.0,0.1260217128962286,0.09776559815358735
P1,R04,testing,09,48,0,0.0,0.0,0.1605801692626626,0.12510593310451362
P1,R04,testing,09,49,0,0.0,0.0,0.1605801692626626,0.12563413264816375
P1,R04,testing,09,50,0,0.0,0.0,0.1605801692626626,0.12616003853017324
P1,R04,testing,09,51,0,0.0,0.0,0.1605801692626626,0.12668360335677453
P1,R04,testing,09,52,0,0.0,0.0,0.1605801692626626,0.1272047797890091
P1,R04,testing,09,53,0,0.0,0.0,0.1605801692626626,0.12772352054975838
P1,R04,testing,09,54,0,0.0,0.0,0.1605801692626626,0.12823977843079273
P1,R04,testing,09,55,0,0.0,0.0,0.1605801692626626,0.12875350629983678
P1,R04,testing,09,56,0,0.0,0.0,0.1605801692626626,0.12926465710764998
P1,R04,testing,09,57,0,0.0,0.0,0.1605801692626626,0.12977318389512052
P1,R04,testing,09,58,0,0.0,0.0,0.1605801692626626,0.13027903980037153
P1,R04,testing,09,59,0,0.0,0.0,0.1605801692626626,0.1307821780658778
P1,R04,testing,09,60,0,0.0,0.0,0.1605801692626626,0.1312825520455917
P1,R04,testing,09,61,0,0.0,0.0,0.1605801692626626,0.13178011521207653
P1,R04,testing,09,62,0,0.0,0.0,0.1605801692626626,0.13227482116364636
P1,R04,testing,09,63,0,0.0,0.0,0.1605801692626626,0.13276662363151004
P1,R04,testing,09,64,0,0.0,0.0,0.19597514164454644,0.16262755855437683
P1,R04,testing,09,65,0,0.0,0.0,0.19597514164454644,0.1632205081449658
P1,R04,testing,09,66,0,0.0,0.0,0.19597514164454644,0.16380974592631123
P1,R04,testing,09,67,0,0.0,0.0,0.19597514164454644,0.1643952161670725
P1,R04,testing,09,68,0,0.0,0.0,0.19597514164454644,0.16497686334171016
P1,R04,testing,09,69,0,0.0,0.0,0.19597514164454644,0.16555463213919897
P1,R04,testing,09,70,0,0.0,0.0,0.19597514164454644,0.166128467471734
P1,R04,testing,09,71,0,0.0,0.0,0.19597514164454644,0.16669831448342676
P1,R04,testing,09,72,0,0.0,0.0,0.19597514164454644,0.16726411855899037
P1,R04,testing,09,73,0,0.0,0.0,0.19597514164454644,0.1678258253324112
P1,R04,testing,09,74,0,0.0,0.0,0.19597514164454644,0.16838338069560543
P1,R04,testing,09,75,0,0.0,0.0,0.19597514164454644,0.1689367308070587
P1,R04,testing,09,76,0,0.0,0.0,0.19597514164454644,0.1694858221004463
P1,R04,testing,09,77,0,0.0,0.0,0.19597514164454644,0.1700306012932329
P1,R04,testing,09,78,0,0.0,0.0,0.19597514164454644,0.17057101539524921
P1,R04,testing,09,79,0,0.0,0.0,0.19597514164454644,0.17110701171724374
P1,R04,testing,09,80,0,0.0,0.49970478531648055,0.2033587677868902,0.1781052498546375
P1,R04,testing,09,81,0,0.0,0.49970478531648055,0.2033587677868902,0.17865210937494502
P1,R04,testing,09,82,0,0.0,0.49970478531648055,0.2033587677868902,0.17919422260812387
P1,R04,testing,09,83,0,0.0,0.49970478531648055,0.2033587677868902,0.17973153621696303
P1,R04,testing,09,84,0,0.0,0.49970478531648055,0.2033587677868902,0.18026399722042188
P1,R04,testing,09,85,0,0.0,0.49970478531648055,0.2033587677868902,0.18079155300230831
P1,R04,testing,09,86,0,0.0,0.49970478531648055,0.2033587677868902,0.18131415131991685
P1,R04,testing,09,87,0,0.0,0.49970478531648055,0.2033587677868902,0.1818317403126257
P1,R04,testing,09,88,0,0.0,0.49970478531648055,0.2033587677868902,0.1823442685104497
P1,R04,testing,09,89,0,0.0,0.49970478531648055,0.2033587677868902,0.1828516848425478
P1,R04,testing,09,90,0,0.0,0.49970478531648055,0.2033587677868902,0.18335393864568336
P1,R04,testing,09,91,0,0.0,0.49970478531648055,0.2033587677868902,0.1838509796726345
P1,R04,testing,09,92,0,0.0,0.49970478531648055,0.2033587677868902,0.18434275810055334
P1,R04,testing,09,93,0,0.0,0.49970478531648055,0.2033587677868902,0.1848292245392717
P1,R04,testing,09,94,0,0.0,0.49970478531648055,0.2033587677868902,0.1853103300395516
P1,R04,testing,09,95,0,0.0,0.49970478531648055,0.2033587677868902,0.18578602610127842
P1,R04,testing,09,96,0,0.0,0.0,0.20900213107517862,0.1914250202644345
P1,R04,testing,09,97,0,0.0,0.0,0.20900213107517862,0.19190265050092484
P1,R04,testing,09,98,0,0.0,0.0,0.20900213107517862,0.19237457449746584
P1,R04,testing,09,99,0,0.0,0.0,0.20900213107517862,0.19284074433733558
P1,R04,testing,09,100,0,0.0,0.0,0.20900213107517862,0.1933011126065511
P1,R04,testing,09,101,0,0.0,0.0,0.20900213107517862,0.19375563240189503
P1,R04,testing,09,102,0,0.0,0.0,0.20900213107517862,0.19420425733886998
P1,R04,testing,09,103,0,0.0,0.0,0.20900213107517862,0.19464694155957857
P1,R04,testing,09,104,0,0.0,0.0,0.20900213107517862,0.19508363974052736
P1,R04,testing,09,105,0,0.0,0.0,0.20900213107517862,0.19551430710035275
P1,R04,testing,09,106,0,0.0,0.0,0.20900213107517862,0.19593889940746717
P1,R04,testing,09,107,0,0.0,0.0,0.20900213107517862,0.19635737298762335
P1,R04,testing,09,108,0,0.0,0.0,0.20900213107517862,0.19676968473139553
P1,R04,testing,09,109,0,0.0,0.0,0.20900213107517862,0.19717579210157496
P1,R04,testing,09,110,0,0.0,0.0,0.20900213107517862,0.19757565314047887
P1,R04,testing,09,111,0,0.0,0.0,0.20900213107517862,0.19796922647717008
P1,R04,testing,09,112,0,0.0,0.49991762583253296,0.2127470194879209,0.2019106114157045
P1,R04,testing,09,113,0,0.0,0.49991762583253296,0.2127470194879209,0.20229831213603136
P1,R04,testing,09,114,0,0.0,0.49991762583253296,0.2127470194879209,0.20267948981044787
P1,R04,testing,09,115,0,0.0,0.49991762583253296,0.2127470194879209,0.2030541047873945
P1,R04,testing,09,116,0,0.0,0.49991762583253296,0.2127470194879209,0.20342211804790014
P1,R04,testing,09,117,0,0.0,0.49991762583253296,0.2127470194879209,0.20378349121235284
P1,R04,testing,09,118,0,0.0,0.49991762583253296,0.2127470194879209,0.2041381865471678
P1,R04,testing,09,119,0,0.0,0.49991762583253296,0.2127470194879209,0.20448616697135175
P1,R04,testing,09,120,0,0.0,0.49991762583253296,0.2127470194879209,0.2048273960629616
P1,R04,testing,09,121,0,0.0,0.49991762583253296,0.2127470194879209,0.20516183806545613
P1,R04,testing,09,122,0,0.0,0.49991762583253296,0.2127470194879209,0.2054894578939387
P1,R04,testing,09,123,0,0.0,0.49991762583253296,0.2127470194879209,0.20581022114129016
P1,R04,testing,09,124,0,0.0,0.49991762583253296,0.2127470194879209,0.20612409408418975
P1,R04,testing,09,125,0,0.0,0.49991762583253296,0.2127470194879209,0.2064310436890227
P1,R04,testing,09,126,0,0.0,0.49991762583253296,0.2127470194879209,0.2067310376176739
P1,R04,testing,09,127,0,0.0,0.49991762583253296,0.2127470194879209,0.20702404423320453
P1,R04,testing,09,128,1,1.0,0.500082374167467,0.21448662120235734,0.20900517686176073
P1,R04,testing,09,129,1,1.0,0.500082374167467,0.21448662120235734,0.20928639762406634
P1,R04,testing,09,130,1,1.0,0.500082374167467,0.21448662120235734,0.20956048254902163
P1,R04,testing,09,131,1,1.0,0.500082374167467,0.21448662120235734,0.20982740262348393
P1,R04,testing,09,132,1,1.0,0.500082374167467,0.21448662120235734,0.21008712956803488
P1,R04,testing,09,133,1,1.0,0.500082374167467,0.21448662120235734,0.21033963584197382
P1,R04,testing,09,134,1,1.0,0.500082374167467,0.21448662120235734,0.21058489464818417
P1,R04,testing,09,135,1,1.0,0.500082374167467,0.21448662120235734,0.21082287993787305
P1,R04,testing,09,136,1,1.0,0.500082374167467,0.21448662120235734,0.21105356641518178
P1,R04,testing,09,137,1,1.0,0.500082374167467,0.21448662120235734,0.2112769295416669
P1,R04,testing,09,138,1,1.0,0.500082374167467,0.21448662120235734,0.2114929455406502
P1,R04,testing,09,139,1,1.0,0.500082374167467,0.21448662120235734,0.21170159140143677
P1,R04,testing,09,140,1,1.0,0.500082374167467,0.21448662120235734,0.21190284488340005
P1,R04,testing,09,141,1,1.0,0.500082374167467,0.21448662120235734,0.21209668451993302
P1,R04,testing,09,142,1,1.0,0.500082374167467,0.21448662120235734,0.2122830896222641
P1,R04,testing,09,143,1,1.0,0.500082374167467,0.21448662120235734,0.21246204028313737
P1,R04,testing,09,144,1,0.0,0.4996907826783668,0.21417058305661524,0.21232020971492277
P1,R04,testing,09,145,1,0.0,0.4996907826783668,0.21417058305661524,0.21248395328859415
P1,R04,testing,09,146,1,0.0,0.4996907826783668,0.21417058305661524,0.21264019848775897
P1,R04,testing,09,147,1,0.0,0.4996907826783668,0.21417058305661524,0.21278892858995052
P1,R04,testing,09,148,1,0.0,0.4996907826783668,0.21417058305661524,0.21293012766937253
P1,R04,testing,09,149,1,0.0,0.4996907826783668,0.21417058305661524,0.21306378059974118
P1,R04,testing,09,150,1,0.0,0.4996907826783668,0.21417058305661524,0.21318987305698572
P1,R04,testing,09,151,1,0.0,0.4996907826783668,0.21417058305661524,0.2133083915218071
P1,R04,testing,09,152,1,0.0,0.4996907826783668,0.21417058305661524,0.21341932328209384
P1,R04,testing,09,153,1,0.0,0.4996907826783668,0.21417058305661524,0.21352265643519433
P1,R04,testing,09,154,1,0.0,0.4996907826783668,0.21417058305661524,0.21361837989004542
P1,R04,testing,09,155,1,0.0,0.4996907826783668,0.21417058305661524,0.21370648336915635
P1,R04,testing,09,156,1,0.0,0.4996907826783668,0.21417058305661524,0.21378695741044798
P1,R04,testing,09,157,1,0.0,0.4996907826783668,0.21417058305661524,0.21385979336894634
P1,R04,testing,09,158,1,0.0,0.4996907826783668,0.21417058305661524,0.21392498341833038
P1,R04,testing,09,159,1,0.0,0.4996907826783668,0.21417058305661524,0.21398252055233374
P1,R04,testing,09,160,1,1.0,0.5001871284010583,0.21180743129679835,0.2116707715494674
P1,R04,testing,09,161,1,1.0,0.5001871284010583,0.21180743129679835,0.2117125193369881
P1,R04,testing,09,162,1,1.0,0.5001871284010583,0.21180743129679835,0.21174668274200836
P1,R04,testing,09,163,1,1.0,0.5001871284010583,0.21180743129679835,0.21177325809055023
P1,R04,testing,09,164,1,1.0,0.5001871284010583,0.21180743129679835,0.21179224252439202
P1,R04,testing,09,165,1,1.0,0.5001871284010583,0.21180743129679835,0.21180363400158084
P1,R04,testing,09,166,1,1.0,0.5001871284010583,0.21180743129679835,0.21180743129679835
P1,R04,testing,09,167,1,1.0,0.5001871284010583,0.21180743129679835,0.21180363400158084
P1,R04,testing,09,168,1,1.0,0.5001871284010583,0.21180743129679835,0.21179224252439202
P1,R04,testing,09,169,1,1.0,0.5001871284010583,0.21180743129679835,0.21177325809055023
P1,R04,testing,09,170,1,1.0,0.5001871284010583,0.21180743129679835,0.21174668274200836
P1,R04,testing,09,171,1,1.0,0.5001871284010583,0.21180743129679835,0.2117125193369881
P1,R04,testing,09,172,1,1.0,0.5001871284010583,0.21180743129679835,0.2116707715494674
P1,R04,testing,09,173,1,1.0,0.5001871284010583,0.21180743129679835,0.2116214438685222
P1,R04,testing,09,174,1,1.0,0.5001871284010583,0.21180743129679835,0.21156454159752164
P1,R04,testing,09,175,1,1.0,0.5001871284010583,0.21180743129679835,0.21150007085317812
P1,R04,testing,09,176,1,0.0,0.4998128715989417,0.2360298302507351,0.23560704998440526
P1,R04,testing,09,177,1,0.0,0.4998128715989417,0.2360298302507351,0.23551836238765614
P1,R04,testing,09,178,1,0.0,0.4998128715989417,0.2360298302507351,0.2354212666571302
P1,R04,testing,09,179,1,0.0,0.4998128715989417,0.2360298302507351,0.23531577322065045
P1,R04,testing,09,180,1,0.0,0.4998128715989417,0.2360298302507351,0.2352018934046762
P1,R04,testing,09,181,1,0.0,0.4998128715989417,0.2360298302507351,0.2350796394322762
P1,R04,testing,09,182,1,0.0,0.4998128715989417,0.2360298302507351,0.2349490244209421
P1,R04,testing,09,183,1,0.0,0.4998128715989417,0.2360298302507351,0.2348100623802427
P1,R04,testing,09,184,1,0.0,0.4998128715989417,0.2360298302507351,0.2346627682093197
P1,R04,testing,09,185,1,0.0,0.4998128715989417,0.2360298302507351,0.23450715769422517
P1,R04,testing,09,186,1,0.0,0.4998128715989417,0.2360298302507351,0.23434324750510188
P1,R04,testing,09,187,1,0.0,0.4998128715989417,0.2360298302507351,0.23417105519320716
P1,R04,testing,09,188,1,0.0,0.4998128715989417,0.2360298302507351,0.23399059918778042
P1,R04,testing,09,189,1,0.0,0.4998128715989417,0.2360298302507351,0.23380189879275604
P1,R04,testing,09,190,1,0.0,0.4998128715989417,0.2360298302507351,0.23360497418332166
P1,R04,testing,09,191,1,0.0,0.4998128715989417,0.2360298302507351,0.23339984640232328
P1,R04,testing,09,192,1,0.0,0.0,0.23174731459920928,0.2289556102957578
P1,R04,testing,09,193,1,0.0,0.0,0.23174731459920928,0.228738161050032
P1,R04,testing,09,194,1,0.0,0.0,0.23174731459920928,0.2285127245278449
P1,R04,testing,09,195,1,0.0,0.0,0.23174731459920928,0.22827932475962523
P1,R04,testing,09,196,1,0.0,0.0,0.23174731459920928,0.22803798660784105
P1,R04,testing,09,197,1,0.0,0.0,0.23174731459920928,0.2277887357625857
P1,R04,testing,09,198,1,0.0,0.0,0.23174731459920928,0.22753159873702047
P1,R04,testing,09,199,1,0.0,0.0,0.23174731459920928,0.2272666028626744
P1,R04,testing,09,200,1,0.0,0.0,0.23174731459920928,0.22699377628460268
P1,R04,testing,09,201,1,0.0,0.0,0.23174731459920928,0.2267131479564052
P1,R04,testing,09,202,1,0.0,0.0,0.23174731459920928,0.22642474763510545
P1,R04,testing,09,203,1,0.0,0.0,0.23174731459920928,0.22612860587589248
P1,R04,testing,09,204,1,0.0,0.0,0.23174731459920928,0.22582475402672572
P1,R04,testing,09,205,1,0.0,0.0,0.23174731459920928,0.22551322422280543
P1,R04,testing,09,206,1,0.0,0.0,0.23174731459920928,0.22519404938090884
P1,R04,testing,09,207,1,0.0,0.0,0.23174731459920928,0.22486726319359437
P1,R04,testing,09,208,1,0.0,0.0,0.1991166102652,0.19291800659214076
P1,R04,testing,09,209,1,0.0,0.0,0.1991166102652,0.1926242430574292
P1,R04,testing,09,210,1,0.0,0.0,0.1991166102652,0.1923240306706046
P1,R04,testing,09,211,1,0.0,0.0,0.1991166102652,0.192017400994381
P1,R04,testing,09,212,1,0.0,0.0,0.1991166102652,0.19170438623146072
P1,R04,testing,09,213,1,0.0,0.0,0.1991166102652,0.19138501921889917
P1,R04,testing,09,214,1,0.0,0.0,0.1991166102652,0.1910593334223652
P1,R04,testing,09,215,1,0.0,0.0,0.1991166102652,0.190727362930298
P1,R04,testing,09,216,1,0.0,0.0,0.1991166102652,0.19038914244796254
P1,R04,testing,09,217,1,0.0,0.0,0.1991166102652,0.19004470729140474
P1,R04,testing,09,218,1,0.0,0.0,0.1991166102652,0.18969409338130755
P1,R04,testing,09,219,1,0.0,0.0,0.1991166102652,0.18933733723675014
P1,R04,testing,09,220,1,0.0,0.0,0.1991166102652,0.18897447596887115
P1,R04,testing,09,221,1,0.0,0.0,0.1991166102652,0.1886055472744375
P1,R04,testing,09,222,1,0.0,0.0,0.1991166102652,0.18823058942932094
P1,R04,testing,09,223,1,0.0,0.0,0.1991166102652,0.18784964128188303
P1,R04,testing,09,224,1,0.0,0.0,0.19339711852168953,0.18207800008405087
P1,R04,testing,09,225,1,0.0,0.0,0.19339711852168953,0.1816964733370843
P1,R04,testing,09,226,1,0.0,0.0,0.19339711852168953,0.18130924482336858
P1,R04,testing,09,227,1,0.0,0.0,0.19339711852168953,0.18091635443359133
P1,R04,testing,09,228,1,0.0,0.0,0.19339711852168953,0.18051784258108963
P1,R04,testing,09,229,1,0.0,0.0,0.19339711852168953,0.18011375019492737
P1,R04,testing,09,230,1,0.0,0.0,0.19339711852168953,0.1797041187128959
P1,R04,testing,09,231,1,0.0,0.0,0.19339711852168953,0.17928899007443855
P1,R04,testing,09,232,1,0.0,0.0,0.19339711852168953,0.1788684067135016
P1,R04,testing,09,233,1,0.0,0.0,0.19339711852168953,0.17844241155131316
P1,R04,testing,09,234,1,0.0,0.0,0.19339711852168953,0.17801104798909143
P1,R04,testing,09,235,1,0.0,0.0,0.19339711852168953,0.1775743599006841
P1,R04,testing,09,236,1,0.0,0.0,0.19339711852168953,0.17713239162514133
P1,R04,testing,09,237,1,0.0,0.0,0.19339711852168953,0.17668518795922286
P1,R04,testing,09,238,1,0.0,0.0,0.19339711852168953,0.17623279414984214
P1,R04,testing,09,239,1,0.0,0.0,0.19339711852168953,0.17577525588644857
P1,R04,testing,09,240,1,0.0,0.0,0.15973649275388,0.14479958727138584
P1,R04,testing,09,241,1,0.0,0.0,0.15973649275388,0.14441329971593558
P1,R04,testing,09,242,1,0.0,0.0,0.15973649275388,0.14402287843602715
P1,R04,testing,09,243,1,0.0,0.0,0.15973649275388,0.14362836256706177
P1,R04,testing,09,244,1,0.0,0.0,0.15973649275388,0.1432297915777827
P1,R04,testing,09,245,1,0.0,0.0,0.15973649275388,0.14282720526370912
P1,R04,testing,09,246,1,0.0,0.0,0.15973649275388,0.1424206437405297
P1,R04,testing,09,247,1,0.0,0.0,0.15973649275388,0.14201014743745738
P1,R04,testing,09,248,1,0.0,0.0,0.15973649275388,0.14159575709054656
P1,R04,testing,09,249,1,0.0,0.0,0.15973649275388,0.14117751373597498
P1,R04,testing,09,250,1,0.0,0.0,0.15973649275388,0.14075545870329087
P1,R04,testing,09,251,1,0.0,0.0,0.15973649275388,0.1403296336086276
P1,R04,testing,09,252,1,0.0,0.0,0.15973649275388,0.13990008034788728
P1,R04,testing,09,253,1,0.0,0.0,0.15973649275388,0.1394668410898947
P1,R04,testing,09,254,1,0.0,0.0,0.15973649275388,0.13902995826952316
P1,R04,testing,09,255,1,0.0,0.0,0.15973649275388,0.13858947458079393
P1,R04,testing,09,256,1,0.0,0.0,0.12694933080374476,0.10979000456802547
P1,R04,testing,09,257,1,0.0,0.0,0.12694933080374476,0.10943431265903761
P1,R04,testing,09,258,1,0.0,0.0,0.12694933080374476,0.10907586196085374
P1,R04,testing,09,259,1,0.0,0.0,0.12694933080374476,0.10871468717281899
P1,R04,testing,09,260,1,0.0,0.0,0.12694933080374476,0.10835082317254163
P1,R04,testing,09,261,1,0.0,0.0,0.12694933080374476,0.10798430501030905
P1,R04,testing,09,262,1,0.0,0.0,0.12694933080374476,0.10761516790349107
P1,R04,testing,09,263,1,0.0,0.0,0.12694933080374476,0.10724344723093253
P1,R04,testing,09,264,1,0.0,0.0,0.12694933080374476,0.10686917852733581
P1,R04,testing,09,265,1,0.0,0.0,0.12694933080374476,0.1064923974776348
P1,R04,testing,09,266,1,0.0,0.0,0.12694933080374476,0.1061131399113616
P1,R04,testing,09,267,1,0.0,0.0,0.12694933080374476,0.10573144179700708
P1,R04,testing,09,268,1,0.0,0.0,0.12694933080374476,0.10534733923637643
P1,R04,testing,09,269,1,0.0,0.0,0.12694933080374476,0.10496086845894122
P1,R04,testing,09,270,1,0.0,0.0,0.12694933080374476,0.10457206581618898
P1,R04,testing,09,271,1,0.0,0.0,0.12694933080374476,0.10418096777597148
P1,R04,testing,09,272,1,0.0,0.0,0.0953221786357282,0.07793078644334141
P1,R04,testing,09,273,1,0.0,0.0,0.0953221786357282,0.07763375887077148
P1,R04,testing,09,274,1,0.0,0.0,0.0953221786357282,0.07733509038733868
P1,R04,testing,09,275,1,0.0,0.0,0.0953221786357282,0.07703480868265696
P1,R04,testing,09,276,1,0.0,0.0,0.0953221786357282,0.07673294151251447
P1,R04,testing,09,277,1,0.0,0.0,0.0953221786357282,0.0764295166946438
P1,R04,testing,09,278,1,0.0,0.0,0.0953221786357282,0.07612456210449718
P1,R04,testing,09,279,1,0.0,0.0,0.0953221786357282,0.07581810567102833
P1,R04,testing,09,280,1,0.0,0.0,0.0953221786357282,0.07551017537248135
P1,R04,testing,09,281,1,0.0,0.0,0.0953221786357282,0.07520079923218764
P1,R04,testing,09,282,1,0.0,0.0,0.0953221786357282,0.0748900053143718
P1,R04,testing,09,283,1,0.0,0.0,0.0953221786357282,0.0745778217199674
P1,R04,testing,09,284,1,0.0,0.0,0.0953221786357282,0.07426427658244313
P1,R04,testing,09,285,1,0.0,0.0,0.0953221786357282,0.07394939806364087
P1,R04,testing,09,286,1,0.0,0.0,0.0953221786357282,0.07363321434962569
P1,R04,testing,09,287,1,0.0,0.0,0.0953221786357282,0.07331575364654931
P1,R04,testing,09,288,1,1.0,0.500346247339885,0.06503125460539694,0.0498004707112924
P1,R04,testing,09,289,1,1.0,0.500346247339885,0.06503125460539694,0.049582206192179804
P1,R04,testing,09,290,1,1.0,0.500346247339885,0.06503125460539694,0.04936312826116111
P1,R04,testing,09,291,1,1.0,0.500346247339885,0.06503125460539694,0.04914325618799529
P1,R04,testing,09,292,1,1.0,0.500346247339885,0.06503125460539694,0.04892260924218899
P1,R04,testing,09,293,1,1.0,0.500346247339885,0.06503125460539694,0.04870120669024016
P1,R04,testing,09,294,1,1.0,0.500346247339885,0.06503125460539694,0.04847906779289457
P1,R04,testing,09,295,1,1.0,0.500346247339885,0.06503125460539694,0.04825621180241562
P1,R04,testing,09,296,1,1.0,0.500346247339885,0.06503125460539694,0.04803265795986822
P1,R04,testing,09,297,1,1.0,0.500346247339885,0.06503125460539694,0.04780842549241695
P1,R04,testing,09,298,1,1.0,0.500346247339885,0.06503125460539694,0.04758353361063928
P1,R04,testing,09,299,1,1.0,0.500346247339885,0.06503125460539694,0.047358001505854244
P1,R04,testing,09,300,1,1.0,0.500346247339885,0.06503125460539694,0.04713184834746702
P1,R04,testing,09,301,1,1.0,0.500346247339885,0.06503125460539694,0.04690509328033002
P1,R04,testing,09,302,1,1.0,0.500346247339885,0.06503125460539694,0.046677755422120895
P1,R04,testing,09,303,1,1.0,0.500346247339885,0.06503125460539694,0.04644985386073802
P1,R04,testing,09,304,1,0.0,0.0,0.03631404304737625,0.025810453717363215
P1,R04,testing,09,305,1,0.0,0.0,0.03631404304737625,0.02568259376506732
P1,R04,testing,09,306,1,0.0,0.0,0.03631404304737625,0.025554450898201377
P1,R04,testing,09,307,1,0.0,0.0,0.03631404304737625,0.025426035694764797
P1,R04,testing,09,308,1,0.0,0.0,0.03631404304737625,0.025297358709011043
P1,R04,testing,09,309,1,0.0,0.0,0.03631404304737625,0.025168430470057068
P1,R04,testing,09,310,1,0.0,0.0,0.03631404304737625,0.025039261480504234
P1,R04,testing,09,311,1,0.0,0.0,0.03631404304737625,0.024909862215070997
P1,R04,testing,09,312,1,0.0,0.0,0.03631404304737625,0.02478024311923755
P1,R04,testing,09,313,1,0.0,0.0,0.03631404304737625,0.024650414607902692
P1,R04,testing,09,314,1,0.0,0.0,0.03631404304737625,0.024520387064053118
P1,R04,testing,09,315,1,0.0,0.0,0.03631404304737625,0.02439017083744537
P1,R04,testing,09,316,1,0.0,0.0,0.03631404304737625,0.024259776243300644
P1,R04,testing,09,317,1,0.0,0.0,0.03631404304737625,0.024129213561012722
P1,R04,testing,09,318,1,0.0,0.0,0.03631404304737625,0.023998493032869137
P1,R04,testing,09,319,1,0.0,0.0,0.03631404304737625,0.023867624862785864
P1,R04,testing,09,320,1,0.0,0.0,0.035773397381229935,0.023383226994562866
P1,R04,testing,09,321,1,0.0,0.0,0.035773397381229935,0.023254046308670725
P1,R04,testing,09,322,1,0.0,0.0,0.035773397381229935,0.023124750095876473
P1,R04,testing,09,323,1,0.0,0.0,0.035773397381229935,0.022995348244786343
P1,R04,testing,09,324,1,0.0,0.0,0.035773397381229935,0.02286585060018
P1,R04,testing,09,325,1,0.0,0.0,0.035773397381229935,0.022736266961847804
P1,R04,testing,09,326,1,0.0,0.0,0.035773397381229935,0.022606607083442604
P1,R04,testing,09,327,1,0.0,0.0,0.035773397381229935,0.022476880671346285
P1,R04,testing,09,328,1,0.0,0.0,0.035773397381229935,0.022347097383551198
P1,R04,testing,09,329,1,0.0,0.0,0.035773397381229935,0.022217266828556674
P1,R04,testing,09,330,1,0.0,0.0,0.035773397381229935,0.02208739856428069
P1,R04,testing,09,331,1,0.0,0.0,0.035773397381229935,0.021957502096986884
P1,R04,testing,09,332,1,0.0,0.0,0.035773397381229935,0.021827586880227116
P1,R04,testing,09,333,1,0.0,0.0,0.035773397381229935,0.021697662313799587
P2,R04,testing,09,0,0,0.0,0.0,0.0,0.0
P2,R04,testing,09,1,0,0.0,0.0,0.0,0.0
P2,R04,testing,09,2,0,0.0,0.0,0.0,0.0
P2,R04,testing,09,3,0,0.0,0.0,0.0,0.0
P2,R04,testing,09,4,0,0.0,0.0,0.0,0.0
P2,R04,testing,09,5,0,0.0,0.0,0.0,0.0
P2,R04,testing,09,6,0,0.0,0.0,0.0,0.0
P2,R04,testing,09,7,0,0.0,0.0,0.0,0.0
P2,R04,testing,09,8,0,0.0,0.0,0.0,0.0
P2,R04,testing,09,9,0,0.0,0.0,0.0,0.0
P2,R04,testing,09,10,0,0.0,0.0,0.0,0.0
P2,R04,testing,09,11,0,0.0,0.0,0.0,0.0
P2,R04,testing,09,12,0,0.0,0.0,0.0,0.0
P2,R04,testing,09,13,0,0.0,0.0,0.0,0.0
P2,R04,testing,09,14,0,0.0,0.0,0.0,0.0
P2,R04,testing,09,15,0,0.0,0.0,0.0,0.0
P2,R04,testing,09,16,0,0.0,0.0,0.0,0.0
P2,R04,testing,09,17,0,0.0,0.0,0.0,0.0
P2,R04,testing,09,18,0,0.0,0.0,0.0,0.0
P2,R04,testing,09,19,0,0.0,0.0,0.0,0.0
P2,R04,testing,09,20,0,0.0,0.0,0.0,0.0
P2,R04,testing,09,21,0,0.0,0.0,0.0,0.0
P2,R04,testing,09,22,0,0.0,0.0,0.0,0.0
P2,R04,testing,09,23,0,0.0,0.0,0.0,0.0
P2,R04,testing,09,24,0,0.0,0.0,0.0,0.0
P2,R04,testing,09,25,0,0.0,0.0,0.0,0.0
P2,R04,testing,09,26,0,0.0,0.0,0.0,0.0
P2,R04,testing,09,27,0,0.0,0.0,0.0,0.0
P2,R04,testing,09,28,0,0.0,0.0,0.0,0.0
P2,R04,testing,09,29,0,0.0,0.0,0.0,0.0
P2,R04,testing,09,30,0,0.0,0.0,0.0,0.0
P2,R04,testing,09,31,0,0.0,0.0,0.0,0.0
P2,R04,testing,09,32,0,0.0,0.0,0.0,0.0
P2,R04,testing,09,33,0,0.0,0.0,0.0,0.0
P2,R04,testing,09,34,0,0.0,0.0,0.0,0.0
P2,R04,testing,09,35,0,0.0,0.0,0.0,0.0
P2,R04,testing,09,36,0,0.0,0.0,0.0,0.0
P2,R04,testing,09,37,0,0.0,0.0,0.0,0.0
P2,R04,testing,09,38,0,0.0,0.0,0.0,0.0
P2,R04,testing,09,39,0,0.0,0.0,0.0,0.0
P2,R04,testing,09,40,0,0.0,0.0,0.0,0.0
P2,R04,testing,09,41,0,0.0,0.0,0.0,0.0
P2,R04,testing,09,42,0,0.0,0.0,0.0,0.0
P2,R04,testing,09,43,0,0.0,0.0,0.0,0.0
P2,R04,testing,09,44,0,0.0,0.0,0.0,0.0
P2,R04,testing,09,45,0,0.0,0.0,0.0,0.0
P2,R04,testing,09,46,0,0.0,0.0,0.0,0.0
P2,R04,testing,09,47,0,0.0,0.0,0.0,0.0
P2,R04,testing,09,48,0,0.0,0.0,0.0,0.0
P2,R04,testing,09,49,0,0.0,0.0,0.0,0.0
P2,R04,testing,09,50,0,0.0,0.0,0.0,0.0
P2,R04,testing,09,51,0,0.0,0.0,0.0,0.0
P2,R04,testing,09,52,0,0.0,0.0,0.0,0.0
P2,R04,testing,09,53,0,0.0,0.0,0.0,0.0
P2,R04,testing,09,54,0,0.0,0.0,0.0,0.0
P2,R04,testing,09,55,0,0.0,0.0,0.0,0.0
P2,R04,testing,09,56,0,0.0,0.0,0.0,0.0
P2,R04,testing,09,57,0,0.0,0.0,0.0,0.0
P2,R04,testing,09,58,0,0.0,0.0,0.0,0.0
P2,R04,testing,09,59,0,0.0,0.0,0.0,0.0
P2,R04,testing,09,60,0,0.0,0.0,0.0,0.0
P2,R04,testing,09,61,0,0.0,0.0,0.0,0.0
P2,R04,testing,09,62,0,0.0,0.0,0.0,0.0
P2,R04,testing,09,63,0,0.0,0.0,0.0,0.0
P2,R04,testing,09,64,0,0.0,0.0,0.0,0.0
P2,R04,testing,09,65,0,0.0,0.0,0.0,0.0
P2,R04,testing,09,66,0,0.0,0.0,0.0,0.0
P2,R04,testing,09,67,0,0.0,0.0,0.0,0.0
P2,R04,testing,09,68,0,0.0,0.0,0.0,0.0
P2,R04,testing,09,69,0,0.0,0.0,0.0,0.0
P2,R04,testing,09,70,0,0.0,0.0,0.0,0.0
P2,R04,testing,09,71,0,0.0,0.0,0.0,0.0
P2,R04,testing,09,72,0,0.0,0.0,0.0,0.0
P2,R04,testing,09,73,0,0.0,0.0,0.0,0.0
P2,R04,testing,09,74,0,0.0,0.0,0.0,0.0
P2,R04,testing,09,75,0,0.0,0.0,0.0,0.0
P2,R04,testing,09,76,0,0.0,0.0,0.0,0.0
P2,R04,testing,09,77,0,0.0,0.0,0.0,0.0
P2,R04,testing,09,78,0,0.0,0.0,0.0,0.0
P2,R04,testing,09,79,0,0.0,0.0,0.0,0.0
P2,R04,testing,09,80,0,0.0,0.0,0.0,0.0
P2,R04,testing,09,81,0,0.0,0.0,0.0,0.0
P2,R04,testing,09,82,0,0.0,0.0,0.0,0.0
P2,R04,testing,09,83,0,0.0,0.0,0.0,0.0
P2,R04,testing,09,84,0,0.0,0.0,0.0,0.0
P2,R04,testing,09,85,0,0.0,0.0,0.0,0.0
P2,R04,testing,09,86,0,0.0,0.0,0.0,0.0
P2,R04,testing,09,87,0,0.0,0.0,0.0,0.0
P2,R04,testing,09,88,0,0.0,0.0,0.0,0.0
P2,R04,testing,09,89,0,0.0,0.0,0.0,0.0
P2,R04,testing,09,90,0,0.0,0.0,0.0,0.0
P2,R04,testing,09,91,0,0.0,0.0,0.0,0.0
P2,R04,testing,09,92,0,0.0,0.0,0.0,0.0
P2,R04,testing,09,93,0,0.0,0.0,0.0,0.0
P2,R04,testing,09,94,0,0.0,0.0,0.0,0.0
P2,R04,testing,09,95,0,0.0,0.0,0.0,0.0
P2,R04,testing,09,96,0,0.0,0.0,0.0,0.0
P2,R04,testing,09,97,0,0.0,0.0,0.0,0.0
P2,R04,testing,09,98,0,0.0,0.0,0.0,0.0
P2,R04,testing,09,99,0,0.0,0.0,0.0,0.0
P2,R04,testing,09,100,0,0.0,0.0,0.0,0.0
P2,R04,testing,09,101,0,0.0,0.0,0.0,0.0
P2,R04,testing,09,102,0,0.0,0.0,0.0,0.0
P2,R04,testing,09,103,0,0.0,0.0,0.0,0.0
P2,R04,testing,09,104,0,0.0,0.0,0.0,0.0
P2,R04,testing,09,105,0,0.0,0.0,0.0,0.0
P2,R04,testing,09,106,0,0.0,0.0,0.0,0.0
P2,R04,testing,09,107,0,0.0,0.0,0.0,0.0
P2,R04,testing,09,108,0,0.0,0.0,0.0,0.0
P2,R04,testing,09,109,0,0.0,0.0,0.0,0.0
P2,R04,testing,09,110,0,0.0,0.0,0.0,0.0
P2,R04,testing,09,111,0,0.0,0.0,0.0,0.0
P2,R04,testing,09,112,0,0.0,0.0,0.0,0.0
P2,R04,testing,09,113,0,0.0,0.0,0.0,0.0
P2,R04,testing,09,114,0,0.0,0.0,0.0,0.0
P2,R04,testing,09,115,0,0.0,0.0,0.0,0.0
P2,R04,testing,09,116,0,0.0,0.0,0.0,0.0
P2,R04,testing,09,117,0,0.0,0.0,0.0,0.0
P2,R04,testing,09,118,0,0.0,0.0,0.0,0.0
P2,R04,testing,09,119,0,0.0,0.0,0.0,0.0
P2,R04,testing,09,120,0,0.0,0.0,0.0,0.0
P2,R04,testing,09,121,0,0.0,0.0,0.0,0.0
P2,R04,testing,09,122,0,0.0,0.0,0.0,0.0
P2,R04,testing,09,123,0,0.0,0.0,0.0,0.0
P2,R04,testing,09,124,0,0.0,0.0,0.0,0.0
P2,R04,testing,09,125,0,0.0,0.0,0.0,0.0
P2,R04,testing,09,126,0,0.0,0.0,0.0,0.0
P2,R04,testing,09,127,0,0.0,0.0,0.0,0.0
P2,R04,testing,09,128,1,0.0,0.0,0.0,0.0
P2,R04,testing,09,129,1,0.0,0.0,0.0,0.0
P2,R04,testing,09,130,1,0.0,0.0,0.0,0.0
P2,R04,testing,09,131,1,0.0,0.0,0.0,0.0
P2,R04,testing,09,132,1,0.0,0.0,0.0,0.0
P2,R04,testing,09,133,1,0.0,0.0,0.0,0.0
P2,R04,testing,09,134,1,0.0,0.0,0.0,0.0
P2,R04,testing,09,135,1,0.0,0.0,0.0,0.0
P2,R04,testing,09,136,1,0.0,0.0,0.0,0.0
P2,R04,testing,09,137,1,0.0,0.0,0.0,0.0
P2,R04,testing,09,138,1,0.0,0.0,0.0,0.0
P2,R04,testing,09,139,1,0.0,0.0,0.0,0.0
P2,R04,testing,09,140,1,0.0,0.0,0.0,0.0
P2,R04,testing,09,141,1,0.0,0.0,0.0,0.0
P2,R04,testing,09,142,1,0.0,0.0,0.0,0.0
P2,R04,testing,09,143,1,0.0,0.0,0.0,0.0
P2,R04,testing,09,144,1,0.0,0.0,0.0,0.0
P2,R04,testing,09,145,1,0.0,0.0,0.0,0.0
P2,R04,testing,09,146,1,0.0,0.0,0.0,0.0
P2,R04,testing,09,147,1,0.0,0.0,0.0,0.0
P2,R04,testing,09,148,1,0.0,0.0,0.0,0.0
P2,R04,testing,09,149,1,0.0,0.0,0.0,0.0
P2,R04,testing,09,150,1,0.0,0.0,0.0,0.0
P2,R04,testing,09,151,1,0.0,0.0,0.0,0.0
P2,R04,testing,09,152,1,0.0,0.0,0.0,0.0
P2,R04,testing,09,153,1,0.0,0.0,0.0,0.0
P2,R04,testing,09,154,1,0.0,0.0,0.0,0.0
P2,R04,testing,09,155,1,0.0,0.0,0.0,0.0
P2,R04,testing,09,156,1,0.0,0.0,0.0,0.0
P2,R04,testing,09,157,1,0.0,0.0,0.0,0.0
P2,R04,testing,09,158,1,0.0,0.0,0.0,0.0
P2,R04,testing,09,159,1,0.0,0.0,0.0,0.0
P2,R04,testing,09,160,1,0.0,0.0,0.0,0.0
P2,R04,testing,09,161,1,0.0,0.0,0.0,0.0
P2,R04,testing,09,162,1,0.0,0.0,0.0,0.0
P2,R04,testing,09,163,1,0.0,0.0,0.0,0.0
P2,R04,testing,09,164,1,0.0,0.0,0.0,0.0
P2,R04,testing,09,165,1,0.0,0.0,0.0,0.0
P2,R04,testing,09,166,1,0.0,0.0,0.0,0.0
P2,R04,testing,09,167,1,0.0,0.0,0.0,0.0
P2,R04,testing,09,168,1,0.0,0.0,0.0,0.0
P2,R04,testing,09,169,1,0.0,0.0,0.0,0.0
P2,R04,testing,09,170,1,0.0,0.0,0.0,0.0
P2,R04,testing,09,171,1,0.0,0.0,0.0,0.0
P2,R04,testing,09,172,1,0.0,0.0,0.0,0.0
P2,R04,testing,09,173,1,0.0,0.0,0.0,0.0
P2,R04,testing,09,174,1,0.0,0.0,0.0,0.0
P2,R04,testing,09,175,1,0.0,0.0,0.0,0.0
P2,R04,testing,09,176,1,0.0,0.0,0.0,0.0
P2,R04,testing,09,177,1,0.0,0.0,0.0,0.0
P2,R04,testing,09,178,1,0.0,0.0,0.0,0.0
P2,R04,testing,09,179,1,0.0,0.0,0.0,0.0
P2,R04,testing,09,180,1,0.0,0.0,0.0,0.0
P2,R04,testing,09,181,1,0.0,0.0,0.0,0.0
P2,R04,testing,09,182,1,0.0,0.0,0.0,0.0
P2,R04,testing,09,183,1,0.0,0.0,0.0,0.0
P2,R04,testing,09,184,1,0.0,0.0,0.0,0.0
P2,R04,testing,09,185,1,0.0,0.0,0.0,0.0
P2,R04,testing,09,186,1,0.0,0.0,0.0,0.0
P2,R04,testing,09,187,1,0.0,0.0,0.0,0.0
P2,R04,testing,09,188,1,0.0,0.0,0.0,0.0
P2,R04,testing,09,189,1,0.0,0.0,0.0,0.0
P2,R04,testing,09,190,1,0.0,0.0,0.0,0.0
P2,R04,testing,09,191,1,0.0,0.0,0.0,0.0
P2,R04,testing,09,192,1,0.0,0.0,0.0,0.0
P2,R04,testing,09,193,1,0.0,0.0,0.0,0.0
P2,R04,testing,09,194,1,0.0,0.0,0.0,0.0
P2,R04,testing,09,195,1,0.0,0.0,0.0,0.0
P2,R04,testing,09,196,1,0.0,0.0,0.0,0.0
P2,R04,testing,09,197,1,0.0,0.0,0.0,0.0
P2,R04,testing,09,198,1,0.0,0.0,0.0,0.0
P2,R04,testing,09,199,1,0.0,0.0,0.0,0.0
P2,R04,testing,09,200,1,0.0,0.0,0.0,0.0
P2,R04,testing,09,201,1,0.0,0.0,0.0,0.0
P2,R04,testing,09,202,1,0.0,0.0,0.0,0.0
P2,R04,testing,09,203,1,0.0,0.0,0.0,0.0
P2,R04,testing,09,204,1,0.0,0.0,0.0,0.0
P2,R04,testing,09,205,1,0.0,0.0,0.0,0.0
P2,R04,testing,09,206,1,0.0,0.0,0.0,0.0
P2,R04,testing,09,207,1,0.0,0.0,0.0,0.0
P2,R04,testing,09,208,1,0.0,0.0,0.0,0.0
P2,R04,testing,09,209,1,0.0,0.0,0.0,0.0
P2,R04,testing,09,210,1,0.0,0.0,0.0,0.0
P2,R04,testing,09,211,1,0.0,0.0,0.0,0.0
P2,R04,testing,09,212,1,0.0,0.0,0.0,0.0
P2,R04,testing,09,213,1,0.0,0.0,0.0,0.0
P2,R04,testing,09,214,1,0.0,0.0,0.0,0.0
P2,R04,testing,09,215,1,0.0,0.0,0.0,0.0
P2,R04,testing,09,216,1,0.0,0.0,0.0,0.0
P2,R04,testing,09,217,1,0.0,0.0,0.0,0.0
P2,R04,testing,09,218,1,0.0,0.0,0.0,0.0
P2,R04,testing,09,219,1,0.0,0.0,0.0,0.0
P2,R04,testing,09,220,1,0.0,0.0,0.0,0.0
P2,R04,testing,09,221,1,0.0,0.0,0.0,0.0
P2,R04,testing,09,222,1,0.0,0.0,0.0,0.0
P2,R04,testing,09,223,1,0.0,0.0,0.0,0.0
P2,R04,testing,09,224,1,0.0,0.0,0.0,0.0
P2,R04,testing,09,225,1,0.0,0.0,0.0,0.0
P2,R04,testing,09,226,1,0.0,0.0,0.0,0.0
P2,R04,testing,09,227,1,0.0,0.0,0.0,0.0
P2,R04,testing,09,228,1,0.0,0.0,0.0,0.0
P2,R04,testing,09,229,1,0.0,0.0,0.0,0.0
P2,R04,testing,09,230,1,0.0,0.0,0.0,0.0
P2,R04,testing,09,231,1,0.0,0.0,0.0,0.0
P2,R04,testing,09,232,1,0.0,0.0,0.0,0.0
P2,R04,testing,09,233,1,0.0,0.0,0.0,0.0
P2,R04,testing,09,234,1,0.0,0.0,0.0,0.0
P2,R04,testing,09,235,1,0.0,0.0,0.0,0.0
P2,R04,testing,09,236,1,0.0,0.0,0.0,0.0
P2,R04,testing,09,237,1,0.0,0.0,0.0,0.0
P2,R04,testing,09,238,1,0.0,0.0,0.0,0.0
P2,R04,testing,09,239,1,0.0,0.0,0.0,0.0
P2,R04,testing,09,240,1,0.0,0.0,0.0,0.0
P2,R04,testing,09,241,1,0.0,0.0,0.0,0.0
P2,R04,testing,09,242,1,0.0,0.0,0.0,0.0
P2,R04,testing,09,243,1,0.0,0.0,0.0,0.0
P2,R04,testing,09,244,1,0.0,0.0,0.0,0.0
P2,R04,testing,09,245,1,0.0,0.0,0.0,0.0
P2,R04,testing,09,246,1,0.0,0.0,0.0,0.0
P2,R04,testing,09,247,1,0.0,0.0,0.0,0.0
P2,R04,testing,09,248,1,0.0,0.0,0.0,0.0
P2,R04,testing,09,249,1,0.0,0.0,0.0,0.0
P2,R04,testing,09,250,1,0.0,0.0,0.0,0.0
P2,R04,testing,09,251,1,0.0,0.0,0.0,0.0
P2,R04,testing,09,252,1,0.0,0.0,0.0,0.0
P2,R04,testing,09,253,1,0.0,0.0,0.0,0.0
P2,R04,testing,09,254,1,0.0,0.0,0.0,0.0
P2,R04,testing,09,255,1,0.0,0.0,0.0,0.0
P2,R04,testing,09,256,1,0.0,0.0,0.0,0.0
P2,R04,testing,09,257,1,0.0,0.0,0.0,0.0
P2,R04,testing,09,258,1,0.0,0.0,0.0,0.0
P2,R04,testing,09,259,1,0.0,0.0,0.0,0.0
P2,R04,testing,09,260,1,0.0,0.0,0.0,0.0
P2,R04,testing,09,261,1,0.0,0.0,0.0,0.0
P2,R04,testing,09,262,1,0.0,0.0,0.0,0.0
P2,R04,testing,09,263,1,0.0,0.0,0.0,0.0
P2,R04,testing,09,264,1,0.0,0.0,0.0,0.0
P2,R04,testing,09,265,1,0.0,0.0,0.0,0.0
P2,R04,testing,09,266,1,0.0,0.0,0.0,0.0
P2,R04,testing,09,267,1,0.0,0.0,0.0,0.0
P2,R04,testing,09,268,1,0.0,0.0,0.0,0.0
P2,R04,testing,09,269,1,0.0,0.0,0.0,0.0
P2,R04,testing,09,270,1,0.0,0.0,0.0,0.0
P2,R04,testing,09,271,1,0.0,0.0,0.0,0.0
P2,R04,testing,09,272,1,0.0,0.0,0.0,0.0
P2,R04,testing,09,273,1,0.0,0.0,0.0,0.0
P2,R04,testing,09,274,1,0.0,0.0,0.0,0.0
P2,R04,testing,09,275,1,0.0,0.0,0.0,0.0
P2,R04,testing,09,276,1,0.0,0.0,0.0,0.0
P2,R04,testing,09,277,1,0.0,0.0,0.0,0.0
P2,R04,testing,09,278,1,0.0,0.0,0.0,0.0
P2,R04,testing,09,279,1,0.0,0.0,0.0,0.0
P2,R04,testing,09,280,1,0.0,0.0,0.0,0.0
P2,R04,testing,09,281,1,0.0,0.0,0.0,0.0
P2,R04,testing,09,282,1,0.0,0.0,0.0,0.0
P2,R04,testing,09,283,1,0.0,0.0,0.0,0.0
P2,R04,testing,09,284,1,0.0,0.0,0.0,0.0
P2,R04,testing,09,285,1,0.0,0.0,0.0,0.0
P2,R04,testing,09,286,1,0.0,0.0,0.0,0.0
P2,R04,testing,09,287,1,0.0,0.0,0.0,0.0
P2,R04,testing,09,288,1,0.0,0.0,0.0,0.0
P2,R04,testing,09,289,1,0.0,0.0,0.0,0.0
P2,R04,testing,09,290,1,0.0,0.0,0.0,0.0
P2,R04,testing,09,291,1,0.0,0.0,0.0,0.0
P2,R04,testing,09,292,1,0.0,0.0,0.0,0.0
P2,R04,testing,09,293,1,0.0,0.0,0.0,0.0
P2,R04,testing,09,294,1,0.0,0.0,0.0,0.0
P2,R04,testing,09,295,1,0.0,0.0,0.0,0.0
P2,R04,testing,09,296,1,0.0,0.0,0.0,0.0
P2,R04,testing,09,297,1,0.0,0.0,0.0,0.0
P2,R04,testing,09,298,1,0.0,0.0,0.0,0.0
P2,R04,testing,09,299,1,0.0,0.0,0.0,0.0
P2,R04,testing,09,300,1,0.0,0.0,0.0,0.0
P2,R04,testing,09,301,1,0.0,0.0,0.0,0.0
P2,R04,testing,09,302,1,0.0,0.0,0.0,0.0
P2,R04,testing,09,303,1,0.0,0.0,0.0,0.0
P2,R04,testing,09,304,1,0.0,0.0,0.0,0.0
P2,R04,testing,09,305,1,0.0,0.0,0.0,0.0
P2,R04,testing,09,306,1,0.0,0.0,0.0,0.0
P2,R04,testing,09,307,1,0.0,0.0,0.0,0.0
P2,R04,testing,09,308,1,0.0,0.0,0.0,0.0
P2,R04,testing,09,309,1,0.0,0.0,0.0,0.0
P2,R04,testing,09,310,1,0.0,0.0,0.0,0.0
P2,R04,testing,09,311,1,0.0,0.0,0.0,0.0
P2,R04,testing,09,312,1,0.0,0.0,0.0,0.0
P2,R04,testing,09,313,1,0.0,0.0,0.0,0.0
P2,R04,testing,09,314,1,0.0,0.0,0.0,0.0
P2,R04,testing,09,315,1,0.0,0.0,0.0,0.0
P2,R04,testing,09,316,1,0.0,0.0,0.0,0.0
P2,R04,testing,09,317,1,0.0,0.0,0.0,0.0
P2,R04,testing,09,318,1,0.0,0.0,0.0,0.0
P2,R04,testing,09,319,1,0.0,0.0,0.0,0.0
P2,R04,testing,09,320,1,0.0,0.0,0.0,0.0
P2,R04,testing,09,321,1,0.0,0.0,0.0,0.0
P2,R04,testing,09,322,1,0.0,0.0,0.0,0.0
P2,R04,testing,09,323,1,0.0,0.0,0.0,0.0
P2,R04,testing,09,324,1,0.0,0.0,0.0,0.0
P2,R04,testing,09,325,1,0.0,0.0,0.0,0.0
P2,R04,testing,09,326,1,0.0,0.0,0.0,0.0
P2,R04,testing,09,327,1,0.0,0.0,0.0,0.0
P2,R04,testing,09,328,1,0.0,0.0,0.0,0.0
P2,R04,testing,09,329,1,0.0,0.0,0.0,0.0
P2,R04,testing,09,330,1,0.0,0.0,0.0,0.0
P2,R04,testing,09,331,1,0.0,0.0,0.0,0.0
P2,R04,testing,09,332,1,0.0,0.0,0.0,0.0
P2,R04,testing,09,333,1,0.0,0.0,0.0,0.0
P3,R04,testing,09,0,0,0.0,0.0,0.09478457687734064,0.057833997834974074
P3,R04,testing,09,1,0,0.0,0.0,0.09478457687734064,0.0581782189532334
P3,R04,testing,09,2,0,0.0,0.0,0.09478457687734064,0.05852239039323101
P3,R04,testing,09,3,0,0.0,0.0,0.09478457687734064,0.0588664871069989
P3,R04,testing,09,4,0,0.0,0.0,0.09478457687734064,0.05921048390690482
P3,R04,testing,09,5,0,0.0,0.0,0.09478457687734064,0.05955435546845413
P3,R04,testing,09,6,0,0.0,0.0,0.09478457687734064,0.05989807633313267
P3,R04,testing,09,7,0,0.0,0.0,0.09478457687734064,0.06024162091129043
P3,R04,testing,09,8,0,0.0,0.0,0.09478457687734064,0.06058496348506531
P3,R04,testing,09,9,0,0.0,0.0,0.09478457687734064,0.06092807821134694
P3,R04,testing,09,10,0,0.0,0.0,0.09478457687734064,0.061270939124779725
P3,R04,testing,09,11,0,0.0,0.0,0.09478457687734064,0.06161352014080523
P3,R04,testing,09,12,0,0.0,0.0,0.09478457687734064,0.06195579505874287
P3,R04,testing,09,13,0,0.0,0.0,0.09478457687734064,0.062297737564908987
P3,R04,testing,09,14,0,0.0,0.0,0.09478457687734064,0.0626393212357735
P3,R04,testing,09,15,0,0.0,0.0,0.09478457687734064,0.0629805195411538
P3,R04,testing,09,16,0,0.0,0.0,0.12750589414243507,0.08518094384483434
P3,R04,testing,09,17,0,0.0,0.0,0.12750589414243507,0.0856387854378531
P3,R04,testing,09,18,0,0.0,0.0,0.12750589414243507,0.08609600074664739
P3,R04,testing,09,19,0,0.0,0.0,0.12750589414243507,0.08655255355240507
P3,R04,testing,09,20,0,0.0,0.0,0.12750589414243507,0.0870084075150535
P3,R04,testing,09,21,0,0.0,0.0,0.12750589414243507,0.08746352617784232
P3,R04,testing,09,22,0,0.0,0.0,0.12750589414243507,0.08791787297197134
P3,R04,testing,09,23,0,0.0,0.0,0.12750589414243507,0.08837141122126302
P3,R04,testing,09,24,0,0.0,0.0,0.12750589414243507,0.0888241041468783
P3,R04,testing,09,25,0,0.0,0.0,0.12750589414243507,0.08927591487207573
P3,R04,testing,09,26,0,0.0,0.0,0.12750589414243507,0.08972680642701227
P3,R04,testing,09,27,0,0.0,0.0,0.12750589414243507,0.09017674175358553
P3,R04,testing,09,28,0,0.0,0.0,0.12750589414243507,0.09062568371031637
P3,R04,testing,09,29,0,0.0,0.0,0.12750589414243507,0.09107359507727109
P3,R04,testing,09,30,0,0.0,0.0,0.12750589414243507,0.09152043856102218
P3,R04,testing,09,31,0,0.0,0.0,0.12750589414243507,0.09196617679964714
P3,R04,testing,09,32,0,1.0,0.5004089442596433,0.13280850888068074,0.09625387881257322
P3,R04,testing,09,33,0,1.0,0.5004089442596433,0.13280850888068074,0.09671573463753484
P3,R04,testing,09,34,0,1.0,0.5004089442596433,0.13280850888068074,0.097176322130779
P3,R04,testing,09,35,0,1.0,0.5004089442596433,0.13280850888068074,0.09763560214405101
P3,R04,testing,09,36,0,1.0,0.5004089442596433,0.13280850888068074,0.09809353548434316
P3,R04,testing,09,37,0,1.0,0.5004089442596433,0.13280850888068074,0.09855008291931765
P3,R04,testing,09,38,0,1.0,0.5004089442596433,0.13280850888068074,0.09900520518276203
P3,R04,testing,09,39,0,1.0,0.5004089442596433,0.13280850888068074,0.09945886298007629
P3,R04,testing,09,40,0,1.0,0.5004089442596433,0.13280850888068074,0.0999110169937905
P3,R04,testing,09,41,0,1.0,0.5004089442596433,0.13280850888068074,0.10036162788911189
P3,R04,testing,09,42,0,1.0,0.5004089442596433,0.13280850888068074,0.1008106563195004
P3,R04,testing,09,43,0,1.0,0.5004089442596433,0.13280850888068074,0.10125806293227152
P3,R04,testing,09,44,0,1.0,0.5004089442596433,0.13280850888068074,0.10170380837422548
P3,R04,testing,09,45,0,1.0,0.5004089442596433,0.13280850888068074,0.10214785329730164
P3,R04,testing,09,46,0,1.0,0.5004089442596433,0.13280850888068074,0.10259015836425679
P3,R04,testing,09,47,0,1.0,0.5004089442596433,0.13280850888068074,0.10303068425436661
P3,R04,testing,09,48,0,0.0,0.0,0.13702917305336015,0.10675765654063579
P3,R04,testing,09,49,0,0.0,0.0,0.13702917305336015,0.10720838932417864
P3,R04,testing,09,50,0,0.0,0.0,0.13702917305336015,0.10765716483890475
P3,R04,testing,09,51,0,0.0,0.0,0.13702917305336015,0.10810394264190762
P3,R04,testing,09,52,0,0.0,0.0,0.13702917305336015,0.10854868233705132
P3,R04,testing,09,53,0,0.0,0.0,0.13702917305336015,0.1089913435809704
P3,R04,testing,09,54,0,0.0,0.0,0.13702917305336015,0.10943188608908486
P3,R04,testing,09,55,0,0.0,0.0,0.13702917305336015,0.10987026964162941
P3,R04,testing,09,56,0,0.0,0.0,0.13702917305336015,0.11030645408969553
P3,R04,testing,09,57,0,0.0,0.0,0.13702917305336015,0.11074039936128502
P3,R04,testing,09,58,0,0.0,0.0,0.13702917305336015,0.11117206546737388
P3,R04,testing,09,59,0,0.0,0.0,0.13702917305336015,0.11160141250798543
P3,R04,testing,09,60,0,0.0,0.0,0.13702917305336015,0.112028400678271
P3,R04,testing,09,61,0,0.0,0.0,0.13702917305336015,0.11245299027459721
P3,R04,testing,09,62,0,0.0,0.0,0.13702917305336015,0.11287514170063855
P3,R04,testing,09,63,0,0.0,0.0,0.13702917305336015,0.11329481547347366
P3,R04,testing,09,64,0,0.0,0.0,0.1400514773299018,0.11621999422460629
P3,R04,testing,09,65,0,0.0,0.0,0.1400514773299018,0.11664373912126653
P3,R04,testing,09,66,0,0.0,0.0,0.1400514773299018,0.11706483141431714
P3,R04,testing,09,67,0,0.0,0.0,0.1400514773299018,0.11748323127596916
P3,R04,testing,09,68,0,0.0,0.0,0.1400514773299018,0.11789889902550708
P3,R04,testing,09,69,0,0.0,0.0,0.1400514773299018,0.11831179513551573
P3,R04,testing,09,70,0,0.0,0.0,0.1400514773299018,0.11872188023810182
P3,R04,testing,09,71,0,0.0,0.0,0.1400514773299018,0.11912911513110858
P3,R04,testing,09,72,0,0.0,0.0,0.1400514773299018,0.11953346078432255
P3,R04,testing,09,73,0,0.0,0.0,0.1400514773299018,0.11993487834567063
P3,R04,testing,09,74,0,0.0,0.0,0.1400514773299018,0.12033332914740648
P3,R04,testing,09,75,0,0.0,0.0,0.1400514773299018,0.12072877471228459
P3,R04,testing,09,76,0,0.0,0.0,0.1400514773299018,0.12112117675972078
P3,R04,testing,09,77,0,0.0,0.0,0.1400514773299018,0.12151049721193784
P3,R04,testing,09,78,0,0.0,0.0,0.1400514773299018,0.12189669820009466
P3,R04,testing,09,79,0,0.0,0.0,0.1400514773299018,0.12227974207039777
P3,R04,testing,09,80,0,0.0,0.0,0.14179005487219815,0.12418226873001155
P3,R04,testing,09,81,0,0.0,0.0,0.14179005487219815,0.12456356156648783
P3,R04,testing,09,82,0,0.0,0.0,0.14179005487219815,0.12494154509734758
P3,R04,testing,09,83,0,0.0,0.0,0.14179005487219815,0.12531618213370455
P3,R04,testing,09,84,0,0.0,0.0,0.14179005487219815,0.12568743573500907
P3,R04,testing,09,85,0,0.0,0.0,0.14179005487219815,0.12605526921509885
P3,R04,testing,09,86,0,0.0,0.0,0.14179005487219815,0.1264196461482217
P3,R04,testing,09,87,0,0.0,0.0,0.14179005487219815,0.1267805303750299
P3,R04,testing,09,88,0,0.0,0.0,0.14179005487219815,0.1271378860085434
P3,R04,testing,09,89,0,0.0,0.0,0.14179005487219815,0.12749167744008197
P3,R04,testing,09,90,0,0.0,0.0,0.14179005487219815,0.12784186934516367
P3,R04,testing,09,91,0,0.0,0.0,0.14179005487219815,0.12818842668936922
P3,R04,testing,09,92,0,0.0,0.0,0.14179005487219815,0.12853131473417018
P3,R04,testing,09,93,0,0.0,0.0,0.14179005487219815,0.12887049904272008
P3,R04,testing,09,94,0,0.0,0.0,0.14179005487219815,0.12920594548560713
P3,R04,testing,09,95,0,0.0,0.0,0.14179005487219815,0.1295376202465666
P3,R04,testing,09,96,0,0.0,0.49988741862926217,0.14219458255737855,0.1302359966738714
P3,R04,testing,09,97,0,0.0,0.49988741862926217,0.14219458255737855,0.13056095236568724
P3,R04,testing,09,98,0,0.0,0.49988741862926217,0.14219458255737855,0.13088202581762645
P3,R04,testing,09,99,0,0.0,0.49988741862926217,0.14219458255737855,0.1311991844295512
P3,R04,testing,09,100,0,0.0,0.49988741862926217,0.14219458255737855,0.13151239594336211
P3,R04,testing,09,101,0,0.0,0.49988741862926217,0.14219458255737855,0.13182162844845915
P3,R04,testing,09,102,0,0.0,0.49988741862926217,0.14219458255737855,0.13212685038715333
P3,R04,testing,09,103,0,0.0,0.49988741862926217,0.14219458255737855,0.132428030560028
P3,R04,testing,09,104,0,0.0,0.49988741862926217,0.14219458255737855,0.13272513813124814
P3,R04,testing,09,105,0,0.0,0.49988741862926217,0.14219458255737855,0.13301814263381675
P3,R04,testing,09,106,0,0.0,0.49988741862926217,0.14219458255737855,0.13330701397477687
P3,R04,testing,09,107,0,0.0,0.49988741862926217,0.14219458255737855,0.13359172244035797
P3,R04,testing,09,108,0,0.0,0.49988741862926217,0.14219458255737855,0.13387223870106588
P3,R04,testing,09,109,0,0.0,0.49988741862926217,0.14219458255737855,0.1341485338167141
P3,R04,testing,09,110,0,0.0,0.49988741862926217,0.14219458255737855,0.1344205792413966
P3,R04,testing,09,111,0,0.0,0.49988741862926217,0.14219458255737855,0.1346883468283998
P3,R04,testing,09,112,0,1.0,0.500082374167467,0.16982003866279882,0.1611701443318743
P3,R04,testing,09,113,0,1.0,0.500082374167467,0.16982003866279882,0.16147961682871104
P3,R04,testing,09,114,0,1.0,0.500082374167467,0.16982003866279882,0.16178388246572262
P3,R04,testing,09,115,0,1.0,0.500082374167467,0.16982003866279882,0.16208290959203378
P3,R04,testing,09,116,0,1.0,0.500082374167467,0.16982003866279882,0.16237666706171736
P3,R04,testing,09,117,0,1.0,0.500082374167467,0.16982003866279882,0.1626651242391987
P3,R04,testing,09,118,0,1.0,0.500082374167467,0.16982003866279882,0.16294825100457844
P3,R04,testing,09,119,0,1.0,0.500082374167467,0.16982003866279882,0.1632260177588721
P3,R04,testing,09,120,0,1.0,0.500082374167467,0.16982003866279882,0.16349839542916586
P3,R04,testing,09,121,0,1.0,0.500082374167467,0.16982003866279882,0.16376535547368629
P3,R04,testing,09,122,0,1.0,0.500082374167467,0.16982003866279882,0.16402686988678372
P3,R04,testing,09,123,0,1.0,0.500082374167467,0.16982003866279882,0.16428291120382751
P3,R04,testing,09,124,0,1.0,0.500082374167467,0.16982003866279882,0.16453345250601217
P3,R04,testing,09,125,0,1.0,0.500082374167467,0.16982003866279882,0.16477846742507302
P3,R04,testing,09,126,0,1.0,0.500082374167467,0.16982003866279882,0.16501793014791055
P3,R04,testing,09,127,0,1.0,0.500082374167467,0.16982003866279882,0.16525181542112208
P3,R04,testing,09,128,1,0.0,0.49991762583253296,0.1694746124938018,0.16514350013667012
P3,R04,testing,09,129,1,0.0,0.49991762583253296,0.1694746124938018,0.16536570411121074
P3,R04,testing,09,130,1,0.0,0.49991762583253296,0.1694746124938018,0.16558226977011664
P3,R04,testing,09,131,1,0.0,0.49991762583253296,0.1694746124938018,0.1657931741889225
P3,R04,testing,09,132,1,0.0,0.49991762583253296,0.1694746124938018,0.16599839502290845
P3,R04,testing,09,133,1,0.0,0.49991762583253296,0.1694746124938018,0.1661979105110455
P3,R04,testing,09,134,1,0.0,0.49991762583253296,0.1694746124938018,0.16639169947984078
P3,R04,testing,09,135,1,0.0,0.49991762583253296,0.1694746124938018,0.16657974134708245
P3,R04,testing,09,136,1,0.0,0.49991762583253296,0.1694746124938018,0.1667620161254826
P3,R04,testing,09,137,1,0.0,0.49991762583253296,0.1694746124938018,0.16693850442621797
P3,R04,testing,09,138,1,0.0,0.49991762583253296,0.1694746124938018,0.16710918746236694
P3,R04,testing,09,139,1,0.0,0.49991762583253296,0.1694746124938018,0.1672740470522426
P3,R04,testing,09,140,1,0.0,0.49991762583253296,0.1694746124938018,0.16743306562262036
P3,R04,testing,09,141,1,0.0,0.49991762583253296,0.1694746124938018,0.16758622621185998
P3,R04,testing,09,142,1,0.0,0.49991762583253296,0.1694746124938018,0.16773351247292062
P3,R04,testing,09,143,1,0.0,0.49991762583253296,0.1694746124938018,0.16787490867626886
P3,R04,testing,09,144,1,0.0,0.0,0.16767498514047224,0.16622632063134776
P3,R04,testing,09,145,1,0.0,0.0,0.16767498514047224,0.166354516114081
P3,R04,testing,09,146,1,0.0,0.0,0.16767498514047224,0.16647684109015534
P3,R04,testing,09,147,1,0.0,0.0,0.16767498514047224,0.16659328246748642
P3,R04,testing,09,148,1,0.0,0.0,0.16767498514047224,0.16670382777770615
P3,R04,testing,09,149,1,0.0,0.0,0.16767498514047224,0.16680846517838793
P3,R04,testing,09,150,1,0.0,0.0,0.16767498514047224,0.16690718345516084
P3,R04,testing,09,151,1,0.0,0.0,0.16767498514047224,0.16699997202371297
P3,R04,testing,09,152,1,0.0,0.0,0.16767498514047224,0.16708682093168262
P3,R04,testing,09,153,1,0.0,0.0,0.16767498514047224,0.16716772086043735
P3,R04,testing,09,154,1,0.0,0.0,0.16767498514047224,0.1672426631267406
P3,R04,testing,09,155,1,0.0,0.0,0.16767498514047224,0.16731163968430474
P3,R04,testing,09,156,1,0.0,0.0,0.16767498514047224,0.16737464312523107
P3,R04,testing,09,157,1,0.0,0.0,0.16767498514047224,0.16743166668133577
P3,R04,testing,09,158,1,0.0,0.0,0.16767498514047224,0.16748270422536155
P3,R04,testing,09,159,1,0.0,0.0,0.16767498514047224,0.16752775027207512
P3,R04,testing,09,160,1,0.0,0.0,0.13796643508916626,0.13787741810782617
P3,R04,testing,09,161,1,0.0,0.0,0.13796643508916626,0.13790461164575743
P3,R04,testing,09,162,1,0.0,0.0,0.13796643508916626,0.1379268648933054
P3,R04,testing,09,163,1,0.0,0.0,0.13796643508916626,0.13794417545732637
P3,R04,testing,09,164,1,0.0,0.0,0.13796643508916626,0.1379565414760411
P3,R04,testing,09,165,1,0.0,0.0,0.13796643508916626,0.13796396161936902
P3,R04,testing,09,166,1,0.0,0.0,0.13796643508916626,0.13796643508916626
P3,R04,testing,09,167,1,0.0,0.0,0.13796643508916626,0.13796396161936902
P3,R04,testing,09,168,1,0.0,0.0,0.13796643508916626,0.1379565414760411
P3,R04,testing,09,169,1,0.0,0.0,0.13796643508916626,0.13794417545732637
P3,R04,testing,09,170,1,0.0,0.0,0.13796643508916626,0.1379268648933054
P3,R04,testing,09,171,1,0.0,0.0,0.13796643508916626,0.13790461164575743
P3,R04,testing,09,172,1,0.0,0.0,0.13796643508916626,0.13787741810782617
P3,R04,testing,09,173,1,0.0,0.0,0.13796643508916626,0.13784528720359132
P3,R04,testing,09,174,1,0.0,0.0,0.13796643508916626,0.13780822238754423
P3,R04,testing,09,175,1,0.0,0.0,0.13796643508916626,0.13776622764396906
P3,R04,testing,09,176,1,0.0,0.0,0.13560357816618432,0.13536068294895065
P3,R04,testing,09,177,1,0.0,0.0,0.13560357816618432,0.1353097302560416
P3,R04,testing,09,178,1,0.0,0.0,0.13560357816618432,0.13525394693208637
P3,R04,testing,09,179,1,0.0,0.0,0.13560357816618432,0.13519333896806543
P3,R04,testing,09,180,1,0.0,0.0,0.13560357816618432,0.13512791287124282
P3,R04,testing,09,181,1,0.0,0.0,0.13560357816618432,0.13505767566400143
P3,R04,testing,09,182,1,0.0,0.0,0.13560357816618432,0.13498263488258702
P3,R04,testing,09,183,1,0.0,0.0,0.13560357816618432,0.13490279857576049
P3,R04,testing,09,184,1,0.0,0.0,0.13560357816618432,0.13481817530335902
P3,R04,testing,09,185,1,0.0,0.0,0.13560357816618432,0.13472877413476653
P3,R04,testing,09,186,1,0.0,0.0,0.13560357816618432,0.1346346046472937
P3,R04,testing,09,187,1,0.0,0.0,0.13560357816618432,0.13453567692446802
P3,R04,testing,09,188,1,0.0,0.0,0.13560357816618432,0.13443200155423435
P3,R04,testing,09,189,1,0.0,0.0,0.13560357816618432,0.1343235896270661
P3,R04,testing,09,190,1,0.0,0.0,0.13560357816618432,0.13421045273398816
P3,R04,testing,09,191,1,0.0,0.0,0.13560357816618432,0.13409260296451148
P3,R04,testing,09,192,1,0.0,0.0,0.13208421425911632,0.13049308441149374
P3,R04,testing,09,193,1,0.0,0.0,0.13208421425911632,0.13036914937124267
P3,R04,testing,09,194,1,0.0,0.0,0.13208421425911632,0.13024066198855222
P3,R04,testing,09,195,1,0.0,0.0,0.13208421425911632,0.13010763595954788
P3,R04,testing,09,196,1,0.0,0.0,0.13208421425911632,0.1299700854545753
P3,R04,testing,09,197,1,0.0,0.0,0.13208421425911632,0.12982802511568461
P3,R04,testing,09,198,1,0.0,0.0,0.13208421425911632,0.12968147005403285
P3,R04,testing,09,199,1,0.0,0.0,0.13208421425911632,0.1295304358472053
P3,R04,testing,09,200,1,0.0,0.0,0.13208421425911632,0.12937493853645576
P3,R04,testing,09,201,1,0.0,0.0,0.13208421425911632,0.12921499462386754
P3,R04,testing,09,202,1,0.0,0.0,0.13208421425911632,0.12905062106943463
P3,R04,testing,09,203,1,0.0,0.0,0.13208421425911632,0.1288818352880649
P3,R04,testing,09,204,1,0.0,0.0,0.13208421425911632,0.1287086551465052
P3,R04,testing,09,205,1,0.0,0.0,0.13208421425911632,0.12853109896018966
P3,R04,testing,09,206,1,0.0,0.0,0.13208421425911632,0.1283491854900116
P3,R04,testing,09,207,1,0.0,0.0,0.13208421425911632,0.1281629339390203
P3,R04,testing,09,208,1,0.0,0.0,0.12750436086173828,0.12353508377071112
P3,R04,testing,09,209,1,0.0,0.0,0.12750436086173828,0.1233469722330147
P3,R04,testing,09,210,1,0.0,0.0,0.12750436086173828,0.12315473117158914
P3,R04,testing,09,211,1,0.0,0.0,0.12750436086173828,0.12295838079762454
P3,R04,testing,09,212,1,0.0,0.0,0.12750436086173828,0.12275794173212777
P3,R04,testing,09,213,1,0.0,0.0,0.12750436086173828,0.12255343500231378
P3,R04,testing,09,214,1,0.0,0.0,0.12750436086173828,0.12234488203793024
P3,R04,testing,09,215,1,0.0,0.0,0.12750436086173828,0.12213230466751594
P3,R04,testing,09,216,1,0.0,0.0,0.12750436086173828,0.1219157251145942
P3,R04,testing,09,217,1,0.0,0.0,0.12750436086173828,0.12169516599380201
P3,R04,testing,09,218,1,0.0,0.0,0.12750436086173828,0.1214706503069558
P3,R04,testing,09,219,1,0.0,0.0,0.12750436086173828,0.1212422014390552
P3,R04,testing,09,220,1,0.0,0.0,0.12750436086173828,0.12100984315422517
P3,R04,testing,09,221,1,0.0,0.0,0.12750436086173828,0.12077359959159792
P3,R04,testing,09,222,1,0.0,0.0,0.12750436086173828,0.12053349526113544
P3,R04,testing,09,223,1,0.0,0.0,0.12750436086173828,0.12028955503939381
P3,R04,testing,09,224,1,1.0,0.500384788680238,0.09550741645331862,0.08991757226757521
P3,R04,testing,09,225,1,1.0,0.500384788680238,0.09550741645331862,0.08972915873696448
P3,R04,testing,09,226,1,1.0,0.500384788680238,0.09550741645331862,0.08953792944045405
P3,R04,testing,09,227,1,1.0,0.500384788680238,0.09550741645331862,0.08934390407769895
P3,R04,testing,09,228,1,1.0,0.500384788680238,0.09550741645331862,0.08914710260645987
P3,R04,testing,09,229,1,1.0,0.500384788680238,0.09550741645331862,0.0889475452391846
P3,R04,testing,09,230,1,1.0,0.500384788680238,0.09550741645331862,0.08874525243955128
P3,R04,testing,09,231,1,1.0,0.500384788680238,0.09550741645331862,0.08854024491897439
P3,R04,testing,09,232,1,1.0,0.500384788680238,0.09550741645331862,0.08833254363307422
P3,R04,testing,09,233,1,1.0,0.500384788680238,0.09550741645331862,0.08812216977811078
P3,R04,testing,09,234,1,1.0,0.500384788680238,0.09550741645331862,0.0879091447873828
P3,R04,testing,09,235,1,1.0,0.500384788680238,0.09550741645331862,0.0876934903275929
P3,R04,testing,09,236,1,1.0,0.500384788680238,0.09550741645331862,0.0874752282951796
P3,R04,testing,09,237,1,1.0,0.500384788680238,0.09550741645331862,0.08725438081261726
P3,R04,testing,09,238,1,1.0,0.500384788680238,0.09550741645331862,0.08703097022468452
P3,R04,testing,09,239,1,1.0,0.500384788680238,0.09550741645331862,0.08680501909470242
P3,R04,testing,09,240,1,0.0,0.0,0.06485800755533831,0.05879315717622262
P3,R04,testing,09,241,1,0.0,0.0,0.06485800755533831,0.05863631235787214
P3,R04,testing,09,242,1,0.0,0.0,0.06485800755533831,0.05847778911821967
P3,R04,testing,09,243,1,0.0,0.0,0.06485800755533831,0.05831760334746107
P3,R04,testing,09,244,1,0.0,0.0,0.06485800755533831,0.0581557710711394
P3,R04,testing,09,245,1,0.0,0.0,0.06485800755533831,0.057992308447479
P3,R04,testing,09,246,1,0.0,0.0,0.06485800755533831,0.057827231764703016
P3,R04,testing,09,247,1,0.0,0.0,0.06485800755533831,0.05766055743833524
P3,R04,testing,09,248,1,0.0,0.0,0.06485800755533831,0.057492302008486706
P3,R04,testing,09,249,1,0.0,0.0,0.06485800755533831,0.057322482137127886
P3,R04,testing,09,250,1,0.0,0.0,0.06485800755533831,0.057151114605346824
P3,R04,testing,09,251,1,0.0,0.0,0.06485800755533831,0.05697821631059413
P3,R04,testing,09,252,1,0.0,0.0,0.06485800755533831,0.056803804263915215
P3,R04,testing,09,253,1,0.0,0.0,0.06485800755533831,0.05662789558717066
P3,R04,testing,09,254,1,0.0,0.0,0.06485800755533831,0.05645050751024503
P3,R04,testing,09,255,1,0.0,0.0,0.06485800755533831,0.05627165736824509
P3,R04,testing,09,256,1,0.0,0.0,0.035776152982358915,0.03094040728290077
P3,R04,testing,09,257,1,0.0,0.0,0.035776152982358915,0.03084016817120187
P3,R04,testing,09,258,1,0.0,0.0,0.035776152982358915,0.030739151592905096
P3,R04,testing,09,259,1,0.0,0.0,0.035776152982358915,0.030637367326786527
P3,R04,testing,09,260,1,0.0,0.0,0.035776152982358915,0.030534825201859378
P3,R04,testing,09,261,1,0.0,0.0,0.035776152982358915,0.030431535095800315
P3,R04,testing,09,262,1,0.0,0.0,0.035776152982358915,0.030327506933372255
P3,R04,testing,09,263,1,0.0,0.0,0.035776152982358915,0.030222750684844105
P3,R04,testing,09,264,1,0.0,0.0,0.035776152982358915,0.03011727636440767
P3,R04,testing,09,265,1,0.0,0.0,0.035776152982358915,0.03001109402859216
P3,R04,testing,09,266,1,0.0,0.0,0.035776152982358915,0.029904213774676662
P3,R04,testing,09,267,1,0.0,0.0,0.035776152982358915,0.02979664573910083
P3,R04,testing,09,268,1,0.0,0.0,0.035776152982358915,0.029688400095874225
P3,R04,testing,09,269,1,0.0,0.0,0.035776152982358915,0.029579487054984643
P3,R04,testing,09,270,1,0.0,0.0,0.035776152982358915,0.02946991686080573
P3,R04,testing,09,271,1,0.0,0.0,0.035776152982358915,0.029359699790504252
P3,R04,testing,09,272,1,0.0,0.0,0.03489283661793665,0.02852668956787373
P3,R04,testing,09,273,1,0.0,0.0,0.03489283661793665,0.02841796214778075
P3,R04,testing,09,274,1,0.0,0.0,0.03489283661793665,0.02830863406963042
P3,R04,testing,09,275,1,0.0,0.0,0.03489283661793665,0.02819871546925038
P3,R04,testing,09,276,1,0.0,0.0,0.03489283661793665,0.028088216506691497
P3,R04,testing,09,277,1,0.0,0.0,0.03489283661793665,0.027977147364679458
P3,R04,testing,09,278,1,0.0,0.0,0.03489283661793665,0.027865518247068337
P3,R04,testing,09,279,1,0.0,0.0,0.03489283661793665,0.027753339377296512
P3,R04,testing,09,280,1,0.0,0.0,0.03489283661793665,0.027640620996845177
P3,R04,testing,09,281,1,0.0,0.0,0.03489283661793665,0.027527373363699804
P3,R04,testing,09,282,1,0.0,0.0,0.03489283661793665,0.027413606750814903
P3,R04,testing,09,283,1,0.0,0.0,0.03489283661793665,0.027299331444582336
P3,R04,testing,09,284,1,0.0,0.0,0.03489283661793665,0.027184557743303524
P3,R04,testing,09,285,1,0.0,0.0,0.03489283661793665,0.027069295955665918
P3,R04,testing,09,286,1,0.0,0.0,0.03489283661793665,0.02695355639922392
P3,R04,testing,09,287,1,0.0,0.0,0.03489283661793665,0.02683734939888468
P3,R04,testing,09,288,1,0.0,0.0,0.03369271202686997,0.025801638437695118
P3,R04,testing,09,289,1,0.0,0.0,0.03369271202686997,0.02568855552652007
P3,R04,testing,09,290,1,0.0,0.0,0.03369271202686997,0.025575051186398627
P3,R04,testing,09,291,1,0.0,0.0,0.03369271202686997,0.025461135400998536
P3,R04,testing,09,292,1,0.0,0.0,0.03369271202686997,0.025346818153856837
P3,R04,testing,09,293,1,0.0,0.0,0.03369271202686997,0.025232109426951744
P3,R04,testing,09,294,1,0.0,0.0,0.03369271202686997,0.02511701919928127
P3,R04,testing,09,295,1,0.0,0.0,0.03369271202686997,0.025001557445448724
P3,R04,testing,09,296,1,0.0,0.0,0.03369271202686997,0.024885734134255454
P3,R04,testing,09,297,1,0.0,0.0,0.03369271202686997,0.02476955922730105
P3,R04,testing,09,298,1,0.0,0.0,0.03369271202686997,0.024653042677591316
P3,R04,testing,09,299,1,0.0,0.0,0.03369271202686997,0.024536194428154263
P3,R04,testing,09,300,1,0.0,0.0,0.03369271202686997,0.02441902441066431
P3,R04,testing,09,301,1,0.0,0.0,0.03369271202686997,0.024301542544075093
P3,R04,testing,09,302,1,0.0,0.0,0.03369271202686997,0.024183758733260997
P3,R04,testing,09,303,1,0.0,0.0,0.03369271202686997,0.024065682867667748
P3,R04,testing,09,304,1,0.0,0.0,0.0322101478538155,0.022893582224532777
P3,R04,testing,09,305,1,0.0,0.0,0.0322101478538155,0.02278017188455329
P3,R04,testing,09,306,1,0.0,0.0,0.0322101478538155,0.022666510602531376
P3,R04,testing,09,307,1,0.0,0.0,0.0322101478538155,0.022552607761033565
P3,R04,testing,09,308,1,0.0,0.0,0.0322101478538155,0.022438472721564
P3,R04,testing,09,309,1,0.0,0.0,0.0322101478538155,0.02232411482333103
P3,R04,testing,09,310,1,0.0,0.0,0.0322101478538155,0.02220954338202396
P3,R04,testing,09,311,1,0.0,0.0,0.0322101478538155,0.022094767688600293
P3,R04,testing,09,312,1,0.0,0.0,0.0322101478538155,0.02197979700808349
P3,R04,testing,09,313,1,0.0,0.0,0.0322101478538155,0.02186464057837169
P3,R04,testing,09,314,1,0.0,0.0,0.0322101478538155,0.02174930760905733
P3,R04,testing,09,315,1,0.0,0.0,0.0322101478538155,0.021633807280258096
P3,R04,testing,09,316,1,0.0,0.0,0.0322101478538155,0.0215181487414592
P3,R04,testing,09,317,1,0.0,0.0,0.0322101478538155,0.02140234111036733
P3,R04,testing,09,318,1,0.0,0.0,0.0322101478538155,0.021286393471776372
P3,R04,testing,09,319,1,0.0,0.0,0.0322101478538155,0.021170314876445055
P3,R04,testing,09,320,1,0.0,0.0,0.030486426557022148,0.019927406526111975
P3,R04,testing,09,321,1,0.0,0.0,0.030486426557022148,0.019817317527545043
P3,R04,testing,09,322,1,0.0,0.0,0.030486426557022148,0.019707130075862826
P3,R04,testing,09,323,1,0.0,0.0,0.030486426557022148,0.019596852598228794
P3,R04,testing,09,324,1,0.0,0.0,0.030486426557022148,0.019486493484457003
P3,R04,testing,09,325,1,0.0,0.0,0.030486426557022148,0.019376061086021204
P3,R04,testing,09,326,1,0.0,0.0,0.030486426557022148,0.019265563715076317
P3,R04,testing,09,327,1,0.0,0.0,0.030486426557022148,0.01915500964349251
P3,R04,testing,09,328,1,0.0,0.0,0.030486426557022148,0.01904440710190193
P3,R04,testing,09,329,1,0.0,0.0,0.030486426557022148,0.01893376427875831
P3,R04,testing,09,330,1,0.0,0.0,0.030486426557022148,0.018823089319409462
P3,R04,testing,09,331,1,0.0,0.0,0.030486426557022148,0.018712390325182904
P3,R04,testing,09,332,1,0.0,0.0,0.030486426557022148,0.01860167535248466
P3,R04,testing,09,333,1,0.0,0.0,0.030486426557022148,0.018490952411911392
A,R04,testing,15,0,0,0.0,0.0,0.0,0.0
A,R04,testing,15,1,0,0.0,0.0,0.0,0.0
A,R04,testing,15,2,0,0.0,0.0,0.0,0.0
A,R04,testing,15,3,0,0.0,0.0,0.0,0.0
A,R04,testing,15,4,0,0.0,0.0,0.0,0.0
A,R04,testing,15,5,0,0.0,0.0,0.0,0.0
A,R04,testing,15,6,0,0.0,0.0,0.0,0.0
A,R04,testing,15,7,0,0.0,0.0,0.0,0.0
A,R04,testing,15,8,0,0.0,0.0,0.0,0.0
A,R04,testing,15,9,0,0.0,0.0,0.0,0.0
A,R04,testing,15,10,0,0.0,0.0,0.0,0.0
A,R04,testing,15,11,0,0.0,0.0,0.0,0.0
A,R04,testing,15,12,0,0.0,0.0,0.0,0.0
A,R04,testing,15,13,0,0.0,0.0,0.0,0.0
A,R04,testing,15,14,0,0.0,0.0,0.0,0.0
A,R04,testing,15,15,0,0.0,0.0,0.0,0.0
A,R04,testing,15,16,0,0.0,0.0,0.0,0.0
A,R04,testing,15,17,0,0.0,0.0,0.0,0.0
A,R04,testing,15,18,0,0.0,0.0,0.0,0.0
A,R04,testing,15,19,0,0.0,0.0,0.0,0.0
A,R04,testing,15,20,0,0.0,0.0,0.0,0.0
A,R04,testing,15,21,0,0.0,0.0,0.0,0.0
A,R04,testing,15,22,0,0.0,0.0,0.0,0.0
A,R04,testing,15,23,0,0.0,0.0,0.0,0.0
A,R04,testing,15,24,0,0.0,0.0,0.0,0.0
A,R04,testing,15,25,0,0.0,0.0,0.0,0.0
A,R04,testing,15,26,0,0.0,0.0,0.0,0.0
A,R04,testing,15,27,0,0.0,0.0,0.0,0.0
A,R04,testing,15,28,0,0.0,0.0,0.0,0.0
A,R04,testing,15,29,0,0.0,0.0,0.0,0.0
A,R04,testing,15,30,0,0.0,0.0,0.0,0.0
A,R04,testing,15,31,0,0.0,0.0,0.0,0.0
A,R04,testing,15,32,0,0.0,0.0,0.0,0.0
A,R04,testing,15,33,0,0.0,0.0,0.0,0.0
A,R04,testing,15,34,0,0.0,0.0,0.0,0.0
A,R04,testing,15,35,0,0.0,0.0,0.0,0.0
A,R04,testing,15,36,0,0.0,0.0,0.0,0.0
A,R04,testing,15,37,0,0.0,0.0,0.0,0.0
A,R04,testing,15,38,0,0.0,0.0,0.0,0.0
A,R04,testing,15,39,0,0.0,0.0,0.0,0.0
A,R04,testing,15,40,0,0.0,0.0,0.0,0.0
A,R04,testing,15,41,0,0.0,0.0,0.0,0.0
A,R04,testing,15,42,0,0.0,0.0,0.0,0.0
A,R04,testing,15,43,0,0.0,0.0,0.0,0.0
A,R04,testing,15,44,0,0.0,0.0,0.0,0.0
A,R04,testing,15,45,0,0.0,0.0,0.0,0.0
A,R04,testing,15,46,0,0.0,0.0,0.0,0.0
A,R04,testing,15,47,0,0.0,0.0,0.0,0.0
A,R04,testing,15,48,0,0.0,0.0,0.0,0.0
A,R04,testing,15,49,0,0.0,0.0,0.0,0.0
A,R04,testing,15,50,0,0.0,0.0,0.0,0.0
A,R04,testing,15,51,0,0.0,0.0,0.0,0.0
A,R04,testing,15,52,0,0.0,0.0,0.0,0.0
A,R04,testing,15,53,0,0.0,0.0,0.0,0.0
A,R04,testing,15,54,1,0.0,0.0,0.0,0.0
A,R04,testing,15,55,1,0.0,0.0,0.0,0.0
A,R04,testing,15,56,1,0.0,0.0,0.0,0.0
A,R04,testing,15,57,1,0.0,0.0,0.0,0.0
A,R04,testing,15,58,1,0.0,0.0,0.0,0.0
A,R04,testing,15,59,1,0.0,0.0,0.0,0.0
A,R04,testing,15,60,1,0.0,0.0,0.0,0.0
A,R04,testing,15,61,1,0.0,0.0,0.0,0.0
A,R04,testing,15,62,1,0.0,0.0,0.0,0.0
A,R04,testing,15,63,1,0.0,0.0,0.0,0.0
A,R04,testing,15,64,1,0.0,0.0,0.0,0.0
A,R04,testing,15,65,1,0.0,0.0,0.0,0.0
A,R04,testing,15,66,1,0.0,0.0,0.0,0.0
A,R04,testing,15,67,1,0.0,0.0,0.0,0.0
A,R04,testing,15,68,1,0.0,0.0,0.0,0.0
A,R04,testing,15,69,1,0.0,0.0,0.0,0.0
A,R04,testing,15,70,1,0.0,0.0,0.0,0.0
A,R04,testing,15,71,1,0.0,0.0,0.0,0.0
A,R04,testing,15,72,1,0.0,0.0,0.0,0.0
A,R04,testing,15,73,1,0.0,0.0,0.0,0.0
A,R04,testing,15,74,1,0.0,0.0,0.0,0.0
A,R04,testing,15,75,1,0.0,0.0,0.0,0.0
A,R04,testing,15,76,1,0.0,0.0,0.0,0.0
A,R04,testing,15,77,1,0.0,0.0,0.0,0.0
A,R04,testing,15,78,1,0.0,0.0,0.0,0.0
A,R04,testing,15,79,1,0.0,0.0,0.0,0.0
A,R04,testing,15,80,1,0.0,0.0,0.0,0.0
A,R04,testing,15,81,1,0.0,0.0,0.0,0.0
A,R04,testing,15,82,1,0.0,0.0,0.0,0.0
A,R04,testing,15,83,1,0.0,0.0,0.0,0.0
A,R04,testing,15,84,1,0.0,0.0,0.0,0.0
A,R04,testing,15,85,1,0.0,0.0,0.0,0.0
A,R04,testing,15,86,1,0.0,0.0,0.0,0.0
A,R04,testing,15,87,1,0.0,0.0,0.0,0.0
A,R04,testing,15,88,1,0.0,0.0,0.0,0.0
A,R04,testing,15,89,1,0.0,0.0,0.0,0.0
A,R04,testing,15,90,1,0.0,0.0,0.0,0.0
A,R04,testing,15,91,1,0.0,0.0,0.0,0.0
A,R04,testing,15,92,1,0.0,0.0,0.0,0.0
A,R04,testing,15,93,1,0.0,0.0,0.0,0.0
A,R04,testing,15,94,1,0.0,0.0,0.0,0.0
A,R04,testing,15,95,1,0.0,0.0,0.0,0.0
A,R04,testing,15,96,1,0.0,0.0,0.0,0.0
A,R04,testing,15,97,1,0.0,0.0,0.0,0.0
A,R04,testing,15,98,1,0.0,0.0,0.0,0.0
A,R04,testing,15,99,1,0.0,0.0,0.0,0.0
A,R04,testing,15,100,1,0.0,0.0,0.0,0.0
A,R04,testing,15,101,1,0.0,0.0,0.0,0.0
A,R04,testing,15,102,1,0.0,0.0,0.0,0.0
A,R04,testing,15,103,1,0.0,0.0,0.0,0.0
A,R04,testing,15,104,1,0.0,0.0,0.0,0.0
A,R04,testing,15,105,1,0.0,0.0,0.0,0.0
A,R04,testing,15,106,1,0.0,0.0,0.0,0.0
A,R04,testing,15,107,1,0.0,0.0,0.0,0.0
A,R04,testing,15,108,1,0.0,0.0,0.0,0.0
A,R04,testing,15,109,1,0.0,0.0,0.0,0.0
A,R04,testing,15,110,1,0.0,0.0,0.0,0.0
A,R04,testing,15,111,1,0.0,0.0,0.0,0.0
A,R04,testing,15,112,1,0.0,0.0,0.0,0.0
A,R04,testing,15,113,1,0.0,0.0,0.0,0.0
A,R04,testing,15,114,1,0.0,0.0,0.0,0.0
A,R04,testing,15,115,1,0.0,0.0,0.0,0.0
A,R04,testing,15,116,1,0.0,0.0,0.0,0.0
A,R04,testing,15,117,1,0.0,0.0,0.0,0.0
A,R04,testing,15,118,1,0.0,0.0,0.0,0.0
A,R04,testing,15,119,1,0.0,0.0,0.0,0.0
A,R04,testing,15,120,1,0.0,0.0,0.0,0.0
A,R04,testing,15,121,1,0.0,0.0,0.0,0.0
A,R04,testing,15,122,1,0.0,0.0,0.0,0.0
A,R04,testing,15,123,1,0.0,0.0,0.0,0.0
A,R04,testing,15,124,1,0.0,0.0,0.0,0.0
A,R04,testing,15,125,1,0.0,0.0,0.0,0.0
A,R04,testing,15,126,1,0.0,0.0,0.0,0.0
A,R04,testing,15,127,1,0.0,0.0,0.0,0.0
A,R04,testing,15,128,1,0.0,0.0,0.0,0.0
A,R04,testing,15,129,1,0.0,0.0,0.0,0.0
A,R04,testing,15,130,1,0.0,0.0,0.0,0.0
A,R04,testing,15,131,1,0.0,0.0,0.0,0.0
A,R04,testing,15,132,1,0.0,0.0,0.0,0.0
A,R04,testing,15,133,1,0.0,0.0,0.0,0.0
A,R04,testing,15,134,1,0.0,0.0,0.0,0.0
A,R04,testing,15,135,1,0.0,0.0,0.0,0.0
A,R04,testing,15,136,1,0.0,0.0,0.0,0.0
A,R04,testing,15,137,1,0.0,0.0,0.0,0.0
A,R04,testing,15,138,1,0.0,0.0,0.0,0.0
A,R04,testing,15,139,1,0.0,0.0,0.0,0.0
A,R04,testing,15,140,1,0.0,0.0,0.0,0.0
A,R04,testing,15,141,1,0.0,0.0,0.0,0.0
A,R04,testing,15,142,1,0.0,0.0,0.0,0.0
A,R04,testing,15,143,1,0.0,0.0,0.0,0.0
A,R04,testing,15,144,1,0.0,0.0,0.0,0.0
A,R04,testing,15,145,1,0.0,0.0,0.0,0.0
A,R04,testing,15,146,1,0.0,0.0,0.0,0.0
A,R04,testing,15,147,1,0.0,0.0,0.0,0.0
A,R04,testing,15,148,1,0.0,0.0,0.0,0.0
A,R04,testing,15,149,1,0.0,0.0,0.0,0.0
A,R04,testing,15,150,1,0.0,0.0,0.0,0.0
A,R04,testing,15,151,1,0.0,0.0,0.0,0.0
A,R04,testing,15,152,1,0.0,0.0,0.0,0.0
A,R04,testing,15,153,1,0.0,0.0,0.0,0.0
A,R04,testing,15,154,1,0.0,0.0,0.0,0.0
A,R04,testing,15,155,1,0.0,0.0,0.0,0.0
A,R04,testing,15,156,1,0.0,0.0,0.0,0.0
A,R04,testing,15,157,1,0.0,0.0,0.0,0.0
A,R04,testing,15,158,1,0.0,0.0,0.0,0.0
A,R04,testing,15,159,1,0.0,0.0,0.0,0.0
A,R04,testing,15,160,1,0.0,0.0,0.0,0.0
A,R04,testing,15,161,1,0.0,0.0,0.0,0.0
A,R04,testing,15,162,1,0.0,0.0,0.0,0.0
A,R04,testing,15,163,1,0.0,0.0,0.0,0.0
A,R04,testing,15,164,1,0.0,0.0,0.0,0.0
A,R04,testing,15,165,1,0.0,0.0,0.0,0.0
A,R04,testing,15,166,1,0.0,0.0,0.0,0.0
A,R04,testing,15,167,1,0.0,0.0,0.0,0.0
A,R04,testing,15,168,1,0.0,0.0,0.0,0.0
A,R04,testing,15,169,1,0.0,0.0,0.0,0.0
A,R04,testing,15,170,1,0.0,0.0,0.0,0.0
A,R04,testing,15,171,1,0.0,0.0,0.0,0.0
A,R04,testing,15,172,1,0.0,0.0,0.0,0.0
A,R04,testing,15,173,1,0.0,0.0,0.0,0.0
A,R04,testing,15,174,1,0.0,0.0,0.0,0.0
A,R04,testing,15,175,1,0.0,0.0,0.0,0.0
A,R04,testing,15,176,1,0.0,0.0,0.0,0.0
A,R04,testing,15,177,1,0.0,0.0,0.0,0.0
A,R04,testing,15,178,1,0.0,0.0,0.0,0.0
A,R04,testing,15,179,1,0.0,0.0,0.0,0.0
A,R04,testing,15,180,1,0.0,0.0,0.0,0.0
A,R04,testing,15,181,1,0.0,0.0,0.0,0.0
A,R04,testing,15,182,1,0.0,0.0,0.0,0.0
A,R04,testing,15,183,1,0.0,0.0,0.0,0.0
A,R04,testing,15,184,1,0.0,0.0,0.0,0.0
A,R04,testing,15,185,1,0.0,0.0,0.0,0.0
A,R04,testing,15,186,1,0.0,0.0,0.0,0.0
A,R04,testing,15,187,1,0.0,0.0,0.0,0.0
A,R04,testing,15,188,1,0.0,0.0,0.0,0.0
A,R04,testing,15,189,1,0.0,0.0,0.0,0.0
A,R04,testing,15,190,1,0.0,0.0,0.0,0.0
A,R04,testing,15,191,1,0.0,0.0,0.0,0.0
A,R04,testing,15,192,1,0.0,0.0,0.0,0.0
A,R04,testing,15,193,1,0.0,0.0,0.0,0.0
A,R04,testing,15,194,1,0.0,0.0,0.0,0.0
A,R04,testing,15,195,1,0.0,0.0,0.0,0.0
A,R04,testing,15,196,1,0.0,0.0,0.0,0.0
A,R04,testing,15,197,1,0.0,0.0,0.0,0.0
A,R04,testing,15,198,1,0.0,0.0,0.0,0.0
A,R04,testing,15,199,1,0.0,0.0,0.0,0.0
A,R04,testing,15,200,1,0.0,0.0,0.0,0.0
A,R04,testing,15,201,1,0.0,0.0,0.0,0.0
A,R04,testing,15,202,1,0.0,0.0,0.0,0.0
A,R04,testing,15,203,1,0.0,0.0,0.0,0.0
A,R04,testing,15,204,1,0.0,0.0,0.0,0.0
A,R04,testing,15,205,1,0.0,0.0,0.0,0.0
A,R04,testing,15,206,1,0.0,0.0,0.0,0.0
A,R04,testing,15,207,1,0.0,0.0,0.0,0.0
A,R04,testing,15,208,1,0.0,0.0,0.0,0.0
A,R04,testing,15,209,1,0.0,0.0,0.0,0.0
A,R04,testing,15,210,1,0.0,0.0,0.0,0.0
A,R04,testing,15,211,1,0.0,0.0,0.0,0.0
A,R04,testing,15,212,1,0.0,0.0,0.0,0.0
A,R04,testing,15,213,1,0.0,0.0,0.0,0.0
A,R04,testing,15,214,1,0.0,0.0,0.0,0.0
A,R04,testing,15,215,1,0.0,0.0,0.0,0.0
A,R04,testing,15,216,1,0.0,0.0,0.0,0.0
A,R04,testing,15,217,1,0.0,0.0,0.0,0.0
A,R04,testing,15,218,1,0.0,0.0,0.0,0.0
A,R04,testing,15,219,1,0.0,0.0,0.0,0.0
A,R04,testing,15,220,1,0.0,0.0,0.0,0.0
A,R04,testing,15,221,1,0.0,0.0,0.0,0.0
A,R04,testing,15,222,1,0.0,0.0,0.0,0.0
A,R04,testing,15,223,1,0.0,0.0,0.0,0.0
A,R04,testing,15,224,1,0.0,0.0,0.0,0.0
A,R04,testing,15,225,1,0.0,0.0,0.0,0.0
A,R04,testing,15,226,1,0.0,0.0,0.0,0.0
A,R04,testing,15,227,1,0.0,0.0,0.0,0.0
A,R04,testing,15,228,1,0.0,0.0,0.0,0.0
A,R04,testing,15,229,1,0.0,0.0,0.0,0.0
A,R04,testing,15,230,1,0.0,0.0,0.0,0.0
A,R04,testing,15,231,1,0.0,0.0,0.0,0.0
A,R04,testing,15,232,1,0.0,0.0,0.0,0.0
A,R04,testing,15,233,1,0.0,0.0,0.0,0.0
A,R04,testing,15,234,1,0.0,0.0,0.0,0.0
A,R04,testing,15,235,1,0.0,0.0,0.0,0.0
A,R04,testing,15,236,1,0.0,0.0,0.0,0.0
A,R04,testing,15,237,1,0.0,0.0,0.0,0.0
A,R04,testing,15,238,1,0.0,0.0,0.0,0.0
A,R04,testing,15,239,1,0.0,0.0,0.0,0.0
A,R04,testing,15,240,1,0.0,0.0,0.0,0.0
A,R04,testing,15,241,1,0.0,0.0,0.0,0.0
A,R04,testing,15,242,1,0.0,0.0,0.0,0.0
A,R04,testing,15,243,1,0.0,0.0,0.0,0.0
A,R04,testing,15,244,1,0.0,0.0,0.0,0.0
A,R04,testing,15,245,1,0.0,0.0,0.0,0.0
A,R04,testing,15,246,1,0.0,0.0,0.0,0.0
A,R04,testing,15,247,1,0.0,0.0,0.0,0.0
A,R04,testing,15,248,1,0.0,0.0,0.0,0.0
A,R04,testing,15,249,1,0.0,0.0,0.0,0.0
A,R04,testing,15,250,1,0.0,0.0,0.0,0.0
A,R04,testing,15,251,1,0.0,0.0,0.0,0.0
A,R04,testing,15,252,1,0.0,0.0,0.0,0.0
A,R04,testing,15,253,1,0.0,0.0,0.0,0.0
A,R04,testing,15,254,1,0.0,0.0,0.0,0.0
A,R04,testing,15,255,1,0.0,0.0,0.0,0.0
A,R04,testing,15,256,1,0.0,0.0,0.0,0.0
A,R04,testing,15,257,1,0.0,0.0,0.0,0.0
A,R04,testing,15,258,1,0.0,0.0,0.0,0.0
A,R04,testing,15,259,1,0.0,0.0,0.0,0.0
A,R04,testing,15,260,1,0.0,0.0,0.0,0.0
A,R04,testing,15,261,1,0.0,0.0,0.0,0.0
A,R04,testing,15,262,1,0.0,0.0,0.0,0.0
A,R04,testing,15,263,1,0.0,0.0,0.0,0.0
A,R04,testing,15,264,1,0.0,0.0,0.0,0.0
A,R04,testing,15,265,1,0.0,0.0,0.0,0.0
A,R04,testing,15,266,1,0.0,0.0,0.0,0.0
A,R04,testing,15,267,1,0.0,0.0,0.0,0.0
A,R04,testing,15,268,1,0.0,0.0,0.0,0.0
A,R04,testing,15,269,1,0.0,0.0,0.0,0.0
A,R04,testing,15,270,1,0.0,0.0,0.0,0.0
A,R04,testing,15,271,1,0.0,0.0,0.0,0.0
A,R04,testing,15,272,1,0.0,0.0,0.0,0.0
A,R04,testing,15,273,1,0.0,0.0,0.0,0.0
A,R04,testing,15,274,1,0.0,0.0,0.0,0.0
A,R04,testing,15,275,1,0.0,0.0,0.0,0.0
A,R04,testing,15,276,1,0.0,0.0,0.0,0.0
A,R04,testing,15,277,1,0.0,0.0,0.0,0.0
A,R04,testing,15,278,1,0.0,0.0,0.0,0.0
A,R04,testing,15,279,1,0.0,0.0,0.0,0.0
A,R04,testing,15,280,1,0.0,0.0,0.0,0.0
A,R04,testing,15,281,1,0.0,0.0,0.0,0.0
A,R04,testing,15,282,1,0.0,0.0,0.0,0.0
A,R04,testing,15,283,1,0.0,0.0,0.0,0.0
A,R04,testing,15,284,1,0.0,0.0,0.0,0.0
A,R04,testing,15,285,1,0.0,0.0,0.0,0.0
A,R04,testing,15,286,1,0.0,0.0,0.0,0.0
A,R04,testing,15,287,1,0.0,0.0,0.0,0.0
A,R04,testing,15,288,1,0.0,0.0,0.0,0.0
A,R04,testing,15,289,1,0.0,0.0,0.0,0.0
A,R04,testing,15,290,1,0.0,0.0,0.0,0.0
A,R04,testing,15,291,1,0.0,0.0,0.0,0.0
A,R04,testing,15,292,1,0.0,0.0,0.0,0.0
A,R04,testing,15,293,1,0.0,0.0,0.0,0.0
A,R04,testing,15,294,1,0.0,0.0,0.0,0.0
A,R04,testing,15,295,1,0.0,0.0,0.0,0.0
A,R04,testing,15,296,1,0.0,0.0,0.0,0.0
A,R04,testing,15,297,1,0.0,0.0,0.0,0.0
A,R04,testing,15,298,1,0.0,0.0,0.0,0.0
A,R04,testing,15,299,1,0.0,0.0,0.0,0.0
A,R04,testing,15,300,1,0.0,0.0,0.0,0.0
A,R04,testing,15,301,1,0.0,0.0,0.0,0.0
A,R04,testing,15,302,1,0.0,0.0,0.0,0.0
A,R04,testing,15,303,1,0.0,0.0,0.0,0.0
A,R04,testing,15,304,1,0.0,0.0,0.0,0.0
A,R04,testing,15,305,1,0.0,0.0,0.0,0.0
A,R04,testing,15,306,1,0.0,0.0,0.0,0.0
A,R04,testing,15,307,1,0.0,0.0,0.0,0.0
A,R04,testing,15,308,1,0.0,0.0,0.0,0.0
A,R04,testing,15,309,1,0.0,0.0,0.0,0.0
A,R04,testing,15,310,1,0.0,0.0,0.0,0.0
A,R04,testing,15,311,1,0.0,0.0,0.0,0.0
A,R04,testing,15,312,1,0.0,0.0,0.0,0.0
A,R04,testing,15,313,1,0.0,0.0,0.0,0.0
A,R04,testing,15,314,1,0.0,0.0,0.0,0.0
A,R04,testing,15,315,1,0.0,0.0,0.0,0.0
A,R04,testing,15,316,1,0.0,0.0,0.0,0.0
A,R04,testing,15,317,1,0.0,0.0,0.0,0.0
A,R04,testing,15,318,1,0.0,0.0,0.0,0.0
A,R04,testing,15,319,1,0.0,0.0,0.0,0.0
A,R04,testing,15,320,1,0.0,0.0,0.0,0.0
A,R04,testing,15,321,1,0.0,0.0,0.0,0.0
A,R04,testing,15,322,1,0.0,0.0,0.0,0.0
A,R04,testing,15,323,1,0.0,0.0,0.0,0.0
A,R04,testing,15,324,1,0.0,0.0,0.0,0.0
A,R04,testing,15,325,1,0.0,0.0,0.0,0.0
A,R04,testing,15,326,1,0.0,0.0,0.0,0.0
A,R04,testing,15,327,1,0.0,0.0,0.0,0.0
A,R04,testing,15,328,1,0.0,0.0,0.0,0.0
A,R04,testing,15,329,1,0.0,0.0,0.0,0.0
A,R04,testing,15,330,1,0.0,0.0,0.0,0.0
A,R04,testing,15,331,1,0.0,0.0,0.0,0.0
A,R04,testing,15,332,1,0.0,0.0,0.0,0.0
A,R04,testing,15,333,1,0.0,0.0,0.0,0.0
A,R04,testing,15,334,1,0.0,0.0,0.0,0.0
A,R04,testing,15,335,1,0.0,0.0,0.0,0.0
A,R04,testing,15,336,1,0.0,0.0,0.0,0.0
A,R04,testing,15,337,1,0.0,0.0,0.0,0.0
A,R04,testing,15,338,1,0.0,0.0,0.0,0.0
A,R04,testing,15,339,1,0.0,0.0,0.0,0.0
A,R04,testing,15,340,1,0.0,0.0,0.0,0.0
A,R04,testing,15,341,1,0.0,0.0,0.0,0.0
A,R04,testing,15,342,1,0.0,0.0,0.0,0.0
A,R04,testing,15,343,1,0.0,0.0,0.0,0.0
A,R04,testing,15,344,1,0.0,0.0,0.0,0.0
A,R04,testing,15,345,1,0.0,0.0,0.0,0.0
A,R04,testing,15,346,1,0.0,0.0,0.0,0.0
A,R04,testing,15,347,1,0.0,0.0,0.0,0.0
A,R04,testing,15,348,1,0.0,0.0,0.0,0.0
A,R04,testing,15,349,1,0.0,0.0,0.0,0.0
A,R04,testing,15,350,1,0.0,0.0,0.0,0.0
A,R04,testing,15,351,1,0.0,0.0,0.0,0.0
A,R04,testing,15,352,1,0.0,0.0,0.0,0.0
A,R04,testing,15,353,1,0.0,0.0,0.0,0.0
A,R04,testing,15,354,1,0.0,0.0,0.0,0.0
A,R04,testing,15,355,1,0.0,0.0,0.0,0.0
A,R04,testing,15,356,1,0.0,0.0,0.0,0.0
A,R04,testing,15,357,1,0.0,0.0,0.0,0.0
A,R04,testing,15,358,1,0.0,0.0,0.0,0.0
A,R04,testing,15,359,1,0.0,0.0,0.0,0.0
A,R04,testing,15,360,1,0.0,0.0,0.0,0.0
A,R04,testing,15,361,1,0.0,0.0,0.0,0.0
A,R04,testing,15,362,1,0.0,0.0,0.0,0.0
A,R04,testing,15,363,1,0.0,0.0,0.0,0.0
A,R04,testing,15,364,1,0.0,0.0,0.0,0.0
A,R04,testing,15,365,1,0.0,0.0,0.0,0.0
A,R04,testing,15,366,1,0.0,0.0,0.0,0.0
A,R04,testing,15,367,1,0.0,0.0,0.0,0.0
A,R04,testing,15,368,1,0.0,0.0,0.0,0.0
A,R04,testing,15,369,1,0.0,0.0,0.0,0.0
A,R04,testing,15,370,1,0.0,0.0,0.0,0.0
A,R04,testing,15,371,1,0.0,0.0,0.0,0.0
A,R04,testing,15,372,1,0.0,0.0,0.0,0.0
A,R04,testing,15,373,1,0.0,0.0,0.0,0.0
A,R04,testing,15,374,1,0.0,0.0,0.0,0.0
A,R04,testing,15,375,1,0.0,0.0,0.0,0.0
B,R04,testing,15,0,0,0.0,0.0,0.10687952858131475,0.06517052533547164
B,R04,testing,15,1,0,0.0,0.0,0.10687952858131475,0.06551532011852888
B,R04,testing,15,2,0,0.0,0.0,0.10687952858131475,0.06586007566369045
B,R04,testing,15,3,0,0.0,0.0,0.10687952858131475,0.06620477220485034
B,R04,testing,15,4,0,0.0,0.0,0.10687952858131475,0.06654938987719221
B,R04,testing,15,5,0,0.0,0.0,0.10687952858131475,0.06689390871892678
B,R04,testing,15,6,0,0.0,0.0,0.10687952858131475,0.06723830867305207
B,R04,testing,15,7,0,0.0,0.0,0.10687952858131475,0.06758256958913615
B,R04,testing,15,8,0,0.0,0.0,0.10687952858131475,0.0679266712251225
B,R04,testing,15,9,0,0.0,0.0,0.10687952858131475,0.06827059324915756
B,R04,testing,15,10,0,0.0,0.0,0.10687952858131475,0.06861431524144035
B,R04,testing,15,11,0,0.0,0.0,0.10687952858131475,0.06895781669609394
B,R04,testing,15,12,0,0.0,0.0,0.10687952858131475,0.06930107702305865
B,R04,testing,15,13,0,0.0,0.0,0.10687952858131475,0.06964407555000655
B,R04,testing,15,14,0,0.0,0.0,0.10687952858131475,0.06998679152427736
B,R04,testing,15,15,0,0.0,0.0,0.10687952858131475,0.0703292041148352
B,R04,testing,15,16,0,0.0,0.49968658029628926,0.1084839610273457,0.07173218139885744
B,R04,testing,15,17,0,0.0,0.49968658029628926,0.1084839610273457,0.07207905453399147
B,R04,testing,15,18,0,0.0,0.49968658029628926,0.1084839610273457,0.0724255558427734
B,R04,testing,15,19,0,0.0,0.49968658029628926,0.1084839610273457,0.07277166388353173
B,R04,testing,15,20,0,0.0,0.49968658029628926,0.1084839610273457,0.07311735714528518
B,R04,testing,15,21,0,0.0,0.49968658029628926,0.1084839610273457,0.0734626140498517
B,R04,testing,15,22,0,0.0,0.49968658029628926,0.1084839610273457,0.07380741295397716
B,R04,testing,15,23,0,0.0,0.49968658029628926,0.1084839610273457,0.0741517321514831
B,R04,testing,15,24,0,0.0,0.49968658029628926,0.1084839610273457,0.07449554987543379
B,R04,testing,15,25,0,0.0,0.49968658029628926,0.1084839610273457,0.07483884430032185
B,R04,testing,15,26,0,0.0,0.49968658029628926,0.1084839610273457,0.07518159354427247
B,R04,testing,15,27,0,0.0,0.49968658029628926,0.1084839610273457,0.0755237756712657
B,R04,testing,15,28,0,0.0,0.49968658029628926,0.1084839610273457,0.07586536869337665
B,R04,testing,15,29,0,0.0,0.49968658029628926,0.1084839610273457,0.07620635057303345
B,R04,testing,15,30,0,0.0,0.49968658029628926,0.1084839610273457,0.07654669922529216
B,R04,testing,15,31,0,0.0,0.49968658029628926,0.1084839610273457,0.07688639252012897
B,R04,testing,15,32,0,1.0,0.5003134197037108,0.10902409347674148,0.07760990704878203
B,R04,testing,15,33,0,1.0,0.5003134197037108,0.10902409347674148,0.07794990751674562
B,R04,testing,15,34,0,1.0,0.5003134197037108,0.10902409347674148,0.0782891823951542
B,R04,testing,15,35,0,1.0,0.5003134197037108,0.10902409347674148,0.07862770928594792
B,R04,testing,15,36,0,1.0,0.5003134197037108,0.10902409347674148,0.07896546575752468
B,R04,testing,15,37,0,1.0,0.5003134197037108,0.10902409347674148,0.07930242934713914
B,R04,testing,15,38,0,1.0,0.5003134197037108,0.10902409347674148,0.07963857756331666
B,R04,testing,15,39,0,1.0,0.5003134197037108,0.10902409347674148,0.07997388788828133
B,R04,testing,15,40,0,1.0,0.5003134197037108,0.10902409347674148,0.08030833778039842
B,R04,testing,15,41,0,1.0,0.5003134197037108,0.10902409347674148,0.08064190467663024
B,R04,testing,15,42,0,1.0,0.5003134197037108,0.10902409347674148,0.08097456599500547
B,R04,testing,15,43,0,1.0,0.5003134197037108,0.10902409347674148,0.08130629913710148
B,R04,testing,15,44,0,1.0,0.5003134197037108,0.10902409347674148,0.08163708149053919
B,R04,testing,15,45,0,1.0,0.5003134197037108,0.10902409347674148,0.08196689043149023
B,R04,testing,15,46,0,1.0,0.5003134197037108,0.10902409347674148,0.08229570332719588
B,R04,testing,15,47,0,1.0,0.5003134197037108,0.10902409347674148,0.08262349753849754
B,R04,testing,15,48,0,0.0,0.49966024081511345,0.10848392298415493,0.0825392653253971
B,R04,testing,15,49,0,0.0,0.49966024081511345,0.10848392298415493,0.08286334058008939
B,R04,testing,15,50,0,0.0,0.49966024081511345,0.10848392298415493,0.0831863346037105
B,R04,testing,15,51,0,0.0,0.49966024081511345,0.10848392298415493,0.08350822486919139
B,R04,testing,15,52,0,0.0,0.49966024081511345,0.10848392298415493,0.08382898885584235
B,R04,testing,15,53,0,0.0,0.49966024081511345,0.10848392298415493,0.08414860405193124
B,R04,testing,15,54,1,0.0,0.49966024081511345,0.10848392298415493,0.08446704795727049
B,R04,testing,15,55,1,0.0,0.49966024081511345,0.10848392298415493,0.08478429808581235
B,R04,testing,15,56,1,0.0,0.49966024081511345,0.10848392298415493,0.08510033196825197
B,R04,testing,15,57,1,0.0,0.49966024081511345,0.10848392298415493,0.08541512715463787
B,R04,testing,15,58,1,0.0,0.49966024081511345,0.10848392298415493,0.08572866121698959
B,R04,testing,15,59,1,0.0,0.49966024081511345,0.10848392298415493,0.08604091175192183
B,R04,testing,15,60,1,0.0,0.49966024081511345,0.10848392298415493,0.0863518563832747
B,R04,testing,15,61,1,0.0,0.49966024081511345,0.10848392298415493,0.08666147276474996
B,R04,testing,15,62,1,0.0,0.49966024081511345,0.10848392298415493,0.08696973858255236
B,R04,testing,15,63,1,0.0,0.49966024081511345,0.10848392298415493,0.087276631558036
B,R04,testing,15,64,1,0.0,0.0,0.10687945362396419,0.08628679610198539
B,R04,testing,15,65,1,0.0,0.0,0.10687945362396419,0.08658637938057945
B,R04,testing,15,66,1,0.0,0.0,0.10687945362396419,0.08688454450756665
B,R04,testing,15,67,1,0.0,0.0,0.10687945362396419,0.0871812696984723
B,R04,testing,15,68,1,0.0,0.0,0.10687945362396419,0.08747653321654464
B,R04,testing,15,69,1,0.0,0.0,0.10687945362396419,0.087770313375382
B,R04,testing,15,70,1,0.0,0.0,0.10687945362396419,0.08806258854156174
B,R04,testing,15,71,1,0.0,0.0,0.10687945362396419,0.08835333713727057
B,R04,testing,15,72,1,0.0,0.0,0.10687945362396419,0.08864253764293578
B,R04,testing,15,73,1,0.0,0.0,0.10687945362396419,0.08893016859985693
B,R04,testing,15,74,1,0.0,0.0,0.10687945362396419,0.08921620861283755
B,R04,testing,15,75,1,0.0,0.0,0.10687945362396419,0.08950063635281645
B,R04,testing,15,76,1,0.0,0.0,0.10687945362396419,0.08978343055949818
B,R04,testing,15,77,1,0.0,0.0,0.10687945362396419,0.0900645700439821
B,R04,testing,15,78,1,0.0,0.0,0.10687945362396419,0.09034403369138976
B,R04,testing,15,79,1,0.0,0.0,0.10687945362396419,0.09062180046348993
B,R04,testing,15,80,1,0.0,0.0,0.1042579088331132,0.08866830222908373
B,R04,testing,15,81,1,0.0,0.0,0.1042579088331132,0.08893588416008787
B,R04,testing,15,82,1,0.0,0.0,0.1042579088331132,0.08920174974438617
B,R04,testing,15,83,1,0.0,0.0,0.1042579088331132,0.0894658787843918
B,R04,testing,15,84,1,0.0,0.0,0.1042579088331132,0.08972825117004064
B,R04,testing,15,85,1,0.0,0.0,0.1042579088331132,0.08998884688132996
B,R04,testing,15,86,1,0.0,0.0,0.1042579088331132,0.09024764599085133
B,R04,testing,15,87,1,0.0,0.0,0.1042579088331132,0.09050462866631812
B,R04,testing,15,88,1,0.0,0.0,0.1042579088331132,0.0907597751730867
B,R04,testing,15,89,1,0.0,0.0,0.1042579088331132,0.09101306587667102
B,R04,testing,15,90,1,0.0,0.0,0.1042579088331132,0.09126448124525019
B,R04,testing,15,91,1,0.0,0.0,0.1042579088331132,0.09151400185216849
B,R04,testing,15,92,1,0.0,0.0,0.1042579088331132,0.09176160837842745
B,R04,testing,15,93,1,0.0,0.0,0.1042579088331132,0.09200728161516954
B,R04,testing,15,94,1,0.0,0.0,0.1042579088331132,0.09225100246615293
B,R04,testing,15,95,1,0.0,0.0,0.1042579088331132,0.09249275195021714
B,R04,testing,15,96,1,0.0,0.0,0.10069542258728773,0.08956384707646389
B,R04,testing,15,97,1,0.0,0.0,0.10069542258728773,0.0897934734435775
B,R04,testing,15,98,1,0.0,0.0,0.10069542258728773,0.09002114149809344
B,R04,testing,15,99,1,0.0,0.0,0.10069542258728773,0.09024683337565048
B,R04,testing,15,100,1,0.0,0.0,0.10069542258728773,0.09047053133479331
B,R04,testing,15,101,1,0.0,0.0,0.10069542258728773,0.09069221775929086
B,R04,testing,15,102,1,0.0,0.0,0.10069542258728773,0.0909118751604428
B,R04,testing,15,103,1,0.0,0.0,0.10069542258728773,0.09112948617937382
B,R04,testing,15,104,1,0.0,0.0,0.10069542258728773,0.0913450335893148
B,R04,testing,15,105,1,0.0,0.0,0.10069542258728773,0.09155850029787103
B,R04,testing,15,106,1,0.0,0.0,0.10069542258728773,0.09176986934927665
B,R04,testing,15,107,1,0.0,0.0,0.10069542258728773,0.09197912392663507
B,R04,testing,15,108,1,0.0,0.0,0.10069542258728773,0.09218624735414495
B,R04,testing,15,109,1,0.0,0.0,0.10069542258728773,0.09239122309931132
B,R04,testing,15,110,1,0.0,0.0,0.10069542258728773,0.09259403477514135
B,R04,testing,15,111,1,0.0,0.0,0.10069542258728773,0.09279466614232444
B,R04,testing,15,112,1,0.0,0.0,0.09629336692224677,0.08892776430621736
B,R04,testing,15,113,1,0.0,0.0,0.09629336692224677,0.08911540876472031
B,R04,testing,15,114,1,0.0,0.0,0.09629336692224677,0.08930092250995
B,R04,testing,15,115,1,0.0,0.0,0.09629336692224677,0.08948429059796119
B,R04,testing,15,116,1,0.0,0.0,0.09629336692224677,0.08966549823622019
B,R04,testing,15,117,1,0.0,0.0,0.09629336692224677,0.08984453078559156
B,R04,testing,15,118,1,0.0,0.0,0.09629336692224677,0.09002137376230711
B,R04,testing,15,119,1,0.0,0.0,0.09629336692224677,0.090196012839917
B,R04,testing,15,120,1,0.0,0.0,0.09629336692224677,0.0903684338512222
B,R04,testing,15,121,1,0.0,0.0,0.09629336692224677,0.09053862279018837
B,R04,testing,15,122,1,0.0,0.0,0.09629336692224677,0.0907065658138405
B,R04,testing,15,123,1,0.0,0.0,0.09629336692224677,0.09087224924413814
B,R04,testing,15,124,1,0.0,0.0,0.09629336692224677,0.09103565956983066
B,R04,testing,15,125,1,0.0,0.0,0.09629336692224677,0.09119678344829245
B,R04,testing,15,126,1,0.0,0.0,0.09629336692224677,0.09135560770733747
B,R04,testing,15,127,1,0.0,0.0,0.09629336692224677,0.09151211934701294
B,R04,testing,15,128,1,0.0,0.0,0.09117356296164159,0.08679251693925845
B,R04,testing,15,129,1,0.0,0.0,0.09117356296164159,0.08693629145502998
B,R04,testing,15,130,1,0.0,0.0,0.09117356296164159,0.08707784037950973
B,R04,testing,15,131,1,0.0,0.0,0.09117356296164159,0.08721715207281644
B,R04,testing,15,132,1,0.0,0.0,0.09117356296164159,0.08735421506632834
B,R04,testing,15,133,1,0.0,0.0,0.09117356296164159,0.08748901806425605
B,R04,testing,15,134,1,0.0,0.0,0.09117356296164159,0.08762154994519354
B,R04,testing,15,135,1,0.0,0.0,0.09117356296164159,0.08775179976364679
B,R04,testing,15,136,1,0.0,0.0,0.09117356296164159,0.08787975675154
B,R04,testing,15,137,1,0.0,0.0,0.09117356296164159,0.08800541031969876
B,R04,testing,15,138,1,0.0,0.0,0.09117356296164159,0.08812875005931026
B,R04,testing,15,139,1,0.0,0.0,0.09117356296164159,0.08824976574335992
B,R04,testing,15,140,1,0.0,0.0,0.09117356296164159,0.08836844732804448
B,R04,testing,15,141,1,0.0,0.0,0.09117356296164159,0.08848478495416093
B,R04,testing,15,142,1,0.0,0.0,0.09117356296164159,0.08859876894847134
B,R04,testing,15,143,1,0.0,0.0,0.09117356296164159,0.08871038982504313
B,R04,testing,15,144,1,0.0,0.0,0.05900604660067784,0.05748262484814071
B,R04,testing,15,145,1,0.0,0.0,0.05900604660067784,0.05755178739243585
B,R04,testing,15,146,1,0.0,0.0,0.05900604660067784,0.05761940288371202
B,R04,testing,15,147,1,0.0,0.0,0.05900604660067784,0.05768546567606284
B,R04,testing,15,148,1,0.0,0.0,0.05900604660067784,0.05774997024889624
B,R04,testing,15,149,1,0.0,0.0,0.05900604660067784,0.057812911207703176
B,R04,testing,15,150,1,0.0,0.0,0.05900604660067784,0.05787428328480955
B,R04,testing,15,151,1,0.0,0.0,0.05900604660067784,0.057934081340110875
B,R04,testing,15,152,1,0.0,0.0,0.05900604660067784,0.05799230036178973
B,R04,testing,15,153,1,0.0,0.0,0.05900604660067784,0.05804893546701577
B,R04,testing,15,154,1,0.0,0.0,0.05900604660067784,0.058103981902628256
B,R04,testing,15,155,1,0.0,0.0,0.05900604660067784,0.05815743504580085
B,R04,testing,15,156,1,0.0,0.0,0.05900604660067784,0.05820929040468862
B,R04,testing,15,157,1,0.0,0.0,0.05900604660067784,0.05825954361905712
B,R04,testing,15,158,1,0.0,0.0,0.05900604660067784,0.058308190460893444
B,R04,testing,15,159,1,0.0,0.0,0.05900604660067784,0.058355226834999
B,R04,testing,15,160,1,0.0,0.0,0.028526472702685685,0.028233793131469207
B,R04,testing,15,161,1,0.0,0.0,0.028526472702685685,0.028254970023635955
B,R04,testing,15,162,1,0.0,0.0,0.028526472702685685,0.028275362783709197
B,R04,testing,15,163,1,0.0,0.0,0.028526472702685685,0.02829496969139002
B,R04,testing,15,164,1,0.0,0.0,0.028526472702685685,0.02831378909188796
B,R04,testing,15,165,1,0.0,0.0,0.028526472702685685,0.02833181939615372
B,R04,testing,15,166,1,0.0,0.0,0.028526472702685685,0.02834905908110283
B,R04,testing,15,167,1,0.0,0.0,0.028526472702685685,0.028365506689830046
B,R04,testing,15,168,1,0.0,0.0,0.028526472702685685,0.028381160831814578
B,R04,testing,15,169,1,0.0,0.0,0.028526472702685685,0.028396020183116003
B,R04,testing,15,170,1,0.0,0.0,0.028526472702685685,0.028410083486560853
B,R04,testing,15,171,1,0.0,0.0,0.028526472702685685,0.02842334955191995
B,R04,testing,15,172,1,0.0,0.0,0.028526472702685685,0.028435817256076232
B,R04,testing,15,173,1,0.0,0.0,0.028526472702685685,0.028447485543183246
B,R04,testing,15,174,1,0.0,0.0,0.028526472702685685,0.02845835342481419
B,R04,testing,15,175,1,0.0,0.0,0.028526472702685685,0.028468419980101432
B,R04,testing,15,176,1,0.0,0.0,0.0,0.0
B,R04,testing,15,177,1,0.0,0.0,0.0,0.0
B,R04,testing,15,178,1,0.0,0.0,0.0,0.0
B,R04,testing,15,179,1,0.0,0.0,0.0,0.0
B,R04,testing,15,180,1,0.0,0.0,0.0,0.0
B,R04,testing,15,181,1,0.0,0.0,0.0,0.0
B,R04,testing,15,182,1,0.0,0.0,0.0,0.0
B,R04,testing,15,183,1,0.0,0.0,0.0,0.0
B,R04,testing,15,184,1,0.0,0.0,0.0,0.0
B,R04,testing,15,185,1,0.0,0.0,0.0,0.0
B,R04,testing,15,186,1,0.0,0.0,0.0,0.0
B,R04,testing,15,187,1,0.0,0.0,0.0,0.0
B,R04,testing,15,188,1,0.0,0.0,0.0,0.0
B,R04,testing,15,189,1,0.0,0.0,0.0,0.0
B,R04,testing,15,190,1,0.0,0.0,0.0,0.0
B,R04,testing,15,191,1,0.0,0.0,0.0,0.0
B,R04,testing,15,192,1,0.0,0.0,0.0,0.0
B,R04,testing,15,193,1,0.0,0.0,0.0,0.0
B,R04,testing,15,194,1,0.0,0.0,0.0,0.0
B,R04,testing,15,195,1,0.0,0.0,0.0,0.0
B,R04,testing,15,196,1,0.0,0.0,0.0,0.0
B,R04,testing,15,197,1,0.0,0.0,0.0,0.0
B,R04,testing,15,198,1,0.0,0.0,0.0,0.0
B,R04,testing,15,199,1,0.0,0.0,0.0,0.0
B,R04,testing,15,200,1,0.0,0.0,0.0,0.0
B,R04,testing,15,201,1,0.0,0.0,0.0,0.0
B,R04,testing,15,202,1,0.0,0.0,0.0,0.0
B,R04,testing,15,203,1,0.0,0.0,0.0,0.0
B,R04,testing,15,204,1,0.0,0.0,0.0,0.0
B,R04,testing,15,205,1,0.0,0.0,0.0,0.0
B,R04,testing,15,206,1,0.0,0.0,0.0,0.0
B,R04,testing,15,207,1,0.0,0.0,0.0,0.0
B,R04,testing,15,208,1,0.0,0.0,0.0,0.0
B,R04,testing,15,209,1,0.0,0.0,0.0,0.0
B,R04,testing,15,210,1,0.0,0.0,0.0,0.0
B,R04,testing,15,211,1,0.0,0.0,0.0,0.0
B,R04,testing,15,212,1,0.0,0.0,0.0,0.0
B,R04,testing,15,213,1,0.0,0.0,0.0,0.0
B,R04,testing,15,214,1,0.0,0.0,0.0,0.0
B,R04,testing,15,215,1,0.0,0.0,0.0,0.0
B,R04,testing,15,216,1,0.0,0.0,0.0,0.0
B,R04,testing,15,217,1,0.0,0.0,0.0,0.0
B,R04,testing,15,218,1,0.0,0.0,0.0,0.0
B,R04,testing,15,219,1,0.0,0.0,0.0,0.0
B,R04,testing,15,220,1,0.0,0.0,0.0,0.0
B,R04,testing,15,221,1,0.0,0.0,0.0,0.0
B,R04,testing,15,222,1,0.0,0.0,0.0,0.0
B,R04,testing,15,223,1,0.0,0.0,0.0,0.0
B,R04,testing,15,224,1,0.0,0.0,0.0,0.0
B,R04,testing,15,225,1,0.0,0.0,0.0,0.0
B,R04,testing,15,226,1,0.0,0.0,0.0,0.0
B,R04,testing,15,227,1,0.0,0.0,0.0,0.0
B,R04,testing,15,228,1,0.0,0.0,0.0,0.0
B,R04,testing,15,229,1,0.0,0.0,0.0,0.0
B,R04,testing,15,230,1,0.0,0.0,0.0,0.0
B,R04,testing,15,231,1,0.0,0.0,0.0,0.0
B,R04,testing,15,232,1,0.0,0.0,0.0,0.0
B,R04,testing,15,233,1,0.0,0.0,0.0,0.0
B,R04,testing,15,234,1,0.0,0.0,0.0,0.0
B,R04,testing,15,235,1,0.0,0.0,0.0,0.0
B,R04,testing,15,236,1,0.0,0.0,0.0,0.0
B,R04,testing,15,237,1,0.0,0.0,0.0,0.0
B,R04,testing,15,238,1,0.0,0.0,0.0,0.0
B,R04,testing,15,239,1,0.0,0.0,0.0,0.0
B,R04,testing,15,240,1,0.0,0.0,0.0,0.0
B,R04,testing,15,241,1,0.0,0.0,0.0,0.0
B,R04,testing,15,242,1,0.0,0.0,0.0,0.0
B,R04,testing,15,243,1,0.0,0.0,0.0,0.0
B,R04,testing,15,244,1,0.0,0.0,0.0,0.0
B,R04,testing,15,245,1,0.0,0.0,0.0,0.0
B,R04,testing,15,246,1,0.0,0.0,0.0,0.0
B,R04,testing,15,247,1,0.0,0.0,0.0,0.0
B,R04,testing,15,248,1,0.0,0.0,0.0,0.0
B,R04,testing,15,249,1,0.0,0.0,0.0,0.0
B,R04,testing,15,250,1,0.0,0.0,0.0,0.0
B,R04,testing,15,251,1,0.0,0.0,0.0,0.0
B,R04,testing,15,252,1,0.0,0.0,0.0,0.0
B,R04,testing,15,253,1,0.0,0.0,0.0,0.0
B,R04,testing,15,254,1,0.0,0.0,0.0,0.0
B,R04,testing,15,255,1,0.0,0.0,0.0,0.0
B,R04,testing,15,256,1,0.0,0.0,0.0,0.0
B,R04,testing,15,257,1,0.0,0.0,0.0,0.0
B,R04,testing,15,258,1,0.0,0.0,0.0,0.0
B,R04,testing,15,259,1,0.0,0.0,0.0,0.0
B,R04,testing,15,260,1,0.0,0.0,0.0,0.0
B,R04,testing,15,261,1,0.0,0.0,0.0,0.0
B,R04,testing,15,262,1,0.0,0.0,0.0,0.0
B,R04,testing,15,263,1,0.0,0.0,0.0,0.0
B,R04,testing,15,264,1,0.0,0.0,0.0,0.0
B,R04,testing,15,265,1,0.0,0.0,0.0,0.0
B,R04,testing,15,266,1,0.0,0.0,0.0,0.0
B,R04,testing,15,267,1,0.0,0.0,0.0,0.0
B,R04,testing,15,268,1,0.0,0.0,0.0,0.0
B,R04,testing,15,269,1,0.0,0.0,0.0,0.0
B,R04,testing,15,270,1,0.0,0.0,0.0,0.0
B,R04,testing,15,271,1,0.0,0.0,0.0,0.0
B,R04,testing,15,272,1,0.0,0.0,0.0,0.0
B,R04,testing,15,273,1,0.0,0.0,0.0,0.0
B,R04,testing,15,274,1,0.0,0.0,0.0,0.0
B,R04,testing,15,275,1,0.0,0.0,0.0,0.0
B,R04,testing,15,276,1,0.0,0.0,0.0,0.0
B,R04,testing,15,277,1,0.0,0.0,0.0,0.0
B,R04,testing,15,278,1,0.0,0.0,0.0,0.0
B,R04,testing,15,279,1,0.0,0.0,0.0,0.0
B,R04,testing,15,280,1,0.0,0.0,0.0,0.0
B,R04,testing,15,281,1,0.0,0.0,0.0,0.0
B,R04,testing,15,282,1,0.0,0.0,0.0,0.0
B,R04,testing,15,283,1,0.0,0.0,0.0,0.0
B,R04,testing,15,284,1,0.0,0.0,0.0,0.0
B,R04,testing,15,285,1,0.0,0.0,0.0,0.0
B,R04,testing,15,286,1,0.0,0.0,0.0,0.0
B,R04,testing,15,287,1,0.0,0.0,0.0,0.0
B,R04,testing,15,288,1,0.0,0.0,0.0,0.0
B,R04,testing,15,289,1,0.0,0.0,0.0,0.0
B,R04,testing,15,290,1,0.0,0.0,0.0,0.0
B,R04,testing,15,291,1,0.0,0.0,0.0,0.0
B,R04,testing,15,292,1,0.0,0.0,0.0,0.0
B,R04,testing,15,293,1,0.0,0.0,0.0,0.0
B,R04,testing,15,294,1,0.0,0.0,0.0,0.0
B,R04,testing,15,295,1,0.0,0.0,0.0,0.0
B,R04,testing,15,296,1,0.0,0.0,0.0,0.0
B,R04,testing,15,297,1,0.0,0.0,0.0,0.0
B,R04,testing,15,298,1,0.0,0.0,0.0,0.0
B,R04,testing,15,299,1,0.0,0.0,0.0,0.0
B,R04,testing,15,300,1,0.0,0.0,0.0,0.0
B,R04,testing,15,301,1,0.0,0.0,0.0,0.0
B,R04,testing,15,302,1,0.0,0.0,0.0,0.0
B,R04,testing,15,303,1,0.0,0.0,0.0,0.0
B,R04,testing,15,304,1,0.0,0.0,0.0,0.0
B,R04,testing,15,305,1,0.0,0.0,0.0,0.0
B,R04,testing,15,306,1,0.0,0.0,0.0,0.0
B,R04,testing,15,307,1,0.0,0.0,0.0,0.0
B,R04,testing,15,308,1,0.0,0.0,0.0,0.0
B,R04,testing,15,309,1,0.0,0.0,0.0,0.0
B,R04,testing,15,310,1,0.0,0.0,0.0,0.0
B,R04,testing,15,311,1,0.0,0.0,0.0,0.0
B,R04,testing,15,312,1,0.0,0.0,0.0,0.0
B,R04,testing,15,313,1,0.0,0.0,0.0,0.0
B,R04,testing,15,314,1,0.0,0.0,0.0,0.0
B,R04,testing,15,315,1,0.0,0.0,0.0,0.0
B,R04,testing,15,316,1,0.0,0.0,0.0,0.0
B,R04,testing,15,317,1,0.0,0.0,0.0,0.0
B,R04,testing,15,318,1,0.0,0.0,0.0,0.0
B,R04,testing,15,319,1,0.0,0.0,0.0,0.0
B,R04,testing,15,320,1,0.0,0.0,0.0,0.0
B,R04,testing,15,321,1,0.0,0.0,0.0,0.0
B,R04,testing,15,322,1,0.0,0.0,0.0,0.0
B,R04,testing,15,323,1,0.0,0.0,0.0,0.0
B,R04,testing,15,324,1,0.0,0.0,0.0,0.0
B,R04,testing,15,325,1,0.0,0.0,0.0,0.0
B,R04,testing,15,326,1,0.0,0.0,0.0,0.0
B,R04,testing,15,327,1,0.0,0.0,0.0,0.0
B,R04,testing,15,328,1,0.0,0.0,0.0,0.0
B,R04,testing,15,329,1,0.0,0.0,0.0,0.0
B,R04,testing,15,330,1,0.0,0.0,0.0,0.0
B,R04,testing,15,331,1,0.0,0.0,0.0,0.0
B,R04,testing,15,332,1,0.0,0.0,0.0,0.0
B,R04,testing,15,333,1,0.0,0.0,0.0,0.0
B,R04,testing,15,334,1,0.0,0.0,0.0,0.0
B,R04,testing,15,335,1,0.0,0.0,0.0,0.0
B,R04,testing,15,336,1,0.0,0.0,0.0,0.0
B,R04,testing,15,337,1,0.0,0.0,0.0,0.0
B,R04,testing,15,338,1,0.0,0.0,0.0,0.0
B,R04,testing,15,339,1,0.0,0.0,0.0,0.0
B,R04,testing,15,340,1,0.0,0.0,0.0,0.0
B,R04,testing,15,341,1,0.0,0.0,0.0,0.0
B,R04,testing,15,342,1,0.0,0.0,0.0,0.0
B,R04,testing,15,343,1,0.0,0.0,0.0,0.0
B,R04,testing,15,344,1,0.0,0.0,0.0,0.0
B,R04,testing,15,345,1,0.0,0.0,0.0,0.0
B,R04,testing,15,346,1,0.0,0.0,0.0,0.0
B,R04,testing,15,347,1,0.0,0.0,0.0,0.0
B,R04,testing,15,348,1,0.0,0.0,0.0,0.0
B,R04,testing,15,349,1,0.0,0.0,0.0,0.0
B,R04,testing,15,350,1,0.0,0.0,0.0,0.0
B,R04,testing,15,351,1,0.0,0.0,0.0,0.0
B,R04,testing,15,352,1,0.0,0.0,0.0,0.0
B,R04,testing,15,353,1,0.0,0.0,0.0,0.0
B,R04,testing,15,354,1,0.0,0.0,0.0,0.0
B,R04,testing,15,355,1,0.0,0.0,0.0,0.0
B,R04,testing,15,356,1,0.0,0.0,0.0,0.0
B,R04,testing,15,357,1,0.0,0.0,0.0,0.0
B,R04,testing,15,358,1,0.0,0.0,0.0,0.0
B,R04,testing,15,359,1,0.0,0.0,0.0,0.0
B,R04,testing,15,360,1,0.0,0.0,0.0,0.0
B,R04,testing,15,361,1,0.0,0.0,0.0,0.0
B,R04,testing,15,362,1,0.0,0.0,0.0,0.0
B,R04,testing,15,363,1,0.0,0.0,0.0,0.0
B,R04,testing,15,364,1,0.0,0.0,0.0,0.0
B,R04,testing,15,365,1,0.0,0.0,0.0,0.0
B,R04,testing,15,366,1,0.0,0.0,0.0,0.0
B,R04,testing,15,367,1,0.0,0.0,0.0,0.0
B,R04,testing,15,368,1,0.0,0.0,0.0,0.0
B,R04,testing,15,369,1,0.0,0.0,0.0,0.0
B,R04,testing,15,370,1,0.0,0.0,0.0,0.0
B,R04,testing,15,371,1,0.0,0.0,0.0,0.0
B,R04,testing,15,372,1,0.0,0.0,0.0,0.0
B,R04,testing,15,373,1,0.0,0.0,0.0,0.0
B,R04,testing,15,374,1,0.0,0.0,0.0,0.0
B,R04,testing,15,375,1,0.0,0.0,0.0,0.0
C,R04,testing,15,0,0,0.0,0.0,0.0,0.0
C,R04,testing,15,1,0,0.0,0.0,0.0,0.0
C,R04,testing,15,2,0,0.0,0.0,0.0,0.0
C,R04,testing,15,3,0,0.0,0.0,0.0,0.0
C,R04,testing,15,4,0,0.0,0.0,0.0,0.0
C,R04,testing,15,5,0,0.0,0.0,0.0,0.0
C,R04,testing,15,6,0,0.0,0.0,0.0,0.0
C,R04,testing,15,7,0,0.0,0.0,0.0,0.0
C,R04,testing,15,8,0,0.0,0.0,0.0,0.0
C,R04,testing,15,9,0,0.0,0.0,0.0,0.0
C,R04,testing,15,10,0,0.0,0.0,0.0,0.0
C,R04,testing,15,11,0,0.0,0.0,0.0,0.0
C,R04,testing,15,12,0,0.0,0.0,0.0,0.0
C,R04,testing,15,13,0,0.0,0.0,0.0,0.0
C,R04,testing,15,14,0,0.0,0.0,0.0,0.0
C,R04,testing,15,15,0,0.0,0.0,0.0,0.0
C,R04,testing,15,16,0,0.0,0.0,0.0,0.0
C,R04,testing,15,17,0,0.0,0.0,0.0,0.0
C,R04,testing,15,18,0,0.0,0.0,0.0,0.0
C,R04,testing,15,19,0,0.0,0.0,0.0,0.0
C,R04,testing,15,20,0,0.0,0.0,0.0,0.0
C,R04,testing,15,21,0,0.0,0.0,0.0,0.0
C,R04,testing,15,22,0,0.0,0.0,0.0,0.0
C,R04,testing,15,23,0,0.0,0.0,0.0,0.0
C,R04,testing,15,24,0,0.0,0.0,0.0,0.0
C,R04,testing,15,25,0,0.0,0.0,0.0,0.0
C,R04,testing,15,26,0,0.0,0.0,0.0,0.0
C,R04,testing,15,27,0,0.0,0.0,0.0,0.0
C,R04,testing,15,28,0,0.0,0.0,0.0,0.0
C,R04,testing,15,29,0,0.0,0.0,0.0,0.0
C,R04,testing,15,30,0,0.0,0.0,0.0,0.0
C,R04,testing,15,31,0,0.0,0.0,0.0,0.0
C,R04,testing,15,32,0,0.0,0.0,0.0,0.0
C,R04,testing,15,33,0,0.0,0.0,0.0,0.0
C,R04,testing,15,34,0,0.0,0.0,0.0,0.0
C,R04,testing,15,35,0,0.0,0.0,0.0,0.0
C,R04,testing,15,36,0,0.0,0.0,0.0,0.0
C,R04,testing,15,37,0,0.0,0.0,0.0,0.0
C,R04,testing,15,38,0,0.0,0.0,0.0,0.0
C,R04,testing,15,39,0,0.0,0.0,0.0,0.0
C,R04,testing,15,40,0,0.0,0.0,0.0,0.0
C,R04,testing,15,41,0,0.0,0.0,0.0,0.0
C,R04,testing,15,42,0,0.0,0.0,0.0,0.0
C,R04,testing,15,43,0,0.0,0.0,0.0,0.0
C,R04,testing,15,44,0,0.0,0.0,0.0,0.0
C,R04,testing,15,45,0,0.0,0.0,0.0,0.0
C,R04,testing,15,46,0,0.0,0.0,0.0,0.0
C,R04,testing,15,47,0,0.0,0.0,0.0,0.0
C,R04,testing,15,48,0,0.0,0.0,0.0,0.0
C,R04,testing,15,49,0,0.0,0.0,0.0,0.0
C,R04,testing,15,50,0,0.0,0.0,0.0,0.0
C,R04,testing,15,51,0,0.0,0.0,0.0,0.0
C,R04,testing,15,52,0,0.0,0.0,0.0,0.0
C,R04,testing,15,53,0,0.0,0.0,0.0,0.0
C,R04,testing,15,54,1,0.0,0.0,0.0,0.0
C,R04,testing,15,55,1,0.0,0.0,0.0,0.0
C,R04,testing,15,56,1,0.0,0.0,0.0,0.0
C,R04,testing,15,57,1,0.0,0.0,0.0,0.0
C,R04,testing,15,58,1,0.0,0.0,0.0,0.0
C,R04,testing,15,59,1,0.0,0.0,0.0,0.0
C,R04,testing,15,60,1,0.0,0.0,0.0,0.0
C,R04,testing,15,61,1,0.0,0.0,0.0,0.0
C,R04,testing,15,62,1,0.0,0.0,0.0,0.0
C,R04,testing,15,63,1,0.0,0.0,0.0,0.0
C,R04,testing,15,64,1,0.0,0.0,0.0,0.0
C,R04,testing,15,65,1,0.0,0.0,0.0,0.0
C,R04,testing,15,66,1,0.0,0.0,0.0,0.0
C,R04,testing,15,67,1,0.0,0.0,0.0,0.0
C,R04,testing,15,68,1,0.0,0.0,0.0,0.0
C,R04,testing,15,69,1,0.0,0.0,0.0,0.0
C,R04,testing,15,70,1,0.0,0.0,0.0,0.0
C,R04,testing,15,71,1,0.0,0.0,0.0,0.0
C,R04,testing,15,72,1,0.0,0.0,0.0,0.0
C,R04,testing,15,73,1,0.0,0.0,0.0,0.0
C,R04,testing,15,74,1,0.0,0.0,0.0,0.0
C,R04,testing,15,75,1,0.0,0.0,0.0,0.0
C,R04,testing,15,76,1,0.0,0.0,0.0,0.0
C,R04,testing,15,77,1,0.0,0.0,0.0,0.0
C,R04,testing,15,78,1,0.0,0.0,0.0,0.0
C,R04,testing,15,79,1,0.0,0.0,0.0,0.0
C,R04,testing,15,80,1,0.0,0.0,0.0,0.0
C,R04,testing,15,81,1,0.0,0.0,0.0,0.0
C,R04,testing,15,82,1,0.0,0.0,0.0,0.0
C,R04,testing,15,83,1,0.0,0.0,0.0,0.0
C,R04,testing,15,84,1,0.0,0.0,0.0,0.0
C,R04,testing,15,85,1,0.0,0.0,0.0,0.0
C,R04,testing,15,86,1,0.0,0.0,0.0,0.0
C,R04,testing,15,87,1,0.0,0.0,0.0,0.0
C,R04,testing,15,88,1,0.0,0.0,0.0,0.0
C,R04,testing,15,89,1,0.0,0.0,0.0,0.0
C,R04,testing,15,90,1,0.0,0.0,0.0,0.0
C,R04,testing,15,91,1,0.0,0.0,0.0,0.0
C,R04,testing,15,92,1,0.0,0.0,0.0,0.0
C,R04,testing,15,93,1,0.0,0.0,0.0,0.0
C,R04,testing,15,94,1,0.0,0.0,0.0,0.0
C,R04,testing,15,95,1,0.0,0.0,0.0,0.0
C,R04,testing,15,96,1,0.0,0.0,0.0,0.0
C,R04,testing,15,97,1,0.0,0.0,0.0,0.0
C,R04,testing,15,98,1,0.0,0.0,0.0,0.0
C,R04,testing,15,99,1,0.0,0.0,0.0,0.0
C,R04,testing,15,100,1,0.0,0.0,0.0,0.0
C,R04,testing,15,101,1,0.0,0.0,0.0,0.0
C,R04,testing,15,102,1,0.0,0.0,0.0,0.0
C,R04,testing,15,103,1,0.0,0.0,0.0,0.0
C,R04,testing,15,104,1,0.0,0.0,0.0,0.0
C,R04,testing,15,105,1,0.0,0.0,0.0,0.0
C,R04,testing,15,106,1,0.0,0.0,0.0,0.0
C,R04,testing,15,107,1,0.0,0.0,0.0,0.0
C,R04,testing,15,108,1,0.0,0.0,0.0,0.0
C,R04,testing,15,109,1,0.0,0.0,0.0,0.0
C,R04,testing,15,110,1,0.0,0.0,0.0,0.0
C,R04,testing,15,111,1,0.0,0.0,0.0,0.0
C,R04,testing,15,112,1,0.0,0.0,0.0,0.0
C,R04,testing,15,113,1,0.0,0.0,0.0,0.0
C,R04,testing,15,114,1,0.0,0.0,0.0,0.0
C,R04,testing,15,115,1,0.0,0.0,0.0,0.0
C,R04,testing,15,116,1,0.0,0.0,0.0,0.0
C,R04,testing,15,117,1,0.0,0.0,0.0,0.0
C,R04,testing,15,118,1,0.0,0.0,0.0,0.0
C,R04,testing,15,119,1,0.0,0.0,0.0,0.0
C,R04,testing,15,120,1,0.0,0.0,0.0,0.0
C,R04,testing,15,121,1,0.0,0.0,0.0,0.0
C,R04,testing,15,122,1,0.0,0.0,0.0,0.0
C,R04,testing,15,123,1,0.0,0.0,0.0,0.0
C,R04,testing,15,124,1,0.0,0.0,0.0,0.0
C,R04,testing,15,125,1,0.0,0.0,0.0,0.0
C,R04,testing,15,126,1,0.0,0.0,0.0,0.0
C,R04,testing,15,127,1,0.0,0.0,0.0,0.0
C,R04,testing,15,128,1,0.0,0.0,0.0,0.0
C,R04,testing,15,129,1,0.0,0.0,0.0,0.0
C,R04,testing,15,130,1,0.0,0.0,0.0,0.0
C,R04,testing,15,131,1,0.0,0.0,0.0,0.0
C,R04,testing,15,132,1,0.0,0.0,0.0,0.0
C,R04,testing,15,133,1,0.0,0.0,0.0,0.0
C,R04,testing,15,134,1,0.0,0.0,0.0,0.0
C,R04,testing,15,135,1,0.0,0.0,0.0,0.0
C,R04,testing,15,136,1,0.0,0.0,0.0,0.0
C,R04,testing,15,137,1,0.0,0.0,0.0,0.0
C,R04,testing,15,138,1,0.0,0.0,0.0,0.0
C,R04,testing,15,139,1,0.0,0.0,0.0,0.0
C,R04,testing,15,140,1,0.0,0.0,0.0,0.0
C,R04,testing,15,141,1,0.0,0.0,0.0,0.0
C,R04,testing,15,142,1,0.0,0.0,0.0,0.0
C,R04,testing,15,143,1,0.0,0.0,0.0,0.0
C,R04,testing,15,144,1,0.0,0.0,0.0,0.0
C,R04,testing,15,145,1,0.0,0.0,0.0,0.0
C,R04,testing,15,146,1,0.0,0.0,0.0,0.0
C,R04,testing,15,147,1,0.0,0.0,0.0,0.0
C,R04,testing,15,148,1,0.0,0.0,0.0,0.0
C,R04,testing,15,149,1,0.0,0.0,0.0,0.0
C,R04,testing,15,150,1,0.0,0.0,0.0,0.0
C,R04,testing,15,151,1,0.0,0.0,0.0,0.0
C,R04,testing,15,152,1,0.0,0.0,0.0,0.0
C,R04,testing,15,153,1,0.0,0.0,0.0,0.0
C,R04,testing,15,154,1,0.0,0.0,0.0,0.0
C,R04,testing,15,155,1,0.0,0.0,0.0,0.0
C,R04,testing,15,156,1,0.0,0.0,0.0,0.0
C,R04,testing,15,157,1,0.0,0.0,0.0,0.0
C,R04,testing,15,158,1,0.0,0.0,0.0,0.0
C,R04,testing,15,159,1,0.0,0.0,0.0,0.0
C,R04,testing,15,160,1,0.0,0.0,0.0,0.0
C,R04,testing,15,161,1,0.0,0.0,0.0,0.0
C,R04,testing,15,162,1,0.0,0.0,0.0,0.0
C,R04,testing,15,163,1,0.0,0.0,0.0,0.0
C,R04,testing,15,164,1,0.0,0.0,0.0,0.0
C,R04,testing,15,165,1,0.0,0.0,0.0,0.0
C,R04,testing,15,166,1,0.0,0.0,0.0,0.0
C,R04,testing,15,167,1,0.0,0.0,0.0,0.0
C,R04,testing,15,168,1,0.0,0.0,0.0,0.0
C,R04,testing,15,169,1,0.0,0.0,0.0,0.0
C,R04,testing,15,170,1,0.0,0.0,0.0,0.0
C,R04,testing,15,171,1,0.0,0.0,0.0,0.0
C,R04,testing,15,172,1,0.0,0.0,0.0,0.0
C,R04,testing,15,173,1,0.0,0.0,0.0,0.0
C,R04,testing,15,174,1,0.0,0.0,0.0,0.0
C,R04,testing,15,175,1,0.0,0.0,0.0,0.0
C,R04,testing,15,176,1,0.0,0.0,0.0,0.0
C,R04,testing,15,177,1,0.0,0.0,0.0,0.0
C,R04,testing,15,178,1,0.0,0.0,0.0,0.0
C,R04,testing,15,179,1,0.0,0.0,0.0,0.0
C,R04,testing,15,180,1,0.0,0.0,0.0,0.0
C,R04,testing,15,181,1,0.0,0.0,0.0,0.0
C,R04,testing,15,182,1,0.0,0.0,0.0,0.0
C,R04,testing,15,183,1,0.0,0.0,0.0,0.0
C,R04,testing,15,184,1,0.0,0.0,0.0,0.0
C,R04,testing,15,185,1,0.0,0.0,0.0,0.0
C,R04,testing,15,186,1,0.0,0.0,0.0,0.0
C,R04,testing,15,187,1,0.0,0.0,0.0,0.0
C,R04,testing,15,188,1,0.0,0.0,0.0,0.0
C,R04,testing,15,189,1,0.0,0.0,0.0,0.0
C,R04,testing,15,190,1,0.0,0.0,0.0,0.0
C,R04,testing,15,191,1,0.0,0.0,0.0,0.0
C,R04,testing,15,192,1,0.0,0.0,0.0,0.0
C,R04,testing,15,193,1,0.0,0.0,0.0,0.0
C,R04,testing,15,194,1,0.0,0.0,0.0,0.0
C,R04,testing,15,195,1,0.0,0.0,0.0,0.0
C,R04,testing,15,196,1,0.0,0.0,0.0,0.0
C,R04,testing,15,197,1,0.0,0.0,0.0,0.0
C,R04,testing,15,198,1,0.0,0.0,0.0,0.0
C,R04,testing,15,199,1,0.0,0.0,0.0,0.0
C,R04,testing,15,200,1,0.0,0.0,0.0,0.0
C,R04,testing,15,201,1,0.0,0.0,0.0,0.0
C,R04,testing,15,202,1,0.0,0.0,0.0,0.0
C,R04,testing,15,203,1,0.0,0.0,0.0,0.0
C,R04,testing,15,204,1,0.0,0.0,0.0,0.0
C,R04,testing,15,205,1,0.0,0.0,0.0,0.0
C,R04,testing,15,206,1,0.0,0.0,0.0,0.0
C,R04,testing,15,207,1,0.0,0.0,0.0,0.0
C,R04,testing,15,208,1,0.0,0.0,0.0,0.0
C,R04,testing,15,209,1,0.0,0.0,0.0,0.0
C,R04,testing,15,210,1,0.0,0.0,0.0,0.0
C,R04,testing,15,211,1,0.0,0.0,0.0,0.0
C,R04,testing,15,212,1,0.0,0.0,0.0,0.0
C,R04,testing,15,213,1,0.0,0.0,0.0,0.0
C,R04,testing,15,214,1,0.0,0.0,0.0,0.0
C,R04,testing,15,215,1,0.0,0.0,0.0,0.0
C,R04,testing,15,216,1,0.0,0.0,0.0,0.0
C,R04,testing,15,217,1,0.0,0.0,0.0,0.0
C,R04,testing,15,218,1,0.0,0.0,0.0,0.0
C,R04,testing,15,219,1,0.0,0.0,0.0,0.0
C,R04,testing,15,220,1,0.0,0.0,0.0,0.0
C,R04,testing,15,221,1,0.0,0.0,0.0,0.0
C,R04,testing,15,222,1,0.0,0.0,0.0,0.0
C,R04,testing,15,223,1,0.0,0.0,0.0,0.0
C,R04,testing,15,224,1,0.0,0.0,0.0,0.0
C,R04,testing,15,225,1,0.0,0.0,0.0,0.0
C,R04,testing,15,226,1,0.0,0.0,0.0,0.0
C,R04,testing,15,227,1,0.0,0.0,0.0,0.0
C,R04,testing,15,228,1,0.0,0.0,0.0,0.0
C,R04,testing,15,229,1,0.0,0.0,0.0,0.0
C,R04,testing,15,230,1,0.0,0.0,0.0,0.0
C,R04,testing,15,231,1,0.0,0.0,0.0,0.0
C,R04,testing,15,232,1,0.0,0.0,0.0,0.0
C,R04,testing,15,233,1,0.0,0.0,0.0,0.0
C,R04,testing,15,234,1,0.0,0.0,0.0,0.0
C,R04,testing,15,235,1,0.0,0.0,0.0,0.0
C,R04,testing,15,236,1,0.0,0.0,0.0,0.0
C,R04,testing,15,237,1,0.0,0.0,0.0,0.0
C,R04,testing,15,238,1,0.0,0.0,0.0,0.0
C,R04,testing,15,239,1,0.0,0.0,0.0,0.0
C,R04,testing,15,240,1,0.0,0.0,0.0,0.0
C,R04,testing,15,241,1,0.0,0.0,0.0,0.0
C,R04,testing,15,242,1,0.0,0.0,0.0,0.0
C,R04,testing,15,243,1,0.0,0.0,0.0,0.0
C,R04,testing,15,244,1,0.0,0.0,0.0,0.0
C,R04,testing,15,245,1,0.0,0.0,0.0,0.0
C,R04,testing,15,246,1,0.0,0.0,0.0,0.0
C,R04,testing,15,247,1,0.0,0.0,0.0,0.0
C,R04,testing,15,248,1,0.0,0.0,0.0,0.0
C,R04,testing,15,249,1,0.0,0.0,0.0,0.0
C,R04,testing,15,250,1,0.0,0.0,0.0,0.0
C,R04,testing,15,251,1,0.0,0.0,0.0,0.0
C,R04,testing,15,252,1,0.0,0.0,0.0,0.0
C,R04,testing,15,253,1,0.0,0.0,0.0,0.0
C,R04,testing,15,254,1,0.0,0.0,0.0,0.0
C,R04,testing,15,255,1,0.0,0.0,0.0,0.0
C,R04,testing,15,256,1,0.0,0.0,0.0,0.0
C,R04,testing,15,257,1,0.0,0.0,0.0,0.0
C,R04,testing,15,258,1,0.0,0.0,0.0,0.0
C,R04,testing,15,259,1,0.0,0.0,0.0,0.0
C,R04,testing,15,260,1,0.0,0.0,0.0,0.0
C,R04,testing,15,261,1,0.0,0.0,0.0,0.0
C,R04,testing,15,262,1,0.0,0.0,0.0,0.0
C,R04,testing,15,263,1,0.0,0.0,0.0,0.0
C,R04,testing,15,264,1,0.0,0.0,0.0,0.0
C,R04,testing,15,265,1,0.0,0.0,0.0,0.0
C,R04,testing,15,266,1,0.0,0.0,0.0,0.0
C,R04,testing,15,267,1,0.0,0.0,0.0,0.0
C,R04,testing,15,268,1,0.0,0.0,0.0,0.0
C,R04,testing,15,269,1,0.0,0.0,0.0,0.0
C,R04,testing,15,270,1,0.0,0.0,0.0,0.0
C,R04,testing,15,271,1,0.0,0.0,0.0,0.0
C,R04,testing,15,272,1,0.0,0.0,0.0,0.0
C,R04,testing,15,273,1,0.0,0.0,0.0,0.0
C,R04,testing,15,274,1,0.0,0.0,0.0,0.0
C,R04,testing,15,275,1,0.0,0.0,0.0,0.0
C,R04,testing,15,276,1,0.0,0.0,0.0,0.0
C,R04,testing,15,277,1,0.0,0.0,0.0,0.0
C,R04,testing,15,278,1,0.0,0.0,0.0,0.0
C,R04,testing,15,279,1,0.0,0.0,0.0,0.0
C,R04,testing,15,280,1,0.0,0.0,0.0,0.0
C,R04,testing,15,281,1,0.0,0.0,0.0,0.0
C,R04,testing,15,282,1,0.0,0.0,0.0,0.0
C,R04,testing,15,283,1,0.0,0.0,0.0,0.0
C,R04,testing,15,284,1,0.0,0.0,0.0,0.0
C,R04,testing,15,285,1,0.0,0.0,0.0,0.0
C,R04,testing,15,286,1,0.0,0.0,0.0,0.0
C,R04,testing,15,287,1,0.0,0.0,0.0,0.0
C,R04,testing,15,288,1,0.0,0.0,0.0,0.0
C,R04,testing,15,289,1,0.0,0.0,0.0,0.0
C,R04,testing,15,290,1,0.0,0.0,0.0,0.0
C,R04,testing,15,291,1,0.0,0.0,0.0,0.0
C,R04,testing,15,292,1,0.0,0.0,0.0,0.0
C,R04,testing,15,293,1,0.0,0.0,0.0,0.0
C,R04,testing,15,294,1,0.0,0.0,0.0,0.0
C,R04,testing,15,295,1,0.0,0.0,0.0,0.0
C,R04,testing,15,296,1,0.0,0.0,0.0,0.0
C,R04,testing,15,297,1,0.0,0.0,0.0,0.0
C,R04,testing,15,298,1,0.0,0.0,0.0,0.0
C,R04,testing,15,299,1,0.0,0.0,0.0,0.0
C,R04,testing,15,300,1,0.0,0.0,0.0,0.0
C,R04,testing,15,301,1,0.0,0.0,0.0,0.0
C,R04,testing,15,302,1,0.0,0.0,0.0,0.0
C,R04,testing,15,303,1,0.0,0.0,0.0,0.0
C,R04,testing,15,304,1,0.0,0.0,0.0,0.0
C,R04,testing,15,305,1,0.0,0.0,0.0,0.0
C,R04,testing,15,306,1,0.0,0.0,0.0,0.0
C,R04,testing,15,307,1,0.0,0.0,0.0,0.0
C,R04,testing,15,308,1,0.0,0.0,0.0,0.0
C,R04,testing,15,309,1,0.0,0.0,0.0,0.0
C,R04,testing,15,310,1,0.0,0.0,0.0,0.0
C,R04,testing,15,311,1,0.0,0.0,0.0,0.0
C,R04,testing,15,312,1,0.0,0.0,0.0,0.0
C,R04,testing,15,313,1,0.0,0.0,0.0,0.0
C,R04,testing,15,314,1,0.0,0.0,0.0,0.0
C,R04,testing,15,315,1,0.0,0.0,0.0,0.0
C,R04,testing,15,316,1,0.0,0.0,0.0,0.0
C,R04,testing,15,317,1,0.0,0.0,0.0,0.0
C,R04,testing,15,318,1,0.0,0.0,0.0,0.0
C,R04,testing,15,319,1,0.0,0.0,0.0,0.0
C,R04,testing,15,320,1,0.0,0.0,0.0,0.0
C,R04,testing,15,321,1,0.0,0.0,0.0,0.0
C,R04,testing,15,322,1,0.0,0.0,0.0,0.0
C,R04,testing,15,323,1,0.0,0.0,0.0,0.0
C,R04,testing,15,324,1,0.0,0.0,0.0,0.0
C,R04,testing,15,325,1,0.0,0.0,0.0,0.0
C,R04,testing,15,326,1,0.0,0.0,0.0,0.0
C,R04,testing,15,327,1,0.0,0.0,0.0,0.0
C,R04,testing,15,328,1,0.0,0.0,0.0,0.0
C,R04,testing,15,329,1,0.0,0.0,0.0,0.0
C,R04,testing,15,330,1,0.0,0.0,0.0,0.0
C,R04,testing,15,331,1,0.0,0.0,0.0,0.0
C,R04,testing,15,332,1,0.0,0.0,0.0,0.0
C,R04,testing,15,333,1,0.0,0.0,0.0,0.0
C,R04,testing,15,334,1,0.0,0.0,0.0,0.0
C,R04,testing,15,335,1,0.0,0.0,0.0,0.0
C,R04,testing,15,336,1,0.0,0.0,0.0,0.0
C,R04,testing,15,337,1,0.0,0.0,0.0,0.0
C,R04,testing,15,338,1,0.0,0.0,0.0,0.0
C,R04,testing,15,339,1,0.0,0.0,0.0,0.0
C,R04,testing,15,340,1,0.0,0.0,0.0,0.0
C,R04,testing,15,341,1,0.0,0.0,0.0,0.0
C,R04,testing,15,342,1,0.0,0.0,0.0,0.0
C,R04,testing,15,343,1,0.0,0.0,0.0,0.0
C,R04,testing,15,344,1,0.0,0.0,0.0,0.0
C,R04,testing,15,345,1,0.0,0.0,0.0,0.0
C,R04,testing,15,346,1,0.0,0.0,0.0,0.0
C,R04,testing,15,347,1,0.0,0.0,0.0,0.0
C,R04,testing,15,348,1,0.0,0.0,0.0,0.0
C,R04,testing,15,349,1,0.0,0.0,0.0,0.0
C,R04,testing,15,350,1,0.0,0.0,0.0,0.0
C,R04,testing,15,351,1,0.0,0.0,0.0,0.0
C,R04,testing,15,352,1,0.0,0.0,0.0,0.0
C,R04,testing,15,353,1,0.0,0.0,0.0,0.0
C,R04,testing,15,354,1,0.0,0.0,0.0,0.0
C,R04,testing,15,355,1,0.0,0.0,0.0,0.0
C,R04,testing,15,356,1,0.0,0.0,0.0,0.0
C,R04,testing,15,357,1,0.0,0.0,0.0,0.0
C,R04,testing,15,358,1,0.0,0.0,0.0,0.0
C,R04,testing,15,359,1,0.0,0.0,0.0,0.0
C,R04,testing,15,360,1,0.0,0.0,0.0,0.0
C,R04,testing,15,361,1,0.0,0.0,0.0,0.0
C,R04,testing,15,362,1,0.0,0.0,0.0,0.0
C,R04,testing,15,363,1,0.0,0.0,0.0,0.0
C,R04,testing,15,364,1,0.0,0.0,0.0,0.0
C,R04,testing,15,365,1,0.0,0.0,0.0,0.0
C,R04,testing,15,366,1,0.0,0.0,0.0,0.0
C,R04,testing,15,367,1,0.0,0.0,0.0,0.0
C,R04,testing,15,368,1,0.0,0.0,0.0,0.0
C,R04,testing,15,369,1,0.0,0.0,0.0,0.0
C,R04,testing,15,370,1,0.0,0.0,0.0,0.0
C,R04,testing,15,371,1,0.0,0.0,0.0,0.0
C,R04,testing,15,372,1,0.0,0.0,0.0,0.0
C,R04,testing,15,373,1,0.0,0.0,0.0,0.0
C,R04,testing,15,374,1,0.0,0.0,0.0,0.0
C,R04,testing,15,375,1,0.0,0.0,0.0,0.0
P1,R04,testing,15,0,0,0.0,0.0,0.07203789346864631,0.043925599445740655
P1,R04,testing,15,1,0,0.0,0.0,0.07203789346864631,0.04415799464976258
P1,R04,testing,15,2,0,0.0,0.0,0.07203789346864631,0.04439036340704223
P1,R04,testing,15,3,0,0.0,0.0,0.07203789346864631,0.044622692395022326
P1,R04,testing,15,4,0,0.0,0.0,0.07203789346864631,0.04485496822461386
P1,R04,testing,15,5,0,0.0,0.0,0.07203789346864631,0.04508717744136704
P1,R04,testing,15,6,0,0.0,0.0,0.07203789346864631,0.04531930652665776
P1,R04,testing,15,7,0,0.0,0.0,0.07203789346864631,0.045551341898889174
P1,R04,testing,15,8,0,0.0,0.0,0.07203789346864631,0.045783269914708526
P1,R04,testing,15,9,0,0.0,0.0,0.07203789346864631,0.046015076870238925
P1,R04,testing,15,10,0,0.0,0.0,0.07203789346864631,0.04624674900232604
P1,R04,testing,15,11,0,0.0,0.0,0.07203789346864631,0.04647827248979945
P1,R04,testing,15,12,0,0.0,0.0,0.07203789346864631,0.046709633454748725
P1,R04,testing,15,13,0,0.0,0.0,0.07203789346864631,0.046940817963813775
P1,R04,testing,15,14,0,0.0,0.0,0.07203789346864631,0.047171812029489696
P1,R04,testing,15,15,0,0.0,0.0,0.07203789346864631,0.04740260161144563
P1,R04,testing,15,16,0,1.0,0.5003134197037108,0.07275983929178556,0.048110540408037465
P1,R04,testing,15,17,0,1.0,0.5003134197037108,0.07275983929178556,0.04834318708988777
P1,R04,testing,15,18,0,1.0,0.5003134197037108,0.07275983929178556,0.04857558438901489
P1,R04,testing,15,19,0,1.0,0.5003134197037108,0.07275983929178556,0.04880771792455959
P1,R04,testing,15,20,0,1.0,0.5003134197037108,0.07275983929178556,0.04903957326917679
P1,R04,testing,15,21,0,1.0,0.5003134197037108,0.07275983929178556,0.04927113595045008
P1,R04,testing,15,22,0,1.0,0.5003134197037108,0.07275983929178556,0.04950239145231942
P1,R04,testing,15,23,0,1.0,0.5003134197037108,0.07275983929178556,0.0497333252165216
P1,R04,testing,15,24,0,1.0,0.5003134197037108,0.07275983929178556,0.04996392264404376
P1,R04,testing,15,25,0,1.0,0.5003134197037108,0.07275983929178556,0.05019416909658917
P1,R04,testing,15,26,0,1.0,0.5003134197037108,0.07275983929178556,0.050424049898055684
P1,R04,testing,15,27,0,1.0,0.5003134197037108,0.07275983929178556,0.050653550336026164
P1,R04,testing,15,28,0,1.0,0.5003134197037108,0.07275983929178556,0.05088265566327102
P1,R04,testing,15,29,0,1.0,0.5003134197037108,0.07275983929178556,0.05111135109926258
P1,R04,testing,15,30,0,1.0,0.5003134197037108,0.07275983929178556,0.05133962183170087
P1,R04,testing,15,31,0,1.0,0.5003134197037108,0.07275983929178556,0.05156745301805102
P1,R04,testing,15,32,0,0.0,0.49968658029628926,0.07275961124894528,0.05179466745248219
P1,R04,testing,15,33,0,0.0,0.49968658029628926,0.07275961124894528,0.0520215741946948
P1,R04,testing,15,34,0,0.0,0.49968658029628926,0.07275961124894528,0.052247996698861814
P1,R04,testing,15,35,0,0.0,0.49968658029628926,0.07275961124894528,0.05247392001714852
P1,R04,testing,15,36,0,0.0,0.49968658029628926,0.07275961124894528,0.052699329179335064
P1,R04,testing,15,37,0,0.0,0.49968658029628926,0.07275961124894528,0.052924209194417496
P1,R04,testing,15,38,0,0.0,0.49968658029628926,0.07275961124894528,0.053148545052218686
P1,R04,testing,15,39,0,0.0,0.49968658029628926,0.07275961124894528,0.05337232172500884
P1,R04,testing,15,40,0,0.0,0.49968658029628926,0.07275961124894528,0.05359552416913539
P1,R04,testing,15,41,0,0.0,0.49968658029628926,0.07275961124894528,0.0538181373266621
P1,R04,testing,15,42,0,0.0,0.49968658029628926,0.07275961124894528,0.05404014612701692
P1,R04,testing,15,43,0,0.0,0.49968658029628926,0.07275961124894528,0.05426153548864868
P1,R04,testing,15,44,0,0.0,0.49968658029628926,0.07275961124894528,0.05448229032069206
P1,R04,testing,15,45,0,0.0,0.49968658029628926,0.07275961124894528,0.05470239552464078
P1,R04,testing,15,46,0,0.0,0.49968658029628926,0.07275961124894528,0.05492183599602876
P1,R04,testing,15,47,0,0.0,0.49968658029628926,0.07275961124894528,0.05514059662611877
P1,R04,testing,15,48,0,0.0,0.0,0.07203721614167366,0.054809032830505526
P1,R04,testing,15,49,0,0.0,0.0,0.07203721614167366,0.05502423042408671
P1,R04,testing,15,50,0,0.0,0.0,0.07203721614167366,0.05523871004145325
P1,R04,testing,15,51,0,0.0,0.0,0.07203721614167366,0.05545245672382327
P1,R04,testing,15,52,0,0.0,0.0,0.07203721614167366,0.05566545551665099
P1,R04,testing,15,53,0,0.0,0.0,0.07203721614167366,0.055877691471338774
P1,R04,testing,15,54,1,0.0,0.0,0.07203721614167366,0.056089149646955015
P1,R04,testing,15,55,1,0.0,0.0,0.07203721614167366,0.05629981511195744
P1,R04,testing,15,56,1,0.0,0.0,0.07203721614167366,0.056509672945921643
P1,R04,testing,15,57,1,0.0,0.0,0.07203721614167366,0.0567187082412746
P1,R04,testing,15,58,1,0.0,0.0,0.07203721614167366,0.05692690610503278
P1,R04,testing,15,59,1,0.0,0.0,0.07203721614167366,0.05713425166054474
P1,R04,testing,15,60,1,0.0,0.0,0.07203721614167366,0.057340730049237704
P1,R04,testing,15,61,1,0.0,0.0,0.07203721614167366,0.05754632643236808
P1,R04,testing,15,62,1,0.0,0.0,0.07203721614167366,0.05775102599277542
P1,R04,testing,15,63,1,0.0,0.0,0.07203721614167366,0.05795481393663975
P1,R04,testing,15,64,1,0.0,0.0,0.09920208609590504,0.08008864085294781
P1,R04,testing,15,65,1,0.0,0.0,0.09920208609590504,0.08036670445814308
P1,R04,testing,15,66,1,0.0,0.0,0.09920208609590504,0.08064345178043243
P1,R04,testing,15,67,1,0.0,0.0,0.09920208609590504,0.08091886260016408
P1,R04,testing,15,68,1,0.0,0.0,0.09920208609590504,0.08119291674198115
P1,R04,testing,15,69,1,0.0,0.0,0.09920208609590504,0.08146559407726009
P1,R04,testing,15,70,1,0.0,0.0,0.09920208609590504,0.08173687452655083
P1,R04,testing,15,71,1,0.0,0.0,0.09920208609590504,0.08200673806201808
P1,R04,testing,15,72,1,0.0,0.0,0.09920208609590504,0.08227516470988361
P1,R04,testing,15,73,1,0.0,0.0,0.09920208609590504,0.08254213455286886
P1,R04,testing,15,74,1,0.0,0.0,0.09920208609590504,0.08280762773263765
P1,R04,testing,15,75,1,0.0,0.0,0.09920208609590504,0.08307162445223842
P1,R04,testing,15,76,1,0.0,0.0,0.09920208609590504,0.08333410497854582
P1,R04,testing,15,77,1,0.0,0.0,0.09920208609590504,0.0835950496447008
P1,R04,testing,15,78,1,0.0,0.0,0.09920208609590504,0.08385443885254938
P1,R04,testing,15,79,1,0.0,0.0,0.09920208609590504,0.0841122530750791
P1,R04,testing,15,80,1,0.0,0.0,0.15613173086536844,0.13278547071264005
P1,R04,testing,15,81,1,0.0,0.0,0.15613173086536844,0.1331861888020739
P1,R04,testing,15,82,1,0.0,0.0,0.15613173086536844,0.13358433657156804
P1,R04,testing,15,83,1,0.0,0.0,0.15613173086536844,0.13397988377416825
P1,R04,testing,15,84,1,0.0,0.0,0.15613173086536844,0.1343728002939903
P1,R04,testing,15,85,1,0.0,0.0,0.15613173086536844,0.13476305615002154
P1,R04,testing,15,86,1,0.0,0.0,0.15613173086536844,0.13515062149991425
P1,R04,testing,15,87,1,0.0,0.0,0.15613173086536844,0.13553546664377059
P1,R04,testing,15,88,1,0.0,0.0,0.15613173086536844,0.13591756202791838
P1,R04,testing,15,89,1,0.0,0.0,0.15613173086536844,0.13629687824867653
P1,R04,testing,15,90,1,0.0,0.0,0.15613173086536844,0.13667338605611065
P1,R04,testing,15,91,1,0.0,0.0,0.15613173086536844,0.13704705635777661
P1,R04,testing,15,92,1,0.0,0.0,0.15613173086536844,0.13741786022245275
P1,R04,testing,15,93,1,0.0,0.0,0.15613173086536844,0.13778576888385932
P1,R04,testing,15,94,1,0.0,0.0,0.15613173086536844,0.13815075374436453
P1,R04,testing,15,95,1,0.0,0.0,0.15613173086536844,0.13851278637867692
P1,R04,testing,15,96,1,0.0,0.0,0.21610183140569553,0.19221242518929507
P1,R04,testing,15,97,1,0.0,0.0,0.21610183140569553,0.19270522493328815
P1,R04,testing,15,98,1,0.0,0.0,0.21610183140569553,0.19319382195457593
P1,R04,testing,15,99,1,0.0,0.0,0.21610183140569553,0.19367817791456202
P1,R04,testing,15,100,1,0.0,0.0,0.21610183140569553,0.1941582547384174
P1,R04,testing,15,101,1,0.0,0.0,0.21610183140569553,0.19463401462005622
P1,R04,testing,15,102,1,0.0,0.0,0.21610183140569553,0.19510542002708556
P1,R04,testing,15,103,1,0.0,0.0,0.21610183140569553,0.19557243370572905
P1,R04,testing,15,104,1,0.0,0.0,0.21610183140569553,0.19603501868572276
P1,R04,testing,15,105,1,0.0,0.0,0.21610183140569553,0.19649313828518283
P1,R04,testing,15,106,1,0.0,0.0,0.21610183140569553,0.1969467561154436
P1,R04,testing,15,107,1,0.0,0.0,0.21610183140569553,0.1973958360858661
P1,R04,testing,15,108,1,0.0,0.0,0.21610183140569553,0.1978403424086149
P1,R04,testing,15,109,1,0.0,0.0,0.21610183140569553,0.1982802396034035
P1,R04,testing,15,110,1,0.0,0.0,0.21610183140569553,0.19871549250220666
P1,R04,testing,15,111,1,0.0,0.0,0.21610183140569553,0.19914606625393913
P1,R04,testing,15,112,1,0.0,0.0,0.2501960811563589,0.23105826337319207
P1,R04,testing,15,113,1,0.0,0.0,0.2501960811563589,0.231545814174132
P1,R04,testing,15,114,1,0.0,0.0,0.2501960811563589,0.23202782880858325
P1,R04,testing,15,115,1,0.0,0.0,0.2501960811563589,0.23250426844815447
P1,R04,testing,15,116,1,0.0,0.0,0.2501960811563589,0.23297509465786223
P1,R04,testing,15,117,1,0.0,0.0,0.2501960811563589,0.23344026940129306
P1,R04,testing,15,118,1,0.0,0.0,0.2501960811563589,0.23389975504571947
P1,R04,testing,15,119,1,0.0,0.0,0.2501960811563589,0.23435351436716928
P1,R04,testing,15,120,1,0.0,0.0,0.2501960811563589,0.23480151055544685
P1,R04,testing,15,121,1,0.0,0.0,0.2501960811563589,0.23524370721910567
P1,R04,testing,15,122,1,0.0,0.0,0.2501960811563589,0.2356800683903714
P1,R04,testing,15,123,1,0.0,0.0,0.2501960811563589,0.23611055853001398
P1,R04,testing,15,124,1,0.0,0.0,0.2501960811563589,0.2365351425321682
P1,R04,testing,15,125,1,0.0,0.0,0.2501960811563589,0.23695378572910206
P1,R04,testing,15,126,1,0.0,0.0,0.2501960811563589,0.2373664538959314
P1,R04,testing,15,127,1,0.0,0.0,0.2501960811563589,0.23777311325528033
P1,R04,testing,15,128,1,0.0,0.0,0.28463763107498624,0.270960304874997
P1,R04,testing,15,129,1,0.0,0.0,0.28463763107498624,0.2714091590850204
P1,R04,testing,15,130,1,0.0,0.0,0.28463763107498624,0.2718510651511689
P1,R04,testing,15,131,1,0.0,0.0,0.28463763107498624,0.27228598673452914
P1,R04,testing,15,132,1,0.0,0.0,0.28463763107498624,0.27271388803084773
P1,R04,testing,15,133,1,0.0,0.0,0.28463763107498624,0.2731347337754425
P1,R04,testing,15,134,1,0.0,0.0,0.28463763107498624,0.27354848924804404
P1,R04,testing,15,135,1,0.0,0.0,0.28463763107498624,0.27395512027756824
P1,R04,testing,15,136,1,0.0,0.0,0.28463763107498624,0.2743545932468185
P1,R04,testing,15,137,1,0.0,0.0,0.28463763107498624,0.2747468750971162
P1,R04,testing,15,138,1,0.0,0.0,0.28463763107498624,0.2751319333328593
P1,R04,testing,15,139,1,0.0,0.0,0.28463763107498624,0.2755097360260074
P1,R04,testing,15,140,1,0.0,0.0,0.28463763107498624,0.27588025182049325
P1,R04,testing,15,141,1,0.0,0.0,0.28463763107498624,0.276243449936559
P1,R04,testing,15,142,1,0.0,0.0,0.28463763107498624,0.2765993001750172
P1,R04,testing,15,143,1,0.0,0.0,0.28463763107498624,0.2769477729214347
P1,R04,testing,15,144,1,0.0,0.0,0.29255901651691246,0.2850057097739792
P1,R04,testing,15,145,1,0.0,0.0,0.29255901651691246,0.2853486259173997
P1,R04,testing,15,146,1,0.0,0.0,0.29255901651691246,0.2856838715874398
P1,R04,testing,15,147,1,0.0,0.0,0.29255901651691246,0.28601141879102243
P1,R04,testing,15,148,1,0.0,0.0,0.29255901651691246,0.2863312401563936
P1,R04,testing,15,149,1,0.0,0.0,0.29255901651691246,0.28664330893693407
P1,R04,testing,15,150,1,0.0,0.0,0.29255901651691246,0.2869475990148874
P1,R04,testing,15,151,1,0.0,0.0,0.29255901651691246,0.28724408490500264
P1,R04,testing,15,152,1,0.0,0.0,0.29255901651691246,0.28753274175809107
P1,R04,testing,15,153,1,0.0,0.0,0.29255901651691246,0.2878135453644976
P1,R04,testing,15,154,1,0.0,0.0,0.29255901651691246,0.2880864721574844
P1,R04,testing,15,155,1,0.0,0.0,0.29255901651691246,0.28835149921652703
P1,R04,testing,15,156,1,0.0,0.0,0.29255901651691246,0.2886086042705227
P1,R04,testing,15,157,1,0.0,0.0,0.29255901651691246,0.28885776570090893
P1,R04,testing,15,158,1,0.0,0.0,0.29255901651691246,0.2890989625446935
P1,R04,testing,15,159,1,0.0,0.0,0.29255901651691246,0.28933217449739335
P1,R04,testing,15,160,1,0.0,0.0,0.27385481933864003,0.27104508846391984
P1,R04,testing,15,161,1,0.0,0.0,0.27385481933864003,0.27124838713455895
P1,R04,testing,15,162,1,0.0,0.0,0.27385481933864003,0.2714441581183703
P1,R04,testing,15,163,1,0.0,0.0,0.27385481933864003,0.2716323849004434
P1,R04,testing,15,164,1,0.0,0.0,0.27385481933864003,0.2718130515947501
P1,R04,testing,15,165,1,0.0,0.0,0.27385481933864003,0.27198614294637924
P1,R04,testing,15,166,1,0.0,0.0,0.27385481933864003,0.27215164433368355
P1,R04,testing,15,167,1,0.0,0.0,0.27385481933864003,0.27230954177033795
P1,R04,testing,15,168,1,0.0,0.0,0.27385481933864003,0.27245982190730955
P1,R04,testing,15,169,1,0.0,0.0,0.27385481933864003,0.2726024720347386
P1,R04,testing,15,170,1,0.0,0.0,0.27385481933864003,0.27273748008372994
P1,R04,testing,15,171,1,0.0,0.0,0.27385481933864003,0.27286483462805494
P1,R04,testing,15,172,1,0.0,0.0,0.27385481933864003,0.272984524885763
P1,R04,testing,15,173,1,0.0,0.0,0.27385481933864003,0.27309654072070294
P1,R04,testing,15,174,1,0.0,0.0,0.27385481933864003,0.2732008726439539
P1,R04,testing,15,175,1,0.0,0.0,0.27385481933864003,0.2732975118151645
P1,R04,testing,15,176,1,1.0,0.5007378134611549,0.2812841423883464,0.28080306684716083
P1,R04,testing,15,177,1,1.0,0.5007378134611549,0.2812841423883464,0.2808865002504421
P1,R04,testing,15,178,1,1.0,0.5007378134611549,0.2812841423883464,0.2809620089761879
P1,R04,testing,15,179,1,1.0,0.5007378134611549,0.2812841423883464,0.28102958662076055
P1,R04,testing,15,180,1,1.0,0.5007378134611549,0.2812841423883464,0.28108922745215664
P1,R04,testing,15,181,1,1.0,0.5007378134611549,0.2812841423883464,0.2811409264108174
P1,R04,testing,15,182,1,1.0,0.5007378134611549,0.2812841423883464,0.28118467911034384
P1,R04,testing,15,183,1,1.0,0.5007378134611549,0.2812841423883464,0.28122048183811726
P1,R04,testing,15,184,1,1.0,0.5007378134611549,0.2812841423883464,0.28124833155582424
P1,R04,testing,15,185,1,1.0,0.5007378134611549,0.2812841423883464,0.2812682258998862
P1,R04,testing,15,186,1,1.0,0.5007378134611549,0.2812841423883464,0.28128016318179394
P1,R04,testing,15,187,1,1.0,0.5007378134611549,0.2812841423883464,0.2812841423883464
P1,R04,testing,15,188,1,1.0,0.5007378134611549,0.2812841423883464,0.28128016318179394
P1,R04,testing,15,189,1,1.0,0.5007378134611549,0.2812841423883464,0.2812682258998862
P1,R04,testing,15,190,1,1.0,0.5007378134611549,0.2812841423883464,0.28124833155582424
P1,R04,testing,15,191,1,1.0,0.5007378134611549,0.2812841423883464,0.28122048183811726
P1,R04,testing,15,192,1,1.0,1.0,0.31469740520807404,0.3145861268571683
P1,R04,testing,15,193,1,1.0,1.0,0.31469740520807404,0.314537176849198
P1,R04,testing,15,194,1,1.0,1.0,0.31469740520807404,0.31447933665954375
P1,R04,testing,15,195,1,1.0,1.0,0.31469740520807404,0.31441261119565717
P1,R04,testing,15,196,1,1.0,1.0,0.31469740520807404,0.31433700611811344
P1,R04,testing,15,197,1,1.0,1.0,0.31469740520807404,0.31425252783981095
P1,R04,testing,15,198,1,1.0,1.0,0.31469740520807404,0.3141591835250644
P1,R04,testing,15,199,1,1.0,1.0,0.31469740520807404,0.3140569810885926
P1,R04,testing,15,200,1,1.0,1.0,0.31469740520807404,0.3139459291943996
P1,R04,testing,15,201,1,1.0,1.0,0.31469740520807404,0.3138260372545509
P1,R04,testing,15,202,1,1.0,1.0,0.31469740520807404,0.3136973154278438
P1,R04,testing,15,203,1,1.0,1.0,0.31469740520807404,0.31355977461837264
P1,R04,testing,15,204,1,1.0,1.0,0.31469740520807404,0.31341342647398973
P1,R04,testing,15,205,1,1.0,1.0,0.31469740520807404,0.3132582833846609
P1,R04,testing,15,206,1,1.0,1.0,0.31469740520807404,0.3130943584807174
P1,R04,testing,15,207,1,1.0,1.0,0.31469740520807404,0.31292166563100426
P1,R04,testing,15,208,1,1.0,1.0,0.3472364616966998,0.3450769069961487
P1,R04,testing,15,209,1,1.0,1.0,0.3472364616966998,0.34486705815626983
P1,R04,testing,15,210,1,1.0,1.0,0.3472364616966998,0.3446475855589456
P1,R04,testing,15,211,1,1.0,1.0,0.3472364616966998,0.3444185077438135
P1,R04,testing,15,212,1,1.0,1.0,0.3472364616966998,0.344179844053463
P1,R04,testing,15,213,1,1.0,1.0,0.3472364616966998,0.34393161463071376
P1,R04,testing,15,214,1,1.0,1.0,0.3472364616966998,0.3436738404157817
P1,R04,testing,15,215,1,1.0,1.0,0.3472364616966998,0.3434065431433358
P1,R04,testing,15,216,1,1.0,1.0,0.3472364616966998,0.3431297453394431
P1,R04,testing,15,217,1,1.0,1.0,0.3472364616966998,0.3428434703184054
P1,R04,testing,15,218,1,1.0,1.0,0.3472364616966998,0.3425477421794861
P1,R04,testing,15,219,1,1.0,1.0,0.3472364616966998,0.3422425858035293
P1,R04,testing,15,220,1,1.0,1.0,0.3472364616966998,0.3419280268494711
P1,R04,testing,15,221,1,1.0,1.0,0.3472364616966998,0.34160409175074385
P1,R04,testing,15,222,1,1.0,1.0,0.3472364616966998,0.3412708077115741
P1,R04,testing,15,223,1,1.0,1.0,0.3472364616966998,0.34092820270317525
P1,R04,testing,15,224,1,0.0,0.49981999616337175,0.37870650691714003,0.37144274063044025
P1,R04,testing,15,225,1,0.0,0.49981999616337175,0.37870650691714003,0.37104884871118504
P1,R04,testing,15,226,1,0.0,0.49981999616337175,0.37870650691714003,0.3706448875576256
P1,R04,testing,15,227,1,0.0,0.49981999616337175,0.37870650691714003,0.3702308909782032
P1,R04,testing,15,228,1,0.0,0.49981999616337175,0.37870650691714003,0.369806893595398
P1,R04,testing,15,229,1,0.0,0.49981999616337175,0.37870650691714003,0.36937293084090306
P1,R04,testing,15,230,1,0.0,0.49981999616337175,0.37870650691714003,0.36892903895069107
P1,R04,testing,15,231,1,0.0,0.49981999616337175,0.37870650691714003,0.36847525495997135
P1,R04,testing,15,232,1,0.0,0.49981999616337175,0.37870650691714003,0.368011616698041
P1,R04,testing,15,233,1,0.0,0.49981999616337175,0.37870650691714003,0.36753816278302925
P1,R04,testing,15,234,1,0.0,0.49981999616337175,0.37870650691714003,0.3670549326165376
P1,R04,testing,15,235,1,0.0,0.49981999616337175,0.37870650691714003,0.3665619663781754
P1,R04,testing,15,236,1,0.0,0.49981999616337175,0.37870650691714003,0.3660593050199929
P1,R04,testing,15,237,1,0.0,0.49981999616337175,0.37870650691714003,0.3655469902608122
P1,R04,testing,15,238,1,0.0,0.49981999616337175,0.37870650691714003,0.36502506458045797
P1,R04,testing,15,239,1,0.0,0.49981999616337175,0.37870650691714003,0.3644935712138878
P1,R04,testing,15,240,1,1.0,0.5001800038366282,0.40884299898835186,0.39291496451303737
P1,R04,testing,15,241,1,1.0,0.5001800038366282,0.40884299898835186,0.3923206614069183
P1,R04,testing,15,242,1,1.0,0.5001800038366282,0.40884299898835186,0.3917161740955189
P1,R04,testing,15,243,1,1.0,0.5001800038366282,0.40884299898835186,0.39110155244975403
P1,R04,testing,15,244,1,1.0,0.5001800038366282,0.40884299898835186,0.3904768471225133
P1,R04,testing,15,245,1,1.0,0.5001800038366282,0.40884299898835186,0.3898421095417058
P1,R04,testing,15,246,1,1.0,0.5001800038366282,0.40884299898835186,0.3891973919032072
P1,R04,testing,15,247,1,1.0,0.5001800038366282,0.40884299898835186,0.3885427471637085
P1,R04,testing,15,248,1,1.0,0.5001800038366282,0.40884299898835186,0.38787822903347047
P1,R04,testing,15,249,1,1.0,0.5001800038366282,0.40884299898835186,0.3872038919689819
P1,R04,testing,15,250,1,1.0,0.5001800038366282,0.40884299898835186,0.3865197911655263
P1,R04,testing,15,251,1,1.0,0.5001800038366282,0.40884299898835186,0.3858259825496562
P1,R04,testing,15,252,1,1.0,0.5001800038366282,0.40884299898835186,0.38512252277157766
P1,R04,testing,15,253,1,1.0,0.5001800038366282,0.40884299898835186,0.3844094691974457
P1,R04,testing,15,254,1,1.0,0.5001800038366282,0.40884299898835186,0.3836868799015728
P1,R04,testing,15,255,1,1.0,0.5001800038366282,0.40884299898835186,0.38295481365855166
P1,R04,testing,15,256,1,0.0,0.4994818924176749,0.4089756705046563,0.38233735999612295
P1,R04,testing,15,257,1,0.0,0.4994818924176749,0.4089756705046563,0.3815862752922857
P1,R04,testing,15,258,1,0.0,0.4994818924176749,0.4089756705046563,0.3808258910699703
P1,R04,testing,15,259,1,0.0,0.4994818924176749,0.4089756705046563,0.38005626884440846
P1,R04,testing,15,260,1,0.0,0.4994818924176749,0.4089756705046563,0.3792774707907057
P1,R04,testing,15,261,1,0.0,0.4994818924176749,0.4089756705046563,0.37848955973547793
P1,R04,testing,15,262,1,0.0,0.4994818924176749,0.4089756705046563,0.3776925991484139
P1,R04,testing,15,263,1,0.0,0.4994818924176749,0.4089756705046563,0.37688665313376374
P1,R04,testing,15,264,1,0.0,0.4994818924176749,0.4089756705046563,0.3760717864217556
P1,R04,testing,15,265,1,0.0,0.4994818924176749,0.4089756705046563,0.37524806435994235
P1,R04,testing,15,266,1,0.0,0.4994818924176749,0.4089756705046563,0.3744155529044793
P1,R04,testing,15,267,1,0.0,0.4994818924176749,0.4089756705046563,0.37357431861133505
P1,R04,testing,15,268,1,0.0,0.4994818924176749,0.4089756705046563,0.3727244286274369
P1,R04,testing,15,269,1,0.0,0.4994818924176749,0.4089756705046563,0.3718659506817526
P1,R04,testing,15,270,1,0.0,0.4994818924176749,0.4089756705046563,0.37099895307631003
P1,R04,testing,15,271,1,0.0,0.4994818924176749,0.4089756705046563,0.37012350467715627
P1,R04,testing,15,272,1,0.0,0.0,0.40557050403191236,0.3661653537363661
P1,R04,testing,15,273,1,0.0,0.0,0.40557050403191236,0.3652806406023375
P1,R04,testing,15,274,1,0.0,0.0,0.40557050403191236,0.3643877551800378
P1,R04,testing,15,275,1,0.0,0.0,0.40557050403191236,0.3634867679086271
P1,R04,testing,15,276,1,0.0,0.0,0.40557050403191236,0.36257774974092066
P1,R04,testing,15,277,1,0.0,0.0,0.40557050403191236,0.361660772134099
P1,R04,testing,15,278,1,0.0,0.0,0.40557050403191236,0.3607359070403698
P1,R04,testing,15,279,1,0.0,0.0,0.40557050403191236,0.35980322689758354
P1,R04,testing,15,280,1,0.0,0.0,0.40557050403191236,0.35886280461980397
P1,R04,testing,15,281,1,0.0,0.0,0.40557050403191236,0.35791471358783583
P1,R04,testing,15,282,1,0.0,0.0,0.40557050403191236,0.35695902763971143
P1,R04,testing,15,283,1,0.0,0.0,0.40557050403191236,0.35599582106113736
P1,R04,testing,15,284,1,0.0,0.0,0.40557050403191236,0.35502516857590294
P1,R04,testing,15,285,1,0.0,0.0,0.40557050403191236,0.35404714533625364
P1,R04,testing,15,286,1,0.0,0.0,0.40557050403191236,0.353061826913229
P1,R04,testing,15,287,1,0.0,0.0,0.40557050403191236,0.35206928928696835
P1,R04,testing,15,288,1,0.0,0.0,0.3987245846371598,0.34514364967537914
P1,R04,testing,15,289,1,0.0,0.0,0.3987245846371598,0.3441538967769822
P1,R04,testing,15,290,1,0.0,0.0,0.3987245846371598,0.3431572729437881
P1,R04,testing,15,291,1,0.0,0.0,0.3987245846371598,0.3421538543862995
P1,R04,testing,15,292,1,0.0,0.0,0.3987245846371598,0.3411437176691376
P1,R04,testing,15,293,1,0.0,0.0,0.3987245846371598,0.3401269397013544
P1,R04,testing,15,294,1,0.0,0.0,0.3987245846371598,0.3391035977267247
P1,R04,testing,15,295,1,0.0,0.0,0.3987245846371598,0.3380737693140203
P1,R04,testing,15,296,1,0.0,0.0,0.3987245846371598,0.337037532347266
P1,R04,testing,15,297,1,0.0,0.0,0.3987245846371598,0.3359949650159823
P1,R04,testing,15,298,1,0.0,0.0,0.3987245846371598,0.3349461458054131
P1,R04,testing,15,299,1,0.0,0.0,0.3987245846371598,0.33389115348674275
P1,R04,testing,15,300,1,0.0,0.0,0.3987245846371598,0.3328300671073028
P1,R04,testing,15,301,1,0.0,0.0,0.3987245846371598,0.3317629659807703
P1,R04,testing,15,302,1,0.0,0.0,0.3987245846371598,0.33068992967736
P1,R04,testing,15,303,1,0.0,0.0,0.3987245846371598,0.32961103801401076
P1,R04,testing,15,304,1,1.0,0.5007597820422494,0.36209861631529316,0.2983486570976708
P1,R04,testing,15,305,1,1.0,0.5007597820422494,0.36209861631529316,0.29735845337124306
P1,R04,testing,15,306,1,1.0,0.5007597820422494,0.36209861631529316,0.296363150856036
P1,R04,testing,15,307,1,1.0,0.5007597820422494,0.36209861631529316,0.2953628228442692
P1,R04,testing,15,308,1,1.0,0.5007597820422494,0.36209861631529316,0.29435754280765103
P1,R04,testing,15,309,1,1.0,0.5007597820422494,0.36209861631529316,0.29334738438847163
P1,R04,testing,15,310,1,1.0,0.5007597820422494,0.36209861631529316,0.2923324213907025
P1,R04,testing,15,311,1,1.0,0.5007597820422494,0.36209861631529316,0.2913127277711035
P1,R04,testing,15,312,1,1.0,0.5007597820422494,0.36209861631529316,0.29028837763033893
P1,R04,testing,15,313,1,1.0,0.5007597820422494,0.36209861631529316,0.2892594452041042
P1,R04,testing,15,314,1,1.0,0.5007597820422494,0.36209861631529316,0.2882260048542644
P1,R04,testing,15,315,1,1.0,0.5007597820422494,0.36209861631529316,0.2871881310600065
P1,R04,testing,15,316,1,1.0,0.5007597820422494,0.36209861631529316,0.28614589840900634
P1,R04,testing,15,317,1,1.0,0.5007597820422494,0.36209861631529316,0.2850993815886121
P1,R04,testing,15,318,1,1.0,0.5007597820422494,0.36209861631529316,0.28404865537704527
P1,R04,testing,15,319,1,1.0,0.5007597820422494,0.36209861631529316,0.28299379463462127
P1,R04,testing,15,320,1,0.0,0.49988156210362267,0.29819288188256154,0.23217700615574052
P1,R04,testing,15,321,1,0.0,0.49988156210362267,0.29819288188256154,0.23130169022653213
P1,R04,testing,15,322,1,0.0,0.49988156210362267,0.29819288188256154,0.23042315473672387
P1,R04,testing,15,323,1,0.0,0.49988156210362267,0.29819288188256154,0.229541461533229
P1,R04,testing,15,324,1,0.0,0.49988156210362267,0.29819288188256154,0.22865667249469368
P1,R04,testing,15,325,1,0.0,0.49988156210362267,0.29819288188256154,0.227768849524386
P1,R04,testing,15,326,1,0.0,0.49988156210362267,0.29819288188256154,0.22687805454310903
P1,R04,testing,15,327,1,0.0,0.49988156210362267,0.29819288188256154,0.22598434948213875
P1,R04,testing,15,328,1,0.0,0.49988156210362267,0.29819288188256154,0.22508779627618783
P1,R04,testing,15,329,1,0.0,0.49988156210362267,0.29819288188256154,0.2241884568563968
P1,R04,testing,15,330,1,0.0,0.49988156210362267,0.29819288188256154,0.22328639314335336
P1,R04,testing,15,331,1,0.0,0.49988156210362267,0.29819288188256154,0.22238166704014084
P1,R04,testing,15,332,1,0.0,0.49988156210362267,0.29819288188256154,0.2214743404254172
P1,R04,testing,15,333,1,0.0,0.49988156210362267,0.29819288188256154,0.22056447514652522
P1,R04,testing,15,334,1,0.0,0.49988156210362267,0.29819288188256154,0.21965213301263525
P1,R04,testing,15,335,1,0.0,0.49988156210362267,0.29819288188256154,0.21873737578792163
P1,R04,testing,15,336,1,1.0,0.5001184378963773,0.23598059359868812,0.17237619875973417
P1,R04,testing,15,337,1,1.0,0.5001184378963773,0.23598059359868812,0.17164861228723
P1,R04,testing,15,338,1,1.0,0.5001184378963773,0.23598059359868812,0.1709192609543035
P1,R04,testing,15,339,1,1.0,0.5001184378963773,0.23598059359868812,0.17018819344332728
P1,R04,testing,15,340,1,1.0,0.5001184378963773,0.23598059359868812,0.1694554583744898
P1,R04,testing,15,341,1,1.0,0.5001184378963773,0.23598059359868812,0.16872110430057072
P1,R04,testing,15,342,1,1.0,0.5001184378963773,0.23598059359868812,0.167985179701748
P1,R04,testing,15,343,1,1.0,0.5001184378963773,0.23598059359868812,0.1672477329804381
P1,R04,testing,15,344,1,1.0,0.5001184378963773,0.23598059359868812,0.16650881245616928
P1,R04,testing,15,345,1,1.0,0.5001184378963773,0.23598059359868812,0.16576846636048903
P1,R04,testing,15,346,1,1.0,0.5001184378963773,0.23598059359868812,0.16502674283190655
P1,R04,testing,15,347,1,1.0,0.5001184378963773,0.23598059359868812,0.16428368991087067
P1,R04,testing,15,348,1,1.0,0.5001184378963773,0.23598059359868812,0.16353935553478377
P1,R04,testing,15,349,1,1.0,0.5001184378963773,0.23598059359868812,0.16279378753305326
P1,R04,testing,15,350,1,1.0,0.5001184378963773,0.23598059359868812,0.1620470336221799
P1,R04,testing,15,351,1,1.0,0.5001184378963773,0.23598059359868812,0.16129914140088478
P1,R04,testing,15,352,1,0.0,0.49955051134042444,0.20238225771853116,0.13769142211008126
P1,R04,testing,15,353,1,0.0,0.49955051134042444,0.20238225771853116,0.13704818250106482
P1,R04,testing,15,354,1,0.0,0.49955051134042444,0.20238225771853116,0.13640408846930768
P1,R04,testing,15,355,1,0.0,0.49955051134042444,0.20238225771853116,0.13575918039138352
P1,R04,testing,15,356,1,0.0,0.49955051134042444,0.20238225771853116,0.13511349852247065
P1,R04,testing,15,357,1,0.0,0.49955051134042444,0.20238225771853116,0.13446708299238103
P1,R04,testing,15,358,1,0.0,0.49955051134042444,0.20238225771853116,0.13381997380162577
P1,R04,testing,15,359,1,0.0,0.49955051134042444,0.20238225771853116,0.13317221081751773
P1,R04,testing,15,360,1,0.0,0.49955051134042444,0.20238225771853116,0.13252383377031152
P1,R04,testing,15,361,1,0.0,0.49955051134042444,0.20238225771853116,0.13187488224938146
P1,R04,testing,15,362,1,0.0,0.49955051134042444,0.20238225771853116,0.13122539569943814
P1,R04,testing,15,363,1,0.0,0.49955051134042444,0.20238225771853116,0.13057541341678364
P1,R04,testing,15,364,1,0.0,0.49955051134042444,0.20238225771853116,0.12992497454560634
P1,R04,testing,15,365,1,0.0,0.49955051134042444,0.20238225771853116,0.1292741180743151
P1,R04,testing,15,366,1,0.0,0.49955051134042444,0.20238225771853116,0.12862288283191425
P1,R04,testing,15,367,1,0.0,0.49955051134042444,0.20238225771853116,0.12797130748441843
P1,R04,testing,15,368,1,0.0,0.0,0.16910539766517077,0.10638483419057482
P1,R04,testing,15,369,1,0.0,0.0,0.16910539766517077,0.1058399226254577
P1,R04,testing,15,370,1,0.0,0.0,0.16910539766517077,0.10529482295568937
P1,R04,testing,15,371,1,0.0,0.0,0.16910539766517077,0.10474956691557238
P1,R04,testing,15,372,1,0.0,0.0,0.16910539766517077,0.10420418608876322
P1,R04,testing,15,373,1,0.0,0.0,0.16910539766517077,0.10365871190548719
P1,R04,testing,15,374,1,0.0,0.0,0.16910539766517077,0.1031131756397896
P1,R04,testing,15,375,1,0.0,0.0,0.16910539766517077,0.10256760840682325
P2,R04,testing,15,0,0,0.0,0.0,0.0,0.0
P2,R04,testing,15,1,0,0.0,0.0,0.0,0.0
P2,R04,testing,15,2,0,0.0,0.0,0.0,0.0
P2,R04,testing,15,3,0,0.0,0.0,0.0,0.0
P2,R04,testing,15,4,0,0.0,0.0,0.0,0.0
P2,R04,testing,15,5,0,0.0,0.0,0.0,0.0
P2,R04,testing,15,6,0,0.0,0.0,0.0,0.0
P2,R04,testing,15,7,0,0.0,0.0,0.0,0.0
P2,R04,testing,15,8,0,0.0,0.0,0.0,0.0
P2,R04,testing,15,9,0,0.0,0.0,0.0,0.0
P2,R04,testing,15,10,0,0.0,0.0,0.0,0.0
P2,R04,testing,15,11,0,0.0,0.0,0.0,0.0
P2,R04,testing,15,12,0,0.0,0.0,0.0,0.0
P2,R04,testing,15,13,0,0.0,0.0,0.0,0.0
P2,R04,testing,15,14,0,0.0,0.0,0.0,0.0
P2,R04,testing,15,15,0,0.0,0.0,0.0,0.0
P2,R04,testing,15,16,0,0.0,0.0,0.0,0.0
P2,R04,testing,15,17,0,0.0,0.0,0.0,0.0
P2,R04,testing,15,18,0,0.0,0.0,0.0,0.0
P2,R04,testing,15,19,0,0.0,0.0,0.0,0.0
P2,R04,testing,15,20,0,0.0,0.0,0.0,0.0
P2,R04,testing,15,21,0,0.0,0.0,0.0,0.0
P2,R04,testing,15,22,0,0.0,0.0,0.0,0.0
P2,R04,testing,15,23,0,0.0,0.0,0.0,0.0
P2,R04,testing,15,24,0,0.0,0.0,0.0,0.0
P2,R04,testing,15,25,0,0.0,0.0,0.0,0.0
P2,R04,testing,15,26,0,0.0,0.0,0.0,0.0
P2,R04,testing,15,27,0,0.0,0.0,0.0,0.0
P2,R04,testing,15,28,0,0.0,0.0,0.0,0.0
P2,R04,testing,15,29,0,0.0,0.0,0.0,0.0
P2,R04,testing,15,30,0,0.0,0.0,0.0,0.0
P2,R04,testing,15,31,0,0.0,0.0,0.0,0.0
P2,R04,testing,15,32,0,0.0,0.0,0.0,0.0
P2,R04,testing,15,33,0,0.0,0.0,0.0,0.0
P2,R04,testing,15,34,0,0.0,0.0,0.0,0.0
P2,R04,testing,15,35,0,0.0,0.0,0.0,0.0
P2,R04,testing,15,36,0,0.0,0.0,0.0,0.0
P2,R04,testing,15,37,0,0.0,0.0,0.0,0.0
P2,R04,testing,15,38,0,0.0,0.0,0.0,0.0
P2,R04,testing,15,39,0,0.0,0.0,0.0,0.0
P2,R04,testing,15,40,0,0.0,0.0,0.0,0.0
P2,R04,testing,15,41,0,0.0,0.0,0.0,0.0
P2,R04,testing,15,42,0,0.0,0.0,0.0,0.0
P2,R04,testing,15,43,0,0.0,0.0,0.0,0.0
P2,R04,testing,15,44,0,0.0,0.0,0.0,0.0
P2,R04,testing,15,45,0,0.0,0.0,0.0,0.0
P2,R04,testing,15,46,0,0.0,0.0,0.0,0.0
P2,R04,testing,15,47,0,0.0,0.0,0.0,0.0
P2,R04,testing,15,48,0,0.0,0.0,0.0,0.0
P2,R04,testing,15,49,0,0.0,0.0,0.0,0.0
P2,R04,testing,15,50,0,0.0,0.0,0.0,0.0
P2,R04,testing,15,51,0,0.0,0.0,0.0,0.0
P2,R04,testing,15,52,0,0.0,0.0,0.0,0.0
P2,R04,testing,15,53,0,0.0,0.0,0.0,0.0
P2,R04,testing,15,54,1,0.0,0.0,0.0,0.0
P2,R04,testing,15,55,1,0.0,0.0,0.0,0.0
P2,R04,testing,15,56,1,0.0,0.0,0.0,0.0
P2,R04,testing,15,57,1,0.0,0.0,0.0,0.0
P2,R04,testing,15,58,1,0.0,0.0,0.0,0.0
P2,R04,testing,15,59,1,0.0,0.0,0.0,0.0
P2,R04,testing,15,60,1,0.0,0.0,0.0,0.0
P2,R04,testing,15,61,1,0.0,0.0,0.0,0.0
P2,R04,testing,15,62,1,0.0,0.0,0.0,0.0
P2,R04,testing,15,63,1,0.0,0.0,0.0,0.0
P2,R04,testing,15,64,1,0.0,0.0,0.0,0.0
P2,R04,testing,15,65,1,0.0,0.0,0.0,0.0
P2,R04,testing,15,66,1,0.0,0.0,0.0,0.0
P2,R04,testing,15,67,1,0.0,0.0,0.0,0.0
P2,R04,testing,15,68,1,0.0,0.0,0.0,0.0
P2,R04,testing,15,69,1,0.0,0.0,0.0,0.0
P2,R04,testing,15,70,1,0.0,0.0,0.0,0.0
P2,R04,testing,15,71,1,0.0,0.0,0.0,0.0
P2,R04,testing,15,72,1,0.0,0.0,0.0,0.0
P2,R04,testing,15,73,1,0.0,0.0,0.0,0.0
P2,R04,testing,15,74,1,0.0,0.0,0.0,0.0
P2,R04,testing,15,75,1,0.0,0.0,0.0,0.0
P2,R04,testing,15,76,1,0.0,0.0,0.0,0.0
P2,R04,testing,15,77,1,0.0,0.0,0.0,0.0
P2,R04,testing,15,78,1,0.0,0.0,0.0,0.0
P2,R04,testing,15,79,1,0.0,0.0,0.0,0.0
P2,R04,testing,15,80,1,0.0,0.0,0.0,0.0
P2,R04,testing,15,81,1,0.0,0.0,0.0,0.0
P2,R04,testing,15,82,1,0.0,0.0,0.0,0.0
P2,R04,testing,15,83,1,0.0,0.0,0.0,0.0
P2,R04,testing,15,84,1,0.0,0.0,0.0,0.0
P2,R04,testing,15,85,1,0.0,0.0,0.0,0.0
P2,R04,testing,15,86,1,0.0,0.0,0.0,0.0
P2,R04,testing,15,87,1,0.0,0.0,0.0,0.0
P2,R04,testing,15,88,1,0.0,0.0,0.0,0.0
P2,R04,testing,15,89,1,0.0,0.0,0.0,0.0
P2,R04,testing,15,90,1,0.0,0.0,0.0,0.0
P2,R04,testing,15,91,1,0.0,0.0,0.0,0.0
P2,R04,testing,15,92,1,0.0,0.0,0.0,0.0
P2,R04,testing,15,93,1,0.0,0.0,0.0,0.0
P2,R04,testing,15,94,1,0.0,0.0,0.0,0.0
P2,R04,testing,15,95,1,0.0,0.0,0.0,0.0
P2,R04,testing,15,96,1,0.0,0.0,0.0,0.0
P2,R04,testing,15,97,1,0.0,0.0,0.0,0.0
P2,R04,testing,15,98,1,0.0,0.0,0.0,0.0
P2,R04,testing,15,99,1,0.0,0.0,0.0,0.0
P2,R04,testing,15,100,1,0.0,0.0,0.0,0.0
P2,R04,testing,15,101,1,0.0,0.0,0.0,0.0
P2,R04,testing,15,102,1,0.0,0.0,0.0,0.0
P2,R04,testing,15,103,1,0.0,0.0,0.0,0.0
P2,R04,testing,15,104,1,0.0,0.0,0.0,0.0
P2,R04,testing,15,105,1,0.0,0.0,0.0,0.0
P2,R04,testing,15,106,1,0.0,0.0,0.0,0.0
P2,R04,testing,15,107,1,0.0,0.0,0.0,0.0
P2,R04,testing,15,108,1,0.0,0.0,0.0,0.0
P2,R04,testing,15,109,1,0.0,0.0,0.0,0.0
P2,R04,testing,15,110,1,0.0,0.0,0.0,0.0
P2,R04,testing,15,111,1,0.0,0.0,0.0,0.0
P2,R04,testing,15,112,1,0.0,0.0,0.0,0.0
P2,R04,testing,15,113,1,0.0,0.0,0.0,0.0
P2,R04,testing,15,114,1,0.0,0.0,0.0,0.0
P2,R04,testing,15,115,1,0.0,0.0,0.0,0.0
P2,R04,testing,15,116,1,0.0,0.0,0.0,0.0
P2,R04,testing,15,117,1,0.0,0.0,0.0,0.0
P2,R04,testing,15,118,1,0.0,0.0,0.0,0.0
P2,R04,testing,15,119,1,0.0,0.0,0.0,0.0
P2,R04,testing,15,120,1,0.0,0.0,0.0,0.0
P2,R04,testing,15,121,1,0.0,0.0,0.0,0.0
P2,R04,testing,15,122,1,0.0,0.0,0.0,0.0
P2,R04,testing,15,123,1,0.0,0.0,0.0,0.0
P2,R04,testing,15,124,1,0.0,0.0,0.0,0.0
P2,R04,testing,15,125,1,0.0,0.0,0.0,0.0
P2,R04,testing,15,126,1,0.0,0.0,0.0,0.0
P2,R04,testing,15,127,1,0.0,0.0,0.0,0.0
P2,R04,testing,15,128,1,0.0,0.0,0.0,0.0
P2,R04,testing,15,129,1,0.0,0.0,0.0,0.0
P2,R04,testing,15,130,1,0.0,0.0,0.0,0.0
P2,R04,testing,15,131,1,0.0,0.0,0.0,0.0
P2,R04,testing,15,132,1,0.0,0.0,0.0,0.0
P2,R04,testing,15,133,1,0.0,0.0,0.0,0.0
P2,R04,testing,15,134,1,0.0,0.0,0.0,0.0
P2,R04,testing,15,135,1,0.0,0.0,0.0,0.0
P2,R04,testing,15,136,1,0.0,0.0,0.0,0.0
P2,R04,testing,15,137,1,0.0,0.0,0.0,0.0
P2,R04,testing,15,138,1,0.0,0.0,0.0,0.0
P2,R04,testing,15,139,1,0.0,0.0,0.0,0.0
P2,R04,testing,15,140,1,0.0,0.0,0.0,0.0
P2,R04,testing,15,141,1,0.0,0.0,0.0,0.0
P2,R04,testing,15,142,1,0.0,0.0,0.0,0.0
P2,R04,testing,15,143,1,0.0,0.0,0.0,0.0
P2,R04,testing,15,144,1,0.0,0.0,0.0,0.0
P2,R04,testing,15,145,1,0.0,0.0,0.0,0.0
P2,R04,testing,15,146,1,0.0,0.0,0.0,0.0
P2,R04,testing,15,147,1,0.0,0.0,0.0,0.0
P2,R04,testing,15,148,1,0.0,0.0,0.0,0.0
P2,R04,testing,15,149,1,0.0,0.0,0.0,0.0
P2,R04,testing,15,150,1,0.0,0.0,0.0,0.0
P2,R04,testing,15,151,1,0.0,0.0,0.0,0.0
P2,R04,testing,15,152,1,0.0,0.0,0.0,0.0
P2,R04,testing,15,153,1,0.0,0.0,0.0,0.0
P2,R04,testing,15,154,1,0.0,0.0,0.0,0.0
P2,R04,testing,15,155,1,0.0,0.0,0.0,0.0
P2,R04,testing,15,156,1,0.0,0.0,0.0,0.0
P2,R04,testing,15,157,1,0.0,0.0,0.0,0.0
P2,R04,testing,15,158,1,0.0,0.0,0.0,0.0
P2,R04,testing,15,159,1,0.0,0.0,0.0,0.0
P2,R04,testing,15,160,1,0.0,0.0,0.0,0.0
P2,R04,testing,15,161,1,0.0,0.0,0.0,0.0
P2,R04,testing,15,162,1,0.0,0.0,0.0,0.0
P2,R04,testing,15,163,1,0.0,0.0,0.0,0.0
P2,R04,testing,15,164,1,0.0,0.0,0.0,0.0
P2,R04,testing,15,165,1,0.0,0.0,0.0,0.0
P2,R04,testing,15,166,1,0.0,0.0,0.0,0.0
P2,R04,testing,15,167,1,0.0,0.0,0.0,0.0
P2,R04,testing,15,168,1,0.0,0.0,0.0,0.0
P2,R04,testing,15,169,1,0.0,0.0,0.0,0.0
P2,R04,testing,15,170,1,0.0,0.0,0.0,0.0
P2,R04,testing,15,171,1,0.0,0.0,0.0,0.0
P2,R04,testing,15,172,1,0.0,0.0,0.0,0.0
P2,R04,testing,15,173,1,0.0,0.0,0.0,0.0
P2,R04,testing,15,174,1,0.0,0.0,0.0,0.0
P2,R04,testing,15,175,1,0.0,0.0,0.0,0.0
P2,R04,testing,15,176,1,0.0,0.0,0.0,0.0
P2,R04,testing,15,177,1,0.0,0.0,0.0,0.0
P2,R04,testing,15,178,1,0.0,0.0,0.0,0.0
P2,R04,testing,15,179,1,0.0,0.0,0.0,0.0
P2,R04,testing,15,180,1,0.0,0.0,0.0,0.0
P2,R04,testing,15,181,1,0.0,0.0,0.0,0.0
P2,R04,testing,15,182,1,0.0,0.0,0.0,0.0
P2,R04,testing,15,183,1,0.0,0.0,0.0,0.0
P2,R04,testing,15,184,1,0.0,0.0,0.0,0.0
P2,R04,testing,15,185,1,0.0,0.0,0.0,0.0
P2,R04,testing,15,186,1,0.0,0.0,0.0,0.0
P2,R04,testing,15,187,1,0.0,0.0,0.0,0.0
P2,R04,testing,15,188,1,0.0,0.0,0.0,0.0
P2,R04,testing,15,189,1,0.0,0.0,0.0,0.0
P2,R04,testing,15,190,1,0.0,0.0,0.0,0.0
P2,R04,testing,15,191,1,0.0,0.0,0.0,0.0
P2,R04,testing,15,192,1,0.0,0.0,0.0,0.0
P2,R04,testing,15,193,1,0.0,0.0,0.0,0.0
P2,R04,testing,15,194,1,0.0,0.0,0.0,0.0
P2,R04,testing,15,195,1,0.0,0.0,0.0,0.0
P2,R04,testing,15,196,1,0.0,0.0,0.0,0.0
P2,R04,testing,15,197,1,0.0,0.0,0.0,0.0
P2,R04,testing,15,198,1,0.0,0.0,0.0,0.0
P2,R04,testing,15,199,1,0.0,0.0,0.0,0.0
P2,R04,testing,15,200,1,0.0,0.0,0.0,0.0
P2,R04,testing,15,201,1,0.0,0.0,0.0,0.0
P2,R04,testing,15,202,1,0.0,0.0,0.0,0.0
P2,R04,testing,15,203,1,0.0,0.0,0.0,0.0
P2,R04,testing,15,204,1,0.0,0.0,0.0,0.0
P2,R04,testing,15,205,1,0.0,0.0,0.0,0.0
P2,R04,testing,15,206,1,0.0,0.0,0.0,0.0
P2,R04,testing,15,207,1,0.0,0.0,0.0,0.0
P2,R04,testing,15,208,1,0.0,0.0,0.0,0.0
P2,R04,testing,15,209,1,0.0,0.0,0.0,0.0
P2,R04,testing,15,210,1,0.0,0.0,0.0,0.0
P2,R04,testing,15,211,1,0.0,0.0,0.0,0.0
P2,R04,testing,15,212,1,0.0,0.0,0.0,0.0
P2,R04,testing,15,213,1,0.0,0.0,0.0,0.0
P2,R04,testing,15,214,1,0.0,0.0,0.0,0.0
P2,R04,testing,15,215,1,0.0,0.0,0.0,0.0
P2,R04,testing,15,216,1,0.0,0.0,0.0,0.0
P2,R04,testing,15,217,1,0.0,0.0,0.0,0.0
P2,R04,testing,15,218,1,0.0,0.0,0.0,0.0
P2,R04,testing,15,219,1,0.0,0.0,0.0,0.0
P2,R04,testing,15,220,1,0.0,0.0,0.0,0.0
P2,R04,testing,15,221,1,0.0,0.0,0.0,0.0
P2,R04,testing,15,222,1,0.0,0.0,0.0,0.0
P2,R04,testing,15,223,1,0.0,0.0,0.0,0.0
P2,R04,testing,15,224,1,0.0,0.0,0.0,0.0
P2,R04,testing,15,225,1,0.0,0.0,0.0,0.0
P2,R04,testing,15,226,1,0.0,0.0,0.0,0.0
P2,R04,testing,15,227,1,0.0,0.0,0.0,0.0
P2,R04,testing,15,228,1,0.0,0.0,0.0,0.0
P2,R04,testing,15,229,1,0.0,0.0,0.0,0.0
P2,R04,testing,15,230,1,0.0,0.0,0.0,0.0
P2,R04,testing,15,231,1,0.0,0.0,0.0,0.0
P2,R04,testing,15,232,1,0.0,0.0,0.0,0.0
P2,R04,testing,15,233,1,0.0,0.0,0.0,0.0
P2,R04,testing,15,234,1,0.0,0.0,0.0,0.0
P2,R04,testing,15,235,1,0.0,0.0,0.0,0.0
P2,R04,testing,15,236,1,0.0,0.0,0.0,0.0
P2,R04,testing,15,237,1,0.0,0.0,0.0,0.0
P2,R04,testing,15,238,1,0.0,0.0,0.0,0.0
P2,R04,testing,15,239,1,0.0,0.0,0.0,0.0
P2,R04,testing,15,240,1,0.0,0.0,0.0,0.0
P2,R04,testing,15,241,1,0.0,0.0,0.0,0.0
P2,R04,testing,15,242,1,0.0,0.0,0.0,0.0
P2,R04,testing,15,243,1,0.0,0.0,0.0,0.0
P2,R04,testing,15,244,1,0.0,0.0,0.0,0.0
P2,R04,testing,15,245,1,0.0,0.0,0.0,0.0
P2,R04,testing,15,246,1,0.0,0.0,0.0,0.0
P2,R04,testing,15,247,1,0.0,0.0,0.0,0.0
P2,R04,testing,15,248,1,0.0,0.0,0.0,0.0
P2,R04,testing,15,249,1,0.0,0.0,0.0,0.0
P2,R04,testing,15,250,1,0.0,0.0,0.0,0.0
P2,R04,testing,15,251,1,0.0,0.0,0.0,0.0
P2,R04,testing,15,252,1,0.0,0.0,0.0,0.0
P2,R04,testing,15,253,1,0.0,0.0,0.0,0.0
P2,R04,testing,15,254,1,0.0,0.0,0.0,0.0
P2,R04,testing,15,255,1,0.0,0.0,0.0,0.0
P2,R04,testing,15,256,1,0.0,0.0,0.0,0.0
P2,R04,testing,15,257,1,0.0,0.0,0.0,0.0
P2,R04,testing,15,258,1,0.0,0.0,0.0,0.0
P2,R04,testing,15,259,1,0.0,0.0,0.0,0.0
P2,R04,testing,15,260,1,0.0,0.0,0.0,0.0
P2,R04,testing,15,261,1,0.0,0.0,0.0,0.0
P2,R04,testing,15,262,1,0.0,0.0,0.0,0.0
P2,R04,testing,15,263,1,0.0,0.0,0.0,0.0
P2,R04,testing,15,264,1,0.0,0.0,0.0,0.0
P2,R04,testing,15,265,1,0.0,0.0,0.0,0.0
P2,R04,testing,15,266,1,0.0,0.0,0.0,0.0
P2,R04,testing,15,267,1,0.0,0.0,0.0,0.0
P2,R04,testing,15,268,1,0.0,0.0,0.0,0.0
P2,R04,testing,15,269,1,0.0,0.0,0.0,0.0
P2,R04,testing,15,270,1,0.0,0.0,0.0,0.0
P2,R04,testing,15,271,1,0.0,0.0,0.0,0.0
P2,R04,testing,15,272,1,0.0,0.0,0.0,0.0
P2,R04,testing,15,273,1,0.0,0.0,0.0,0.0
P2,R04,testing,15,274,1,0.0,0.0,0.0,0.0
P2,R04,testing,15,275,1,0.0,0.0,0.0,0.0
P2,R04,testing,15,276,1,0.0,0.0,0.0,0.0
P2,R04,testing,15,277,1,0.0,0.0,0.0,0.0
P2,R04,testing,15,278,1,0.0,0.0,0.0,0.0
P2,R04,testing,15,279,1,0.0,0.0,0.0,0.0
P2,R04,testing,15,280,1,0.0,0.0,0.0,0.0
P2,R04,testing,15,281,1,0.0,0.0,0.0,0.0
P2,R04,testing,15,282,1,0.0,0.0,0.0,0.0
P2,R04,testing,15,283,1,0.0,0.0,0.0,0.0
P2,R04,testing,15,284,1,0.0,0.0,0.0,0.0
P2,R04,testing,15,285,1,0.0,0.0,0.0,0.0
P2,R04,testing,15,286,1,0.0,0.0,0.0,0.0
P2,R04,testing,15,287,1,0.0,0.0,0.0,0.0
P2,R04,testing,15,288,1,0.0,0.0,0.0,0.0
P2,R04,testing,15,289,1,0.0,0.0,0.0,0.0
P2,R04,testing,15,290,1,0.0,0.0,0.0,0.0
P2,R04,testing,15,291,1,0.0,0.0,0.0,0.0
P2,R04,testing,15,292,1,0.0,0.0,0.0,0.0
P2,R04,testing,15,293,1,0.0,0.0,0.0,0.0
P2,R04,testing,15,294,1,0.0,0.0,0.0,0.0
P2,R04,testing,15,295,1,0.0,0.0,0.0,0.0
P2,R04,testing,15,296,1,0.0,0.0,0.0,0.0
P2,R04,testing,15,297,1,0.0,0.0,0.0,0.0
P2,R04,testing,15,298,1,0.0,0.0,0.0,0.0
P2,R04,testing,15,299,1,0.0,0.0,0.0,0.0
P2,R04,testing,15,300,1,0.0,0.0,0.0,0.0
P2,R04,testing,15,301,1,0.0,0.0,0.0,0.0
P2,R04,testing,15,302,1,0.0,0.0,0.0,0.0
P2,R04,testing,15,303,1,0.0,0.0,0.0,0.0
P2,R04,testing,15,304,1,0.0,0.0,0.0,0.0
P2,R04,testing,15,305,1,0.0,0.0,0.0,0.0
P2,R04,testing,15,306,1,0.0,0.0,0.0,0.0
P2,R04,testing,15,307,1,0.0,0.0,0.0,0.0
P2,R04,testing,15,308,1,0.0,0.0,0.0,0.0
P2,R04,testing,15,309,1,0.0,0.0,0.0,0.0
P2,R04,testing,15,310,1,0.0,0.0,0.0,0.0
P2,R04,testing,15,311,1,0.0,0.0,0.0,0.0
P2,R04,testing,15,312,1,0.0,0.0,0.0,0.0
P2,R04,testing,15,313,1,0.0,0.0,0.0,0.0
P2,R04,testing,15,314,1,0.0,0.0,0.0,0.0
P2,R04,testing,15,315,1,0.0,0.0,0.0,0.0
P2,R04,testing,15,316,1,0.0,0.0,0.0,0.0
P2,R04,testing,15,317,1,0.0,0.0,0.0,0.0
P2,R04,testing,15,318,1,0.0,0.0,0.0,0.0
P2,R04,testing,15,319,1,0.0,0.0,0.0,0.0
P2,R04,testing,15,320,1,0.0,0.0,0.0,0.0
P2,R04,testing,15,321,1,0.0,0.0,0.0,0.0
P2,R04,testing,15,322,1,0.0,0.0,0.0,0.0
P2,R04,testing,15,323,1,0.0,0.0,0.0,0.0
P2,R04,testing,15,324,1,0.0,0.0,0.0,0.0
P2,R04,testing,15,325,1,0.0,0.0,0.0,0.0
P2,R04,testing,15,326,1,0.0,0.0,0.0,0.0
P2,R04,testing,15,327,1,0.0,0.0,0.0,0.0
P2,R04,testing,15,328,1,0.0,0.0,0.0,0.0
P2,R04,testing,15,329,1,0.0,0.0,0.0,0.0
P2,R04,testing,15,330,1,0.0,0.0,0.0,0.0
P2,R04,testing,15,331,1,0.0,0.0,0.0,0.0
P2,R04,testing,15,332,1,0.0,0.0,0.0,0.0
P2,R04,testing,15,333,1,0.0,0.0,0.0,0.0
P2,R04,testing,15,334,1,0.0,0.0,0.0,0.0
P2,R04,testing,15,335,1,0.0,0.0,0.0,0.0
P2,R04,testing,15,336,1,0.0,0.0,0.0,0.0
P2,R04,testing,15,337,1,0.0,0.0,0.0,0.0
P2,R04,testing,15,338,1,0.0,0.0,0.0,0.0
P2,R04,testing,15,339,1,0.0,0.0,0.0,0.0
P2,R04,testing,15,340,1,0.0,0.0,0.0,0.0
P2,R04,testing,15,341,1,0.0,0.0,0.0,0.0
P2,R04,testing,15,342,1,0.0,0.0,0.0,0.0
P2,R04,testing,15,343,1,0.0,0.0,0.0,0.0
P2,R04,testing,15,344,1,0.0,0.0,0.0,0.0
P2,R04,testing,15,345,1,0.0,0.0,0.0,0.0
P2,R04,testing,15,346,1,0.0,0.0,0.0,0.0
P2,R04,testing,15,347,1,0.0,0.0,0.0,0.0
P2,R04,testing,15,348,1,0.0,0.0,0.0,0.0
P2,R04,testing,15,349,1,0.0,0.0,0.0,0.0
P2,R04,testing,15,350,1,0.0,0.0,0.0,0.0
P2,R04,testing,15,351,1,0.0,0.0,0.0,0.0
P2,R04,testing,15,352,1,0.0,0.0,0.0,0.0
P2,R04,testing,15,353,1,0.0,0.0,0.0,0.0
P2,R04,testing,15,354,1,0.0,0.0,0.0,0.0
P2,R04,testing,15,355,1,0.0,0.0,0.0,0.0
P2,R04,testing,15,356,1,0.0,0.0,0.0,0.0
P2,R04,testing,15,357,1,0.0,0.0,0.0,0.0
P2,R04,testing,15,358,1,0.0,0.0,0.0,0.0
P2,R04,testing,15,359,1,0.0,0.0,0.0,0.0
P2,R04,testing,15,360,1,0.0,0.0,0.0,0.0
P2,R04,testing,15,361,1,0.0,0.0,0.0,0.0
P2,R04,testing,15,362,1,0.0,0.0,0.0,0.0
P2,R04,testing,15,363,1,0.0,0.0,0.0,0.0
P2,R04,testing,15,364,1,0.0,0.0,0.0,0.0
P2,R04,testing,15,365,1,0.0,0.0,0.0,0.0
P2,R04,testing,15,366,1,0.0,0.0,0.0,0.0
P2,R04,testing,15,367,1,0.0,0.0,0.0,0.0
P2,R04,testing,15,368,1,0.0,0.0,0.0,0.0
P2,R04,testing,15,369,1,0.0,0.0,0.0,0.0
P2,R04,testing,15,370,1,0.0,0.0,0.0,0.0
P2,R04,testing,15,371,1,0.0,0.0,0.0,0.0
P2,R04,testing,15,372,1,0.0,0.0,0.0,0.0
P2,R04,testing,15,373,1,0.0,0.0,0.0,0.0
P2,R04,testing,15,374,1,0.0,0.0,0.0,0.0
P2,R04,testing,15,375,1,0.0,0.0,0.0,0.0
P3,R04,testing,15,0,0,0.0,0.0,0.17891742204996103,0.10909612478121229
P3,R04,testing,15,1,0,0.0,0.0,0.17891742204996103,0.10967331476829144
P3,R04,testing,15,2,0,0.0,0.0,0.17891742204996103,0.11025043907073266
P3,R04,testing,15,3,0,0.0,0.0,0.17891742204996103,0.11082746459987265
P3,R04,testing,15,4,0,0.0,0.0,0.17891742204996103,0.11140435810180604
P3,R04,testing,15,5,0,0.0,0.0,0.17891742204996103,0.11198108616029381
P3,R04,testing,15,6,0,0.0,0.0,0.17891742204996103,0.11255761519970982
P3,R04,testing,15,7,0,0.0,0.0,0.17891742204996103,0.1131339114880253
P3,R04,testing,15,8,0,0.0,0.0,0.17891742204996103,0.113709941139831
P3,R04,testing,15,9,0,0.0,0.0,0.17891742204996103,0.11428567011939647
P3,R04,testing,15,10,0,0.0,0.0,0.17891742204996103,0.11486106424376637
P3,R04,testing,15,11,0,0.0,0.0,0.17891742204996103,0.11543608918589338
P3,R04,testing,15,12,0,0.0,0.0,0.17891742204996103,0.11601071047780737
P3,R04,testing,15,13,0,0.0,0.0,0.17891742204996103,0.11658489351382031
P3,R04,testing,15,14,0,0.0,0.0,0.17891742204996103,0.11715860355376703
P3,R04,testing,15,15,0,0.0,0.0,0.17891742204996103,0.11773180572628082
P3,R04,testing,15,16,0,1.0,1.0,0.18124380031913126,0.11984272180689491
P3,R04,testing,15,17,0,1.0,1.0,0.18124380031913126,0.12042224162387923
P3,R04,testing,15,18,0,1.0,1.0,0.18124380031913126,0.12100114023178829
P3,R04,testing,15,19,0,1.0,1.0,0.18124380031913126,0.12157938180809132
P3,R04,testing,15,20,0,1.0,1.0,0.18124380031913126,0.12215693041446196
P3,R04,testing,15,21,0,1.0,1.0,0.18124380031913126,0.12273375000030179
P3,R04,testing,15,22,0,1.0,1.0,0.18124380031913126,0.12330980440629659
P3,R04,testing,15,23,0,1.0,1.0,0.18124380031913126,0.1238850573680047
P3,R04,testing,15,24,0,1.0,1.0,0.18124380031913126,0.12445947251947755
P3,R04,testing,15,25,0,1.0,1.0,0.18124380031913126,0.12503301339691103
P3,R04,testing,15,26,0,1.0,1.0,0.18124380031913126,0.12560564344232816
P3,R04,testing,15,27,0,1.0,1.0,0.18124380031913126,0.12617732600729187
P3,R04,testing,15,28,0,1.0,1.0,0.18124380031913126,0.12674802435664767
P3,R04,testing,15,29,0,1.0,1.0,0.18124380031913126,0.12731770167229603
P3,R04,testing,15,30,0,1.0,1.0,0.18124380031913126,0.12788632105699302
P3,R04,testing,15,31,0,1.0,1.0,0.18124380031913126,0.12845384553817998
P3,R04,testing,15,32,0,1.0,1.0,0.18178370472568678,0.12940457450126422
P3,R04,testing,15,33,0,1.0,1.0,0.18178370472568678,0.12997148171144043
P3,R04,testing,15,34,0,1.0,1.0,0.18178370472568678,0.13053717909401602
P3,R04,testing,15,35,0,1.0,1.0,0.18178370472568678,0.13110162930309646
P3,R04,testing,15,36,0,1.0,1.0,0.18178370472568678,0.13166479493685976
P3,R04,testing,15,37,0,1.0,1.0,0.18178370472568678,0.13222663854155664
P3,R04,testing,15,38,0,1.0,1.0,0.18178370472568678,0.13278712261553535
P3,R04,testing,15,39,0,1.0,1.0,0.18178370472568678,0.1333462096132902
P3,R04,testing,15,40,0,1.0,1.0,0.18178370472568678,0.13390386194953383
P3,R04,testing,15,41,0,1.0,1.0,0.18178370472568678,0.13446004200329234
P3,R04,testing,15,42,0,1.0,1.0,0.18178370472568678,0.1350147121220224
P3,R04,testing,15,43,0,1.0,1.0,0.18178370472568678,0.13556783462575017
P3,R04,testing,15,44,0,1.0,1.0,0.18178370472568678,0.13611937181123127
P3,R04,testing,15,45,0,1.0,1.0,0.18178370472568678,0.13666928595613104
P3,R04,testing,15,46,0,1.0,1.0,0.18178370472568678,0.13721753932322464
P3,R04,testing,15,47,0,1.0,1.0,0.18178370472568678,0.13776409416461632
P3,R04,testing,15,48,0,0.0,0.49966024081511345,0.18052113912582857,0.1373482981559026
P3,R04,testing,15,49,0,0.0,0.49966024081511345,0.18052113912582857,0.1378875710041761
P3,R04,testing,15,50,0,0.0,0.49966024081511345,0.18052113912582857,0.13842504464516373
P3,R04,testing,15,51,0,0.0,0.49966024081511345,0.18052113912582857,0.13896068159301464
P3,R04,testing,15,52,0,0.0,0.49966024081511345,0.18052113912582857,0.1394944443724933
P3,R04,testing,15,53,0,0.0,0.49966024081511345,0.18052113912582857,0.14002629552327
P3,R04,testing,15,54,1,0.0,0.49966024081511345,0.18052113912582857,0.1405561976042255
P3,R04,testing,15,55,1,0.0,0.49966024081511345,0.18052113912582857,0.14108411319776976
P3,R04,testing,15,56,1,0.0,0.49966024081511345,0.18052113912582857,0.14161000491417358
P3,R04,testing,15,57,1,0.0,0.49966024081511345,0.18052113912582857,0.14213383539591246
P3,R04,testing,15,58,1,0.0,0.49966024081511345,0.18052113912582857,0.14265556732202236
P3,R04,testing,15,59,1,0.0,0.49966024081511345,0.18052113912582857,0.14317516341246656
P3,R04,testing,15,60,1,0.0,0.49966024081511345,0.18052113912582857,0.1436925864325124
P3,R04,testing,15,61,1,0.0,0.49966024081511345,0.18052113912582857,0.14420779919711801
P3,R04,testing,15,62,1,0.0,0.49966024081511345,0.18052113912582857,0.14472076457532776
P3,R04,testing,15,63,1,0.0,0.49966024081511345,0.18052113912582857,0.14523144549467573
P3,R04,testing,15,64,1,0.0,0.0,0.17749354651953037,0.1432955440793441
P3,R04,testing,15,65,1,0.0,0.0,0.17749354651953037,0.14379305877269846
P3,R04,testing,15,66,1,0.0,0.0,0.17749354651953037,0.14428821835709907
P3,R04,testing,15,67,1,0.0,0.0,0.17749354651953037,0.14478098665530564
P3,R04,testing,15,68,1,0.0,0.0,0.17749354651953037,0.1452713275693309
P3,R04,testing,15,69,1,0.0,0.0,0.17749354651953037,0.14575920508480333
P3,R04,testing,15,70,1,0.0,0.0,0.17749354651953037,0.14624458327533327
P3,R04,testing,15,71,1,0.0,0.0,0.17749354651953037,0.14672742630688076
P3,R04,testing,15,72,1,0.0,0.0,0.17749354651953037,0.1472076984421254
P3,R04,testing,15,73,1,0.0,0.0,0.17749354651953037,0.14768536404483665
P3,R04,testing,15,74,1,0.0,0.0,0.17749354651953037,0.1481603875842444
P3,R04,testing,15,75,1,0.0,0.0,0.17749354651953037,0.14863273363940865
P3,R04,testing,15,76,1,0.0,0.0,0.17749354651953037,0.14910236690358789
P3,R04,testing,15,77,1,0.0,0.0,0.17749354651953037,0.14956925218860526
P3,R04,testing,15,78,1,0.0,0.0,0.17749354651953037,0.15003335442921162
P3,R04,testing,15,79,1,0.0,0.0,0.17749354651953037,0.15049463868744523
P3,R04,testing,15,80,1,0.0,0.0,0.17278996447404418,0.14695281119307382
P3,R04,testing,15,81,1,0.0,0.0,0.17278996447404418,0.1473962832794564
P3,R04,testing,15,82,1,0.0,0.0,0.17278996447404418,0.14783691080958755
P3,R04,testing,15,83,1,0.0,0.0,0.17278996447404418,0.14827466030936112
P3,R04,testing,15,84,1,0.0,0.0,0.17278996447404418,0.1487094984497252
P3,R04,testing,15,85,1,0.0,0.0,0.17278996447404418,0.14914139205088925
P3,R04,testing,15,86,1,0.0,0.0,0.17278996447404418,0.1495703080865225
P3,R04,testing,15,87,1,0.0,0.0,0.17278996447404418,0.14999621368794244
P3,R04,testing,15,88,1,0.0,0.0,0.17278996447404418,0.15041907614829345
P3,R04,testing,15,89,1,0.0,0.0,0.17278996447404418,0.15083886292671422
P3,R04,testing,15,90,1,0.0,0.0,0.17278996447404418,0.15125554165249377
P3,R04,testing,15,91,1,0.0,0.0,0.17278996447404418,0.1516690801292147
P3,R04,testing,15,92,1,0.0,0.0,0.17278996447404418,0.15207944633888337
P3,R04,testing,15,93,1,0.0,0.0,0.17278996447404418,0.15248660844604628
P3,R04,testing,15,94,1,0.0,0.0,0.17278996447404418,0.15289053480189152
P3,R04,testing,15,95,1,0.0,0.0,0.17278996447404418,0.15329119394833515
P3,R04,testing,15,96,1,0.0,0.0,0.16654667550492108,0.1481354424336995
P3,R04,testing,15,97,1,0.0,0.0,0.16654667550492108,0.14851523634158936
P3,R04,testing,15,98,1,0.0,0.0,0.16654667550492108,0.1488917912695498
P3,R04,testing,15,99,1,0.0,0.0,0.16654667550492108,0.1492650776705578
P3,R04,testing,15,100,1,0.0,0.0,0.16654667550492108,0.14963506620087236
P3,R04,testing,15,101,1,0.0,0.0,0.16654667550492108,0.15000172772386894
P3,R04,testing,15,102,1,0.0,0.0,0.16654667550492108,0.15036503331385437
P3,R04,testing,15,103,1,0.0,0.0,0.16654667550492108,0.15072495425986146
P3,R04,testing,15,104,1,0.0,0.0,0.16654667550492108,0.15108146206942197
P3,R04,testing,15,105,1,0.0,0.0,0.16654667550492108,0.1514345284723183
P3,R04,testing,15,106,1,0.0,0.0,0.16654667550492108,0.15178412542431202
P3,R04,testing,15,107,1,0.0,0.0,0.16654667550492108,0.15213022511084964
P3,R04,testing,15,108,1,0.0,0.0,0.16654667550492108,0.1524727999507442
P3,R04,testing,15,109,1,0.0,0.0,0.16654667550492108,0.15281182259983242
P3,R04,testing,15,110,1,0.0,0.0,0.16654667550492108,0.1531472659546065
P3,R04,testing,15,111,1,0.0,0.0,0.16654667550492108,0.15347910315581975
P3,R04,testing,15,112,1,0.0,0.0,0.15894064890673756,0.14678307568234125
P3,R04,testing,15,113,1,0.0,0.0,0.15894064890673756,0.1470927993211698
P3,R04,testing,15,114,1,0.0,0.0,0.15894064890673756,0.14739900603083583
P3,R04,testing,15,115,1,0.0,0.0,0.15894064890673756,0.14770167114504687
P3,R04,testing,15,116,1,0.0,0.0,0.15894064890673756,0.14800077024742844
P3,R04,testing,15,117,1,0.0,0.0,0.15894064890673756,0.14829627917480334
P3,R04,testing,15,118,1,0.0,0.0,0.15894064890673756,0.14858817402044175
P3,R04,testing,15,119,1,0.0,0.0,0.15894064890673756,0.14887643113728138
P3,R04,testing,15,120,1,0.0,0.0,0.15894064890673756,0.1491610271411176
P3,R04,testing,15,121,1,0.0,0.0,0.15894064890673756,0.14944193891376206
P3,R04,testing,15,122,1,0.0,0.0,0.15894064890673756,0.14971914360617022
P3,R04,testing,15,123,1,0.0,0.0,0.15894064890673756,0.14999261864153654
P3,R04,testing,15,124,1,0.0,0.0,0.15894064890673756,0.1502623417183566
P3,R04,testing,15,125,1,0.0,0.0,0.15894064890673756,0.15052829081345642
P3,R04,testing,15,126,1,0.0,0.0,0.15894064890673756,0.1507904441849875
P3,R04,testing,15,127,1,0.0,0.0,0.15894064890673756,0.1510487803753874
P3,R04,testing,15,128,1,0.0,0.0,0.15018121432065057,0.14296474947861113
P3,R04,testing,15,129,1,0.0,0.0,0.15018121432065057,0.1432015750524457
P3,R04,testing,15,130,1,0.0,0.0,0.15018121432065057,0.14343473462934073
P3,R04,testing,15,131,1,0.0,0.0,0.15018121432065057,0.14366420903606839
P3,R04,testing,15,132,1,0.0,0.0,0.15018121432065057,0.14388997938149956
P3,R04,testing,15,133,1,0.0,0.0,0.15018121432065057,0.14411202705919496
P3,R04,testing,15,134,1,0.0,0.0,0.15018121432065057,0.14433033374995974
P3,R04,testing,15,135,1,0.0,0.0,0.15018121432065057,0.14454488142436164
P3,R04,testing,15,136,1,0.0,0.0,0.15018121432065057,0.1447556523452118
P3,R04,testing,15,137,1,0.0,0.0,0.15018121432065057,0.14496262907000804
P3,R04,testing,15,138,1,0.0,0.0,0.15018121432065057,0.14516579445334005
P3,R04,testing,15,139,1,0.0,0.0,0.15018121432065057,0.14536513164925582
P3,R04,testing,15,140,1,0.0,0.0,0.15018121432065057,0.1455606241135892
P3,R04,testing,15,141,1,0.0,0.0,0.15018121432065057,0.14575225560624788
P3,R04,testing,15,142,1,0.0,0.0,0.15018121432065057,0.14594001019346148
P3,R04,testing,15,143,1,0.0,0.0,0.15018121432065057,0.1461238722499892
P3,R04,testing,15,144,1,0.0,0.0,0.08753402307018224,0.08527406426062745
P3,R04,testing,15,145,1,0.0,0.0,0.08753402307018224,0.08537666519894982
P3,R04,testing,15,146,1,0.0,0.0,0.08753402307018224,0.08547697112205842
P3,R04,testing,15,147,1,0.0,0.0,0.08753402307018224,0.08557497365438958
P3,R04,testing,15,148,1,0.0,0.0,0.08753402307018224,0.08567066460628037
P3,R04,testing,15,149,1,0.0,0.0,0.08753402307018224,0.08576403597510891
P3,R04,testing,15,150,1,0.0,0.0,0.08753402307018224,0.08585507994640985
P3,R04,testing,15,151,1,0.0,0.0,0.08753402307018224,0.08594378889496426
P3,R04,testing,15,152,1,0.0,0.0,0.08753402307018224,0.08603015538586388
P3,R04,testing,15,153,1,0.0,0.0,0.08753402307018224,0.08611417217554966
P3,R04,testing,15,154,1,0.0,0.0,0.08753402307018224,0.0861958322128242
P3,R04,testing,15,155,1,0.0,0.0,0.08753402307018224,0.086275128639838
P3,R04,testing,15,156,1,0.0,0.0,0.08753402307018224,0.08635205479304926
P3,R04,testing,15,157,1,0.0,0.0,0.08753402307018224,0.08642660420415713
P3,R04,testing,15,158,1,0.0,0.0,0.08753402307018224,0.08649877060100811
P3,R04,testing,15,159,1,0.0,0.0,0.08753402307018224,0.08656854790847554
P3,R04,testing,15,160,1,0.0,0.0,0.028526472702685685,0.028233793131469207
P3,R04,testing,15,161,1,0.0,0.0,0.028526472702685685,0.028254970023635955
P3,R04,testing,15,162,1,0.0,0.0,0.028526472702685685,0.028275362783709197
P3,R04,testing,15,163,1,0.0,0.0,0.028526472702685685,0.02829496969139002
P3,R04,testing,15,164,1,0.0,0.0,0.028526472702685685,0.02831378909188796
P3,R04,testing,15,165,1,0.0,0.0,0.028526472702685685,0.02833181939615372
P3,R04,testing,15,166,1,0.0,0.0,0.028526472702685685,0.02834905908110283
P3,R04,testing,15,167,1,0.0,0.0,0.028526472702685685,0.028365506689830046
P3,R04,testing,15,168,1,0.0,0.0,0.028526472702685685,0.028381160831814578
P3,R04,testing,15,169,1,0.0,0.0,0.028526472702685685,0.028396020183116003
P3,R04,testing,15,170,1,0.0,0.0,0.028526472702685685,0.028410083486560853
P3,R04,testing,15,171,1,0.0,0.0,0.028526472702685685,0.02842334955191995
P3,R04,testing,15,172,1,0.0,0.0,0.028526472702685685,0.028435817256076232
P3,R04,testing,15,173,1,0.0,0.0,0.028526472702685685,0.028447485543183246
P3,R04,testing,15,174,1,0.0,0.0,0.028526472702685685,0.02845835342481419
P3,R04,testing,15,175,1,0.0,0.0,0.028526472702685685,0.028468419980101432
P3,R04,testing,15,176,1,0.0,0.0,0.0,0.0
P3,R04,testing,15,177,1,0.0,0.0,0.0,0.0
P3,R04,testing,15,178,1,0.0,0.0,0.0,0.0
P3,R04,testing,15,179,1,0.0,0.0,0.0,0.0
P3,R04,testing,15,180,1,0.0,0.0,0.0,0.0
P3,R04,testing,15,181,1,0.0,0.0,0.0,0.0
P3,R04,testing,15,182,1,0.0,0.0,0.0,0.0
P3,R04,testing,15,183,1,0.0,0.0,0.0,0.0
P3,R04,testing,15,184,1,0.0,0.0,0.0,0.0
P3,R04,testing,15,185,1,0.0,0.0,0.0,0.0
P3,R04,testing,15,186,1,0.0,0.0,0.0,0.0
P3,R04,testing,15,187,1,0.0,0.0,0.0,0.0
P3,R04,testing,15,188,1,0.0,0.0,0.0,0.0
P3,R04,testing,15,189,1,0.0,0.0,0.0,0.0
P3,R04,testing,15,190,1,0.0,0.0,0.0,0.0
P3,R04,testing,15,191,1,0.0,0.0,0.0,0.0
P3,R04,testing,15,192,1,0.0,0.0,0.0,0.0
P3,R04,testing,15,193,1,0.0,0.0,0.0,0.0
P3,R04,testing,15,194,1,0.0,0.0,0.0,0.0
P3,R04,testing,15,195,1,0.0,0.0,0.0,0.0
P3,R04,testing,15,196,1,0.0,0.0,0.0,0.0
P3,R04,testing,15,197,1,0.0,0.0,0.0,0.0
P3,R04,testing,15,198,1,0.0,0.0,0.0,0.0
P3,R04,testing,15,199,1,0.0,0.0,0.0,0.0
P3,R04,testing,15,200,1,0.0,0.0,0.0,0.0
P3,R04,testing,15,201,1,0.0,0.0,0.0,0.0
P3,R04,testing,15,202,1,0.0,0.0,0.0,0.0
P3,R04,testing,15,203,1,0.0,0.0,0.0,0.0
P3,R04,testing,15,204,1,0.0,0.0,0.0,0.0
P3,R04,testing,15,205,1,0.0,0.0,0.0,0.0
P3,R04,testing,15,206,1,0.0,0.0,0.0,0.0
P3,R04,testing,15,207,1,0.0,0.0,0.0,0.0
P3,R04,testing,15,208,1,0.0,0.0,0.0,0.0
P3,R04,testing,15,209,1,0.0,0.0,0.0,0.0
P3,R04,testing,15,210,1,0.0,0.0,0.0,0.0
P3,R04,testing,15,211,1,0.0,0.0,0.0,0.0
P3,R04,testing,15,212,1,0.0,0.0,0.0,0.0
P3,R04,testing,15,213,1,0.0,0.0,0.0,0.0
P3,R04,testing,15,214,1,0.0,0.0,0.0,0.0
P3,R04,testing,15,215,1,0.0,0.0,0.0,0.0
P3,R04,testing,15,216,1,0.0,0.0,0.0,0.0
P3,R04,testing,15,217,1,0.0,0.0,0.0,0.0
P3,R04,testing,15,218,1,0.0,0.0,0.0,0.0
P3,R04,testing,15,219,1,0.0,0.0,0.0,0.0
P3,R04,testing,15,220,1,0.0,0.0,0.0,0.0
P3,R04,testing,15,221,1,0.0,0.0,0.0,0.0
P3,R04,testing,15,222,1,0.0,0.0,0.0,0.0
P3,R04,testing,15,223,1,0.0,0.0,0.0,0.0
P3,R04,testing,15,224,1,0.0,0.0,0.0,0.0
P3,R04,testing,15,225,1,0.0,0.0,0.0,0.0
P3,R04,testing,15,226,1,0.0,0.0,0.0,0.0
P3,R04,testing,15,227,1,0.0,0.0,0.0,0.0
P3,R04,testing,15,228,1,0.0,0.0,0.0,0.0
P3,R04,testing,15,229,1,0.0,0.0,0.0,0.0
P3,R04,testing,15,230,1,0.0,0.0,0.0,0.0
P3,R04,testing,15,231,1,0.0,0.0,0.0,0.0
P3,R04,testing,15,232,1,0.0,0.0,0.0,0.0
P3,R04,testing,15,233,1,0.0,0.0,0.0,0.0
P3,R04,testing,15,234,1,0.0,0.0,0.0,0.0
P3,R04,testing,15,235,1,0.0,0.0,0.0,0.0
P3,R04,testing,15,236,1,0.0,0.0,0.0,0.0
P3,R04,testing,15,237,1,0.0,0.0,0.0,0.0
P3,R04,testing,15,238,1,0.0,0.0,0.0,0.0
P3,R04,testing,15,239,1,0.0,0.0,0.0,0.0
P3,R04,testing,15,240,1,0.0,0.0,0.0,0.0
P3,R04,testing,15,241,1,0.0,0.0,0.0,0.0
P3,R04,testing,15,242,1,0.0,0.0,0.0,0.0
P3,R04,testing,15,243,1,0.0,0.0,0.0,0.0
P3,R04,testing,15,244,1,0.0,0.0,0.0,0.0
P3,R04,testing,15,245,1,0.0,0.0,0.0,0.0
P3,R04,testing,15,246,1,0.0,0.0,0.0,0.0
P3,R04,testing,15,247,1,0.0,0.0,0.0,0.0
P3,R04,testing,15,248,1,0.0,0.0,0.0,0.0
P3,R04,testing,15,249,1,0.0,0.0,0.0,0.0
P3,R04,testing,15,250,1,0.0,0.0,0.0,0.0
P3,R04,testing,15,251,1,0.0,0.0,0.0,0.0
P3,R04,testing,15,252,1,0.0,0.0,0.0,0.0
P3,R04,testing,15,253,1,0.0,0.0,0.0,0.0
P3,R04,testing,15,254,1,0.0,0.0,0.0,0.0
P3,R04,testing,15,255,1,0.0,0.0,0.0,0.0
P3,R04,testing,15,256,1,0.0,0.0,0.0,0.0
P3,R04,testing,15,257,1,0.0,0.0,0.0,0.0
P3,R04,testing,15,258,1,0.0,0.0,0.0,0.0
P3,R04,testing,15,259,1,0.0,0.0,0.0,0.0
P3,R04,testing,15,260,1,0.0,0.0,0.0,0.0
P3,R04,testing,15,261,1,0.0,0.0,0.0,0.0
P3,R04,testing,15,262,1,0.0,0.0,0.0,0.0
P3,R04,testing,15,263,1,0.0,0.0,0.0,0.0
P3,R04,testing,15,264,1,0.0,0.0,0.0,0.0
P3,R04,testing,15,265,1,0.0,0.0,0.0,0.0
P3,R04,testing,15,266,1,0.0,0.0,0.0,0.0
P3,R04,testing,15,267,1,0.0,0.0,0.0,0.0
P3,R04,testing,15,268,1,0.0,0.0,0.0,0.0
P3,R04,testing,15,269,1,0.0,0.0,0.0,0.0
P3,R04,testing,15,270,1,0.0,0.0,0.0,0.0
P3,R04,testing,15,271,1,0.0,0.0,0.0,0.0
P3,R04,testing,15,272,1,0.0,0.0,0.0,0.0
P3,R04,testing,15,273,1,0.0,0.0,0.0,0.0
P3,R04,testing,15,274,1,0.0,0.0,0.0,0.0
P3,R04,testing,15,275,1,0.0,0.0,0.0,0.0
P3,R04,testing,15,276,1,0.0,0.0,0.0,0.0
P3,R04,testing,15,277,1,0.0,0.0,0.0,0.0
P3,R04,testing,15,278,1,0.0,0.0,0.0,0.0
P3,R04,testing,15,279,1,0.0,0.0,0.0,0.0
P3,R04,testing,15,280,1,0.0,0.0,0.0,0.0
P3,R04,testing,15,281,1,0.0,0.0,0.0,0.0
P3,R04,testing,15,282,1,0.0,0.0,0.0,0.0
P3,R04,testing,15,283,1,0.0,0.0,0.0,0.0
P3,R04,testing,15,284,1,0.0,0.0,0.0,0.0
P3,R04,testing,15,285,1,0.0,0.0,0.0,0.0
P3,R04,testing,15,286,1,0.0,0.0,0.0,0.0
P3,R04,testing,15,287,1,0.0,0.0,0.0,0.0
P3,R04,testing,15,288,1,0.0,0.0,0.0,0.0
P3,R04,testing,15,289,1,0.0,0.0,0.0,0.0
P3,R04,testing,15,290,1,0.0,0.0,0.0,0.0
P3,R04,testing,15,291,1,0.0,0.0,0.0,0.0
P3,R04,testing,15,292,1,0.0,0.0,0.0,0.0
P3,R04,testing,15,293,1,0.0,0.0,0.0,0.0
P3,R04,testing,15,294,1,0.0,0.0,0.0,0.0
P3,R04,testing,15,295,1,0.0,0.0,0.0,0.0
P3,R04,testing,15,296,1,0.0,0.0,0.0,0.0
P3,R04,testing,15,297,1,0.0,0.0,0.0,0.0
P3,R04,testing,15,298,1,0.0,0.0,0.0,0.0
P3,R04,testing,15,299,1,0.0,0.0,0.0,0.0
P3,R04,testing,15,300,1,0.0,0.0,0.0,0.0
P3,R04,testing,15,301,1,0.0,0.0,0.0,0.0
P3,R04,testing,15,302,1,0.0,0.0,0.0,0.0
P3,R04,testing,15,303,1,0.0,0.0,0.0,0.0
P3,R04,testing,15,304,1,0.0,0.0,0.0,0.0
P3,R04,testing,15,305,1,0.0,0.0,0.0,0.0
P3,R04,testing,15,306,1,0.0,0.0,0.0,0.0
P3,R04,testing,15,307,1,0.0,0.0,0.0,0.0
P3,R04,testing,15,308,1,0.0,0.0,0.0,0.0
P3,R04,testing,15,309,1,0.0,0.0,0.0,0.0
P3,R04,testing,15,310,1,0.0,0.0,0.0,0.0
P3,R04,testing,15,311,1,0.0,0.0,0.0,0.0
P3,R04,testing,15,312,1,0.0,0.0,0.0,0.0
P3,R04,testing,15,313,1,0.0,0.0,0.0,0.0
P3,R04,testing,15,314,1,0.0,0.0,0.0,0.0
P3,R04,testing,15,315,1,0.0,0.0,0.0,0.0
P3,R04,testing,15,316,1,0.0,0.0,0.0,0.0
P3,R04,testing,15,317,1,0.0,0.0,0.0,0.0
P3,R04,testing,15,318,1,0.0,0.0,0.0,0.0
P3,R04,testing,15,319,1,0.0,0.0,0.0,0.0
P3,R04,testing,15,320,1,0.0,0.0,0.0,0.0
P3,R04,testing,15,321,1,0.0,0.0,0.0,0.0
P3,R04,testing,15,322,1,0.0,0.0,0.0,0.0
P3,R04,testing,15,323,1,0.0,0.0,0.0,0.0
P3,R04,testing,15,324,1,0.0,0.0,0.0,0.0
P3,R04,testing,15,325,1,0.0,0.0,0.0,0.0
P3,R04,testing,15,326,1,0.0,0.0,0.0,0.0
P3,R04,testing,15,327,1,0.0,0.0,0.0,0.0
P3,R04,testing,15,328,1,0.0,0.0,0.0,0.0
P3,R04,testing,15,329,1,0.0,0.0,0.0,0.0
P3,R04,testing,15,330,1,0.0,0.0,0.0,0.0
P3,R04,testing,15,331,1,0.0,0.0,0.0,0.0
P3,R04,testing,15,332,1,0.0,0.0,0.0,0.0
P3,R04,testing,15,333,1,0.0,0.0,0.0,0.0
P3,R04,testing,15,334,1,0.0,0.0,0.0,0.0
P3,R04,testing,15,335,1,0.0,0.0,0.0,0.0
P3,R04,testing,15,336,1,0.0,0.0,0.0,0.0
P3,R04,testing,15,337,1,0.0,0.0,0.0,0.0
P3,R04,testing,15,338,1,0.0,0.0,0.0,0.0
P3,R04,testing,15,339,1,0.0,0.0,0.0,0.0
P3,R04,testing,15,340,1,0.0,0.0,0.0,0.0
P3,R04,testing,15,341,1,0.0,0.0,0.0,0.0
P3,R04,testing,15,342,1,0.0,0.0,0.0,0.0
P3,R04,testing,15,343,1,0.0,0.0,0.0,0.0
P3,R04,testing,15,344,1,0.0,0.0,0.0,0.0
P3,R04,testing,15,345,1,0.0,0.0,0.0,0.0
P3,R04,testing,15,346,1,0.0,0.0,0.0,0.0
P3,R04,testing,15,347,1,0.0,0.0,0.0,0.0
P3,R04,testing,15,348,1,0.0,0.0,0.0,0.0
P3,R04,testing,15,349,1,0.0,0.0,0.0,0.0
P3,R04,testing,15,350,1,0.0,0.0,0.0,0.0
P3,R04,testing,15,351,1,0.0,0.0,0.0,0.0
P3,R04,testing,15,352,1,0.0,0.0,0.0,0.0
P3,R04,testing,15,353,1,0.0,0.0,0.0,0.0
P3,R04,testing,15,354,1,0.0,0.0,0.0,0.0
P3,R04,testing,15,355,1,0.0,0.0,0.0,0.0
P3,R04,testing,15,356,1,0.0,0.0,0.0,0.0
P3,R04,testing,15,357,1,0.0,0.0,0.0,0.0
P3,R04,testing,15,358,1,0.0,0.0,0.0,0.0
P3,R04,testing,15,359,1,0.0,0.0,0.0,0.0
P3,R04,testing,15,360,1,0.0,0.0,0.0,0.0
P3,R04,testing,15,361,1,0.0,0.0,0.0,0.0
P3,R04,testing,15,362,1,0.0,0.0,0.0,0.0
P3,R04,testing,15,363,1,0.0,0.0,0.0,0.0
P3,R04,testing,15,364,1,0.0,0.0,0.0,0.0
P3,R04,testing,15,365,1,0.0,0.0,0.0,0.0
P3,R04,testing,15,366,1,0.0,0.0,0.0,0.0
P3,R04,testing,15,367,1,0.0,0.0,0.0,0.0
P3,R04,testing,15,368,1,0.0,0.0,0.0,0.0
P3,R04,testing,15,369,1,0.0,0.0,0.0,0.0
P3,R04,testing,15,370,1,0.0,0.0,0.0,0.0
P3,R04,testing,15,371,1,0.0,0.0,0.0,0.0
P3,R04,testing,15,372,1,0.0,0.0,0.0,0.0
P3,R04,testing,15,373,1,0.0,0.0,0.0,0.0
P3,R04,testing,15,374,1,0.0,0.0,0.0,0.0
P3,R04,testing,15,375,1,0.0,0.0,0.0,0.0
